Instance 140
10 15 
 1 1 0 1 0 1 1 1 1 1 1 1 1 1 1
 1 1 1 1 1 1 0 1 0 1 1 1 1 0 0
 1 1 0 1 1 1 1 1 1 1 1 0 1 1 0
 1 1 0 1 1 1 0 0 1 0 1 1 1 0 1
 1 1 1 1 1 1 0 1 1 1 0 1 0 1 1
 1 1 1 1 1 1 0 1 1 1 1 0 1 1 1
 1 1 0 1 1 1 1 1 1 1 1 1 1 1 0
 0 1 1 1 1 0 1 0 1 0 0 0 0 1 1
 0 0 1 1 1 1 0 1 0 1 0 1 1 1 1
 1 1 0 1 1 1 1 1 1 0 0 1 1 1 1

Instance 141
10 15 
 1 1 1 1 1 0 1 1 1 1 1 1 1 1 0
 0 1 0 1 1 0 1 1 1 0 1 1 1 0 1
 1 0 0 1 1 1 1 1 0 1 1 1 1 0 1
 0 1 0 0 1 0 1 0 1 1 1 1 1 0 1
 1 1 1 1 1 0 1 0 1 0 1 1 0 1 1
 0 1 1 0 1 1 1 0 1 0 1 1 0 1 1
 0 0 1 1 1 1 0 1 0 1 1 1 1 1 1
 0 1 1 1 1 0 0 1 0 0 1 1 1 0 1
 1 1 1 1 1 1 1 1 1 1 1 1 0 0 1
 1 0 1 1 1 1 1 1 1 0 0 1 1 1 1

Instance 142
10 15 
 1 1 1 1 1 0 0 0 1 1 1 1 0 0 1
 1 1 1 1 1 0 1 1 1 0 1 1 1 1 1
 1 1 1 1 1 0 1 0 0 1 0 1 1 1 1
 1 1 1 0 0 1 1 1 1 1 1 1 0 1 1
 1 0 1 1 1 1 1 0 0 1 0 1 1 1 1
 0 1 1 0 1 0 1 1 0 1 1 1 1 1 1
 1 0 1 1 1 1 1 1 1 1 1 1 1 1 0
 1 0 1 1 0 1 0 1 1 1 1 0 1 1 1
 1 0 1 1 0 1 1 1 1 1 0 0 1 1 1
 1 1 1 0 1 1 1 1 1 1 1 1 1 1 1

Instance 143
10 15 
 1 0 1 1 1 1 1 1 0 1 1 0 1 0 1
 0 1 1 1 1 0 1 0 0 1 1 0 1 1 1
 0 0 1 1 0 1 0 0 1 1 1 1 1 1 1
 0 0 1 0 1 0 1 1 1 0 1 0 1 1 1
 0 0 1 1 0 0 1 1 1 1 1 1 0 0 1
 0 0 1 1 1 0 1 1 1 0 0 1 0 1 0
 1 0 1 0 0 1 1 1 1 1 1 0 0 0 1
 1 1 1 1 1 1 1 1 1 1 1 1 1 1 1
 1 0 1 1 1 1 0 1 0 0 1 1 1 1 1
 1 1 1 0 1 1 1 1 1 1 1 0 0 1 1

Instance 144
10 15 
 1 1 1 1 1 1 1 1 0 1 1 1 1 1 0
 1 1 1 1 1 1 1 1 1 0 0 1 0 1 1
 1 1 1 0 1 1 1 1 1 1 1 1 1 0 1
 1 1 1 1 1 1 0 1 1 0 1 0 0 0 1
 0 1 1 1 1 1 0 1 0 1 1 1 1 1 1
 0 0 0 1 0 1 0 0 1 1 0 1 0 1 1
 0 0 1 1 1 0 1 0 1 1 0 1 1 0 1
 1 1 1 1 1 1 1 1 1 1 1 1 1 1 1
 1 0 1 0 0 1 1 0 1 0 0 1 1 1 1
 1 1 1 1 1 0 1 1 1 1 1 0 1 0 1

Instance 145
10 15 
 1 1 0 1 1 0 1 1 0 1 1 1 1 1 0
 1 0 1 1 1 1 1 1 1 1 1 0 1 1 1
 0 1 1 1 0 1 1 1 0 1 1 1 1 0 1
 1 1 1 0 1 1 0 1 1 1 1 1 1 1 1
 1 1 1 1 1 1 1 1 1 1 1 1 1 1 1
 0 0 0 0 1 1 1 1 1 0 1 1 0 0 1
 1 1 0 1 1 1 1 0 1 1 1 1 1 0 0
 0 1 1 0 1 0 1 1 1 0 1 0 1 1 1
 1 1 0 1 1 1 1 1 1 1 1 1 0 0 0
 1 1 1 1 0 1 1 1 0 1 0 1 1 1 0

Instance 146
10 15 
 1 1 0 1 1 1 0 1 0 0 1 0 0 1 1
 0 1 0 1 1 1 0 1 1 0 1 1 1 1 0
 0 1 1 0 1 1 1 1 1 0 1 1 1 1 1
 0 1 1 1 1 1 1 1 1 1 0 0 1 0 1
 1 1 0 0 1 1 1 0 0 0 0 1 1 1 1
 1 0 0 1 1 1 1 1 1 1 1 1 1 1 0
 1 0 1 1 1 1 1 1 1 1 0 1 1 0 0
 1 1 0 0 1 1 1 1 1 0 1 1 1 1 1
 0 1 0 1 0 1 0 1 1 1 1 0 1 1 1
 1 1 1 1 0 1 1 0 1 1 1 0 0 1 1

Instance 147
10 15 
 1 1 1 1 1 1 1 1 1 1 1 1 1 1 0
 1 1 0 1 1 0 1 1 1 1 0 1 1 1 1
 1 1 1 1 0 1 0 1 0 0 1 1 1 1 1
 0 0 1 0 1 1 1 1 1 1 1 0 1 1 1
 0 1 1 1 1 1 1 1 1 1 1 1 1 0 1
 0 0 1 1 1 0 0 1 0 0 1 1 1 1 1
 0 0 1 1 1 0 0 1 1 0 1 1 1 1 1
 1 1 1 1 1 0 1 1 0 1 1 1 0 1 1
 1 1 1 0 1 1 1 1 1 1 1 1 0 1 1
 1 0 1 0 1 1 1 0 1 0 1 0 0 1 1

Instance 148
10 15 
 1 1 0 1 1 0 1 1 1 1 1 0 1 1 1
 0 1 0 1 0 1 1 1 1 1 1 1 1 0 1
 0 1 0 0 0 1 1 1 1 0 1 0 1 1 1
 1 1 1 1 1 1 1 1 1 1 0 1 0 1 1
 1 0 1 1 1 1 1 1 0 0 0 1 1 1 1
 1 1 1 1 1 1 1 0 0 1 1 1 1 0 1
 0 1 1 1 1 0 1 0 0 1 0 0 1 1 1
 1 1 0 1 0 1 0 0 0 0 1 0 1 1 1
 1 0 1 1 0 1 0 1 1 1 1 1 0 1 1
 1 1 0 1 1 1 1 0 1 0 1 1 1 0 1

Instance 149
10 15 
 1 1 1 0 0 0 1 1 1 1 1 0 0 0 1
 1 1 0 0 1 1 1 1 1 0 1 1 1 1 0
 1 0 1 1 1 0 1 1 1 1 1 1 1 1 1
 1 0 1 0 1 1 0 1 1 1 1 1 1 0 0
 0 0 1 1 1 1 1 1 1 1 0 1 1 1 0
 1 0 1 0 0 1 0 1 1 0 0 1 1 1 1
 0 1 1 1 1 1 1 0 1 1 1 0 0 0 0
 0 0 0 1 1 1 1 0 1 1 1 0 1 1 1
 1 0 1 1 1 1 0 1 0 1 1 0 0 1 1
 1 1 1 1 1 1 1 1 1 1 1 0 1 1 0

