Instance 10
9 8 
 1 0 1 0 0 0 0 0
 1 0 1 1 1 0 0 1
 0 0 1 0 1 0 0 1
 0 0 0 0 0 0 1 0
 0 0 0 1 0 0 0 1
 0 0 0 0 1 0 1 0
 1 0 0 0 0 0 1 0
 0 0 0 0 1 1 0 0
 0 0 0 0 1 1 0 1

Instance 11
9 8 
 0 1 0 0 0 1 0 0
 1 0 0 1 0 0 0 1
 0 1 0 0 0 0 0 1
 0 0 0 0 0 0 1 0
 0 0 1 0 1 1 0 0
 0 0 1 0 1 0 1 0
 0 0 1 0 1 0 0 0
 0 0 1 1 1 0 0 0
 1 1 0 0 0 0 0 0

Instance 12
9 8 
 0 0 0 1 0 0 0 0
 0 1 0 0 0 0 0 0
 0 0 1 0 1 0 0 0
 0 0 0 0 0 0 0 1
 0 0 0 0 1 0 0 0
 1 0 0 1 0 0 1 0
 0 1 1 1 0 0 0 0
 0 0 1 1 0 1 0 0
 0 0 0 0 0 0 0 1

Instance 13
9 8 
 0 0 0 0 1 0 0 0
 1 1 0 0 1 0 0 0
 0 0 1 0 0 0 0 1
 0 0 0 0 0 0 1 0
 0 1 0 0 0 0 1 0
 0 0 1 1 0 0 0 1
 0 0 0 1 0 1 1 0
 1 0 0 0 0 0 0 0
 0 0 1 0 0 0 0 1

Instance 14
9 8 
 0 0 0 1 0 0 1 0
 1 0 0 0 0 1 0 0
 0 0 1 0 0 1 1 0
 1 0 1 0 0 1 0 1
 0 0 0 0 0 0 0 0
 0 0 0 0 0 0 0 0
 0 0 1 0 1 0 0 0
 0 1 0 0 0 0 1 1
 0 0 0 0 0 0 0 1

Instance 15
9 8 
 1 0 0 1 0 0 0 0
 0 0 0 0 0 0 1 0
 1 0 0 0 0 1 0 1
 1 0 0 0 0 0 1 1
 1 1 1 1 1 1 0 0
 1 0 0 0 0 1 0 1
 0 0 0 0 0 0 0 1
 1 0 1 0 0 1 0 0
 0 0 0 0 0 0 0 1

Instance 16
9 8 
 1 1 0 0 1 0 0 0
 1 0 0 0 0 0 0 0
 0 0 0 1 0 0 0 0
 0 0 1 1 1 0 0 0
 0 0 0 0 0 0 0 0
 0 1 0 1 0 1 0 1
 0 0 1 0 0 1 0 0
 0 0 0 0 0 0 0 1
 0 0 0 0 0 0 0 0

Instance 17
9 8 
 0 1 0 0 0 0 0 0
 0 1 1 0 0 0 0 0
 0 0 0 0 0 0 0 0
 0 0 1 0 0 0 1 0
 0 0 0 0 0 0 0 0
 0 0 1 1 0 0 1 0
 0 0 0 0 0 1 0 0
 0 0 0 0 0 1 1 0
 0 1 1 1 0 0 0 0

Instance 18
9 8 
 0 0 0 0 1 0 0 0
 0 0 1 0 0 0 0 0
 0 0 0 0 0 1 0 0
 0 0 1 0 1 1 0 0
 0 0 0 0 0 0 0 0
 0 1 0 0 0 0 0 0
 0 1 0 0 0 1 0 0
 0 0 0 0 0 0 0 1
 0 0 1 0 1 0 0 0

Instance 19
9 8 
 0 1 1 0 0 0 1 1
 0 1 1 1 1 0 0 0
 0 0 0 1 1 0 0 0
 0 0 1 0 0 0 0 0
 0 0 0 0 0 0 0 0
 0 0 1 0 1 0 0 1
 0 0 0 1 0 0 0 0
 0 0 1 1 0 1 1 0
 0 0 0 0 0 0 1 0

