Instance 100
15 8 
 0 0 0 0 1 0 0 0
 0 0 0 0 0 0 1 0
 0 0 1 0 0 0 0 0
 0 1 0 0 0 0 0 0
 0 0 1 0 0 0 1 0
 0 1 0 0 0 0 0 0
 1 0 1 0 0 1 0 0
 1 1 0 0 1 1 0 0
 0 0 0 0 0 0 1 0
 0 0 0 0 0 0 0 0
 0 0 1 0 0 0 0 0
 1 0 0 0 0 0 0 1
 0 0 0 1 0 1 0 1
 0 0 1 1 0 0 0 0
 1 1 0 0 1 0 0 0

Instance 101
15 8 
 0 0 0 0 0 1 1 1
 1 0 0 0 0 0 1 0
 1 0 0 1 0 0 1 0
 1 0 0 0 0 0 0 0
 1 0 1 0 0 1 1 0
 1 0 0 0 0 0 0 1
 0 0 0 1 0 0 0 0
 0 0 1 1 1 0 0 0
 1 1 0 0 1 0 1 0
 0 1 0 1 1 0 0 0
 1 0 0 0 1 0 0 1
 0 0 0 0 0 0 1 0
 0 0 0 1 0 1 0 0
 1 0 0 0 0 0 1 0
 1 1 0 0 0 0 1 0

Instance 102
15 8 
 0 0 1 1 0 0 1 0
 0 0 0 1 0 0 0 0
 0 0 0 0 1 1 0 1
 1 1 0 0 0 0 0 0
 0 1 0 0 0 0 0 0
 1 0 0 1 0 1 0 0
 0 0 0 0 0 0 0 1
 0 1 0 0 1 0 0 0
 0 0 1 0 0 0 0 0
 0 0 1 0 1 0 1 0
 0 0 0 0 0 0 0 1
 0 0 0 0 0 0 0 0
 1 0 1 1 1 0 1 1
 0 0 0 0 1 0 0 0
 0 0 0 0 0 0 1 1

Instance 103
15 8 
 1 0 1 0 0 0 0 1
 0 1 0 1 0 0 0 0
 0 1 0 1 0 1 0 1
 0 0 0 0 1 0 0 0
 1 0 0 0 0 0 1 0
 0 1 0 0 1 1 0 0
 0 0 0 0 0 1 0 1
 1 0 0 0 1 0 0 0
 0 0 1 0 1 0 0 1
 1 0 0 0 0 0 0 0
 0 0 0 0 1 0 0 0
 0 0 0 1 0 0 0 0
 0 0 0 0 0 1 0 0
 0 0 0 1 0 0 0 0
 0 0 1 1 0 1 1 1

Instance 104
15 8 
 0 1 0 0 0 0 1 0
 0 1 0 0 0 0 0 1
 0 0 0 0 0 0 0 0
 0 1 0 0 0 1 0 0
 1 1 0 0 0 1 0 0
 0 0 0 0 0 0 0 0
 1 0 0 0 1 0 0 1
 0 0 0 0 0 0 1 0
 0 0 0 0 0 1 1 0
 0 1 0 0 1 0 0 1
 0 0 1 0 0 0 1 0
 0 0 0 0 1 0 1 0
 1 0 0 0 0 0 1 0
 0 0 0 0 0 0 0 1
 0 0 1 0 0 0 0 0

Instance 105
15 8 
 0 0 0 0 0 0 0 0
 0 1 1 0 0 1 0 0
 0 0 1 0 0 0 0 0
 0 0 0 0 0 0 0 0
 0 0 0 0 1 0 1 0
 0 0 0 0 1 0 0 1
 1 0 0 0 0 1 0 0
 0 0 1 0 0 0 0 0
 0 0 0 0 1 0 0 0
 0 0 0 0 0 0 0 0
 0 0 0 0 0 0 0 0
 0 0 0 0 0 0 1 0
 0 0 1 0 0 0 0 0
 1 0 0 1 0 0 1 0
 0 0 0 0 0 0 0 0

Instance 106
15 8 
 1 1 0 0 0 0 0 0
 0 1 0 0 0 0 0 0
 1 1 0 0 0 0 0 0
 0 1 1 0 1 0 0 0
 1 0 0 0 0 0 0 0
 0 0 0 0 1 1 1 1
 1 0 0 1 0 1 1 0
 0 0 0 0 0 0 0 0
 1 0 0 1 1 0 0 0
 0 0 1 0 1 1 1 0
 1 0 1 0 0 0 0 0
 0 0 0 0 0 0 0 0
 0 0 0 0 0 0 0 1
 0 0 0 1 0 1 0 0
 0 0 1 1 0 1 0 0

Instance 107
15 8 
 1 0 0 1 0 0 0 0
 0 1 1 1 0 0 1 0
 0 0 0 0 1 0 0 0
 0 1 0 0 0 0 0 0
 0 0 0 0 0 0 0 0
 0 1 0 0 0 0 0 0
 0 0 0 0 1 1 1 0
 0 0 1 0 0 0 0 1
 0 1 0 0 1 0 0 0
 1 0 0 0 0 1 0 0
 1 1 0 0 0 1 0 0
 0 0 0 0 1 0 0 1
 0 0 0 0 0 0 0 1
 1 1 0 0 0 0 0 0
 1 0 0 0 1 0 0 0

Instance 108
15 8 
 0 0 0 0 0 1 0 0
 0 0 1 1 1 0 0 1
 0 0 0 1 0 0 0 0
 1 0 1 1 0 0 0 1
 0 0 0 0 0 0 0 0
 0 1 0 0 0 0 1 1
 1 1 0 0 1 0 1 1
 0 0 1 0 0 1 0 1
 0 0 0 0 1 0 0 0
 0 0 0 0 0 0 0 0
 0 0 1 1 0 1 0 0
 0 1 0 0 0 0 0 1
 1 0 1 0 0 0 0 0
 0 0 0 0 0 0 0 1
 0 0 1 0 1 0 0 0

Instance 109
15 8 
 0 0 0 1 0 0 0 0
 0 1 0 0 0 1 1 0
 0 0 0 0 0 1 0 0
 0 0 1 0 1 0 1 0
 0 0 0 0 0 1 0 0
 0 1 0 0 0 0 1 1
 1 0 1 1 1 0 0 1
 0 1 1 0 1 1 0 0
 0 0 0 0 1 0 0 1
 1 0 1 0 0 1 0 1
 0 0 0 0 1 0 0 0
 1 0 0 1 0 0 1 0
 0 0 0 0 0 0 0 0
 0 1 0 0 0 0 1 1
 1 1 0 0 0 0 0 0

