Instance 160
19 8 
 0 0 0 0 1 0 0 0
 1 1 1 0 1 0 0 0
 0 0 0 0 0 0 0 0
 1 0 1 0 0 0 1 1
 0 1 1 0 0 0 0 1
 0 1 0 0 0 0 0 0
 0 0 0 0 1 0 1 0
 0 0 0 0 0 0 0 0
 0 0 0 1 0 0 1 0
 1 0 0 0 0 0 0 0
 0 0 0 0 0 0 0 1
 0 0 0 1 1 0 1 0
 0 0 0 0 0 0 0 0
 1 1 1 0 0 0 0 0
 0 0 0 0 0 1 0 0
 1 0 0 0 0 0 1 0
 0 0 0 0 0 1 1 0
 0 1 0 1 0 0 1 1
 1 0 0 0 1 0 0 0

Instance 161
19 8 
 0 0 0 0 0 0 0 0
 0 0 0 0 0 1 0 0
 0 0 1 0 0 0 1 1
 0 0 1 0 0 1 0 1
 0 1 0 0 0 0 0 1
 0 1 1 1 0 0 0 1
 0 0 0 0 0 0 0 0
 1 1 0 0 1 1 0 1
 0 0 0 0 0 0 1 1
 0 0 0 0 0 0 0 0
 1 1 0 0 0 0 0 0
 0 0 0 0 1 1 1 0
 0 1 1 0 0 0 0 1
 0 0 0 0 0 1 0 0
 0 0 0 1 0 0 1 1
 0 0 0 1 1 0 1 0
 1 0 1 0 1 1 0 0
 0 0 0 0 0 1 0 1
 0 1 0 0 1 1 1 0

Instance 162
19 8 
 0 0 1 1 0 1 0 0
 0 0 0 1 0 0 0 0
 0 0 0 1 0 0 0 0
 0 0 0 1 0 1 0 1
 0 0 0 0 1 0 0 0
 1 0 0 0 0 0 0 0
 0 0 0 0 0 0 0 0
 0 1 0 0 1 0 1 1
 0 1 0 0 0 0 0 1
 0 0 0 0 0 0 0 0
 0 0 1 1 1 0 0 0
 0 0 0 0 0 1 1 0
 0 0 0 0 0 0 0 0
 0 1 1 1 1 1 0 0
 0 0 1 0 0 0 0 1
 0 1 0 1 0 1 1 1
 0 0 0 0 0 0 1 1
 1 0 0 0 0 0 0 1
 0 0 0 1 0 0 0 1

Instance 163
19 8 
 0 0 0 1 0 0 1 1
 0 1 0 0 0 0 0 0
 0 0 0 0 0 0 0 1
 0 0 0 1 0 0 0 1
 1 0 0 0 0 1 0 1
 0 0 1 0 0 0 0 0
 1 0 0 0 0 0 0 0
 0 0 1 1 1 0 0 0
 0 0 0 1 0 0 1 1
 1 0 0 0 0 1 0 0
 0 0 0 0 0 0 1 1
 0 1 1 0 0 1 0 0
 0 0 0 0 0 0 0 0
 0 1 1 0 1 0 0 0
 0 1 0 0 1 1 0 1
 0 0 0 0 0 1 0 1
 0 0 0 0 0 1 1 0
 1 0 0 1 1 0 0 0
 0 0 1 0 0 0 0 0

Instance 164
19 8 
 1 0 0 0 0 0 0 0
 0 1 1 0 0 0 0 0
 1 0 0 0 0 1 1 1
 1 0 1 0 0 0 0 1
 0 0 0 1 0 0 0 0
 0 0 1 0 1 1 0 0
 0 0 0 0 1 0 0 0
 0 0 0 0 0 0 1 0
 1 0 0 1 0 1 0 0
 1 0 1 0 0 1 1 0
 0 0 1 1 0 0 0 0
 0 0 0 1 0 1 0 1
 0 1 0 0 0 1 1 0
 0 0 1 1 0 0 0 0
 0 0 0 1 0 0 0 1
 0 1 0 0 1 0 0 0
 0 0 0 0 0 0 0 0
 0 0 1 1 1 0 0 1
 0 0 1 1 1 0 0 0

Instance 165
19 8 
 0 0 0 1 0 0 0 0
 0 1 0 0 0 0 0 0
 0 1 0 0 0 0 1 1
 0 0 0 1 0 1 0 0
 1 0 0 0 0 1 1 0
 0 1 1 0 1 0 1 1
 1 0 0 1 0 1 0 0
 0 0 0 0 1 1 1 0
 0 0 0 0 0 1 0 0
 1 0 1 0 0 1 0 0
 1 1 0 0 0 0 0 1
 0 0 1 0 0 0 1 0
 0 0 0 0 0 0 1 0
 0 1 0 1 1 1 0 1
 0 0 0 1 0 0 0 0
 0 0 0 0 0 0 0 0
 1 0 0 1 0 0 0 1
 1 0 0 0 0 0 0 0
 0 0 0 0 0 0 0 0

Instance 166
19 8 
 0 0 0 0 1 0 0 1
 1 0 1 0 0 0 0 1
 0 1 0 1 1 0 0 0
 0 0 0 0 0 1 0 0
 1 1 1 0 0 1 0 1
 0 0 0 1 0 0 1 0
 0 0 0 0 1 0 1 0
 0 0 0 0 0 1 0 1
 1 0 1 0 0 0 0 1
 1 0 0 0 0 0 0 0
 0 0 1 0 0 0 0 0
 0 0 0 0 1 0 0 0
 0 1 0 0 0 0 0 0
 1 0 1 0 0 0 0 1
 0 0 0 0 0 1 0 1
 1 0 0 0 0 0 0 0
 0 0 0 1 0 1 0 1
 0 0 0 0 0 0 1 0
 0 0 0 0 1 1 1 0

Instance 167
19 8 
 0 0 0 0 0 0 0 0
 0 0 0 0 0 0 0 0
 0 0 0 1 1 0 0 0
 0 1 1 0 0 0 0 1
 0 0 1 1 0 0 0 1
 1 0 0 1 1 1 0 0
 0 0 1 0 0 1 0 0
 0 0 0 0 1 0 1 1
 0 0 1 1 1 0 0 0
 1 0 0 0 1 1 0 1
 0 0 0 1 0 1 0 1
 0 1 0 0 0 1 1 0
 0 0 0 0 0 0 0 0
 0 0 0 0 0 1 1 0
 0 1 0 0 0 0 1 1
 0 0 0 0 1 0 1 0
 0 1 1 0 0 0 0 0
 0 1 0 0 1 0 0 0
 0 0 1 0 1 0 0 0

Instance 168
19 8 
 0 0 0 0 0 0 0 0
 0 0 0 0 0 0 0 0
 1 0 0 0 0 0 0 1
 1 0 0 1 0 1 1 0
 0 0 1 1 0 0 0 0
 0 0 1 0 1 0 0 0
 0 1 0 0 0 0 0 0
 0 1 0 0 0 0 0 0
 0 0 1 0 0 0 0 1
 0 0 0 1 0 0 0 0
 0 0 0 0 0 0 0 1
 0 1 0 0 0 0 0 0
 0 1 0 0 1 1 0 0
 0 0 0 0 1 1 0 0
 0 0 0 0 0 0 0 1
 0 0 1 1 0 1 0 0
 1 0 0 0 0 0 0 1
 0 0 1 0 1 0 1 1
 0 0 0 1 1 0 0 0

Instance 169
19 8 
 0 0 0 1 0 1 1 0
 0 1 0 0 0 0 0 1
 0 0 0 0 1 0 0 0
 1 0 0 0 0 0 0 0
 0 0 0 1 0 0 0 0
 0 0 0 0 0 1 0 0
 0 0 1 0 0 0 0 1
 0 0 1 0 1 0 1 1
 0 0 0 0 1 1 0 0
 0 0 0 1 1 1 0 1
 0 0 0 0 0 0 1 0
 0 0 0 1 0 0 0 1
 1 0 0 0 0 1 0 1
 1 0 1 1 1 0 0 0
 0 0 1 0 0 0 0 1
 0 0 0 1 1 1 1 1
 0 0 0 1 1 0 0 0
 0 0 0 0 1 1 0 0
 0 0 1 0 0 0 0 1

