Instance 150
10 16 
 1 1 1 0 1 0 1 1 0 1 1 0 1 1 1 1
 1 1 1 1 1 1 1 1 0 1 1 1 1 0 1 1
 1 1 0 1 0 1 1 1 0 1 0 1 1 0 1 1
 0 1 1 0 1 1 1 1 0 1 1 1 1 0 1 1
 1 1 1 1 0 1 1 1 0 1 0 1 1 1 1 0
 1 1 1 1 0 0 1 0 0 0 1 1 0 1 1 1
 0 1 0 0 1 1 1 1 0 1 1 0 0 1 1 1
 1 1 1 1 1 1 1 0 1 1 1 1 0 1 0 0
 0 1 1 1 1 1 1 1 1 1 1 1 1 1 1 1
 1 0 1 1 1 1 1 1 1 0 1 1 0 0 1 1

Instance 151
10 16 
 0 1 1 1 1 0 1 1 1 1 0 1 1 1 1 1
 0 0 1 1 0 1 1 1 1 1 0 1 1 1 1 1
 1 1 1 1 0 1 1 1 1 1 1 0 0 1 1 1
 0 0 1 1 0 1 1 1 0 1 0 1 1 1 1 1
 0 1 1 0 1 1 1 1 1 0 1 0 1 0 1 1
 1 0 1 1 0 1 0 1 0 1 1 1 1 1 1 1
 1 0 1 1 0 1 1 1 1 1 1 1 1 1 1 0
 1 0 1 1 1 1 1 0 0 0 1 1 1 0 1 1
 0 1 1 1 1 1 0 1 1 1 1 1 0 1 1 1
 1 1 1 1 1 1 0 0 1 1 0 1 1 1 1 1

Instance 152
10 16 
 1 1 0 1 1 1 1 1 1 1 1 1 1 1 1 1
 1 0 1 0 0 1 0 0 1 1 0 1 0 1 1 1
 1 1 0 0 0 1 0 1 1 0 1 0 0 0 1 1
 1 1 0 0 1 1 1 1 1 1 0 1 1 0 1 1
 0 1 1 1 1 1 1 0 0 0 1 0 1 0 1 1
 0 1 0 1 1 1 0 1 0 0 0 1 1 1 0 1
 1 1 0 1 0 1 1 1 1 1 1 0 1 0 1 0
 0 1 0 1 1 0 1 1 0 1 0 1 1 0 1 1
 1 1 1 1 0 1 1 1 1 1 0 0 1 1 0 0
 1 1 1 1 1 1 1 1 1 0 1 1 1 1 0 1

Instance 153
10 16 
 1 1 1 0 1 1 1 1 1 1 1 0 1 1 1 1
 0 1 1 1 1 1 0 1 1 1 0 1 1 0 1 0
 1 1 1 1 0 1 0 1 1 0 1 1 1 1 1 1
 1 0 1 1 1 1 1 1 1 0 1 1 1 1 1 1
 1 1 1 1 1 0 1 0 1 0 1 0 1 1 1 0
 1 1 1 1 0 1 0 1 0 1 1 1 1 0 1 1
 1 1 0 1 0 1 1 1 0 1 1 1 0 0 1 1
 0 0 1 1 0 0 1 1 1 0 1 1 0 1 1 1
 0 1 0 0 1 1 1 1 1 1 1 1 1 1 1 0
 1 1 1 1 1 0 0 1 1 1 1 1 1 0 1 1

Instance 154
10 16 
 1 1 1 1 1 1 1 1 1 1 0 0 0 1 0 1
 0 0 1 1 0 1 1 1 1 1 0 0 0 0 1 1
 0 1 1 1 0 1 0 1 1 1 1 1 1 0 1 1
 1 0 1 1 1 1 1 1 1 0 1 1 1 1 1 1
 0 0 1 0 1 1 1 1 1 1 1 1 1 1 1 1
 0 0 1 1 1 1 0 1 1 0 1 1 1 1 1 1
 1 1 1 1 0 1 1 0 0 1 0 1 0 1 1 1
 1 1 1 1 1 1 1 1 1 1 1 1 1 1 1 1
 1 1 0 0 1 1 1 1 1 0 1 1 1 0 1 1
 1 0 1 1 1 1 1 1 0 1 1 1 0 0 1 1

Instance 155
10 16 
 0 0 1 1 0 1 1 0 1 1 0 0 1 1 1 1
 1 0 1 1 1 1 1 1 1 1 1 1 1 1 1 1
 1 1 0 1 1 1 1 1 0 0 1 1 1 1 1 1
 1 1 1 0 1 1 0 1 1 1 1 1 1 1 0 1
 1 1 0 1 1 1 1 1 1 1 1 0 1 1 1 1
 1 0 1 1 1 0 0 1 1 1 1 1 1 0 1 0
 1 1 1 1 1 0 0 0 1 1 1 1 1 1 1 1
 1 0 1 0 1 0 1 1 1 1 1 1 1 0 0 1
 1 1 1 0 1 1 1 1 1 1 1 1 1 1 1 0
 0 0 1 1 0 1 1 1 1 0 1 0 1 1 1 0

Instance 156
10 16 
 1 0 1 1 1 1 1 1 0 1 1 1 1 1 1 1
 0 1 1 0 1 1 0 1 0 1 1 1 0 1 1 0
 1 1 1 1 1 1 1 1 1 1 1 1 0 0 0 1
 1 1 1 1 0 1 1 1 1 1 1 1 1 1 1 1
 1 0 1 1 0 1 1 0 1 0 1 1 1 1 1 1
 1 1 1 1 0 1 1 1 0 1 1 1 1 1 1 1
 1 0 1 1 1 0 1 1 1 0 1 1 1 1 1 1
 0 1 1 1 0 1 1 1 1 1 1 1 1 0 0 1
 1 0 0 1 0 1 0 0 1 0 0 1 1 1 1 1
 1 1 1 0 0 1 0 1 1 1 1 1 0 1 1 1

Instance 157
10 16 
 1 1 0 0 0 1 0 0 1 1 1 1 1 0 0 1
 1 1 1 0 1 1 0 1 1 1 1 1 1 1 1 1
 1 1 1 0 1 0 1 0 0 1 1 0 0 1 1 1
 1 1 0 1 1 0 1 0 0 0 1 0 1 1 1 1
 1 1 0 1 0 1 1 1 1 1 1 1 1 1 0 1
 1 0 1 1 1 1 1 1 0 1 0 0 1 1 1 1
 0 1 0 0 1 1 1 1 1 1 0 1 1 1 0 1
 1 1 1 0 1 1 1 0 1 0 1 0 1 0 0 1
 1 1 0 1 1 0 1 1 1 1 1 1 0 1 1 0
 1 0 0 0 1 1 1 0 1 1 1 1 1 0 1 0

Instance 158
10 16 
 1 0 1 1 1 1 1 1 1 1 1 1 1 1 1 1
 1 1 0 0 1 1 1 0 1 1 1 1 1 1 0 0
 1 0 1 0 0 1 1 1 1 1 1 1 1 0 0 0
 1 1 1 1 1 0 0 0 1 1 1 1 1 1 1 1
 0 0 1 1 0 1 1 1 1 0 1 1 1 1 1 1
 1 1 0 1 1 1 1 1 0 1 1 0 0 0 1 1
 1 1 1 1 1 1 0 0 1 0 1 1 0 1 0 1
 0 1 0 1 1 1 1 1 0 1 0 1 1 1 1 0
 1 1 1 1 0 1 1 1 1 0 1 1 1 1 1 0
 1 1 1 1 1 1 1 0 0 0 0 1 1 0 1 1

Instance 159
10 16 
 1 1 1 1 0 1 1 1 1 1 0 1 1 1 1 1
 0 1 1 0 0 0 0 1 1 1 0 0 1 1 1 1
 1 1 1 0 1 1 1 1 0 0 1 1 1 1 1 0
 0 1 0 0 1 1 1 1 1 1 1 1 0 1 1 1
 1 0 1 0 1 1 0 1 1 0 1 1 1 1 0 0
 0 1 1 1 0 0 1 1 1 1 1 1 0 0 0 0
 1 1 1 1 1 1 1 1 1 1 1 1 0 1 1 1
 1 0 0 1 0 1 0 0 1 1 1 1 1 1 1 1
 1 1 0 0 1 0 1 1 0 0 1 0 0 0 1 1
 0 1 0 1 1 1 0 1 0 0 1 0 0 1 1 0

