Instance 140
17 9 
 1 0 0 1 0 1 0 0 1
 1 0 1 0 0 1 0 1 0
 0 1 1 0 0 1 0 0 0
 0 0 0 0 0 0 0 0 0
 0 0 0 0 0 0 1 0 0
 1 0 0 0 1 0 0 0 0
 1 1 0 0 1 0 0 0 0
 0 0 0 0 0 0 1 0 1
 1 0 0 0 0 0 0 0 0
 0 0 1 0 0 0 0 0 0
 1 1 0 0 0 0 0 0 0
 1 1 0 1 0 0 0 0 0
 0 0 0 0 1 1 1 1 0
 0 0 1 0 1 1 0 0 0
 0 0 0 0 0 1 0 0 0
 0 0 0 0 1 0 0 0 0
 0 0 1 1 1 0 0 1 1

Instance 141
17 9 
 0 1 0 1 0 0 0 0 0
 0 0 0 0 0 0 0 0 1
 0 1 0 1 0 0 0 0 0
 1 0 0 0 1 0 1 0 1
 1 0 1 0 1 0 1 1 0
 0 0 1 0 0 0 0 0 0
 0 0 1 0 0 0 0 0 0
 0 0 1 0 1 1 0 0 1
 1 0 1 0 0 0 1 0 1
 0 0 0 0 0 0 0 1 0
 0 0 0 0 0 1 0 0 0
 0 1 1 0 0 0 0 0 0
 0 1 0 0 1 0 1 1 0
 0 1 0 0 1 0 0 0 0
 0 1 0 0 1 0 0 1 0
 0 0 0 0 1 0 0 0 0
 0 0 1 0 0 0 0 0 0

Instance 142
17 9 
 0 0 1 0 1 1 1 0 0
 1 1 0 1 0 1 1 0 0
 0 1 0 0 1 1 1 0 1
 0 0 0 0 0 0 0 1 0
 0 0 0 0 0 0 0 0 0
 0 1 0 0 1 0 0 0 0
 0 0 0 0 0 0 0 0 0
 0 0 1 0 0 0 0 1 0
 0 1 0 0 0 0 0 0 0
 1 0 1 0 0 0 0 0 0
 0 0 0 0 0 0 0 0 0
 0 1 0 0 1 0 0 0 0
 0 0 0 1 0 0 0 1 0
 0 0 0 0 0 0 0 1 0
 0 1 0 0 0 1 0 0 1
 0 1 1 0 1 0 0 0 0
 0 0 0 0 0 0 0 1 0

Instance 143
17 9 
 1 0 1 1 0 0 0 1 1
 0 0 0 1 0 0 0 0 0
 0 0 0 0 0 1 0 0 0
 1 0 0 0 0 0 0 1 0
 0 0 1 0 0 0 0 0 1
 1 1 0 1 0 0 1 0 1
 0 1 0 0 1 1 1 0 0
 1 0 0 0 0 0 0 0 0
 0 1 0 0 0 0 0 1 0
 1 1 1 1 0 0 0 1 0
 0 1 1 0 0 0 0 0 0
 0 0 0 0 1 0 0 1 0
 0 1 1 1 1 0 0 1 0
 0 1 0 0 0 0 1 0 1
 0 1 0 0 0 0 0 1 0
 0 1 0 0 1 1 0 0 0
 1 0 0 0 1 1 0 0 0

Instance 144
17 9 
 0 0 0 0 0 0 0 0 1
 0 0 0 0 1 0 0 0 1
 1 0 0 0 0 0 1 0 1
 1 0 1 0 0 0 0 1 0
 1 0 0 1 0 0 1 0 0
 1 0 1 0 1 0 0 0 0
 0 0 0 1 0 0 0 0 1
 0 1 0 0 0 0 1 1 0
 0 1 0 1 0 0 0 1 1
 0 0 0 1 0 0 0 0 0
 0 1 0 0 0 0 0 0 1
 0 1 0 0 0 0 0 0 0
 0 0 1 0 0 0 0 0 0
 1 0 0 0 0 0 0 0 0
 0 0 0 0 1 1 0 1 0
 0 0 0 1 0 0 0 0 1
 0 1 0 0 0 1 1 0 0

Instance 145
17 9 
 0 1 0 1 0 0 0 0 1
 0 1 1 1 1 0 1 0 0
 0 0 1 0 1 0 1 0 1
 1 0 0 0 0 1 0 0 0
 1 1 0 0 0 0 0 0 0
 1 0 0 0 0 1 0 1 0
 0 0 0 0 0 0 0 1 0
 0 0 0 1 0 0 0 0 0
 1 1 0 0 1 1 1 0 0
 0 0 1 0 0 1 0 1 1
 0 1 1 0 0 0 0 0 0
 0 0 1 0 0 0 0 0 0
 0 0 0 0 0 0 0 0 1
 0 1 0 1 0 0 0 0 0
 0 0 0 1 1 0 0 1 0
 1 1 0 1 0 0 0 1 1
 0 0 1 0 0 0 0 0 1

Instance 146
17 9 
 0 1 0 1 1 1 1 0 0
 0 1 0 0 0 0 0 1 1
 1 0 0 0 0 0 0 0 0
 0 1 0 0 1 1 1 1 0
 0 1 0 1 0 0 0 0 1
 1 0 1 0 0 0 0 1 1
 0 0 0 0 1 0 1 0 0
 0 1 1 0 0 0 1 0 0
 0 0 0 1 0 0 0 0 0
 1 0 1 0 0 0 0 0 0
 1 0 0 0 0 0 0 0 1
 1 0 0 0 1 1 0 0 0
 0 0 1 1 0 0 0 0 0
 0 0 0 1 0 0 0 0 1
 0 0 0 0 1 0 0 0 1
 0 0 0 0 0 0 0 1 1
 0 1 1 0 1 0 1 0 0

Instance 147
17 9 
 0 1 1 0 0 0 1 0 1
 0 1 0 1 1 0 1 1 0
 0 0 0 0 0 1 0 0 1
 0 0 0 1 1 0 0 0 0
 0 0 0 0 0 0 1 1 0
 0 0 0 1 0 0 0 0 1
 1 0 1 1 0 1 0 0 0
 0 1 0 0 0 0 1 0 0
 1 1 0 0 1 1 0 0 0
 0 0 0 0 0 0 0 0 0
 0 1 0 1 0 1 1 0 0
 1 0 1 1 1 0 0 0 1
 0 0 0 0 0 0 0 0 0
 0 1 0 0 0 0 1 0 0
 0 0 0 0 0 1 1 0 0
 0 1 0 0 0 0 1 0 0
 0 0 0 0 0 1 1 0 1

Instance 148
17 9 
 1 0 0 0 0 0 0 0 0
 1 0 0 0 0 0 1 1 0
 0 0 0 0 0 1 0 1 0
 0 0 1 0 0 0 0 0 1
 0 0 1 1 0 0 0 0 0
 0 1 1 1 0 0 0 0 1
 0 0 0 1 0 0 0 1 0
 1 0 1 0 0 0 1 0 0
 0 0 1 0 0 0 0 0 1
 0 0 0 0 1 0 0 1 0
 0 0 1 0 1 0 0 0 0
 1 0 0 0 1 0 0 0 1
 0 1 0 1 0 1 0 1 0
 0 0 0 0 0 0 1 1 0
 1 0 0 0 0 1 0 0 1
 0 0 1 0 0 0 0 0 0
 0 0 0 0 0 0 0 0 0

Instance 149
17 9 
 0 0 0 0 0 0 1 0 0
 0 0 0 0 0 0 1 0 0
 0 1 1 1 0 0 0 1 0
 0 0 0 1 1 0 1 1 0
 0 1 1 1 0 0 0 1 0
 0 1 0 0 0 0 1 0 1
 0 0 0 0 0 0 0 1 1
 0 0 0 1 1 0 0 0 0
 0 0 1 1 0 0 0 0 1
 0 0 0 1 0 0 0 0 0
 0 1 0 0 0 0 0 1 0
 0 1 0 0 1 0 0 0 0
 0 0 1 1 0 0 1 1 0
 0 1 0 0 0 1 0 0 0
 1 0 0 0 0 0 1 0 1
 1 1 0 0 1 1 0 0 1
 0 0 0 1 0 0 0 1 1

