Instance 10
10 2 
 0 1
 0 1
 1 1
 1 1
 0 1
 0 0
 0 1
 1 0
 1 1
 0 1

Instance 11
10 2 
 0 1
 1 0
 1 1
 1 1
 1 1
 0 1
 1 1
 1 0
 1 1
 1 0

Instance 12
10 2 
 1 1
 1 1
 0 1
 0 1
 0 1
 1 1
 1 1
 0 1
 1 1
 1 1

Instance 13
10 2 
 0 0
 1 1
 1 1
 1 1
 0 0
 1 0
 1 0
 1 1
 1 0
 1 1

Instance 14
10 2 
 0 1
 1 0
 1 1
 1 0
 1 0
 1 1
 1 1
 1 0
 1 1
 1 1

Instance 15
10 2 
 1 1
 0 1
 1 1
 0 1
 0 0
 1 1
 1 1
 0 1
 0 1
 0 1

Instance 16
10 2 
 1 1
 0 1
 0 1
 1 1
 1 1
 0 0
 0 1
 1 1
 0 0
 1 1

Instance 17
10 2 
 1 1
 1 1
 1 1
 1 0
 1 1
 1 1
 1 0
 1 1
 1 1
 1 1

Instance 18
10 2 
 1 1
 0 1
 0 1
 1 1
 1 1
 1 1
 1 1
 1 0
 1 1
 1 1

Instance 19
10 2 
 0 1
 1 1
 0 1
 1 0
 1 1
 0 1
 1 0
 0 0
 1 1
 1 1

