Instance 130
17 8 
 0 1 0 0 0 1 0 0
 0 0 0 0 1 0 0 0
 1 0 0 0 0 0 0 0
 0 1 1 0 0 1 1 0
 1 0 1 1 0 1 1 0
 0 0 0 0 0 0 0 1
 1 0 1 0 0 0 0 0
 1 0 0 0 0 0 1 1
 1 0 1 1 0 0 0 0
 0 1 1 0 0 0 0 1
 0 0 1 0 0 0 0 0
 0 0 0 0 0 0 0 1
 0 1 0 1 1 0 0 1
 1 0 0 0 0 0 1 0
 0 1 0 1 1 1 0 1
 0 0 0 0 0 0 1 0
 1 0 0 0 0 0 0 0

Instance 131
17 8 
 0 0 1 0 0 1 0 0
 0 0 0 0 1 0 1 1
 0 0 0 0 1 0 1 1
 0 0 0 0 0 0 1 0
 0 0 1 0 0 0 0 1
 0 0 0 1 0 1 0 1
 0 1 1 0 0 0 1 0
 0 1 0 0 0 0 0 0
 1 0 0 1 0 1 1 1
 0 0 0 1 0 0 0 0
 0 1 0 1 0 1 0 0
 0 0 0 0 0 0 0 0
 0 0 0 0 0 0 1 1
 0 0 0 1 0 0 0 0
 0 0 1 1 0 1 0 1
 1 0 0 0 0 0 0 0
 0 1 1 1 0 0 0 0

Instance 132
17 8 
 0 1 1 1 0 0 0 0
 0 0 0 0 1 1 0 0
 1 0 0 0 0 1 0 0
 0 0 0 0 0 0 1 0
 0 0 0 0 1 0 0 1
 1 1 0 0 0 0 0 0
 0 0 1 1 0 1 0 0
 1 0 1 0 1 0 1 0
 0 0 0 0 1 0 1 0
 0 0 0 1 0 0 0 0
 1 0 0 0 0 1 0 0
 0 0 0 1 0 0 0 0
 0 0 0 1 1 1 1 0
 0 1 0 0 0 0 0 0
 1 0 0 0 0 0 1 0
 0 0 0 0 1 0 0 1
 1 1 1 0 0 0 1 1

Instance 133
17 8 
 0 0 0 0 0 0 0 1
 0 0 0 0 1 1 0 0
 0 0 0 1 1 0 1 1
 0 0 0 0 0 0 0 0
 1 0 0 0 0 1 0 1
 0 0 1 0 0 1 0 0
 0 0 1 1 1 0 0 0
 1 1 0 0 0 0 0 0
 1 1 1 1 0 0 0 0
 0 0 0 0 0 0 0 0
 1 0 0 0 0 1 1 0
 1 0 1 1 0 0 0 0
 0 0 0 0 0 0 1 1
 0 1 0 0 1 1 0 1
 1 1 0 0 1 0 1 0
 0 0 1 0 1 1 0 1
 1 0 0 1 0 1 0 0

Instance 134
17 8 
 0 1 0 0 0 0 0 0
 1 0 0 0 0 0 0 0
 0 0 0 1 1 0 0 0
 0 0 0 0 0 0 0 1
 0 0 0 0 0 0 1 0
 0 0 0 0 1 1 0 1
 0 0 0 1 0 0 1 1
 1 0 0 1 1 0 1 0
 0 0 0 0 0 0 0 0
 0 0 1 0 0 0 0 0
 0 0 0 0 0 0 1 1
 1 1 0 1 1 0 0 0
 0 1 1 0 1 0 0 0
 0 0 0 0 0 0 0 0
 0 0 0 0 0 0 1 0
 0 0 0 0 0 0 1 0
 0 0 0 0 0 0 0 0

Instance 135
17 8 
 0 0 0 0 0 0 1 0
 0 0 0 0 1 0 0 0
 0 0 0 0 0 0 0 1
 0 0 0 1 0 0 0 0
 0 1 0 0 0 1 0 0
 1 0 0 0 0 0 0 0
 0 1 0 0 1 1 0 1
 1 0 0 0 0 0 0 0
 0 0 0 0 0 0 1 1
 0 0 0 0 0 1 0 1
 0 0 0 0 0 0 0 1
 1 0 1 1 0 0 0 0
 0 0 0 1 0 0 0 0
 0 1 0 0 0 0 0 0
 0 1 0 1 0 0 0 0
 0 1 1 0 0 0 0 0
 1 0 0 1 0 0 1 0

Instance 136
17 8 
 0 0 1 1 1 0 1 0
 0 0 0 0 1 0 0 1
 0 1 0 0 0 0 0 0
 0 0 0 0 0 0 0 1
 1 0 0 0 0 0 0 0
 0 0 0 1 0 0 0 1
 0 1 0 0 0 1 0 0
 0 1 0 0 0 0 0 0
 0 0 0 1 0 0 1 0
 0 0 1 0 0 0 0 0
 0 1 1 0 0 1 1 0
 0 0 0 1 0 0 0 0
 1 1 1 1 1 0 0 1
 0 0 0 1 0 0 0 0
 1 0 1 1 0 0 0 0
 0 1 0 0 0 1 0 0
 0 0 0 0 1 0 0 0

Instance 137
17 8 
 0 0 0 0 0 1 0 0
 1 0 0 0 0 0 1 0
 0 0 0 0 0 0 0 0
 1 0 1 0 0 0 0 0
 0 1 0 0 0 0 0 0
 1 1 1 1 0 0 1 1
 0 0 1 0 1 0 0 1
 0 0 1 1 0 0 0 0
 0 0 0 0 1 0 1 1
 0 0 1 0 1 1 1 0
 0 0 0 0 0 1 0 0
 0 0 0 0 1 0 1 0
 0 0 0 0 0 1 0 0
 0 1 0 0 1 0 0 0
 0 1 1 0 0 0 0 1
 0 0 1 0 0 0 0 0
 1 1 0 0 0 0 0 0

Instance 138
17 8 
 1 0 0 0 0 0 0 0
 0 0 0 0 0 1 0 0
 1 0 0 0 0 0 0 0
 0 1 0 1 1 0 0 0
 0 0 0 0 1 0 1 0
 1 0 0 0 0 0 0 0
 0 0 1 0 0 0 0 0
 0 0 0 0 1 1 0 0
 0 0 0 0 1 0 1 0
 0 0 1 0 1 0 0 0
 1 0 0 1 1 1 1 0
 0 0 0 0 0 0 1 0
 0 0 0 0 0 0 1 1
 0 1 0 0 1 0 0 0
 1 0 0 0 1 1 0 1
 0 0 0 0 0 0 0 1
 1 1 0 0 1 0 0 0

Instance 139
17 8 
 0 0 1 0 0 0 0 0
 1 0 0 0 0 0 0 0
 0 0 0 0 1 0 0 1
 1 0 0 0 0 0 1 1
 0 0 0 0 0 0 0 0
 0 1 0 0 0 0 0 0
 0 0 1 0 1 1 0 0
 0 0 0 0 0 0 1 1
 0 1 0 0 1 0 0 0
 0 1 0 1 1 0 1 0
 0 1 1 0 1 0 1 0
 0 1 0 1 0 0 0 0
 0 0 1 1 0 1 0 0
 0 0 0 0 0 0 0 0
 0 0 1 1 1 0 0 0
 1 0 0 0 1 0 1 1
 1 0 0 0 0 0 1 0

