Instance 70
13 8 
 1 0 1 0 0 0 1 1
 1 1 0 0 0 1 0 0
 0 1 0 0 0 0 0 0
 0 0 0 0 0 0 1 0
 0 0 1 1 0 0 0 0
 0 0 0 0 1 1 1 1
 1 0 0 0 0 0 0 0
 1 1 1 0 1 0 0 0
 0 1 0 0 0 0 0 0
 0 0 1 0 0 0 1 0
 0 0 0 0 0 0 1 0
 0 0 0 0 0 1 0 0
 0 0 0 0 0 0 0 0

Instance 71
13 8 
 0 1 1 0 0 0 1 0
 0 0 0 0 0 0 1 1
 1 0 0 0 0 0 0 0
 0 0 0 1 0 0 0 0
 0 0 0 1 0 1 0 1
 1 0 0 0 0 1 0 0
 1 0 0 0 1 0 1 0
 0 0 0 0 0 0 1 0
 1 1 0 0 0 0 0 0
 0 0 0 0 0 0 1 0
 0 0 0 0 0 0 0 0
 0 0 1 0 0 1 0 0
 0 0 0 0 0 1 0 1

Instance 72
13 8 
 0 0 1 1 0 0 0 0
 0 0 0 0 0 0 0 1
 0 1 0 1 0 0 1 1
 0 0 0 0 0 0 0 0
 1 1 1 0 0 0 0 0
 1 0 0 0 1 0 0 0
 1 0 0 0 1 0 0 1
 1 1 0 0 1 0 1 0
 0 0 0 0 1 0 0 0
 1 0 1 0 0 0 1 0
 0 0 0 0 0 0 0 0
 1 0 0 0 0 0 1 0
 0 0 0 1 1 1 0 0

Instance 73
13 8 
 0 0 0 1 0 0 0 0
 0 1 0 1 1 0 0 0
 0 0 1 0 0 1 1 0
 0 0 0 1 1 0 1 1
 0 1 0 0 0 0 0 0
 0 0 0 0 0 1 0 0
 0 1 1 0 0 0 1 1
 0 0 0 0 0 0 1 1
 0 0 0 0 1 1 0 0
 0 0 0 0 0 0 1 1
 0 0 0 1 0 1 1 0
 0 0 0 0 0 1 1 0
 0 0 1 1 1 0 0 0

Instance 74
13 8 
 0 0 1 1 0 0 0 0
 1 0 0 0 0 1 0 0
 1 0 1 1 1 1 0 0
 1 0 1 0 1 0 0 0
 1 0 1 1 0 0 0 0
 0 0 1 0 0 1 0 0
 1 1 0 0 0 1 0 0
 0 0 0 0 1 0 1 1
 0 0 0 1 0 1 0 0
 0 0 0 0 0 0 1 0
 0 1 1 1 0 0 0 0
 0 0 1 0 0 0 0 0
 0 1 0 0 0 1 0 1

Instance 75
13 8 
 0 0 0 1 0 1 0 0
 0 0 0 1 0 0 0 1
 0 0 1 0 0 0 0 0
 0 0 0 0 0 0 1 0
 1 0 0 0 1 0 0 0
 0 1 0 0 0 0 1 0
 1 0 0 0 1 1 1 1
 0 1 1 1 0 0 1 0
 1 1 0 0 0 0 0 1
 1 0 0 1 0 1 1 0
 1 0 0 0 0 0 1 0
 0 0 0 0 0 0 0 0
 0 0 0 0 1 0 0 0

Instance 76
13 8 
 0 0 0 0 0 0 0 0
 1 1 1 0 0 0 1 0
 0 1 0 0 0 0 0 0
 1 1 0 0 0 0 1 1
 0 0 0 1 1 0 0 1
 0 1 0 0 0 1 0 0
 0 0 0 0 1 0 0 0
 0 0 1 0 0 0 0 1
 0 0 0 1 0 0 0 0
 0 0 0 0 0 1 0 0
 0 1 0 0 0 0 0 1
 0 1 0 0 0 1 0 0
 0 0 1 0 0 0 0 0

Instance 77
13 8 
 0 0 0 0 0 0 0 0
 0 0 0 0 0 0 1 0
 0 0 1 1 1 0 0 0
 0 0 0 0 0 0 0 1
 1 0 0 0 0 1 0 0
 1 0 0 0 0 0 1 0
 0 0 0 1 0 1 0 1
 0 0 0 0 0 0 1 1
 0 1 0 1 0 0 0 0
 0 0 0 0 1 1 0 0
 1 0 0 0 0 0 0 0
 1 0 0 0 0 0 0 0
 0 0 0 0 0 0 0 0

Instance 78
13 8 
 0 0 0 0 0 0 0 1
 0 0 1 0 0 0 0 0
 0 1 0 1 1 0 0 0
 0 1 0 0 0 0 0 0
 0 0 0 0 1 0 1 0
 1 0 1 0 1 0 0 0
 0 0 0 0 0 0 0 0
 0 0 1 1 1 0 1 0
 0 1 0 0 0 0 0 1
 0 0 0 0 1 1 1 0
 0 0 0 0 0 0 0 0
 0 0 0 1 0 0 0 1
 0 0 0 0 0 0 0 0

Instance 79
13 8 
 1 0 0 0 0 1 0 1
 0 1 0 0 0 0 0 1
 1 0 0 0 1 1 0 1
 1 0 1 0 0 0 0 1
 0 0 0 0 0 1 0 0
 1 0 0 1 0 0 0 0
 0 1 0 1 0 1 0 0
 0 0 0 0 1 0 0 0
 0 1 0 0 0 0 0 0
 0 0 0 0 0 0 1 0
 0 0 0 1 1 0 0 0
 0 0 1 0 1 0 1 0
 0 0 0 0 0 0 0 0

