Instance 120
15 10 
 0 0 0 0 1 0 0 1 0 0
 1 0 0 0 0 1 0 0 0 0
 0 0 0 0 1 0 1 0 1 1
 0 0 0 0 0 1 1 0 1 0
 0 0 0 0 0 0 1 0 0 0
 1 0 0 0 0 0 0 0 0 0
 0 0 0 1 0 1 1 0 0 0
 1 1 0 1 1 0 0 0 0 0
 1 1 0 0 0 1 1 0 0 1
 0 0 0 0 0 0 0 0 0 0
 1 0 0 1 0 0 0 1 0 0
 0 0 0 1 0 0 0 0 0 0
 0 0 1 0 0 0 1 0 1 0
 0 0 1 0 1 0 1 1 0 0
 0 0 1 0 0 1 0 0 0 0

Instance 121
15 10 
 0 1 0 0 0 1 0 1 0 1
 0 0 0 0 0 0 0 0 1 0
 1 0 1 1 1 0 0 0 0 1
 0 1 0 0 0 0 0 0 0 0
 0 0 0 0 0 1 0 1 0 0
 0 1 0 0 0 0 0 0 1 1
 1 0 0 0 0 0 0 0 0 0
 0 0 1 1 0 0 0 0 1 0
 1 0 0 0 0 1 0 1 1 0
 1 1 0 0 0 0 0 1 0 1
 0 1 1 1 1 0 1 0 0 0
 0 1 0 0 1 0 1 0 0 0
 0 0 1 0 0 0 0 1 0 0
 0 0 1 0 1 0 0 0 1 0
 0 0 0 1 1 1 0 0 0 0

Instance 122
15 10 
 0 1 1 1 0 0 0 1 1 0
 0 0 0 0 1 0 0 0 0 1
 0 1 0 0 0 1 0 0 0 0
 0 0 0 0 0 0 1 0 1 0
 0 1 0 0 0 0 0 0 1 1
 1 1 0 0 0 0 0 0 0 0
 1 0 0 0 1 0 1 0 1 1
 0 1 0 0 1 1 0 0 0 0
 1 0 0 0 0 0 0 1 0 0
 0 1 1 1 1 1 1 1 0 0
 0 0 1 0 0 0 1 0 0 0
 0 1 0 0 0 0 1 0 1 0
 0 1 1 0 0 0 0 0 0 0
 0 0 0 0 0 0 1 0 0 1
 0 0 0 1 0 1 0 0 1 0

Instance 123
15 10 
 0 1 0 0 0 0 0 0 0 0
 0 0 0 0 1 0 0 0 0 1
 0 0 0 0 1 0 1 0 0 0
 1 0 1 0 0 1 0 0 1 0
 0 1 0 0 0 0 1 0 0 0
 0 1 0 0 0 0 0 0 1 0
 0 0 1 0 1 0 0 0 0 1
 0 0 0 0 1 1 0 1 1 1
 0 0 1 0 0 0 1 0 1 1
 0 0 0 0 1 0 0 1 1 0
 0 0 0 0 0 0 0 0 0 1
 0 0 0 0 1 0 1 1 1 0
 0 0 0 0 0 0 0 0 0 0
 0 0 0 0 0 1 0 0 0 0
 0 0 0 1 0 0 1 1 0 0

Instance 124
15 10 
 1 0 0 0 0 1 0 0 0 0
 1 0 0 0 0 0 1 1 0 0
 1 0 0 0 0 0 1 0 0 0
 0 0 0 0 0 0 1 0 0 0
 0 0 0 1 1 0 0 0 1 1
 0 0 1 0 0 0 1 0 1 0
 0 0 0 0 1 0 0 1 0 0
 0 0 0 1 0 1 0 1 0 0
 0 1 0 0 1 0 1 0 1 0
 0 0 0 0 0 0 0 1 0 0
 1 0 0 0 0 0 0 0 0 0
 0 1 0 1 0 0 0 0 0 1
 1 1 0 0 0 1 0 0 1 0
 0 0 0 0 1 0 0 0 0 0
 1 0 0 0 0 0 0 0 0 0

Instance 125
15 10 
 1 1 0 0 1 0 0 0 0 0
 0 0 1 0 0 0 0 0 0 0
 0 0 0 0 0 0 0 1 0 1
 1 0 1 1 0 0 1 0 1 0
 0 0 0 0 1 1 1 0 1 0
 0 1 0 1 1 1 0 0 0 0
 1 1 0 0 0 0 0 0 1 0
 0 1 0 0 1 0 0 0 0 0
 0 1 1 1 0 1 0 1 0 0
 1 0 1 0 0 0 1 0 1 1
 1 0 0 0 1 0 0 0 1 0
 1 0 0 0 0 0 0 1 0 1
 0 1 1 0 1 0 0 1 0 0
 1 0 1 0 0 1 0 0 0 0
 0 0 1 0 0 0 0 0 1 1

Instance 126
15 10 
 0 0 1 1 0 0 0 0 0 0
 0 0 0 1 0 0 0 0 1 0
 0 0 0 1 0 0 0 0 0 0
 0 1 0 0 0 0 1 0 0 0
 0 0 1 0 0 0 1 0 0 1
 0 1 0 0 0 0 1 0 1 0
 0 1 0 0 0 0 0 0 0 1
 0 0 0 0 0 0 0 1 0 0
 0 0 0 0 0 0 0 0 0 1
 0 1 0 1 0 1 0 0 0 1
 0 0 0 0 1 0 1 0 1 0
 0 0 0 1 0 0 0 0 1 0
 1 0 0 0 1 0 0 0 1 1
 0 0 1 1 0 0 1 1 0 0
 0 1 0 0 1 0 0 0 1 0

Instance 127
15 10 
 1 1 0 0 0 0 0 0 0 0
 0 0 0 1 0 0 0 0 0 1
 1 0 0 0 0 0 0 1 0 0
 0 0 0 0 0 0 0 0 0 0
 1 1 1 0 1 0 1 1 0 0
 1 0 0 0 0 0 1 1 1 1
 0 0 1 0 0 0 1 0 1 0
 0 0 0 0 0 1 0 0 0 1
 0 0 0 0 0 0 0 1 0 0
 0 0 0 0 1 1 0 1 0 0
 0 0 0 0 0 0 0 0 0 0
 1 1 0 0 0 0 1 0 0 1
 0 0 0 0 0 0 0 0 0 0
 1 0 0 1 1 0 1 0 1 0
 0 0 0 0 0 0 0 0 0 0

Instance 128
15 10 
 0 0 0 0 0 0 0 0 0 0
 1 1 0 0 0 0 0 1 0 0
 0 1 0 0 0 1 0 0 0 0
 0 0 1 0 0 0 1 1 0 0
 1 1 0 0 1 0 0 1 0 0
 1 1 0 0 0 0 0 1 0 0
 0 0 0 0 0 0 0 0 0 0
 0 0 0 0 1 0 0 0 0 0
 1 1 0 0 0 0 0 0 0 0
 0 1 0 0 1 0 0 0 0 0
 0 0 1 0 0 0 1 0 0 0
 0 0 0 0 0 1 0 0 0 0
 0 1 0 0 0 1 1 0 0 0
 0 0 0 1 0 1 0 0 0 0
 0 1 1 1 0 0 0 0 0 0

Instance 129
15 10 
 0 0 0 1 0 1 0 1 0 0
 0 0 0 0 0 1 1 0 0 0
 0 1 0 0 0 0 0 0 0 0
 0 0 0 1 1 1 0 0 1 0
 0 0 0 1 0 1 0 0 0 1
 0 1 0 0 0 0 0 0 1 0
 0 0 0 0 0 0 1 0 0 1
 0 0 1 0 1 0 0 0 1 0
 0 1 0 0 0 0 0 0 0 0
 0 0 0 0 1 1 1 0 0 0
 0 0 1 0 0 0 0 0 0 0
 0 0 0 0 0 1 0 0 1 0
 0 1 0 1 0 0 0 0 0 0
 0 0 0 0 1 0 0 0 1 0
 0 0 0 0 0 0 0 1 0 0

