Instance 120
10 13 
 1 1 1 0 1 1 1 1 1 1 1 1 0
 1 0 1 1 0 1 0 0 1 1 1 1 0
 1 1 1 1 1 1 1 1 0 0 1 1 1
 1 1 0 1 1 0 1 0 1 1 1 1 1
 0 1 0 1 0 1 1 1 0 1 1 1 1
 1 1 1 1 1 0 0 1 1 1 0 1 1
 1 1 0 1 1 1 1 1 1 1 0 0 1
 1 1 1 1 0 0 0 1 1 1 1 1 1
 1 1 1 0 1 1 0 1 1 1 1 0 0
 1 1 0 1 1 1 1 0 0 1 1 1 0

Instance 121
10 13 
 1 1 1 1 0 1 1 1 1 1 1 1 1
 1 0 1 1 0 0 0 1 1 0 0 1 0
 1 1 1 1 1 1 1 0 1 0 0 0 0
 0 1 1 0 1 1 1 1 0 0 1 1 1
 1 0 0 1 1 1 1 1 1 1 0 1 1
 1 0 1 1 1 1 1 1 1 1 0 1 1
 0 1 1 1 0 1 0 1 1 1 1 1 1
 1 1 1 1 1 1 1 1 0 1 1 1 0
 1 1 1 0 0 1 1 1 0 1 1 1 0
 1 0 1 1 1 1 1 1 1 1 1 1 0

Instance 122
10 13 
 1 1 0 0 1 0 1 0 1 0 1 1 1
 0 1 1 1 1 1 1 0 0 1 1 1 1
 1 1 0 1 1 1 1 1 1 1 1 0 1
 1 1 0 1 1 1 0 1 0 1 1 1 1
 1 0 1 1 0 1 1 1 1 1 1 0 1
 1 0 1 1 1 1 1 0 1 1 1 1 1
 1 0 1 0 0 0 1 1 1 1 1 0 1
 0 0 0 1 1 0 1 0 1 1 1 1 1
 1 1 1 1 1 1 1 1 0 0 1 1 1
 1 1 1 0 1 1 1 1 1 0 1 1 1

Instance 123
10 13 
 1 1 1 0 1 1 1 1 0 0 1 1 1
 1 1 1 1 1 1 0 1 1 1 1 0 1
 1 1 1 0 1 1 1 0 0 0 1 1 1
 1 1 1 1 1 0 0 1 1 1 1 1 1
 1 1 1 1 0 0 0 1 1 1 0 1 1
 0 0 1 0 1 1 0 1 0 1 1 1 1
 0 0 0 1 1 1 1 1 0 1 1 1 1
 1 1 1 1 1 1 1 1 1 1 1 1 1
 1 1 1 1 1 1 1 1 1 1 1 1 0
 1 1 1 1 0 1 1 1 0 1 1 1 0

Instance 124
10 13 
 1 1 1 0 0 1 0 1 1 0 1 1 1
 1 1 1 1 0 0 1 1 1 1 1 1 1
 1 0 0 1 0 0 1 0 1 1 1 1 1
 0 1 1 1 1 1 1 0 1 0 1 1 0
 1 1 1 1 1 1 1 1 1 1 1 1 1
 1 1 1 1 1 0 1 0 1 0 0 0 1
 0 0 1 1 1 1 1 1 1 1 1 1 1
 1 1 1 1 0 1 1 1 0 1 0 1 1
 1 1 1 1 0 0 1 1 0 1 1 1 1
 1 1 1 1 1 1 1 1 1 1 1 0 1

Instance 125
10 13 
 1 1 1 0 1 1 0 1 1 1 1 1 1
 0 1 1 0 1 1 1 1 1 1 1 1 1
 1 1 1 1 1 1 1 1 0 1 1 1 1
 1 1 0 0 1 1 0 1 1 0 0 1 1
 0 1 1 1 1 1 0 1 0 1 1 1 1
 1 1 0 0 1 1 1 0 0 1 1 1 0
 1 1 1 1 1 1 1 1 0 1 1 1 1
 0 1 0 0 1 0 0 0 0 1 0 1 0
 0 0 0 1 1 1 1 1 1 0 0 0 1
 1 1 0 1 1 1 1 1 1 1 0 1 1

Instance 126
10 13 
 1 1 1 1 1 0 1 1 0 1 1 1 1
 0 1 1 1 0 1 1 1 1 1 1 1 0
 1 1 1 0 0 1 1 1 1 1 1 0 1
 1 1 1 1 1 1 1 1 0 1 0 1 1
 0 1 0 1 1 1 0 1 1 1 1 1 0
 1 0 1 0 0 1 1 1 0 1 0 1 1
 0 1 1 1 0 0 1 1 1 0 1 1 0
 1 1 1 1 1 1 0 1 1 1 1 1 1
 1 0 1 1 1 0 1 1 1 1 1 1 0
 1 1 1 1 0 0 1 0 1 1 1 1 1

Instance 127
10 13 
 0 1 1 1 0 1 1 1 0 1 1 0 1
 1 1 1 0 1 1 0 0 1 1 1 1 1
 0 1 0 0 1 1 1 1 1 1 0 1 1
 0 1 1 1 1 1 1 1 0 1 1 1 1
 1 1 1 1 1 1 1 1 1 1 1 1 1
 1 0 1 1 1 1 1 1 1 1 0 0 1
 1 0 0 1 1 1 1 0 0 0 1 1 1
 1 1 1 1 1 0 1 1 1 1 1 1 1
 1 1 1 1 1 1 1 1 1 0 1 1 1
 0 1 0 1 1 1 1 1 1 1 1 0 0

Instance 128
10 13 
 0 1 0 1 1 1 0 1 1 1 0 1 1
 1 0 1 1 1 1 1 0 1 1 1 1 1
 1 1 1 0 1 1 1 1 1 0 1 0 1
 1 1 0 0 0 0 0 1 0 1 1 1 1
 1 1 1 1 1 0 1 0 0 1 1 1 0
 1 1 1 1 1 0 1 1 0 1 0 0 0
 1 1 1 1 1 1 1 1 1 1 1 1 1
 1 1 0 1 1 1 1 1 1 1 1 1 1
 1 1 1 1 1 1 1 1 1 1 1 1 1
 1 1 1 1 1 0 1 1 1 0 1 1 1

Instance 129
10 13 
 1 0 1 1 0 1 1 1 1 1 1 1 0
 1 1 0 1 0 0 1 1 0 1 0 1 0
 1 1 1 1 1 1 1 1 1 1 1 0 1
 1 1 1 1 1 0 1 1 1 1 1 1 1
 1 1 0 1 1 1 0 1 1 1 1 1 1
 0 1 1 1 1 1 1 1 1 0 1 1 1
 0 1 1 0 1 1 1 1 1 1 0 1 0
 1 1 0 1 1 0 0 1 1 0 0 1 1
 1 1 1 1 1 1 0 1 1 1 1 1 1
 1 1 1 1 1 0 1 1 1 1 1 0 1

