Instance 20
10 3 
 1 1 0
 0 1 0
 1 1 1
 1 1 1
 1 1 1
 0 1 1
 1 1 0
 1 1 1
 0 0 1
 1 0 1

Instance 21
10 3 
 1 1 1
 1 0 1
 1 1 1
 0 1 1
 1 1 1
 1 0 1
 1 0 1
 1 1 1
 0 1 1
 1 0 0

Instance 22
10 3 
 1 1 1
 0 1 1
 1 0 1
 0 0 1
 0 1 1
 1 1 1
 1 1 1
 1 0 1
 1 1 1
 0 1 1

Instance 23
10 3 
 1 0 1
 1 0 1
 0 1 1
 1 1 0
 1 1 1
 1 0 1
 1 0 0
 1 0 1
 0 1 1
 0 1 0

Instance 24
10 3 
 1 1 1
 1 1 1
 1 1 1
 1 1 1
 1 1 1
 1 1 1
 0 1 0
 1 1 1
 1 0 1
 1 1 1

Instance 25
10 3 
 0 0 1
 1 1 1
 1 1 1
 0 0 1
 1 0 1
 1 1 1
 1 1 1
 1 1 1
 0 1 0
 1 1 1

Instance 26
10 3 
 1 0 1
 0 0 1
 1 1 1
 1 0 0
 0 0 0
 0 0 0
 1 1 0
 1 1 1
 1 0 1
 0 1 1

Instance 27
10 3 
 1 1 1
 1 1 0
 0 1 0
 1 1 0
 1 1 1
 1 1 1
 1 1 1
 0 0 0
 1 1 0
 1 1 1

Instance 28
10 3 
 0 1 1
 1 1 1
 1 1 1
 1 1 0
 1 1 1
 1 1 1
 0 0 0
 1 1 1
 1 1 1
 1 1 1

Instance 29
10 3 
 1 1 1
 0 1 0
 1 0 1
 0 1 1
 0 1 1
 0 1 1
 1 1 1
 1 1 1
 1 0 1
 1 1 1

