Instance 170
10 18 
 1 0 1 0 1 0 1 1 1 1 1 1 1 1 0 0 1 1
 0 1 0 0 1 0 1 1 1 0 0 1 1 0 1 1 1 1
 1 0 1 0 1 0 0 0 0 1 1 1 0 1 1 1 1 1
 0 0 0 1 1 1 1 1 1 1 1 1 0 1 1 0 0 0
 0 1 1 0 1 0 1 1 1 1 0 0 1 0 1 1 1 1
 0 0 1 1 1 1 0 1 0 1 1 1 0 0 1 1 1 0
 1 1 1 1 1 0 1 1 1 1 1 0 1 0 1 1 1 1
 1 1 0 1 1 1 1 1 1 1 0 0 1 1 1 0 0 1
 1 1 1 1 0 0 1 1 1 1 1 1 1 1 0 1 1 1
 1 0 1 1 1 1 0 1 1 1 0 1 1 1 1 1 1 1

Instance 171
10 18 
 0 0 1 0 0 1 0 1 0 1 1 1 0 0 1 1 1 0
 1 0 1 0 1 0 0 1 0 0 1 1 1 1 1 1 0 1
 1 0 1 1 1 0 0 1 1 1 1 1 1 1 1 1 1 0
 0 1 1 1 1 0 1 1 1 1 0 0 1 0 0 1 0 1
 1 1 1 0 1 1 1 1 0 1 1 0 0 1 1 0 0 1
 1 1 1 1 1 1 1 1 1 1 1 1 0 1 0 1 0 0
 1 1 0 1 0 0 0 1 1 1 0 1 1 1 1 1 1 1
 1 1 1 0 1 1 1 1 0 1 1 1 1 1 1 1 0 0
 1 1 1 0 1 1 1 1 0 1 1 1 1 1 1 1 0 0
 1 0 0 1 1 1 1 1 1 1 1 0 1 1 1 1 1 0

Instance 172
10 18 
 0 1 1 1 1 1 1 0 1 0 1 1 1 0 1 1 1 1
 1 0 1 1 0 0 1 1 1 1 1 1 0 0 0 1 1 1
 1 0 1 1 1 0 1 1 1 0 1 0 1 0 1 1 1 0
 1 1 1 1 0 1 1 1 1 1 0 1 1 1 1 0 1 1
 0 1 1 1 0 1 0 1 1 1 1 0 1 1 1 0 1 1
 1 0 1 0 1 0 1 0 1 0 1 1 1 1 1 1 1 0
 0 1 0 1 1 1 1 0 1 1 0 1 1 0 1 1 1 1
 1 1 1 1 1 1 1 1 1 1 1 1 1 1 1 1 1 0
 1 1 1 1 1 1 1 1 0 1 1 1 0 0 0 1 1 1
 0 1 1 1 1 0 0 1 0 0 1 1 0 0 0 1 1 1

Instance 173
10 18 
 0 1 1 0 1 1 1 1 0 1 0 1 1 1 1 1 1 1
 0 0 1 1 1 0 0 1 1 1 1 1 1 0 0 1 1 1
 1 0 1 1 1 0 1 1 1 1 1 1 0 1 1 1 1 1
 0 1 1 0 1 1 0 1 1 1 1 1 1 0 0 1 1 0
 0 1 1 0 1 1 1 0 1 1 1 0 1 1 1 1 1 0
 1 0 0 0 1 1 0 0 1 1 0 1 1 1 0 1 1 1
 0 0 1 1 0 1 1 0 1 0 1 1 1 1 1 1 1 1
 0 1 0 1 1 0 0 1 1 1 1 0 1 1 0 1 1 1
 1 0 1 1 1 1 1 0 1 1 0 1 1 0 1 0 1 1
 1 0 1 1 1 1 1 1 1 1 0 1 1 1 1 0 1 0

Instance 174
10 18 
 0 1 0 1 1 1 1 1 1 0 1 0 1 0 0 0 1 1
 0 0 1 1 1 1 1 1 1 1 1 1 1 1 1 0 0 1
 1 0 0 1 0 1 1 0 1 1 1 0 1 1 1 1 1 1
 1 1 1 1 0 1 1 1 0 1 1 0 1 1 1 1 1 1
 1 1 1 1 1 0 1 1 1 1 1 1 1 0 1 1 0 0
 1 0 1 1 1 1 1 1 1 1 1 1 1 1 0 1 1 0
 1 0 0 1 1 1 1 1 1 1 1 1 0 1 1 0 1 1
 1 1 0 1 1 1 1 1 1 0 0 0 1 1 1 0 1 1
 1 1 0 1 1 1 1 1 1 0 0 1 0 1 0 1 1 1
 1 1 0 1 1 1 1 1 1 1 0 0 1 0 1 1 1 1

Instance 175
10 18 
 1 1 1 1 1 0 1 0 1 0 1 1 1 1 1 0 0 1
 1 1 1 0 0 1 0 1 1 0 1 1 1 1 1 0 1 0
 0 1 1 1 1 1 1 1 0 0 1 1 1 1 1 1 1 1
 1 1 0 1 1 1 1 1 0 0 0 1 1 1 1 1 1 1
 1 1 1 0 1 1 1 1 1 0 0 1 0 1 1 1 1 1
 1 0 1 1 0 1 1 0 1 0 0 1 1 0 1 1 0 1
 0 0 0 1 1 0 1 1 1 0 0 1 1 1 1 0 1 1
 1 1 1 1 1 1 0 1 1 0 1 1 1 1 1 0 1 1
 1 1 0 1 1 1 1 1 0 1 1 0 1 1 0 1 1 1
 1 1 1 0 0 0 1 1 1 0 1 1 1 1 1 1 1 0

Instance 176
10 18 
 0 0 1 1 1 1 1 1 0 1 1 0 1 1 1 0 1 1
 1 1 1 1 1 0 1 1 1 1 0 0 1 1 0 1 1 1
 1 1 1 0 1 0 1 1 1 1 1 1 1 1 1 0 0 1
 1 0 0 0 1 1 0 1 1 1 1 1 0 1 1 0 1 1
 1 1 1 1 1 1 1 1 1 1 0 1 0 1 1 0 0 1
 1 1 1 1 1 0 1 1 1 1 1 1 0 1 1 1 1 1
 1 0 1 0 1 1 1 1 1 1 0 1 1 1 1 0 1 0
 1 1 1 1 0 1 1 1 1 1 1 1 1 1 1 0 1 1
 1 0 1 1 1 1 1 0 1 0 1 0 0 1 0 1 1 1
 0 1 0 1 0 1 0 1 1 1 1 1 1 1 1 0 0 1

Instance 177
10 18 
 1 1 1 0 1 1 1 1 1 1 1 1 1 0 1 1 1 1
 1 1 1 1 1 1 1 1 1 0 0 1 1 1 1 1 1 0
 1 1 1 1 1 1 1 1 1 0 1 1 1 1 1 1 1 1
 1 1 1 0 1 1 1 1 1 1 1 0 1 1 1 1 1 1
 0 0 0 1 0 1 1 0 0 0 0 1 1 1 1 0 1 1
 0 1 1 0 0 0 1 0 0 0 1 0 1 0 0 0 1 1
 1 0 1 1 1 1 1 0 1 1 1 1 1 1 1 1 1 0
 1 1 1 1 1 1 1 1 1 1 1 1 0 1 0 1 0 1
 0 0 1 1 0 0 1 1 1 0 1 1 0 1 1 1 1 1
 0 1 1 1 1 0 1 1 1 1 1 1 1 1 1 1 1 1

Instance 178
10 18 
 0 0 1 1 1 0 0 1 1 1 1 0 1 0 1 1 0 1
 0 1 1 1 0 1 0 0 1 1 0 1 0 1 1 0 1 0
 0 1 1 1 1 0 1 1 1 0 0 0 0 0 1 1 1 1
 1 1 1 1 1 1 1 1 1 1 1 1 1 1 1 1 1 1
 1 1 0 1 1 1 1 1 1 0 1 1 1 0 1 1 0 1
 1 1 0 1 0 1 1 1 1 1 1 1 0 1 1 0 0 1
 1 0 0 1 1 0 0 1 1 0 1 0 1 1 1 1 1 0
 0 1 1 1 1 1 1 1 1 1 1 1 1 1 1 1 0 1
 0 1 0 1 0 1 1 0 1 1 1 0 1 0 0 1 1 1
 1 1 0 1 1 1 1 1 1 1 1 1 1 1 0 1 1 1

Instance 179
10 18 
 1 0 1 1 0 1 1 1 0 1 0 1 1 1 0 1 0 1
 1 1 1 1 0 0 1 1 1 0 1 1 0 1 1 1 1 0
 1 1 1 1 0 0 0 0 1 0 0 1 1 1 1 1 1 1
 1 1 1 0 0 1 1 1 1 1 1 1 1 1 1 0 1 0
 1 1 0 1 1 1 0 1 1 0 1 0 1 1 1 1 1 1
 1 1 1 1 1 0 1 1 0 1 1 1 1 1 1 1 1 0
 0 1 1 1 1 0 1 1 0 1 1 0 1 0 0 1 0 1
 1 0 1 1 1 0 0 1 0 1 0 1 1 1 1 1 1 0
 1 0 1 1 1 1 1 1 1 1 0 0 1 1 1 1 1 1
 1 1 1 1 1 1 1 1 1 1 1 1 1 1 1 0 1 1

