Instance 40
11 8 
 1 1 1 0 0 0 0 1
 0 0 1 0 1 0 0 1
 0 0 1 0 0 0 1 0
 1 0 0 1 1 0 1 0
 0 0 0 1 0 1 0 1
 0 0 0 0 1 0 0 0
 1 0 0 0 0 0 0 1
 0 1 0 1 0 1 0 0
 0 0 0 1 0 0 0 1
 0 1 1 1 1 0 0 0
 0 1 0 0 0 0 0 0

Instance 41
11 8 
 0 0 0 0 0 0 0 0
 1 0 0 0 0 0 1 1
 0 0 0 0 0 1 0 0
 0 1 0 0 0 0 0 1
 0 0 0 0 1 0 0 0
 1 0 0 0 1 0 0 0
 1 0 0 1 0 0 0 0
 0 0 0 0 0 1 0 0
 0 0 0 1 0 1 0 0
 0 1 0 0 0 0 0 0
 0 0 0 1 0 0 0 0

Instance 42
11 8 
 1 1 0 0 0 0 0 0
 0 0 0 0 1 0 0 0
 1 0 0 0 1 0 0 0
 1 0 0 0 0 0 1 0
 1 0 1 1 0 1 0 0
 0 0 0 0 0 0 0 0
 0 0 0 0 1 0 0 1
 1 1 0 0 0 0 1 0
 0 0 0 0 1 0 0 0
 1 0 0 0 0 1 1 1
 0 0 0 0 0 0 0 0

Instance 43
11 8 
 0 0 0 0 1 1 0 0
 0 0 0 1 0 1 0 1
 0 0 0 0 0 0 0 0
 0 0 1 0 0 0 0 1
 0 0 0 0 0 1 1 0
 1 0 0 0 1 0 1 0
 0 0 1 0 0 0 0 0
 1 1 0 0 1 1 0 0
 0 0 1 0 1 0 0 1
 1 0 1 1 0 0 0 0
 0 0 0 0 0 0 1 0

Instance 44
11 8 
 0 0 1 1 0 1 1 1
 0 0 0 0 0 0 1 0
 0 0 0 1 0 0 0 0
 0 0 0 0 0 0 0 0
 0 0 0 0 1 0 0 0
 0 0 1 0 0 1 1 0
 0 1 0 0 1 0 1 0
 0 1 1 0 1 0 1 0
 0 0 0 0 0 0 0 1
 1 0 0 1 0 0 1 0
 0 1 0 0 0 1 1 0

Instance 45
11 8 
 1 1 0 0 0 0 0 0
 0 0 0 0 0 0 0 1
 1 1 0 1 0 1 1 0
 0 0 0 0 0 0 0 0
 0 0 1 1 0 0 0 1
 0 0 1 0 1 0 0 0
 0 0 0 0 1 1 0 1
 1 0 0 0 0 0 0 0
 0 0 0 0 1 0 0 1
 0 1 0 0 0 1 1 1
 0 1 1 0 1 0 0 0

Instance 46
11 8 
 0 0 1 0 0 0 0 0
 1 0 0 0 0 0 0 0
 1 0 1 0 0 0 0 0
 0 0 0 0 1 0 1 0
 0 1 0 0 0 0 0 0
 1 1 1 1 1 0 0 0
 1 0 0 1 0 0 1 0
 1 0 0 0 0 0 0 0
 1 0 1 0 0 1 0 1
 1 0 1 1 1 0 0 0
 1 0 0 1 0 0 0 0

Instance 47
11 8 
 1 0 0 0 0 0 0 0
 0 1 0 0 1 0 1 0
 0 1 0 1 0 0 0 0
 0 0 0 0 0 0 0 0
 0 1 0 1 0 1 1 1
 0 0 0 0 0 0 0 1
 1 0 0 0 0 0 0 0
 0 0 0 0 0 1 0 0
 0 1 0 0 0 0 0 0
 0 1 0 1 0 0 1 0
 0 1 0 0 1 1 0 0

Instance 48
11 8 
 1 0 0 1 1 1 1 0
 0 0 1 0 0 0 0 0
 0 0 0 0 0 1 1 1
 1 0 0 0 0 0 0 0
 0 0 0 0 0 0 0 0
 0 0 0 0 0 0 0 0
 0 0 0 0 1 1 1 0
 0 0 0 0 0 1 0 0
 0 1 0 0 1 0 0 0
 0 0 0 1 0 0 0 0
 0 0 0 0 0 0 0 0

Instance 49
11 8 
 0 0 0 0 0 0 0 1
 0 0 0 0 0 0 0 0
 1 0 1 1 0 0 0 0
 0 1 0 0 0 0 0 0
 1 0 0 0 0 0 1 0
 0 0 0 0 0 1 0 1
 1 0 0 0 0 0 0 0
 0 0 0 1 0 0 0 0
 0 0 0 1 1 0 0 1
 1 1 0 0 0 0 0 0
 0 0 0 1 0 0 0 0

