Instance 180
19 10 
 1 0 0 1 0 0 1 1 1 1
 0 1 0 0 0 0 0 1 1 0
 0 0 0 0 0 0 0 1 0 0
 0 0 0 0 0 0 0 0 0 1
 1 1 0 0 0 0 0 0 1 0
 0 0 0 0 0 0 0 0 0 0
 0 0 0 0 0 1 0 0 0 0
 0 1 1 0 1 0 0 1 0 0
 0 1 0 0 0 1 1 0 0 0
 0 0 0 0 0 0 1 0 0 0
 0 0 0 0 1 0 1 0 0 0
 0 0 1 0 0 0 0 0 0 1
 0 1 0 0 0 0 0 0 0 0
 0 0 0 1 0 1 0 0 0 0
 1 0 0 1 0 0 0 0 0 0
 0 0 0 0 0 1 0 0 0 0
 0 0 0 0 0 0 1 1 0 1
 0 0 0 0 0 0 1 1 0 1
 1 0 0 0 1 1 0 0 1 0

Instance 181
19 10 
 0 0 0 0 0 0 1 0 0 1
 1 0 1 0 0 1 0 1 0 0
 0 0 0 1 1 0 0 0 0 0
 0 0 1 0 0 0 0 0 1 1
 0 1 0 1 0 0 0 1 1 0
 0 0 0 1 1 1 1 1 1 0
 1 0 0 0 0 0 1 0 1 1
 1 0 0 0 0 1 0 0 1 0
 0 0 0 0 0 0 0 0 1 0
 1 1 0 0 0 0 0 1 0 1
 0 0 0 0 0 0 0 0 1 0
 1 0 0 0 1 0 0 0 0 0
 0 0 0 0 1 0 0 1 1 1
 0 1 0 0 1 0 0 0 0 1
 0 1 0 0 0 0 1 0 1 0
 1 0 0 0 0 0 0 1 0 0
 0 0 0 1 1 0 0 0 0 0
 0 0 1 1 0 0 0 0 0 0
 0 0 1 0 0 0 0 0 0 1

Instance 182
19 10 
 0 0 0 0 0 0 0 0 0 0
 0 0 0 0 0 0 0 0 0 0
 0 1 0 0 0 0 0 0 0 0
 0 1 0 0 0 0 0 1 1 0
 0 0 0 1 0 1 1 0 0 0
 0 0 0 0 0 0 0 0 1 0
 0 0 0 0 0 0 0 0 1 0
 0 1 0 0 0 0 1 0 0 0
 0 0 1 0 0 0 1 1 0 1
 0 1 1 0 0 1 0 1 0 0
 0 0 0 0 1 0 0 1 1 0
 0 0 1 0 0 0 0 1 1 1
 0 1 0 1 0 1 1 0 0 1
 0 0 0 0 0 0 1 1 0 0
 0 1 0 1 1 1 1 0 0 0
 1 0 1 0 0 1 0 0 1 0
 1 1 0 0 1 0 0 1 0 1
 1 1 0 0 1 0 0 0 0 0
 1 0 0 0 1 0 1 1 0 0

Instance 183
19 10 
 0 0 0 0 1 1 1 0 0 1
 0 0 1 0 0 0 1 1 0 0
 0 0 1 0 0 0 0 0 0 0
 0 0 0 0 1 0 0 0 0 0
 0 0 0 0 0 0 0 0 0 0
 0 0 0 1 0 0 1 0 0 0
 0 0 0 0 1 0 0 0 0 1
 0 1 0 0 0 0 1 0 1 0
 0 0 0 1 0 1 0 1 0 0
 0 0 0 0 1 0 0 0 1 1
 0 1 0 0 1 0 1 0 1 0
 0 0 0 1 1 0 0 1 1 0
 0 0 0 1 0 0 1 0 1 0
 1 0 0 1 0 0 1 0 1 0
 1 0 0 1 1 0 0 0 0 0
 0 1 0 0 0 0 0 0 1 0
 1 0 0 0 1 0 0 0 0 0
 0 0 0 1 0 1 0 0 0 0
 0 0 0 1 0 0 0 1 0 0

Instance 184
19 10 
 1 0 0 0 1 0 0 0 0 0
 0 1 0 0 1 0 0 1 0 0
 0 0 0 0 0 0 1 0 0 0
 1 1 1 1 0 1 1 0 0 1
 0 1 1 0 0 0 0 1 0 0
 0 0 1 0 0 0 1 0 0 0
 0 1 1 0 0 0 0 0 0 0
 0 0 0 0 0 1 0 0 1 1
 1 0 1 0 0 0 1 0 0 1
 1 0 0 0 0 0 1 0 0 0
 0 0 1 0 0 0 1 0 1 0
 0 0 0 0 0 0 1 0 0 0
 1 0 1 0 0 1 1 0 0 0
 1 1 0 0 1 0 0 0 1 0
 0 0 0 0 0 1 1 0 0 0
 0 0 1 0 0 0 0 1 0 0
 0 0 1 1 0 0 0 0 0 1
 0 0 0 0 1 0 1 0 1 0
 0 0 1 0 0 1 0 0 0 0

Instance 185
19 10 
 0 1 0 0 1 0 0 0 1 0
 1 1 0 1 1 1 1 1 0 0
 1 1 1 0 0 0 0 0 0 1
 0 1 0 0 0 0 0 1 0 0
 0 0 1 0 1 0 0 1 0 0
 1 0 0 0 0 0 0 0 0 1
 0 1 0 0 0 0 0 0 1 0
 1 0 0 0 0 0 1 1 1 0
 0 0 0 0 0 0 0 0 1 0
 0 1 0 0 1 0 0 0 1 0
 0 1 0 0 0 1 0 0 1 0
 1 1 0 0 0 1 0 1 0 0
 0 1 0 0 0 0 1 0 0 0
 1 0 0 0 0 0 0 0 0 0
 1 0 1 0 0 1 1 0 0 1
 0 0 0 1 0 0 0 0 0 0
 0 0 1 0 0 0 0 1 0 1
 0 0 1 0 0 0 0 0 1 0
 0 1 0 0 1 0 1 0 0 0

Instance 186
19 10 
 0 0 0 1 0 0 1 0 0 0
 1 0 0 1 0 1 0 0 1 0
 0 0 0 0 0 0 0 1 1 0
 0 1 1 1 1 0 0 0 0 0
 0 0 0 0 1 0 1 1 0 1
 1 0 0 0 0 0 0 0 0 0
 1 1 0 0 0 0 0 1 0 1
 0 0 0 0 0 0 1 0 1 0
 1 0 1 0 0 0 0 0 0 1
 0 0 1 1 0 1 0 0 0 1
 0 0 0 0 0 0 0 0 0 1
 0 1 0 1 1 0 0 0 0 0
 0 0 0 1 0 1 0 1 1 0
 1 1 0 0 0 0 0 0 0 0
 0 1 0 0 0 1 0 1 0 0
 1 0 1 0 0 0 1 0 1 0
 0 0 1 1 0 1 0 0 1 0
 0 0 0 0 0 0 0 0 0 0
 0 1 0 0 0 1 0 0 0 0

Instance 187
19 10 
 0 0 1 1 0 1 0 0 0 0
 0 0 1 0 1 0 1 0 1 1
 0 0 0 0 0 0 1 0 0 0
 1 0 0 0 1 1 0 0 0 0
 0 0 0 0 0 1 0 0 0 0
 1 0 0 1 0 0 0 0 0 0
 0 0 0 0 0 0 1 0 1 0
 0 0 0 0 0 1 0 1 0 0
 1 0 1 0 0 0 1 0 0 0
 1 0 0 0 0 0 0 0 0 0
 0 1 1 0 1 0 0 1 0 1
 0 0 1 1 1 1 0 0 0 0
 1 0 0 1 0 1 1 0 0 0
 1 0 1 0 0 0 1 1 1 1
 1 0 0 0 0 0 1 0 0 0
 0 1 0 0 0 0 0 1 0 0
 0 0 0 0 0 0 0 1 0 0
 0 0 0 1 1 0 1 0 0 0
 0 1 1 0 0 1 0 0 1 0

Instance 188
19 10 
 0 0 1 0 0 0 0 1 1 0
 1 0 0 1 0 1 0 0 0 1
 0 0 1 0 0 0 0 0 0 0
 0 0 0 0 0 0 0 0 0 0
 0 0 1 0 0 0 1 0 1 0
 0 0 0 0 0 0 0 1 0 1
 0 1 1 0 0 0 0 0 0 1
 0 1 1 1 0 0 0 0 1 0
 0 1 0 1 0 1 0 0 1 0
 1 0 0 0 1 0 1 0 1 0
 1 0 0 1 1 0 0 1 0 0
 0 1 0 0 1 0 0 0 1 0
 1 0 1 0 0 0 0 0 1 0
 0 0 0 0 1 1 0 0 0 0
 0 0 1 0 0 1 1 0 0 1
 0 0 0 0 0 0 0 0 0 0
 0 0 0 0 0 0 1 0 1 0
 1 0 0 0 0 0 0 1 0 1
 0 0 1 0 0 0 1 1 0 0

Instance 189
19 10 
 0 0 0 0 0 1 0 1 0 1
 1 0 1 0 0 1 1 1 0 1
 0 0 0 0 0 0 1 0 0 0
 0 0 0 0 0 0 0 0 0 0
 1 0 0 0 0 1 0 1 1 0
 1 0 1 0 0 0 0 0 1 0
 0 0 0 0 0 0 1 0 0 0
 1 0 1 1 0 0 1 0 0 0
 0 1 0 1 0 0 0 0 0 0
 0 1 0 0 0 0 0 1 0 1
 0 0 0 0 0 0 0 0 0 0
 0 0 0 0 0 0 0 0 0 0
 1 0 0 0 0 0 0 0 0 0
 0 0 0 0 0 1 0 0 1 0
 0 0 1 1 0 0 0 0 0 1
 1 1 1 0 1 0 0 0 1 0
 0 1 0 0 0 0 0 0 0 1
 0 0 0 1 1 0 0 0 0 0
 1 0 0 1 0 0 0 0 0 1

