Instance 80
13 9 
 0 1 0 0 1 0 1 1 0
 0 0 1 0 0 0 0 1 0
 0 0 0 0 1 0 0 0 0
 1 0 1 0 1 0 0 0 0
 1 0 0 0 0 0 0 1 1
 0 1 0 0 0 1 0 0 1
 1 0 1 1 1 0 0 0 0
 0 1 0 0 0 0 0 0 0
 1 0 0 0 1 0 0 0 0
 0 0 0 0 0 1 1 0 0
 0 0 0 0 0 1 1 0 1
 0 0 0 0 0 0 0 0 0
 0 0 0 0 0 0 1 0 0

Instance 81
13 9 
 0 0 0 0 0 1 0 0 0
 1 0 0 1 0 0 0 1 0
 0 0 0 1 0 1 1 0 0
 1 1 1 0 1 0 0 0 0
 0 0 0 0 0 0 0 0 0
 0 0 0 0 0 0 1 0 0
 0 0 0 1 0 0 0 0 1
 0 0 0 0 0 0 0 0 0
 0 0 0 0 0 0 0 0 0
 0 1 0 0 0 0 0 0 0
 0 1 0 1 0 0 0 0 1
 0 0 0 0 1 1 0 0 0
 0 0 0 0 0 1 1 0 1

Instance 82
13 9 
 1 1 1 0 0 0 0 0 0
 0 0 0 0 1 0 0 1 1
 0 0 0 0 0 0 0 0 0
 0 0 0 1 0 0 0 0 0
 0 0 0 0 1 0 0 1 1
 0 0 1 0 0 0 0 0 0
 0 0 0 0 0 1 1 1 0
 0 0 1 0 0 0 0 0 0
 0 1 0 0 0 0 0 0 0
 0 0 0 0 0 1 0 0 0
 1 1 0 0 0 0 0 0 0
 0 0 1 0 0 0 0 0 0
 0 0 0 0 0 0 0 1 0

Instance 83
13 9 
 0 0 0 0 0 0 0 1 0
 0 1 0 0 1 1 0 0 0
 0 0 1 0 0 1 1 0 0
 0 1 0 0 0 1 1 0 0
 0 1 1 0 0 1 0 0 0
 1 1 0 0 0 0 0 1 1
 0 0 0 0 0 0 0 0 0
 0 0 1 0 1 0 0 0 0
 1 0 0 0 0 0 0 0 0
 0 0 0 0 0 1 0 0 0
 0 0 0 1 0 0 0 0 0
 1 0 0 0 0 0 1 0 0
 0 0 0 0 0 0 0 1 0

Instance 84
13 9 
 0 1 0 0 0 1 0 0 0
 0 0 1 0 0 1 1 1 0
 1 0 0 0 0 0 0 1 1
 0 0 0 0 0 0 0 0 1
 0 0 0 0 0 1 0 1 1
 0 0 0 0 0 0 0 0 1
 1 0 0 0 0 1 0 1 0
 0 0 1 0 0 0 0 1 0
 0 0 0 1 0 1 0 0 0
 0 0 1 0 1 1 0 0 0
 0 0 0 1 0 0 0 0 1
 0 0 1 1 0 0 0 0 0
 0 0 0 0 0 0 0 0 0

Instance 85
13 9 
 0 0 0 0 0 1 0 0 0
 0 0 0 0 0 1 0 0 0
 0 0 0 0 1 1 1 1 0
 0 0 1 0 0 1 1 0 0
 0 1 0 1 1 1 0 0 0
 0 0 0 0 0 0 0 0 0
 0 0 0 1 0 1 0 0 1
 0 1 0 1 0 0 0 0 0
 1 0 0 0 1 1 0 0 0
 0 1 0 0 1 0 0 0 0
 0 0 1 0 1 1 0 1 1
 1 0 0 0 0 0 0 0 1
 1 1 0 0 0 0 1 0 0

Instance 86
13 9 
 0 0 0 0 0 1 1 0 0
 1 1 0 0 0 1 1 0 0
 0 0 0 0 0 1 0 0 1
 0 0 0 0 1 0 0 0 0
 0 1 0 1 0 0 0 1 0
 0 1 0 0 0 0 1 1 0
 0 1 0 1 0 0 0 0 0
 0 0 1 0 1 0 0 1 1
 0 1 0 0 0 0 0 0 1
 0 0 0 0 0 1 0 1 0
 0 0 0 0 1 1 0 0 1
 0 0 0 0 0 1 1 0 0
 0 0 0 1 1 0 1 0 0

Instance 87
13 9 
 0 0 0 1 1 1 0 0 0
 1 0 0 0 0 1 0 0 0
 0 0 0 0 0 0 0 0 1
 0 1 1 0 0 0 0 0 0
 0 0 0 1 0 0 0 0 0
 0 0 0 0 0 1 0 1 0
 0 0 0 0 0 0 0 0 0
 1 0 0 0 0 0 1 0 0
 1 0 0 0 0 1 0 0 0
 0 0 0 0 0 1 0 0 0
 0 0 0 0 0 0 0 0 0
 0 0 0 0 0 0 0 0 0
 0 0 1 1 0 0 0 0 1

Instance 88
13 9 
 1 0 0 0 0 0 1 0 0
 1 1 0 0 0 0 0 0 0
 0 0 0 0 0 1 0 0 1
 0 0 0 0 0 1 0 0 0
 0 0 0 0 0 1 0 0 0
 0 1 0 0 0 0 1 0 0
 0 0 0 1 0 0 0 0 1
 1 0 0 0 0 0 0 0 0
 0 0 0 0 1 1 0 1 0
 0 0 0 0 0 0 0 0 0
 0 0 1 0 0 0 0 0 0
 1 0 0 0 0 1 0 0 0
 0 0 0 0 0 0 1 0 0

Instance 89
13 9 
 0 1 0 0 1 0 1 1 1
 0 0 0 0 0 0 0 1 0
 0 0 0 0 0 0 1 0 0
 0 0 0 0 1 0 0 0 0
 0 1 0 0 0 0 1 0 1
 0 0 0 0 1 0 0 1 0
 0 1 1 0 0 0 1 0 0
 0 0 1 0 0 0 0 0 0
 0 0 0 0 0 0 0 1 1
 0 1 0 0 0 0 0 0 0
 0 1 1 1 0 0 0 0 1
 0 0 0 0 1 0 0 0 0
 0 0 0 0 0 0 0 0 0

