Instance 90
13 10 
 0 0 0 0 0 1 0 0 0 1
 0 1 0 1 0 1 0 0 0 0
 0 0 1 0 0 0 1 0 1 0
 0 1 0 0 1 1 0 0 1 0
 0 0 1 0 1 0 1 0 0 0
 0 0 1 1 1 0 0 0 0 0
 0 0 0 0 0 0 1 1 0 0
 0 0 0 1 0 0 0 1 0 0
 1 0 0 0 0 0 0 0 0 0
 0 0 0 1 0 0 0 0 0 0
 0 0 1 0 1 0 0 1 0 1
 1 0 0 0 0 1 0 0 0 0
 0 0 0 0 1 1 0 0 0 0

Instance 91
13 10 
 0 1 0 0 1 0 1 0 0 0
 0 0 1 0 1 0 1 0 0 0
 1 0 0 0 0 0 0 0 0 0
 1 1 0 0 0 1 0 0 0 0
 1 0 0 0 0 0 0 0 1 1
 0 0 0 0 0 1 1 1 0 0
 0 0 0 0 0 0 0 1 0 0
 1 0 0 0 0 1 1 0 0 1
 0 0 0 0 1 1 0 0 0 1
 0 0 0 0 1 0 0 0 0 0
 0 0 0 0 1 0 0 1 1 1
 0 0 1 1 0 1 0 0 0 0
 0 0 0 1 0 1 1 1 1 1

Instance 92
13 10 
 0 0 1 0 0 0 0 1 1 0
 0 0 0 1 1 0 0 0 0 0
 0 0 1 0 0 0 1 0 0 0
 0 0 0 0 0 1 0 0 1 0
 0 0 1 0 1 0 0 0 0 0
 0 0 0 0 0 0 0 0 0 1
 0 0 0 1 0 0 0 1 1 0
 0 0 1 0 0 0 1 0 1 0
 0 0 0 0 0 0 0 0 0 1
 0 0 1 1 0 1 0 1 0 1
 0 0 0 1 0 0 0 0 0 0
 1 1 0 0 0 0 0 0 1 0
 0 0 0 0 0 0 0 1 0 0

Instance 93
13 10 
 0 1 0 0 0 1 0 1 0 0
 0 0 0 1 0 0 1 0 0 0
 0 0 0 1 0 0 1 0 0 0
 0 0 1 0 0 0 0 0 0 1
 0 1 1 1 0 0 0 0 0 1
 0 1 1 1 0 0 1 0 1 0
 0 0 0 0 0 0 0 0 0 0
 0 0 1 1 0 0 0 0 0 0
 1 0 0 0 0 0 1 0 0 0
 0 0 0 1 0 0 0 0 1 1
 0 0 0 0 0 0 0 0 0 1
 0 0 0 0 1 0 0 0 0 1
 0 0 0 1 1 1 0 0 0 0

Instance 94
13 10 
 0 0 0 0 1 1 0 0 0 0
 0 0 0 0 0 0 1 1 1 0
 0 0 1 0 0 1 1 0 1 0
 0 1 0 1 0 0 0 0 1 1
 1 0 0 0 0 0 1 0 0 0
 0 0 0 0 0 0 0 0 0 0
 0 0 0 0 0 0 0 0 0 0
 0 0 0 0 0 0 1 0 0 0
 0 1 0 0 0 1 0 0 0 1
 0 0 0 1 1 0 1 0 0 1
 0 0 0 0 0 0 0 1 1 0
 0 0 0 0 0 0 0 1 1 0
 1 1 0 1 0 0 0 0 0 1

Instance 95
13 10 
 0 0 0 0 0 0 1 0 1 0
 0 1 0 0 0 0 0 0 0 0
 0 0 0 0 0 0 0 0 0 0
 1 0 1 0 1 1 1 0 1 1
 0 0 0 0 0 0 0 0 0 0
 0 0 0 0 0 1 0 0 0 1
 0 1 0 0 0 0 0 0 1 1
 0 0 1 0 0 0 0 0 0 0
 0 0 0 0 0 0 0 0 1 0
 0 0 0 1 0 0 1 0 0 0
 0 0 0 1 0 0 1 0 0 0
 0 0 0 0 0 0 0 0 0 0
 0 0 0 0 1 0 0 0 0 0

Instance 96
13 10 
 0 1 1 0 0 1 0 0 1 1
 0 0 1 0 0 0 0 0 1 0
 1 0 0 0 0 0 0 1 1 0
 0 0 1 1 0 0 0 1 0 0
 0 0 0 0 0 0 1 0 0 0
 0 1 0 1 1 0 1 1 1 1
 0 1 0 1 1 1 1 0 0 0
 0 0 0 1 1 1 0 0 0 1
 0 0 0 0 0 0 0 1 0 0
 0 0 0 0 0 1 0 0 1 0
 0 0 0 1 0 0 0 1 0 0
 0 0 0 0 0 1 0 0 0 1
 1 0 0 0 0 0 0 1 0 0

Instance 97
13 10 
 0 0 0 0 0 0 0 1 0 1
 0 0 1 0 1 0 0 0 1 0
 0 0 0 0 1 0 1 0 1 1
 0 0 0 1 0 1 0 0 1 0
 0 0 1 1 0 0 0 1 0 0
 1 0 0 0 0 0 0 1 0 0
 0 0 0 0 0 1 0 0 0 1
 0 0 0 0 0 0 1 0 0 0
 0 1 1 0 1 0 0 0 0 0
 1 0 0 0 1 0 0 0 1 0
 0 1 0 0 0 0 1 0 0 1
 1 0 0 0 0 0 1 0 1 1
 0 0 0 0 0 0 1 0 0 1

Instance 98
13 10 
 0 0 0 0 0 0 0 1 0 0
 0 0 0 0 0 0 0 0 0 0
 0 0 0 0 0 0 1 0 0 0
 0 0 0 0 0 1 1 0 0 1
 1 0 0 0 0 1 1 1 0 0
 0 0 0 0 0 0 1 0 0 0
 0 0 0 0 0 0 0 0 0 0
 0 0 0 1 0 0 0 1 0 1
 0 0 0 0 0 0 0 0 1 1
 1 0 1 0 0 0 1 0 0 0
 1 0 0 0 1 0 0 0 0 0
 1 0 0 0 0 0 0 0 0 1
 0 0 0 0 0 1 0 1 0 0

Instance 99
13 10 
 0 1 1 1 1 1 0 1 0 0
 0 0 0 0 0 0 0 1 0 1
 1 0 0 0 1 0 0 0 0 0
 1 0 0 1 0 1 1 1 0 0
 0 0 0 0 0 0 0 0 0 0
 0 0 0 1 0 0 0 0 0 0
 0 0 0 0 0 0 0 0 0 0
 0 0 0 0 0 0 0 0 0 0
 0 0 1 0 0 0 1 0 0 0
 0 1 0 0 1 0 0 0 0 0
 0 0 1 0 0 1 0 1 1 0
 0 1 0 1 0 1 0 0 0 0
 0 0 0 0 0 0 0 1 0 0

