Instance 30
9 10 
 0 1 0 0 0 0 0 0 0 1
 0 0 0 1 0 0 0 0 0 0
 0 0 0 0 1 0 0 0 0 0
 0 1 0 1 0 0 0 1 0 1
 1 0 1 1 0 0 0 1 0 1
 0 1 0 0 1 0 0 1 1 0
 0 0 1 0 0 0 0 0 0 0
 0 1 1 0 0 0 0 1 1 1
 1 0 0 1 1 0 1 0 0 0

Instance 31
9 10 
 0 0 0 0 1 0 0 0 0 1
 0 0 0 0 1 0 0 0 0 1
 1 0 0 0 0 0 1 1 0 0
 1 0 0 0 0 0 1 1 1 0
 0 1 0 1 1 0 1 0 0 0
 1 0 1 0 0 1 0 0 0 1
 0 0 1 0 0 0 0 0 0 0
 0 1 0 0 0 1 1 0 0 0
 0 0 0 0 0 1 0 1 0 0

Instance 32
9 10 
 1 0 0 1 0 0 1 0 1 0
 0 0 0 1 1 0 0 0 0 0
 0 1 0 0 1 0 0 1 0 0
 1 1 0 0 0 0 0 0 0 0
 0 1 1 0 0 0 0 1 1 0
 1 0 0 0 0 0 0 0 0 0
 0 1 0 1 0 0 0 0 1 1
 0 1 1 1 1 0 0 0 0 0
 1 0 1 0 1 0 0 1 0 0

Instance 33
9 10 
 1 0 0 1 1 0 0 0 0 1
 0 1 0 0 0 0 0 0 0 0
 1 0 0 1 0 0 0 0 0 1
 0 1 0 1 0 1 0 0 1 1
 0 1 0 1 0 1 1 0 1 0
 0 1 0 0 0 0 0 1 0 0
 0 0 1 0 0 0 0 0 1 0
 1 0 1 0 1 0 1 0 0 0
 1 0 0 0 0 0 0 1 0 0

Instance 34
9 10 
 0 0 0 0 1 0 0 0 1 0
 0 0 0 0 1 0 0 0 0 0
 0 0 1 1 0 0 1 1 1 0
 0 1 0 1 0 0 1 0 0 0
 0 0 0 0 0 1 0 0 0 0
 0 0 0 0 0 0 0 0 0 0
 1 0 0 1 1 0 0 0 0 0
 0 0 0 0 1 1 0 0 0 0
 1 0 0 1 1 1 0 1 0 0

Instance 35
9 10 
 0 1 0 0 0 0 0 0 1 1
 0 0 1 0 1 0 0 0 0 0
 1 0 1 0 0 0 0 0 0 1
 0 1 0 0 0 0 0 0 1 0
 0 0 1 0 0 0 1 0 0 1
 0 0 0 0 0 0 1 0 0 0
 0 1 0 0 0 0 0 0 1 1
 1 0 0 1 1 1 0 1 0 0
 0 1 0 0 0 0 1 0 0 0

Instance 36
9 10 
 0 0 0 0 0 1 0 1 0 0
 1 1 0 0 0 0 0 0 0 1
 0 1 1 0 0 0 0 0 0 0
 1 0 0 0 0 0 0 0 0 0
 1 0 0 0 0 1 0 0 0 1
 0 0 0 0 1 0 0 0 0 0
 0 0 0 0 0 0 0 0 1 0
 0 0 0 0 0 1 0 0 1 0
 0 0 0 1 0 0 0 0 0 0

Instance 37
9 10 
 0 1 1 1 0 0 0 0 1 0
 1 1 0 0 0 0 0 0 0 0
 0 0 0 0 0 0 1 1 1 1
 1 1 0 0 0 0 1 0 0 0
 0 0 0 0 0 0 1 0 1 0
 0 0 1 0 0 0 0 0 0 0
 0 0 0 0 0 1 0 0 1 0
 0 0 0 1 1 0 0 1 0 1
 1 0 0 1 1 0 0 0 0 0

Instance 38
9 10 
 1 0 0 0 1 0 0 0 1 1
 0 0 1 0 0 0 0 0 0 0
 1 0 1 0 0 0 0 0 0 0
 1 0 1 1 1 1 0 0 1 0
 1 0 1 0 0 0 0 0 1 0
 1 0 0 1 0 1 0 0 0 0
 1 0 0 0 0 0 0 0 1 0
 1 1 1 1 1 0 0 0 0 1
 0 0 0 1 0 0 0 0 1 0

Instance 39
9 10 
 0 0 1 0 0 1 0 0 0 0
 0 0 1 0 0 1 1 0 0 0
 0 0 0 0 0 1 1 1 0 0
 0 0 1 0 1 1 0 0 0 1
 0 0 0 1 0 0 1 0 0 0
 0 1 0 0 0 0 0 0 0 0
 0 1 0 0 0 0 0 0 0 1
 0 0 0 1 0 0 0 0 1 0
 0 1 1 0 0 1 0 0 0 0

