Instance 60
10 7 
 0 1 0 1 1 1 1
 1 1 0 1 0 1 1
 1 1 1 1 0 1 1
 1 0 1 1 1 0 1
 1 0 1 1 1 1 1
 1 0 1 1 1 1 0
 1 1 1 1 1 1 0
 0 0 1 1 0 0 0
 1 0 1 1 1 0 1
 1 1 1 0 1 1 1

Instance 61
10 7 
 1 1 1 1 1 0 1
 0 1 1 0 0 1 1
 1 1 1 1 1 0 1
 0 0 1 1 1 1 1
 1 1 0 1 1 1 1
 1 1 1 1 1 0 1
 1 1 1 0 1 1 1
 0 1 1 1 1 0 1
 1 1 1 1 1 1 1
 1 1 1 1 1 0 1

Instance 62
10 7 
 1 1 1 1 1 0 1
 1 0 1 1 1 1 0
 1 1 1 1 1 1 1
 0 0 0 1 1 1 1
 0 1 0 0 1 1 1
 1 1 1 1 1 1 1
 1 1 1 1 0 0 0
 0 0 0 1 1 1 1
 0 1 1 1 1 1 1
 1 1 1 0 1 0 1

Instance 63
10 7 
 1 1 0 1 1 1 1
 1 1 1 1 1 1 1
 1 0 1 1 0 1 1
 1 1 0 0 1 1 0
 1 0 0 1 1 0 0
 1 1 1 1 1 0 1
 1 1 0 1 1 1 0
 0 1 1 0 1 1 1
 1 1 1 1 0 1 0
 1 1 1 1 1 1 1

Instance 64
10 7 
 0 1 0 0 0 0 1
 1 0 1 0 1 0 1
 1 1 1 1 0 1 0
 1 1 0 1 0 1 1
 1 1 0 1 1 1 1
 1 1 1 0 1 0 0
 0 0 0 1 1 1 1
 0 1 1 1 0 1 1
 1 1 0 1 1 1 0
 1 1 0 1 1 1 1

Instance 65
10 7 
 1 1 0 1 1 0 0
 1 1 1 1 1 1 1
 1 0 0 0 1 1 1
 1 0 1 0 0 1 1
 1 0 1 1 1 0 1
 1 0 1 1 1 1 0
 1 1 1 1 1 1 1
 1 1 0 1 1 1 1
 1 1 1 0 1 1 1
 0 1 1 1 1 0 1

Instance 66
10 7 
 1 0 0 1 1 0 1
 1 1 1 0 0 0 1
 1 1 1 0 1 1 0
 1 0 1 1 0 1 1
 0 1 1 1 0 1 0
 1 1 0 0 1 0 1
 1 1 1 0 1 0 1
 0 1 1 1 1 0 1
 1 1 0 1 1 1 1
 1 1 0 1 0 1 0

Instance 67
10 7 
 1 0 1 1 1 1 1
 0 1 1 1 0 1 0
 0 0 0 1 1 1 1
 0 1 1 1 1 1 1
 1 1 1 1 1 1 1
 1 0 1 1 1 1 1
 0 0 1 1 1 1 1
 0 1 1 1 0 1 1
 1 1 1 0 1 1 1
 1 0 1 1 1 0 1

Instance 68
10 7 
 1 1 0 1 1 1 0
 1 1 0 1 1 1 1
 1 1 1 1 1 0 1
 1 1 1 1 0 1 0
 1 1 1 0 1 1 1
 1 1 1 1 1 1 0
 1 1 1 1 0 0 1
 1 1 1 1 1 1 1
 1 1 0 1 1 1 0
 1 1 1 0 1 1 1

Instance 69
10 7 
 0 1 1 1 1 1 0
 1 0 1 0 0 1 0
 1 1 1 1 1 1 1
 1 1 1 1 1 1 1
 0 1 1 0 0 0 1
 1 1 1 0 1 1 1
 1 1 0 1 1 1 0
 1 1 1 1 0 0 0
 1 1 1 1 1 1 1
 1 1 1 1 1 0 0

