Instance 170
19 9 
 0 1 1 0 1 0 1 1 0
 1 0 1 1 0 0 0 1 0
 0 0 0 0 0 0 1 0 0
 1 0 0 0 1 0 1 1 0
 0 0 1 1 1 0 1 1 0
 1 0 1 1 0 0 1 0 1
 0 0 1 0 0 0 0 1 0
 1 1 1 0 0 0 1 0 0
 0 0 0 1 0 0 0 0 1
 0 0 0 0 0 0 0 0 0
 1 0 0 0 0 0 0 0 1
 0 0 1 1 0 0 1 0 0
 1 0 0 0 1 1 0 1 0
 0 0 1 0 0 1 0 1 0
 0 1 0 1 0 0 0 1 0
 0 0 1 0 1 1 0 0 1
 0 0 0 1 1 0 0 0 0
 0 0 0 1 1 1 0 0 0
 1 0 0 0 0 0 0 1 0

Instance 171
19 9 
 0 0 0 0 0 0 0 0 0
 1 1 0 1 1 0 0 0 1
 0 1 0 0 0 0 0 1 1
 0 0 0 0 0 0 1 1 1
 0 0 0 1 0 0 0 0 0
 1 0 0 0 0 0 0 0 1
 0 0 0 0 0 0 1 0 0
 0 1 0 1 1 0 0 0 0
 1 0 0 0 0 0 0 1 0
 1 0 1 0 1 0 1 0 0
 0 0 0 0 0 0 0 0 0
 0 1 0 0 0 0 1 0 0
 0 1 0 0 0 0 1 1 0
 1 0 0 0 0 0 0 0 0
 0 0 0 0 1 1 0 0 0
 1 1 0 1 0 0 0 1 0
 0 0 0 0 0 0 0 0 0
 0 0 0 0 0 1 1 0 1
 0 0 0 1 0 0 0 1 0

Instance 172
19 9 
 1 0 0 0 0 0 0 1 0
 1 0 1 0 0 0 1 0 0
 0 0 0 0 0 0 1 0 1
 0 0 0 1 0 1 0 0 0
 0 0 0 0 0 0 0 0 1
 1 0 0 0 0 0 1 0 0
 1 1 0 0 0 0 1 0 1
 0 1 0 0 0 0 0 1 0
 1 0 0 0 0 1 0 0 0
 0 0 1 0 0 0 1 0 0
 0 0 0 0 1 0 0 0 1
 0 1 0 1 0 1 0 0 0
 0 0 0 0 1 1 0 1 1
 0 0 0 0 0 1 0 0 0
 1 0 1 1 0 0 0 0 0
 0 0 0 0 0 0 0 0 0
 1 1 0 0 1 0 1 0 1
 0 1 0 0 0 0 1 0 1
 0 0 1 0 1 0 0 1 0

Instance 173
19 9 
 0 0 0 1 0 0 0 1 0
 0 0 0 0 0 0 0 1 0
 0 0 0 0 1 0 0 0 0
 0 0 0 0 0 1 0 0 0
 0 0 0 1 0 1 0 0 0
 0 0 0 0 0 0 1 1 0
 0 1 0 0 1 0 1 0 0
 0 0 0 1 1 1 1 0 0
 0 0 0 0 0 0 0 0 1
 1 0 0 0 0 0 1 0 0
 0 1 0 1 0 0 0 0 0
 0 0 0 0 0 0 1 0 0
 0 0 0 1 0 0 0 1 0
 0 1 0 0 0 0 0 0 1
 0 0 0 1 0 0 0 1 0
 1 0 0 0 0 0 1 0 0
 1 1 1 0 0 0 0 0 0
 0 1 0 1 0 0 1 0 1
 0 0 0 0 0 0 0 0 0

Instance 174
19 9 
 0 0 0 0 0 0 0 0 0
 1 0 0 0 0 0 0 0 0
 0 0 1 0 1 0 0 0 0
 1 1 0 0 0 0 0 0 0
 0 0 0 1 0 1 1 0 1
 0 1 0 1 0 0 0 1 0
 0 0 0 1 0 1 0 1 0
 0 1 0 0 0 0 1 1 0
 1 0 1 0 0 1 0 0 0
 0 0 1 0 1 0 0 0 0
 0 1 0 1 0 0 0 0 1
 0 0 0 0 1 0 1 0 0
 0 0 0 0 1 0 1 0 0
 0 0 0 0 0 0 0 0 0
 0 0 1 0 0 0 1 0 1
 0 0 0 1 1 1 1 0 0
 0 1 1 0 0 0 0 0 1
 1 1 1 0 0 0 0 0 0
 0 1 0 0 0 0 1 0 0

Instance 175
19 9 
 1 0 1 1 0 0 0 0 0
 0 0 0 0 0 1 1 0 0
 1 0 1 0 0 0 0 1 1
 0 0 0 0 1 0 1 1 0
 1 0 0 0 0 1 1 0 1
 0 0 0 0 0 0 0 0 1
 0 0 0 0 0 0 0 0 1
 0 0 0 0 1 0 0 0 0
 1 0 1 0 0 1 0 0 0
 0 0 0 0 1 1 1 0 0
 0 0 0 1 1 0 0 0 0
 0 0 0 0 0 1 0 0 0
 0 0 0 0 0 1 1 0 0
 0 1 0 1 0 0 0 0 0
 1 0 1 0 1 0 0 1 0
 0 0 1 0 0 1 1 1 1
 0 0 0 0 0 1 0 0 0
 0 1 0 0 0 0 0 0 0
 0 1 1 0 0 0 0 0 0

Instance 176
19 9 
 0 0 0 0 1 0 0 0 0
 0 1 0 0 1 0 0 0 0
 0 0 0 0 0 0 1 0 1
 0 0 0 0 0 0 1 0 0
 0 0 1 0 0 0 1 0 0
 1 0 1 0 1 1 0 1 0
 0 1 1 0 0 0 0 0 1
 0 1 0 1 0 0 1 0 0
 0 0 0 1 0 0 0 0 0
 0 0 1 0 0 0 0 0 0
 1 0 1 0 1 0 0 1 0
 1 0 0 0 0 0 1 0 0
 1 0 0 0 0 0 0 0 1
 0 0 0 0 1 0 0 0 0
 1 0 0 0 0 0 0 0 1
 0 1 0 0 0 1 1 0 1
 1 0 0 0 0 1 1 0 0
 0 0 0 0 0 0 0 0 0
 1 0 0 1 1 0 0 0 0

Instance 177
19 9 
 0 1 1 0 0 0 1 1 0
 0 1 0 1 0 0 1 1 0
 0 1 0 0 1 1 0 0 0
 0 1 0 0 0 0 1 1 1
 1 0 0 0 0 0 1 0 0
 0 0 0 0 1 0 0 1 1
 0 0 0 0 0 1 0 0 0
 0 0 0 0 1 0 1 0 0
 0 0 0 0 0 1 1 1 1
 1 1 0 1 0 0 0 0 1
 0 0 0 0 0 0 0 0 0
 0 0 0 0 1 1 0 1 0
 0 0 0 0 0 0 1 0 0
 0 1 0 1 1 0 0 1 1
 0 0 1 0 0 0 0 0 0
 1 0 0 1 1 0 0 1 0
 0 0 1 0 0 1 0 1 0
 1 0 0 0 1 1 1 0 0
 0 0 1 0 1 0 0 0 1

Instance 178
19 9 
 0 0 1 0 0 0 0 1 0
 1 0 1 0 0 0 0 0 0
 0 0 0 0 0 1 1 0 1
 0 1 0 1 0 0 1 0 1
 0 0 0 0 1 0 0 0 0
 0 0 1 0 0 0 1 0 0
 0 0 0 0 0 0 0 1 0
 0 0 0 0 0 0 0 0 1
 1 0 0 0 1 0 1 0 0
 0 0 0 0 1 0 1 1 0
 1 0 0 0 1 0 1 0 0
 0 1 1 0 1 0 0 1 0
 1 0 0 0 0 0 0 1 1
 1 1 0 0 0 0 0 0 1
 0 0 0 0 0 1 1 0 0
 0 0 0 0 0 0 0 0 0
 0 0 0 1 0 0 1 0 0
 0 0 0 1 0 1 0 0 0
 0 0 0 0 0 1 0 1 1

Instance 179
19 9 
 1 0 0 0 1 1 1 0 0
 0 0 0 1 0 0 0 0 0
 0 0 1 0 1 0 0 1 0
 1 1 0 0 0 0 0 0 0
 1 0 0 0 0 0 0 0 0
 1 1 0 1 0 0 0 0 0
 1 0 1 0 0 0 0 0 0
 1 0 1 0 1 0 0 0 1
 0 1 1 0 1 0 0 0 0
 0 0 0 1 0 0 0 0 0
 1 0 0 1 0 0 1 0 1
 0 0 1 1 0 0 1 1 0
 0 0 0 0 1 0 0 0 0
 0 0 0 1 0 0 0 0 0
 0 0 0 0 0 0 0 0 1
 0 0 1 0 0 0 0 0 0
 1 0 0 0 0 0 1 0 0
 0 0 0 1 1 1 0 0 1
 1 1 1 1 1 1 0 0 0

