Instance 110
10 12 
 1 1 1 1 0 1 1 1 1 1 1 1
 0 1 1 1 0 1 1 1 1 1 1 1
 1 1 0 0 1 1 1 1 1 1 1 0
 0 1 0 1 1 1 1 1 1 1 1 1
 1 1 1 1 1 1 0 1 1 1 1 1
 1 1 0 1 1 1 0 1 1 0 1 1
 1 0 1 1 1 1 0 1 0 0 1 1
 0 0 0 1 0 1 1 1 1 1 1 1
 1 1 1 1 1 1 1 1 1 1 1 1
 0 1 1 1 1 1 0 1 1 1 1 0

Instance 111
10 12 
 1 1 1 1 1 1 1 1 1 1 1 1
 1 1 1 1 1 1 1 0 1 1 1 1
 1 1 1 1 0 1 0 1 1 1 1 0
 1 1 1 1 0 0 1 1 1 1 1 1
 1 1 0 0 1 0 0 0 0 1 1 1
 1 1 1 1 1 1 1 0 1 1 0 0
 1 1 1 1 1 1 1 1 1 1 1 1
 0 1 1 1 1 1 1 1 1 1 0 1
 1 0 0 1 1 0 1 1 1 1 1 1
 1 1 1 1 1 0 0 0 1 1 1 0

Instance 112
10 12 
 1 1 1 1 1 1 1 0 1 1 1 1
 1 1 1 1 1 1 1 1 0 1 1 1
 0 0 1 1 1 1 1 1 1 1 1 0
 1 1 1 1 1 1 1 1 1 1 1 1
 1 0 1 1 1 1 1 1 1 1 0 1
 1 0 1 1 0 0 1 1 1 1 1 0
 1 1 0 0 1 1 1 0 1 1 1 0
 0 1 1 1 0 0 1 1 0 1 1 1
 0 0 1 1 1 1 1 0 0 1 1 1
 1 1 1 1 1 1 1 1 0 1 0 1

Instance 113
10 12 
 1 1 1 0 1 1 1 1 1 1 1 1
 1 1 1 1 1 0 1 1 1 1 1 1
 0 1 1 1 1 1 0 1 1 1 1 1
 0 1 1 1 1 1 1 1 1 1 0 1
 1 0 1 1 1 0 1 1 1 1 1 0
 1 1 0 0 0 1 0 1 1 1 1 1
 1 0 0 1 1 1 1 1 1 1 1 0
 1 1 1 1 1 0 1 0 0 1 1 1
 1 1 1 1 1 0 0 1 1 1 1 0
 1 0 1 1 1 0 1 1 1 1 0 1

Instance 114
10 12 
 1 1 1 0 1 0 1 1 1 1 1 0
 1 0 0 1 1 1 1 1 1 0 1 1
 1 1 0 1 1 0 0 1 1 1 1 1
 1 1 1 1 1 1 1 1 1 1 1 1
 1 1 0 1 1 1 1 1 1 1 1 0
 1 1 1 1 1 1 1 0 0 0 0 1
 1 1 0 1 1 0 0 1 1 1 0 1
 0 0 0 1 1 1 1 1 1 1 1 1
 1 1 1 1 1 1 0 1 0 1 1 0
 1 0 1 0 1 1 1 1 1 0 1 1

Instance 115
10 12 
 1 0 0 1 1 1 1 0 1 1 0 1
 1 1 1 1 1 0 1 0 0 1 0 0
 0 1 1 1 1 1 1 1 0 0 0 1
 1 1 1 0 1 1 1 1 1 1 1 0
 0 1 1 0 0 1 1 1 0 0 1 1
 1 1 1 1 1 0 1 1 0 1 1 1
 1 0 1 1 1 1 1 0 1 0 1 1
 1 0 1 1 0 1 1 1 1 0 0 1
 1 0 1 0 1 1 1 1 1 1 1 0
 1 0 1 1 0 0 1 0 1 1 1 1

Instance 116
10 12 
 1 1 0 1 1 1 1 1 0 1 0 1
 1 1 1 1 0 0 1 1 0 1 1 1
 1 1 0 0 1 1 1 1 1 0 0 1
 0 1 1 1 1 1 0 0 0 1 1 1
 0 1 1 1 1 0 1 1 1 1 1 1
 1 1 1 1 1 0 1 0 0 1 1 1
 1 1 1 1 1 1 0 1 1 1 1 1
 1 1 1 1 1 0 1 0 1 1 1 1
 1 1 1 1 1 1 0 1 1 1 1 1
 0 1 1 0 1 1 1 1 0 1 1 1

Instance 117
10 12 
 1 1 1 1 1 0 1 1 1 1 1 1
 1 1 1 1 1 1 1 1 1 1 1 1
 1 1 1 1 1 0 0 1 1 1 1 0
 0 1 1 1 1 1 0 1 1 0 0 1
 1 1 1 1 1 1 1 1 1 1 1 0
 1 1 0 1 1 1 1 1 0 1 1 1
 1 1 1 1 1 0 1 1 1 1 0 1
 1 1 1 0 1 1 1 1 1 0 1 1
 1 1 0 0 1 1 1 1 1 1 1 1
 1 1 1 1 0 0 1 0 1 1 1 1

Instance 118
10 12 
 1 1 1 1 1 1 1 1 0 1 1 1
 1 1 1 0 1 1 1 1 0 1 1 1
 1 1 1 1 1 1 0 1 1 1 0 1
 1 0 1 0 0 0 1 1 1 1 1 1
 1 0 1 1 1 1 1 1 1 0 1 1
 1 1 1 1 0 1 1 1 1 1 0 1
 1 1 1 0 1 0 1 1 1 1 0 1
 1 0 1 1 0 0 1 1 1 0 1 1
 1 1 0 1 1 1 1 1 1 1 1 1
 1 1 1 1 0 0 1 0 1 1 1 1

Instance 119
10 12 
 1 1 1 1 0 0 0 1 1 1 1 0
 1 1 1 1 0 1 1 1 1 1 1 1
 1 1 1 1 1 1 1 1 1 1 1 0
 1 1 1 0 1 0 1 0 1 0 1 1
 1 1 1 1 0 1 1 1 0 1 0 1
 1 0 1 1 0 0 1 1 0 1 1 1
 0 1 0 1 0 1 1 1 1 1 0 0
 0 1 1 1 1 1 1 1 1 1 1 1
 0 0 1 1 1 1 1 0 1 1 1 0
 1 1 0 1 1 1 1 1 1 1 1 1

