Instance 50
11 9 
 0 0 0 0 0 0 0 0 0
 0 1 0 0 0 0 0 0 0
 0 0 0 0 0 0 1 1 0
 1 0 0 0 0 0 0 0 0
 0 0 0 0 0 0 0 0 0
 0 0 0 1 0 0 0 0 0
 0 1 0 1 1 1 0 0 0
 1 0 1 0 0 0 0 0 0
 0 0 0 1 0 0 0 1 0
 0 1 0 0 1 0 1 1 0
 0 1 0 0 1 0 0 0 1

Instance 51
11 9 
 1 1 1 0 0 0 1 0 0
 0 0 0 0 0 0 0 1 0
 1 1 0 0 0 0 1 0 1
 1 0 0 0 0 0 1 1 0
 0 0 1 0 1 1 0 1 0
 0 0 0 1 1 0 0 0 0
 1 0 1 0 1 0 0 0 0
 0 0 0 1 0 0 0 1 0
 1 0 0 1 0 0 0 0 0
 1 0 0 0 0 0 0 0 1
 1 1 0 0 0 0 1 0 0

Instance 52
11 9 
 0 1 0 0 0 1 0 1 0
 1 0 0 0 0 1 0 0 0
 0 0 0 0 0 0 0 0 0
 1 0 0 0 0 1 1 1 0
 0 0 0 0 0 0 1 1 0
 0 0 0 0 0 0 1 0 0
 0 0 0 0 1 0 0 0 0
 1 1 0 0 1 0 1 0 0
 0 0 0 1 0 0 0 0 0
 1 0 0 1 0 0 0 0 1
 0 0 0 1 0 1 0 0 0

Instance 53
11 9 
 0 0 0 1 0 0 0 0 0
 0 1 0 1 0 0 0 0 0
 0 1 0 0 0 1 1 0 0
 1 0 0 0 0 0 0 0 0
 0 1 0 0 0 0 0 1 1
 0 0 0 0 0 0 1 1 0
 1 1 0 0 0 0 1 0 1
 1 0 0 0 0 0 1 1 1
 0 0 0 0 0 0 0 0 0
 0 0 0 0 0 1 0 0 0
 0 0 0 0 0 0 1 0 1

Instance 54
11 9 
 1 0 1 1 0 0 0 0 1
 0 0 0 1 0 0 0 0 1
 1 0 1 0 0 1 1 0 0
 0 0 1 1 0 0 1 0 1
 0 0 1 0 1 0 0 1 0
 0 1 0 0 0 0 0 1 1
 0 0 0 1 1 0 0 0 0
 0 0 0 0 1 1 0 0 0
 0 0 1 0 0 0 0 0 0
 0 0 0 1 0 0 0 0 1
 1 0 1 1 1 0 0 1 0

Instance 55
11 9 
 0 1 0 1 0 0 1 0 1
 0 0 0 1 0 0 1 1 0
 0 0 0 1 0 0 0 1 0
 1 1 0 1 1 0 0 0 1
 0 0 1 1 0 1 0 0 0
 0 0 0 1 0 0 0 0 0
 1 0 0 0 1 0 0 0 0
 0 0 0 0 1 0 0 0 0
 0 0 0 1 0 0 0 0 0
 0 0 0 0 0 1 0 0 0
 1 0 0 1 0 0 0 0 1

Instance 56
11 9 
 0 0 1 0 1 0 0 0 1
 0 0 0 1 0 0 1 0 0
 0 0 0 0 0 0 0 0 1
 1 0 0 0 0 0 1 0 0
 0 0 0 0 0 0 0 1 0
 0 0 0 0 0 1 1 0 0
 0 0 1 0 1 0 1 0 0
 0 0 0 0 0 0 0 0 0
 0 0 0 0 0 1 1 0 0
 0 1 0 1 0 1 0 0 0
 1 0 1 0 0 0 0 0 0

Instance 57
11 9 
 0 0 0 1 1 0 0 0 0
 1 1 0 1 0 1 1 0 0
 1 0 0 1 0 0 0 1 0
 1 0 0 0 1 0 0 0 1
 0 0 1 0 0 0 0 0 1
 0 0 1 0 0 0 0 1 0
 0 0 0 1 1 0 0 0 0
 0 0 1 0 0 1 0 0 0
 1 0 0 0 0 0 0 0 0
 0 0 0 0 1 0 0 1 0
 0 1 0 0 0 0 1 0 0

Instance 58
11 9 
 0 1 0 0 0 1 1 1 1
 0 0 0 0 0 1 0 0 0
 0 1 0 0 0 1 1 1 0
 0 0 0 0 1 0 1 1 0
 0 0 1 0 0 1 0 1 1
 0 0 0 0 1 0 1 0 0
 0 0 0 0 0 0 0 0 0
 0 0 0 0 0 0 0 1 0
 0 0 0 0 0 0 0 0 0
 1 0 0 0 0 0 0 0 0
 0 1 0 0 1 0 1 0 0

Instance 59
11 9 
 0 0 1 1 0 0 0 1 0
 0 0 1 0 1 1 0 1 0
 0 0 0 0 0 0 1 1 0
 0 1 0 0 0 0 1 0 0
 0 0 0 0 0 0 0 1 0
 0 0 0 0 1 1 0 1 1
 1 0 0 0 0 0 0 0 1
 0 0 0 0 0 0 0 0 0
 1 0 0 1 1 1 0 0 0
 0 0 0 0 0 0 0 1 1
 0 1 1 0 0 0 0 0 0

