Instance 150
17 10 
 0 0 1 0 0 1 0 1 0 0
 0 0 0 0 0 0 1 0 1 0
 0 1 1 0 0 0 0 1 0 0
 1 0 0 0 0 1 0 0 0 0
 0 1 0 0 1 0 0 1 0 1
 0 0 0 1 0 0 0 0 0 0
 0 0 1 0 0 0 0 1 0 1
 1 0 1 0 0 0 0 0 0 1
 0 1 0 1 1 1 0 0 1 1
 0 0 0 0 0 0 0 0 0 0
 0 0 0 1 1 0 0 1 1 0
 1 0 0 1 0 0 0 1 0 0
 0 0 0 0 0 0 0 0 1 0
 0 0 1 0 0 1 0 0 0 0
 0 0 0 0 0 0 0 1 0 0
 0 0 0 0 0 1 0 0 1 1
 0 1 0 0 0 0 0 0 0 0

Instance 151
17 10 
 0 0 0 0 1 0 0 1 0 1
 1 0 0 0 0 0 0 0 0 0
 1 0 0 1 0 0 0 0 1 0
 0 0 0 0 0 1 1 1 0 0
 0 1 0 0 0 0 1 0 0 0
 0 0 0 1 1 0 1 0 1 0
 0 0 0 0 1 0 0 0 0 0
 0 0 1 1 0 1 0 0 0 0
 0 0 0 0 0 1 0 1 0 1
 0 0 0 0 0 1 1 0 0 0
 0 1 1 0 1 0 0 1 0 0
 0 0 0 1 0 1 1 0 0 0
 0 0 0 0 1 1 0 0 0 0
 0 0 0 0 0 0 1 0 0 0
 0 0 1 1 1 0 0 0 0 0
 0 0 0 0 0 1 0 0 0 0
 0 1 1 0 1 0 0 0 0 0

Instance 152
17 10 
 0 1 0 0 1 0 0 1 0 1
 1 0 0 1 0 0 1 0 1 1
 1 0 0 1 0 0 0 1 1 0
 0 0 0 1 0 0 0 0 0 0
 0 0 1 0 0 1 0 0 0 0
 0 1 0 0 0 0 1 0 0 0
 0 0 1 0 0 1 0 0 1 0
 0 0 0 0 0 1 1 1 0 0
 0 1 0 0 0 0 0 0 0 1
 1 1 0 0 0 0 0 0 1 0
 0 1 0 0 0 1 0 0 0 0
 0 0 0 1 0 0 0 0 1 1
 0 0 1 0 0 0 0 0 0 1
 0 1 0 0 0 0 0 0 0 0
 0 1 1 0 0 1 1 1 0 0
 1 0 0 0 0 0 1 0 0 1
 0 0 0 0 0 0 0 0 0 0

Instance 153
17 10 
 0 0 1 0 1 0 0 1 1 0
 0 0 0 0 0 1 0 0 0 0
 0 0 1 0 0 0 0 0 0 1
 0 1 0 0 0 0 0 0 1 0
 0 0 0 1 0 1 0 0 0 0
 1 0 0 0 0 0 0 0 0 0
 0 1 0 0 0 1 0 0 0 0
 0 1 0 1 0 1 1 0 1 0
 0 0 1 0 1 0 1 0 1 0
 0 0 0 0 0 0 0 1 1 0
 0 0 0 1 0 0 0 0 0 0
 0 0 0 1 0 0 0 0 0 0
 0 0 0 0 0 0 0 1 1 0
 0 0 0 0 0 1 0 0 0 0
 0 0 0 0 0 1 0 0 0 0
 0 0 0 0 0 0 0 1 0 0
 0 0 0 0 0 1 0 0 0 0

Instance 154
17 10 
 0 0 1 1 1 0 1 0 0 1
 1 1 1 0 0 0 0 1 0 0
 1 0 0 1 1 1 0 1 1 1
 0 1 0 1 1 1 0 0 0 1
 0 0 0 0 0 1 0 0 0 0
 0 0 0 0 0 1 0 0 0 0
 0 0 0 0 0 0 0 0 1 0
 1 0 1 0 1 1 0 0 1 1
 0 0 0 1 0 0 1 0 0 0
 0 0 1 0 0 0 0 1 0 0
 0 0 0 0 0 0 0 0 0 0
 1 1 0 0 0 1 1 0 0 0
 0 1 0 1 0 0 1 0 1 0
 0 0 1 0 1 1 0 0 1 0
 1 0 0 1 0 1 1 0 0 0
 0 1 0 0 0 1 1 1 1 1
 0 0 0 0 0 0 0 0 0 0

Instance 155
17 10 
 0 0 0 0 0 0 0 0 0 0
 0 0 0 0 1 0 0 0 0 0
 0 1 0 0 0 1 0 0 1 0
 0 0 1 0 1 0 0 0 0 0
 0 0 1 0 0 1 1 0 0 1
 1 0 0 1 1 0 0 1 0 1
 0 0 0 0 0 1 1 0 0 0
 0 0 0 0 0 0 0 0 0 0
 0 0 1 0 1 0 1 0 1 0
 0 1 0 0 0 1 0 1 1 0
 0 0 0 0 1 0 0 0 0 0
 0 0 0 0 0 0 1 0 0 0
 0 1 0 0 1 0 0 0 1 0
 1 0 0 0 1 0 1 0 0 0
 0 0 1 1 0 0 0 1 0 0
 1 0 0 0 0 1 0 0 0 0
 1 1 1 1 0 1 1 0 0 0

Instance 156
17 10 
 0 0 0 0 0 0 0 1 1 0
 0 0 0 0 0 0 0 0 0 1
 0 1 0 0 1 0 0 0 1 0
 0 1 0 1 0 0 0 0 0 0
 0 0 0 0 0 1 0 0 1 0
 0 0 0 0 0 0 0 1 1 0
 0 0 0 1 0 0 1 0 0 1
 0 1 1 0 1 0 0 1 0 0
 0 1 1 0 1 0 1 0 0 0
 0 0 0 1 0 1 0 0 0 0
 0 0 0 0 1 1 0 0 0 0
 0 0 0 0 0 0 0 0 0 0
 0 0 0 0 0 0 0 1 0 0
 0 0 0 0 0 0 0 1 0 0
 0 0 1 0 0 0 0 0 1 1
 0 1 0 1 0 1 0 0 0 0
 0 1 0 0 0 0 0 1 0 0

Instance 157
17 10 
 0 1 0 0 0 0 1 1 1 0
 1 0 0 0 0 0 0 0 0 1
 0 0 1 0 1 1 0 0 1 0
 0 0 1 0 0 0 0 1 0 0
 1 0 0 0 0 0 0 0 1 0
 0 0 0 0 0 0 1 0 0 0
 1 1 1 1 0 0 0 0 0 0
 0 0 1 0 1 0 0 0 0 1
 0 0 0 0 0 1 0 0 0 0
 0 0 1 0 0 1 0 0 0 0
 0 0 0 0 0 0 1 1 0 1
 0 0 0 0 1 1 0 0 0 0
 0 0 0 0 0 0 1 0 0 0
 0 0 1 0 0 0 0 0 0 0
 0 0 0 1 0 0 0 1 1 0
 0 0 0 0 0 0 0 0 0 0
 0 0 0 0 0 0 1 0 1 0

Instance 158
17 10 
 0 0 0 0 0 0 0 0 1 0
 0 0 0 0 0 1 0 0 0 0
 0 0 0 0 0 0 0 0 0 1
 0 0 1 0 0 0 1 0 0 1
 0 0 0 0 0 1 1 0 0 1
 0 1 0 0 0 0 0 0 1 1
 1 0 0 0 0 1 1 0 1 0
 0 0 1 1 0 0 0 1 0 1
 0 0 0 1 0 0 0 0 0 0
 0 0 0 0 1 0 0 0 0 0
 0 0 1 0 1 0 0 0 0 0
 1 0 0 1 0 0 0 1 0 0
 0 0 0 0 0 1 1 0 0 0
 0 1 0 1 0 0 1 0 0 0
 0 1 0 0 1 0 0 0 0 0
 0 0 0 0 0 1 0 0 0 0
 0 0 0 0 1 0 0 0 0 0

Instance 159
17 10 
 0 0 0 0 0 1 0 0 0 0
 0 1 0 0 1 0 0 0 0 0
 1 1 0 0 0 0 0 0 0 0
 1 0 0 0 0 0 0 0 0 1
 0 0 0 0 0 0 1 0 0 1
 0 1 0 1 1 1 0 1 0 0
 1 0 0 0 1 0 0 0 0 0
 0 0 0 1 0 0 0 0 1 0
 0 1 0 0 0 0 0 1 0 0
 1 0 0 0 0 0 0 1 0 0
 0 0 1 0 0 0 0 0 0 0
 0 1 0 0 0 0 1 0 1 1
 0 1 0 0 0 0 1 0 0 0
 0 0 0 0 1 0 1 0 0 0
 0 1 1 0 0 0 1 0 0 0
 1 0 0 0 0 0 1 0 0 1
 0 0 1 0 0 1 0 0 0 0

