Instance 20
9 9 
 0 0 0 0 0 0 0 0 0
 0 0 0 0 0 1 0 1 1
 0 0 0 0 1 1 0 1 0
 1 0 0 1 1 0 1 0 0
 0 0 1 0 1 1 0 0 0
 0 0 0 0 0 0 0 0 0
 0 0 0 1 0 0 1 0 0
 0 1 0 0 0 1 0 0 1
 1 0 0 0 1 0 0 0 0

Instance 21
9 9 
 1 1 0 1 0 0 1 1 0
 0 1 0 0 0 1 0 1 0
 0 0 1 1 1 0 0 0 0
 0 0 0 1 0 0 0 0 0
 0 0 0 1 1 0 0 0 0
 0 0 1 0 0 0 0 1 0
 0 0 1 1 0 1 0 0 1
 0 0 0 0 0 1 1 1 0
 0 0 0 0 0 1 0 0 0

Instance 22
9 9 
 0 0 0 1 0 0 0 0 0
 0 1 0 0 0 0 0 0 0
 0 0 0 0 0 0 0 0 1
 0 1 0 0 1 0 0 0 0
 0 1 0 0 0 0 1 0 0
 0 1 0 0 0 1 0 1 0
 1 0 0 0 0 0 1 0 0
 0 0 0 0 0 0 0 0 0
 0 0 0 0 1 0 1 0 1

Instance 23
9 9 
 1 0 0 0 0 0 1 0 0
 0 0 0 0 0 0 0 0 1
 0 0 0 0 1 0 0 0 0
 0 0 0 0 0 0 0 0 0
 1 0 0 0 0 0 0 0 0
 0 0 0 0 0 0 0 0 0
 1 0 0 0 0 1 0 0 1
 1 0 1 1 0 1 0 0 0
 0 0 1 0 0 0 0 0 0

Instance 24
9 9 
 1 1 0 0 0 0 0 1 0
 0 0 0 0 1 0 0 0 0
 0 0 0 0 0 0 1 0 0
 0 0 0 0 0 0 0 1 1
 1 0 1 0 0 0 0 1 1
 0 0 1 0 0 0 0 0 0
 0 1 1 0 0 1 0 0 0
 0 1 1 0 0 0 1 0 1
 1 1 0 1 0 1 0 1 1

Instance 25
9 9 
 0 0 1 0 0 0 0 0 1
 1 0 0 1 1 0 1 0 1
 0 0 0 0 0 1 1 0 0
 0 0 0 0 1 1 0 0 0
 0 0 1 0 0 0 0 0 0
 0 0 0 0 0 0 0 1 0
 0 0 0 0 0 0 1 0 1
 1 0 0 0 0 0 0 0 1
 0 0 0 1 0 0 0 1 1

Instance 26
9 9 
 0 0 0 1 0 1 0 0 0
 1 0 1 0 0 1 0 0 0
 1 1 0 0 0 0 0 0 0
 1 1 1 1 0 0 0 0 0
 0 0 1 0 0 0 0 1 1
 0 0 0 0 0 1 1 0 0
 0 0 0 0 0 0 1 0 0
 0 0 1 0 0 0 0 0 0
 1 0 1 0 0 1 1 1 0

Instance 27
9 9 
 0 0 0 0 0 0 1 0 1
 0 1 0 0 1 0 0 0 1
 0 0 0 0 0 0 0 1 0
 1 1 1 0 0 1 0 0 0
 0 1 1 1 0 0 0 0 0
 0 0 0 0 0 0 1 0 0
 0 0 0 0 0 1 0 0 1
 0 1 0 0 0 0 0 0 0
 0 0 0 0 0 1 0 0 1

Instance 28
9 9 
 0 0 0 0 0 0 0 0 0
 0 0 0 0 0 0 0 0 0
 0 1 0 1 0 0 1 0 1
 1 0 0 0 1 1 0 1 1
 0 1 0 0 0 0 0 1 0
 0 0 0 1 1 1 0 1 0
 0 0 0 0 0 1 0 1 0
 1 1 0 1 0 0 0 0 0
 0 0 1 0 1 0 0 0 0

Instance 29
9 9 
 0 0 0 0 0 0 0 0 0
 0 0 0 1 1 1 0 0 0
 0 0 0 0 1 0 0 1 0
 1 1 1 0 0 1 0 0 0
 0 0 0 0 0 0 1 0 0
 0 0 0 0 0 0 0 0 0
 1 0 0 0 0 0 0 0 0
 1 0 0 0 1 0 0 1 0
 0 0 0 0 0 1 1 0 0

