Instance 100
10 11 
 0 1 0 1 1 1 0 0 0 0 1
 1 1 0 1 1 1 0 1 1 1 1
 1 1 1 1 1 1 1 1 0 1 1
 1 0 0 1 1 1 1 1 1 1 1
 0 0 0 0 0 1 1 1 1 1 1
 1 0 0 0 1 0 1 1 1 1 0
 1 1 1 1 1 1 1 1 0 1 1
 1 0 1 1 1 1 1 1 1 0 1
 1 1 1 1 1 0 1 1 1 1 1
 1 1 1 1 1 1 0 0 1 1 1

Instance 101
10 11 
 0 1 1 1 1 1 1 1 0 0 0
 1 1 1 1 1 1 1 1 1 1 0
 1 1 1 1 1 1 1 0 1 0 1
 0 0 1 1 1 1 0 1 1 0 1
 1 1 0 1 0 1 1 1 1 1 1
 1 0 1 0 0 1 1 1 1 1 1
 1 1 1 1 1 1 0 1 1 1 1
 1 1 1 1 1 1 1 0 1 1 0
 1 1 1 1 1 1 1 0 1 0 1
 1 0 0 1 1 1 1 1 1 1 1

Instance 102
10 11 
 1 1 1 0 1 0 1 0 1 1 0
 0 1 1 1 1 1 1 1 1 0 0
 0 1 1 1 1 1 0 1 1 1 0
 1 1 1 0 1 1 1 0 1 1 0
 0 0 1 1 0 1 0 1 1 1 1
 1 0 1 1 1 0 1 0 1 1 1
 0 1 1 1 1 1 1 1 1 1 0
 1 1 1 1 1 0 1 1 1 1 0
 0 0 1 1 1 1 1 0 1 1 1
 1 1 0 1 0 0 1 1 1 1 1

Instance 103
10 11 
 0 1 1 0 0 1 1 1 1 0 0
 1 0 0 1 0 1 1 1 1 1 1
 1 1 1 1 1 0 1 1 1 0 0
 1 1 1 0 0 1 1 1 1 1 1
 0 0 1 1 1 1 0 0 1 1 1
 1 1 1 1 1 0 0 1 1 1 0
 1 0 0 1 1 1 1 1 1 0 0
 1 1 1 0 0 0 1 1 1 1 1
 0 0 1 1 1 1 0 1 1 1 1
 0 1 1 0 1 0 0 0 0 1 1

Instance 104
10 11 
 0 1 0 1 0 1 1 1 0 1 0
 0 1 1 1 1 1 1 0 1 1 0
 1 1 0 0 1 1 1 0 1 1 1
 1 1 1 0 1 0 0 1 1 1 0
 1 0 1 1 1 1 1 1 1 1 0
 1 1 0 0 0 1 1 1 1 1 1
 0 1 1 1 1 1 1 0 1 1 1
 0 1 0 1 1 1 0 1 0 1 1
 1 1 1 0 1 1 1 0 1 1 0
 1 1 1 1 1 1 1 1 1 1 1

Instance 105
10 11 
 0 1 0 1 1 1 0 1 1 1 1
 0 1 1 1 1 0 1 0 1 1 1
 0 0 0 0 1 0 0 0 1 1 0
 1 0 0 1 1 1 1 1 0 0 1
 1 0 1 0 0 1 0 1 1 1 1
 1 0 1 1 1 1 1 1 1 1 1
 1 1 1 1 0 1 1 1 1 1 1
 1 1 1 1 1 0 0 0 1 1 1
 0 1 1 0 1 1 1 1 1 1 0
 0 1 1 1 1 0 0 1 1 1 0

Instance 106
10 11 
 0 1 1 0 1 0 1 1 1 0 1
 1 1 1 1 1 0 1 1 1 1 1
 0 1 1 1 1 0 1 1 1 0 1
 1 1 1 1 1 1 1 1 0 1 1
 1 0 1 1 1 1 1 0 1 0 1
 1 1 0 1 1 1 1 0 1 1 1
 1 1 1 1 1 1 1 1 1 1 1
 1 1 1 1 1 0 1 1 1 0 0
 0 1 1 1 1 1 1 1 1 1 1
 0 0 1 1 1 1 0 1 1 0 1

Instance 107
10 11 
 1 1 1 1 0 1 1 1 1 0 1
 0 1 0 1 1 1 1 1 1 0 0
 1 0 1 0 1 1 1 1 1 1 1
 1 0 0 1 1 0 1 1 1 1 1
 1 1 0 1 1 1 1 1 1 1 1
 1 1 1 1 1 1 1 1 1 1 1
 1 1 1 0 1 1 0 1 1 1 1
 1 1 0 1 0 0 1 1 1 1 0
 1 1 1 1 1 1 1 1 1 1 0
 1 0 1 0 1 0 1 0 1 1 1

Instance 108
10 11 
 1 1 1 1 1 1 1 1 1 1 0
 0 0 1 0 1 1 0 1 1 1 1
 1 0 1 1 1 1 0 0 0 1 1
 1 1 1 1 1 1 1 1 1 1 0
 1 1 1 0 1 1 1 1 1 1 1
 1 0 1 1 1 1 0 1 0 1 0
 1 1 1 1 1 0 0 1 1 1 0
 0 1 0 0 1 0 1 1 1 1 0
 1 1 1 1 1 0 1 1 0 1 1
 0 1 1 1 1 1 0 1 0 1 0

Instance 109
10 11 
 1 1 1 1 1 1 0 1 1 1 1
 0 1 1 1 1 1 1 1 1 1 1
 1 1 0 1 1 1 1 0 0 1 1
 1 1 1 0 1 0 1 0 1 1 1
 1 1 1 1 1 1 1 0 1 1 0
 1 0 0 1 1 1 0 1 1 1 1
 0 1 1 1 1 1 0 1 1 1 1
 0 1 0 1 0 1 1 1 1 0 1
 1 1 1 1 1 0 0 1 0 1 1
 1 0 1 1 0 0 1 0 0 0 1

