Instance 40
10 5 
 1 1 1 1 1
 1 1 1 0 1
 0 1 1 0 1
 1 1 1 1 0
 1 1 1 1 0
 1 1 1 0 1
 1 1 0 1 0
 1 0 1 1 1
 1 1 0 1 1
 1 1 1 1 1

Instance 41
10 5 
 1 1 1 1 1
 1 1 1 0 1
 0 1 0 0 1
 1 1 1 1 0
 1 1 1 1 1
 1 1 1 1 1
 0 1 1 1 1
 0 1 1 1 1
 1 1 1 1 1
 1 1 1 1 0

Instance 42
10 5 
 1 1 1 1 1
 1 1 1 1 1
 1 1 1 1 1
 1 1 0 1 1
 1 1 0 1 1
 0 0 1 0 0
 1 0 1 1 1
 1 1 0 1 1
 1 1 1 1 0
 0 1 1 1 1

Instance 43
10 5 
 1 0 1 1 1
 1 1 0 1 1
 1 1 1 1 1
 1 1 1 0 1
 1 1 1 1 1
 1 1 1 0 0
 0 1 0 1 1
 1 1 0 0 1
 1 0 1 1 1
 1 1 1 1 0

Instance 44
10 5 
 0 1 1 0 1
 1 1 1 0 0
 1 1 1 0 1
 0 0 0 1 0
 1 0 1 0 0
 1 1 0 1 1
 1 1 1 0 0
 1 1 0 0 1
 0 1 0 1 1
 1 1 1 0 0

Instance 45
10 5 
 1 1 1 1 1
 1 0 0 1 1
 1 1 1 0 1
 1 1 1 1 1
 1 1 1 1 1
 1 1 0 1 1
 1 1 1 1 1
 0 1 0 0 1
 1 1 1 1 1
 1 0 1 1 1

Instance 46
10 5 
 0 1 1 1 0
 0 1 1 1 0
 1 0 1 1 1
 0 1 0 1 1
 0 1 1 1 0
 0 1 1 1 1
 1 1 1 0 0
 0 0 1 1 1
 1 1 1 1 0
 1 1 1 1 0

Instance 47
10 5 
 0 1 1 1 1
 1 0 0 1 1
 1 1 1 1 1
 1 0 1 1 1
 1 0 1 1 1
 1 1 1 0 1
 0 1 1 0 0
 0 1 1 1 1
 1 1 1 0 1
 0 1 0 1 1

Instance 48
10 5 
 0 1 1 1 0
 1 1 1 1 1
 1 1 0 1 0
 0 0 1 1 0
 1 1 1 1 0
 0 0 1 1 1
 1 1 1 1 1
 1 1 1 0 1
 1 1 1 1 1
 1 0 1 1 0

Instance 49
10 5 
 1 0 1 1 1
 1 1 1 1 1
 1 1 1 1 0
 1 1 0 1 1
 1 1 1 1 1
 1 1 1 1 1
 1 1 1 1 1
 1 1 0 1 0
 1 1 0 1 0
 0 1 1 1 0

