Instance 30
10 4 
 1 1 1 1
 1 0 1 1
 1 1 1 1
 1 0 0 1
 1 1 1 1
 1 1 1 1
 1 1 1 1
 1 1 0 1
 1 1 0 1
 1 1 1 1

Instance 31
10 4 
 1 1 1 1
 1 1 0 0
 1 1 0 1
 1 1 1 1
 1 0 1 1
 1 1 1 1
 1 0 0 1
 1 0 0 0
 1 1 1 1
 1 1 1 1

Instance 32
10 4 
 0 1 1 1
 1 1 0 1
 1 1 1 1
 1 1 1 1
 1 0 1 1
 1 1 0 1
 0 0 1 1
 1 1 1 1
 1 1 1 1
 1 0 1 1

Instance 33
10 4 
 1 1 1 1
 1 0 1 1
 1 0 1 1
 1 1 1 1
 1 1 1 0
 1 1 0 1
 0 1 1 1
 1 0 0 1
 1 1 0 0
 1 0 0 0

Instance 34
10 4 
 0 1 1 1
 1 1 1 0
 0 1 1 1
 1 1 0 1
 1 1 1 1
 1 1 1 1
 1 1 1 1
 1 1 0 1
 0 1 1 0
 1 1 1 0

Instance 35
10 4 
 1 1 1 1
 1 1 0 0
 1 0 0 1
 1 1 1 1
 1 1 0 1
 1 1 1 1
 1 1 1 1
 1 1 1 1
 1 1 0 1
 0 0 1 1

Instance 36
10 4 
 1 1 0 0
 1 0 1 0
 1 1 0 0
 1 0 1 1
 1 1 0 1
 0 0 1 1
 1 1 1 1
 1 1 1 1
 1 1 1 1
 1 0 1 1

Instance 37
10 4 
 0 1 1 1
 0 1 1 1
 0 1 1 0
 0 1 1 1
 0 1 1 1
 1 0 0 1
 0 1 1 0
 0 1 1 0
 1 1 1 0
 1 0 1 1

Instance 38
10 4 
 1 0 0 0
 1 1 1 1
 1 1 1 0
 1 1 1 1
 1 1 1 1
 0 0 1 1
 1 1 1 1
 0 1 1 1
 1 0 1 1
 1 0 0 1

Instance 39
10 4 
 0 1 1 0
 1 1 1 1
 1 0 0 0
 1 1 1 1
 1 1 0 1
 1 1 1 1
 1 0 1 1
 1 1 1 1
 0 1 1 1
 1 1 1 1

