Instance 50
10 6 
 0 1 0 0 1 0
 1 1 1 1 1 0
 1 1 1 1 0 0
 0 1 0 1 1 1
 1 1 1 0 1 0
 1 0 0 1 0 1
 1 1 1 1 1 1
 0 1 0 1 1 1
 1 1 1 1 1 1
 1 1 1 1 1 1

Instance 51
10 6 
 1 0 0 0 1 1
 1 1 1 1 1 0
 1 1 0 1 0 0
 0 1 1 0 1 1
 1 1 1 1 1 1
 1 0 1 1 1 1
 1 1 1 1 1 1
 1 0 1 1 1 1
 1 1 1 1 0 1
 1 1 0 1 1 0

Instance 52
10 6 
 1 1 1 1 1 1
 0 0 1 1 1 0
 1 1 1 1 1 1
 1 0 1 1 1 0
 1 1 1 1 1 1
 1 1 1 1 0 1
 1 1 1 1 1 0
 1 0 1 1 1 0
 1 0 0 1 0 0
 1 1 1 0 1 0

Instance 53
10 6 
 1 0 1 1 0 1
 1 0 0 1 1 1
 0 1 1 1 1 1
 1 1 1 0 0 1
 1 1 1 0 0 0
 0 1 1 0 0 1
 0 1 1 1 1 1
 1 1 0 1 1 1
 1 0 1 1 1 1
 0 1 1 1 1 0

Instance 54
10 6 
 0 1 1 1 1 1
 0 0 1 1 0 1
 1 1 1 1 0 0
 0 1 1 0 1 0
 0 1 0 1 1 1
 0 1 0 1 1 0
 1 1 1 0 1 1
 0 1 1 1 1 1
 1 1 1 0 1 1
 1 0 0 1 1 1

Instance 55
10 6 
 1 1 1 1 1 0
 1 0 1 1 0 1
 1 0 1 1 0 1
 0 1 1 1 1 0
 0 1 1 1 1 1
 1 0 1 1 0 1
 1 0 1 1 0 0
 1 1 1 1 1 1
 1 1 1 0 0 1
 1 1 1 0 0 1

Instance 56
10 6 
 0 1 1 1 1 1
 1 1 1 1 1 0
 1 0 1 1 1 1
 0 0 1 0 0 0
 0 1 1 1 1 1
 0 1 0 1 0 1
 1 0 1 1 0 1
 1 0 0 1 1 1
 1 0 1 0 1 1
 1 1 1 1 1 1

Instance 57
10 6 
 0 1 1 0 1 1
 1 1 1 0 1 0
 1 0 1 0 1 1
 0 0 1 0 1 0
 1 0 0 1 0 1
 1 0 1 1 1 1
 1 0 1 1 1 1
 0 1 1 1 1 1
 0 1 0 1 0 1
 0 1 0 1 1 1

Instance 58
10 6 
 0 1 1 1 1 1
 1 0 1 1 1 1
 1 1 0 1 1 1
 0 1 1 1 1 1
 0 1 1 1 1 1
 1 1 0 0 1 1
 0 0 0 1 1 0
 1 0 1 1 0 1
 1 1 1 1 1 1
 1 0 1 1 1 1

Instance 59
10 6 
 1 1 1 1 1 1
 1 1 1 1 0 1
 1 0 0 1 1 1
 1 1 1 1 1 1
 0 0 1 1 1 1
 0 1 1 0 0 0
 1 0 1 1 1 0
 1 1 1 1 1 1
 0 0 1 1 0 1
 0 1 1 1 1 1

