Instance 160
10 17 
 1 0 1 1 1 0 1 1 1 1 1 1 0 1 1 1 1
 1 1 1 1 1 1 0 0 1 1 1 1 1 1 1 1 1
 1 0 1 1 1 1 1 1 0 1 1 1 1 1 0 0 1
 0 1 1 1 0 1 1 0 0 0 1 1 0 0 1 0 1
 1 1 1 1 1 1 1 1 1 1 0 1 1 1 1 1 1
 1 1 1 1 1 0 0 0 0 1 0 0 1 1 1 1 0
 0 1 0 1 1 1 1 1 1 1 1 1 1 1 1 1 1
 1 1 1 0 1 1 1 1 1 1 1 0 1 1 1 1 1
 1 1 1 1 1 1 1 1 1 1 0 1 1 1 1 1 0
 1 1 1 1 1 1 1 1 1 1 0 1 1 1 0 1 1

Instance 161
10 17 
 1 1 1 0 1 1 1 0 1 1 0 1 1 1 1 1 1
 1 1 0 1 1 0 0 1 0 0 1 1 1 1 1 1 1
 1 1 1 1 1 1 0 0 1 1 1 1 1 0 1 0 1
 1 1 1 1 1 1 0 0 1 0 0 1 1 1 1 1 1
 1 0 1 1 1 1 1 0 1 1 1 1 1 1 1 0 1
 0 1 1 1 1 1 0 0 1 1 1 1 1 0 1 1 0
 1 1 0 1 1 1 0 0 0 1 0 1 1 1 1 1 0
 1 1 0 1 0 1 1 1 1 1 1 1 1 1 1 1 1
 1 0 0 1 1 1 1 1 1 1 1 1 1 0 1 1 1
 0 1 0 1 1 1 0 1 1 1 0 1 1 1 1 1 1

Instance 162
10 17 
 1 1 1 0 1 1 0 1 1 1 0 1 1 1 1 1 1
 0 0 1 1 0 0 1 1 1 1 0 1 1 1 1 0 0
 0 0 0 1 1 0 1 1 1 0 1 1 1 1 0 1 0
 0 1 1 1 1 1 0 1 1 1 0 1 1 1 1 1 1
 0 1 1 1 1 1 1 1 1 0 1 1 0 1 1 1 1
 1 0 1 1 1 1 1 1 1 1 1 0 1 0 1 1 1
 1 1 1 0 1 1 1 1 1 1 0 0 0 0 1 1 0
 0 1 1 0 1 0 1 1 0 1 1 0 0 1 1 1 1
 1 1 1 1 0 1 0 0 1 1 0 1 0 0 0 1 1
 1 1 1 1 0 1 1 1 1 1 1 0 1 0 1 1 1

Instance 163
10 17 
 1 1 1 0 1 1 1 0 1 1 0 1 1 1 1 0 0
 1 1 1 1 0 1 1 0 1 1 1 1 1 0 0 1 1
 1 1 1 1 0 1 1 1 1 1 1 1 1 1 1 1 1
 0 1 1 0 1 1 1 1 1 1 1 1 0 1 0 0 1
 1 1 1 1 1 1 0 1 0 1 0 1 1 1 1 1 1
 1 1 1 0 1 1 1 1 1 1 1 1 1 0 0 1 1
 1 1 1 1 0 1 0 1 1 1 0 1 0 1 1 1 0
 1 1 0 0 0 0 1 1 1 1 1 1 1 0 1 1 1
 1 1 1 1 0 0 1 0 1 1 0 1 1 1 0 1 1
 1 0 0 1 0 1 1 1 1 1 1 1 0 0 0 1 1

Instance 164
10 17 
 0 1 1 1 1 1 0 1 1 1 1 1 0 1 1 1 1
 1 1 1 1 1 1 1 0 1 1 0 0 1 1 1 1 1
 0 0 1 1 1 1 1 1 1 1 1 0 1 1 1 1 1
 1 1 1 0 1 0 0 1 1 1 1 1 1 1 1 0 0
 1 0 1 1 0 1 1 1 1 0 1 0 0 1 0 1 1
 0 0 1 0 1 0 1 1 0 1 0 1 1 1 1 1 1
 0 0 1 0 1 1 1 1 1 1 1 1 1 1 1 1 0
 0 0 1 1 1 0 1 1 1 0 1 0 0 0 1 1 1
 1 1 0 1 0 1 1 0 1 0 1 1 0 0 1 0 1
 1 0 1 0 1 1 0 0 1 1 0 1 1 1 1 1 1

Instance 165
10 17 
 1 1 1 1 1 1 1 1 1 1 1 1 0 1 1 0 1
 1 1 0 1 1 1 1 0 0 1 1 0 1 1 1 1 1
 1 1 1 1 1 0 1 0 0 1 1 1 1 1 1 1 1
 1 1 0 1 1 1 1 1 1 0 0 1 1 1 1 1 1
 1 0 0 1 0 1 1 1 1 1 1 1 1 1 0 0 0
 0 1 1 1 0 1 0 0 1 1 1 1 1 1 1 1 0
 1 1 1 1 1 1 1 0 1 1 1 1 1 1 0 0 0
 1 1 0 0 1 0 1 0 1 1 1 1 1 1 1 1 1
 1 1 1 1 0 1 0 1 0 1 1 1 1 1 0 1 1
 1 0 1 0 1 0 0 1 0 1 0 1 0 0 1 1 1

Instance 166
10 17 
 0 1 1 1 1 1 1 1 1 0 1 1 1 1 1 1 1
 1 0 1 0 0 1 1 0 0 1 0 1 1 1 0 1 0
 1 1 1 1 1 1 1 0 1 1 1 1 1 1 0 1 1
 1 1 0 0 1 1 1 1 1 1 1 0 1 1 0 1 0
 0 1 1 0 1 1 0 1 1 1 1 1 0 1 1 0 1
 1 0 1 1 1 1 1 0 1 1 1 1 1 1 0 1 1
 1 1 1 1 1 1 0 1 0 0 0 1 1 0 0 1 0
 1 0 0 1 1 1 0 1 1 0 0 0 1 0 1 1 1
 1 1 1 1 0 1 1 1 1 1 1 1 1 1 1 1 0
 1 1 0 1 1 1 1 1 1 1 1 1 1 1 1 1 1

Instance 167
10 17 
 1 0 1 1 1 1 0 1 1 0 1 1 1 1 1 1 1
 0 1 0 1 1 1 1 1 1 1 1 1 1 1 1 1 1
 1 1 0 1 1 0 1 1 1 1 1 1 1 0 1 1 1
 0 1 1 1 1 1 1 1 1 0 1 1 0 1 1 1 0
 1 1 0 1 0 0 1 0 1 1 1 1 1 1 1 1 1
 1 1 0 1 0 1 0 0 1 1 1 0 0 1 1 1 0
 1 1 1 1 1 1 1 1 1 1 0 1 1 1 0 1 1
 1 1 1 1 0 1 1 1 0 1 1 1 1 1 0 0 0
 1 0 1 1 0 1 0 1 0 1 1 0 0 0 1 1 0
 1 1 1 1 1 1 1 1 1 0 1 1 1 1 1 0 1

Instance 168
10 17 
 0 0 0 0 1 1 1 0 1 1 0 0 1 1 1 1 1
 1 1 1 1 1 0 1 1 0 1 1 0 0 0 0 1 1
 0 1 1 0 1 1 1 1 0 1 0 1 0 1 1 1 1
 1 0 1 1 0 1 1 0 0 1 1 1 0 1 1 1 0
 0 1 1 1 1 1 1 1 1 1 1 1 0 1 1 1 1
 0 1 1 1 0 0 1 1 1 1 1 0 1 0 0 1 0
 1 1 1 1 0 1 0 1 1 0 1 1 0 1 1 0 1
 0 1 0 1 1 1 1 1 1 1 0 1 1 1 1 0 1
 0 1 1 1 1 0 0 1 1 0 1 0 1 1 1 0 0
 1 1 1 0 1 1 1 1 1 1 0 1 1 1 1 1 1

Instance 169
10 17 
 0 1 0 1 1 1 1 1 1 1 1 1 0 1 1 1 1
 1 1 0 1 1 1 1 1 1 1 1 1 1 1 1 0 0
 1 0 1 1 1 1 0 1 1 1 1 0 1 0 1 1 1
 0 0 1 1 1 0 1 0 1 1 1 1 0 1 0 0 0
 0 1 0 1 1 1 1 0 1 0 1 0 1 0 0 1 1
 1 1 0 1 1 1 0 0 1 1 1 1 1 1 1 0 1
 1 1 1 0 1 0 1 1 1 1 1 1 1 1 0 1 1
 1 1 0 1 1 1 1 1 0 0 1 1 0 0 0 1 1
 1 1 0 1 1 0 1 0 0 1 0 0 1 1 1 1 1
 1 1 1 0 1 1 1 1 1 1 1 1 1 1 1 1 1

