Instance 130
10 14 
 1 1 1 1 1 0 1 1 1 0 1 0 1 0
 1 1 0 0 1 1 1 1 0 0 1 1 0 1
 1 1 1 1 1 1 1 0 0 0 0 1 1 1
 1 1 0 1 0 1 1 0 1 1 0 1 0 1
 1 1 1 1 1 1 0 1 0 1 1 0 0 1
 0 1 1 1 1 1 1 0 1 1 1 0 1 1
 1 1 1 1 0 0 0 1 1 1 0 0 1 1
 0 1 0 1 1 0 1 0 0 1 1 1 0 1
 1 1 0 1 1 0 1 1 1 1 1 1 0 1
 1 1 1 0 1 0 1 1 0 1 1 1 1 1

Instance 131
10 14 
 0 1 0 0 1 1 1 1 0 1 1 1 0 0
 1 1 0 1 1 1 1 0 1 1 1 1 1 1
 1 1 0 0 1 0 0 0 1 1 1 1 1 1
 1 0 1 1 1 1 1 1 0 1 1 0 1 0
 1 1 1 1 1 1 1 1 1 0 1 0 1 1
 0 1 1 1 1 1 0 1 1 1 1 1 1 1
 0 1 0 1 0 1 1 1 1 1 1 1 1 0
 1 1 1 1 1 1 1 1 0 1 0 0 0 1
 0 0 1 1 1 1 0 1 1 1 1 1 1 1
 1 1 0 0 0 1 0 1 1 1 1 0 1 0

Instance 132
10 14 
 1 0 1 1 1 1 1 0 1 0 1 0 1 0
 1 1 1 1 0 1 1 1 0 1 1 1 1 1
 0 1 1 0 1 1 0 0 1 1 1 1 1 1
 1 0 1 0 0 1 1 1 0 1 1 1 1 1
 0 1 0 1 1 0 0 1 1 1 1 1 1 1
 1 1 1 1 0 1 1 1 1 1 1 0 1 1
 1 1 1 1 1 1 1 0 1 1 1 1 1 0
 1 1 1 1 1 1 0 0 1 0 0 0 1 0
 1 1 1 1 0 1 1 0 1 1 1 1 1 0
 1 1 1 1 1 1 1 1 1 0 1 1 1 0

Instance 133
10 14 
 1 1 0 0 1 1 1 0 1 1 1 1 1 1
 1 1 1 1 0 1 1 1 0 1 1 0 1 1
 1 1 1 1 0 1 1 1 1 1 1 0 0 1
 1 0 1 1 0 1 1 0 1 1 0 1 1 1
 0 1 1 1 1 1 0 1 0 1 0 1 1 1
 1 1 0 1 1 1 1 1 1 1 1 0 1 1
 0 1 1 1 1 1 1 1 1 1 1 1 1 1
 1 0 0 1 1 0 1 1 1 1 0 1 1 1
 1 1 1 1 1 1 1 1 1 1 1 1 1 1
 0 1 0 1 1 1 1 1 0 1 1 0 0 1

Instance 134
10 14 
 1 1 1 0 1 1 1 1 0 1 1 1 1 1
 1 1 1 1 0 1 1 1 1 1 1 1 1 1
 1 1 1 1 1 1 1 1 1 1 1 1 1 1
 1 1 0 1 1 1 0 1 1 1 1 1 0 1
 1 0 1 1 0 1 1 1 1 1 1 1 1 1
 0 0 1 1 1 1 1 1 1 0 1 1 1 1
 1 1 0 0 1 1 1 1 1 1 1 0 0 1
 0 1 1 1 0 1 1 1 1 1 1 1 1 1
 1 1 0 0 0 0 0 1 1 0 1 0 0 1
 1 1 1 1 1 1 1 1 0 1 1 0 0 1

Instance 135
10 14 
 1 1 1 1 0 1 0 0 0 1 0 1 0 1
 1 1 1 1 1 1 1 1 1 1 1 1 1 1
 1 1 1 1 1 0 1 1 1 0 1 0 1 1
 1 1 0 0 1 0 1 1 0 1 1 0 1 1
 1 1 1 0 0 0 1 1 0 1 1 1 1 1
 0 1 1 1 1 0 1 1 1 1 1 1 1 1
 1 1 1 1 1 1 1 0 1 1 1 1 1 1
 1 1 1 1 0 0 0 1 1 1 0 1 1 1
 1 0 1 0 1 1 0 1 1 1 0 1 1 1
 1 0 1 1 0 0 1 1 1 0 1 1 1 1

Instance 136
10 14 
 1 1 0 1 1 0 1 1 1 1 1 1 1 0
 0 0 1 1 1 1 1 1 0 1 1 1 0 1
 1 1 1 1 1 1 1 0 1 1 1 1 0 0
 0 1 1 0 1 1 1 0 1 1 1 1 0 1
 0 0 1 1 1 0 1 1 1 1 1 1 1 1
 1 0 1 1 1 1 0 0 0 0 1 1 0 1
 0 0 1 1 0 1 1 0 1 0 1 1 1 1
 0 1 1 1 1 1 1 1 1 1 1 1 1 1
 0 0 1 0 1 1 1 0 1 1 1 1 1 0
 0 1 0 1 1 1 1 1 1 1 1 1 1 1

Instance 137
10 14 
 1 0 1 1 0 1 0 1 1 1 1 1 1 0
 1 1 1 1 1 0 1 1 1 0 0 1 1 1
 1 1 1 0 1 1 1 1 0 1 0 1 0 1
 1 1 1 1 1 0 1 1 1 0 1 1 1 1
 0 0 0 1 0 0 0 1 1 0 1 0 0 1
 0 0 1 1 1 1 1 1 0 1 1 0 0 1
 0 1 1 0 1 0 1 1 1 1 0 1 1 1
 0 1 1 0 1 1 0 1 1 1 1 1 1 1
 1 1 1 0 1 1 1 1 0 0 0 0 1 1
 1 1 1 1 1 1 1 1 1 1 1 1 0 1

Instance 138
10 14 
 1 1 1 1 0 1 1 1 1 1 1 1 0 1
 1 0 1 1 1 1 1 0 0 1 0 1 0 1
 0 1 1 1 1 0 1 1 1 1 1 1 1 1
 1 1 1 1 1 1 1 1 0 1 1 1 1 1
 0 1 0 0 1 1 0 0 1 1 1 0 0 1
 1 1 1 0 0 1 1 1 1 1 0 0 1 1
 1 1 1 1 1 1 1 1 0 1 1 1 1 1
 1 0 1 0 0 1 1 1 1 1 0 1 1 1
 1 0 0 1 1 1 1 1 1 1 1 1 1 1
 0 1 1 1 0 1 0 1 0 1 1 1 1 0

Instance 139
10 14 
 1 0 1 1 0 0 0 1 1 1 1 0 0 0
 0 1 1 1 0 1 1 1 1 1 1 1 1 0
 1 0 1 0 0 1 1 1 1 1 1 1 1 1
 1 1 0 1 0 1 0 0 1 1 0 0 0 0
 0 0 0 1 1 1 1 1 1 1 1 0 1 1
 1 1 1 0 1 1 1 1 0 1 0 0 0 1
 0 0 0 0 1 1 1 1 0 1 1 1 0 0
 1 1 0 0 0 1 1 1 1 1 1 1 1 1
 0 1 1 0 1 1 0 1 0 1 1 1 1 0
 1 1 1 1 1 1 1 1 1 0 0 1 0 1

