Instance 80
10 9 
 0 1 1 1 1 0 1 1 1
 0 1 1 1 0 1 0 1 0
 1 1 1 1 0 1 1 1 1
 1 1 1 1 1 1 1 1 0
 1 1 1 1 0 0 0 1 1
 1 1 1 1 1 0 0 1 1
 1 1 1 1 1 0 1 1 1
 1 1 1 0 1 1 1 1 0
 0 1 1 0 1 0 1 1 1
 1 1 0 1 1 1 1 1 0

Instance 81
10 9 
 1 1 0 1 1 1 1 0 1
 1 1 0 1 0 1 1 1 1
 1 1 0 1 1 1 1 1 1
 0 1 0 1 1 1 1 1 1
 0 1 1 1 0 0 1 1 0
 1 1 1 1 1 1 1 1 1
 0 1 1 1 1 1 0 0 1
 1 1 1 1 1 0 0 1 0
 0 1 1 1 1 0 1 0 0
 1 1 1 1 1 0 0 0 1

Instance 82
10 9 
 1 1 1 1 1 1 1 1 1
 1 1 1 1 0 1 1 1 1
 1 1 1 1 1 0 1 0 0
 1 0 0 1 1 1 1 0 1
 1 1 0 1 1 1 1 0 0
 1 0 1 1 0 0 1 1 1
 1 0 0 1 1 0 1 0 1
 1 0 1 0 1 1 0 1 1
 0 1 1 1 1 1 0 0 1
 1 1 0 0 1 1 1 1 1

Instance 83
10 9 
 1 1 1 0 0 1 1 1 1
 1 0 1 1 1 1 1 1 1
 1 1 0 1 1 1 1 0 0
 1 0 0 0 1 1 0 1 1
 0 1 0 1 1 0 1 0 1
 1 1 0 1 1 0 0 1 1
 1 1 0 1 1 1 0 1 0
 0 1 0 0 1 1 1 0 1
 1 0 0 1 0 1 1 1 1
 1 1 0 1 1 1 1 1 0

Instance 84
10 9 
 1 1 1 0 1 1 1 1 1
 1 1 1 0 1 1 1 1 1
 1 1 0 1 1 1 1 1 1
 1 1 1 1 0 1 1 1 0
 1 1 0 1 1 1 1 0 1
 1 0 1 0 1 1 1 0 1
 1 1 0 1 1 0 1 1 1
 1 1 1 1 1 1 1 0 0
 1 1 1 1 1 0 1 1 1
 1 1 1 1 1 1 0 1 1

Instance 85
10 9 
 1 1 1 1 0 0 1 1 1
 1 0 1 0 1 0 1 1 1
 1 1 1 1 1 1 1 1 1
 1 1 1 1 0 0 1 1 1
 0 1 0 1 0 1 1 1 0
 1 0 1 1 1 1 1 1 1
 1 1 0 0 1 1 1 1 0
 0 1 0 1 0 0 1 1 0
 1 1 0 1 1 1 0 1 0
 1 1 1 0 1 1 1 0 1

Instance 86
10 9 
 1 0 1 1 1 1 1 0 1
 1 0 1 1 1 1 0 1 1
 1 1 0 0 1 1 1 1 1
 1 0 1 1 0 1 1 1 0
 1 1 1 1 1 1 1 1 1
 1 1 1 0 1 1 0 1 1
 0 1 1 1 1 0 1 1 1
 0 1 1 1 0 0 0 0 1
 1 1 1 1 0 1 1 1 1
 0 1 1 1 0 0 0 1 1

Instance 87
10 9 
 1 1 1 0 1 0 0 1 1
 1 0 1 1 0 1 0 0 1
 1 1 1 0 1 0 1 1 1
 1 1 1 1 1 1 1 1 1
 1 1 1 1 1 1 0 1 1
 1 1 1 1 1 1 1 1 0
 1 1 1 1 1 1 1 1 1
 0 1 1 0 1 0 1 1 1
 1 0 0 1 1 1 0 1 1
 1 0 1 0 0 1 0 1 1

Instance 88
10 9 
 1 1 1 1 1 0 0 1 1
 0 1 1 1 1 0 1 1 1
 1 1 1 1 1 1 0 1 1
 1 1 1 0 0 1 0 0 0
 1 1 1 1 1 1 1 0 1
 1 1 1 1 1 1 1 1 0
 1 1 0 0 0 1 1 1 1
 1 1 1 1 1 1 0 0 1
 0 0 1 1 1 1 1 1 1
 1 1 1 0 1 1 1 0 0

Instance 89
10 9 
 0 0 0 1 1 1 1 1 1
 1 1 1 1 0 1 1 1 0
 1 1 1 1 1 1 0 1 0
 1 1 1 1 1 1 1 0 1
 0 1 0 1 1 1 0 0 1
 1 0 1 1 0 1 1 1 1
 1 1 0 1 1 0 0 1 0
 1 1 1 1 1 1 1 1 1
 0 1 1 1 1 0 1 1 0
 1 0 1 1 0 1 1 1 1

