Instance 70
10 8 
 1 1 1 1 1 0 1 0
 1 0 1 1 1 1 1 1
 1 1 1 1 0 1 1 1
 1 0 1 1 1 1 1 0
 0 1 0 1 1 1 0 1
 0 1 1 1 0 1 1 1
 1 1 0 0 1 1 0 0
 1 1 1 1 0 1 0 1
 1 0 0 1 0 0 1 1
 1 1 1 1 1 1 1 1

Instance 71
10 8 
 0 1 1 1 0 0 1 0
 0 0 1 1 1 1 1 1
 0 1 1 1 1 0 1 1
 1 1 1 1 1 1 1 1
 1 1 1 1 1 1 0 1
 1 1 1 1 0 1 1 0
 0 1 1 0 1 1 0 1
 0 1 1 0 0 1 0 1
 0 1 1 1 1 1 1 1
 1 0 0 1 1 0 1 1

Instance 72
10 8 
 0 1 1 0 1 1 1 0
 0 1 0 0 1 1 1 1
 1 1 1 1 1 1 1 1
 1 0 0 0 1 0 1 0
 0 1 1 1 1 1 1 1
 1 1 1 1 0 0 1 1
 1 0 1 1 0 1 0 1
 1 1 1 1 1 1 0 0
 1 0 0 1 1 1 1 1
 1 1 1 1 1 1 0 1

Instance 73
10 8 
 1 0 1 0 1 1 1 0
 0 0 1 0 0 1 0 1
 1 1 1 1 0 1 1 1
 1 1 0 1 1 1 1 1
 1 1 0 1 0 1 1 1
 1 1 1 1 1 1 0 1
 0 1 1 0 1 1 1 1
 1 1 0 0 0 0 0 1
 1 1 0 1 1 0 1 1
 0 1 0 1 1 1 1 1

Instance 74
10 8 
 1 1 0 1 0 1 1 0
 1 0 0 1 0 0 0 1
 1 1 0 1 1 0 1 1
 1 1 0 1 1 1 1 1
 1 1 1 0 1 1 0 1
 0 1 1 0 1 0 1 1
 1 1 1 1 1 1 1 1
 1 1 1 0 1 0 1 0
 0 0 1 1 1 1 1 1
 1 0 0 1 1 1 1 1

Instance 75
10 8 
 1 1 1 1 1 1 1 0
 1 1 1 0 1 1 1 1
 1 1 1 0 1 0 1 1
 0 1 1 0 1 1 0 0
 1 1 0 1 1 0 0 0
 0 1 1 1 0 1 1 1
 1 1 1 1 1 1 1 0
 0 0 0 1 1 1 1 1
 1 1 1 1 1 1 1 1
 1 1 1 1 1 1 1 1

Instance 76
10 8 
 1 1 1 1 1 1 0 0
 0 1 1 1 1 1 1 0
 1 1 1 0 1 1 0 1
 1 1 1 1 1 0 1 1
 1 1 1 1 1 1 1 1
 1 1 1 1 1 1 1 1
 1 0 1 1 1 1 1 1
 1 1 0 1 0 0 1 1
 1 1 1 0 1 1 1 1
 1 1 0 1 1 1 1 1

Instance 77
10 8 
 0 1 1 1 1 1 1 0
 1 0 0 1 1 1 1 1
 1 1 1 1 1 0 1 1
 1 1 1 1 1 0 0 1
 1 0 0 0 1 1 1 1
 1 1 1 1 1 0 1 1
 1 1 1 1 1 1 1 1
 1 1 1 1 0 1 1 1
 1 1 1 1 1 1 1 1
 1 1 0 0 1 0 1 1

Instance 78
10 8 
 1 1 1 1 1 1 1 1
 1 1 1 1 1 1 1 1
 1 1 0 1 1 1 1 1
 1 0 1 0 0 0 1 1
 1 0 1 0 1 1 1 1
 1 1 1 1 1 0 1 1
 1 0 1 1 0 1 1 0
 1 0 0 1 1 0 1 1
 0 1 1 1 0 0 0 0
 1 1 1 0 1 1 1 1

Instance 79
10 8 
 1 1 1 1 1 0 1 0
 0 1 1 1 1 0 1 0
 0 1 1 1 1 1 0 0
 1 1 1 0 1 0 0 1
 0 1 1 1 1 0 0 1
 1 1 1 0 1 0 1 0
 1 1 1 1 1 1 1 0
 1 1 1 0 1 0 1 1
 0 1 1 1 1 1 0 1
 1 1 1 1 1 1 0 0

