Instance 110
15 9 
 0 0 0 0 0 0 0 0 1
 0 0 0 0 0 1 0 0 0
 0 0 0 0 1 0 0 1 0
 0 0 0 0 1 1 0 1 0
 1 0 1 0 0 0 0 1 0
 0 0 0 0 0 0 0 0 0
 0 0 0 0 0 0 1 0 0
 0 0 0 1 0 1 1 0 0
 1 1 0 0 0 1 1 0 0
 0 0 1 1 0 0 0 0 0
 1 1 0 0 0 0 0 0 0
 0 0 0 1 0 0 0 0 0
 0 1 0 1 1 0 0 0 0
 0 1 0 0 0 0 1 1 0
 0 0 0 0 0 0 0 0 0

Instance 111
15 9 
 0 1 0 0 0 1 0 1 0
 1 0 0 0 0 1 0 1 0
 0 1 1 1 0 0 0 0 1
 1 1 1 0 0 0 1 0 0
 0 0 0 0 0 0 1 0 1
 0 1 1 0 0 0 0 0 0
 0 0 0 0 0 1 0 1 0
 1 1 0 0 1 1 1 1 1
 1 1 0 0 0 0 0 0 0
 0 1 0 0 0 0 0 1 0
 0 0 0 1 0 1 1 1 0
 1 1 1 1 0 0 0 0 1
 0 0 0 1 1 0 0 1 1
 1 0 0 0 0 0 0 0 0
 0 1 0 0 1 0 0 1 0

Instance 112
15 9 
 1 0 0 0 0 1 0 0 0
 0 0 0 0 0 0 1 1 0
 1 0 0 0 1 0 1 0 0
 0 0 0 0 0 0 0 0 0
 0 0 0 0 0 1 0 1 0
 0 0 0 1 1 0 0 1 0
 0 0 0 0 0 0 0 1 0
 0 1 0 0 1 0 0 0 1
 1 0 1 0 0 0 1 0 0
 0 0 0 0 0 1 0 0 0
 1 0 1 0 0 0 0 0 0
 0 0 1 0 0 0 0 1 0
 0 0 0 0 1 0 0 0 0
 0 0 0 0 0 0 0 1 1
 0 0 0 0 1 0 1 0 1

Instance 113
15 9 
 1 1 1 0 0 1 1 0 0
 0 0 1 0 1 0 1 0 0
 0 0 0 0 1 0 0 0 0
 0 0 1 1 0 0 0 0 0
 0 0 0 0 1 0 0 0 0
 0 0 0 0 1 1 0 1 0
 0 1 0 0 0 1 0 0 0
 1 0 0 1 1 0 0 0 0
 0 1 0 0 0 0 1 0 1
 0 1 1 0 1 0 1 0 0
 0 0 0 1 0 0 0 0 0
 0 1 0 1 0 1 0 0 1
 0 0 1 0 0 1 0 0 0
 1 0 1 0 0 1 0 0 1
 1 0 0 0 0 1 0 1 0

Instance 114
15 9 
 0 0 0 0 0 1 0 0 0
 0 1 1 0 1 1 0 0 0
 1 0 0 0 0 0 0 0 0
 0 0 0 0 0 1 1 0 0
 1 0 0 0 0 0 0 0 1
 1 0 0 0 0 0 0 0 0
 0 1 1 1 0 0 0 0 1
 1 0 0 0 0 0 0 1 0
 0 0 1 0 0 0 0 0 0
 0 0 0 0 1 0 1 1 0
 1 0 0 0 0 0 0 0 1
 1 0 0 0 0 0 0 0 1
 0 0 0 1 0 0 0 0 0
 1 1 0 1 0 0 0 0 1
 0 0 1 0 1 0 0 1 0

Instance 115
15 9 
 0 0 0 0 0 0 1 0 0
 0 0 0 0 0 0 0 0 0
 0 1 0 1 0 0 1 0 1
 0 0 0 0 1 0 0 0 0
 1 0 0 1 0 0 0 0 0
 1 1 0 0 0 0 0 0 1
 0 0 0 0 0 0 0 0 0
 0 0 0 1 0 0 0 0 0
 0 1 0 0 1 0 1 0 1
 0 0 0 0 1 0 1 1 0
 0 1 0 0 0 1 1 0 0
 1 0 1 1 0 0 0 0 0
 0 0 1 1 0 1 0 1 0
 0 0 1 0 1 0 0 0 1
 1 0 0 1 1 0 0 0 0

Instance 116
15 9 
 0 0 1 1 0 1 1 0 0
 0 1 0 0 0 1 1 0 1
 0 1 0 1 0 1 1 0 0
 0 0 0 0 1 1 1 0 0
 0 0 0 0 0 0 0 0 0
 0 0 0 0 0 0 1 0 0
 0 0 1 0 1 1 0 0 0
 0 0 0 0 0 1 0 0 0
 0 0 0 0 1 1 0 0 0
 0 0 0 0 0 0 0 1 0
 0 0 0 0 1 0 0 0 0
 0 0 0 0 0 1 1 0 1
 0 0 0 0 0 1 0 0 0
 0 0 0 0 0 0 1 0 0
 0 0 0 0 0 1 0 0 1

Instance 117
15 9 
 0 1 1 1 0 1 0 0 0
 0 0 1 0 1 0 0 0 0
 0 0 1 1 1 0 1 0 1
 1 0 0 1 0 1 0 0 1
 1 0 0 0 1 0 1 0 0
 1 0 0 1 0 0 0 0 0
 0 0 0 0 0 0 0 0 0
 0 0 0 1 0 1 1 0 0
 1 0 1 1 0 0 0 0 0
 0 0 0 0 1 0 0 0 0
 0 1 0 1 0 0 0 1 0
 0 1 0 0 1 0 0 0 0
 0 1 0 1 0 0 0 0 0
 0 0 0 0 1 0 0 0 1
 0 0 0 1 0 0 0 1 0

Instance 118
15 9 
 0 0 0 1 0 0 0 0 1
 0 0 1 0 0 0 0 0 0
 0 0 0 0 0 0 0 0 0
 0 0 0 0 0 0 0 0 1
 1 1 1 0 0 0 0 0 1
 0 0 1 1 0 0 0 1 0
 0 0 0 1 0 0 0 0 0
 1 1 1 0 0 1 0 1 0
 0 0 1 0 1 0 0 0 0
 0 1 0 0 0 0 0 0 0
 0 0 1 1 1 0 0 0 0
 1 0 0 0 1 0 1 0 0
 0 1 0 0 1 0 0 0 1
 0 1 1 0 1 1 0 0 1
 0 1 0 0 0 1 0 0 1

Instance 119
15 9 
 0 0 0 0 1 1 0 0 1
 0 0 0 0 0 1 0 0 0
 0 0 1 0 0 0 0 0 0
 0 0 0 1 1 0 1 0 0
 0 1 1 0 0 0 1 1 1
 1 0 0 0 0 0 1 1 0
 0 0 0 0 0 0 0 0 0
 0 1 0 1 0 0 0 0 0
 0 0 0 1 0 0 1 1 0
 0 1 1 0 0 0 0 0 1
 0 0 0 0 0 1 0 1 0
 1 0 1 0 0 0 0 1 0
 0 0 0 0 0 0 1 0 0
 1 0 0 0 1 1 0 0 0
 0 0 0 0 0 0 0 0 0

