Instance 90
10 10 
 1 1 1 1 1 1 1 1 1 0
 1 1 1 1 1 0 1 0 0 0
 1 1 1 1 1 1 1 1 0 1
 1 1 1 1 1 0 1 1 1 0
 1 0 1 1 0 0 1 1 1 0
 1 0 1 1 0 1 0 0 1 0
 0 1 0 1 1 1 1 0 0 1
 1 1 1 1 1 1 1 0 1 1
 1 0 0 1 1 1 1 0 1 0
 1 0 0 1 1 1 0 1 1 1

Instance 91
10 10 
 0 1 1 1 1 1 0 1 1 1
 1 1 1 1 1 0 1 0 0 0
 1 1 1 0 1 1 1 1 1 1
 0 1 1 1 0 1 0 1 1 1
 1 1 1 1 1 1 1 1 0 1
 1 1 1 0 1 0 1 1 0 1
 1 1 0 0 1 1 1 1 1 1
 1 1 1 1 0 0 0 1 1 1
 1 1 1 1 1 0 1 1 1 1
 1 1 1 1 0 1 1 1 1 0

Instance 92
10 10 
 1 0 1 0 1 0 1 0 1 1
 1 1 1 0 1 1 1 1 1 1
 0 0 0 1 1 1 1 1 0 1
 1 1 1 0 1 0 1 1 1 1
 1 1 1 1 1 0 1 1 0 1
 1 1 1 1 0 0 1 0 1 1
 1 1 0 1 1 1 0 0 1 1
 1 1 1 1 1 1 0 0 1 1
 1 0 1 0 1 1 1 1 0 1
 1 1 1 1 1 1 1 1 1 1

Instance 93
10 10 
 0 1 1 0 1 1 0 1 1 0
 1 1 1 0 1 1 1 1 1 0
 0 1 0 1 1 0 1 1 1 1
 1 0 1 1 1 1 1 0 1 1
 1 0 1 1 0 0 1 1 1 1
 1 1 1 1 1 1 1 1 0 1
 1 1 0 1 1 1 1 0 1 1
 1 1 1 1 1 1 1 0 1 1
 1 1 1 1 1 1 1 0 1 1
 1 1 1 1 1 0 1 1 1 0

Instance 94
10 10 
 1 1 1 1 0 1 0 1 0 1
 1 0 1 1 1 1 1 1 1 1
 1 1 0 1 1 1 1 1 1 0
 1 1 1 1 0 1 1 0 0 1
 1 1 0 1 1 1 1 0 1 1
 1 0 1 1 0 1 1 0 1 1
 1 0 1 1 0 0 0 0 1 1
 1 1 1 1 1 0 1 1 1 1
 1 1 0 1 1 0 1 1 0 0
 1 1 1 1 1 0 1 0 1 1

Instance 95
10 10 
 1 0 0 1 0 0 0 0 0 1
 0 1 0 0 0 1 1 1 1 1
 1 1 1 0 1 1 1 1 0 1
 1 1 1 1 1 1 0 1 0 1
 0 0 1 1 1 1 1 1 0 1
 1 1 1 0 1 1 1 1 0 1
 1 1 0 1 1 0 0 1 1 1
 1 1 1 1 0 1 1 1 1 1
 0 1 1 1 1 1 0 1 1 1
 1 0 1 1 1 0 1 0 1 0

Instance 96
10 10 
 1 1 1 1 1 1 1 0 0 1
 1 1 1 0 0 1 1 1 0 1
 1 1 1 1 0 1 1 1 0 0
 1 1 1 1 1 1 0 1 1 1
 1 1 1 1 1 1 0 1 1 1
 1 0 0 1 0 1 1 1 0 0
 0 1 1 1 1 1 1 0 0 1
 1 1 1 1 1 1 1 1 1 0
 1 1 1 1 1 1 0 1 1 0
 1 1 0 1 1 1 0 1 0 1

Instance 97
10 10 
 0 1 1 1 1 1 0 1 1 1
 1 1 1 0 1 1 1 1 1 0
 1 1 0 1 1 1 1 1 1 1
 1 1 0 1 1 1 1 1 1 1
 1 1 0 1 1 1 0 1 0 0
 1 1 1 1 0 1 1 0 1 1
 0 1 1 0 0 1 1 1 1 1
 1 1 1 1 0 1 1 1 1 0
 0 1 0 0 1 1 0 1 1 1
 1 1 1 1 1 1 1 1 1 0

Instance 98
10 10 
 1 1 0 1 0 1 1 1 1 0
 0 1 1 1 1 1 0 1 1 1
 1 1 0 0 1 1 1 1 1 0
 0 1 0 1 0 0 0 1 0 0
 1 1 1 1 1 0 1 0 1 1
 0 0 1 1 1 1 1 1 1 0
 1 1 1 0 1 0 0 1 0 1
 1 1 1 1 0 1 1 1 1 1
 1 1 1 1 1 1 1 0 0 1
 1 1 1 1 1 0 0 1 0 0

Instance 99
10 10 
 1 1 1 1 0 1 1 0 1 1
 0 0 0 0 1 1 0 1 1 1
 1 1 1 1 1 1 0 1 1 1
 1 1 1 1 1 0 1 1 0 1
 0 1 1 1 1 1 1 1 0 1
 1 0 0 1 1 1 1 1 0 1
 1 1 1 1 1 1 1 1 1 0
 1 1 1 1 1 1 1 0 1 1
 1 1 0 0 1 1 0 1 1 0
 0 1 1 1 1 0 0 0 1 1

