Instance 60
11 10 
 0 0 0 0 1 0 0 0 1 1
 1 1 1 0 0 0 0 0 0 0
 0 0 0 1 0 0 0 1 0 0
 0 0 0 0 1 0 1 0 0 0
 0 0 0 0 1 0 1 0 1 0
 0 0 1 1 0 0 1 0 0 1
 0 0 0 0 0 0 1 0 0 1
 1 0 1 0 0 0 0 0 0 0
 0 0 1 0 0 0 0 1 0 0
 1 0 1 0 0 1 0 0 0 0
 0 0 0 0 0 0 0 0 0 1

Instance 61
11 10 
 0 0 0 0 0 1 0 1 1 1
 0 0 0 0 0 0 0 0 1 0
 0 0 0 0 0 1 0 0 0 1
 0 1 0 0 1 1 0 0 0 1
 0 1 0 0 1 0 1 1 0 1
 1 0 1 0 0 0 0 1 1 0
 0 0 0 0 0 0 0 1 0 0
 0 1 1 0 0 0 0 1 0 1
 0 1 1 0 0 0 1 0 0 0
 1 0 0 0 0 0 1 0 0 0
 0 0 0 0 0 1 0 1 1 1

Instance 62
11 10 
 0 0 0 1 0 0 0 0 0 0
 1 0 0 0 1 0 1 0 0 0
 0 0 0 0 0 0 0 0 1 0
 0 0 0 1 0 1 0 0 1 0
 0 0 1 1 0 0 0 0 0 0
 0 0 0 0 1 1 1 0 0 0
 0 0 0 0 0 1 0 0 0 0
 0 0 0 0 1 0 0 0 0 1
 0 1 0 1 0 1 0 1 0 0
 0 0 0 1 0 0 0 0 0 0
 1 1 1 0 0 0 0 0 1 0

Instance 63
11 10 
 0 0 0 1 0 1 0 0 0 0
 0 0 0 0 0 1 0 0 1 0
 0 0 0 0 1 1 0 1 0 0
 0 0 1 0 0 0 1 1 0 0
 0 0 0 0 0 0 1 1 0 0
 0 1 0 1 0 0 0 0 1 0
 0 0 0 0 0 0 0 0 0 0
 1 0 0 1 0 0 1 0 0 1
 0 0 0 1 0 0 0 0 0 1
 1 0 1 0 0 1 0 0 0 0
 0 1 0 0 0 0 0 1 0 0

Instance 64
11 10 
 0 1 0 0 1 1 0 0 0 0
 0 0 0 0 0 0 0 0 1 0
 0 0 1 0 0 0 0 1 0 0
 0 0 0 0 0 0 0 1 0 0
 0 0 0 0 0 0 0 1 0 0
 0 0 0 0 0 1 0 0 0 1
 0 0 0 0 1 0 1 0 1 0
 0 1 0 0 0 0 0 0 0 0
 0 0 1 0 0 0 0 0 0 1
 0 0 0 0 1 0 0 1 1 0
 0 0 1 0 0 0 0 1 0 0

Instance 65
11 10 
 0 1 0 0 1 0 0 1 0 0
 0 1 0 0 1 1 1 1 0 0
 0 0 0 0 0 1 0 0 0 0
 0 0 1 0 0 1 0 0 1 1
 0 0 0 0 0 1 0 1 0 0
 0 1 1 0 1 1 1 1 1 0
 1 0 1 1 1 0 0 0 0 0
 0 0 0 1 0 0 0 0 1 0
 0 0 0 0 0 0 1 0 1 0
 1 1 0 0 0 0 0 0 1 0
 0 0 0 1 0 0 0 0 1 0

Instance 66
11 10 
 0 0 1 0 0 1 1 0 0 0
 0 0 0 0 1 0 0 0 0 0
 1 0 0 0 0 0 1 0 0 0
 0 1 0 0 0 1 0 1 0 1
 0 0 0 0 0 0 0 1 1 0
 0 0 0 1 1 0 0 0 1 0
 0 0 0 0 1 0 0 0 1 1
 0 0 0 0 0 0 1 0 0 0
 0 0 0 0 0 0 1 0 0 0
 0 1 1 0 1 0 0 0 1 1
 1 0 0 0 0 0 0 1 1 0

Instance 67
11 10 
 0 0 0 0 0 0 0 0 0 1
 0 0 0 0 0 0 1 0 0 1
 0 0 1 0 0 0 1 0 1 0
 1 0 0 0 0 0 1 0 0 0
 0 0 0 1 0 0 0 0 0 1
 0 0 1 0 0 0 0 0 0 0
 0 0 1 0 0 0 0 0 0 0
 0 0 1 0 0 0 1 0 1 1
 0 0 0 0 1 0 0 1 0 0
 1 0 0 1 1 0 0 0 0 0
 0 0 0 0 1 0 0 0 0 1

Instance 68
11 10 
 1 0 1 1 0 0 1 0 0 0
 0 0 0 0 0 0 0 0 0 1
 0 0 1 0 1 0 0 0 0 1
 1 0 0 0 0 0 1 0 0 0
 0 0 1 1 0 0 0 0 0 1
 1 0 1 0 1 1 1 0 1 1
 0 0 0 0 0 1 0 1 0 0
 1 1 0 0 0 0 0 0 0 1
 0 0 0 1 0 1 1 0 1 0
 0 0 0 0 1 0 0 0 0 0
 0 0 0 0 0 0 0 1 1 0

Instance 69
11 10 
 0 0 0 0 0 1 1 0 1 1
 0 0 0 0 1 0 0 1 0 0
 1 1 1 1 0 0 1 0 0 0
 0 0 0 0 0 0 1 0 0 0
 0 0 0 0 0 1 0 0 1 0
 1 0 0 0 0 0 0 0 1 0
 0 1 1 0 0 0 0 0 1 0
 0 0 0 0 0 0 0 0 0 1
 0 0 0 0 0 0 0 1 0 0
 0 0 1 1 0 0 1 0 0 1
 1 0 0 0 0 1 1 1 0 0

