Solving by Dynamic Programming...
buffer: Instance 150
numCustomers: 10
numProducts: 16
1 1 1 0 1 0 1 1 0 1 1 0 1 1 1 1 
1 1 1 1 1 1 1 1 0 1 1 1 1 0 1 1 
1 1 0 1 0 1 1 1 0 1 0 1 1 0 1 1 
0 1 1 0 1 1 1 1 0 1 1 1 1 0 1 1 
1 1 1 1 0 1 1 1 0 1 0 1 1 1 1 0 
1 1 1 1 0 0 1 0 0 0 1 1 0 1 1 1 
0 1 0 0 1 1 1 1 0 1 1 0 0 1 1 1 
1 1 1 1 1 1 1 0 1 1 1 1 0 1 0 0 
0 1 1 1 1 1 1 1 1 1 1 1 1 1 1 1 
1 0 1 1 1 1 1 1 1 0 1 1 0 0 1 1 
Best Sequence: 
15 14 13 12 11 10 9 8 7 6 5 4 3 2 1 0 
1 1 1 1 0 1 1 0 1 1 0 1 0 1 1 1 
1 1 0 1 1 1 1 0 1 1 1 1 1 1 1 1 
1 1 0 1 1 0 1 0 1 1 1 0 1 0 1 1 
1 1 0 1 1 1 1 0 1 1 1 1 0 1 1 0 
0 1 1 1 1 0 1 0 1 1 1 0 1 1 1 1 
1 1 1 0 1 1 0 0 0 1 0 0 1 1 1 1 
1 1 1 0 0 1 1 0 1 1 1 1 0 0 1 0 
0 0 1 0 1 1 1 1 0 1 1 1 1 1 1 1 
1 1 1 1 1 1 1 1 1 1 1 1 1 1 1 0 
1 1 0 0 1 1 0 1 1 1 1 1 1 1 0 1 
OpenStacks: 10
Took 12.62 seconds

buffer: Instance 151
numCustomers: 10
numProducts: 16
0 1 1 1 1 0 1 1 1 1 0 1 1 1 1 1 
0 0 1 1 0 1 1 1 1 1 0 1 1 1 1 1 
1 1 1 1 0 1 1 1 1 1 1 0 0 1 1 1 
0 0 1 1 0 1 1 1 0 1 0 1 1 1 1 1 
0 1 1 0 1 1 1 1 1 0 1 0 1 0 1 1 
1 0 1 1 0 1 0 1 0 1 1 1 1 1 1 1 
1 0 1 1 0 1 1 1 1 1 1 1 1 1 1 0 
1 0 1 1 1 1 1 0 0 0 1 1 1 0 1 1 
0 1 1 1 1 1 0 1 1 1 1 1 0 1 1 1 
1 1 1 1 1 1 0 0 1 1 0 1 1 1 1 1 
Best Sequence: 
15 14 13 12 11 10 9 8 7 6 5 4 3 2 1 0 
1 1 1 1 1 0 1 1 1 1 0 1 1 1 1 0 
1 1 1 1 1 0 1 1 1 1 1 0 1 1 0 0 
1 1 1 0 0 1 1 1 1 1 1 0 1 1 1 1 
1 1 1 1 1 0 1 0 1 1 1 0 1 1 0 0 
1 1 0 1 0 1 0 1 1 1 1 1 0 1 1 0 
1 1 1 1 1 1 1 0 1 0 1 0 1 1 0 1 
0 1 1 1 1 1 1 1 1 1 1 0 1 1 0 1 
1 1 0 1 1 1 0 0 0 1 1 1 1 1 0 1 
1 1 1 0 1 1 1 1 1 0 1 1 1 1 1 0 
1 1 1 1 1 0 1 1 0 0 1 1 1 1 1 1 
OpenStacks: 10
Took 12.64 seconds

buffer: Instance 152
numCustomers: 10
numProducts: 16
1 1 0 1 1 1 1 1 1 1 1 1 1 1 1 1 
1 0 1 0 0 1 0 0 1 1 0 1 0 1 1 1 
1 1 0 0 0 1 0 1 1 0 1 0 0 0 1 1 
1 1 0 0 1 1 1 1 1 1 0 1 1 0 1 1 
0 1 1 1 1 1 1 0 0 0 1 0 1 0 1 1 
0 1 0 1 1 1 0 1 0 0 0 1 1 1 0 1 
1 1 0 1 0 1 1 1 1 1 1 0 1 0 1 0 
0 1 0 1 1 0 1 1 0 1 0 1 1 0 1 1 
1 1 1 1 0 1 1 1 1 1 0 0 1 1 0 0 
1 1 1 1 1 1 1 1 1 0 1 1 1 1 0 1 
Best Sequence: 
15 14 13 12 11 10 9 8 7 6 5 4 3 2 1 0 
1 1 1 1 1 1 1 1 1 1 1 1 1 0 1 1 
1 1 1 0 1 0 1 1 0 0 1 0 0 1 0 1 
1 1 0 0 0 1 0 1 1 0 1 0 0 0 1 1 
1 1 0 1 1 0 1 1 1 1 1 1 0 0 1 1 
1 1 0 1 0 1 0 0 0 1 1 1 1 1 1 0 
1 0 1 1 1 0 0 0 1 0 1 1 1 0 1 0 
0 1 0 1 0 1 1 1 1 1 1 0 1 0 1 1 
1 1 0 1 1 0 1 0 1 1 0 1 1 0 1 0 
0 0 1 1 0 0 1 1 1 1 1 0 1 1 1 1 
1 0 1 1 1 1 0 1 1 1 1 1 1 1 1 1 
OpenStacks: 10
Took 12.67 seconds

buffer: Instance 153
numCustomers: 10
numProducts: 16
1 1 1 0 1 1 1 1 1 1 1 0 1 1 1 1 
0 1 1 1 1 1 0 1 1 1 0 1 1 0 1 0 
1 1 1 1 0 1 0 1 1 0 1 1 1 1 1 1 
1 0 1 1 1 1 1 1 1 0 1 1 1 1 1 1 
1 1 1 1 1 0 1 0 1 0 1 0 1 1 1 0 
1 1 1 1 0 1 0 1 0 1 1 1 1 0 1 1 
1 1 0 1 0 1 1 1 0 1 1 1 0 0 1 1 
0 0 1 1 0 0 1 1 1 0 1 1 0 1 1 1 
0 1 0 0 1 1 1 1 1 1 1 1 1 1 1 0 
1 1 1 1 1 0 0 1 1 1 1 1 1 0 1 1 
Best Sequence: 
15 14 13 12 11 10 9 8 7 6 5 4 3 2 1 0 
1 1 1 1 0 1 1 1 1 1 1 1 0 1 1 1 
0 1 0 1 1 0 1 1 1 0 1 1 1 1 1 0 
1 1 1 1 1 1 0 1 1 0 1 0 1 1 1 1 
1 1 1 1 1 1 0 1 1 1 1 1 1 1 0 1 
0 1 1 1 0 1 0 1 0 1 0 1 1 1 1 1 
1 1 0 1 1 1 1 0 1 0 1 0 1 1 1 1 
1 1 0 0 1 1 1 0 1 1 1 0 1 0 1 1 
1 1 1 0 1 1 0 1 1 1 0 0 1 1 0 0 
0 1 1 1 1 1 1 1 1 1 1 1 0 0 1 0 
1 1 0 1 1 1 1 1 1 0 0 1 1 1 1 1 
OpenStacks: 10
Took 12.67 seconds

buffer: Instance 154
numCustomers: 10
numProducts: 16
1 1 1 1 1 1 1 1 1 1 0 0 0 1 0 1 
0 0 1 1 0 1 1 1 1 1 0 0 0 0 1 1 
0 1 1 1 0 1 0 1 1 1 1 1 1 0 1 1 
1 0 1 1 1 1 1 1 1 0 1 1 1 1 1 1 
0 0 1 0 1 1 1 1 1 1 1 1 1 1 1 1 
0 0 1 1 1 1 0 1 1 0 1 1 1 1 1 1 
1 1 1 1 0 1 1 0 0 1 0 1 0 1 1 1 
1 1 1 1 1 1 1 1 1 1 1 1 1 1 1 1 
1 1 0 0 1 1 1 1 1 0 1 1 1 0 1 1 
1 0 1 1 1 1 1 1 0 1 1 1 0 0 1 1 
Best Sequence: 
15 14 13 12 11 10 9 8 7 6 5 4 3 2 1 0 
1 0 1 0 0 0 1 1 1 1 1 1 1 1 1 1 
1 1 0 0 0 0 1 1 1 1 1 0 1 1 0 0 
1 1 0 1 1 1 1 1 1 0 1 0 1 1 1 0 
1 1 1 1 1 1 0 1 1 1 1 1 1 1 0 1 
1 1 1 1 1 1 1 1 1 1 1 1 0 1 0 0 
1 1 1 1 1 1 0 1 1 0 1 1 1 1 0 0 
1 1 1 0 1 0 1 0 0 1 1 0 1 1 1 1 
1 1 1 1 1 1 1 1 1 1 1 1 1 1 1 1 
1 1 0 1 1 1 0 1 1 1 1 1 0 0 1 1 
1 1 0 0 1 1 1 0 1 1 1 1 1 1 0 1 
OpenStacks: 10
Took 12.6 seconds

buffer: Instance 155
numCustomers: 10
numProducts: 16
0 0 1 1 0 1 1 0 1 1 0 0 1 1 1 1 
1 0 1 1 1 1 1 1 1 1 1 1 1 1 1 1 
1 1 0 1 1 1 1 1 0 0 1 1 1 1 1 1 
1 1 1 0 1 1 0 1 1 1 1 1 1 1 0 1 
1 1 0 1 1 1 1 1 1 1 1 0 1 1 1 1 
1 0 1 1 1 0 0 1 1 1 1 1 1 0 1 0 
1 1 1 1 1 0 0 0 1 1 1 1 1 1 1 1 
1 0 1 0 1 0 1 1 1 1 1 1 1 0 0 1 
1 1 1 0 1 1 1 1 1 1 1 1 1 1 1 0 
0 0 1 1 0 1 1 1 1 0 1 0 1 1 1 0 
Best Sequence: 
15 14 13 12 11 10 9 8 7 6 5 4 3 2 1 0 
1 1 1 1 0 0 1 1 0 1 1 0 1 1 0 0 
1 1 1 1 1 1 1 1 1 1 1 1 1 1 0 1 
1 1 1 1 1 1 0 0 1 1 1 1 1 0 1 1 
1 0 1 1 1 1 1 1 1 0 1 1 0 1 1 1 
1 1 1 1 0 1 1 1 1 1 1 1 1 0 1 1 
0 1 0 1 1 1 1 1 1 0 0 1 1 1 0 1 
1 1 1 1 1 1 1 1 0 0 0 1 1 1 1 1 
1 0 0 1 1 1 1 1 1 1 0 1 0 1 0 1 
0 1 1 1 1 1 1 1 1 1 1 1 0 1 1 1 
0 1 1 1 0 1 0 1 1 1 1 0 1 1 0 0 
OpenStacks: 10
Took 12.63 seconds

buffer: Instance 156
numCustomers: 10
numProducts: 16
1 0 1 1 1 1 1 1 0 1 1 1 1 1 1 1 
0 1 1 0 1 1 0 1 0 1 1 1 0 1 1 0 
1 1 1 1 1 1 1 1 1 1 1 1 0 0 0 1 
1 1 1 1 0 1 1 1 1 1 1 1 1 1 1 1 
1 0 1 1 0 1 1 0 1 0 1 1 1 1 1 1 
1 1 1 1 0 1 1 1 0 1 1 1 1 1 1 1 
1 0 1 1 1 0 1 1 1 0 1 1 1 1 1 1 
0 1 1 1 0 1 1 1 1 1 1 1 1 0 0 1 
1 0 0 1 0 1 0 0 1 0 0 1 1 1 1 1 
1 1 1 0 0 1 0 1 1 1 1 1 0 1 1 1 
Best Sequence: 
15 14 13 12 11 10 9 8 7 6 5 4 3 2 1 0 
1 1 1 1 1 1 1 0 1 1 1 1 1 1 0 1 
0 1 1 0 1 1 1 0 1 0 1 1 0 1 1 0 
1 0 0 0 1 1 1 1 1 1 1 1 1 1 1 1 
1 1 1 1 1 1 1 1 1 1 1 0 1 1 1 1 
1 1 1 1 1 1 0 1 0 1 1 0 1 1 0 1 
1 1 1 1 1 1 1 0 1 1 1 0 1 1 1 1 
1 1 1 1 1 1 0 1 1 1 0 1 1 1 0 1 
1 0 0 1 1 1 1 1 1 1 1 0 1 1 1 0 
1 1 1 1 1 0 0 1 0 0 1 0 1 0 0 1 
1 1 1 0 1 1 1 1 1 0 1 0 0 1 1 1 
OpenStacks: 10
Took 12.61 seconds

buffer: Instance 157
numCustomers: 10
numProducts: 16
1 1 0 0 0 1 0 0 1 1 1 1 1 0 0 1 
1 1 1 0 1 1 0 1 1 1 1 1 1 1 1 1 
1 1 1 0 1 0 1 0 0 1 1 0 0 1 1 1 
1 1 0 1 1 0 1 0 0 0 1 0 1 1 1 1 
1 1 0 1 0 1 1 1 1 1 1 1 1 1 0 1 
1 0 1 1 1 1 1 1 0 1 0 0 1 1 1 1 
0 1 0 0 1 1 1 1 1 1 0 1 1 1 0 1 
1 1 1 0 1 1 1 0 1 0 1 0 1 0 0 1 
1 1 0 1 1 0 1 1 1 1 1 1 0 1 1 0 
1 0 0 0 1 1 1 0 1 1 1 1 1 0 1 0 
Best Sequence: 
15 14 13 12 11 10 9 8 7 6 5 4 3 2 1 0 
1 0 0 1 1 1 1 1 0 0 1 0 0 0 1 1 
1 1 1 1 1 1 1 1 1 0 1 1 0 1 1 1 
1 1 1 0 0 1 1 0 0 1 0 1 0 1 1 1 
1 1 1 1 0 1 0 0 0 1 0 1 1 0 1 1 
1 0 1 1 1 1 1 1 1 1 1 0 1 0 1 1 
1 1 1 1 0 0 1 0 1 1 1 1 1 1 0 1 
1 0 1 1 1 0 1 1 1 1 1 1 0 0 1 0 
1 0 0 1 0 1 0 1 0 1 1 1 0 1 1 1 
0 1 1 0 1 1 1 1 1 1 0 1 1 0 1 1 
0 1 0 1 1 1 1 1 0 1 1 1 0 0 0 1 
OpenStacks: 10
Took 12.68 seconds

buffer: Instance 158
numCustomers: 10
numProducts: 16
1 0 1 1 1 1 1 1 1 1 1 1 1 1 1 1 
1 1 0 0 1 1 1 0 1 1 1 1 1 1 0 0 
1 0 1 0 0 1 1 1 1 1 1 1 1 0 0 0 
1 1 1 1 1 0 0 0 1 1 1 1 1 1 1 1 
0 0 1 1 0 1 1 1 1 0 1 1 1 1 1 1 
1 1 0 1 1 1 1 1 0 1 1 0 0 0 1 1 
1 1 1 1 1 1 0 0 1 0 1 1 0 1 0 1 
0 1 0 1 1 1 1 1 0 1 0 1 1 1 1 0 
1 1 1 1 0 1 1 1 1 0 1 1 1 1 1 0 
1 1 1 1 1 1 1 0 0 0 0 1 1 0 1 1 
Best Sequence: 
15 14 13 12 11 10 9 8 7 6 5 4 3 2 1 0 
1 1 1 1 1 1 1 1 1 1 1 1 1 1 0 1 
0 0 1 1 1 1 1 1 0 1 1 1 0 0 1 1 
0 0 0 1 1 1 1 1 1 1 1 0 0 1 0 1 
1 1 1 1 1 1 1 1 0 0 0 1 1 1 1 1 
1 1 1 1 1 1 0 1 1 1 1 0 1 1 0 0 
1 1 0 0 0 1 1 0 1 1 1 1 1 0 1 1 
1 0 1 0 1 1 0 1 0 0 1 1 1 1 1 1 
0 1 1 1 1 0 1 0 1 1 1 1 1 0 1 0 
0 1 1 1 1 1 0 1 1 1 1 0 1 1 1 1 
1 1 0 1 1 0 0 0 0 1 1 1 1 1 1 1 
OpenStacks: 10
Took 12.64 seconds

buffer: Instance 159
numCustomers: 10
numProducts: 16
1 1 1 1 0 1 1 1 1 1 0 1 1 1 1 1 
0 1 1 0 0 0 0 1 1 1 0 0 1 1 1 1 
1 1 1 0 1 1 1 1 0 0 1 1 1 1 1 0 
0 1 0 0 1 1 1 1 1 1 1 1 0 1 1 1 
1 0 1 0 1 1 0 1 1 0 1 1 1 1 0 0 
0 1 1 1 0 0 1 1 1 1 1 1 0 0 0 0 
1 1 1 1 1 1 1 1 1 1 1 1 0 1 1 1 
1 0 0 1 0 1 0 0 1 1 1 1 1 1 1 1 
1 1 0 0 1 0 1 1 0 0 1 0 0 0 1 1 
0 1 0 1 1 1 0 1 0 0 1 0 0 1 1 0 
Best Sequence: 
15 14 13 12 11 10 9 8 7 6 5 4 3 2 1 0 
1 1 1 1 1 0 1 1 1 1 1 0 1 1 1 1 
1 1 1 1 0 0 1 1 1 0 0 0 0 1 1 0 
0 1 1 1 1 1 0 0 1 1 1 1 0 1 1 1 
1 1 1 0 1 1 1 1 1 1 1 1 0 0 1 0 
0 0 1 1 1 1 0 1 1 0 1 1 0 1 0 1 
0 0 0 0 1 1 1 1 1 1 0 0 1 1 1 0 
1 1 1 0 1 1 1 1 1 1 1 1 1 1 1 1 
1 1 1 1 1 1 1 1 0 0 1 0 1 0 0 1 
1 1 0 0 0 1 0 0 1 1 0 1 0 0 1 1 
0 1 1 0 0 1 0 0 1 0 1 1 1 0 1 0 
OpenStacks: 10
Took 12.68 seconds

Solved: 10 instances
totalTime: 126.44 seconds
minTime: 12.6 seconds
maxTime: 12.68 seconds
Average: 12.644 seconds
