Solving by Dynamic Programming...
buffer: Instance 170
numCustomers: 10
numProducts: 18
1 0 1 0 1 0 1 1 1 1 1 1 1 1 0 0 1 1 
0 1 0 0 1 0 1 1 1 0 0 1 1 0 1 1 1 1 
1 0 1 0 1 0 0 0 0 1 1 1 0 1 1 1 1 1 
0 0 0 1 1 1 1 1 1 1 1 1 0 1 1 0 0 0 
0 1 1 0 1 0 1 1 1 1 0 0 1 0 1 1 1 1 
0 0 1 1 1 1 0 1 0 1 1 1 0 0 1 1 1 0 
1 1 1 1 1 0 1 1 1 1 1 0 1 0 1 1 1 1 
1 1 0 1 1 1 1 1 1 1 0 0 1 1 1 0 0 1 
1 1 1 1 0 0 1 1 1 1 1 1 1 1 0 1 1 1 
1 0 1 1 1 1 0 1 1 1 0 1 1 1 1 1 1 1 
Best sequence:
0 1 2 3 4 5 6 7 8 9 10 11 12 13 14 15 16 17 
1 0 1 0 1 0 1 1 1 1 1 1 1 1 0 0 1 1 
0 1 0 0 1 0 1 1 1 0 0 1 1 0 1 1 1 1 
1 0 1 0 1 0 0 0 0 1 1 1 0 1 1 1 1 1 
0 0 0 1 1 1 1 1 1 1 1 1 0 1 1 0 0 0 
0 1 1 0 1 0 1 1 1 1 0 0 1 0 1 1 1 1 
0 0 1 1 1 1 0 1 0 1 1 1 0 0 1 1 1 0 
1 1 1 1 1 0 1 1 1 1 1 0 1 0 1 1 1 1 
1 1 0 1 1 1 1 1 1 1 0 0 1 1 1 0 0 1 
1 1 1 1 0 0 1 1 1 1 1 1 1 1 0 1 1 1 
1 0 1 1 1 1 0 1 1 1 0 1 1 1 1 1 1 1 
OpenStacks: 10
Took 6.18 seconds

buffer: Instance 171
numCustomers: 10
numProducts: 18
0 0 1 0 0 1 0 1 0 1 1 1 0 0 1 1 1 0 
1 0 1 0 1 0 0 1 0 0 1 1 1 1 1 1 0 1 
1 0 1 1 1 0 0 1 1 1 1 1 1 1 1 1 1 0 
0 1 1 1 1 0 1 1 1 1 0 0 1 0 0 1 0 1 
1 1 1 0 1 1 1 1 0 1 1 0 0 1 1 0 0 1 
1 1 1 1 1 1 1 1 1 1 1 1 0 1 0 1 0 0 
1 1 0 1 0 0 0 1 1 1 0 1 1 1 1 1 1 1 
1 1 1 0 1 1 1 1 0 1 1 1 1 1 1 1 0 0 
1 1 1 0 1 1 1 1 0 1 1 1 1 1 1 1 0 0 
1 0 0 1 1 1 1 1 1 1 1 0 1 1 1 1 1 0 
Best sequence:
0 1 2 3 4 5 6 7 8 9 10 11 12 13 14 15 16 17 
0 0 1 0 0 1 0 1 0 1 1 1 0 0 1 1 1 0 
1 0 1 0 1 0 0 1 0 0 1 1 1 1 1 1 0 1 
1 0 1 1 1 0 0 1 1 1 1 1 1 1 1 1 1 0 
0 1 1 1 1 0 1 1 1 1 0 0 1 0 0 1 0 1 
1 1 1 0 1 1 1 1 0 1 1 0 0 1 1 0 0 1 
1 1 1 1 1 1 1 1 1 1 1 1 0 1 0 1 0 0 
1 1 0 1 0 0 0 1 1 1 0 1 1 1 1 1 1 1 
1 1 1 0 1 1 1 1 0 1 1 1 1 1 1 1 0 0 
1 1 1 0 1 1 1 1 0 1 1 1 1 1 1 1 0 0 
1 0 0 1 1 1 1 1 1 1 1 0 1 1 1 1 1 0 
OpenStacks: 10
Took 5.3 seconds

buffer: Instance 172
numCustomers: 10
numProducts: 18
0 1 1 1 1 1 1 0 1 0 1 1 1 0 1 1 1 1 
1 0 1 1 0 0 1 1 1 1 1 1 0 0 0 1 1 1 
1 0 1 1 1 0 1 1 1 0 1 0 1 0 1 1 1 0 
1 1 1 1 0 1 1 1 1 1 0 1 1 1 1 0 1 1 
0 1 1 1 0 1 0 1 1 1 1 0 1 1 1 0 1 1 
1 0 1 0 1 0 1 0 1 0 1 1 1 1 1 1 1 0 
0 1 0 1 1 1 1 0 1 1 0 1 1 0 1 1 1 1 
1 1 1 1 1 1 1 1 1 1 1 1 1 1 1 1 1 0 
1 1 1 1 1 1 1 1 0 1 1 1 0 0 0 1 1 1 
0 1 1 1 1 0 0 1 0 0 1 1 0 0 0 1 1 1 
Best sequence:
0 1 2 3 4 5 6 7 8 9 10 11 12 13 14 15 16 17 
0 1 1 1 1 1 1 0 1 0 1 1 1 0 1 1 1 1 
1 0 1 1 0 0 1 1 1 1 1 1 0 0 0 1 1 1 
1 0 1 1 1 0 1 1 1 0 1 0 1 0 1 1 1 0 
1 1 1 1 0 1 1 1 1 1 0 1 1 1 1 0 1 1 
0 1 1 1 0 1 0 1 1 1 1 0 1 1 1 0 1 1 
1 0 1 0 1 0 1 0 1 0 1 1 1 1 1 1 1 0 
0 1 0 1 1 1 1 0 1 1 0 1 1 0 1 1 1 1 
1 1 1 1 1 1 1 1 1 1 1 1 1 1 1 1 1 0 
1 1 1 1 1 1 1 1 0 1 1 1 0 0 0 1 1 1 
0 1 1 1 1 0 0 1 0 0 1 1 0 0 0 1 1 1 
OpenStacks: 10
Took 5.31 seconds

buffer: Instance 173
numCustomers: 10
numProducts: 18
0 1 1 0 1 1 1 1 0 1 0 1 1 1 1 1 1 1 
0 0 1 1 1 0 0 1 1 1 1 1 1 0 0 1 1 1 
1 0 1 1 1 0 1 1 1 1 1 1 0 1 1 1 1 1 
0 1 1 0 1 1 0 1 1 1 1 1 1 0 0 1 1 0 
0 1 1 0 1 1 1 0 1 1 1 0 1 1 1 1 1 0 
1 0 0 0 1 1 0 0 1 1 0 1 1 1 0 1 1 1 
0 0 1 1 0 1 1 0 1 0 1 1 1 1 1 1 1 1 
0 1 0 1 1 0 0 1 1 1 1 0 1 1 0 1 1 1 
1 0 1 1 1 1 1 0 1 1 0 1 1 0 1 0 1 1 
1 0 1 1 1 1 1 1 1 1 0 1 1 1 1 0 1 0 
Best sequence:
0 1 2 3 4 5 6 7 8 9 10 11 12 13 14 15 16 17 
0 1 1 0 1 1 1 1 0 1 0 1 1 1 1 1 1 1 
0 0 1 1 1 0 0 1 1 1 1 1 1 0 0 1 1 1 
1 0 1 1 1 0 1 1 1 1 1 1 0 1 1 1 1 1 
0 1 1 0 1 1 0 1 1 1 1 1 1 0 0 1 1 0 
0 1 1 0 1 1 1 0 1 1 1 0 1 1 1 1 1 0 
1 0 0 0 1 1 0 0 1 1 0 1 1 1 0 1 1 1 
0 0 1 1 0 1 1 0 1 0 1 1 1 1 1 1 1 1 
0 1 0 1 1 0 0 1 1 1 1 0 1 1 0 1 1 1 
1 0 1 1 1 1 1 0 1 1 0 1 1 0 1 0 1 1 
1 0 1 1 1 1 1 1 1 1 0 1 1 1 1 0 1 0 
OpenStacks: 10
Took 5.3 seconds

buffer: Instance 174
numCustomers: 10
numProducts: 18
0 1 0 1 1 1 1 1 1 0 1 0 1 0 0 0 1 1 
0 0 1 1 1 1 1 1 1 1 1 1 1 1 1 0 0 1 
1 0 0 1 0 1 1 0 1 1 1 0 1 1 1 1 1 1 
1 1 1 1 0 1 1 1 0 1 1 0 1 1 1 1 1 1 
1 1 1 1 1 0 1 1 1 1 1 1 1 0 1 1 0 0 
1 0 1 1 1 1 1 1 1 1 1 1 1 1 0 1 1 0 
1 0 0 1 1 1 1 1 1 1 1 1 0 1 1 0 1 1 
1 1 0 1 1 1 1 1 1 0 0 0 1 1 1 0 1 1 
1 1 0 1 1 1 1 1 1 0 0 1 0 1 0 1 1 1 
1 1 0 1 1 1 1 1 1 1 0 0 1 0 1 1 1 1 
Best sequence:
0 1 2 3 4 5 6 7 8 9 10 11 12 13 14 15 16 17 
0 1 0 1 1 1 1 1 1 0 1 0 1 0 0 0 1 1 
0 0 1 1 1 1 1 1 1 1 1 1 1 1 1 0 0 1 
1 0 0 1 0 1 1 0 1 1 1 0 1 1 1 1 1 1 
1 1 1 1 0 1 1 1 0 1 1 0 1 1 1 1 1 1 
1 1 1 1 1 0 1 1 1 1 1 1 1 0 1 1 0 0 
1 0 1 1 1 1 1 1 1 1 1 1 1 1 0 1 1 0 
1 0 0 1 1 1 1 1 1 1 1 1 0 1 1 0 1 1 
1 1 0 1 1 1 1 1 1 0 0 0 1 1 1 0 1 1 
1 1 0 1 1 1 1 1 1 0 0 1 0 1 0 1 1 1 
1 1 0 1 1 1 1 1 1 1 0 0 1 0 1 1 1 1 
OpenStacks: 10
Took 5.31 seconds

buffer: Instance 175
numCustomers: 10
numProducts: 18
1 1 1 1 1 0 1 0 1 0 1 1 1 1 1 0 0 1 
1 1 1 0 0 1 0 1 1 0 1 1 1 1 1 0 1 0 
0 1 1 1 1 1 1 1 0 0 1 1 1 1 1 1 1 1 
1 1 0 1 1 1 1 1 0 0 0 1 1 1 1 1 1 1 
1 1 1 0 1 1 1 1 1 0 0 1 0 1 1 1 1 1 
1 0 1 1 0 1 1 0 1 0 0 1 1 0 1 1 0 1 
0 0 0 1 1 0 1 1 1 0 0 1 1 1 1 0 1 1 
1 1 1 1 1 1 0 1 1 0 1 1 1 1 1 0 1 1 
1 1 0 1 1 1 1 1 0 1 1 0 1 1 0 1 1 1 
1 1 1 0 0 0 1 1 1 0 1 1 1 1 1 1 1 0 
Best sequence:
0 1 2 3 4 5 6 7 8 9 10 11 12 13 14 15 16 17 
1 1 1 1 1 0 1 0 1 0 1 1 1 1 1 0 0 1 
1 1 1 0 0 1 0 1 1 0 1 1 1 1 1 0 1 0 
0 1 1 1 1 1 1 1 0 0 1 1 1 1 1 1 1 1 
1 1 0 1 1 1 1 1 0 0 0 1 1 1 1 1 1 1 
1 1 1 0 1 1 1 1 1 0 0 1 0 1 1 1 1 1 
1 0 1 1 0 1 1 0 1 0 0 1 1 0 1 1 0 1 
0 0 0 1 1 0 1 1 1 0 0 1 1 1 1 0 1 1 
1 1 1 1 1 1 0 1 1 0 1 1 1 1 1 0 1 1 
1 1 0 1 1 1 1 1 0 1 1 0 1 1 0 1 1 1 
1 1 1 0 0 0 1 1 1 0 1 1 1 1 1 1 1 0 
OpenStacks: 10
Took 5.31 seconds

buffer: Instance 176
numCustomers: 10
numProducts: 18
0 0 1 1 1 1 1 1 0 1 1 0 1 1 1 0 1 1 
1 1 1 1 1 0 1 1 1 1 0 0 1 1 0 1 1 1 
1 1 1 0 1 0 1 1 1 1 1 1 1 1 1 0 0 1 
1 0 0 0 1 1 0 1 1 1 1 1 0 1 1 0 1 1 
1 1 1 1 1 1 1 1 1 1 0 1 0 1 1 0 0 1 
1 1 1 1 1 0 1 1 1 1 1 1 0 1 1 1 1 1 
1 0 1 0 1 1 1 1 1 1 0 1 1 1 1 0 1 0 
1 1 1 1 0 1 1 1 1 1 1 1 1 1 1 0 1 1 
1 0 1 1 1 1 1 0 1 0 1 0 0 1 0 1 1 1 
0 1 0 1 0 1 0 1 1 1 1 1 1 1 1 0 0 1 
Best sequence:
0 1 2 3 4 5 6 7 8 9 10 11 12 13 14 15 16 17 
0 0 1 1 1 1 1 1 0 1 1 0 1 1 1 0 1 1 
1 1 1 1 1 0 1 1 1 1 0 0 1 1 0 1 1 1 
1 1 1 0 1 0 1 1 1 1 1 1 1 1 1 0 0 1 
1 0 0 0 1 1 0 1 1 1 1 1 0 1 1 0 1 1 
1 1 1 1 1 1 1 1 1 1 0 1 0 1 1 0 0 1 
1 1 1 1 1 0 1 1 1 1 1 1 0 1 1 1 1 1 
1 0 1 0 1 1 1 1 1 1 0 1 1 1 1 0 1 0 
1 1 1 1 0 1 1 1 1 1 1 1 1 1 1 0 1 1 
1 0 1 1 1 1 1 0 1 0 1 0 0 1 0 1 1 1 
0 1 0 1 0 1 0 1 1 1 1 1 1 1 1 0 0 1 
OpenStacks: 10
Took 5.31 seconds

buffer: Instance 177
numCustomers: 10
numProducts: 18
1 1 1 0 1 1 1 1 1 1 1 1 1 0 1 1 1 1 
1 1 1 1 1 1 1 1 1 0 0 1 1 1 1 1 1 0 
1 1 1 1 1 1 1 1 1 0 1 1 1 1 1 1 1 1 
1 1 1 0 1 1 1 1 1 1 1 0 1 1 1 1 1 1 
0 0 0 1 0 1 1 0 0 0 0 1 1 1 1 0 1 1 
0 1 1 0 0 0 1 0 0 0 1 0 1 0 0 0 1 1 
1 0 1 1 1 1 1 0 1 1 1 1 1 1 1 1 1 0 
1 1 1 1 1 1 1 1 1 1 1 1 0 1 0 1 0 1 
0 0 1 1 0 0 1 1 1 0 1 1 0 1 1 1 1 1 
0 1 1 1 1 0 1 1 1 1 1 1 1 1 1 1 1 1 
Best sequence:
0 1 2 3 4 5 6 7 8 9 10 11 12 13 14 15 16 17 
1 1 1 0 1 1 1 1 1 1 1 1 1 0 1 1 1 1 
1 1 1 1 1 1 1 1 1 0 0 1 1 1 1 1 1 0 
1 1 1 1 1 1 1 1 1 0 1 1 1 1 1 1 1 1 
1 1 1 0 1 1 1 1 1 1 1 0 1 1 1 1 1 1 
0 0 0 1 0 1 1 0 0 0 0 1 1 1 1 0 1 1 
0 1 1 0 0 0 1 0 0 0 1 0 1 0 0 0 1 1 
1 0 1 1 1 1 1 0 1 1 1 1 1 1 1 1 1 0 
1 1 1 1 1 1 1 1 1 1 1 1 0 1 0 1 0 1 
0 0 1 1 0 0 1 1 1 0 1 1 0 1 1 1 1 1 
0 1 1 1 1 0 1 1 1 1 1 1 1 1 1 1 1 1 
OpenStacks: 10
Took 5.29 seconds

buffer: Instance 178
numCustomers: 10
numProducts: 18
0 0 1 1 1 0 0 1 1 1 1 0 1 0 1 1 0 1 
0 1 1 1 0 1 0 0 1 1 0 1 0 1 1 0 1 0 
0 1 1 1 1 0 1 1 1 0 0 0 0 0 1 1 1 1 
1 1 1 1 1 1 1 1 1 1 1 1 1 1 1 1 1 1 
1 1 0 1 1 1 1 1 1 0 1 1 1 0 1 1 0 1 
1 1 0 1 0 1 1 1 1 1 1 1 0 1 1 0 0 1 
1 0 0 1 1 0 0 1 1 0 1 0 1 1 1 1 1 0 
0 1 1 1 1 1 1 1 1 1 1 1 1 1 1 1 0 1 
0 1 0 1 0 1 1 0 1 1 1 0 1 0 0 1 1 1 
1 1 0 1 1 1 1 1 1 1 1 1 1 1 0 1 1 1 
Best sequence:
0 1 2 3 4 5 6 7 8 9 10 11 12 13 14 15 16 17 
0 0 1 1 1 0 0 1 1 1 1 0 1 0 1 1 0 1 
0 1 1 1 0 1 0 0 1 1 0 1 0 1 1 0 1 0 
0 1 1 1 1 0 1 1 1 0 0 0 0 0 1 1 1 1 
1 1 1 1 1 1 1 1 1 1 1 1 1 1 1 1 1 1 
1 1 0 1 1 1 1 1 1 0 1 1 1 0 1 1 0 1 
1 1 0 1 0 1 1 1 1 1 1 1 0 1 1 0 0 1 
1 0 0 1 1 0 0 1 1 0 1 0 1 1 1 1 1 0 
0 1 1 1 1 1 1 1 1 1 1 1 1 1 1 1 0 1 
0 1 0 1 0 1 1 0 1 1 1 0 1 0 0 1 1 1 
1 1 0 1 1 1 1 1 1 1 1 1 1 1 0 1 1 1 
OpenStacks: 10
Took 5.32 seconds

buffer: Instance 179
numCustomers: 10
numProducts: 18
1 0 1 1 0 1 1 1 0 1 0 1 1 1 0 1 0 1 
1 1 1 1 0 0 1 1 1 0 1 1 0 1 1 1 1 0 
1 1 1 1 0 0 0 0 1 0 0 1 1 1 1 1 1 1 
1 1 1 0 0 1 1 1 1 1 1 1 1 1 1 0 1 0 
1 1 0 1 1 1 0 1 1 0 1 0 1 1 1 1 1 1 
1 1 1 1 1 0 1 1 0 1 1 1 1 1 1 1 1 0 
0 1 1 1 1 0 1 1 0 1 1 0 1 0 0 1 0 1 
1 0 1 1 1 0 0 1 0 1 0 1 1 1 1 1 1 0 
1 0 1 1 1 1 1 1 1 1 0 0 1 1 1 1 1 1 
1 1 1 1 1 1 1 1 1 1 1 1 1 1 1 0 1 1 
Best sequence:
0 1 2 3 4 5 6 7 8 9 10 11 12 13 14 15 16 17 
1 0 1 1 0 1 1 1 0 1 0 1 1 1 0 1 0 1 
1 1 1 1 0 0 1 1 1 0 1 1 0 1 1 1 1 0 
1 1 1 1 0 0 0 0 1 0 0 1 1 1 1 1 1 1 
1 1 1 0 0 1 1 1 1 1 1 1 1 1 1 0 1 0 
1 1 0 1 1 1 0 1 1 0 1 0 1 1 1 1 1 1 
1 1 1 1 1 0 1 1 0 1 1 1 1 1 1 1 1 0 
0 1 1 1 1 0 1 1 0 1 1 0 1 0 0 1 0 1 
1 0 1 1 1 0 0 1 0 1 0 1 1 1 1 1 1 0 
1 0 1 1 1 1 1 1 1 1 0 0 1 1 1 1 1 1 
1 1 1 1 1 1 1 1 1 1 1 1 1 1 1 0 1 1 
OpenStacks: 10
Took 5.3 seconds

Solved: 10 instances
totalTime: 53.93 seconds
minTime: 5.29 seconds
maxTime: 6.18 seconds
Average: 5.393 seconds
