Solving by Dynamic Programming...
buffer: Instance 170
numCustomers: 10
numProducts: 18
1 0 1 0 1 0 1 1 1 1 1 1 1 1 0 0 1 1 
0 1 0 0 1 0 1 1 1 0 0 1 1 0 1 1 1 1 
1 0 1 0 1 0 0 0 0 1 1 1 0 1 1 1 1 1 
0 0 0 1 1 1 1 1 1 1 1 1 0 1 1 0 0 0 
0 1 1 0 1 0 1 1 1 1 0 0 1 0 1 1 1 1 
0 0 1 1 1 1 0 1 0 1 1 1 0 0 1 1 1 0 
1 1 1 1 1 0 1 1 1 1 1 0 1 0 1 1 1 1 
1 1 0 1 1 1 1 1 1 1 0 0 1 1 1 0 0 1 
1 1 1 1 0 0 1 1 1 1 1 1 1 1 0 1 1 1 
1 0 1 1 1 1 0 1 1 1 0 1 1 1 1 1 1 1 
Best Sequence: 
17 16 15 14 13 12 11 10 9 8 7 6 5 4 3 2 1 0 
1 1 0 0 1 1 1 1 1 1 1 1 0 1 0 1 0 1 
1 1 1 1 0 1 1 0 0 1 1 1 0 1 0 0 1 0 
1 1 1 1 1 0 1 1 1 0 0 0 0 1 0 1 0 1 
0 0 0 1 1 0 1 1 1 1 1 1 1 1 1 0 0 0 
1 1 1 1 0 1 0 0 1 1 1 1 0 1 0 1 1 0 
0 1 1 1 0 0 1 1 1 0 1 0 1 1 1 1 0 0 
1 1 1 1 0 1 0 1 1 1 1 1 0 1 1 1 1 1 
1 0 0 1 1 1 0 0 1 1 1 1 1 1 1 0 1 1 
1 1 1 0 1 1 1 1 1 1 1 1 0 0 1 1 1 1 
1 1 1 1 1 1 1 0 1 1 1 0 1 1 1 1 0 1 
OpenStacks: 10
Took 62.71 seconds

buffer: Instance 171
numCustomers: 10
numProducts: 18
0 0 1 0 0 1 0 1 0 1 1 1 0 0 1 1 1 0 
1 0 1 0 1 0 0 1 0 0 1 1 1 1 1 1 0 1 
1 0 1 1 1 0 0 1 1 1 1 1 1 1 1 1 1 0 
0 1 1 1 1 0 1 1 1 1 0 0 1 0 0 1 0 1 
1 1 1 0 1 1 1 1 0 1 1 0 0 1 1 0 0 1 
1 1 1 1 1 1 1 1 1 1 1 1 0 1 0 1 0 0 
1 1 0 1 0 0 0 1 1 1 0 1 1 1 1 1 1 1 
1 1 1 0 1 1 1 1 0 1 1 1 1 1 1 1 0 0 
1 1 1 0 1 1 1 1 0 1 1 1 1 1 1 1 0 0 
1 0 0 1 1 1 1 1 1 1 1 0 1 1 1 1 1 0 
Best Sequence: 
17 16 15 14 13 12 11 10 9 8 7 6 5 4 3 2 1 0 
0 1 1 1 0 0 1 1 1 0 1 0 1 0 0 1 0 0 
1 0 1 1 1 1 1 1 0 0 1 0 0 1 0 1 0 1 
0 1 1 1 1 1 1 1 1 1 1 0 0 1 1 1 0 1 
1 0 1 0 0 1 0 0 1 1 1 1 0 1 1 1 1 0 
1 0 0 1 1 0 0 1 1 0 1 1 1 1 0 1 1 1 
0 0 1 0 1 0 1 1 1 1 1 1 1 1 1 1 1 1 
1 1 1 1 1 1 1 0 1 1 1 0 0 0 1 0 1 1 
0 0 1 1 1 1 1 1 1 0 1 1 1 1 0 1 1 1 
0 0 1 1 1 1 1 1 1 0 1 1 1 1 0 1 1 1 
0 1 1 1 1 1 0 1 1 1 1 1 1 1 1 0 0 1 
OpenStacks: 10
Took 62.78 seconds

buffer: Instance 172
numCustomers: 10
numProducts: 18
0 1 1 1 1 1 1 0 1 0 1 1 1 0 1 1 1 1 
1 0 1 1 0 0 1 1 1 1 1 1 0 0 0 1 1 1 
1 0 1 1 1 0 1 1 1 0 1 0 1 0 1 1 1 0 
1 1 1 1 0 1 1 1 1 1 0 1 1 1 1 0 1 1 
0 1 1 1 0 1 0 1 1 1 1 0 1 1 1 0 1 1 
1 0 1 0 1 0 1 0 1 0 1 1 1 1 1 1 1 0 
0 1 0 1 1 1 1 0 1 1 0 1 1 0 1 1 1 1 
1 1 1 1 1 1 1 1 1 1 1 1 1 1 1 1 1 0 
1 1 1 1 1 1 1 1 0 1 1 1 0 0 0 1 1 1 
0 1 1 1 1 0 0 1 0 0 1 1 0 0 0 1 1 1 
Best Sequence: 
17 16 15 14 13 12 11 10 9 8 7 6 5 4 3 2 1 0 
1 1 1 1 0 1 1 1 0 1 0 1 1 1 1 1 1 0 
1 1 1 0 0 0 1 1 1 1 1 1 0 0 1 1 0 1 
0 1 1 1 0 1 0 1 0 1 1 1 0 1 1 1 0 1 
1 1 0 1 1 1 1 0 1 1 1 1 1 0 1 1 1 1 
1 1 0 1 1 1 0 1 1 1 1 0 1 0 1 1 1 0 
0 1 1 1 1 1 1 1 0 1 0 1 0 1 0 1 0 1 
1 1 1 1 0 1 1 0 1 1 0 1 1 1 1 0 1 0 
0 1 1 1 1 1 1 1 1 1 1 1 1 1 1 1 1 1 
1 1 1 0 0 0 1 1 1 0 1 1 1 1 1 1 1 1 
1 1 1 0 0 0 1 1 0 0 1 0 0 1 1 1 1 0 
OpenStacks: 10
Took 62.7 seconds

buffer: Instance 173
numCustomers: 10
numProducts: 18
0 1 1 0 1 1 1 1 0 1 0 1 1 1 1 1 1 1 
0 0 1 1 1 0 0 1 1 1 1 1 1 0 0 1 1 1 
1 0 1 1 1 0 1 1 1 1 1 1 0 1 1 1 1 1 
0 1 1 0 1 1 0 1 1 1 1 1 1 0 0 1 1 0 
0 1 1 0 1 1 1 0 1 1 1 0 1 1 1 1 1 0 
1 0 0 0 1 1 0 0 1 1 0 1 1 1 0 1 1 1 
0 0 1 1 0 1 1 0 1 0 1 1 1 1 1 1 1 1 
0 1 0 1 1 0 0 1 1 1 1 0 1 1 0 1 1 1 
1 0 1 1 1 1 1 0 1 1 0 1 1 0 1 0 1 1 
1 0 1 1 1 1 1 1 1 1 0 1 1 1 1 0 1 0 
Best Sequence: 
17 16 15 14 13 12 11 10 9 8 7 6 5 4 3 2 1 0 
1 1 1 1 1 1 1 0 1 0 1 1 1 1 0 1 1 0 
1 1 1 0 0 1 1 1 1 1 1 0 0 1 1 1 0 0 
1 1 1 1 1 0 1 1 1 1 1 1 0 1 1 1 0 1 
0 1 1 0 0 1 1 1 1 1 1 0 1 1 0 1 1 0 
0 1 1 1 1 1 0 1 1 1 0 1 1 1 0 1 1 0 
1 1 1 0 1 1 1 0 1 1 0 0 1 1 0 0 0 1 
1 1 1 1 1 1 1 1 0 1 0 1 1 0 1 1 0 0 
1 1 1 0 1 1 0 1 1 1 1 0 0 1 1 0 1 0 
1 1 0 1 0 1 1 0 1 1 0 1 1 1 1 1 0 1 
0 1 0 1 1 1 1 0 1 1 1 1 1 1 1 1 0 1 
OpenStacks: 10
Took 62.64 seconds

buffer: Instance 174
numCustomers: 10
numProducts: 18
0 1 0 1 1 1 1 1 1 0 1 0 1 0 0 0 1 1 
0 0 1 1 1 1 1 1 1 1 1 1 1 1 1 0 0 1 
1 0 0 1 0 1 1 0 1 1 1 0 1 1 1 1 1 1 
1 1 1 1 0 1 1 1 0 1 1 0 1 1 1 1 1 1 
1 1 1 1 1 0 1 1 1 1 1 1 1 0 1 1 0 0 
1 0 1 1 1 1 1 1 1 1 1 1 1 1 0 1 1 0 
1 0 0 1 1 1 1 1 1 1 1 1 0 1 1 0 1 1 
1 1 0 1 1 1 1 1 1 0 0 0 1 1 1 0 1 1 
1 1 0 1 1 1 1 1 1 0 0 1 0 1 0 1 1 1 
1 1 0 1 1 1 1 1 1 1 0 0 1 0 1 1 1 1 
Best Sequence: 
17 16 15 14 13 12 11 10 9 8 7 6 5 4 3 2 1 0 
1 1 0 0 0 1 0 1 0 1 1 1 1 1 1 0 1 0 
1 0 0 1 1 1 1 1 1 1 1 1 1 1 1 1 0 0 
1 1 1 1 1 1 0 1 1 1 0 1 1 0 1 0 0 1 
1 1 1 1 1 1 0 1 1 0 1 1 1 0 1 1 1 1 
0 0 1 1 0 1 1 1 1 1 1 1 0 1 1 1 1 1 
0 1 1 0 1 1 1 1 1 1 1 1 1 1 1 1 0 1 
1 1 0 1 1 0 1 1 1 1 1 1 1 1 1 0 0 1 
1 1 0 1 1 1 0 0 0 1 1 1 1 1 1 0 1 1 
1 1 1 0 1 0 1 0 0 1 1 1 1 1 1 0 1 1 
1 1 1 1 0 1 0 0 1 1 1 1 1 1 1 0 1 1 
OpenStacks: 10
Took 62.52 seconds

buffer: Instance 175
numCustomers: 10
numProducts: 18
1 1 1 1 1 0 1 0 1 0 1 1 1 1 1 0 0 1 
1 1 1 0 0 1 0 1 1 0 1 1 1 1 1 0 1 0 
0 1 1 1 1 1 1 1 0 0 1 1 1 1 1 1 1 1 
1 1 0 1 1 1 1 1 0 0 0 1 1 1 1 1 1 1 
1 1 1 0 1 1 1 1 1 0 0 1 0 1 1 1 1 1 
1 0 1 1 0 1 1 0 1 0 0 1 1 0 1 1 0 1 
0 0 0 1 1 0 1 1 1 0 0 1 1 1 1 0 1 1 
1 1 1 1 1 1 0 1 1 0 1 1 1 1 1 0 1 1 
1 1 0 1 1 1 1 1 0 1 1 0 1 1 0 1 1 1 
1 1 1 0 0 0 1 1 1 0 1 1 1 1 1 1 1 0 
Best Sequence: 
17 16 15 14 13 12 11 10 9 8 7 6 5 4 3 2 1 0 
1 0 0 1 1 1 1 1 0 1 0 1 0 1 1 1 1 1 
0 1 0 1 1 1 1 1 0 1 1 0 1 0 0 1 1 1 
1 1 1 1 1 1 1 1 0 0 1 1 1 1 1 1 1 0 
1 1 1 1 1 1 1 0 0 0 1 1 1 1 1 0 1 1 
1 1 1 1 1 0 1 0 0 1 1 1 1 1 0 1 1 1 
1 0 1 1 0 1 1 0 0 1 0 1 1 0 1 1 0 1 
1 1 0 1 1 1 1 0 0 1 1 1 0 1 1 0 0 0 
1 1 0 1 1 1 1 1 0 1 1 0 1 1 1 1 1 1 
1 1 1 0 1 1 0 1 1 0 1 1 1 1 1 0 1 1 
0 1 1 1 1 1 1 1 0 1 1 1 0 0 0 1 1 1 
OpenStacks: 10
Took 62.58 seconds

buffer: Instance 176
numCustomers: 10
numProducts: 18
0 0 1 1 1 1 1 1 0 1 1 0 1 1 1 0 1 1 
1 1 1 1 1 0 1 1 1 1 0 0 1 1 0 1 1 1 
1 1 1 0 1 0 1 1 1 1 1 1 1 1 1 0 0 1 
1 0 0 0 1 1 0 1 1 1 1 1 0 1 1 0 1 1 
1 1 1 1 1 1 1 1 1 1 0 1 0 1 1 0 0 1 
1 1 1 1 1 0 1 1 1 1 1 1 0 1 1 1 1 1 
1 0 1 0 1 1 1 1 1 1 0 1 1 1 1 0 1 0 
1 1 1 1 0 1 1 1 1 1 1 1 1 1 1 0 1 1 
1 0 1 1 1 1 1 0 1 0 1 0 0 1 0 1 1 1 
0 1 0 1 0 1 0 1 1 1 1 1 1 1 1 0 0 1 
Best Sequence: 
17 16 15 14 13 12 11 10 9 8 7 6 5 4 3 2 1 0 
1 1 0 1 1 1 0 1 1 0 1 1 1 1 1 1 0 0 
1 1 1 0 1 1 0 0 1 1 1 1 0 1 1 1 1 1 
1 0 0 1 1 1 1 1 1 1 1 1 0 1 0 1 1 1 
1 1 0 1 1 0 1 1 1 1 1 0 1 1 0 0 0 1 
1 0 0 1 1 0 1 0 1 1 1 1 1 1 1 1 1 1 
1 1 1 1 1 0 1 1 1 1 1 1 0 1 1 1 1 1 
0 1 0 1 1 1 1 0 1 1 1 1 1 1 0 1 0 1 
1 1 0 1 1 1 1 1 1 1 1 1 1 0 1 1 1 1 
1 1 1 0 1 0 0 1 0 1 0 1 1 1 1 1 0 1 
1 0 0 1 1 1 1 1 1 1 1 0 1 0 1 0 1 0 
OpenStacks: 10
Took 62.54 seconds

buffer: Instance 177
numCustomers: 10
numProducts: 18
1 1 1 0 1 1 1 1 1 1 1 1 1 0 1 1 1 1 
1 1 1 1 1 1 1 1 1 0 0 1 1 1 1 1 1 0 
1 1 1 1 1 1 1 1 1 0 1 1 1 1 1 1 1 1 
1 1 1 0 1 1 1 1 1 1 1 0 1 1 1 1 1 1 
0 0 0 1 0 1 1 0 0 0 0 1 1 1 1 0 1 1 
0 1 1 0 0 0 1 0 0 0 1 0 1 0 0 0 1 1 
1 0 1 1 1 1 1 0 1 1 1 1 1 1 1 1 1 0 
1 1 1 1 1 1 1 1 1 1 1 1 0 1 0 1 0 1 
0 0 1 1 0 0 1 1 1 0 1 1 0 1 1 1 1 1 
0 1 1 1 1 0 1 1 1 1 1 1 1 1 1 1 1 1 
Best Sequence: 
17 16 15 14 13 12 11 10 9 8 7 6 5 4 3 2 1 0 
1 1 1 1 0 1 1 1 1 1 1 1 1 1 0 1 1 1 
0 1 1 1 1 1 1 0 0 1 1 1 1 1 1 1 1 1 
1 1 1 1 1 1 1 1 0 1 1 1 1 1 1 1 1 1 
1 1 1 1 1 1 0 1 1 1 1 1 1 1 0 1 1 1 
1 1 0 1 1 1 1 0 0 0 0 1 1 0 1 0 0 0 
1 1 0 0 0 1 0 1 0 0 0 1 0 0 0 1 1 0 
0 1 1 1 1 1 1 1 1 1 0 1 1 1 1 1 0 1 
1 0 1 0 1 0 1 1 1 1 1 1 1 1 1 1 1 1 
1 1 1 1 1 0 1 1 0 1 1 1 0 0 1 1 0 0 
1 1 1 1 1 1 1 1 1 1 1 1 0 1 1 1 1 0 
OpenStacks: 10
Took 62.69 seconds

buffer: Instance 178
numCustomers: 10
numProducts: 18
0 0 1 1 1 0 0 1 1 1 1 0 1 0 1 1 0 1 
0 1 1 1 0 1 0 0 1 1 0 1 0 1 1 0 1 0 
0 1 1 1 1 0 1 1 1 0 0 0 0 0 1 1 1 1 
1 1 1 1 1 1 1 1 1 1 1 1 1 1 1 1 1 1 
1 1 0 1 1 1 1 1 1 0 1 1 1 0 1 1 0 1 
1 1 0 1 0 1 1 1 1 1 1 1 0 1 1 0 0 1 
1 0 0 1 1 0 0 1 1 0 1 0 1 1 1 1 1 0 
0 1 1 1 1 1 1 1 1 1 1 1 1 1 1 1 0 1 
0 1 0 1 0 1 1 0 1 1 1 0 1 0 0 1 1 1 
1 1 0 1 1 1 1 1 1 1 1 1 1 1 0 1 1 1 
Best Sequence: 
17 16 15 14 13 12 11 10 9 8 7 6 5 4 3 2 1 0 
1 0 1 1 0 1 0 1 1 1 1 0 0 1 1 1 0 0 
0 1 0 1 1 0 1 0 1 1 0 0 1 0 1 1 1 0 
1 1 1 1 0 0 0 0 0 1 1 1 0 1 1 1 1 0 
1 1 1 1 1 1 1 1 1 1 1 1 1 1 1 1 1 1 
1 0 1 1 0 1 1 1 0 1 1 1 1 1 1 0 1 1 
1 0 0 1 1 0 1 1 1 1 1 1 1 0 1 0 1 1 
0 1 1 1 1 1 0 1 0 1 1 0 0 1 1 0 0 1 
1 0 1 1 1 1 1 1 1 1 1 1 1 1 1 1 1 0 
1 1 1 0 0 1 0 1 1 1 0 1 1 0 1 0 1 0 
1 1 1 0 1 1 1 1 1 1 1 1 1 1 1 0 1 1 
OpenStacks: 10
Took 62.7 seconds

buffer: Instance 179
numCustomers: 10
numProducts: 18
1 0 1 1 0 1 1 1 0 1 0 1 1 1 0 1 0 1 
1 1 1 1 0 0 1 1 1 0 1 1 0 1 1 1 1 0 
1 1 1 1 0 0 0 0 1 0 0 1 1 1 1 1 1 1 
1 1 1 0 0 1 1 1 1 1 1 1 1 1 1 0 1 0 
1 1 0 1 1 1 0 1 1 0 1 0 1 1 1 1 1 1 
1 1 1 1 1 0 1 1 0 1 1 1 1 1 1 1 1 0 
0 1 1 1 1 0 1 1 0 1 1 0 1 0 0 1 0 1 
1 0 1 1 1 0 0 1 0 1 0 1 1 1 1 1 1 0 
1 0 1 1 1 1 1 1 1 1 0 0 1 1 1 1 1 1 
1 1 1 1 1 1 1 1 1 1 1 1 1 1 1 0 1 1 
Best Sequence: 
17 16 15 14 13 12 11 10 9 8 7 6 5 4 3 2 1 0 
1 0 1 0 1 1 1 0 1 0 1 1 1 0 1 1 0 1 
0 1 1 1 1 0 1 1 0 1 1 1 0 0 1 1 1 1 
1 1 1 1 1 1 1 0 0 1 0 0 0 0 1 1 1 1 
0 1 0 1 1 1 1 1 1 1 1 1 1 0 0 1 1 1 
1 1 1 1 1 1 0 1 0 1 1 0 1 1 1 0 1 1 
0 1 1 1 1 1 1 1 1 0 1 1 0 1 1 1 1 1 
1 0 1 0 0 1 0 1 1 0 1 1 0 1 1 1 1 0 
0 1 1 1 1 1 1 0 1 0 1 0 0 1 1 1 0 1 
1 1 1 1 1 1 0 0 1 1 1 1 1 1 1 1 0 1 
1 1 0 1 1 1 1 1 1 1 1 1 1 1 1 1 1 1 
OpenStacks: 10
Took 62.86 seconds

Solved: 10 instances
totalTime: 626.72 seconds
minTime: 62.52 seconds
maxTime: 62.86 seconds
Average: 62.672 seconds
