Solving by Dynamic Programming...
buffer: Instance 120
numCustomers: 10
numProducts: 13
1 1 1 0 1 1 1 1 1 1 1 1 0 
1 0 1 1 0 1 0 0 1 1 1 1 0 
1 1 1 1 1 1 1 1 0 0 1 1 1 
1 1 0 1 1 0 1 0 1 1 1 1 1 
0 1 0 1 0 1 1 1 0 1 1 1 1 
1 1 1 1 1 0 0 1 1 1 0 1 1 
1 1 0 1 1 1 1 1 1 1 0 0 1 
1 1 1 1 0 0 0 1 1 1 1 1 1 
1 1 1 0 1 1 0 1 1 1 1 0 0 
1 1 0 1 1 1 1 0 0 1 1 1 0 
Best sequence:
0 1 2 3 4 5 6 7 8 9 10 11 12 
1 1 1 0 1 1 1 1 1 1 1 1 0 
1 0 1 1 0 1 0 0 1 1 1 1 0 
1 1 1 1 1 1 1 1 0 0 1 1 1 
1 1 0 1 1 0 1 0 1 1 1 1 1 
0 1 0 1 0 1 1 1 0 1 1 1 1 
1 1 1 1 1 0 0 1 1 1 0 1 1 
1 1 0 1 1 1 1 1 1 1 0 0 1 
1 1 1 1 0 0 0 1 1 1 1 1 1 
1 1 1 0 1 1 0 1 1 1 1 0 0 
1 1 0 1 1 1 1 0 0 1 1 1 0 
OpenStacks: 10
Took 0.97 seconds

buffer: Instance 121
numCustomers: 10
numProducts: 13
1 1 1 1 0 1 1 1 1 1 1 1 1 
1 0 1 1 0 0 0 1 1 0 0 1 0 
1 1 1 1 1 1 1 0 1 0 0 0 0 
0 1 1 0 1 1 1 1 0 0 1 1 1 
1 0 0 1 1 1 1 1 1 1 0 1 1 
1 0 1 1 1 1 1 1 1 1 0 1 1 
0 1 1 1 0 1 0 1 1 1 1 1 1 
1 1 1 1 1 1 1 1 0 1 1 1 0 
1 1 1 0 0 1 1 1 0 1 1 1 0 
1 0 1 1 1 1 1 1 1 1 1 1 0 
Best sequence:
0 1 2 3 4 5 6 7 8 9 10 11 12 
1 1 1 1 0 1 1 1 1 1 1 1 1 
1 0 1 1 0 0 0 1 1 0 0 1 0 
1 1 1 1 1 1 1 0 1 0 0 0 0 
0 1 1 0 1 1 1 1 0 0 1 1 1 
1 0 0 1 1 1 1 1 1 1 0 1 1 
1 0 1 1 1 1 1 1 1 1 0 1 1 
0 1 1 1 0 1 0 1 1 1 1 1 1 
1 1 1 1 1 1 1 1 0 1 1 1 0 
1 1 1 0 0 1 1 1 0 1 1 1 0 
1 0 1 1 1 1 1 1 1 1 1 1 0 
OpenStacks: 10
Took 0.14 seconds

buffer: Instance 122
numCustomers: 10
numProducts: 13
1 1 0 0 1 0 1 0 1 0 1 1 1 
0 1 1 1 1 1 1 0 0 1 1 1 1 
1 1 0 1 1 1 1 1 1 1 1 0 1 
1 1 0 1 1 1 0 1 0 1 1 1 1 
1 0 1 1 0 1 1 1 1 1 1 0 1 
1 0 1 1 1 1 1 0 1 1 1 1 1 
1 0 1 0 0 0 1 1 1 1 1 0 1 
0 0 0 1 1 0 1 0 1 1 1 1 1 
1 1 1 1 1 1 1 1 0 0 1 1 1 
1 1 1 0 1 1 1 1 1 0 1 1 1 
Best sequence:
0 1 2 3 4 5 6 7 8 9 10 11 12 
1 1 0 0 1 0 1 0 1 0 1 1 1 
0 1 1 1 1 1 1 0 0 1 1 1 1 
1 1 0 1 1 1 1 1 1 1 1 0 1 
1 1 0 1 1 1 0 1 0 1 1 1 1 
1 0 1 1 0 1 1 1 1 1 1 0 1 
1 0 1 1 1 1 1 0 1 1 1 1 1 
1 0 1 0 0 0 1 1 1 1 1 0 1 
0 0 0 1 1 0 1 0 1 1 1 1 1 
1 1 1 1 1 1 1 1 0 0 1 1 1 
1 1 1 0 1 1 1 1 1 0 1 1 1 
OpenStacks: 10
Took 0.14 seconds

buffer: Instance 123
numCustomers: 10
numProducts: 13
1 1 1 0 1 1 1 1 0 0 1 1 1 
1 1 1 1 1 1 0 1 1 1 1 0 1 
1 1 1 0 1 1 1 0 0 0 1 1 1 
1 1 1 1 1 0 0 1 1 1 1 1 1 
1 1 1 1 0 0 0 1 1 1 0 1 1 
0 0 1 0 1 1 0 1 0 1 1 1 1 
0 0 0 1 1 1 1 1 0 1 1 1 1 
1 1 1 1 1 1 1 1 1 1 1 1 1 
1 1 1 1 1 1 1 1 1 1 1 1 0 
1 1 1 1 0 1 1 1 0 1 1 1 0 
Best sequence:
0 1 2 3 4 5 6 7 8 9 10 11 12 
1 1 1 0 1 1 1 1 0 0 1 1 1 
1 1 1 1 1 1 0 1 1 1 1 0 1 
1 1 1 0 1 1 1 0 0 0 1 1 1 
1 1 1 1 1 0 0 1 1 1 1 1 1 
1 1 1 1 0 0 0 1 1 1 0 1 1 
0 0 1 0 1 1 0 1 0 1 1 1 1 
0 0 0 1 1 1 1 1 0 1 1 1 1 
1 1 1 1 1 1 1 1 1 1 1 1 1 
1 1 1 1 1 1 1 1 1 1 1 1 0 
1 1 1 1 0 1 1 1 0 1 1 1 0 
OpenStacks: 10
Took 0.14 seconds

buffer: Instance 124
numCustomers: 10
numProducts: 13
1 1 1 0 0 1 0 1 1 0 1 1 1 
1 1 1 1 0 0 1 1 1 1 1 1 1 
1 0 0 1 0 0 1 0 1 1 1 1 1 
0 1 1 1 1 1 1 0 1 0 1 1 0 
1 1 1 1 1 1 1 1 1 1 1 1 1 
1 1 1 1 1 0 1 0 1 0 0 0 1 
0 0 1 1 1 1 1 1 1 1 1 1 1 
1 1 1 1 0 1 1 1 0 1 0 1 1 
1 1 1 1 0 0 1 1 0 1 1 1 1 
1 1 1 1 1 1 1 1 1 1 1 0 1 
Best sequence:
0 1 2 3 4 5 6 7 8 9 10 11 12 
1 1 1 0 0 1 0 1 1 0 1 1 1 
1 1 1 1 0 0 1 1 1 1 1 1 1 
1 0 0 1 0 0 1 0 1 1 1 1 1 
0 1 1 1 1 1 1 0 1 0 1 1 0 
1 1 1 1 1 1 1 1 1 1 1 1 1 
1 1 1 1 1 0 1 0 1 0 0 0 1 
0 0 1 1 1 1 1 1 1 1 1 1 1 
1 1 1 1 0 1 1 1 0 1 0 1 1 
1 1 1 1 0 0 1 1 0 1 1 1 1 
1 1 1 1 1 1 1 1 1 1 1 0 1 
OpenStacks: 10
Took 0.14 seconds

buffer: Instance 125
numCustomers: 10
numProducts: 13
1 1 1 0 1 1 0 1 1 1 1 1 1 
0 1 1 0 1 1 1 1 1 1 1 1 1 
1 1 1 1 1 1 1 1 0 1 1 1 1 
1 1 0 0 1 1 0 1 1 0 0 1 1 
0 1 1 1 1 1 0 1 0 1 1 1 1 
1 1 0 0 1 1 1 0 0 1 1 1 0 
1 1 1 1 1 1 1 1 0 1 1 1 1 
0 1 0 0 1 0 0 0 0 1 0 1 0 
0 0 0 1 1 1 1 1 1 0 0 0 1 
1 1 0 1 1 1 1 1 1 1 0 1 1 
Best sequence:
0 1 2 3 4 5 6 7 8 9 10 11 12 
1 1 1 0 1 1 0 1 1 1 1 1 1 
0 1 1 0 1 1 1 1 1 1 1 1 1 
1 1 1 1 1 1 1 1 0 1 1 1 1 
1 1 0 0 1 1 0 1 1 0 0 1 1 
0 1 1 1 1 1 0 1 0 1 1 1 1 
1 1 0 0 1 1 1 0 0 1 1 1 0 
1 1 1 1 1 1 1 1 0 1 1 1 1 
0 1 0 0 1 0 0 0 0 1 0 1 0 
0 0 0 1 1 1 1 1 1 0 0 0 1 
1 1 0 1 1 1 1 1 1 1 0 1 1 
OpenStacks: 10
Took 0.14 seconds

buffer: Instance 126
numCustomers: 10
numProducts: 13
1 1 1 1 1 0 1 1 0 1 1 1 1 
0 1 1 1 0 1 1 1 1 1 1 1 0 
1 1 1 0 0 1 1 1 1 1 1 0 1 
1 1 1 1 1 1 1 1 0 1 0 1 1 
0 1 0 1 1 1 0 1 1 1 1 1 0 
1 0 1 0 0 1 1 1 0 1 0 1 1 
0 1 1 1 0 0 1 1 1 0 1 1 0 
1 1 1 1 1 1 0 1 1 1 1 1 1 
1 0 1 1 1 0 1 1 1 1 1 1 0 
1 1 1 1 0 0 1 0 1 1 1 1 1 
Best sequence:
0 1 2 3 4 5 6 7 8 9 10 11 12 
1 1 1 1 1 0 1 1 0 1 1 1 1 
0 1 1 1 0 1 1 1 1 1 1 1 0 
1 1 1 0 0 1 1 1 1 1 1 0 1 
1 1 1 1 1 1 1 1 0 1 0 1 1 
0 1 0 1 1 1 0 1 1 1 1 1 0 
1 0 1 0 0 1 1 1 0 1 0 1 1 
0 1 1 1 0 0 1 1 1 0 1 1 0 
1 1 1 1 1 1 0 1 1 1 1 1 1 
1 0 1 1 1 0 1 1 1 1 1 1 0 
1 1 1 1 0 0 1 0 1 1 1 1 1 
OpenStacks: 10
Took 0.15 seconds

buffer: Instance 127
numCustomers: 10
numProducts: 13
0 1 1 1 0 1 1 1 0 1 1 0 1 
1 1 1 0 1 1 0 0 1 1 1 1 1 
0 1 0 0 1 1 1 1 1 1 0 1 1 
0 1 1 1 1 1 1 1 0 1 1 1 1 
1 1 1 1 1 1 1 1 1 1 1 1 1 
1 0 1 1 1 1 1 1 1 1 0 0 1 
1 0 0 1 1 1 1 0 0 0 1 1 1 
1 1 1 1 1 0 1 1 1 1 1 1 1 
1 1 1 1 1 1 1 1 1 0 1 1 1 
0 1 0 1 1 1 1 1 1 1 1 0 0 
Best sequence:
0 1 2 3 4 5 6 7 8 9 10 11 12 
0 1 1 1 0 1 1 1 0 1 1 0 1 
1 1 1 0 1 1 0 0 1 1 1 1 1 
0 1 0 0 1 1 1 1 1 1 0 1 1 
0 1 1 1 1 1 1 1 0 1 1 1 1 
1 1 1 1 1 1 1 1 1 1 1 1 1 
1 0 1 1 1 1 1 1 1 1 0 0 1 
1 0 0 1 1 1 1 0 0 0 1 1 1 
1 1 1 1 1 0 1 1 1 1 1 1 1 
1 1 1 1 1 1 1 1 1 0 1 1 1 
0 1 0 1 1 1 1 1 1 1 1 0 0 
OpenStacks: 10
Took 0.13 seconds

buffer: Instance 128
numCustomers: 10
numProducts: 13
0 1 0 1 1 1 0 1 1 1 0 1 1 
1 0 1 1 1 1 1 0 1 1 1 1 1 
1 1 1 0 1 1 1 1 1 0 1 0 1 
1 1 0 0 0 0 0 1 0 1 1 1 1 
1 1 1 1 1 0 1 0 0 1 1 1 0 
1 1 1 1 1 0 1 1 0 1 0 0 0 
1 1 1 1 1 1 1 1 1 1 1 1 1 
1 1 0 1 1 1 1 1 1 1 1 1 1 
1 1 1 1 1 1 1 1 1 1 1 1 1 
1 1 1 1 1 0 1 1 1 0 1 1 1 
Best sequence:
0 1 2 3 4 5 6 7 8 9 10 11 12 
0 1 0 1 1 1 0 1 1 1 0 1 1 
1 0 1 1 1 1 1 0 1 1 1 1 1 
1 1 1 0 1 1 1 1 1 0 1 0 1 
1 1 0 0 0 0 0 1 0 1 1 1 1 
1 1 1 1 1 0 1 0 0 1 1 1 0 
1 1 1 1 1 0 1 1 0 1 0 0 0 
1 1 1 1 1 1 1 1 1 1 1 1 1 
1 1 0 1 1 1 1 1 1 1 1 1 1 
1 1 1 1 1 1 1 1 1 1 1 1 1 
1 1 1 1 1 0 1 1 1 0 1 1 1 
OpenStacks: 10
Took 0.14 seconds

buffer: Instance 129
numCustomers: 10
numProducts: 13
1 0 1 1 0 1 1 1 1 1 1 1 0 
1 1 0 1 0 0 1 1 0 1 0 1 0 
1 1 1 1 1 1 1 1 1 1 1 0 1 
1 1 1 1 1 0 1 1 1 1 1 1 1 
1 1 0 1 1 1 0 1 1 1 1 1 1 
0 1 1 1 1 1 1 1 1 0 1 1 1 
0 1 1 0 1 1 1 1 1 1 0 1 0 
1 1 0 1 1 0 0 1 1 0 0 1 1 
1 1 1 1 1 1 0 1 1 1 1 1 1 
1 1 1 1 1 0 1 1 1 1 1 0 1 
Best sequence:
0 1 2 3 4 5 6 7 8 9 10 11 12 
1 0 1 1 0 1 1 1 1 1 1 1 0 
1 1 0 1 0 0 1 1 0 1 0 1 0 
1 1 1 1 1 1 1 1 1 1 1 0 1 
1 1 1 1 1 0 1 1 1 1 1 1 1 
1 1 0 1 1 1 0 1 1 1 1 1 1 
0 1 1 1 1 1 1 1 1 0 1 1 1 
0 1 1 0 1 1 1 1 1 1 0 1 0 
1 1 0 1 1 0 0 1 1 0 0 1 1 
1 1 1 1 1 1 0 1 1 1 1 1 1 
1 1 1 1 1 0 1 1 1 1 1 0 1 
OpenStacks: 10
Took 0.14 seconds

Solved: 10 instances
totalTime: 2.23 seconds
minTime: 0.13 seconds
maxTime: 0.97 seconds
Average: 0.223 seconds
