Solving by Dynamic Programming...
buffer: Instance 140
numCustomers: 10
numProducts: 15
1 1 0 1 0 1 1 1 1 1 1 1 1 1 1 
1 1 1 1 1 1 0 1 0 1 1 1 1 0 0 
1 1 0 1 1 1 1 1 1 1 1 0 1 1 0 
1 1 0 1 1 1 0 0 1 0 1 1 1 0 1 
1 1 1 1 1 1 0 1 1 1 0 1 0 1 1 
1 1 1 1 1 1 0 1 1 1 1 0 1 1 1 
1 1 0 1 1 1 1 1 1 1 1 1 1 1 0 
0 1 1 1 1 0 1 0 1 0 0 0 0 1 1 
0 0 1 1 1 1 0 1 0 1 0 1 1 1 1 
1 1 0 1 1 1 1 1 1 0 0 1 1 1 1 
Best sequence:
0 1 2 3 4 5 6 7 8 9 10 11 12 13 14 
1 1 0 1 0 1 1 1 1 1 1 1 1 1 1 
1 1 1 1 1 1 0 1 0 1 1 1 1 0 0 
1 1 0 1 1 1 1 1 1 1 1 0 1 1 0 
1 1 0 1 1 1 0 0 1 0 1 1 1 0 1 
1 1 1 1 1 1 0 1 1 1 0 1 0 1 1 
1 1 1 1 1 1 0 1 1 1 1 0 1 1 1 
1 1 0 1 1 1 1 1 1 1 1 1 1 1 0 
0 1 1 1 1 0 1 0 1 0 0 0 0 1 1 
0 0 1 1 1 1 0 1 0 1 0 1 1 1 1 
1 1 0 1 1 1 1 1 1 0 0 1 1 1 1 
OpenStacks: 10
Took 1.48 seconds

buffer: Instance 141
numCustomers: 10
numProducts: 15
1 1 1 1 1 0 1 1 1 1 1 1 1 1 0 
0 1 0 1 1 0 1 1 1 0 1 1 1 0 1 
1 0 0 1 1 1 1 1 0 1 1 1 1 0 1 
0 1 0 0 1 0 1 0 1 1 1 1 1 0 1 
1 1 1 1 1 0 1 0 1 0 1 1 0 1 1 
0 1 1 0 1 1 1 0 1 0 1 1 0 1 1 
0 0 1 1 1 1 0 1 0 1 1 1 1 1 1 
0 1 1 1 1 0 0 1 0 0 1 1 1 0 1 
1 1 1 1 1 1 1 1 1 1 1 1 0 0 1 
1 0 1 1 1 1 1 1 1 0 0 1 1 1 1 
Best sequence:
0 1 2 3 4 5 6 7 8 9 10 11 12 13 14 
1 1 1 1 1 0 1 1 1 1 1 1 1 1 0 
0 1 0 1 1 0 1 1 1 0 1 1 1 0 1 
1 0 0 1 1 1 1 1 0 1 1 1 1 0 1 
0 1 0 0 1 0 1 0 1 1 1 1 1 0 1 
1 1 1 1 1 0 1 0 1 0 1 1 0 1 1 
0 1 1 0 1 1 1 0 1 0 1 1 0 1 1 
0 0 1 1 1 1 0 1 0 1 1 1 1 1 1 
0 1 1 1 1 0 0 1 0 0 1 1 1 0 1 
1 1 1 1 1 1 1 1 1 1 1 1 0 0 1 
1 0 1 1 1 1 1 1 1 0 0 1 1 1 1 
OpenStacks: 10
Took 0.57 seconds

buffer: Instance 142
numCustomers: 10
numProducts: 15
1 1 1 1 1 0 0 0 1 1 1 1 0 0 1 
1 1 1 1 1 0 1 1 1 0 1 1 1 1 1 
1 1 1 1 1 0 1 0 0 1 0 1 1 1 1 
1 1 1 0 0 1 1 1 1 1 1 1 0 1 1 
1 0 1 1 1 1 1 0 0 1 0 1 1 1 1 
0 1 1 0 1 0 1 1 0 1 1 1 1 1 1 
1 0 1 1 1 1 1 1 1 1 1 1 1 1 0 
1 0 1 1 0 1 0 1 1 1 1 0 1 1 1 
1 0 1 1 0 1 1 1 1 1 0 0 1 1 1 
1 1 1 0 1 1 1 1 1 1 1 1 1 1 1 
Best sequence:
0 1 2 3 4 5 6 7 8 9 10 11 12 13 14 
1 1 1 1 1 0 0 0 1 1 1 1 0 0 1 
1 1 1 1 1 0 1 1 1 0 1 1 1 1 1 
1 1 1 1 1 0 1 0 0 1 0 1 1 1 1 
1 1 1 0 0 1 1 1 1 1 1 1 0 1 1 
1 0 1 1 1 1 1 0 0 1 0 1 1 1 1 
0 1 1 0 1 0 1 1 0 1 1 1 1 1 1 
1 0 1 1 1 1 1 1 1 1 1 1 1 1 0 
1 0 1 1 0 1 0 1 1 1 1 0 1 1 1 
1 0 1 1 0 1 1 1 1 1 0 0 1 1 1 
1 1 1 0 1 1 1 1 1 1 1 1 1 1 1 
OpenStacks: 10
Took 0.57 seconds

buffer: Instance 143
numCustomers: 10
numProducts: 15
1 0 1 1 1 1 1 1 0 1 1 0 1 0 1 
0 1 1 1 1 0 1 0 0 1 1 0 1 1 1 
0 0 1 1 0 1 0 0 1 1 1 1 1 1 1 
0 0 1 0 1 0 1 1 1 0 1 0 1 1 1 
0 0 1 1 0 0 1 1 1 1 1 1 0 0 1 
0 0 1 1 1 0 1 1 1 0 0 1 0 1 0 
1 0 1 0 0 1 1 1 1 1 1 0 0 0 1 
1 1 1 1 1 1 1 1 1 1 1 1 1 1 1 
1 0 1 1 1 1 0 1 0 0 1 1 1 1 1 
1 1 1 0 1 1 1 1 1 1 1 0 0 1 1 
Best sequence:
0 1 2 3 4 5 6 7 8 9 10 11 12 13 14 
1 0 1 1 1 1 1 1 0 1 1 0 1 0 1 
0 1 1 1 1 0 1 0 0 1 1 0 1 1 1 
0 0 1 1 0 1 0 0 1 1 1 1 1 1 1 
0 0 1 0 1 0 1 1 1 0 1 0 1 1 1 
0 0 1 1 0 0 1 1 1 1 1 1 0 0 1 
0 0 1 1 1 0 1 1 1 0 0 1 0 1 0 
1 0 1 0 0 1 1 1 1 1 1 0 0 0 1 
1 1 1 1 1 1 1 1 1 1 1 1 1 1 1 
1 0 1 1 1 1 0 1 0 0 1 1 1 1 1 
1 1 1 0 1 1 1 1 1 1 1 0 0 1 1 
OpenStacks: 10
Took 0.57 seconds

buffer: Instance 144
numCustomers: 10
numProducts: 15
1 1 1 1 1 1 1 1 0 1 1 1 1 1 0 
1 1 1 1 1 1 1 1 1 0 0 1 0 1 1 
1 1 1 0 1 1 1 1 1 1 1 1 1 0 1 
1 1 1 1 1 1 0 1 1 0 1 0 0 0 1 
0 1 1 1 1 1 0 1 0 1 1 1 1 1 1 
0 0 0 1 0 1 0 0 1 1 0 1 0 1 1 
0 0 1 1 1 0 1 0 1 1 0 1 1 0 1 
1 1 1 1 1 1 1 1 1 1 1 1 1 1 1 
1 0 1 0 0 1 1 0 1 0 0 1 1 1 1 
1 1 1 1 1 0 1 1 1 1 1 0 1 0 1 
Best sequence:
0 1 2 3 4 5 6 7 8 9 10 11 12 13 14 
1 1 1 1 1 1 1 1 0 1 1 1 1 1 0 
1 1 1 1 1 1 1 1 1 0 0 1 0 1 1 
1 1 1 0 1 1 1 1 1 1 1 1 1 0 1 
1 1 1 1 1 1 0 1 1 0 1 0 0 0 1 
0 1 1 1 1 1 0 1 0 1 1 1 1 1 1 
0 0 0 1 0 1 0 0 1 1 0 1 0 1 1 
0 0 1 1 1 0 1 0 1 1 0 1 1 0 1 
1 1 1 1 1 1 1 1 1 1 1 1 1 1 1 
1 0 1 0 0 1 1 0 1 0 0 1 1 1 1 
1 1 1 1 1 0 1 1 1 1 1 0 1 0 1 
OpenStacks: 10
Took 0.56 seconds

buffer: Instance 145
numCustomers: 10
numProducts: 15
1 1 0 1 1 0 1 1 0 1 1 1 1 1 0 
1 0 1 1 1 1 1 1 1 1 1 0 1 1 1 
0 1 1 1 0 1 1 1 0 1 1 1 1 0 1 
1 1 1 0 1 1 0 1 1 1 1 1 1 1 1 
1 1 1 1 1 1 1 1 1 1 1 1 1 1 1 
0 0 0 0 1 1 1 1 1 0 1 1 0 0 1 
1 1 0 1 1 1 1 0 1 1 1 1 1 0 0 
0 1 1 0 1 0 1 1 1 0 1 0 1 1 1 
1 1 0 1 1 1 1 1 1 1 1 1 0 0 0 
1 1 1 1 0 1 1 1 0 1 0 1 1 1 0 
Best sequence:
0 1 2 3 4 5 6 7 8 9 10 11 12 13 14 
1 1 0 1 1 0 1 1 0 1 1 1 1 1 0 
1 0 1 1 1 1 1 1 1 1 1 0 1 1 1 
0 1 1 1 0 1 1 1 0 1 1 1 1 0 1 
1 1 1 0 1 1 0 1 1 1 1 1 1 1 1 
1 1 1 1 1 1 1 1 1 1 1 1 1 1 1 
0 0 0 0 1 1 1 1 1 0 1 1 0 0 1 
1 1 0 1 1 1 1 0 1 1 1 1 1 0 0 
0 1 1 0 1 0 1 1 1 0 1 0 1 1 1 
1 1 0 1 1 1 1 1 1 1 1 1 0 0 0 
1 1 1 1 0 1 1 1 0 1 0 1 1 1 0 
OpenStacks: 10
Took 0.57 seconds

buffer: Instance 146
numCustomers: 10
numProducts: 15
1 1 0 1 1 1 0 1 0 0 1 0 0 1 1 
0 1 0 1 1 1 0 1 1 0 1 1 1 1 0 
0 1 1 0 1 1 1 1 1 0 1 1 1 1 1 
0 1 1 1 1 1 1 1 1 1 0 0 1 0 1 
1 1 0 0 1 1 1 0 0 0 0 1 1 1 1 
1 0 0 1 1 1 1 1 1 1 1 1 1 1 0 
1 0 1 1 1 1 1 1 1 1 0 1 1 0 0 
1 1 0 0 1 1 1 1 1 0 1 1 1 1 1 
0 1 0 1 0 1 0 1 1 1 1 0 1 1 1 
1 1 1 1 0 1 1 0 1 1 1 0 0 1 1 
Best sequence:
0 1 2 3 4 5 6 7 8 9 10 11 12 13 14 
1 1 0 1 1 1 0 1 0 0 1 0 0 1 1 
0 1 0 1 1 1 0 1 1 0 1 1 1 1 0 
0 1 1 0 1 1 1 1 1 0 1 1 1 1 1 
0 1 1 1 1 1 1 1 1 1 0 0 1 0 1 
1 1 0 0 1 1 1 0 0 0 0 1 1 1 1 
1 0 0 1 1 1 1 1 1 1 1 1 1 1 0 
1 0 1 1 1 1 1 1 1 1 0 1 1 0 0 
1 1 0 0 1 1 1 1 1 0 1 1 1 1 1 
0 1 0 1 0 1 0 1 1 1 1 0 1 1 1 
1 1 1 1 0 1 1 0 1 1 1 0 0 1 1 
OpenStacks: 10
Took 0.56 seconds

buffer: Instance 147
numCustomers: 10
numProducts: 15
1 1 1 1 1 1 1 1 1 1 1 1 1 1 0 
1 1 0 1 1 0 1 1 1 1 0 1 1 1 1 
1 1 1 1 0 1 0 1 0 0 1 1 1 1 1 
0 0 1 0 1 1 1 1 1 1 1 0 1 1 1 
0 1 1 1 1 1 1 1 1 1 1 1 1 0 1 
0 0 1 1 1 0 0 1 0 0 1 1 1 1 1 
0 0 1 1 1 0 0 1 1 0 1 1 1 1 1 
1 1 1 1 1 0 1 1 0 1 1 1 0 1 1 
1 1 1 0 1 1 1 1 1 1 1 1 0 1 1 
1 0 1 0 1 1 1 0 1 0 1 0 0 1 1 
Best sequence:
0 1 2 3 4 5 6 7 8 9 10 11 12 13 14 
1 1 1 1 1 1 1 1 1 1 1 1 1 1 0 
1 1 0 1 1 0 1 1 1 1 0 1 1 1 1 
1 1 1 1 0 1 0 1 0 0 1 1 1 1 1 
0 0 1 0 1 1 1 1 1 1 1 0 1 1 1 
0 1 1 1 1 1 1 1 1 1 1 1 1 0 1 
0 0 1 1 1 0 0 1 0 0 1 1 1 1 1 
0 0 1 1 1 0 0 1 1 0 1 1 1 1 1 
1 1 1 1 1 0 1 1 0 1 1 1 0 1 1 
1 1 1 0 1 1 1 1 1 1 1 1 0 1 1 
1 0 1 0 1 1 1 0 1 0 1 0 0 1 1 
OpenStacks: 10
Took 0.57 seconds

buffer: Instance 148
numCustomers: 10
numProducts: 15
1 1 0 1 1 0 1 1 1 1 1 0 1 1 1 
0 1 0 1 0 1 1 1 1 1 1 1 1 0 1 
0 1 0 0 0 1 1 1 1 0 1 0 1 1 1 
1 1 1 1 1 1 1 1 1 1 0 1 0 1 1 
1 0 1 1 1 1 1 1 0 0 0 1 1 1 1 
1 1 1 1 1 1 1 0 0 1 1 1 1 0 1 
0 1 1 1 1 0 1 0 0 1 0 0 1 1 1 
1 1 0 1 0 1 0 0 0 0 1 0 1 1 1 
1 0 1 1 0 1 0 1 1 1 1 1 0 1 1 
1 1 0 1 1 1 1 0 1 0 1 1 1 0 1 
Best sequence:
0 1 2 3 4 5 6 7 8 9 10 11 12 13 14 
1 1 0 1 1 0 1 1 1 1 1 0 1 1 1 
0 1 0 1 0 1 1 1 1 1 1 1 1 0 1 
0 1 0 0 0 1 1 1 1 0 1 0 1 1 1 
1 1 1 1 1 1 1 1 1 1 0 1 0 1 1 
1 0 1 1 1 1 1 1 0 0 0 1 1 1 1 
1 1 1 1 1 1 1 0 0 1 1 1 1 0 1 
0 1 1 1 1 0 1 0 0 1 0 0 1 1 1 
1 1 0 1 0 1 0 0 0 0 1 0 1 1 1 
1 0 1 1 0 1 0 1 1 1 1 1 0 1 1 
1 1 0 1 1 1 1 0 1 0 1 1 1 0 1 
OpenStacks: 10
Took 0.57 seconds

buffer: Instance 149
numCustomers: 10
numProducts: 15
1 1 1 0 0 0 1 1 1 1 1 0 0 0 1 
1 1 0 0 1 1 1 1 1 0 1 1 1 1 0 
1 0 1 1 1 0 1 1 1 1 1 1 1 1 1 
1 0 1 0 1 1 0 1 1 1 1 1 1 0 0 
0 0 1 1 1 1 1 1 1 1 0 1 1 1 0 
1 0 1 0 0 1 0 1 1 0 0 1 1 1 1 
0 1 1 1 1 1 1 0 1 1 1 0 0 0 0 
0 0 0 1 1 1 1 0 1 1 1 0 1 1 1 
1 0 1 1 1 1 0 1 0 1 1 0 0 1 1 
1 1 1 1 1 1 1 1 1 1 1 0 1 1 0 
Best sequence:
0 1 2 3 4 5 6 7 8 9 10 11 12 13 14 
1 1 1 0 0 0 1 1 1 1 1 0 0 0 1 
1 1 0 0 1 1 1 1 1 0 1 1 1 1 0 
1 0 1 1 1 0 1 1 1 1 1 1 1 1 1 
1 0 1 0 1 1 0 1 1 1 1 1 1 0 0 
0 0 1 1 1 1 1 1 1 1 0 1 1 1 0 
1 0 1 0 0 1 0 1 1 0 0 1 1 1 1 
0 1 1 1 1 1 1 0 1 1 1 0 0 0 0 
0 0 0 1 1 1 1 0 1 1 1 0 1 1 1 
1 0 1 1 1 1 0 1 0 1 1 0 0 1 1 
1 1 1 1 1 1 1 1 1 1 1 0 1 1 0 
OpenStacks: 10
Took 0.57 seconds

Solved: 10 instances
totalTime: 6.59 seconds
minTime: 0.56 seconds
maxTime: 1.48 seconds
Average: 0.659 seconds
