Solving by Dynamic Programming...
buffer: Instance 120
numCustomers: 10
numProducts: 13
1 1 1 0 1 1 1 1 1 1 1 1 0 
1 0 1 1 0 1 0 0 1 1 1 1 0 
1 1 1 1 1 1 1 1 0 0 1 1 1 
1 1 0 1 1 0 1 0 1 1 1 1 1 
0 1 0 1 0 1 1 1 0 1 1 1 1 
1 1 1 1 1 0 0 1 1 1 0 1 1 
1 1 0 1 1 1 1 1 1 1 0 0 1 
1 1 1 1 0 0 0 1 1 1 1 1 1 
1 1 1 0 1 1 0 1 1 1 1 0 0 
1 1 0 1 1 1 1 0 0 1 1 1 0 
Best Sequence: 
12 11 10 9 8 7 6 5 4 3 2 1 0 
0 1 1 1 1 1 1 1 1 0 1 1 1 
0 1 1 1 1 0 0 1 0 1 1 0 1 
1 1 1 0 0 1 1 1 1 1 1 1 1 
1 1 1 1 1 0 1 0 1 1 0 1 1 
1 1 1 1 0 1 1 1 0 1 0 1 0 
1 1 0 1 1 1 0 0 1 1 1 1 1 
1 0 0 1 1 1 1 1 1 1 0 1 1 
1 1 1 1 1 1 0 0 0 1 1 1 1 
0 0 1 1 1 1 0 1 1 0 1 1 1 
0 1 1 1 0 0 1 1 1 1 0 1 1 
OpenStacks: 10
Took 1.09 seconds

buffer: Instance 121
numCustomers: 10
numProducts: 13
1 1 1 1 0 1 1 1 1 1 1 1 1 
1 0 1 1 0 0 0 1 1 0 0 1 0 
1 1 1 1 1 1 1 0 1 0 0 0 0 
0 1 1 0 1 1 1 1 0 0 1 1 1 
1 0 0 1 1 1 1 1 1 1 0 1 1 
1 0 1 1 1 1 1 1 1 1 0 1 1 
0 1 1 1 0 1 0 1 1 1 1 1 1 
1 1 1 1 1 1 1 1 0 1 1 1 0 
1 1 1 0 0 1 1 1 0 1 1 1 0 
1 0 1 1 1 1 1 1 1 1 1 1 0 
Best Sequence: 
12 11 10 9 8 7 6 5 4 3 2 1 0 
1 1 1 1 1 1 1 1 0 1 1 1 1 
0 1 0 0 1 1 0 0 0 1 1 0 1 
0 0 0 0 1 0 1 1 1 1 1 1 1 
1 1 1 0 0 1 1 1 1 0 1 1 0 
1 1 0 1 1 1 1 1 1 1 0 0 1 
1 1 0 1 1 1 1 1 1 1 1 0 1 
1 1 1 1 1 1 0 1 0 1 1 1 0 
0 1 1 1 0 1 1 1 1 1 1 1 1 
0 1 1 1 0 1 1 1 0 0 1 1 1 
0 1 1 1 1 1 1 1 1 1 1 0 1 
OpenStacks: 10
Took 1.09 seconds

buffer: Instance 122
numCustomers: 10
numProducts: 13
1 1 0 0 1 0 1 0 1 0 1 1 1 
0 1 1 1 1 1 1 0 0 1 1 1 1 
1 1 0 1 1 1 1 1 1 1 1 0 1 
1 1 0 1 1 1 0 1 0 1 1 1 1 
1 0 1 1 0 1 1 1 1 1 1 0 1 
1 0 1 1 1 1 1 0 1 1 1 1 1 
1 0 1 0 0 0 1 1 1 1 1 0 1 
0 0 0 1 1 0 1 0 1 1 1 1 1 
1 1 1 1 1 1 1 1 0 0 1 1 1 
1 1 1 0 1 1 1 1 1 0 1 1 1 
Best Sequence: 
12 11 10 9 8 7 6 5 4 3 2 1 0 
1 1 1 0 1 0 1 0 1 0 0 1 1 
1 1 1 1 0 0 1 1 1 1 1 1 0 
1 0 1 1 1 1 1 1 1 1 0 1 1 
1 1 1 1 0 1 0 1 1 1 0 1 1 
1 0 1 1 1 1 1 1 0 1 1 0 1 
1 1 1 1 1 0 1 1 1 1 1 0 1 
1 0 1 1 1 1 1 0 0 0 1 0 1 
1 1 1 1 1 0 1 0 1 1 0 0 0 
1 1 1 0 0 1 1 1 1 1 1 1 1 
1 1 1 0 1 1 1 1 1 0 1 1 1 
OpenStacks: 10
Took 1.1 seconds

buffer: Instance 123
numCustomers: 10
numProducts: 13
1 1 1 0 1 1 1 1 0 0 1 1 1 
1 1 1 1 1 1 0 1 1 1 1 0 1 
1 1 1 0 1 1 1 0 0 0 1 1 1 
1 1 1 1 1 0 0 1 1 1 1 1 1 
1 1 1 1 0 0 0 1 1 1 0 1 1 
0 0 1 0 1 1 0 1 0 1 1 1 1 
0 0 0 1 1 1 1 1 0 1 1 1 1 
1 1 1 1 1 1 1 1 1 1 1 1 1 
1 1 1 1 1 1 1 1 1 1 1 1 0 
1 1 1 1 0 1 1 1 0 1 1 1 0 
Best Sequence: 
12 11 10 9 8 7 6 5 4 3 2 1 0 
1 1 1 0 0 1 1 1 1 0 1 1 1 
1 0 1 1 1 1 0 1 1 1 1 1 1 
1 1 1 0 0 0 1 1 1 0 1 1 1 
1 1 1 1 1 1 0 0 1 1 1 1 1 
1 1 0 1 1 1 0 0 0 1 1 1 1 
1 1 1 1 0 1 0 1 1 0 1 0 0 
1 1 1 1 0 1 1 1 1 1 0 0 0 
1 1 1 1 1 1 1 1 1 1 1 1 1 
0 1 1 1 1 1 1 1 1 1 1 1 1 
0 1 1 1 0 1 1 1 0 1 1 1 1 
OpenStacks: 10
Took 1.08 seconds

buffer: Instance 124
numCustomers: 10
numProducts: 13
1 1 1 0 0 1 0 1 1 0 1 1 1 
1 1 1 1 0 0 1 1 1 1 1 1 1 
1 0 0 1 0 0 1 0 1 1 1 1 1 
0 1 1 1 1 1 1 0 1 0 1 1 0 
1 1 1 1 1 1 1 1 1 1 1 1 1 
1 1 1 1 1 0 1 0 1 0 0 0 1 
0 0 1 1 1 1 1 1 1 1 1 1 1 
1 1 1 1 0 1 1 1 0 1 0 1 1 
1 1 1 1 0 0 1 1 0 1 1 1 1 
1 1 1 1 1 1 1 1 1 1 1 0 1 
Best Sequence: 
12 11 10 9 8 7 6 5 4 3 2 1 0 
1 1 1 0 1 1 0 1 0 0 1 1 1 
1 1 1 1 1 1 1 0 0 1 1 1 1 
1 1 1 1 1 0 1 0 0 1 0 0 1 
0 1 1 0 1 0 1 1 1 1 1 1 0 
1 1 1 1 1 1 1 1 1 1 1 1 1 
1 0 0 0 1 0 1 0 1 1 1 1 1 
1 1 1 1 1 1 1 1 1 1 1 0 0 
1 1 0 1 0 1 1 1 0 1 1 1 1 
1 1 1 1 0 1 1 0 0 1 1 1 1 
1 0 1 1 1 1 1 1 1 1 1 1 1 
OpenStacks: 10
Took 1.09 seconds

buffer: Instance 125
numCustomers: 10
numProducts: 13
1 1 1 0 1 1 0 1 1 1 1 1 1 
0 1 1 0 1 1 1 1 1 1 1 1 1 
1 1 1 1 1 1 1 1 0 1 1 1 1 
1 1 0 0 1 1 0 1 1 0 0 1 1 
0 1 1 1 1 1 0 1 0 1 1 1 1 
1 1 0 0 1 1 1 0 0 1 1 1 0 
1 1 1 1 1 1 1 1 0 1 1 1 1 
0 1 0 0 1 0 0 0 0 1 0 1 0 
0 0 0 1 1 1 1 1 1 0 0 0 1 
1 1 0 1 1 1 1 1 1 1 0 1 1 
Best Sequence: 
12 11 10 9 8 7 6 5 4 3 2 1 0 
1 1 1 1 1 1 0 1 1 0 1 1 1 
1 1 1 1 1 1 1 1 1 0 1 1 0 
1 1 1 1 0 1 1 1 1 1 1 1 1 
1 1 0 0 1 1 0 1 1 0 0 1 1 
1 1 1 1 0 1 0 1 1 1 1 1 0 
0 1 1 1 0 0 1 1 1 0 0 1 1 
1 1 1 1 0 1 1 1 1 1 1 1 1 
0 1 0 1 0 0 0 0 1 0 0 1 0 
1 0 0 0 1 1 1 1 1 1 0 0 0 
1 1 0 1 1 1 1 1 1 1 0 1 1 
OpenStacks: 10
Took 1.09 seconds

buffer: Instance 126
numCustomers: 10
numProducts: 13
1 1 1 1 1 0 1 1 0 1 1 1 1 
0 1 1 1 0 1 1 1 1 1 1 1 0 
1 1 1 0 0 1 1 1 1 1 1 0 1 
1 1 1 1 1 1 1 1 0 1 0 1 1 
0 1 0 1 1 1 0 1 1 1 1 1 0 
1 0 1 0 0 1 1 1 0 1 0 1 1 
0 1 1 1 0 0 1 1 1 0 1 1 0 
1 1 1 1 1 1 0 1 1 1 1 1 1 
1 0 1 1 1 0 1 1 1 1 1 1 0 
1 1 1 1 0 0 1 0 1 1 1 1 1 
Best Sequence: 
12 11 10 9 8 7 6 5 4 3 2 1 0 
1 1 1 1 0 1 1 0 1 1 1 1 1 
0 1 1 1 1 1 1 1 0 1 1 1 0 
1 0 1 1 1 1 1 1 0 0 1 1 1 
1 1 0 1 0 1 1 1 1 1 1 1 1 
0 1 1 1 1 1 0 1 1 1 0 1 0 
1 1 0 1 0 1 1 1 0 0 1 0 1 
0 1 1 0 1 1 1 0 0 1 1 1 0 
1 1 1 1 1 1 0 1 1 1 1 1 1 
0 1 1 1 1 1 1 0 1 1 1 0 1 
1 1 1 1 1 0 1 0 0 1 1 1 1 
OpenStacks: 10
Took 1.09 seconds

buffer: Instance 127
numCustomers: 10
numProducts: 13
0 1 1 1 0 1 1 1 0 1 1 0 1 
1 1 1 0 1 1 0 0 1 1 1 1 1 
0 1 0 0 1 1 1 1 1 1 0 1 1 
0 1 1 1 1 1 1 1 0 1 1 1 1 
1 1 1 1 1 1 1 1 1 1 1 1 1 
1 0 1 1 1 1 1 1 1 1 0 0 1 
1 0 0 1 1 1 1 0 0 0 1 1 1 
1 1 1 1 1 0 1 1 1 1 1 1 1 
1 1 1 1 1 1 1 1 1 0 1 1 1 
0 1 0 1 1 1 1 1 1 1 1 0 0 
Best Sequence: 
12 11 10 9 8 7 6 5 4 3 2 1 0 
1 0 1 1 0 1 1 1 0 1 1 1 0 
1 1 1 1 1 0 0 1 1 0 1 1 1 
1 1 0 1 1 1 1 1 1 0 0 1 0 
1 1 1 1 0 1 1 1 1 1 1 1 0 
1 1 1 1 1 1 1 1 1 1 1 1 1 
1 0 0 1 1 1 1 1 1 1 1 0 1 
1 1 1 0 0 0 1 1 1 1 0 0 1 
1 1 1 1 1 1 1 0 1 1 1 1 1 
1 1 1 0 1 1 1 1 1 1 1 1 1 
0 0 1 1 1 1 1 1 1 1 0 1 0 
OpenStacks: 10
Took 1.09 seconds

buffer: Instance 128
numCustomers: 10
numProducts: 13
0 1 0 1 1 1 0 1 1 1 0 1 1 
1 0 1 1 1 1 1 0 1 1 1 1 1 
1 1 1 0 1 1 1 1 1 0 1 0 1 
1 1 0 0 0 0 0 1 0 1 1 1 1 
1 1 1 1 1 0 1 0 0 1 1 1 0 
1 1 1 1 1 0 1 1 0 1 0 0 0 
1 1 1 1 1 1 1 1 1 1 1 1 1 
1 1 0 1 1 1 1 1 1 1 1 1 1 
1 1 1 1 1 1 1 1 1 1 1 1 1 
1 1 1 1 1 0 1 1 1 0 1 1 1 
Best Sequence: 
12 11 10 9 8 7 6 5 4 3 2 1 0 
1 1 0 1 1 1 0 1 1 1 0 1 0 
1 1 1 1 1 0 1 1 1 1 1 0 1 
1 0 1 0 1 1 1 1 1 0 1 1 1 
1 1 1 1 0 1 0 0 0 0 0 1 1 
0 1 1 1 0 0 1 0 1 1 1 1 1 
0 0 0 1 0 1 1 0 1 1 1 1 1 
1 1 1 1 1 1 1 1 1 1 1 1 1 
1 1 1 1 1 1 1 1 1 1 0 1 1 
1 1 1 1 1 1 1 1 1 1 1 1 1 
1 1 1 0 1 1 1 0 1 1 1 1 1 
OpenStacks: 10
Took 1.08 seconds

buffer: Instance 129
numCustomers: 10
numProducts: 13
1 0 1 1 0 1 1 1 1 1 1 1 0 
1 1 0 1 0 0 1 1 0 1 0 1 0 
1 1 1 1 1 1 1 1 1 1 1 0 1 
1 1 1 1 1 0 1 1 1 1 1 1 1 
1 1 0 1 1 1 0 1 1 1 1 1 1 
0 1 1 1 1 1 1 1 1 0 1 1 1 
0 1 1 0 1 1 1 1 1 1 0 1 0 
1 1 0 1 1 0 0 1 1 0 0 1 1 
1 1 1 1 1 1 0 1 1 1 1 1 1 
1 1 1 1 1 0 1 1 1 1 1 0 1 
Best Sequence: 
12 11 10 9 8 7 6 5 4 3 2 1 0 
0 1 1 1 1 1 1 1 0 1 1 0 1 
0 1 0 1 0 1 1 0 0 1 0 1 1 
1 0 1 1 1 1 1 1 1 1 1 1 1 
1 1 1 1 1 1 1 0 1 1 1 1 1 
1 1 1 1 1 1 0 1 1 1 0 1 1 
1 1 1 0 1 1 1 1 1 1 1 1 0 
0 1 0 1 1 1 1 1 1 0 1 1 0 
1 1 0 0 1 1 0 0 1 1 0 1 1 
1 1 1 1 1 1 0 1 1 1 1 1 1 
1 0 1 1 1 1 1 0 1 1 1 1 1 
OpenStacks: 10
Took 1.09 seconds

Solved: 10 instances
totalTime: 10.89 seconds
minTime: 1.08 seconds
maxTime: 1.1 seconds
Average: 1.089 seconds
