Solving by Brute Force...
buffer: Instance 110
numCustomers: 10
numProducts: 12
1 1 1 1 0 1 1 1 1 1 1 1 
0 1 1 1 0 1 1 1 1 1 1 1 
1 1 0 0 1 1 1 1 1 1 1 0 
0 1 0 1 1 1 1 1 1 1 1 1 
1 1 1 1 1 1 0 1 1 1 1 1 
1 1 0 1 1 1 0 1 1 0 1 1 
1 0 1 1 1 1 0 1 0 0 1 1 
0 0 0 1 0 1 1 1 1 1 1 1 
1 1 1 1 1 1 1 1 1 1 1 1 
0 1 1 1 1 1 0 1 1 1 1 0 
numSequences: 479001600
minStacks: 10
Best sequence:
11 0 1 2 3 4 5 6 7 8 9 10 
1 1 1 1 1 0 1 1 1 1 1 1 
1 0 1 1 1 0 1 1 1 1 1 1 
0 1 1 0 0 1 1 1 1 1 1 1 
1 0 1 0 1 1 1 1 1 1 1 1 
1 1 1 1 1 1 1 0 1 1 1 1 
1 1 1 0 1 1 1 0 1 1 0 1 
1 1 0 1 1 1 1 0 1 0 0 1 
1 0 0 0 1 0 1 1 1 1 1 1 
1 1 1 1 1 1 1 1 1 1 1 1 
0 0 1 1 1 1 1 0 1 1 1 1 
Open stacks: 10
Took 1081.44 seconds

buffer: Instance 111
numCustomers: 10
numProducts: 12
1 1 1 1 1 1 1 1 1 1 1 1 
1 1 1 1 1 1 1 0 1 1 1 1 
1 1 1 1 0 1 0 1 1 1 1 0 
1 1 1 1 0 0 1 1 1 1 1 1 
1 1 0 0 1 0 0 0 0 1 1 1 
1 1 1 1 1 1 1 0 1 1 0 0 
1 1 1 1 1 1 1 1 1 1 1 1 
0 1 1 1 1 1 1 1 1 1 0 1 
1 0 0 1 1 0 1 1 1 1 1 1 
1 1 1 1 1 0 0 0 1 1 1 0 
numSequences: 479001600
