Solving by Dynamic Programming...
buffer: Instance 90
numCustomers: 10
numProducts: 10
1 1 1 1 1 1 1 1 1 0 
1 1 1 1 1 0 1 0 0 0 
1 1 1 1 1 1 1 1 0 1 
1 1 1 1 1 0 1 1 1 0 
1 0 1 1 0 0 1 1 1 0 
1 0 1 1 0 1 0 0 1 0 
0 1 0 1 1 1 1 0 0 1 
1 1 1 1 1 1 1 0 1 1 
1 0 0 1 1 1 1 0 1 0 
1 0 0 1 1 1 0 1 1 1 
Best sequence:
0 1 2 3 4 5 6 7 8 9 
1 1 1 1 1 1 1 1 1 0 
1 1 1 1 1 0 1 0 0 0 
1 1 1 1 1 1 1 1 0 1 
1 1 1 1 1 0 1 1 1 0 
1 0 1 1 0 0 1 1 1 0 
1 0 1 1 0 1 0 0 1 0 
0 1 0 1 1 1 1 0 0 1 
1 1 1 1 1 1 1 0 1 1 
1 0 0 1 1 1 1 0 1 0 
1 0 0 1 1 1 0 1 1 1 
OpenStacks: 10
Took 0.83 seconds

buffer: Instance 91
numCustomers: 10
numProducts: 10
0 1 1 1 1 1 0 1 1 1 
1 1 1 1 1 0 1 0 0 0 
1 1 1 0 1 1 1 1 1 1 
0 1 1 1 0 1 0 1 1 1 
1 1 1 1 1 1 1 1 0 1 
1 1 1 0 1 0 1 1 0 1 
1 1 0 0 1 1 1 1 1 1 
1 1 1 1 0 0 0 1 1 1 
1 1 1 1 1 0 1 1 1 1 
1 1 1 1 0 1 1 1 1 0 
Best sequence:
0 1 2 3 4 5 6 7 8 9 
0 1 1 1 1 1 0 1 1 1 
1 1 1 1 1 0 1 0 0 0 
1 1 1 0 1 1 1 1 1 1 
0 1 1 1 0 1 0 1 1 1 
1 1 1 1 1 1 1 1 0 1 
1 1 1 0 1 0 1 1 0 1 
1 1 0 0 1 1 1 1 1 1 
1 1 1 1 0 0 0 1 1 1 
1 1 1 1 1 0 1 1 1 1 
1 1 1 1 0 1 1 1 1 0 
OpenStacks: 10
Took 0.03 seconds

buffer: Instance 92
numCustomers: 10
numProducts: 10
1 0 1 0 1 0 1 0 1 1 
1 1 1 0 1 1 1 1 1 1 
0 0 0 1 1 1 1 1 0 1 
1 1 1 0 1 0 1 1 1 1 
1 1 1 1 1 0 1 1 0 1 
1 1 1 1 0 0 1 0 1 1 
1 1 0 1 1 1 0 0 1 1 
1 1 1 1 1 1 0 0 1 1 
1 0 1 0 1 1 1 1 0 1 
1 1 1 1 1 1 1 1 1 1 
Best sequence:
0 1 2 3 4 5 6 7 8 9 
1 0 1 0 1 0 1 0 1 1 
1 1 1 0 1 1 1 1 1 1 
0 0 0 1 1 1 1 1 0 1 
1 1 1 0 1 0 1 1 1 1 
1 1 1 1 1 0 1 1 0 1 
1 1 1 1 0 0 1 0 1 1 
1 1 0 1 1 1 0 0 1 1 
1 1 1 1 1 1 0 0 1 1 
1 0 1 0 1 1 1 1 0 1 
1 1 1 1 1 1 1 1 1 1 
OpenStacks: 10
Took 0.02 seconds

buffer: Instance 93
numCustomers: 10
numProducts: 10
0 1 1 0 1 1 0 1 1 0 
1 1 1 0 1 1 1 1 1 0 
0 1 0 1 1 0 1 1 1 1 
1 0 1 1 1 1 1 0 1 1 
1 0 1 1 0 0 1 1 1 1 
1 1 1 1 1 1 1 1 0 1 
1 1 0 1 1 1 1 0 1 1 
1 1 1 1 1 1 1 0 1 1 
1 1 1 1 1 1 1 0 1 1 
1 1 1 1 1 0 1 1 1 0 
Best sequence:
0 1 2 3 4 5 6 7 8 9 
0 1 1 0 1 1 0 1 1 0 
1 1 1 0 1 1 1 1 1 0 
0 1 0 1 1 0 1 1 1 1 
1 0 1 1 1 1 1 0 1 1 
1 0 1 1 0 0 1 1 1 1 
1 1 1 1 1 1 1 1 0 1 
1 1 0 1 1 1 1 0 1 1 
1 1 1 1 1 1 1 0 1 1 
1 1 1 1 1 1 1 0 1 1 
1 1 1 1 1 0 1 1 1 0 
OpenStacks: 10
Took 0.03 seconds

buffer: Instance 94
numCustomers: 10
numProducts: 10
1 1 1 1 0 1 0 1 0 1 
1 0 1 1 1 1 1 1 1 1 
1 1 0 1 1 1 1 1 1 0 
1 1 1 1 0 1 1 0 0 1 
1 1 0 1 1 1 1 0 1 1 
1 0 1 1 0 1 1 0 1 1 
1 0 1 1 0 0 0 0 1 1 
1 1 1 1 1 0 1 1 1 1 
1 1 0 1 1 0 1 1 0 0 
1 1 1 1 1 0 1 0 1 1 
Best sequence:
0 1 2 3 4 5 6 7 8 9 
1 1 1 1 0 1 0 1 0 1 
1 0 1 1 1 1 1 1 1 1 
1 1 0 1 1 1 1 1 1 0 
1 1 1 1 0 1 1 0 0 1 
1 1 0 1 1 1 1 0 1 1 
1 0 1 1 0 1 1 0 1 1 
1 0 1 1 0 0 0 0 1 1 
1 1 1 1 1 0 1 1 1 1 
1 1 0 1 1 0 1 1 0 0 
1 1 1 1 1 0 1 0 1 1 
OpenStacks: 10
Took 0.02 seconds

buffer: Instance 95
numCustomers: 10
numProducts: 10
1 0 0 1 0 0 0 0 0 1 
0 1 0 0 0 1 1 1 1 1 
1 1 1 0 1 1 1 1 0 1 
1 1 1 1 1 1 0 1 0 1 
0 0 1 1 1 1 1 1 0 1 
1 1 1 0 1 1 1 1 0 1 
1 1 0 1 1 0 0 1 1 1 
1 1 1 1 0 1 1 1 1 1 
0 1 1 1 1 1 0 1 1 1 
1 0 1 1 1 0 1 0 1 0 
Best sequence:
0 1 2 3 4 5 6 7 8 9 
1 0 0 1 0 0 0 0 0 1 
0 1 0 0 0 1 1 1 1 1 
1 1 1 0 1 1 1 1 0 1 
1 1 1 1 1 1 0 1 0 1 
0 0 1 1 1 1 1 1 0 1 
1 1 1 0 1 1 1 1 0 1 
1 1 0 1 1 0 0 1 1 1 
1 1 1 1 0 1 1 1 1 1 
0 1 1 1 1 1 0 1 1 1 
1 0 1 1 1 0 1 0 1 0 
OpenStacks: 10
Took 0.03 seconds

buffer: Instance 96
numCustomers: 10
numProducts: 10
1 1 1 1 1 1 1 0 0 1 
1 1 1 0 0 1 1 1 0 1 
1 1 1 1 0 1 1 1 0 0 
1 1 1 1 1 1 0 1 1 1 
1 1 1 1 1 1 0 1 1 1 
1 0 0 1 0 1 1 1 0 0 
0 1 1 1 1 1 1 0 0 1 
1 1 1 1 1 1 1 1 1 0 
1 1 1 1 1 1 0 1 1 0 
1 1 0 1 1 1 0 1 0 1 
Best sequence:
0 1 2 3 4 5 6 7 8 9 
1 1 1 1 1 1 1 0 0 1 
1 1 1 0 0 1 1 1 0 1 
1 1 1 1 0 1 1 1 0 0 
1 1 1 1 1 1 0 1 1 1 
1 1 1 1 1 1 0 1 1 1 
1 0 0 1 0 1 1 1 0 0 
0 1 1 1 1 1 1 0 0 1 
1 1 1 1 1 1 1 1 1 0 
1 1 1 1 1 1 0 1 1 0 
1 1 0 1 1 1 0 1 0 1 
OpenStacks: 10
Took 0.02 seconds

buffer: Instance 97
numCustomers: 10
numProducts: 10
0 1 1 1 1 1 0 1 1 1 
1 1 1 0 1 1 1 1 1 0 
1 1 0 1 1 1 1 1 1 1 
1 1 0 1 1 1 1 1 1 1 
1 1 0 1 1 1 0 1 0 0 
1 1 1 1 0 1 1 0 1 1 
0 1 1 0 0 1 1 1 1 1 
1 1 1 1 0 1 1 1 1 0 
0 1 0 0 1 1 0 1 1 1 
1 1 1 1 1 1 1 1 1 0 
Best sequence:
0 1 2 3 4 5 6 7 8 9 
0 1 1 1 1 1 0 1 1 1 
1 1 1 0 1 1 1 1 1 0 
1 1 0 1 1 1 1 1 1 1 
1 1 0 1 1 1 1 1 1 1 
1 1 0 1 1 1 0 1 0 0 
1 1 1 1 0 1 1 0 1 1 
0 1 1 0 0 1 1 1 1 1 
1 1 1 1 0 1 1 1 1 0 
0 1 0 0 1 1 0 1 1 1 
1 1 1 1 1 1 1 1 1 0 
OpenStacks: 10
Took 0.03 seconds

buffer: Instance 98
numCustomers: 10
numProducts: 10
1 1 0 1 0 1 1 1 1 0 
0 1 1 1 1 1 0 1 1 1 
1 1 0 0 1 1 1 1 1 0 
0 1 0 1 0 0 0 1 0 0 
1 1 1 1 1 0 1 0 1 1 
0 0 1 1 1 1 1 1 1 0 
1 1 1 0 1 0 0 1 0 1 
1 1 1 1 0 1 1 1 1 1 
1 1 1 1 1 1 1 0 0 1 
1 1 1 1 1 0 0 1 0 0 
Best sequence:
0 1 2 3 4 5 6 7 8 9 
1 1 0 1 0 1 1 1 1 0 
0 1 1 1 1 1 0 1 1 1 
1 1 0 0 1 1 1 1 1 0 
0 1 0 1 0 0 0 1 0 0 
1 1 1 1 1 0 1 0 1 1 
0 0 1 1 1 1 1 1 1 0 
1 1 1 0 1 0 0 1 0 1 
1 1 1 1 0 1 1 1 1 1 
1 1 1 1 1 1 1 0 0 1 
1 1 1 1 1 0 0 1 0 0 
OpenStacks: 10
Took 0.02 seconds

buffer: Instance 99
numCustomers: 10
numProducts: 10
1 1 1 1 0 1 1 0 1 1 
0 0 0 0 1 1 0 1 1 1 
1 1 1 1 1 1 0 1 1 1 
1 1 1 1 1 0 1 1 0 1 
0 1 1 1 1 1 1 1 0 1 
1 0 0 1 1 1 1 1 0 1 
1 1 1 1 1 1 1 1 1 0 
1 1 1 1 1 1 1 0 1 1 
1 1 0 0 1 1 0 1 1 0 
0 1 1 1 1 0 0 0 1 1 
Best sequence:
0 1 2 3 4 5 6 7 8 9 
1 1 1 1 0 1 1 0 1 1 
0 0 0 0 1 1 0 1 1 1 
1 1 1 1 1 1 0 1 1 1 
1 1 1 1 1 0 1 1 0 1 
0 1 1 1 1 1 1 1 0 1 
1 0 0 1 1 1 1 1 0 1 
1 1 1 1 1 1 1 1 1 0 
1 1 1 1 1 1 1 0 1 1 
1 1 0 0 1 1 0 1 1 0 
0 1 1 1 1 0 0 0 1 1 
OpenStacks: 10
Took 0.03 seconds

Solved: 10 instances
totalTime: 1.06 seconds
minTime: 0.02 seconds
maxTime: 0.83 seconds
Average: 0.106 seconds
