Solving by Dynamic Programming...
buffer: Instance 90
numCustomers: 10
numProducts: 10
1 1 1 1 1 1 1 1 1 0 
1 1 1 1 1 0 1 0 0 0 
1 1 1 1 1 1 1 1 0 1 
1 1 1 1 1 0 1 1 1 0 
1 0 1 1 0 0 1 1 1 0 
1 0 1 1 0 1 0 0 1 0 
0 1 0 1 1 1 1 0 0 1 
1 1 1 1 1 1 1 0 1 1 
1 0 0 1 1 1 1 0 1 0 
1 0 0 1 1 1 0 1 1 1 
Best Sequence: 
9 8 7 6 5 4 3 2 1 0 
0 1 1 1 1 1 1 1 1 1 
0 0 0 1 0 1 1 1 1 1 
1 0 1 1 1 1 1 1 1 1 
0 1 1 1 0 1 1 1 1 1 
0 1 1 1 0 0 1 1 0 1 
0 1 0 0 1 0 1 1 0 1 
1 0 0 1 1 1 1 0 1 0 
1 1 0 1 1 1 1 1 1 1 
0 1 0 1 1 1 1 0 0 1 
1 1 1 0 1 1 1 0 0 1 
OpenStacks: 10
Took 0.08 seconds

buffer: Instance 91
numCustomers: 10
numProducts: 10
0 1 1 1 1 1 0 1 1 1 
1 1 1 1 1 0 1 0 0 0 
1 1 1 0 1 1 1 1 1 1 
0 1 1 1 0 1 0 1 1 1 
1 1 1 1 1 1 1 1 0 1 
1 1 1 0 1 0 1 1 0 1 
1 1 0 0 1 1 1 1 1 1 
1 1 1 1 0 0 0 1 1 1 
1 1 1 1 1 0 1 1 1 1 
1 1 1 1 0 1 1 1 1 0 
Best Sequence: 
9 8 7 6 5 4 3 2 1 0 
1 1 1 0 1 1 1 1 1 0 
0 0 0 1 0 1 1 1 1 1 
1 1 1 1 1 1 0 1 1 1 
1 1 1 0 1 0 1 1 1 0 
1 0 1 1 1 1 1 1 1 1 
1 0 1 1 0 1 0 1 1 1 
1 1 1 1 1 1 0 0 1 1 
1 1 1 0 0 0 1 1 1 1 
1 1 1 1 0 1 1 1 1 1 
0 1 1 1 1 0 1 1 1 1 
OpenStacks: 10
Took 0.09 seconds

buffer: Instance 92
numCustomers: 10
numProducts: 10
1 0 1 0 1 0 1 0 1 1 
1 1 1 0 1 1 1 1 1 1 
0 0 0 1 1 1 1 1 0 1 
1 1 1 0 1 0 1 1 1 1 
1 1 1 1 1 0 1 1 0 1 
1 1 1 1 0 0 1 0 1 1 
1 1 0 1 1 1 0 0 1 1 
1 1 1 1 1 1 0 0 1 1 
1 0 1 0 1 1 1 1 0 1 
1 1 1 1 1 1 1 1 1 1 
Best Sequence: 
9 8 7 6 5 4 3 2 1 0 
1 1 0 1 0 1 0 1 0 1 
1 1 1 1 1 1 0 1 1 1 
1 0 1 1 1 1 1 0 0 0 
1 1 1 1 0 1 0 1 1 1 
1 0 1 1 0 1 1 1 1 1 
1 1 0 1 0 0 1 1 1 1 
1 1 0 0 1 1 1 0 1 1 
1 1 0 0 1 1 1 1 1 1 
1 0 1 1 1 1 0 1 0 1 
1 1 1 1 1 1 1 1 1 1 
OpenStacks: 10
Took 0.09 seconds

buffer: Instance 93
numCustomers: 10
numProducts: 10
0 1 1 0 1 1 0 1 1 0 
1 1 1 0 1 1 1 1 1 0 
0 1 0 1 1 0 1 1 1 1 
1 0 1 1 1 1 1 0 1 1 
1 0 1 1 0 0 1 1 1 1 
1 1 1 1 1 1 1 1 0 1 
1 1 0 1 1 1 1 0 1 1 
1 1 1 1 1 1 1 0 1 1 
1 1 1 1 1 1 1 0 1 1 
1 1 1 1 1 0 1 1 1 0 
Best Sequence: 
9 8 7 6 5 4 3 2 1 0 
0 1 1 0 1 1 0 1 1 0 
0 1 1 1 1 1 0 1 1 1 
1 1 1 1 0 1 1 0 1 0 
1 1 0 1 1 1 1 1 0 1 
1 1 1 1 0 0 1 1 0 1 
1 0 1 1 1 1 1 1 1 1 
1 1 0 1 1 1 1 0 1 1 
1 1 0 1 1 1 1 1 1 1 
1 1 0 1 1 1 1 1 1 1 
0 1 1 1 0 1 1 1 1 1 
OpenStacks: 10
Took 0.08 seconds

buffer: Instance 94
numCustomers: 10
numProducts: 10
1 1 1 1 0 1 0 1 0 1 
1 0 1 1 1 1 1 1 1 1 
1 1 0 1 1 1 1 1 1 0 
1 1 1 1 0 1 1 0 0 1 
1 1 0 1 1 1 1 0 1 1 
1 0 1 1 0 1 1 0 1 1 
1 0 1 1 0 0 0 0 1 1 
1 1 1 1 1 0 1 1 1 1 
1 1 0 1 1 0 1 1 0 0 
1 1 1 1 1 0 1 0 1 1 
Best Sequence: 
9 8 7 6 5 4 3 2 1 0 
1 0 1 0 1 0 1 1 1 1 
1 1 1 1 1 1 1 1 0 1 
0 1 1 1 1 1 1 0 1 1 
1 0 0 1 1 0 1 1 1 1 
1 1 0 1 1 1 1 0 1 1 
1 1 0 1 1 0 1 1 0 1 
1 1 0 0 0 0 1 1 0 1 
1 1 1 1 0 1 1 1 1 1 
0 0 1 1 0 1 1 0 1 1 
1 1 0 1 0 1 1 1 1 1 
OpenStacks: 10
Took 0.09 seconds

buffer: Instance 95
numCustomers: 10
numProducts: 10
1 0 0 1 0 0 0 0 0 1 
0 1 0 0 0 1 1 1 1 1 
1 1 1 0 1 1 1 1 0 1 
1 1 1 1 1 1 0 1 0 1 
0 0 1 1 1 1 1 1 0 1 
1 1 1 0 1 1 1 1 0 1 
1 1 0 1 1 0 0 1 1 1 
1 1 1 1 0 1 1 1 1 1 
0 1 1 1 1 1 0 1 1 1 
1 0 1 1 1 0 1 0 1 0 
Best Sequence: 
9 8 7 6 5 4 3 2 1 0 
1 0 0 0 0 0 1 0 0 1 
1 1 1 1 1 0 0 0 1 0 
1 0 1 1 1 1 0 1 1 1 
1 0 1 0 1 1 1 1 1 1 
1 0 1 1 1 1 1 1 0 0 
1 0 1 1 1 1 0 1 1 1 
1 1 1 0 0 1 1 0 1 1 
1 1 1 1 1 0 1 1 1 1 
1 1 1 0 1 1 1 1 1 0 
0 1 0 1 0 1 1 1 0 1 
OpenStacks: 10
Took 0.09 seconds

buffer: Instance 96
numCustomers: 10
numProducts: 10
1 1 1 1 1 1 1 0 0 1 
1 1 1 0 0 1 1 1 0 1 
1 1 1 1 0 1 1 1 0 0 
1 1 1 1 1 1 0 1 1 1 
1 1 1 1 1 1 0 1 1 1 
1 0 0 1 0 1 1 1 0 0 
0 1 1 1 1 1 1 0 0 1 
1 1 1 1 1 1 1 1 1 0 
1 1 1 1 1 1 0 1 1 0 
1 1 0 1 1 1 0 1 0 1 
Best Sequence: 
9 8 7 6 5 4 3 2 1 0 
1 0 0 1 1 1 1 1 1 1 
1 0 1 1 1 0 0 1 1 1 
0 0 1 1 1 0 1 1 1 1 
1 1 1 0 1 1 1 1 1 1 
1 1 1 0 1 1 1 1 1 1 
0 0 1 1 1 0 1 0 0 1 
1 0 0 1 1 1 1 1 1 0 
0 1 1 1 1 1 1 1 1 1 
0 1 1 0 1 1 1 1 1 1 
1 0 1 0 1 1 1 0 1 1 
OpenStacks: 10
Took 0.09 seconds

buffer: Instance 97
numCustomers: 10
numProducts: 10
0 1 1 1 1 1 0 1 1 1 
1 1 1 0 1 1 1 1 1 0 
1 1 0 1 1 1 1 1 1 1 
1 1 0 1 1 1 1 1 1 1 
1 1 0 1 1 1 0 1 0 0 
1 1 1 1 0 1 1 0 1 1 
0 1 1 0 0 1 1 1 1 1 
1 1 1 1 0 1 1 1 1 0 
0 1 0 0 1 1 0 1 1 1 
1 1 1 1 1 1 1 1 1 0 
Best Sequence: 
9 8 7 6 5 4 3 2 1 0 
1 1 1 0 1 1 1 1 1 0 
0 1 1 1 1 1 0 1 1 1 
1 1 1 1 1 1 1 0 1 1 
1 1 1 1 1 1 1 0 1 1 
0 0 1 0 1 1 1 0 1 1 
1 1 0 1 1 0 1 1 1 1 
1 1 1 1 1 0 0 1 1 0 
0 1 1 1 1 0 1 1 1 1 
1 1 1 0 1 1 0 0 1 0 
0 1 1 1 1 1 1 1 1 1 
OpenStacks: 10
Took 0.08 seconds

buffer: Instance 98
numCustomers: 10
numProducts: 10
1 1 0 1 0 1 1 1 1 0 
0 1 1 1 1 1 0 1 1 1 
1 1 0 0 1 1 1 1 1 0 
0 1 0 1 0 0 0 1 0 0 
1 1 1 1 1 0 1 0 1 1 
0 0 1 1 1 1 1 1 1 0 
1 1 1 0 1 0 0 1 0 1 
1 1 1 1 0 1 1 1 1 1 
1 1 1 1 1 1 1 0 0 1 
1 1 1 1 1 0 0 1 0 0 
Best Sequence: 
9 8 7 6 5 4 3 2 1 0 
0 1 1 1 1 0 1 0 1 1 
1 1 1 0 1 1 1 1 1 0 
0 1 1 1 1 1 0 0 1 1 
0 0 1 0 0 0 1 0 1 0 
1 1 0 1 0 1 1 1 1 1 
0 1 1 1 1 1 1 1 0 0 
1 0 1 0 0 1 0 1 1 1 
1 1 1 1 1 0 1 1 1 1 
1 0 0 1 1 1 1 1 1 1 
0 0 1 0 0 1 1 1 1 1 
OpenStacks: 10
Took 0.09 seconds

buffer: Instance 99
numCustomers: 10
numProducts: 10
1 1 1 1 0 1 1 0 1 1 
0 0 0 0 1 1 0 1 1 1 
1 1 1 1 1 1 0 1 1 1 
1 1 1 1 1 0 1 1 0 1 
0 1 1 1 1 1 1 1 0 1 
1 0 0 1 1 1 1 1 0 1 
1 1 1 1 1 1 1 1 1 0 
1 1 1 1 1 1 1 0 1 1 
1 1 0 0 1 1 0 1 1 0 
0 1 1 1 1 0 0 0 1 1 
Best Sequence: 
9 8 7 6 5 4 3 2 1 0 
1 1 0 1 1 0 1 1 1 1 
1 1 1 0 1 1 0 0 0 0 
1 1 1 0 1 1 1 1 1 1 
1 0 1 1 0 1 1 1 1 1 
1 0 1 1 1 1 1 1 1 0 
1 0 1 1 1 1 1 0 0 1 
0 1 1 1 1 1 1 1 1 1 
1 1 0 1 1 1 1 1 1 1 
0 1 1 0 1 1 0 0 1 1 
1 1 0 0 0 1 1 1 1 0 
OpenStacks: 10
Took 0.09 seconds

Solved: 10 instances
totalTime: 0.87 seconds
minTime: 0.08 seconds
maxTime: 0.09 seconds
Average: 0.087 seconds
