Solving by Dynamic Programming...
buffer: Instance 80
numCustomers: 10
numProducts: 9
0 1 1 1 1 0 1 1 1 
0 1 1 1 0 1 0 1 0 
1 1 1 1 0 1 1 1 1 
1 1 1 1 1 1 1 1 0 
1 1 1 1 0 0 0 1 1 
1 1 1 1 1 0 0 1 1 
1 1 1 1 1 0 1 1 1 
1 1 1 0 1 1 1 1 0 
0 1 1 0 1 0 1 1 1 
1 1 0 1 1 1 1 1 0 
Best sequence:
0 1 2 3 4 5 6 7 8 
0 1 1 1 1 0 1 1 1 
0 1 1 1 0 1 0 1 0 
1 1 1 1 0 1 1 1 1 
1 1 1 1 1 1 1 1 0 
1 1 1 1 0 0 0 1 1 
1 1 1 1 1 0 0 1 1 
1 1 1 1 1 0 1 1 1 
1 1 1 0 1 1 1 1 0 
0 1 1 0 1 0 1 1 1 
1 1 0 1 1 1 1 1 0 
OpenStacks: 10
Took 0.8 seconds

buffer: Instance 81
numCustomers: 10
numProducts: 9
1 1 0 1 1 1 1 0 1 
1 1 0 1 0 1 1 1 1 
1 1 0 1 1 1 1 1 1 
0 1 0 1 1 1 1 1 1 
0 1 1 1 0 0 1 1 0 
1 1 1 1 1 1 1 1 1 
0 1 1 1 1 1 0 0 1 
1 1 1 1 1 0 0 1 0 
0 1 1 1 1 0 1 0 0 
1 1 1 1 1 0 0 0 1 
Best sequence:
0 1 2 3 4 5 6 7 8 
1 1 0 1 1 1 1 0 1 
1 1 0 1 0 1 1 1 1 
1 1 0 1 1 1 1 1 1 
0 1 0 1 1 1 1 1 1 
0 1 1 1 0 0 1 1 0 
1 1 1 1 1 1 1 1 1 
0 1 1 1 1 1 0 0 1 
1 1 1 1 1 0 0 1 0 
0 1 1 1 1 0 1 0 0 
1 1 1 1 1 0 0 0 1 
OpenStacks: 10
Took 0.02 seconds

buffer: Instance 82
numCustomers: 10
numProducts: 9
1 1 1 1 1 1 1 1 1 
1 1 1 1 0 1 1 1 1 
1 1 1 1 1 0 1 0 0 
1 0 0 1 1 1 1 0 1 
1 1 0 1 1 1 1 0 0 
1 0 1 1 0 0 1 1 1 
1 0 0 1 1 0 1 0 1 
1 0 1 0 1 1 0 1 1 
0 1 1 1 1 1 0 0 1 
1 1 0 0 1 1 1 1 1 
Best sequence:
0 1 2 3 4 5 6 7 8 
1 1 1 1 1 1 1 1 1 
1 1 1 1 0 1 1 1 1 
1 1 1 1 1 0 1 0 0 
1 0 0 1 1 1 1 0 1 
1 1 0 1 1 1 1 0 0 
1 0 1 1 0 0 1 1 1 
1 0 0 1 1 0 1 0 1 
1 0 1 0 1 1 0 1 1 
0 1 1 1 1 1 0 0 1 
1 1 0 0 1 1 1 1 1 
OpenStacks: 10
Took 0.02 seconds

buffer: Instance 83
numCustomers: 10
numProducts: 9
1 1 1 0 0 1 1 1 1 
1 0 1 1 1 1 1 1 1 
1 1 0 1 1 1 1 0 0 
1 0 0 0 1 1 0 1 1 
0 1 0 1 1 0 1 0 1 
1 1 0 1 1 0 0 1 1 
1 1 0 1 1 1 0 1 0 
0 1 0 0 1 1 1 0 1 
1 0 0 1 0 1 1 1 1 
1 1 0 1 1 1 1 1 0 
Best sequence:
0 1 2 3 4 5 6 7 8 
1 1 1 0 0 1 1 1 1 
1 0 1 1 1 1 1 1 1 
1 1 0 1 1 1 1 0 0 
1 0 0 0 1 1 0 1 1 
0 1 0 1 1 0 1 0 1 
1 1 0 1 1 0 0 1 1 
1 1 0 1 1 1 0 1 0 
0 1 0 0 1 1 1 0 1 
1 0 0 1 0 1 1 1 1 
1 1 0 1 1 1 1 1 0 
OpenStacks: 10
Took 0.01 seconds

buffer: Instance 84
numCustomers: 10
numProducts: 9
1 1 1 0 1 1 1 1 1 
1 1 1 0 1 1 1 1 1 
1 1 0 1 1 1 1 1 1 
1 1 1 1 0 1 1 1 0 
1 1 0 1 1 1 1 0 1 
1 0 1 0 1 1 1 0 1 
1 1 0 1 1 0 1 1 1 
1 1 1 1 1 1 1 0 0 
1 1 1 1 1 0 1 1 1 
1 1 1 1 1 1 0 1 1 
Best sequence:
0 1 2 3 4 5 6 7 8 
1 1 1 0 1 1 1 1 1 
1 1 1 0 1 1 1 1 1 
1 1 0 1 1 1 1 1 1 
1 1 1 1 0 1 1 1 0 
1 1 0 1 1 1 1 0 1 
1 0 1 0 1 1 1 0 1 
1 1 0 1 1 0 1 1 1 
1 1 1 1 1 1 1 0 0 
1 1 1 1 1 0 1 1 1 
1 1 1 1 1 1 0 1 1 
OpenStacks: 10
Took 0.02 seconds

buffer: Instance 85
numCustomers: 10
numProducts: 9
1 1 1 1 0 0 1 1 1 
1 0 1 0 1 0 1 1 1 
1 1 1 1 1 1 1 1 1 
1 1 1 1 0 0 1 1 1 
0 1 0 1 0 1 1 1 0 
1 0 1 1 1 1 1 1 1 
1 1 0 0 1 1 1 1 0 
0 1 0 1 0 0 1 1 0 
1 1 0 1 1 1 0 1 0 
1 1 1 0 1 1 1 0 1 
Best sequence:
0 1 2 3 4 5 6 7 8 
1 1 1 1 0 0 1 1 1 
1 0 1 0 1 0 1 1 1 
1 1 1 1 1 1 1 1 1 
1 1 1 1 0 0 1 1 1 
0 1 0 1 0 1 1 1 0 
1 0 1 1 1 1 1 1 1 
1 1 0 0 1 1 1 1 0 
0 1 0 1 0 0 1 1 0 
1 1 0 1 1 1 0 1 0 
1 1 1 0 1 1 1 0 1 
OpenStacks: 10
Took 0.01 seconds

buffer: Instance 86
numCustomers: 10
numProducts: 9
1 0 1 1 1 1 1 0 1 
1 0 1 1 1 1 0 1 1 
1 1 0 0 1 1 1 1 1 
1 0 1 1 0 1 1 1 0 
1 1 1 1 1 1 1 1 1 
1 1 1 0 1 1 0 1 1 
0 1 1 1 1 0 1 1 1 
0 1 1 1 0 0 0 0 1 
1 1 1 1 0 1 1 1 1 
0 1 1 1 0 0 0 1 1 
Best sequence:
0 1 2 3 4 5 6 7 8 
1 0 1 1 1 1 1 0 1 
1 0 1 1 1 1 0 1 1 
1 1 0 0 1 1 1 1 1 
1 0 1 1 0 1 1 1 0 
1 1 1 1 1 1 1 1 1 
1 1 1 0 1 1 0 1 1 
0 1 1 1 1 0 1 1 1 
0 1 1 1 0 0 0 0 1 
1 1 1 1 0 1 1 1 1 
0 1 1 1 0 0 0 1 1 
OpenStacks: 10
Took 0.02 seconds

buffer: Instance 87
numCustomers: 10
numProducts: 9
1 1 1 0 1 0 0 1 1 
1 0 1 1 0 1 0 0 1 
1 1 1 0 1 0 1 1 1 
1 1 1 1 1 1 1 1 1 
1 1 1 1 1 1 0 1 1 
1 1 1 1 1 1 1 1 0 
1 1 1 1 1 1 1 1 1 
0 1 1 0 1 0 1 1 1 
1 0 0 1 1 1 0 1 1 
1 0 1 0 0 1 0 1 1 
Best sequence:
0 1 2 3 4 5 6 7 8 
1 1 1 0 1 0 0 1 1 
1 0 1 1 0 1 0 0 1 
1 1 1 0 1 0 1 1 1 
1 1 1 1 1 1 1 1 1 
1 1 1 1 1 1 0 1 1 
1 1 1 1 1 1 1 1 0 
1 1 1 1 1 1 1 1 1 
0 1 1 0 1 0 1 1 1 
1 0 0 1 1 1 0 1 1 
1 0 1 0 0 1 0 1 1 
OpenStacks: 10
Took 0.01 seconds

buffer: Instance 88
numCustomers: 10
numProducts: 9
1 1 1 1 1 0 0 1 1 
0 1 1 1 1 0 1 1 1 
1 1 1 1 1 1 0 1 1 
1 1 1 0 0 1 0 0 0 
1 1 1 1 1 1 1 0 1 
1 1 1 1 1 1 1 1 0 
1 1 0 0 0 1 1 1 1 
1 1 1 1 1 1 0 0 1 
0 0 1 1 1 1 1 1 1 
1 1 1 0 1 1 1 0 0 
Best sequence:
0 1 2 3 4 5 6 7 8 
1 1 1 1 1 0 0 1 1 
0 1 1 1 1 0 1 1 1 
1 1 1 1 1 1 0 1 1 
1 1 1 0 0 1 0 0 0 
1 1 1 1 1 1 1 0 1 
1 1 1 1 1 1 1 1 0 
1 1 0 0 0 1 1 1 1 
1 1 1 1 1 1 0 0 1 
0 0 1 1 1 1 1 1 1 
1 1 1 0 1 1 1 0 0 
OpenStacks: 10
Took 0.02 seconds

buffer: Instance 89
numCustomers: 10
numProducts: 9
0 0 0 1 1 1 1 1 1 
1 1 1 1 0 1 1 1 0 
1 1 1 1 1 1 0 1 0 
1 1 1 1 1 1 1 0 1 
0 1 0 1 1 1 0 0 1 
1 0 1 1 0 1 1 1 1 
1 1 0 1 1 0 0 1 0 
1 1 1 1 1 1 1 1 1 
0 1 1 1 1 0 1 1 0 
1 0 1 1 0 1 1 1 1 
Best sequence:
0 1 2 3 4 5 6 7 8 
0 0 0 1 1 1 1 1 1 
1 1 1 1 0 1 1 1 0 
1 1 1 1 1 1 0 1 0 
1 1 1 1 1 1 1 0 1 
0 1 0 1 1 1 0 0 1 
1 0 1 1 0 1 1 1 1 
1 1 0 1 1 0 0 1 0 
1 1 1 1 1 1 1 1 1 
0 1 1 1 1 0 1 1 0 
1 0 1 1 0 1 1 1 1 
OpenStacks: 10
Took 0.02 seconds

Solved: 10 instances
totalTime: 0.95 seconds
minTime: 0.01 seconds
maxTime: 0.8 seconds
Average: 0.095 seconds
