Solving by Dynamic Programming...
buffer: Instance 70
numCustomers: 10
numProducts: 8
1 1 1 1 1 0 1 0 
1 0 1 1 1 1 1 1 
1 1 1 1 0 1 1 1 
1 0 1 1 1 1 1 0 
0 1 0 1 1 1 0 1 
0 1 1 1 0 1 1 1 
1 1 0 0 1 1 0 0 
1 1 1 1 0 1 0 1 
1 0 0 1 0 0 1 1 
1 1 1 1 1 1 1 1 
Best Sequence: 
7 6 5 4 3 2 1 0 
0 1 0 1 1 1 1 1 
1 1 1 1 1 1 0 1 
1 1 1 0 1 1 1 1 
0 1 1 1 1 1 0 1 
1 0 1 1 1 0 1 0 
1 1 1 0 1 1 1 0 
0 0 1 1 0 0 1 1 
1 0 1 0 1 1 1 1 
1 1 0 0 1 0 0 1 
1 1 1 1 1 1 1 1 
OpenStacks: 10
Took 0.01 seconds

buffer: Instance 71
numCustomers: 10
numProducts: 8
0 1 1 1 0 0 1 0 
0 0 1 1 1 1 1 1 
0 1 1 1 1 0 1 1 
1 1 1 1 1 1 1 1 
1 1 1 1 1 1 0 1 
1 1 1 1 0 1 1 0 
0 1 1 0 1 1 0 1 
0 1 1 0 0 1 0 1 
0 1 1 1 1 1 1 1 
1 0 0 1 1 0 1 1 
Best Sequence: 
7 6 5 4 3 2 1 0 
0 1 0 0 1 1 1 0 
1 1 1 1 1 1 0 0 
1 1 0 1 1 1 1 0 
1 1 1 1 1 1 1 1 
1 0 1 1 1 1 1 1 
0 1 1 0 1 1 1 1 
1 0 1 1 0 1 1 0 
1 0 1 0 0 1 1 0 
1 1 1 1 1 1 1 0 
1 1 0 1 1 0 0 1 
OpenStacks: 10
Took 0.02 seconds

buffer: Instance 72
numCustomers: 10
numProducts: 8
0 1 1 0 1 1 1 0 
0 1 0 0 1 1 1 1 
1 1 1 1 1 1 1 1 
1 0 0 0 1 0 1 0 
0 1 1 1 1 1 1 1 
1 1 1 1 0 0 1 1 
1 0 1 1 0 1 0 1 
1 1 1 1 1 1 0 0 
1 0 0 1 1 1 1 1 
1 1 1 1 1 1 0 1 
Best Sequence: 
7 6 5 4 3 2 1 0 
0 1 1 1 0 1 1 0 
1 1 1 1 0 0 1 0 
1 1 1 1 1 1 1 1 
0 1 0 1 0 0 0 1 
1 1 1 1 1 1 1 0 
1 1 0 0 1 1 1 1 
1 0 1 0 1 1 0 1 
0 0 1 1 1 1 1 1 
1 1 1 1 1 0 0 1 
1 0 1 1 1 1 1 1 
OpenStacks: 10
Took 0.01 seconds

buffer: Instance 73
numCustomers: 10
numProducts: 8
1 0 1 0 1 1 1 0 
0 0 1 0 0 1 0 1 
1 1 1 1 0 1 1 1 
1 1 0 1 1 1 1 1 
1 1 0 1 0 1 1 1 
1 1 1 1 1 1 0 1 
0 1 1 0 1 1 1 1 
1 1 0 0 0 0 0 1 
1 1 0 1 1 0 1 1 
0 1 0 1 1 1 1 1 
Best Sequence: 
7 6 5 4 3 2 1 0 
0 1 1 1 0 1 0 1 
1 0 1 0 0 1 0 0 
1 1 1 0 1 1 1 1 
1 1 1 1 1 0 1 1 
1 1 1 0 1 0 1 1 
1 0 1 1 1 1 1 1 
1 1 1 1 0 1 1 0 
1 0 0 0 0 0 1 1 
1 1 0 1 1 0 1 1 
1 1 1 1 1 0 1 0 
OpenStacks: 10
Took 0.02 seconds

buffer: Instance 74
numCustomers: 10
numProducts: 8
1 1 0 1 0 1 1 0 
1 0 0 1 0 0 0 1 
1 1 0 1 1 0 1 1 
1 1 0 1 1 1 1 1 
1 1 1 0 1 1 0 1 
0 1 1 0 1 0 1 1 
1 1 1 1 1 1 1 1 
1 1 1 0 1 0 1 0 
0 0 1 1 1 1 1 1 
1 0 0 1 1 1 1 1 
Best Sequence: 
7 6 5 4 3 2 1 0 
0 1 1 0 1 0 1 1 
1 0 0 0 1 0 0 1 
1 1 0 1 1 0 1 1 
1 1 1 1 1 0 1 1 
1 0 1 1 0 1 1 1 
1 1 0 1 0 1 1 0 
1 1 1 1 1 1 1 1 
0 1 0 1 0 1 1 1 
1 1 1 1 1 1 0 0 
1 1 1 1 1 0 0 1 
OpenStacks: 10
Took 0.01 seconds

buffer: Instance 75
numCustomers: 10
numProducts: 8
1 1 1 1 1 1 1 0 
1 1 1 0 1 1 1 1 
1 1 1 0 1 0 1 1 
0 1 1 0 1 1 0 0 
1 1 0 1 1 0 0 0 
0 1 1 1 0 1 1 1 
1 1 1 1 1 1 1 0 
0 0 0 1 1 1 1 1 
1 1 1 1 1 1 1 1 
1 1 1 1 1 1 1 1 
Best Sequence: 
7 6 5 4 3 2 1 0 
0 1 1 1 1 1 1 1 
1 1 1 1 0 1 1 1 
1 1 0 1 0 1 1 1 
0 0 1 1 0 1 1 0 
0 0 0 1 1 0 1 1 
1 1 1 0 1 1 1 0 
0 1 1 1 1 1 1 1 
1 1 1 1 1 0 0 0 
1 1 1 1 1 1 1 1 
1 1 1 1 1 1 1 1 
OpenStacks: 10
Took 0.02 seconds

buffer: Instance 76
numCustomers: 10
numProducts: 8
1 1 1 1 1 1 0 0 
0 1 1 1 1 1 1 0 
1 1 1 0 1 1 0 1 
1 1 1 1 1 0 1 1 
1 1 1 1 1 1 1 1 
1 1 1 1 1 1 1 1 
1 0 1 1 1 1 1 1 
1 1 0 1 0 0 1 1 
1 1 1 0 1 1 1 1 
1 1 0 1 1 1 1 1 
Best Sequence: 
7 6 5 4 3 2 1 0 
0 0 1 1 1 1 1 1 
0 1 1 1 1 1 1 0 
1 0 1 1 0 1 1 1 
1 1 0 1 1 1 1 1 
1 1 1 1 1 1 1 1 
1 1 1 1 1 1 1 1 
1 1 1 1 1 1 0 1 
1 1 0 0 1 0 1 1 
1 1 1 1 0 1 1 1 
1 1 1 1 1 0 1 1 
OpenStacks: 10
Took 0.01 seconds

buffer: Instance 77
numCustomers: 10
numProducts: 8
0 1 1 1 1 1 1 0 
1 0 0 1 1 1 1 1 
1 1 1 1 1 0 1 1 
1 1 1 1 1 0 0 1 
1 0 0 0 1 1 1 1 
1 1 1 1 1 0 1 1 
1 1 1 1 1 1 1 1 
1 1 1 1 0 1 1 1 
1 1 1 1 1 1 1 1 
1 1 0 0 1 0 1 1 
Best Sequence: 
7 6 5 4 3 2 1 0 
0 1 1 1 1 1 1 0 
1 1 1 1 1 0 0 1 
1 1 0 1 1 1 1 1 
1 0 0 1 1 1 1 1 
1 1 1 1 0 0 0 1 
1 1 0 1 1 1 1 1 
1 1 1 1 1 1 1 1 
1 1 1 0 1 1 1 1 
1 1 1 1 1 1 1 1 
1 1 0 1 0 0 1 1 
OpenStacks: 10
Took 0.02 seconds

buffer: Instance 78
numCustomers: 10
numProducts: 8
1 1 1 1 1 1 1 1 
1 1 1 1 1 1 1 1 
1 1 0 1 1 1 1 1 
1 0 1 0 0 0 1 1 
1 0 1 0 1 1 1 1 
1 1 1 1 1 0 1 1 
1 0 1 1 0 1 1 0 
1 0 0 1 1 0 1 1 
0 1 1 1 0 0 0 0 
1 1 1 0 1 1 1 1 
Best Sequence: 
7 6 5 4 3 2 1 0 
1 1 1 1 1 1 1 1 
1 1 1 1 1 1 1 1 
1 1 1 1 1 0 1 1 
1 1 0 0 0 1 0 1 
1 1 1 1 0 1 0 1 
1 1 0 1 1 1 1 1 
0 1 1 0 1 1 0 1 
1 1 0 1 1 0 0 1 
0 0 0 0 1 1 1 0 
1 1 1 1 0 1 1 1 
OpenStacks: 10
Took 0.01 seconds

buffer: Instance 79
numCustomers: 10
numProducts: 8
1 1 1 1 1 0 1 0 
0 1 1 1 1 0 1 0 
0 1 1 1 1 1 0 0 
1 1 1 0 1 0 0 1 
0 1 1 1 1 0 0 1 
1 1 1 0 1 0 1 0 
1 1 1 1 1 1 1 0 
1 1 1 0 1 0 1 1 
0 1 1 1 1 1 0 1 
1 1 1 1 1 1 0 0 
Best Sequence: 
7 6 5 4 3 2 1 0 
0 1 0 1 1 1 1 1 
0 1 0 1 1 1 1 0 
0 0 1 1 1 1 1 0 
1 0 0 1 0 1 1 1 
1 0 0 1 1 1 1 0 
0 1 0 1 0 1 1 1 
0 1 1 1 1 1 1 1 
1 1 0 1 0 1 1 1 
1 0 1 1 1 1 1 0 
0 0 1 1 1 1 1 1 
OpenStacks: 10
Took 0.02 seconds

Solved: 10 instances
totalTime: 0.15 seconds
minTime: 0.01 seconds
maxTime: 0.02 seconds
Average: 0.015 seconds
