Solving by Dynamic Programming...
buffer: Instance 160
numCustomers: 10
numProducts: 17
1 0 1 1 1 0 1 1 1 1 1 1 0 1 1 1 1 
1 1 1 1 1 1 0 0 1 1 1 1 1 1 1 1 1 
1 0 1 1 1 1 1 1 0 1 1 1 1 1 0 0 1 
0 1 1 1 0 1 1 0 0 0 1 1 0 0 1 0 1 
1 1 1 1 1 1 1 1 1 1 0 1 1 1 1 1 1 
1 1 1 1 1 0 0 0 0 1 0 0 1 1 1 1 0 
0 1 0 1 1 1 1 1 1 1 1 1 1 1 1 1 1 
1 1 1 0 1 1 1 1 1 1 1 0 1 1 1 1 1 
1 1 1 1 1 1 1 1 1 1 0 1 1 1 1 1 0 
1 1 1 1 1 1 1 1 1 1 0 1 1 1 0 1 1 
Best Sequence: 
16 15 14 13 12 11 10 9 8 7 6 5 4 3 2 1 0 
1 1 1 1 0 1 1 1 1 1 1 0 1 1 1 0 1 
1 1 1 1 1 1 1 1 1 0 0 1 1 1 1 1 1 
1 0 0 1 1 1 1 1 0 1 1 1 1 1 1 0 1 
1 0 1 0 0 1 1 0 0 0 1 1 0 1 1 1 0 
1 1 1 1 1 1 0 1 1 1 1 1 1 1 1 1 1 
0 1 1 1 1 0 0 1 0 0 0 0 1 1 1 1 1 
1 1 1 1 1 1 1 1 1 1 1 1 1 1 0 1 0 
1 1 1 1 1 0 1 1 1 1 1 1 1 0 1 1 1 
0 1 1 1 1 1 0 1 1 1 1 1 1 1 1 1 1 
1 1 0 1 1 1 0 1 1 1 1 1 1 1 1 1 1 
OpenStacks: 10
Took 28.18 seconds

buffer: Instance 161
numCustomers: 10
numProducts: 17
1 1 1 0 1 1 1 0 1 1 0 1 1 1 1 1 1 
1 1 0 1 1 0 0 1 0 0 1 1 1 1 1 1 1 
1 1 1 1 1 1 0 0 1 1 1 1 1 0 1 0 1 
1 1 1 1 1 1 0 0 1 0 0 1 1 1 1 1 1 
1 0 1 1 1 1 1 0 1 1 1 1 1 1 1 0 1 
0 1 1 1 1 1 0 0 1 1 1 1 1 0 1 1 0 
1 1 0 1 1 1 0 0 0 1 0 1 1 1 1 1 0 
1 1 0 1 0 1 1 1 1 1 1 1 1 1 1 1 1 
1 0 0 1 1 1 1 1 1 1 1 1 1 0 1 1 1 
0 1 0 1 1 1 0 1 1 1 0 1 1 1 1 1 1 
Best Sequence: 
16 15 14 13 12 11 10 9 8 7 6 5 4 3 2 1 0 
1 1 1 1 1 1 0 1 1 0 1 1 1 0 1 1 1 
1 1 1 1 1 1 1 0 0 1 0 0 1 1 0 1 1 
1 0 1 0 1 1 1 1 1 0 0 1 1 1 1 1 1 
1 1 1 1 1 1 0 0 1 0 0 1 1 1 1 1 1 
1 0 1 1 1 1 1 1 1 0 1 1 1 1 1 0 1 
0 1 1 0 1 1 1 1 1 0 0 1 1 1 1 1 0 
0 1 1 1 1 1 0 1 0 0 0 1 1 1 0 1 1 
1 1 1 1 1 1 1 1 1 1 1 1 0 1 0 1 1 
1 1 1 0 1 1 1 1 1 1 1 1 1 1 0 0 1 
1 1 1 1 1 1 0 1 1 1 0 1 1 1 0 1 0 
OpenStacks: 10
Took 28.16 seconds

buffer: Instance 162
numCustomers: 10
numProducts: 17
1 1 1 0 1 1 0 1 1 1 0 1 1 1 1 1 1 
0 0 1 1 0 0 1 1 1 1 0 1 1 1 1 0 0 
0 0 0 1 1 0 1 1 1 0 1 1 1 1 0 1 0 
0 1 1 1 1 1 0 1 1 1 0 1 1 1 1 1 1 
0 1 1 1 1 1 1 1 1 0 1 1 0 1 1 1 1 
1 0 1 1 1 1 1 1 1 1 1 0 1 0 1 1 1 
1 1 1 0 1 1 1 1 1 1 0 0 0 0 1 1 0 
0 1 1 0 1 0 1 1 0 1 1 0 0 1 1 1 1 
1 1 1 1 0 1 0 0 1 1 0 1 0 0 0 1 1 
1 1 1 1 0 1 1 1 1 1 1 0 1 0 1 1 1 
Best Sequence: 
16 15 14 13 12 11 10 9 8 7 6 5 4 3 2 1 0 
1 1 1 1 1 1 0 1 1 1 0 1 1 0 1 1 1 
0 0 1 1 1 1 0 1 1 1 1 0 0 1 1 0 0 
0 1 0 1 1 1 1 0 1 1 1 0 1 1 0 0 0 
1 1 1 1 1 1 0 1 1 1 0 1 1 1 1 1 0 
1 1 1 1 0 1 1 0 1 1 1 1 1 1 1 1 0 
1 1 1 0 1 0 1 1 1 1 1 1 1 1 1 0 1 
0 1 1 0 0 0 0 1 1 1 1 1 1 0 1 1 1 
1 1 1 1 0 0 1 1 0 1 1 0 1 0 1 1 0 
1 1 0 0 0 1 0 1 1 0 0 1 0 1 1 1 1 
1 1 1 0 1 0 1 1 1 1 1 1 0 1 1 1 1 
OpenStacks: 10
Took 28.27 seconds

buffer: Instance 163
numCustomers: 10
numProducts: 17
1 1 1 0 1 1 1 0 1 1 0 1 1 1 1 0 0 
1 1 1 1 0 1 1 0 1 1 1 1 1 0 0 1 1 
1 1 1 1 0 1 1 1 1 1 1 1 1 1 1 1 1 
0 1 1 0 1 1 1 1 1 1 1 1 0 1 0 0 1 
1 1 1 1 1 1 0 1 0 1 0 1 1 1 1 1 1 
1 1 1 0 1 1 1 1 1 1 1 1 1 0 0 1 1 
1 1 1 1 0 1 0 1 1 1 0 1 0 1 1 1 0 
1 1 0 0 0 0 1 1 1 1 1 1 1 0 1 1 1 
1 1 1 1 0 0 1 0 1 1 0 1 1 1 0 1 1 
1 0 0 1 0 1 1 1 1 1 1 1 0 0 0 1 1 
Best Sequence: 
16 15 14 13 12 11 10 9 8 7 6 5 4 3 2 1 0 
0 0 1 1 1 1 0 1 1 0 1 1 1 0 1 1 1 
1 1 0 0 1 1 1 1 1 0 1 1 0 1 1 1 1 
1 1 1 1 1 1 1 1 1 1 1 1 0 1 1 1 1 
1 0 0 1 0 1 1 1 1 1 1 1 1 0 1 1 0 
1 1 1 1 1 1 0 1 0 1 0 1 1 1 1 1 1 
1 1 0 0 1 1 1 1 1 1 1 1 1 0 1 1 1 
0 1 1 1 0 1 0 1 1 1 0 1 0 1 1 1 1 
1 1 1 0 1 1 1 1 1 1 1 0 0 0 0 1 1 
1 1 0 1 1 1 0 1 1 0 1 0 0 1 1 1 1 
1 1 0 0 0 1 1 1 1 1 1 1 0 1 0 0 1 
OpenStacks: 10
Took 28.18 seconds

buffer: Instance 164
numCustomers: 10
numProducts: 17
0 1 1 1 1 1 0 1 1 1 1 1 0 1 1 1 1 
1 1 1 1 1 1 1 0 1 1 0 0 1 1 1 1 1 
0 0 1 1 1 1 1 1 1 1 1 0 1 1 1 1 1 
1 1 1 0 1 0 0 1 1 1 1 1 1 1 1 0 0 
1 0 1 1 0 1 1 1 1 0 1 0 0 1 0 1 1 
0 0 1 0 1 0 1 1 0 1 0 1 1 1 1 1 1 
0 0 1 0 1 1 1 1 1 1 1 1 1 1 1 1 0 
0 0 1 1 1 0 1 1 1 0 1 0 0 0 1 1 1 
1 1 0 1 0 1 1 0 1 0 1 1 0 0 1 0 1 
1 0 1 0 1 1 0 0 1 1 0 1 1 1 1 1 1 
Best Sequence: 
16 15 14 13 12 11 10 9 8 7 6 5 4 3 2 1 0 
1 1 1 1 0 1 1 1 1 1 0 1 1 1 1 1 0 
1 1 1 1 1 0 0 1 1 0 1 1 1 1 1 1 1 
1 1 1 1 1 0 1 1 1 1 1 1 1 1 1 0 0 
0 0 1 1 1 1 1 1 1 1 0 0 1 0 1 1 1 
1 1 0 1 0 0 1 0 1 1 1 1 0 1 1 0 1 
1 1 1 1 1 1 0 1 0 1 1 0 1 0 1 0 0 
0 1 1 1 1 1 1 1 1 1 1 1 1 0 1 0 0 
1 1 1 0 0 0 1 0 1 1 1 0 1 1 1 0 0 
1 0 1 0 0 1 1 0 1 0 1 1 0 1 0 1 1 
1 1 1 1 1 1 0 1 1 0 0 1 1 0 1 0 1 
OpenStacks: 10
Took 28.21 seconds

buffer: Instance 165
numCustomers: 10
numProducts: 17
1 1 1 1 1 1 1 1 1 1 1 1 0 1 1 0 1 
1 1 0 1 1 1 1 0 0 1 1 0 1 1 1 1 1 
1 1 1 1 1 0 1 0 0 1 1 1 1 1 1 1 1 
1 1 0 1 1 1 1 1 1 0 0 1 1 1 1 1 1 
1 0 0 1 0 1 1 1 1 1 1 1 1 1 0 0 0 
0 1 1 1 0 1 0 0 1 1 1 1 1 1 1 1 0 
1 1 1 1 1 1 1 0 1 1 1 1 1 1 0 0 0 
1 1 0 0 1 0 1 0 1 1 1 1 1 1 1 1 1 
1 1 1 1 0 1 0 1 0 1 1 1 1 1 0 1 1 
1 0 1 0 1 0 0 1 0 1 0 1 0 0 1 1 1 
Best Sequence: 
16 15 14 13 12 11 10 9 8 7 6 5 4 3 2 1 0 
1 0 1 1 0 1 1 1 1 1 1 1 1 1 1 1 1 
1 1 1 1 1 0 1 1 0 0 1 1 1 1 0 1 1 
1 1 1 1 1 1 1 1 0 0 1 0 1 1 1 1 1 
1 1 1 1 1 1 0 0 1 1 1 1 1 1 0 1 1 
0 0 0 1 1 1 1 1 1 1 1 1 0 1 0 0 1 
0 1 1 1 1 1 1 1 1 0 0 1 0 1 1 1 0 
0 0 0 1 1 1 1 1 1 0 1 1 1 1 1 1 1 
1 1 1 1 1 1 1 1 1 0 1 0 1 0 0 1 1 
1 1 0 1 1 1 1 1 0 1 0 1 0 1 1 1 1 
1 1 1 0 0 1 0 1 0 1 0 0 1 0 1 0 1 
OpenStacks: 10
Took 28.21 seconds

buffer: Instance 166
numCustomers: 10
numProducts: 17
0 1 1 1 1 1 1 1 1 0 1 1 1 1 1 1 1 
1 0 1 0 0 1 1 0 0 1 0 1 1 1 0 1 0 
1 1 1 1 1 1 1 0 1 1 1 1 1 1 0 1 1 
1 1 0 0 1 1 1 1 1 1 1 0 1 1 0 1 0 
0 1 1 0 1 1 0 1 1 1 1 1 0 1 1 0 1 
1 0 1 1 1 1 1 0 1 1 1 1 1 1 0 1 1 
1 1 1 1 1 1 0 1 0 0 0 1 1 0 0 1 0 
1 0 0 1 1 1 0 1 1 0 0 0 1 0 1 1 1 
1 1 1 1 0 1 1 1 1 1 1 1 1 1 1 1 0 
1 1 0 1 1 1 1 1 1 1 1 1 1 1 1 1 1 
Best Sequence: 
16 15 14 13 12 11 10 9 8 7 6 5 4 3 2 1 0 
1 1 1 1 1 1 1 0 1 1 1 1 1 1 1 1 0 
0 1 0 1 1 1 0 1 0 0 1 1 0 0 1 0 1 
1 1 0 1 1 1 1 1 1 0 1 1 1 1 1 1 1 
0 1 0 1 1 0 1 1 1 1 1 1 1 0 0 1 1 
1 0 1 1 0 1 1 1 1 1 0 1 1 0 1 1 0 
1 1 0 1 1 1 1 1 1 0 1 1 1 1 1 0 1 
0 1 0 0 1 1 0 0 0 1 0 1 1 1 1 1 1 
1 1 1 0 1 0 0 0 1 1 0 1 1 1 0 0 1 
0 1 1 1 1 1 1 1 1 1 1 1 0 1 1 1 1 
1 1 1 1 1 1 1 1 1 1 1 1 1 1 0 1 1 
OpenStacks: 10
Took 28.28 seconds

buffer: Instance 167
numCustomers: 10
numProducts: 17
1 0 1 1 1 1 0 1 1 0 1 1 1 1 1 1 1 
0 1 0 1 1 1 1 1 1 1 1 1 1 1 1 1 1 
1 1 0 1 1 0 1 1 1 1 1 1 1 0 1 1 1 
0 1 1 1 1 1 1 1 1 0 1 1 0 1 1 1 0 
1 1 0 1 0 0 1 0 1 1 1 1 1 1 1 1 1 
1 1 0 1 0 1 0 0 1 1 1 0 0 1 1 1 0 
1 1 1 1 1 1 1 1 1 1 0 1 1 1 0 1 1 
1 1 1 1 0 1 1 1 0 1 1 1 1 1 0 0 0 
1 0 1 1 0 1 0 1 0 1 1 0 0 0 1 1 0 
1 1 1 1 1 1 1 1 1 0 1 1 1 1 1 0 1 
Best Sequence: 
16 15 14 13 12 11 10 9 8 7 6 5 4 3 2 1 0 
1 1 1 1 1 1 1 0 1 1 0 1 1 1 1 0 1 
1 1 1 1 1 1 1 1 1 1 1 1 1 1 0 1 0 
1 1 1 0 1 1 1 1 1 1 1 0 1 1 0 1 1 
0 1 1 1 0 1 1 0 1 1 1 1 1 1 1 1 0 
1 1 1 1 1 1 1 1 1 0 1 0 0 1 0 1 1 
0 1 1 1 0 0 1 1 1 0 0 1 0 1 0 1 1 
1 1 0 1 1 1 0 1 1 1 1 1 1 1 1 1 1 
0 0 0 1 1 1 1 1 0 1 1 1 0 1 1 1 1 
0 1 1 0 0 0 1 1 0 1 0 1 0 1 1 0 1 
1 0 1 1 1 1 1 0 1 1 1 1 1 1 1 1 1 
OpenStacks: 10
Took 28.24 seconds

buffer: Instance 168
numCustomers: 10
numProducts: 17
0 0 0 0 1 1 1 0 1 1 0 0 1 1 1 1 1 
1 1 1 1 1 0 1 1 0 1 1 0 0 0 0 1 1 
0 1 1 0 1 1 1 1 0 1 0 1 0 1 1 1 1 
1 0 1 1 0 1 1 0 0 1 1 1 0 1 1 1 0 
0 1 1 1 1 1 1 1 1 1 1 1 0 1 1 1 1 
0 1 1 1 0 0 1 1 1 1 1 0 1 0 0 1 0 
1 1 1 1 0 1 0 1 1 0 1 1 0 1 1 0 1 
0 1 0 1 1 1 1 1 1 1 0 1 1 1 1 0 1 
0 1 1 1 1 0 0 1 1 0 1 0 1 1 1 0 0 
1 1 1 0 1 1 1 1 1 1 0 1 1 1 1 1 1 
Best Sequence: 
16 15 14 13 12 11 10 9 8 7 6 5 4 3 2 1 0 
1 1 1 1 1 0 0 1 1 0 1 1 1 0 0 0 0 
1 1 0 0 0 0 1 1 0 1 1 0 1 1 1 1 1 
1 1 1 1 0 1 0 1 0 1 1 1 1 0 1 1 0 
0 1 1 1 0 1 1 1 0 0 1 1 0 1 1 0 1 
1 1 1 1 0 1 1 1 1 1 1 1 1 1 1 1 0 
0 1 0 0 1 0 1 1 1 1 1 0 0 1 1 1 0 
1 0 1 1 0 1 1 0 1 1 0 1 0 1 1 1 1 
1 0 1 1 1 1 0 1 1 1 1 1 1 1 0 1 0 
0 0 1 1 1 0 1 0 1 1 0 0 1 1 1 1 0 
1 1 1 1 1 1 0 1 1 1 1 1 1 0 1 1 1 
OpenStacks: 10
Took 28.37 seconds

buffer: Instance 169
numCustomers: 10
numProducts: 17
0 1 0 1 1 1 1 1 1 1 1 1 0 1 1 1 1 
1 1 0 1 1 1 1 1 1 1 1 1 1 1 1 0 0 
1 0 1 1 1 1 0 1 1 1 1 0 1 0 1 1 1 
0 0 1 1 1 0 1 0 1 1 1 1 0 1 0 0 0 
0 1 0 1 1 1 1 0 1 0 1 0 1 0 0 1 1 
1 1 0 1 1 1 0 0 1 1 1 1 1 1 1 0 1 
1 1 1 0 1 0 1 1 1 1 1 1 1 1 0 1 1 
1 1 0 1 1 1 1 1 0 0 1 1 0 0 0 1 1 
1 1 0 1 1 0 1 0 0 1 0 0 1 1 1 1 1 
1 1 1 0 1 1 1 1 1 1 1 1 1 1 1 1 1 
Best Sequence: 
16 15 14 13 12 11 10 9 8 7 6 5 4 3 2 1 0 
1 1 1 1 0 1 1 1 1 1 1 1 1 1 0 1 0 
0 0 1 1 1 1 1 1 1 1 1 1 1 1 0 1 1 
1 1 1 0 1 0 1 1 1 1 0 1 1 1 1 0 1 
0 0 0 1 0 1 1 1 1 0 1 0 1 1 1 0 0 
1 1 0 0 1 0 1 0 1 0 1 1 1 1 0 1 0 
1 0 1 1 1 1 1 1 1 0 0 1 1 1 0 1 1 
1 1 0 1 1 1 1 1 1 1 1 0 1 0 1 1 1 
1 1 0 0 0 1 1 0 0 1 1 1 1 1 0 1 1 
1 1 1 1 1 0 0 1 0 0 1 0 1 1 0 1 1 
1 1 1 1 1 1 1 1 1 1 1 1 1 0 1 1 1 
OpenStacks: 10
Took 28.22 seconds

Solved: 10 instances
totalTime: 282.32 seconds
minTime: 28.16 seconds
maxTime: 28.37 seconds
Average: 28.232 seconds
