Solving by Dynamic Programming...
buffer: Instance 110
numCustomers: 10
numProducts: 12
1 1 1 1 0 1 1 1 1 1 1 1 
0 1 1 1 0 1 1 1 1 1 1 1 
1 1 0 0 1 1 1 1 1 1 1 0 
0 1 0 1 1 1 1 1 1 1 1 1 
1 1 1 1 1 1 0 1 1 1 1 1 
1 1 0 1 1 1 0 1 1 0 1 1 
1 0 1 1 1 1 0 1 0 0 1 1 
0 0 0 1 0 1 1 1 1 1 1 1 
1 1 1 1 1 1 1 1 1 1 1 1 
0 1 1 1 1 1 0 1 1 1 1 0 
Best sequence:
0 1 2 3 4 5 6 7 8 9 10 11 
1 1 1 1 0 1 1 1 1 1 1 1 
0 1 1 1 0 1 1 1 1 1 1 1 
1 1 0 0 1 1 1 1 1 1 1 0 
0 1 0 1 1 1 1 1 1 1 1 1 
1 1 1 1 1 1 0 1 1 1 1 1 
1 1 0 1 1 1 0 1 1 0 1 1 
1 0 1 1 1 1 0 1 0 0 1 1 
0 0 0 1 0 1 1 1 1 1 1 1 
1 1 1 1 1 1 1 1 1 1 1 1 
0 1 1 1 1 1 0 1 1 1 1 0 
OpenStacks: 10
Took 0.96 seconds

buffer: Instance 111
numCustomers: 10
numProducts: 12
1 1 1 1 1 1 1 1 1 1 1 1 
1 1 1 1 1 1 1 0 1 1 1 1 
1 1 1 1 0 1 0 1 1 1 1 0 
1 1 1 1 0 0 1 1 1 1 1 1 
1 1 0 0 1 0 0 0 0 1 1 1 
1 1 1 1 1 1 1 0 1 1 0 0 
1 1 1 1 1 1 1 1 1 1 1 1 
0 1 1 1 1 1 1 1 1 1 0 1 
1 0 0 1 1 0 1 1 1 1 1 1 
1 1 1 1 1 0 0 0 1 1 1 0 
Best sequence:
0 1 2 3 4 5 6 7 8 9 10 11 
1 1 1 1 1 1 1 1 1 1 1 1 
1 1 1 1 1 1 1 0 1 1 1 1 
1 1 1 1 0 1 0 1 1 1 1 0 
1 1 1 1 0 0 1 1 1 1 1 1 
1 1 0 0 1 0 0 0 0 1 1 1 
1 1 1 1 1 1 1 0 1 1 0 0 
1 1 1 1 1 1 1 1 1 1 1 1 
0 1 1 1 1 1 1 1 1 1 0 1 
1 0 0 1 1 0 1 1 1 1 1 1 
1 1 1 1 1 0 0 0 1 1 1 0 
OpenStacks: 10
Took 0.08 seconds

buffer: Instance 112
numCustomers: 10
numProducts: 12
1 1 1 1 1 1 1 0 1 1 1 1 
1 1 1 1 1 1 1 1 0 1 1 1 
0 0 1 1 1 1 1 1 1 1 1 0 
1 1 1 1 1 1 1 1 1 1 1 1 
1 0 1 1 1 1 1 1 1 1 0 1 
1 0 1 1 0 0 1 1 1 1 1 0 
1 1 0 0 1 1 1 0 1 1 1 0 
0 1 1 1 0 0 1 1 0 1 1 1 
0 0 1 1 1 1 1 0 0 1 1 1 
1 1 1 1 1 1 1 1 0 1 0 1 
Best sequence:
0 1 2 3 4 5 6 7 8 9 10 11 
1 1 1 1 1 1 1 0 1 1 1 1 
1 1 1 1 1 1 1 1 0 1 1 1 
0 0 1 1 1 1 1 1 1 1 1 0 
1 1 1 1 1 1 1 1 1 1 1 1 
1 0 1 1 1 1 1 1 1 1 0 1 
1 0 1 1 0 0 1 1 1 1 1 0 
1 1 0 0 1 1 1 0 1 1 1 0 
0 1 1 1 0 0 1 1 0 1 1 1 
0 0 1 1 1 1 1 0 0 1 1 1 
1 1 1 1 1 1 1 1 0 1 0 1 
OpenStacks: 10
Took 0.07 seconds

buffer: Instance 113
numCustomers: 10
numProducts: 12
1 1 1 0 1 1 1 1 1 1 1 1 
1 1 1 1 1 0 1 1 1 1 1 1 
0 1 1 1 1 1 0 1 1 1 1 1 
0 1 1 1 1 1 1 1 1 1 0 1 
1 0 1 1 1 0 1 1 1 1 1 0 
1 1 0 0 0 1 0 1 1 1 1 1 
1 0 0 1 1 1 1 1 1 1 1 0 
1 1 1 1 1 0 1 0 0 1 1 1 
1 1 1 1 1 0 0 1 1 1 1 0 
1 0 1 1 1 0 1 1 1 1 0 1 
Best sequence:
0 1 2 3 4 5 6 7 8 9 10 11 
1 1 1 0 1 1 1 1 1 1 1 1 
1 1 1 1 1 0 1 1 1 1 1 1 
0 1 1 1 1 1 0 1 1 1 1 1 
0 1 1 1 1 1 1 1 1 1 0 1 
1 0 1 1 1 0 1 1 1 1 1 0 
1 1 0 0 0 1 0 1 1 1 1 1 
1 0 0 1 1 1 1 1 1 1 1 0 
1 1 1 1 1 0 1 0 0 1 1 1 
1 1 1 1 1 0 0 1 1 1 1 0 
1 0 1 1 1 0 1 1 1 1 0 1 
OpenStacks: 10
Took 0.07 seconds

buffer: Instance 114
numCustomers: 10
numProducts: 12
1 1 1 0 1 0 1 1 1 1 1 0 
1 0 0 1 1 1 1 1 1 0 1 1 
1 1 0 1 1 0 0 1 1 1 1 1 
1 1 1 1 1 1 1 1 1 1 1 1 
1 1 0 1 1 1 1 1 1 1 1 0 
1 1 1 1 1 1 1 0 0 0 0 1 
1 1 0 1 1 0 0 1 1 1 0 1 
0 0 0 1 1 1 1 1 1 1 1 1 
1 1 1 1 1 1 0 1 0 1 1 0 
1 0 1 0 1 1 1 1 1 0 1 1 
Best sequence:
0 1 2 3 4 5 6 7 8 9 10 11 
1 1 1 0 1 0 1 1 1 1 1 0 
1 0 0 1 1 1 1 1 1 0 1 1 
1 1 0 1 1 0 0 1 1 1 1 1 
1 1 1 1 1 1 1 1 1 1 1 1 
1 1 0 1 1 1 1 1 1 1 1 0 
1 1 1 1 1 1 1 0 0 0 0 1 
1 1 0 1 1 0 0 1 1 1 0 1 
0 0 0 1 1 1 1 1 1 1 1 1 
1 1 1 1 1 1 0 1 0 1 1 0 
1 0 1 0 1 1 1 1 1 0 1 1 
OpenStacks: 10
Took 0.08 seconds

buffer: Instance 115
numCustomers: 10
numProducts: 12
1 0 0 1 1 1 1 0 1 1 0 1 
1 1 1 1 1 0 1 0 0 1 0 0 
0 1 1 1 1 1 1 1 0 0 0 1 
1 1 1 0 1 1 1 1 1 1 1 0 
0 1 1 0 0 1 1 1 0 0 1 1 
1 1 1 1 1 0 1 1 0 1 1 1 
1 0 1 1 1 1 1 0 1 0 1 1 
1 0 1 1 0 1 1 1 1 0 0 1 
1 0 1 0 1 1 1 1 1 1 1 0 
1 0 1 1 0 0 1 0 1 1 1 1 
Best sequence:
0 1 2 3 4 5 6 7 8 9 10 11 
1 0 0 1 1 1 1 0 1 1 0 1 
1 1 1 1 1 0 1 0 0 1 0 0 
0 1 1 1 1 1 1 1 0 0 0 1 
1 1 1 0 1 1 1 1 1 1 1 0 
0 1 1 0 0 1 1 1 0 0 1 1 
1 1 1 1 1 0 1 1 0 1 1 1 
1 0 1 1 1 1 1 0 1 0 1 1 
1 0 1 1 0 1 1 1 1 0 0 1 
1 0 1 0 1 1 1 1 1 1 1 0 
1 0 1 1 0 0 1 0 1 1 1 1 
OpenStacks: 10
Took 0.07 seconds

buffer: Instance 116
numCustomers: 10
numProducts: 12
1 1 0 1 1 1 1 1 0 1 0 1 
1 1 1 1 0 0 1 1 0 1 1 1 
1 1 0 0 1 1 1 1 1 0 0 1 
0 1 1 1 1 1 0 0 0 1 1 1 
0 1 1 1 1 0 1 1 1 1 1 1 
1 1 1 1 1 0 1 0 0 1 1 1 
1 1 1 1 1 1 0 1 1 1 1 1 
1 1 1 1 1 0 1 0 1 1 1 1 
1 1 1 1 1 1 0 1 1 1 1 1 
0 1 1 0 1 1 1 1 0 1 1 1 
Best sequence:
0 1 2 3 4 5 6 7 8 9 10 11 
1 1 0 1 1 1 1 1 0 1 0 1 
1 1 1 1 0 0 1 1 0 1 1 1 
1 1 0 0 1 1 1 1 1 0 0 1 
0 1 1 1 1 1 0 0 0 1 1 1 
0 1 1 1 1 0 1 1 1 1 1 1 
1 1 1 1 1 0 1 0 0 1 1 1 
1 1 1 1 1 1 0 1 1 1 1 1 
1 1 1 1 1 0 1 0 1 1 1 1 
1 1 1 1 1 1 0 1 1 1 1 1 
0 1 1 0 1 1 1 1 0 1 1 1 
OpenStacks: 10
Took 0.08 seconds

buffer: Instance 117
numCustomers: 10
numProducts: 12
1 1 1 1 1 0 1 1 1 1 1 1 
1 1 1 1 1 1 1 1 1 1 1 1 
1 1 1 1 1 0 0 1 1 1 1 0 
0 1 1 1 1 1 0 1 1 0 0 1 
1 1 1 1 1 1 1 1 1 1 1 0 
1 1 0 1 1 1 1 1 0 1 1 1 
1 1 1 1 1 0 1 1 1 1 0 1 
1 1 1 0 1 1 1 1 1 0 1 1 
1 1 0 0 1 1 1 1 1 1 1 1 
1 1 1 1 0 0 1 0 1 1 1 1 
Best sequence:
0 1 2 3 4 5 6 7 8 9 10 11 
1 1 1 1 1 0 1 1 1 1 1 1 
1 1 1 1 1 1 1 1 1 1 1 1 
1 1 1 1 1 0 0 1 1 1 1 0 
0 1 1 1 1 1 0 1 1 0 0 1 
1 1 1 1 1 1 1 1 1 1 1 0 
1 1 0 1 1 1 1 1 0 1 1 1 
1 1 1 1 1 0 1 1 1 1 0 1 
1 1 1 0 1 1 1 1 1 0 1 1 
1 1 0 0 1 1 1 1 1 1 1 1 
1 1 1 1 0 0 1 0 1 1 1 1 
OpenStacks: 10
Took 0.07 seconds

buffer: Instance 118
numCustomers: 10
numProducts: 12
1 1 1 1 1 1 1 1 0 1 1 1 
1 1 1 0 1 1 1 1 0 1 1 1 
1 1 1 1 1 1 0 1 1 1 0 1 
1 0 1 0 0 0 1 1 1 1 1 1 
1 0 1 1 1 1 1 1 1 0 1 1 
1 1 1 1 0 1 1 1 1 1 0 1 
1 1 1 0 1 0 1 1 1 1 0 1 
1 0 1 1 0 0 1 1 1 0 1 1 
1 1 0 1 1 1 1 1 1 1 1 1 
1 1 1 1 0 0 1 0 1 1 1 1 
Best sequence:
0 1 2 3 4 5 6 7 8 9 10 11 
1 1 1 1 1 1 1 1 0 1 1 1 
1 1 1 0 1 1 1 1 0 1 1 1 
1 1 1 1 1 1 0 1 1 1 0 1 
1 0 1 0 0 0 1 1 1 1 1 1 
1 0 1 1 1 1 1 1 1 0 1 1 
1 1 1 1 0 1 1 1 1 1 0 1 
1 1 1 0 1 0 1 1 1 1 0 1 
1 0 1 1 0 0 1 1 1 0 1 1 
1 1 0 1 1 1 1 1 1 1 1 1 
1 1 1 1 0 0 1 0 1 1 1 1 
OpenStacks: 10
Took 0.07 seconds

buffer: Instance 119
numCustomers: 10
numProducts: 12
1 1 1 1 0 0 0 1 1 1 1 0 
1 1 1 1 0 1 1 1 1 1 1 1 
1 1 1 1 1 1 1 1 1 1 1 0 
1 1 1 0 1 0 1 0 1 0 1 1 
1 1 1 1 0 1 1 1 0 1 0 1 
1 0 1 1 0 0 1 1 0 1 1 1 
0 1 0 1 0 1 1 1 1 1 0 0 
0 1 1 1 1 1 1 1 1 1 1 1 
0 0 1 1 1 1 1 0 1 1 1 0 
1 1 0 1 1 1 1 1 1 1 1 1 
Best sequence:
0 1 2 3 4 5 6 7 8 9 10 11 
1 1 1 1 0 0 0 1 1 1 1 0 
1 1 1 1 0 1 1 1 1 1 1 1 
1 1 1 1 1 1 1 1 1 1 1 0 
1 1 1 0 1 0 1 0 1 0 1 1 
1 1 1 1 0 1 1 1 0 1 0 1 
1 0 1 1 0 0 1 1 0 1 1 1 
0 1 0 1 0 1 1 1 1 1 0 0 
0 1 1 1 1 1 1 1 1 1 1 1 
0 0 1 1 1 1 1 0 1 1 1 0 
1 1 0 1 1 1 1 1 1 1 1 1 
OpenStacks: 10
Took 0.08 seconds

Solved: 10 instances
totalTime: 1.63 seconds
minTime: 0.07 seconds
maxTime: 0.96 seconds
Average: 0.163 seconds
