Solving by Dynamic Programming...
buffer: Instance 150
numCustomers: 10
numProducts: 16
1 1 1 0 1 0 1 1 0 1 1 0 1 1 1 1 
1 1 1 1 1 1 1 1 0 1 1 1 1 0 1 1 
1 1 0 1 0 1 1 1 0 1 0 1 1 0 1 1 
0 1 1 0 1 1 1 1 0 1 1 1 1 0 1 1 
1 1 1 1 0 1 1 1 0 1 0 1 1 1 1 0 
1 1 1 1 0 0 1 0 0 0 1 1 0 1 1 1 
0 1 0 0 1 1 1 1 0 1 1 0 0 1 1 1 
1 1 1 1 1 1 1 0 1 1 1 1 0 1 0 0 
0 1 1 1 1 1 1 1 1 1 1 1 1 1 1 1 
1 0 1 1 1 1 1 1 1 0 1 1 0 0 1 1 
Best sequence:
0 1 2 3 4 5 6 7 8 9 10 11 12 13 14 15 
1 1 1 0 1 0 1 1 0 1 1 0 1 1 1 1 
1 1 1 1 1 1 1 1 0 1 1 1 1 0 1 1 
1 1 0 1 0 1 1 1 0 1 0 1 1 0 1 1 
0 1 1 0 1 1 1 1 0 1 1 1 1 0 1 1 
1 1 1 1 0 1 1 1 0 1 0 1 1 1 1 0 
1 1 1 1 0 0 1 0 0 0 1 1 0 1 1 1 
0 1 0 0 1 1 1 1 0 1 1 0 0 1 1 1 
1 1 1 1 1 1 1 0 1 1 1 1 0 1 0 0 
0 1 1 1 1 1 1 1 1 1 1 1 1 1 1 1 
1 0 1 1 1 1 1 1 1 0 1 1 0 0 1 1 
OpenStacks: 10
Took 1.9 seconds

buffer: Instance 151
numCustomers: 10
numProducts: 16
0 1 1 1 1 0 1 1 1 1 0 1 1 1 1 1 
0 0 1 1 0 1 1 1 1 1 0 1 1 1 1 1 
1 1 1 1 0 1 1 1 1 1 1 0 0 1 1 1 
0 0 1 1 0 1 1 1 0 1 0 1 1 1 1 1 
0 1 1 0 1 1 1 1 1 0 1 0 1 0 1 1 
1 0 1 1 0 1 0 1 0 1 1 1 1 1 1 1 
1 0 1 1 0 1 1 1 1 1 1 1 1 1 1 0 
1 0 1 1 1 1 1 0 0 0 1 1 1 0 1 1 
0 1 1 1 1 1 0 1 1 1 1 1 0 1 1 1 
1 1 1 1 1 1 0 0 1 1 0 1 1 1 1 1 
Best sequence:
0 1 2 3 4 5 6 7 8 9 10 11 12 13 14 15 
0 1 1 1 1 0 1 1 1 1 0 1 1 1 1 1 
0 0 1 1 0 1 1 1 1 1 0 1 1 1 1 1 
1 1 1 1 0 1 1 1 1 1 1 0 0 1 1 1 
0 0 1 1 0 1 1 1 0 1 0 1 1 1 1 1 
0 1 1 0 1 1 1 1 1 0 1 0 1 0 1 1 
1 0 1 1 0 1 0 1 0 1 1 1 1 1 1 1 
1 0 1 1 0 1 1 1 1 1 1 1 1 1 1 0 
1 0 1 1 1 1 1 0 0 0 1 1 1 0 1 1 
0 1 1 1 1 1 0 1 1 1 1 1 0 1 1 1 
1 1 1 1 1 1 0 0 1 1 0 1 1 1 1 1 
OpenStacks: 10
Took 1.18 seconds

buffer: Instance 152
numCustomers: 10
numProducts: 16
1 1 0 1 1 1 1 1 1 1 1 1 1 1 1 1 
1 0 1 0 0 1 0 0 1 1 0 1 0 1 1 1 
1 1 0 0 0 1 0 1 1 0 1 0 0 0 1 1 
1 1 0 0 1 1 1 1 1 1 0 1 1 0 1 1 
0 1 1 1 1 1 1 0 0 0 1 0 1 0 1 1 
0 1 0 1 1 1 0 1 0 0 0 1 1 1 0 1 
1 1 0 1 0 1 1 1 1 1 1 0 1 0 1 0 
0 1 0 1 1 0 1 1 0 1 0 1 1 0 1 1 
1 1 1 1 0 1 1 1 1 1 0 0 1 1 0 0 
1 1 1 1 1 1 1 1 1 0 1 1 1 1 0 1 
Best sequence:
0 1 2 3 4 5 6 7 8 9 10 11 12 13 14 15 
1 1 0 1 1 1 1 1 1 1 1 1 1 1 1 1 
1 0 1 0 0 1 0 0 1 1 0 1 0 1 1 1 
1 1 0 0 0 1 0 1 1 0 1 0 0 0 1 1 
1 1 0 0 1 1 1 1 1 1 0 1 1 0 1 1 
0 1 1 1 1 1 1 0 0 0 1 0 1 0 1 1 
0 1 0 1 1 1 0 1 0 0 0 1 1 1 0 1 
1 1 0 1 0 1 1 1 1 1 1 0 1 0 1 0 
0 1 0 1 1 0 1 1 0 1 0 1 1 0 1 1 
1 1 1 1 0 1 1 1 1 1 0 0 1 1 0 0 
1 1 1 1 1 1 1 1 1 0 1 1 1 1 0 1 
OpenStacks: 10
Took 1.19 seconds

buffer: Instance 153
numCustomers: 10
numProducts: 16
1 1 1 0 1 1 1 1 1 1 1 0 1 1 1 1 
0 1 1 1 1 1 0 1 1 1 0 1 1 0 1 0 
1 1 1 1 0 1 0 1 1 0 1 1 1 1 1 1 
1 0 1 1 1 1 1 1 1 0 1 1 1 1 1 1 
1 1 1 1 1 0 1 0 1 0 1 0 1 1 1 0 
1 1 1 1 0 1 0 1 0 1 1 1 1 0 1 1 
1 1 0 1 0 1 1 1 0 1 1 1 0 0 1 1 
0 0 1 1 0 0 1 1 1 0 1 1 0 1 1 1 
0 1 0 0 1 1 1 1 1 1 1 1 1 1 1 0 
1 1 1 1 1 0 0 1 1 1 1 1 1 0 1 1 
Best sequence:
0 1 2 3 4 5 6 7 8 9 10 11 12 13 14 15 
1 1 1 0 1 1 1 1 1 1 1 0 1 1 1 1 
0 1 1 1 1 1 0 1 1 1 0 1 1 0 1 0 
1 1 1 1 0 1 0 1 1 0 1 1 1 1 1 1 
1 0 1 1 1 1 1 1 1 0 1 1 1 1 1 1 
1 1 1 1 1 0 1 0 1 0 1 0 1 1 1 0 
1 1 1 1 0 1 0 1 0 1 1 1 1 0 1 1 
1 1 0 1 0 1 1 1 0 1 1 1 0 0 1 1 
0 0 1 1 0 0 1 1 1 0 1 1 0 1 1 1 
0 1 0 0 1 1 1 1 1 1 1 1 1 1 1 0 
1 1 1 1 1 0 0 1 1 1 1 1 1 0 1 1 
OpenStacks: 10
Took 1.19 seconds

buffer: Instance 154
numCustomers: 10
numProducts: 16
1 1 1 1 1 1 1 1 1 1 0 0 0 1 0 1 
0 0 1 1 0 1 1 1 1 1 0 0 0 0 1 1 
0 1 1 1 0 1 0 1 1 1 1 1 1 0 1 1 
1 0 1 1 1 1 1 1 1 0 1 1 1 1 1 1 
0 0 1 0 1 1 1 1 1 1 1 1 1 1 1 1 
0 0 1 1 1 1 0 1 1 0 1 1 1 1 1 1 
1 1 1 1 0 1 1 0 0 1 0 1 0 1 1 1 
1 1 1 1 1 1 1 1 1 1 1 1 1 1 1 1 
1 1 0 0 1 1 1 1 1 0 1 1 1 0 1 1 
1 0 1 1 1 1 1 1 0 1 1 1 0 0 1 1 
Best sequence:
0 1 2 3 4 5 6 7 8 9 10 11 12 13 14 15 
1 1 1 1 1 1 1 1 1 1 0 0 0 1 0 1 
0 0 1 1 0 1 1 1 1 1 0 0 0 0 1 1 
0 1 1 1 0 1 0 1 1 1 1 1 1 0 1 1 
1 0 1 1 1 1 1 1 1 0 1 1 1 1 1 1 
0 0 1 0 1 1 1 1 1 1 1 1 1 1 1 1 
0 0 1 1 1 1 0 1 1 0 1 1 1 1 1 1 
1 1 1 1 0 1 1 0 0 1 0 1 0 1 1 1 
1 1 1 1 1 1 1 1 1 1 1 1 1 1 1 1 
1 1 0 0 1 1 1 1 1 0 1 1 1 0 1 1 
1 0 1 1 1 1 1 1 0 1 1 1 0 0 1 1 
OpenStacks: 10
Took 1.18 seconds

buffer: Instance 155
numCustomers: 10
numProducts: 16
0 0 1 1 0 1 1 0 1 1 0 0 1 1 1 1 
1 0 1 1 1 1 1 1 1 1 1 1 1 1 1 1 
1 1 0 1 1 1 1 1 0 0 1 1 1 1 1 1 
1 1 1 0 1 1 0 1 1 1 1 1 1 1 0 1 
1 1 0 1 1 1 1 1 1 1 1 0 1 1 1 1 
1 0 1 1 1 0 0 1 1 1 1 1 1 0 1 0 
1 1 1 1 1 0 0 0 1 1 1 1 1 1 1 1 
1 0 1 0 1 0 1 1 1 1 1 1 1 0 0 1 
1 1 1 0 1 1 1 1 1 1 1 1 1 1 1 0 
0 0 1 1 0 1 1 1 1 0 1 0 1 1 1 0 
Best sequence:
0 1 2 3 4 5 6 7 8 9 10 11 12 13 14 15 
0 0 1 1 0 1 1 0 1 1 0 0 1 1 1 1 
1 0 1 1 1 1 1 1 1 1 1 1 1 1 1 1 
1 1 0 1 1 1 1 1 0 0 1 1 1 1 1 1 
1 1 1 0 1 1 0 1 1 1 1 1 1 1 0 1 
1 1 0 1 1 1 1 1 1 1 1 0 1 1 1 1 
1 0 1 1 1 0 0 1 1 1 1 1 1 0 1 0 
1 1 1 1 1 0 0 0 1 1 1 1 1 1 1 1 
1 0 1 0 1 0 1 1 1 1 1 1 1 0 0 1 
1 1 1 0 1 1 1 1 1 1 1 1 1 1 1 0 
0 0 1 1 0 1 1 1 1 0 1 0 1 1 1 0 
OpenStacks: 10
Took 1.19 seconds

buffer: Instance 156
numCustomers: 10
numProducts: 16
1 0 1 1 1 1 1 1 0 1 1 1 1 1 1 1 
0 1 1 0 1 1 0 1 0 1 1 1 0 1 1 0 
1 1 1 1 1 1 1 1 1 1 1 1 0 0 0 1 
1 1 1 1 0 1 1 1 1 1 1 1 1 1 1 1 
1 0 1 1 0 1 1 0 1 0 1 1 1 1 1 1 
1 1 1 1 0 1 1 1 0 1 1 1 1 1 1 1 
1 0 1 1 1 0 1 1 1 0 1 1 1 1 1 1 
0 1 1 1 0 1 1 1 1 1 1 1 1 0 0 1 
1 0 0 1 0 1 0 0 1 0 0 1 1 1 1 1 
1 1 1 0 0 1 0 1 1 1 1 1 0 1 1 1 
Best sequence:
0 1 2 3 4 5 6 7 8 9 10 11 12 13 14 15 
1 0 1 1 1 1 1 1 0 1 1 1 1 1 1 1 
0 1 1 0 1 1 0 1 0 1 1 1 0 1 1 0 
1 1 1 1 1 1 1 1 1 1 1 1 0 0 0 1 
1 1 1 1 0 1 1 1 1 1 1 1 1 1 1 1 
1 0 1 1 0 1 1 0 1 0 1 1 1 1 1 1 
1 1 1 1 0 1 1 1 0 1 1 1 1 1 1 1 
1 0 1 1 1 0 1 1 1 0 1 1 1 1 1 1 
0 1 1 1 0 1 1 1 1 1 1 1 1 0 0 1 
1 0 0 1 0 1 0 0 1 0 0 1 1 1 1 1 
1 1 1 0 0 1 0 1 1 1 1 1 0 1 1 1 
OpenStacks: 10
Took 1.19 seconds

buffer: Instance 157
numCustomers: 10
numProducts: 16
1 1 0 0 0 1 0 0 1 1 1 1 1 0 0 1 
1 1 1 0 1 1 0 1 1 1 1 1 1 1 1 1 
1 1 1 0 1 0 1 0 0 1 1 0 0 1 1 1 
1 1 0 1 1 0 1 0 0 0 1 0 1 1 1 1 
1 1 0 1 0 1 1 1 1 1 1 1 1 1 0 1 
1 0 1 1 1 1 1 1 0 1 0 0 1 1 1 1 
0 1 0 0 1 1 1 1 1 1 0 1 1 1 0 1 
1 1 1 0 1 1 1 0 1 0 1 0 1 0 0 1 
1 1 0 1 1 0 1 1 1 1 1 1 0 1 1 0 
1 0 0 0 1 1 1 0 1 1 1 1 1 0 1 0 
Best sequence:
0 1 2 3 4 5 6 7 8 9 10 11 12 13 14 15 
1 1 0 0 0 1 0 0 1 1 1 1 1 0 0 1 
1 1 1 0 1 1 0 1 1 1 1 1 1 1 1 1 
1 1 1 0 1 0 1 0 0 1 1 0 0 1 1 1 
1 1 0 1 1 0 1 0 0 0 1 0 1 1 1 1 
1 1 0 1 0 1 1 1 1 1 1 1 1 1 0 1 
1 0 1 1 1 1 1 1 0 1 0 0 1 1 1 1 
0 1 0 0 1 1 1 1 1 1 0 1 1 1 0 1 
1 1 1 0 1 1 1 0 1 0 1 0 1 0 0 1 
1 1 0 1 1 0 1 1 1 1 1 1 0 1 1 0 
1 0 0 0 1 1 1 0 1 1 1 1 1 0 1 0 
OpenStacks: 10
Took 1.18 seconds

buffer: Instance 158
numCustomers: 10
numProducts: 16
1 0 1 1 1 1 1 1 1 1 1 1 1 1 1 1 
1 1 0 0 1 1 1 0 1 1 1 1 1 1 0 0 
1 0 1 0 0 1 1 1 1 1 1 1 1 0 0 0 
1 1 1 1 1 0 0 0 1 1 1 1 1 1 1 1 
0 0 1 1 0 1 1 1 1 0 1 1 1 1 1 1 
1 1 0 1 1 1 1 1 0 1 1 0 0 0 1 1 
1 1 1 1 1 1 0 0 1 0 1 1 0 1 0 1 
0 1 0 1 1 1 1 1 0 1 0 1 1 1 1 0 
1 1 1 1 0 1 1 1 1 0 1 1 1 1 1 0 
1 1 1 1 1 1 1 0 0 0 0 1 1 0 1 1 
Best sequence:
0 1 2 3 4 5 6 7 8 9 10 11 12 13 14 15 
1 0 1 1 1 1 1 1 1 1 1 1 1 1 1 1 
1 1 0 0 1 1 1 0 1 1 1 1 1 1 0 0 
1 0 1 0 0 1 1 1 1 1 1 1 1 0 0 0 
1 1 1 1 1 0 0 0 1 1 1 1 1 1 1 1 
0 0 1 1 0 1 1 1 1 0 1 1 1 1 1 1 
1 1 0 1 1 1 1 1 0 1 1 0 0 0 1 1 
1 1 1 1 1 1 0 0 1 0 1 1 0 1 0 1 
0 1 0 1 1 1 1 1 0 1 0 1 1 1 1 0 
1 1 1 1 0 1 1 1 1 0 1 1 1 1 1 0 
1 1 1 1 1 1 1 0 0 0 0 1 1 0 1 1 
OpenStacks: 10
Took 1.19 seconds

buffer: Instance 159
numCustomers: 10
numProducts: 16
1 1 1 1 0 1 1 1 1 1 0 1 1 1 1 1 
0 1 1 0 0 0 0 1 1 1 0 0 1 1 1 1 
1 1 1 0 1 1 1 1 0 0 1 1 1 1 1 0 
0 1 0 0 1 1 1 1 1 1 1 1 0 1 1 1 
1 0 1 0 1 1 0 1 1 0 1 1 1 1 0 0 
0 1 1 1 0 0 1 1 1 1 1 1 0 0 0 0 
1 1 1 1 1 1 1 1 1 1 1 1 0 1 1 1 
1 0 0 1 0 1 0 0 1 1 1 1 1 1 1 1 
1 1 0 0 1 0 1 1 0 0 1 0 0 0 1 1 
0 1 0 1 1 1 0 1 0 0 1 0 0 1 1 0 
Best sequence:
0 1 2 3 4 5 6 7 8 9 10 11 12 13 14 15 
1 1 1 1 0 1 1 1 1 1 0 1 1 1 1 1 
0 1 1 0 0 0 0 1 1 1 0 0 1 1 1 1 
1 1 1 0 1 1 1 1 0 0 1 1 1 1 1 0 
0 1 0 0 1 1 1 1 1 1 1 1 0 1 1 1 
1 0 1 0 1 1 0 1 1 0 1 1 1 1 0 0 
0 1 1 1 0 0 1 1 1 1 1 1 0 0 0 0 
1 1 1 1 1 1 1 1 1 1 1 1 0 1 1 1 
1 0 0 1 0 1 0 0 1 1 1 1 1 1 1 1 
1 1 0 0 1 0 1 1 0 0 1 0 0 0 1 1 
0 1 0 1 1 1 0 1 0 0 1 0 0 1 1 0 
OpenStacks: 10
Took 1.18 seconds

Solved: 10 instances
totalTime: 12.57 seconds
minTime: 1.18 seconds
maxTime: 1.9 seconds
Average: 1.257 seconds
