Solving by Dynamic Programming...
buffer: Instance 110
numCustomers: 10
numProducts: 12
1 1 1 1 0 1 1 1 1 1 1 1 
0 1 1 1 0 1 1 1 1 1 1 1 
1 1 0 0 1 1 1 1 1 1 1 0 
0 1 0 1 1 1 1 1 1 1 1 1 
1 1 1 1 1 1 0 1 1 1 1 1 
1 1 0 1 1 1 0 1 1 0 1 1 
1 0 1 1 1 1 0 1 0 0 1 1 
0 0 0 1 0 1 1 1 1 1 1 1 
1 1 1 1 1 1 1 1 1 1 1 1 
0 1 1 1 1 1 0 1 1 1 1 0 
Best Sequence: 
11 10 9 8 7 6 5 4 3 2 1 0 
1 1 1 1 1 1 1 0 1 1 1 1 
1 1 1 1 1 1 1 0 1 1 1 0 
0 1 1 1 1 1 1 1 0 0 1 1 
1 1 1 1 1 1 1 1 1 0 1 0 
1 1 1 1 1 0 1 1 1 1 1 1 
1 1 0 1 1 0 1 1 1 0 1 1 
1 1 0 0 1 0 1 1 1 1 0 1 
1 1 1 1 1 1 1 0 1 0 0 0 
1 1 1 1 1 1 1 1 1 1 1 1 
0 1 1 1 1 0 1 1 1 1 1 0 
OpenStacks: 10
Took 0.47 seconds

buffer: Instance 111
numCustomers: 10
numProducts: 12
1 1 1 1 1 1 1 1 1 1 1 1 
1 1 1 1 1 1 1 0 1 1 1 1 
1 1 1 1 0 1 0 1 1 1 1 0 
1 1 1 1 0 0 1 1 1 1 1 1 
1 1 0 0 1 0 0 0 0 1 1 1 
1 1 1 1 1 1 1 0 1 1 0 0 
1 1 1 1 1 1 1 1 1 1 1 1 
0 1 1 1 1 1 1 1 1 1 0 1 
1 0 0 1 1 0 1 1 1 1 1 1 
1 1 1 1 1 0 0 0 1 1 1 0 
Best Sequence: 
11 10 9 8 7 6 5 4 3 2 1 0 
1 1 1 1 1 1 1 1 1 1 1 1 
1 1 1 1 0 1 1 1 1 1 1 1 
0 1 1 1 1 0 1 0 1 1 1 1 
1 1 1 1 1 1 0 0 1 1 1 1 
1 1 1 0 0 0 0 1 0 0 1 1 
0 0 1 1 0 1 1 1 1 1 1 1 
1 1 1 1 1 1 1 1 1 1 1 1 
1 0 1 1 1 1 1 1 1 1 1 0 
1 1 1 1 1 1 0 1 1 0 0 1 
0 1 1 1 0 0 0 1 1 1 1 1 
OpenStacks: 10
Took 0.48 seconds

buffer: Instance 112
numCustomers: 10
numProducts: 12
1 1 1 1 1 1 1 0 1 1 1 1 
1 1 1 1 1 1 1 1 0 1 1 1 
0 0 1 1 1 1 1 1 1 1 1 0 
1 1 1 1 1 1 1 1 1 1 1 1 
1 0 1 1 1 1 1 1 1 1 0 1 
1 0 1 1 0 0 1 1 1 1 1 0 
1 1 0 0 1 1 1 0 1 1 1 0 
0 1 1 1 0 0 1 1 0 1 1 1 
0 0 1 1 1 1 1 0 0 1 1 1 
1 1 1 1 1 1 1 1 0 1 0 1 
Best Sequence: 
11 10 9 8 7 6 5 4 3 2 1 0 
1 1 1 1 0 1 1 1 1 1 1 1 
1 1 1 0 1 1 1 1 1 1 1 1 
0 1 1 1 1 1 1 1 1 1 0 0 
1 1 1 1 1 1 1 1 1 1 1 1 
1 0 1 1 1 1 1 1 1 1 0 1 
0 1 1 1 1 1 0 0 1 1 0 1 
0 1 1 1 0 1 1 1 0 0 1 1 
1 1 1 0 1 1 0 0 1 1 1 0 
1 1 1 0 0 1 1 1 1 1 0 0 
1 0 1 0 1 1 1 1 1 1 1 1 
OpenStacks: 10
Took 0.47 seconds

buffer: Instance 113
numCustomers: 10
numProducts: 12
1 1 1 0 1 1 1 1 1 1 1 1 
1 1 1 1 1 0 1 1 1 1 1 1 
0 1 1 1 1 1 0 1 1 1 1 1 
0 1 1 1 1 1 1 1 1 1 0 1 
1 0 1 1 1 0 1 1 1 1 1 0 
1 1 0 0 0 1 0 1 1 1 1 1 
1 0 0 1 1 1 1 1 1 1 1 0 
1 1 1 1 1 0 1 0 0 1 1 1 
1 1 1 1 1 0 0 1 1 1 1 0 
1 0 1 1 1 0 1 1 1 1 0 1 
Best Sequence: 
11 10 9 8 7 6 5 4 3 2 1 0 
1 1 1 1 1 1 1 1 0 1 1 1 
1 1 1 1 1 1 0 1 1 1 1 1 
1 1 1 1 1 0 1 1 1 1 1 0 
1 0 1 1 1 1 1 1 1 1 1 0 
0 1 1 1 1 1 0 1 1 1 0 1 
1 1 1 1 1 0 1 0 0 0 1 1 
0 1 1 1 1 1 1 1 1 0 0 1 
1 1 1 0 0 1 0 1 1 1 1 1 
0 1 1 1 1 0 0 1 1 1 1 1 
1 0 1 1 1 1 0 1 1 1 0 1 
OpenStacks: 10
Took 0.48 seconds

buffer: Instance 114
numCustomers: 10
numProducts: 12
1 1 1 0 1 0 1 1 1 1 1 0 
1 0 0 1 1 1 1 1 1 0 1 1 
1 1 0 1 1 0 0 1 1 1 1 1 
1 1 1 1 1 1 1 1 1 1 1 1 
1 1 0 1 1 1 1 1 1 1 1 0 
1 1 1 1 1 1 1 0 0 0 0 1 
1 1 0 1 1 0 0 1 1 1 0 1 
0 0 0 1 1 1 1 1 1 1 1 1 
1 1 1 1 1 1 0 1 0 1 1 0 
1 0 1 0 1 1 1 1 1 0 1 1 
Best Sequence: 
11 10 9 8 7 6 5 4 3 2 1 0 
0 1 1 1 1 1 0 1 0 1 1 1 
1 1 0 1 1 1 1 1 1 0 0 1 
1 1 1 1 1 0 0 1 1 0 1 1 
1 1 1 1 1 1 1 1 1 1 1 1 
0 1 1 1 1 1 1 1 1 0 1 1 
1 0 0 0 0 1 1 1 1 1 1 1 
1 0 1 1 1 0 0 1 1 0 1 1 
1 1 1 1 1 1 1 1 1 0 0 0 
0 1 1 0 1 0 1 1 1 1 1 1 
1 1 0 1 1 1 1 1 0 1 0 1 
OpenStacks: 10
Took 0.47 seconds

buffer: Instance 115
numCustomers: 10
numProducts: 12
1 0 0 1 1 1 1 0 1 1 0 1 
1 1 1 1 1 0 1 0 0 1 0 0 
0 1 1 1 1 1 1 1 0 0 0 1 
1 1 1 0 1 1 1 1 1 1 1 0 
0 1 1 0 0 1 1 1 0 0 1 1 
1 1 1 1 1 0 1 1 0 1 1 1 
1 0 1 1 1 1 1 0 1 0 1 1 
1 0 1 1 0 1 1 1 1 0 0 1 
1 0 1 0 1 1 1 1 1 1 1 0 
1 0 1 1 0 0 1 0 1 1 1 1 
Best Sequence: 
11 10 9 8 7 6 5 4 3 2 1 0 
1 0 1 1 0 1 1 1 1 0 0 1 
0 0 1 0 0 1 0 1 1 1 1 1 
1 0 0 0 1 1 1 1 1 1 1 0 
0 1 1 1 1 1 1 1 0 1 1 1 
1 1 0 0 1 1 1 0 0 1 1 0 
1 1 1 0 1 1 0 1 1 1 1 1 
1 1 0 1 0 1 1 1 1 1 0 1 
1 0 0 1 1 1 1 0 1 1 0 1 
0 1 1 1 1 1 1 1 0 1 0 1 
1 1 1 1 0 1 0 0 1 1 0 1 
OpenStacks: 10
Took 0.48 seconds

buffer: Instance 116
numCustomers: 10
numProducts: 12
1 1 0 1 1 1 1 1 0 1 0 1 
1 1 1 1 0 0 1 1 0 1 1 1 
1 1 0 0 1 1 1 1 1 0 0 1 
0 1 1 1 1 1 0 0 0 1 1 1 
0 1 1 1 1 0 1 1 1 1 1 1 
1 1 1 1 1 0 1 0 0 1 1 1 
1 1 1 1 1 1 0 1 1 1 1 1 
1 1 1 1 1 0 1 0 1 1 1 1 
1 1 1 1 1 1 0 1 1 1 1 1 
0 1 1 0 1 1 1 1 0 1 1 1 
Best Sequence: 
11 10 9 8 7 6 5 4 3 2 1 0 
1 0 1 0 1 1 1 1 1 0 1 1 
1 1 1 0 1 1 0 0 1 1 1 1 
1 0 0 1 1 1 1 1 0 0 1 1 
1 1 1 0 0 0 1 1 1 1 1 0 
1 1 1 1 1 1 0 1 1 1 1 0 
1 1 1 0 0 1 0 1 1 1 1 1 
1 1 1 1 1 0 1 1 1 1 1 1 
1 1 1 1 0 1 0 1 1 1 1 1 
1 1 1 1 1 0 1 1 1 1 1 1 
1 1 1 0 1 1 1 1 0 1 1 0 
OpenStacks: 10
Took 0.48 seconds

buffer: Instance 117
numCustomers: 10
numProducts: 12
1 1 1 1 1 0 1 1 1 1 1 1 
1 1 1 1 1 1 1 1 1 1 1 1 
1 1 1 1 1 0 0 1 1 1 1 0 
0 1 1 1 1 1 0 1 1 0 0 1 
1 1 1 1 1 1 1 1 1 1 1 0 
1 1 0 1 1 1 1 1 0 1 1 1 
1 1 1 1 1 0 1 1 1 1 0 1 
1 1 1 0 1 1 1 1 1 0 1 1 
1 1 0 0 1 1 1 1 1 1 1 1 
1 1 1 1 0 0 1 0 1 1 1 1 
Best Sequence: 
11 10 9 8 7 6 5 4 3 2 1 0 
1 1 1 1 1 1 0 1 1 1 1 1 
1 1 1 1 1 1 1 1 1 1 1 1 
0 1 1 1 1 0 0 1 1 1 1 1 
1 0 0 1 1 0 1 1 1 1 1 0 
0 1 1 1 1 1 1 1 1 1 1 1 
1 1 1 0 1 1 1 1 1 0 1 1 
1 0 1 1 1 1 0 1 1 1 1 1 
1 1 0 1 1 1 1 1 0 1 1 1 
1 1 1 1 1 1 1 1 0 0 1 1 
1 1 1 1 0 1 0 0 1 1 1 1 
OpenStacks: 10
Took 0.47 seconds

buffer: Instance 118
numCustomers: 10
numProducts: 12
1 1 1 1 1 1 1 1 0 1 1 1 
1 1 1 0 1 1 1 1 0 1 1 1 
1 1 1 1 1 1 0 1 1 1 0 1 
1 0 1 0 0 0 1 1 1 1 1 1 
1 0 1 1 1 1 1 1 1 0 1 1 
1 1 1 1 0 1 1 1 1 1 0 1 
1 1 1 0 1 0 1 1 1 1 0 1 
1 0 1 1 0 0 1 1 1 0 1 1 
1 1 0 1 1 1 1 1 1 1 1 1 
1 1 1 1 0 0 1 0 1 1 1 1 
Best Sequence: 
11 10 9 8 7 6 5 4 3 2 1 0 
1 1 1 0 1 1 1 1 1 1 1 1 
1 1 1 0 1 1 1 1 0 1 1 1 
1 0 1 1 1 0 1 1 1 1 1 1 
1 1 1 1 1 1 0 0 0 1 0 1 
1 1 0 1 1 1 1 1 1 1 0 1 
1 0 1 1 1 1 1 0 1 1 1 1 
1 0 1 1 1 1 0 1 0 1 1 1 
1 1 0 1 1 1 0 0 1 1 0 1 
1 1 1 1 1 1 1 1 1 0 1 1 
1 1 1 1 0 1 0 0 1 1 1 1 
OpenStacks: 10
Took 0.48 seconds

buffer: Instance 119
numCustomers: 10
numProducts: 12
1 1 1 1 0 0 0 1 1 1 1 0 
1 1 1 1 0 1 1 1 1 1 1 1 
1 1 1 1 1 1 1 1 1 1 1 0 
1 1 1 0 1 0 1 0 1 0 1 1 
1 1 1 1 0 1 1 1 0 1 0 1 
1 0 1 1 0 0 1 1 0 1 1 1 
0 1 0 1 0 1 1 1 1 1 0 0 
0 1 1 1 1 1 1 1 1 1 1 1 
0 0 1 1 1 1 1 0 1 1 1 0 
1 1 0 1 1 1 1 1 1 1 1 1 
Best Sequence: 
11 10 9 8 7 6 5 4 3 2 1 0 
0 1 1 1 1 0 0 0 1 1 1 1 
1 1 1 1 1 1 1 0 1 1 1 1 
0 1 1 1 1 1 1 1 1 1 1 1 
1 1 0 1 0 1 0 1 0 1 1 1 
1 0 1 0 1 1 1 0 1 1 1 1 
1 1 1 0 1 1 0 0 1 1 0 1 
0 0 1 1 1 1 1 0 1 0 1 0 
1 1 1 1 1 1 1 1 1 1 1 0 
0 1 1 1 0 1 1 1 1 1 0 0 
1 1 1 1 1 1 1 1 1 0 1 1 
OpenStacks: 10
Took 0.48 seconds

Solved: 10 instances
totalTime: 4.76 seconds
minTime: 0.47 seconds
maxTime: 0.48 seconds
Average: 0.476 seconds
