Solving by Dynamic Programming...
buffer: Instance 130
numCustomers: 10
numProducts: 14
1 1 1 1 1 0 1 1 1 0 1 0 1 0 
1 1 0 0 1 1 1 1 0 0 1 1 0 1 
1 1 1 1 1 1 1 0 0 0 0 1 1 1 
1 1 0 1 0 1 1 0 1 1 0 1 0 1 
1 1 1 1 1 1 0 1 0 1 1 0 0 1 
0 1 1 1 1 1 1 0 1 1 1 0 1 1 
1 1 1 1 0 0 0 1 1 1 0 0 1 1 
0 1 0 1 1 0 1 0 0 1 1 1 0 1 
1 1 0 1 1 0 1 1 1 1 1 1 0 1 
1 1 1 0 1 0 1 1 0 1 1 1 1 1 
Best Sequence: 
13 12 11 10 9 8 7 6 5 4 3 2 1 0 
0 1 0 1 0 1 1 1 0 1 1 1 1 1 
1 0 1 1 0 0 1 1 1 1 0 0 1 1 
1 1 1 0 0 0 0 1 1 1 1 1 1 1 
1 0 1 0 1 1 0 1 1 0 1 0 1 1 
1 0 0 1 1 0 1 0 1 1 1 1 1 1 
1 1 0 1 1 1 0 1 1 1 1 1 1 0 
1 1 0 0 1 1 1 0 0 0 1 1 1 1 
1 0 1 1 1 0 0 1 0 1 1 0 1 0 
1 0 1 1 1 1 1 1 0 1 1 0 1 1 
1 1 1 1 1 0 1 1 0 1 0 1 1 1 
OpenStacks: 10
Took 2.49 seconds

buffer: Instance 131
numCustomers: 10
numProducts: 14
0 1 0 0 1 1 1 1 0 1 1 1 0 0 
1 1 0 1 1 1 1 0 1 1 1 1 1 1 
1 1 0 0 1 0 0 0 1 1 1 1 1 1 
1 0 1 1 1 1 1 1 0 1 1 0 1 0 
1 1 1 1 1 1 1 1 1 0 1 0 1 1 
0 1 1 1 1 1 0 1 1 1 1 1 1 1 
0 1 0 1 0 1 1 1 1 1 1 1 1 0 
1 1 1 1 1 1 1 1 0 1 0 0 0 1 
0 0 1 1 1 1 0 1 1 1 1 1 1 1 
1 1 0 0 0 1 0 1 1 1 1 0 1 0 
Best Sequence: 
13 12 11 10 9 8 7 6 5 4 3 2 1 0 
0 0 1 1 1 0 1 1 1 1 0 0 1 0 
1 1 1 1 1 1 0 1 1 1 1 0 1 1 
1 1 1 1 1 1 0 0 0 1 0 0 1 1 
0 1 0 1 1 0 1 1 1 1 1 1 0 1 
1 1 0 1 0 1 1 1 1 1 1 1 1 1 
1 1 1 1 1 1 1 0 1 1 1 1 1 0 
0 1 1 1 1 1 1 1 1 0 1 0 1 0 
1 0 0 0 1 0 1 1 1 1 1 1 1 1 
1 1 1 1 1 1 1 0 1 1 1 1 0 0 
0 1 0 1 1 1 1 0 1 0 0 0 1 1 
OpenStacks: 10
Took 2.49 seconds

buffer: Instance 132
numCustomers: 10
numProducts: 14
1 0 1 1 1 1 1 0 1 0 1 0 1 0 
1 1 1 1 0 1 1 1 0 1 1 1 1 1 
0 1 1 0 1 1 0 0 1 1 1 1 1 1 
1 0 1 0 0 1 1 1 0 1 1 1 1 1 
0 1 0 1 1 0 0 1 1 1 1 1 1 1 
1 1 1 1 0 1 1 1 1 1 1 0 1 1 
1 1 1 1 1 1 1 0 1 1 1 1 1 0 
1 1 1 1 1 1 0 0 1 0 0 0 1 0 
1 1 1 1 0 1 1 0 1 1 1 1 1 0 
1 1 1 1 1 1 1 1 1 0 1 1 1 0 
Best Sequence: 
13 12 11 10 9 8 7 6 5 4 3 2 1 0 
0 1 0 1 0 1 0 1 1 1 1 1 0 1 
1 1 1 1 1 0 1 1 1 0 1 1 1 1 
1 1 1 1 1 1 0 0 1 1 0 1 1 0 
1 1 1 1 1 0 1 1 1 0 0 1 0 1 
1 1 1 1 1 1 1 0 0 1 1 0 1 0 
1 1 0 1 1 1 1 1 1 0 1 1 1 1 
0 1 1 1 1 1 0 1 1 1 1 1 1 1 
0 1 0 0 0 1 0 0 1 1 1 1 1 1 
0 1 1 1 1 1 0 1 1 0 1 1 1 1 
0 1 1 1 0 1 1 1 1 1 1 1 1 1 
OpenStacks: 10
Took 2.48 seconds

buffer: Instance 133
numCustomers: 10
numProducts: 14
1 1 0 0 1 1 1 0 1 1 1 1 1 1 
1 1 1 1 0 1 1 1 0 1 1 0 1 1 
1 1 1 1 0 1 1 1 1 1 1 0 0 1 
1 0 1 1 0 1 1 0 1 1 0 1 1 1 
0 1 1 1 1 1 0 1 0 1 0 1 1 1 
1 1 0 1 1 1 1 1 1 1 1 0 1 1 
0 1 1 1 1 1 1 1 1 1 1 1 1 1 
1 0 0 1 1 0 1 1 1 1 0 1 1 1 
1 1 1 1 1 1 1 1 1 1 1 1 1 1 
0 1 0 1 1 1 1 1 0 1 1 0 0 1 
Best Sequence: 
13 12 11 10 9 8 7 6 5 4 3 2 1 0 
1 1 1 1 1 1 0 1 1 1 0 0 1 1 
1 1 0 1 1 0 1 1 1 0 1 1 1 1 
1 0 0 1 1 1 1 1 1 0 1 1 1 1 
1 1 1 0 1 1 0 1 1 0 1 1 0 1 
1 1 1 0 1 0 1 0 1 1 1 1 1 0 
1 1 0 1 1 1 1 1 1 1 1 0 1 1 
1 1 1 1 1 1 1 1 1 1 1 1 1 0 
1 1 1 0 1 1 1 1 0 1 1 0 0 1 
1 1 1 1 1 1 1 1 1 1 1 1 1 1 
1 0 0 1 1 0 1 1 1 1 1 0 1 0 
OpenStacks: 10
Took 2.5 seconds

buffer: Instance 134
numCustomers: 10
numProducts: 14
1 1 1 0 1 1 1 1 0 1 1 1 1 1 
1 1 1 1 0 1 1 1 1 1 1 1 1 1 
1 1 1 1 1 1 1 1 1 1 1 1 1 1 
1 1 0 1 1 1 0 1 1 1 1 1 0 1 
1 0 1 1 0 1 1 1 1 1 1 1 1 1 
0 0 1 1 1 1 1 1 1 0 1 1 1 1 
1 1 0 0 1 1 1 1 1 1 1 0 0 1 
0 1 1 1 0 1 1 1 1 1 1 1 1 1 
1 1 0 0 0 0 0 1 1 0 1 0 0 1 
1 1 1 1 1 1 1 1 0 1 1 0 0 1 
Best Sequence: 
13 12 11 10 9 8 7 6 5 4 3 2 1 0 
1 1 1 1 1 0 1 1 1 1 0 1 1 1 
1 1 1 1 1 1 1 1 1 0 1 1 1 1 
1 1 1 1 1 1 1 1 1 1 1 1 1 1 
1 0 1 1 1 1 1 0 1 1 1 0 1 1 
1 1 1 1 1 1 1 1 1 0 1 1 0 1 
1 1 1 1 0 1 1 1 1 1 1 1 0 0 
1 0 0 1 1 1 1 1 1 1 0 0 1 1 
1 1 1 1 1 1 1 1 1 0 1 1 1 0 
1 0 0 1 0 1 1 0 0 0 0 0 1 1 
1 0 0 1 1 0 1 1 1 1 1 1 1 1 
OpenStacks: 10
Took 2.48 seconds

buffer: Instance 135
numCustomers: 10
numProducts: 14
1 1 1 1 0 1 0 0 0 1 0 1 0 1 
1 1 1 1 1 1 1 1 1 1 1 1 1 1 
1 1 1 1 1 0 1 1 1 0 1 0 1 1 
1 1 0 0 1 0 1 1 0 1 1 0 1 1 
1 1 1 0 0 0 1 1 0 1 1 1 1 1 
0 1 1 1 1 0 1 1 1 1 1 1 1 1 
1 1 1 1 1 1 1 0 1 1 1 1 1 1 
1 1 1 1 0 0 0 1 1 1 0 1 1 1 
1 0 1 0 1 1 0 1 1 1 0 1 1 1 
1 0 1 1 0 0 1 1 1 0 1 1 1 1 
Best Sequence: 
13 12 11 10 9 8 7 6 5 4 3 2 1 0 
1 0 1 0 1 0 0 0 1 0 1 1 1 1 
1 1 1 1 1 1 1 1 1 1 1 1 1 1 
1 1 0 1 0 1 1 1 0 1 1 1 1 1 
1 1 0 1 1 0 1 1 0 1 0 0 1 1 
1 1 1 1 1 0 1 1 0 0 0 1 1 1 
1 1 1 1 1 1 1 1 0 1 1 1 1 0 
1 1 1 1 1 1 0 1 1 1 1 1 1 1 
1 1 1 0 1 1 1 0 0 0 1 1 1 1 
1 1 1 0 1 1 1 0 1 1 0 1 0 1 
1 1 1 1 0 1 1 1 0 0 1 1 0 1 
OpenStacks: 10
Took 2.49 seconds

buffer: Instance 136
numCustomers: 10
numProducts: 14
1 1 0 1 1 0 1 1 1 1 1 1 1 0 
0 0 1 1 1 1 1 1 0 1 1 1 0 1 
1 1 1 1 1 1 1 0 1 1 1 1 0 0 
0 1 1 0 1 1 1 0 1 1 1 1 0 1 
0 0 1 1 1 0 1 1 1 1 1 1 1 1 
1 0 1 1 1 1 0 0 0 0 1 1 0 1 
0 0 1 1 0 1 1 0 1 0 1 1 1 1 
0 1 1 1 1 1 1 1 1 1 1 1 1 1 
0 0 1 0 1 1 1 0 1 1 1 1 1 0 
0 1 0 1 1 1 1 1 1 1 1 1 1 1 
Best Sequence: 
13 12 11 10 9 8 7 6 5 4 3 2 1 0 
0 1 1 1 1 1 1 1 0 1 1 0 1 1 
1 0 1 1 1 0 1 1 1 1 1 1 0 0 
0 0 1 1 1 1 0 1 1 1 1 1 1 1 
1 0 1 1 1 1 0 1 1 1 0 1 1 0 
1 1 1 1 1 1 1 1 0 1 1 1 0 0 
1 0 1 1 0 0 0 0 1 1 1 1 0 1 
1 1 1 1 0 1 0 1 1 0 1 1 0 0 
1 1 1 1 1 1 1 1 1 1 1 1 1 0 
0 1 1 1 1 1 0 1 1 1 0 1 0 0 
1 1 1 1 1 1 1 1 1 1 1 0 1 0 
OpenStacks: 10
Took 2.46 seconds

buffer: Instance 137
numCustomers: 10
numProducts: 14
1 0 1 1 0 1 0 1 1 1 1 1 1 0 
1 1 1 1 1 0 1 1 1 0 0 1 1 1 
1 1 1 0 1 1 1 1 0 1 0 1 0 1 
1 1 1 1 1 0 1 1 1 0 1 1 1 1 
0 0 0 1 0 0 0 1 1 0 1 0 0 1 
0 0 1 1 1 1 1 1 0 1 1 0 0 1 
0 1 1 0 1 0 1 1 1 1 0 1 1 1 
0 1 1 0 1 1 0 1 1 1 1 1 1 1 
1 1 1 0 1 1 1 1 0 0 0 0 1 1 
1 1 1 1 1 1 1 1 1 1 1 1 0 1 
Best Sequence: 
13 12 11 10 9 8 7 6 5 4 3 2 1 0 
0 1 1 1 1 1 1 0 1 0 1 1 0 1 
1 1 1 0 0 1 1 1 0 1 1 1 1 1 
1 0 1 0 1 0 1 1 1 1 0 1 1 1 
1 1 1 1 0 1 1 1 0 1 1 1 1 1 
1 0 0 1 0 1 1 0 0 0 1 0 0 0 
1 0 0 1 1 0 1 1 1 1 1 1 0 0 
1 1 1 0 1 1 1 1 0 1 0 1 1 0 
1 1 1 1 1 1 1 0 1 1 0 1 1 0 
1 1 0 0 0 0 1 1 1 1 0 1 1 1 
1 0 1 1 1 1 1 1 1 1 1 1 1 1 
OpenStacks: 10
Took 2.49 seconds

buffer: Instance 138
numCustomers: 10
numProducts: 14
1 1 1 1 0 1 1 1 1 1 1 1 0 1 
1 0 1 1 1 1 1 0 0 1 0 1 0 1 
0 1 1 1 1 0 1 1 1 1 1 1 1 1 
1 1 1 1 1 1 1 1 0 1 1 1 1 1 
0 1 0 0 1 1 0 0 1 1 1 0 0 1 
1 1 1 0 0 1 1 1 1 1 0 0 1 1 
1 1 1 1 1 1 1 1 0 1 1 1 1 1 
1 0 1 0 0 1 1 1 1 1 0 1 1 1 
1 0 0 1 1 1 1 1 1 1 1 1 1 1 
0 1 1 1 0 1 0 1 0 1 1 1 1 0 
Best Sequence: 
13 12 11 10 9 8 7 6 5 4 3 2 1 0 
1 0 1 1 1 1 1 1 1 0 1 1 1 1 
1 0 1 0 1 0 0 1 1 1 1 1 0 1 
1 1 1 1 1 1 1 1 0 1 1 1 1 0 
1 1 1 1 1 0 1 1 1 1 1 1 1 1 
1 0 0 1 1 1 0 0 1 1 0 0 1 0 
1 1 0 0 1 1 1 1 1 0 0 1 1 1 
1 1 1 1 1 0 1 1 1 1 1 1 1 1 
1 1 1 0 1 1 1 1 1 0 0 1 0 1 
1 1 1 1 1 1 1 1 1 1 1 0 0 1 
0 1 1 1 1 0 1 0 1 0 1 1 1 0 
OpenStacks: 10
Took 2.49 seconds

buffer: Instance 139
numCustomers: 10
numProducts: 14
1 0 1 1 0 0 0 1 1 1 1 0 0 0 
0 1 1 1 0 1 1 1 1 1 1 1 1 0 
1 0 1 0 0 1 1 1 1 1 1 1 1 1 
1 1 0 1 0 1 0 0 1 1 0 0 0 0 
0 0 0 1 1 1 1 1 1 1 1 0 1 1 
1 1 1 0 1 1 1 1 0 1 0 0 0 1 
0 0 0 0 1 1 1 1 0 1 1 1 0 0 
1 1 0 0 0 1 1 1 1 1 1 1 1 1 
0 1 1 0 1 1 0 1 0 1 1 1 1 0 
1 1 1 1 1 1 1 1 1 0 0 1 0 1 
Best Sequence: 
13 12 11 10 9 8 7 6 5 4 3 2 1 0 
0 0 0 1 1 1 1 0 0 0 1 1 0 1 
0 1 1 1 1 1 1 1 1 0 1 1 1 0 
1 1 1 1 1 1 1 1 1 0 0 1 0 1 
0 0 0 0 1 1 0 0 1 0 1 0 1 1 
1 1 0 1 1 1 1 1 1 1 1 0 0 0 
1 0 0 0 1 0 1 1 1 1 0 1 1 1 
0 0 1 1 1 0 1 1 1 1 0 0 0 0 
1 1 1 1 1 1 1 1 1 0 0 0 1 1 
0 1 1 1 1 0 1 0 1 1 0 1 1 0 
1 0 1 0 0 1 1 1 1 1 1 1 1 1 
OpenStacks: 10
Took 2.49 seconds

Solved: 10 instances
totalTime: 24.86 seconds
minTime: 2.46 seconds
maxTime: 2.5 seconds
Average: 2.486 seconds
