Solving by Brute Force...
buffer: Instance 100
numCustomers: 10
numProducts: 11
0 1 0 1 1 1 0 0 0 0 1 
1 1 0 1 1 1 0 1 1 1 1 
1 1 1 1 1 1 1 1 0 1 1 
1 0 0 1 1 1 1 1 1 1 1 
0 0 0 0 0 1 1 1 1 1 1 
1 0 0 0 1 0 1 1 1 1 0 
1 1 1 1 1 1 1 1 0 1 1 
1 0 1 1 1 1 1 1 1 0 1 
1 1 1 1 1 0 1 1 1 1 1 
1 1 1 1 1 1 0 0 1 1 1 
Best Sequence: 
10 0 1 2 3 4 5 6 7 8 9 
1 0 1 0 1 1 1 0 0 0 0 
1 1 1 0 1 1 1 0 1 1 1 
1 1 1 1 1 1 1 1 1 0 1 
1 1 0 0 1 1 1 1 1 1 1 
1 0 0 0 0 0 1 1 1 1 1 
0 1 0 0 0 1 0 1 1 1 1 
1 1 1 1 1 1 1 1 1 0 1 
1 1 0 1 1 1 1 1 1 1 0 
1 1 1 1 1 1 0 1 1 1 1 
1 1 1 1 1 1 1 0 0 1 1 
OpenStacks: 10
Took 260.99 seconds

buffer: Instance 101
numCustomers: 10
numProducts: 11
0 1 1 1 1 1 1 1 0 0 0 
1 1 1 1 1 1 1 1 1 1 0 
1 1 1 1 1 1 1 0 1 0 1 
0 0 1 1 1 1 0 1 1 0 1 
1 1 0 1 0 1 1 1 1 1 1 
1 0 1 0 0 1 1 1 1 1 1 
1 1 1 1 1 1 0 1 1 1 1 
1 1 1 1 1 1 1 0 1 1 0 
1 1 1 1 1 1 1 0 1 0 1 
1 0 0 1 1 1 1 1 1 1 1 
Best Sequence: 
10 0 1 2 3 4 5 6 7 8 9 
0 0 1 1 1 1 1 1 1 0 0 
0 1 1 1 1 1 1 1 1 1 1 
1 1 1 1 1 1 1 1 0 1 0 
1 0 0 1 1 1 1 0 1 1 0 
1 1 1 0 1 0 1 1 1 1 1 
1 1 0 1 0 0 1 1 1 1 1 
1 1 1 1 1 1 1 0 1 1 1 
0 1 1 1 1 1 1 1 0 1 1 
1 1 1 1 1 1 1 1 0 1 0 
1 1 0 0 1 1 1 1 1 1 1 
OpenStacks: 10
Took 259.59 seconds

buffer: Instance 102
numCustomers: 10
numProducts: 11
1 1 1 0 1 0 1 0 1 1 0 
0 1 1 1 1 1 1 1 1 0 0 
0 1 1 1 1 1 0 1 1 1 0 
1 1 1 0 1 1 1 0 1 1 0 
0 0 1 1 0 1 0 1 1 1 1 
1 0 1 1 1 0 1 0 1 1 1 
0 1 1 1 1 1 1 1 1 1 0 
1 1 1 1 1 0 1 1 1 1 0 
0 0 1 1 1 1 1 0 1 1 1 
1 1 0 1 0 0 1 1 1 1 1 
Best Sequence: 
10 0 1 2 3 4 5 6 7 8 9 
0 1 1 1 0 1 0 1 0 1 1 
0 0 1 1 1 1 1 1 1 1 0 
0 0 1 1 1 1 1 0 1 1 1 
0 1 1 1 0 1 1 1 0 1 1 
1 0 0 1 1 0 1 0 1 1 1 
1 1 0 1 1 1 0 1 0 1 1 
0 0 1 1 1 1 1 1 1 1 1 
0 1 1 1 1 1 0 1 1 1 1 
1 0 0 1 1 1 1 1 0 1 1 
1 1 1 0 1 0 0 1 1 1 1 
OpenStacks: 10
Took 260.96 seconds

buffer: Instance 103
numCustomers: 10
numProducts: 11
0 1 1 0 0 1 1 1 1 0 0 
1 0 0 1 0 1 1 1 1 1 1 
1 1 1 1 1 0 1 1 1 0 0 
1 1 1 0 0 1 1 1 1 1 1 
0 0 1 1 1 1 0 0 1 1 1 
1 1 1 1 1 0 0 1 1 1 0 
1 0 0 1 1 1 1 1 1 0 0 
1 1 1 0 0 0 1 1 1 1 1 
0 0 1 1 1 1 0 1 1 1 1 
0 1 1 0 1 0 0 0 0 1 1 
Best Sequence: 
10 0 1 2 3 4 5 6 7 8 9 
0 0 1 1 0 0 1 1 1 1 0 
1 1 0 0 1 0 1 1 1 1 1 
0 1 1 1 1 1 0 1 1 1 0 
1 1 1 1 0 0 1 1 1 1 1 
1 0 0 1 1 1 1 0 0 1 1 
0 1 1 1 1 1 0 0 1 1 1 
0 1 0 0 1 1 1 1 1 1 0 
1 1 1 1 0 0 0 1 1 1 1 
1 0 0 1 1 1 1 0 1 1 1 
1 0 1 1 0 1 0 0 0 0 1 
OpenStacks: 10
Took 263.04 seconds

buffer: Instance 104
numCustomers: 10
numProducts: 11
0 1 0 1 0 1 1 1 0 1 0 
0 1 1 1 1 1 1 0 1 1 0 
1 1 0 0 1 1 1 0 1 1 1 
1 1 1 0 1 0 0 1 1 1 0 
1 0 1 1 1 1 1 1 1 1 0 
1 1 0 0 0 1 1 1 1 1 1 
0 1 1 1 1 1 1 0 1 1 1 
0 1 0 1 1 1 0 1 0 1 1 
1 1 1 0 1 1 1 0 1 1 0 
1 1 1 1 1 1 1 1 1 1 1 
Best Sequence: 
10 0 1 2 3 4 5 6 7 8 9 
0 0 1 0 1 0 1 1 1 0 1 
0 0 1 1 1 1 1 1 0 1 1 
1 1 1 0 0 1 1 1 0 1 1 
0 1 1 1 0 1 0 0 1 1 1 
0 1 0 1 1 1 1 1 1 1 1 
1 1 1 0 0 0 1 1 1 1 1 
1 0 1 1 1 1 1 1 0 1 1 
1 0 1 0 1 1 1 0 1 0 1 
0 1 1 1 0 1 1 1 0 1 1 
1 1 1 1 1 1 1 1 1 1 1 
OpenStacks: 10
Took 261.62 seconds

buffer: Instance 105
numCustomers: 10
numProducts: 11
0 1 0 1 1 1 0 1 1 1 1 
0 1 1 1 1 0 1 0 1 1 1 
0 0 0 0 1 0 0 0 1 1 0 
1 0 0 1 1 1 1 1 0 0 1 
1 0 1 0 0 1 0 1 1 1 1 
1 0 1 1 1 1 1 1 1 1 1 
1 1 1 1 0 1 1 1 1 1 1 
1 1 1 1 1 0 0 0 1 1 1 
0 1 1 0 1 1 1 1 1 1 0 
0 1 1 1 1 0 0 1 1 1 0 
Best Sequence: 
10 0 1 2 3 4 5 6 7 8 9 
1 0 1 0 1 1 1 0 1 1 1 
1 0 1 1 1 1 0 1 0 1 1 
0 0 0 0 0 1 0 0 0 1 1 
1 1 0 0 1 1 1 1 1 0 0 
1 1 0 1 0 0 1 0 1 1 1 
1 1 0 1 1 1 1 1 1 1 1 
1 1 1 1 1 0 1 1 1 1 1 
1 1 1 1 1 1 0 0 0 1 1 
0 0 1 1 0 1 1 1 1 1 1 
0 0 1 1 1 1 0 0 1 1 1 
OpenStacks: 10
Took 261.74 seconds

buffer: Instance 106
numCustomers: 10
numProducts: 11
0 1 1 0 1 0 1 1 1 0 1 
1 1 1 1 1 0 1 1 1 1 1 
0 1 1 1 1 0 1 1 1 0 1 
1 1 1 1 1 1 1 1 0 1 1 
1 0 1 1 1 1 1 0 1 0 1 
1 1 0 1 1 1 1 0 1 1 1 
1 1 1 1 1 1 1 1 1 1 1 
1 1 1 1 1 0 1 1 1 0 0 
0 1 1 1 1 1 1 1 1 1 1 
0 0 1 1 1 1 0 1 1 0 1 
