Solving by Brute Force...
buffer: Instance 100
numCustomers: 10
numProducts: 11
0 1 0 1 1 1 0 0 0 0 1 
1 1 0 1 1 1 0 1 1 1 1 
1 1 1 1 1 1 1 1 0 1 1 
1 0 0 1 1 1 1 1 1 1 1 
0 0 0 0 0 1 1 1 1 1 1 
1 0 0 0 1 0 1 1 1 1 0 
1 1 1 1 1 1 1 1 0 1 1 
1 0 1 1 1 1 1 1 1 0 1 
1 1 1 1 1 0 1 1 1 1 1 
1 1 1 1 1 1 0 0 1 1 1 
numSequences: 39916800
minStacks: 10
Best sequence:
10 0 1 2 3 4 5 6 7 8 9 
1 0 1 0 1 1 1 0 0 0 0 
1 1 1 0 1 1 1 0 1 1 1 
1 1 1 1 1 1 1 1 1 0 1 
1 1 0 0 1 1 1 1 1 1 1 
1 0 0 0 0 0 1 1 1 1 1 
0 1 0 0 0 1 0 1 1 1 1 
1 1 1 1 1 1 1 1 1 0 1 
1 1 0 1 1 1 1 1 1 1 0 
1 1 1 1 1 1 0 1 1 1 1 
1 1 1 1 1 1 1 0 0 1 1 
Open stacks: 10
Took 89.38 seconds

buffer: Instance 101
numCustomers: 10
numProducts: 11
0 1 1 1 1 1 1 1 0 0 0 
1 1 1 1 1 1 1 1 1 1 0 
1 1 1 1 1 1 1 0 1 0 1 
0 0 1 1 1 1 0 1 1 0 1 
1 1 0 1 0 1 1 1 1 1 1 
1 0 1 0 0 1 1 1 1 1 1 
1 1 1 1 1 1 0 1 1 1 1 
1 1 1 1 1 1 1 0 1 1 0 
1 1 1 1 1 1 1 0 1 0 1 
1 0 0 1 1 1 1 1 1 1 1 
numSequences: 39916800
minStacks: 10
Best sequence:
10 0 1 2 3 4 5 6 7 8 9 
0 0 1 1 1 1 1 1 1 0 0 
0 1 1 1 1 1 1 1 1 1 1 
1 1 1 1 1 1 1 1 0 1 0 
1 0 0 1 1 1 1 0 1 1 0 
1 1 1 0 1 0 1 1 1 1 1 
1 1 0 1 0 0 1 1 1 1 1 
1 1 1 1 1 1 1 0 1 1 1 
0 1 1 1 1 1 1 1 0 1 1 
1 1 1 1 1 1 1 1 0 1 0 
1 1 0 0 1 1 1 1 1 1 1 
Open stacks: 10
Took 88.75 seconds

buffer: Instance 102
numCustomers: 10
numProducts: 11
1 1 1 0 1 0 1 0 1 1 0 
0 1 1 1 1 1 1 1 1 0 0 
0 1 1 1 1 1 0 1 1 1 0 
1 1 1 0 1 1 1 0 1 1 0 
0 0 1 1 0 1 0 1 1 1 1 
1 0 1 1 1 0 1 0 1 1 1 
0 1 1 1 1 1 1 1 1 1 0 
1 1 1 1 1 0 1 1 1 1 0 
0 0 1 1 1 1 1 0 1 1 1 
1 1 0 1 0 0 1 1 1 1 1 
numSequences: 39916800
minStacks: 10
Best sequence:
10 0 1 2 3 4 5 6 7 8 9 
0 1 1 1 0 1 0 1 0 1 1 
0 0 1 1 1 1 1 1 1 1 0 
0 0 1 1 1 1 1 0 1 1 1 
0 1 1 1 0 1 1 1 0 1 1 
1 0 0 1 1 0 1 0 1 1 1 
1 1 0 1 1 1 0 1 0 1 1 
0 0 1 1 1 1 1 1 1 1 1 
0 1 1 1 1 1 0 1 1 1 1 
1 0 0 1 1 1 1 1 0 1 1 
1 1 1 0 1 0 0 1 1 1 1 
Open stacks: 10
Took 88.56 seconds

buffer: Instance 103
numCustomers: 10
numProducts: 11
0 1 1 0 0 1 1 1 1 0 0 
1 0 0 1 0 1 1 1 1 1 1 
1 1 1 1 1 0 1 1 1 0 0 
1 1 1 0 0 1 1 1 1 1 1 
0 0 1 1 1 1 0 0 1 1 1 
1 1 1 1 1 0 0 1 1 1 0 
1 0 0 1 1 1 1 1 1 0 0 
1 1 1 0 0 0 1 1 1 1 1 
0 0 1 1 1 1 0 1 1 1 1 
0 1 1 0 1 0 0 0 0 1 1 
numSequences: 39916800
minStacks: 10
Best sequence:
10 0 1 2 3 4 5 6 7 8 9 
0 0 1 1 0 0 1 1 1 1 0 
1 1 0 0 1 0 1 1 1 1 1 
0 1 1 1 1 1 0 1 1 1 0 
1 1 1 1 0 0 1 1 1 1 1 
1 0 0 1 1 1 1 0 0 1 1 
0 1 1 1 1 1 0 0 1 1 1 
0 1 0 0 1 1 1 1 1 1 0 
1 1 1 1 0 0 0 1 1 1 1 
1 0 0 1 1 1 1 0 1 1 1 
1 0 1 1 0 1 0 0 0 0 1 
Open stacks: 10
Took 88.36 seconds

buffer: Instance 104
numCustomers: 10
numProducts: 11
0 1 0 1 0 1 1 1 0 1 0 
0 1 1 1 1 1 1 0 1 1 0 
1 1 0 0 1 1 1 0 1 1 1 
1 1 1 0 1 0 0 1 1 1 0 
1 0 1 1 1 1 1 1 1 1 0 
1 1 0 0 0 1 1 1 1 1 1 
0 1 1 1 1 1 1 0 1 1 1 
0 1 0 1 1 1 0 1 0 1 1 
1 1 1 0 1 1 1 0 1 1 0 
1 1 1 1 1 1 1 1 1 1 1 
numSequences: 39916800
minStacks: 10
Best sequence:
10 0 1 2 3 4 5 6 7 8 9 
0 0 1 0 1 0 1 1 1 0 1 
0 0 1 1 1 1 1 1 0 1 1 
1 1 1 0 0 1 1 1 0 1 1 
0 1 1 1 0 1 0 0 1 1 1 
0 1 0 1 1 1 1 1 1 1 1 
1 1 1 0 0 0 1 1 1 1 1 
1 0 1 1 1 1 1 1 0 1 1 
1 0 1 0 1 1 1 0 1 0 1 
0 1 1 1 0 1 1 1 0 1 1 
1 1 1 1 1 1 1 1 1 1 1 
Open stacks: 10
Took 88.54 seconds

buffer: Instance 105
numCustomers: 10
numProducts: 11
0 1 0 1 1 1 0 1 1 1 1 
0 1 1 1 1 0 1 0 1 1 1 
0 0 0 0 1 0 0 0 1 1 0 
1 0 0 1 1 1 1 1 0 0 1 
1 0 1 0 0 1 0 1 1 1 1 
1 0 1 1 1 1 1 1 1 1 1 
1 1 1 1 0 1 1 1 1 1 1 
1 1 1 1 1 0 0 0 1 1 1 
0 1 1 0 1 1 1 1 1 1 0 
0 1 1 1 1 0 0 1 1 1 0 
numSequences: 39916800
minStacks: 10
Best sequence:
10 0 1 2 3 4 5 6 7 8 9 
1 0 1 0 1 1 1 0 1 1 1 
1 0 1 1 1 1 0 1 0 1 1 
0 0 0 0 0 1 0 0 0 1 1 
1 1 0 0 1 1 1 1 1 0 0 
1 1 0 1 0 0 1 0 1 1 1 
1 1 0 1 1 1 1 1 1 1 1 
1 1 1 1 1 0 1 1 1 1 1 
1 1 1 1 1 1 0 0 0 1 1 
0 0 1 1 0 1 1 1 1 1 1 
0 0 1 1 1 1 0 0 1 1 1 
Open stacks: 10
Took 88.44 seconds

buffer: Instance 106
numCustomers: 10
numProducts: 11
0 1 1 0 1 0 1 1 1 0 1 
1 1 1 1 1 0 1 1 1 1 1 
0 1 1 1 1 0 1 1 1 0 1 
1 1 1 1 1 1 1 1 0 1 1 
1 0 1 1 1 1 1 0 1 0 1 
1 1 0 1 1 1 1 0 1 1 1 
1 1 1 1 1 1 1 1 1 1 1 
1 1 1 1 1 0 1 1 1 0 0 
0 1 1 1 1 1 1 1 1 1 1 
0 0 1 1 1 1 0 1 1 0 1 
numSequences: 39916800
minStacks: 10
Best sequence:
10 0 1 2 3 4 5 6 7 8 9 
1 0 1 1 0 1 0 1 1 1 0 
1 1 1 1 1 1 0 1 1 1 1 
1 0 1 1 1 1 0 1 1 1 0 
1 1 1 1 1 1 1 1 1 0 1 
1 1 0 1 1 1 1 1 0 1 0 
1 1 1 0 1 1 1 1 0 1 1 
1 1 1 1 1 1 1 1 1 1 1 
0 1 1 1 1 1 0 1 1 1 0 
1 0 1 1 1 1 1 1 1 1 1 
1 0 0 1 1 1 1 0 1 1 0 
Open stacks: 10
Took 88.72 seconds

buffer: Instance 107
numCustomers: 10
numProducts: 11
1 1 1 1 0 1 1 1 1 0 1 
0 1 0 1 1 1 1 1 1 0 0 
1 0 1 0 1 1 1 1 1 1 1 
1 0 0 1 1 0 1 1 1 1 1 
1 1 0 1 1 1 1 1 1 1 1 
1 1 1 1 1 1 1 1 1 1 1 
1 1 1 0 1 1 0 1 1 1 1 
1 1 0 1 0 0 1 1 1 1 0 
1 1 1 1 1 1 1 1 1 1 0 
1 0 1 0 1 0 1 0 1 1 1 
numSequences: 39916800
minStacks: 10
Best sequence:
10 0 1 2 3 4 5 6 7 8 9 
1 1 1 1 1 0 1 1 1 1 0 
0 0 1 0 1 1 1 1 1 1 0 
1 1 0 1 0 1 1 1 1 1 1 
1 1 0 0 1 1 0 1 1 1 1 
1 1 1 0 1 1 1 1 1 1 1 
1 1 1 1 1 1 1 1 1 1 1 
1 1 1 1 0 1 1 0 1 1 1 
0 1 1 0 1 0 0 1 1 1 1 
0 1 1 1 1 1 1 1 1 1 1 
1 1 0 1 0 1 0 1 0 1 1 
Open stacks: 10
Took 88.73 seconds

buffer: Instance 108
numCustomers: 10
numProducts: 11
1 1 1 1 1 1 1 1 1 1 0 
0 0 1 0 1 1 0 1 1 1 1 
1 0 1 1 1 1 0 0 0 1 1 
1 1 1 1 1 1 1 1 1 1 0 
1 1 1 0 1 1 1 1 1 1 1 
1 0 1 1 1 1 0 1 0 1 0 
1 1 1 1 1 0 0 1 1 1 0 
0 1 0 0 1 0 1 1 1 1 0 
1 1 1 1 1 0 1 1 0 1 1 
0 1 1 1 1 1 0 1 0 1 0 
numSequences: 39916800
minStacks: 10
Best sequence:
10 0 1 2 3 4 5 6 7 8 9 
0 1 1 1 1 1 1 1 1 1 1 
1 0 0 1 0 1 1 0 1 1 1 
1 1 0 1 1 1 1 0 0 0 1 
0 1 1 1 1 1 1 1 1 1 1 
1 1 1 1 0 1 1 1 1 1 1 
0 1 0 1 1 1 1 0 1 0 1 
0 1 1 1 1 1 0 0 1 1 1 
0 0 1 0 0 1 0 1 1 1 1 
1 1 1 1 1 1 0 1 1 0 1 
0 0 1 1 1 1 1 0 1 0 1 
Open stacks: 10
Took 88.61 seconds

buffer: Instance 109
numCustomers: 10
numProducts: 11
1 1 1 1 1 1 0 1 1 1 1 
0 1 1 1 1 1 1 1 1 1 1 
1 1 0 1 1 1 1 0 0 1 1 
1 1 1 0 1 0 1 0 1 1 1 
1 1 1 1 1 1 1 0 1 1 0 
1 0 0 1 1 1 0 1 1 1 1 
0 1 1 1 1 1 0 1 1 1 1 
0 1 0 1 0 1 1 1 1 0 1 
1 1 1 1 1 0 0 1 0 1 1 
1 0 1 1 0 0 1 0 0 0 1 
numSequences: 39916800
minStacks: 10
Best sequence:
10 0 1 2 3 4 5 6 7 8 9 
1 1 1 1 1 1 1 0 1 1 1 
1 0 1 1 1 1 1 1 1 1 1 
1 1 1 0 1 1 1 1 0 0 1 
1 1 1 1 0 1 0 1 0 1 1 
0 1 1 1 1 1 1 1 0 1 1 
1 1 0 0 1 1 1 0 1 1 1 
1 0 1 1 1 1 1 0 1 1 1 
1 0 1 0 1 0 1 1 1 1 0 
1 1 1 1 1 1 0 0 1 0 1 
1 1 0 1 1 0 0 1 0 0 0 
Open stacks: 10
Took 88.57 seconds

Solved: 10 instances
totalTime: 886.66 seconds
minTime: 88.36 seconds
maxTime: 89.38 seconds
Average: 88.666 seconds
