Solving by Dynamic Programming...
buffer: Instance 100
numCustomers: 10
numProducts: 11
0 1 0 1 1 1 0 0 0 0 1 
1 1 0 1 1 1 0 1 1 1 1 
1 1 1 1 1 1 1 1 0 1 1 
1 0 0 1 1 1 1 1 1 1 1 
0 0 0 0 0 1 1 1 1 1 1 
1 0 0 0 1 0 1 1 1 1 0 
1 1 1 1 1 1 1 1 0 1 1 
1 0 1 1 1 1 1 1 1 0 1 
1 1 1 1 1 0 1 1 1 1 1 
1 1 1 1 1 1 0 0 1 1 1 
Best sequence:
0 1 2 3 4 5 6 7 8 9 10 
0 1 0 1 1 1 0 0 0 0 1 
1 1 0 1 1 1 0 1 1 1 1 
1 1 1 1 1 1 1 1 0 1 1 
1 0 0 1 1 1 1 1 1 1 1 
0 0 0 0 0 1 1 1 1 1 1 
1 0 0 0 1 0 1 1 1 1 0 
1 1 1 1 1 1 1 1 0 1 1 
1 0 1 1 1 1 1 1 1 0 1 
1 1 1 1 1 0 1 1 1 1 1 
1 1 1 1 1 1 0 0 1 1 1 
OpenStacks: 10
Took 0.92 seconds

buffer: Instance 101
numCustomers: 10
numProducts: 11
0 1 1 1 1 1 1 1 0 0 0 
1 1 1 1 1 1 1 1 1 1 0 
1 1 1 1 1 1 1 0 1 0 1 
0 0 1 1 1 1 0 1 1 0 1 
1 1 0 1 0 1 1 1 1 1 1 
1 0 1 0 0 1 1 1 1 1 1 
1 1 1 1 1 1 0 1 1 1 1 
1 1 1 1 1 1 1 0 1 1 0 
1 1 1 1 1 1 1 0 1 0 1 
1 0 0 1 1 1 1 1 1 1 1 
Best sequence:
0 1 2 3 4 5 6 7 8 9 10 
0 1 1 1 1 1 1 1 0 0 0 
1 1 1 1 1 1 1 1 1 1 0 
1 1 1 1 1 1 1 0 1 0 1 
0 0 1 1 1 1 0 1 1 0 1 
1 1 0 1 0 1 1 1 1 1 1 
1 0 1 0 0 1 1 1 1 1 1 
1 1 1 1 1 1 0 1 1 1 1 
1 1 1 1 1 1 1 0 1 1 0 
1 1 1 1 1 1 1 0 1 0 1 
1 0 0 1 1 1 1 1 1 1 1 
OpenStacks: 10
Took 0.04 seconds

buffer: Instance 102
numCustomers: 10
numProducts: 11
1 1 1 0 1 0 1 0 1 1 0 
0 1 1 1 1 1 1 1 1 0 0 
0 1 1 1 1 1 0 1 1 1 0 
1 1 1 0 1 1 1 0 1 1 0 
0 0 1 1 0 1 0 1 1 1 1 
1 0 1 1 1 0 1 0 1 1 1 
0 1 1 1 1 1 1 1 1 1 0 
1 1 1 1 1 0 1 1 1 1 0 
0 0 1 1 1 1 1 0 1 1 1 
1 1 0 1 0 0 1 1 1 1 1 
Best sequence:
0 1 2 3 4 5 6 7 8 9 10 
1 1 1 0 1 0 1 0 1 1 0 
0 1 1 1 1 1 1 1 1 0 0 
0 1 1 1 1 1 0 1 1 1 0 
1 1 1 0 1 1 1 0 1 1 0 
0 0 1 1 0 1 0 1 1 1 1 
1 0 1 1 1 0 1 0 1 1 1 
0 1 1 1 1 1 1 1 1 1 0 
1 1 1 1 1 0 1 1 1 1 0 
0 0 1 1 1 1 1 0 1 1 1 
1 1 0 1 0 0 1 1 1 1 1 
OpenStacks: 10
Took 0.04 seconds

buffer: Instance 103
numCustomers: 10
numProducts: 11
0 1 1 0 0 1 1 1 1 0 0 
1 0 0 1 0 1 1 1 1 1 1 
1 1 1 1 1 0 1 1 1 0 0 
1 1 1 0 0 1 1 1 1 1 1 
0 0 1 1 1 1 0 0 1 1 1 
1 1 1 1 1 0 0 1 1 1 0 
1 0 0 1 1 1 1 1 1 0 0 
1 1 1 0 0 0 1 1 1 1 1 
0 0 1 1 1 1 0 1 1 1 1 
0 1 1 0 1 0 0 0 0 1 1 
Best sequence:
0 1 2 3 4 5 6 7 8 9 10 
0 1 1 0 0 1 1 1 1 0 0 
1 0 0 1 0 1 1 1 1 1 1 
1 1 1 1 1 0 1 1 1 0 0 
1 1 1 0 0 1 1 1 1 1 1 
0 0 1 1 1 1 0 0 1 1 1 
1 1 1 1 1 0 0 1 1 1 0 
1 0 0 1 1 1 1 1 1 0 0 
1 1 1 0 0 0 1 1 1 1 1 
0 0 1 1 1 1 0 1 1 1 1 
0 1 1 0 1 0 0 0 0 1 1 
OpenStacks: 10
Took 0.04 seconds

buffer: Instance 104
numCustomers: 10
numProducts: 11
0 1 0 1 0 1 1 1 0 1 0 
0 1 1 1 1 1 1 0 1 1 0 
1 1 0 0 1 1 1 0 1 1 1 
1 1 1 0 1 0 0 1 1 1 0 
1 0 1 1 1 1 1 1 1 1 0 
1 1 0 0 0 1 1 1 1 1 1 
0 1 1 1 1 1 1 0 1 1 1 
0 1 0 1 1 1 0 1 0 1 1 
1 1 1 0 1 1 1 0 1 1 0 
1 1 1 1 1 1 1 1 1 1 1 
Best sequence:
0 1 2 3 4 5 6 7 8 9 10 
0 1 0 1 0 1 1 1 0 1 0 
0 1 1 1 1 1 1 0 1 1 0 
1 1 0 0 1 1 1 0 1 1 1 
1 1 1 0 1 0 0 1 1 1 0 
1 0 1 1 1 1 1 1 1 1 0 
1 1 0 0 0 1 1 1 1 1 1 
0 1 1 1 1 1 1 0 1 1 1 
0 1 0 1 1 1 0 1 0 1 1 
1 1 1 0 1 1 1 0 1 1 0 
1 1 1 1 1 1 1 1 1 1 1 
OpenStacks: 10
Took 0.05 seconds

buffer: Instance 105
numCustomers: 10
numProducts: 11
0 1 0 1 1 1 0 1 1 1 1 
0 1 1 1 1 0 1 0 1 1 1 
0 0 0 0 1 0 0 0 1 1 0 
1 0 0 1 1 1 1 1 0 0 1 
1 0 1 0 0 1 0 1 1 1 1 
1 0 1 1 1 1 1 1 1 1 1 
1 1 1 1 0 1 1 1 1 1 1 
1 1 1 1 1 0 0 0 1 1 1 
0 1 1 0 1 1 1 1 1 1 0 
0 1 1 1 1 0 0 1 1 1 0 
Best sequence:
0 1 2 3 4 5 6 7 8 9 10 
0 1 0 1 1 1 0 1 1 1 1 
0 1 1 1 1 0 1 0 1 1 1 
0 0 0 0 1 0 0 0 1 1 0 
1 0 0 1 1 1 1 1 0 0 1 
1 0 1 0 0 1 0 1 1 1 1 
1 0 1 1 1 1 1 1 1 1 1 
1 1 1 1 0 1 1 1 1 1 1 
1 1 1 1 1 0 0 0 1 1 1 
0 1 1 0 1 1 1 1 1 1 0 
0 1 1 1 1 0 0 1 1 1 0 
OpenStacks: 10
Took 0.03 seconds

buffer: Instance 106
numCustomers: 10
numProducts: 11
0 1 1 0 1 0 1 1 1 0 1 
1 1 1 1 1 0 1 1 1 1 1 
0 1 1 1 1 0 1 1 1 0 1 
1 1 1 1 1 1 1 1 0 1 1 
1 0 1 1 1 1 1 0 1 0 1 
1 1 0 1 1 1 1 0 1 1 1 
1 1 1 1 1 1 1 1 1 1 1 
1 1 1 1 1 0 1 1 1 0 0 
0 1 1 1 1 1 1 1 1 1 1 
0 0 1 1 1 1 0 1 1 0 1 
Best sequence:
0 1 2 3 4 5 6 7 8 9 10 
0 1 1 0 1 0 1 1 1 0 1 
1 1 1 1 1 0 1 1 1 1 1 
0 1 1 1 1 0 1 1 1 0 1 
1 1 1 1 1 1 1 1 0 1 1 
1 0 1 1 1 1 1 0 1 0 1 
1 1 0 1 1 1 1 0 1 1 1 
1 1 1 1 1 1 1 1 1 1 1 
1 1 1 1 1 0 1 1 1 0 0 
0 1 1 1 1 1 1 1 1 1 1 
0 0 1 1 1 1 0 1 1 0 1 
OpenStacks: 10
Took 0.05 seconds

buffer: Instance 107
numCustomers: 10
numProducts: 11
1 1 1 1 0 1 1 1 1 0 1 
0 1 0 1 1 1 1 1 1 0 0 
1 0 1 0 1 1 1 1 1 1 1 
1 0 0 1 1 0 1 1 1 1 1 
1 1 0 1 1 1 1 1 1 1 1 
1 1 1 1 1 1 1 1 1 1 1 
1 1 1 0 1 1 0 1 1 1 1 
1 1 0 1 0 0 1 1 1 1 0 
1 1 1 1 1 1 1 1 1 1 0 
1 0 1 0 1 0 1 0 1 1 1 
Best sequence:
0 1 2 3 4 5 6 7 8 9 10 
1 1 1 1 0 1 1 1 1 0 1 
0 1 0 1 1 1 1 1 1 0 0 
1 0 1 0 1 1 1 1 1 1 1 
1 0 0 1 1 0 1 1 1 1 1 
1 1 0 1 1 1 1 1 1 1 1 
1 1 1 1 1 1 1 1 1 1 1 
1 1 1 0 1 1 0 1 1 1 1 
1 1 0 1 0 0 1 1 1 1 0 
1 1 1 1 1 1 1 1 1 1 0 
1 0 1 0 1 0 1 0 1 1 1 
OpenStacks: 10
Took 0.04 seconds

buffer: Instance 108
numCustomers: 10
numProducts: 11
1 1 1 1 1 1 1 1 1 1 0 
0 0 1 0 1 1 0 1 1 1 1 
1 0 1 1 1 1 0 0 0 1 1 
1 1 1 1 1 1 1 1 1 1 0 
1 1 1 0 1 1 1 1 1 1 1 
1 0 1 1 1 1 0 1 0 1 0 
1 1 1 1 1 0 0 1 1 1 0 
0 1 0 0 1 0 1 1 1 1 0 
1 1 1 1 1 0 1 1 0 1 1 
0 1 1 1 1 1 0 1 0 1 0 
Best sequence:
0 1 2 3 4 5 6 7 8 9 10 
1 1 1 1 1 1 1 1 1 1 0 
0 0 1 0 1 1 0 1 1 1 1 
1 0 1 1 1 1 0 0 0 1 1 
1 1 1 1 1 1 1 1 1 1 0 
1 1 1 0 1 1 1 1 1 1 1 
1 0 1 1 1 1 0 1 0 1 0 
1 1 1 1 1 0 0 1 1 1 0 
0 1 0 0 1 0 1 1 1 1 0 
1 1 1 1 1 0 1 1 0 1 1 
0 1 1 1 1 1 0 1 0 1 0 
OpenStacks: 10
Took 0.05 seconds

buffer: Instance 109
numCustomers: 10
numProducts: 11
1 1 1 1 1 1 0 1 1 1 1 
0 1 1 1 1 1 1 1 1 1 1 
1 1 0 1 1 1 1 0 0 1 1 
1 1 1 0 1 0 1 0 1 1 1 
1 1 1 1 1 1 1 0 1 1 0 
1 0 0 1 1 1 0 1 1 1 1 
0 1 1 1 1 1 0 1 1 1 1 
0 1 0 1 0 1 1 1 1 0 1 
1 1 1 1 1 0 0 1 0 1 1 
1 0 1 1 0 0 1 0 0 0 1 
Best sequence:
0 1 2 3 4 5 6 7 8 9 10 
1 1 1 1 1 1 0 1 1 1 1 
0 1 1 1 1 1 1 1 1 1 1 
1 1 0 1 1 1 1 0 0 1 1 
1 1 1 0 1 0 1 0 1 1 1 
1 1 1 1 1 1 1 0 1 1 0 
1 0 0 1 1 1 0 1 1 1 1 
0 1 1 1 1 1 0 1 1 1 1 
0 1 0 1 0 1 1 1 1 0 1 
1 1 1 1 1 0 0 1 0 1 1 
1 0 1 1 0 0 1 0 0 0 1 
OpenStacks: 10
Took 0.03 seconds

Solved: 10 instances
totalTime: 1.29 seconds
minTime: 0.03 seconds
maxTime: 0.92 seconds
Average: 0.129 seconds
