Solving by Brute Force...
buffer: Instance 80
numCustomers: 10
numProducts: 9
0 1 1 1 1 0 1 1 1 
0 1 1 1 0 1 0 1 0 
1 1 1 1 0 1 1 1 1 
1 1 1 1 1 1 1 1 0 
1 1 1 1 0 0 0 1 1 
1 1 1 1 1 0 0 1 1 
1 1 1 1 1 0 1 1 1 
1 1 1 0 1 1 1 1 0 
0 1 1 0 1 0 1 1 1 
1 1 0 1 1 1 1 1 0 
Best Sequence: 
8 0 1 2 3 4 5 6 7 
1 0 1 1 1 1 0 1 1 
0 0 1 1 1 0 1 0 1 
1 1 1 1 1 0 1 1 1 
0 1 1 1 1 1 1 1 1 
1 1 1 1 1 0 0 0 1 
1 1 1 1 1 1 0 0 1 
1 1 1 1 1 1 0 1 1 
0 1 1 1 0 1 1 1 1 
1 0 1 1 0 1 0 1 1 
0 1 1 0 1 1 1 1 1 
OpenStacks: 10
Took 1.92 seconds

buffer: Instance 81
numCustomers: 10
numProducts: 9
1 1 0 1 1 1 1 0 1 
1 1 0 1 0 1 1 1 1 
1 1 0 1 1 1 1 1 1 
0 1 0 1 1 1 1 1 1 
0 1 1 1 0 0 1 1 0 
1 1 1 1 1 1 1 1 1 
0 1 1 1 1 1 0 0 1 
1 1 1 1 1 0 0 1 0 
0 1 1 1 1 0 1 0 0 
1 1 1 1 1 0 0 0 1 
Best Sequence: 
8 0 1 2 3 4 5 6 7 
1 1 1 0 1 1 1 1 0 
1 1 1 0 1 0 1 1 1 
1 1 1 0 1 1 1 1 1 
1 0 1 0 1 1 1 1 1 
0 0 1 1 1 0 0 1 1 
1 1 1 1 1 1 1 1 1 
1 0 1 1 1 1 1 0 0 
0 1 1 1 1 1 0 0 1 
0 0 1 1 1 1 0 1 0 
1 1 1 1 1 1 0 0 0 
OpenStacks: 10
Took 1.93 seconds

buffer: Instance 82
numCustomers: 10
numProducts: 9
1 1 1 1 1 1 1 1 1 
1 1 1 1 0 1 1 1 1 
1 1 1 1 1 0 1 0 0 
1 0 0 1 1 1 1 0 1 
1 1 0 1 1 1 1 0 0 
1 0 1 1 0 0 1 1 1 
1 0 0 1 1 0 1 0 1 
1 0 1 0 1 1 0 1 1 
0 1 1 1 1 1 0 0 1 
1 1 0 0 1 1 1 1 1 
Best Sequence: 
8 0 1 2 3 4 5 6 7 
1 1 1 1 1 1 1 1 1 
1 1 1 1 1 0 1 1 1 
0 1 1 1 1 1 0 1 0 
1 1 0 0 1 1 1 1 0 
0 1 1 0 1 1 1 1 0 
1 1 0 1 1 0 0 1 1 
1 1 0 0 1 1 0 1 0 
1 1 0 1 0 1 1 0 1 
1 0 1 1 1 1 1 0 0 
1 1 1 0 0 1 1 1 1 
OpenStacks: 10
Took 1.96 seconds

buffer: Instance 83
numCustomers: 10
numProducts: 9
1 1 1 0 0 1 1 1 1 
1 0 1 1 1 1 1 1 1 
1 1 0 1 1 1 1 0 0 
1 0 0 0 1 1 0 1 1 
0 1 0 1 1 0 1 0 1 
1 1 0 1 1 0 0 1 1 
1 1 0 1 1 1 0 1 0 
0 1 0 0 1 1 1 0 1 
1 0 0 1 0 1 1 1 1 
1 1 0 1 1 1 1 1 0 
Best Sequence: 
8 0 1 2 3 4 5 6 7 
1 1 1 1 0 0 1 1 1 
1 1 0 1 1 1 1 1 1 
0 1 1 0 1 1 1 1 0 
1 1 0 0 0 1 1 0 1 
1 0 1 0 1 1 0 1 0 
1 1 1 0 1 1 0 0 1 
0 1 1 0 1 1 1 0 1 
1 0 1 0 0 1 1 1 0 
1 1 0 0 1 0 1 1 1 
0 1 1 0 1 1 1 1 1 
OpenStacks: 10
Took 1.97 seconds

buffer: Instance 84
numCustomers: 10
numProducts: 9
1 1 1 0 1 1 1 1 1 
1 1 1 0 1 1 1 1 1 
1 1 0 1 1 1 1 1 1 
1 1 1 1 0 1 1 1 0 
1 1 0 1 1 1 1 0 1 
1 0 1 0 1 1 1 0 1 
1 1 0 1 1 0 1 1 1 
1 1 1 1 1 1 1 0 0 
1 1 1 1 1 0 1 1 1 
1 1 1 1 1 1 0 1 1 
Best Sequence: 
8 0 1 2 3 4 5 6 7 
1 1 1 1 0 1 1 1 1 
1 1 1 1 0 1 1 1 1 
1 1 1 0 1 1 1 1 1 
0 1 1 1 1 0 1 1 1 
1 1 1 0 1 1 1 1 0 
1 1 0 1 0 1 1 1 0 
1 1 1 0 1 1 0 1 1 
0 1 1 1 1 1 1 1 0 
1 1 1 1 1 1 0 1 1 
1 1 1 1 1 1 1 0 1 
OpenStacks: 10
Took 1.91 seconds

buffer: Instance 85
numCustomers: 10
numProducts: 9
1 1 1 1 0 0 1 1 1 
1 0 1 0 1 0 1 1 1 
1 1 1 1 1 1 1 1 1 
1 1 1 1 0 0 1 1 1 
0 1 0 1 0 1 1 1 0 
1 0 1 1 1 1 1 1 1 
1 1 0 0 1 1 1 1 0 
0 1 0 1 0 0 1 1 0 
1 1 0 1 1 1 0 1 0 
1 1 1 0 1 1 1 0 1 
Best Sequence: 
8 0 1 2 3 4 5 6 7 
1 1 1 1 1 0 0 1 1 
1 1 0 1 0 1 0 1 1 
1 1 1 1 1 1 1 1 1 
1 1 1 1 1 0 0 1 1 
0 0 1 0 1 0 1 1 1 
1 1 0 1 1 1 1 1 1 
0 1 1 0 0 1 1 1 1 
0 0 1 0 1 0 0 1 1 
0 1 1 0 1 1 1 0 1 
1 1 1 1 0 1 1 1 0 
OpenStacks: 10
Took 1.95 seconds

buffer: Instance 86
numCustomers: 10
numProducts: 9
1 0 1 1 1 1 1 0 1 
1 0 1 1 1 1 0 1 1 
1 1 0 0 1 1 1 1 1 
1 0 1 1 0 1 1 1 0 
1 1 1 1 1 1 1 1 1 
1 1 1 0 1 1 0 1 1 
0 1 1 1 1 0 1 1 1 
0 1 1 1 0 0 0 0 1 
1 1 1 1 0 1 1 1 1 
0 1 1 1 0 0 0 1 1 
Best Sequence: 
8 0 1 2 3 4 5 6 7 
1 1 0 1 1 1 1 1 0 
1 1 0 1 1 1 1 0 1 
1 1 1 0 0 1 1 1 1 
0 1 0 1 1 0 1 1 1 
1 1 1 1 1 1 1 1 1 
1 1 1 1 0 1 1 0 1 
1 0 1 1 1 1 0 1 1 
1 0 1 1 1 0 0 0 0 
1 1 1 1 1 0 1 1 1 
1 0 1 1 1 0 0 0 1 
OpenStacks: 10
Took 1.94 seconds

buffer: Instance 87
numCustomers: 10
numProducts: 9
1 1 1 0 1 0 0 1 1 
1 0 1 1 0 1 0 0 1 
1 1 1 0 1 0 1 1 1 
1 1 1 1 1 1 1 1 1 
1 1 1 1 1 1 0 1 1 
1 1 1 1 1 1 1 1 0 
1 1 1 1 1 1 1 1 1 
0 1 1 0 1 0 1 1 1 
1 0 0 1 1 1 0 1 1 
1 0 1 0 0 1 0 1 1 
Best Sequence: 
8 0 1 2 3 4 5 6 7 
1 1 1 1 0 1 0 0 1 
1 1 0 1 1 0 1 0 0 
1 1 1 1 0 1 0 1 1 
1 1 1 1 1 1 1 1 1 
1 1 1 1 1 1 1 0 1 
0 1 1 1 1 1 1 1 1 
1 1 1 1 1 1 1 1 1 
1 0 1 1 0 1 0 1 1 
1 1 0 0 1 1 1 0 1 
1 1 0 1 0 0 1 0 1 
OpenStacks: 10
Took 1.96 seconds

buffer: Instance 88
numCustomers: 10
numProducts: 9
1 1 1 1 1 0 0 1 1 
0 1 1 1 1 0 1 1 1 
1 1 1 1 1 1 0 1 1 
1 1 1 0 0 1 0 0 0 
1 1 1 1 1 1 1 0 1 
1 1 1 1 1 1 1 1 0 
1 1 0 0 0 1 1 1 1 
1 1 1 1 1 1 0 0 1 
0 0 1 1 1 1 1 1 1 
1 1 1 0 1 1 1 0 0 
Best Sequence: 
8 0 1 2 3 4 5 6 7 
1 1 1 1 1 1 0 0 1 
1 0 1 1 1 1 0 1 1 
1 1 1 1 1 1 1 0 1 
0 1 1 1 0 0 1 0 0 
1 1 1 1 1 1 1 1 0 
0 1 1 1 1 1 1 1 1 
1 1 1 0 0 0 1 1 1 
1 1 1 1 1 1 1 0 0 
1 0 0 1 1 1 1 1 1 
0 1 1 1 0 1 1 1 0 
OpenStacks: 10
Took 1.94 seconds

buffer: Instance 89
numCustomers: 10
numProducts: 9
0 0 0 1 1 1 1 1 1 
1 1 1 1 0 1 1 1 0 
1 1 1 1 1 1 0 1 0 
1 1 1 1 1 1 1 0 1 
0 1 0 1 1 1 0 0 1 
1 0 1 1 0 1 1 1 1 
1 1 0 1 1 0 0 1 0 
1 1 1 1 1 1 1 1 1 
0 1 1 1 1 0 1 1 0 
1 0 1 1 0 1 1 1 1 
Best Sequence: 
8 0 1 2 3 4 5 6 7 
1 0 0 0 1 1 1 1 1 
0 1 1 1 1 0 1 1 1 
0 1 1 1 1 1 1 0 1 
1 1 1 1 1 1 1 1 0 
1 0 1 0 1 1 1 0 0 
1 1 0 1 1 0 1 1 1 
0 1 1 0 1 1 0 0 1 
1 1 1 1 1 1 1 1 1 
0 0 1 1 1 1 0 1 1 
1 1 0 1 1 0 1 1 1 
OpenStacks: 10
Took 1.95 seconds

Solved: 10 instances
totalTime: 19.43 seconds
minTime: 1.91 seconds
maxTime: 1.97 seconds
Average: 1.943 seconds
