Solving by Brute Force...
buffer: Instance 90
numCustomers: 10
numProducts: 10
1 1 1 1 1 1 1 1 1 0 
1 1 1 1 1 0 1 0 0 0 
1 1 1 1 1 1 1 1 0 1 
1 1 1 1 1 0 1 1 1 0 
1 0 1 1 0 0 1 1 1 0 
1 0 1 1 0 1 0 0 1 0 
0 1 0 1 1 1 1 0 0 1 
1 1 1 1 1 1 1 0 1 1 
1 0 0 1 1 1 1 0 1 0 
1 0 0 1 1 1 0 1 1 1 
Best Sequence: 
9 0 1 2 3 4 5 6 7 8 
0 1 1 1 1 1 1 1 1 1 
0 1 1 1 1 1 0 1 0 0 
1 1 1 1 1 1 1 1 1 0 
0 1 1 1 1 1 0 1 1 1 
0 1 0 1 1 0 0 1 1 1 
0 1 0 1 1 0 1 0 0 1 
1 0 1 0 1 1 1 1 0 0 
1 1 1 1 1 1 1 1 0 1 
0 1 0 0 1 1 1 1 0 1 
1 1 0 0 1 1 1 0 1 1 
OpenStacks: 10
Took 21.33 seconds

buffer: Instance 91
numCustomers: 10
numProducts: 10
0 1 1 1 1 1 0 1 1 1 
1 1 1 1 1 0 1 0 0 0 
1 1 1 0 1 1 1 1 1 1 
0 1 1 1 0 1 0 1 1 1 
1 1 1 1 1 1 1 1 0 1 
1 1 1 0 1 0 1 1 0 1 
1 1 0 0 1 1 1 1 1 1 
1 1 1 1 0 0 0 1 1 1 
1 1 1 1 1 0 1 1 1 1 
1 1 1 1 0 1 1 1 1 0 
Best Sequence: 
9 0 1 2 3 4 5 6 7 8 
1 0 1 1 1 1 1 0 1 1 
0 1 1 1 1 1 0 1 0 0 
1 1 1 1 0 1 1 1 1 1 
1 0 1 1 1 0 1 0 1 1 
1 1 1 1 1 1 1 1 1 0 
1 1 1 1 0 1 0 1 1 0 
1 1 1 0 0 1 1 1 1 1 
1 1 1 1 1 0 0 0 1 1 
1 1 1 1 1 1 0 1 1 1 
0 1 1 1 1 0 1 1 1 1 
OpenStacks: 10
Took 21.46 seconds

buffer: Instance 92
numCustomers: 10
numProducts: 10
1 0 1 0 1 0 1 0 1 1 
1 1 1 0 1 1 1 1 1 1 
0 0 0 1 1 1 1 1 0 1 
1 1 1 0 1 0 1 1 1 1 
1 1 1 1 1 0 1 1 0 1 
1 1 1 1 0 0 1 0 1 1 
1 1 0 1 1 1 0 0 1 1 
1 1 1 1 1 1 0 0 1 1 
1 0 1 0 1 1 1 1 0 1 
1 1 1 1 1 1 1 1 1 1 
Best Sequence: 
9 0 1 2 3 4 5 6 7 8 
1 1 0 1 0 1 0 1 0 1 
1 1 1 1 0 1 1 1 1 1 
1 0 0 0 1 1 1 1 1 0 
1 1 1 1 0 1 0 1 1 1 
1 1 1 1 1 1 0 1 1 0 
1 1 1 1 1 0 0 1 0 1 
1 1 1 0 1 1 1 0 0 1 
1 1 1 1 1 1 1 0 0 1 
1 1 0 1 0 1 1 1 1 0 
1 1 1 1 1 1 1 1 1 1 
OpenStacks: 10
Took 21.47 seconds

buffer: Instance 93
numCustomers: 10
numProducts: 10
0 1 1 0 1 1 0 1 1 0 
1 1 1 0 1 1 1 1 1 0 
0 1 0 1 1 0 1 1 1 1 
1 0 1 1 1 1 1 0 1 1 
1 0 1 1 0 0 1 1 1 1 
1 1 1 1 1 1 1 1 0 1 
1 1 0 1 1 1 1 0 1 1 
1 1 1 1 1 1 1 0 1 1 
1 1 1 1 1 1 1 0 1 1 
1 1 1 1 1 0 1 1 1 0 
Best Sequence: 
9 0 1 2 3 4 5 6 7 8 
0 0 1 1 0 1 1 0 1 1 
0 1 1 1 0 1 1 1 1 1 
1 0 1 0 1 1 0 1 1 1 
1 1 0 1 1 1 1 1 0 1 
1 1 0 1 1 0 0 1 1 1 
1 1 1 1 1 1 1 1 1 0 
1 1 1 0 1 1 1 1 0 1 
1 1 1 1 1 1 1 1 0 1 
1 1 1 1 1 1 1 1 0 1 
0 1 1 1 1 1 0 1 1 1 
OpenStacks: 10
Took 21.34 seconds

buffer: Instance 94
numCustomers: 10
numProducts: 10
1 1 1 1 0 1 0 1 0 1 
1 0 1 1 1 1 1 1 1 1 
1 1 0 1 1 1 1 1 1 0 
1 1 1 1 0 1 1 0 0 1 
1 1 0 1 1 1 1 0 1 1 
1 0 1 1 0 1 1 0 1 1 
1 0 1 1 0 0 0 0 1 1 
1 1 1 1 1 0 1 1 1 1 
1 1 0 1 1 0 1 1 0 0 
1 1 1 1 1 0 1 0 1 1 
Best Sequence: 
9 0 1 2 3 4 5 6 7 8 
1 1 1 1 1 0 1 0 1 0 
1 1 0 1 1 1 1 1 1 1 
0 1 1 0 1 1 1 1 1 1 
1 1 1 1 1 0 1 1 0 0 
1 1 1 0 1 1 1 1 0 1 
1 1 0 1 1 0 1 1 0 1 
1 1 0 1 1 0 0 0 0 1 
1 1 1 1 1 1 0 1 1 1 
0 1 1 0 1 1 0 1 1 0 
1 1 1 1 1 1 0 1 0 1 
OpenStacks: 10
Took 21.14 seconds

buffer: Instance 95
numCustomers: 10
numProducts: 10
1 0 0 1 0 0 0 0 0 1 
0 1 0 0 0 1 1 1 1 1 
1 1 1 0 1 1 1 1 0 1 
1 1 1 1 1 1 0 1 0 1 
0 0 1 1 1 1 1 1 0 1 
1 1 1 0 1 1 1 1 0 1 
1 1 0 1 1 0 0 1 1 1 
1 1 1 1 0 1 1 1 1 1 
0 1 1 1 1 1 0 1 1 1 
1 0 1 1 1 0 1 0 1 0 
Best Sequence: 
9 0 1 2 3 4 5 6 7 8 
1 1 0 0 1 0 0 0 0 0 
1 0 1 0 0 0 1 1 1 1 
1 1 1 1 0 1 1 1 1 0 
1 1 1 1 1 1 1 0 1 0 
1 0 0 1 1 1 1 1 1 0 
1 1 1 1 0 1 1 1 1 0 
1 1 1 0 1 1 0 0 1 1 
1 1 1 1 1 0 1 1 1 1 
1 0 1 1 1 1 1 0 1 1 
0 1 0 1 1 1 0 1 0 1 
OpenStacks: 10
Took 21.42 seconds

buffer: Instance 96
numCustomers: 10
numProducts: 10
1 1 1 1 1 1 1 0 0 1 
1 1 1 0 0 1 1 1 0 1 
1 1 1 1 0 1 1 1 0 0 
1 1 1 1 1 1 0 1 1 1 
1 1 1 1 1 1 0 1 1 1 
1 0 0 1 0 1 1 1 0 0 
0 1 1 1 1 1 1 0 0 1 
1 1 1 1 1 1 1 1 1 0 
1 1 1 1 1 1 0 1 1 0 
1 1 0 1 1 1 0 1 0 1 
Best Sequence: 
9 0 1 2 3 4 5 6 7 8 
1 1 1 1 1 1 1 1 0 0 
1 1 1 1 0 0 1 1 1 0 
0 1 1 1 1 0 1 1 1 0 
1 1 1 1 1 1 1 0 1 1 
1 1 1 1 1 1 1 0 1 1 
0 1 0 0 1 0 1 1 1 0 
1 0 1 1 1 1 1 1 0 0 
0 1 1 1 1 1 1 1 1 1 
0 1 1 1 1 1 1 0 1 1 
1 1 1 0 1 1 1 0 1 0 
OpenStacks: 10
Took 21.27 seconds

buffer: Instance 97
numCustomers: 10
numProducts: 10
0 1 1 1 1 1 0 1 1 1 
1 1 1 0 1 1 1 1 1 0 
1 1 0 1 1 1 1 1 1 1 
1 1 0 1 1 1 1 1 1 1 
1 1 0 1 1 1 0 1 0 0 
1 1 1 1 0 1 1 0 1 1 
0 1 1 0 0 1 1 1 1 1 
1 1 1 1 0 1 1 1 1 0 
0 1 0 0 1 1 0 1 1 1 
1 1 1 1 1 1 1 1 1 0 
Best Sequence: 
9 0 1 2 3 4 5 6 7 8 
1 0 1 1 1 1 1 0 1 1 
0 1 1 1 0 1 1 1 1 1 
1 1 1 0 1 1 1 1 1 1 
1 1 1 0 1 1 1 1 1 1 
0 1 1 0 1 1 1 0 1 0 
1 1 1 1 1 0 1 1 0 1 
1 0 1 1 0 0 1 1 1 1 
0 1 1 1 1 0 1 1 1 1 
1 0 1 0 0 1 1 0 1 1 
0 1 1 1 1 1 1 1 1 1 
OpenStacks: 10
Took 21.12 seconds

buffer: Instance 98
numCustomers: 10
numProducts: 10
1 1 0 1 0 1 1 1 1 0 
0 1 1 1 1 1 0 1 1 1 
1 1 0 0 1 1 1 1 1 0 
0 1 0 1 0 0 0 1 0 0 
1 1 1 1 1 0 1 0 1 1 
0 0 1 1 1 1 1 1 1 0 
1 1 1 0 1 0 0 1 0 1 
1 1 1 1 0 1 1 1 1 1 
1 1 1 1 1 1 1 0 0 1 
1 1 1 1 1 0 0 1 0 0 
Best Sequence: 
9 0 1 2 3 4 5 6 7 8 
0 1 1 0 1 0 1 1 1 1 
1 0 1 1 1 1 1 0 1 1 
0 1 1 0 0 1 1 1 1 1 
0 0 1 0 1 0 0 0 1 0 
1 1 1 1 1 1 0 1 0 1 
0 0 0 1 1 1 1 1 1 1 
1 1 1 1 0 1 0 0 1 0 
1 1 1 1 1 0 1 1 1 1 
1 1 1 1 1 1 1 1 0 0 
0 1 1 1 1 1 0 0 1 0 
OpenStacks: 10
Took 21.46 seconds

buffer: Instance 99
numCustomers: 10
numProducts: 10
1 1 1 1 0 1 1 0 1 1 
0 0 0 0 1 1 0 1 1 1 
1 1 1 1 1 1 0 1 1 1 
1 1 1 1 1 0 1 1 0 1 
0 1 1 1 1 1 1 1 0 1 
1 0 0 1 1 1 1 1 0 1 
1 1 1 1 1 1 1 1 1 0 
1 1 1 1 1 1 1 0 1 1 
1 1 0 0 1 1 0 1 1 0 
0 1 1 1 1 0 0 0 1 1 
Best Sequence: 
9 0 1 2 3 4 5 6 7 8 
1 1 1 1 1 0 1 1 0 1 
1 0 0 0 0 1 1 0 1 1 
1 1 1 1 1 1 1 0 1 1 
1 1 1 1 1 1 0 1 1 0 
1 0 1 1 1 1 1 1 1 0 
1 1 0 0 1 1 1 1 1 0 
0 1 1 1 1 1 1 1 1 1 
1 1 1 1 1 1 1 1 0 1 
0 1 1 0 0 1 1 0 1 1 
1 0 1 1 1 1 0 0 0 1 
OpenStacks: 10
Took 21.29 seconds

Solved: 10 instances
totalTime: 213.3 seconds
minTime: 21.12 seconds
maxTime: 21.47 seconds
Average: 21.33 seconds
