Solving by Brute Force...
buffer: Instance 90
numCustomers: 10
numProducts: 10
1 1 1 1 1 1 1 1 1 0 
1 1 1 1 1 0 1 0 0 0 
1 1 1 1 1 1 1 1 0 1 
1 1 1 1 1 0 1 1 1 0 
1 0 1 1 0 0 1 1 1 0 
1 0 1 1 0 1 0 0 1 0 
0 1 0 1 1 1 1 0 0 1 
1 1 1 1 1 1 1 0 1 1 
1 0 0 1 1 1 1 0 1 0 
1 0 0 1 1 1 0 1 1 1 
numSequences: 3628800
minStacks: 10
Best sequence:
9 0 1 2 3 4 5 6 7 8 
0 1 1 1 1 1 1 1 1 1 
0 1 1 1 1 1 0 1 0 0 
1 1 1 1 1 1 1 1 1 0 
0 1 1 1 1 1 0 1 1 1 
0 1 0 1 1 0 0 1 1 1 
0 1 0 1 1 0 1 0 0 1 
1 0 1 0 1 1 1 1 0 0 
1 1 1 1 1 1 1 1 0 1 
0 1 0 0 1 1 1 1 0 1 
1 1 0 0 1 1 1 0 1 1 
Open stacks: 10
Took 9.43 seconds

buffer: Instance 91
numCustomers: 10
numProducts: 10
0 1 1 1 1 1 0 1 1 1 
1 1 1 1 1 0 1 0 0 0 
1 1 1 0 1 1 1 1 1 1 
0 1 1 1 0 1 0 1 1 1 
1 1 1 1 1 1 1 1 0 1 
1 1 1 0 1 0 1 1 0 1 
1 1 0 0 1 1 1 1 1 1 
1 1 1 1 0 0 0 1 1 1 
1 1 1 1 1 0 1 1 1 1 
1 1 1 1 0 1 1 1 1 0 
numSequences: 3628800
minStacks: 10
Best sequence:
9 0 1 2 3 4 5 6 7 8 
1 0 1 1 1 1 1 0 1 1 
0 1 1 1 1 1 0 1 0 0 
1 1 1 1 0 1 1 1 1 1 
1 0 1 1 1 0 1 0 1 1 
1 1 1 1 1 1 1 1 1 0 
1 1 1 1 0 1 0 1 1 0 
1 1 1 0 0 1 1 1 1 1 
1 1 1 1 1 0 0 0 1 1 
1 1 1 1 1 1 0 1 1 1 
0 1 1 1 1 0 1 1 1 1 
Open stacks: 10
Took 8.04 seconds

buffer: Instance 92
numCustomers: 10
numProducts: 10
1 0 1 0 1 0 1 0 1 1 
1 1 1 0 1 1 1 1 1 1 
0 0 0 1 1 1 1 1 0 1 
1 1 1 0 1 0 1 1 1 1 
1 1 1 1 1 0 1 1 0 1 
1 1 1 1 0 0 1 0 1 1 
1 1 0 1 1 1 0 0 1 1 
1 1 1 1 1 1 0 0 1 1 
1 0 1 0 1 1 1 1 0 1 
1 1 1 1 1 1 1 1 1 1 
numSequences: 3628800
minStacks: 10
Best sequence:
9 0 1 2 3 4 5 6 7 8 
1 1 0 1 0 1 0 1 0 1 
1 1 1 1 0 1 1 1 1 1 
1 0 0 0 1 1 1 1 1 0 
1 1 1 1 0 1 0 1 1 1 
1 1 1 1 1 1 0 1 1 0 
1 1 1 1 1 0 0 1 0 1 
1 1 1 0 1 1 1 0 0 1 
1 1 1 1 1 1 1 0 0 1 
1 1 0 1 0 1 1 1 1 0 
1 1 1 1 1 1 1 1 1 1 
Open stacks: 10
Took 8.02 seconds

buffer: Instance 93
numCustomers: 10
numProducts: 10
0 1 1 0 1 1 0 1 1 0 
1 1 1 0 1 1 1 1 1 0 
0 1 0 1 1 0 1 1 1 1 
1 0 1 1 1 1 1 0 1 1 
1 0 1 1 0 0 1 1 1 1 
1 1 1 1 1 1 1 1 0 1 
1 1 0 1 1 1 1 0 1 1 
1 1 1 1 1 1 1 0 1 1 
1 1 1 1 1 1 1 0 1 1 
1 1 1 1 1 0 1 1 1 0 
numSequences: 3628800
minStacks: 10
Best sequence:
9 0 1 2 3 4 5 6 7 8 
0 0 1 1 0 1 1 0 1 1 
0 1 1 1 0 1 1 1 1 1 
1 0 1 0 1 1 0 1 1 1 
1 1 0 1 1 1 1 1 0 1 
1 1 0 1 1 0 0 1 1 1 
1 1 1 1 1 1 1 1 1 0 
1 1 1 0 1 1 1 1 0 1 
1 1 1 1 1 1 1 1 0 1 
1 1 1 1 1 1 1 1 0 1 
0 1 1 1 1 1 0 1 1 1 
Open stacks: 10
Took 8.04 seconds

buffer: Instance 94
numCustomers: 10
numProducts: 10
1 1 1 1 0 1 0 1 0 1 
1 0 1 1 1 1 1 1 1 1 
1 1 0 1 1 1 1 1 1 0 
1 1 1 1 0 1 1 0 0 1 
1 1 0 1 1 1 1 0 1 1 
1 0 1 1 0 1 1 0 1 1 
1 0 1 1 0 0 0 0 1 1 
1 1 1 1 1 0 1 1 1 1 
1 1 0 1 1 0 1 1 0 0 
1 1 1 1 1 0 1 0 1 1 
numSequences: 3628800
minStacks: 10
Best sequence:
9 0 1 2 3 4 5 6 7 8 
1 1 1 1 1 0 1 0 1 0 
1 1 0 1 1 1 1 1 1 1 
0 1 1 0 1 1 1 1 1 1 
1 1 1 1 1 0 1 1 0 0 
1 1 1 0 1 1 1 1 0 1 
1 1 0 1 1 0 1 1 0 1 
1 1 0 1 1 0 0 0 0 1 
1 1 1 1 1 1 0 1 1 1 
0 1 1 0 1 1 0 1 1 0 
1 1 1 1 1 1 0 1 0 1 
Open stacks: 10
Took 8.03 seconds

buffer: Instance 95
numCustomers: 10
numProducts: 10
1 0 0 1 0 0 0 0 0 1 
0 1 0 0 0 1 1 1 1 1 
1 1 1 0 1 1 1 1 0 1 
1 1 1 1 1 1 0 1 0 1 
0 0 1 1 1 1 1 1 0 1 
1 1 1 0 1 1 1 1 0 1 
1 1 0 1 1 0 0 1 1 1 
1 1 1 1 0 1 1 1 1 1 
0 1 1 1 1 1 0 1 1 1 
1 0 1 1 1 0 1 0 1 0 
numSequences: 3628800
minStacks: 10
Best sequence:
9 0 1 2 3 4 5 6 7 8 
1 1 0 0 1 0 0 0 0 0 
1 0 1 0 0 0 1 1 1 1 
1 1 1 1 0 1 1 1 1 0 
1 1 1 1 1 1 1 0 1 0 
1 0 0 1 1 1 1 1 1 0 
1 1 1 1 0 1 1 1 1 0 
1 1 1 0 1 1 0 0 1 1 
1 1 1 1 1 0 1 1 1 1 
1 0 1 1 1 1 1 0 1 1 
0 1 0 1 1 1 0 1 0 1 
Open stacks: 10
Took 8.02 seconds

buffer: Instance 96
numCustomers: 10
numProducts: 10
1 1 1 1 1 1 1 0 0 1 
1 1 1 0 0 1 1 1 0 1 
1 1 1 1 0 1 1 1 0 0 
1 1 1 1 1 1 0 1 1 1 
1 1 1 1 1 1 0 1 1 1 
1 0 0 1 0 1 1 1 0 0 
0 1 1 1 1 1 1 0 0 1 
1 1 1 1 1 1 1 1 1 0 
1 1 1 1 1 1 0 1 1 0 
1 1 0 1 1 1 0 1 0 1 
numSequences: 3628800
minStacks: 10
Best sequence:
9 0 1 2 3 4 5 6 7 8 
1 1 1 1 1 1 1 1 0 0 
1 1 1 1 0 0 1 1 1 0 
0 1 1 1 1 0 1 1 1 0 
1 1 1 1 1 1 1 0 1 1 
1 1 1 1 1 1 1 0 1 1 
0 1 0 0 1 0 1 1 1 0 
1 0 1 1 1 1 1 1 0 0 
0 1 1 1 1 1 1 1 1 1 
0 1 1 1 1 1 1 0 1 1 
1 1 1 0 1 1 1 0 1 0 
Open stacks: 10
Took 8.03 seconds

buffer: Instance 97
numCustomers: 10
numProducts: 10
0 1 1 1 1 1 0 1 1 1 
1 1 1 0 1 1 1 1 1 0 
1 1 0 1 1 1 1 1 1 1 
1 1 0 1 1 1 1 1 1 1 
1 1 0 1 1 1 0 1 0 0 
1 1 1 1 0 1 1 0 1 1 
0 1 1 0 0 1 1 1 1 1 
1 1 1 1 0 1 1 1 1 0 
0 1 0 0 1 1 0 1 1 1 
1 1 1 1 1 1 1 1 1 0 
numSequences: 3628800
minStacks: 10
Best sequence:
9 0 1 2 3 4 5 6 7 8 
1 0 1 1 1 1 1 0 1 1 
0 1 1 1 0 1 1 1 1 1 
1 1 1 0 1 1 1 1 1 1 
1 1 1 0 1 1 1 1 1 1 
0 1 1 0 1 1 1 0 1 0 
1 1 1 1 1 0 1 1 0 1 
1 0 1 1 0 0 1 1 1 1 
0 1 1 1 1 0 1 1 1 1 
1 0 1 0 0 1 1 0 1 1 
0 1 1 1 1 1 1 1 1 1 
Open stacks: 10
Took 8.04 seconds

buffer: Instance 98
numCustomers: 10
numProducts: 10
1 1 0 1 0 1 1 1 1 0 
0 1 1 1 1 1 0 1 1 1 
1 1 0 0 1 1 1 1 1 0 
0 1 0 1 0 0 0 1 0 0 
1 1 1 1 1 0 1 0 1 1 
0 0 1 1 1 1 1 1 1 0 
1 1 1 0 1 0 0 1 0 1 
1 1 1 1 0 1 1 1 1 1 
1 1 1 1 1 1 1 0 0 1 
1 1 1 1 1 0 0 1 0 0 
numSequences: 3628800
minStacks: 10
Best sequence:
9 0 1 2 3 4 5 6 7 8 
0 1 1 0 1 0 1 1 1 1 
1 0 1 1 1 1 1 0 1 1 
0 1 1 0 0 1 1 1 1 1 
0 0 1 0 1 0 0 0 1 0 
1 1 1 1 1 1 0 1 0 1 
0 0 0 1 1 1 1 1 1 1 
1 1 1 1 0 1 0 0 1 0 
1 1 1 1 1 0 1 1 1 1 
1 1 1 1 1 1 1 1 0 0 
0 1 1 1 1 1 0 0 1 0 
Open stacks: 10
Took 8.02 seconds

buffer: Instance 99
numCustomers: 10
numProducts: 10
1 1 1 1 0 1 1 0 1 1 
0 0 0 0 1 1 0 1 1 1 
1 1 1 1 1 1 0 1 1 1 
1 1 1 1 1 0 1 1 0 1 
0 1 1 1 1 1 1 1 0 1 
1 0 0 1 1 1 1 1 0 1 
1 1 1 1 1 1 1 1 1 0 
1 1 1 1 1 1 1 0 1 1 
1 1 0 0 1 1 0 1 1 0 
0 1 1 1 1 0 0 0 1 1 
numSequences: 3628800
minStacks: 10
Best sequence:
9 0 1 2 3 4 5 6 7 8 
1 1 1 1 1 0 1 1 0 1 
1 0 0 0 0 1 1 0 1 1 
1 1 1 1 1 1 1 0 1 1 
1 1 1 1 1 1 0 1 1 0 
1 0 1 1 1 1 1 1 1 0 
1 1 0 0 1 1 1 1 1 0 
0 1 1 1 1 1 1 1 1 1 
1 1 1 1 1 1 1 1 0 1 
0 1 1 0 0 1 1 0 1 1 
1 0 1 1 1 1 0 0 0 1 
Open stacks: 10
Took 8.05 seconds

Solved: 10 instances
totalTime: 81.72 seconds
minTime: 8.02 seconds
maxTime: 9.43 seconds
Average: 8.172 seconds
