Solving by Dynamic Programming...
buffer: Instance 160
numCustomers: 10
numProducts: 17
1 0 1 1 1 0 1 1 1 1 1 1 0 1 1 1 1 
1 1 1 1 1 1 0 0 1 1 1 1 1 1 1 1 1 
1 0 1 1 1 1 1 1 0 1 1 1 1 1 0 0 1 
0 1 1 1 0 1 1 0 0 0 1 1 0 0 1 0 1 
1 1 1 1 1 1 1 1 1 1 0 1 1 1 1 1 1 
1 1 1 1 1 0 0 0 0 1 0 0 1 1 1 1 0 
0 1 0 1 1 1 1 1 1 1 1 1 1 1 1 1 1 
1 1 1 0 1 1 1 1 1 1 1 0 1 1 1 1 1 
1 1 1 1 1 1 1 1 1 1 0 1 1 1 1 1 0 
1 1 1 1 1 1 1 1 1 1 0 1 1 1 0 1 1 
Best sequence:
0 1 2 3 4 5 6 7 8 9 10 11 12 13 14 15 16 
1 0 1 1 1 0 1 1 1 1 1 1 0 1 1 1 1 
1 1 1 1 1 1 0 0 1 1 1 1 1 1 1 1 1 
1 0 1 1 1 1 1 1 0 1 1 1 1 1 0 0 1 
0 1 1 1 0 1 1 0 0 0 1 1 0 0 1 0 1 
1 1 1 1 1 1 1 1 1 1 0 1 1 1 1 1 1 
1 1 1 1 1 0 0 0 0 1 0 0 1 1 1 1 0 
0 1 0 1 1 1 1 1 1 1 1 1 1 1 1 1 1 
1 1 1 0 1 1 1 1 1 1 1 0 1 1 1 1 1 
1 1 1 1 1 1 1 1 1 1 0 1 1 1 1 1 0 
1 1 1 1 1 1 1 1 1 1 0 1 1 1 0 1 1 
OpenStacks: 10
Took 3.32 seconds

buffer: Instance 161
numCustomers: 10
numProducts: 17
1 1 1 0 1 1 1 0 1 1 0 1 1 1 1 1 1 
1 1 0 1 1 0 0 1 0 0 1 1 1 1 1 1 1 
1 1 1 1 1 1 0 0 1 1 1 1 1 0 1 0 1 
1 1 1 1 1 1 0 0 1 0 0 1 1 1 1 1 1 
1 0 1 1 1 1 1 0 1 1 1 1 1 1 1 0 1 
0 1 1 1 1 1 0 0 1 1 1 1 1 0 1 1 0 
1 1 0 1 1 1 0 0 0 1 0 1 1 1 1 1 0 
1 1 0 1 0 1 1 1 1 1 1 1 1 1 1 1 1 
1 0 0 1 1 1 1 1 1 1 1 1 1 0 1 1 1 
0 1 0 1 1 1 0 1 1 1 0 1 1 1 1 1 1 
Best sequence:
0 1 2 3 4 5 6 7 8 9 10 11 12 13 14 15 16 
1 1 1 0 1 1 1 0 1 1 0 1 1 1 1 1 1 
1 1 0 1 1 0 0 1 0 0 1 1 1 1 1 1 1 
1 1 1 1 1 1 0 0 1 1 1 1 1 0 1 0 1 
1 1 1 1 1 1 0 0 1 0 0 1 1 1 1 1 1 
1 0 1 1 1 1 1 0 1 1 1 1 1 1 1 0 1 
0 1 1 1 1 1 0 0 1 1 1 1 1 0 1 1 0 
1 1 0 1 1 1 0 0 0 1 0 1 1 1 1 1 0 
1 1 0 1 0 1 1 1 1 1 1 1 1 1 1 1 1 
1 0 0 1 1 1 1 1 1 1 1 1 1 0 1 1 1 
0 1 0 1 1 1 0 1 1 1 0 1 1 1 1 1 1 
OpenStacks: 10
Took 2.51 seconds

buffer: Instance 162
numCustomers: 10
numProducts: 17
1 1 1 0 1 1 0 1 1 1 0 1 1 1 1 1 1 
0 0 1 1 0 0 1 1 1 1 0 1 1 1 1 0 0 
0 0 0 1 1 0 1 1 1 0 1 1 1 1 0 1 0 
0 1 1 1 1 1 0 1 1 1 0 1 1 1 1 1 1 
0 1 1 1 1 1 1 1 1 0 1 1 0 1 1 1 1 
1 0 1 1 1 1 1 1 1 1 1 0 1 0 1 1 1 
1 1 1 0 1 1 1 1 1 1 0 0 0 0 1 1 0 
0 1 1 0 1 0 1 1 0 1 1 0 0 1 1 1 1 
1 1 1 1 0 1 0 0 1 1 0 1 0 0 0 1 1 
1 1 1 1 0 1 1 1 1 1 1 0 1 0 1 1 1 
Best sequence:
0 1 2 3 4 5 6 7 8 9 10 11 12 13 14 15 16 
1 1 1 0 1 1 0 1 1 1 0 1 1 1 1 1 1 
0 0 1 1 0 0 1 1 1 1 0 1 1 1 1 0 0 
0 0 0 1 1 0 1 1 1 0 1 1 1 1 0 1 0 
0 1 1 1 1 1 0 1 1 1 0 1 1 1 1 1 1 
0 1 1 1 1 1 1 1 1 0 1 1 0 1 1 1 1 
1 0 1 1 1 1 1 1 1 1 1 0 1 0 1 1 1 
1 1 1 0 1 1 1 1 1 1 0 0 0 0 1 1 0 
0 1 1 0 1 0 1 1 0 1 1 0 0 1 1 1 1 
1 1 1 1 0 1 0 0 1 1 0 1 0 0 0 1 1 
1 1 1 1 0 1 1 1 1 1 1 0 1 0 1 1 1 
OpenStacks: 10
Took 2.51 seconds

buffer: Instance 163
numCustomers: 10
numProducts: 17
1 1 1 0 1 1 1 0 1 1 0 1 1 1 1 0 0 
1 1 1 1 0 1 1 0 1 1 1 1 1 0 0 1 1 
1 1 1 1 0 1 1 1 1 1 1 1 1 1 1 1 1 
0 1 1 0 1 1 1 1 1 1 1 1 0 1 0 0 1 
1 1 1 1 1 1 0 1 0 1 0 1 1 1 1 1 1 
1 1 1 0 1 1 1 1 1 1 1 1 1 0 0 1 1 
1 1 1 1 0 1 0 1 1 1 0 1 0 1 1 1 0 
1 1 0 0 0 0 1 1 1 1 1 1 1 0 1 1 1 
1 1 1 1 0 0 1 0 1 1 0 1 1 1 0 1 1 
1 0 0 1 0 1 1 1 1 1 1 1 0 0 0 1 1 
Best sequence:
0 1 2 3 4 5 6 7 8 9 10 11 12 13 14 15 16 
1 1 1 0 1 1 1 0 1 1 0 1 1 1 1 0 0 
1 1 1 1 0 1 1 0 1 1 1 1 1 0 0 1 1 
1 1 1 1 0 1 1 1 1 1 1 1 1 1 1 1 1 
0 1 1 0 1 1 1 1 1 1 1 1 0 1 0 0 1 
1 1 1 1 1 1 0 1 0 1 0 1 1 1 1 1 1 
1 1 1 0 1 1 1 1 1 1 1 1 1 0 0 1 1 
1 1 1 1 0 1 0 1 1 1 0 1 0 1 1 1 0 
1 1 0 0 0 0 1 1 1 1 1 1 1 0 1 1 1 
1 1 1 1 0 0 1 0 1 1 0 1 1 1 0 1 1 
1 0 0 1 0 1 1 1 1 1 1 1 0 0 0 1 1 
OpenStacks: 10
Took 2.51 seconds

buffer: Instance 164
numCustomers: 10
numProducts: 17
0 1 1 1 1 1 0 1 1 1 1 1 0 1 1 1 1 
1 1 1 1 1 1 1 0 1 1 0 0 1 1 1 1 1 
0 0 1 1 1 1 1 1 1 1 1 0 1 1 1 1 1 
1 1 1 0 1 0 0 1 1 1 1 1 1 1 1 0 0 
1 0 1 1 0 1 1 1 1 0 1 0 0 1 0 1 1 
0 0 1 0 1 0 1 1 0 1 0 1 1 1 1 1 1 
0 0 1 0 1 1 1 1 1 1 1 1 1 1 1 1 0 
0 0 1 1 1 0 1 1 1 0 1 0 0 0 1 1 1 
1 1 0 1 0 1 1 0 1 0 1 1 0 0 1 0 1 
1 0 1 0 1 1 0 0 1 1 0 1 1 1 1 1 1 
Best sequence:
0 1 2 3 4 5 6 7 8 9 10 11 12 13 14 15 16 
0 1 1 1 1 1 0 1 1 1 1 1 0 1 1 1 1 
1 1 1 1 1 1 1 0 1 1 0 0 1 1 1 1 1 
0 0 1 1 1 1 1 1 1 1 1 0 1 1 1 1 1 
1 1 1 0 1 0 0 1 1 1 1 1 1 1 1 0 0 
1 0 1 1 0 1 1 1 1 0 1 0 0 1 0 1 1 
0 0 1 0 1 0 1 1 0 1 0 1 1 1 1 1 1 
0 0 1 0 1 1 1 1 1 1 1 1 1 1 1 1 0 
0 0 1 1 1 0 1 1 1 0 1 0 0 0 1 1 1 
1 1 0 1 0 1 1 0 1 0 1 1 0 0 1 0 1 
1 0 1 0 1 1 0 0 1 1 0 1 1 1 1 1 1 
OpenStacks: 10
Took 2.5 seconds

buffer: Instance 165
numCustomers: 10
numProducts: 17
1 1 1 1 1 1 1 1 1 1 1 1 0 1 1 0 1 
1 1 0 1 1 1 1 0 0 1 1 0 1 1 1 1 1 
1 1 1 1 1 0 1 0 0 1 1 1 1 1 1 1 1 
1 1 0 1 1 1 1 1 1 0 0 1 1 1 1 1 1 
1 0 0 1 0 1 1 1 1 1 1 1 1 1 0 0 0 
0 1 1 1 0 1 0 0 1 1 1 1 1 1 1 1 0 
1 1 1 1 1 1 1 0 1 1 1 1 1 1 0 0 0 
1 1 0 0 1 0 1 0 1 1 1 1 1 1 1 1 1 
1 1 1 1 0 1 0 1 0 1 1 1 1 1 0 1 1 
1 0 1 0 1 0 0 1 0 1 0 1 0 0 1 1 1 
Best sequence:
0 1 2 3 4 5 6 7 8 9 10 11 12 13 14 15 16 
1 1 1 1 1 1 1 1 1 1 1 1 0 1 1 0 1 
1 1 0 1 1 1 1 0 0 1 1 0 1 1 1 1 1 
1 1 1 1 1 0 1 0 0 1 1 1 1 1 1 1 1 
1 1 0 1 1 1 1 1 1 0 0 1 1 1 1 1 1 
1 0 0 1 0 1 1 1 1 1 1 1 1 1 0 0 0 
0 1 1 1 0 1 0 0 1 1 1 1 1 1 1 1 0 
1 1 1 1 1 1 1 0 1 1 1 1 1 1 0 0 0 
1 1 0 0 1 0 1 0 1 1 1 1 1 1 1 1 1 
1 1 1 1 0 1 0 1 0 1 1 1 1 1 0 1 1 
1 0 1 0 1 0 0 1 0 1 0 1 0 0 1 1 1 
OpenStacks: 10
Took 2.5 seconds

buffer: Instance 166
numCustomers: 10
numProducts: 17
0 1 1 1 1 1 1 1 1 0 1 1 1 1 1 1 1 
1 0 1 0 0 1 1 0 0 1 0 1 1 1 0 1 0 
1 1 1 1 1 1 1 0 1 1 1 1 1 1 0 1 1 
1 1 0 0 1 1 1 1 1 1 1 0 1 1 0 1 0 
0 1 1 0 1 1 0 1 1 1 1 1 0 1 1 0 1 
1 0 1 1 1 1 1 0 1 1 1 1 1 1 0 1 1 
1 1 1 1 1 1 0 1 0 0 0 1 1 0 0 1 0 
1 0 0 1 1 1 0 1 1 0 0 0 1 0 1 1 1 
1 1 1 1 0 1 1 1 1 1 1 1 1 1 1 1 0 
1 1 0 1 1 1 1 1 1 1 1 1 1 1 1 1 1 
Best sequence:
0 1 2 3 4 5 6 7 8 9 10 11 12 13 14 15 16 
0 1 1 1 1 1 1 1 1 0 1 1 1 1 1 1 1 
1 0 1 0 0 1 1 0 0 1 0 1 1 1 0 1 0 
1 1 1 1 1 1 1 0 1 1 1 1 1 1 0 1 1 
1 1 0 0 1 1 1 1 1 1 1 0 1 1 0 1 0 
0 1 1 0 1 1 0 1 1 1 1 1 0 1 1 0 1 
1 0 1 1 1 1 1 0 1 1 1 1 1 1 0 1 1 
1 1 1 1 1 1 0 1 0 0 0 1 1 0 0 1 0 
1 0 0 1 1 1 0 1 1 0 0 0 1 0 1 1 1 
1 1 1 1 0 1 1 1 1 1 1 1 1 1 1 1 0 
1 1 0 1 1 1 1 1 1 1 1 1 1 1 1 1 1 
OpenStacks: 10
Took 2.51 seconds

buffer: Instance 167
numCustomers: 10
numProducts: 17
1 0 1 1 1 1 0 1 1 0 1 1 1 1 1 1 1 
0 1 0 1 1 1 1 1 1 1 1 1 1 1 1 1 1 
1 1 0 1 1 0 1 1 1 1 1 1 1 0 1 1 1 
0 1 1 1 1 1 1 1 1 0 1 1 0 1 1 1 0 
1 1 0 1 0 0 1 0 1 1 1 1 1 1 1 1 1 
1 1 0 1 0 1 0 0 1 1 1 0 0 1 1 1 0 
1 1 1 1 1 1 1 1 1 1 0 1 1 1 0 1 1 
1 1 1 1 0 1 1 1 0 1 1 1 1 1 0 0 0 
1 0 1 1 0 1 0 1 0 1 1 0 0 0 1 1 0 
1 1 1 1 1 1 1 1 1 0 1 1 1 1 1 0 1 
Best sequence:
0 1 2 3 4 5 6 7 8 9 10 11 12 13 14 15 16 
1 0 1 1 1 1 0 1 1 0 1 1 1 1 1 1 1 
0 1 0 1 1 1 1 1 1 1 1 1 1 1 1 1 1 
1 1 0 1 1 0 1 1 1 1 1 1 1 0 1 1 1 
0 1 1 1 1 1 1 1 1 0 1 1 0 1 1 1 0 
1 1 0 1 0 0 1 0 1 1 1 1 1 1 1 1 1 
1 1 0 1 0 1 0 0 1 1 1 0 0 1 1 1 0 
1 1 1 1 1 1 1 1 1 1 0 1 1 1 0 1 1 
1 1 1 1 0 1 1 1 0 1 1 1 1 1 0 0 0 
1 0 1 1 0 1 0 1 0 1 1 0 0 0 1 1 0 
1 1 1 1 1 1 1 1 1 0 1 1 1 1 1 0 1 
OpenStacks: 10
Took 2.49 seconds

buffer: Instance 168
numCustomers: 10
numProducts: 17
0 0 0 0 1 1 1 0 1 1 0 0 1 1 1 1 1 
1 1 1 1 1 0 1 1 0 1 1 0 0 0 0 1 1 
0 1 1 0 1 1 1 1 0 1 0 1 0 1 1 1 1 
1 0 1 1 0 1 1 0 0 1 1 1 0 1 1 1 0 
0 1 1 1 1 1 1 1 1 1 1 1 0 1 1 1 1 
0 1 1 1 0 0 1 1 1 1 1 0 1 0 0 1 0 
1 1 1 1 0 1 0 1 1 0 1 1 0 1 1 0 1 
0 1 0 1 1 1 1 1 1 1 0 1 1 1 1 0 1 
0 1 1 1 1 0 0 1 1 0 1 0 1 1 1 0 0 
1 1 1 0 1 1 1 1 1 1 0 1 1 1 1 1 1 
Best sequence:
0 1 2 3 4 5 6 7 8 9 10 11 12 13 14 15 16 
0 0 0 0 1 1 1 0 1 1 0 0 1 1 1 1 1 
1 1 1 1 1 0 1 1 0 1 1 0 0 0 0 1 1 
0 1 1 0 1 1 1 1 0 1 0 1 0 1 1 1 1 
1 0 1 1 0 1 1 0 0 1 1 1 0 1 1 1 0 
0 1 1 1 1 1 1 1 1 1 1 1 0 1 1 1 1 
0 1 1 1 0 0 1 1 1 1 1 0 1 0 0 1 0 
1 1 1 1 0 1 0 1 1 0 1 1 0 1 1 0 1 
0 1 0 1 1 1 1 1 1 1 0 1 1 1 1 0 1 
0 1 1 1 1 0 0 1 1 0 1 0 1 1 1 0 0 
1 1 1 0 1 1 1 1 1 1 0 1 1 1 1 1 1 
OpenStacks: 10
Took 2.51 seconds

buffer: Instance 169
numCustomers: 10
numProducts: 17
0 1 0 1 1 1 1 1 1 1 1 1 0 1 1 1 1 
1 1 0 1 1 1 1 1 1 1 1 1 1 1 1 0 0 
1 0 1 1 1 1 0 1 1 1 1 0 1 0 1 1 1 
0 0 1 1 1 0 1 0 1 1 1 1 0 1 0 0 0 
0 1 0 1 1 1 1 0 1 0 1 0 1 0 0 1 1 
1 1 0 1 1 1 0 0 1 1 1 1 1 1 1 0 1 
1 1 1 0 1 0 1 1 1 1 1 1 1 1 0 1 1 
1 1 0 1 1 1 1 1 0 0 1 1 0 0 0 1 1 
1 1 0 1 1 0 1 0 0 1 0 0 1 1 1 1 1 
1 1 1 0 1 1 1 1 1 1 1 1 1 1 1 1 1 
Best sequence:
0 1 2 3 4 5 6 7 8 9 10 11 12 13 14 15 16 
0 1 0 1 1 1 1 1 1 1 1 1 0 1 1 1 1 
1 1 0 1 1 1 1 1 1 1 1 1 1 1 1 0 0 
1 0 1 1 1 1 0 1 1 1 1 0 1 0 1 1 1 
0 0 1 1 1 0 1 0 1 1 1 1 0 1 0 0 0 
0 1 0 1 1 1 1 0 1 0 1 0 1 0 0 1 1 
1 1 0 1 1 1 0 0 1 1 1 1 1 1 1 0 1 
1 1 1 0 1 0 1 1 1 1 1 1 1 1 0 1 1 
1 1 0 1 1 1 1 1 0 0 1 1 0 0 0 1 1 
1 1 0 1 1 0 1 0 0 1 0 0 1 1 1 1 1 
1 1 1 0 1 1 1 1 1 1 1 1 1 1 1 1 1 
OpenStacks: 10
Took 2.51 seconds

Solved: 10 instances
totalTime: 25.87 seconds
minTime: 2.49 seconds
maxTime: 3.32 seconds
Average: 2.587 seconds
