Solving by Dynamic Programming...
buffer: Instance 140
numCustomers: 10
numProducts: 15
1 1 0 1 0 1 1 1 1 1 1 1 1 1 1 
1 1 1 1 1 1 0 1 0 1 1 1 1 0 0 
1 1 0 1 1 1 1 1 1 1 1 0 1 1 0 
1 1 0 1 1 1 0 0 1 0 1 1 1 0 1 
1 1 1 1 1 1 0 1 1 1 0 1 0 1 1 
1 1 1 1 1 1 0 1 1 1 1 0 1 1 1 
1 1 0 1 1 1 1 1 1 1 1 1 1 1 0 
0 1 1 1 1 0 1 0 1 0 0 0 0 1 1 
0 0 1 1 1 1 0 1 0 1 0 1 1 1 1 
1 1 0 1 1 1 1 1 1 0 0 1 1 1 1 
Best Sequence: 
14 13 12 11 10 9 8 7 6 5 4 3 2 1 0 
1 1 1 1 1 1 1 1 1 1 0 1 0 1 1 
0 0 1 1 1 1 0 1 0 1 1 1 1 1 1 
0 1 1 0 1 1 1 1 1 1 1 1 0 1 1 
1 0 1 1 1 0 1 0 0 1 1 1 0 1 1 
1 1 0 1 0 1 1 1 0 1 1 1 1 1 1 
1 1 1 0 1 1 1 1 0 1 1 1 1 1 1 
0 1 1 1 1 1 1 1 1 1 1 1 0 1 1 
1 1 0 0 0 0 1 0 1 0 1 1 1 1 0 
1 1 1 1 0 1 0 1 0 1 1 1 1 0 0 
1 1 1 1 0 0 1 1 1 1 1 1 0 1 1 
OpenStacks: 10
Took 5.61 seconds

buffer: Instance 141
numCustomers: 10
numProducts: 15
1 1 1 1 1 0 1 1 1 1 1 1 1 1 0 
0 1 0 1 1 0 1 1 1 0 1 1 1 0 1 
1 0 0 1 1 1 1 1 0 1 1 1 1 0 1 
0 1 0 0 1 0 1 0 1 1 1 1 1 0 1 
1 1 1 1 1 0 1 0 1 0 1 1 0 1 1 
0 1 1 0 1 1 1 0 1 0 1 1 0 1 1 
0 0 1 1 1 1 0 1 0 1 1 1 1 1 1 
0 1 1 1 1 0 0 1 0 0 1 1 1 0 1 
1 1 1 1 1 1 1 1 1 1 1 1 0 0 1 
1 0 1 1 1 1 1 1 1 0 0 1 1 1 1 
Best Sequence: 
14 13 12 11 10 9 8 7 6 5 4 3 2 1 0 
0 1 1 1 1 1 1 1 1 0 1 1 1 1 1 
1 0 1 1 1 0 1 1 1 0 1 1 0 1 0 
1 0 1 1 1 1 0 1 1 1 1 1 0 0 1 
1 0 1 1 1 1 1 0 1 0 1 0 0 1 0 
1 1 0 1 1 0 1 0 1 0 1 1 1 1 1 
1 1 0 1 1 0 1 0 1 1 1 0 1 1 0 
1 1 1 1 1 1 0 1 0 1 1 1 1 0 0 
1 0 1 1 1 0 0 1 0 0 1 1 1 1 0 
1 0 0 1 1 1 1 1 1 1 1 1 1 1 1 
1 1 1 1 0 0 1 1 1 1 1 1 1 0 1 
OpenStacks: 10
Took 5.61 seconds

buffer: Instance 142
numCustomers: 10
numProducts: 15
1 1 1 1 1 0 0 0 1 1 1 1 0 0 1 
1 1 1 1 1 0 1 1 1 0 1 1 1 1 1 
1 1 1 1 1 0 1 0 0 1 0 1 1 1 1 
1 1 1 0 0 1 1 1 1 1 1 1 0 1 1 
1 0 1 1 1 1 1 0 0 1 0 1 1 1 1 
0 1 1 0 1 0 1 1 0 1 1 1 1 1 1 
1 0 1 1 1 1 1 1 1 1 1 1 1 1 0 
1 0 1 1 0 1 0 1 1 1 1 0 1 1 1 
1 0 1 1 0 1 1 1 1 1 0 0 1 1 1 
1 1 1 0 1 1 1 1 1 1 1 1 1 1 1 
Best Sequence: 
14 13 12 11 10 9 8 7 6 5 4 3 2 1 0 
1 0 0 1 1 1 1 0 0 0 1 1 1 1 1 
1 1 1 1 1 0 1 1 1 0 1 1 1 1 1 
1 1 1 1 0 1 0 0 1 0 1 1 1 1 1 
1 1 0 1 1 1 1 1 1 1 0 0 1 1 1 
1 1 1 1 0 1 0 0 1 1 1 1 1 0 1 
1 1 1 1 1 1 0 1 1 0 1 0 1 1 0 
0 1 1 1 1 1 1 1 1 1 1 1 1 0 1 
1 1 1 0 1 1 1 1 0 1 0 1 1 0 1 
1 1 1 0 0 1 1 1 1 1 0 1 1 0 1 
1 1 1 1 1 1 1 1 1 1 1 0 1 1 1 
OpenStacks: 10
Took 5.61 seconds

buffer: Instance 143
numCustomers: 10
numProducts: 15
1 0 1 1 1 1 1 1 0 1 1 0 1 0 1 
0 1 1 1 1 0 1 0 0 1 1 0 1 1 1 
0 0 1 1 0 1 0 0 1 1 1 1 1 1 1 
0 0 1 0 1 0 1 1 1 0 1 0 1 1 1 
0 0 1 1 0 0 1 1 1 1 1 1 0 0 1 
0 0 1 1 1 0 1 1 1 0 0 1 0 1 0 
1 0 1 0 0 1 1 1 1 1 1 0 0 0 1 
1 1 1 1 1 1 1 1 1 1 1 1 1 1 1 
1 0 1 1 1 1 0 1 0 0 1 1 1 1 1 
1 1 1 0 1 1 1 1 1 1 1 0 0 1 1 
Best Sequence: 
14 13 12 11 10 9 8 7 6 5 4 3 2 1 0 
1 0 1 0 1 1 0 1 1 1 1 1 1 0 1 
1 1 1 0 1 1 0 0 1 0 1 1 1 1 0 
1 1 1 1 1 1 1 0 0 1 0 1 1 0 0 
1 1 1 0 1 0 1 1 1 0 1 0 1 0 0 
1 0 0 1 1 1 1 1 1 0 0 1 1 0 0 
0 1 0 1 0 0 1 1 1 0 1 1 1 0 0 
1 0 0 0 1 1 1 1 1 1 0 0 1 0 1 
1 1 1 1 1 1 1 1 1 1 1 1 1 1 1 
1 1 1 1 1 0 0 1 0 1 1 1 1 0 1 
1 1 0 0 1 1 1 1 1 1 1 0 1 1 1 
OpenStacks: 10
Took 5.6 seconds

buffer: Instance 144
numCustomers: 10
numProducts: 15
1 1 1 1 1 1 1 1 0 1 1 1 1 1 0 
1 1 1 1 1 1 1 1 1 0 0 1 0 1 1 
1 1 1 0 1 1 1 1 1 1 1 1 1 0 1 
1 1 1 1 1 1 0 1 1 0 1 0 0 0 1 
0 1 1 1 1 1 0 1 0 1 1 1 1 1 1 
0 0 0 1 0 1 0 0 1 1 0 1 0 1 1 
0 0 1 1 1 0 1 0 1 1 0 1 1 0 1 
1 1 1 1 1 1 1 1 1 1 1 1 1 1 1 
1 0 1 0 0 1 1 0 1 0 0 1 1 1 1 
1 1 1 1 1 0 1 1 1 1 1 0 1 0 1 
Best Sequence: 
14 13 12 11 10 9 8 7 6 5 4 3 2 1 0 
0 1 1 1 1 1 0 1 1 1 1 1 1 1 1 
1 1 0 1 0 0 1 1 1 1 1 1 1 1 1 
1 0 1 1 1 1 1 1 1 1 1 0 1 1 1 
1 0 0 0 1 0 1 1 0 1 1 1 1 1 1 
1 1 1 1 1 1 0 1 0 1 1 1 1 1 0 
1 1 0 1 0 1 1 0 0 1 0 1 0 0 0 
1 0 1 1 0 1 1 0 1 0 1 1 1 0 0 
1 1 1 1 1 1 1 1 1 1 1 1 1 1 1 
1 1 1 1 0 0 1 0 1 1 0 0 1 0 1 
1 0 1 0 1 1 1 1 1 0 1 1 1 1 1 
OpenStacks: 10
Took 5.62 seconds

buffer: Instance 145
numCustomers: 10
numProducts: 15
1 1 0 1 1 0 1 1 0 1 1 1 1 1 0 
1 0 1 1 1 1 1 1 1 1 1 0 1 1 1 
0 1 1 1 0 1 1 1 0 1 1 1 1 0 1 
1 1 1 0 1 1 0 1 1 1 1 1 1 1 1 
1 1 1 1 1 1 1 1 1 1 1 1 1 1 1 
0 0 0 0 1 1 1 1 1 0 1 1 0 0 1 
1 1 0 1 1 1 1 0 1 1 1 1 1 0 0 
0 1 1 0 1 0 1 1 1 0 1 0 1 1 1 
1 1 0 1 1 1 1 1 1 1 1 1 0 0 0 
1 1 1 1 0 1 1 1 0 1 0 1 1 1 0 
Best Sequence: 
14 13 12 11 10 9 8 7 6 5 4 3 2 1 0 
0 1 1 1 1 1 0 1 1 0 1 1 0 1 1 
1 1 1 0 1 1 1 1 1 1 1 1 1 0 1 
1 0 1 1 1 1 0 1 1 1 0 1 1 1 0 
1 1 1 1 1 1 1 1 0 1 1 0 1 1 1 
1 1 1 1 1 1 1 1 1 1 1 1 1 1 1 
1 0 0 1 1 0 1 1 1 1 1 0 0 0 0 
0 0 1 1 1 1 1 0 1 1 1 1 0 1 1 
1 1 1 0 1 0 1 1 1 0 1 0 1 1 0 
0 0 0 1 1 1 1 1 1 1 1 1 0 1 1 
0 1 1 1 0 1 0 1 1 1 0 1 1 1 1 
OpenStacks: 10
Took 5.62 seconds

buffer: Instance 146
numCustomers: 10
numProducts: 15
1 1 0 1 1 1 0 1 0 0 1 0 0 1 1 
0 1 0 1 1 1 0 1 1 0 1 1 1 1 0 
0 1 1 0 1 1 1 1 1 0 1 1 1 1 1 
0 1 1 1 1 1 1 1 1 1 0 0 1 0 1 
1 1 0 0 1 1 1 0 0 0 0 1 1 1 1 
1 0 0 1 1 1 1 1 1 1 1 1 1 1 0 
1 0 1 1 1 1 1 1 1 1 0 1 1 0 0 
1 1 0 0 1 1 1 1 1 0 1 1 1 1 1 
0 1 0 1 0 1 0 1 1 1 1 0 1 1 1 
1 1 1 1 0 1 1 0 1 1 1 0 0 1 1 
Best Sequence: 
14 13 12 11 10 9 8 7 6 5 4 3 2 1 0 
1 1 0 0 1 0 0 1 0 1 1 1 0 1 1 
0 1 1 1 1 0 1 1 0 1 1 1 0 1 0 
1 1 1 1 1 0 1 1 1 1 1 0 1 1 0 
1 0 1 0 0 1 1 1 1 1 1 1 1 1 0 
1 1 1 1 0 0 0 0 1 1 1 0 0 1 1 
0 1 1 1 1 1 1 1 1 1 1 1 0 0 1 
0 0 1 1 0 1 1 1 1 1 1 1 1 0 1 
1 1 1 1 1 0 1 1 1 1 1 0 0 1 1 
1 1 1 0 1 1 1 1 0 1 0 1 0 1 0 
1 1 0 0 1 1 1 0 1 1 0 1 1 1 1 
OpenStacks: 10
Took 5.63 seconds

buffer: Instance 147
numCustomers: 10
numProducts: 15
1 1 1 1 1 1 1 1 1 1 1 1 1 1 0 
1 1 0 1 1 0 1 1 1 1 0 1 1 1 1 
1 1 1 1 0 1 0 1 0 0 1 1 1 1 1 
0 0 1 0 1 1 1 1 1 1 1 0 1 1 1 
0 1 1 1 1 1 1 1 1 1 1 1 1 0 1 
0 0 1 1 1 0 0 1 0 0 1 1 1 1 1 
0 0 1 1 1 0 0 1 1 0 1 1 1 1 1 
1 1 1 1 1 0 1 1 0 1 1 1 0 1 1 
1 1 1 0 1 1 1 1 1 1 1 1 0 1 1 
1 0 1 0 1 1 1 0 1 0 1 0 0 1 1 
Best Sequence: 
14 13 12 11 10 9 8 7 6 5 4 3 2 1 0 
0 1 1 1 1 1 1 1 1 1 1 1 1 1 1 
1 1 1 1 0 1 1 1 1 0 1 1 0 1 1 
1 1 1 1 1 0 0 1 0 1 0 1 1 1 1 
1 1 1 0 1 1 1 1 1 1 1 0 1 0 0 
1 0 1 1 1 1 1 1 1 1 1 1 1 1 0 
1 1 1 1 1 0 0 1 0 0 1 1 1 0 0 
1 1 1 1 1 0 1 1 0 0 1 1 1 0 0 
1 1 0 1 1 1 0 1 1 0 1 1 1 1 1 
1 1 0 1 1 1 1 1 1 1 1 0 1 1 1 
1 1 0 0 1 0 1 0 1 1 1 0 1 0 1 
OpenStacks: 10
Took 5.6 seconds

buffer: Instance 148
numCustomers: 10
numProducts: 15
1 1 0 1 1 0 1 1 1 1 1 0 1 1 1 
0 1 0 1 0 1 1 1 1 1 1 1 1 0 1 
0 1 0 0 0 1 1 1 1 0 1 0 1 1 1 
1 1 1 1 1 1 1 1 1 1 0 1 0 1 1 
1 0 1 1 1 1 1 1 0 0 0 1 1 1 1 
1 1 1 1 1 1 1 0 0 1 1 1 1 0 1 
0 1 1 1 1 0 1 0 0 1 0 0 1 1 1 
1 1 0 1 0 1 0 0 0 0 1 0 1 1 1 
1 0 1 1 0 1 0 1 1 1 1 1 0 1 1 
1 1 0 1 1 1 1 0 1 0 1 1 1 0 1 
Best Sequence: 
14 13 12 11 10 9 8 7 6 5 4 3 2 1 0 
1 1 1 0 1 1 1 1 1 0 1 1 0 1 1 
1 0 1 1 1 1 1 1 1 1 0 1 0 1 0 
1 1 1 0 1 0 1 1 1 1 0 0 0 1 0 
1 1 0 1 0 1 1 1 1 1 1 1 1 1 1 
1 1 1 1 0 0 0 1 1 1 1 1 1 0 1 
1 0 1 1 1 1 0 0 1 1 1 1 1 1 1 
1 1 1 0 0 1 0 0 1 0 1 1 1 1 0 
1 1 1 0 1 0 0 0 0 1 0 1 0 1 1 
1 1 0 1 1 1 1 1 0 1 0 1 1 0 1 
1 0 1 1 1 0 1 0 1 1 1 1 0 1 1 
OpenStacks: 10
Took 5.62 seconds

buffer: Instance 149
numCustomers: 10
numProducts: 15
1 1 1 0 0 0 1 1 1 1 1 0 0 0 1 
1 1 0 0 1 1 1 1 1 0 1 1 1 1 0 
1 0 1 1 1 0 1 1 1 1 1 1 1 1 1 
1 0 1 0 1 1 0 1 1 1 1 1 1 0 0 
0 0 1 1 1 1 1 1 1 1 0 1 1 1 0 
1 0 1 0 0 1 0 1 1 0 0 1 1 1 1 
0 1 1 1 1 1 1 0 1 1 1 0 0 0 0 
0 0 0 1 1 1 1 0 1 1 1 0 1 1 1 
1 0 1 1 1 1 0 1 0 1 1 0 0 1 1 
1 1 1 1 1 1 1 1 1 1 1 0 1 1 0 
Best Sequence: 
14 13 12 11 10 9 8 7 6 5 4 3 2 1 0 
1 0 0 0 1 1 1 1 1 0 0 0 1 1 1 
0 1 1 1 1 0 1 1 1 1 1 0 0 1 1 
1 1 1 1 1 1 1 1 1 0 1 1 1 0 1 
0 0 1 1 1 1 1 1 0 1 1 0 1 0 1 
0 1 1 1 0 1 1 1 1 1 1 1 1 0 0 
1 1 1 1 0 0 1 1 0 1 0 0 1 0 1 
0 0 0 0 1 1 1 0 1 1 1 1 1 1 0 
1 1 1 0 1 1 1 0 1 1 1 1 0 0 0 
1 1 0 0 1 1 0 1 0 1 1 1 1 0 1 
0 1 1 0 1 1 1 1 1 1 1 1 1 1 1 
OpenStacks: 10
Took 5.61 seconds

Solved: 10 instances
totalTime: 56.13 seconds
minTime: 5.6 seconds
maxTime: 5.63 seconds
Average: 5.613 seconds
