Solving by Dynamic Programming...
buffer: Instance 80
numCustomers: 10
numProducts: 9
0 1 1 1 1 0 1 1 1 
0 1 1 1 0 1 0 1 0 
1 1 1 1 0 1 1 1 1 
1 1 1 1 1 1 1 1 0 
1 1 1 1 0 0 0 1 1 
1 1 1 1 1 0 0 1 1 
1 1 1 1 1 0 1 1 1 
1 1 1 0 1 1 1 1 0 
0 1 1 0 1 0 1 1 1 
1 1 0 1 1 1 1 1 0 
Best Sequence: 
8 7 6 5 4 3 2 1 0 
1 1 1 0 1 1 1 1 0 
0 1 0 1 0 1 1 1 0 
1 1 1 1 0 1 1 1 1 
0 1 1 1 1 1 1 1 1 
1 1 0 0 0 1 1 1 1 
1 1 0 0 1 1 1 1 1 
1 1 1 0 1 1 1 1 1 
0 1 1 1 1 0 1 1 1 
1 1 1 0 1 0 1 1 0 
0 1 1 1 1 1 0 1 1 
OpenStacks: 10
Took 0.03 seconds

buffer: Instance 81
numCustomers: 10
numProducts: 9
1 1 0 1 1 1 1 0 1 
1 1 0 1 0 1 1 1 1 
1 1 0 1 1 1 1 1 1 
0 1 0 1 1 1 1 1 1 
0 1 1 1 0 0 1 1 0 
1 1 1 1 1 1 1 1 1 
0 1 1 1 1 1 0 0 1 
1 1 1 1 1 0 0 1 0 
0 1 1 1 1 0 1 0 0 
1 1 1 1 1 0 0 0 1 
Best Sequence: 
8 7 6 5 4 3 2 1 0 
1 0 1 1 1 1 0 1 1 
1 1 1 1 0 1 0 1 1 
1 1 1 1 1 1 0 1 1 
1 1 1 1 1 1 0 1 0 
0 1 1 0 0 1 1 1 0 
1 1 1 1 1 1 1 1 1 
1 0 0 1 1 1 1 1 0 
0 1 0 0 1 1 1 1 1 
0 0 1 0 1 1 1 1 0 
1 0 0 0 1 1 1 1 1 
OpenStacks: 10
Took 0.04 seconds

buffer: Instance 82
numCustomers: 10
numProducts: 9
1 1 1 1 1 1 1 1 1 
1 1 1 1 0 1 1 1 1 
1 1 1 1 1 0 1 0 0 
1 0 0 1 1 1 1 0 1 
1 1 0 1 1 1 1 0 0 
1 0 1 1 0 0 1 1 1 
1 0 0 1 1 0 1 0 1 
1 0 1 0 1 1 0 1 1 
0 1 1 1 1 1 0 0 1 
1 1 0 0 1 1 1 1 1 
Best Sequence: 
8 7 6 5 4 3 2 1 0 
1 1 1 1 1 1 1 1 1 
1 1 1 1 0 1 1 1 1 
0 0 1 0 1 1 1 1 1 
1 0 1 1 1 1 0 0 1 
0 0 1 1 1 1 0 1 1 
1 1 1 0 0 1 1 0 1 
1 0 1 0 1 1 0 0 1 
1 1 0 1 1 0 1 0 1 
1 0 0 1 1 1 1 1 0 
1 1 1 1 1 0 0 1 1 
OpenStacks: 10
Took 0.04 seconds

buffer: Instance 83
numCustomers: 10
numProducts: 9
1 1 1 0 0 1 1 1 1 
1 0 1 1 1 1 1 1 1 
1 1 0 1 1 1 1 0 0 
1 0 0 0 1 1 0 1 1 
0 1 0 1 1 0 1 0 1 
1 1 0 1 1 0 0 1 1 
1 1 0 1 1 1 0 1 0 
0 1 0 0 1 1 1 0 1 
1 0 0 1 0 1 1 1 1 
1 1 0 1 1 1 1 1 0 
Best Sequence: 
8 7 6 5 4 3 2 1 0 
1 1 1 1 0 0 1 1 1 
1 1 1 1 1 1 1 0 1 
0 0 1 1 1 1 0 1 1 
1 1 0 1 1 0 0 0 1 
1 0 1 0 1 1 0 1 0 
1 1 0 0 1 1 0 1 1 
0 1 0 1 1 1 0 1 1 
1 0 1 1 1 0 0 1 0 
1 1 1 1 0 1 0 0 1 
0 1 1 1 1 1 0 1 1 
OpenStacks: 10
Took 0.03 seconds

buffer: Instance 84
numCustomers: 10
numProducts: 9
1 1 1 0 1 1 1 1 1 
1 1 1 0 1 1 1 1 1 
1 1 0 1 1 1 1 1 1 
1 1 1 1 0 1 1 1 0 
1 1 0 1 1 1 1 0 1 
1 0 1 0 1 1 1 0 1 
1 1 0 1 1 0 1 1 1 
1 1 1 1 1 1 1 0 0 
1 1 1 1 1 0 1 1 1 
1 1 1 1 1 1 0 1 1 
Best Sequence: 
8 7 6 5 4 3 2 1 0 
1 1 1 1 1 0 1 1 1 
1 1 1 1 1 0 1 1 1 
1 1 1 1 1 1 0 1 1 
0 1 1 1 0 1 1 1 1 
1 0 1 1 1 1 0 1 1 
1 0 1 1 1 0 1 0 1 
1 1 1 0 1 1 0 1 1 
0 0 1 1 1 1 1 1 1 
1 1 1 0 1 1 1 1 1 
1 1 0 1 1 1 1 1 1 
OpenStacks: 10
Took 0.04 seconds

buffer: Instance 85
numCustomers: 10
numProducts: 9
1 1 1 1 0 0 1 1 1 
1 0 1 0 1 0 1 1 1 
1 1 1 1 1 1 1 1 1 
1 1 1 1 0 0 1 1 1 
0 1 0 1 0 1 1 1 0 
1 0 1 1 1 1 1 1 1 
1 1 0 0 1 1 1 1 0 
0 1 0 1 0 0 1 1 0 
1 1 0 1 1 1 0 1 0 
1 1 1 0 1 1 1 0 1 
Best Sequence: 
8 7 6 5 4 3 2 1 0 
1 1 1 0 0 1 1 1 1 
1 1 1 0 1 0 1 0 1 
1 1 1 1 1 1 1 1 1 
1 1 1 0 0 1 1 1 1 
0 1 1 1 0 1 0 1 0 
1 1 1 1 1 1 1 0 1 
0 1 1 1 1 0 0 1 1 
0 1 1 0 0 1 0 1 0 
0 1 0 1 1 1 0 1 1 
1 0 1 1 1 0 1 1 1 
OpenStacks: 10
Took 0.04 seconds

buffer: Instance 86
numCustomers: 10
numProducts: 9
1 0 1 1 1 1 1 0 1 
1 0 1 1 1 1 0 1 1 
1 1 0 0 1 1 1 1 1 
1 0 1 1 0 1 1 1 0 
1 1 1 1 1 1 1 1 1 
1 1 1 0 1 1 0 1 1 
0 1 1 1 1 0 1 1 1 
0 1 1 1 0 0 0 0 1 
1 1 1 1 0 1 1 1 1 
0 1 1 1 0 0 0 1 1 
Best Sequence: 
8 7 6 5 4 3 2 1 0 
1 0 1 1 1 1 1 0 1 
1 1 0 1 1 1 1 0 1 
1 1 1 1 1 0 0 1 1 
0 1 1 1 0 1 1 0 1 
1 1 1 1 1 1 1 1 1 
1 1 0 1 1 0 1 1 1 
1 1 1 0 1 1 1 1 0 
1 0 0 0 0 1 1 1 0 
1 1 1 1 0 1 1 1 1 
1 1 0 0 0 1 1 1 0 
OpenStacks: 10
Took 0.03 seconds

buffer: Instance 87
numCustomers: 10
numProducts: 9
1 1 1 0 1 0 0 1 1 
1 0 1 1 0 1 0 0 1 
1 1 1 0 1 0 1 1 1 
1 1 1 1 1 1 1 1 1 
1 1 1 1 1 1 0 1 1 
1 1 1 1 1 1 1 1 0 
1 1 1 1 1 1 1 1 1 
0 1 1 0 1 0 1 1 1 
1 0 0 1 1 1 0 1 1 
1 0 1 0 0 1 0 1 1 
Best Sequence: 
8 7 6 5 4 3 2 1 0 
1 1 0 0 1 0 1 1 1 
1 0 0 1 0 1 1 0 1 
1 1 1 0 1 0 1 1 1 
1 1 1 1 1 1 1 1 1 
1 1 0 1 1 1 1 1 1 
0 1 1 1 1 1 1 1 1 
1 1 1 1 1 1 1 1 1 
1 1 1 0 1 0 1 1 0 
1 1 0 1 1 1 0 0 1 
1 1 0 1 0 0 1 0 1 
OpenStacks: 10
Took 0.04 seconds

buffer: Instance 88
numCustomers: 10
numProducts: 9
1 1 1 1 1 0 0 1 1 
0 1 1 1 1 0 1 1 1 
1 1 1 1 1 1 0 1 1 
1 1 1 0 0 1 0 0 0 
1 1 1 1 1 1 1 0 1 
1 1 1 1 1 1 1 1 0 
1 1 0 0 0 1 1 1 1 
1 1 1 1 1 1 0 0 1 
0 0 1 1 1 1 1 1 1 
1 1 1 0 1 1 1 0 0 
Best Sequence: 
8 7 6 5 4 3 2 1 0 
1 1 0 0 1 1 1 1 1 
1 1 1 0 1 1 1 1 0 
1 1 0 1 1 1 1 1 1 
0 0 0 1 0 0 1 1 1 
1 0 1 1 1 1 1 1 1 
0 1 1 1 1 1 1 1 1 
1 1 1 1 0 0 0 1 1 
1 0 0 1 1 1 1 1 1 
1 1 1 1 1 1 1 0 0 
0 0 1 1 1 0 1 1 1 
OpenStacks: 10
Took 0.04 seconds

buffer: Instance 89
numCustomers: 10
numProducts: 9
0 0 0 1 1 1 1 1 1 
1 1 1 1 0 1 1 1 0 
1 1 1 1 1 1 0 1 0 
1 1 1 1 1 1 1 0 1 
0 1 0 1 1 1 0 0 1 
1 0 1 1 0 1 1 1 1 
1 1 0 1 1 0 0 1 0 
1 1 1 1 1 1 1 1 1 
0 1 1 1 1 0 1 1 0 
1 0 1 1 0 1 1 1 1 
Best Sequence: 
8 7 6 5 4 3 2 1 0 
1 1 1 1 1 1 0 0 0 
0 1 1 1 0 1 1 1 1 
0 1 0 1 1 1 1 1 1 
1 0 1 1 1 1 1 1 1 
1 0 0 1 1 1 0 1 0 
1 1 1 1 0 1 1 0 1 
0 1 0 0 1 1 0 1 1 
1 1 1 1 1 1 1 1 1 
0 1 1 0 1 1 1 1 0 
1 1 1 1 0 1 1 0 1 
OpenStacks: 10
Took 0.03 seconds

Solved: 10 instances
totalTime: 0.36 seconds
minTime: 0.03 seconds
maxTime: 0.04 seconds
Average: 0.036 seconds
