Solving by Dynamic Programming...
buffer: Instance 100
numCustomers: 10
numProducts: 11
0 1 0 1 1 1 0 0 0 0 1 
1 1 0 1 1 1 0 1 1 1 1 
1 1 1 1 1 1 1 1 0 1 1 
1 0 0 1 1 1 1 1 1 1 1 
0 0 0 0 0 1 1 1 1 1 1 
1 0 0 0 1 0 1 1 1 1 0 
1 1 1 1 1 1 1 1 0 1 1 
1 0 1 1 1 1 1 1 1 0 1 
1 1 1 1 1 0 1 1 1 1 1 
1 1 1 1 1 1 0 0 1 1 1 
Best Sequence: 
10 9 8 7 6 5 4 3 2 1 0 
1 0 0 0 0 1 1 1 0 1 0 
1 1 1 1 0 1 1 1 0 1 1 
1 1 0 1 1 1 1 1 1 1 1 
1 1 1 1 1 1 1 1 0 0 1 
1 1 1 1 1 1 0 0 0 0 0 
0 1 1 1 1 0 1 0 0 0 1 
1 1 0 1 1 1 1 1 1 1 1 
1 0 1 1 1 1 1 1 1 0 1 
1 1 1 1 1 0 1 1 1 1 1 
1 1 1 0 0 1 1 1 1 1 1 
OpenStacks: 10
Took 0.2 seconds

buffer: Instance 101
numCustomers: 10
numProducts: 11
0 1 1 1 1 1 1 1 0 0 0 
1 1 1 1 1 1 1 1 1 1 0 
1 1 1 1 1 1 1 0 1 0 1 
0 0 1 1 1 1 0 1 1 0 1 
1 1 0 1 0 1 1 1 1 1 1 
1 0 1 0 0 1 1 1 1 1 1 
1 1 1 1 1 1 0 1 1 1 1 
1 1 1 1 1 1 1 0 1 1 0 
1 1 1 1 1 1 1 0 1 0 1 
1 0 0 1 1 1 1 1 1 1 1 
Best Sequence: 
10 9 8 7 6 5 4 3 2 1 0 
0 0 0 1 1 1 1 1 1 1 0 
0 1 1 1 1 1 1 1 1 1 1 
1 0 1 0 1 1 1 1 1 1 1 
1 0 1 1 0 1 1 1 1 0 0 
1 1 1 1 1 1 0 1 0 1 1 
1 1 1 1 1 1 0 0 1 0 1 
1 1 1 1 0 1 1 1 1 1 1 
0 1 1 0 1 1 1 1 1 1 1 
1 0 1 0 1 1 1 1 1 1 1 
1 1 1 1 1 1 1 1 0 0 1 
OpenStacks: 10
Took 0.2 seconds

buffer: Instance 102
numCustomers: 10
numProducts: 11
1 1 1 0 1 0 1 0 1 1 0 
0 1 1 1 1 1 1 1 1 0 0 
0 1 1 1 1 1 0 1 1 1 0 
1 1 1 0 1 1 1 0 1 1 0 
0 0 1 1 0 1 0 1 1 1 1 
1 0 1 1 1 0 1 0 1 1 1 
0 1 1 1 1 1 1 1 1 1 0 
1 1 1 1 1 0 1 1 1 1 0 
0 0 1 1 1 1 1 0 1 1 1 
1 1 0 1 0 0 1 1 1 1 1 
Best Sequence: 
10 9 8 7 6 5 4 3 2 1 0 
0 1 1 0 1 0 1 0 1 1 1 
0 0 1 1 1 1 1 1 1 1 0 
0 1 1 1 0 1 1 1 1 1 0 
0 1 1 0 1 1 1 0 1 1 1 
1 1 1 1 0 1 0 1 1 0 0 
1 1 1 0 1 0 1 1 1 0 1 
0 1 1 1 1 1 1 1 1 1 0 
0 1 1 1 1 0 1 1 1 1 1 
1 1 1 0 1 1 1 1 1 0 0 
1 1 1 1 1 0 0 1 0 1 1 
OpenStacks: 10
Took 0.21 seconds

buffer: Instance 103
numCustomers: 10
numProducts: 11
0 1 1 0 0 1 1 1 1 0 0 
1 0 0 1 0 1 1 1 1 1 1 
1 1 1 1 1 0 1 1 1 0 0 
1 1 1 0 0 1 1 1 1 1 1 
0 0 1 1 1 1 0 0 1 1 1 
1 1 1 1 1 0 0 1 1 1 0 
1 0 0 1 1 1 1 1 1 0 0 
1 1 1 0 0 0 1 1 1 1 1 
0 0 1 1 1 1 0 1 1 1 1 
0 1 1 0 1 0 0 0 0 1 1 
Best Sequence: 
10 9 8 7 6 5 4 3 2 1 0 
0 0 1 1 1 1 0 0 1 1 0 
1 1 1 1 1 1 0 1 0 0 1 
0 0 1 1 1 0 1 1 1 1 1 
1 1 1 1 1 1 0 0 1 1 1 
1 1 1 0 0 1 1 1 1 0 0 
0 1 1 1 0 0 1 1 1 1 1 
0 0 1 1 1 1 1 1 0 0 1 
1 1 1 1 1 0 0 0 1 1 1 
1 1 1 1 0 1 1 1 1 0 0 
1 1 0 0 0 0 1 0 1 1 0 
OpenStacks: 10
Took 0.2 seconds

buffer: Instance 104
numCustomers: 10
numProducts: 11
0 1 0 1 0 1 1 1 0 1 0 
0 1 1 1 1 1 1 0 1 1 0 
1 1 0 0 1 1 1 0 1 1 1 
1 1 1 0 1 0 0 1 1 1 0 
1 0 1 1 1 1 1 1 1 1 0 
1 1 0 0 0 1 1 1 1 1 1 
0 1 1 1 1 1 1 0 1 1 1 
0 1 0 1 1 1 0 1 0 1 1 
1 1 1 0 1 1 1 0 1 1 0 
1 1 1 1 1 1 1 1 1 1 1 
Best Sequence: 
10 9 8 7 6 5 4 3 2 1 0 
0 1 0 1 1 1 0 1 0 1 0 
0 1 1 0 1 1 1 1 1 1 0 
1 1 1 0 1 1 1 0 0 1 1 
0 1 1 1 0 0 1 0 1 1 1 
0 1 1 1 1 1 1 1 1 0 1 
1 1 1 1 1 1 0 0 0 1 1 
1 1 1 0 1 1 1 1 1 1 0 
1 1 0 1 0 1 1 1 0 1 0 
0 1 1 0 1 1 1 0 1 1 1 
1 1 1 1 1 1 1 1 1 1 1 
OpenStacks: 10
Took 0.2 seconds

buffer: Instance 105
numCustomers: 10
numProducts: 11
0 1 0 1 1 1 0 1 1 1 1 
0 1 1 1 1 0 1 0 1 1 1 
0 0 0 0 1 0 0 0 1 1 0 
1 0 0 1 1 1 1 1 0 0 1 
1 0 1 0 0 1 0 1 1 1 1 
1 0 1 1 1 1 1 1 1 1 1 
1 1 1 1 0 1 1 1 1 1 1 
1 1 1 1 1 0 0 0 1 1 1 
0 1 1 0 1 1 1 1 1 1 0 
0 1 1 1 1 0 0 1 1 1 0 
Best Sequence: 
10 9 8 7 6 5 4 3 2 1 0 
1 1 1 1 0 1 1 1 0 1 0 
1 1 1 0 1 0 1 1 1 1 0 
0 1 1 0 0 0 1 0 0 0 0 
1 0 0 1 1 1 1 1 0 0 1 
1 1 1 1 0 1 0 0 1 0 1 
1 1 1 1 1 1 1 1 1 0 1 
1 1 1 1 1 1 0 1 1 1 1 
1 1 1 0 0 0 1 1 1 1 1 
0 1 1 1 1 1 1 0 1 1 0 
0 1 1 1 0 0 1 1 1 1 0 
OpenStacks: 10
Took 0.21 seconds

buffer: Instance 106
numCustomers: 10
numProducts: 11
0 1 1 0 1 0 1 1 1 0 1 
1 1 1 1 1 0 1 1 1 1 1 
0 1 1 1 1 0 1 1 1 0 1 
1 1 1 1 1 1 1 1 0 1 1 
1 0 1 1 1 1 1 0 1 0 1 
1 1 0 1 1 1 1 0 1 1 1 
1 1 1 1 1 1 1 1 1 1 1 
1 1 1 1 1 0 1 1 1 0 0 
0 1 1 1 1 1 1 1 1 1 1 
0 0 1 1 1 1 0 1 1 0 1 
Best Sequence: 
10 9 8 7 6 5 4 3 2 1 0 
1 0 1 1 1 0 1 0 1 1 0 
1 1 1 1 1 0 1 1 1 1 1 
1 0 1 1 1 0 1 1 1 1 0 
1 1 0 1 1 1 1 1 1 1 1 
1 0 1 0 1 1 1 1 1 0 1 
1 1 1 0 1 1 1 1 0 1 1 
1 1 1 1 1 1 1 1 1 1 1 
0 0 1 1 1 0 1 1 1 1 1 
1 1 1 1 1 1 1 1 1 1 0 
1 0 1 1 0 1 1 1 1 0 0 
OpenStacks: 10
Took 0.2 seconds

buffer: Instance 107
numCustomers: 10
numProducts: 11
1 1 1 1 0 1 1 1 1 0 1 
0 1 0 1 1 1 1 1 1 0 0 
1 0 1 0 1 1 1 1 1 1 1 
1 0 0 1 1 0 1 1 1 1 1 
1 1 0 1 1 1 1 1 1 1 1 
1 1 1 1 1 1 1 1 1 1 1 
1 1 1 0 1 1 0 1 1 1 1 
1 1 0 1 0 0 1 1 1 1 0 
1 1 1 1 1 1 1 1 1 1 0 
1 0 1 0 1 0 1 0 1 1 1 
Best Sequence: 
10 9 8 7 6 5 4 3 2 1 0 
1 0 1 1 1 1 0 1 1 1 1 
0 0 1 1 1 1 1 1 0 1 0 
1 1 1 1 1 1 1 0 1 0 1 
1 1 1 1 1 0 1 1 0 0 1 
1 1 1 1 1 1 1 1 0 1 1 
1 1 1 1 1 1 1 1 1 1 1 
1 1 1 1 0 1 1 0 1 1 1 
0 1 1 1 1 0 0 1 0 1 1 
0 1 1 1 1 1 1 1 1 1 1 
1 1 1 0 1 0 1 0 1 0 1 
OpenStacks: 10
Took 0.2 seconds

buffer: Instance 108
numCustomers: 10
numProducts: 11
1 1 1 1 1 1 1 1 1 1 0 
0 0 1 0 1 1 0 1 1 1 1 
1 0 1 1 1 1 0 0 0 1 1 
1 1 1 1 1 1 1 1 1 1 0 
1 1 1 0 1 1 1 1 1 1 1 
1 0 1 1 1 1 0 1 0 1 0 
1 1 1 1 1 0 0 1 1 1 0 
0 1 0 0 1 0 1 1 1 1 0 
1 1 1 1 1 0 1 1 0 1 1 
0 1 1 1 1 1 0 1 0 1 0 
Best Sequence: 
10 9 8 7 6 5 4 3 2 1 0 
0 1 1 1 1 1 1 1 1 1 1 
1 1 1 1 0 1 1 0 1 0 0 
1 1 0 0 0 1 1 1 1 0 1 
0 1 1 1 1 1 1 1 1 1 1 
1 1 1 1 1 1 1 0 1 1 1 
0 1 0 1 0 1 1 1 1 0 1 
0 1 1 1 0 0 1 1 1 1 1 
0 1 1 1 1 0 1 0 0 1 0 
1 1 0 1 1 0 1 1 1 1 1 
0 1 0 1 0 1 1 1 1 1 0 
OpenStacks: 10
Took 0.2 seconds

buffer: Instance 109
numCustomers: 10
numProducts: 11
1 1 1 1 1 1 0 1 1 1 1 
0 1 1 1 1 1 1 1 1 1 1 
1 1 0 1 1 1 1 0 0 1 1 
1 1 1 0 1 0 1 0 1 1 1 
1 1 1 1 1 1 1 0 1 1 0 
1 0 0 1 1 1 0 1 1 1 1 
0 1 1 1 1 1 0 1 1 1 1 
0 1 0 1 0 1 1 1 1 0 1 
1 1 1 1 1 0 0 1 0 1 1 
1 0 1 1 0 0 1 0 0 0 1 
Best Sequence: 
10 9 8 7 6 5 4 3 2 1 0 
1 1 1 1 0 1 1 1 1 1 1 
1 1 1 1 1 1 1 1 1 1 0 
1 1 0 0 1 1 1 1 0 1 1 
1 1 1 0 1 0 1 0 1 1 1 
0 1 1 0 1 1 1 1 1 1 1 
1 1 1 1 0 1 1 1 0 0 1 
1 1 1 1 0 1 1 1 1 1 0 
1 0 1 1 1 1 0 1 0 1 0 
1 1 0 1 0 0 1 1 1 1 1 
1 0 0 0 1 0 0 1 1 0 1 
OpenStacks: 10
Took 0.2 seconds

Solved: 10 instances
totalTime: 2.02 seconds
minTime: 0.2 seconds
maxTime: 0.21 seconds
Average: 0.202 seconds
