Solving by Dynamic Programming...
buffer: Instance 130
numCustomers: 10
numProducts: 14
1 1 1 1 1 0 1 1 1 0 1 0 1 0 
1 1 0 0 1 1 1 1 0 0 1 1 0 1 
1 1 1 1 1 1 1 0 0 0 0 1 1 1 
1 1 0 1 0 1 1 0 1 1 0 1 0 1 
1 1 1 1 1 1 0 1 0 1 1 0 0 1 
0 1 1 1 1 1 1 0 1 1 1 0 1 1 
1 1 1 1 0 0 0 1 1 1 0 0 1 1 
0 1 0 1 1 0 1 0 0 1 1 1 0 1 
1 1 0 1 1 0 1 1 1 1 1 1 0 1 
1 1 1 0 1 0 1 1 0 1 1 1 1 1 
Best sequence:
0 1 2 3 4 5 6 7 8 9 10 11 12 13 
1 1 1 1 1 0 1 1 1 0 1 0 1 0 
1 1 0 0 1 1 1 1 0 0 1 1 0 1 
1 1 1 1 1 1 1 0 0 0 0 1 1 1 
1 1 0 1 0 1 1 0 1 1 0 1 0 1 
1 1 1 1 1 1 0 1 0 1 1 0 0 1 
0 1 1 1 1 1 1 0 1 1 1 0 1 1 
1 1 1 1 0 0 0 1 1 1 0 0 1 1 
0 1 0 1 1 0 1 0 0 1 1 1 0 1 
1 1 0 1 1 0 1 1 1 1 1 1 0 1 
1 1 1 0 1 0 1 1 0 1 1 1 1 1 
OpenStacks: 10
Took 1.18 seconds

buffer: Instance 131
numCustomers: 10
numProducts: 14
0 1 0 0 1 1 1 1 0 1 1 1 0 0 
1 1 0 1 1 1 1 0 1 1 1 1 1 1 
1 1 0 0 1 0 0 0 1 1 1 1 1 1 
1 0 1 1 1 1 1 1 0 1 1 0 1 0 
1 1 1 1 1 1 1 1 1 0 1 0 1 1 
0 1 1 1 1 1 0 1 1 1 1 1 1 1 
0 1 0 1 0 1 1 1 1 1 1 1 1 0 
1 1 1 1 1 1 1 1 0 1 0 0 0 1 
0 0 1 1 1 1 0 1 1 1 1 1 1 1 
1 1 0 0 0 1 0 1 1 1 1 0 1 0 
Best sequence:
0 1 2 3 4 5 6 7 8 9 10 11 12 13 
0 1 0 0 1 1 1 1 0 1 1 1 0 0 
1 1 0 1 1 1 1 0 1 1 1 1 1 1 
1 1 0 0 1 0 0 0 1 1 1 1 1 1 
1 0 1 1 1 1 1 1 0 1 1 0 1 0 
1 1 1 1 1 1 1 1 1 0 1 0 1 1 
0 1 1 1 1 1 0 1 1 1 1 1 1 1 
0 1 0 1 0 1 1 1 1 1 1 1 1 0 
1 1 1 1 1 1 1 1 0 1 0 0 0 1 
0 0 1 1 1 1 0 1 1 1 1 1 1 1 
1 1 0 0 0 1 0 1 1 1 1 0 1 0 
OpenStacks: 10
Took 0.27 seconds

buffer: Instance 132
numCustomers: 10
numProducts: 14
1 0 1 1 1 1 1 0 1 0 1 0 1 0 
1 1 1 1 0 1 1 1 0 1 1 1 1 1 
0 1 1 0 1 1 0 0 1 1 1 1 1 1 
1 0 1 0 0 1 1 1 0 1 1 1 1 1 
0 1 0 1 1 0 0 1 1 1 1 1 1 1 
1 1 1 1 0 1 1 1 1 1 1 0 1 1 
1 1 1 1 1 1 1 0 1 1 1 1 1 0 
1 1 1 1 1 1 0 0 1 0 0 0 1 0 
1 1 1 1 0 1 1 0 1 1 1 1 1 0 
1 1 1 1 1 1 1 1 1 0 1 1 1 0 
Best sequence:
0 1 2 3 4 5 6 7 8 9 10 11 12 13 
1 0 1 1 1 1 1 0 1 0 1 0 1 0 
1 1 1 1 0 1 1 1 0 1 1 1 1 1 
0 1 1 0 1 1 0 0 1 1 1 1 1 1 
1 0 1 0 0 1 1 1 0 1 1 1 1 1 
0 1 0 1 1 0 0 1 1 1 1 1 1 1 
1 1 1 1 0 1 1 1 1 1 1 0 1 1 
1 1 1 1 1 1 1 0 1 1 1 1 1 0 
1 1 1 1 1 1 0 0 1 0 0 0 1 0 
1 1 1 1 0 1 1 0 1 1 1 1 1 0 
1 1 1 1 1 1 1 1 1 0 1 1 1 0 
OpenStacks: 10
Took 0.28 seconds

buffer: Instance 133
numCustomers: 10
numProducts: 14
1 1 0 0 1 1 1 0 1 1 1 1 1 1 
1 1 1 1 0 1 1 1 0 1 1 0 1 1 
1 1 1 1 0 1 1 1 1 1 1 0 0 1 
1 0 1 1 0 1 1 0 1 1 0 1 1 1 
0 1 1 1 1 1 0 1 0 1 0 1 1 1 
1 1 0 1 1 1 1 1 1 1 1 0 1 1 
0 1 1 1 1 1 1 1 1 1 1 1 1 1 
1 0 0 1 1 0 1 1 1 1 0 1 1 1 
1 1 1 1 1 1 1 1 1 1 1 1 1 1 
0 1 0 1 1 1 1 1 0 1 1 0 0 1 
Best sequence:
0 1 2 3 4 5 6 7 8 9 10 11 12 13 
1 1 0 0 1 1 1 0 1 1 1 1 1 1 
1 1 1 1 0 1 1 1 0 1 1 0 1 1 
1 1 1 1 0 1 1 1 1 1 1 0 0 1 
1 0 1 1 0 1 1 0 1 1 0 1 1 1 
0 1 1 1 1 1 0 1 0 1 0 1 1 1 
1 1 0 1 1 1 1 1 1 1 1 0 1 1 
0 1 1 1 1 1 1 1 1 1 1 1 1 1 
1 0 0 1 1 0 1 1 1 1 0 1 1 1 
1 1 1 1 1 1 1 1 1 1 1 1 1 1 
0 1 0 1 1 1 1 1 0 1 1 0 0 1 
OpenStacks: 10
Took 0.28 seconds

buffer: Instance 134
numCustomers: 10
numProducts: 14
1 1 1 0 1 1 1 1 0 1 1 1 1 1 
1 1 1 1 0 1 1 1 1 1 1 1 1 1 
1 1 1 1 1 1 1 1 1 1 1 1 1 1 
1 1 0 1 1 1 0 1 1 1 1 1 0 1 
1 0 1 1 0 1 1 1 1 1 1 1 1 1 
0 0 1 1 1 1 1 1 1 0 1 1 1 1 
1 1 0 0 1 1 1 1 1 1 1 0 0 1 
0 1 1 1 0 1 1 1 1 1 1 1 1 1 
1 1 0 0 0 0 0 1 1 0 1 0 0 1 
1 1 1 1 1 1 1 1 0 1 1 0 0 1 
Best sequence:
0 1 2 3 4 5 6 7 8 9 10 11 12 13 
1 1 1 0 1 1 1 1 0 1 1 1 1 1 
1 1 1 1 0 1 1 1 1 1 1 1 1 1 
1 1 1 1 1 1 1 1 1 1 1 1 1 1 
1 1 0 1 1 1 0 1 1 1 1 1 0 1 
1 0 1 1 0 1 1 1 1 1 1 1 1 1 
0 0 1 1 1 1 1 1 1 0 1 1 1 1 
1 1 0 0 1 1 1 1 1 1 1 0 0 1 
0 1 1 1 0 1 1 1 1 1 1 1 1 1 
1 1 0 0 0 0 0 1 1 0 1 0 0 1 
1 1 1 1 1 1 1 1 0 1 1 0 0 1 
OpenStacks: 10
Took 0.27 seconds

buffer: Instance 135
numCustomers: 10
numProducts: 14
1 1 1 1 0 1 0 0 0 1 0 1 0 1 
1 1 1 1 1 1 1 1 1 1 1 1 1 1 
1 1 1 1 1 0 1 1 1 0 1 0 1 1 
1 1 0 0 1 0 1 1 0 1 1 0 1 1 
1 1 1 0 0 0 1 1 0 1 1 1 1 1 
0 1 1 1 1 0 1 1 1 1 1 1 1 1 
1 1 1 1 1 1 1 0 1 1 1 1 1 1 
1 1 1 1 0 0 0 1 1 1 0 1 1 1 
1 0 1 0 1 1 0 1 1 1 0 1 1 1 
1 0 1 1 0 0 1 1 1 0 1 1 1 1 
Best sequence:
0 1 2 3 4 5 6 7 8 9 10 11 12 13 
1 1 1 1 0 1 0 0 0 1 0 1 0 1 
1 1 1 1 1 1 1 1 1 1 1 1 1 1 
1 1 1 1 1 0 1 1 1 0 1 0 1 1 
1 1 0 0 1 0 1 1 0 1 1 0 1 1 
1 1 1 0 0 0 1 1 0 1 1 1 1 1 
0 1 1 1 1 0 1 1 1 1 1 1 1 1 
1 1 1 1 1 1 1 0 1 1 1 1 1 1 
1 1 1 1 0 0 0 1 1 1 0 1 1 1 
1 0 1 0 1 1 0 1 1 1 0 1 1 1 
1 0 1 1 0 0 1 1 1 0 1 1 1 1 
OpenStacks: 10
Took 0.28 seconds

buffer: Instance 136
numCustomers: 10
numProducts: 14
1 1 0 1 1 0 1 1 1 1 1 1 1 0 
0 0 1 1 1 1 1 1 0 1 1 1 0 1 
1 1 1 1 1 1 1 0 1 1 1 1 0 0 
0 1 1 0 1 1 1 0 1 1 1 1 0 1 
0 0 1 1 1 0 1 1 1 1 1 1 1 1 
1 0 1 1 1 1 0 0 0 0 1 1 0 1 
0 0 1 1 0 1 1 0 1 0 1 1 1 1 
0 1 1 1 1 1 1 1 1 1 1 1 1 1 
0 0 1 0 1 1 1 0 1 1 1 1 1 0 
0 1 0 1 1 1 1 1 1 1 1 1 1 1 
Best sequence:
0 1 2 3 4 5 6 7 8 9 10 11 12 13 
1 1 0 1 1 0 1 1 1 1 1 1 1 0 
0 0 1 1 1 1 1 1 0 1 1 1 0 1 
1 1 1 1 1 1 1 0 1 1 1 1 0 0 
0 1 1 0 1 1 1 0 1 1 1 1 0 1 
0 0 1 1 1 0 1 1 1 1 1 1 1 1 
1 0 1 1 1 1 0 0 0 0 1 1 0 1 
0 0 1 1 0 1 1 0 1 0 1 1 1 1 
0 1 1 1 1 1 1 1 1 1 1 1 1 1 
0 0 1 0 1 1 1 0 1 1 1 1 1 0 
0 1 0 1 1 1 1 1 1 1 1 1 1 1 
OpenStacks: 10
Took 0.28 seconds

buffer: Instance 137
numCustomers: 10
numProducts: 14
1 0 1 1 0 1 0 1 1 1 1 1 1 0 
1 1 1 1 1 0 1 1 1 0 0 1 1 1 
1 1 1 0 1 1 1 1 0 1 0 1 0 1 
1 1 1 1 1 0 1 1 1 0 1 1 1 1 
0 0 0 1 0 0 0 1 1 0 1 0 0 1 
0 0 1 1 1 1 1 1 0 1 1 0 0 1 
0 1 1 0 1 0 1 1 1 1 0 1 1 1 
0 1 1 0 1 1 0 1 1 1 1 1 1 1 
1 1 1 0 1 1 1 1 0 0 0 0 1 1 
1 1 1 1 1 1 1 1 1 1 1 1 0 1 
Best sequence:
0 1 2 3 4 5 6 7 8 9 10 11 12 13 
1 0 1 1 0 1 0 1 1 1 1 1 1 0 
1 1 1 1 1 0 1 1 1 0 0 1 1 1 
1 1 1 0 1 1 1 1 0 1 0 1 0 1 
1 1 1 1 1 0 1 1 1 0 1 1 1 1 
0 0 0 1 0 0 0 1 1 0 1 0 0 1 
0 0 1 1 1 1 1 1 0 1 1 0 0 1 
0 1 1 0 1 0 1 1 1 1 0 1 1 1 
0 1 1 0 1 1 0 1 1 1 1 1 1 1 
1 1 1 0 1 1 1 1 0 0 0 0 1 1 
1 1 1 1 1 1 1 1 1 1 1 1 0 1 
OpenStacks: 10
Took 0.28 seconds

buffer: Instance 138
numCustomers: 10
numProducts: 14
1 1 1 1 0 1 1 1 1 1 1 1 0 1 
1 0 1 1 1 1 1 0 0 1 0 1 0 1 
0 1 1 1 1 0 1 1 1 1 1 1 1 1 
1 1 1 1 1 1 1 1 0 1 1 1 1 1 
0 1 0 0 1 1 0 0 1 1 1 0 0 1 
1 1 1 0 0 1 1 1 1 1 0 0 1 1 
1 1 1 1 1 1 1 1 0 1 1 1 1 1 
1 0 1 0 0 1 1 1 1 1 0 1 1 1 
1 0 0 1 1 1 1 1 1 1 1 1 1 1 
0 1 1 1 0 1 0 1 0 1 1 1 1 0 
Best sequence:
0 1 2 3 4 5 6 7 8 9 10 11 12 13 
1 1 1 1 0 1 1 1 1 1 1 1 0 1 
1 0 1 1 1 1 1 0 0 1 0 1 0 1 
0 1 1 1 1 0 1 1 1 1 1 1 1 1 
1 1 1 1 1 1 1 1 0 1 1 1 1 1 
0 1 0 0 1 1 0 0 1 1 1 0 0 1 
1 1 1 0 0 1 1 1 1 1 0 0 1 1 
1 1 1 1 1 1 1 1 0 1 1 1 1 1 
1 0 1 0 0 1 1 1 1 1 0 1 1 1 
1 0 0 1 1 1 1 1 1 1 1 1 1 1 
0 1 1 1 0 1 0 1 0 1 1 1 1 0 
OpenStacks: 10
Took 0.27 seconds

buffer: Instance 139
numCustomers: 10
numProducts: 14
1 0 1 1 0 0 0 1 1 1 1 0 0 0 
0 1 1 1 0 1 1 1 1 1 1 1 1 0 
1 0 1 0 0 1 1 1 1 1 1 1 1 1 
1 1 0 1 0 1 0 0 1 1 0 0 0 0 
0 0 0 1 1 1 1 1 1 1 1 0 1 1 
1 1 1 0 1 1 1 1 0 1 0 0 0 1 
0 0 0 0 1 1 1 1 0 1 1 1 0 0 
1 1 0 0 0 1 1 1 1 1 1 1 1 1 
0 1 1 0 1 1 0 1 0 1 1 1 1 0 
1 1 1 1 1 1 1 1 1 0 0 1 0 1 
Best sequence:
0 1 2 3 4 5 6 7 8 9 10 11 12 13 
1 0 1 1 0 0 0 1 1 1 1 0 0 0 
0 1 1 1 0 1 1 1 1 1 1 1 1 0 
1 0 1 0 0 1 1 1 1 1 1 1 1 1 
1 1 0 1 0 1 0 0 1 1 0 0 0 0 
0 0 0 1 1 1 1 1 1 1 1 0 1 1 
1 1 1 0 1 1 1 1 0 1 0 0 0 1 
0 0 0 0 1 1 1 1 0 1 1 1 0 0 
1 1 0 0 0 1 1 1 1 1 1 1 1 1 
0 1 1 0 1 1 0 1 0 1 1 1 1 0 
1 1 1 1 1 1 1 1 1 0 0 1 0 1 
OpenStacks: 10
Took 0.29 seconds

Solved: 10 instances
totalTime: 3.68 seconds
minTime: 0.27 seconds
maxTime: 1.18 seconds
Average: 0.368 seconds
