Warwick 631: balanced orders, 2 orders per product
15 30
 0 0 0 0 0 0 0 0 1 0 0 0 0 0 0 0 0 0 0 1 0 0 0 0 1 0 0 0 0 0
 0 0 0 0 0 0 0 0 1 0 0 0 0 0 0 1 0 1 1 0 0 0 1 0 0 0 0 0 0 0
 0 1 1 0 1 0 0 1 0 0 1 0 0 0 1 0 0 0 0 0 0 0 0 0 0 0 0 0 0 0
 0 0 0 0 0 0 1 0 0 0 0 0 0 0 0 0 0 0 0 0 0 0 0 0 0 0 1 0 0 1
 0 0 0 0 0 0 1 0 0 0 0 0 0 0 0 0 0 0 0 0 0 0 0 1 0 0 0 1 0 0
 0 0 0 0 0 0 0 0 0 1 0 0 0 0 0 1 0 0 0 0 0 1 0 0 0 0 0 0 0 0
 0 0 0 0 0 0 0 0 0 0 0 0 0 0 0 0 1 1 0 0 0 0 0 1 0 0 0 1 0 0
 0 0 0 1 0 0 0 0 0 0 1 1 1 1 0 0 0 0 0 1 0 1 0 0 0 0 0 0 0 0
 0 0 1 0 1 0 0 1 0 0 0 0 0 0 0 0 0 0 1 0 0 0 0 0 0 0 0 0 0 0
 1 0 0 0 0 0 0 0 0 1 0 1 0 0 0 0 0 0 0 0 0 0 0 0 0 0 0 0 0 0
 1 0 0 0 0 1 0 0 0 0 0 0 0 0 0 0 1 0 0 0 0 0 0 0 0 0 1 0 0 0
 0 0 0 0 0 1 0 0 0 0 0 0 0 0 0 0 0 0 0 0 0 0 0 0 0 0 0 0 0 1
 0 0 0 0 0 0 0 0 0 0 0 0 0 1 0 0 0 0 0 0 1 0 0 0 0 1 0 0 1 0
 0 0 0 1 0 0 0 0 0 0 0 0 1 0 1 0 0 0 0 0 1 0 0 0 0 1 0 0 0 0
 0 1 0 0 0 0 0 0 0 0 0 0 0 0 0 0 0 0 0 0 0 0 1 0 1 0 0 0 1 0

Warwick 632: balanced orders, 2 orders per product
15 30
 0 1 0 0 0 0 0 0 1 0 0 0 0 0 0 0 0 1 1 0 1 0 0 0 0 0 0 0 0 0
 0 0 0 0 0 0 0 0 0 1 0 0 0 0 0 0 0 0 0 0 0 1 0 0 0 1 0 1 0 0
 0 0 0 0 0 0 0 0 0 0 0 0 0 1 1 0 0 0 1 0 0 0 0 0 0 0 0 0 0 0
 1 0 0 0 1 1 0 0 0 0 0 0 0 0 0 0 0 0 0 0 0 0 1 0 0 1 0 0 1 0
 0 0 1 0 0 0 0 0 0 1 0 0 0 0 0 0 0 0 0 1 0 0 0 0 0 0 1 0 0 0
 0 0 0 0 0 0 0 0 0 0 0 0 1 0 0 0 0 0 0 0 0 0 0 0 0 0 0 0 0 0
 1 0 0 0 0 0 0 0 0 0 0 0 0 0 0 0 0 0 0 0 0 0 0 0 0 0 0 0 0 0
 0 0 1 1 0 0 1 0 0 0 0 0 0 1 0 0 0 0 0 0 1 0 0 0 0 0 1 0 1 0
 0 0 0 0 0 0 0 0 0 0 0 0 0 0 0 0 0 0 0 1 0 0 0 1 1 0 0 0 0 0
 0 0 0 1 1 0 0 0 0 0 1 1 0 0 0 0 0 0 0 0 0 0 0 0 0 0 0 0 0 0
 0 0 0 0 0 0 0 0 0 0 0 0 0 0 0 1 0 1 0 0 0 0 0 0 0 0 0 1 0 0
 0 1 0 0 0 0 1 0 0 0 1 0 0 0 1 0 1 0 0 0 0 0 0 0 0 0 0 0 0 0
 0 0 0 0 0 0 0 1 1 0 0 0 0 0 0 1 0 0 0 0 0 1 1 0 0 0 0 0 0 0
 0 0 0 0 0 0 0 1 0 0 0 0 0 0 0 0 0 0 0 0 0 0 0 1 0 0 0 0 0 1
 0 0 0 0 0 1 0 0 0 0 0 1 1 0 0 0 1 0 0 0 0 0 0 0 1 0 0 0 0 1

Warwick 633: balanced orders, 2 orders per product
15 30
 0 0 0 0 0 0 0 0 0 1 0 0 0 0 0 0 0 0 0 0 0 0 0 0 0 0 1 1 0 0
 1 0 0 0 0 0 0 0 0 0 1 0 0 1 1 1 1 0 1 0 0 0 0 0 0 0 0 0 0 0
 0 0 0 1 0 0 0 0 0 0 0 0 0 0 0 0 0 0 0 0 0 0 1 0 0 0 0 0 0 0
 0 0 0 0 0 0 0 0 1 0 0 1 0 0 1 0 0 0 0 0 0 0 1 0 0 0 0 0 0 0
 0 0 0 0 0 0 0 0 0 0 1 0 0 0 0 0 1 1 0 0 1 1 0 0 0 0 1 0 0 0
 1 0 0 0 0 0 0 0 0 1 0 0 0 0 0 0 0 0 0 0 0 0 0 1 0 0 0 0 1 0
 0 0 0 0 1 0 1 0 0 0 0 0 1 0 0 0 0 0 0 0 1 0 0 0 0 0 0 0 0 0
 0 0 1 0 1 1 0 0 0 0 0 0 0 0 0 0 0 0 0 0 0 0 0 0 0 0 0 0 0 0
 0 0 0 0 0 0 0 1 0 0 0 0 0 0 0 0 0 0 0 0 0 0 0 1 0 0 0 1 0 1
 0 0 1 1 0 0 0 0 0 0 0 0 0 0 0 0 0 1 1 0 0 0 0 0 0 0 0 0 0 0
 0 0 0 0 0 1 0 1 0 0 0 0 0 0 0 0 0 0 0 0 0 0 0 0 1 1 0 0 0 0
 0 0 0 0 0 0 0 0 1 0 0 1 0 0 0 0 0 0 0 1 0 0 0 0 0 1 0 0 0 0
 0 1 0 0 0 0 1 0 0 0 0 0 0 0 0 0 0 0 0 1 0 0 0 0 0 0 0 0 0 1
 0 1 0 0 0 0 0 0 0 0 0 0 0 0 0 0 0 0 0 0 0 1 0 0 0 0 0 0 1 0
 0 0 0 0 0 0 0 0 0 0 0 0 1 1 0 1 0 0 0 0 0 0 0 0 1 0 0 0 0 0

Warwick 634: balanced orders, 2 orders per product
15 30
 0 0 1 0 1 0 0 0 0 0 0 0 0 0 0 0 1 1 0 0 0 0 0 0 0 0 0 0 0 0
 0 1 0 0 0 1 1 0 0 0 0 0 0 0 0 0 0 1 0 0 0 0 0 0 0 0 1 1 0 0
 0 0 0 0 0 0 0 0 0 0 1 1 0 0 0 0 0 0 0 0 0 0 0 1 1 1 0 0 0 0
 0 0 0 0 0 0 0 1 0 0 0 0 1 0 0 0 0 0 0 0 0 1 0 0 0 0 0 0 0 0
 0 0 0 1 0 0 0 0 0 1 0 0 0 1 1 0 0 0 0 1 0 0 0 0 1 0 0 0 1 1
 0 0 0 1 0 0 0 0 0 0 0 0 0 0 0 0 0 0 0 0 0 0 1 0 0 0 0 0 0 0
 0 0 0 0 0 0 0 0 0 1 0 0 0 0 0 0 0 0 1 0 1 0 0 0 0 1 1 0 0 0
 0 1 0 0 0 0 0 0 0 0 0 0 0 0 0 0 0 0 0 1 0 0 0 0 0 0 0 0 1 0
 0 0 0 0 0 0 0 0 1 0 0 1 1 0 0 0 1 0 0 0 0 0 0 0 0 0 0 0 0 0
 0 0 0 0 0 0 1 1 0 0 0 0 0 0 0 0 0 0 1 0 1 0 0 0 0 0 0 0 0 1
 0 0 1 0 0 0 0 0 1 0 0 0 0 0 1 0 0 0 0 0 0 0 0 0 0 0 0 0 0 0
 0 0 0 0 0 0 0 0 0 0 0 0 0 0 0 1 0 0 0 0 0 0 0 1 0 0 0 1 0 0
 1 0 0 0 0 0 0 0 0 0 0 0 0 0 0 0 0 0 0 0 0 0 1 0 0 0 0 0 0 0
 1 0 0 0 0 1 0 0 0 0 0 0 0 1 0 1 0 0 0 0 0 1 0 0 0 0 0 0 0 0
 0 0 0 0 1 0 0 0 0 0 1 0 0 0 0 0 0 0 0 0 0 0 0 0 0 0 0 0 0 0

Warwick 635: balanced orders, 2 orders per product
15 30
 0 0 0 0 0 0 1 0 0 0 0 0 0 0 0 1 0 0 1 0 0 0 0 1 1 0 0 0 0 1
 0 0 0 0 1 0 0 0 0 1 0 0 0 0 0 0 0 0 0 0 0 0 0 0 0 1 0 0 0 0
 1 0 1 0 0 0 0 0 0 0 1 0 0 0 0 0 0 1 0 0 0 1 0 0 0 0 1 0 0 0
 0 0 0 0 0 0 0 0 0 0 0 0 0 0 0 0 0 0 0 0 0 0 1 1 0 0 0 1 0 0
 0 0 0 1 0 1 0 0 0 0 0 0 1 0 0 0 0 0 0 1 0 0 0 0 0 0 0 0 1 0
 1 0 0 1 0 0 0 0 0 0 0 0 0 0 0 0 0 1 0 0 0 0 0 0 0 1 0 0 0 0
 0 1 0 0 0 0 0 1 0 0 0 0 0 1 0 0 1 0 0 0 0 0 0 0 0 0 0 0 0 0
 0 0 0 0 0 0 0 0 0 0 0 0 0 0 0 1 0 0 0 1 0 0 0 0 0 0 0 0 0 0
 0 0 0 0 1 0 0 0 0 0 1 0 0 1 1 0 0 0 1 0 0 0 0 0 0 0 0 0 0 0
 0 0 0 0 0 0 1 0 0 0 0 1 0 0 0 0 0 0 0 0 0 0 0 0 0 0 0 0 0 0
 0 0 0 0 0 1 0 1 1 0 0 0 0 0 0 0 0 0 0 0 1 0 0 0 0 0 1 0 0 0
 0 0 0 0 0 0 0 0 0 0 0 1 0 0 1 0 1 0 0 0 1 0 0 0 0 0 0 0 0 1
 0 0 1 0 0 0 0 0 0 0 0 0 1 0 0 0 0 0 0 0 0 0 0 0 0 0 0 0 1 0
 0 0 0 0 0 0 0 0 0 1 0 0 0 0 0 0 0 0 0 0 0 1 0 0 1 0 0 0 0 0
 0 1 0 0 0 0 0 0 1 0 0 0 0 0 0 0 0 0 0 0 0 0 1 0 0 0 0 1 0 0

Warwick 636: balanced orders, 2 orders per product
15 30
 0 0 0 0 0 0 0 1 0 0 0 0 0 1 0 0 1 0 0 0 0 0 0 0 0 0 0 0 0 0
 1 0 1 0 0 0 0 1 1 0 0 0 0 0 0 0 0 0 0 0 1 0 0 0 0 0 0 1 0 0
 0 0 0 0 0 0 0 0 0 0 0 1 0 0 0 1 0 0 0 0 1 0 0 1 1 0 0 0 0 0
 0 0 0 0 0 0 0 0 0 1 0 0 0 0 0 0 0 0 0 0 0 0 1 0 0 0 0 0 0 0
 0 0 0 0 0 0 0 0 0 0 1 0 1 0 0 0 0 0 0 0 0 0 0 0 0 0 0 0 1 0
 0 0 0 1 0 0 1 0 0 1 0 0 0 0 0 0 0 0 0 1 0 0 0 0 1 0 0 1 0 1
 0 0 0 0 0 0 0 0 0 0 0 0 1 0 0 1 0 0 1 1 0 0 0 0 0 0 0 0 1 0
 0 0 0 0 0 0 0 0 0 0 0 0 0 0 0 0 0 0 1 0 0 0 0 0 0 0 0 0 0 0
 1 0 0 0 0 0 0 0 0 0 1 0 0 0 1 0 0 0 0 0 0 0 0 0 0 0 1 0 0 0
 0 0 0 0 0 0 0 0 0 0 0 0 0 1 1 0 0 1 0 0 0 0 1 0 0 1 0 0 0 0
 0 0 1 0 0 0 0 0 0 0 0 0 0 0 0 0 0 0 0 0 0 0 0 0 0 0 1 0 0 0
 0 1 0 0 0 0 0 0 0 0 0 0 0 0 0 0 1 0 0 0 0 1 0 1 0 0 0 0 0 1
 0 0 0 0 1 0 1 0 0 0 0 0 0 0 0 0 0 0 0 0 0 1 0 0 0 0 0 0 0 0
 0 0 0 1 0 1 0 0 0 0 0 1 0 0 0 0 0 0 0 0 0 0 0 0 0 1 0 0 0 0
 0 1 0 0 1 1 0 0 1 0 0 0 0 0 0 0 0 1 0 0 0 0 0 0 0 0 0 0 0 0

Warwick 637: balanced orders, 2 orders per product
15 30
 0 0 0 0 0 0 0 0 0 0 0 0 0 0 0 0 0 0 0 0 1 0 0 0 0 0 0 0 0 0
 1 0 0 0 1 0 0 0 0 0 1 0 1 0 0 0 0 0 0 0 0 0 0 0 0 0 0 1 0 0
 0 1 0 0 0 1 0 0 1 0 0 0 0 0 0 0 0 0 0 1 0 0 0 0 1 0 0 0 0 0
 0 1 0 0 0 0 0 0 0 0 0 0 0 0 0 0 0 0 0 0 0 0 1 0 0 0 0 0 0 0
 0 0 0 0 0 0 0 0 0 0 0 0 0 0 0 1 0 0 1 1 0 0 0 0 0 0 0 0 0 1
 0 0 1 0 0 0 0 0 0 0 0 1 0 0 0 0 1 0 0 0 0 0 1 0 0 0 0 0 0 0
 0 0 0 0 0 0 0 0 0 0 0 0 0 0 1 0 0 0 0 0 1 0 0 1 0 0 0 0 0 0
 0 0 0 0 0 0 0 1 0 0 0 0 0 0 1 0 0 0 0 0 0 0 0 0 0 0 1 0 0 0
 0 0 0 0 0 0 0 0 0 0 0 0 0 0 0 0 0 1 0 0 0 1 0 1 1 1 0 0 0 0
 0 0 0 0 0 1 1 0 0 1 0 0 0 0 0 0 0 0 0 0 0 0 0 0 0 0 0 0 0 0
 0 0 0 0 0 0 0 0 0 0 0 0 1 1 0 1 1 1 0 0 0 0 0 0 0 0 1 0 0 1
 0 0 0 1 1 0 0 0 1 0 1 0 0 0 0 0 0 0 0 0 0 0 0 0 0 0 0 0 0 0
 0 0 0 1 0 0 1 0 0 0 0 0 0 1 0 0 0 0 0 0 0 1 0 0 0 0 0 0 1 0
 1 0 1 0 0 0 0 0 0 0 0 1 0 0 0 0 0 0 1 0 0 0 0 0 0 1 0 0 0 0
 0 0 0 0 0 0 0 1 0 1 0 0 0 0 0 0 0 0 0 0 0 0 0 0 0 0 0 1 1 0

Warwick 638: balanced orders, 2 orders per product
15 30
 0 0 0 0 1 0 0 0 0 0 0 0 0 0 0 0 0 0 0 0 0 0 0 1 0 0 0 0 0 0
 0 0 0 0 0 0 0 0 0 0 0 0 0 0 0 0 0 0 0 0 0 0 0 1 0 0 0 0 1 0
 0 0 0 0 0 0 0 0 0 0 0 0 0 0 0 0 0 0 0 0 0 0 0 0 0 0 0 0 1 0
 0 0 0 0 0 1 1 0 0 0 0 0 0 0 0 0 0 0 0 0 0 0 0 0 0 0 0 0 0 1
 0 1 0 0 0 0 0 0 0 0 1 1 0 0 0 0 0 0 0 0 0 0 0 0 0 1 0 0 0 0
 1 0 0 0 1 0 0 0 0 0 0 0 0 0 0 0 0 0 0 1 1 0 0 0 0 0 0 0 0 0
 0 0 0 0 0 0 0 0 0 0 1 0 0 0 0 1 0 1 0 0 0 0 0 0 0 0 0 0 0 0
 0 0 1 0 0 0 0 0 1 0 0 0 0 0 1 1 0 0 1 0 0 0 1 0 0 0 0 1 0 0
 0 0 0 0 0 0 0 0 0 0 0 1 0 1 0 0 0 0 0 0 0 1 0 0 0 0 1 0 0 0
 0 1 0 0 0 0 0 0 1 1 0 0 0 0 1 0 1 1 0 1 0 1 0 0 1 0 0 0 0 1
 0 0 0 0 0 0 0 1 0 0 0 0 1 1 0 0 0 0 0 0 0 0 0 0 0 0 0 0 0 0
 0 0 0 0 0 0 0 1 0 1 0 0 1 0 0 0 0 0 0 0 0 0 1 0 0 0 0 0 0 0
 1 0 1 1 0 1 0 0 0 0 0 0 0 0 0 0 0 0 0 0 1 0 0 0 0 0 0 1 0 0
 0 0 0 0 0 0 0 0 0 0 0 0 0 0 0 0 0 0 1 0 0 0 0 0 1 0 0 0 0 0
 0 0 0 1 0 0 1 0 0 0 0 0 0 0 0 0 1 0 0 0 0 0 0 0 0 1 1 0 0 0

Warwick 639: balanced orders, 2 orders per product
15 30
 0 0 0 0 0 0 0 0 0 0 0 0 0 0 0 0 1 0 0 0 0 0 0 1 0 0 0 0 0 0
 0 0 0 0 0 0 0 0 0 0 0 0 0 1 0 0 0 0 1 0 0 0 1 0 0 1 0 0 0 0
 1 0 0 0 0 0 0 0 0 0 0 0 0 0 0 0 0 0 0 0 0 1 0 0 1 0 1 0 0 1
 0 0 0 0 0 0 0 1 0 0 0 0 0 0 1 0 0 0 0 0 0 0 0 0 0 0 0 0 0 0
 0 0 0 0 1 0 1 0 1 0 0 0 1 0 0 1 0 0 0 1 0 0 1 0 0 0 0 0 1 0
 0 0 0 0 0 0 0 0 0 0 0 0 0 0 0 1 0 0 0 0 1 0 0 0 0 0 0 1 0 0
 0 0 0 1 0 0 0 0 0 0 0 0 0 0 0 0 1 0 0 0 0 0 0 0 0 0 0 0 0 0
 0 0 0 0 0 0 0 0 0 1 0 0 0 0 0 0 0 0 0 0 0 0 0 0 0 0 0 1 0 0
 0 0 1 0 0 0 0 0 0 0 1 0 0 0 0 0 0 1 0 0 0 1 0 1 0 1 0 0 1 0
 0 0 0 0 0 0 0 0 0 0 0 0 0 0 0 0 0 0 0 0 1 0 0 0 1 0 0 0 0 0
 1 1 0 1 1 0 0 0 0 0 1 0 0 0 0 0 0 0 1 0 0 0 0 0 0 0 0 0 0 0
 0 0 1 0 0 0 0 0 0 0 0 1 0 0 0 0 0 0 0 0 0 0 0 0 0 0 0 0 0 0
 0 1 0 0 0 1 1 0 1 0 0 0 0 0 0 0 0 0 0 1 0 0 0 0 0 0 1 0 0 1
 0 0 0 0 0 0 0 0 0 1 0 0 0 1 1 0 0 0 0 0 0 0 0 0 0 0 0 0 0 0
 0 0 0 0 0 1 0 1 0 0 0 1 1 0 0 0 0 1 0 0 0 0 0 0 0 0 0 0 0 0

Warwick 640: balanced orders, 2 orders per product
15 30
 0 0 0 0 0 0 0 0 0 0 0 0 0 0 0 0 0 0 0 0 0 0 0 0 0 0 1 0 0 0
 1 0 0 0 0 0 0 0 0 0 0 0 0 0 0 0 1 0 0 0 0 0 0 0 0 1 0 0 1 0
 1 0 1 1 0 0 0 0 0 0 0 1 0 0 0 1 0 0 0 0 0 0 0 0 0 0 0 0 0 0
 0 0 0 0 0 0 1 1 0 0 0 0 0 0 0 0 0 0 0 1 0 0 0 0 1 0 0 0 0 0
 0 0 1 0 0 0 0 0 0 0 0 0 0 0 0 0 0 0 0 0 1 0 0 0 1 0 0 0 0 0
 0 0 0 0 0 1 0 0 0 0 0 0 0 0 1 0 0 1 0 0 0 0 0 0 0 0 0 0 0 0
 0 0 0 0 0 0 1 1 0 1 0 0 0 0 0 0 0 0 0 0 0 0 1 0 0 1 0 0 0 0
 0 1 0 0 0 0 0 0 0 0 0 0 0 0 1 0 0 0 0 0 0 0 1 0 0 0 0 0 0 1
 0 0 0 0 0 0 0 0 0 0 0 0 0 1 0 0 0 0 0 1 0 0 0 1 0 0 0 0 0 0
 0 0 0 0 1 0 0 0 0 0 0 0 0 1 0 0 0 0 0 0 0 1 0 0 0 0 0 0 1 0
 0 0 0 1 0 1 0 0 0 0 1 0 1 0 0 0 1 1 1 0 0 0 0 0 0 0 1 0 0 0
 0 0 0 0 1 0 0 0 0 0 0 0 0 0 0 0 0 0 0 0 0 0 0 0 0 0 0 0 0 0
 0 0 0 0 0 0 0 0 1 0 0 1 0 0 0 0 0 0 1 0 1 0 0 0 0 0 0 0 0 0
 0 0 0 0 0 0 0 0 1 1 1 0 0 0 0 1 0 0 0 0 0 1 0 1 0 0 0 1 0 1
 0 1 0 0 0 0 0 0 0 0 0 0 1 0 0 0 0 0 0 0 0 0 0 0 0 0 0 1 0 0

Warwick 641: balanced orders, 3 orders per product
15 30
 0 1 0 0 0 0 0 0 0 1 0 0 0 0 1 0 0 0 0 1 1 1 0 0 0 1 0 0 0 0
 0 0 0 1 1 0 0 0 0 0 1 0 0 1 1 1 0 0 0 0 0 0 0 0 1 0 1 0 0 0
 0 1 0 0 0 0 0 0 0 1 0 0 0 0 0 0 0 0 0 0 0 0 0 0 0 0 0 0 1 1
 0 0 0 0 0 0 0 0 0 0 0 0 0 0 0 0 0 0 1 0 0 1 0 1 0 0 0 0 0 0
 0 0 0 0 0 0 0 1 0 0 1 1 0 0 0 1 0 0 0 0 0 0 0 0 0 0 0 0 0 1
 0 1 0 0 0 0 1 0 1 1 0 0 0 1 1 0 0 1 0 0 0 1 0 0 0 0 1 1 0 0
 1 0 1 0 1 1 1 1 1 0 0 1 0 0 0 0 0 1 0 0 0 0 0 0 0 1 0 1 0 0
 0 0 0 0 0 0 0 0 0 0 0 0 0 1 0 0 0 0 0 0 0 0 0 1 0 0 1 0 0 0
 0 0 0 0 0 0 0 0 1 0 0 0 1 0 0 0 0 0 0 0 0 0 1 0 0 0 0 1 1 0
 0 0 1 1 0 0 0 0 0 0 0 0 1 0 0 0 1 0 1 0 0 0 1 0 1 1 0 0 0 1
 1 0 1 0 0 0 0 0 0 0 1 0 0 0 0 0 1 0 0 0 1 0 1 0 0 0 0 0 0 0
 1 0 0 0 0 1 0 0 0 0 0 0 1 0 0 0 1 1 0 1 0 0 0 0 0 0 0 0 0 0
 0 0 0 0 1 1 1 0 0 0 0 0 0 0 0 0 0 0 0 0 1 0 0 0 0 0 0 0 1 0
 0 0 0 1 0 0 0 1 0 0 0 1 0 0 0 0 0 0 0 1 0 0 0 1 1 0 0 0 0 0
 0 0 0 0 0 0 0 0 0 0 0 0 0 0 0 1 0 0 1 0 0 0 0 0 0 0 0 0 0 0

Warwick 642: balanced orders, 3 orders per product
15 30
 0 1 0 0 0 0 0 0 1 0 1 0 0 0 0 0 0 0 1 0 0 1 1 0 0 0 0 0 0 0
 0 0 0 0 0 0 0 1 0 0 0 0 0 0 0 0 1 0 0 0 1 0 0 0 0 0 0 0 1 0
 1 0 1 0 0 0 0 0 0 0 0 0 0 0 0 1 0 0 0 0 0 0 0 1 0 0 0 0 0 0
 0 1 0 0 0 0 0 0 0 1 0 0 0 0 0 0 0 0 0 0 0 0 0 0 1 0 0 1 0 0
 0 0 0 0 1 1 1 1 0 0 0 0 0 0 1 1 0 0 0 0 0 0 0 0 0 0 0 1 0 1
 0 0 0 0 0 0 1 0 0 0 0 1 0 0 0 1 0 0 0 0 0 0 0 0 0 0 1 0 0 0
 1 0 1 0 1 0 0 0 0 0 1 0 1 0 0 0 0 0 1 0 0 0 1 0 0 0 0 0 0 0
 1 0 1 1 0 0 0 0 0 1 0 0 0 0 0 0 1 0 1 0 1 0 1 0 0 0 1 0 1 0
 0 0 0 1 0 0 0 0 0 1 1 1 0 1 1 0 0 0 0 0 0 0 0 0 1 1 0 0 0 1
 0 1 0 0 1 0 0 0 0 0 0 0 1 0 0 0 0 0 0 1 1 1 0 1 0 0 1 0 1 0
 0 0 0 0 0 1 0 0 0 0 0 0 0 1 0 0 0 1 0 1 0 0 0 0 0 1 0 1 0 0
 0 0 0 0 0 0 0 1 1 0 0 1 1 0 0 0 0 1 0 0 0 0 0 1 0 0 0 0 0 0
 0 0 0 0 0 0 0 0 0 0 0 0 0 0 0 0 1 1 0 0 0 0 0 0 1 0 0 0 0 0
 0 0 0 1 0 0 0 0 1 0 0 0 0 1 1 0 0 0 0 0 0 1 0 0 0 0 0 0 0 0
 0 0 0 0 0 1 1 0 0 0 0 0 0 0 0 0 0 0 0 1 0 0 0 0 0 1 0 0 0 1

Warwick 643: balanced orders, 3 orders per product
15 30
 0 0 0 0 0 0 0 0 0 0 0 1 0 1 0 1 0 1 0 0 0 0 0 0 0 1 0 0 0 0
 0 0 0 0 0 0 1 1 0 0 0 1 0 0 0 1 1 0 1 1 0 0 0 0 0 0 0 1 0 1
 0 1 0 0 0 0 0 0 0 1 1 0 0 0 0 0 1 0 0 0 0 0 0 0 0 0 0 1 1 1
 0 1 1 1 0 1 0 1 0 1 0 0 1 0 0 1 0 0 0 0 0 1 0 0 0 1 1 0 0 0
 0 0 1 0 0 0 0 1 0 0 0 0 0 0 0 0 0 0 0 0 0 0 0 1 0 0 0 0 0 0
 0 0 0 0 1 0 0 0 0 0 0 0 0 1 1 0 0 1 0 0 1 0 0 0 0 0 1 0 0 1
 0 0 0 0 0 0 0 0 1 1 0 0 0 1 0 0 0 0 0 0 0 0 0 0 1 0 0 0 1 0
 0 0 0 0 0 0 0 0 1 0 0 0 0 0 0 0 1 0 1 0 0 0 1 0 0 0 0 0 0 0
 0 0 0 1 0 0 0 0 0 0 0 0 0 0 0 0 0 1 1 0 0 1 1 1 1 0 0 0 0 0
 0 0 0 0 0 0 0 0 0 0 0 0 0 0 1 0 0 0 0 0 1 0 0 0 0 0 0 0 0 0
 0 0 0 1 1 0 0 0 0 0 1 0 1 0 1 0 0 0 0 0 0 0 1 0 0 0 0 0 0 0
 1 1 1 0 0 0 0 0 0 0 0 0 0 0 0 0 0 0 0 1 0 0 0 0 0 0 0 0 0 0
 0 0 0 0 0 0 1 0 0 0 1 1 0 0 0 0 0 0 0 0 0 0 0 0 1 1 0 0 0 0
 1 0 0 0 1 1 0 0 0 0 0 0 1 0 0 0 0 0 0 1 1 1 0 1 0 0 0 1 0 0
 1 0 0 0 0 1 1 0 1 0 0 0 0 0 0 0 0 0 0 0 0 0 0 0 0 0 1 0 1 0

Warwick 644: balanced orders, 3 orders per product
15 30
 0 0 0 0 0 0 0 0 0 0 1 0 0 0 1 1 0 0 0 0 0 0 0 0 1 1 0 0 0 0
 0 0 0 0 0 0 1 0 0 0 0 0 0 0 1 0 0 1 0 0 0 1 1 1 1 0 0 1 0 0
 0 0 0 0 0 0 0 1 0 0 1 1 0 0 0 0 0 0 0 0 0 0 0 0 0 0 0 0 0 0
 0 1 0 0 0 0 0 0 0 0 0 0 1 0 0 0 0 0 0 0 0 0 0 1 0 0 0 0 1 0
 0 0 1 0 0 0 1 1 1 0 0 0 1 0 1 1 0 0 0 0 1 0 0 0 0 0 0 0 0 0
 1 0 0 0 0 1 0 0 0 1 0 0 0 1 0 0 0 0 0 0 0 0 0 0 0 0 0 0 0 1
 1 0 1 0 0 1 0 1 0 0 0 0 0 0 0 0 0 0 1 0 0 1 0 0 0 0 1 1 0 0
 0 0 0 1 0 0 1 0 0 0 1 0 0 0 0 0 0 0 0 0 0 0 0 0 0 1 0 0 1 1
 0 1 0 0 1 0 0 0 1 0 0 0 0 0 0 0 0 0 1 1 0 0 0 0 1 0 0 0 0 0
 0 0 0 0 0 1 0 0 0 0 0 0 0 0 0 1 1 0 0 1 0 1 1 0 0 0 0 0 0 0
 0 0 1 1 0 0 0 0 1 1 0 0 0 1 0 0 0 0 0 0 0 0 1 0 0 0 0 1 0 0
 0 0 0 0 1 0 0 0 0 1 0 0 1 0 0 0 0 1 0 0 0 0 0 1 0 0 0 0 1 0
 0 1 0 0 1 0 0 0 0 0 0 1 0 0 0 0 1 0 1 1 1 0 0 0 0 0 1 0 0 0
 0 0 0 0 0 0 0 0 0 0 0 1 0 1 0 0 0 1 0 0 0 0 0 0 0 1 1 0 0 1
 1 0 0 1 0 0 0 0 0 0 0 0 0 0 0 0 1 0 0 0 1 0 0 0 0 0 0 0 0 0

Warwick 645: balanced orders, 3 orders per product
15 30
 0 0 0 0 1 0 1 0 0 0 0 0 0 0 0 0 0 0 0 1 1 0 1 0 0 0 0 0 0 0
 0 0 0 0 0 0 0 1 1 0 0 0 0 1 0 1 0 0 0 0 0 0 1 1 1 0 0 0 0 0
 0 1 0 0 0 0 0 0 1 0 0 1 0 0 0 0 0 0 0 1 0 1 0 0 0 0 0 1 0 0
 0 0 0 0 0 1 0 0 0 0 1 0 0 0 0 0 0 0 1 0 0 0 0 0 0 0 1 0 0 0
 0 0 0 0 0 0 0 0 0 1 0 0 0 0 0 0 1 0 0 0 0 0 0 0 0 0 0 0 0 0
 0 0 0 0 0 0 0 1 0 0 0 1 0 0 0 1 1 0 0 0 0 0 0 0 0 1 0 0 0 0
 1 1 0 1 1 0 1 0 0 0 0 0 0 0 1 0 0 0 0 0 1 0 0 0 1 1 0 0 1 1
 0 0 0 0 0 1 0 1 0 0 1 0 0 0 1 0 0 0 1 0 0 0 1 0 0 0 0 0 1 0
 0 0 0 0 0 0 0 0 0 1 0 0 1 0 1 0 0 0 1 0 0 0 0 0 0 0 0 0 1 0
 0 0 0 1 0 0 0 0 0 0 0 0 1 0 0 0 1 1 0 0 0 1 0 1 0 0 0 0 0 1
 1 0 0 1 0 0 1 0 0 1 0 0 0 1 0 0 0 1 0 0 0 0 0 0 0 0 0 0 0 0
 0 0 1 0 0 0 0 0 0 0 1 0 0 0 0 0 0 1 0 1 0 0 0 1 0 0 0 1 0 1
 0 0 1 0 1 0 0 0 0 0 0 1 1 0 0 0 0 0 0 0 1 0 0 0 0 0 1 1 0 0
 1 1 1 0 0 0 0 0 1 0 0 0 0 1 0 0 0 0 0 0 0 0 0 0 1 1 1 0 0 0
 0 0 0 0 0 1 0 0 0 0 0 0 0 0 0 1 0 0 0 0 0 1 0 0 0 0 0 0 0 0

Warwick 646: balanced orders, 3 orders per product
15 30
 0 0 0 0 0 0 0 1 0 0 1 0 0 0 0 0 0 0 0 0 1 0 0 0 0 0 0 1 0 0
 0 0 1 0 0 0 1 1 0 0 0 0 0 1 0 0 0 1 0 1 0 0 0 0 1 0 0 0 0 0
 0 0 0 0 0 1 0 0 0 1 0 0 0 0 0 0 1 0 0 0 0 1 0 0 0 0 0 0 0 0
 0 0 0 0 0 0 0 1 0 0 0 0 0 1 0 0 1 0 0 0 0 1 1 0 0 0 0 0 0 0
 1 1 0 1 0 1 0 0 1 0 0 0 1 0 0 0 0 1 0 1 1 0 1 1 0 0 0 0 1 0
 0 0 1 0 1 0 0 0 0 0 0 1 0 0 0 1 0 0 0 0 0 1 0 0 0 0 1 1 0 0
 0 0 0 1 0 0 0 0 1 0 1 0 0 0 1 0 0 0 1 0 0 0 0 0 0 1 1 1 0 1
 0 1 0 0 0 0 0 0 0 0 0 0 0 0 0 1 0 0 1 0 0 0 0 0 0 0 0 0 0 0
 1 0 1 0 0 0 0 0 0 1 0 0 1 0 0 0 1 0 0 0 0 0 0 0 1 0 0 0 1 1
 0 0 0 0 1 0 0 0 0 1 0 1 0 0 1 0 0 0 1 0 0 0 1 0 0 0 0 0 0 0
 1 1 0 0 0 0 1 0 1 0 0 1 0 0 0 0 0 0 0 0 0 0 0 0 0 1 1 0 1 0
 0 0 0 0 1 0 0 0 0 0 0 0 0 0 0 0 0 0 0 0 1 0 0 0 0 0 0 0 0 0
 0 0 0 0 0 1 0 0 0 0 1 0 0 0 1 0 0 1 0 1 0 0 0 1 0 1 0 0 0 0
 0 0 0 0 0 0 0 0 0 0 0 0 1 1 0 1 0 0 0 0 0 0 0 1 1 0 0 0 0 0
 0 0 0 1 0 0 1 0 0 0 0 0 0 0 0 0 0 0 0 0 0 0 0 0 0 0 0 0 0 1

Warwick 647: balanced orders, 3 orders per product
15 30
 0 0 0 0 0 0 0 0 0 0 0 0 0 1 0 0 0 0 0 1 1 0 1 1 0 0 0 0 0 0
 0 1 0 0 0 0 1 1 0 0 1 0 0 0 0 0 0 0 0 0 1 0 0 0 1 0 0 0 0 0
 0 1 1 1 1 1 1 0 0 0 1 0 0 0 0 0 0 0 0 0 0 0 1 0 0 0 0 0 0 0
 0 0 0 0 0 0 0 0 0 1 0 0 0 0 0 0 1 0 1 0 0 0 0 0 0 0 0 0 0 0
 1 0 0 0 1 1 0 0 0 1 0 0 1 0 1 0 0 1 0 1 0 0 0 0 0 0 1 0 0 0
 0 0 0 1 1 0 0 0 0 0 0 0 0 0 0 0 0 1 0 0 0 0 0 0 0 0 1 0 1 0
 0 0 0 0 0 0 0 0 0 0 0 0 0 0 1 0 0 0 0 0 1 1 0 0 0 0 0 0 0 0
 1 0 0 0 0 0 0 0 1 1 0 1 0 0 0 1 0 1 0 0 0 1 0 0 0 0 1 0 1 1
 0 0 0 1 0 0 0 1 0 0 0 0 1 1 1 1 1 0 0 0 0 0 0 1 1 0 0 0 0 0
 0 0 0 0 0 0 0 0 0 0 0 1 0 0 0 0 0 0 1 1 0 0 0 1 0 0 0 1 0 0
 0 0 0 0 0 0 1 0 0 0 0 0 0 0 0 0 1 0 0 0 0 0 1 0 0 0 0 0 0 1
 0 1 0 0 0 0 0 0 0 0 1 0 0 0 0 0 0 0 0 0 0 0 0 0 1 1 0 1 0 0
 0 0 0 0 0 0 0 1 1 0 0 1 0 1 0 0 0 0 0 0 0 1 0 0 0 1 0 1 0 0
 0 0 1 0 0 1 0 0 0 0 0 0 1 0 0 1 0 0 1 0 0 0 0 0 0 1 0 0 0 1
 1 0 1 0 0 0 0 0 1 0 0 0 0 0 0 0 0 0 0 0 0 0 0 0 0 0 0 0 1 0

Warwick 648: balanced orders, 3 orders per product
15 30
 0 0 0 0 0 0 0 0 0 1 1 0 1 0 1 0 0 0 1 0 0 0 0 0 0 0 1 1 0 0
 0 0 1 0 1 1 0 1 1 0 1 0 0 1 0 0 0 0 0 0 0 0 0 0 0 0 0 0 0 0
 1 0 0 0 0 0 0 0 0 0 0 0 1 1 0 0 0 0 0 1 0 1 0 0 1 0 0 0 0 0
 1 0 0 0 0 0 0 1 0 0 0 1 0 0 1 1 1 1 1 0 0 0 1 0 0 0 0 1 0 0
 0 0 0 0 0 1 0 0 0 0 0 0 0 0 0 0 0 0 0 0 0 0 1 0 0 0 0 0 1 0
 0 1 0 1 0 0 0 0 0 0 0 1 0 0 0 0 0 0 0 0 1 0 0 1 1 0 1 0 0 1
 0 0 0 0 0 0 0 0 0 0 0 0 0 1 0 0 0 0 0 0 0 0 0 0 0 0 0 0 0 0
 0 0 0 0 0 0 0 0 0 0 0 0 0 0 0 1 0 1 0 0 0 0 0 0 0 0 0 0 0 0
 0 1 1 0 1 0 0 0 1 0 0 0 1 0 0 0 0 0 0 0 1 0 0 0 1 0 0 1 1 0
 0 0 0 0 0 0 1 0 0 0 0 0 0 0 0 0 1 1 0 0 0 0 0 1 0 1 0 0 1 0
 0 0 1 1 0 0 1 0 0 0 1 0 0 0 0 0 0 0 1 1 0 1 0 1 0 0 0 0 0 1
 0 1 0 0 0 0 0 0 1 0 0 1 0 0 1 0 0 0 0 0 1 0 1 0 0 0 0 0 0 0
 1 0 0 0 1 1 0 0 0 1 0 0 0 0 0 1 0 0 0 1 0 0 0 0 0 0 0 0 0 0
 0 0 0 1 0 0 1 0 0 1 0 0 0 0 0 0 1 0 0 0 0 1 0 0 0 1 1 0 0 1
 0 0 0 0 0 0 0 1 0 0 0 0 0 0 0 0 0 0 0 0 0 0 0 0 0 1 0 0 0 0

Warwick 649: balanced orders, 3 orders per product
15 30
 0 0 0 0 0 1 1 0 0 0 0 0 0 0 0 0 0 0 1 1 0 0 0 0 0 1 0 0 0 0
 0 0 0 0 1 0 0 0 0 0 0 0 0 0 0 0 0 1 0 0 0 0 1 0 0 0 1 0 0 1
 0 1 1 1 1 0 0 1 0 0 0 0 0 1 0 0 0 0 0 0 0 1 0 0 0 1 0 0 0 0
 0 0 0 0 1 1 1 0 1 0 0 0 0 1 0 1 0 0 0 0 1 0 0 0 1 0 0 1 0 1
 1 0 0 0 0 0 0 0 0 0 0 1 1 1 1 1 0 0 0 0 0 0 0 0 0 0 0 1 0 1
 0 1 0 0 0 0 0 0 0 1 0 0 0 0 0 1 0 0 0 1 0 0 1 1 0 0 1 0 0 0
 0 0 1 0 0 0 0 0 0 0 1 0 0 0 0 0 0 0 0 0 0 0 0 0 0 0 0 0 1 0
 0 0 0 0 0 0 0 0 0 0 1 0 1 0 0 0 0 0 0 0 0 1 1 1 0 0 0 0 1 0
 0 1 0 0 0 0 0 0 0 0 0 0 0 0 0 0 0 0 1 0 0 0 0 0 0 0 0 0 1 0
 0 0 0 0 0 0 1 1 0 0 0 0 0 0 0 0 0 0 0 0 0 0 0 0 0 1 1 1 0 0
 0 0 0 1 0 1 0 0 0 0 1 0 0 0 1 0 1 1 0 1 1 0 0 0 0 0 0 0 0 0
 0 0 0 1 0 0 0 0 1 0 0 1 0 0 0 0 0 1 0 0 0 0 0 0 1 0 0 0 0 0
 0 0 1 0 0 0 0 0 0 1 0 1 0 0 0 0 1 0 1 0 1 1 0 0 0 0 0 0 0 0
 1 0 0 0 0 0 0 0 1 1 0 0 0 0 0 0 1 0 0 0 0 0 0 0 1 0 0 0 0 0
 1 0 0 0 0 0 0 1 0 0 0 0 1 0 1 0 0 0 0 0 0 0 0 1 0 0 0 0 0 0

Warwick 650: balanced orders, 3 orders per product
15 30
 0 0 0 0 0 0 0 0 0 0 1 0 1 0 0 1 0 1 0 0 0 1 1 0 0 0 0 0 0 0
 0 0 0 0 0 0 0 0 1 0 0 0 0 0 0 0 0 0 0 0 0 0 0 0 0 0 0 0 0 1
 0 1 1 0 0 1 0 1 0 0 0 0 0 1 0 0 0 0 0 0 1 0 0 0 0 0 0 0 1 1
 0 0 0 0 1 1 0 0 0 0 0 0 1 0 0 1 0 0 0 0 0 0 0 0 1 0 0 1 0 0
 1 1 0 0 0 0 0 0 0 0 0 1 0 0 0 0 0 0 0 1 0 1 1 0 0 0 0 0 0 0
 0 0 1 0 0 0 1 0 0 0 0 0 0 1 0 0 0 0 0 1 0 0 0 0 1 0 0 0 0 0
 0 0 0 0 1 0 0 0 0 0 1 0 0 1 0 1 0 0 1 0 1 0 1 0 0 1 0 0 0 0
 0 1 0 0 0 0 0 0 1 0 0 0 0 0 0 0 0 1 0 0 0 0 0 1 0 1 0 1 0 0
 0 0 1 0 0 0 1 1 1 1 0 0 0 0 1 0 1 1 0 0 0 0 0 0 0 0 1 0 0 1
 1 0 0 0 1 0 0 0 0 0 0 0 1 0 0 0 0 0 1 0 0 0 0 0 0 0 0 0 1 0
 1 0 0 0 0 0 0 1 0 0 0 1 0 0 0 0 0 0 0 0 1 1 0 0 0 0 1 0 1 0
 0 0 0 1 0 0 0 0 0 0 0 0 0 0 1 0 1 0 0 1 0 0 0 0 1 1 1 0 0 0
 0 0 0 1 0 1 0 0 0 1 0 0 0 0 0 0 1 0 1 0 0 0 0 0 0 0 0 0 0 0
 0 0 0 1 0 0 1 0 0 1 0 1 0 0 0 0 0 0 0 0 0 0 0 1 0 0 0 1 0 0
 0 0 0 0 0 0 0 0 0 0 1 0 0 0 1 0 0 0 0 0 0 0 0 1 0 0 0 0 0 0

Warwick 651: balanced orders, 4 orders per product
15 30
 0 0 0 0 1 1 0 0 0 0 1 1 0 0 0 0 0 0 0 0 0 0 0 0 0 0 0 1 0 1
 0 1 0 0 0 0 0 0 0 1 0 1 0 0 0 0 0 0 0 1 1 0 0 0 0 0 0 0 0 1
 0 1 1 1 0 0 0 0 0 0 0 0 0 0 1 0 0 0 0 0 0 1 0 0 0 1 0 0 0 0
 0 0 0 0 0 0 0 0 1 0 1 1 1 1 0 0 0 0 0 0 1 1 0 1 1 1 0 1 0 0
 0 0 0 0 0 1 1 1 0 0 1 0 0 0 0 1 0 1 0 0 0 1 0 0 1 0 0 0 1 0
 1 0 1 0 1 0 0 0 1 1 1 0 0 0 0 1 1 0 1 0 0 0 1 0 0 0 0 0 0 1
 0 0 0 0 0 0 1 0 0 0 0 1 0 0 0 0 0 0 0 0 0 0 0 0 0 1 0 1 1 0
 0 0 0 1 0 0 1 1 0 0 0 0 1 0 1 1 1 0 1 0 0 0 1 0 0 0 0 0 0 0
 0 0 0 0 0 1 0 0 0 0 0 0 0 0 0 0 1 0 1 0 0 0 0 0 0 0 1 0 0 0
 0 0 1 1 1 1 0 0 0 0 0 0 0 0 0 1 0 1 0 0 0 0 0 0 1 0 1 0 0 0
 1 0 0 1 0 0 0 0 1 0 0 0 0 0 1 0 0 1 0 1 1 0 0 1 0 1 0 0 0 0
 0 0 0 0 1 0 0 0 0 0 0 0 1 1 0 0 0 0 1 0 0 0 1 1 0 0 0 0 1 0
 1 0 0 0 0 0 0 0 1 1 0 0 1 0 0 0 1 0 0 1 0 0 0 0 1 0 0 0 1 0
 0 1 0 0 0 0 0 1 0 0 0 0 0 1 0 0 0 1 0 1 1 0 0 0 0 0 1 0 0 0
 1 1 1 0 0 0 1 1 0 1 0 0 0 1 1 0 0 0 0 0 0 1 1 1 0 0 1 1 0 1

Warwick 652: balanced orders, 4 orders per product
15 30
 0 0 0 0 0 0 0 0 0 1 0 0 0 0 0 1 0 0 1 0 1 0 1 0 0 1 0 0 0 0
 0 0 1 0 0 1 0 0 0 1 0 1 0 0 0 0 0 1 0 0 0 0 0 0 1 0 0 0 1 0
 0 0 0 0 0 0 1 1 0 0 0 0 0 1 1 0 0 0 0 0 0 1 0 0 0 0 0 0 0 0
 1 1 1 0 0 1 0 0 0 1 0 0 1 1 1 0 0 0 1 1 0 1 0 0 0 1 1 0 1 0
 1 0 0 0 0 0 0 0 0 0 0 0 1 1 0 1 0 0 1 0 0 0 0 0 1 0 1 0 0 1
 0 0 0 0 1 0 0 0 0 0 0 0 1 0 1 0 0 0 0 0 0 0 0 1 0 0 0 1 0 0
 0 1 0 1 0 0 0 1 1 0 0 0 1 0 0 1 1 0 0 0 1 0 0 0 0 1 0 1 0 0
 0 0 1 1 1 0 0 0 1 0 1 1 0 0 0 0 0 0 1 1 0 1 0 0 0 0 0 0 0 0
 1 0 0 0 0 0 0 1 0 0 1 1 0 0 0 0 0 0 0 1 0 0 1 0 1 1 1 0 1 0
 0 0 0 0 1 0 1 0 1 0 0 0 0 0 0 0 0 1 0 0 1 0 0 1 0 0 0 0 1 0
 0 0 1 0 0 1 1 0 1 0 1 1 0 0 1 0 0 0 0 0 0 0 0 1 0 0 1 0 0 1
 0 0 0 1 0 0 0 1 0 0 0 0 0 0 0 1 0 0 0 0 0 1 0 0 0 0 0 0 0 1
 1 1 0 0 0 0 0 0 0 0 1 0 0 0 0 0 1 1 0 1 1 0 1 1 0 0 0 1 0 0
 0 0 0 1 1 1 0 0 0 1 0 0 0 1 0 0 1 0 0 0 0 0 1 0 0 0 0 1 0 0
 0 1 0 0 0 0 1 0 0 0 0 0 0 0 0 0 1 1 0 0 0 0 0 0 1 0 0 0 0 1

Warwick 653: balanced orders, 4 orders per product
15 30
 0 0 1 1 0 0 0 0 0 0 0 1 1 1 1 0 1 0 0 0 0 0 0 0 0 0 0 1 0 0
 1 0 0 0 0 1 1 0 1 1 0 0 0 0 0 1 1 0 1 0 0 0 1 0 1 0 1 0 0 1
 0 0 1 0 1 1 0 0 0 0 1 0 0 0 1 0 0 1 0 0 1 1 1 1 0 0 0 0 1 0
 0 1 0 0 0 1 1 0 1 0 1 0 0 1 0 0 1 0 0 0 0 0 1 0 0 1 1 0 0 0
 0 0 0 1 1 0 0 0 0 1 0 0 0 0 0 0 0 0 0 0 0 0 0 1 0 0 1 0 1 1
 0 0 0 1 1 1 0 0 0 0 0 1 0 0 0 1 0 1 0 0 0 0 0 1 0 1 0 0 1 0
 0 0 1 0 0 0 1 1 0 0 0 1 0 0 0 0 1 0 1 0 0 1 1 1 0 1 0 1 0 1
 0 1 0 0 0 0 0 0 0 1 0 0 1 0 0 0 0 0 0 1 1 0 0 0 0 0 0 0 0 0
 0 0 1 0 0 0 0 0 1 0 0 0 1 1 1 0 0 0 1 0 0 0 0 0 0 0 0 0 0 0
 1 0 0 0 0 0 0 0 0 0 0 1 0 0 0 0 0 1 0 0 0 1 0 0 0 0 0 0 0 0
 1 0 0 0 1 0 0 0 0 1 1 0 1 0 0 1 0 0 0 1 0 0 0 0 0 0 0 1 0 0
 0 0 0 0 0 0 0 0 0 0 0 0 0 0 1 0 0 0 0 0 1 0 0 0 1 0 1 1 0 0
 0 0 0 1 0 0 0 1 0 0 1 0 0 1 0 0 0 0 0 1 0 0 0 0 1 0 0 0 0 0
 0 1 0 0 0 0 1 1 1 0 0 0 0 0 0 1 0 1 0 0 1 1 0 0 0 0 0 0 0 1
 1 1 0 0 0 0 0 1 0 0 0 0 0 0 0 0 0 0 1 1 0 0 0 0 1 1 0 0 1 0

Warwick 654: balanced orders, 4 orders per product
15 30
 1 0 0 0 0 0 0 0 1 0 0 0 0 0 0 0 0 0 1 0 0 0 0 0 0 1 0 0 0 0
 0 0 0 0 0 0 0 0 0 0 0 0 0 0 0 0 0 1 0 1 0 0 0 0 0 0 0 1 1 1
 0 1 0 1 1 0 1 0 0 0 1 0 1 0 1 0 1 0 0 0 0 0 1 0 1 0 0 0 0 0
 1 1 0 0 0 0 0 0 0 0 0 0 0 1 0 0 1 1 1 1 1 1 0 1 0 0 0 1 0 0
 1 0 1 1 0 1 1 0 0 0 0 0 1 0 1 0 0 0 0 0 1 0 0 0 1 0 0 0 0 1
 0 1 1 0 0 0 0 1 1 0 1 1 0 0 0 0 1 0 1 1 0 1 1 1 0 1 0 0 0 0
 0 0 0 0 0 0 1 0 0 1 0 0 0 0 0 1 0 1 0 1 0 1 1 0 0 0 1 1 0 0
 0 0 0 0 0 1 0 0 1 1 0 0 0 1 0 0 1 0 1 0 0 1 0 1 1 1 0 0 0 0
 0 0 1 1 1 0 1 1 0 0 1 1 0 0 1 1 0 0 0 0 0 0 1 0 1 0 0 0 0 0
 1 0 0 0 0 0 0 1 1 1 0 0 0 0 1 0 0 0 0 0 0 0 0 0 0 0 0 0 1 0
 0 1 0 0 0 0 0 0 0 0 0 1 0 1 0 1 0 1 0 0 0 0 0 0 0 1 0 1 1 0
 0 0 0 0 0 0 0 0 0 0 0 0 1 0 0 0 0 0 0 0 1 0 0 1 0 0 0 0 1 1
 0 0 0 0 1 1 0 0 0 0 1 1 0 1 0 0 0 0 0 0 0 0 0 0 0 0 1 0 0 1
 0 0 1 0 0 0 0 0 0 0 0 0 0 0 0 1 0 0 0 0 1 0 0 0 0 0 1 0 0 0
 0 0 0 1 1 1 0 1 0 1 0 0 1 0 0 0 0 0 0 0 0 0 0 0 0 0 1 0 0 0

Warwick 655: balanced orders, 4 orders per product
15 30
 0 0 0 1 0 0 0 1 0 1 0 0 0 0 0 1 0 0 0 1 1 0 0 0 0 1 0 1 0 1
 0 1 1 0 1 0 1 0 1 0 1 1 0 0 1 0 0 0 0 0 0 0 0 0 0 1 1 1 0 0
 1 0 1 0 1 0 1 1 1 1 0 0 1 0 0 0 1 0 1 0 1 0 0 1 0 0 1 0 0 0
 0 1 0 0 0 1 0 0 0 0 0 0 0 1 0 1 0 0 0 0 0 1 1 1 0 0 1 0 0 0
 0 0 0 0 0 0 0 0 1 0 1 0 0 0 0 0 0 0 0 1 0 0 0 0 0 1 0 0 0 0
 0 0 0 1 0 0 0 0 0 1 0 0 1 0 0 0 0 0 1 1 0 0 0 0 0 0 0 0 1 0
 0 1 0 0 1 0 0 0 0 0 0 0 0 0 1 0 0 0 0 1 0 0 0 0 1 0 0 1 0 0
 1 1 1 0 0 0 0 0 0 0 1 0 1 1 1 0 0 0 0 0 0 0 0 1 0 1 0 1 0 0
 0 0 0 1 0 1 0 0 0 0 1 1 0 0 0 0 0 1 0 0 0 0 1 0 1 0 1 0 1 0
 0 0 0 0 0 0 0 1 0 1 0 1 0 1 0 0 1 1 0 0 0 1 1 0 1 0 0 0 0 0
 1 0 0 0 1 0 0 0 0 0 0 0 1 0 0 1 0 0 0 0 0 0 1 0 0 0 0 0 1 0
 1 0 0 0 0 0 0 0 1 0 0 0 0 0 0 0 1 0 0 0 1 0 0 1 0 0 0 0 0 1
 0 0 0 1 0 1 1 0 0 0 0 0 0 0 0 1 0 0 1 0 0 1 0 0 0 0 0 0 1 0
 0 0 0 0 0 0 1 0 0 0 0 1 0 1 0 0 0 1 0 0 0 0 0 0 0 0 0 0 0 1
 0 0 1 0 0 1 0 1 0 0 0 0 0 0 1 0 1 1 1 0 1 1 0 0 1 0 0 0 0 1

Warwick 656: balanced orders, 4 orders per product
15 30
 1 1 0 0 0 0 0 0 0 0 1 0 1 1 0 1 0 0 0 0 0 0 0 0 1 0 1 0 1 0
 0 1 1 0 0 0 0 1 1 1 1 1 0 0 0 0 0 0 0 0 0 0 0 1 0 0 0 1 0 0
 0 0 1 0 0 0 1 0 0 0 0 0 0 1 1 0 1 0 0 1 0 0 0 0 0 0 1 0 0 0
 0 0 0 0 0 1 1 0 1 0 0 0 0 0 1 0 0 0 0 0 0 0 1 1 0 0 0 1 0 0
 0 0 0 0 1 0 1 1 0 0 0 0 1 1 0 1 0 1 1 0 0 0 1 0 0 1 0 0 0 0
 0 1 0 0 0 0 0 0 0 0 0 0 0 0 1 0 0 0 0 0 1 0 0 1 0 1 0 0 0 0
 0 0 0 0 0 0 0 1 0 1 0 0 0 0 0 1 0 0 1 1 0 1 1 0 1 0 1 1 1 0
 1 0 0 0 0 0 0 0 0 0 0 0 0 1 0 0 1 0 0 0 0 0 0 0 0 0 0 0 0 1
 0 0 1 1 1 0 0 0 0 0 0 0 0 0 0 0 1 0 0 0 1 1 0 0 1 1 0 0 0 1
 1 0 0 0 0 0 0 0 0 1 0 1 0 0 0 0 0 0 1 0 0 1 1 0 0 1 0 0 0 1
 0 1 0 1 1 1 0 0 0 0 0 1 1 0 0 0 0 1 0 1 0 1 0 1 0 0 0 0 0 0
 0 0 0 0 1 0 0 0 0 0 0 0 0 0 1 0 0 0 0 1 1 0 0 0 1 0 1 0 1 0
 0 0 0 1 0 1 0 0 1 1 1 0 0 0 0 0 0 1 0 0 1 0 0 0 0 0 0 0 0 1
 1 0 0 1 0 1 1 0 0 0 1 1 0 0 0 1 0 0 0 0 0 0 0 0 0 0 0 0 1 0
 0 0 1 0 0 0 0 1 1 0 0 0 1 0 0 0 1 1 1 0 0 0 0 0 0 0 0 1 0 0

Warwick 657: balanced orders, 4 orders per product
15 30
 0 0 0 0 0 1 0 0 0 1 0 1 1 0 0 0 0 0 0 0 0 0 1 1 0 0 0 1 0 0
 0 1 0 0 0 0 0 0 0 0 0 0 1 1 1 0 1 0 0 0 1 0 0 1 0 0 0 1 0 0
 1 0 0 0 0 1 0 1 0 0 0 0 0 0 0 1 0 0 0 0 1 0 1 0 0 0 0 0 1 0
 1 0 1 0 0 0 0 0 1 0 0 0 0 0 0 0 0 0 1 1 0 1 0 0 0 1 1 1 0 0
 0 0 0 1 1 1 0 0 0 0 1 1 0 1 0 0 0 0 0 0 0 0 0 0 1 0 1 0 0 0
 0 1 0 0 0 0 0 0 0 0 0 1 0 0 0 0 0 1 0 0 0 1 0 0 0 0 1 0 0 0
 0 0 0 1 0 0 0 1 0 0 0 0 1 0 0 0 0 0 0 0 0 0 1 1 0 0 0 0 0 1
 0 1 0 0 0 0 1 0 1 0 0 0 0 0 0 0 1 1 0 0 0 0 0 0 0 0 0 1 0 0
 0 1 0 0 1 0 0 0 0 0 0 0 0 0 0 1 0 0 0 0 0 1 0 0 0 0 0 0 0 1
 1 0 1 1 0 0 1 0 0 1 1 0 0 0 0 0 0 0 0 0 1 0 0 1 1 0 1 0 0 1
 0 0 0 0 0 0 1 0 0 0 0 1 0 1 1 1 0 0 1 0 0 0 0 0 1 0 0 0 0 0
 0 0 1 1 1 0 0 1 1 1 1 0 0 0 1 0 1 0 0 1 0 0 0 0 0 1 0 0 0 0
 1 0 0 0 0 0 1 1 0 0 1 0 0 1 0 0 0 1 0 1 0 1 1 0 0 1 0 0 1 0
 0 0 1 0 1 1 0 0 0 1 0 0 0 0 1 1 0 1 1 0 1 0 0 0 1 1 0 0 1 1
 0 0 0 0 0 0 0 0 1 0 0 0 1 0 0 0 1 0 1 1 0 0 0 0 0 0 0 0 1 0

Warwick 658: balanced orders, 4 orders per product
15 30
 1 0 0 1 0 0 1 1 1 0 0 0 1 1 0 0 1 0 0 0 0 0 0 1 0 1 0 0 0 0
 0 1 0 0 0 0 0 0 0 0 1 0 0 0 0 0 0 1 1 0 0 0 0 1 0 1 0 1 0 0
 1 1 0 0 0 0 0 0 0 0 1 0 0 0 1 0 0 0 0 0 0 0 0 0 0 0 0 0 0 1
 0 0 0 1 1 1 0 0 0 0 0 1 0 0 0 1 1 0 0 1 0 1 1 0 0 0 0 0 0 0
 0 0 0 0 0 0 0 0 0 0 0 0 1 1 1 1 1 1 1 1 1 0 0 0 0 0 0 0 1 0
 0 0 0 0 1 0 0 1 0 1 1 0 0 0 0 0 0 0 0 0 1 1 0 0 0 0 0 0 0 0
 0 0 1 0 0 0 0 0 0 1 0 0 0 0 0 0 0 1 0 1 0 0 1 1 0 1 1 0 1 1
 0 0 0 0 1 1 1 1 0 1 0 0 1 0 0 0 0 0 0 0 0 0 0 0 1 0 1 0 0 0
 1 1 0 0 0 0 0 0 0 0 0 1 0 1 0 1 0 0 0 1 0 0 1 0 0 0 0 0 0 0
 1 0 1 0 0 1 0 0 0 0 0 0 0 0 1 0 0 0 0 0 1 1 0 0 0 0 0 0 0 1
 0 0 0 0 1 1 0 1 0 0 0 1 0 0 0 0 0 0 0 0 0 0 0 0 1 0 1 1 0 0
 0 0 1 1 0 0 0 0 1 0 0 0 0 1 1 0 1 0 0 0 0 1 0 0 1 0 0 1 1 0
 0 0 0 0 0 0 0 0 1 1 0 0 0 0 0 0 0 0 0 0 0 0 0 0 0 0 1 0 0 0
 0 1 1 1 0 0 1 0 1 0 0 1 0 0 0 0 0 1 1 0 0 0 0 1 1 0 0 1 0 1
 0 0 0 0 0 0 1 0 0 0 1 0 1 0 0 1 0 0 1 0 1 0 1 0 0 1 0 0 1 0

Warwick 659: balanced orders, 4 orders per product
15 30
 1 0 0 0 0 1 0 0 1 0 0 0 0 0 0 1 0 0 0 1 0 0 0 0 0 0 0 0 0 0
 0 1 1 0 1 0 0 0 0 1 0 1 0 0 0 0 0 0 0 1 1 0 1 1 1 1 0 0 0 0
 0 0 0 0 0 0 1 1 0 0 0 0 1 0 0 0 1 1 0 0 0 0 0 1 0 1 0 0 0 0
 0 0 0 0 0 0 0 0 1 0 0 1 0 1 0 0 0 0 0 0 1 0 0 1 0 1 0 0 0 1
 1 0 0 1 0 0 0 1 0 0 0 1 0 0 0 1 0 0 0 0 0 0 0 0 0 0 1 0 0 1
 0 0 0 1 1 0 0 0 0 0 0 0 0 0 0 1 0 0 1 0 0 0 0 0 0 0 0 1 1 0
 0 1 1 1 1 0 0 1 0 1 1 0 0 0 0 0 0 0 0 0 1 0 0 0 0 0 0 0 0 0
 0 0 0 0 0 0 0 0 0 1 1 0 0 0 0 0 1 1 1 1 1 0 0 0 1 0 0 1 0 0
 0 1 1 0 0 0 0 1 0 0 0 0 1 0 0 0 1 1 0 1 0 0 0 0 0 0 0 1 0 0
 0 0 0 0 0 0 0 0 0 0 0 0 0 0 0 0 1 0 0 0 0 0 1 0 1 0 0 1 0 0
 1 0 1 0 1 0 1 0 1 0 0 0 1 1 1 0 0 0 1 0 0 1 0 1 0 0 1 0 0 0
 0 0 0 0 0 1 0 0 0 1 0 0 0 0 1 0 0 0 1 0 0 1 1 0 0 0 0 0 1 0
 0 0 0 1 0 1 1 0 0 0 0 1 0 0 0 0 0 1 0 0 0 1 1 0 1 1 1 0 1 1
 0 1 0 0 0 0 1 0 1 0 1 0 1 1 1 0 0 0 0 0 0 0 0 0 0 0 0 0 1 0
 1 0 0 0 0 1 0 0 0 0 1 0 0 1 1 1 0 0 0 0 0 1 0 0 0 0 1 0 0 1

Warwick 660: balanced orders, 4 orders per product
15 30
 0 0 0 0 0 0 0 0 1 0 0 0 0 0 1 0 0 0 0 1 0 0 0 1 1 1 0 0 1 0
 0 0 1 0 0 0 0 0 0 1 0 1 1 0 0 0 1 0 0 0 1 1 1 0 0 0 0 1 0 0
 0 1 1 1 0 0 0 1 0 1 0 0 0 0 0 0 0 0 1 1 0 0 0 0 0 0 1 1 1 0
 0 0 0 0 1 0 0 0 1 1 1 0 0 0 1 0 1 0 0 0 0 0 1 1 0 1 0 0 0 1
 0 0 0 0 0 0 0 0 1 0 0 1 1 1 0 0 1 0 1 0 1 0 0 1 1 0 1 1 0 1
 1 0 1 0 0 0 0 0 0 0 1 1 1 0 0 0 0 0 0 1 0 1 0 0 0 0 1 0 1 0
 0 0 0 1 1 1 0 1 0 0 0 0 0 1 1 1 0 0 0 0 0 0 1 0 0 0 1 0 0 0
 0 0 0 0 0 0 0 0 0 0 0 0 0 0 1 0 0 0 0 0 1 0 0 1 1 0 0 1 0 0
 0 1 0 0 1 1 1 1 0 0 0 0 0 0 0 0 0 1 0 1 0 0 0 0 1 0 0 0 1 0
 1 0 1 1 0 1 0 0 0 0 0 0 1 0 0 0 0 1 0 0 0 0 0 0 0 0 0 0 0 1
 0 0 0 0 0 0 1 0 0 0 0 0 0 1 0 0 0 0 1 0 0 1 0 0 0 1 0 0 0 0
 0 0 0 1 0 0 0 0 1 0 1 0 0 0 0 1 1 0 1 0 0 0 1 0 0 1 0 0 0 0
 1 1 0 0 1 1 0 0 0 0 0 1 0 1 0 0 0 1 0 0 0 0 0 0 0 0 0 0 0 0
 1 0 0 0 0 0 1 0 0 0 1 0 0 0 0 1 0 1 0 0 1 0 0 0 0 0 0 0 0 1
 0 1 0 0 0 0 1 1 0 1 0 0 0 0 0 1 0 0 0 0 0 1 0 0 0 0 0 0 0 0

Warwick 661: balanced orders, 5 orders per product
15 30
 0 1 1 0 1 0 0 0 1 1 0 0 1 1 0 0 1 1 1 0 0 1 0 0 0 0 0 0 0 0
 0 0 0 0 0 0 1 1 0 1 1 0 0 1 1 0 1 1 0 0 0 0 1 0 1 0 1 1 1 0
 0 0 0 0 1 0 0 1 0 1 0 1 0 0 0 1 0 0 0 0 1 0 0 0 0 1 0 0 1 1
 0 0 1 0 1 0 0 0 1 0 1 0 0 0 1 0 0 0 0 0 0 1 0 1 1 1 0 1 1 0
 0 0 0 0 1 1 1 1 1 0 0 0 0 0 0 0 0 0 1 1 0 0 1 0 1 0 1 0 0 1
 0 1 0 0 0 1 0 0 0 0 0 1 1 0 1 1 0 1 0 0 0 0 1 0 0 1 0 0 1 0
 1 1 0 1 0 0 0 0 1 1 1 1 0 0 1 1 0 0 1 1 1 0 0 1 1 0 0 1 0 0
 0 1 0 0 1 1 0 1 0 0 0 0 0 1 0 1 0 1 1 0 0 0 0 0 0 0 0 0 0 0
 0 0 1 1 0 0 0 0 0 0 0 0 1 0 1 0 1 0 0 0 0 0 0 0 1 0 1 0 0 0
 1 0 0 0 0 0 1 0 1 0 0 1 0 0 0 0 0 1 0 0 0 0 0 1 0 1 0 0 1 0
 1 0 1 1 0 0 0 0 0 1 0 0 0 1 0 1 0 0 0 0 1 1 1 1 0 0 1 0 0 1
 1 1 0 1 0 1 0 0 0 0 0 1 0 1 0 0 0 0 1 0 0 1 0 0 0 0 0 1 0 1
 0 0 0 0 0 1 1 0 0 0 0 0 1 0 0 0 0 0 0 1 1 1 0 0 0 0 1 0 0 1
 0 0 0 0 0 0 1 1 0 0 1 0 0 0 0 0 1 0 0 1 0 0 1 0 0 0 0 0 0 0
 1 0 1 1 0 0 0 0 0 0 1 0 1 0 0 0 1 0 0 1 1 0 0 1 0 1 0 1 0 0

Warwick 662: balanced orders, 5 orders per product
15 30
 1 0 0 1 0 0 0 1 1 1 0 0 1 0 0 1 1 0 1 1 0 0 0 0 0 0 0 0 0 1
 0 0 1 0 0 1 1 0 1 1 0 0 0 0 0 0 0 0 0 1 1 0 1 0 0 1 1 1 0 0
 0 1 0 0 0 0 0 1 0 0 0 0 0 1 0 0 1 1 0 0 0 0 0 0 0 1 0 0 1 1
 1 0 0 0 1 1 0 0 0 0 0 0 1 0 0 0 0 1 0 1 0 1 1 1 0 1 0 0 0 1
 0 0 1 0 0 0 0 0 0 0 0 0 1 0 1 1 0 0 1 1 1 0 0 1 1 0 1 0 0 0
 0 1 1 1 1 1 1 0 0 0 0 1 0 0 0 0 0 0 1 0 0 0 0 0 0 0 0 0 0 0
 1 0 0 0 0 0 0 1 0 0 0 1 0 1 1 0 0 0 0 0 0 0 0 1 1 1 1 1 0 0
 0 0 0 0 1 0 0 0 0 1 1 0 0 1 1 0 0 0 0 0 1 0 0 1 1 0 0 0 0 0
 0 0 0 0 0 0 0 0 0 0 1 1 0 0 0 0 0 1 0 0 0 0 0 0 1 0 0 0 0 0
 0 0 1 1 1 1 0 1 1 0 1 1 1 0 0 1 1 1 0 0 0 0 0 0 0 0 1 0 0 1
 0 1 0 0 0 0 0 0 1 1 0 0 0 1 1 1 1 0 1 0 1 1 1 0 0 0 1 0 1 0
 0 0 0 1 1 0 1 1 0 0 1 0 1 0 0 0 0 1 1 0 0 0 0 0 0 0 0 1 1 0
 0 0 1 0 0 0 1 0 0 1 0 0 0 0 0 0 0 0 0 0 0 1 0 0 0 0 0 1 1 1
 1 1 0 1 0 1 1 0 1 0 1 0 0 0 0 0 1 0 0 0 0 1 1 0 1 1 0 0 1 0
 1 1 0 0 0 0 0 0 0 0 0 1 0 1 1 1 0 0 0 1 1 1 1 1 0 0 0 1 0 0

Warwick 663: balanced orders, 5 orders per product
15 30
 1 0 1 1 0 1 1 1 0 1 1 0 0 0 0 0 0 0 0 0 0 1 1 1 1 0 0 0 0 0
 1 0 0 0 1 0 0 0 0 1 0 0 1 1 0 0 1 0 0 1 1 0 0 0 0 1 0 0 0 1
 0 0 0 0 0 1 0 0 1 0 0 0 0 1 1 0 0 0 1 0 0 0 0 0 1 0 0 1 0 1
 0 1 0 0 0 0 0 1 0 0 0 0 0 0 1 0 1 1 1 1 0 1 0 1 0 1 0 1 0 0
 0 0 0 0 1 1 0 0 1 1 1 0 0 0 1 1 1 0 0 1 1 0 1 1 0 0 0 1 0 0
 0 1 0 0 1 0 0 0 0 1 0 0 0 0 0 1 0 0 1 0 1 1 0 0 0 0 1 0 1 1
 1 0 1 1 0 0 1 0 0 0 0 1 1 0 0 0 0 1 0 0 0 0 1 1 0 0 1 0 1 0
 0 0 0 0 0 0 1 0 1 0 0 0 0 0 0 1 0 1 1 0 0 1 0 0 0 0 0 0 0 1
 1 0 1 0 0 0 1 0 1 0 1 1 0 0 0 0 1 0 0 0 1 0 0 0 1 0 1 1 0 0
 0 0 0 0 0 1 0 0 0 0 0 0 0 1 1 1 1 0 0 0 0 0 1 0 0 0 0 0 1 0
 0 0 0 0 0 0 0 0 0 0 0 0 0 0 1 1 0 0 0 1 0 0 0 0 0 0 1 0 0 0
 0 1 0 1 0 1 1 1 0 0 1 1 1 0 0 0 0 0 0 1 0 0 0 1 0 1 0 1 0 0
 0 1 1 1 1 0 0 1 1 0 1 0 0 1 0 0 0 1 0 0 1 0 0 0 1 1 0 0 1 0
 0 0 0 1 1 0 0 1 0 1 0 1 1 1 0 0 0 0 0 0 0 1 0 0 1 0 1 0 0 0
 1 1 1 0 0 0 0 0 0 0 0 1 1 0 0 0 0 1 1 0 0 0 1 0 0 1 0 0 1 1

Warwick 664: balanced orders, 5 orders per product
15 30
 1 0 0 1 0 0 0 0 0 1 0 0 0 0 0 1 0 0 0 0 0 1 1 0 0 1 0 0 1 1
 1 1 1 1 0 0 0 0 0 0 0 0 1 1 0 0 1 0 1 0 1 0 0 0 0 0 0 0 0 0
 0 0 1 0 0 0 0 1 0 0 0 1 1 1 0 0 1 0 1 1 1 0 0 0 0 0 1 1 0 0
 0 0 0 0 0 0 0 1 0 0 0 0 0 0 1 0 1 1 0 1 0 1 0 0 0 0 1 0 0 0
 1 0 0 0 0 0 0 1 1 0 1 1 0 0 0 1 0 1 0 0 1 0 1 0 1 1 0 0 0 0
 1 1 1 1 0 0 0 1 0 0 1 0 0 0 0 1 0 1 0 1 0 0 1 0 0 0 0 1 0 1
 0 0 0 0 1 0 1 0 1 0 1 1 0 0 0 0 0 0 0 0 1 1 0 0 0 0 1 0 1 0
 0 1 1 0 1 0 1 0 1 1 0 0 0 1 1 0 0 0 0 0 0 0 0 1 1 1 1 1 0 0
 0 1 0 1 0 1 0 0 0 0 0 0 1 0 1 0 0 0 0 0 0 0 0 1 1 0 0 1 0 1
 0 0 0 0 1 0 1 0 0 1 0 0 1 0 0 1 0 0 1 0 0 1 0 0 0 0 1 1 0 0
 0 0 1 1 1 1 0 1 0 0 1 1 0 1 0 1 0 1 0 1 0 0 1 1 0 0 0 0 1 0
 0 0 0 0 0 1 0 0 0 0 1 0 1 0 0 0 1 1 1 1 0 0 0 0 0 0 0 0 1 0
 0 0 0 0 0 1 1 0 1 1 0 0 0 1 0 0 0 0 1 0 0 0 1 1 1 1 0 0 0 0
 1 0 0 0 0 1 1 0 0 0 0 1 0 0 1 0 0 0 0 0 1 1 0 1 0 1 0 0 1 1
 0 1 0 0 1 0 0 0 1 1 0 0 0 0 1 0 1 0 0 0 0 0 0 0 1 0 0 0 0 1

Warwick 665: balanced orders, 5 orders per product
15 30
 1 0 0 0 0 0 1 0 0 1 0 1 0 0 0 0 0 0 0 0 1 0 1 1 0 1 0 1 1 1
 0 1 0 0 0 0 1 0 0 0 0 0 1 0 0 0 1 0 0 0 0 0 0 1 0 1 1 1 0 0
 0 0 1 1 1 1 0 0 1 1 1 0 0 0 0 0 0 0 0 0 0 1 0 1 0 1 1 1 0 0
 0 0 1 1 0 0 0 1 0 0 0 1 1 1 1 1 1 1 0 1 0 0 0 1 1 0 0 1 1 0
 1 0 0 1 0 0 0 1 0 0 0 0 0 1 0 0 0 1 0 1 1 1 0 0 0 0 1 0 1 0
 0 1 0 0 1 1 0 0 0 0 1 0 0 1 1 1 0 1 1 0 0 1 0 0 1 0 0 0 0 0
 1 0 0 0 0 0 0 0 0 0 0 0 1 0 1 0 0 0 1 0 1 1 0 0 0 0 1 0 0 1
 0 1 1 0 0 1 0 0 0 0 0 1 0 0 0 1 0 0 0 0 1 0 0 0 1 0 0 0 0 0
 0 1 0 0 1 1 1 0 1 1 0 0 0 1 0 0 1 0 1 1 0 0 0 1 0 1 0 0 0 0
 0 0 1 0 0 1 0 1 1 0 0 1 1 0 0 0 0 1 0 0 1 0 1 0 0 0 0 0 0 0
 0 0 1 0 0 0 1 0 0 0 1 0 0 0 1 0 0 0 1 0 0 0 0 0 1 0 0 0 1 1
 0 1 0 0 0 0 1 0 0 0 0 0 0 0 0 0 0 0 0 0 0 0 1 0 0 0 0 0 1 1
 1 0 0 0 1 0 0 0 1 1 1 0 0 1 0 1 1 0 1 1 0 0 0 0 0 1 0 0 0 0
 1 0 0 1 0 0 0 1 1 0 1 0 0 0 0 0 1 0 0 0 0 0 1 0 1 0 0 1 0 0
 0 0 0 1 1 0 0 1 0 1 0 1 1 0 1 1 0 1 0 1 0 1 1 0 0 0 1 0 0 1

Warwick 666: balanced orders, 5 orders per product
15 30
 1 0 1 1 0 1 0 0 0 0 0 1 0 0 0 0 0 0 1 0 0 1 0 1 0 1 1 1 1 0
 1 0 0 0 0 0 0 0 1 0 0 0 0 0 0 0 1 0 0 1 1 0 0 0 0 0 0 0 0 0
 0 0 1 0 1 0 0 0 0 0 0 0 1 1 0 0 0 0 0 1 0 0 1 0 1 1 0 0 0 1
 0 0 0 0 0 0 1 0 0 0 1 0 1 0 1 0 1 0 0 0 0 1 0 1 1 0 1 0 1 1
 1 0 0 0 1 0 1 1 0 1 1 1 0 0 1 0 1 0 0 0 0 0 0 0 0 0 0 1 0 1
 0 1 0 0 0 0 0 1 0 0 1 0 1 0 0 1 0 0 0 0 0 0 1 1 0 1 0 0 0 0
 0 0 0 1 1 1 1 0 0 1 0 0 0 0 1 1 0 1 1 1 1 1 0 0 0 1 1 0 0 0
 0 0 1 0 0 0 0 0 0 0 0 0 0 1 0 1 0 0 0 0 1 1 1 1 1 0 0 0 0 0
 0 0 0 0 0 1 0 0 1 1 0 0 0 0 0 0 1 0 0 0 1 0 1 0 0 0 0 1 1 0
 1 0 1 1 0 0 1 1 0 0 1 0 1 0 1 1 0 0 0 0 0 0 0 1 0 0 0 1 1 0
 0 1 1 0 0 0 0 1 0 0 0 1 0 1 0 0 0 0 0 0 0 1 0 0 0 0 1 1 1 0
 1 1 0 0 1 1 0 0 0 1 0 1 0 1 1 0 0 1 1 0 1 0 0 0 1 1 0 0 0 0
 0 1 0 1 0 1 0 0 1 1 0 1 1 0 0 1 0 1 1 1 0 0 0 0 1 0 0 0 0 1
 0 0 0 1 0 0 1 0 1 0 1 0 0 1 0 0 1 1 1 1 0 0 0 0 0 0 1 0 0 1
 0 1 0 0 1 0 0 1 1 0 0 0 0 0 0 0 0 1 0 0 0 0 1 0 0 0 0 0 0 0

Warwick 667: balanced orders, 5 orders per product
15 30
 0 0 0 0 0 0 0 0 0 0 0 1 0 0 0 0 1 0 1 1 0 0 1 1 1 0 1 0 0 0
 0 0 0 0 1 0 0 0 0 0 1 0 0 0 0 1 1 0 0 1 1 1 0 1 0 0 1 1 1 1
 1 0 0 0 0 0 0 1 1 0 0 1 0 1 1 0 0 0 0 0 0 0 0 0 1 1 0 0 0 1
 0 0 1 0 0 1 0 0 0 0 1 1 1 0 1 0 1 1 0 0 0 0 0 1 0 1 0 0 0 0
 0 0 0 1 1 0 1 1 0 1 0 0 0 0 0 1 0 0 0 0 0 1 1 0 0 0 0 0 0 0
 1 0 1 0 0 0 1 1 0 0 1 1 0 0 0 0 1 1 1 0 0 0 0 0 0 0 1 1 0 1
 1 1 1 1 0 1 1 0 0 0 0 0 1 1 0 0 1 0 0 0 0 0 0 0 1 1 0 0 0 0
 1 0 0 1 0 1 0 0 1 1 0 0 1 0 0 1 0 0 0 0 0 1 0 1 1 1 1 0 0 0
 1 0 0 0 0 1 0 1 1 1 1 0 0 1 0 0 0 1 0 1 1 1 1 0 0 0 0 1 0 1
 0 1 0 0 1 0 0 0 0 0 0 1 1 0 0 1 0 0 0 1 1 0 0 0 0 0 0 1 1 1
 0 0 0 0 1 0 1 1 1 0 0 0 1 1 1 0 0 0 0 0 0 0 0 0 0 1 0 0 1 0
 0 1 0 1 1 0 0 0 1 0 1 0 0 0 1 0 0 1 1 0 1 0 0 1 0 0 0 0 0 0
 0 1 0 0 0 0 1 0 0 0 0 0 0 0 1 0 0 1 0 0 0 1 0 0 1 0 0 1 0 0
 0 0 1 0 0 0 0 0 0 1 0 0 0 0 0 0 0 0 1 0 1 0 1 0 0 0 0 0 1 0
 0 1 1 1 0 1 0 0 0 1 0 0 0 1 0 1 0 0 1 1 0 0 1 0 0 0 1 0 1 0

Warwick 668: balanced orders, 5 orders per product
15 30
 1 1 0 0 0 0 0 0 1 0 1 1 1 0 0 0 0 0 0 1 1 1 1 0 1 0 0 1 0 1
 0 0 0 0 0 0 1 0 0 1 1 1 0 0 1 0 0 0 0 0 0 0 0 0 1 0 1 0 0 0
 0 0 1 1 1 0 0 0 0 1 0 0 0 0 0 1 0 0 1 0 0 1 1 0 1 1 1 1 0 1
 0 0 0 0 1 0 0 1 0 1 0 1 0 1 0 0 0 0 1 1 1 0 0 1 0 0 0 0 0 0
 1 0 0 0 0 1 0 0 0 0 0 0 1 1 0 1 1 0 1 0 0 0 0 1 1 0 0 0 1 1
 0 0 1 0 0 1 1 1 1 0 1 0 1 0 0 1 0 0 0 0 0 0 1 0 1 1 0 1 0 0
 1 0 0 0 0 0 1 1 0 0 0 0 0 1 0 0 0 1 1 0 0 1 0 0 0 1 0 0 1 0
 0 1 0 1 0 0 1 0 1 0 0 0 0 0 0 0 1 0 0 0 1 0 0 0 0 1 0 0 1 1
 0 0 1 1 1 1 0 0 0 0 0 0 1 0 0 1 0 1 0 0 0 0 1 0 0 0 1 0 1 0
 1 1 1 1 1 0 0 0 0 0 1 0 1 0 1 0 1 1 0 1 0 0 0 0 0 0 0 0 1 0
 1 0 0 0 0 0 0 0 0 0 0 1 0 0 1 1 0 1 0 0 0 0 1 1 0 0 1 0 0 0
 0 0 0 0 1 0 0 0 0 1 0 0 0 0 1 0 0 0 1 0 1 1 0 1 0 0 1 0 0 0
 0 1 0 0 0 0 0 0 1 1 0 0 0 0 0 0 0 0 0 0 0 1 0 0 0 0 0 1 0 0
 0 0 0 0 0 1 0 1 0 0 0 1 0 1 0 0 1 0 0 1 0 0 0 1 0 0 0 0 0 0
 0 1 1 1 0 1 1 1 1 0 1 0 0 1 1 0 1 1 0 1 1 0 0 0 0 1 0 1 0 1

Warwick 669: balanced orders, 5 orders per product
15 30
 1 1 0 0 0 1 0 0 1 0 0 1 0 1 1 0 0 1 1 0 1 0 0 0 0 1 0 0 1 1
 0 0 1 0 0 1 1 0 0 0 0 0 0 0 1 1 0 0 0 0 0 0 1 0 0 0 0 0 1 1
 0 0 0 0 1 0 1 1 1 0 0 0 0 0 0 0 0 0 0 0 0 0 0 0 0 0 1 0 0 0
 0 0 1 0 0 0 0 0 0 1 0 1 0 0 1 1 1 0 0 0 0 0 0 0 1 0 1 1 0 0
 1 0 1 1 1 0 0 0 0 0 0 1 1 0 1 1 0 0 1 0 0 1 1 1 0 0 0 0 0 0
 1 0 0 1 1 1 1 1 0 1 1 0 0 1 0 0 0 0 0 0 1 0 0 0 0 1 1 0 1 1
 0 1 1 0 0 1 1 0 1 0 0 0 1 0 0 1 1 0 0 1 0 0 0 1 0 0 1 1 0 0
 0 0 0 1 0 0 0 0 0 1 0 1 0 1 0 0 0 0 0 1 0 0 0 0 0 0 0 0 0 0
 1 0 0 0 0 0 0 1 0 1 1 0 1 0 0 0 1 1 1 1 0 0 0 1 0 1 0 1 0 0
 0 0 0 1 0 1 0 1 0 0 1 0 0 0 0 0 1 1 0 0 1 1 0 0 0 1 1 0 1 0
 0 1 0 0 0 0 0 0 0 0 0 1 1 0 0 1 1 0 0 1 0 1 0 1 1 1 0 0 0 0
 1 0 1 0 0 0 0 0 1 0 0 0 0 0 0 0 0 0 1 0 0 0 1 0 1 0 0 0 0 1
 0 1 0 0 1 0 0 0 0 0 1 0 1 0 0 0 0 0 0 1 0 1 0 1 1 0 0 0 1 0
 0 0 0 1 0 0 0 0 1 1 1 0 0 1 0 0 0 1 1 0 1 1 1 0 0 0 0 1 0 0
 0 1 0 0 1 0 1 1 0 0 0 0 0 1 1 0 0 1 0 0 1 0 1 0 1 0 0 1 0 1

Warwick 670: balanced orders, 5 orders per product
15 30
 0 0 0 0 1 0 0 0 1 1 0 0 1 1 0 0 0 0 0 0 0 1 0 0 1 0 1 0 0 0
 1 1 0 0 0 0 1 0 1 0 0 1 1 0 0 0 1 1 1 0 1 0 0 1 0 0 0 0 0 0
 0 0 0 0 1 1 0 0 0 1 0 1 1 0 0 0 0 1 0 0 1 1 1 0 1 0 0 1 0 0
 1 0 1 1 0 0 0 1 1 0 0 0 0 0 0 1 1 0 0 0 0 0 0 0 0 0 1 1 0 1
 0 0 1 0 1 0 1 0 0 0 0 1 0 0 1 0 0 0 0 1 0 0 0 0 0 1 0 0 0 0
 0 0 0 0 0 0 0 1 0 1 0 0 0 0 0 0 1 1 0 0 0 1 1 0 0 0 1 0 0 0
 1 1 1 0 0 1 1 1 0 1 1 0 1 0 1 0 0 0 0 0 0 0 0 1 0 0 0 1 0 0
 0 1 1 0 0 1 0 0 0 0 1 0 0 0 0 0 0 1 0 0 0 0 0 0 0 1 0 0 0 1
 0 1 0 0 0 0 1 0 1 0 1 0 0 1 1 1 0 0 1 1 0 0 0 0 0 1 1 0 1 0
 1 0 0 1 0 0 0 0 1 0 1 0 0 0 0 1 0 0 1 0 1 0 1 0 1 0 0 1 1 0
 0 0 0 1 0 0 0 0 0 0 0 0 0 1 0 0 0 0 1 1 0 0 0 1 1 1 0 0 1 1
 1 0 0 1 1 0 0 1 0 0 0 1 0 1 1 0 1 1 0 1 1 1 1 0 0 0 0 0 0 1
 0 0 0 0 1 1 1 0 0 0 1 0 1 1 1 1 0 0 0 0 0 0 0 1 1 0 0 0 0 1
 0 1 1 0 0 1 0 0 0 0 0 0 0 0 0 0 0 0 1 1 1 0 1 0 0 0 0 0 1 0
 0 0 0 1 0 0 0 1 0 1 0 1 0 0 0 1 1 0 0 0 0 1 0 1 0 1 1 1 1 0

Warwick 671: balanced orders, 6 orders per product
15 30
 0 0 0 1 1 1 1 0 1 1 0 1 0 0 0 1 0 1 0 0 0 1 0 0 0 1 0 0 1 1
 0 1 1 0 0 1 0 0 1 0 0 0 0 1 0 1 1 0 1 0 0 1 1 1 0 0 1 0 0 0
 0 1 1 1 0 0 0 1 0 1 0 0 0 0 1 0 0 0 0 0 0 0 1 0 1 0 0 0 0 0
 1 1 1 0 1 0 0 1 1 0 1 0 1 0 1 1 1 1 1 1 1 0 0 0 1 0 0 0 0 1
 1 0 0 1 1 0 1 1 0 1 1 1 1 0 0 1 0 1 1 1 1 1 0 0 0 1 0 0 1 0
 0 1 1 0 1 0 1 1 0 0 0 0 1 1 0 1 1 0 1 0 0 1 0 1 1 0 1 1 1 0
 0 0 0 0 0 0 1 0 0 0 1 1 0 0 0 0 0 0 0 1 1 0 0 0 0 1 0 1 1 1
 1 0 1 1 0 0 1 0 1 0 0 1 1 1 1 0 1 0 0 1 0 0 0 0 1 0 1 0 0 0
 1 1 0 0 0 0 0 1 0 1 0 0 0 0 0 0 0 0 1 1 0 0 0 0 0 1 0 1 0 1
 0 0 0 0 0 1 1 0 1 0 1 1 0 0 1 0 1 1 0 0 0 0 1 1 0 0 1 0 0 1
 1 1 0 0 1 1 0 0 1 0 0 0 0 1 0 1 0 0 0 0 1 0 0 0 0 1 0 0 0 0
 1 0 0 1 1 0 0 0 0 0 1 0 0 1 0 0 0 1 0 0 1 1 1 0 0 0 1 1 1 0
 0 0 0 0 0 1 0 1 0 1 0 0 0 1 1 0 0 0 1 0 0 0 1 1 0 0 0 1 1 0
 0 0 0 1 0 0 0 0 0 1 0 0 1 0 0 0 0 1 0 0 0 1 1 1 1 1 0 1 0 1
 0 0 1 0 0 1 0 0 0 0 1 1 1 0 1 0 1 0 0 1 1 0 0 1 1 0 1 0 0 0

Warwick 672: balanced orders, 6 orders per product
15 30
 1 1 0 1 1 1 0 1 0 0 1 0 0 0 0 0 0 1 1 0 0 0 0 0 1 0 1 0 0 1
 0 0 0 0 0 1 0 0 1 0 0 1 0 0 1 1 1 0 1 0 0 0 0 0 1 0 0 1 1 0
 0 1 1 0 1 0 0 0 0 0 1 0 1 0 0 1 0 1 0 0 0 1 0 0 0 1 0 0 1 0
 0 1 1 0 0 0 1 0 0 1 1 1 0 0 0 1 1 0 0 1 0 1 1 1 1 0 1 0 0 1
 1 0 0 0 1 0 1 0 1 1 1 0 0 0 1 0 0 0 0 1 1 0 0 0 0 1 0 1 1 1
 1 0 0 0 0 1 0 0 0 1 0 0 1 0 0 0 0 0 0 0 0 0 1 1 0 1 1 0 0 1
 0 0 0 1 1 1 1 0 1 0 0 1 1 1 1 0 0 1 1 1 1 0 1 0 1 0 0 1 0 0
 0 1 1 0 0 0 1 0 1 1 0 0 0 1 1 0 0 0 0 0 1 0 1 0 0 1 0 1 0 0
 0 1 0 0 1 0 1 1 1 0 0 0 1 1 1 1 1 0 0 1 1 1 1 1 0 0 1 0 0 1
 1 0 1 1 0 0 0 0 0 0 1 1 1 0 1 1 0 1 1 0 1 1 0 1 0 0 0 0 1 0
 1 1 0 1 0 0 0 1 0 0 0 0 0 0 0 0 1 1 0 0 0 0 0 1 0 1 1 0 1 1
 0 0 0 0 0 0 0 1 0 0 0 1 0 0 0 1 1 1 0 0 1 0 0 0 1 0 0 1 0 0
 0 0 0 1 0 1 1 0 0 0 0 0 0 1 0 0 0 0 1 1 0 1 0 1 0 0 1 0 1 0
 1 0 1 1 1 0 0 1 1 1 0 1 0 1 0 0 1 0 1 0 0 0 1 0 1 1 0 0 0 0
 0 0 1 0 0 1 0 1 0 1 1 0 1 1 0 0 0 0 0 1 0 1 0 0 0 0 0 1 0 0

Warwick 673: balanced orders, 6 orders per product
15 30
 0 0 0 0 0 0 0 0 0 0 0 1 0 1 1 0 0 0 0 0 0 0 1 0 0 1 0 1 0 1
 0 1 0 1 1 0 0 1 0 1 0 1 0 0 1 0 0 1 1 0 1 0 0 1 0 1 0 0 1 1
 1 0 0 0 1 0 1 1 0 0 0 1 1 1 1 0 1 0 0 1 1 0 0 1 0 0 1 0 1 0
 0 0 0 0 0 1 1 0 0 1 1 0 1 0 0 0 0 0 1 0 0 0 1 0 0 0 0 1 0 0
 0 0 1 0 1 1 1 1 0 1 0 0 0 0 1 1 1 1 1 1 1 1 0 1 1 0 1 0 0 0
 1 1 1 1 0 0 1 0 0 0 1 0 1 0 0 1 1 0 0 1 0 0 1 1 1 1 0 0 1 0
 1 0 1 1 0 1 0 0 1 0 0 0 0 0 0 1 0 0 0 1 1 0 0 0 0 0 0 1 1 0
 0 1 0 1 1 1 0 0 0 1 0 1 0 1 0 0 0 1 0 1 0 1 0 1 0 1 0 1 1 0
 1 0 0 1 1 0 1 0 1 1 1 0 0 1 0 1 1 0 0 0 0 1 0 1 0 1 1 1 0 0
 1 1 0 0 0 0 0 0 1 0 0 0 0 0 0 0 1 1 0 0 0 0 1 0 1 1 1 0 0 0
 0 1 0 0 0 1 1 1 0 0 1 1 0 1 0 1 0 0 1 0 1 1 1 0 0 0 0 0 0 1
 0 1 1 0 1 0 0 0 0 1 0 0 1 1 1 0 0 0 1 0 0 0 0 0 0 0 0 0 0 1
 0 0 1 0 0 1 0 1 1 0 1 1 1 0 0 0 0 0 1 0 0 1 0 0 1 0 0 1 1 0
 1 0 0 1 0 0 0 1 1 0 0 0 1 0 0 1 0 1 0 0 0 1 0 0 1 0 1 0 0 1
 0 0 1 0 0 0 0 0 1 0 1 0 0 0 1 0 1 1 0 1 1 0 1 0 1 0 1 0 0 1

Warwick 674: balanced orders, 6 orders per product
15 30
 0 0 0 0 1 0 0 1 0 0 1 0 1 0 1 0 0 0 0 0 1 0 0 0 0 0 1 1 1 0
 0 1 0 0 1 1 0 1 1 1 0 0 0 0 0 0 1 0 0 1 1 0 1 0 0 0 0 0 0 1
 0 0 0 0 0 1 0 0 0 1 0 1 1 1 0 0 1 0 1 0 0 1 1 1 0 0 0 0 0 1
 0 1 1 0 0 0 1 0 1 0 0 0 0 1 1 0 0 1 1 1 0 0 1 1 0 0 1 0 0 0
 0 1 0 0 0 0 1 1 0 0 1 1 0 0 0 0 1 0 1 0 0 0 0 0 1 0 0 1 0 0
 1 0 1 0 1 0 0 1 0 1 1 0 1 0 1 1 0 1 0 1 0 0 0 1 0 1 0 1 1 0
 0 0 0 1 0 1 0 0 0 1 0 0 1 0 0 0 0 0 1 0 0 0 1 0 1 1 0 1 1 0
 1 0 1 1 0 0 0 0 1 0 1 0 1 1 0 0 0 1 0 0 1 1 1 0 1 0 0 0 0 0
 1 1 1 1 1 0 1 1 0 0 0 1 1 0 0 1 0 0 0 0 0 0 0 1 0 1 0 0 1 0
 0 0 0 1 0 0 0 0 1 1 0 0 0 1 0 1 1 0 0 1 1 0 0 0 1 1 0 1 1 1
 1 0 0 1 1 1 1 0 0 1 0 0 0 0 1 1 1 1 1 0 1 1 0 0 0 1 1 0 1 0
 0 0 0 0 0 1 1 0 1 0 1 0 0 1 0 1 0 0 0 0 0 1 0 1 1 0 1 0 0 1
 1 1 0 0 1 1 1 1 0 0 0 1 0 1 1 0 1 1 0 1 0 1 1 0 0 0 1 0 0 1
 0 1 1 0 0 0 0 0 1 0 0 1 0 0 0 1 0 0 0 0 0 1 0 1 0 1 0 0 0 0
 1 0 1 1 0 0 0 0 0 0 1 1 0 0 1 0 0 1 1 1 1 0 0 0 1 0 1 1 0 1

Warwick 675: balanced orders, 6 orders per product
15 30
 1 0 0 0 0 1 0 0 0 1 1 0 1 0 1 1 1 0 0 0 1 0 0 1 1 0 1 1 0 0
 0 0 1 1 0 1 0 0 0 0 0 1 1 0 1 0 0 1 1 0 0 1 1 1 0 1 0 1 1 1
 0 1 0 0 1 1 0 1 0 0 0 0 0 0 1 0 1 0 0 0 1 1 1 0 0 0 1 0 0 0
 1 0 1 1 1 0 0 0 1 0 1 0 0 1 0 0 0 1 0 1 0 0 0 0 0 0 1 0 0 1
 0 1 0 0 1 1 0 0 0 1 0 1 1 1 0 1 0 0 0 1 0 0 0 0 1 0 0 1 1 1
 0 1 1 0 0 0 0 0 0 1 1 1 0 0 0 0 0 0 0 0 0 1 0 1 0 0 0 0 1 0
 0 0 0 0 1 0 1 0 1 0 0 1 0 0 1 0 0 0 0 1 0 1 0 1 1 1 0 0 0 1
 0 1 1 0 1 0 1 0 1 1 0 0 0 0 1 0 1 1 1 0 0 0 1 0 0 0 0 1 0 0
 1 0 1 1 0 1 0 1 0 1 1 0 0 0 0 1 0 0 1 1 1 1 0 1 0 1 0 0 0 1
 1 0 0 0 0 0 1 0 1 0 1 0 0 1 1 0 1 1 0 0 0 0 0 0 0 1 0 0 1 0
 1 1 0 1 0 0 0 1 1 0 1 0 1 0 0 1 1 0 1 1 1 0 1 0 0 1 1 0 1 0
 0 0 0 0 1 1 1 1 0 0 0 0 0 1 0 1 0 0 0 1 0 0 0 1 1 0 1 0 0 0
 0 1 1 1 0 0 0 0 0 1 0 1 1 0 0 0 0 1 1 0 1 0 1 0 1 0 0 1 0 1
 1 0 0 0 0 0 1 1 1 0 0 0 1 1 0 0 1 0 1 0 1 0 0 0 1 1 0 0 1 0
 0 0 0 1 0 0 1 1 0 0 0 1 0 1 0 1 0 1 0 0 0 1 1 0 0 0 1 1 0 0

Warwick 676: balanced orders, 6 orders per product
15 30
 0 0 0 1 1 0 0 1 1 0 0 0 0 1 1 1 1 0 0 0 1 0 0 0 0 1 0 0 0 1
 1 0 1 0 0 1 1 0 1 0 0 0 0 0 0 1 0 0 0 0 1 1 0 0 1 0 0 1 0 0
 0 1 1 0 0 1 0 1 0 1 0 0 0 0 1 0 1 0 1 1 0 0 1 0 1 1 1 0 1 0
 1 0 0 1 0 1 0 0 1 0 0 1 1 1 0 0 0 1 0 1 1 1 0 0 0 0 0 1 0 0
 0 1 0 1 1 0 0 1 0 1 1 1 1 0 1 0 1 1 1 1 0 0 0 0 0 1 1 1 1 0
 1 0 1 0 0 0 1 0 0 1 1 0 0 0 0 0 1 1 0 0 1 0 0 0 1 1 0 1 1 0
 0 0 0 1 0 1 0 0 1 0 1 1 0 1 1 0 1 0 0 0 0 0 0 1 0 0 1 1 0 1
 0 1 1 1 0 0 0 1 0 0 0 0 1 1 0 0 0 0 0 1 0 0 0 0 0 0 0 0 0 1
 0 1 0 0 0 0 0 0 1 1 0 0 0 0 0 0 0 1 1 1 0 1 1 1 0 0 0 1 1 0
 0 0 0 0 1 0 1 1 1 1 1 1 1 0 1 1 0 1 0 0 0 1 0 0 0 0 1 0 1 1
 0 0 1 1 0 0 1 0 0 0 0 0 1 0 0 0 0 0 0 0 1 0 1 1 1 0 0 0 0 0
 1 0 1 0 1 0 1 0 0 1 0 0 0 0 0 1 0 0 0 0 1 1 0 1 1 0 1 0 0 0
 0 0 0 0 0 1 0 0 0 0 0 0 1 0 1 1 0 1 1 0 0 1 1 0 0 1 0 0 0 1
 1 1 0 0 1 1 1 1 0 0 1 1 0 1 0 0 1 0 1 0 0 0 1 1 0 0 1 0 0 0
 1 1 0 0 1 0 0 0 0 0 1 1 0 1 0 1 0 0 1 1 0 0 1 1 1 1 0 0 1 1

Warwick 677: balanced orders, 6 orders per product
15 30
 0 0 1 0 1 0 0 0 0 1 0 0 0 0 0 1 0 0 0 1 1 0 0 0 0 0 1 0 0 0
 0 1 0 1 0 1 0 1 0 0 0 0 0 0 0 1 0 1 0 0 0 1 0 0 0 0 0 1 1 0
 0 0 0 0 0 0 0 0 0 0 1 0 0 0 0 0 0 0 0 0 1 1 0 1 1 1 0 0 1 0
 0 1 0 1 0 1 0 0 1 0 1 0 1 0 0 0 1 0 0 0 1 1 0 0 0 1 1 0 1 0
 0 1 1 0 1 0 0 1 0 1 0 1 0 1 0 0 1 0 1 0 0 0 1 1 0 0 1 1 0 0
 0 0 0 0 0 1 0 1 1 1 0 0 0 0 1 0 1 1 1 0 0 0 0 1 0 1 1 0 0 1
 1 1 0 0 0 0 1 0 1 1 0 0 0 1 1 1 0 0 1 0 1 1 0 0 1 1 0 1 0 0
 1 1 1 0 1 0 0 0 0 1 0 0 0 0 1 0 1 0 0 1 0 0 1 1 1 0 0 1 0 0
 0 0 0 1 1 0 1 0 1 0 1 1 1 1 0 1 0 1 0 1 0 0 1 0 0 0 0 0 1 0
 1 0 1 0 1 0 1 0 1 0 0 0 0 0 0 1 0 1 0 1 0 1 1 0 1 0 1 0 1 1
 0 0 0 1 0 1 1 0 1 0 0 1 1 1 1 1 0 1 0 1 0 0 0 0 1 1 0 1 0 1
 1 0 1 0 0 0 0 0 0 0 1 1 1 1 1 0 1 0 1 0 1 0 0 0 0 1 0 0 1 1
 1 1 0 1 1 0 1 1 0 0 0 1 1 0 0 0 0 0 1 0 0 0 1 0 0 0 0 0 0 1
 0 0 0 1 0 1 0 1 0 1 1 0 1 1 0 0 0 1 1 1 0 0 0 1 0 0 1 1 0 1
 1 0 1 0 0 1 1 1 0 0 1 1 0 0 1 0 1 0 0 0 1 1 1 1 1 0 0 0 0 0

Warwick 678: balanced orders, 6 orders per product
15 30
 1 0 0 0 1 1 0 1 0 0 1 0 0 1 1 0 0 1 0 0 1 1 1 0 0 0 0 1 1 1
 1 0 0 0 1 0 0 0 1 0 0 1 1 1 0 1 1 1 1 1 1 0 1 0 0 0 0 0 0 0
 0 0 1 1 0 1 0 0 1 0 0 0 0 0 0 0 1 1 0 0 1 0 0 1 0 1 1 1 0 0
 0 0 0 1 0 1 1 0 0 0 1 1 1 1 0 0 1 1 0 0 1 0 0 0 0 0 0 0 1 1
 0 0 1 1 0 0 1 0 1 1 0 0 1 0 0 1 1 1 0 0 0 0 0 1 1 0 1 0 1 1
 0 1 0 0 0 0 1 1 1 0 0 0 0 0 1 0 0 0 1 0 0 1 0 1 1 0 1 0 0 1
 0 1 1 1 0 0 0 0 1 1 0 1 0 0 0 0 0 0 1 1 0 1 1 0 1 1 1 1 0 0
 1 1 0 1 0 0 0 1 1 1 1 0 1 1 0 1 0 1 1 1 1 1 0 0 0 1 1 0 1 0
 1 0 1 0 1 0 1 1 0 1 1 0 0 0 1 1 1 0 0 1 0 0 1 1 0 1 0 0 1 0
 0 0 0 0 0 1 1 1 0 1 0 0 1 0 0 1 0 0 0 0 0 0 0 0 1 1 0 1 0 0
 0 1 1 1 1 0 0 0 0 0 0 1 0 0 0 0 0 0 1 1 0 1 1 1 1 0 0 0 1 0
 1 0 1 0 0 0 0 0 0 0 0 1 1 0 0 0 0 0 0 0 0 0 0 0 0 1 0 1 0 1
 1 1 0 0 0 1 0 1 0 0 1 1 0 1 1 0 0 0 0 0 1 1 0 0 1 0 1 0 0 0
 0 0 0 0 1 0 1 0 0 0 0 0 0 0 1 1 0 0 0 0 0 0 1 0 0 0 0 1 0 1
 0 1 0 0 1 1 0 0 0 1 1 0 0 1 1 0 1 0 1 1 0 0 0 1 0 0 0 0 0 0

Warwick 679: balanced orders, 6 orders per product
15 30
 1 0 1 0 1 0 1 0 0 0 0 1 0 0 0 1 1 1 0 0 0 1 1 0 0 1 1 0 1 0
 1 1 0 0 1 0 0 1 1 1 1 0 0 0 0 0 0 0 0 1 1 0 0 0 0 0 0 0 0 0
 0 1 0 1 1 0 0 0 0 1 1 1 1 1 1 0 0 0 0 0 0 1 0 0 0 0 0 1 0 0
 0 1 1 0 0 1 0 0 0 1 0 1 0 0 0 1 0 1 0 0 1 0 1 1 1 0 0 0 0 0
 1 1 0 1 0 0 0 0 0 0 0 0 0 0 0 1 0 0 1 0 0 1 0 1 0 0 0 1 0 1
 0 0 0 0 0 1 1 1 1 0 1 0 1 0 0 0 1 0 0 1 1 0 0 0 1 1 1 0 1 0
 0 0 0 1 0 1 1 0 0 1 0 0 1 1 1 1 1 0 0 0 0 0 1 0 1 0 1 0 1 1
 0 1 1 1 1 1 0 0 1 1 0 1 0 0 0 0 0 0 1 1 0 0 1 0 0 1 0 0 0 1
 0 0 0 0 1 0 0 0 0 1 0 1 1 1 0 0 0 1 1 0 0 0 0 0 1 1 1 1 1 0
 1 0 0 1 0 1 1 1 1 0 0 0 0 1 1 0 0 0 0 0 0 0 0 0 0 0 0 0 0 1
 0 0 0 0 0 0 0 0 1 0 1 0 1 0 1 0 1 1 1 0 0 1 0 1 0 0 0 1 1 1
 0 0 1 1 0 1 1 0 0 0 0 0 0 0 0 0 1 0 0 0 0 0 1 0 0 0 1 0 1 0
 0 0 0 0 0 0 0 1 0 0 1 0 1 0 0 1 0 1 0 1 1 1 0 1 0 1 0 1 0 1
 1 1 1 0 1 0 1 1 1 0 0 1 0 1 1 1 1 1 1 1 1 1 0 1 1 1 1 1 0 0
 1 0 1 0 0 0 0 1 0 0 1 0 0 1 1 0 0 0 1 1 1 0 1 1 1 0 0 0 0 0

Warwick 680: balanced orders, 6 orders per product
15 30
 1 0 0 1 0 0 0 0 0 1 1 1 0 1 0 0 1 0 0 1 1 0 1 0 0 0 0 1 0 0
 0 0 0 0 1 0 0 1 1 1 0 0 1 1 1 1 0 1 0 1 0 0 0 0 0 0 0 0 0 1
 0 1 0 1 1 1 0 0 1 0 0 0 1 0 0 1 1 1 0 0 1 0 1 0 0 1 1 0 0 1
 0 1 1 0 0 1 1 0 0 0 1 0 1 0 0 0 1 0 0 0 0 0 0 0 0 0 0 1 0 0
 0 1 0 0 0 0 0 1 0 1 1 1 0 1 1 1 0 0 0 1 1 1 1 1 1 0 0 0 0 0
 1 0 1 1 1 0 1 0 0 1 0 0 0 0 0 0 0 0 0 0 0 0 0 1 1 1 1 0 1 1
 0 0 1 0 0 0 1 0 0 0 1 1 1 0 1 0 0 1 1 1 1 1 0 0 1 0 0 0 0 1
 0 1 1 1 0 1 1 0 0 0 0 0 0 0 0 0 0 1 1 1 0 1 0 1 1 0 0 0 1 0
 0 0 1 0 1 1 0 0 1 1 0 1 1 0 0 0 0 0 1 0 0 0 1 1 0 0 0 1 1 0
 0 0 1 1 0 0 0 0 0 0 1 1 0 1 0 1 1 1 0 0 0 1 0 0 1 0 1 0 1 1
 0 0 0 1 0 0 1 1 1 0 0 0 0 0 1 1 0 0 0 0 0 0 1 0 0 1 1 1 0 0
 1 0 0 0 0 0 0 1 1 0 0 0 0 0 0 0 1 0 0 0 1 1 0 1 0 1 0 0 0 0
 1 1 0 0 1 1 1 1 1 0 0 0 0 1 1 0 0 0 1 1 1 0 0 0 1 1 1 1 1 0
 1 0 0 0 1 1 0 0 0 0 0 1 1 1 1 1 0 1 1 0 0 1 0 1 0 1 1 1 1 0
 1 1 0 0 0 0 0 1 0 1 1 0 0 0 0 0 1 0 1 0 0 0 1 0 0 0 0 0 0 1

Warwick 681: balanced orders, 7 orders per product
15 30
 1 0 0 1 0 0 0 0 1 1 1 1 1 1 0 1 0 0 1 0 0 1 0 1 1 1 0 0 1 0
 0 1 1 1 1 0 1 0 0 0 1 0 1 0 0 1 1 0 0 1 0 0 1 0 1 1 1 0 1 1
 0 1 0 1 1 1 1 1 1 1 1 0 0 0 0 0 1 1 0 0 1 0 0 1 0 0 0 0 0 1
 0 1 1 1 1 0 0 0 1 0 1 0 1 1 0 0 1 1 1 0 1 0 1 0 1 1 1 1 1 0
 0 0 1 1 0 0 1 0 0 1 0 1 0 0 1 1 0 1 1 0 0 0 1 0 0 1 0 0 0 0
 1 0 0 0 1 1 0 0 0 0 0 1 1 0 0 0 1 0 0 0 0 1 0 0 1 1 0 0 1 1
 0 0 0 0 1 0 0 1 0 0 0 1 1 1 1 1 0 0 0 1 1 1 0 1 0 0 1 0 0 0
 0 0 0 0 1 1 0 1 0 0 0 1 0 1 1 0 0 1 0 1 1 1 0 0 1 1 0 0 0 1
 0 0 0 0 1 1 0 1 1 0 0 0 0 0 1 0 0 0 0 0 0 1 1 0 0 0 1 1 1 0
 0 1 1 1 0 1 0 1 0 1 1 0 0 0 1 1 0 1 1 1 0 0 1 1 0 0 1 0 0 0
 1 1 0 1 0 0 1 0 0 0 0 1 0 1 0 1 0 1 0 1 0 0 1 0 1 0 0 1 1 0
 1 1 0 0 0 0 1 1 0 1 1 0 1 0 0 0 1 0 1 1 1 1 0 1 1 0 1 1 0 1
 1 1 1 0 0 1 0 1 1 1 1 1 0 1 0 1 0 0 1 1 1 1 0 1 0 0 1 1 0 1
 1 0 1 0 0 0 1 0 1 0 0 0 1 1 1 0 1 0 1 0 1 0 0 0 0 0 0 1 1 0
 1 0 1 0 0 1 1 0 1 1 0 0 0 0 1 0 1 1 0 0 0 0 1 1 0 1 0 1 0 1

Warwick 682: balanced orders, 7 orders per product
15 30
 0 0 0 0 1 1 0 0 0 0 1 1 0 0 1 1 0 0 1 1 1 0 1 0 1 1 1 1 1 0
 1 1 0 1 1 1 0 0 1 0 0 0 0 0 0 0 1 0 0 0 1 0 0 0 0 1 0 1 0 1
 0 0 1 0 0 1 0 0 1 0 1 0 1 0 0 1 0 0 1 1 0 0 1 1 0 0 1 1 1 0
 1 0 1 1 1 1 1 0 0 1 0 1 1 1 1 0 1 1 0 0 1 0 0 1 1 0 0 1 1 0
 1 0 0 1 1 0 1 0 1 1 1 1 0 0 0 1 1 0 1 1 0 0 0 1 0 0 1 0 1 0
 1 0 0 1 0 1 0 1 0 0 0 1 0 0 1 1 0 1 1 1 0 0 1 0 0 1 0 0 0 1
 0 0 1 1 1 0 0 1 1 1 0 0 1 0 1 0 1 0 0 1 0 1 0 0 0 0 1 1 0 1
 0 1 0 0 0 0 1 1 0 1 0 0 0 1 1 1 0 1 0 0 0 0 0 0 0 1 1 0 0 1
 1 1 1 0 1 0 1 1 1 0 0 0 1 1 1 0 0 1 1 0 0 1 1 0 1 0 1 1 1 1
 1 1 0 1 0 1 0 0 0 1 0 1 0 1 0 1 1 0 0 0 1 0 1 1 0 1 0 1 0 0
 0 1 0 1 0 0 1 0 0 1 1 1 1 0 0 0 0 1 0 0 0 1 0 1 1 1 1 0 0 1
 1 0 1 0 1 1 1 1 1 1 1 1 1 1 1 0 0 0 1 0 1 1 1 0 1 0 0 0 0 0
 0 0 1 0 0 0 0 1 0 0 1 0 0 1 0 0 1 1 0 1 1 1 0 1 1 0 0 0 1 0
 0 1 0 0 0 0 0 1 0 0 0 0 0 0 0 1 1 1 1 1 1 1 1 0 0 0 0 0 1 1
 0 1 1 0 0 0 1 0 1 0 1 0 1 1 0 0 0 0 0 0 0 1 0 1 1 1 0 0 0 0

Warwick 683: balanced orders, 7 orders per product
15 30
 1 0 1 0 1 0 1 0 1 0 0 0 0 1 0 0 1 0 0 0 1 0 1 0 1 1 1 1 1 0
 1 0 0 1 0 0 1 1 0 0 0 1 1 1 1 0 1 0 0 1 0 1 0 0 1 1 1 0 0 0
 1 1 1 0 0 0 0 1 0 0 0 1 0 1 1 0 0 1 0 0 1 1 0 1 0 1 0 1 1 0
 0 0 0 0 0 1 1 0 1 1 1 1 0 0 0 1 1 1 1 1 1 0 1 1 1 0 0 1 0 1
 1 0 1 1 1 1 1 0 0 0 0 1 0 0 1 1 1 0 0 0 0 1 0 0 1 0 1 0 0 1
 0 0 0 1 0 1 1 1 0 1 0 0 1 0 0 1 0 0 1 1 0 1 0 1 0 0 0 0 1 1
 0 1 0 0 1 0 0 0 1 1 1 0 0 1 1 0 1 0 0 1 1 1 1 0 0 0 0 1 1 1
 1 1 0 0 0 1 1 1 0 0 1 0 1 0 0 0 0 1 0 0 0 0 1 0 0 0 0 1 1 1
 0 0 0 1 1 0 0 1 1 0 0 1 1 0 0 1 0 1 0 1 0 0 0 1 0 1 1 0 0 0
 0 0 1 0 0 1 0 0 1 0 0 1 1 0 1 1 0 0 1 0 1 0 0 1 0 1 0 1 1 0
 0 1 1 1 0 0 1 0 1 1 1 0 0 1 0 0 0 1 0 1 0 0 0 1 1 1 1 0 0 0
 1 1 0 1 0 1 0 1 0 1 1 0 0 1 0 1 1 0 1 0 1 1 0 1 1 0 1 0 1 0
 1 1 1 0 1 0 0 0 0 0 0 0 0 0 0 1 0 1 1 0 0 0 1 0 0 0 0 0 0 1
 0 0 0 0 1 1 0 1 0 1 1 0 1 1 1 0 0 0 1 0 1 0 1 0 1 0 0 1 0 0
 0 1 1 1 1 0 0 0 1 1 1 1 1 0 1 0 1 1 1 1 0 1 1 0 0 1 1 0 0 1

Warwick 684: balanced orders, 7 orders per product
15 30
 1 0 1 0 0 1 0 0 0 0 1 0 0 0 1 0 0 0 0 1 1 0 1 0 0 0 0 0 0 1
 0 0 0 0 1 0 1 0 1 1 0 1 0 0 1 1 0 1 1 0 0 0 0 1 1 0 1 0 1 1
 0 0 0 0 0 1 0 1 1 0 1 0 1 0 0 0 0 0 0 0 1 1 0 1 0 1 0 1 1 0
 1 1 0 0 0 1 1 1 0 1 0 0 1 1 1 1 1 0 0 0 0 0 1 0 1 0 1 0 1 0
 1 0 1 1 1 0 1 0 0 0 0 0 1 1 1 1 0 0 1 1 0 0 0 0 0 1 0 1 0 1
 1 1 1 1 0 1 1 0 1 0 1 1 0 1 0 1 1 1 1 0 1 0 0 0 0 0 1 1 0 1
 0 1 1 1 1 1 0 0 1 1 0 1 1 1 0 1 1 0 0 0 0 1 0 1 0 1 0 0 0 1
 0 0 0 0 1 0 1 1 1 0 0 0 1 0 1 0 0 0 1 1 0 1 0 0 1 0 1 1 1 0
 1 0 0 1 0 1 0 0 0 1 1 0 0 1 1 0 0 1 0 1 0 0 1 1 0 1 0 0 0 1
 0 1 0 1 0 0 0 0 0 0 1 1 0 1 0 0 1 1 1 0 0 1 1 1 1 1 0 0 0 0
 1 1 0 1 1 0 1 1 0 0 1 1 0 0 0 0 1 1 0 1 0 0 1 0 1 0 1 0 0 0
 1 0 1 0 1 1 0 1 0 0 1 0 1 0 0 1 0 1 1 0 1 1 0 0 0 1 0 1 0 0
 0 1 0 0 1 0 0 1 1 1 0 1 0 1 0 1 1 0 0 0 1 1 1 1 1 1 0 1 1 1
 0 1 1 1 0 0 1 0 1 1 0 0 1 0 0 0 1 1 1 1 1 0 0 1 0 0 1 0 1 0
 0 0 1 0 0 0 0 1 0 1 0 1 0 0 1 0 0 0 0 1 1 1 1 0 1 0 1 1 1 0

Warwick 685: balanced orders, 7 orders per product
15 30
 0 1 1 1 1 1 1 1 1 1 0 1 0 0 1 1 1 1 1 0 1 1 1 0 0 1 1 0 0 0
 0 1 0 1 1 0 1 0 0 0 1 1 1 1 1 1 0 1 0 1 0 0 0 0 1 0 1 1 0 1
 0 0 0 1 0 1 1 1 0 0 1 1 1 1 0 1 0 0 0 0 0 0 0 1 1 0 1 1 1 1
 0 1 1 1 0 1 1 0 0 1 0 1 0 0 0 0 1 1 1 1 0 0 1 1 0 0 0 1 0 0
 0 0 0 1 1 1 0 1 1 0 0 0 1 0 1 0 1 0 1 0 0 1 1 0 1 1 1 1 0 0
 1 1 1 1 1 0 0 0 1 1 1 0 1 0 1 0 1 1 0 0 0 1 0 0 0 1 0 1 1 0
 0 1 0 0 0 0 0 0 1 0 0 0 0 0 0 0 0 0 1 1 0 0 0 0 0 1 0 0 1 1
 1 0 1 0 0 0 0 0 0 0 0 0 1 1 1 0 1 1 0 1 1 1 0 1 1 1 0 0 1 1
 0 1 0 0 1 1 1 1 0 0 0 0 0 0 0 0 1 1 0 1 1 0 0 0 0 0 0 0 0 1
 1 0 0 0 0 0 0 1 1 1 0 1 1 1 1 1 0 0 1 0 1 1 1 0 1 0 1 1 0 0
 0 0 0 0 0 1 0 1 0 1 1 0 0 1 0 1 0 0 1 1 1 0 1 1 1 1 0 1 0 1
 1 0 1 0 0 0 0 0 0 1 1 0 0 1 0 1 0 1 0 0 0 1 1 1 0 0 0 0 1 0
 1 0 1 0 1 1 1 1 1 0 1 1 0 1 1 1 0 0 1 1 0 0 0 1 0 0 1 0 1 1
 1 1 0 1 0 0 0 0 0 1 1 0 1 0 0 0 1 0 0 0 1 1 0 1 0 1 1 0 0 0
 1 0 1 0 1 0 1 0 1 0 0 1 0 0 0 0 0 0 0 0 1 0 1 0 1 0 0 0 1 0

Warwick 686: balanced orders, 7 orders per product
15 30
 1 1 1 0 0 0 1 0 0 0 0 0 0 1 0 0 0 0 0 1 0 0 0 0 1 1 1 1 0 1
 0 0 0 1 1 1 1 1 0 1 0 1 1 0 0 1 1 0 1 0 0 0 0 0 0 0 0 0 0 0
 0 0 0 1 0 0 1 0 1 0 0 0 1 0 1 1 1 1 0 0 0 1 0 0 1 0 0 0 0 1
 1 0 1 1 1 0 0 0 0 0 1 0 0 1 1 0 0 0 0 1 1 0 0 0 0 0 1 0 1 0
 0 0 0 1 1 1 0 1 0 0 0 0 1 1 0 0 0 1 0 1 1 1 0 0 1 0 0 1 1 1
 1 1 0 0 0 0 0 1 1 1 0 1 1 0 0 0 1 1 1 0 0 1 1 1 0 0 0 1 1 0
 1 0 1 0 1 1 0 0 1 1 1 1 0 0 1 1 1 1 1 0 1 0 1 1 1 1 1 0 0 1
 0 0 0 0 0 1 0 0 1 0 1 0 0 0 1 1 0 0 0 1 0 0 1 0 0 1 0 0 1 0
 1 0 1 1 1 0 1 1 0 1 1 0 1 1 0 1 1 0 1 1 0 0 0 1 0 1 1 1 0 0
 0 1 0 0 1 1 0 0 1 1 1 1 1 1 1 0 0 0 0 1 1 0 0 0 0 1 1 0 0 1
 0 1 0 1 1 1 1 0 0 1 0 1 0 0 1 0 1 1 0 0 1 0 1 1 1 0 1 0 0 0
 0 1 1 0 0 1 1 1 1 0 0 1 0 0 0 0 0 0 1 1 1 1 1 0 1 0 1 1 1 0
 1 1 1 0 0 0 1 0 0 0 1 1 1 1 0 1 1 1 0 0 1 1 1 1 1 1 0 1 1 0
 1 1 0 0 0 0 0 1 1 1 0 0 0 0 1 1 0 0 1 0 0 1 1 1 0 1 0 0 1 1
 0 0 1 1 0 0 0 1 0 0 1 0 0 1 0 0 0 1 1 0 0 1 0 1 0 0 0 1 0 1

Warwick 687: balanced orders, 7 orders per product
15 30
 1 0 0 0 0 1 0 0 1 1 1 0 1 1 0 0 1 0 0 0 1 1 0 0 0 1 0 1 1 1
 0 1 0 0 0 1 1 1 1 0 0 0 1 0 0 0 0 0 0 1 0 1 1 1 1 0 1 1 0 1
 1 1 0 1 1 0 1 0 0 1 0 1 0 1 1 1 1 0 0 0 0 1 0 0 1 0 1 1 0 1
 0 1 0 0 0 1 0 0 1 1 1 0 0 0 0 1 0 1 0 0 0 0 0 1 1 0 0 0 0 0
 1 1 0 0 1 1 0 0 0 1 0 0 0 0 0 1 1 0 1 0 0 0 1 1 0 0 1 0 1 1
 0 1 0 0 0 1 0 1 0 0 0 0 0 1 0 1 1 1 0 0 0 0 1 1 1 1 0 1 1 0
 1 0 1 0 1 0 0 1 1 0 1 0 0 0 1 0 0 0 0 0 0 0 1 0 1 0 0 1 0 0
 0 0 1 1 0 0 1 0 0 1 1 1 0 0 1 1 0 1 0 1 1 1 0 1 0 0 0 0 0 1
 0 0 0 1 1 0 1 1 0 0 0 0 1 0 0 0 0 0 1 1 1 0 1 0 0 1 0 0 0 0
 1 0 1 0 0 1 0 0 1 0 0 1 1 1 1 0 1 1 1 1 0 0 0 0 0 0 1 0 1 0
 0 1 1 0 0 1 1 0 0 1 0 1 0 0 0 0 0 1 0 1 1 0 0 0 1 1 1 0 1 0
 0 0 1 1 1 0 0 0 0 1 1 0 0 1 1 0 1 1 1 1 1 1 1 0 0 1 1 1 0 1
 0 1 0 1 1 0 1 1 1 0 1 1 1 1 1 1 0 1 1 1 1 1 0 1 0 0 0 0 0 0
 1 0 1 1 1 0 1 1 0 0 0 1 1 1 1 0 1 0 1 0 0 1 0 1 0 1 1 1 1 0
 1 0 1 1 0 0 0 1 1 0 1 1 1 0 0 1 0 0 1 0 1 0 1 0 1 1 0 0 1 1

Warwick 688: balanced orders, 7 orders per product
15 30
 0 1 1 0 1 1 1 0 0 1 1 1 0 0 0 1 1 1 1 1 1 1 1 1 0 1 0 0 1 1
 1 0 1 1 0 1 0 0 0 0 1 0 0 1 0 1 0 1 0 1 1 0 0 0 1 0 0 1 0 0
 1 0 0 1 0 1 1 0 1 1 0 0 1 0 0 0 1 0 1 1 0 0 0 1 0 1 1 1 1 0
 1 1 0 1 1 0 1 1 0 0 0 1 0 1 0 0 1 1 0 0 0 1 0 1 0 0 0 0 0 1
 0 0 1 1 0 0 0 1 1 0 0 0 0 0 1 0 1 0 0 0 0 0 1 0 0 0 1 0 1 0
 0 0 0 0 1 0 0 1 1 0 1 0 1 1 1 0 0 0 0 0 0 1 0 0 1 0 0 1 0 0
 1 1 1 1 1 0 0 0 1 0 0 1 0 0 1 0 0 0 1 0 1 1 1 0 1 1 0 0 0 1
 0 1 0 0 0 1 0 0 0 0 1 1 1 0 1 1 0 1 0 1 1 1 0 0 0 1 0 1 1 1
 0 1 1 0 0 1 1 1 1 1 0 1 1 0 1 0 0 1 0 0 1 0 1 0 0 0 0 1 0 0
 1 0 0 0 0 0 1 0 0 1 0 1 1 1 0 1 0 0 1 0 0 0 1 1 0 1 1 0 1 0
 1 1 0 1 1 0 1 0 0 1 1 0 1 1 0 1 1 1 0 1 0 0 0 0 1 1 1 1 0 0
 0 1 0 0 0 1 0 0 1 1 0 0 0 1 0 0 1 0 1 1 0 1 0 0 0 0 1 0 0 1
 1 0 1 0 1 0 0 1 0 1 1 0 1 0 1 1 0 1 0 0 1 1 1 1 1 1 1 0 1 0
 0 0 0 1 0 1 0 1 0 0 0 0 0 1 0 0 0 0 1 1 0 0 0 1 1 0 0 1 0 1
 0 0 1 0 1 0 1 1 1 0 1 1 0 0 1 1 1 0 1 0 1 0 1 1 1 0 1 0 1 1

Warwick 689: balanced orders, 7 orders per product
15 30
 1 1 0 0 0 1 1 1 1 1 0 1 0 1 1 1 0 0 1 0 1 1 0 0 1 0 0 1 0 0
 0 1 0 1 0 0 1 1 0 0 0 1 1 1 1 1 1 1 0 1 1 0 0 1 1 0 1 1 1 0
 1 1 1 1 0 1 1 1 0 1 0 0 0 1 0 1 0 0 1 0 0 1 0 0 0 0 0 1 1 0
 0 0 0 0 1 1 1 1 1 1 1 1 0 0 0 1 1 1 1 0 1 1 1 1 0 0 0 1 1 0
 1 1 1 1 0 0 0 0 1 1 1 0 0 0 0 1 0 0 1 1 1 0 1 1 1 1 1 0 1 1
 0 0 0 0 1 1 1 0 1 0 0 0 0 1 1 0 0 0 1 1 0 0 0 1 1 1 1 1 1 0
 1 1 1 0 1 0 1 0 0 1 1 1 1 0 1 0 0 1 0 0 0 0 1 0 1 1 0 0 0 1
 0 0 0 0 1 0 0 1 0 0 0 0 1 0 0 0 0 1 0 1 0 1 0 0 0 0 0 0 1 0
 1 0 1 1 1 0 0 0 0 0 1 0 1 1 1 0 1 0 0 0 0 0 1 0 0 1 0 0 1 0
 1 1 0 0 0 0 0 1 0 0 1 1 1 0 0 0 0 1 0 1 0 1 0 0 0 1 0 0 0 0
 1 1 0 0 1 1 0 0 1 1 1 0 1 1 0 1 1 0 0 1 1 0 1 0 1 1 1 0 0 1
 0 0 1 0 0 1 0 0 1 0 1 0 0 0 0 1 1 1 1 0 1 1 1 1 0 0 1 0 0 1
 0 0 1 1 0 1 0 0 1 0 0 1 0 0 0 0 0 0 0 0 0 0 0 1 1 0 0 0 0 1
 0 0 0 1 1 0 0 0 0 0 0 1 0 0 1 0 1 0 1 0 0 0 0 0 0 0 1 1 0 1
 0 0 1 1 0 0 1 1 0 1 0 0 1 1 1 0 1 1 0 1 1 1 1 1 0 1 1 1 0 1

Warwick 690: balanced orders, 7 orders per product
15 30
 0 0 1 1 1 1 1 1 0 1 0 0 0 1 1 1 0 1 0 1 1 0 1 0 0 1 1 1 0 0
 1 1 0 0 0 0 0 1 0 1 1 1 0 0 0 0 0 1 0 1 0 0 1 0 1 0 1 0 0 1
 0 0 0 1 0 1 1 1 0 1 0 0 0 1 0 0 1 0 1 0 1 0 0 0 0 1 0 0 1 0
 0 1 1 0 1 1 1 0 1 1 1 1 1 1 0 1 1 0 1 0 0 0 1 0 1 0 0 0 0 1
 1 1 0 0 1 1 0 0 0 0 1 0 0 0 1 0 0 0 1 0 1 1 0 0 0 1 0 1 1 1
 0 0 1 1 0 0 0 0 1 0 1 1 1 0 0 1 0 1 1 1 0 0 0 0 1 0 1 1 0 0
 1 0 0 1 0 1 0 1 0 0 1 0 1 0 0 0 1 0 1 1 0 1 0 1 1 0 0 1 1 0
 0 1 0 0 1 0 1 0 1 0 1 0 0 0 1 1 0 1 0 0 1 1 1 0 1 1 0 0 1 0
 0 1 1 1 1 0 0 1 0 1 0 1 1 0 0 0 0 0 0 0 0 1 1 1 0 1 0 0 0 0
 1 0 1 1 0 1 0 0 0 1 1 1 0 1 1 1 1 0 1 0 1 0 1 0 0 0 1 0 0 1
 1 1 0 0 0 0 0 1 1 0 0 0 1 0 0 0 0 0 0 1 0 1 0 1 0 1 1 1 1 1
 0 1 0 1 1 1 1 1 1 0 0 1 1 1 1 1 0 1 0 1 1 0 0 1 1 0 0 0 1 0
 1 0 1 0 1 0 0 0 1 1 0 1 1 1 1 0 1 0 0 0 1 0 0 1 1 0 1 1 0 0
 1 0 1 0 0 0 1 0 0 0 0 0 0 0 0 0 1 1 1 0 0 1 0 1 0 1 1 1 0 1
 0 0 0 0 0 0 1 0 1 0 0 0 0 1 1 1 1 1 0 1 0 1 1 1 0 0 0 0 1 1

