Warwick 1021: balanced orders, 2 orders per product
20 20
 1 1 0 0 0 0 0 0 0 0 0 1 0 0 0 0 0 0 0 0
 0 0 0 0 0 1 0 0 0 0 0 0 1 0 0 0 0 0 0 1
 0 1 0 0 0 0 0 0 0 0 0 0 0 0 0 0 0 1 0 0
 0 0 0 1 0 0 0 0 0 0 0 0 0 0 0 0 0 0 0 1
 0 0 0 0 1 0 1 0 1 0 0 0 0 0 0 0 0 0 0 0
 0 0 0 1 0 0 0 0 0 0 0 0 0 0 0 0 0 0 0 0
 1 0 0 0 0 0 0 0 0 0 0 0 0 0 0 0 0 0 0 0
 0 0 0 0 0 0 0 1 0 0 0 0 0 0 0 0 0 0 0 0
 0 0 0 0 0 0 1 0 1 0 0 0 0 0 0 0 0 0 0 0
 0 0 0 0 0 0 0 0 0 0 0 0 0 0 1 0 0 0 0 0
 0 0 0 0 0 0 0 0 0 0 0 0 0 1 0 0 0 0 0 0
 0 0 0 0 0 0 0 1 0 0 1 0 0 1 0 0 0 0 1 0
 0 0 0 0 0 0 0 0 0 0 0 0 0 0 0 1 0 0 1 0
 0 0 0 0 0 0 0 0 0 0 0 0 0 0 1 0 1 0 0 0
 0 0 0 0 0 0 0 0 0 0 0 0 1 0 0 0 0 1 0 0
 0 0 0 0 0 0 0 0 0 0 0 0 0 0 0 1 0 0 0 0
 0 0 1 0 0 1 0 0 0 0 0 0 0 0 0 0 0 0 0 0
 0 0 0 0 1 0 0 0 0 1 0 1 0 0 0 0 0 0 0 0
 0 0 0 0 0 0 0 0 0 0 0 0 0 0 0 0 1 0 0 0
 0 0 1 0 0 0 0 0 0 1 1 0 0 0 0 0 0 0 0 0

Warwick 1022: balanced orders, 2 orders per product
20 20
 0 0 0 0 0 0 0 0 0 0 0 1 0 1 0 1 0 0 0 1
 1 0 0 0 0 0 0 0 0 0 0 0 0 0 0 0 1 0 0 0
 0 1 0 0 0 0 0 0 0 0 0 0 0 0 0 0 0 1 0 0
 0 0 0 1 0 0 0 0 0 0 0 0 0 0 0 0 0 0 0 0
 0 0 0 0 0 0 0 0 1 0 0 0 0 0 0 0 0 1 0 0
 0 0 0 0 0 0 1 0 0 0 0 0 0 0 0 0 0 0 0 0
 0 0 0 1 1 0 0 0 0 0 0 0 0 0 0 0 0 0 0 0
 0 0 0 0 0 0 0 0 0 0 1 1 0 1 0 1 1 0 0 0
 0 0 0 0 0 0 0 0 1 0 0 0 0 0 0 0 0 0 0 0
 0 0 0 0 0 0 0 0 0 0 0 0 1 0 0 0 0 0 0 0
 0 0 0 0 1 0 0 1 0 0 0 0 0 0 0 0 0 0 0 0
 0 0 0 0 0 0 1 0 0 1 0 0 0 0 0 0 0 0 0 0
 0 0 1 0 0 0 0 0 0 0 0 0 0 0 1 0 0 0 0 0
 1 0 0 0 0 0 0 0 0 0 0 0 0 0 0 0 0 0 0 0
 0 0 0 0 0 0 0 1 0 0 1 0 1 0 0 0 0 0 0 0
 0 1 0 0 0 0 0 0 0 0 0 0 0 0 0 0 0 0 0 1
 0 0 0 0 0 1 0 0 0 1 0 0 0 0 1 0 0 0 0 0
 0 0 1 0 0 0 0 0 0 0 0 0 0 0 0 0 0 0 0 0
 0 0 0 0 0 0 0 0 0 0 0 0 0 0 0 0 0 0 1 0
 0 0 0 0 0 1 0 0 0 0 0 0 0 0 0 0 0 0 1 0

Warwick 1023: balanced orders, 2 orders per product
20 20
 0 0 1 0 1 0 0 0 0 0 0 0 1 1 0 0 0 0 1 0
 1 0 0 0 0 0 0 0 0 1 0 0 0 0 0 0 0 0 0 0
 0 0 0 0 0 0 0 1 0 0 0 0 0 0 0 0 1 0 0 0
 0 0 0 0 0 0 0 0 0 1 0 0 0 1 0 0 0 0 0 0
 0 0 0 0 0 0 0 0 0 0 0 0 0 0 0 1 0 0 0 0
 0 0 0 0 1 0 0 0 0 0 1 0 0 0 0 0 0 0 0 0
 0 0 0 0 0 0 0 0 0 0 1 0 0 0 1 0 1 0 0 0
 0 0 0 0 0 0 0 0 0 0 0 0 0 0 0 1 0 0 0 0
 0 0 0 0 0 1 0 0 1 0 0 0 0 0 0 0 0 0 0 0
 0 0 0 0 0 0 0 0 0 0 0 0 0 0 0 0 0 0 0 1
 0 1 0 0 0 0 0 0 0 0 0 0 0 0 0 0 0 0 0 0
 0 0 0 0 0 1 0 0 1 0 0 0 0 0 0 0 0 0 0 0
 0 0 0 0 0 0 1 0 0 0 0 1 0 0 0 0 0 0 0 0
 0 0 1 0 0 0 0 0 0 0 0 1 0 0 0 0 0 0 0 0
 0 0 0 0 0 0 1 0 0 0 0 0 0 0 0 0 0 1 0 1
 1 0 0 0 0 0 0 0 0 0 0 0 0 0 0 0 0 0 0 0
 0 0 0 1 0 0 0 0 0 0 0 0 0 0 0 0 0 0 0 0
 0 0 0 1 0 0 0 0 0 0 0 0 1 0 1 0 0 1 0 0
 0 0 0 0 0 0 0 1 0 0 0 0 0 0 0 0 0 0 1 0
 0 1 0 0 0 0 0 0 0 0 0 0 0 0 0 0 0 0 0 0

Warwick 1024: balanced orders, 2 orders per product
20 20
 0 0 0 0 0 0 0 0 0 0 1 0 0 0 0 0 0 0 1 0
 0 0 0 0 0 0 0 0 1 0 1 0 0 0 0 0 0 0 0 0
 0 0 0 0 1 0 1 0 0 0 0 0 0 0 0 0 0 0 0 0
 1 0 0 0 0 0 0 0 0 1 0 0 0 0 0 0 0 0 0 0
 0 0 0 0 0 0 1 0 0 1 0 0 0 0 0 0 0 0 0 0
 0 0 0 1 0 1 0 0 0 0 0 0 0 0 0 0 0 0 0 0
 0 1 0 0 0 1 0 0 0 0 0 0 0 0 0 0 1 0 0 0
 0 0 0 0 0 0 0 0 0 0 0 0 0 1 1 0 1 0 0 0
 0 0 0 0 0 0 0 0 0 0 0 1 0 0 0 0 0 0 0 0
 0 0 0 0 0 0 0 0 0 0 0 0 1 0 0 1 0 0 0 0
 0 0 0 0 0 0 0 0 0 0 0 0 0 0 0 1 0 0 0 1
 1 1 0 0 0 0 0 0 0 0 0 0 0 0 0 0 0 0 1 0
 0 0 1 0 1 0 0 1 0 0 0 0 0 0 0 0 0 0 0 0
 0 0 0 0 0 0 0 0 0 0 0 0 0 0 0 0 0 1 0 0
 0 0 0 0 0 0 0 0 0 0 0 0 1 0 0 0 0 0 0 0
 0 0 1 0 0 0 0 0 0 0 0 0 0 0 0 0 0 0 0 0
 0 0 0 0 0 0 0 0 0 0 0 1 0 0 0 0 0 0 0 1
 0 0 0 1 0 0 0 1 0 0 0 0 0 1 0 0 0 0 0 0
 0 0 0 0 0 0 0 0 1 0 0 0 0 0 0 0 0 0 0 0
 0 0 0 0 0 0 0 0 0 0 0 0 0 0 1 0 0 1 0 0

Warwick 1025: balanced orders, 2 orders per product
20 20
 0 0 0 0 1 0 0 1 0 0 0 0 0 0 0 0 0 0 0 0
 0 0 0 0 0 0 0 0 1 1 0 0 0 0 0 0 0 0 0 0
 0 0 1 0 0 1 0 0 0 0 1 0 0 0 0 0 0 0 1 0
 0 0 0 0 0 0 0 0 0 0 0 0 1 0 0 0 0 0 0 0
 0 0 0 0 0 1 0 0 0 0 0 1 0 1 0 0 0 1 0 0
 0 0 0 1 0 0 0 0 0 0 0 0 0 0 0 1 0 1 0 0
 0 1 0 0 0 0 0 0 0 0 0 0 0 0 0 0 0 0 0 0
 1 0 0 1 0 0 0 1 0 0 0 0 0 0 0 0 0 0 0 0
 0 0 0 0 0 0 0 0 1 0 0 0 0 0 0 0 1 0 0 0
 0 0 0 0 0 0 1 0 0 0 0 0 0 0 0 0 0 0 0 0
 0 0 0 0 0 0 0 0 0 0 0 0 0 0 0 0 1 0 0 0
 0 0 0 0 0 0 0 0 0 0 1 0 0 0 0 1 0 0 0 0
 0 0 1 0 1 0 0 0 0 0 0 0 0 1 0 0 0 0 0 0
 0 0 0 0 0 0 0 0 0 0 0 0 1 0 0 0 0 0 0 0
 0 0 0 0 0 0 0 0 0 0 0 0 0 0 0 0 0 0 0 1
 0 0 0 0 0 0 0 0 0 0 0 1 0 0 0 0 0 0 0 0
 0 0 0 0 0 0 0 0 0 0 0 0 0 0 0 0 0 0 0 1
 0 0 0 0 0 0 0 0 0 0 0 0 0 0 1 0 0 0 0 0
 1 0 0 0 0 0 1 0 0 1 0 0 0 0 0 0 0 0 0 0
 0 1 0 0 0 0 0 0 0 0 0 0 0 0 1 0 0 0 1 0

Warwick 1026: balanced orders, 2 orders per product
20 20
 0 0 0 0 0 0 0 0 0 0 0 0 0 1 0 0 0 0 0 0
 1 0 0 1 0 0 1 0 0 0 0 0 0 0 0 0 0 0 0 0
 1 0 0 0 0 0 0 0 0 0 1 0 0 0 0 1 0 0 0 0
 0 0 0 0 0 0 0 0 0 0 0 0 0 0 1 0 0 1 0 0
 0 0 0 0 0 0 0 0 0 0 0 1 0 0 1 0 0 0 0 0
 0 0 0 0 1 1 0 0 0 0 0 0 0 0 0 1 0 0 0 0
 0 0 1 0 0 0 0 0 0 0 0 0 0 0 0 0 0 0 0 0
 0 0 0 0 0 0 0 0 0 0 0 0 1 0 0 0 0 0 0 0
 0 0 0 0 0 0 0 1 0 0 0 0 0 0 0 0 0 0 0 1
 0 0 0 0 0 0 1 0 0 0 0 0 0 0 0 0 0 0 0 0
 0 0 0 1 0 0 0 0 0 0 0 0 0 0 0 0 0 0 1 0
 0 1 0 0 0 1 0 0 0 1 0 0 0 0 0 0 0 0 0 0
 0 0 0 0 0 0 0 0 1 0 0 0 0 0 0 0 1 0 1 0
 0 0 1 0 1 0 0 0 0 0 0 0 0 0 0 0 0 0 0 0
 0 0 0 0 0 0 0 0 0 0 0 0 0 1 0 0 1 0 0 0
 0 0 0 0 0 0 0 1 0 0 0 0 0 0 0 0 0 0 0 0
 0 0 0 0 0 0 0 0 0 0 0 1 0 0 0 0 0 1 0 0
 0 1 0 0 0 0 0 0 0 1 1 0 0 0 0 0 0 0 0 0
 0 0 0 0 0 0 0 0 1 0 0 0 1 0 0 0 0 0 0 0
 0 0 0 0 0 0 0 0 0 0 0 0 0 0 0 0 0 0 0 1

Warwick 1027: balanced orders, 2 orders per product
20 20
 0 0 1 0 0 0 1 1 1 0 0 0 0 0 0 0 0 0 0 0
 0 1 0 0 0 0 0 0 0 1 0 0 0 0 0 0 0 0 0 0
 0 0 0 0 0 0 0 0 0 0 0 1 0 0 0 0 0 0 0 0
 0 0 0 0 1 0 0 0 0 0 0 0 0 0 0 0 0 0 0 0
 0 0 0 0 0 0 0 0 0 0 1 0 0 0 0 0 0 0 0 0
 0 0 0 0 0 1 0 0 0 0 0 0 1 0 0 0 0 0 0 0
 0 0 0 0 0 0 0 0 0 0 0 0 0 0 1 0 0 1 0 0
 0 0 0 0 0 0 0 0 1 0 0 0 0 0 0 0 0 0 0 1
 0 0 0 0 0 0 0 0 0 0 0 0 1 0 0 0 0 0 0 0
 0 1 0 0 0 0 0 0 0 0 0 0 0 1 1 0 0 0 0 0
 0 0 0 0 0 0 0 0 0 0 0 0 0 0 0 1 0 0 0 0
 0 0 0 0 0 0 0 0 0 0 0 0 0 0 0 0 0 0 1 0
 0 0 0 0 0 0 0 1 0 0 0 1 0 0 0 0 0 0 0 0
 0 0 0 0 0 0 0 0 0 1 0 0 0 0 0 0 0 0 0 0
 1 0 0 0 0 0 0 0 0 0 0 0 0 0 0 0 1 0 0 0
 0 0 0 0 0 0 0 0 0 0 0 0 0 0 0 0 1 1 0 0
 1 0 0 0 0 1 0 0 0 0 0 0 0 0 0 0 0 0 1 0
 0 0 0 1 0 0 1 0 0 0 1 0 0 0 0 0 0 0 0 0
 0 0 0 0 0 0 0 0 0 0 0 0 0 1 0 0 0 0 0 0
 0 0 1 1 1 0 0 0 0 0 0 0 0 0 0 1 0 0 0 1

Warwick 1028: balanced orders, 2 orders per product
20 20
 0 0 0 0 0 0 1 0 0 0 0 0 0 0 0 1 0 0 0 0
 0 0 1 1 0 0 0 0 0 0 0 0 0 0 0 0 0 0 0 0
 1 0 0 0 1 0 0 0 0 0 0 0 0 0 0 0 0 0 0 0
 0 0 0 0 0 0 0 1 0 0 1 0 0 0 0 0 0 0 0 0
 1 0 0 0 0 0 0 0 0 0 0 0 1 0 1 0 0 0 0 0
 0 1 0 0 0 0 0 0 0 0 0 0 0 0 0 0 0 0 0 0
 0 0 0 0 1 0 0 0 0 1 0 0 0 0 0 0 0 0 0 0
 0 0 0 0 0 0 0 0 0 0 0 0 0 1 0 0 0 0 0 0
 0 1 0 0 0 0 0 0 0 0 0 0 0 0 0 0 0 0 0 0
 0 0 0 0 0 0 0 0 0 0 0 0 0 0 0 0 0 0 1 1
 0 0 0 0 0 0 0 0 1 0 0 1 0 1 0 1 0 0 1 1
 0 0 0 0 0 1 0 0 1 0 0 0 0 0 0 0 0 0 0 0
 0 0 0 0 0 1 0 0 0 0 0 0 1 0 0 0 0 1 0 0
 0 0 0 0 0 0 0 0 0 0 0 0 0 0 1 0 0 1 0 0
 0 0 0 0 0 0 0 0 0 0 0 0 0 0 0 0 1 0 0 0
 0 0 0 0 0 0 0 0 0 1 0 0 0 0 0 0 1 0 0 0
 0 0 0 0 0 0 1 0 0 0 0 0 0 0 0 0 0 0 0 0
 0 0 1 1 0 0 0 0 0 0 0 0 0 0 0 0 0 0 0 0
 0 0 0 0 0 0 0 1 0 0 0 0 0 0 0 0 0 0 0 0
 0 0 0 0 0 0 0 0 0 0 1 1 0 0 0 0 0 0 0 0

Warwick 1029: balanced orders, 2 orders per product
20 20
 0 0 0 0 0 0 0 0 1 0 0 0 0 0 0 0 0 1 0 0
 0 0 0 0 0 1 0 0 0 0 0 0 0 0 0 0 0 1 0 0
 0 0 1 0 0 0 0 0 0 0 0 1 0 0 0 0 0 0 1 0
 0 0 0 0 0 0 0 0 0 0 0 0 0 0 0 0 1 0 0 0
 0 0 0 0 0 0 1 0 0 1 0 0 0 0 0 0 0 0 0 0
 0 0 0 0 0 0 0 0 0 0 0 0 0 0 0 1 0 0 0 0
 1 1 0 0 0 0 0 0 0 0 0 0 0 1 0 0 0 0 1 1
 0 0 0 1 0 1 0 0 0 0 0 0 0 0 0 0 0 0 0 0
 0 0 1 0 0 0 0 1 0 0 0 0 0 0 0 0 1 0 0 0
 0 0 0 0 1 0 0 0 0 1 0 0 0 0 0 0 0 0 0 1
 0 0 0 0 0 0 0 0 0 0 0 0 1 0 1 0 0 0 0 0
 0 0 0 0 0 0 0 0 0 0 1 0 0 0 0 0 0 0 0 0
 0 0 0 0 1 0 0 0 0 0 0 0 0 0 0 0 0 0 0 0
 0 0 0 0 0 0 0 1 0 0 0 1 0 0 0 0 0 0 0 0
 0 0 0 0 0 0 1 0 0 0 0 0 1 0 0 0 0 0 0 0
 1 0 0 1 0 0 0 0 0 0 0 0 0 0 1 0 0 0 0 0
 0 0 0 0 0 0 0 0 0 0 0 0 0 1 0 0 0 0 0 0
 0 1 0 0 0 0 0 0 0 0 1 0 0 0 0 0 0 0 0 0
 0 0 0 0 0 0 0 0 1 0 0 0 0 0 0 0 0 0 0 0
 0 0 0 0 0 0 0 0 0 0 0 0 0 0 0 1 0 0 0 0

Warwick 1030: balanced orders, 2 orders per product
20 20
 0 0 0 0 0 0 0 0 0 1 0 0 0 0 0 0 0 0 0 1
 0 1 0 0 0 0 0 0 0 0 0 0 0 0 0 0 0 0 0 0
 0 0 0 0 1 0 0 0 0 0 0 0 0 0 0 0 0 0 0 0
 0 0 0 1 0 0 0 0 0 0 0 0 0 0 0 0 0 0 0 0
 0 0 0 0 1 0 0 0 0 0 0 0 0 0 0 0 0 0 0 0
 0 0 0 0 0 0 1 0 0 0 0 0 0 0 1 0 0 0 1 0
 0 1 0 0 0 0 0 0 0 0 1 0 0 1 0 0 0 0 0 0
 0 0 0 1 0 0 0 0 0 0 0 0 0 0 0 0 0 0 0 0
 0 0 0 0 0 1 0 0 0 0 0 0 0 0 0 0 1 0 0 0
 1 0 0 0 0 0 0 0 0 0 0 0 0 0 1 0 0 0 1 0
 0 0 1 0 0 0 0 0 0 0 0 0 0 0 0 0 0 0 0 0
 0 0 0 0 0 0 0 0 1 0 0 1 0 0 0 0 0 0 0 0
 0 0 0 0 0 0 0 0 0 0 0 0 0 1 0 1 0 0 0 0
 1 0 0 0 0 0 0 0 0 0 0 0 0 0 0 1 0 0 0 1
 0 0 1 0 0 1 0 0 0 1 0 0 0 0 0 0 0 0 0 0
 0 0 0 0 0 0 0 1 0 0 0 0 1 0 0 0 0 1 0 0
 0 0 0 0 0 0 0 0 1 0 0 0 0 0 0 0 0 0 0 0
 0 0 0 0 0 0 0 0 0 0 0 0 0 0 0 0 1 0 0 0
 0 0 0 0 0 0 1 1 0 0 0 0 1 0 0 0 0 1 0 0
 0 0 0 0 0 0 0 0 0 0 1 1 0 0 0 0 0 0 0 0

Warwick 1031: balanced orders, 3 orders per product
20 20
 0 0 0 0 0 0 0 0 0 0 1 1 0 0 0 0 0 0 0 0
 0 0 1 0 0 0 0 0 1 0 0 0 0 0 0 0 0 0 0 1
 0 0 1 0 0 0 1 1 0 0 0 0 0 0 0 0 0 0 0 0
 1 0 0 0 0 0 0 0 0 0 1 0 1 0 0 0 0 0 0 0
 0 0 0 1 0 0 1 0 0 0 0 0 0 1 0 0 0 0 0 0
 0 0 0 0 0 1 0 1 0 0 0 0 0 1 1 0 1 0 0 0
 0 0 0 0 0 0 0 0 0 0 0 0 0 0 1 1 0 1 0 0
 0 0 0 0 0 1 0 0 0 0 1 0 0 0 0 0 0 0 0 0
 1 0 0 1 0 0 0 0 0 1 0 0 0 0 0 1 0 1 0 1
 0 0 0 0 0 0 1 0 1 0 0 0 0 0 0 1 1 0 1 0
 0 0 0 0 1 0 0 0 1 0 0 0 0 0 0 0 0 0 1 0
 0 1 0 1 0 0 0 0 0 0 0 1 0 1 0 0 0 1 0 0
 0 1 0 0 1 0 0 0 0 0 0 0 0 0 0 0 1 0 0 1
 0 0 1 0 0 0 0 0 0 1 0 0 1 0 0 0 0 0 0 0
 0 1 0 0 0 1 0 0 0 0 0 0 0 0 0 0 0 0 0 0
 0 0 0 0 0 0 0 0 0 0 0 0 0 0 0 0 0 0 1 0
 0 0 0 0 1 0 0 0 0 0 0 0 1 0 0 0 0 0 0 0
 0 0 0 0 0 0 0 0 0 1 0 0 0 0 0 0 0 0 0 0
 0 0 0 0 0 0 0 0 0 0 0 0 0 0 1 0 0 0 0 0
 1 0 0 0 0 0 0 1 0 0 0 1 0 0 0 0 0 0 0 0

Warwick 1032: balanced orders, 3 orders per product
20 20
 0 1 0 0 0 0 0 0 0 0 0 0 0 0 0 0 0 0 0 0
 0 0 0 1 0 1 0 0 0 0 0 0 0 0 1 0 0 0 0 1
 0 0 0 0 1 0 1 0 0 0 1 0 0 0 0 0 0 0 0 0
 0 0 0 0 0 0 0 0 0 0 0 0 0 0 0 0 0 1 0 0
 0 0 0 0 1 0 0 0 0 1 0 0 0 1 1 0 0 0 0 0
 0 1 0 0 0 0 0 0 0 0 0 0 0 0 0 0 0 1 1 0
 0 0 0 1 0 1 1 0 0 0 0 0 0 0 0 1 1 0 0 0
 0 0 1 0 0 0 0 0 0 0 0 0 0 0 0 0 0 0 0 1
 0 0 0 0 0 0 1 0 0 0 0 0 1 0 1 0 0 0 0 0
 0 0 0 0 0 0 0 0 1 0 0 0 0 0 0 0 0 0 0 0
 1 0 1 0 0 1 0 0 0 0 0 0 0 1 0 0 0 0 0 0
 1 0 0 0 0 0 0 1 1 0 0 0 0 1 0 0 0 0 0 0
 0 0 0 0 0 0 0 0 1 0 1 0 0 0 0 0 0 0 0 0
 0 1 0 0 0 0 0 0 0 0 0 1 0 0 0 0 1 0 0 0
 0 0 0 0 0 0 0 1 0 0 0 0 0 0 0 0 0 0 0 1
 0 0 0 1 0 0 0 0 0 1 1 1 1 0 0 0 0 0 0 0
 0 0 0 0 1 0 0 1 0 0 0 0 0 0 0 1 1 0 1 0
 0 0 1 0 0 0 0 0 0 0 0 0 0 0 0 0 0 0 0 0
 0 0 0 0 0 0 0 0 0 0 0 1 1 0 0 0 0 0 0 0
 1 0 0 0 0 0 0 0 0 1 0 0 0 0 0 1 0 1 1 0

Warwick 1033: balanced orders, 3 orders per product
20 20
 0 0 0 0 0 0 1 0 0 0 0 1 0 1 0 0 0 0 0 0
 0 0 0 0 0 0 0 1 0 0 0 0 0 0 0 0 0 0 0 0
 0 0 0 0 0 0 0 1 0 0 0 0 0 0 0 0 0 0 0 0
 0 0 0 1 0 0 0 0 0 0 0 0 0 0 0 0 0 0 0 1
 0 0 1 1 0 0 0 0 0 1 1 0 1 0 0 1 0 0 0 0
 0 0 0 0 0 0 0 0 0 0 0 0 0 0 0 0 1 0 0 0
 0 0 0 0 0 1 0 0 1 0 1 0 0 0 1 0 0 0 1 0
 0 1 0 0 0 1 0 0 0 0 0 1 0 0 0 1 0 0 0 0
 0 0 1 0 0 0 0 0 0 0 0 0 0 0 0 0 0 1 0 0
 1 0 0 0 0 0 0 0 0 0 0 0 0 0 0 1 0 0 0 0
 0 0 0 0 1 0 0 0 0 0 0 0 0 0 0 0 0 0 0 1
 0 1 0 0 0 0 0 0 0 0 0 1 0 1 0 0 0 0 1 0
 1 0 0 0 0 0 0 0 0 0 0 0 0 1 0 0 0 0 0 0
 0 0 1 0 0 1 1 0 1 1 0 0 1 0 0 0 1 0 0 0
 0 0 0 0 0 0 0 0 0 0 0 0 0 0 0 0 1 1 0 0
 0 0 0 1 0 0 0 0 0 0 0 0 0 0 1 0 0 0 0 1
 0 1 0 0 0 0 1 0 0 0 0 0 0 0 1 0 0 0 0 0
 0 0 0 0 1 0 0 0 0 0 0 0 1 0 0 0 0 1 0 0
 0 0 0 0 1 0 0 1 0 0 0 0 0 0 0 0 0 0 0 0
 1 0 0 0 0 0 0 0 1 1 1 0 0 0 0 0 0 0 1 0

Warwick 1034: balanced orders, 3 orders per product
20 20
 1 0 0 0 0 0 0 1 0 0 0 0 0 0 1 1 0 0 0 0
 0 0 1 0 0 0 0 0 0 0 1 0 0 0 0 0 0 1 1 0
 0 0 0 0 0 0 0 1 0 0 0 0 1 0 0 0 0 0 0 0
 0 0 0 0 0 0 0 0 1 0 0 0 0 0 0 0 0 0 0 0
 0 0 0 0 1 0 1 0 1 0 0 1 0 0 0 0 1 0 0 0
 0 0 0 0 0 0 0 0 0 1 0 0 0 0 0 0 0 1 0 0
 0 0 1 0 1 1 0 0 0 0 0 0 1 0 0 0 0 0 0 1
 0 1 0 0 0 0 1 0 0 0 0 0 0 1 0 0 0 0 0 0
 0 0 0 0 0 0 0 0 0 0 0 0 0 0 0 0 0 1 0 0
 0 0 0 0 0 0 0 0 0 0 0 0 0 0 0 0 0 0 0 1
 0 0 0 0 0 0 0 0 0 1 0 0 1 1 0 1 0 0 0 0
 1 0 0 0 0 0 0 0 0 0 1 0 0 0 0 0 0 0 1 0
 0 0 0 0 0 1 1 0 0 0 0 0 0 0 0 0 0 0 0 0
 0 0 0 1 0 0 0 1 0 0 1 0 0 1 0 0 0 0 0 0
 0 0 0 0 0 0 0 0 0 0 0 0 0 0 0 0 0 0 1 0
 0 1 0 0 0 1 0 0 0 0 0 1 0 0 1 0 0 0 0 1
 0 0 1 0 1 0 0 0 1 0 0 0 0 0 1 0 0 0 0 0
 1 0 0 1 0 0 0 0 0 0 0 1 0 0 0 0 1 0 0 0
 0 1 0 1 0 0 0 0 0 0 0 0 0 0 0 1 0 0 0 0
 0 0 0 0 0 0 0 0 0 1 0 0 0 0 0 0 1 0 0 0

Warwick 1035: balanced orders, 3 orders per product
20 20
 0 0 0 0 0 0 0 0 0 0 0 0 1 0 0 0 0 0 1 0
 0 0 0 1 0 0 0 0 0 0 0 1 0 0 0 0 0 0 0 0
 0 0 0 0 0 0 0 0 1 0 0 0 0 0 0 0 0 0 1 0
 0 0 0 0 0 0 0 0 1 0 0 0 0 0 0 0 0 1 0 0
 0 0 0 0 0 0 0 0 0 0 0 0 1 1 1 1 0 0 0 0
 0 0 0 0 0 1 0 0 0 0 0 0 0 0 0 0 0 0 0 1
 0 0 0 0 0 0 1 0 0 1 0 0 0 0 1 0 0 0 0 0
 0 0 0 0 0 0 0 0 0 0 1 0 0 0 0 0 1 0 0 1
 0 0 1 0 0 1 0 0 0 0 0 1 0 0 0 0 0 0 1 0
 0 0 0 1 1 1 0 0 0 1 0 0 0 1 0 1 0 0 0 0
 1 0 0 0 0 0 0 0 0 0 0 0 0 1 0 0 0 1 0 0
 0 0 0 0 1 0 1 0 0 0 1 0 0 0 0 0 0 0 0 0
 1 1 1 0 0 0 0 1 0 0 0 0 0 0 0 0 0 0 0 0
 1 1 0 0 0 0 0 1 0 0 0 0 0 0 0 0 1 0 0 0
 0 0 1 0 0 0 1 0 0 0 0 0 0 0 0 0 0 0 0 1
 0 1 0 0 0 0 0 0 0 1 0 0 0 0 0 0 0 0 0 0
 0 0 0 0 0 0 0 0 0 0 0 0 0 0 0 1 0 0 0 0
 0 0 0 1 0 0 0 1 1 0 0 1 0 0 0 0 0 0 0 0
 0 0 0 0 1 0 0 0 0 0 0 0 0 0 0 0 0 1 0 0
 0 0 0 0 0 0 0 0 0 0 1 0 1 0 1 0 1 0 0 0

Warwick 1036: balanced orders, 3 orders per product
20 20
 0 0 0 0 1 0 0 0 1 1 0 0 0 0 0 0 0 0 0 0
 0 0 0 0 0 0 0 0 0 0 0 0 0 1 0 0 0 0 0 0
 0 0 0 1 0 0 0 0 0 0 0 0 0 0 0 0 0 0 0 0
 0 0 1 1 0 0 0 0 0 0 1 0 1 0 0 0 1 0 1 0
 0 1 0 0 0 0 0 0 0 0 0 0 1 0 1 0 0 0 0 0
 0 0 0 0 0 1 1 0 0 0 0 0 0 0 0 0 1 0 1 0
 0 1 1 0 0 0 0 0 0 0 0 0 0 0 0 0 0 0 0 0
 0 0 0 0 0 0 0 1 0 0 0 1 0 0 0 1 0 0 0 1
 1 0 0 0 0 0 0 0 0 0 0 0 0 0 0 0 0 0 0 0
 0 0 0 0 0 0 0 1 0 0 0 0 0 0 0 0 0 0 0 0
 0 1 0 0 1 0 0 0 0 0 1 0 0 1 0 0 1 1 0 0
 0 0 0 0 0 1 0 0 0 0 0 0 0 0 1 0 0 0 0 0
 0 0 0 0 0 0 0 0 0 0 0 0 1 0 0 1 0 0 0 0
 0 0 1 1 0 0 0 0 0 1 0 0 0 0 1 0 0 0 0 1
 0 0 0 0 0 0 0 1 1 1 0 0 0 0 0 0 0 1 1 0
 1 0 0 0 1 0 1 0 0 0 0 0 0 0 0 0 0 0 0 0
 0 0 0 0 0 0 0 0 0 0 1 0 0 1 0 0 0 0 0 1
 0 0 0 0 0 0 1 0 0 0 0 1 0 0 0 0 0 0 0 0
 0 0 0 0 0 1 0 0 0 0 0 0 0 0 0 1 0 1 0 0
 1 0 0 0 0 0 0 0 1 0 0 1 0 0 0 0 0 0 0 0

Warwick 1037: balanced orders, 3 orders per product
20 20
 0 0 0 0 0 0 0 0 1 0 0 0 0 0 1 0 0 0 0 0
 0 0 0 0 0 0 0 0 0 0 0 0 0 0 0 0 0 0 1 0
 0 0 0 0 0 0 0 0 0 0 0 0 0 0 0 0 0 0 0 1
 0 1 0 0 0 0 0 0 1 0 0 1 1 0 1 0 0 0 0 0
 0 0 1 0 0 0 0 1 0 0 0 0 0 0 0 0 0 0 0 0
 0 1 1 0 1 0 1 1 0 0 0 0 0 0 0 1 1 0 0 0
 0 0 1 0 1 0 0 0 0 0 0 0 0 0 0 0 0 0 1 1
 1 0 0 1 0 0 0 0 0 0 0 0 0 0 0 0 0 0 0 0
 0 0 0 0 0 0 1 0 0 0 0 0 0 1 0 0 0 1 0 0
 0 0 0 0 0 1 0 1 0 0 1 0 0 0 0 0 1 0 0 0
 0 0 0 0 0 0 0 0 0 1 0 0 0 0 0 0 0 1 0 0
 0 0 0 0 0 0 0 0 1 0 0 0 0 0 0 0 0 0 0 1
 0 1 0 0 0 0 0 0 0 0 0 0 1 0 0 0 0 1 1 0
 0 0 0 1 0 0 1 0 0 1 0 1 0 1 0 0 0 0 0 0
 0 0 0 0 0 1 0 0 0 0 1 0 0 0 0 0 0 0 0 0
 1 0 0 0 0 0 0 0 0 0 0 0 0 1 1 1 0 0 0 0
 0 0 0 0 0 0 0 0 0 0 1 0 0 0 0 0 0 0 0 0
 0 0 0 0 0 1 0 0 0 1 0 0 0 0 0 0 1 0 0 0
 1 0 0 0 0 0 0 0 0 0 0 0 0 0 0 0 0 0 0 0
 0 0 0 1 1 0 0 0 0 0 0 1 1 0 0 1 0 0 0 0

Warwick 1038: balanced orders, 3 orders per product
20 20
 1 0 0 0 0 0 1 0 0 0 0 0 0 1 0 0 0 0 0 0
 0 0 0 0 0 0 0 0 0 0 0 1 0 0 0 0 0 0 0 0
 0 0 0 0 0 0 0 0 0 0 0 0 1 0 0 1 0 0 0 0
 0 0 0 0 1 0 0 0 0 1 0 0 0 0 0 0 1 0 1 1
 1 0 0 1 0 0 0 0 0 0 1 1 0 0 0 0 0 1 0 0
 0 0 0 0 0 1 0 1 0 0 0 0 0 0 1 0 1 0 0 0
 0 0 0 0 0 0 0 0 0 0 0 0 0 0 0 0 1 0 0 0
 0 0 0 0 0 0 0 0 0 0 0 0 0 0 0 0 0 0 1 1
 0 1 0 0 1 0 0 1 0 0 0 0 0 0 0 0 0 0 0 0
 0 0 1 0 0 1 0 0 0 0 0 0 1 0 0 1 0 0 1 0
 0 0 1 0 0 1 0 0 1 0 0 0 0 0 0 0 0 1 0 0
 1 0 1 0 0 0 0 1 1 0 0 0 0 0 0 1 0 0 0 0
 0 0 0 0 0 0 0 0 0 0 1 0 0 0 1 0 0 0 0 0
 0 0 0 1 1 0 0 0 0 1 0 0 0 0 1 0 0 0 0 0
 0 1 0 0 0 0 1 0 0 1 0 1 0 0 0 0 0 0 0 0
 0 0 0 1 0 0 0 0 0 0 1 0 0 1 0 0 0 1 0 0
 0 0 0 0 0 0 0 0 0 0 0 0 1 0 0 0 0 0 0 1
 0 0 0 0 0 0 0 0 0 0 0 0 0 1 0 0 0 0 0 0
 0 0 0 0 0 0 1 0 1 0 0 0 0 0 0 0 0 0 0 0
 0 1 0 0 0 0 0 0 0 0 0 0 0 0 0 0 0 0 0 0

Warwick 1039: balanced orders, 3 orders per product
20 20
 0 0 0 0 0 0 0 0 0 0 0 0 0 0 0 0 0 0 1 0
 0 0 0 0 0 0 0 0 1 0 0 1 0 0 0 0 0 0 0 1
 0 0 0 0 1 0 0 0 0 0 0 0 0 0 0 0 0 1 0 0
 1 0 0 0 0 0 0 0 0 0 0 0 0 0 0 0 0 0 0 0
 0 0 0 0 0 1 0 0 0 0 0 0 0 0 0 1 0 0 0 0
 0 1 0 0 1 0 0 0 0 0 1 0 0 0 0 0 0 0 0 0
 0 0 0 0 0 1 0 0 0 0 0 0 0 1 0 0 0 0 0 0
 0 0 0 0 0 0 0 0 0 0 0 1 0 0 0 0 0 0 0 0
 0 0 0 0 0 0 1 1 0 0 1 0 0 0 0 0 0 0 0 0
 0 0 0 0 1 0 0 0 0 0 0 0 0 0 0 0 0 0 0 1
 0 0 0 0 0 0 0 0 0 0 0 0 1 0 0 0 0 1 0 1
 0 0 0 1 0 0 0 0 0 0 0 0 0 0 0 1 0 0 0 0
 1 0 1 0 0 0 0 0 0 1 0 1 0 1 0 0 0 0 1 0
 1 0 1 0 0 0 0 0 0 0 0 0 0 0 1 1 1 0 0 0
 0 0 0 0 0 0 0 0 0 1 0 0 1 1 0 0 1 0 0 0
 0 0 0 0 0 1 0 0 0 0 0 0 0 0 1 0 0 0 1 0
 0 1 0 1 0 0 0 1 0 0 0 0 0 0 0 0 0 0 0 0
 0 1 0 0 0 0 1 0 1 0 0 0 0 0 0 0 0 1 0 0
 0 0 0 1 0 0 0 1 1 0 1 0 0 0 0 0 0 0 0 0
 0 0 1 0 0 0 1 0 0 1 0 0 1 0 1 0 1 0 0 0

Warwick 1040: balanced orders, 3 orders per product
20 20
 0 0 0 0 0 0 0 1 0 0 0 0 0 0 0 0 0 0 0 0
 0 0 0 1 0 0 0 0 0 1 0 0 0 0 0 1 0 0 0 0
 0 0 0 1 0 0 1 0 1 0 0 1 0 0 0 0 0 0 1 0
 0 0 0 0 1 0 1 0 0 0 1 0 0 0 0 0 1 1 0 0
 0 0 0 0 0 0 0 0 0 0 0 0 0 1 1 0 0 0 0 0
 0 0 1 0 0 0 0 0 0 0 0 0 0 0 0 0 0 0 0 0
 0 0 0 0 0 0 0 0 0 0 0 0 0 1 0 0 0 1 1 0
 1 0 0 0 0 0 0 0 0 0 0 0 1 0 0 0 0 0 0 0
 0 0 0 1 0 1 0 0 0 0 0 0 0 0 0 0 0 0 0 0
 0 0 0 0 0 0 0 0 0 0 1 1 0 0 0 0 0 0 0 0
 0 0 0 0 0 0 0 0 1 0 0 0 0 0 0 0 1 0 0 0
 1 1 1 0 0 0 0 0 0 0 0 1 0 0 0 0 0 0 0 0
 0 1 0 0 1 0 1 1 0 1 1 0 0 0 0 0 0 0 0 1
 1 0 0 0 0 0 0 0 1 0 0 0 0 0 1 0 0 0 0 0
 0 0 0 0 1 0 0 0 0 1 0 0 0 0 0 1 0 0 0 0
 0 0 0 0 0 1 0 0 0 0 0 0 0 0 0 1 0 0 0 1
 0 0 1 0 0 0 0 0 0 0 0 0 0 1 0 0 0 0 0 0
 0 1 0 0 0 1 0 0 0 0 0 0 1 0 1 0 1 0 0 0
 0 0 0 0 0 0 0 1 0 0 0 0 1 0 0 0 0 0 0 1
 0 0 0 0 0 0 0 0 0 0 0 0 0 0 0 0 0 1 1 0

Warwick 1041: balanced orders, 4 orders per product
20 20
 0 0 0 0 0 0 0 1 0 0 0 1 1 1 0 1 0 0 0 0
 0 1 0 0 0 0 1 0 1 0 0 0 0 0 0 0 1 1 0 1
 1 1 0 1 0 0 0 0 0 0 1 0 0 0 0 1 0 0 0 0
 0 0 0 0 0 0 0 0 0 0 0 0 1 1 0 0 0 0 0 0
 0 0 0 0 0 0 0 0 0 0 0 0 0 0 0 0 0 1 0 0
 0 0 1 0 1 0 0 1 0 0 0 1 0 0 0 0 1 0 0 0
 0 0 0 0 0 1 1 0 0 0 0 1 0 0 1 0 0 0 0 0
 0 1 1 0 0 1 0 1 0 0 0 0 0 0 0 0 0 0 0 1
 0 0 1 1 0 0 0 0 1 0 0 0 0 0 1 0 0 0 1 0
 1 0 0 0 1 0 0 0 1 1 0 0 0 0 0 1 0 0 0 0
 0 0 0 0 1 0 0 0 0 0 0 0 0 0 0 0 0 0 0 1
 0 0 0 1 0 0 1 0 0 0 0 0 0 0 1 0 0 1 0 0
 0 0 0 0 1 0 0 0 0 1 1 0 0 0 0 0 0 0 0 0
 0 1 0 0 0 0 0 0 0 1 0 0 1 0 0 0 1 0 1 0
 0 0 0 0 0 0 1 0 0 0 1 0 0 0 0 0 0 0 0 0
 1 0 1 0 0 1 0 0 0 0 0 0 0 0 0 0 0 0 1 0
 0 0 0 0 0 0 0 1 0 0 1 1 1 1 0 0 0 0 0 0
 1 0 0 1 0 0 0 0 0 1 0 0 0 1 0 1 0 0 0 1
 0 0 0 0 0 0 0 0 0 0 0 0 0 0 1 0 1 0 1 0
 0 0 0 0 0 1 0 0 1 0 0 0 0 0 0 0 0 1 0 0

Warwick 1042: balanced orders, 4 orders per product
20 20
 0 0 0 0 0 0 0 0 0 0 0 1 0 0 0 1 0 0 0 1
 0 1 0 0 0 0 1 0 0 1 0 0 0 0 0 0 0 0 0 1
 1 1 0 0 0 0 0 0 0 0 1 1 0 0 0 0 0 1 0 0
 0 0 0 0 1 0 0 0 1 0 0 0 1 0 1 0 1 0 0 0
 1 0 1 0 0 0 0 0 1 0 1 0 0 0 0 0 0 0 0 0
 0 0 0 0 0 0 1 1 0 0 0 0 0 0 0 0 0 0 0 0
 1 0 0 0 0 0 0 0 0 0 0 0 0 0 0 0 0 1 0 1
 0 0 0 0 1 0 0 0 0 0 0 1 0 0 0 1 0 0 0 0
 0 0 1 0 1 0 0 1 1 0 0 0 0 0 1 0 0 1 1 0
 0 0 0 0 0 1 1 0 0 0 0 0 0 0 0 0 0 0 0 0
 0 0 1 0 0 0 0 0 0 0 1 0 0 0 0 0 0 0 0 0
 1 0 0 0 0 1 1 0 0 0 0 0 1 0 0 1 0 0 0 0
 0 0 0 1 0 0 0 0 0 1 0 0 0 1 0 0 0 1 0 0
 0 1 1 1 0 0 0 0 0 0 0 0 0 1 0 0 1 0 0 0
 0 1 0 1 0 0 0 1 0 0 0 0 0 0 0 1 0 0 1 0
 0 0 0 1 1 0 0 1 1 0 0 0 1 1 0 0 1 0 0 0
 0 0 0 0 0 1 0 0 0 0 0 0 0 0 0 0 0 0 1 0
 0 0 0 0 0 0 0 0 0 1 0 1 0 0 1 0 1 0 0 1
 0 0 0 0 0 0 0 0 0 1 1 0 1 1 0 0 0 0 0 0
 0 0 0 0 0 1 0 0 0 0 0 0 0 0 1 0 0 0 1 0

Warwick 1043: balanced orders, 4 orders per product
20 20
 0 0 1 0 0 1 0 0 1 0 0 0 0 1 0 0 0 0 0 1
 1 1 0 0 0 0 0 0 1 1 0 0 0 0 0 0 0 0 0 0
 0 0 0 1 0 0 0 0 0 0 0 0 0 0 1 0 1 0 1 0
 1 0 0 0 0 0 0 1 1 1 0 0 0 0 0 1 0 0 0 1
 0 0 0 0 0 1 0 1 0 0 0 1 0 1 0 1 0 0 1 0
 0 1 0 1 0 0 1 0 0 0 0 0 0 0 0 1 0 1 0 0
 0 0 0 0 0 1 1 0 1 0 0 0 0 0 0 0 1 1 0 0
 0 0 0 1 0 0 0 0 0 0 1 0 1 0 0 0 0 0 0 0
 1 1 0 0 0 0 0 0 0 0 0 1 1 1 0 0 1 0 0 0
 0 0 0 1 0 0 0 0 0 1 1 1 0 0 0 0 0 1 0 0
 0 0 0 0 1 0 0 0 0 0 0 0 0 0 0 0 0 1 0 0
 1 0 0 0 0 0 0 1 0 0 0 0 0 0 0 0 0 0 1 0
 0 0 0 0 0 1 0 0 0 1 1 0 0 0 0 0 0 0 0 1
 0 0 1 0 1 0 0 1 0 0 1 0 0 0 0 0 0 0 0 0
 0 0 1 0 0 0 0 0 0 0 0 0 0 0 0 0 0 0 1 0
 0 0 0 0 0 0 1 0 0 0 0 0 0 0 0 0 0 0 0 0
 0 1 0 0 1 0 0 0 0 0 0 1 0 1 1 1 0 0 0 0
 0 0 0 0 1 0 1 0 0 0 0 0 1 0 0 0 0 0 0 1
 0 0 1 0 0 0 0 0 0 0 0 0 0 0 1 0 0 0 0 0
 0 0 0 0 0 0 0 0 0 0 0 0 1 0 1 0 1 0 0 0

Warwick 1044: balanced orders, 4 orders per product
20 20
 0 0 0 0 0 1 0 0 0 0 1 1 0 0 0 1 1 1 0 1
 0 0 1 1 0 1 0 0 1 0 0 0 0 0 0 0 0 0 1 0
 0 0 0 0 0 0 0 0 0 0 0 1 0 0 0 0 0 0 1 0
 0 0 0 0 1 0 0 0 0 0 0 0 0 0 0 0 0 0 0 1
 1 0 0 0 1 0 0 0 0 0 0 0 0 0 1 0 0 1 0 0
 0 0 0 0 1 0 0 1 0 0 0 0 0 0 0 0 0 1 0 0
 0 0 0 0 0 0 0 0 0 0 0 0 0 1 0 1 0 0 1 0
 0 0 0 0 0 0 0 0 0 0 0 0 1 0 0 0 0 0 0 0
 0 0 1 0 0 0 1 1 0 0 0 1 0 0 1 0 1 0 0 0
 0 1 0 0 0 0 0 0 0 0 0 0 0 0 1 0 0 0 0 0
 0 1 0 0 0 1 1 0 0 0 0 0 1 0 0 0 0 0 0 0
 1 0 0 1 0 0 0 0 0 1 1 0 0 1 1 1 0 0 0 1
 0 0 0 0 0 0 0 0 0 0 1 0 0 1 0 1 1 0 1 0
 0 0 1 0 0 0 0 0 1 0 0 0 0 0 0 0 0 1 0 0
 0 1 0 1 0 0 1 0 0 0 0 0 0 1 0 0 0 0 0 0
 0 0 1 0 0 0 0 1 0 1 1 0 1 0 0 0 0 0 0 1
 1 1 0 0 1 0 1 0 1 0 0 1 0 0 0 0 0 0 0 0
 0 0 0 1 0 1 0 1 0 1 0 0 1 0 0 0 0 0 0 0
 1 0 0 0 0 0 0 0 1 0 0 0 0 0 0 0 1 0 0 0
 0 0 0 0 0 0 0 0 0 1 0 0 0 0 0 0 0 0 0 0

Warwick 1045: balanced orders, 4 orders per product
20 20
 0 0 0 0 0 0 1 0 0 0 0 0 0 0 1 0 1 0 0 0
 1 0 0 0 0 1 0 0 0 0 1 1 0 0 0 0 0 0 0 0
 0 0 0 0 0 0 0 1 0 0 0 1 0 0 0 0 0 0 0 1
 0 0 1 0 1 0 0 0 0 0 0 0 0 1 0 0 0 1 0 1
 0 0 0 1 1 1 0 0 1 1 0 0 0 1 0 1 0 0 0 1
 1 1 0 1 1 1 0 0 0 0 0 0 0 0 1 1 0 0 1 0
 0 0 1 0 1 0 0 0 0 0 0 0 0 0 0 0 0 1 0 0
 0 0 0 0 0 0 0 1 0 0 0 0 0 1 0 0 0 0 1 0
 0 0 1 1 0 0 0 1 0 0 1 0 1 0 0 0 0 1 0 1
 0 0 0 0 0 0 0 0 0 0 0 0 1 0 0 1 0 0 1 0
 0 0 0 1 0 0 0 0 1 0 0 0 0 0 0 0 0 0 0 0
 1 0 0 0 0 0 0 1 0 0 0 0 0 0 0 0 0 0 0 0
 0 0 0 0 0 0 0 0 1 1 0 1 1 0 1 0 1 0 0 0
 0 0 0 0 0 0 1 0 0 1 0 0 0 0 0 0 0 0 0 0
 0 1 0 0 0 0 1 0 0 0 0 0 0 0 0 0 0 0 0 0
 0 0 0 0 0 0 0 0 0 1 0 0 0 0 0 1 1 1 0 0
 1 0 0 0 0 0 1 0 0 0 0 1 0 0 1 0 0 0 0 0
 0 1 1 0 0 0 0 0 0 0 0 0 1 0 0 0 0 0 0 0
 0 1 0 0 0 1 0 0 1 0 1 0 0 0 0 0 1 0 1 0
 0 0 0 0 0 0 0 0 0 0 1 0 0 1 0 0 0 0 0 0

Warwick 1046: balanced orders, 4 orders per product
20 20
 0 1 0 1 0 0 0 0 0 0 0 1 0 0 0 0 1 0 0 0
 0 0 1 1 0 0 0 0 0 1 0 0 1 0 0 0 0 0 0 0
 0 1 0 0 0 0 0 1 0 0 0 0 0 0 0 0 1 0 0 0
 1 0 0 0 0 0 0 0 0 0 0 0 0 1 0 0 0 1 0 0
 0 1 0 0 1 1 1 0 0 0 0 1 0 0 0 0 0 0 0 0
 0 0 1 0 0 1 0 0 0 0 0 0 1 0 1 0 0 0 0 0
 0 0 0 0 1 0 0 0 1 1 0 0 0 1 0 0 0 0 0 0
 0 0 0 0 0 0 0 1 0 0 0 1 0 0 1 1 0 1 0 0
 1 1 0 0 0 0 1 0 0 0 0 0 0 0 1 0 0 0 1 0
 0 0 0 0 0 0 1 0 1 0 0 0 0 0 0 0 0 0 0 1
 0 0 0 1 0 0 0 0 1 0 1 0 0 0 1 1 1 0 0 0
 0 0 0 0 0 0 1 0 0 0 1 0 0 0 0 0 0 0 0 0
 0 0 1 0 0 0 0 1 0 0 0 0 0 0 0 0 0 0 0 0
 0 0 0 0 0 0 0 0 0 1 0 0 0 1 0 0 1 0 0 0
 0 0 1 0 0 0 0 0 1 0 0 0 0 1 0 0 0 0 0 1
 1 0 0 0 1 0 0 0 0 0 0 1 0 0 0 1 0 0 1 0
 1 0 0 0 1 1 0 1 0 1 0 0 0 0 0 0 0 0 1 0
 0 0 0 0 0 0 0 0 0 0 1 0 1 0 0 0 0 1 0 1
 0 0 0 0 0 1 0 0 0 0 1 0 0 0 0 1 0 0 1 1
 0 0 0 1 0 0 0 0 0 0 0 0 1 0 0 0 0 1 0 0

Warwick 1047: balanced orders, 4 orders per product
20 20
 0 0 0 0 0 0 0 0 0 0 1 0 0 0 0 0 0 0 0 0
 0 0 0 0 0 0 0 0 1 0 0 1 0 1 0 0 0 0 0 0
 1 1 0 0 0 0 0 0 0 0 0 0 0 0 0 0 0 0 1 0
 0 1 0 0 1 1 1 0 0 1 1 0 0 0 0 0 0 1 0 0
 0 0 0 0 1 1 0 0 0 0 0 1 0 1 1 0 0 0 0 0
 0 0 1 0 0 0 0 0 0 0 1 0 0 0 0 1 0 0 0 0
 0 0 0 1 0 0 0 0 0 0 0 0 0 0 0 1 0 1 0 0
 0 1 1 0 0 0 0 0 0 0 0 0 0 1 1 0 1 0 0 0
 1 0 0 1 0 0 0 0 0 0 0 0 0 0 0 0 0 0 1 1
 1 1 0 0 0 0 0 0 1 0 0 0 1 0 0 0 0 0 0 0
 0 0 0 0 1 0 0 0 1 1 0 0 1 0 0 0 1 1 1 0
 1 0 0 0 0 0 1 1 0 1 1 0 0 0 1 1 0 0 0 0
 0 0 0 0 0 0 0 0 0 0 0 0 1 1 0 0 0 0 0 1
 0 0 0 0 0 1 0 0 0 0 0 0 0 0 1 0 0 0 0 0
 0 0 1 0 1 0 1 1 0 0 0 0 0 0 0 0 0 1 0 0
 0 0 0 1 0 1 1 1 0 1 0 0 0 0 0 0 1 0 0 0
 0 0 1 1 0 0 0 1 0 0 0 1 0 0 0 0 1 0 1 0
 0 0 0 0 0 0 0 0 0 0 0 0 0 0 0 0 0 0 0 1
 0 0 0 0 0 0 0 0 1 0 0 0 1 0 0 1 0 0 0 1
 0 0 0 0 0 0 0 0 0 0 0 1 0 0 0 0 0 0 0 0

Warwick 1048: balanced orders, 4 orders per product
20 20
 0 0 0 1 0 0 0 0 0 0 0 0 1 0 0 0 0 0 1 0
 1 0 1 0 0 1 0 0 0 0 0 0 0 0 0 1 0 0 0 0
 0 0 0 0 0 0 1 0 0 0 0 0 0 1 1 0 0 0 0 0
 1 0 0 0 0 0 0 0 0 0 0 0 0 0 0 0 1 0 0 0
 1 0 0 0 0 1 1 0 0 1 1 0 0 0 0 0 1 0 0 0
 0 0 1 1 0 0 0 0 0 0 0 1 0 0 0 0 0 0 1 0
 0 0 0 0 0 0 0 0 0 0 0 1 1 0 0 1 0 1 0 0
 0 0 1 0 0 0 0 0 1 0 1 1 0 0 0 0 0 0 0 0
 0 0 0 1 0 0 0 0 0 1 0 0 0 1 1 0 0 0 0 1
 0 0 0 1 1 0 0 0 0 0 0 0 1 0 0 0 0 0 0 0
 1 0 0 0 0 1 1 1 1 0 0 0 0 0 0 1 0 1 0 1
 0 1 0 0 0 0 0 1 1 1 0 0 0 1 0 1 0 0 0 0
 0 0 0 0 1 0 0 0 0 0 0 0 0 0 0 0 0 0 0 0
 0 0 0 0 0 0 0 1 0 0 0 0 1 0 0 0 1 1 0 0
 0 0 0 0 1 0 0 0 0 0 0 0 0 0 1 0 0 0 1 0
 0 0 1 0 0 0 0 1 0 1 0 1 0 0 0 0 1 0 0 0
 0 1 0 0 0 0 0 0 1 0 1 0 0 0 1 0 0 0 0 0
 0 1 0 0 0 0 1 0 0 0 0 0 0 0 0 0 0 0 0 0
 0 0 0 0 1 1 0 0 0 0 0 0 0 1 0 0 0 0 1 1
 0 1 0 0 0 0 0 0 0 0 1 0 0 0 0 0 0 1 0 1

Warwick 1049: balanced orders, 4 orders per product
20 20
 0 0 0 0 0 1 0 0 0 0 0 0 0 0 0 0 0 0 0 0
 0 0 0 1 1 0 0 1 1 0 0 1 0 1 0 0 0 1 0 0
 0 0 0 0 0 0 0 0 0 0 0 1 0 0 0 0 0 0 0 0
 0 0 0 0 0 0 0 0 0 0 1 0 0 0 0 0 0 0 0 0
 0 0 0 0 0 1 1 1 0 1 0 0 0 0 0 1 0 0 0 0
 0 1 1 0 0 1 0 1 0 0 1 0 0 0 0 1 1 0 1 0
 0 0 0 1 1 1 0 0 0 0 0 0 1 0 0 1 0 0 0 1
 1 0 0 0 0 0 0 0 0 0 0 0 0 0 1 0 0 0 1 0
 1 0 0 0 0 0 0 0 0 1 0 1 0 0 0 0 0 0 1 0
 0 0 0 0 0 0 1 0 1 0 0 0 0 0 0 0 1 0 1 0
 0 0 0 0 0 0 0 0 0 0 0 0 1 0 0 0 0 0 0 0
 0 0 1 0 0 0 0 0 0 0 0 0 0 0 0 1 0 0 0 0
 1 0 0 0 0 0 0 0 0 0 1 0 0 1 0 0 0 1 0 0
 0 0 0 1 0 0 0 0 0 0 0 1 1 0 1 0 0 0 0 0
 0 1 0 0 1 0 0 0 0 1 0 0 1 1 0 0 1 1 0 0
 0 0 1 0 1 0 1 0 0 0 1 0 0 0 0 0 0 0 0 0
 0 1 0 0 0 0 0 0 0 0 0 0 0 0 1 0 0 1 0 1
 0 0 1 0 0 0 1 0 1 0 0 0 0 1 1 0 1 0 0 1
 0 0 0 0 0 0 0 1 1 1 0 0 0 0 0 0 0 0 0 0
 1 1 0 1 0 0 0 0 0 0 0 0 0 0 0 0 0 0 0 1

Warwick 1050: balanced orders, 4 orders per product
20 20
 0 0 0 0 0 0 1 1 0 0 0 0 0 0 0 0 1 1 0 1
 0 0 1 1 0 0 0 1 0 0 0 0 0 0 1 0 0 1 0 0
 0 0 0 0 0 0 0 0 1 0 0 1 1 0 0 0 1 0 1 0
 0 0 0 0 0 0 0 0 0 1 0 0 0 1 1 0 0 0 0 0
 0 0 1 0 0 0 0 0 1 0 0 0 1 0 0 0 0 0 1 0
 0 0 0 0 0 0 0 0 0 0 0 0 0 0 0 1 0 0 0 0
 0 1 0 0 0 0 0 0 0 0 0 0 1 0 1 0 0 0 0 1
 0 0 1 1 0 0 1 0 0 0 1 0 0 0 0 1 0 0 0 0
 0 0 0 0 0 0 0 0 1 0 1 0 0 1 0 0 0 0 1 0
 0 0 0 0 1 1 0 1 0 1 1 0 0 0 0 0 0 0 0 0
 1 0 0 0 0 0 0 0 0 0 0 1 0 0 0 1 0 0 0 0
 0 0 0 0 1 0 0 0 1 1 0 0 0 0 0 0 0 0 0 0
 1 1 0 0 0 1 0 0 0 0 0 1 0 0 0 0 0 1 0 1
 1 1 0 1 1 0 0 0 0 1 0 0 0 0 0 0 0 1 1 0
 0 0 0 1 1 0 1 1 0 0 0 1 0 0 0 0 0 0 0 0
 0 0 0 0 0 0 0 0 0 0 0 0 1 0 1 0 1 0 0 1
 0 0 0 0 0 1 0 0 0 0 0 0 0 0 0 0 0 0 0 0
 0 0 0 0 0 0 0 0 0 0 1 0 0 1 0 1 0 0 0 0
 1 1 0 0 0 1 1 0 0 0 0 0 0 0 0 0 1 0 0 0
 0 0 1 0 0 0 0 0 0 0 0 0 0 1 0 0 0 0 0 0

Warwick 1051: balanced orders, 5 orders per product
20 20
 0 1 1 0 0 1 1 1 0 0 0 0 1 1 1 0 1 1 0 0
 0 0 0 1 0 0 1 0 1 0 1 0 0 1 0 0 0 0 0 1
 1 0 0 0 0 0 0 0 0 0 0 0 1 0 1 0 0 1 0 0
 1 1 0 0 0 1 0 0 0 0 0 1 0 0 0 1 0 0 1 0
 0 0 1 0 1 0 0 0 0 0 1 0 1 0 0 0 0 0 0 0
 0 1 0 0 0 1 0 0 0 0 0 0 1 0 0 0 1 1 0 0
 0 0 0 0 0 0 0 0 1 0 0 1 0 0 1 0 1 0 0 0
 0 1 0 0 0 0 0 0 0 0 0 0 0 0 1 1 1 0 1 1
 0 0 0 0 0 0 0 1 0 0 0 0 0 0 0 1 0 0 1 1
 0 0 1 1 1 0 1 0 0 0 0 0 0 0 0 0 0 0 0 0
 1 0 0 0 0 0 0 0 0 0 0 0 1 0 0 1 0 0 0 0
 0 0 0 0 0 0 0 1 0 1 0 0 0 0 0 0 0 0 0 0
 1 0 0 0 0 1 0 0 1 0 0 0 0 0 0 0 1 0 0 0
 0 1 0 0 0 0 0 0 1 0 0 1 0 1 0 0 0 0 0 0
 0 0 0 0 0 0 0 0 1 1 1 0 0 0 0 1 0 1 0 1
 1 0 0 1 0 0 1 1 0 1 0 0 0 0 1 0 0 0 1 1
 0 0 0 0 1 0 0 0 0 1 1 1 0 0 0 0 0 0 0 0
 0 0 1 0 1 0 0 0 0 1 0 1 0 1 0 0 0 1 0 0
 0 0 0 1 1 1 0 0 0 0 1 0 0 0 0 0 0 0 1 0
 0 0 1 1 0 0 1 1 0 0 0 0 0 1 0 0 0 0 0 0

Warwick 1052: balanced orders, 5 orders per product
20 20
 0 1 1 0 0 0 0 0 0 0 0 0 0 1 1 0 1 0 0 0
 1 0 0 1 1 0 0 1 0 1 0 0 0 0 0 0 0 1 0 0
 1 0 0 0 0 1 1 0 0 0 1 0 0 0 0 1 0 0 1 0
 1 0 0 0 0 0 1 0 0 0 0 1 0 0 0 1 1 1 0 1
 0 0 0 0 1 0 0 0 0 0 1 1 0 0 1 1 0 0 1 0
 1 0 0 1 1 0 0 1 0 1 1 0 1 0 0 0 1 0 0 0
 0 0 0 0 0 1 0 0 1 0 0 0 0 0 0 1 0 0 0 0
 0 0 1 0 1 0 0 1 0 1 0 0 1 0 0 0 0 1 0 0
 0 0 0 0 0 0 1 0 1 0 0 1 0 0 1 0 0 1 0 0
 0 1 0 1 0 0 0 0 1 1 1 0 0 1 0 0 0 0 1 1
 1 1 1 1 0 1 1 0 0 0 0 0 0 0 0 0 1 0 0 1
 0 1 0 0 0 0 0 1 0 0 0 1 0 0 0 0 0 0 0 0
 0 1 0 0 0 0 1 0 1 0 1 0 1 0 0 1 0 0 0 0
 0 0 1 0 0 0 0 0 0 0 0 0 1 0 1 0 0 0 0 1
 0 0 0 0 0 0 0 0 1 0 0 0 0 1 1 0 0 0 0 0
 0 0 1 0 0 1 0 1 0 1 0 0 0 1 0 0 0 1 0 0
 0 0 0 0 0 0 0 0 0 0 0 1 0 0 0 0 0 0 0 0
 0 0 0 1 0 0 0 0 0 0 0 0 0 0 0 0 0 0 0 1
 0 0 0 0 1 0 0 0 0 0 0 0 1 0 0 0 1 0 1 0
 0 0 0 0 0 1 0 0 0 0 0 0 0 1 0 0 0 0 1 0

Warwick 1053: balanced orders, 5 orders per product
20 20
 0 1 0 1 0 0 0 0 0 1 0 0 0 1 1 1 0 1 0 0
 0 0 0 1 0 0 0 1 0 0 0 1 0 0 0 1 0 0 0 0
 0 0 0 0 0 0 0 0 0 0 0 0 0 0 1 0 0 0 0 1
 0 0 0 0 0 0 0 1 0 0 0 1 0 0 0 0 1 0 1 0
 1 0 1 0 0 1 1 0 0 0 0 0 0 0 0 1 0 1 0 0
 0 0 1 0 0 0 0 1 1 1 0 0 0 0 0 0 1 1 0 0
 0 0 0 0 1 0 0 0 0 0 0 1 0 0 0 0 0 0 0 0
 1 0 0 0 0 0 0 1 1 0 1 1 1 0 0 0 0 0 0 0
 0 0 0 0 1 1 0 0 0 1 0 0 1 0 0 0 0 0 1 1
 0 0 0 0 0 0 1 1 1 0 0 0 1 0 0 0 0 0 0 0
 1 1 0 1 0 0 0 0 1 0 0 1 0 0 1 0 1 1 0 1
 0 0 0 0 1 1 0 0 0 0 0 0 0 1 0 0 0 0 1 0
 0 0 1 1 1 0 1 0 0 0 1 0 1 0 0 0 0 0 0 1
 0 0 0 0 0 1 0 0 0 0 1 0 0 1 0 0 0 0 0 0
 0 0 0 0 0 0 1 0 0 0 1 0 0 0 1 0 0 0 1 0
 0 1 0 0 0 1 0 0 0 1 1 0 0 1 1 1 1 0 0 0
 0 1 1 0 1 0 0 0 0 0 0 0 1 0 0 1 0 1 0 0
 1 0 0 0 0 0 1 0 0 0 0 0 0 1 0 0 1 0 1 1
 0 0 0 1 0 0 0 0 0 1 0 0 0 0 0 0 0 0 0 0
 1 1 1 0 0 0 0 0 1 0 0 0 0 0 0 0 0 0 0 0

Warwick 1054: balanced orders, 5 orders per product
20 20
 0 0 0 1 0 1 0 1 1 0 0 0 0 0 0 0 0 1 1 0
 1 0 1 0 0 1 1 0 0 1 0 0 0 0 0 0 0 1 0 0
 0 0 0 0 1 0 0 1 0 0 1 1 0 1 1 0 0 0 0 1
 0 0 0 0 0 0 0 0 0 1 0 0 0 0 0 0 0 0 0 0
 0 0 0 0 1 0 0 0 0 0 0 1 1 1 0 0 0 0 0 1
 0 0 0 0 0 0 1 0 0 0 0 0 0 1 0 0 0 1 0 0
 0 0 0 0 0 1 0 0 0 0 0 0 0 0 1 1 0 1 0 0
 0 0 1 0 0 0 1 0 0 0 0 0 0 0 0 0 1 0 1 0
 0 1 0 1 1 0 0 0 0 0 0 1 0 0 0 0 0 0 0 0
 0 1 0 0 0 0 0 0 1 1 1 0 1 0 0 1 0 0 1 0
 1 0 0 1 0 0 1 0 1 0 0 1 0 0 1 0 1 0 1 0
 0 0 0 0 1 0 0 0 0 0 1 0 1 0 0 1 0 0 0 1
 0 0 1 0 0 1 0 0 1 0 1 0 0 1 0 1 0 1 0 0
 0 0 0 0 1 0 0 0 0 0 0 0 0 0 0 0 1 0 0 0
 0 1 0 0 0 1 0 0 0 0 0 0 1 0 0 0 0 0 0 0
 0 1 1 1 0 0 0 0 0 0 0 0 0 0 0 0 1 0 0 1
 0 0 1 1 0 0 1 1 0 0 0 0 0 0 0 0 0 0 0 0
 1 0 0 0 0 0 0 1 1 1 0 0 1 0 1 0 0 0 1 0
 1 0 0 0 0 0 0 0 0 1 0 1 0 1 0 1 0 0 0 0
 1 1 0 0 0 0 0 1 0 0 1 0 0 0 1 0 1 0 0 1

Warwick 1055: balanced orders, 5 orders per product
20 20
 0 0 1 0 0 1 0 1 1 0 1 0 0 0 1 0 0 0 0 0
 0 0 0 0 0 1 0 0 0 0 0 1 0 0 0 0 0 0 1 0
 0 0 0 1 1 1 1 0 0 0 0 0 1 0 0 1 1 0 0 0
 1 0 0 0 1 0 0 0 1 0 0 0 1 0 0 0 0 0 0 0
 0 0 0 0 1 0 0 0 0 1 0 1 0 1 0 1 0 1 0 0
 0 1 0 0 1 0 0 0 1 0 0 1 0 0 1 0 0 0 0 1
 1 0 0 0 0 0 0 0 0 0 0 0 0 0 0 0 1 0 0 0
 0 0 0 0 0 0 0 1 0 0 0 0 0 0 1 0 1 0 1 0
 0 0 1 0 0 0 0 1 0 1 1 0 1 0 0 0 0 0 0 1
 0 1 0 0 0 1 0 1 0 1 1 0 0 1 1 0 0 0 1 1
 1 0 0 0 0 0 1 0 0 0 1 0 0 0 0 0 0 0 0 0
 0 0 1 0 0 0 1 0 0 0 1 1 1 0 1 0 0 0 0 0
 0 0 1 1 0 0 0 0 0 0 0 0 0 0 0 0 1 0 1 1
 0 1 0 0 0 1 0 0 0 1 0 0 1 0 0 1 1 1 0 1
 1 0 0 0 1 0 0 0 0 0 0 0 0 0 0 0 0 0 0 0
 0 0 1 1 0 0 0 1 1 0 0 1 0 1 0 0 0 1 1 0
 0 1 0 0 0 0 0 0 0 0 0 0 0 1 0 0 0 0 0 0
 0 0 0 1 0 0 1 0 0 0 0 0 0 0 0 0 0 0 0 0
 1 1 0 0 0 0 1 0 1 0 0 0 0 1 0 1 0 1 0 0
 0 0 0 1 0 0 0 0 0 1 0 0 0 0 0 1 0 1 0 0

Warwick 1056: balanced orders, 5 orders per product
20 20
 0 0 0 0 1 0 0 1 1 0 0 1 0 0 1 1 0 1 0 0
 0 0 0 0 0 0 0 0 0 0 0 0 0 1 0 0 0 0 0 0
 0 0 0 1 0 0 0 0 0 0 0 1 1 1 0 0 0 1 0 0
 0 1 1 0 1 1 1 1 1 0 0 0 0 0 0 0 1 0 0 1
 1 0 0 0 0 1 1 1 0 0 0 0 0 0 1 0 0 0 0 0
 0 0 0 0 0 0 1 0 0 0 0 0 0 0 0 1 1 1 1 0
 1 0 0 1 0 1 0 0 0 0 0 0 0 0 0 1 0 0 0 0
 1 1 0 0 0 0 0 1 1 0 0 0 1 0 1 0 0 0 0 1
 0 0 1 0 0 1 0 0 0 1 0 0 1 1 1 0 0 0 1 1
 0 1 0 0 0 0 1 1 0 0 0 0 0 0 1 0 0 0 0 0
 0 1 1 0 0 1 0 0 0 0 1 0 1 0 0 0 0 0 0 0
 0 0 0 0 1 0 0 0 0 0 1 1 0 0 0 0 0 0 1 0
 0 0 1 0 0 0 0 0 1 0 1 0 0 0 0 0 1 0 0 1
 1 0 1 1 0 0 0 0 0 1 0 1 0 1 0 1 0 0 1 0
 0 0 0 0 0 0 0 0 1 0 0 1 1 0 0 0 1 0 0 1
 0 0 0 1 0 0 0 0 0 1 1 0 0 0 0 0 0 1 0 0
 1 0 0 0 0 0 1 0 0 1 0 0 0 0 0 0 0 0 0 0
 0 0 0 0 0 0 0 0 0 0 0 0 0 0 0 0 1 0 0 0
 0 0 0 1 1 0 0 0 0 1 1 0 0 0 0 1 0 1 1 0
 0 1 0 0 1 0 0 0 0 0 0 0 0 1 0 0 0 0 0 0

Warwick 1057: balanced orders, 5 orders per product
20 20
 0 0 0 0 0 1 0 0 0 1 1 0 0 0 1 0 0 0 0 0
 1 0 0 0 0 0 0 0 0 0 0 0 0 0 1 0 0 1 1 0
 0 0 1 1 1 0 1 0 0 0 1 1 0 0 0 0 0 0 0 0
 0 0 1 0 1 1 1 0 0 1 0 0 0 0 0 0 0 1 0 0
 0 0 1 0 0 0 0 1 1 0 0 1 0 0 0 0 0 0 0 0
 0 0 0 0 1 1 0 0 0 1 0 0 0 0 0 0 0 0 0 1
 1 0 0 0 0 0 0 0 0 1 1 1 0 0 0 0 0 0 0 1
 0 1 0 0 0 0 0 0 0 0 0 0 0 1 0 1 0 1 1 0
 0 1 1 0 0 1 1 0 1 0 0 0 0 1 0 1 0 0 0 0
 0 0 0 0 1 0 0 1 1 0 0 0 0 0 0 1 0 1 0 0
 1 0 0 1 0 0 0 0 0 0 0 0 0 0 0 0 0 0 1 0
 0 0 0 1 0 0 1 0 0 1 0 0 0 0 1 0 1 0 1 0
 0 1 0 1 0 0 0 1 0 0 0 1 1 1 0 1 1 0 0 0
 0 0 0 0 0 0 0 0 1 0 0 0 0 1 0 0 1 0 0 0
 1 1 1 0 0 0 0 0 1 0 0 0 1 1 0 0 1 0 1 0
 1 0 0 1 0 0 0 0 0 0 0 0 0 0 0 0 0 0 0 1
 0 0 0 0 1 0 0 0 0 0 0 0 1 0 1 0 0 0 0 1
 0 0 0 0 0 0 1 1 0 0 0 0 0 0 0 0 0 0 0 0
 0 0 0 0 0 1 0 0 0 0 1 0 1 0 0 0 0 0 0 1
 0 1 0 0 0 0 0 1 0 0 1 1 1 0 1 1 1 1 0 0

Warwick 1058: balanced orders, 5 orders per product
20 20
 1 0 0 1 0 0 1 1 1 0 0 0 1 1 1 0 0 0 0 0
 1 1 0 1 0 1 0 0 0 0 1 0 0 1 0 0 0 0 0 0
 0 0 0 0 1 1 0 0 0 0 0 0 0 0 0 0 0 1 1 1
 0 1 0 0 1 0 0 0 0 0 0 0 0 0 0 0 0 0 0 0
 0 0 1 0 0 0 0 0 1 0 0 1 0 1 0 0 0 0 0 0
 0 0 0 0 1 0 0 0 0 1 1 1 0 0 0 1 0 0 0 1
 0 1 0 0 0 0 0 0 0 0 1 0 1 0 0 0 1 0 0 0
 0 0 0 0 0 0 1 0 0 0 1 0 0 0 0 1 0 1 0 1
 0 0 0 0 1 1 0 0 0 0 0 0 0 0 1 0 1 1 0 1
 1 1 0 0 0 1 0 1 0 1 0 0 0 1 0 0 0 0 0 1
 0 1 0 1 0 0 0 0 0 0 0 0 0 1 0 0 0 0 0 0
 0 0 0 0 0 0 0 0 1 0 0 1 0 0 1 0 0 0 0 0
 1 0 0 0 0 0 0 0 0 0 0 0 1 0 0 0 1 0 1 0
 1 0 0 0 1 0 0 1 0 0 1 0 0 0 0 0 1 0 0 0
 0 0 1 0 0 0 1 1 0 0 0 1 0 0 1 0 0 1 0 0
 0 0 1 0 0 0 0 1 1 1 0 0 1 0 0 0 0 0 1 0
 0 0 1 0 0 0 1 0 0 0 0 0 0 0 1 1 1 1 1 0
 0 0 1 0 0 0 1 0 0 1 0 1 1 0 0 1 0 0 0 0
 0 0 0 1 0 0 0 0 0 0 0 0 0 0 0 0 0 0 1 0
 0 0 0 1 0 1 0 0 1 1 0 0 0 0 0 1 0 0 0 0

Warwick 1059: balanced orders, 5 orders per product
20 20
 0 0 1 0 0 0 1 0 0 0 0 0 0 0 0 1 0 1 0 0
 0 0 0 1 0 1 0 0 1 0 0 0 0 0 0 1 1 0 0 0
 1 0 1 0 0 1 0 0 0 0 1 1 1 0 1 0 0 0 0 0
 0 0 0 1 1 0 0 0 1 1 1 1 0 0 0 0 0 1 1 0
 0 0 0 0 0 0 0 0 0 1 0 0 0 1 0 1 0 0 1 0
 1 0 0 0 0 0 0 0 0 1 0 0 0 0 0 0 0 1 0 0
 1 0 1 0 1 1 1 1 1 0 0 0 0 1 1 0 0 0 0 1
 0 0 0 0 1 0 0 0 0 0 0 0 1 1 0 1 1 1 1 1
 0 1 1 0 1 1 0 1 0 0 0 0 0 0 0 0 0 0 0 0
 0 0 0 0 0 0 1 0 0 0 1 0 0 0 0 0 1 0 1 0
 1 0 0 0 0 0 0 1 0 0 1 0 0 0 0 0 1 1 0 1
 1 0 0 0 1 0 0 1 0 0 0 1 0 1 0 0 0 0 0 1
 0 1 0 1 0 0 0 0 1 0 0 0 1 0 1 1 0 0 0 0
 0 1 0 0 0 0 0 0 0 1 0 0 1 0 0 0 0 0 1 0
 0 0 0 0 0 0 0 0 0 0 0 0 0 1 0 0 1 0 0 1
 0 0 0 0 0 0 0 1 0 0 0 1 1 0 1 0 0 0 0 0
 0 1 0 1 0 1 0 0 1 0 0 0 0 0 0 0 0 0 0 0
 0 0 0 0 0 0 1 0 0 0 0 1 0 0 0 0 0 0 0 0
 0 0 1 0 0 0 1 0 0 0 1 0 0 0 0 0 0 0 0 0
 0 1 0 1 0 0 0 0 0 1 0 0 0 0 1 0 0 0 0 0

Warwick 1060: balanced orders, 5 orders per product
20 20
 0 0 0 1 1 0 0 0 0 0 0 0 1 0 1 0 0 0 1 1
 0 0 0 0 0 0 1 0 1 0 0 1 0 1 0 0 0 0 0 1
 0 0 1 0 0 0 1 0 1 0 0 0 0 0 0 1 0 1 0 0
 1 0 0 1 0 0 0 1 0 1 0 0 1 0 0 0 1 0 1 1
 0 1 0 0 0 0 0 1 0 1 0 1 1 0 1 0 0 1 0 0
 1 1 0 0 0 0 0 1 0 0 1 0 0 0 0 0 0 0 0 0
 0 0 0 0 1 1 0 1 1 1 1 0 1 0 1 1 0 0 0 1
 0 0 1 0 1 0 0 0 0 1 0 0 0 0 0 0 0 0 0 0
 0 0 1 0 0 0 0 0 0 0 1 0 0 1 0 1 0 0 0 0
 0 0 0 0 1 0 0 0 0 0 0 0 0 0 0 0 1 0 1 1
 0 0 0 0 0 0 0 0 0 0 0 0 0 1 0 0 0 1 0 0
 0 0 0 1 0 0 0 0 0 0 0 0 0 1 1 1 0 0 0 0
 0 1 0 0 0 1 0 0 1 0 0 0 0 0 0 0 0 1 0 0
 0 0 0 0 0 0 1 0 1 0 0 1 0 1 0 0 0 0 0 0
 1 0 1 0 0 1 0 0 0 1 0 1 0 0 1 0 0 1 0 0
 1 1 0 0 0 1 0 1 0 0 1 1 0 0 0 1 0 0 1 0
 1 1 0 0 1 0 0 0 0 0 0 0 0 0 0 0 1 0 1 0
 0 0 0 1 0 1 0 0 0 0 0 0 0 0 0 0 0 0 0 0
 0 0 1 0 0 0 1 0 0 0 1 0 0 0 0 0 1 0 0 0
 0 0 0 1 0 0 1 0 0 0 0 0 1 0 0 0 1 0 0 0

Warwick 1061: balanced orders, 6 orders per product
20 20
 0 0 0 0 0 0 0 0 1 1 1 0 0 0 0 1 1 0 0 0
 0 0 0 0 0 0 0 1 0 0 0 0 0 0 0 0 0 0 1 1
 0 0 0 1 1 1 1 1 1 0 0 0 0 0 0 0 1 0 1 0
 0 0 1 1 1 0 0 0 1 1 0 0 0 1 0 0 0 0 0 0
 0 0 0 0 0 1 0 0 0 0 0 1 1 1 1 0 0 0 0 0
 1 1 0 0 0 0 0 0 1 1 0 0 0 0 1 0 0 0 0 1
 0 0 0 0 0 0 0 0 1 0 0 0 0 0 0 1 0 1 0 0
 0 1 0 0 1 0 0 0 0 0 0 0 1 0 0 1 1 1 0 0
 1 0 0 0 0 1 1 1 0 1 0 1 0 0 1 0 1 1 0 0
 0 1 0 0 0 1 1 1 0 0 0 0 0 1 1 0 1 0 1 1
 1 1 0 0 0 0 1 0 0 0 1 0 1 1 0 0 0 0 1 1
 0 0 0 0 1 0 0 0 0 0 1 1 0 1 1 1 0 1 0 0
 0 0 0 1 0 0 0 1 0 0 0 1 1 0 0 0 0 0 1 1
 0 0 1 0 0 0 0 0 0 0 0 0 0 0 0 0 0 0 0 0
 1 0 1 0 1 1 0 0 1 0 1 1 0 0 1 0 0 1 0 0
 0 0 1 0 0 0 1 0 0 0 0 0 1 0 0 1 0 1 0 0
 1 0 0 1 1 0 1 0 0 0 0 0 0 0 0 0 1 0 1 0
 1 1 1 0 0 0 0 1 0 0 0 0 1 1 0 0 0 0 0 0
 0 1 1 1 0 0 0 0 0 1 1 1 0 0 0 0 0 0 0 1
 0 0 0 1 0 1 0 0 0 1 1 0 0 0 0 1 0 0 0 0

Warwick 1062: balanced orders, 6 orders per product
20 20
 0 0 0 0 0 1 0 0 0 0 1 0 0 1 0 0 0 1 0 1
 0 0 1 0 1 0 0 0 0 0 0 0 1 0 1 0 1 0 0 1
 0 0 0 1 0 1 0 0 1 0 0 0 0 0 0 0 0 1 1 0
 0 0 0 0 0 0 0 1 0 0 0 0 0 0 0 0 0 1 1 0
 1 0 1 0 0 0 1 0 1 1 1 0 0 1 0 0 1 1 0 1
 1 1 0 1 1 0 0 0 0 1 0 0 1 0 1 1 0 0 0 0
 0 1 0 0 0 0 0 0 0 0 1 0 1 0 0 1 0 0 0 0
 0 0 1 0 1 0 0 0 0 0 0 0 0 1 0 1 0 0 0 0
 0 0 0 0 0 1 0 0 1 0 0 0 0 1 0 1 0 0 0 0
 0 0 1 0 0 0 1 0 0 1 0 0 0 0 0 0 1 0 0 0
 1 0 0 0 1 0 1 1 1 1 0 1 0 0 0 0 0 1 0 0
 0 1 0 1 0 1 0 1 0 0 0 1 0 0 0 0 1 1 1 0
 0 0 0 0 0 0 1 0 1 1 0 1 0 1 1 0 0 0 1 1
 1 1 0 1 1 1 1 1 0 0 1 0 0 0 1 0 0 0 1 0
 1 0 1 1 0 0 0 1 1 0 0 0 1 0 1 0 1 0 0 0
 0 0 1 0 0 0 1 0 0 0 0 1 0 0 1 1 0 0 0 0
 1 1 0 0 0 0 0 0 0 0 0 1 0 1 0 0 0 0 0 0
 0 0 0 0 1 1 0 1 0 0 1 0 1 0 0 0 0 0 0 0
 0 0 0 1 0 0 0 0 0 1 1 1 1 0 0 0 0 0 1 1
 0 1 0 0 0 0 0 0 0 0 0 0 0 0 0 1 1 0 0 1

Warwick 1063: balanced orders, 6 orders per product
20 20
 0 0 1 0 0 1 1 0 1 1 0 0 0 0 0 0 0 0 0 0
 1 0 0 1 0 0 0 0 0 0 1 1 1 0 0 0 0 0 1 1
 0 0 0 0 0 1 0 0 0 0 0 1 0 0 0 0 0 0 0 0
 0 0 0 1 1 0 0 0 1 0 0 0 0 0 1 0 0 0 1 0
 1 1 0 0 0 1 0 1 1 0 1 0 1 1 0 0 1 1 0 0
 0 1 0 1 0 0 0 0 0 0 0 0 1 1 1 1 0 0 1 1
 1 0 1 0 1 1 0 0 0 1 1 1 0 0 0 0 1 0 0 1
 1 0 1 1 0 0 0 0 0 0 1 0 1 0 1 0 1 1 1 0
 0 0 0 0 1 1 1 1 0 0 0 0 0 0 1 1 0 0 1 1
 0 0 0 0 1 0 1 0 0 0 0 0 1 0 0 1 0 0 1 0
 0 1 1 0 1 0 0 1 0 0 0 0 0 1 0 1 0 1 0 0
 0 0 1 1 0 1 0 0 0 0 0 1 0 0 0 0 0 0 0 1
 0 0 0 1 0 0 1 1 0 1 1 0 1 1 0 1 0 1 0 0
 0 0 0 0 0 0 0 0 1 0 0 1 0 0 0 0 0 0 0 0
 0 0 0 0 1 0 0 1 1 0 0 0 0 1 1 0 1 0 0 1
 0 1 0 0 0 0 0 0 0 1 0 1 0 0 0 0 0 0 0 0
 0 1 0 0 0 0 1 0 0 1 0 0 0 1 0 0 0 0 0 0
 1 0 0 0 0 0 0 0 0 1 1 0 0 0 0 0 1 1 0 0
 0 1 1 0 0 0 1 1 0 0 0 0 0 0 0 0 1 0 0 0
 1 0 0 0 0 0 0 0 1 0 0 0 0 0 1 1 0 1 0 0

Warwick 1064: balanced orders, 6 orders per product
20 20
 1 0 0 0 1 1 0 0 0 0 1 0 0 1 1 1 1 0 1 0
 0 0 0 0 1 1 1 1 1 1 1 0 0 0 0 1 0 0 0 1
 1 1 1 0 0 1 0 1 1 0 0 0 0 0 0 0 0 0 0 0
 0 0 1 0 0 1 0 0 0 0 1 1 0 0 0 0 1 0 0 0
 0 0 1 0 0 0 1 0 0 0 0 0 0 0 0 0 0 0 0 0
 0 0 0 0 1 0 0 0 0 0 0 1 1 1 1 0 1 1 1 1
 0 0 0 1 0 1 0 0 0 0 0 0 1 0 0 0 0 0 1 0
 0 0 0 0 0 0 0 1 1 1 0 1 0 0 0 0 0 1 0 0
 0 1 0 1 0 0 1 0 0 0 1 0 1 0 1 0 1 1 0 0
 0 1 0 0 0 0 0 0 0 0 0 1 0 1 0 0 0 0 0 1
 1 0 1 0 0 0 1 0 0 1 0 0 0 0 1 0 0 1 0 1
 1 0 0 1 0 0 1 1 0 1 0 1 0 0 0 0 0 0 1 1
 0 1 0 0 1 0 0 0 0 0 1 0 1 0 1 1 0 0 0 0
 0 0 1 1 1 0 1 0 1 1 0 0 0 1 0 1 0 0 1 0
 0 0 0 0 0 0 0 1 1 1 0 1 1 1 0 0 1 0 1 0
 1 1 1 1 0 1 0 0 0 0 0 0 0 0 0 0 0 0 0 0
 0 0 0 1 0 0 0 0 1 0 0 0 0 1 1 1 0 0 0 1
 0 0 0 0 0 0 0 1 0 0 1 0 1 0 0 1 0 0 0 0
 0 0 0 0 0 0 0 0 0 0 0 0 0 0 0 0 0 1 0 0
 1 1 0 0 1 0 0 0 0 0 0 0 0 0 0 0 1 1 0 0

Warwick 1065: balanced orders, 6 orders per product
20 20
 1 0 0 1 0 0 0 0 0 0 0 0 0 1 0 0 1 0 1 0
 0 1 0 0 0 0 0 1 0 0 0 0 0 0 0 0 0 0 0 1
 0 0 0 1 0 0 1 0 0 0 0 1 1 0 1 0 0 0 1 1
 0 0 0 0 1 0 0 0 1 0 0 0 0 1 0 0 0 0 0 1
 0 1 1 0 0 0 0 0 0 0 1 0 1 1 1 0 0 1 0 0
 0 1 1 0 0 1 0 0 0 0 0 0 0 0 0 0 0 1 1 0
 0 0 0 0 1 0 0 1 0 0 0 1 1 1 1 0 1 1 0 1
 0 0 0 0 0 1 1 0 1 0 1 0 0 0 1 1 0 0 0 0
 1 0 0 0 0 0 0 0 1 0 1 0 0 0 0 0 0 0 1 0
 1 0 0 1 0 0 1 0 0 1 0 0 0 0 0 0 0 0 0 0
 0 1 0 0 1 1 0 1 0 0 0 1 1 0 1 1 1 1 0 0
 0 0 0 0 1 0 0 0 0 0 0 0 1 0 0 1 0 0 0 1
 0 1 0 1 0 0 0 0 1 0 1 1 0 0 0 1 0 0 0 0
 1 0 1 0 1 1 1 0 1 1 1 0 0 0 0 0 0 0 0 0
 0 0 1 1 0 0 0 1 0 1 0 0 0 1 0 1 1 1 1 0
 1 0 0 1 0 0 0 1 0 0 0 1 0 1 0 0 0 0 0 0
 0 0 1 0 0 0 0 0 0 1 0 0 0 0 1 1 1 1 0 1
 0 1 1 0 0 1 1 0 1 1 0 0 0 0 0 0 0 0 1 0
 1 0 0 0 0 1 0 0 0 1 1 1 0 0 0 0 1 0 0 0
 0 0 0 0 1 0 1 1 0 0 0 0 1 0 0 0 0 0 0 0

Warwick 1066: balanced orders, 6 orders per product
20 20
 0 0 1 0 0 0 0 0 0 0 0 0 0 1 0 1 1 1 0 0
 1 0 1 0 1 0 0 0 0 1 0 0 1 0 0 0 1 0 0 0
 0 0 0 0 0 1 1 0 0 1 0 0 0 0 0 0 0 0 1 1
 0 1 0 1 0 0 0 0 1 0 0 0 1 0 1 0 0 0 0 0
 0 1 0 1 0 0 1 0 0 0 0 0 0 0 1 0 0 1 0 0
 1 0 0 1 0 0 1 1 0 0 0 0 1 0 0 1 0 1 0 1
 0 1 0 1 1 1 0 0 1 1 0 1 0 0 1 0 0 1 0 1
 0 1 0 0 1 0 0 1 0 0 0 1 0 1 1 0 0 0 0 0
 0 0 1 0 0 0 1 1 0 1 1 0 1 0 0 0 0 0 1 0
 0 0 0 0 0 0 0 0 0 0 1 1 0 0 0 0 0 1 0 0
 0 0 0 1 1 1 0 0 0 0 0 0 1 0 0 0 1 0 0 0
 1 0 0 0 0 0 1 0 1 0 1 1 0 1 0 1 0 0 0 0
 0 0 1 0 0 1 0 1 0 0 1 0 0 0 0 0 0 0 1 1
 0 1 0 0 0 0 0 1 0 0 0 1 0 0 0 0 1 0 0 0
 1 0 1 0 0 0 0 0 1 1 0 0 0 1 0 1 0 0 1 0
 1 1 0 0 1 0 0 0 0 0 1 0 0 0 0 1 1 1 0 0
 1 0 0 0 0 0 0 1 1 0 0 0 1 1 0 0 1 0 0 0
 0 0 0 1 1 1 1 0 0 0 0 0 0 0 1 0 0 0 0 1
 0 0 0 0 0 1 0 0 0 1 1 0 0 0 1 1 0 0 1 0
 0 0 1 0 0 0 0 0 1 0 0 1 0 1 0 0 0 0 1 1

Warwick 1067: balanced orders, 6 orders per product
20 20
 1 0 1 0 0 0 1 0 0 1 0 1 0 0 0 0 0 0 0 0
 1 0 0 0 1 1 0 0 0 1 1 0 1 1 0 0 1 0 0 0
 0 0 1 0 1 0 0 1 1 0 0 0 0 0 1 1 0 0 0 0
 0 0 0 1 0 0 0 0 1 0 0 0 1 0 0 0 1 0 0 0
 0 0 0 1 0 0 0 0 0 0 0 0 0 0 1 0 0 0 1 0
 0 1 0 1 1 0 0 0 1 0 1 0 0 0 0 0 0 1 1 1
 1 0 0 0 0 0 1 0 0 1 0 0 0 1 1 0 0 0 0 1
 0 1 0 0 0 0 0 0 0 0 0 0 0 1 0 0 0 0 1 0
 1 0 0 0 0 1 0 0 0 0 0 1 1 0 1 0 1 0 0 0
 1 1 1 0 0 1 0 1 0 0 1 0 0 0 0 0 0 0 1 0
 0 1 0 0 1 1 1 0 0 0 0 0 1 1 0 0 0 0 0 1
 0 1 0 0 0 0 0 0 0 0 0 0 0 0 0 1 0 1 1 0
 0 0 0 1 0 0 0 1 0 0 0 1 0 0 0 1 0 1 0 1
 0 0 1 1 0 1 0 0 1 1 1 0 0 0 0 0 0 1 0 1
 0 0 1 0 1 0 0 1 0 0 1 1 1 0 1 0 1 1 0 0
 0 0 1 0 0 0 0 0 1 0 0 0 0 1 1 1 1 0 0 0
 1 1 0 1 0 0 1 1 0 1 0 0 0 0 0 0 0 0 0 1
 0 0 0 0 0 1 1 0 1 0 1 0 0 1 0 1 0 0 0 0
 0 0 0 0 1 0 0 0 0 1 0 1 0 0 0 1 0 1 1 0
 0 0 0 0 0 0 1 1 0 0 0 1 1 0 0 0 1 0 0 0

Warwick 1068: balanced orders, 6 orders per product
20 20
 0 1 1 1 0 0 0 0 0 0 0 0 0 0 1 0 0 0 1 0
 0 0 0 1 0 0 0 1 0 0 0 0 0 0 1 0 0 0 0 0
 1 0 0 0 0 0 0 1 0 0 0 0 0 0 0 1 1 0 1 1
 0 0 0 0 1 0 0 0 1 0 1 1 0 0 0 0 1 1 0 1
 0 0 0 0 0 0 0 0 1 1 0 0 1 0 0 0 0 0 0 0
 0 0 0 0 0 1 0 0 0 1 1 0 0 1 0 0 0 1 0 1
 0 1 0 1 1 0 1 0 0 0 0 0 0 0 0 1 1 0 1 1
 1 0 0 0 0 0 0 0 0 1 0 0 0 1 0 0 0 1 0 0
 0 0 0 1 1 0 1 0 0 0 1 0 0 1 0 0 0 0 1 0
 0 0 1 0 0 0 0 1 1 1 1 0 1 0 0 1 0 0 0 0
 1 1 0 0 0 0 0 1 0 0 0 1 0 0 1 0 1 0 0 0
 1 1 0 0 1 0 1 0 1 1 0 1 1 0 0 0 0 0 1 0
 0 0 0 0 0 0 1 0 0 0 0 0 0 0 0 0 0 0 0 0
 0 1 1 0 0 0 0 0 1 0 0 0 1 1 1 0 1 1 0 0
 0 0 1 0 0 1 0 1 0 0 0 1 0 1 0 1 0 1 0 0
 0 0 1 0 0 0 0 0 0 0 1 0 0 0 1 0 0 1 0 0
 1 1 0 1 0 1 0 1 1 0 0 0 1 0 1 0 0 0 0 0
 0 0 1 0 0 1 0 0 0 0 1 1 1 0 0 1 0 0 0 0
 1 0 0 1 1 1 1 0 0 0 0 0 0 1 0 1 0 0 0 1
 0 0 0 0 1 1 1 0 0 1 0 1 0 0 0 0 1 0 1 1

Warwick 1069: balanced orders, 6 orders per product
20 20
 0 1 1 1 1 0 1 0 0 0 1 0 0 0 0 0 0 1 1 0
 1 0 0 0 1 0 0 0 0 0 0 0 1 0 0 0 0 1 0 0
 1 1 0 0 0 1 0 0 0 1 0 0 0 1 0 0 0 0 0 1
 0 0 0 0 0 0 0 0 0 1 0 0 0 0 1 1 0 0 0 0
 0 0 0 0 0 1 0 0 0 1 1 1 0 0 1 0 0 0 0 0
 0 0 1 0 0 0 0 1 1 0 0 0 0 1 0 0 0 1 0 0
 0 0 1 1 1 0 0 0 0 1 0 1 0 0 0 0 1 1 0 0
 0 0 0 0 0 0 1 0 0 0 0 1 0 0 0 0 0 1 0 1
 1 0 0 1 1 0 1 1 0 0 0 0 1 0 1 0 1 0 1 1
 0 0 0 0 0 1 0 0 1 0 0 0 0 0 0 1 0 1 0 1
 0 0 0 0 0 1 0 0 0 0 0 0 0 0 0 0 0 0 0 0
 0 1 1 0 0 1 0 0 1 0 1 0 0 0 1 0 0 0 1 1
 0 0 1 1 0 0 1 1 1 1 0 0 1 0 0 0 1 0 0 0
 0 1 0 0 0 0 1 0 0 0 1 1 0 1 0 0 0 0 0 0
 1 0 1 0 1 0 0 1 1 0 0 1 1 1 0 0 1 0 1 0
 1 1 0 0 0 0 0 1 1 0 1 0 0 0 0 1 1 0 1 0
 0 0 0 1 0 0 1 1 0 0 1 0 0 0 0 1 0 0 0 0
 0 0 0 0 1 0 0 0 0 0 0 0 1 1 1 0 0 0 1 0
 1 0 0 1 0 0 0 0 0 1 0 0 0 0 1 1 1 0 0 1
 0 1 0 0 0 1 0 0 0 0 0 1 1 1 0 1 0 0 0 0

Warwick 1070: balanced orders, 6 orders per product
20 20
 1 0 1 0 0 0 0 0 0 0 0 0 0 0 0 1 0 0 1 0
 0 1 0 0 1 1 0 1 0 0 0 1 0 1 1 0 0 0 0 0
 1 0 1 1 1 0 1 0 1 1 0 0 0 0 0 1 0 1 1 0
 0 0 0 0 0 0 0 0 1 0 0 1 1 0 1 1 1 0 0 1
 0 0 0 0 1 0 0 0 0 0 0 0 0 0 0 0 1 1 0 0
 1 1 0 0 0 0 0 1 0 0 0 0 1 1 0 0 0 1 1 0
 0 0 0 0 0 1 1 0 0 0 0 1 1 0 0 0 0 1 0 0
 0 0 0 0 0 0 0 0 1 0 1 1 0 0 0 0 0 0 0 0
 1 0 0 1 1 0 1 0 0 0 1 0 0 0 1 0 0 0 0 1
 0 0 1 0 1 0 1 0 0 0 0 0 0 0 0 0 0 0 0 0
 1 1 1 1 0 0 1 0 0 0 0 0 0 1 0 1 0 1 0 1
 0 0 0 1 0 0 0 0 0 1 0 1 1 0 1 0 0 0 0 1
 0 1 0 0 0 1 1 0 0 0 1 0 0 0 0 1 1 0 0 0
 0 0 1 1 0 0 0 1 1 0 0 0 0 1 1 0 1 0 0 0
 0 0 1 0 0 1 0 0 0 0 1 0 1 0 0 1 1 0 0 0
 1 0 0 0 0 0 0 1 0 1 0 0 0 0 0 0 0 0 0 1
 0 0 0 1 0 1 0 1 1 1 0 1 1 0 1 0 0 0 1 0
 0 1 0 0 1 0 0 0 0 0 1 0 0 0 0 0 0 0 1 0
 0 1 0 0 0 0 0 0 0 1 0 0 0 1 0 0 0 0 0 0
 0 0 0 0 0 1 0 1 1 1 1 0 0 1 0 0 1 1 1 1

Warwick 1071: balanced orders, 7 orders per product
20 20
 0 1 1 0 0 1 0 0 0 1 0 0 1 1 0 1 0 1 0 0
 0 0 1 0 1 0 0 1 0 0 0 1 1 0 0 0 0 0 0 0
 1 0 1 0 1 0 0 0 0 0 0 0 0 0 0 0 0 0 0 0
 0 0 0 1 0 1 0 1 0 0 1 1 0 0 0 0 1 0 1 0
 0 0 0 0 0 0 0 1 1 0 0 1 1 0 0 0 1 1 0 1
 1 0 0 0 0 0 0 0 1 0 1 1 0 1 0 0 0 1 0 1
 0 0 1 1 0 1 0 1 0 0 0 0 0 1 1 0 1 1 0 0
 0 0 0 1 0 0 0 0 0 1 0 0 0 1 1 0 1 0 1 0
 0 0 1 1 1 0 0 0 0 0 0 0 1 1 0 0 0 0 0 1
 0 1 0 0 0 1 1 0 1 0 0 0 0 0 1 1 0 0 0 0
 0 0 0 1 0 0 0 0 0 1 1 0 0 0 1 0 1 0 0 0
 1 1 0 0 0 1 1 0 0 0 0 0 0 0 1 1 0 0 0 0
 0 0 0 0 0 0 1 0 1 0 1 1 1 0 0 1 0 0 1 1
 1 1 1 0 1 0 0 1 0 0 0 0 0 1 0 1 0 0 0 1
 1 0 0 1 0 1 1 0 1 1 0 0 0 1 0 1 0 0 0 1
 1 1 0 1 1 0 1 1 0 0 1 0 1 0 1 1 1 1 1 0
 0 0 0 0 1 0 1 1 0 1 0 0 0 0 0 0 0 1 1 0
 0 1 1 0 0 1 0 0 0 0 0 1 1 0 0 0 0 0 1 0
 1 0 0 0 0 0 0 0 1 1 1 0 0 0 0 0 1 1 1 0
 0 1 0 0 1 0 1 0 1 1 1 1 0 0 1 0 0 0 0 1

Warwick 1072: balanced orders, 7 orders per product
20 20
 0 1 0 1 1 1 1 0 0 0 1 1 0 0 0 0 0 0 0 1
 0 0 0 0 0 0 1 0 0 0 0 0 1 0 0 0 0 1 0 0
 0 0 0 1 0 0 1 1 0 1 0 1 0 0 0 0 0 0 0 0
 1 0 0 1 0 0 0 0 0 1 1 0 0 0 0 1 0 1 1 1
 0 1 0 0 0 1 1 0 0 0 0 0 1 1 1 0 0 1 1 0
 0 0 0 0 0 0 0 1 0 1 0 0 0 1 0 0 0 0 0 1
 1 0 1 0 0 1 0 0 0 1 1 1 0 0 0 0 1 0 0 1
 0 0 0 1 1 1 0 0 1 1 0 1 1 0 1 0 0 0 0 1
 0 0 1 0 0 1 0 0 1 0 0 0 1 0 0 0 0 0 1 0
 0 0 0 1 1 0 1 0 0 0 1 0 1 0 1 0 0 0 1 0
 0 1 0 0 0 0 0 1 0 0 0 0 1 0 1 1 1 0 0 0
 0 0 1 0 0 0 0 1 0 0 1 0 0 1 0 0 0 0 0 0
 1 1 1 0 0 0 0 0 1 0 0 1 0 1 0 1 0 1 1 0
 1 1 0 0 1 0 0 0 1 1 0 0 1 0 0 1 1 1 0 0
 0 1 0 1 1 0 0 1 1 0 1 1 0 0 1 1 0 0 1 0
 0 0 0 0 0 1 1 1 0 0 0 0 0 1 1 0 1 0 0 0
 1 0 0 1 0 0 1 0 1 0 1 0 0 1 1 1 1 1 1 1
 1 0 1 0 1 0 0 0 0 1 0 0 0 1 0 0 1 0 0 0
 1 1 1 0 0 0 0 0 0 0 0 0 0 0 0 0 0 0 0 1
 0 0 1 0 1 1 0 1 1 0 0 1 0 0 0 1 1 1 0 0

Warwick 1073: balanced orders, 7 orders per product
20 20
 0 1 0 1 0 1 1 0 0 1 0 0 0 0 0 0 0 0 0 1
 0 0 1 0 0 0 0 0 1 0 1 0 0 1 1 0 1 0 0 0
 0 0 0 1 0 0 1 1 0 0 0 0 1 0 0 1 1 0 1 0
 0 0 0 0 1 1 1 0 0 0 1 0 0 1 1 0 0 1 0 1
 1 1 1 0 1 0 0 1 1 0 0 0 1 0 1 0 1 0 0 0
 0 0 1 0 0 0 1 1 0 0 0 0 0 0 1 0 1 0 0 0
 0 0 0 0 0 0 0 0 1 1 0 0 1 0 0 1 0 0 1 0
 0 0 1 1 1 1 1 0 0 0 0 0 0 0 1 0 0 1 1 1
 1 1 0 0 0 0 0 0 0 0 1 1 0 0 0 1 0 1 0 1
 1 0 0 0 0 1 0 0 0 0 1 1 1 1 0 1 0 0 1 0
 1 0 0 1 0 1 0 1 0 0 0 0 1 0 0 1 0 0 0 0
 1 1 0 0 1 0 0 0 0 1 1 1 1 0 0 0 0 0 1 0
 0 0 0 1 0 0 0 0 1 0 0 0 0 1 0 0 0 1 1 0
 0 1 0 0 0 0 1 1 1 1 0 0 0 0 0 1 0 1 0 1
 1 1 0 1 0 0 0 1 0 1 0 1 1 1 0 0 1 0 1 1
 0 0 0 0 0 0 1 0 0 0 0 1 0 1 1 1 0 1 0 0
 0 0 1 1 1 0 0 0 1 0 0 1 0 0 0 0 1 0 0 0
 0 0 1 0 1 0 0 0 1 1 0 0 0 0 1 0 1 1 0 1
 1 1 0 0 0 1 0 0 0 0 1 0 0 1 0 0 0 0 0 0
 0 0 1 0 1 1 0 1 0 1 1 1 0 0 0 0 0 0 0 0

Warwick 1074: balanced orders, 7 orders per product
20 20
 1 1 1 1 1 0 0 1 0 1 0 0 1 0 0 0 0 1 0 1
 0 0 0 1 1 1 0 0 0 0 0 0 0 0 1 1 0 0 0 0
 0 0 1 1 0 0 0 1 1 1 0 1 0 1 0 0 0 1 0 0
 1 0 0 1 1 0 1 0 1 0 1 0 0 0 0 0 0 0 1 0
 1 0 0 0 0 0 0 0 0 1 1 0 0 0 0 1 0 0 1 0
 0 0 0 1 0 1 1 0 0 0 1 0 1 0 0 0 1 1 0 0
 1 0 1 0 0 1 0 0 0 1 0 1 0 1 1 0 0 0 0 1
 0 0 0 0 0 0 1 1 1 0 1 1 0 0 1 1 0 0 1 1
 0 0 0 0 1 1 1 0 0 0 0 0 1 1 0 0 1 0 0 0
 1 0 0 0 1 0 1 0 0 0 0 0 0 1 0 1 1 0 0 0
 0 0 0 1 1 1 0 0 0 0 0 0 0 0 0 0 1 0 1 1
 0 0 1 0 0 0 1 1 0 1 0 1 1 0 1 0 1 0 0 1
 0 1 1 0 0 0 0 1 0 0 1 0 1 1 0 0 0 0 1 1
 1 1 0 0 0 0 1 1 1 0 0 1 0 1 0 0 0 1 0 0
 1 0 0 1 0 0 0 0 0 0 1 0 0 0 1 1 0 1 1 0
 0 1 0 0 0 1 0 0 1 0 0 0 1 0 0 1 0 1 0 0
 0 1 1 0 0 1 0 0 1 1 0 0 1 1 1 0 1 0 0 1
 0 1 0 0 1 0 0 0 0 1 0 0 0 0 0 0 1 0 0 0
 0 1 1 0 0 0 0 1 1 0 0 1 0 0 0 1 0 1 0 0
 0 0 0 0 0 0 0 0 0 0 1 1 0 0 1 0 0 0 1 0

Warwick 1075: balanced orders, 7 orders per product
20 20
 0 0 0 0 0 0 1 0 0 0 0 0 0 0 0 0 0 0 0 0
 0 1 0 1 0 0 1 0 0 0 0 1 1 0 0 0 1 1 0 1
 0 0 1 1 0 0 1 1 1 1 0 0 0 1 1 1 1 0 1 0
 0 1 0 0 0 0 0 0 0 1 0 0 1 0 0 1 0 0 1 1
 1 1 0 1 1 1 0 1 1 0 0 1 0 0 0 0 1 0 0 0
 0 0 1 1 1 0 0 1 1 0 1 1 0 0 0 1 1 1 1 1
 0 0 0 0 1 1 0 0 1 0 0 0 1 0 0 1 0 1 0 0
 1 0 0 0 0 1 0 0 0 1 0 0 0 1 1 0 1 0 0 0
 0 0 0 1 0 0 1 0 0 0 1 0 0 0 1 0 0 1 1 0
 0 0 1 1 0 0 0 1 1 0 0 0 0 1 0 0 0 1 1 1
 0 1 0 1 0 0 0 0 0 0 0 1 0 0 0 1 0 0 0 1
 0 1 0 0 0 1 0 0 1 1 1 0 1 0 1 1 0 0 0 0
 1 1 1 0 1 0 0 1 0 1 0 0 0 0 0 0 0 1 1 0
 1 0 0 0 0 0 1 0 0 1 1 1 1 1 1 0 0 0 0 0
 0 1 0 0 0 1 1 1 0 0 1 1 0 0 1 0 0 0 1 0
 0 0 1 0 1 1 0 0 0 1 1 0 0 1 0 0 0 0 0 0
 1 0 1 0 0 0 0 0 0 0 0 0 0 0 1 0 1 0 0 0
 1 0 1 0 1 1 1 0 0 0 1 1 1 1 0 0 1 1 0 1
 1 0 0 0 1 0 0 1 0 0 0 0 0 1 0 1 0 0 0 1
 0 0 0 0 0 0 0 0 1 0 0 0 1 0 0 0 0 0 0 0

Warwick 1076: balanced orders, 7 orders per product
20 20
 0 1 0 0 0 0 0 1 0 0 0 0 0 0 0 0 1 1 0 0
 1 1 0 0 0 1 0 0 1 0 0 1 0 1 0 0 0 0 1 0
 1 0 0 0 1 0 0 1 1 0 1 0 0 1 0 1 1 0 1 0
 0 0 0 1 0 0 1 0 0 0 1 0 0 0 1 0 0 0 0 0
 0 0 0 0 0 1 0 0 0 0 1 0 0 0 0 1 0 0 0 0
 0 0 1 0 0 1 0 0 0 0 0 0 0 0 0 1 0 0 0 0
 1 0 1 1 1 0 1 1 0 0 1 0 0 0 0 1 1 0 0 0
 0 1 1 0 0 1 0 0 1 1 0 0 1 0 1 0 1 1 0 1
 0 0 0 0 0 0 0 1 0 0 0 0 1 1 1 1 0 1 0 1
 0 0 1 1 0 0 1 0 1 0 0 1 0 0 0 1 0 1 0 1
 1 0 1 0 1 0 0 0 1 1 0 1 0 0 0 0 0 0 0 0
 0 1 0 0 0 0 1 1 0 1 0 1 1 1 0 0 1 0 0 0
 0 0 0 1 1 1 1 1 0 0 0 1 0 0 1 0 1 0 1 1
 0 1 0 0 0 1 0 1 0 0 1 0 1 0 1 0 0 1 0 0
 0 0 0 1 0 0 0 0 0 0 0 1 0 1 1 0 0 0 1 0
 0 1 1 1 1 0 0 0 1 1 0 1 0 0 0 0 0 1 1 1
 1 0 0 1 0 0 0 0 1 1 1 0 0 1 0 1 0 0 1 1
 1 1 0 0 1 1 1 0 0 1 1 0 1 0 1 0 0 0 0 1
 1 0 0 0 0 0 0 0 0 0 0 0 1 0 0 0 0 0 1 0
 0 0 1 0 1 0 1 0 0 1 0 0 1 1 0 0 1 1 0 0

Warwick 1077: balanced orders, 7 orders per product
20 20
 0 0 0 1 0 0 0 1 1 0 1 1 0 1 1 0 1 0 0 0
 0 0 1 1 1 0 0 0 1 1 1 0 1 0 1 1 0 1 0 0
 0 1 1 1 0 0 0 0 1 0 0 0 0 0 0 1 1 0 0 0
 1 1 0 0 0 0 0 0 0 1 0 0 0 1 0 0 0 1 0 0
 1 1 1 0 0 0 0 1 1 0 1 1 1 1 0 0 0 0 1 1
 0 0 0 1 0 1 0 0 0 1 0 0 1 0 0 0 1 0 1 0
 1 1 1 1 1 1 0 0 0 0 0 1 0 0 1 0 0 0 0 0
 1 0 0 1 0 1 0 0 0 0 0 0 1 1 1 0 1 1 0 1
 0 0 0 0 1 0 0 0 0 1 0 1 0 0 1 1 0 0 0 1
 0 0 0 0 0 1 1 1 0 1 0 0 0 1 0 1 1 0 1 1
 0 0 1 0 1 0 0 0 0 0 0 0 1 0 0 0 0 0 0 1
 1 0 0 0 1 0 1 0 1 0 1 0 0 0 0 1 0 1 0 1
 0 0 1 0 1 0 1 0 1 0 0 0 0 0 0 0 0 1 0 0
 1 1 0 0 0 0 1 1 0 0 0 1 0 0 0 0 0 1 1 0
 0 1 0 0 0 1 0 1 0 1 0 0 1 0 0 1 1 1 0 0
 1 0 0 0 1 1 0 0 1 0 0 0 0 0 0 0 0 0 1 1
 0 0 0 0 0 0 1 1 0 0 0 1 0 0 1 1 0 0 0 0
 0 0 0 0 0 0 0 1 0 0 1 1 0 1 0 0 0 0 1 0
 0 0 0 0 0 1 1 0 0 0 1 0 1 0 0 0 1 0 1 0
 0 1 1 1 0 0 1 0 0 1 1 0 0 1 1 0 0 0 0 0

Warwick 1078: balanced orders, 7 orders per product
20 20
 0 0 0 0 0 0 0 0 1 0 1 0 0 1 1 0 1 0 1 0
 1 0 0 0 0 0 0 0 0 0 1 0 1 0 0 0 0 0 1 0
 1 0 0 1 0 1 0 0 0 0 0 0 0 0 1 0 0 1 0 0
 1 0 1 0 0 0 0 0 1 0 0 1 0 0 0 1 1 0 0 1
 0 0 0 1 1 0 1 1 1 1 0 0 0 0 0 0 0 0 1 0
 0 1 1 1 1 0 1 0 0 0 0 1 1 1 0 0 1 1 1 0
 1 0 0 0 0 0 1 0 0 0 1 1 1 1 1 0 1 0 1 0
 1 0 1 0 0 1 0 1 1 0 0 1 1 1 0 0 0 0 0 1
 0 0 0 0 1 0 1 1 1 0 1 0 0 0 1 1 0 0 0 0
 0 0 0 0 1 1 1 1 0 0 1 0 1 0 0 1 1 1 1 1
 0 1 1 0 1 0 0 0 0 0 1 0 0 0 0 0 1 0 0 1
 0 0 1 1 0 1 0 1 1 0 1 0 1 0 1 1 0 0 0 1
 0 1 0 0 0 0 0 0 0 0 0 0 0 0 0 0 0 0 0 0
 0 0 0 1 0 0 0 1 0 1 0 0 0 0 0 0 0 1 0 0
 0 1 0 0 1 0 1 0 0 0 0 0 0 0 0 1 0 1 0 0
 0 0 1 0 0 0 0 0 1 1 0 0 0 1 0 0 1 0 0 0
 0 1 0 0 0 1 1 0 0 1 0 1 0 1 0 1 0 0 0 0
 1 0 0 1 0 0 0 0 0 1 0 0 0 1 1 0 0 1 1 1
 0 1 0 0 1 1 0 1 0 1 0 1 0 0 1 0 0 0 0 0
 1 1 1 1 0 1 0 0 0 1 0 1 1 0 0 1 0 1 0 1

Warwick 1079: balanced orders, 7 orders per product
20 20
 1 1 0 0 0 1 1 0 1 0 0 0 0 0 1 0 0 0 0 0
 1 0 0 1 0 0 0 0 0 1 0 1 0 1 1 1 0 0 0 0
 1 1 1 1 0 1 0 1 0 0 1 0 0 0 0 1 1 1 1 1
 0 0 1 0 1 0 1 1 1 0 1 0 0 0 0 0 1 0 1 1
 0 1 0 0 0 1 1 0 0 0 0 0 1 0 0 0 1 1 0 1
 0 0 0 0 0 1 0 0 0 0 0 0 1 1 0 0 1 0 1 0
 0 1 0 1 0 0 0 1 1 0 1 0 0 0 1 0 1 1 0 0
 0 0 0 1 1 0 0 1 1 1 1 1 1 0 0 0 0 0 0 0
 0 1 0 0 0 0 0 0 0 1 0 1 1 1 1 0 0 1 0 1
 0 0 0 0 0 0 0 0 0 1 0 0 0 0 0 1 0 1 0 0
 0 0 0 1 1 1 1 0 0 1 0 0 0 1 0 1 0 1 0 0
 1 0 0 0 0 0 0 0 1 0 1 0 0 0 0 0 0 0 0 0
 0 0 1 0 0 0 1 0 0 1 0 1 0 0 0 1 0 0 1 0
 0 0 0 0 0 0 1 1 0 0 0 1 0 0 0 0 1 0 1 0
 0 0 1 0 1 0 0 0 0 0 0 1 1 0 0 1 0 0 0 1
 1 0 0 1 0 1 0 1 0 0 0 0 0 1 1 1 1 0 1 1
 0 0 0 1 1 0 0 0 1 1 1 0 0 0 0 0 0 0 0 0
 1 1 1 0 1 1 1 0 0 0 1 0 1 1 0 0 0 1 0 0
 0 0 1 0 0 0 0 0 1 0 0 1 0 1 1 0 0 0 1 0
 1 1 1 0 1 0 0 1 0 0 0 0 1 0 1 0 0 0 0 1

Warwick 1080: balanced orders, 7 orders per product
20 20
 0 0 0 0 1 0 0 0 0 0 1 0 0 0 0 0 0 0 1 0
 0 0 0 0 1 0 1 1 1 1 0 1 0 0 0 1 0 0 0 0
 0 0 0 1 0 0 0 0 0 0 0 0 1 1 0 1 1 0 0 0
 0 1 0 1 0 0 1 1 0 0 0 0 1 0 0 0 1 0 0 1
 0 1 0 1 0 0 0 0 1 0 0 1 1 0 1 0 0 0 0 0
 0 0 1 1 0 0 1 0 1 0 0 1 1 0 1 0 0 0 0 0
 1 0 0 0 1 1 1 0 0 0 0 1 0 0 0 0 1 0 0 0
 1 0 1 1 0 1 0 0 0 0 1 0 0 1 0 1 0 0 0 0
 1 0 1 0 0 0 1 0 1 1 1 0 0 0 1 0 1 1 1 1
 1 1 1 0 0 0 0 1 0 0 0 0 0 1 0 1 0 1 1 0
 0 0 0 0 0 0 0 1 0 0 0 0 0 0 1 1 0 0 0 0
 1 0 0 0 1 1 0 0 0 1 0 0 0 1 0 0 1 0 1 1
 0 0 0 1 0 0 0 1 0 1 0 0 0 0 0 0 0 0 1 0
 0 1 0 0 0 1 0 1 0 0 0 0 0 0 0 0 0 1 1 1
 1 1 0 0 1 1 0 0 0 0 1 0 1 0 1 0 1 0 0 1
 0 0 0 0 0 1 1 0 0 0 1 1 1 0 1 0 0 1 0 0
 0 1 1 0 0 0 0 1 0 1 1 0 0 1 1 1 0 0 0 0
 1 1 1 0 1 0 0 0 1 0 0 1 0 1 0 0 0 1 0 0
 0 0 1 0 0 1 0 0 1 1 1 1 0 0 0 0 0 1 0 1
 0 0 0 1 1 0 1 0 1 1 0 0 1 1 0 1 1 1 1 1

Warwick 1081: balanced orders, 8 orders per product
20 20
 1 0 0 1 0 0 1 0 1 1 0 1 0 1 0 0 1 1 0 0
 0 1 0 0 1 0 0 0 1 0 0 0 0 1 1 0 0 1 0 0
 1 0 1 0 0 1 1 0 0 1 0 1 1 0 0 1 1 0 1 1
 1 0 1 0 0 0 0 1 1 1 0 0 0 1 1 0 1 1 0 0
 0 1 0 1 0 0 1 1 0 0 1 0 0 0 0 0 0 0 1 0
 0 0 0 1 0 1 0 0 0 0 1 0 1 1 1 1 0 0 1 0
 1 1 1 0 0 0 1 1 0 1 0 1 0 0 0 0 0 1 1 0
 0 1 0 1 0 1 1 0 0 0 1 0 1 0 0 0 0 0 1 0
 0 0 0 1 0 0 0 1 0 1 0 0 0 0 0 0 0 0 0 0
 0 1 0 0 1 1 0 1 1 0 0 1 1 1 0 0 1 0 0 1
 0 0 0 0 0 0 0 0 0 0 0 0 1 0 1 1 0 0 0 1
 1 0 0 0 1 1 0 0 1 0 1 1 0 1 0 1 1 1 0 1
 1 1 1 1 0 0 1 0 1 0 1 1 0 1 0 1 0 0 1 0
 0 0 1 0 0 0 0 0 0 1 1 1 1 0 0 1 0 1 1 1
 0 0 1 1 1 1 1 0 0 0 1 0 1 0 1 1 0 0 1 1
 1 1 1 0 1 1 0 1 1 0 0 0 0 0 0 0 0 1 0 1
 0 0 1 0 1 0 0 1 1 0 0 0 0 0 1 1 0 0 0 1
 0 0 0 1 0 0 0 0 0 1 1 0 1 0 1 0 1 0 0 0
 0 0 0 0 1 0 0 1 0 1 0 0 0 1 1 0 1 1 0 0
 1 1 0 0 1 1 1 0 0 0 0 1 0 0 0 0 1 0 0 0

Warwick 1082: balanced orders, 8 orders per product
20 20
 1 0 1 0 0 1 0 0 0 1 1 0 0 0 0 0 0 0 0 1
 0 0 0 0 1 1 1 0 1 1 1 1 0 1 0 0 0 0 1 0
 0 0 0 0 0 0 0 0 0 0 0 1 0 0 0 0 1 0 0 0
 0 1 0 1 1 1 1 1 1 1 1 0 1 1 1 0 0 1 0 0
 1 1 0 1 1 0 0 1 0 0 0 0 1 0 0 0 0 1 1 0
 1 1 1 1 1 0 1 0 1 0 0 1 0 1 0 0 1 1 0 1
 0 1 0 1 1 1 1 1 1 0 0 0 1 0 0 0 1 0 1 0
 1 1 0 0 0 1 1 0 0 0 1 0 0 0 1 0 0 1 1 0
 1 0 0 0 0 0 1 1 0 1 1 1 1 0 1 0 1 0 0 0
 1 0 0 1 0 0 0 0 1 0 1 1 1 0 1 1 1 0 1 1
 0 1 1 1 0 0 0 0 0 0 0 0 1 0 1 0 1 1 0 0
 0 0 1 0 1 1 0 0 1 0 0 0 0 1 0 1 0 0 0 1
 0 0 1 1 0 0 0 1 0 0 0 0 0 1 0 1 0 1 1 0
 1 1 1 0 1 0 0 0 1 1 0 1 0 0 0 1 1 0 0 1
 0 1 1 0 0 0 0 1 0 0 1 0 1 0 0 1 0 1 0 1
 1 0 1 0 0 1 0 1 1 0 0 0 0 0 1 0 0 0 1 0
 0 0 0 1 0 0 0 0 0 1 0 1 0 1 1 0 0 0 1 1
 0 0 0 0 0 0 0 0 0 1 0 0 0 1 0 1 0 0 0 1
 0 0 0 0 0 0 1 0 0 0 1 0 1 1 0 1 1 0 0 0
 0 0 0 0 1 1 1 1 0 1 0 1 0 0 1 1 0 1 0 0

Warwick 1083: balanced orders, 8 orders per product
20 20
 0 0 0 1 0 1 0 0 0 0 0 0 0 1 0 0 0 1 0 1
 0 1 1 1 1 1 0 0 0 1 1 0 0 0 0 1 0 0 1 1
 0 1 1 0 1 0 0 0 0 0 1 0 0 0 1 1 0 1 0 1
 0 0 1 0 1 1 1 1 0 0 0 1 1 0 1 0 0 0 0 0
 1 0 1 0 0 0 1 1 0 1 0 0 1 1 0 0 1 0 0 1
 0 1 0 1 1 1 1 0 0 1 1 0 0 0 0 0 0 0 0 0
 1 1 0 1 0 1 1 1 1 0 1 0 1 0 0 1 1 1 0 0
 1 0 1 0 0 1 0 0 0 0 0 1 0 1 0 0 1 0 1 0
 1 1 0 0 1 0 0 0 1 0 0 0 0 1 0 0 0 0 1 1
 0 0 0 0 1 0 0 1 1 1 1 1 1 0 0 0 0 1 0 0
 1 0 0 0 0 0 1 1 0 0 0 0 1 0 0 0 0 1 1 1
 0 0 0 0 0 0 0 0 0 0 0 0 0 0 1 1 0 0 1 0
 0 0 0 1 0 0 0 0 1 0 0 1 0 0 1 1 1 1 1 0
 0 1 1 0 1 0 0 0 0 1 0 0 0 1 1 0 0 0 1 1
 0 0 1 0 0 0 0 1 1 0 1 1 0 1 1 0 1 1 0 0
 1 0 0 1 0 1 0 1 1 0 0 1 0 0 0 0 0 0 1 0
 1 1 0 0 0 0 1 0 0 0 0 0 1 0 1 0 1 0 0 1
 1 0 1 0 1 0 0 0 1 1 0 1 1 1 0 1 1 0 0 0
 0 0 0 1 0 0 1 0 1 1 1 0 0 0 0 1 1 0 0 0
 0 1 0 1 0 1 1 1 0 1 1 1 1 1 1 1 0 1 0 0

Warwick 1084: balanced orders, 8 orders per product
20 20
 1 0 0 0 0 1 1 1 0 0 1 0 1 0 0 1 1 0 0 1
 1 1 0 1 1 1 1 1 0 0 0 1 1 0 0 1 0 0 0 1
 0 1 1 1 1 0 1 1 1 1 1 1 1 0 1 0 0 1 0 1
 0 0 1 1 1 0 1 1 0 1 1 1 0 0 1 1 1 1 0 0
 0 1 0 0 1 0 0 1 1 1 0 1 0 0 0 0 0 1 1 1
 0 0 1 0 0 1 1 0 1 1 0 0 1 0 0 0 1 1 0 0
 0 1 0 0 0 0 0 0 0 0 1 0 0 1 0 0 0 0 0 1
 0 1 1 0 0 1 1 0 1 0 1 0 0 1 0 0 0 0 0 0
 1 0 1 1 0 1 0 0 0 0 1 0 0 0 0 0 1 0 1 0
 0 1 1 1 1 0 0 1 0 0 0 1 1 0 0 0 1 0 1 0
 1 0 0 1 0 0 0 1 1 0 1 0 0 1 1 1 0 0 0 0
 0 0 0 1 0 1 0 0 0 1 0 0 1 0 0 0 0 1 1 1
 0 0 1 0 0 0 0 0 0 0 0 0 0 1 0 0 1 0 0 0
 0 0 0 1 1 0 1 0 1 0 0 0 1 0 1 0 1 0 1 0
 1 1 1 0 0 1 0 0 1 0 0 1 1 0 1 0 0 0 0 0
 1 0 0 0 1 1 1 0 1 1 0 1 0 1 1 1 0 0 1 1
 1 1 0 0 1 0 0 0 0 0 0 0 0 0 0 1 0 0 0 1
 0 0 0 0 0 0 0 0 0 0 1 1 0 1 1 0 1 1 1 0
 0 0 0 0 0 0 0 0 0 1 0 0 0 1 1 1 0 1 0 0
 1 0 0 0 0 0 0 1 0 1 0 0 0 1 0 1 0 1 1 0

Warwick 1085: balanced orders, 8 orders per product
20 20
 0 1 0 1 1 1 0 1 0 0 1 1 1 0 0 1 1 0 1 0
 0 0 1 0 1 1 0 1 1 0 1 0 1 1 1 0 0 0 0 1
 1 1 0 0 0 1 1 0 0 1 0 1 1 1 1 0 1 1 0 0
 0 0 0 0 0 0 0 1 1 0 0 0 0 1 0 0 0 0 1 0
 0 0 1 0 0 0 0 1 1 0 1 0 1 0 0 0 0 0 0 0
 0 0 0 0 0 0 1 1 0 1 0 0 0 0 0 0 0 1 0 1
 0 0 0 1 1 1 0 0 0 1 0 0 0 1 0 0 0 0 1 0
 0 0 1 0 1 0 1 0 1 0 0 0 0 0 0 0 0 1 0 1
 0 0 0 1 0 1 0 0 0 0 0 1 1 1 0 0 1 1 1 1
 1 0 0 1 0 0 1 0 0 0 1 1 0 0 1 1 1 0 0 1
 0 1 1 0 1 1 0 1 0 1 0 0 0 0 1 1 0 1 0 0
 0 0 0 0 0 0 0 1 0 1 0 0 0 0 1 1 1 0 1 1
 1 0 0 1 1 1 0 0 0 0 0 1 0 1 1 1 1 1 1 1
 1 1 1 1 0 0 1 0 1 1 1 1 1 0 1 0 0 1 0 0
 0 1 0 1 0 0 1 0 1 1 1 1 0 1 0 0 0 0 1 0
 1 1 1 0 1 0 0 0 0 0 0 0 0 0 0 0 0 0 0 1
 1 0 1 0 0 0 0 0 0 0 0 1 1 0 0 1 0 0 0 0
 1 1 0 1 1 0 1 1 1 0 0 0 0 0 0 1 0 0 0 0
 0 1 1 0 0 0 0 0 0 1 1 0 0 1 0 1 1 0 0 0
 1 0 0 0 0 1 1 0 1 0 1 0 1 0 1 0 1 1 1 0

Warwick 1086: balanced orders, 8 orders per product
20 20
 1 1 0 0 1 0 1 1 1 0 0 0 0 1 0 0 0 1 1 1
 0 0 0 0 1 1 0 0 1 0 0 1 0 0 0 1 1 0 1 1
 0 1 0 0 0 1 0 1 0 0 1 1 0 1 0 0 1 0 0 0
 1 0 0 1 0 0 1 0 0 1 1 0 0 1 1 0 0 0 0 0
 0 0 0 1 1 0 1 1 0 1 0 0 0 0 0 0 1 1 0 1
 1 1 1 0 0 1 0 0 0 0 0 0 1 1 1 0 1 0 1 0
 0 0 0 0 0 0 0 0 1 0 0 0 0 0 1 1 0 1 1 0
 0 1 0 1 0 1 1 0 0 1 1 0 1 0 1 0 0 0 1 0
 1 1 0 1 0 1 0 0 1 1 1 0 1 1 1 0 0 0 0 1
 0 0 0 0 1 0 1 0 0 0 0 0 1 1 1 0 1 0 1 0
 0 0 1 0 1 0 1 0 1 0 1 0 0 0 0 1 1 1 0 1
 0 0 1 1 0 0 0 1 1 0 0 1 0 1 0 0 0 1 0 0
 0 1 0 0 0 0 0 1 1 0 1 0 0 0 1 1 0 0 0 0
 1 0 0 1 0 0 0 0 0 1 1 1 1 0 0 0 0 0 0 1
 0 0 1 0 0 1 0 1 1 0 1 1 0 0 0 0 1 0 0 0
 1 1 1 0 1 0 1 0 0 0 0 1 1 0 0 1 0 0 1 0
 1 0 0 0 0 0 0 1 0 1 0 0 1 0 1 1 0 0 1 0
 0 0 1 0 1 1 1 0 0 0 0 1 1 1 0 1 0 1 0 0
 0 0 1 1 0 0 0 0 0 1 0 0 0 0 0 1 1 1 0 1
 1 1 1 1 1 1 0 1 0 1 0 1 0 0 0 0 0 1 0 1

Warwick 1087: balanced orders, 8 orders per product
20 20
 1 0 1 0 1 0 0 0 0 0 0 1 0 1 1 0 0 0 0 0
 0 0 0 1 0 0 0 1 0 0 0 0 0 0 1 1 0 0 0 1
 1 1 1 0 1 0 0 1 0 0 1 0 0 0 1 1 0 0 0 0
 1 0 1 1 1 0 0 0 1 0 0 0 0 1 0 0 1 1 0 1
 0 1 0 0 1 1 0 0 1 1 0 0 1 1 0 0 0 1 0 0
 0 0 0 0 0 0 1 1 0 1 0 1 1 0 1 1 0 0 0 0
 0 0 0 0 0 0 1 0 0 1 0 0 0 1 0 0 0 0 1 1
 0 1 0 1 0 1 1 0 0 0 0 0 1 0 0 0 1 0 0 0
 0 0 0 0 0 1 0 0 1 1 0 1 0 0 0 0 1 0 0 0
 1 1 1 0 1 1 0 1 0 0 0 0 0 0 1 1 1 0 1 0
 1 0 1 0 1 1 1 0 0 1 1 1 0 0 0 0 1 0 0 1
 0 0 0 0 0 0 1 1 1 0 1 0 1 1 0 1 0 0 1 1
 1 1 1 1 0 0 0 1 1 0 1 1 1 1 1 0 0 1 1 1
 1 0 0 1 0 1 0 1 0 1 0 1 0 1 0 1 1 1 0 0
 0 0 0 0 0 0 1 0 1 1 1 0 1 1 1 0 1 0 1 0
 0 0 1 0 0 1 1 1 0 1 0 0 1 0 0 0 0 1 1 0
 0 1 1 1 1 1 0 0 0 0 1 0 0 0 1 0 1 1 0 0
 1 1 0 0 1 0 0 0 1 0 0 0 1 0 0 0 0 1 1 1
 0 1 0 1 0 0 1 0 0 0 1 1 0 0 0 1 0 0 0 0
 0 0 0 1 0 0 0 0 1 0 1 1 0 0 0 1 0 1 1 1

Warwick 1088: balanced orders, 8 orders per product
20 20
 1 0 1 0 0 1 0 0 1 1 0 1 1 0 0 0 0 0 0 0
 0 0 0 0 0 0 1 0 0 1 1 1 0 0 1 1 0 1 1 0
 1 0 0 1 0 0 1 1 0 1 0 1 1 0 1 0 1 0 1 0
 1 0 0 0 1 0 0 0 1 0 0 0 0 1 1 1 1 1 1 1
 1 0 1 0 0 0 1 0 0 0 0 0 0 0 1 0 0 1 0 0
 0 1 0 0 1 0 0 0 0 0 0 0 0 0 0 0 1 0 1 1
 1 0 1 0 0 1 1 0 1 0 1 0 0 0 0 0 0 0 0 0
 0 1 1 1 0 1 0 0 0 1 1 0 0 1 0 1 0 0 0 1
 0 1 1 1 1 0 0 1 1 0 1 1 1 1 1 1 1 0 1 0
 0 1 1 0 0 1 1 1 1 1 0 0 0 1 0 1 1 0 0 0
 0 1 0 0 1 0 1 1 0 1 1 1 0 1 0 0 0 0 0 0
 1 0 0 0 0 1 0 1 0 1 0 1 1 0 0 1 0 1 0 1
 1 0 0 0 0 0 0 0 0 0 0 0 1 0 0 0 0 0 1 0
 0 0 0 1 1 1 1 1 0 1 1 1 0 0 0 0 0 0 1 0
 1 0 1 0 0 0 0 0 1 0 0 0 1 1 1 1 1 1 0 1
 0 0 0 1 0 1 0 0 0 0 0 1 0 0 0 0 1 0 0 1
 0 0 1 0 1 1 0 0 1 0 1 0 0 1 0 0 0 1 0 0
 0 1 0 1 1 0 0 1 0 0 0 0 1 1 0 0 1 1 0 0
 0 1 0 1 1 0 1 0 1 0 1 0 1 0 1 1 0 1 1 1
 0 1 0 1 0 0 0 1 0 0 0 0 0 0 1 0 0 0 0 1

Warwick 1089: balanced orders, 8 orders per product
20 20
 1 1 0 1 1 0 1 1 1 1 0 1 1 1 0 0 1 0 1 0
 0 0 1 1 0 1 1 0 0 1 0 1 1 0 1 0 0 1 1 0
 1 1 0 1 0 0 1 1 0 1 0 0 0 1 0 0 0 1 0 0
 0 0 0 0 1 0 0 1 1 0 1 0 0 0 0 1 1 1 1 0
 0 0 0 0 0 1 0 0 0 0 1 0 1 1 1 0 0 1 1 0
 0 1 0 0 1 0 1 0 1 0 0 1 1 0 0 0 0 1 0 0
 0 1 1 0 0 0 0 1 1 0 1 1 1 1 0 1 1 1 1 1
 0 0 1 0 0 0 0 0 0 0 0 1 0 0 1 1 0 0 0 1
 1 0 0 0 1 1 1 0 0 1 1 0 0 0 0 1 1 0 0 1
 1 0 0 0 0 1 0 0 0 1 1 0 0 1 1 0 1 0 0 0
 1 0 1 1 0 0 0 1 0 0 1 0 0 0 0 1 0 0 0 0
 0 1 0 0 0 1 1 0 1 0 0 0 0 1 1 1 0 0 0 1
 0 1 1 0 0 0 0 1 0 1 0 1 0 0 0 0 1 0 0 1
 1 0 1 0 1 1 1 0 0 1 0 0 0 0 0 0 0 1 1 0
 0 0 0 1 0 0 0 0 1 0 0 0 1 0 0 1 0 0 0 0
 0 1 1 1 1 0 1 0 1 0 0 0 1 0 1 0 0 0 0 0
 0 1 0 1 1 1 0 0 0 0 0 0 1 1 1 0 0 0 1 1
 1 0 0 0 1 0 0 1 0 0 1 0 0 1 0 1 1 0 1 0
 0 0 0 0 0 0 0 0 1 1 1 1 0 0 1 0 1 0 0 1
 1 0 1 1 0 1 0 1 0 0 0 1 0 0 0 0 0 1 0 1

Warwick 1090: balanced orders, 8 orders per product
20 20
 1 1 0 0 1 0 0 0 1 1 0 1 0 0 1 1 0 0 1 0
 0 0 1 1 0 0 0 0 0 1 0 1 0 1 1 1 0 0 0 0
 0 0 0 1 1 1 0 1 0 0 0 1 1 1 0 0 1 0 0 0
 0 0 0 0 0 0 0 1 0 1 1 0 0 0 1 0 0 0 0 1
 1 1 0 1 1 0 1 0 0 0 0 0 1 0 0 1 0 1 0 1
 0 0 1 1 0 1 0 0 1 0 0 1 0 1 1 0 1 1 1 0
 0 0 0 0 0 1 1 0 1 0 0 0 0 0 0 0 0 1 0 0
 1 1 1 0 0 1 1 1 1 0 1 0 0 1 0 1 1 0 0 0
 0 1 0 0 0 1 0 1 1 1 1 0 0 0 1 0 0 0 1 0
 1 0 1 0 0 0 1 0 1 0 1 0 1 0 1 0 1 0 0 0
 0 1 0 0 0 0 0 0 0 0 0 0 0 0 0 0 1 1 0 0
 0 1 0 0 1 0 0 1 0 0 0 1 0 0 0 0 0 0 1 0
 0 0 0 1 1 1 1 1 0 1 0 1 1 1 0 1 1 1 0 1
 1 0 0 0 0 0 1 0 1 0 0 0 1 0 0 1 1 0 1 1
 1 0 0 1 1 1 0 0 0 1 0 0 1 1 0 1 0 1 1 1
 1 0 0 1 1 0 0 0 1 1 1 0 1 0 0 0 0 1 0 0
 0 0 1 0 0 0 1 1 0 0 1 1 0 0 1 0 0 0 1 1
 0 0 1 0 0 0 0 0 0 1 1 1 1 0 0 0 1 0 0 1
 1 1 1 0 1 0 1 0 0 0 1 0 0 1 0 1 0 1 0 1
 0 1 1 1 0 1 0 1 0 0 0 0 0 1 1 0 0 0 1 0

Warwick 1091: balanced orders, 9 orders per product
20 20
 0 1 0 0 1 1 0 0 1 1 0 1 1 0 0 0 0 1 0 1
 0 1 1 1 0 0 0 1 1 0 0 0 0 0 1 1 0 1 0 0
 0 1 0 1 0 0 1 1 1 1 0 0 0 0 1 1 0 0 0 1
 1 0 0 1 0 1 1 0 0 1 0 0 0 1 0 1 0 0 0 1
 0 0 1 1 1 1 1 0 0 0 1 0 0 1 0 1 0 1 1 0
 0 1 1 1 1 1 1 1 0 0 0 0 1 0 0 0 1 0 1 0
 1 1 1 0 0 0 0 1 1 1 1 0 0 1 1 1 1 1 1 0
 1 0 0 0 0 1 0 0 0 1 1 1 1 0 0 0 1 1 1 0
 1 1 1 0 1 0 1 0 1 0 0 1 0 1 0 1 0 0 0 1
 0 0 0 0 1 1 1 0 0 1 1 1 0 0 0 0 1 0 0 1
 1 0 1 0 0 0 0 0 0 1 0 1 0 1 1 1 1 0 1 0
 0 1 1 0 0 1 0 1 0 1 0 1 0 0 1 1 0 1 0 0
 1 0 1 0 1 0 1 1 0 0 1 0 0 1 1 0 1 0 1 0
 0 0 0 1 0 1 0 0 0 0 0 0 1 1 1 1 0 0 1 1
 0 1 0 0 1 0 0 1 1 0 1 0 0 1 1 0 0 1 0 0
 1 0 0 0 0 0 1 0 0 0 1 1 1 0 0 0 1 0 1 1
 0 0 0 1 1 0 0 1 0 1 0 1 1 0 0 0 1 1 0 0
 1 1 0 0 0 1 1 1 1 0 0 0 1 0 1 0 0 0 1 1
 0 0 0 1 0 0 0 0 1 0 1 1 1 0 0 0 1 1 0 0
 1 0 1 1 1 0 0 0 1 0 1 0 1 1 0 0 0 0 0 1

Warwick 1092: balanced orders, 9 orders per product
20 20
 0 0 0 0 0 0 1 1 1 0 0 1 0 0 0 1 0 0 1 1
 0 0 1 1 0 1 0 1 0 0 1 1 0 0 0 1 1 0 1 0
 1 0 0 1 1 0 0 1 0 0 0 0 0 1 1 0 1 1 0 1
 0 0 0 0 0 1 1 0 1 0 1 1 1 0 1 0 1 0 1 0
 0 1 1 0 0 1 1 0 1 1 1 1 0 0 0 1 1 0 0 1
 1 1 1 1 1 0 0 0 0 0 1 0 1 0 0 1 0 1 1 0
 1 0 1 0 1 0 1 1 0 1 0 0 1 1 1 1 1 1 1 1
 0 0 1 0 1 1 0 0 1 0 1 0 0 0 0 0 0 1 0 1
 1 1 0 0 0 1 0 1 0 0 1 0 0 0 1 1 0 0 0 0
 1 1 1 0 0 1 0 0 1 1 0 1 1 1 1 0 0 1 1 0
 0 0 0 0 1 0 0 0 0 1 0 0 0 0 1 0 0 1 0 1
 0 1 0 1 0 1 1 0 0 0 1 1 1 1 1 0 0 0 0 1
 0 1 1 0 0 0 1 0 0 1 0 1 1 0 1 1 0 1 0 0
 1 1 1 1 1 0 1 0 0 0 1 0 1 1 1 1 1 1 0 0
 0 1 0 1 1 0 0 0 1 1 0 0 1 1 0 1 0 0 1 0
 1 0 0 1 0 1 0 0 0 1 1 0 1 0 0 0 1 0 1 0
 0 1 0 0 0 0 1 1 0 0 0 0 0 1 0 0 0 1 0 1
 1 0 0 1 1 0 0 1 1 1 0 1 0 0 0 0 1 0 0 0
 1 0 1 1 0 0 0 1 1 0 0 0 0 1 0 0 0 0 0 1
 0 0 0 0 1 1 1 1 1 1 0 1 0 1 0 0 1 0 1 0

Warwick 1093: balanced orders, 9 orders per product
20 20
 0 0 0 0 1 1 1 0 1 0 1 0 1 1 0 0 0 0 1 0
 0 0 1 0 0 0 1 0 1 0 1 0 0 0 1 0 1 0 1 0
 1 1 0 1 0 1 1 0 1 0 1 0 1 1 0 0 0 1 1 0
 0 0 0 0 1 1 0 0 0 1 0 1 0 1 1 0 0 1 0 0
 1 1 1 1 0 0 0 0 0 0 0 0 1 0 1 1 1 0 0 1
 0 0 1 1 1 0 0 1 1 0 0 1 0 1 1 0 1 0 1 0
 1 1 0 0 0 0 0 1 1 1 0 1 0 1 0 0 0 0 0 0
 1 1 0 0 1 1 1 0 0 0 0 0 0 0 1 1 0 0 1 1
 0 0 1 1 0 0 0 1 1 0 1 0 1 1 1 1 1 0 0 0
 0 1 0 0 1 1 1 1 0 1 0 0 1 0 0 1 0 0 0 0
 0 1 0 1 1 1 1 1 0 0 0 0 1 0 0 0 0 1 0 1
 0 0 0 1 1 0 0 0 0 0 1 0 0 0 0 1 1 1 0 1
 0 0 1 0 1 1 0 0 1 1 0 1 0 0 1 1 1 1 1 1
 0 0 0 1 0 0 1 1 0 0 1 1 1 0 0 0 1 0 0 1
 1 1 1 0 0 0 0 1 1 1 0 1 0 1 0 0 0 1 1 1
 1 0 1 1 0 0 0 0 0 1 1 1 0 0 1 0 0 1 0 1
 1 0 1 0 0 1 1 1 0 1 0 0 1 1 0 1 1 1 0 0
 0 1 1 1 0 1 1 0 0 1 0 1 1 1 0 1 1 0 0 0
 1 0 0 0 0 0 0 1 0 0 1 0 0 0 0 0 0 0 1 1
 1 1 0 0 1 0 0 0 1 1 1 1 0 0 1 1 0 1 1 0

Warwick 1094: balanced orders, 9 orders per product
20 20
 0 1 1 1 0 1 0 1 0 1 1 1 1 0 0 1 0 1 1 0
 0 1 0 0 1 0 1 1 0 1 0 0 1 1 0 0 1 0 1 1
 1 1 0 0 1 1 1 1 0 1 1 1 0 1 1 0 0 1 0 0
 0 0 1 0 1 1 0 1 0 1 0 0 0 0 0 0 0 1 0 1
 0 0 1 1 0 0 0 0 1 1 0 1 1 0 1 1 1 0 0 1
 1 0 0 1 0 0 1 0 1 0 0 0 0 1 0 1 0 0 1 0
 0 0 0 1 0 0 1 0 0 0 1 0 1 1 1 0 0 0 1 1
 1 0 1 1 0 1 1 0 1 0 1 1 0 0 1 0 1 1 0 0
 1 1 0 1 0 0 0 1 0 0 0 0 1 0 0 1 1 0 1 0
 1 1 0 1 0 0 1 0 1 0 0 1 1 1 0 1 1 1 1 1
 0 1 1 0 1 0 1 0 1 1 1 0 0 1 0 0 0 0 0 1
 0 0 0 0 1 0 0 1 0 0 0 1 0 0 1 1 0 0 0 0
 0 0 0 0 1 1 0 0 0 0 0 0 0 1 0 0 0 0 0 0
 1 0 0 0 1 0 1 1 1 0 0 1 0 0 0 0 0 1 0 0
 0 1 1 0 1 0 0 1 1 0 1 0 0 0 1 0 1 1 1 1
 0 1 0 0 0 1 0 0 0 1 1 0 0 1 1 1 1 0 0 0
 1 0 1 0 0 1 1 1 1 0 0 1 0 0 0 0 0 1 1 0
 0 0 1 1 1 0 0 0 0 1 1 1 1 0 1 1 1 0 0 0
 1 1 0 1 0 1 0 0 1 1 0 0 1 1 0 0 1 0 0 1
 1 0 1 0 0 1 0 0 0 0 1 0 1 0 1 1 0 1 1 1

Warwick 1095: balanced orders, 9 orders per product
20 20
 0 0 0 1 1 0 0 0 0 1 0 0 0 0 1 1 0 1 0 0
 1 1 0 1 1 1 0 0 1 1 1 1 1 1 0 0 1 1 1 1
 0 0 1 1 0 1 0 1 1 0 1 1 0 0 0 1 1 0 0 0
 0 1 0 0 0 0 0 1 0 0 1 1 1 1 0 0 0 0 0 0
 0 1 0 0 0 0 0 1 0 0 0 0 0 0 1 1 0 0 0 1
 1 1 1 0 1 0 0 1 0 1 0 0 0 0 1 0 1 0 0 1
 1 1 1 1 0 1 1 0 0 0 1 0 0 0 1 0 1 0 1 0
 1 1 1 1 0 0 1 0 1 0 0 0 1 0 1 0 0 0 1 0
 0 0 0 0 0 0 0 1 1 1 0 1 0 0 1 0 1 1 1 0
 0 0 1 1 0 0 1 1 1 1 1 1 1 1 0 0 1 0 1 1
 0 1 1 1 1 1 1 0 1 0 1 1 1 0 1 1 0 1 0 1
 0 0 1 1 0 1 1 0 0 1 0 0 1 1 0 1 0 0 1 1
 1 0 0 0 1 0 0 0 0 1 0 0 1 1 0 1 1 1 1 0
 1 1 0 0 0 0 0 0 0 0 0 0 0 0 0 0 0 1 0 0
 0 0 1 0 0 1 0 0 1 0 0 1 0 0 0 0 0 1 0 1
 0 0 0 0 1 1 0 1 1 1 0 1 1 1 0 1 0 1 1 0
 1 1 0 0 0 1 1 1 0 0 1 1 0 1 0 0 1 1 0 1
 1 0 0 0 1 0 1 0 1 1 0 0 1 1 1 0 1 0 0 1
 1 0 1 1 1 1 1 1 0 0 1 0 0 1 1 1 0 0 1 0
 0 0 0 0 1 0 1 0 0 0 1 0 0 0 0 1 0 0 0 0

Warwick 1096: balanced orders, 9 orders per product
20 20
 0 1 1 1 1 1 0 0 1 0 0 0 1 1 0 1 0 1 1 0
 0 0 1 0 0 0 1 0 0 0 0 1 1 1 0 0 0 0 0 0
 0 1 0 0 1 0 1 0 0 0 1 0 1 1 0 1 1 0 0 1
 1 0 0 0 0 0 1 0 1 1 1 1 1 0 1 0 1 1 1 0
 1 1 1 1 0 1 0 0 0 1 0 1 0 1 0 1 0 0 0 1
 1 1 0 1 0 0 0 1 0 0 0 0 1 0 1 1 0 0 0 1
 1 1 0 0 0 1 1 0 1 1 1 1 1 1 0 0 1 0 0 1
 0 0 0 1 1 1 0 0 0 0 0 1 0 0 1 0 0 0 0 0
 0 0 1 0 1 0 0 1 1 1 0 0 0 0 1 1 0 1 1 1
 1 1 0 1 0 1 0 1 0 1 1 0 1 0 0 1 1 0 1 0
 0 1 0 0 1 0 0 1 1 0 0 1 0 0 0 0 1 1 1 0
 1 0 0 0 1 0 0 1 0 0 0 0 1 0 1 0 0 0 0 0
 0 0 1 0 1 1 0 0 0 1 1 1 1 1 0 0 1 1 0 0
 1 0 0 1 1 0 0 0 0 1 1 0 0 0 1 1 1 0 1 1
 0 0 0 0 0 0 1 1 0 0 0 0 0 1 1 1 0 0 1 1
 0 0 0 1 1 1 1 1 1 0 1 0 0 0 1 1 0 1 0 0
 1 0 1 0 0 0 1 1 1 0 0 1 0 1 0 0 0 1 0 0
 0 1 1 1 0 1 1 0 0 1 1 0 0 0 0 0 1 1 0 1
 1 0 1 1 0 1 1 1 1 0 0 0 0 0 0 0 1 0 1 1
 0 1 1 0 0 0 0 0 1 1 1 1 0 1 1 0 0 1 1 0

Warwick 1097: balanced orders, 9 orders per product
20 20
 1 0 1 1 0 0 1 1 1 1 1 0 0 0 0 1 0 0 1 0
 0 1 0 0 1 0 1 1 1 0 1 0 1 0 0 0 1 0 0 1
 0 1 0 0 0 1 1 0 1 0 0 1 0 1 1 0 0 0 0 0
 0 1 1 0 0 1 1 0 1 0 1 0 1 1 0 1 0 1 0 1
 0 1 1 1 0 1 0 0 0 1 1 0 1 1 1 0 1 1 1 0
 0 1 0 0 1 0 0 1 1 1 1 1 0 0 0 1 0 1 1 1
 1 0 0 1 0 0 0 1 0 0 0 0 0 0 0 1 1 0 1 0
 1 0 0 1 0 1 0 0 1 1 0 1 1 1 0 1 0 0 1 0
 0 1 0 1 0 1 1 0 0 0 0 0 0 1 1 1 0 0 1 1
 0 0 1 0 0 1 1 1 0 0 1 1 0 0 1 0 0 1 0 0
 1 0 1 0 0 0 0 0 1 1 0 1 1 1 0 0 1 0 0 1
 1 1 0 1 1 0 1 1 0 0 0 1 0 1 1 0 0 0 1 0
 1 0 1 1 0 0 0 0 1 1 1 1 1 1 0 1 0 1 1 1
 1 0 0 0 1 0 0 1 0 1 0 0 0 0 0 0 0 0 0 0
 0 1 0 1 1 0 1 0 0 0 1 0 0 0 1 1 0 1 1 0
 1 1 1 0 1 1 0 0 1 0 0 0 1 1 1 0 1 1 0 1
 0 0 0 0 1 1 0 0 0 1 1 0 0 0 0 0 1 0 0 1
 1 0 0 0 1 0 1 1 0 0 0 1 1 0 1 1 1 1 0 0
 0 0 1 1 0 1 0 1 0 1 0 1 1 0 0 0 1 1 0 0
 0 0 1 0 1 0 0 0 0 0 0 0 0 0 1 0 1 0 0 1

Warwick 1098: balanced orders, 9 orders per product
20 20
 1 1 0 1 0 0 1 0 0 1 0 1 1 1 0 0 0 1 1 1
 0 1 0 0 0 1 0 1 1 1 0 1 1 0 1 1 0 0 1 1
 0 0 1 1 1 1 1 1 1 0 1 1 0 0 0 0 0 0 1 0
 1 0 0 0 1 1 1 0 0 0 0 1 1 1 1 0 0 1 0 0
 1 1 0 1 0 1 0 1 0 0 0 0 1 1 0 1 0 1 0 0
 0 1 0 1 0 1 1 1 1 0 0 0 0 1 1 0 0 0 0 0
 0 0 0 1 0 0 1 0 0 0 1 0 1 1 1 1 0 1 0 0
 0 0 1 0 1 0 1 0 1 1 1 0 1 0 1 1 1 1 1 0
 0 1 1 0 1 1 0 1 0 1 0 1 0 0 1 0 1 0 0 1
 1 0 0 0 1 0 0 1 1 1 0 1 0 0 0 0 1 0 0 1
 1 0 0 0 1 0 1 1 1 0 0 0 0 0 0 0 1 1 1 0
 0 1 1 1 0 1 0 1 1 0 1 0 0 0 0 1 1 0 1 1
 1 1 1 1 1 0 0 0 0 0 1 0 0 0 0 1 0 1 0 0
 1 0 1 0 1 0 1 1 1 1 1 0 0 1 1 1 0 0 0 0
 0 0 1 1 1 1 0 0 0 0 1 1 0 0 0 1 1 1 1 1
 1 0 1 0 0 1 0 0 0 1 0 0 1 1 1 0 0 0 0 1
 0 1 0 0 0 0 0 0 0 1 0 1 1 1 0 1 0 1 0 0
 1 0 1 1 0 0 0 0 1 1 0 0 1 1 1 0 1 0 1 0
 0 1 0 0 0 0 1 0 0 0 1 0 0 0 0 0 1 0 1 1
 0 0 0 0 0 0 0 0 0 0 1 1 0 0 0 0 1 0 0 1

Warwick 1099: balanced orders, 9 orders per product
20 20
 0 0 0 1 0 1 1 0 1 1 1 0 0 1 0 1 1 0 1 0
 0 1 0 1 1 0 0 0 1 1 0 0 0 0 1 0 0 0 0 0
 1 0 1 0 0 1 1 0 0 1 0 1 0 0 1 1 1 0 1 0
 0 0 1 1 0 0 1 0 0 1 0 1 0 1 0 1 0 0 0 0
 0 1 1 1 0 0 1 0 0 0 1 1 1 0 0 0 1 1 0 1
 1 0 0 0 1 0 0 1 0 1 0 1 0 1 0 1 1 0 1 0
 1 0 1 0 1 0 0 1 1 0 1 1 1 1 0 1 0 1 0 1
 0 1 0 1 1 0 0 0 0 0 0 0 1 0 1 1 0 1 0 0
 0 0 0 1 1 1 1 0 0 1 1 0 0 1 0 0 1 0 1 0
 1 0 1 0 1 0 0 0 0 0 0 0 1 0 0 0 0 1 1 1
 1 1 0 0 0 0 0 1 0 0 1 1 1 0 0 0 0 0 0 0
 0 0 0 1 1 0 0 0 1 0 1 0 0 1 1 0 1 1 0 0
 0 1 1 0 1 1 1 1 0 0 0 0 0 0 1 0 1 1 0 1
 1 1 0 0 0 1 0 1 1 1 0 0 1 1 1 1 0 1 1 1
 1 0 1 0 0 0 1 1 1 0 1 1 1 0 1 0 0 0 1 1
 1 1 0 0 0 1 0 1 1 1 1 1 0 1 1 0 1 1 0 0
 0 0 0 1 0 1 0 1 0 0 0 0 0 0 0 1 0 0 0 1
 1 1 1 0 1 1 1 0 1 0 0 0 1 0 0 0 0 0 1 1
 0 0 0 0 0 0 0 0 1 0 1 1 0 1 1 1 1 1 1 0
 0 1 1 1 0 1 1 1 0 1 0 0 1 0 0 0 0 0 0 1

Warwick 1100: balanced orders, 9 orders per product
20 20
 0 0 1 0 0 1 0 0 1 0 1 0 0 1 1 1 0 0 1 0
 1 0 1 0 0 1 1 0 0 1 0 0 1 1 0 0 0 0 1 0
 1 1 1 1 0 0 0 1 0 1 0 0 1 0 1 1 1 0 0 1
 0 0 0 1 1 1 0 0 1 0 0 0 0 0 0 0 0 0 0 1
 0 1 0 0 1 1 0 0 0 0 1 0 0 0 0 1 1 0 1 1
 1 0 1 1 1 1 1 1 1 1 0 1 0 0 0 0 1 0 0 0
 0 0 1 1 0 0 1 0 0 0 1 0 1 1 0 0 0 1 0 1
 1 1 0 0 0 1 1 1 1 1 1 1 0 1 0 0 1 1 1 0
 0 0 0 0 0 0 0 0 1 1 0 1 1 1 1 1 0 1 0 0
 0 1 0 0 0 0 1 0 0 0 0 0 1 1 1 1 0 1 1 1
 0 0 0 1 1 1 0 0 0 0 0 0 1 1 0 0 1 1 0 1
 1 1 1 0 1 0 1 1 1 0 1 0 0 0 0 0 0 0 1 0
 1 0 1 0 1 0 1 1 1 1 0 0 1 0 1 1 1 0 0 1
 0 0 1 1 1 0 0 1 0 1 0 1 0 0 0 1 1 1 1 0
 1 1 0 1 1 1 0 0 1 0 0 1 0 0 1 0 0 1 1 0
 0 1 0 0 0 0 0 0 1 1 1 1 1 1 0 1 1 0 1 0
 0 1 0 1 0 0 0 0 0 1 0 0 0 0 1 0 0 0 0 0
 1 0 1 0 0 0 1 1 0 0 1 1 0 0 1 1 0 1 0 1
 1 1 0 1 0 0 0 1 0 0 1 1 0 1 0 0 0 0 0 1
 0 0 0 0 1 1 1 1 0 0 1 1 1 0 1 0 1 1 0 0

Warwick 1101: balanced orders, 10 orders per product
20 20
 1 0 1 1 1 1 1 1 1 0 0 1 0 1 1 0 0 1 0 1
 1 0 1 0 1 1 1 0 0 0 1 1 1 0 1 1 1 0 0 1
 0 0 1 1 1 1 0 0 0 1 0 0 0 1 0 1 0 1 1 0
 1 1 0 0 1 1 0 1 1 0 0 1 0 1 0 1 1 0 0 0
 0 0 1 1 0 1 1 0 1 1 1 0 1 1 1 0 0 0 0 1
 1 1 1 0 0 1 0 0 0 1 1 1 1 1 0 0 1 0 1 1
 0 0 0 1 1 0 1 0 0 1 0 0 1 0 0 0 1 1 1 1
 0 1 0 1 0 0 0 1 1 1 1 0 1 1 1 0 1 0 1 1
 0 1 0 0 1 1 0 1 0 1 0 1 1 0 1 0 1 0 0 0
 1 0 1 0 0 1 1 1 1 0 1 1 1 1 0 0 1 1 0 0
 0 0 0 1 1 0 1 0 1 0 0 1 0 0 0 1 0 1 1 0
 1 0 0 1 0 0 0 0 0 1 0 1 0 0 0 0 0 0 1 0
 1 1 1 0 0 0 1 1 1 0 1 1 0 1 1 0 0 0 1 0
 1 1 0 0 0 0 1 1 1 0 0 0 0 0 1 1 0 1 1 1
 0 1 0 1 1 1 0 0 0 0 1 0 0 1 1 1 0 0 0 0
 0 1 0 0 1 0 0 1 0 1 1 1 1 0 0 1 1 1 1 1
 1 1 1 0 0 0 0 1 1 1 1 0 1 0 0 1 1 1 1 0
 0 0 1 0 0 0 0 1 0 1 1 0 1 0 1 1 0 1 0 1
 0 1 1 1 0 0 1 0 1 0 0 0 0 0 1 0 1 1 0 1
 1 0 0 1 1 1 1 0 0 0 0 0 0 1 0 1 0 0 0 0

Warwick 1102: balanced orders, 10 orders per product
20 20
 0 1 1 1 1 0 0 1 0 1 1 0 0 1 0 1 0 0 0 0
 1 0 0 1 0 1 0 1 1 0 1 0 1 0 0 0 0 0 1 1
 1 0 0 1 1 1 1 1 1 1 1 0 0 1 1 1 1 0 0 0
 0 0 1 0 1 1 0 0 0 0 1 0 1 1 0 0 0 0 0 1
 0 1 0 0 0 0 1 1 0 0 0 1 0 1 0 1 1 1 1 0
 1 1 0 1 1 1 0 0 0 1 0 0 0 1 0 1 0 0 1 0
 1 0 1 0 0 0 1 0 0 1 1 1 1 0 1 1 0 1 0 0
 0 0 1 1 1 0 1 0 1 1 1 0 0 1 1 0 0 0 1 0
 1 0 1 0 1 1 1 0 1 0 1 0 1 0 1 1 1 0 0 1
 0 0 1 1 0 1 1 1 1 0 0 1 0 0 0 1 1 1 0 0
 0 1 1 1 1 1 0 1 1 0 0 1 1 1 1 0 1 0 0 1
 1 1 1 0 0 0 0 1 0 1 0 1 1 0 1 1 1 0 1 1
 0 1 1 0 0 0 1 1 0 0 1 0 0 0 0 0 0 1 0 1
 1 1 0 1 1 0 1 1 1 1 0 1 1 0 1 1 1 1 1 0
 1 1 0 0 0 1 1 0 0 1 0 1 1 0 0 0 1 1 1 1
 0 0 0 1 0 1 1 0 0 0 1 1 0 0 1 0 1 1 0 1
 1 0 0 0 0 0 0 1 0 0 0 1 1 0 0 0 1 1 1 0
 0 1 0 0 1 0 0 0 1 0 0 1 0 1 1 1 0 0 1 1
 1 0 1 1 1 0 0 0 1 1 1 0 1 1 0 0 0 1 0 1
 0 1 0 0 0 1 0 0 1 1 0 0 0 1 1 0 0 1 1 0

Warwick 1103: balanced orders, 10 orders per product
20 20
 1 1 0 0 1 1 0 0 0 1 1 1 1 1 0 0 1 1 0 0
 0 0 1 0 0 1 0 1 1 0 1 0 0 0 1 1 0 1 1 0
 1 1 1 1 1 0 1 0 0 1 0 0 1 1 1 1 1 0 0 1
 0 0 1 0 1 0 1 1 1 1 1 1 1 1 1 0 1 0 1 1
 0 1 0 1 1 0 1 1 0 0 0 0 0 0 0 1 0 1 0 0
 0 0 0 0 1 0 0 0 0 0 0 0 1 1 1 1 0 1 1 1
 0 1 0 0 1 1 0 0 0 0 0 0 1 0 1 0 1 1 1 0
 1 1 1 1 1 0 1 1 1 0 0 1 0 0 0 0 1 1 0 1
 1 0 1 0 0 0 0 0 1 1 1 0 0 1 1 1 1 1 1 1
 0 1 1 1 1 1 1 0 1 1 1 1 0 1 1 1 0 0 1 0
 1 0 1 1 0 0 0 1 0 1 0 1 0 0 1 1 1 0 0 0
 1 0 1 0 0 1 1 0 0 0 1 0 0 1 0 1 1 0 1 1
 1 1 0 0 1 0 0 1 1 1 1 0 0 1 0 1 1 0 1 0
 0 1 0 1 0 1 0 0 1 0 0 1 0 0 1 0 0 1 1 1
 0 0 0 1 1 1 1 0 0 1 1 1 1 0 1 0 1 0 0 1
 0 0 1 1 0 1 0 1 1 1 0 1 1 0 0 0 0 0 1 0
 1 0 0 0 0 1 0 0 1 1 0 0 1 1 0 1 0 1 0 1
 1 1 0 1 0 0 1 1 1 0 1 0 0 0 0 0 0 1 0 0
 1 0 1 0 0 1 1 1 0 0 0 1 1 1 0 0 0 0 0 1
 0 1 0 1 0 0 1 1 0 0 1 1 1 0 0 0 0 0 0 0

Warwick 1104: balanced orders, 10 orders per product
20 20
 0 0 0 0 1 1 0 1 0 0 0 1 1 0 1 0 0 1 0 1
 1 0 1 1 1 1 1 0 0 1 0 0 0 1 0 1 0 0 1 1
 0 1 0 1 1 0 1 0 0 0 0 1 0 1 1 0 1 1 0 1
 1 0 0 1 0 0 1 1 0 0 0 1 0 0 1 1 1 1 1 0
 1 1 1 0 0 1 0 0 1 0 0 1 1 0 1 1 1 1 0 0
 1 0 0 1 1 0 1 0 1 0 1 0 0 1 1 0 1 0 1 1
 1 0 1 0 1 1 1 1 0 0 1 0 0 0 0 0 0 0 0 0
 0 0 1 0 1 1 1 1 1 1 0 0 1 1 1 0 1 0 0 1
 1 1 1 0 1 0 0 0 1 1 1 1 0 1 0 1 0 1 0 0
 0 1 0 1 1 1 0 1 1 1 1 1 1 0 0 0 1 0 0 0
 0 1 1 0 1 0 0 1 1 1 0 1 0 0 0 0 0 0 1 1
 0 1 1 1 0 0 0 1 1 0 0 0 1 1 1 0 1 0 1 1
 0 1 0 0 1 1 0 0 1 1 0 0 1 1 0 1 0 0 1 0
 0 1 0 1 0 0 0 1 1 1 0 1 1 0 0 1 0 1 0 0
 1 1 1 1 0 0 1 0 0 0 1 1 0 0 0 1 0 1 1 1
 1 0 1 0 0 0 1 1 0 1 1 1 1 0 1 0 1 0 1 1
 0 1 0 1 0 1 0 0 0 0 1 0 1 1 0 1 0 1 0 0
 1 0 0 0 0 0 0 0 0 1 1 0 0 0 1 0 1 1 1 0
 0 0 0 0 0 1 1 0 0 1 1 0 0 1 1 1 0 1 0 1
 1 0 1 1 0 1 1 1 1 0 1 0 1 1 0 1 1 0 1 0

Warwick 1105: balanced orders, 10 orders per product
20 20
 1 1 0 1 1 0 0 0 0 1 0 0 0 0 0 0 1 0 1 0
 1 1 0 1 0 1 0 0 1 0 0 1 0 1 1 1 1 0 1 0
 0 0 1 0 1 1 0 1 1 0 1 1 1 0 0 1 0 0 1 0
 1 0 1 1 0 0 1 1 0 0 0 1 1 1 0 0 1 0 0 1
 0 1 1 1 1 0 1 0 0 1 1 1 0 1 0 0 0 1 0 1
 1 1 1 0 0 1 1 1 0 1 0 0 1 0 0 0 1 1 0 0
 0 0 1 1 1 0 1 1 1 1 1 1 1 1 1 0 0 0 0 1
 1 1 1 0 0 0 0 1 1 0 1 1 1 0 1 0 0 1 1 1
 1 1 0 0 1 1 1 0 1 1 1 0 0 1 1 1 1 0 1 0
 1 0 1 1 0 0 0 1 0 0 0 1 1 0 0 1 1 1 1 0
 1 0 0 0 0 1 0 0 1 0 0 0 1 0 0 0 1 1 0 1
 1 1 0 1 1 1 0 0 1 0 1 1 0 0 0 1 1 0 1 0
 0 1 0 0 1 1 0 1 0 1 0 0 1 0 1 1 0 1 0 1
 0 0 0 0 0 0 1 0 0 1 1 0 0 1 0 0 0 1 1 0
 0 0 0 0 0 1 0 0 1 0 0 1 0 1 1 0 0 1 1 0
 0 0 0 0 0 0 0 0 1 0 1 0 0 1 0 1 0 0 0 0
 0 0 1 0 1 1 1 1 0 1 1 0 0 1 1 1 0 1 0 1
 0 1 1 1 0 0 1 1 0 0 0 1 0 0 1 1 1 0 0 1
 1 1 0 1 1 1 1 0 1 1 0 0 1 0 1 0 0 0 0 1
 0 0 1 1 1 0 1 1 0 1 1 0 1 1 1 1 1 1 1 1

Warwick 1106: balanced orders, 10 orders per product
20 20
 1 1 0 1 1 1 1 1 0 0 1 0 1 0 1 0 0 0 1 1
 0 1 1 0 1 0 0 1 0 0 1 0 1 1 1 1 0 0 0 0
 0 0 1 0 0 0 0 0 1 1 0 1 0 1 1 1 0 0 1 0
 1 1 1 1 0 0 0 1 1 1 0 0 1 0 0 1 1 1 0 1
 1 0 0 0 0 0 1 1 0 0 1 0 0 0 0 1 1 0 0 0
 1 0 1 0 0 1 0 1 0 0 1 1 0 0 0 0 1 0 0 0
 1 0 0 0 0 0 0 1 0 0 1 0 0 0 1 0 1 1 0 1
 0 1 1 0 1 1 0 0 0 0 0 0 0 0 0 0 0 1 1 1
 0 0 0 0 1 1 1 0 1 1 0 1 1 1 1 1 1 1 1 0
 0 1 0 1 1 0 1 1 1 1 0 1 0 1 1 0 0 0 1 1
 0 1 0 1 0 1 1 1 1 1 0 0 1 0 1 0 0 1 0 0
 0 0 0 1 1 0 0 0 1 0 0 0 0 0 0 1 1 0 1 0
 1 1 1 1 0 0 1 1 1 1 0 1 0 0 0 1 0 0 0 0
 1 0 0 0 0 1 1 1 1 1 1 1 1 1 1 1 0 1 0 1
 0 0 0 0 0 1 1 0 0 1 0 1 0 0 1 0 1 1 1 1
 1 1 1 1 1 0 1 0 0 0 0 1 1 1 0 0 1 1 1 0
 1 1 1 1 1 0 0 0 1 0 1 0 0 1 0 0 0 1 0 1
 1 0 0 0 1 1 1 0 0 0 1 1 1 1 0 1 1 0 1 1
 0 1 1 1 0 1 0 0 1 1 1 1 1 1 1 0 1 1 1 0
 0 0 1 1 1 1 0 0 0 1 1 0 1 1 0 1 0 0 0 1

Warwick 1107: balanced orders, 10 orders per product
20 20
 1 1 0 1 1 0 1 0 0 1 0 1 1 0 1 1 0 1 0 1
 1 1 1 0 0 0 1 0 1 0 0 0 0 0 1 1 1 0 1 1
 1 1 0 1 0 0 0 1 1 1 0 0 1 1 1 1 0 1 0 1
 1 1 1 1 1 1 0 1 0 1 1 0 1 0 0 0 0 1 1 0
 1 1 0 0 1 1 0 0 1 0 1 0 0 1 1 1 1 0 1 0
 1 1 0 0 0 1 1 0 0 1 1 1 0 0 0 0 1 1 0 0
 1 1 1 1 1 1 0 1 1 0 1 0 1 1 1 0 1 0 1 0
 0 0 0 0 0 1 1 0 0 1 0 1 0 0 0 0 0 1 1 0
 0 0 0 1 0 0 1 1 0 0 0 1 0 0 0 0 1 1 1 1
 0 0 1 0 1 0 1 1 1 1 1 1 1 1 0 0 1 1 0 0
 1 0 1 0 1 1 0 1 1 0 1 0 1 1 0 1 1 1 0 1
 0 0 0 1 1 0 0 1 1 1 0 1 0 0 1 1 0 0 1 1
 0 1 1 0 1 0 1 1 1 0 1 1 0 1 1 1 0 0 0 0
 0 0 0 1 0 0 1 0 1 0 0 0 1 0 0 1 1 0 0 0
 0 1 0 0 0 1 0 0 1 1 1 1 0 0 0 0 0 0 0 0
 0 0 0 0 0 1 1 1 0 0 0 1 1 1 1 0 0 0 1 1
 1 1 1 1 1 1 0 1 0 0 0 0 1 0 0 0 1 1 0 1
 1 0 1 1 0 0 0 0 0 1 0 0 1 1 0 1 0 0 0 0
 0 0 1 1 0 0 0 0 0 0 1 1 0 1 1 0 0 0 1 1
 0 0 1 0 1 1 1 0 0 1 1 0 0 1 1 1 1 1 1 1

Warwick 1108: balanced orders, 10 orders per product
20 20
 0 0 1 0 1 0 0 1 1 0 0 1 0 0 0 1 1 0 1 0
 1 0 1 1 1 1 1 1 0 0 1 0 1 1 0 1 0 0 1 0
 1 0 1 0 0 1 1 0 1 0 1 1 0 0 0 1 1 0 0 1
 1 1 0 1 0 0 0 0 0 0 1 1 0 0 1 0 1 0 0 0
 0 1 0 0 0 0 0 1 0 1 1 1 0 1 1 1 1 1 1 0
 0 1 1 0 1 1 1 1 0 1 1 0 1 0 1 0 1 1 0 1
 1 0 1 1 1 0 0 1 1 0 0 0 0 0 0 1 0 1 1 1
 0 0 1 0 0 0 1 0 0 0 1 1 1 1 0 0 0 1 0 0
 0 1 1 1 0 0 0 0 0 1 0 0 0 0 1 1 0 0 0 0
 1 1 0 0 0 1 1 0 1 1 0 0 1 1 0 0 1 1 1 0
 1 0 0 0 0 1 0 0 1 0 1 0 1 1 1 0 0 1 0 1
 0 0 0 1 0 1 1 0 0 1 0 0 1 1 1 0 1 1 0 1
 0 1 1 0 1 0 0 1 1 0 0 1 0 0 1 0 0 1 0 1
 1 0 0 1 1 1 0 0 1 1 1 1 1 1 0 1 0 1 1 1
 0 0 1 1 1 0 1 1 0 1 1 1 1 0 1 0 0 0 1 1
 1 1 0 1 1 1 1 1 0 1 0 0 1 1 1 0 0 0 1 1
 0 0 0 1 1 1 1 0 1 0 0 1 0 1 1 0 0 0 0 0
 0 1 0 0 1 0 0 0 0 0 1 0 1 1 0 1 1 0 1 0
 1 1 0 0 0 0 1 1 1 1 0 0 0 0 0 1 1 1 1 1
 1 1 1 1 0 1 0 1 1 1 0 1 0 0 0 1 1 0 0 0

Warwick 1109: balanced orders, 10 orders per product
20 20
 0 0 0 1 1 0 1 0 1 1 1 1 0 1 0 1 0 0 0 1
 0 0 0 0 1 0 1 1 0 0 0 1 0 1 1 0 1 1 1 1
 1 0 0 1 1 0 0 1 0 1 0 1 0 1 0 0 0 1 0 0
 0 0 0 1 1 1 1 0 1 1 1 0 1 0 0 1 0 1 1 1
 1 1 1 0 0 1 1 1 0 0 1 1 1 0 0 0 1 1 0 0
 0 0 0 1 0 0 1 1 0 1 1 1 0 0 0 0 1 1 0 0
 1 1 0 0 0 1 0 1 0 0 1 0 1 0 1 1 0 0 1 1
 1 0 1 0 1 1 1 0 0 1 0 0 0 0 0 0 0 1 1 1
 1 1 0 0 0 1 0 0 0 1 1 0 1 1 1 1 0 0 0 0
 1 1 1 1 0 1 1 1 0 0 0 0 0 1 0 1 1 0 0 1
 1 1 0 1 1 1 0 1 1 0 0 1 1 0 1 0 0 0 1 0
 0 1 1 1 1 0 0 0 1 0 1 0 1 1 1 1 0 0 0 1
 1 0 1 1 1 0 1 1 0 1 1 1 1 0 0 0 0 1 0 0
 1 1 0 1 0 0 0 1 1 0 0 1 1 0 1 1 1 0 0 0
 0 1 1 1 0 0 0 1 0 0 0 0 0 1 0 0 1 0 0 0
 0 1 1 0 1 0 1 0 1 1 0 1 0 0 0 1 0 0 1 1
 0 0 1 0 0 1 0 0 1 1 1 0 0 0 1 0 1 1 1 0
 1 1 1 0 1 1 1 0 1 0 1 1 0 1 1 1 1 1 1 1
 0 0 1 0 0 0 0 0 1 0 0 0 1 1 1 1 1 1 1 1
 0 0 0 0 0 1 0 0 1 1 0 0 1 1 1 0 1 0 1 0

Warwick 1110: balanced orders, 10 orders per product
20 20
 0 1 1 0 0 0 1 1 1 0 0 1 0 0 1 1 1 0 1 0
 0 1 0 1 0 1 0 1 0 1 1 1 0 1 1 0 1 1 1 0
 1 0 1 1 1 0 1 1 1 1 1 1 1 0 0 0 1 1 1 0
 1 0 1 1 1 1 1 0 0 1 0 0 1 1 1 0 1 0 1 0
 0 0 1 1 0 0 1 0 0 1 0 1 0 1 1 0 0 1 0 1
 0 0 0 0 0 1 0 0 0 1 1 1 1 0 1 0 1 1 0 0
 1 1 1 1 1 0 1 0 1 0 0 1 1 0 1 1 0 0 0 0
 1 1 0 0 0 1 0 1 1 1 0 0 0 1 0 0 0 0 0 0
 1 0 0 1 1 0 0 1 0 0 1 0 0 0 0 1 0 1 0 1
 0 1 1 0 0 0 1 0 0 0 0 0 0 1 1 0 0 0 0 1
 1 0 1 1 1 1 1 0 1 0 0 1 1 0 1 1 1 1 1 1
 1 1 0 1 0 1 0 1 1 1 0 0 1 0 0 1 0 0 1 1
 1 1 0 0 1 1 1 1 0 1 1 1 1 0 1 1 0 0 1 0
 1 0 1 0 1 0 0 1 1 0 1 0 0 1 0 0 1 1 0 1
 0 0 0 0 0 0 0 1 0 0 0 1 0 0 0 0 1 1 0 0
 0 1 1 0 1 1 0 0 0 0 1 0 0 1 0 1 1 0 1 1
 0 0 0 0 1 1 0 0 1 0 1 1 0 0 0 0 0 1 1 1
 0 1 1 0 0 1 1 1 0 1 0 0 1 1 0 1 0 0 0 1
 1 1 0 1 0 0 1 0 1 1 1 0 1 1 1 1 1 0 1 1
 0 0 0 1 1 0 0 0 1 0 1 0 1 1 0 1 0 1 0 0

