Warwick 871: balanced orders, 4 orders per product
20 10
 0 1 0 1 0 1 1 0 1 0
 0 0 0 0 0 0 1 0 0 0
 0 1 1 1 0 0 0 1 0 0
 1 0 0 0 0 0 0 0 0 1
 0 0 0 0 0 1 1 0 0 0
 0 0 0 0 1 0 0 0 0 0
 0 0 1 0 0 0 0 0 0 0
 0 0 0 0 0 1 0 1 1 1
 1 0 0 0 1 0 0 0 0 0
 0 1 0 1 0 0 0 0 1 0
 1 0 0 0 1 0 0 0 0 1
 0 1 0 0 0 0 0 0 0 0
 0 0 0 0 0 0 1 0 0 0
 0 0 0 0 0 0 0 1 0 0
 0 0 0 1 0 0 0 0 0 0
 0 0 1 0 0 0 0 0 0 0
 1 0 0 0 0 0 0 0 0 0
 0 0 1 0 1 1 0 0 0 1
 0 0 0 0 0 0 0 1 0 0
 0 0 0 0 0 0 0 0 1 0

Warwick 872: balanced orders, 4 orders per product
20 10
 1 1 0 1 0 1 0 0 0 0
 0 0 0 1 0 0 1 1 0 0
 0 0 0 0 0 0 1 0 0 0
 0 1 1 0 0 0 0 0 0 0
 0 0 1 0 0 0 0 0 0 0
 0 0 0 0 1 0 0 0 0 0
 1 0 0 0 0 0 0 1 0 0
 0 0 0 0 0 0 0 0 0 1
 0 0 0 1 0 1 0 0 0 0
 0 0 0 0 0 1 1 0 1 0
 0 1 0 0 0 0 0 0 1 1
 1 0 1 0 0 0 0 0 1 0
 0 0 0 0 0 0 1 0 0 0
 0 0 0 1 1 0 0 0 0 0
 0 0 0 0 0 0 0 0 0 1
 0 0 0 0 0 0 0 1 1 0
 0 0 0 0 0 0 0 1 0 1
 0 0 0 0 1 0 0 0 0 0
 0 1 1 0 0 0 0 0 0 0
 1 0 0 0 1 1 0 0 0 0

Warwick 873: balanced orders, 4 orders per product
20 10
 0 0 0 0 0 0 1 0 0 0
 0 1 0 1 0 0 1 0 0 0
 0 0 0 0 0 0 0 0 0 1
 0 0 0 0 0 0 0 1 0 0
 0 0 0 0 0 0 1 0 0 0
 0 0 0 0 0 0 0 1 1 0
 0 0 0 0 0 0 0 0 0 1
 1 1 1 0 1 0 0 0 0 0
 1 0 0 0 0 0 0 0 0 0
 0 0 0 0 0 0 0 0 1 0
 0 0 0 0 0 1 0 1 1 0
 1 0 0 0 0 1 0 0 1 0
 0 1 1 1 0 0 0 0 0 1
 0 0 1 0 1 0 0 0 0 0
 0 0 0 0 1 0 0 0 0 0
 0 0 0 1 0 0 0 0 0 0
 1 0 0 0 0 1 1 0 0 0
 0 1 0 0 0 0 0 1 0 1
 0 0 1 1 0 0 0 0 0 0
 0 0 0 0 1 1 0 0 0 0

Warwick 874: balanced orders, 4 orders per product
20 10
 0 0 0 0 0 0 0 1 0 0
 0 1 0 0 0 0 0 0 0 0
 0 0 1 0 0 0 0 1 0 0
 0 0 0 0 0 0 0 1 0 0
 0 0 0 0 0 1 0 0 1 1
 1 1 1 0 1 0 0 0 0 0
 0 0 0 0 0 0 1 0 0 0
 0 1 1 0 0 0 0 0 1 1
 1 1 0 1 0 0 0 0 1 0
 0 0 0 0 1 0 0 0 0 0
 0 0 0 1 0 1 0 0 0 0
 0 0 0 0 0 0 1 0 0 0
 0 0 0 0 1 0 0 0 0 0
 0 0 0 0 1 0 1 1 0 0
 0 0 0 0 0 1 0 0 0 0
 1 0 1 0 0 0 0 0 0 0
 0 0 0 0 0 0 0 0 0 1
 1 0 0 1 0 1 0 0 0 0
 0 0 0 1 0 0 1 0 1 0
 0 0 0 0 0 0 0 0 0 1

Warwick 875: balanced orders, 4 orders per product
20 10
 0 0 0 0 0 0 0 0 1 1
 0 1 0 1 0 1 0 0 0 1
 0 0 1 0 1 0 0 0 0 1
 0 1 0 0 0 0 0 0 0 0
 0 0 0 0 0 0 0 0 1 0
 1 0 1 0 0 0 0 0 0 0
 0 1 0 0 0 0 0 0 0 0
 0 0 0 0 0 0 0 1 1 0
 1 0 0 0 0 1 1 0 0 0
 0 0 0 0 1 1 0 1 0 0
 0 0 1 1 0 0 0 0 0 0
 1 0 0 0 0 0 0 0 0 0
 0 1 0 0 0 1 1 0 0 0
 0 0 0 0 1 0 0 0 0 1
 0 0 0 1 0 0 1 1 0 0
 0 0 0 1 0 0 0 0 0 0
 0 0 1 0 0 0 1 0 1 0
 0 0 0 0 0 0 0 1 0 0
 0 0 0 0 1 0 0 0 0 0
 1 0 0 0 0 0 0 0 0 0

Warwick 876: balanced orders, 4 orders per product
20 10
 0 1 0 0 0 0 0 0 0 0
 0 1 0 0 0 0 0 1 0 0
 0 0 1 1 0 0 0 1 1 1
 0 0 0 0 1 1 0 0 0 0
 1 0 0 0 0 0 1 0 0 0
 0 0 0 0 0 0 0 1 0 0
 0 0 0 0 0 0 1 0 0 0
 0 0 1 1 0 0 0 0 0 0
 0 0 1 0 0 1 1 0 0 0
 0 0 0 1 0 0 0 0 0 0
 0 1 0 0 0 0 0 0 0 0
 0 1 0 0 0 0 0 0 0 1
 1 0 0 1 0 0 0 0 0 0
 0 0 0 0 1 0 0 0 0 0
 0 0 0 0 0 1 0 0 1 0
 1 0 0 0 1 0 1 0 0 0
 0 0 0 0 0 0 0 1 0 0
 1 0 0 0 0 1 0 0 1 1
 0 0 0 0 1 0 0 0 1 1
 0 0 1 0 0 0 0 0 0 0

Warwick 877: balanced orders, 4 orders per product
20 10
 0 0 0 0 0 0 0 1 0 0
 0 0 0 0 0 0 1 0 0 0
 0 1 1 0 0 0 0 0 1 0
 0 0 1 0 0 1 0 0 0 1
 0 1 0 0 1 0 1 1 0 0
 0 0 0 0 0 0 1 0 0 0
 0 0 0 0 0 1 0 0 0 0
 0 0 1 0 0 0 0 0 1 0
 0 0 0 0 0 0 0 1 0 0
 0 0 0 1 0 0 0 0 1 0
 0 1 0 0 0 0 0 0 0 0
 1 0 0 0 0 0 0 0 0 0
 0 0 0 0 0 1 0 0 0 1
 1 0 0 0 1 0 0 0 0 0
 0 0 1 1 1 0 0 0 0 0
 1 1 0 1 0 0 0 0 0 0
 0 0 0 1 0 1 1 0 0 1
 0 0 0 0 0 0 0 1 0 0
 0 0 0 0 1 0 0 0 0 1
 1 0 0 0 0 0 0 0 1 0

Warwick 878: balanced orders, 4 orders per product
20 10
 1 0 0 0 0 0 1 0 0 0
 0 0 1 0 0 0 0 1 1 0
 0 0 0 1 1 1 0 0 0 0
 0 0 0 0 0 0 1 0 1 0
 0 1 0 1 0 1 0 0 0 1
 0 1 0 0 0 0 0 0 1 0
 0 0 0 0 0 0 1 0 0 0
 0 0 1 0 1 0 0 0 1 0
 0 0 0 0 1 0 0 0 0 0
 0 0 0 0 0 1 0 0 0 0
 0 0 1 1 0 0 0 0 0 0
 1 0 0 0 0 0 0 1 0 0
 0 0 0 1 0 0 0 0 0 0
 1 0 0 0 0 0 0 0 0 1
 0 0 0 0 0 0 0 1 0 0
 0 0 1 0 0 0 0 0 0 0
 0 0 0 0 1 0 1 0 0 1
 0 1 0 0 0 1 0 1 0 1
 0 1 0 0 0 0 0 0 0 0
 1 0 0 0 0 0 0 0 0 0

Warwick 879: balanced orders, 4 orders per product
20 10
 0 0 0 0 0 1 0 0 0 0
 0 0 0 0 0 0 0 1 1 1
 1 0 1 0 0 0 0 0 0 0
 0 0 1 0 1 0 0 0 0 0
 0 0 0 1 0 0 0 0 0 1
 0 0 0 0 0 1 0 1 0 0
 0 0 0 0 1 0 0 0 0 0
 0 1 0 0 0 0 1 0 0 0
 0 0 0 0 0 0 0 1 1 0
 0 0 1 0 0 0 0 0 0 0
 1 0 0 1 0 0 1 0 0 0
 1 1 0 0 0 0 0 0 1 0
 0 0 0 0 0 0 0 1 0 0
 0 0 0 0 0 0 1 0 1 0
 0 0 0 1 0 0 0 0 0 1
 1 0 1 0 1 1 0 0 0 0
 0 1 0 0 0 1 0 0 0 0
 0 0 0 0 0 0 1 0 0 0
 0 1 0 0 0 0 0 0 0 1
 0 0 0 1 1 0 0 0 0 0

Warwick 880: balanced orders, 4 orders per product
20 10
 0 0 1 0 0 0 0 0 0 0
 1 0 0 0 0 0 1 1 0 0
 1 0 0 0 0 0 0 0 1 0
 0 0 0 0 1 0 0 0 0 0
 0 0 1 0 0 1 0 0 0 0
 0 0 1 1 0 0 1 0 0 0
 0 0 0 0 0 1 0 0 0 0
 0 1 0 0 0 0 0 1 0 0
 0 0 0 0 0 1 0 0 0 0
 0 0 1 1 0 0 1 0 0 0
 1 1 0 1 0 0 0 0 1 1
 0 0 0 0 0 0 0 0 1 0
 1 0 0 0 1 1 0 0 0 0
 0 1 0 0 0 0 1 0 0 1
 0 0 0 1 1 0 0 1 0 0
 0 1 0 0 0 0 0 0 0 0
 0 0 0 0 0 0 0 0 0 1
 0 0 0 0 1 0 0 0 0 1
 0 0 0 0 0 0 0 1 0 0
 0 0 0 0 0 0 0 0 1 0

Warwick 881: balanced orders, 5 orders per product
20 10
 1 0 0 0 0 0 0 0 0 0
 0 1 0 0 0 0 0 0 0 0
 0 0 0 0 0 0 1 0 0 0
 0 0 0 1 0 0 1 0 0 0
 0 0 0 0 0 1 0 0 0 1
 0 0 1 0 1 0 0 0 0 0
 0 0 0 0 0 1 0 0 0 1
 0 0 1 0 0 1 0 1 1 0
 0 0 0 0 1 0 0 1 1 1
 0 1 0 1 0 0 1 0 0 0
 0 0 0 1 0 0 0 0 0 0
 0 0 0 0 0 0 1 1 0 0
 1 0 0 0 0 0 0 1 0 0
 0 0 0 0 1 1 0 0 1 0
 1 1 1 0 0 1 1 0 1 0
 1 1 0 0 0 0 0 0 0 1
 0 1 0 0 0 0 0 0 1 0
 1 0 1 1 1 0 0 0 0 0
 0 0 0 0 1 0 0 0 0 1
 0 0 1 1 0 0 0 1 0 0

Warwick 882: balanced orders, 5 orders per product
20 10
 1 0 0 1 1 0 0 0 0 0
 1 0 1 0 0 0 0 1 1 0
 0 1 0 0 0 0 0 0 1 0
 0 0 1 0 0 0 1 1 1 0
 0 0 0 0 1 1 0 0 0 0
 1 0 1 0 0 1 0 0 0 0
 0 0 0 1 0 1 1 0 0 0
 0 0 0 1 1 0 0 0 0 0
 0 0 0 1 0 0 0 1 0 0
 0 1 0 0 0 0 0 0 0 0
 0 1 0 1 0 0 0 0 0 1
 0 0 0 0 0 0 1 0 0 0
 0 0 1 0 0 0 0 0 0 1
 0 1 0 0 0 0 0 0 0 1
 0 0 0 0 0 0 0 1 0 0
 0 0 1 0 0 0 0 0 1 0
 1 1 0 0 0 1 0 1 1 1
 0 0 0 0 1 0 1 0 0 0
 1 0 0 0 0 0 0 0 0 1
 0 0 0 0 1 1 1 0 0 0

Warwick 883: balanced orders, 5 orders per product
20 10
 0 1 1 0 0 0 0 0 0 0
 1 0 0 0 0 0 0 0 0 0
 0 0 1 1 0 0 0 1 0 0
 0 0 0 0 0 0 1 0 0 1
 1 0 1 1 0 0 0 1 0 0
 0 1 0 0 0 1 0 0 0 0
 0 0 0 0 1 0 1 0 0 0
 0 0 1 1 0 0 0 0 1 0
 0 1 0 0 0 1 0 0 0 1
 1 0 0 1 0 0 0 0 1 0
 0 0 0 0 1 0 0 0 0 0
 0 0 0 0 0 1 0 0 0 1
 0 0 0 1 1 1 0 0 1 1
 1 0 0 0 0 1 0 0 0 0
 0 0 0 0 0 0 1 1 0 0
 0 0 0 0 1 0 0 0 0 0
 0 1 0 0 0 0 0 0 1 0
 1 1 1 0 0 0 0 1 0 0
 0 0 0 0 0 0 1 0 0 0
 0 0 0 0 1 0 1 1 1 1

Warwick 884: balanced orders, 5 orders per product
20 10
 1 0 0 0 1 1 0 0 0 1
 0 1 0 0 0 0 0 0 0 0
 0 1 0 0 0 0 1 0 0 0
 1 0 0 0 0 0 0 0 0 0
 1 0 0 0 0 0 0 1 1 0
 0 1 0 1 0 0 0 0 0 0
 0 0 1 0 0 0 0 0 0 0
 0 0 0 0 0 1 0 1 1 1
 0 0 0 0 0 1 1 0 0 0
 0 0 0 0 1 0 0 0 1 0
 0 0 0 1 1 0 1 0 0 0
 1 0 0 0 0 0 1 0 1 1
 0 0 0 0 0 0 0 1 0 0
 0 0 1 1 0 0 0 0 0 0
 1 0 1 1 0 0 0 0 0 0
 0 0 0 0 1 1 0 0 0 0
 0 1 1 0 1 0 0 1 0 1
 0 1 0 0 0 0 1 1 0 0
 0 0 1 1 0 0 0 0 1 1
 0 0 0 0 0 1 0 0 0 0

Warwick 885: balanced orders, 5 orders per product
20 10
 0 1 0 0 0 1 1 0 1 0
 0 0 1 1 0 0 0 0 0 0
 0 1 0 0 1 0 1 0 0 1
 1 0 1 0 0 0 0 0 1 0
 0 0 0 1 0 0 0 1 0 0
 0 0 1 0 0 0 0 0 1 1
 1 0 0 0 0 0 0 0 0 1
 0 0 1 0 0 1 1 0 0 0
 0 1 0 1 1 0 0 0 0 0
 0 0 0 1 0 1 0 1 0 0
 0 0 0 0 0 0 0 0 0 1
 0 1 0 0 0 1 1 0 1 0
 0 1 1 0 0 0 0 1 1 0
 1 0 0 0 0 0 0 1 0 0
 0 0 0 0 0 0 0 1 0 0
 0 0 0 0 0 0 0 0 0 1
 0 0 0 0 0 1 1 0 0 0
 0 0 0 1 1 0 0 0 0 0
 1 0 0 0 1 0 0 0 0 0
 1 0 0 0 1 0 0 0 0 0

Warwick 886: balanced orders, 5 orders per product
20 10
 0 0 0 1 0 0 0 0 0 1
 0 1 0 0 0 1 0 0 0 1
 0 0 0 0 0 0 0 0 1 1
 1 0 0 0 0 0 1 0 0 0
 1 0 0 0 1 0 0 0 0 0
 0 0 0 0 0 0 0 1 1 0
 0 0 1 0 1 0 1 0 0 0
 0 1 0 0 1 1 0 0 0 1
 0 0 0 1 0 0 1 0 0 0
 0 0 0 0 0 1 0 1 1 0
 1 0 0 0 0 0 0 0 0 0
 0 1 1 0 0 0 0 0 0 0
 0 0 0 0 0 1 0 0 0 0
 0 0 0 1 0 0 1 1 0 0
 0 1 1 1 0 0 0 0 1 0
 0 0 1 0 0 0 0 1 0 0
 0 0 0 0 1 0 0 0 0 0
 1 0 0 0 1 0 1 0 0 0
 0 0 0 1 0 0 0 0 0 0
 1 1 1 0 0 1 0 1 1 1

Warwick 887: balanced orders, 5 orders per product
20 10
 0 0 1 0 0 0 0 1 0 0
 1 0 0 1 0 0 1 0 0 0
 1 0 0 1 1 0 0 0 0 0
 0 1 0 0 0 1 0 0 1 0
 0 0 0 1 0 1 0 0 0 1
 0 0 1 0 0 1 1 0 0 1
 0 0 0 0 0 0 0 1 1 0
 1 0 0 0 0 0 0 0 0 0
 0 1 0 0 0 0 0 0 1 0
 0 0 0 0 0 0 0 1 0 0
 0 1 1 0 1 1 0 0 0 0
 0 0 0 0 0 0 0 0 1 0
 0 1 1 0 0 0 0 1 0 1
 0 0 0 0 0 0 1 0 1 0
 0 0 0 0 1 0 0 0 0 0
 1 0 0 0 1 0 1 0 0 0
 0 1 1 1 1 1 0 0 0 1
 0 0 0 0 0 0 1 0 0 0
 0 0 0 1 0 0 0 1 0 0
 1 0 0 0 0 0 0 0 0 1

Warwick 888: balanced orders, 5 orders per product
20 10
 0 1 0 0 0 0 0 0 0 0
 0 0 0 0 0 1 1 1 0 0
 1 0 0 0 1 1 0 1 0 1
 1 0 0 0 0 0 0 0 1 0
 0 1 0 0 0 0 0 1 0 0
 1 0 0 0 0 0 0 0 1 0
 0 0 0 0 0 1 0 1 0 1
 0 0 1 1 0 0 0 0 0 0
 0 1 0 0 1 0 1 1 0 0
 0 1 1 1 0 0 0 0 0 0
 0 0 0 0 0 0 1 0 0 1
 0 0 0 1 0 0 0 0 0 0
 1 1 0 0 0 1 1 0 0 0
 0 0 1 0 0 0 0 0 0 0
 0 0 0 0 0 1 0 0 1 0
 0 0 0 0 1 0 0 0 0 0
 1 0 0 0 1 0 1 0 1 0
 0 0 0 1 1 0 0 0 1 0
 0 0 1 0 0 0 0 0 0 1
 0 0 1 1 0 0 0 0 0 1

Warwick 889: balanced orders, 5 orders per product
20 10
 1 1 0 0 0 0 0 0 0 0
 0 0 0 0 1 0 0 0 1 1
 0 0 0 0 0 1 1 0 0 1
 1 0 1 1 0 1 1 0 0 0
 1 0 0 0 0 1 1 1 0 0
 1 1 0 0 0 0 0 1 1 1
 0 0 0 0 0 1 1 0 0 0
 0 1 0 0 0 0 0 0 0 0
 0 0 0 0 0 0 0 1 0 0
 1 1 0 0 0 0 0 0 0 1
 0 0 0 0 1 0 0 0 0 0
 0 0 0 1 1 0 0 1 0 1
 0 0 0 0 0 0 0 0 1 0
 0 1 1 0 0 0 0 0 0 0
 0 0 0 0 1 0 0 0 0 0
 0 0 0 1 0 0 0 1 1 0
 0 0 1 0 0 0 0 0 0 0
 0 0 1 1 1 1 0 0 0 0
 0 0 1 1 0 0 1 0 0 0
 0 0 0 0 0 0 0 0 1 0

Warwick 890: balanced orders, 5 orders per product
20 10
 0 0 1 0 1 0 0 0 0 0
 0 0 0 0 0 0 0 0 1 0
 1 0 1 0 0 0 0 1 1 0
 0 0 0 0 0 0 0 0 0 1
 0 0 1 0 0 0 0 0 0 0
 0 1 0 1 0 1 1 0 0 0
 1 0 0 0 0 0 1 1 0 0
 0 0 0 1 0 0 0 0 0 0
 0 0 0 0 0 0 0 0 0 1
 0 1 0 1 1 0 1 0 0 1
 0 0 0 0 1 0 0 0 0 0
 0 0 0 0 0 0 0 1 0 0
 0 0 0 0 0 1 0 0 0 1
 0 0 0 1 0 0 0 0 0 0
 0 1 0 0 0 0 0 1 0 0
 0 0 1 1 0 1 0 0 1 0
 1 1 0 0 1 1 0 0 1 0
 1 0 0 0 1 0 1 0 0 0
 0 1 1 0 0 0 0 0 0 1
 1 0 0 0 0 1 1 1 1 0

Warwick 891: balanced orders, 6 orders per product
20 10
 0 0 0 1 0 0 1 0 0 0
 1 0 0 1 1 0 0 0 0 0
 1 0 0 0 0 1 0 0 0 0
 0 0 1 0 0 0 0 1 0 1
 0 0 0 0 1 0 0 1 0 0
 0 1 1 0 1 1 0 1 0 0
 0 0 1 1 0 0 0 0 0 0
 0 0 1 1 1 0 1 1 0 0
 0 0 0 1 1 0 0 0 0 1
 0 1 1 0 0 1 0 0 0 0
 1 0 0 0 0 1 0 0 0 0
 1 1 0 1 1 1 0 0 1 0
 1 1 0 0 0 0 1 1 0 0
 0 0 0 0 0 0 0 0 1 0
 0 0 0 0 0 0 1 0 0 0
 1 0 0 0 0 0 0 0 0 1
 0 1 1 0 0 0 0 0 1 0
 0 0 0 0 0 0 1 0 1 1
 0 0 0 0 0 0 0 0 1 1
 0 1 0 0 0 1 1 1 1 1

Warwick 892: balanced orders, 6 orders per product
20 10
 0 0 1 0 0 0 1 0 0 0
 0 0 1 1 0 0 1 0 0 0
 0 0 0 0 1 0 1 1 0 1
 0 0 0 0 0 1 0 0 0 0
 0 0 0 1 0 1 0 0 0 0
 0 1 0 1 1 0 0 0 0 0
 1 1 0 0 1 0 0 1 1 0
 1 0 0 0 0 0 0 1 0 0
 0 0 0 0 0 1 1 0 1 1
 1 1 0 0 0 0 0 0 0 0
 0 0 0 1 0 0 0 0 1 1
 0 1 0 0 1 0 0 0 0 1
 1 0 0 0 0 1 0 0 0 0
 0 0 1 1 1 0 0 0 0 0
 0 0 1 1 0 0 1 0 1 0
 0 0 0 0 0 0 0 1 1 1
 0 0 0 0 0 0 1 0 1 0
 1 1 0 0 1 0 0 1 0 1
 1 0 1 0 0 1 0 1 0 0
 0 1 1 0 0 1 0 0 0 0

Warwick 893: balanced orders, 6 orders per product
20 10
 1 0 0 1 1 1 1 0 0 1
 0 1 0 1 1 0 0 0 0 0
 0 1 0 0 0 0 1 0 1 0
 0 0 0 0 0 0 0 0 0 1
 1 0 1 1 0 1 0 0 0 1
 0 0 0 0 0 0 1 0 1 0
 1 1 1 0 0 0 0 0 0 0
 0 1 1 0 0 0 0 0 1 0
 1 0 0 0 0 0 0 1 0 0
 1 0 0 0 0 0 0 0 0 1
 0 1 1 0 1 1 1 1 0 0
 0 0 0 0 0 1 0 0 1 0
 0 0 0 1 0 1 0 1 0 0
 0 0 1 1 0 0 0 0 0 0
 1 0 0 1 1 0 1 0 0 1
 0 0 0 0 0 0 0 0 1 0
 0 1 0 0 1 1 0 0 0 1
 0 0 1 0 0 0 0 1 0 0
 0 0 0 0 1 0 1 1 0 0
 0 0 0 0 0 0 0 1 1 0

Warwick 894: balanced orders, 6 orders per product
20 10
 0 0 0 1 0 1 1 1 0 1
 0 0 1 0 0 1 0 0 0 0
 0 0 0 0 1 1 1 0 0 0
 0 1 0 0 0 0 0 1 0 1
 1 0 0 1 0 0 0 0 0 0
 1 0 1 0 0 0 0 1 0 0
 0 0 1 0 1 1 0 0 0 0
 1 0 0 0 0 1 0 0 0 1
 1 0 0 1 0 0 0 0 1 0
 0 1 0 0 0 0 1 1 0 0
 0 1 0 0 0 0 1 1 0 0
 0 0 1 0 0 0 1 0 1 0
 0 0 0 1 0 0 1 0 0 1
 1 1 0 0 0 0 0 1 0 0
 0 0 1 1 0 0 0 0 1 0
 0 0 1 0 0 0 0 0 0 1
 0 1 0 0 1 1 0 0 0 1
 0 0 0 0 1 0 0 0 1 0
 0 1 0 0 1 0 0 0 1 0
 1 0 0 1 1 0 0 0 1 0

Warwick 895: balanced orders, 6 orders per product
20 10
 1 0 0 0 0 1 1 1 1 1
 1 1 0 0 1 0 0 0 0 0
 0 0 1 0 1 0 0 0 0 0
 0 0 0 0 1 0 0 0 0 0
 0 0 1 0 0 0 1 0 0 0
 0 0 0 1 0 0 0 0 0 0
 0 0 0 0 0 0 1 0 1 0
 1 0 1 0 0 0 0 1 0 0
 1 0 0 0 1 0 1 0 1 0
 0 1 1 1 0 0 0 1 0 0
 0 0 1 1 0 1 0 0 0 0
 0 0 0 1 0 0 1 0 0 0
 0 0 0 0 1 0 0 0 0 1
 0 1 0 1 1 1 0 0 0 1
 0 1 0 0 0 0 1 0 1 1
 0 1 0 0 0 1 0 1 1 1
 1 1 1 0 0 0 0 0 0 0
 1 0 0 1 0 0 0 1 1 0
 0 0 0 0 0 1 0 0 0 0
 0 0 0 0 0 1 0 1 0 1

Warwick 896: balanced orders, 6 orders per product
20 10
 0 0 0 0 1 0 1 0 0 0
 0 0 0 0 0 0 0 0 1 0
 0 0 0 0 0 0 1 0 0 1
 0 1 0 0 0 0 0 0 0 1
 0 0 1 0 0 0 0 0 0 0
 0 1 0 0 0 1 0 1 0 0
 0 0 0 0 1 1 0 0 1 0
 1 1 1 0 0 0 1 0 1 0
 0 0 0 0 0 0 0 0 0 1
 0 1 0 1 0 0 0 0 0 0
 0 0 1 1 0 1 0 0 1 1
 1 1 0 1 1 0 0 1 0 0
 0 0 0 0 1 1 0 0 0 0
 0 1 0 1 0 0 1 0 0 1
 1 0 1 0 0 0 1 1 0 0
 0 0 1 0 1 0 0 1 0 0
 1 0 1 0 0 0 0 1 1 0
 1 0 0 1 1 0 0 0 0 0
 1 0 0 1 0 1 0 0 0 0
 0 0 0 0 0 1 1 1 1 1

Warwick 897: balanced orders, 6 orders per product
20 10
 0 1 0 1 0 1 0 0 0 0
 0 0 0 0 1 0 0 1 0 0
 0 1 0 1 0 0 1 0 1 1
 1 1 1 0 0 1 0 0 0 1
 1 0 1 1 0 0 0 0 1 0
 0 0 0 0 1 0 1 0 1 0
 0 0 0 0 0 0 0 0 0 1
 0 1 1 0 0 1 0 1 1 1
 0 0 0 0 1 0 0 0 0 0
 0 0 0 0 0 0 0 0 1 0
 0 0 0 0 0 1 0 1 1 0
 0 0 0 1 0 1 0 1 0 0
 1 0 1 1 1 0 0 0 0 0
 0 0 0 0 0 0 1 1 0 1
 1 0 0 1 0 0 0 0 0 0
 0 0 0 0 1 0 1 0 0 0
 1 0 0 0 0 0 1 1 0 1
 0 0 1 0 0 0 0 0 0 0
 0 1 1 0 1 1 0 0 0 0
 1 1 0 0 0 0 1 0 0 0

Warwick 898: balanced orders, 6 orders per product
20 10
 0 0 0 1 0 0 0 0 0 0
 0 0 0 0 0 0 1 1 0 0
 0 1 0 1 1 0 0 0 0 0
 1 1 0 0 1 0 0 0 0 0
 0 0 0 0 0 0 1 0 0 0
 0 0 0 0 1 0 0 1 0 0
 0 0 1 0 0 0 1 0 0 0
 0 0 0 0 0 1 0 1 0 1
 0 0 0 1 0 1 1 0 0 1
 1 0 1 0 1 1 1 1 0 0
 1 0 1 1 0 1 0 0 1 1
 1 0 1 0 0 0 0 0 1 0
 0 1 0 1 1 0 1 0 0 0
 0 0 1 0 0 1 0 0 0 1
 1 0 0 1 1 0 0 1 1 0
 0 0 0 0 0 0 0 0 1 0
 0 1 1 0 0 0 0 0 0 0
 0 1 0 0 0 0 0 0 0 0
 0 1 0 0 0 0 0 1 1 1
 1 0 0 0 0 1 0 0 1 1

Warwick 899: balanced orders, 6 orders per product
20 10
 1 1 1 0 1 0 0 0 0 1
 0 0 0 1 0 0 1 1 0 0
 0 1 0 0 0 0 0 0 1 0
 0 1 1 1 0 0 0 0 0 0
 1 0 0 0 0 1 1 1 1 0
 0 0 0 0 0 0 1 1 1 0
 1 0 1 0 1 0 0 0 0 0
 0 0 1 1 1 0 0 0 1 1
 0 0 0 0 0 0 0 0 1 0
 1 1 0 0 1 0 1 0 0 0
 0 0 0 1 1 1 0 1 0 0
 0 0 0 0 0 0 1 0 1 0
 0 0 0 0 1 0 0 0 0 1
 0 1 0 0 0 1 0 0 0 0
 0 0 0 0 0 0 0 1 0 1
 1 0 0 0 0 1 0 0 0 0
 1 0 0 0 0 0 1 0 0 0
 0 0 1 1 0 0 0 0 0 1
 0 1 1 1 0 1 0 1 0 0
 0 0 0 0 0 1 0 0 0 1

Warwick 900: balanced orders, 6 orders per product
20 10
 0 1 0 0 0 0 0 0 1 0
 0 0 1 0 0 0 0 0 0 1
 0 0 0 1 0 0 1 0 0 0
 1 0 1 0 0 1 0 1 0 0
 1 0 1 0 1 0 1 1 0 1
 0 0 0 1 0 0 0 1 0 1
 0 0 0 0 1 1 1 0 0 0
 0 1 0 1 1 0 0 0 1 0
 0 0 0 0 1 1 0 0 0 0
 0 0 0 0 0 0 0 1 0 1
 0 0 0 0 0 1 1 0 0 0
 0 1 0 0 0 0 0 0 0 0
 0 0 0 0 0 0 0 0 1 1
 1 0 1 1 0 0 0 0 1 0
 0 1 0 1 0 0 0 1 0 0
 1 1 1 0 0 0 1 0 1 0
 1 0 0 0 1 1 0 0 0 0
 1 1 1 0 1 0 1 0 1 1
 0 0 0 1 0 0 0 0 0 0
 0 0 0 0 0 1 0 1 0 0

Warwick 901: balanced orders, 7 orders per product
20 10
 0 1 0 0 0 0 0 0 0 1
 0 1 1 0 0 1 0 1 0 1
 1 0 0 0 0 1 1 0 1 0
 1 0 1 0 1 0 1 1 0 0
 1 0 1 0 0 0 0 0 0 1
 0 0 1 1 1 0 0 1 0 1
 0 1 0 0 1 0 0 0 0 0
 0 0 0 1 0 0 0 0 1 0
 0 0 0 0 1 0 0 0 0 0
 1 1 1 0 0 0 0 1 1 0
 0 1 0 0 0 1 1 0 0 0
 1 0 1 1 1 1 0 0 1 0
 0 0 0 1 1 0 0 0 0 1
 0 1 0 0 1 0 0 1 0 0
 1 0 0 0 0 1 1 0 0 0
 0 0 0 1 0 1 0 1 1 0
 0 0 1 0 0 0 1 1 0 1
 0 0 0 1 0 0 1 0 0 0
 0 1 0 0 0 0 1 0 1 1
 1 0 0 1 0 1 0 0 1 0

Warwick 902: balanced orders, 7 orders per product
20 10
 0 1 0 1 1 0 0 0 0 1
 1 0 0 1 0 0 1 0 1 0
 0 0 1 1 1 0 0 0 1 0
 1 0 0 0 1 1 0 0 0 0
 0 0 1 0 0 0 1 0 1 0
 0 0 0 0 0 1 0 1 0 0
 1 1 0 1 0 0 0 1 0 0
 1 1 1 1 0 0 0 0 1 1
 1 0 0 0 0 1 1 0 0 0
 0 0 1 1 0 1 0 0 0 0
 1 1 1 0 0 0 1 1 0 0
 0 1 0 0 0 0 0 1 1 1
 0 0 0 0 0 1 1 1 0 0
 0 0 1 0 1 1 1 0 0 1
 0 0 0 0 1 0 0 1 0 1
 0 0 0 0 0 0 0 1 0 0
 0 1 0 0 1 0 0 0 1 1
 0 1 0 0 1 1 0 0 0 0
 0 0 0 0 0 0 1 0 0 1
 1 0 1 1 0 0 0 0 1 0

Warwick 903: balanced orders, 7 orders per product
20 10
 0 1 1 0 1 1 0 0 1 0
 0 0 0 1 1 0 1 1 1 0
 0 1 0 1 1 1 0 0 0 1
 1 0 0 0 0 1 0 0 0 1
 0 0 1 0 0 0 0 1 0 1
 0 0 0 0 0 0 1 0 1 0
 1 0 0 0 0 0 1 1 1 0
 1 1 0 0 0 0 1 0 0 0
 1 0 0 0 1 0 1 1 0 0
 0 0 0 0 0 1 0 0 0 0
 1 0 0 1 0 0 0 0 0 0
 0 1 0 0 0 1 1 0 1 0
 1 0 1 1 0 0 1 0 0 1
 0 0 0 1 1 0 0 1 1 1
 0 0 0 0 0 0 0 0 0 1
 0 1 1 1 0 0 0 1 0 0
 1 1 0 0 0 0 0 1 0 1
 0 0 1 0 1 1 0 0 0 0
 0 1 1 0 1 1 0 0 0 0
 0 0 1 1 0 0 0 0 1 0

Warwick 904: balanced orders, 7 orders per product
20 10
 0 0 0 1 0 1 0 0 0 0
 1 0 0 0 1 0 1 0 1 0
 0 0 1 0 1 0 1 0 0 1
 0 0 0 1 1 0 0 0 1 1
 1 0 0 0 1 1 0 0 1 1
 1 0 1 0 0 1 1 0 0 0
 0 0 1 0 0 0 1 1 1 1
 1 0 0 1 0 0 0 1 0 0
 0 1 1 0 0 0 0 1 0 0
 0 1 1 0 0 1 0 1 0 0
 1 0 0 0 1 0 0 0 1 0
 1 0 0 1 0 0 0 0 0 1
 0 1 0 1 0 0 0 0 1 0
 1 1 0 0 0 0 0 0 0 0
 0 1 0 1 0 1 0 1 0 1
 0 0 0 1 0 0 1 1 0 1
 0 0 0 0 1 0 0 0 0 0
 0 1 1 0 1 0 1 0 1 0
 0 0 1 0 0 1 1 0 0 0
 0 1 0 0 0 1 0 1 0 0

Warwick 905: balanced orders, 7 orders per product
20 10
 0 0 0 0 1 0 0 0 0 0
 0 0 0 1 0 1 1 1 1 0
 0 0 1 1 1 1 1 0 0 0
 1 0 1 1 0 1 0 0 0 0
 0 0 1 0 0 0 0 1 1 0
 1 0 0 0 0 0 0 0 1 1
 0 0 0 0 0 0 1 0 0 1
 0 1 0 0 1 0 1 0 0 0
 1 1 0 0 0 0 0 0 0 0
 0 0 1 1 0 0 1 0 0 1
 1 0 0 1 1 0 0 0 0 1
 0 1 0 0 0 0 0 1 0 0
 1 0 1 1 1 1 0 1 0 0
 1 1 0 1 0 1 0 0 1 1
 0 1 1 0 0 1 0 0 1 1
 1 0 0 0 0 0 0 1 1 0
 0 1 0 0 0 0 0 1 0 0
 0 1 1 0 1 0 1 0 1 0
 0 0 0 0 1 1 1 0 0 0
 0 0 0 0 0 0 0 1 0 1

Warwick 906: balanced orders, 7 orders per product
20 10
 0 0 0 0 0 1 0 0 0 0
 0 0 1 1 0 1 0 0 0 0
 1 1 0 1 0 0 0 1 0 0
 1 0 1 0 0 0 1 0 0 0
 0 1 0 0 1 0 0 0 0 1
 1 0 0 0 1 1 1 1 1 0
 1 0 1 1 0 1 0 1 0 0
 0 1 1 0 1 0 0 0 1 0
 0 0 0 1 0 0 0 1 1 0
 0 1 1 0 0 0 1 0 0 1
 0 1 0 1 0 0 1 0 0 0
 0 1 0 0 1 0 1 0 1 1
 0 1 0 1 0 0 0 1 0 0
 1 0 0 0 0 1 1 1 0 1
 0 0 0 0 0 1 0 0 0 1
 1 0 0 0 0 0 0 0 0 0
 0 0 1 0 1 0 0 0 1 0
 0 0 0 0 0 0 1 0 0 1
 1 0 1 0 1 0 0 0 1 1
 0 0 0 1 1 1 0 1 1 0

Warwick 907: balanced orders, 7 orders per product
20 10
 0 0 1 0 0 0 0 0 0 0
 0 0 0 0 1 0 1 1 0 0
 0 0 0 0 1 0 0 0 0 1
 0 1 0 0 1 0 0 0 1 1
 0 1 0 0 0 1 1 0 0 0
 1 0 0 0 0 0 0 0 0 0
 0 0 1 0 0 0 0 0 1 1
 0 0 0 0 0 1 0 1 0 0
 1 0 0 1 0 0 0 1 1 0
 0 1 1 0 0 0 1 1 1 0
 1 0 1 0 0 1 0 0 1 1
 0 1 1 1 0 1 0 0 0 0
 0 0 0 0 0 1 0 1 0 1
 0 0 0 0 1 1 1 1 0 0
 0 0 0 1 1 1 1 0 0 0
 1 0 1 1 0 0 0 1 0 0
 1 1 1 1 1 0 0 0 1 1
 1 1 0 1 1 0 0 0 0 1
 0 0 0 1 0 0 1 0 1 0
 1 1 0 0 0 0 1 0 0 0

Warwick 908: balanced orders, 7 orders per product
20 10
 1 0 1 0 0 1 0 1 1 0
 0 0 0 0 0 0 0 0 1 0
 1 0 0 1 1 0 0 0 0 0
 0 1 1 1 1 1 1 0 0 1
 0 1 0 0 0 1 1 1 1 1
 0 0 0 0 0 0 0 0 1 1
 1 1 1 0 0 0 1 1 1 0
 0 1 1 1 1 1 1 0 0 1
 0 0 0 0 0 1 0 0 1 0
 1 0 0 1 1 0 0 1 0 0
 0 0 1 0 0 0 0 0 0 1
 0 0 0 0 0 0 0 1 0 0
 1 0 0 0 0 0 1 1 1 0
 1 0 1 0 1 0 1 0 0 0
 0 1 0 1 0 1 0 0 0 1
 0 1 1 0 1 0 0 0 0 0
 0 0 0 1 0 0 0 0 0 1
 0 0 0 0 0 0 1 0 0 0
 0 0 0 1 1 1 0 0 0 0
 1 1 0 0 0 0 0 1 0 0

Warwick 909: balanced orders, 7 orders per product
20 10
 1 1 0 0 1 0 0 1 0 0
 0 0 0 1 0 0 0 0 1 0
 0 1 0 1 1 0 0 0 0 0
 0 1 1 0 0 0 0 1 0 0
 1 0 1 0 0 0 1 0 1 1
 0 1 0 0 0 1 1 0 0 1
 1 0 1 0 0 1 0 1 0 0
 0 0 1 0 0 1 1 1 0 0
 1 0 1 0 0 0 0 0 1 1
 0 0 0 0 1 0 0 1 0 1
 0 0 0 1 0 0 0 1 0 0
 1 0 0 0 0 0 1 0 1 1
 1 0 0 0 1 1 0 0 0 0
 0 0 0 0 0 0 1 0 0 0
 1 0 0 1 0 0 0 0 0 0
 0 1 0 0 0 1 1 0 1 0
 0 1 1 0 1 0 1 1 1 0
 0 0 0 1 1 1 0 0 0 1
 0 1 0 1 0 0 0 0 1 1
 0 0 1 1 1 1 0 0 0 0

Warwick 910: balanced orders, 7 orders per product
20 10
 0 1 1 0 0 0 0 0 0 1
 0 0 1 0 1 0 1 1 0 0
 0 1 1 0 1 0 0 0 1 0
 1 0 1 0 1 1 0 0 1 0
 1 0 0 0 1 1 1 0 0 0
 1 0 0 0 0 1 0 1 0 0
 0 0 0 0 1 1 0 1 0 0
 1 1 0 0 0 0 1 0 0 0
 0 0 0 1 0 0 0 0 0 1
 0 0 0 0 0 0 0 0 0 1
 1 1 0 1 0 0 0 0 1 1
 0 0 0 1 0 1 1 1 0 0
 1 1 0 0 0 0 1 0 1 0
 0 1 0 1 1 0 0 0 0 0
 0 0 0 0 0 0 0 1 1 0
 1 0 1 0 0 0 0 1 0 0
 0 0 0 1 0 0 1 1 0 1
 0 0 1 0 0 0 0 0 0 0
 0 1 0 1 0 1 0 0 1 1
 0 0 1 1 1 1 1 0 1 1

Warwick 911: balanced orders, 8 orders per product
20 10
 0 1 0 0 0 1 1 0 1 0
 0 0 0 0 0 0 0 0 0 1
 1 0 0 0 0 1 0 0 0 0
 0 1 1 0 0 0 1 1 0 0
 1 0 1 0 0 1 1 1 1 0
 0 0 0 0 1 0 0 1 0 0
 0 0 1 0 0 0 0 0 0 1
 1 1 0 0 0 0 1 1 0 1
 0 1 0 0 1 1 0 0 1 1
 0 0 0 1 0 0 0 0 0 0
 0 1 0 1 0 0 1 1 0 0
 1 0 0 1 0 1 0 0 0 1
 0 1 0 1 1 0 0 0 1 0
 1 1 0 0 1 0 0 1 0 0
 1 0 1 1 1 0 1 1 0 1
 1 1 1 1 1 1 1 0 1 0
 0 0 1 1 1 0 1 0 1 1
 1 0 1 0 1 0 0 1 1 0
 0 0 1 1 0 1 0 0 1 0
 0 0 0 0 0 1 0 0 0 1

Warwick 912: balanced orders, 8 orders per product
20 10
 1 0 0 1 1 1 0 0 1 0
 0 1 0 1 0 0 0 1 0 1
 0 0 1 0 0 0 1 0 0 0
 1 1 0 0 0 0 1 0 1 1
 0 1 0 1 0 0 0 0 0 1
 0 0 1 0 0 0 0 0 0 1
 1 0 1 1 0 0 1 0 0 0
 0 0 0 0 0 0 0 1 1 0
 0 0 0 0 1 1 1 0 0 1
 0 0 0 0 1 1 1 0 0 0
 0 0 0 0 0 1 0 0 0 0
 0 0 1 0 0 0 0 1 0 0
 1 0 1 1 1 1 0 1 0 1
 1 0 1 0 1 0 0 0 0 0
 1 1 0 1 1 0 0 0 1 0
 0 1 0 0 1 1 1 1 1 0
 1 1 1 1 1 1 0 1 0 0
 1 0 0 0 0 0 0 1 1 0
 0 1 1 0 0 1 1 1 1 1
 0 1 0 1 0 0 1 0 1 1

Warwick 913: balanced orders, 8 orders per product
20 10
 0 1 0 0 0 1 0 1 1 0
 0 1 0 1 1 0 0 0 0 0
 0 0 1 1 1 0 0 1 0 0
 0 1 1 0 0 1 1 1 1 1
 1 1 1 0 0 1 0 0 0 1
 0 0 0 0 0 1 1 0 0 1
 0 1 0 1 0 0 0 1 0 1
 1 0 0 1 0 0 1 0 1 1
 0 0 1 0 0 1 0 1 0 1
 1 1 0 0 1 0 1 1 0 0
 1 0 1 0 0 0 1 0 1 0
 0 0 1 0 0 1 0 0 0 1
 1 0 0 1 0 1 0 0 0 0
 0 0 0 0 1 0 0 0 1 0
 0 1 0 0 1 0 1 1 1 0
 1 0 1 1 1 0 1 1 1 0
 0 0 1 0 0 0 0 0 0 1
 1 1 0 1 1 0 0 0 0 0
 0 0 0 1 1 0 1 0 0 0
 1 0 0 0 0 1 0 0 1 0

Warwick 914: balanced orders, 8 orders per product
20 10
 1 0 0 0 0 0 0 0 0 1
 1 0 1 0 1 1 1 0 1 1
 1 0 0 0 0 1 1 1 0 1
 1 0 0 0 0 0 0 0 0 1
 0 0 1 0 0 1 0 1 0 0
 0 1 1 1 1 1 0 0 0 1
 1 0 1 0 1 0 0 0 0 0
 0 0 0 0 0 0 1 1 1 0
 1 0 1 1 0 0 0 0 0 0
 0 0 1 0 0 0 1 1 1 0
 1 1 1 1 1 0 0 1 0 0
 0 0 0 0 0 0 1 1 1 0
 0 1 0 1 0 0 0 1 1 1
 0 1 0 1 1 0 1 0 0 0
 0 0 1 0 0 1 0 0 1 0
 1 0 0 1 1 1 1 0 0 0
 0 1 0 1 0 0 0 1 1 1
 0 1 0 0 1 0 0 0 1 0
 0 1 0 0 1 1 0 0 0 0
 0 1 0 1 0 1 1 0 0 1

Warwick 915: balanced orders, 8 orders per product
20 10
 0 1 0 0 0 1 1 0 0 0
 1 1 0 1 1 1 0 0 1 1
 1 0 0 0 0 1 0 1 1 1
 1 1 1 0 0 1 1 0 0 1
 1 0 1 0 0 1 1 1 0 0
 0 1 1 0 0 0 0 0 0 1
 0 0 1 0 1 0 0 0 0 0
 1 0 1 0 0 0 1 1 0 0
 0 0 0 1 1 0 0 1 1 0
 1 0 0 0 0 0 1 1 1 1
 1 0 0 0 0 1 0 1 0 0
 0 0 1 0 0 0 0 0 0 1
 1 1 0 1 0 1 0 0 0 0
 0 1 0 1 1 0 1 0 1 0
 0 0 0 1 1 1 1 0 0 0
 0 0 0 1 0 0 0 1 1 0
 0 1 1 0 1 0 1 0 0 1
 0 0 0 1 0 0 0 0 1 1
 0 1 1 1 1 0 0 0 1 0
 0 0 0 0 1 0 0 1 0 0

Warwick 916: balanced orders, 8 orders per product
20 10
 0 1 1 0 1 0 1 0 1 0
 1 0 0 0 1 1 0 1 1 0
 0 1 0 1 0 0 0 0 0 0
 1 0 1 1 1 1 0 0 0 1
 0 1 0 0 0 1 1 1 0 0
 1 1 0 1 0 0 1 1 1 1
 0 0 1 0 0 1 0 1 0 1
 1 0 1 1 1 1 0 0 0 1
 1 0 0 0 0 0 1 0 1 1
 0 0 0 1 1 1 1 1 1 0
 0 1 1 0 0 0 1 1 0 0
 0 0 0 0 0 1 0 0 0 1
 1 1 1 0 1 0 1 0 1 1
 0 0 0 1 0 0 0 0 0 1
 1 1 0 1 0 0 0 1 0 0
 1 0 0 0 0 0 0 0 0 0
 0 0 0 0 0 1 1 0 0 0
 0 0 0 0 1 0 0 0 0 0
 0 0 1 1 0 0 0 0 1 0
 0 1 1 0 1 0 0 1 1 0

Warwick 917: balanced orders, 8 orders per product
20 10
 0 0 0 0 0 1 0 1 0 0
 1 0 1 0 0 0 1 0 1 1
 0 1 0 0 1 0 1 1 0 1
 0 0 0 1 0 0 0 0 0 1
 0 0 0 1 1 1 1 0 1 0
 1 1 0 0 0 0 0 0 1 0
 0 0 1 0 1 1 0 0 0 0
 0 1 1 0 0 0 0 1 0 0
 0 0 0 1 1 1 1 1 1 0
 0 1 1 1 1 1 0 1 1 0
 0 0 1 0 0 0 1 1 0 0
 1 1 1 0 0 0 0 0 1 0
 1 0 0 0 0 0 0 0 0 0
 0 0 0 0 1 0 1 0 0 1
 1 1 0 1 0 1 0 0 0 1
 0 0 0 1 1 0 0 0 0 0
 1 0 0 0 0 0 1 1 1 1
 0 0 1 0 1 1 0 1 0 0
 1 1 0 1 0 1 0 0 1 1
 1 1 1 1 0 0 1 0 0 1

Warwick 918: balanced orders, 8 orders per product
20 10
 0 0 1 0 1 0 0 0 0 0
 0 0 0 0 0 1 1 0 0 0
 0 1 1 1 1 0 0 1 0 1
 1 0 1 0 1 0 0 0 1 0
 0 0 1 0 0 0 0 0 0 1
 0 0 1 0 0 0 1 0 1 0
 1 1 0 1 0 0 1 0 0 0
 0 1 0 0 1 1 0 1 0 1
 0 1 0 0 0 0 1 0 1 1
 0 0 0 0 0 0 1 1 0 1
 1 0 0 1 0 0 0 1 0 0
 0 1 0 1 0 1 0 0 0 0
 0 0 0 0 0 1 0 1 0 0
 0 1 1 1 0 0 0 0 1 1
 0 0 1 0 1 0 0 0 0 1
 1 0 0 1 1 1 1 1 1 1
 1 0 0 0 0 1 0 1 1 0
 1 0 0 1 0 1 1 0 0 0
 1 1 0 0 1 0 0 0 1 0
 1 1 1 1 1 1 1 1 1 0

Warwick 919: balanced orders, 8 orders per product
20 10
 0 0 0 0 0 1 0 1 0 0
 0 0 0 0 0 0 1 1 0 0
 0 0 0 0 0 0 0 0 1 0
 0 0 0 0 0 1 0 0 0 1
 1 1 1 0 0 1 1 1 1 1
 1 1 1 0 1 0 1 0 0 1
 1 0 0 0 1 0 0 1 0 0
 1 0 1 0 0 0 1 1 0 0
 0 0 0 0 1 0 1 0 0 0
 1 0 0 1 0 0 0 0 1 0
 1 1 1 0 1 0 0 0 1 1
 0 1 0 1 0 1 1 0 1 1
 0 1 1 1 0 0 0 1 1 0
 0 0 1 1 1 0 1 1 1 1
 1 0 0 0 1 1 0 0 0 1
 0 1 0 1 1 1 0 0 1 0
 0 1 1 0 0 0 0 0 0 1
 0 1 1 1 1 1 1 1 0 0
 0 0 0 1 0 0 0 0 0 0
 1 0 0 1 0 1 0 0 0 0

Warwick 920: balanced orders, 8 orders per product
20 10
 1 0 1 0 1 1 1 0 0 1
 0 0 1 1 0 1 1 0 1 0
 1 0 0 1 0 0 0 0 1 1
 1 0 0 0 1 1 0 0 0 1
 0 0 0 1 1 1 0 1 0 0
 0 1 0 0 0 1 1 1 0 0
 0 1 1 0 1 0 1 0 1 0
 0 1 1 1 0 1 0 1 0 0
 0 1 0 0 0 1 1 1 1 1
 0 0 0 0 1 0 0 1 0 1
 0 1 0 1 0 1 0 0 1 1
 0 0 0 0 1 0 0 1 1 0
 1 0 0 0 1 0 1 1 0 1
 1 1 1 1 0 0 1 0 0 0
 1 0 1 0 0 0 0 0 0 0
 0 1 0 1 0 0 0 0 0 0
 0 1 0 0 1 0 0 1 0 0
 0 0 1 0 0 0 1 0 1 0
 1 0 1 1 0 0 0 0 1 1
 1 0 0 0 0 0 0 0 0 0

Warwick 921: balanced orders, 9 orders per product
20 10
 0 1 0 0 0 0 1 0 0 0
 0 0 1 1 1 1 0 0 1 1
 0 1 1 1 1 0 1 1 0 1
 0 0 0 1 0 0 1 0 1 0
 0 1 0 1 0 1 1 1 0 1
 1 0 0 0 0 0 1 0 1 0
 0 1 1 0 0 0 1 0 0 1
 1 0 0 0 1 1 0 0 0 0
 1 0 1 1 1 0 0 1 0 0
 0 0 1 0 1 0 0 0 0 0
 1 1 0 0 1 1 0 0 1 1
 0 0 1 0 0 0 1 0 1 1
 1 1 0 0 0 1 0 1 0 0
 1 1 1 1 0 1 0 1 0 0
 0 1 0 1 0 1 0 0 1 0
 0 0 1 1 1 0 0 0 1 0
 0 1 0 0 1 1 1 1 1 1
 1 0 1 1 0 0 1 1 0 0
 1 0 0 0 1 1 0 1 1 1
 1 0 0 0 0 0 0 1 0 1

Warwick 922: balanced orders, 9 orders per product
20 10
 0 1 1 0 0 1 0 0 1 0
 1 0 1 0 1 1 0 0 0 1
 0 0 1 1 0 0 0 0 1 0
 1 1 1 1 1 0 0 1 0 1
 0 1 0 0 1 1 1 0 1 1
 1 0 0 0 0 0 0 0 0 0
 0 0 0 1 0 1 1 1 0 0
 0 0 0 0 0 1 0 1 0 0
 1 0 0 0 0 0 0 1 1 1
 0 1 0 0 1 1 1 0 1 1
 1 0 0 1 1 0 0 0 0 1
 0 1 1 1 0 0 0 1 1 0
 1 1 1 0 0 1 1 0 1 0
 1 1 0 1 0 0 1 0 0 1
 0 0 1 1 0 0 1 0 0 1
 0 1 1 0 1 0 0 1 1 1
 1 1 0 0 1 0 1 1 0 0
 1 0 0 1 1 1 1 0 0 0
 0 0 0 1 1 0 0 1 1 0
 0 0 1 0 0 1 1 1 0 0

Warwick 923: balanced orders, 9 orders per product
20 10
 1 1 0 0 1 0 0 0 1 0
 0 1 1 1 1 1 0 0 1 1
 0 1 0 1 1 0 0 0 0 1
 0 1 1 0 0 0 0 1 0 0
 1 1 0 0 0 0 1 0 0 0
 1 0 1 0 1 1 0 0 0 1
 0 0 0 0 0 1 1 1 0 1
 0 0 1 1 0 1 0 1 0 0
 1 0 0 0 1 0 1 0 1 1
 1 1 0 0 0 1 1 1 0 1
 0 0 1 1 1 0 0 0 1 0
 0 0 0 0 1 1 0 1 1 0
 1 0 0 1 0 0 1 0 1 1
 1 1 1 1 1 0 1 0 1 0
 0 1 1 0 0 1 1 1 0 0
 0 1 0 0 0 1 0 1 1 0
 0 0 1 0 1 0 0 1 0 0
 1 0 0 1 0 1 0 1 0 1
 1 0 0 1 0 0 1 0 1 0
 0 0 1 1 0 0 1 0 0 1

Warwick 924: balanced orders, 9 orders per product
20 10
 0 1 1 1 1 1 0 0 1 0
 1 0 1 1 1 0 1 0 1 0
 1 0 0 0 1 0 0 0 0 0
 1 0 1 0 0 0 1 0 1 1
 0 0 0 0 0 0 1 1 0 0
 0 1 1 1 1 0 1 0 0 1
 1 0 1 1 0 1 0 1 0 1
 1 1 1 0 0 1 0 0 1 0
 0 1 0 1 0 1 1 0 1 1
 0 0 0 0 1 1 1 1 0 0
 1 1 1 0 1 0 0 1 1 1
 0 0 0 0 0 0 0 0 1 1
 0 0 1 1 0 0 0 0 0 0
 1 0 0 0 1 0 0 1 1 0
 1 0 0 1 0 0 1 1 0 1
 0 1 1 0 0 1 0 1 0 1
 0 0 0 0 1 0 0 0 0 1
 0 1 0 0 0 1 1 1 0 0
 1 1 0 1 1 1 0 1 0 0
 0 1 0 1 0 1 1 0 1 0

Warwick 925: balanced orders, 9 orders per product
20 10
 1 0 1 1 0 0 1 0 1 1
 1 0 0 1 0 1 0 0 1 1
 0 1 0 1 1 0 0 1 0 0
 1 0 0 0 0 1 1 0 0 0
 0 0 0 0 0 0 1 0 1 0
 1 1 1 0 0 1 0 0 1 1
 1 0 1 0 0 1 0 1 0 1
 0 1 0 1 1 0 1 1 1 0
 0 1 0 1 1 1 0 1 1 1
 0 0 0 0 0 0 1 0 1 0
 1 0 0 1 0 1 0 0 1 0
 0 1 0 1 1 0 1 1 0 0
 0 0 1 0 1 0 1 1 0 1
 0 1 1 1 1 0 0 1 0 1
 0 1 1 1 0 0 0 0 1 1
 0 1 0 0 1 1 0 0 0 1
 0 0 1 0 1 0 1 1 0 0
 1 0 1 0 0 1 0 1 0 0
 1 0 0 0 0 1 0 0 0 0
 1 1 1 0 1 0 1 0 0 0

Warwick 926: balanced orders, 9 orders per product
20 10
 1 0 0 0 1 0 0 0 1 1
 0 0 0 1 0 0 1 0 0 0
 1 1 1 0 1 0 1 1 0 0
 1 0 1 1 1 1 1 0 0 0
 0 1 0 0 1 1 0 1 0 1
 0 1 1 0 1 1 0 0 1 0
 0 1 0 1 1 0 1 1 1 0
 0 0 1 1 0 0 1 0 0 1
 1 1 1 0 0 0 1 1 1 0
 1 0 1 0 0 0 1 1 0 1
 0 1 0 1 0 1 0 0 0 0
 0 1 1 1 1 1 0 0 0 1
 1 1 0 0 0 1 0 0 0 0
 1 0 0 0 0 1 1 0 1 1
 0 1 0 1 0 1 0 1 1 0
 0 0 0 0 0 0 0 1 0 0
 1 0 1 0 0 0 0 0 0 1
 0 0 1 1 0 0 0 1 1 1
 1 0 0 0 1 1 0 1 1 1
 0 0 0 1 1 0 1 0 1 0

Warwick 927: balanced orders, 9 orders per product
20 10
 1 0 0 0 1 0 0 1 1 1
 1 0 0 1 0 0 0 0 1 0
 1 1 1 0 1 0 0 0 0 1
 0 0 0 0 0 1 0 0 1 1
 1 0 0 0 0 1 1 0 1 0
 1 1 0 0 0 0 0 1 1 1
 1 0 0 0 1 0 1 0 0 0
 1 1 1 0 1 1 0 1 1 1
 0 1 1 1 1 0 1 1 1 0
 0 1 1 1 0 0 1 1 0 1
 1 0 1 1 0 1 1 1 0 1
 0 0 0 1 1 0 0 0 0 0
 1 1 0 0 0 0 0 0 1 1
 0 0 0 1 0 1 1 1 0 0
 0 1 0 1 1 1 0 0 0 0
 0 0 1 1 0 1 1 1 0 1
 0 0 0 0 1 1 0 0 0 0
 0 1 1 0 1 0 1 1 0 0
 0 0 1 0 0 0 1 0 1 0
 0 1 1 1 0 1 0 0 0 0

Warwick 928: balanced orders, 9 orders per product
20 10
 1 0 1 1 1 0 1 1 1 0
 0 1 0 1 1 1 1 1 1 0
 0 1 1 0 1 1 0 0 1 0
 1 0 0 0 0 0 0 0 1 0
 0 0 0 0 0 1 1 0 0 0
 1 1 0 0 0 0 0 1 1 1
 1 1 0 1 0 1 0 0 0 1
 1 1 0 0 1 1 0 0 0 1
 1 1 0 1 0 0 1 1 1 1
 1 0 1 1 1 1 0 0 1 0
 0 1 1 0 1 1 0 0 0 1
 0 0 1 0 0 0 1 0 0 1
 0 1 0 0 0 1 1 1 0 0
 0 1 1 0 1 0 0 0 0 1
 0 0 1 1 1 0 0 0 1 1
 1 0 0 1 0 0 1 1 0 0
 1 0 0 0 0 0 1 1 1 0
 0 0 1 1 0 0 1 1 0 0
 0 0 0 1 0 1 0 1 0 1
 0 0 1 0 1 0 0 0 0 0

Warwick 929: balanced orders, 9 orders per product
20 10
 0 1 0 0 0 0 0 1 0 0
 1 1 1 1 1 0 0 1 1 1
 1 0 1 0 1 0 1 0 1 0
 1 0 0 1 1 0 1 1 1 0
 0 0 1 1 0 0 1 1 1 1
 0 1 0 0 0 0 1 0 0 0
 0 1 0 0 0 1 1 0 0 0
 1 1 1 0 0 1 0 1 1 0
 1 0 0 0 1 0 0 0 0 1
 1 0 1 0 1 0 1 1 0 0
 0 0 0 0 0 1 1 0 0 1
 0 0 0 0 0 1 1 1 0 0
 1 0 0 0 0 0 0 0 0 0
 1 0 1 1 1 1 1 0 0 1
 0 1 0 1 1 0 0 0 1 1
 0 1 1 1 1 0 0 0 0 1
 0 1 0 1 0 1 0 1 1 1
 0 0 1 1 1 1 0 1 0 1
 1 0 1 0 0 1 0 0 1 0
 0 1 0 1 0 1 0 0 1 0

Warwick 930: balanced orders, 9 orders per product
20 10
 0 0 1 1 0 0 0 0 0 1
 0 1 0 0 1 0 1 0 0 0
 0 1 1 0 1 0 1 1 0 0
 0 0 1 0 0 0 1 0 1 1
 1 0 0 0 0 1 0 1 1 1
 0 1 0 1 1 1 1 0 0 0
 0 0 0 1 1 0 1 1 0 1
 0 0 0 1 0 0 0 0 0 1
 1 0 1 1 0 1 0 0 1 1
 0 0 0 0 1 0 0 1 0 0
 1 0 1 1 1 1 0 1 0 0
 1 1 1 1 0 1 1 1 0 0
 1 0 0 1 0 1 0 1 1 0
 1 1 0 0 0 0 1 0 1 1
 0 0 0 0 0 1 0 0 1 0
 1 1 1 0 1 0 0 1 1 0
 1 0 0 0 0 0 0 0 0 0
 0 1 0 1 1 1 0 0 0 1
 0 1 1 0 0 0 1 0 1 1
 1 1 1 0 1 1 1 1 1 0

Warwick 931: balanced orders, 10 orders per product
20 10
 0 0 1 0 0 1 0 1 0 0
 0 0 1 0 0 1 1 0 1 0
 0 1 1 0 1 0 1 0 0 0
 1 1 0 1 0 1 1 1 0 1
 0 0 0 0 1 1 0 0 1 0
 1 0 1 1 1 0 0 1 1 0
 0 0 0 0 1 0 1 1 1 1
 0 1 1 1 1 0 1 0 0 0
 0 1 0 0 1 0 1 0 0 1
 0 0 1 0 0 0 0 1 0 0
 1 1 0 1 0 0 0 1 0 0
 0 1 1 1 0 0 0 1 1 1
 1 0 0 0 0 1 1 0 1 0
 0 1 0 1 1 0 0 0 1 1
 1 1 1 1 1 1 0 0 1 1
 1 0 1 0 0 1 1 1 0 1
 1 1 1 1 1 1 1 0 0 0
 1 0 0 0 0 0 0 0 1 1
 1 0 0 1 0 1 0 1 0 1
 1 1 0 1 1 1 1 1 1 1

Warwick 932: balanced orders, 10 orders per product
20 10
 1 0 0 1 0 1 0 0 0 1
 0 0 0 0 1 1 0 1 1 0
 0 0 1 1 1 1 1 1 1 0
 0 0 1 1 0 1 1 1 0 1
 1 1 1 1 1 1 1 1 0 0
 0 1 0 0 0 1 0 0 1 0
 0 1 0 0 1 1 1 0 0 0
 0 0 0 1 0 0 1 0 0 0
 1 1 0 1 1 0 0 1 0 1
 1 1 1 1 1 1 1 1 1 1
 0 1 1 1 0 0 1 0 0 1
 1 0 0 0 0 0 0 0 1 1
 1 1 1 0 0 1 0 0 0 0
 1 0 1 0 0 0 0 0 0 1
 1 1 0 0 0 0 0 1 1 1
 0 0 1 1 0 0 0 1 1 0
 1 0 1 0 1 0 0 1 1 1
 0 0 0 0 1 0 1 0 1 0
 1 1 1 0 1 1 1 0 1 1
 0 1 0 1 1 0 1 1 0 0

Warwick 933: balanced orders, 10 orders per product
20 10
 1 1 0 0 1 1 1 0 1 0
 0 1 0 1 0 0 1 0 1 0
 0 0 1 1 1 0 0 0 0 0
 0 1 1 0 0 1 1 0 1 0
 1 0 1 1 0 0 1 1 1 0
 1 0 1 0 0 0 0 1 0 0
 0 0 1 0 1 0 0 0 0 0
 1 0 0 0 0 1 1 1 1 1
 1 1 0 0 1 1 1 1 0 1
 0 1 0 1 0 0 0 1 0 1
 1 0 0 1 0 0 0 1 0 1
 0 0 1 0 1 1 0 0 1 1
 0 0 0 1 1 1 1 1 1 1
 0 1 1 1 1 0 1 0 0 1
 1 1 1 1 0 1 0 0 0 1
 1 1 1 0 1 1 1 1 1 1
 1 1 0 1 1 1 0 0 0 1
 0 1 0 0 0 1 0 0 1 0
 1 0 0 0 1 0 1 1 0 0
 0 0 1 1 0 0 0 1 1 0

Warwick 934: balanced orders, 10 orders per product
20 10
 0 0 1 0 1 0 1 1 0 0
 0 0 0 1 0 1 1 1 1 1
 1 0 0 0 0 1 1 0 1 0
 0 1 1 1 0 0 0 1 0 1
 1 1 1 0 0 1 0 0 0 1
 0 1 0 1 0 0 1 1 0 1
 0 0 1 0 1 1 0 1 1 1
 1 1 0 1 0 1 1 0 1 0
 1 0 0 0 1 0 0 0 0 0
 1 1 1 1 0 1 1 0 1 0
 0 1 1 1 0 0 0 1 1 1
 1 0 1 0 1 0 0 0 0 0
 1 1 1 1 1 1 1 1 0 0
 0 0 0 0 1 1 1 1 0 1
 0 0 0 1 1 0 1 0 1 0
 0 1 1 1 1 0 0 0 1 1
 1 1 0 0 0 1 0 0 0 0
 0 1 1 0 0 0 0 0 1 1
 1 0 0 0 1 0 0 1 1 0
 1 0 0 1 1 1 1 1 0 1

Warwick 935: balanced orders, 10 orders per product
20 10
 1 1 1 1 1 1 0 0 1 1
 0 0 1 0 1 0 1 0 0 1
 1 0 1 1 0 0 0 0 0 0
 0 0 1 0 0 1 1 1 1 0
 1 0 0 1 1 0 1 1 1 1
 1 0 1 0 1 0 1 0 1 1
 1 1 1 0 0 1 1 1 0 1
 1 0 0 0 1 1 1 1 1 1
 0 1 0 1 0 1 0 0 1 1
 1 0 0 0 0 0 1 1 0 0
 1 1 1 0 0 1 0 1 0 0
 1 1 0 1 1 0 1 0 1 0
 0 1 1 1 0 0 0 0 0 1
 0 1 0 1 1 0 0 0 1 0
 0 1 1 0 1 1 1 1 1 0
 0 0 1 0 0 1 0 1 0 0
 0 0 0 1 1 0 0 1 0 1
 0 0 0 1 0 1 0 1 0 0
 0 1 0 1 0 1 0 0 1 0
 1 1 0 0 1 0 1 0 0 1

Warwick 936: balanced orders, 10 orders per product
20 10
 1 1 0 0 0 1 1 1 1 1
 1 0 1 1 0 0 1 1 0 1
 1 1 1 0 1 0 0 0 0 0
 0 1 0 0 1 0 0 0 1 0
 0 0 1 0 0 1 0 0 0 0
 0 1 0 1 0 1 0 0 0 1
 0 0 0 1 1 1 1 0 0 0
 1 0 1 0 1 0 1 1 0 1
 1 0 1 0 0 1 0 0 1 0
 1 1 0 1 1 0 1 1 1 1
 1 1 1 0 0 0 0 1 0 1
 0 0 1 1 1 1 0 0 0 0
 1 0 0 0 0 1 1 1 1 1
 0 1 0 0 1 0 0 1 1 0
 1 0 1 1 0 1 0 1 1 1
 0 0 1 1 1 0 1 1 0 0
 0 1 0 1 0 0 1 1 1 0
 1 0 0 1 0 0 0 0 1 1
 0 1 1 0 1 1 1 0 0 0
 0 1 0 1 1 1 1 0 1 1

Warwick 937: balanced orders, 10 orders per product
20 10
 1 1 0 1 0 0 1 0 1 0
 1 0 0 0 1 0 0 1 0 1
 1 1 1 1 0 1 1 0 1 1
 1 1 1 1 1 0 0 1 0 0
 0 0 0 1 0 1 0 1 1 0
 0 1 1 0 0 1 0 0 1 0
 1 0 1 0 1 1 1 1 1 1
 1 1 1 0 0 1 0 1 0 0
 0 0 0 0 0 0 0 0 0 1
 1 1 0 1 1 1 0 0 0 1
 1 0 1 1 1 1 1 1 0 0
 1 0 0 0 0 0 0 0 1 0
 0 0 1 1 1 0 1 1 0 1
 0 0 0 0 0 1 1 1 0 1
 0 0 1 1 1 0 1 1 0 1
 1 1 0 0 0 0 0 0 1 1
 0 1 1 0 1 1 0 1 1 0
 0 0 0 1 1 0 1 0 1 0
 0 1 1 1 0 1 1 0 0 0
 0 1 0 0 1 0 1 0 1 1

Warwick 938: balanced orders, 10 orders per product
20 10
 0 0 1 0 1 0 1 1 0 1
 0 0 0 1 1 1 1 0 0 0
 1 1 1 0 0 0 1 0 0 1
 0 1 0 1 1 1 0 0 1 1
 1 0 0 1 0 1 0 0 0 1
 1 1 0 1 1 0 1 0 0 1
 1 1 0 0 1 0 0 0 0 1
 0 1 1 0 0 1 1 0 0 0
 1 0 1 1 0 0 0 1 1 0
 1 1 0 0 0 1 0 1 1 0
 0 1 1 1 1 1 1 0 1 0
 1 0 1 0 0 0 0 1 1 1
 1 0 1 0 0 1 0 1 1 1
 1 0 1 1 0 0 1 0 0 0
 0 0 1 1 0 1 1 1 1 0
 1 1 0 0 1 1 1 1 1 0
 0 1 0 1 1 1 0 0 1 0
 0 0 0 0 1 0 1 1 0 1
 0 1 1 1 0 0 0 1 0 1
 0 0 0 0 1 0 0 1 1 0

Warwick 939: balanced orders, 10 orders per product
20 10
 0 1 1 0 1 1 1 1 0 0
 0 1 0 1 0 1 1 1 1 1
 0 1 1 0 0 1 0 1 0 0
 1 0 0 0 1 0 0 0 0 1
 1 0 0 1 0 0 0 0 1 1
 1 0 1 1 1 0 0 1 1 0
 1 1 1 0 0 0 0 0 0 1
 0 0 1 0 1 1 1 0 1 0
 1 0 0 0 0 0 1 1 1 1
 1 1 1 1 1 0 1 1 0 0
 0 1 0 1 0 0 1 1 0 1
 0 0 0 1 1 0 0 0 0 1
 1 0 1 1 0 1 0 0 0 1
 0 1 0 0 1 1 1 0 1 1
 0 0 1 0 1 1 1 1 0 0
 1 1 1 1 0 1 1 0 1 1
 1 1 0 0 1 1 1 1 0 0
 0 1 0 0 0 0 0 1 1 0
 1 0 0 1 1 0 0 0 1 0
 0 0 1 1 0 1 0 0 1 0

Warwick 940: balanced orders, 10 orders per product
20 10
 1 1 1 0 0 0 1 1 0 1
 1 1 0 1 1 0 0 1 1 0
 1 1 1 1 0 0 0 0 0 1
 0 1 0 1 0 0 1 1 0 1
 0 1 0 1 0 0 0 0 1 0
 0 1 1 1 1 0 1 0 1 1
 1 1 0 1 1 1 1 1 1 1
 0 0 1 0 1 1 0 1 1 0
 1 0 1 0 1 1 1 0 0 0
 1 0 0 1 0 1 0 1 0 0
 0 1 0 0 0 1 1 1 1 1
 0 0 1 0 1 0 1 0 1 0
 0 1 1 1 1 0 0 1 0 0
 0 0 1 0 0 1 1 0 0 0
 1 0 0 0 1 1 0 1 0 1
 0 0 0 0 0 1 0 0 1 1
 0 0 0 1 0 0 0 1 1 0
 1 0 1 0 1 1 0 0 0 1
 1 1 0 1 1 1 1 0 0 1
 1 0 1 0 0 0 1 0 1 0

