Warwick 121: balanced orders, 2 orders per product
10 20
 0 1 0 0 0 0 0 0 0 1 0 0 0 1 0 0 0 0 0 1
 1 0 0 0 0 0 0 0 1 0 1 0 0 0 1 0 0 0 0 0
 0 0 0 0 0 0 0 0 0 0 0 0 1 1 1 0 0 0 1 0
 0 0 0 0 1 0 0 1 0 0 0 0 0 0 0 0 0 0 0 1
 0 0 0 0 0 0 0 0 0 0 0 0 0 0 0 0 1 0 0 0
 0 0 0 1 1 1 0 0 0 1 0 0 0 0 0 0 0 0 0 0
 1 0 0 0 0 1 0 0 0 0 0 1 0 0 0 1 0 0 0 0
 0 0 1 0 0 0 1 0 0 0 0 0 0 0 0 0 1 1 0 0
 0 1 0 1 0 0 1 1 1 0 0 1 0 0 0 0 0 1 1 0
 0 0 1 0 0 0 0 0 0 0 1 0 1 0 0 1 0 0 0 0

Warwick 122: balanced orders, 2 orders per product
10 20
 1 0 0 0 0 0 0 0 0 0 0 0 0 0 0 0 0 0 0 0
 0 1 1 0 0 0 0 0 1 1 0 0 0 1 1 1 0 0 0 0
 0 1 0 0 0 0 1 0 1 0 0 0 0 1 0 0 0 0 0 1
 0 0 1 0 0 0 0 1 0 1 1 0 1 0 0 0 0 0 0 0
 0 0 0 1 0 0 1 0 0 0 0 0 0 0 0 0 0 0 0 0
 0 0 0 0 0 0 0 0 0 0 0 0 0 0 0 1 0 1 0 1
 1 0 0 0 0 1 0 0 0 0 1 1 0 0 1 0 0 0 0 0
 0 0 0 0 1 0 0 1 0 0 0 1 0 0 0 0 1 0 1 0
 0 0 0 0 1 0 0 0 0 0 0 0 1 0 0 0 1 1 1 0
 0 0 0 1 0 1 0 0 0 0 0 0 0 0 0 0 0 0 0 0

Warwick 123: balanced orders, 2 orders per product
10 20
 0 0 0 0 0 0 0 0 0 0 0 1 0 0 0 0 0 0 0 0
 1 0 0 1 1 0 0 0 0 1 0 0 0 1 0 0 0 0 1 0
 0 0 0 0 0 0 0 0 0 0 0 0 1 0 0 1 0 1 0 0
 1 1 1 0 0 0 1 0 1 0 1 0 0 0 1 0 0 0 0 0
 0 0 0 1 0 0 0 0 0 0 1 0 0 0 0 0 0 0 0 0
 0 0 1 0 0 1 0 0 0 0 0 0 1 0 0 0 0 0 0 1
 0 0 0 0 0 0 1 0 0 1 0 0 0 0 0 0 1 0 0 0
 0 0 0 0 1 0 0 1 1 0 0 0 0 0 0 0 1 1 1 0
 0 0 0 0 0 1 0 1 0 0 0 0 0 0 1 1 0 0 0 0
 0 1 0 0 0 0 0 0 0 0 0 1 0 1 0 0 0 0 0 1

Warwick 124: balanced orders, 2 orders per product
10 20
 0 1 0 0 0 0 0 1 1 0 0 0 1 1 0 1 0 0 0 0
 0 1 0 0 0 1 0 1 0 1 0 0 0 0 0 0 0 0 0 0
 0 0 1 0 1 0 0 0 0 1 0 0 1 0 0 0 0 0 1 0
 0 0 0 0 0 0 0 0 1 0 0 1 0 0 0 0 0 1 0 0
 0 0 0 1 0 0 0 0 0 0 1 0 0 0 0 0 0 1 1 0
 1 0 0 0 0 0 0 0 0 0 0 0 0 0 1 0 0 0 0 1
 0 0 1 0 1 0 0 0 0 0 0 0 0 0 0 0 0 0 0 0
 0 0 0 0 0 0 1 0 0 0 0 1 0 1 1 0 1 0 0 0
 1 0 0 1 0 1 1 0 0 0 1 0 0 0 0 0 0 0 0 1
 0 0 0 0 0 0 0 0 0 0 0 0 0 0 0 1 1 0 0 0

Warwick 125: balanced orders, 2 orders per product
10 20
 0 0 0 1 0 0 0 0 0 0 0 0 0 0 0 1 0 0 0 0
 0 0 0 0 0 1 0 0 1 0 1 1 0 1 0 0 1 1 1 1
 0 0 1 0 0 0 0 0 0 1 0 0 0 0 0 0 0 0 0 1
 1 1 0 0 1 0 0 0 0 1 0 0 0 0 0 1 1 0 0 0
 0 0 0 0 0 0 0 0 0 0 0 0 0 0 1 0 0 0 1 0
 0 0 0 0 0 0 1 0 1 0 0 0 1 1 0 0 0 0 0 0
 0 0 0 0 1 0 0 0 0 0 0 0 1 0 1 0 0 0 0 0
 1 1 0 0 0 0 1 0 0 0 1 0 0 0 0 0 0 1 0 0
 0 0 1 0 0 1 0 1 0 0 0 1 0 0 0 0 0 0 0 0
 0 0 0 1 0 0 0 1 0 0 0 0 0 0 0 0 0 0 0 0

Warwick 126: balanced orders, 2 orders per product
10 20
 0 0 0 0 0 0 0 0 0 0 1 0 1 0 0 1 0 0 0 0
 0 0 1 0 1 0 0 0 0 1 0 0 0 0 0 0 1 0 0 0
 0 0 0 1 0 0 0 0 0 0 0 0 0 1 0 0 0 0 0 0
 0 1 0 0 0 0 0 0 0 0 0 0 0 1 0 0 0 1 0 0
 1 0 0 0 0 0 0 1 1 0 0 0 0 0 0 0 0 0 0 0
 0 0 0 0 0 0 1 0 0 0 0 0 1 0 1 1 0 1 0 0
 0 0 0 1 1 1 0 0 0 0 1 0 0 0 0 0 0 0 0 1
 1 0 0 0 0 0 0 0 0 0 0 1 0 0 0 0 0 0 0 0
 0 1 0 0 0 1 0 0 0 1 0 1 0 0 1 0 1 0 1 0
 0 0 1 0 0 0 1 1 1 0 0 0 0 0 0 0 0 0 1 1

Warwick 127: balanced orders, 2 orders per product
10 20
 1 0 0 0 0 0 0 0 0 1 1 0 0 1 1 0 1 1 0 1
 0 0 0 0 0 0 0 0 1 0 0 0 1 0 0 1 0 0 0 0
 0 0 0 0 0 0 0 1 0 0 1 0 1 0 0 1 0 0 0 0
 0 0 1 0 0 1 0 0 0 0 0 0 0 0 0 0 0 0 1 0
 0 0 0 0 1 0 0 1 1 0 0 1 0 1 0 0 0 0 0 1
 1 1 0 0 0 0 0 0 0 1 0 0 0 0 0 0 0 0 1 0
 0 0 0 0 0 0 0 0 0 0 0 0 0 0 0 0 1 0 0 0
 0 0 0 1 0 1 1 0 0 0 0 0 0 0 1 0 0 1 0 0
 0 1 0 0 1 0 0 0 0 0 0 1 0 0 0 0 0 0 0 0
 0 0 1 1 0 0 1 0 0 0 0 0 0 0 0 0 0 0 0 0

Warwick 128: balanced orders, 2 orders per product
10 20
 1 0 0 0 0 0 0 0 0 0 0 0 0 1 0 0 0 0 0 1
 0 0 0 0 0 1 0 0 0 0 0 1 0 0 0 0 0 0 0 0
 0 1 0 0 1 0 0 0 0 0 0 0 0 0 0 1 0 1 0 0
 0 0 1 0 0 0 1 0 0 1 0 1 1 0 0 1 0 0 0 0
 0 0 0 1 0 0 1 1 1 0 0 0 0 0 1 0 0 0 1 0
 1 0 0 1 0 0 0 0 1 0 0 0 0 0 0 0 0 0 0 0
 0 0 0 0 0 0 0 1 0 0 0 0 1 0 0 0 0 0 0 0
 0 1 0 0 1 1 0 0 0 0 0 0 0 1 0 0 0 1 0 1
 0 0 0 0 0 0 0 0 0 0 1 0 0 0 1 0 1 0 0 0
 0 0 1 0 0 0 0 0 0 1 1 0 0 0 0 0 1 0 1 0

Warwick 129: balanced orders, 2 orders per product
10 20
 1 0 0 0 0 1 0 0 0 0 0 1 0 0 0 1 1 0 0 0
 0 1 0 0 0 0 1 0 1 0 0 0 0 1 0 0 0 1 0 0
 0 0 0 1 0 0 0 0 0 1 0 0 0 0 1 0 0 0 0 0
 1 0 0 0 0 0 0 0 0 0 0 1 1 0 0 0 0 0 0 0
 0 0 0 0 0 0 0 0 0 0 0 0 0 1 0 1 1 0 1 0
 0 0 1 0 1 0 0 1 0 1 1 0 0 0 0 0 0 0 0 0
 0 0 0 0 0 0 0 1 0 0 0 0 0 0 0 0 0 0 1 0
 0 0 0 0 1 0 0 0 1 0 0 0 0 0 0 0 0 1 0 0
 0 0 1 1 0 1 0 0 0 0 1 0 1 0 1 0 0 0 0 1
 0 1 0 0 0 0 1 0 0 0 0 0 0 0 0 0 0 0 0 1

Warwick 130: balanced orders, 2 orders per product
10 20
 0 0 0 0 0 0 0 0 0 1 0 0 0 1 0 0 0 0 0 1
 0 0 0 0 1 0 0 0 1 0 0 0 1 0 1 0 1 0 0 0
 0 0 0 0 0 1 0 0 0 0 0 0 0 0 0 0 0 0 0 0
 0 0 1 1 0 0 0 0 0 0 0 1 0 0 0 0 0 0 0 0
 1 0 0 1 0 0 0 1 0 0 1 1 0 0 0 1 0 0 0 0
 0 0 0 0 1 0 0 1 0 0 0 0 0 0 0 0 0 1 0 0
 1 1 0 0 0 1 0 0 1 0 0 0 1 0 0 0 1 0 1 0
 0 0 1 0 0 0 1 0 0 0 0 0 0 0 1 1 0 1 0 0
 0 1 0 0 0 0 1 0 0 1 0 0 0 1 0 0 0 0 0 1
 0 0 0 0 0 0 0 0 0 0 1 0 0 0 0 0 0 0 1 0

Warwick 131: balanced orders, 3 orders per product
10 20
 0 0 0 0 1 0 0 0 0 0 1 0 0 1 0 0 0 0 1 0
 1 0 0 1 0 1 1 0 0 0 1 0 1 1 1 0 1 1 0 0
 1 0 1 0 1 1 1 0 1 1 0 1 0 0 1 1 0 1 0 0
 1 0 0 0 0 0 1 1 0 0 0 0 0 0 0 1 0 0 1 1
 0 1 1 0 1 1 0 1 1 0 0 0 1 0 0 0 0 0 0 0
 0 0 0 0 0 0 0 0 0 0 0 1 0 0 0 0 1 0 0 0
 0 1 0 0 0 0 0 0 0 0 1 0 1 0 0 0 0 0 0 0
 0 0 0 1 0 0 0 1 0 0 0 0 0 0 0 1 1 1 1 0
 0 0 1 1 0 0 0 0 1 1 0 1 0 0 0 0 0 0 0 1
 0 1 0 0 0 0 0 0 0 1 0 0 0 1 1 0 0 0 0 1

Warwick 132: balanced orders, 3 orders per product
10 20
 0 0 1 0 0 0 0 0 0 1 0 0 1 0 0 0 0 1 0 0
 0 0 0 0 0 1 0 0 0 0 0 0 0 1 0 0 0 1 0 1
 1 1 0 1 0 1 0 0 0 1 1 0 0 0 1 0 0 1 1 0
 1 0 0 0 0 1 0 0 0 0 0 1 0 0 0 0 0 0 1 1
 0 0 0 0 0 0 1 1 0 0 0 0 0 0 1 1 0 0 0 0
 0 1 1 0 0 0 0 1 1 0 1 1 1 0 0 1 1 0 1 0
 0 1 0 1 1 0 1 0 0 0 0 0 0 1 0 0 0 0 0 0
 0 0 1 1 1 0 0 0 1 1 1 1 0 0 0 0 0 0 0 0
 1 0 0 0 1 0 1 1 1 0 0 0 0 0 0 1 1 0 0 1
 0 0 0 0 0 0 0 0 0 0 0 0 1 1 1 0 1 0 0 0

Warwick 133: balanced orders, 3 orders per product
10 20
 0 0 0 0 1 0 0 0 1 1 0 0 0 0 0 0 0 0 1 0
 0 0 1 0 0 1 0 0 0 1 0 0 1 0 1 1 0 0 0 0
 0 0 1 1 0 0 0 0 0 1 1 0 0 1 1 0 1 0 0 1
 0 1 0 1 0 0 0 0 0 0 1 1 0 0 0 0 0 1 0 0
 0 0 0 0 0 1 0 1 1 0 1 1 0 1 0 0 1 0 1 1
 1 1 0 1 1 1 1 1 1 0 0 0 0 0 0 1 1 0 1 1
 0 1 0 0 0 0 0 0 0 0 0 1 0 0 0 0 0 0 0 0
 1 0 0 0 0 0 1 0 0 0 0 0 1 0 0 0 0 1 0 0
 1 0 1 0 0 0 0 0 0 0 0 0 0 1 1 0 0 0 0 0
 0 0 0 0 1 0 1 1 0 0 0 0 1 0 0 1 0 1 0 0

Warwick 134: balanced orders, 3 orders per product
10 20
 0 0 0 1 0 1 0 0 0 0 1 0 1 0 1 1 0 0 1 0
 1 0 0 1 0 0 0 0 1 1 0 1 0 1 0 0 0 1 0 0
 1 0 0 0 0 0 0 0 0 0 0 0 0 0 0 1 0 0 0 0
 0 1 0 0 0 0 0 0 0 1 1 1 1 1 1 0 1 0 1 1
 0 0 1 0 0 0 0 0 0 0 0 0 0 0 1 0 0 1 0 0
 1 0 0 0 0 0 1 0 0 0 0 0 0 0 0 0 0 0 0 0
 0 1 0 0 0 1 1 1 1 1 0 0 0 0 0 0 1 0 1 1
 0 1 0 0 1 0 0 0 0 0 0 0 1 1 0 0 0 0 0 0
 0 0 1 1 1 0 0 1 1 0 1 0 0 0 0 0 1 1 0 1
 0 0 1 0 1 1 1 1 0 0 0 1 0 0 0 1 0 0 0 0

Warwick 135: balanced orders, 3 orders per product
10 20
 0 0 1 0 0 0 1 0 0 0 1 1 1 0 0 0 0 1 0 0
 0 0 0 0 0 1 0 1 0 0 1 1 0 0 1 0 0 0 0 1
 0 0 0 1 0 0 1 0 1 0 1 0 0 0 0 1 1 1 0 0
 1 0 0 0 0 0 1 0 1 1 0 0 0 0 0 0 0 0 0 0
 0 1 0 0 0 0 0 0 0 0 0 0 0 1 0 0 0 0 1 0
 1 0 0 0 0 1 0 0 1 1 0 0 0 0 0 0 0 0 0 0
 0 0 1 0 1 0 0 1 0 0 0 0 1 1 1 1 0 0 1 1
 1 1 1 1 1 0 0 0 0 0 0 0 1 0 1 0 0 0 0 0
 0 0 0 0 1 0 0 0 0 0 0 0 0 1 0 1 1 0 0 1
 0 1 0 1 0 1 0 1 0 1 0 1 0 0 0 0 1 1 1 0

Warwick 136: balanced orders, 3 orders per product
10 20
 0 0 0 0 0 0 0 0 0 1 1 0 1 1 0 0 1 0 1 1
 0 0 0 1 0 0 0 1 0 1 1 0 0 0 0 0 0 0 0 1
 0 0 0 0 0 1 1 1 0 0 1 0 0 1 0 0 1 0 0 0
 1 0 1 1 0 0 1 0 0 1 0 0 0 1 0 0 0 1 0 1
 1 1 0 0 1 0 0 0 1 0 0 0 0 0 1 1 0 0 1 0
 0 0 1 1 0 0 1 0 1 0 0 1 1 0 0 0 0 0 0 0
 0 0 0 0 1 0 0 0 0 0 0 1 0 0 0 1 0 0 0 0
 1 1 0 0 0 1 0 1 1 0 0 1 0 0 0 0 1 1 0 0
 0 1 1 0 0 0 0 0 0 0 0 0 0 0 1 0 0 0 0 0
 0 0 0 0 1 1 0 0 0 0 0 0 1 0 1 1 0 1 1 0

Warwick 137: balanced orders, 3 orders per product
10 20
 0 0 0 0 0 0 0 0 0 0 1 0 0 0 0 0 1 0 1 0
 0 0 0 1 0 0 0 0 0 1 0 1 0 0 1 1 1 0 0 0
 1 1 0 0 1 0 0 0 0 0 0 0 0 1 0 1 0 0 0 0
 0 0 0 0 1 0 0 0 0 0 0 1 0 1 0 0 0 0 1 0
 0 1 1 1 0 0 1 0 1 0 1 0 1 0 0 0 0 1 0 0
 0 0 0 0 0 1 0 1 1 0 0 0 1 0 0 0 0 1 1 1
 1 1 1 0 0 1 1 1 0 1 1 0 0 0 1 0 1 0 0 1
 0 0 1 0 0 0 1 1 1 0 0 0 0 0 0 1 0 1 0 0
 0 0 0 1 0 1 0 0 0 0 0 0 0 1 0 0 0 0 0 1
 1 0 0 0 1 0 0 0 0 1 0 1 1 0 1 0 0 0 0 0

Warwick 138: balanced orders, 3 orders per product
10 20
 1 0 0 0 0 1 0 0 0 0 0 0 0 0 0 1 0 0 0 1
 0 0 1 1 0 1 1 0 0 1 1 0 1 0 1 0 0 1 0 0
 0 0 0 1 1 0 0 0 1 0 1 0 0 1 1 0 0 0 0 0
 1 1 0 0 0 0 0 0 0 0 0 0 0 1 0 0 0 0 1 0
 0 1 0 0 0 0 1 0 0 1 0 1 0 0 1 0 0 0 0 0
 0 0 0 0 1 0 1 0 0 0 0 0 0 0 0 1 1 0 1 1
 0 0 0 0 0 0 0 0 1 0 0 0 1 0 0 0 0 0 0 0
 1 1 1 0 0 0 0 1 0 1 0 0 1 1 0 0 0 1 0 0
 0 0 0 1 1 0 0 1 0 0 1 1 0 0 0 1 1 0 1 0
 0 0 1 0 0 1 0 1 1 0 0 1 0 0 0 0 1 1 0 1

Warwick 139: balanced orders, 3 orders per product
10 20
 0 0 1 0 0 0 1 0 1 0 0 0 0 0 0 1 0 0 0 0
 0 1 0 0 1 0 1 0 1 0 1 1 0 0 1 1 0 0 0 1
 0 0 1 0 0 1 0 0 0 0 0 0 0 0 1 0 0 1 0 0
 1 0 1 1 1 0 0 1 0 0 0 1 1 0 0 0 0 0 0 1
 0 0 0 0 0 0 0 0 0 1 1 0 1 0 0 0 0 1 1 0
 1 0 0 1 0 0 0 0 0 1 0 0 0 0 0 0 0 0 0 1
 0 1 0 1 0 1 1 0 1 0 0 1 0 1 0 0 1 0 0 0
 1 0 0 0 1 0 0 1 0 0 1 0 0 1 0 1 1 0 0 0
 0 0 0 0 0 0 0 0 0 0 0 0 0 0 1 0 0 0 1 0
 0 1 0 0 0 1 0 1 0 1 0 0 1 1 0 0 1 1 1 0

Warwick 140: balanced orders, 3 orders per product
10 20
 0 0 0 0 1 0 1 0 1 0 0 0 1 0 0 0 1 0 0 0
 0 0 0 1 1 0 0 0 0 0 1 1 1 0 1 1 1 0 0 0
 1 0 0 0 0 1 0 1 0 0 1 0 0 1 0 0 0 0 0 0
 1 0 0 0 0 1 0 0 0 1 0 1 0 0 0 0 0 1 0 1
 0 1 0 0 0 0 0 0 1 1 0 0 1 0 1 1 0 1 1 0
 0 0 1 0 0 0 1 1 0 0 0 0 0 1 0 0 1 1 0 0
 0 1 1 1 0 0 0 0 1 1 0 1 0 0 0 0 0 0 0 0
 0 0 0 0 1 0 0 0 0 0 0 0 0 0 0 0 0 0 1 1
 1 0 1 0 0 1 1 1 0 0 1 0 0 0 0 1 0 0 1 1
 0 1 0 1 0 0 0 0 0 0 0 0 0 1 1 0 0 0 0 0

Warwick 141: balanced orders, 4 orders per product
10 20
 1 1 1 1 0 0 0 0 0 0 1 0 1 0 0 1 0 1 0 0
 0 0 0 0 1 0 0 1 0 1 0 0 0 0 0 0 0 1 1 0
 1 0 1 0 0 0 0 0 0 0 0 1 1 1 1 1 0 1 1 0
 0 0 1 1 1 0 1 0 0 0 0 0 0 1 0 1 1 1 1 1
 0 1 1 0 0 1 1 1 0 0 0 1 1 0 1 0 0 0 0 0
 0 0 0 1 0 0 1 0 1 0 0 0 0 0 0 0 1 0 0 0
 1 1 0 0 1 0 0 0 1 1 1 0 1 0 0 0 0 0 0 0
 0 0 0 1 1 1 1 1 1 1 0 0 0 0 1 0 0 0 1 1
 0 1 0 0 0 1 0 0 1 0 1 1 0 1 1 1 1 0 0 1
 1 0 0 0 0 1 0 1 0 1 1 1 0 1 0 0 1 0 0 1

Warwick 142: balanced orders, 4 orders per product
10 20
 1 1 0 1 0 0 1 1 0 0 0 0 0 0 0 0 0 1 1 0
 0 1 1 1 0 0 1 0 0 1 0 0 0 1 0 1 0 1 0 1
 1 1 0 1 0 1 0 1 1 0 0 0 0 0 1 1 0 0 0 0
 0 0 1 0 0 0 1 0 1 0 1 1 1 1 0 1 0 0 0 1
 0 0 1 0 1 0 0 1 0 0 0 1 1 0 0 0 1 0 0 0
 0 0 0 0 0 0 0 1 0 0 1 0 1 0 1 0 1 0 0 0
 1 0 0 1 1 1 1 0 1 1 0 0 0 0 1 0 1 0 1 1
 0 0 1 0 1 1 0 0 0 1 1 1 0 1 0 0 0 1 1 0
 1 0 0 0 0 1 0 0 0 1 0 1 0 0 0 0 1 1 1 1
 0 1 0 0 1 0 0 0 1 0 1 0 1 1 1 1 0 0 0 0

Warwick 143: balanced orders, 4 orders per product
10 20
 0 0 1 0 0 0 1 0 0 0 0 0 1 1 1 1 0 1 0 1
 0 0 0 0 0 0 0 0 0 0 1 0 0 0 0 1 0 1 1 0
 1 0 0 0 0 0 0 1 0 1 0 0 0 0 0 0 1 0 0 0
 0 0 0 1 0 0 1 1 1 0 1 0 0 0 0 1 0 1 1 1
 1 1 0 0 1 1 0 1 0 1 0 1 1 0 1 0 1 1 0 1
 0 1 1 0 0 0 1 1 1 0 0 0 1 1 0 0 1 0 1 0
 0 1 0 1 0 1 0 0 0 0 0 1 0 1 0 1 0 0 1 0
 0 0 1 0 1 1 0 0 0 0 1 0 0 1 0 0 0 0 0 1
 1 0 1 1 1 0 1 0 1 1 1 1 1 0 1 0 0 0 0 0
 1 1 0 1 1 1 0 0 1 1 0 1 0 0 1 0 1 0 0 0

Warwick 144: balanced orders, 4 orders per product
10 20
 1 1 0 1 1 0 0 0 0 0 1 0 0 0 0 0 1 0 0 0
 0 0 0 1 1 1 0 1 0 1 1 1 1 0 0 1 1 1 0 1
 1 1 0 0 0 0 1 1 1 0 0 0 0 0 1 1 0 1 0 0
 0 0 1 1 1 1 0 0 0 1 0 0 0 1 1 1 0 0 1 0
 0 0 0 0 0 0 0 0 0 0 0 0 1 1 1 0 1 1 1 1
 0 0 0 0 0 0 1 1 0 0 1 1 1 0 0 0 0 0 0 0
 1 1 1 0 0 0 0 0 1 1 1 1 1 0 0 0 1 1 0 1
 0 0 0 1 0 0 0 1 0 1 0 0 0 1 0 1 0 0 0 0
 1 0 1 0 0 1 1 0 1 0 0 1 0 1 1 0 0 0 1 0
 0 1 1 0 1 1 1 0 1 0 0 0 0 0 0 0 0 0 1 1

Warwick 145: balanced orders, 4 orders per product
10 20
 1 0 0 1 1 0 1 1 1 1 1 0 0 0 0 1 0 0 1 1
 1 0 1 1 0 1 0 0 1 1 0 0 0 0 0 0 0 0 0 0
 0 1 0 0 0 1 0 1 0 0 0 0 0 0 0 1 0 0 0 1
 0 0 1 1 0 0 1 0 0 0 0 0 0 0 0 1 0 1 0 0
 0 0 0 0 1 1 1 0 0 1 1 1 1 1 1 0 1 1 0 0
 1 1 1 0 0 0 0 0 0 0 1 1 1 1 1 0 1 1 0 0
 0 1 1 1 1 0 0 1 0 0 0 1 1 1 1 1 1 0 1 0
 0 0 0 0 0 0 1 1 1 1 0 0 0 1 1 0 0 1 1 0
 1 1 0 0 0 0 0 0 0 0 0 1 1 0 0 0 0 0 1 1
 0 0 0 0 1 1 0 0 1 0 1 0 0 0 0 0 1 0 0 1

Warwick 146: balanced orders, 4 orders per product
10 20
 0 0 1 0 0 1 0 0 1 0 1 0 0 1 1 0 0 1 0 1
 0 0 1 1 0 0 0 1 1 0 0 1 1 0 1 0 1 0 1 0
 0 0 1 0 0 1 1 1 0 1 1 0 0 1 0 0 0 0 0 1
 0 0 0 1 0 0 0 0 1 0 0 1 0 1 0 1 0 0 0 1
 1 1 1 0 1 0 1 1 1 1 1 0 0 0 1 1 0 1 1 0
 1 0 0 0 0 1 1 0 0 1 0 0 1 0 0 0 1 1 1 0
 0 1 0 0 1 0 1 0 0 1 1 1 0 0 0 1 0 0 1 0
 1 1 0 0 1 0 0 0 0 0 0 1 1 0 0 1 1 1 0 0
 0 1 0 1 1 1 0 1 0 0 0 0 0 1 0 0 1 0 0 0
 1 0 0 1 0 0 0 0 0 0 0 0 1 0 1 0 0 0 0 1

Warwick 147: balanced orders, 4 orders per product
10 20
 0 1 0 1 1 0 0 0 0 1 0 0 0 1 1 0 0 0 1 0
 0 0 1 0 1 0 0 0 1 0 0 1 1 1 1 1 0 0 1 0
 0 1 0 0 1 1 0 0 0 1 1 1 0 0 0 1 1 1 0 0
 1 1 0 1 0 0 0 1 1 1 0 0 1 0 1 0 0 0 0 1
 0 0 0 0 0 1 1 0 0 1 0 0 0 0 0 0 0 0 1 1
 1 0 0 0 1 0 0 0 0 0 0 0 0 1 1 0 0 1 0 0
 0 0 0 1 0 1 1 1 1 0 1 0 1 0 0 0 1 0 1 0
 1 0 1 0 0 0 1 1 0 0 1 0 0 1 0 0 1 1 0 1
 1 1 1 1 0 1 0 0 0 0 1 1 1 0 0 1 1 0 0 0
 0 0 1 0 0 0 1 1 1 0 0 1 0 0 0 1 0 1 0 1

Warwick 148: balanced orders, 4 orders per product
10 20
 1 0 1 0 0 0 0 1 1 0 1 0 0 1 1 0 0 1 1 0
 0 1 1 0 0 0 0 0 1 0 1 1 0 0 0 1 1 0 0 0
 1 0 1 1 1 1 0 1 0 1 0 0 1 1 0 1 1 1 1 1
 0 1 1 0 0 1 0 0 0 0 1 0 0 0 0 0 0 0 1 1
 1 0 0 0 1 1 1 0 0 1 0 0 1 1 1 1 1 0 1 0
 0 0 0 1 0 0 0 1 0 0 0 1 0 0 1 0 0 0 0 0
 0 1 0 0 1 0 1 1 1 0 0 1 1 0 0 0 0 0 0 0
 0 0 0 0 1 0 0 0 1 1 0 0 0 0 0 0 0 1 0 1
 0 1 0 1 0 0 1 0 0 1 0 0 0 0 0 1 0 0 0 0
 1 0 0 1 0 1 1 0 0 0 1 1 1 1 1 0 1 1 0 1

Warwick 149: balanced orders, 4 orders per product
10 20
 0 0 0 0 0 0 0 0 1 0 0 1 0 0 0 0 0 0 1 0
 0 1 1 1 1 0 0 0 0 0 0 0 0 0 0 0 0 0 0 0
 1 0 0 1 1 1 0 1 1 1 1 1 1 0 0 0 0 1 0 0
 0 0 1 1 1 0 1 0 0 0 1 0 0 0 0 1 1 0 0 1
 1 0 0 0 0 1 0 1 1 0 0 1 1 0 0 1 1 0 1 1
 0 1 1 0 1 0 1 1 0 0 0 0 0 1 1 0 0 0 0 1
 1 1 1 0 0 1 0 0 1 1 0 0 0 1 0 1 1 1 1 1
 0 0 0 0 0 1 1 1 0 1 1 0 0 1 1 0 0 1 0 0
 0 0 0 1 0 0 1 0 0 0 0 1 1 0 1 1 1 1 1 0
 1 1 0 0 0 0 0 0 0 1 1 0 1 1 1 0 0 0 0 0

Warwick 150: balanced orders, 4 orders per product
10 20
 1 1 0 1 0 0 1 0 0 0 1 0 1 0 1 0 0 0 1 1
 0 0 1 0 1 1 1 0 0 0 0 0 1 1 1 0 0 1 1 0
 1 0 1 0 0 1 0 0 1 0 0 0 0 0 1 0 1 0 0 0
 1 0 0 1 0 0 1 1 1 1 0 1 1 0 0 0 0 0 1 1
 0 1 1 0 0 0 0 0 0 1 1 0 0 0 0 1 0 1 0 1
 0 0 1 1 1 0 1 1 1 1 0 0 1 0 0 1 1 1 0 0
 1 1 0 1 0 1 0 0 0 1 1 0 0 1 0 0 1 0 0 0
 0 0 0 0 1 0 0 0 0 0 0 1 0 1 1 0 1 0 1 1
 0 0 0 0 0 1 0 1 0 0 1 1 0 1 0 1 0 1 0 0
 0 1 0 0 1 0 0 1 1 0 0 1 0 0 0 1 0 0 0 0

Warwick 151: balanced orders, 5 orders per product
10 20
 0 1 1 1 1 1 0 0 1 1 0 0 1 1 1 1 1 0 1 0
 1 0 0 1 0 1 0 0 0 1 1 1 0 0 0 1 1 0 0 1
 0 0 0 0 1 0 1 1 0 1 1 1 1 0 0 1 1 0 0 1
 1 1 1 0 0 0 1 1 1 0 0 1 0 0 1 0 1 0 1 0
 1 1 1 1 1 1 0 0 0 0 1 0 1 1 0 1 1 1 0 1
 1 1 0 1 0 1 1 1 1 1 0 0 0 1 0 0 0 1 1 0
 1 1 1 0 0 0 0 0 1 0 1 1 0 0 1 0 0 1 0 0
 0 0 0 0 1 0 1 1 1 1 0 0 0 0 0 0 0 1 1 0
 0 0 1 0 0 1 0 0 0 0 0 1 1 1 1 0 0 1 1 1
 0 0 0 1 1 0 1 1 0 0 1 0 1 1 1 1 0 0 0 1

Warwick 152: balanced orders, 5 orders per product
10 20
 0 1 0 1 1 0 1 1 0 0 0 0 1 1 1 0 0 0 0 1
 0 1 0 0 1 1 0 1 0 0 1 0 0 1 1 1 0 1 0 0
 0 0 1 1 1 1 0 1 1 1 1 0 0 1 0 1 1 0 1 0
 0 1 0 1 1 1 0 0 1 1 1 1 1 1 1 1 0 1 1 1
 1 1 1 0 0 1 0 0 0 0 1 0 1 0 0 1 1 0 0 0
 1 1 0 0 0 0 1 0 0 1 0 1 0 0 0 1 0 1 0 0
 1 0 1 1 0 0 0 0 0 1 1 1 1 0 0 0 1 0 1 1
 0 0 0 0 0 1 1 1 1 0 0 1 0 0 0 0 1 1 1 1
 1 0 1 1 0 0 1 0 1 1 0 1 1 1 1 0 1 1 1 1
 1 0 1 0 1 0 1 1 1 0 0 0 0 0 1 0 0 0 0 0

Warwick 153: balanced orders, 5 orders per product
10 20
 1 0 1 1 1 1 1 0 0 1 0 0 0 0 1 1 0 0 1 1
 1 0 1 0 1 0 1 1 0 1 1 0 0 1 0 1 0 1 0 0
 0 0 1 0 1 1 0 0 1 0 0 0 1 1 1 1 0 1 1 0
 0 0 0 0 1 1 0 0 1 0 1 1 1 0 0 1 1 0 1 0
 0 1 1 1 0 0 1 1 0 1 1 0 0 0 1 0 0 0 1 0
 0 0 1 1 1 1 1 1 0 0 0 0 1 0 0 0 0 1 0 0
 1 1 0 1 0 0 0 1 1 0 0 1 1 1 1 0 1 0 0 1
 0 1 0 0 0 1 0 0 1 1 1 1 1 1 1 0 1 1 0 1
 1 1 0 0 0 0 0 1 0 1 0 1 0 0 0 0 1 1 0 1
 1 1 0 1 0 0 1 0 1 0 1 1 0 1 0 1 1 0 1 1

Warwick 154: balanced orders, 5 orders per product
10 20
 1 1 1 1 1 1 0 0 1 0 1 0 1 1 0 0 1 1 0 1
 0 0 1 1 0 0 1 0 1 1 1 1 0 1 0 0 1 1 0 0
 1 1 0 0 1 0 0 1 0 1 1 1 1 0 1 0 0 0 0 0
 1 0 1 0 1 1 1 1 1 1 0 1 1 0 1 1 1 0 0 1
 0 1 1 1 1 0 1 1 0 0 0 1 1 1 1 1 1 0 0 1
 1 0 0 1 0 1 0 0 1 1 0 0 0 0 0 0 0 0 1 0
 0 0 0 1 0 1 0 1 0 0 0 0 0 1 1 1 1 1 1 1
 0 1 1 0 0 0 1 0 0 1 0 0 0 1 1 1 0 1 1 0
 0 0 0 0 0 0 0 1 0 0 1 1 1 0 0 0 0 0 1 1
 1 1 0 0 1 1 1 0 1 0 1 0 0 0 0 1 0 1 1 0

Warwick 155: balanced orders, 5 orders per product
10 20
 1 1 1 0 0 0 1 0 0 1 1 0 1 1 1 1 0 0 0 1
 0 1 1 1 1 1 1 0 0 1 1 1 0 0 0 0 0 1 1 0
 1 0 1 0 0 1 0 1 1 0 0 1 1 0 0 0 1 1 0 0
 0 1 0 0 1 0 1 1 0 0 1 0 0 1 1 1 1 0 1 1
 1 0 1 1 0 1 1 1 0 1 0 0 0 0 1 0 0 0 0 1
 0 0 0 1 1 1 0 0 1 0 1 1 1 1 0 1 1 1 0 0
 1 1 0 0 1 0 1 1 1 1 1 1 0 1 0 0 0 1 0 1
 0 1 1 0 0 0 0 1 1 0 0 0 0 0 0 1 1 1 1 1
 0 0 0 1 0 0 0 0 0 0 0 1 1 1 1 1 1 0 1 0
 1 0 0 1 1 1 0 0 1 1 0 0 1 0 1 0 0 0 1 0

Warwick 156: balanced orders, 5 orders per product
10 20
 0 0 1 0 0 0 1 0 0 0 1 1 0 0 1 0 1 1 0 1
 0 0 0 1 0 1 0 0 0 1 1 0 0 0 1 0 0 0 1 0
 1 1 0 0 1 1 0 1 1 1 0 1 1 0 1 1 1 0 0 1
 1 1 1 0 1 0 0 1 1 0 0 0 0 1 1 1 1 0 1 0
 0 1 1 0 1 1 1 1 1 0 0 0 0 1 0 0 1 1 0 0
 1 1 1 1 0 0 0 1 0 0 0 1 1 1 0 1 0 0 1 1
 0 0 0 1 0 0 1 0 1 1 1 0 1 1 0 0 0 0 0 0
 0 0 0 1 1 1 1 1 1 1 1 0 0 0 1 1 1 1 1 1
 1 1 1 1 1 0 0 0 0 0 1 1 1 0 0 0 0 1 1 0
 1 0 0 0 0 1 1 0 0 1 0 1 1 1 0 1 0 1 0 1

Warwick 157: balanced orders, 5 orders per product
10 20
 1 1 1 1 0 0 0 0 0 1 1 1 0 0 0 1 0 0 0 1
 0 0 0 1 0 1 1 0 1 1 0 0 0 1 1 1 1 0 0 0
 0 1 0 1 1 1 1 1 1 1 1 0 1 0 1 0 1 1 1 0
 1 1 1 1 1 1 0 0 0 0 1 0 0 0 1 0 0 1 1 0
 0 1 0 0 1 0 0 1 1 1 1 0 1 1 0 1 1 1 0 1
 0 0 1 0 0 1 0 0 0 0 0 1 1 1 1 0 0 1 1 1
 1 0 0 0 1 0 1 1 0 1 0 1 0 1 0 0 0 1 1 0
 1 0 0 0 0 1 0 1 1 0 1 1 1 0 1 1 1 0 1 1
 1 1 1 0 1 0 1 0 1 0 0 1 1 1 0 1 1 0 0 0
 0 0 1 1 0 0 1 1 0 0 0 0 0 0 0 0 0 0 0 1

Warwick 158: balanced orders, 5 orders per product
10 20
 1 1 0 0 1 1 1 1 0 0 1 1 0 1 0 0 0 1 1 1
 1 0 1 1 1 1 1 0 0 0 0 1 0 1 1 1 1 1 1 1
 1 1 0 0 1 1 0 0 1 1 1 1 1 0 1 1 1 0 0 1
 0 1 0 1 0 0 1 1 1 0 0 0 0 1 0 1 1 0 0 0
 0 1 1 0 1 1 1 1 1 0 0 1 1 1 1 0 0 1 0 0
 0 0 0 1 0 0 1 0 0 1 1 0 1 1 1 1 0 0 1 0
 0 0 1 1 1 0 0 0 0 1 0 1 0 0 0 0 0 0 0 0
 0 0 1 1 0 0 0 1 1 1 1 0 0 0 0 0 1 0 1 1
 1 0 1 0 0 1 0 0 1 0 1 0 1 0 1 0 0 1 1 1
 1 1 0 0 0 0 0 1 0 1 0 0 1 0 0 1 1 1 0 0

Warwick 159: balanced orders, 5 orders per product
10 20
 1 0 0 0 1 1 1 1 1 0 1 0 0 1 0 1 1 1 1 0
 1 0 1 1 1 1 0 1 0 1 0 1 1 0 1 0 1 0 1 0
 0 1 1 0 1 0 1 0 0 0 1 1 0 0 1 0 1 1 0 1
 0 1 0 1 1 1 1 0 1 1 1 1 1 1 0 0 0 0 1 0
 0 1 1 1 0 1 0 0 1 0 0 0 1 1 0 0 0 1 0 0
 0 1 0 0 0 1 0 1 0 1 0 0 1 0 1 0 0 1 1 1
 1 0 1 1 0 0 1 1 0 1 0 0 0 1 0 1 0 0 0 0
 0 1 0 0 1 0 0 1 1 0 1 1 0 1 1 1 1 0 1 1
 1 0 0 1 0 0 1 0 1 1 1 1 1 0 1 1 0 0 0 1
 1 0 1 0 0 0 0 0 0 0 0 0 0 0 0 1 1 1 0 1

Warwick 160: balanced orders, 5 orders per product
10 20
 1 1 1 1 0 1 1 1 1 0 0 1 0 1 1 0 1 0 0 0
 0 1 1 0 1 1 0 1 1 1 0 1 1 0 1 0 0 0 1 0
 1 0 0 1 0 0 0 0 0 1 0 1 0 1 1 1 0 0 0 1
 0 1 0 1 0 0 1 1 0 1 0 1 0 0 0 1 1 1 1 1
 0 0 1 0 0 0 0 0 0 0 1 0 0 0 0 0 1 0 0 1
 1 0 0 0 1 0 0 0 1 0 0 1 1 1 1 1 0 1 1 0
 1 1 1 1 1 1 0 1 0 0 1 0 0 1 0 1 1 1 1 1
 0 1 0 0 1 1 1 1 1 1 1 0 1 0 0 1 0 0 0 1
 1 0 0 1 0 1 1 0 1 0 1 0 1 0 0 0 1 1 0 0
 0 0 1 0 1 0 1 0 0 1 1 0 1 1 1 0 0 1 1 0

