Warwick 1291: balanced orders, 6 orders per product
30 10
 1 1 0 0 1 1 0 0 1 0
 0 0 1 0 0 0 0 0 0 1
 0 0 0 0 0 0 1 0 1 0
 0 0 1 0 0 1 1 0 0 0
 0 0 0 0 0 1 0 1 0 0
 0 0 0 1 0 0 1 1 0 1
 1 0 0 0 0 0 0 0 0 0
 0 1 1 0 0 0 0 0 0 0
 0 0 0 0 0 0 0 1 0 0
 0 0 0 1 1 0 0 0 0 0
 0 0 0 1 1 0 0 0 0 0
 0 0 0 1 0 0 0 0 0 0
 1 1 0 0 1 0 0 0 0 1
 0 0 0 1 0 0 0 0 0 0
 0 0 0 0 0 0 0 0 1 0
 0 0 0 0 0 1 1 0 0 0
 1 0 0 0 0 0 0 0 0 1
 1 1 0 0 0 1 0 1 0 0
 0 0 0 0 1 0 1 0 0 0
 0 1 0 0 0 0 0 0 0 1
 0 0 0 0 1 0 0 0 0 0
 0 0 0 0 0 0 0 1 0 0
 0 0 0 0 0 1 0 0 0 0
 1 0 0 0 0 0 0 0 1 1
 0 0 1 0 0 0 0 0 0 0
 0 0 0 0 0 0 0 0 1 0
 0 0 1 0 0 0 1 1 1 0
 0 0 0 1 0 0 0 0 0 0
 0 1 0 0 0 0 0 0 0 0
 0 0 1 0 0 0 0 0 0 0

Warwick 1292: balanced orders, 6 orders per product
30 10
 0 1 0 0 0 0 0 0 0 0
 0 0 0 0 0 0 0 1 0 0
 0 1 1 0 0 0 0 0 0 0
 0 0 0 0 0 0 0 1 0 0
 0 0 0 1 1 0 0 0 0 0
 0 0 0 0 1 1 0 1 0 1
 0 0 1 0 1 0 0 0 0 0
 0 0 0 0 0 0 1 0 0 0
 0 0 1 0 0 0 0 0 1 0
 0 0 0 0 0 1 0 0 0 1
 1 0 0 1 0 0 0 0 1 1
 0 0 0 0 0 1 1 0 0 0
 0 1 0 0 1 0 0 0 1 0
 0 0 0 0 0 0 1 0 0 0
 0 0 1 0 1 0 0 0 1 0
 0 0 0 0 0 0 0 1 0 0
 0 0 0 0 0 1 1 0 0 0
 0 0 0 0 0 1 0 0 0 0
 0 0 0 1 0 0 1 0 1 0
 0 0 1 0 0 0 0 0 0 1
 1 0 0 0 0 0 0 0 0 0
 0 0 0 0 1 0 0 0 0 0
 0 0 0 1 0 0 0 0 0 0
 1 1 0 1 0 0 0 1 0 0
 0 0 0 0 0 0 1 0 0 1
 1 0 0 0 0 0 0 0 0 0
 0 1 1 1 0 1 0 0 0 0
 1 0 0 0 0 0 0 0 0 0
 1 0 0 0 0 0 0 0 0 0
 0 1 0 0 0 0 0 1 1 1

Warwick 1293: balanced orders, 6 orders per product
30 10
 0 0 0 1 0 0 0 1 0 0
 0 0 0 0 0 0 1 0 1 0
 0 0 0 0 1 0 0 0 0 0
 0 0 1 0 0 0 0 0 1 0
 1 0 0 0 0 1 0 0 0 0
 0 0 0 1 0 0 0 1 0 0
 1 0 0 0 0 0 0 0 0 0
 0 0 0 0 1 0 0 0 0 1
 0 0 0 0 1 1 0 0 0 0
 1 0 0 0 0 1 0 1 0 1
 0 0 0 0 1 0 0 0 0 0
 1 1 1 0 0 1 0 0 0 1
 0 0 0 0 1 0 0 0 0 0
 0 0 0 1 0 0 0 0 0 1
 0 1 0 0 0 0 0 0 0 0
 1 0 0 1 0 0 0 0 1 0
 0 0 1 0 0 0 0 0 0 1
 0 0 0 0 0 0 0 1 0 0
 0 1 0 0 0 1 0 0 1 0
 0 1 1 0 0 0 0 0 0 0
 0 0 0 0 0 0 1 0 0 0
 0 1 0 0 0 0 1 0 0 0
 0 0 0 0 0 0 1 0 0 0
 0 1 1 0 0 0 0 0 0 0
 0 0 0 1 0 1 0 0 0 0
 0 0 0 0 0 0 0 0 0 1
 1 0 0 0 0 0 1 1 0 0
 0 0 0 0 0 0 0 0 1 0
 0 0 1 0 1 0 1 0 0 0
 0 0 0 1 0 0 0 1 1 0

Warwick 1294: balanced orders, 6 orders per product
30 10
 1 0 0 1 0 0 0 0 1 0
 0 0 0 0 0 0 1 0 0 0
 0 0 1 1 0 0 0 0 0 0
 0 0 1 0 1 0 0 0 0 0
 0 0 0 0 0 0 1 0 0 0
 0 0 0 1 0 0 0 0 0 1
 0 0 1 0 0 0 0 1 0 0
 0 1 0 0 1 0 0 0 0 1
 0 0 1 0 0 0 0 0 1 0
 0 0 0 0 0 1 0 0 1 0
 0 0 0 1 0 0 1 1 0 1
 1 0 0 0 0 0 0 0 0 0
 0 0 0 0 1 0 1 0 0 0
 0 0 1 0 0 0 1 0 0 0
 0 0 0 0 0 0 0 0 0 1
 0 1 0 0 0 0 1 0 0 0
 0 0 1 0 0 1 0 0 0 0
 0 0 0 0 0 0 0 0 1 0
 0 0 0 0 0 0 0 0 1 0
 1 0 0 0 0 1 0 0 0 0
 1 0 0 1 1 0 0 0 0 0
 0 0 0 0 1 0 0 1 1 1
 1 0 0 0 0 1 0 0 0 0
 0 1 0 0 0 0 0 0 0 1
 0 1 0 0 0 0 0 1 0 0
 0 0 0 1 0 0 0 1 0 0
 1 0 0 0 0 1 0 0 0 0
 0 1 0 0 0 0 0 0 0 0
 0 1 0 0 0 0 0 0 0 0
 0 0 0 0 1 1 0 1 0 0

Warwick 1295: balanced orders, 6 orders per product
30 10
 0 0 0 0 0 1 1 0 0 0
 0 0 0 1 0 0 1 1 0 0
 0 0 0 0 0 0 1 0 0 0
 0 0 0 0 0 0 0 0 1 0
 0 0 1 1 1 0 0 0 0 0
 0 0 0 0 0 0 1 0 0 0
 1 0 1 1 0 0 0 0 0 0
 0 0 0 0 1 0 0 0 0 0
 0 0 0 0 0 0 0 0 0 1
 1 0 0 0 0 0 0 0 1 0
 1 0 0 0 0 0 0 0 0 0
 0 0 0 0 0 0 0 0 1 0
 0 1 0 0 0 0 0 0 0 0
 0 1 0 0 0 1 0 0 1 0
 1 1 0 1 1 0 0 1 0 0
 0 1 0 0 0 0 0 0 0 1
 0 0 0 0 1 0 1 1 0 1
 0 0 0 0 0 0 0 1 1 0
 1 0 0 0 0 0 1 0 0 1
 0 1 0 0 0 0 0 0 0 1
 0 0 1 0 0 1 0 0 0 0
 0 0 1 0 0 1 0 0 1 0
 0 0 1 0 1 0 0 0 0 0
 0 0 0 0 0 1 0 0 0 1
 0 0 1 1 0 0 0 0 0 0
 0 1 0 0 1 0 0 0 0 0
 1 0 0 0 0 0 0 0 0 0
 0 0 0 0 0 0 0 1 0 0
 0 0 0 0 0 1 0 1 0 0
 0 0 0 1 0 0 0 0 0 0

Warwick 1296: balanced orders, 6 orders per product
30 10
 1 0 0 0 0 0 0 0 0 1
 0 1 0 0 0 0 0 0 0 1
 0 0 0 1 0 0 0 0 0 0
 0 1 0 0 0 1 0 0 0 0
 0 1 1 0 1 0 0 1 0 0
 0 1 1 1 0 0 0 0 0 0
 0 1 1 0 0 1 0 0 0 1
 0 0 0 0 0 1 0 0 0 0
 0 0 1 0 0 0 0 1 0 0
 0 0 0 0 0 0 0 1 1 0
 0 0 0 0 1 0 0 0 0 0
 0 0 0 0 1 0 0 0 0 0
 1 0 0 0 0 0 1 0 0 0
 0 0 1 0 0 0 1 0 0 1
 0 0 0 0 1 1 0 0 0 0
 0 0 0 0 0 0 1 0 0 0
 0 1 0 0 0 0 0 0 0 0
 0 0 0 0 0 0 0 0 1 0
 0 0 0 0 0 0 0 1 0 0
 0 0 0 1 1 0 0 0 1 0
 1 0 0 1 0 0 0 1 0 0
 0 0 1 0 0 0 0 0 1 0
 0 0 0 1 0 0 0 0 0 0
 0 0 0 0 1 0 1 0 0 0
 0 0 0 0 0 0 0 0 0 1
 0 0 0 0 0 0 1 0 1 0
 1 0 0 0 0 1 0 0 0 0
 0 0 0 1 0 0 0 1 0 0
 1 0 0 0 0 1 1 0 1 1
 1 0 0 0 0 0 0 0 0 0

Warwick 1297: balanced orders, 6 orders per product
30 10
 0 0 0 0 0 0 1 0 0 0
 0 0 0 0 0 1 0 0 0 0
 1 0 0 0 0 0 0 1 0 0
 1 0 0 1 0 0 0 1 1 1
 1 0 0 0 0 0 0 0 0 0
 0 0 0 0 0 1 0 0 0 0
 0 0 0 1 0 0 0 0 0 0
 0 0 0 0 1 0 0 0 0 0
 0 1 0 0 0 1 1 1 0 0
 0 0 0 0 0 0 0 0 0 1
 0 1 0 1 1 0 0 0 0 0
 0 0 0 0 1 0 0 0 0 1
 0 1 0 0 0 1 0 0 0 0
 1 0 0 1 0 0 0 0 0 0
 1 1 0 0 0 0 0 0 0 1
 0 0 1 1 1 0 0 1 0 0
 0 0 0 1 0 0 0 0 1 1
 0 1 1 0 0 0 0 1 1 0
 0 0 0 0 0 0 1 0 0 0
 0 1 0 0 0 0 0 0 0 0
 0 0 1 0 0 0 0 0 0 1
 0 0 0 0 0 0 0 1 0 0
 0 0 0 0 1 1 1 0 1 0
 1 0 0 0 0 0 0 0 1 0
 0 0 0 0 0 0 1 0 0 0
 0 0 0 0 0 0 1 0 0 0
 0 0 0 0 0 1 0 0 0 0
 0 0 1 0 1 0 0 0 1 0
 0 0 1 0 0 0 0 0 0 0
 0 0 1 0 0 0 0 0 0 0

Warwick 1298: balanced orders, 6 orders per product
30 10
 0 0 0 1 0 0 0 1 0 0
 0 0 0 0 0 1 0 1 0 0
 0 0 0 0 0 0 0 0 1 0
 1 0 0 0 0 0 0 0 0 0
 1 0 0 1 0 0 1 1 0 0
 0 0 0 0 0 0 0 0 0 1
 0 1 0 0 0 0 0 0 0 0
 0 0 0 1 1 1 0 0 0 0
 0 0 0 1 0 0 0 0 0 0
 0 0 1 0 0 1 0 0 0 0
 1 0 0 0 1 0 0 1 0 1
 0 0 0 0 1 0 1 0 0 0
 0 0 0 0 1 0 0 0 0 1
 1 0 1 0 0 0 0 0 0 1
 0 0 0 0 0 0 0 0 1 0
 0 1 1 0 0 0 0 0 0 0
 1 0 0 0 1 0 0 0 0 1
 0 0 0 1 0 1 0 0 0 0
 0 1 0 0 0 1 0 0 0 0
 1 0 0 0 0 0 1 0 0 0
 0 0 0 0 0 0 0 0 1 0
 0 0 1 0 0 0 1 1 0 0
 0 0 1 0 0 0 0 0 0 0
 0 1 0 0 0 0 0 0 1 0
 0 0 0 0 0 0 0 0 1 1
 0 0 0 0 0 0 1 0 1 0
 0 1 1 1 0 0 1 0 0 0
 0 0 0 0 0 1 0 0 0 0
 0 1 0 0 0 0 0 0 0 0
 0 0 0 0 1 0 0 1 0 0

Warwick 1299: balanced orders, 6 orders per product
30 10
 0 0 0 0 0 0 0 0 0 1
 1 0 0 0 0 0 0 0 1 1
 0 0 0 0 0 1 0 0 0 0
 0 1 1 1 0 0 0 0 0 0
 0 0 0 1 0 0 0 0 0 1
 0 0 0 0 0 0 1 0 0 0
 1 1 0 1 0 0 0 0 1 0
 0 0 0 0 0 0 0 0 1 0
 0 1 0 0 1 0 0 0 0 0
 0 1 0 0 0 1 1 1 0 0
 0 0 0 1 0 1 0 0 0 0
 0 0 1 0 0 0 0 0 1 0
 0 0 0 0 1 0 0 1 0 0
 0 0 0 0 0 0 0 0 0 1
 0 0 0 1 0 0 0 1 0 0
 0 0 1 1 0 0 0 0 0 0
 0 0 0 0 0 0 0 0 0 1
 0 0 0 0 0 0 1 0 1 0
 0 0 0 0 0 1 1 0 0 0
 1 0 0 0 0 0 0 1 0 0
 0 0 1 0 1 0 0 0 0 0
 1 0 1 0 0 1 1 0 0 0
 0 1 0 0 0 0 1 0 0 0
 0 0 1 0 0 0 0 0 0 0
 1 0 0 0 0 0 0 1 0 0
 0 0 0 0 1 1 0 1 0 0
 0 0 0 0 1 0 0 0 0 0
 1 0 0 0 0 0 0 0 0 1
 0 0 0 0 1 0 0 0 0 0
 0 1 0 0 0 0 0 0 1 0

Warwick 1300: balanced orders, 6 orders per product
30 10
 0 0 0 0 0 0 0 0 1 0
 0 1 0 0 0 1 0 0 0 0
 0 0 0 0 0 0 0 1 0 0
 0 0 0 0 0 0 0 0 0 1
 0 0 0 1 0 0 0 0 0 0
 1 1 0 0 0 1 0 0 0 0
 0 1 0 0 0 0 0 0 0 0
 0 0 0 0 1 0 0 0 0 0
 0 0 0 0 0 0 0 1 0 0
 0 0 1 0 0 0 0 0 1 0
 0 0 0 0 0 0 1 0 1 1
 1 1 0 1 0 0 0 0 1 1
 0 0 0 1 0 1 0 1 0 0
 0 0 0 0 0 0 0 1 0 0
 1 0 0 0 1 0 1 0 0 0
 0 0 0 0 0 1 0 0 0 1
 0 0 0 0 1 1 0 0 0 0
 0 1 1 0 0 0 0 0 0 0
 0 0 1 0 0 0 1 0 0 0
 0 1 0 0 0 0 0 0 1 0
 0 0 0 0 1 0 0 0 0 0
 0 0 0 0 1 0 0 0 0 0
 0 0 0 1 0 0 1 0 0 1
 0 0 0 1 1 1 0 0 1 0
 1 0 1 0 0 0 0 1 0 0
 0 0 0 0 0 0 1 0 0 0
 0 0 0 0 0 0 0 1 0 0
 1 0 1 1 0 0 1 0 0 0
 0 0 1 0 0 0 0 0 0 0
 1 0 0 0 0 0 0 0 0 1

Warwick 1301: balanced orders, 7 orders per product
30 10
 0 0 0 1 1 1 0 1 1 0
 0 1 0 0 0 1 0 1 0 1
 0 0 1 0 1 0 0 0 0 0
 0 0 1 0 0 0 0 0 0 0
 0 0 0 0 0 0 1 0 0 0
 0 0 0 0 0 0 0 0 1 0
 0 0 0 1 0 1 1 1 0 0
 1 0 0 0 0 1 0 0 0 0
 0 1 0 1 0 1 0 0 0 1
 0 0 0 0 0 0 1 0 0 0
 0 0 0 0 0 0 0 0 1 1
 0 0 0 0 0 0 0 0 1 1
 0 0 0 0 0 0 0 1 0 0
 0 0 0 0 1 0 0 1 0 1
 1 1 0 0 0 0 0 0 0 0
 0 0 0 0 1 0 0 0 0 0
 0 0 0 1 0 1 1 0 1 0
 0 0 0 1 0 0 0 0 1 0
 0 0 1 0 0 0 0 0 0 0
 0 0 0 1 1 0 0 0 0 0
 0 0 0 0 0 0 1 0 0 1
 1 0 0 0 0 0 0 0 0 0
 0 0 1 0 1 0 0 0 0 0
 1 0 0 0 0 1 0 0 0 0
 0 0 1 0 1 0 0 1 0 0
 0 1 0 0 0 0 0 0 0 0
 0 1 0 0 0 0 1 1 0 0
 1 0 1 1 0 0 0 0 1 1
 1 1 1 0 0 0 1 0 0 0
 1 1 0 0 0 0 0 0 0 0

Warwick 1302: balanced orders, 7 orders per product
30 10
 0 0 0 0 1 0 0 0 0 0
 0 0 1 0 1 0 0 0 0 0
 0 0 1 0 0 0 0 1 0 0
 1 0 0 1 0 0 0 0 1 0
 0 0 1 0 1 0 0 0 0 0
 0 1 0 0 0 0 1 0 1 0
 1 1 0 0 1 0 0 0 0 0
 0 0 0 1 0 0 1 1 0 0
 0 0 0 0 0 0 0 0 0 1
 0 0 0 1 0 0 0 0 0 1
 1 1 0 1 0 1 0 1 1 0
 0 0 0 0 1 0 0 0 0 0
 0 1 0 0 0 0 1 1 1 0
 0 0 1 0 0 0 1 0 0 0
 0 1 0 0 0 0 1 0 0 0
 0 0 0 0 0 1 0 1 0 0
 0 1 0 0 0 0 1 0 0 1
 1 0 1 0 0 0 1 0 1 0
 0 0 0 0 0 1 0 0 0 0
 0 0 0 1 0 0 0 0 0 0
 0 0 0 0 1 1 0 0 0 1
 0 0 0 1 0 1 0 0 0 0
 1 0 0 0 0 0 0 0 1 0
 0 0 1 0 0 0 0 0 0 0
 0 0 0 0 0 0 0 1 0 1
 1 0 0 0 0 0 0 1 1 1
 1 1 0 0 1 0 0 0 0 0
 0 0 0 0 0 1 0 0 0 0
 0 0 0 1 0 1 0 0 0 1
 0 0 1 0 0 0 0 0 0 0

Warwick 1303: balanced orders, 7 orders per product
30 10
 0 0 0 0 0 0 0 1 0 1
 0 0 0 0 0 0 1 1 0 0
 0 0 1 0 0 0 1 1 1 0
 0 0 0 0 1 0 0 0 0 0
 0 1 0 0 0 1 0 0 1 0
 1 0 1 0 0 0 0 0 0 0
 0 1 0 0 0 0 1 0 0 0
 0 0 0 0 1 0 0 0 0 0
 1 1 0 1 0 0 1 0 1 0
 0 1 0 1 0 0 0 0 1 1
 0 0 0 1 1 0 0 0 1 0
 0 0 0 1 0 0 0 0 0 0
 1 0 1 0 0 0 1 1 0 0
 0 0 0 0 0 0 0 0 1 0
 0 0 1 0 0 0 0 1 0 0
 0 1 0 0 0 1 0 0 0 1
 1 0 0 0 0 1 0 0 0 0
 0 0 0 1 1 0 0 0 0 1
 1 0 0 0 0 1 0 0 0 0
 1 0 0 0 0 0 0 0 0 1
 0 0 0 0 0 0 1 0 0 1
 1 1 0 0 0 0 0 0 0 0
 0 0 1 0 0 1 0 0 0 0
 0 0 1 0 0 1 0 0 0 0
 0 0 0 0 0 0 0 1 0 0
 0 1 0 0 0 0 0 0 0 0
 0 0 0 0 1 0 0 0 0 0
 0 0 0 1 1 0 0 0 1 0
 0 0 0 1 0 0 1 0 0 0
 0 0 1 0 1 1 0 1 0 1

Warwick 1304: balanced orders, 7 orders per product
30 10
 0 0 0 0 1 0 0 1 0 0
 0 0 0 0 0 0 1 0 0 1
 0 0 1 0 0 1 0 0 1 0
 0 1 0 0 0 0 0 0 0 1
 0 1 0 0 0 0 0 0 0 0
 0 0 1 0 0 1 0 0 0 0
 0 0 0 0 0 0 0 1 1 0
 1 0 1 1 0 1 0 1 0 0
 0 0 0 1 0 0 0 0 0 0
 1 0 0 0 0 0 0 0 0 0
 0 1 1 0 0 0 0 1 0 1
 0 0 0 0 1 0 0 0 0 1
 0 0 0 1 1 0 1 0 0 0
 0 0 0 0 0 0 0 1 0 0
 1 1 0 1 0 1 0 0 1 1
 0 0 0 0 1 0 0 0 0 0
 0 0 0 0 0 1 1 0 0 0
 1 0 0 0 0 0 0 0 0 0
 1 0 0 0 0 1 1 1 0 0
 0 1 0 0 0 0 1 0 1 1
 0 0 0 1 0 0 0 0 1 1
 1 0 0 0 0 0 0 0 0 0
 0 1 0 0 0 0 0 1 0 0
 0 0 0 0 1 0 1 0 1 0
 1 1 0 0 0 0 0 0 1 0
 0 0 1 0 0 0 0 0 0 0
 0 0 0 1 1 1 0 0 0 0
 0 0 1 0 1 0 0 0 0 0
 0 0 0 0 0 0 1 0 0 0
 0 0 1 1 0 0 0 0 0 0

Warwick 1305: balanced orders, 7 orders per product
30 10
 1 1 0 0 0 0 0 0 1 0
 0 0 1 1 0 0 0 0 0 0
 0 0 1 1 1 1 1 0 0 1
 1 1 0 0 0 0 0 0 0 0
 0 1 1 0 1 0 0 0 1 1
 0 0 1 1 0 0 0 0 0 0
 0 0 0 0 0 0 0 1 0 0
 1 0 0 0 0 0 0 0 0 0
 0 0 1 0 0 0 0 0 0 0
 0 0 0 0 1 1 0 0 0 0
 0 0 0 0 0 1 0 0 0 0
 1 0 0 0 0 0 0 1 0 0
 0 0 0 0 1 0 0 0 1 1
 1 0 0 0 0 1 0 0 0 0
 0 0 0 1 0 1 0 0 1 0
 0 0 0 0 0 0 1 1 0 1
 0 1 0 0 0 0 1 0 0 0
 0 0 0 0 0 0 1 0 0 0
 0 1 0 1 1 0 0 1 0 0
 0 0 0 0 1 0 0 1 0 0
 0 0 0 0 0 0 0 0 0 1
 1 0 0 0 0 0 0 0 0 0
 0 1 0 0 0 1 0 0 1 0
 1 0 0 0 0 0 0 1 1 1
 0 0 0 1 0 0 0 1 0 0
 0 0 0 0 0 0 0 0 1 1
 0 0 0 0 0 1 1 0 0 0
 0 1 1 0 0 0 1 0 0 0
 0 0 1 0 1 0 1 0 0 0
 0 0 0 1 0 0 0 0 0 0

Warwick 1306: balanced orders, 7 orders per product
30 10
 0 0 1 0 0 0 0 0 0 1
 1 1 0 1 0 0 0 0 0 0
 0 0 1 0 0 0 0 0 0 0
 0 0 0 0 0 1 1 0 0 0
 1 0 1 1 0 0 0 0 0 0
 0 0 0 1 0 1 0 0 0 0
 0 1 0 0 0 0 1 0 0 0
 0 1 1 1 1 1 1 0 0 0
 1 0 1 0 0 0 0 0 0 1
 0 1 0 0 0 0 0 0 1 0
 0 0 1 0 0 0 0 1 1 0
 0 0 0 0 0 1 0 1 0 0
 0 0 0 0 0 0 0 0 1 0
 1 0 0 0 1 0 0 0 0 1
 0 0 0 0 1 0 0 0 0 1
 1 0 0 0 1 0 0 0 0 0
 0 0 0 1 1 0 0 0 0 0
 1 0 0 0 0 0 0 1 1 0
 0 0 0 0 0 1 1 1 1 0
 0 0 0 0 1 0 0 0 0 0
 0 0 0 1 0 0 0 0 0 0
 0 0 0 0 1 0 0 0 0 0
 0 0 1 0 0 0 0 0 0 0
 0 1 0 0 0 1 0 1 1 0
 1 0 0 1 0 0 0 0 0 1
 0 1 0 0 0 0 1 1 0 0
 0 0 0 0 0 0 0 1 1 0
 0 0 0 0 0 0 1 0 0 1
 0 1 0 0 0 0 1 0 0 1
 0 0 0 0 0 1 0 0 0 0

Warwick 1307: balanced orders, 7 orders per product
30 10
 0 0 0 1 0 0 0 0 1 0
 0 1 0 0 0 0 0 0 1 0
 0 1 0 0 0 0 1 0 0 0
 0 0 0 0 0 0 1 0 0 0
 0 0 0 0 0 0 1 0 0 0
 0 0 0 0 1 0 0 0 0 0
 1 0 1 1 0 0 0 1 0 1
 0 0 0 0 0 1 0 0 0 1
 0 0 1 0 0 0 0 0 0 0
 0 0 0 1 0 0 0 0 0 0
 0 1 0 1 0 0 1 0 0 0
 0 0 1 0 0 0 1 0 0 1
 0 0 0 0 0 1 1 0 0 0
 0 0 1 1 1 0 0 0 1 0
 0 0 1 0 0 1 0 1 0 1
 0 0 0 0 0 1 0 1 1 0
 0 0 0 0 0 0 0 1 1 0
 0 1 0 0 1 0 0 0 0 0
 0 1 0 0 0 0 0 1 0 1
 1 1 0 0 0 0 0 0 0 0
 0 0 0 1 1 0 0 0 0 0
 1 0 0 0 1 0 0 0 0 0
 1 1 0 0 0 0 0 0 0 0
 1 0 1 0 0 0 0 0 1 1
 0 0 0 0 0 1 0 1 0 0
 1 0 0 0 0 1 0 0 0 1
 0 0 0 0 1 0 0 0 1 0
 1 0 1 1 1 0 0 1 0 0
 0 0 0 0 0 1 0 0 0 0
 0 0 0 0 0 0 1 0 0 0

Warwick 1308: balanced orders, 7 orders per product
30 10
 1 1 0 1 1 0 1 1 1 0
 1 0 0 1 1 0 0 0 0 0
 1 1 1 0 0 1 0 0 0 0
 0 0 0 0 0 0 0 0 0 1
 0 0 0 0 0 0 0 1 0 0
 0 0 0 1 0 0 0 1 0 1
 0 0 0 0 0 1 0 0 0 1
 0 0 0 1 0 0 0 0 1 0
 1 0 0 0 1 0 0 0 0 0
 0 0 0 0 0 1 0 0 0 0
 0 0 1 0 0 0 0 0 0 0
 0 1 0 0 1 1 1 0 0 0
 0 0 0 0 1 0 0 0 0 0
 0 0 0 0 0 0 1 1 0 0
 0 0 1 0 0 0 0 0 0 0
 1 1 0 0 0 1 0 0 0 0
 0 0 0 0 0 0 1 0 0 0
 0 0 0 0 1 0 0 0 1 0
 0 0 0 0 1 0 1 0 0 0
 0 1 0 0 0 0 1 0 0 0
 0 0 1 0 0 0 0 1 0 0
 0 0 1 0 0 0 0 0 0 0
 0 0 0 0 0 0 0 0 1 1
 0 1 0 1 0 0 0 0 0 0
 0 0 1 0 0 1 1 1 1 1
 0 1 0 1 0 0 0 0 1 0
 0 0 0 1 0 0 0 0 1 0
 1 0 0 0 0 0 0 1 0 1
 0 0 0 0 0 1 0 0 0 0
 1 0 1 0 0 0 0 0 0 1

Warwick 1309: balanced orders, 7 orders per product
30 10
 0 0 0 0 1 0 0 0 1 0
 1 1 0 0 0 0 1 1 0 0
 0 0 1 0 0 0 0 0 0 1
 0 0 0 0 0 0 1 0 1 0
 1 0 0 0 0 1 1 1 1 0
 0 0 1 0 0 1 1 0 0 0
 0 0 1 0 0 0 1 0 0 0
 0 0 1 0 0 0 0 0 0 0
 0 1 0 1 0 0 0 0 0 0
 0 0 1 0 0 1 0 0 0 1
 1 0 0 1 1 1 0 0 0 0
 0 1 0 0 0 0 0 0 0 0
 0 0 0 0 0 0 0 0 0 1
 0 0 0 0 0 0 0 1 0 1
 0 1 0 1 1 0 1 0 1 0
 0 0 0 0 0 0 0 1 0 0
 0 0 0 1 0 0 1 0 0 0
 1 0 0 0 1 0 0 0 0 1
 0 0 1 0 1 0 0 1 0 0
 1 0 0 1 0 1 0 0 0 0
 0 0 1 0 0 0 0 0 1 1
 0 1 0 0 0 0 0 0 0 0
 0 0 0 0 1 0 0 0 0 0
 0 1 0 1 0 1 0 0 1 0
 0 0 0 1 0 0 0 0 0 1
 0 0 0 0 1 0 0 1 0 0
 0 0 0 0 0 0 0 1 1 0
 1 1 0 0 0 0 0 0 0 0
 1 0 0 0 0 0 0 0 0 0
 0 0 0 0 0 1 0 0 0 0

Warwick 1310: balanced orders, 7 orders per product
30 10
 1 0 1 0 1 1 0 0 0 0
 0 1 0 0 1 1 0 0 0 0
 1 0 1 0 0 0 1 0 0 0
 0 0 0 1 0 0 1 0 0 0
 0 1 0 0 0 0 0 0 1 1
 0 0 1 0 0 1 0 0 0 0
 1 0 0 0 0 1 0 0 0 0
 0 0 0 0 0 0 1 0 0 0
 0 1 0 0 0 0 0 0 0 0
 1 1 0 0 0 1 0 0 0 0
 0 0 0 0 0 0 1 0 0 1
 0 0 0 0 1 0 0 1 1 0
 0 0 0 0 0 1 0 0 0 0
 0 1 0 0 0 1 1 1 0 0
 0 0 0 1 0 0 0 0 1 1
 0 0 0 1 0 0 0 0 0 0
 0 0 1 0 0 0 0 0 0 0
 1 0 1 0 0 0 0 0 0 0
 0 0 0 0 0 0 0 1 1 1
 0 0 0 0 1 0 0 0 0 0
 0 0 0 0 0 0 1 0 0 0
 0 0 0 1 0 0 0 0 0 1
 0 0 0 1 1 0 0 0 1 0
 0 0 0 0 0 0 0 1 0 0
 0 1 1 0 1 0 0 0 0 0
 0 1 0 1 0 0 0 0 1 0
 1 0 0 0 0 0 1 0 0 0
 0 0 1 0 0 0 0 1 0 0
 1 0 0 1 1 0 0 1 1 1
 0 0 0 0 0 0 0 1 0 1

Warwick 1311: balanced orders, 8 orders per product
30 10
 0 0 0 0 0 1 0 1 0 0
 0 0 1 0 0 0 1 0 0 0
 0 1 0 1 1 0 1 0 0 0
 0 0 0 0 1 1 0 0 1 0
 0 1 0 0 0 0 0 0 0 0
 0 1 0 0 0 0 1 0 0 0
 0 1 1 0 0 1 0 0 0 1
 0 1 0 0 0 0 0 1 0 1
 1 0 0 0 0 0 0 1 0 0
 0 0 0 0 0 0 0 1 0 0
 0 0 0 0 0 0 0 1 1 0
 0 1 0 0 1 0 0 0 0 0
 0 0 0 0 1 1 0 0 0 0
 0 1 0 0 1 0 0 0 0 0
 0 0 0 0 0 0 0 1 1 0
 0 0 0 0 1 0 1 1 0 0
 0 0 0 1 1 0 0 0 0 1
 0 0 1 0 0 0 0 0 0 1
 1 0 1 1 0 0 0 0 1 1
 1 0 0 1 0 1 0 0 0 0
 0 0 1 0 0 1 0 0 1 0
 0 0 0 0 0 0 1 0 0 1
 1 0 1 0 0 1 1 0 0 0
 0 0 0 0 0 0 0 0 0 1
 0 0 0 1 0 1 0 0 1 0
 1 0 0 1 0 0 1 0 0 0
 0 0 0 1 0 0 0 0 1 1
 1 0 0 0 0 0 0 0 0 0
 1 0 1 0 0 0 1 1 0 0
 1 1 1 1 1 0 0 0 1 0

Warwick 1312: balanced orders, 8 orders per product
30 10
 0 0 0 0 1 0 0 0 0 0
 1 1 0 0 0 0 1 1 0 1
 0 1 0 0 1 0 0 0 0 0
 1 0 0 0 0 0 0 0 0 0
 0 0 0 1 1 1 0 0 0 0
 0 0 0 0 0 0 0 0 1 0
 0 1 0 0 0 1 0 1 0 0
 0 1 0 0 0 0 0 1 0 0
 1 0 0 1 1 0 0 0 0 1
 0 0 1 0 0 1 1 0 0 1
 1 0 1 0 1 0 1 1 0 0
 0 0 0 1 0 0 0 0 0 0
 0 1 0 0 1 1 0 0 1 0
 0 0 1 0 0 0 0 0 0 1
 0 0 1 0 0 0 0 0 1 0
 0 0 1 0 0 0 1 0 0 0
 0 1 0 0 0 0 1 1 0 0
 1 0 1 1 0 0 0 0 0 0
 0 0 0 1 0 0 0 0 0 1
 1 0 0 1 0 1 0 0 1 0
 0 0 0 0 0 1 1 0 1 0
 0 1 1 0 1 0 1 0 0 0
 1 1 0 0 0 1 0 0 1 0
 0 0 0 1 1 0 0 0 0 0
 1 0 0 0 0 0 0 1 1 1
 0 0 0 1 0 0 0 0 1 1
 0 0 0 0 0 0 1 1 0 1
 0 0 0 0 0 0 0 1 0 0
 0 0 1 0 0 0 0 0 0 0
 0 0 0 0 0 1 0 0 0 0

Warwick 1313: balanced orders, 8 orders per product
30 10
 1 0 1 0 0 1 0 0 0 0
 0 0 0 0 0 1 0 0 1 0
 0 0 0 0 0 1 0 0 0 0
 0 0 1 0 1 0 0 0 0 0
 0 0 0 0 0 1 0 0 0 1
 1 0 1 1 1 0 1 0 1 0
 1 0 0 1 0 0 0 0 0 0
 0 0 0 0 0 0 0 1 0 1
 0 0 0 1 0 1 0 1 0 0
 0 0 0 1 0 0 0 1 1 1
 0 1 0 0 0 0 1 0 1 0
 1 0 0 0 0 0 1 0 0 0
 1 1 0 0 0 0 0 1 0 0
 0 1 0 0 0 0 0 0 1 0
 0 0 0 0 1 0 1 1 0 0
 1 0 1 0 0 0 0 0 0 1
 1 0 1 0 1 0 1 0 0 0
 0 0 1 1 0 0 0 0 0 1
 0 1 0 0 0 0 0 0 0 0
 1 1 0 1 1 0 1 0 0 0
 0 0 1 0 0 0 0 0 0 0
 0 1 0 1 0 0 0 1 0 0
 0 0 0 0 1 0 0 0 0 1
 0 0 0 0 0 1 0 0 1 0
 0 0 1 0 0 1 0 1 0 0
 0 1 0 1 1 0 0 0 0 1
 0 1 0 0 0 1 0 1 0 0
 0 0 0 0 0 0 1 0 1 0
 0 0 0 0 1 0 0 0 1 1
 0 0 0 0 0 0 1 0 0 0

Warwick 1314: balanced orders, 8 orders per product
30 10
 0 0 0 1 1 0 0 1 0 0
 0 0 1 0 0 1 0 1 0 0
 0 1 0 0 0 0 1 0 0 0
 0 0 0 0 0 1 1 1 1 1
 1 0 0 0 1 0 1 0 0 0
 0 0 0 0 0 0 1 1 1 1
 0 0 1 1 0 1 0 0 1 0
 0 1 0 0 1 1 1 0 1 0
 0 0 0 0 0 0 0 1 0 1
 0 1 0 0 1 0 1 0 0 0
 0 0 0 0 0 0 0 0 0 1
 0 0 1 1 0 0 0 0 0 0
 1 0 0 0 0 0 0 0 1 0
 0 0 0 0 0 0 0 0 0 1
 1 1 0 0 0 0 0 0 0 0
 1 0 0 0 0 1 1 0 0 0
 0 0 1 0 1 0 0 0 0 0
 1 0 0 0 0 0 1 0 0 0
 0 1 0 1 0 0 0 0 1 0
 0 0 0 0 0 0 0 0 0 1
 0 0 0 0 1 0 0 1 1 0
 1 0 1 0 0 0 0 1 0 0
 1 0 0 0 0 0 0 0 0 0
 1 1 0 1 0 0 0 0 0 1
 0 0 0 1 0 0 0 0 0 0
 0 0 1 0 0 0 0 0 0 0
 0 1 1 1 0 1 0 1 0 0
 0 1 0 0 0 0 0 0 0 0
 0 0 1 1 1 1 0 0 1 0
 0 0 0 0 1 1 0 0 0 1

Warwick 1315: balanced orders, 8 orders per product
30 10
 0 0 0 0 0 0 0 0 1 0
 0 1 0 0 0 0 1 0 1 0
 0 1 1 0 0 0 0 1 0 0
 1 0 0 0 1 0 1 0 1 0
 0 1 0 0 0 0 0 0 0 0
 1 0 0 1 0 1 0 0 0 0
 1 0 0 0 1 0 0 0 0 1
 0 1 0 0 0 1 0 0 0 0
 0 0 0 0 0 0 0 1 1 1
 0 0 1 1 0 0 1 1 1 0
 1 0 0 0 0 0 0 0 0 0
 0 0 1 0 0 0 0 1 0 0
 1 1 0 0 0 0 0 0 1 0
 0 0 1 0 0 0 0 1 0 0
 0 0 0 0 0 1 0 0 0 0
 0 1 0 1 0 0 0 1 0 0
 0 0 0 0 1 0 0 0 1 0
 0 0 0 1 1 0 0 0 0 0
 0 0 0 0 0 0 1 1 0 0
 1 0 0 1 0 0 1 0 0 1
 0 0 0 0 1 1 1 0 0 0
 0 0 0 1 1 0 1 0 1 1
 0 0 1 0 0 0 0 0 0 1
 1 0 1 0 0 1 0 0 0 0
 0 0 0 1 0 1 0 0 0 1
 0 0 0 1 1 0 0 0 0 1
 1 0 0 0 0 1 1 0 0 0
 0 0 1 0 1 0 0 1 0 0
 0 1 0 0 0 0 0 0 0 0
 0 1 1 0 0 1 0 0 0 1

Warwick 1316: balanced orders, 8 orders per product
30 10
 1 0 0 0 0 0 0 0 0 0
 0 1 1 0 0 1 0 0 0 0
 1 0 0 0 0 0 1 0 0 0
 1 0 1 1 0 0 0 1 1 0
 0 0 1 0 0 0 0 0 1 1
 0 0 1 1 0 0 1 0 0 1
 1 1 0 0 0 1 0 0 0 0
 0 0 0 0 0 0 0 1 0 1
 1 0 0 0 1 0 1 0 0 0
 0 0 0 0 1 0 1 0 0 0
 0 1 0 0 0 1 1 1 0 0
 0 0 0 1 1 0 1 0 0 1
 0 0 0 0 0 0 0 0 1 0
 0 0 0 0 0 0 0 0 1 0
 1 1 0 0 0 0 0 1 1 1
 0 0 1 1 0 0 1 0 0 0
 0 1 1 1 0 0 0 0 0 0
 0 0 0 0 0 0 0 0 0 1
 1 0 0 0 0 1 0 1 0 0
 0 1 0 0 1 0 0 1 0 0
 0 0 0 0 0 0 0 0 0 1
 0 0 0 0 0 1 0 0 0 0
 0 0 0 0 1 1 0 0 0 0
 0 0 1 0 0 0 0 0 0 0
 0 1 0 0 1 0 0 0 0 0
 0 1 0 0 1 0 0 0 1 0
 1 0 1 1 0 0 0 1 1 0
 0 0 0 1 1 1 0 0 0 0
 0 0 0 1 0 0 0 1 0 0
 0 0 0 0 0 1 1 0 1 1

Warwick 1317: balanced orders, 8 orders per product
30 10
 0 0 0 0 0 1 0 0 0 0
 0 0 1 0 0 0 0 0 0 0
 1 0 0 0 0 1 0 0 1 0
 0 0 0 0 0 0 0 1 0 0
 0 1 1 0 0 1 0 1 0 0
 0 0 1 0 0 1 0 0 0 1
 0 1 0 0 0 0 1 1 0 0
 0 0 0 1 1 0 0 0 1 0
 0 1 0 0 0 0 1 0 0 1
 0 0 1 0 0 0 0 0 0 1
 0 0 0 0 0 0 1 0 0 0
 0 0 0 0 1 0 0 0 0 0
 1 0 0 0 0 0 0 0 0 0
 1 0 0 0 0 0 0 0 1 0
 0 0 0 0 1 0 0 0 0 0
 1 0 0 0 0 0 1 1 0 0
 0 0 1 1 0 0 0 0 1 1
 1 1 0 0 1 1 0 0 0 0
 0 1 0 1 0 1 0 1 1 1
 0 1 1 0 0 0 0 1 0 0
 0 0 0 0 0 0 1 0 0 0
 0 0 0 1 0 1 1 1 0 0
 1 0 1 1 0 0 0 0 0 0
 0 0 0 0 1 0 0 0 1 1
 1 0 0 0 1 1 0 0 0 0
 0 0 0 0 1 0 1 1 0 1
 0 1 1 1 0 0 1 0 1 0
 0 0 0 0 1 0 0 0 1 0
 0 1 0 1 0 0 0 0 0 1
 1 0 0 1 0 0 0 0 0 0

Warwick 1318: balanced orders, 8 orders per product
30 10
 0 1 1 0 0 0 0 0 0 1
 1 0 1 0 0 0 0 0 0 1
 1 0 0 0 0 0 0 0 0 0
 1 0 0 1 0 1 0 0 1 0
 0 0 0 0 0 0 0 1 0 0
 0 0 0 1 0 0 0 0 0 0
 0 0 1 1 0 0 0 1 0 0
 0 0 0 0 0 0 0 0 1 0
 1 0 0 0 0 0 0 1 1 0
 0 1 0 1 1 0 0 0 0 0
 0 0 0 1 0 1 1 0 0 1
 1 0 0 0 0 0 0 0 0 1
 0 1 1 0 0 0 0 0 0 1
 0 0 0 0 0 0 0 0 1 0
 0 0 1 1 0 1 0 0 0 0
 1 0 0 1 0 0 1 0 0 0
 0 0 1 0 0 0 1 0 0 1
 0 0 0 0 0 0 1 1 1 1
 1 1 0 0 0 0 1 1 0 0
 0 0 0 0 0 1 1 0 1 0
 0 1 0 0 1 0 0 0 0 0
 0 0 1 0 1 1 0 0 0 0
 0 1 1 0 1 0 0 1 0 0
 0 0 0 0 1 0 0 0 0 0
 0 0 0 1 1 1 0 0 0 0
 0 0 0 0 1 0 0 0 0 0
 0 0 0 0 1 1 1 1 1 0
 1 0 0 0 0 0 0 0 0 0
 0 1 0 0 0 1 0 1 0 0
 0 1 0 0 0 0 1 0 1 1

Warwick 1319: balanced orders, 8 orders per product
30 10
 0 0 0 0 0 0 1 0 0 1
 0 1 0 0 0 1 1 0 0 0
 0 0 0 0 0 0 0 1 0 0
 0 1 0 1 0 0 0 0 0 0
 0 0 1 0 0 1 0 0 1 1
 1 0 0 0 0 1 0 0 0 0
 0 0 0 0 0 1 0 0 0 0
 1 0 0 1 0 0 1 1 0 0
 0 0 0 1 0 0 0 1 0 0
 0 0 0 0 0 0 1 1 0 0
 0 1 1 0 0 0 0 1 0 0
 0 1 0 0 0 0 0 0 0 0
 0 0 0 0 1 0 0 0 0 1
 1 0 0 1 1 0 0 0 1 0
 1 0 0 0 0 0 1 0 0 1
 0 0 0 0 0 0 0 0 1 1
 0 0 1 1 0 0 1 0 0 0
 0 0 0 0 1 1 0 0 0 1
 0 0 1 0 0 0 0 0 0 0
 1 1 0 0 1 1 0 0 0 0
 0 0 0 0 0 0 1 0 0 0
 0 1 0 1 1 0 0 0 1 0
 0 0 0 0 0 0 0 0 0 1
 0 0 1 1 0 0 0 1 1 0
 1 0 0 0 1 0 0 1 1 0
 0 1 1 0 0 0 0 1 1 0
 1 0 0 1 1 0 0 0 1 0
 1 0 1 0 0 0 1 0 0 1
 0 1 1 0 0 1 0 0 0 0
 0 0 0 0 1 1 0 0 0 0

Warwick 1320: balanced orders, 8 orders per product
30 10
 0 0 0 0 0 0 1 0 0 0
 1 0 1 1 0 0 0 0 0 0
 0 0 0 0 0 1 0 1 1 0
 0 0 0 1 0 1 0 0 0 1
 0 0 1 0 0 0 0 0 1 0
 0 1 0 0 1 0 1 0 1 0
 1 0 0 0 0 1 0 0 0 0
 1 1 0 0 1 0 0 0 0 1
 0 1 0 1 0 0 0 0 0 0
 0 0 0 0 0 1 0 0 0 0
 0 0 0 1 1 0 0 0 0 0
 0 0 0 0 0 0 0 0 0 1
 0 1 1 1 1 0 0 1 1 0
 0 0 0 0 1 0 0 0 0 0
 0 0 0 1 0 0 0 1 1 0
 0 0 0 0 1 1 0 0 0 0
 0 1 0 0 0 0 1 0 0 1
 1 0 0 0 0 0 1 0 0 0
 1 0 1 0 0 1 0 0 0 1
 1 1 0 0 0 0 0 1 1 0
 0 0 0 0 0 0 1 0 1 0
 1 1 0 0 1 1 0 1 0 0
 0 0 0 0 0 1 0 1 0 0
 0 0 1 0 0 0 0 1 0 1
 0 0 1 0 0 0 0 0 0 0
 0 0 1 0 1 0 1 0 0 0
 0 0 0 0 0 0 1 1 1 1
 0 0 1 1 0 0 1 0 0 1
 1 0 0 1 0 0 0 0 0 0
 0 1 0 0 0 0 0 0 0 0

Warwick 1321: balanced orders, 9 orders per product
30 10
 0 0 0 1 0 0 0 0 0 0
 1 0 0 0 0 1 1 0 0 1
 0 0 0 0 0 0 0 0 1 0
 1 0 1 0 1 1 0 0 0 0
 1 0 0 0 0 0 1 0 0 0
 0 0 0 0 0 0 0 0 0 1
 0 0 0 0 0 0 0 0 0 1
 0 0 1 0 0 0 0 0 1 0
 0 1 0 0 1 0 0 1 0 1
 0 0 1 0 1 0 1 1 1 1
 0 0 1 0 1 1 1 0 1 0
 0 0 1 0 1 0 0 1 1 0
 0 1 0 0 0 0 0 0 1 1
 0 1 0 0 0 1 0 0 1 0
 1 0 0 1 0 0 0 0 0 0
 0 1 0 1 1 1 0 0 0 0
 1 0 0 1 0 0 0 0 0 0
 0 0 0 0 0 0 1 1 0 1
 0 1 0 1 0 0 1 1 1 0
 0 0 0 0 1 1 0 0 0 0
 0 1 1 0 0 0 0 0 0 1
 0 0 0 0 0 1 0 0 0 0
 0 0 1 0 0 0 0 1 0 0
 1 0 1 1 1 1 1 1 0 0
 0 0 0 0 0 0 0 0 0 1
 0 1 0 0 0 0 1 0 0 0
 1 1 0 1 0 0 0 1 0 0
 1 0 0 1 0 1 1 0 1 0
 1 0 0 1 0 0 0 1 0 0
 0 1 1 0 1 0 0 0 0 0

Warwick 1322: balanced orders, 9 orders per product
30 10
 0 0 1 0 1 0 0 0 1 1
 0 0 0 1 0 1 0 0 0 1
 1 0 1 0 0 0 0 0 0 1
 1 0 0 0 0 0 0 0 0 0
 1 1 0 0 0 1 0 0 0 0
 0 0 1 0 1 1 0 0 1 0
 0 0 0 0 0 1 0 0 0 1
 0 0 0 1 1 0 0 0 1 0
 1 1 0 0 0 1 0 0 0 0
 0 0 0 1 1 1 1 1 0 0
 0 1 1 0 0 0 0 0 0 0
 0 0 0 1 1 0 0 1 1 0
 1 0 1 0 1 0 1 0 0 0
 0 1 0 0 0 0 0 0 0 1
 0 0 1 0 1 1 1 0 0 0
 0 0 0 1 0 0 1 0 0 0
 0 0 1 0 0 0 1 1 0 0
 0 0 0 1 0 0 1 1 1 0
 0 0 1 0 0 1 0 0 0 0
 0 0 0 0 0 0 0 1 1 1
 0 0 0 0 0 0 1 0 0 0
 1 1 0 0 0 0 0 0 0 1
 1 0 1 0 0 0 0 1 0 0
 1 0 0 0 0 0 1 0 0 1
 0 0 0 0 0 0 0 0 1 0
 0 1 0 0 0 0 0 0 1 0
 0 1 0 1 0 0 0 0 0 1
 0 0 0 0 0 0 0 1 1 0
 1 1 0 1 1 1 1 1 0 0
 0 1 0 1 1 0 0 1 0 0

Warwick 1323: balanced orders, 9 orders per product
30 10
 0 1 1 0 0 0 1 1 1 0
 0 0 1 0 0 0 0 0 1 1
 1 0 0 1 0 1 0 0 0 1
 0 0 0 0 0 0 1 0 0 0
 0 0 0 0 0 0 0 0 1 1
 1 0 0 0 0 0 0 0 0 1
 0 0 0 0 1 1 0 0 1 1
 1 0 0 1 0 0 0 0 0 1
 1 0 0 0 0 1 0 1 0 0
 0 0 0 1 0 0 1 0 0 0
 0 1 1 0 0 0 0 0 0 0
 1 0 0 0 0 1 1 1 0 1
 0 0 1 0 1 0 1 0 0 0
 0 0 0 0 0 0 0 0 0 1
 0 0 0 1 0 1 0 0 0 0
 0 0 0 0 1 1 0 0 0 0
 0 0 1 0 0 1 0 1 1 0
 0 1 0 1 0 0 0 0 0 0
 1 0 0 0 1 0 0 0 0 0
 0 0 0 0 0 0 0 1 0 0
 0 0 1 0 0 0 1 1 0 0
 0 1 0 0 1 0 0 1 1 0
 0 0 0 1 1 0 1 1 0 0
 0 1 1 0 0 1 0 0 1 0
 0 1 0 1 1 0 1 0 0 0
 1 0 1 0 0 0 0 0 0 1
 1 1 0 0 1 0 0 1 1 0
 0 1 0 0 0 0 0 0 0 0
 0 1 1 1 1 0 1 0 1 0
 1 0 0 1 0 1 0 0 0 0

Warwick 1324: balanced orders, 9 orders per product
30 10
 0 0 0 0 0 0 1 0 0 0
 0 0 0 1 0 1 0 1 0 0
 0 0 1 1 1 0 1 1 0 0
 0 1 0 0 0 0 0 0 1 1
 1 0 0 0 0 0 0 0 0 0
 1 0 0 0 0 0 1 0 1 0
 1 0 0 0 1 0 1 0 0 1
 1 0 0 0 0 1 0 0 0 0
 0 0 1 0 1 0 0 0 0 0
 0 0 0 0 0 0 1 0 1 1
 1 1 0 1 0 1 1 0 0 0
 1 1 1 1 0 0 0 1 0 1
 0 0 0 0 0 1 0 0 0 0
 0 1 0 0 1 1 0 1 1 1
 1 0 0 0 1 0 0 0 0 0
 0 0 0 1 0 0 1 1 0 0
 0 0 1 0 0 0 1 1 0 0
 1 0 1 0 0 0 0 0 1 0
 0 0 0 0 1 0 0 0 0 1
 1 1 1 0 1 0 0 0 1 1
 0 1 1 0 0 0 0 1 0 0
 0 0 0 0 0 1 0 1 0 0
 0 0 0 0 0 1 0 0 0 0
 0 0 0 1 1 0 0 0 1 1
 0 1 0 0 0 1 0 0 0 0
 0 1 0 1 0 1 0 1 0 0
 0 1 1 0 1 0 0 0 0 0
 0 0 0 0 0 0 0 0 1 1
 0 0 1 1 0 0 1 0 0 0
 0 0 0 1 0 0 0 0 1 0

Warwick 1325: balanced orders, 9 orders per product
30 10
 0 0 0 1 0 0 0 0 0 1
 0 1 0 1 0 1 0 0 1 0
 1 0 1 0 1 1 0 0 0 0
 0 0 0 1 0 0 1 0 0 0
 1 1 0 0 1 0 0 0 0 1
 1 1 1 0 0 0 0 0 1 0
 1 1 0 0 1 1 0 0 1 0
 0 1 0 0 0 0 0 1 1 0
 0 0 0 1 1 0 1 1 1 1
 1 0 0 0 0 1 1 0 0 0
 0 0 1 1 1 1 0 1 0 0
 0 0 0 1 1 0 0 1 0 1
 1 0 1 0 0 0 0 1 0 0
 1 0 0 0 0 0 1 0 1 1
 0 0 0 0 0 0 0 0 1 1
 0 0 0 0 0 0 1 0 0 1
 0 1 0 0 1 0 0 1 0 0
 0 0 0 1 0 0 0 0 0 0
 0 0 0 1 0 0 0 0 0 0
 0 0 1 0 1 1 0 0 0 0
 0 0 1 0 0 0 1 1 0 1
 0 0 0 0 1 0 1 0 0 0
 1 1 1 0 0 1 0 0 0 0
 0 0 0 0 0 0 0 1 1 0
 0 1 0 0 0 1 0 0 0 0
 0 0 0 0 0 0 1 0 0 1
 0 0 0 0 0 0 0 1 0 0
 1 1 1 0 0 0 0 0 1 0
 0 0 0 0 0 1 0 0 0 0
 0 0 1 1 0 0 1 0 0 0

Warwick 1326: balanced orders, 9 orders per product
30 10
 1 0 0 0 0 0 0 0 0 1
 0 0 0 0 1 1 1 1 0 0
 0 1 0 1 0 1 1 0 1 0
 0 0 0 1 0 0 0 0 0 1
 0 1 1 1 0 1 0 0 0 1
 1 1 0 0 0 0 0 1 0 1
 1 0 0 1 0 0 0 1 0 1
 0 0 0 1 0 0 0 1 0 0
 0 0 1 0 0 1 0 1 1 0
 0 1 0 1 0 0 0 0 1 1
 1 0 1 0 0 1 1 0 0 1
 1 0 1 0 0 1 0 0 0 0
 0 0 1 0 1 0 0 0 0 0
 0 1 0 0 1 1 1 0 0 0
 0 0 0 1 0 0 1 0 1 0
 0 0 0 0 1 0 1 0 1 0
 0 0 0 0 1 0 0 0 1 0
 1 0 0 0 0 0 0 0 0 0
 0 1 1 1 0 1 0 0 1 0
 1 0 0 0 1 0 0 1 0 0
 0 0 0 0 0 0 1 0 0 0
 0 1 1 0 0 0 0 0 0 0
 0 0 0 0 1 0 0 0 1 0
 1 0 0 1 0 0 0 1 0 1
 0 1 0 0 0 0 1 0 0 0
 0 0 1 0 0 0 1 0 0 1
 0 0 1 0 1 0 0 1 0 0
 1 0 0 0 1 0 0 0 1 0
 0 0 0 0 0 0 0 1 0 0
 0 1 0 0 0 1 0 0 0 0

Warwick 1327: balanced orders, 9 orders per product
30 10
 1 0 0 0 1 0 0 1 0 0
 0 1 1 1 1 0 1 1 1 0
 0 1 0 1 0 1 0 0 0 1
 1 0 0 0 0 1 0 0 1 0
 0 0 0 1 0 0 0 0 0 0
 0 0 1 1 0 0 0 1 0 0
 0 0 0 0 0 0 0 1 1 1
 1 0 1 0 0 1 1 0 1 0
 0 1 1 0 0 0 0 0 1 0
 0 1 0 0 0 0 0 0 0 0
 1 0 0 0 0 1 0 1 1 1
 0 1 0 0 1 1 0 1 1 1
 0 1 0 1 0 0 1 0 0 0
 1 0 0 1 1 0 1 0 0 1
 1 0 1 0 0 0 0 0 0 1
 1 0 0 0 0 0 0 0 0 0
 0 0 0 1 0 0 1 1 0 0
 0 0 0 0 0 1 1 0 0 0
 0 0 0 1 0 0 0 0 1 1
 0 0 0 0 0 0 0 1 0 0
 1 1 0 0 0 1 1 0 0 0
 0 1 0 1 0 0 1 1 0 0
 0 0 0 0 1 0 0 0 0 0
 0 0 1 0 0 1 0 0 1 0
 1 0 1 0 1 0 0 0 0 0
 0 0 1 0 0 0 0 0 0 0
 0 0 1 0 0 0 0 0 0 0
 0 1 0 0 1 1 1 0 0 1
 0 0 0 0 1 0 0 0 0 1
 0 0 0 0 1 0 0 0 0 0

Warwick 1328: balanced orders, 9 orders per product
30 10
 0 1 0 0 0 0 1 1 0 0
 0 0 0 0 0 1 0 0 0 0
 0 1 0 1 0 0 0 0 0 0
 0 0 0 0 0 1 1 1 1 1
 0 0 1 1 1 1 0 0 0 0
 0 0 0 1 0 0 0 1 0 1
 1 1 0 0 1 1 1 1 1 0
 1 0 1 0 1 0 0 0 0 0
 0 0 0 0 0 1 1 0 0 0
 0 0 1 0 0 0 1 1 1 1
 1 0 1 0 0 1 1 0 0 1
 0 0 1 0 1 0 0 1 1 0
 0 1 1 0 0 0 0 0 1 0
 0 0 0 0 1 0 0 0 0 0
 0 1 0 0 0 0 0 0 0 0
 0 0 1 0 0 0 0 0 1 1
 1 1 1 0 0 1 1 1 0 0
 0 0 0 0 0 0 0 1 0 0
 1 0 0 1 0 1 0 0 0 1
 0 1 0 0 0 0 0 0 1 0
 0 0 1 1 0 0 0 0 0 0
 0 0 0 1 0 0 1 0 0 1
 0 0 0 0 0 0 0 0 0 1
 0 0 0 0 1 0 1 0 0 0
 1 1 0 0 0 0 0 0 1 0
 0 0 0 1 0 0 0 0 0 0
 1 0 0 0 1 0 0 1 0 0
 0 1 0 0 0 0 0 0 0 0
 1 0 0 1 1 1 0 0 0 1
 1 0 0 1 1 0 0 0 1 0

Warwick 1329: balanced orders, 9 orders per product
30 10
 0 1 1 0 0 0 0 0 0 0
 1 0 0 0 1 0 0 0 0 0
 0 0 1 1 0 0 0 0 0 0
 0 0 0 0 0 0 0 0 1 1
 1 1 0 0 0 0 0 0 0 0
 0 0 1 0 1 0 0 1 0 0
 0 0 0 0 0 1 1 0 1 0
 0 0 1 0 0 0 0 0 0 0
 1 0 0 0 1 0 1 1 1 0
 0 0 1 0 0 0 0 1 0 1
 1 1 0 1 0 1 0 1 0 1
 0 0 1 0 1 0 0 0 1 0
 1 0 1 0 0 0 1 0 0 0
 1 0 0 1 0 0 1 1 0 0
 0 1 0 1 0 1 1 0 0 0
 0 0 1 0 0 1 0 0 1 0
 0 0 0 1 0 0 1 0 1 1
 1 1 0 1 0 0 0 0 0 0
 1 0 0 1 1 0 0 0 1 0
 0 1 0 0 0 1 1 0 0 1
 0 0 0 0 0 1 0 1 0 0
 0 1 1 0 1 0 0 1 1 1
 0 0 0 0 1 0 0 0 0 0
 0 1 0 0 0 0 1 0 1 0
 0 1 0 1 1 1 0 1 0 0
 1 0 0 0 0 0 0 0 0 1
 0 0 0 0 1 0 0 0 0 1
 0 0 0 0 0 1 0 0 0 1
 0 0 0 0 0 1 1 1 0 0
 0 0 0 1 0 0 0 0 0 0

Warwick 1330: balanced orders, 9 orders per product
30 10
 0 0 1 0 1 1 1 1 1 0
 0 0 0 1 0 0 0 0 0 0
 0 0 0 0 1 0 1 0 1 0
 0 1 0 0 1 0 0 0 0 0
 0 0 1 0 0 1 1 0 0 0
 1 0 0 0 0 0 0 0 0 0
 0 0 1 0 0 0 1 1 1 0
 0 0 0 0 1 0 0 0 0 1
 0 1 0 0 0 0 1 0 0 0
 0 0 0 0 0 1 0 0 0 1
 0 0 0 0 1 0 0 0 0 0
 0 0 0 0 0 0 0 0 0 1
 0 0 1 1 0 0 1 1 0 0
 0 1 1 0 0 0 0 0 0 0
 1 1 0 0 0 1 1 0 0 1
 1 0 0 0 1 0 0 1 1 0
 0 1 0 1 0 0 0 1 1 1
 0 1 0 1 0 1 0 0 0 1
 1 1 0 1 0 0 0 0 0 0
 0 0 0 0 0 1 0 0 0 1
 1 0 0 0 1 0 0 0 0 1
 1 1 0 1 0 1 0 0 1 0
 0 0 1 1 1 0 0 1 0 0
 0 0 0 1 0 1 0 0 1 0
 1 0 0 0 0 0 0 1 0 0
 0 0 1 0 0 0 1 0 0 0
 1 1 1 0 0 0 0 0 0 0
 0 0 0 0 0 0 0 1 1 1
 0 0 1 1 0 1 0 0 0 0
 1 0 0 0 1 0 1 1 1 0

Warwick 1331: balanced orders, 10 orders per product
30 10
 0 0 0 0 0 0 1 0 0 1
 0 0 0 0 0 0 0 0 1 0
 0 0 1 0 0 1 1 1 0 1
 1 0 0 0 0 0 0 0 1 0
 1 0 0 1 0 1 0 0 1 0
 1 0 0 0 0 0 1 0 1 1
 0 0 1 0 0 0 0 1 0 1
 0 0 0 1 1 1 0 1 0 0
 1 1 0 1 1 1 0 0 0 0
 0 1 0 1 0 0 0 0 1 1
 0 0 0 0 1 1 0 0 1 0
 1 1 1 0 0 1 0 0 0 0
 0 1 0 1 0 1 1 1 1 0
 0 1 0 1 0 0 0 0 1 0
 0 0 1 0 1 0 1 0 1 0
 0 0 1 0 0 0 0 0 0 0
 0 0 0 0 1 1 1 0 0 0
 0 1 1 0 0 0 0 1 0 0
 0 0 0 0 1 1 0 1 0 0
 1 0 1 1 0 0 0 1 0 0
 0 1 0 0 1 0 1 0 0 0
 0 1 0 0 1 0 1 0 0 0
 0 0 0 1 1 0 0 1 0 1
 1 0 1 0 0 0 0 0 0 0
 0 1 0 0 0 0 0 0 0 1
 0 0 0 0 0 0 0 1 0 1
 0 0 1 1 0 1 0 1 0 1
 1 0 0 0 0 0 1 0 1 0
 1 1 0 0 1 0 0 0 0 1
 1 0 1 1 0 0 1 0 0 0

Warwick 1332: balanced orders, 10 orders per product
30 10
 0 0 0 0 0 0 1 0 0 1
 1 1 0 1 1 0 0 1 1 0
 1 0 0 0 0 1 0 1 1 1
 1 1 1 0 0 0 1 0 1 0
 1 0 0 1 0 0 0 1 0 0
 0 0 1 0 0 0 0 0 0 0
 0 0 0 0 0 1 1 0 1 0
 0 1 0 0 0 0 0 0 0 0
 0 0 1 1 1 1 1 0 0 0
 0 0 1 0 0 1 0 0 0 0
 0 0 0 0 1 0 1 0 0 0
 1 0 1 1 0 0 0 0 0 1
 0 0 0 1 1 1 0 0 0 0
 0 0 0 0 1 0 1 0 1 0
 1 0 0 1 0 0 0 1 0 1
 0 0 0 0 1 0 0 1 0 0
 1 1 0 0 0 0 1 0 1 0
 1 0 0 0 0 0 1 1 0 0
 0 1 0 0 0 1 0 0 0 0
 0 0 0 0 0 0 0 0 0 1
 1 1 1 1 0 1 0 1 1 0
 0 1 1 0 1 0 0 1 0 0
 0 1 0 0 1 0 0 0 0 1
 0 1 1 1 1 1 0 1 1 1
 0 0 1 0 0 0 1 0 1 0
 0 0 0 1 1 1 0 0 0 1
 0 0 0 1 0 0 0 0 0 0
 0 0 0 0 0 0 0 0 1 1
 0 0 0 0 0 0 1 0 0 0
 1 1 1 0 0 1 0 1 0 1

Warwick 1333: balanced orders, 10 orders per product
30 10
 1 0 1 0 0 0 1 1 0 0
 0 0 0 0 0 0 0 0 1 0
 1 0 0 0 0 0 0 0 0 1
 1 0 0 0 1 1 0 0 0 0
 0 0 0 0 0 1 0 1 0 1
 1 1 0 0 1 0 0 1 0 1
 1 0 0 1 1 0 1 0 0 0
 0 1 0 0 0 0 1 1 0 0
 1 1 0 0 0 1 0 1 1 0
 0 0 0 0 0 0 1 0 0 1
 0 0 1 0 0 0 0 0 0 1
 1 1 1 0 1 0 0 0 0 1
 0 0 0 1 1 0 0 0 1 0
 0 1 0 0 0 0 0 0 1 0
 0 0 1 1 0 1 0 0 0 0
 0 0 0 0 0 1 0 1 0 1
 0 0 0 1 1 0 1 0 1 1
 0 1 1 1 0 1 1 0 0 0
 1 0 0 0 0 0 1 1 0 0
 1 1 1 0 0 0 1 0 0 0
 0 0 1 0 0 1 0 0 0 0
 0 0 1 1 1 0 1 0 0 0
 0 0 0 1 1 0 0 0 1 0
 0 0 1 1 0 1 0 0 1 0
 0 1 1 0 0 0 0 1 0 0
 0 0 0 1 1 0 1 1 1 0
 0 0 0 1 0 0 0 0 0 0
 0 0 0 0 0 1 0 0 0 0
 1 1 0 0 1 1 0 0 1 1
 0 1 0 0 0 0 0 1 1 1

Warwick 1334: balanced orders, 10 orders per product
30 10
 0 1 1 0 0 0 0 0 0 0
 0 0 1 1 0 1 1 0 0 1
 0 0 1 0 0 0 1 0 0 1
 1 1 0 0 1 1 1 0 1 0
 1 0 0 0 1 0 1 0 1 0
 1 0 0 1 1 0 0 0 0 0
 1 1 0 1 1 0 0 1 1 1
 1 0 0 0 0 0 0 0 0 0
 0 0 1 0 0 1 0 0 1 1
 0 0 0 0 1 0 1 0 0 0
 1 0 1 1 1 1 1 0 0 1
 0 0 0 0 0 0 0 1 1 0
 0 1 1 0 0 1 0 1 0 0
 1 0 0 1 0 0 0 1 1 1
 0 0 0 0 1 1 0 0 1 1
 0 1 0 1 1 0 0 0 0 0
 1 0 0 1 0 1 0 0 0 0
 0 0 1 0 1 0 0 0 0 0
 0 0 0 1 0 0 0 0 0 0
 1 0 0 0 0 0 0 1 1 0
 0 0 0 0 0 0 1 1 0 0
 0 1 0 0 0 1 1 1 0 1
 0 0 0 0 0 0 0 1 0 0
 0 1 1 0 1 0 0 0 1 0
 0 1 0 0 0 0 0 0 0 0
 0 0 0 0 0 1 1 0 1 1
 0 1 1 0 0 1 0 0 0 0
 1 0 0 1 0 0 0 1 0 0
 0 1 0 1 0 0 1 0 0 0
 0 0 1 0 0 0 0 1 0 1

Warwick 1335: balanced orders, 10 orders per product
30 10
 0 1 0 1 1 0 1 1 0 1
 1 0 1 0 1 0 0 1 0 0
 1 0 1 0 0 1 0 0 0 0
 1 0 0 1 1 1 0 1 1 0
 0 0 0 1 0 0 1 0 0 0
 0 0 1 0 1 0 0 0 0 0
 0 1 0 0 0 0 0 0 0 1
 0 0 1 0 0 0 0 0 1 0
 1 0 0 0 0 0 0 1 0 1
 0 0 1 1 0 1 0 0 1 1
 1 0 0 0 1 0 1 0 0 0
 0 0 1 0 0 1 1 1 0 0
 0 0 1 0 0 1 0 0 0 0
 0 1 0 0 0 0 1 0 0 1
 0 0 1 1 0 0 1 0 1 1
 0 0 0 0 0 0 0 0 1 0
 1 0 0 0 0 0 0 0 1 0
 0 1 1 0 1 1 0 0 0 0
 1 0 0 0 0 0 0 0 0 0
 0 1 0 0 0 1 0 0 0 0
 0 0 0 0 1 0 0 1 0 1
 1 0 0 0 1 0 0 0 0 0
 1 1 0 0 0 1 0 0 1 0
 0 1 0 1 0 0 1 0 1 1
 0 1 0 1 0 0 0 0 0 0
 0 0 0 0 0 0 1 0 0 1
 0 0 0 1 1 0 0 1 1 0
 1 1 0 0 0 0 1 1 0 0
 0 1 1 1 0 1 1 1 0 1
 0 0 0 1 1 1 0 1 1 0

Warwick 1336: balanced orders, 10 orders per product
30 10
 0 0 0 0 1 0 0 1 0 1
 0 1 0 1 0 0 0 0 1 0
 0 0 1 1 1 1 1 1 0 1
 0 0 0 0 0 1 0 0 0 0
 1 1 0 1 0 1 0 0 0 0
 0 0 0 0 0 0 0 1 0 1
 1 0 0 1 0 0 1 1 0 0
 1 0 0 0 0 0 0 0 1 0
 0 1 1 0 1 1 0 0 1 1
 0 1 0 0 0 0 1 0 0 0
 0 1 1 0 0 0 1 0 1 1
 0 0 1 0 0 0 1 0 1 1
 0 0 1 0 0 0 1 1 0 1
 1 0 0 0 1 0 0 1 1 0
 1 0 1 0 0 0 0 0 0 0
 0 0 1 0 1 0 0 1 0 1
 0 0 0 1 1 1 1 1 0 1
 0 0 1 0 0 0 0 0 0 0
 1 0 0 0 0 1 0 0 0 0
 0 0 0 0 1 0 0 0 0 0
 1 1 0 1 0 0 0 1 1 0
 0 0 0 0 1 1 0 0 0 0
 0 1 0 0 0 1 0 0 1 0
 0 0 1 0 0 0 0 0 0 0
 1 0 0 0 1 0 0 0 0 1
 0 1 0 1 0 0 0 0 0 0
 0 1 0 1 0 0 1 0 1 0
 1 1 0 1 0 1 1 1 0 0
 0 0 0 0 1 1 0 0 0 0
 1 0 1 1 0 0 1 0 1 0

Warwick 1337: balanced orders, 10 orders per product
30 10
 0 1 0 1 0 0 1 0 1 0
 0 1 0 0 1 0 1 0 0 1
 1 0 1 1 0 1 0 0 1 1
 0 0 1 1 1 0 0 0 0 0
 1 0 0 1 0 1 0 1 0 0
 0 0 0 0 1 0 0 0 1 1
 0 0 0 1 0 0 0 1 0 0
 1 1 0 1 0 0 1 1 1 0
 0 0 1 0 1 1 1 0 1 1
 0 1 0 0 0 0 0 1 1 1
 1 1 0 0 0 0 1 1 0 0
 0 0 0 0 0 0 0 0 1 0
 1 0 0 0 0 0 0 0 0 1
 1 1 0 1 0 0 0 0 0 0
 0 0 0 1 1 0 0 0 1 0
 0 0 1 0 0 0 0 0 0 0
 0 0 0 1 1 1 0 0 0 0
 1 1 1 0 0 0 0 1 0 1
 1 0 0 0 0 1 1 1 0 0
 0 0 1 0 0 0 0 0 0 0
 0 0 0 0 0 1 0 0 1 0
 1 0 1 0 0 0 0 0 0 0
 1 0 0 0 1 1 0 1 0 0
 0 1 0 0 0 1 1 0 0 0
 0 1 0 1 1 0 0 0 0 1
 0 0 1 0 0 0 1 1 0 0
 0 0 0 0 0 0 0 1 0 1
 0 1 0 0 0 1 1 0 1 0
 0 0 1 0 1 1 1 0 0 0
 0 0 1 0 1 0 0 0 0 1

Warwick 1338: balanced orders, 10 orders per product
30 10
 1 1 1 0 1 0 0 1 1 1
 0 0 1 0 0 0 0 0 1 0
 1 1 0 0 0 1 0 0 1 0
 1 1 1 0 0 0 0 0 0 0
 1 0 0 1 0 1 0 0 1 0
 1 1 0 0 0 0 0 0 0 1
 0 0 1 0 1 0 0 0 0 0
 0 0 0 0 1 0 1 0 1 0
 0 1 0 0 1 1 1 1 0 1
 0 0 0 0 0 0 0 1 0 0
 1 0 1 0 0 0 1 0 0 1
 0 1 0 0 0 1 1 1 0 0
 0 0 0 1 1 0 0 0 1 0
 0 0 0 0 0 1 0 0 0 1
 0 0 1 0 1 1 0 1 0 0
 1 0 0 1 0 1 0 1 0 0
 0 0 0 0 1 0 0 1 0 0
 0 0 0 0 0 1 1 0 1 1
 0 0 0 0 1 0 0 0 0 0
 0 0 0 1 0 0 0 1 1 0
 0 1 0 1 0 0 1 0 0 1
 0 0 1 0 1 0 0 0 0 1
 1 0 1 1 1 0 0 0 0 0
 1 0 0 1 0 1 1 0 0 1
 0 0 1 1 0 0 0 1 0 0
 0 1 0 0 0 0 0 0 0 0
 0 0 0 0 0 0 1 0 1 0
 1 1 0 1 0 0 1 0 1 0
 0 1 0 1 0 0 1 0 0 0
 0 0 1 0 0 1 0 1 0 1

Warwick 1339: balanced orders, 10 orders per product
30 10
 0 0 0 0 1 0 0 1 0 0
 0 0 1 0 1 0 0 0 0 0
 1 1 1 1 0 0 1 0 1 1
 0 0 0 0 0 0 0 1 1 0
 0 1 0 1 1 1 0 0 1 0
 1 0 1 1 1 0 1 0 1 1
 0 1 0 1 0 0 1 0 0 0
 0 1 1 0 0 0 1 1 0 1
 0 0 0 1 0 1 0 0 1 0
 0 0 1 0 0 0 0 1 1 0
 1 0 0 0 0 1 0 0 0 0
 0 1 1 0 0 1 1 0 0 1
 1 0 1 0 0 0 0 1 0 0
 1 0 0 1 0 0 0 0 0 0
 0 0 0 0 1 0 0 0 0 0
 1 0 0 0 0 0 1 0 0 0
 1 0 0 0 0 0 0 1 0 1
 0 0 0 1 1 0 0 0 0 0
 0 0 0 1 1 0 0 0 0 1
 0 0 1 1 1 0 1 0 1 0
 0 1 0 0 0 0 1 0 1 0
 0 0 0 0 0 1 0 0 1 0
 0 0 0 0 0 1 0 1 0 0
 0 0 0 0 1 0 1 1 0 0
 1 1 1 0 1 0 0 0 0 0
 1 0 0 0 0 1 1 1 0 1
 0 1 0 0 0 0 0 1 0 1
 0 1 0 1 0 1 0 0 0 1
 1 0 0 0 0 1 0 0 0 0
 0 1 1 0 0 1 0 0 1 1

Warwick 1340: balanced orders, 10 orders per product
30 10
 0 0 0 0 0 0 0 1 1 0
 1 1 0 0 1 1 0 0 1 0
 1 1 0 0 1 0 0 0 1 1
 0 0 1 0 1 0 0 1 1 0
 0 0 0 1 0 0 0 0 0 0
 0 0 0 1 0 1 0 0 0 0
 0 0 1 0 0 1 1 0 0 0
 0 0 0 1 0 0 1 0 0 1
 1 0 1 1 0 0 1 0 0 0
 1 1 0 1 0 0 0 0 0 1
 1 1 0 0 0 1 0 0 0 0
 0 0 0 1 1 1 0 0 0 1
 0 0 1 0 0 0 0 1 1 1
 0 0 0 0 1 0 1 1 0 0
 1 1 1 0 1 1 1 0 1 1
 0 0 0 0 0 0 0 1 0 1
 1 1 1 1 1 0 1 1 0 0
 1 0 0 0 0 1 0 0 1 0
 1 0 0 1 0 0 0 1 0 1
 0 1 1 0 0 0 0 0 0 1
 0 0 0 1 1 0 1 0 0 0
 0 0 0 0 0 1 1 1 1 0
 0 1 1 0 1 1 0 0 0 0
 0 0 0 0 0 0 0 0 1 0
 0 0 1 0 1 0 0 0 0 0
 0 0 1 0 0 0 0 0 0 0
 1 0 0 0 0 0 1 1 0 1
 0 0 0 1 0 0 0 0 1 0
 0 1 0 0 0 1 0 1 0 0
 0 1 0 0 0 0 1 0 0 0

Warwick 1341: balanced orders, 11 orders per product
30 10
 1 0 1 0 1 1 1 0 0 0
 1 1 0 0 0 1 0 0 1 1
 0 1 0 0 0 0 0 0 0 1
 1 0 0 1 0 0 0 0 0 0
 0 1 1 0 0 0 0 0 0 0
 1 1 0 0 0 1 0 0 0 0
 0 0 0 1 1 0 0 1 0 0
 0 0 0 0 0 0 0 1 0 0
 0 0 0 0 0 1 0 0 0 1
 0 1 0 0 0 1 1 0 0 0
 0 0 1 1 0 1 0 1 0 1
 1 1 1 0 0 1 1 0 0 0
 1 1 0 1 1 1 1 1 1 0
 0 0 0 0 0 0 0 1 0 1
 1 0 1 1 1 0 0 1 0 0
 1 0 0 1 0 0 0 1 1 1
 0 0 0 0 1 0 1 1 0 0
 0 0 1 0 0 1 1 0 0 1
 0 1 0 1 1 0 0 0 1 1
 1 0 1 0 1 0 0 1 1 0
 1 0 0 1 0 0 1 0 1 0
 0 1 0 0 0 1 1 0 1 1
 0 1 0 1 1 0 0 0 1 0
 0 0 0 0 0 0 1 0 0 0
 0 0 1 0 1 0 0 0 0 0
 0 1 0 0 0 1 0 1 1 1
 0 0 1 1 1 0 1 0 0 0
 0 0 0 1 0 0 1 1 1 0
 1 0 1 0 1 0 0 0 1 1
 0 0 1 0 0 0 0 0 0 0

Warwick 1342: balanced orders, 11 orders per product
30 10
 0 0 0 0 1 0 1 0 1 0
 0 0 1 1 0 1 1 1 0 1
 0 1 0 1 0 0 1 1 1 0
 0 0 0 1 0 0 1 0 1 0
 0 0 1 0 0 0 0 0 0 0
 0 0 0 0 0 1 1 1 0 0
 0 1 0 1 0 1 0 1 0 1
 0 0 0 0 1 0 0 1 0 1
 1 0 0 0 1 0 0 0 0 0
 0 0 0 0 1 1 0 0 1 0
 0 1 0 1 1 0 1 1 0 0
 1 1 0 1 1 0 0 0 0 1
 1 0 0 0 1 0 1 1 1 0
 0 1 1 1 0 1 0 0 0 1
 0 1 0 0 1 1 0 0 1 0
 0 0 0 0 0 0 0 0 0 1
 1 0 1 0 1 0 1 0 1 1
 0 1 1 0 1 1 1 0 1 0
 0 0 0 0 0 0 0 0 1 1
 1 1 0 0 0 1 0 0 0 0
 1 1 0 0 0 1 0 0 0 0
 1 1 1 0 1 0 0 1 0 0
 1 0 1 0 0 0 0 0 0 0
 1 0 0 0 0 0 0 1 1 0
 0 1 1 1 0 1 1 0 1 0
 0 0 1 0 0 0 0 0 0 0
 1 0 0 0 0 0 0 0 0 1
 0 0 1 1 0 0 0 1 0 0
 0 0 0 1 0 0 1 1 0 1
 1 0 1 1 0 1 0 0 0 1

Warwick 1343: balanced orders, 11 orders per product
30 10
 0 0 0 1 1 0 1 0 0 1
 0 0 0 0 0 1 1 1 0 0
 1 0 0 1 0 0 0 0 0 0
 0 1 0 0 0 0 1 0 0 0
 1 0 0 1 1 0 0 0 0 0
 0 1 0 1 1 1 1 0 1 0
 1 1 0 1 0 0 1 1 0 0
 0 1 0 0 0 1 0 0 0 1
 1 0 0 0 1 0 0 0 1 1
 0 1 1 0 0 0 1 0 0 0
 0 0 1 1 0 1 0 1 1 0
 0 1 1 1 0 1 0 0 1 1
 0 1 1 0 0 1 1 0 0 0
 1 0 1 0 1 0 1 0 0 1
 1 0 0 0 1 0 0 0 0 0
 0 0 0 1 1 0 0 1 0 1
 1 1 0 0 0 1 0 0 0 1
 1 0 1 1 1 0 0 0 1 0
 0 0 0 1 1 0 0 0 0 1
 0 0 1 0 0 0 0 1 0 0
 0 0 1 1 0 0 1 1 1 0
 1 0 1 0 0 0 1 1 1 1
 0 0 1 0 0 0 1 1 1 0
 1 0 0 0 0 0 0 0 1 0
 0 0 0 0 0 1 0 1 0 0
 0 1 1 0 1 0 0 0 1 0
 0 1 0 0 0 1 0 1 0 0
 0 0 0 0 0 1 0 0 1 1
 0 0 0 0 0 1 0 0 0 0
 1 1 0 0 1 0 0 1 0 1

Warwick 1344: balanced orders, 11 orders per product
30 10
 0 1 0 1 1 0 1 0 0 0
 0 0 0 0 0 1 0 1 0 1
 1 0 1 0 1 1 1 1 0 0
 1 0 0 0 0 0 0 0 1 1
 0 0 1 0 1 1 0 0 0 1
 0 0 1 1 0 1 1 0 0 0
 1 1 0 0 0 1 1 1 0 0
 0 0 0 0 0 1 0 0 1 0
 1 1 1 0 1 1 0 1 1 0
 1 0 0 0 0 1 1 0 0 0
 0 1 0 1 0 0 0 0 0 0
 1 0 0 1 1 1 1 1 1 0
 0 0 0 1 0 0 0 0 1 0
 1 0 1 0 0 0 0 0 0 1
 0 0 1 1 1 0 0 0 0 0
 0 1 1 0 0 0 0 0 1 1
 0 0 0 0 0 0 1 0 0 1
 0 0 0 0 0 0 0 1 0 1
 0 0 0 1 1 1 1 0 1 0
 0 1 1 0 0 0 0 1 1 1
 0 0 0 0 1 0 0 0 0 1
 1 1 0 1 0 0 0 0 1 0
 0 1 0 1 0 0 0 0 0 0
 0 0 1 0 1 0 0 0 0 1
 1 0 0 1 0 0 1 1 0 1
 0 1 1 0 1 0 1 1 1 0
 1 1 0 0 0 0 1 0 0 0
 0 0 0 0 0 0 0 1 1 0
 1 1 0 1 1 1 0 1 0 0
 0 0 1 0 0 0 0 0 0 0

Warwick 1345: balanced orders, 11 orders per product
30 10
 0 0 0 0 0 0 1 1 0 0
 1 0 0 1 0 1 1 1 0 0
 1 0 0 0 0 0 1 0 1 0
 0 0 1 1 0 0 1 1 0 0
 0 0 0 1 0 1 1 1 0 0
 0 0 0 1 0 1 1 1 1 0
 0 1 0 0 1 0 1 0 0 1
 0 1 1 1 1 0 0 0 1 0
 0 0 0 0 0 0 0 1 0 0
 0 0 0 1 1 0 0 1 0 1
 0 0 0 0 1 0 0 0 0 0
 1 1 1 0 0 0 0 0 1 1
 1 0 1 0 1 1 0 0 1 1
 1 0 0 0 0 1 0 0 0 0
 0 0 0 0 0 1 0 0 0 0
 0 1 0 1 0 1 0 0 1 1
 0 1 1 0 0 0 0 0 0 0
 0 1 1 0 1 1 1 1 0 0
 0 1 0 0 1 1 0 0 0 0
 0 1 1 1 0 0 0 0 0 0
 0 0 0 0 1 1 1 1 1 1
 1 1 1 0 0 0 0 0 0 0
 0 1 1 0 1 0 1 0 0 1
 0 0 0 0 0 0 0 0 1 0
 1 0 0 1 1 0 0 0 0 0
 1 0 0 1 1 1 1 1 0 0
 1 0 1 0 0 0 0 0 1 1
 0 0 0 1 0 0 0 0 1 1
 1 1 1 0 0 0 0 0 1 1
 1 0 0 0 0 0 0 1 0 1

Warwick 1346: balanced orders, 11 orders per product
30 10
 1 1 0 0 1 1 1 1 1 0
 0 0 1 0 0 1 1 0 1 0
 0 1 1 0 1 0 0 0 0 0
 0 0 0 1 0 1 1 0 0 0
 1 0 1 0 0 0 1 1 0 0
 0 1 0 0 0 1 1 0 0 0
 1 0 1 0 1 1 0 1 0 0
 0 0 0 0 1 0 1 0 0 1
 0 0 0 1 0 0 1 0 1 0
 0 1 1 1 1 0 0 1 1 0
 0 0 1 0 0 0 1 0 1 1
 1 0 1 1 0 1 0 0 0 0
 0 0 0 0 0 0 1 0 0 0
 1 0 0 0 1 1 0 0 0 0
 0 0 1 1 0 0 0 1 0 1
 0 0 0 0 1 0 0 1 0 1
 0 0 1 0 0 1 0 0 0 0
 0 0 0 0 1 0 0 0 0 1
 1 1 0 1 0 1 1 1 1 1
 0 0 0 0 1 0 0 0 1 1
 0 0 0 1 0 0 0 1 0 1
 1 1 0 0 0 1 0 0 0 0
 1 1 0 1 1 0 0 0 0 0
 0 0 0 0 1 0 0 1 1 1
 0 0 0 0 0 0 0 0 1 0
 1 0 1 0 0 0 1 1 1 0
 0 1 0 1 0 0 0 0 0 0
 1 1 0 1 0 1 0 0 0 1
 0 1 0 0 0 0 0 0 0 0
 1 1 1 1 0 0 0 1 1 1

Warwick 1347: balanced orders, 11 orders per product
30 10
 0 1 0 1 0 0 1 1 1 1
 1 0 0 0 0 1 1 0 0 1
 1 1 1 0 1 1 0 0 0 1
 1 1 0 0 0 1 1 0 1 0
 0 0 0 1 0 0 0 0 0 1
 0 1 0 1 0 0 1 1 0 0
 0 1 1 0 0 1 0 0 1 0
 1 1 0 0 1 0 0 0 1 1
 0 0 1 0 0 0 0 0 1 1
 0 0 0 0 1 0 0 1 0 0
 1 1 0 1 0 1 1 1 0 0
 1 0 1 0 0 0 0 0 0 0
 0 0 0 0 1 0 0 1 1 1
 0 0 1 0 0 0 0 0 1 1
 0 0 0 1 0 0 1 1 1 0
 0 0 0 0 0 0 0 1 0 0
 0 0 1 0 0 1 1 1 0 0
 0 1 1 1 0 0 1 1 0 0
 1 1 1 1 0 1 0 0 0 0
 0 0 0 1 0 0 0 0 0 0
 0 1 0 0 0 0 1 0 1 0
 0 0 0 0 0 1 0 0 0 1
 0 0 1 0 1 0 0 0 0 0
 0 0 0 0 1 0 0 1 0 0
 0 1 1 0 0 0 0 0 0 1
 1 0 0 0 1 1 1 0 1 0
 1 0 0 1 1 1 1 1 0 1
 1 0 0 1 1 0 0 0 1 0
 1 0 1 1 1 0 0 0 0 0
 0 0 0 0 1 1 0 0 0 0

Warwick 1348: balanced orders, 11 orders per product
30 10
 1 1 1 1 0 0 1 0 0 0
 1 0 1 0 0 1 0 0 1 0
 0 0 0 0 0 0 0 1 0 1
 1 0 1 0 0 1 0 0 0 0
 0 0 0 0 0 1 0 0 1 0
 1 0 1 1 1 1 0 1 1 1
 0 0 0 0 1 0 1 0 1 1
 0 0 0 1 1 1 0 1 0 0
 1 1 0 1 0 1 1 0 0 1
 0 1 0 1 1 0 0 1 0 0
 1 0 0 0 0 0 0 0 0 1
 0 0 0 0 1 0 0 1 1 1
 0 1 1 1 1 1 1 1 0 0
 0 0 0 1 0 0 0 1 0 1
 1 0 0 0 0 1 0 0 1 0
 1 1 0 0 0 0 0 0 0 0
 0 0 1 0 1 0 1 0 0 0
 0 1 1 0 1 1 1 0 0 0
 0 0 0 1 0 0 0 1 0 0
 0 1 0 0 1 0 1 0 0 1
 0 0 0 0 0 0 1 0 0 0
 1 1 0 0 0 0 1 1 1 0
 0 0 1 1 1 0 1 0 0 0
 0 1 1 0 0 0 1 1 0 1
 1 0 0 1 0 0 0 1 0 0
 0 0 0 0 0 0 0 0 1 0
 0 0 1 0 0 0 0 0 0 1
 0 0 0 0 0 1 0 0 1 0
 1 1 0 0 0 1 0 0 1 0
 0 1 1 1 1 0 0 0 1 1

Warwick 1349: balanced orders, 11 orders per product
30 10
 0 0 0 0 0 0 1 0 0 0
 1 1 1 0 0 1 0 0 0 0
 0 0 1 0 1 1 0 0 1 0
 0 1 0 0 0 1 0 0 0 1
 1 1 0 1 1 0 0 0 0 0
 1 0 1 1 0 0 0 0 1 0
 1 0 0 0 0 0 1 1 1 1
 0 0 1 0 0 0 0 1 0 1
 0 0 0 0 1 1 1 0 1 0
 0 0 1 0 0 0 0 1 0 0
 1 0 0 0 0 0 1 0 0 1
 0 0 0 1 0 1 1 1 1 0
 0 1 0 1 0 0 0 1 1 0
 0 0 1 1 0 0 1 0 1 1
 0 1 1 0 1 1 0 1 0 0
 0 1 1 0 1 0 0 0 1 0
 0 1 0 0 0 0 1 1 1 0
 0 1 1 0 0 0 0 1 0 0
 1 0 0 0 1 0 1 0 0 1
 0 1 0 0 1 0 0 0 0 1
 0 0 0 1 1 0 0 0 0 1
 0 0 1 1 1 0 1 1 0 0
 1 0 0 1 0 1 0 0 0 0
 0 1 1 0 0 1 0 0 1 1
 0 0 0 0 0 1 0 0 1 0
 1 0 0 0 1 0 1 1 0 0
 1 1 0 1 0 1 0 0 0 0
 1 0 0 1 0 1 0 0 0 1
 0 0 0 1 1 0 1 1 0 0
 1 0 0 0 0 0 0 0 0 1

Warwick 1350: balanced orders, 11 orders per product
30 10
 1 1 0 0 0 0 0 1 1 1
 0 1 1 1 0 1 0 0 1 0
 0 0 0 1 1 1 0 1 0 0
 0 0 0 1 1 0 1 0 0 0
 0 0 0 0 1 0 1 0 0 1
 1 0 0 1 0 0 1 0 0 0
 0 0 0 0 1 0 0 0 1 0
 0 1 0 1 0 0 0 0 0 0
 1 0 0 0 1 1 0 1 1 1
 1 0 1 0 0 0 1 1 1 0
 0 0 1 0 0 0 0 0 0 0
 1 0 1 0 1 0 1 0 0 1
 0 1 1 0 0 1 1 0 1 1
 0 1 1 0 1 1 0 0 0 1
 0 0 1 1 0 1 0 0 1 0
 1 0 0 1 1 0 0 1 0 1
 0 1 0 0 0 0 0 0 0 1
 0 0 0 1 0 0 1 1 0 0
 0 0 1 0 0 1 0 0 1 1
 0 1 1 0 0 0 1 0 1 0
 1 0 0 0 1 0 0 0 0 0
 1 0 0 1 0 1 0 0 0 0
 0 1 1 0 1 0 0 1 0 1
 1 1 0 0 0 0 0 0 0 0
 1 0 0 0 0 1 1 1 0 0
 0 1 0 0 0 0 0 0 0 0
 0 0 0 0 1 0 1 1 1 1
 0 0 0 0 0 1 0 0 0 0
 1 1 0 1 0 0 0 1 1 0
 0 0 1 1 0 1 1 1 0 0

Warwick 1351: balanced orders, 12 orders per product
30 10
 1 0 0 0 1 1 0 0 0 1
 0 0 0 0 1 0 1 0 1 1
 0 0 1 0 1 0 0 0 0 0
 1 0 0 0 1 0 0 0 1 0
 0 0 0 0 0 1 0 1 0 1
 0 0 0 0 1 0 0 0 0 0
 0 1 1 0 0 0 1 0 1 0
 0 0 0 1 0 0 1 1 0 1
 0 0 0 1 0 1 0 1 1 1
 1 1 0 1 0 1 1 1 1 0
 1 0 1 0 0 0 1 0 0 0
 0 0 1 1 1 0 1 1 0 1
 0 0 1 1 1 1 1 1 0 1
 0 1 0 0 1 0 0 0 1 1
 1 1 0 1 0 0 0 0 1 0
 1 0 1 0 0 1 1 1 1 0
 0 0 0 1 0 0 0 0 0 1
 1 1 0 1 0 0 1 0 1 0
 0 1 1 0 0 1 0 0 0 0
 1 1 1 1 1 1 0 1 0 1
 0 1 1 1 1 0 0 0 0 0
 0 1 0 0 1 1 0 1 0 1
 0 1 0 0 0 0 1 1 0 0
 1 1 1 0 0 0 0 0 0 0
 1 0 0 0 0 1 0 1 1 0
 0 1 0 0 0 0 1 0 0 0
 1 0 0 1 0 1 0 0 1 0
 0 0 0 1 0 0 0 0 0 0
 1 0 1 0 0 0 0 1 1 1
 0 0 1 0 1 1 1 0 0 0

Warwick 1352: balanced orders, 12 orders per product
30 10
 1 0 0 0 0 0 1 1 1 1
 0 1 1 0 1 0 0 0 1 0
 1 1 1 1 0 0 1 1 1 1
 0 1 1 1 1 1 0 0 1 0
 0 1 1 0 1 0 0 1 0 0
 0 1 0 0 0 0 1 0 0 1
 0 0 1 1 0 0 0 0 1 1
 0 0 0 0 0 0 1 0 0 0
 1 0 1 0 1 1 0 1 0 0
 0 0 1 0 1 1 0 1 1 0
 1 0 0 1 1 0 0 0 0 0
 0 1 0 1 1 0 0 0 1 0
 1 1 1 1 1 0 0 0 0 1
 0 0 0 1 0 1 1 1 0 0
 0 0 1 0 0 1 0 0 0 1
 0 1 0 1 1 0 0 0 1 1
 0 1 1 1 0 1 1 1 1 0
 1 0 0 0 0 1 1 0 1 1
 0 0 0 0 1 0 1 0 0 1
 1 0 0 0 0 0 0 1 0 0
 0 0 0 0 1 0 0 1 0 0
 0 1 1 0 0 0 1 1 1 0
 0 0 0 0 0 1 0 1 1 0
 1 0 0 1 1 1 1 0 0 1
 1 1 0 1 0 0 0 0 0 0
 1 0 0 0 0 1 1 0 0 1
 0 0 0 0 0 1 1 0 0 0
 0 1 0 0 0 0 0 0 0 0
 1 0 1 0 0 1 0 1 0 0
 1 0 0 1 0 0 0 0 0 1

Warwick 1353: balanced orders, 12 orders per product
30 10
 0 1 1 0 0 0 1 0 1 0
 1 0 0 0 0 1 0 0 0 0
 0 0 0 1 0 1 1 1 1 0
 1 1 0 1 1 0 0 1 0 0
 0 0 1 1 1 1 1 0 0 0
 0 1 0 0 0 0 0 0 0 1
 1 1 0 0 0 1 1 0 0 1
 0 1 1 0 0 0 0 0 0 0
 0 1 0 0 0 1 0 0 1 0
 1 0 0 1 1 1 0 1 0 0
 0 1 1 0 1 1 0 0 0 1
 0 1 0 0 1 0 0 0 0 1
 1 0 0 1 1 0 1 0 0 1
 1 0 0 0 1 0 0 0 1 0
 1 1 0 0 0 1 1 1 1 1
 1 0 1 1 0 0 1 1 0 1
 0 1 1 0 0 1 0 1 0 0
 0 0 1 0 0 0 0 1 0 0
 0 1 1 1 1 0 1 1 1 0
 0 0 0 0 0 0 0 1 0 0
 1 0 1 0 1 1 0 1 0 1
 0 0 0 1 1 1 1 0 1 0
 0 0 0 1 0 0 1 0 1 0
 0 0 0 0 0 0 0 1 0 1
 0 0 1 0 0 0 1 1 0 0
 0 0 0 0 0 0 0 0 1 1
 1 1 1 0 1 0 1 0 1 0
 0 0 0 1 0 0 0 0 1 0
 1 0 1 1 0 0 0 0 0 1
 1 0 0 1 1 1 0 0 1 1

Warwick 1354: balanced orders, 12 orders per product
30 10
 0 0 1 0 0 0 0 0 0 0
 0 1 1 1 0 0 0 1 0 0
 0 0 1 1 0 1 1 0 0 0
 1 0 0 1 0 0 1 0 0 1
 0 0 0 1 1 1 1 1 1 1
 0 1 0 1 0 0 0 1 0 1
 0 1 1 1 0 0 0 0 0 1
 0 1 1 0 1 1 0 0 0 0
 1 1 1 0 1 0 0 1 0 1
 0 0 0 1 1 0 1 1 0 1
 1 0 1 0 0 1 0 1 1 0
 0 0 1 0 1 1 0 0 1 1
 0 0 0 0 0 1 1 0 0 1
 1 0 0 0 0 0 0 0 0 0
 1 0 0 0 0 0 0 0 0 1
 1 1 0 1 1 0 1 0 1 0
 0 0 1 0 1 1 0 0 0 0
 1 0 0 0 0 1 0 0 1 0
 0 1 1 0 0 0 0 0 0 0
 1 0 1 1 1 0 1 1 1 0
 0 0 0 0 0 1 0 0 0 0
 1 1 0 0 0 1 0 1 0 0
 0 1 0 1 0 0 0 0 1 1
 1 0 0 0 0 0 1 1 0 1
 0 0 0 0 0 1 0 1 1 1
 0 0 0 0 0 1 0 0 1 0
 0 1 0 1 1 0 1 1 1 0
 1 1 0 0 1 0 1 0 1 0
 1 0 1 1 1 0 1 0 0 0
 0 1 0 0 1 0 1 1 1 0

Warwick 1355: balanced orders, 12 orders per product
30 10
 0 0 1 0 0 0 1 1 1 0
 1 1 1 0 0 0 0 0 0 1
 0 1 1 0 0 1 0 1 0 1
 1 0 1 0 0 0 1 0 0 1
 0 1 0 0 0 1 1 1 0 0
 1 0 1 0 0 0 1 0 0 0
 1 0 1 1 1 1 0 1 1 0
 0 1 0 0 0 1 0 0 0 0
 1 0 1 1 0 0 0 1 1 0
 1 1 1 0 0 0 0 0 1 0
 0 1 0 1 0 1 0 0 1 1
 0 1 0 0 0 1 0 0 1 0
 1 0 0 1 0 0 1 0 0 1
 0 0 0 1 0 0 1 0 0 1
 0 1 1 1 1 1 0 0 1 0
 0 0 0 0 1 0 0 1 0 1
 0 0 0 1 0 0 1 1 1 0
 1 0 1 1 1 1 0 0 0 0
 0 0 0 0 0 1 0 0 1 0
 0 0 0 0 0 1 1 1 0 1
 0 1 1 0 1 0 0 0 0 1
 0 0 0 1 1 1 0 1 1 1
 1 0 0 1 0 0 0 0 0 1
 1 1 0 0 1 0 1 1 0 0
 0 0 0 0 1 0 1 1 0 1
 1 0 0 0 1 0 1 0 0 0
 0 1 1 1 1 0 1 0 0 0
 1 1 0 0 0 0 0 1 1 0
 0 0 0 0 1 0 0 0 1 0
 0 0 0 1 1 1 0 0 0 0

Warwick 1356: balanced orders, 12 orders per product
30 10
 1 1 0 0 0 1 1 0 0 1
 1 0 1 0 0 1 1 0 0 0
 0 0 0 0 1 0 0 0 0 0
 0 1 1 0 0 0 0 1 0 0
 0 0 1 0 1 0 0 1 0 0
 1 0 1 1 0 1 0 1 1 0
 0 0 0 1 0 1 0 1 1 1
 0 0 0 0 0 0 0 1 0 0
 1 1 0 1 0 0 0 0 1 1
 1 0 0 0 0 0 0 0 0 1
 0 0 0 1 1 0 1 0 1 0
 0 1 0 0 0 0 1 1 0 1
 1 1 1 1 0 1 1 0 0 1
 0 1 0 1 0 1 0 0 0 0
 0 1 0 1 1 1 1 0 1 0
 1 0 1 0 0 0 1 0 0 1
 1 1 0 0 1 1 0 0 1 0
 0 1 0 1 0 0 0 0 0 0
 0 0 1 0 1 1 0 1 0 1
 0 1 1 0 1 0 1 1 1 0
 0 0 1 1 0 0 0 0 1 1
 1 0 0 0 0 0 0 1 0 0
 0 0 1 0 0 1 0 0 1 1
 0 0 0 0 1 0 0 1 0 0
 0 0 1 1 1 0 0 0 0 1
 0 0 0 1 1 0 1 0 1 0
 1 1 0 0 0 0 1 1 1 0
 0 1 0 1 0 1 0 1 0 0
 1 0 1 0 1 1 1 0 0 0
 1 0 0 0 1 0 1 0 1 1

Warwick 1357: balanced orders, 12 orders per product
30 10
 1 1 0 1 0 0 0 0 0 0
 0 0 0 1 0 1 0 1 1 1
 0 1 0 0 1 0 0 1 0 1
 0 1 0 0 0 1 1 1 0 0
 0 0 0 0 1 0 0 0 1 0
 0 0 1 1 1 0 1 1 0 0
 1 0 0 1 1 1 1 1 0 1
 0 0 1 0 0 0 1 0 0 1
 0 1 0 0 0 1 1 1 0 0
 1 0 0 0 0 1 0 0 1 0
 0 0 0 0 1 0 1 0 0 1
 1 1 0 1 1 0 0 0 1 1
 1 0 1 0 0 1 1 0 0 0
 0 1 0 0 0 1 0 0 0 1
 0 1 0 0 0 1 0 1 1 0
 1 0 1 1 1 0 0 0 1 0
 1 1 1 0 1 1 0 0 1 0
 0 1 1 0 0 0 1 0 0 1
 0 1 0 0 1 1 1 0 0 1
 1 1 1 0 1 0 0 0 1 0
 1 0 1 1 0 0 0 0 1 0
 0 0 0 0 1 1 0 0 0 0
 0 1 1 0 0 0 0 1 0 0
 0 0 1 1 0 0 0 1 0 1
 1 0 0 0 0 0 1 1 0 0
 1 0 0 0 0 1 1 0 1 0
 0 0 0 1 0 0 0 0 1 0
 0 0 0 1 0 0 1 1 0 1
 0 0 1 1 0 0 0 0 1 1
 1 0 1 1 1 0 0 1 0 0

Warwick 1358: balanced orders, 12 orders per product
30 10
 0 0 0 0 0 0 1 0 0 1
 1 0 1 0 0 1 1 0 0 0
 0 1 0 1 1 1 1 0 0 1
 0 1 0 0 0 0 0 0 0 1
 0 1 0 1 1 0 0 0 0 1
 0 1 0 0 0 0 0 1 1 0
 0 1 1 0 0 1 0 0 1 1
 0 0 0 1 0 0 1 0 1 1
 1 1 1 0 1 1 0 1 0 0
 0 0 1 1 1 0 1 1 0 0
 0 0 0 0 1 0 1 0 1 0
 1 0 0 1 0 0 0 0 1 0
 1 0 0 0 1 1 0 0 1 0
 1 0 1 1 0 1 0 1 0 0
 0 0 0 1 1 1 0 0 0 0
 0 0 0 1 1 1 0 1 0 0
 0 0 0 0 0 1 0 1 1 1
 1 0 1 0 0 0 0 1 0 0
 1 0 1 0 0 1 1 1 0 1
 1 0 1 1 0 1 0 0 1 0
 0 0 0 0 1 0 1 0 0 0
 0 0 1 1 0 1 0 1 0 0
 0 1 0 1 1 0 1 0 0 0
 1 1 1 0 0 0 0 0 0 1
 0 1 0 1 1 0 0 1 1 1
 0 1 0 0 0 0 0 1 0 1
 1 0 1 0 0 0 0 0 1 0
 1 1 0 0 0 0 1 0 1 0
 0 1 1 0 1 0 1 0 1 1
 1 0 0 0 0 0 1 1 0 0

Warwick 1359: balanced orders, 12 orders per product
30 10
 1 0 0 0 0 1 0 0 1 1
 1 1 0 0 1 1 0 0 1 1
 1 0 0 1 1 0 0 0 1 0
 0 1 0 1 1 1 0 1 0 1
 1 0 0 1 1 0 1 0 0 0
 0 1 1 1 1 0 1 1 0 1
 1 0 0 0 1 0 0 0 1 1
 0 0 1 0 0 0 0 0 0 1
 0 0 0 0 0 1 0 1 0 1
 0 1 1 0 0 0 1 1 1 0
 1 0 0 0 1 1 0 1 1 1
 1 1 1 0 0 0 0 0 0 0
 0 0 0 0 0 0 0 1 0 0
 1 0 1 0 0 1 1 0 0 0
 0 0 1 1 1 0 0 0 0 1
 1 0 0 1 0 0 1 0 0 1
 0 1 0 1 1 0 0 1 1 0
 1 1 0 0 0 0 0 0 0 1
 0 0 1 0 1 1 0 1 1 1
 0 1 1 1 0 0 1 0 1 0
 0 0 0 0 0 1 1 0 0 0
 0 1 0 1 0 0 1 1 1 0
 1 0 0 1 0 0 1 0 0 0
 0 0 1 0 0 1 0 0 0 0
 0 0 0 0 1 0 1 1 1 0
 0 0 1 1 0 1 1 1 0 0
 0 1 0 0 1 1 1 0 0 0
 1 1 1 1 0 0 0 1 1 0
 0 0 1 0 0 0 0 0 0 0
 0 1 0 0 0 1 0 0 0 0

Warwick 1360: balanced orders, 12 orders per product
30 10
 0 0 1 1 1 0 1 1 0 0
 1 0 0 0 1 1 0 0 0 1
 0 0 0 1 1 1 1 0 0 1
 0 1 0 1 0 0 0 0 1 0
 1 0 0 1 0 0 0 1 0 1
 1 1 1 1 1 0 0 1 1 0
 1 0 0 0 0 1 0 0 1 0
 1 0 1 0 0 1 0 1 0 0
 0 0 0 0 1 1 0 0 1 0
 1 1 1 0 1 1 1 1 1 0
 1 0 0 0 1 0 0 1 1 0
 0 0 1 0 0 0 1 0 1 0
 0 0 0 0 0 1 1 0 0 1
 0 0 1 0 1 0 1 1 1 0
 0 1 1 0 0 0 1 0 0 1
 0 1 0 1 1 0 0 1 0 0
 0 1 0 0 1 1 0 1 1 1
 1 0 1 0 1 0 0 0 1 1
 1 1 0 0 0 1 0 1 0 0
 0 1 0 1 0 0 1 0 0 0
 0 0 0 1 0 1 1 0 0 0
 0 1 1 1 0 0 0 0 0 0
 0 0 0 0 0 0 0 0 0 1
 0 1 0 1 0 1 0 0 0 1
 1 0 1 0 0 0 0 0 1 0
 1 1 0 1 0 1 1 0 0 1
 0 0 0 0 0 0 1 0 1 1
 1 0 0 0 0 0 0 0 0 0
 0 0 1 0 1 0 0 1 0 1
 0 1 1 1 0 0 1 1 0 0

Warwick 1361: balanced orders, 13 orders per product
30 10
 1 0 1 0 1 1 0 0 0 1
 0 1 1 1 1 0 0 1 0 0
 0 1 0 0 0 1 1 1 0 0
 0 0 0 0 1 1 0 0 0 0
 0 0 0 0 0 0 0 1 1 1
 1 0 1 0 0 0 0 0 1 0
 1 0 0 1 1 0 0 0 0 1
 1 0 1 0 0 1 0 1 0 0
 0 1 1 0 0 0 1 0 0 0
 0 1 0 1 1 0 1 1 1 1
 1 1 0 1 0 0 1 0 1 0
 0 1 0 1 1 1 1 0 0 0
 0 0 1 0 0 0 0 1 1 1
 1 0 1 0 0 1 0 1 0 0
 0 0 0 0 0 1 1 0 1 1
 0 1 0 1 1 1 0 0 0 1
 1 1 0 1 0 0 1 1 1 0
 1 0 0 1 0 0 1 0 1 1
 0 0 1 0 0 0 1 0 0 0
 1 1 0 1 1 1 0 1 1 0
 1 0 0 0 1 1 0 0 0 1
 0 0 1 0 1 0 0 0 0 1
 0 0 1 1 1 0 0 0 0 0
 1 1 0 0 0 0 0 0 0 0
 0 1 0 0 1 0 1 1 1 0
 1 1 1 1 0 1 1 1 1 0
 0 0 1 1 0 0 0 0 0 1
 1 0 1 0 1 1 0 1 0 1
 0 1 0 1 0 0 1 0 1 0
 0 0 0 0 0 1 1 1 1 1

Warwick 1362: balanced orders, 13 orders per product
30 10
 1 1 0 1 0 0 1 1 1 0
 1 0 1 0 1 1 0 1 0 1
 0 1 1 0 1 0 0 0 1 1
 0 1 0 0 1 0 1 1 0 0
 0 0 0 0 0 1 0 1 1 1
 1 1 0 1 0 0 1 0 1 0
 0 0 0 1 1 1 0 1 0 0
 1 0 0 0 0 1 1 0 0 0
 0 1 0 0 1 1 1 0 1 0
 1 1 1 0 0 1 0 0 0 0
 0 0 1 0 0 1 0 1 1 0
 0 0 0 1 0 0 1 0 0 0
 0 0 0 0 0 1 0 0 1 0
 0 0 0 0 1 1 0 0 0 0
 1 0 1 0 0 0 1 0 0 0
 0 1 1 0 0 0 0 0 0 1
 0 0 1 1 0 0 0 1 0 0
 1 0 0 1 0 0 1 1 1 0
 0 1 0 0 0 0 0 0 0 1
 0 1 1 0 0 0 1 0 0 0
 0 0 0 1 0 0 1 1 1 1
 0 0 0 1 1 1 0 1 1 1
 0 1 0 0 0 1 0 0 0 0
 1 0 0 1 1 1 1 0 0 1
 0 1 1 1 1 0 1 1 1 1
 1 1 0 0 1 0 1 0 1 0
 1 0 1 1 1 1 0 1 0 1
 1 0 1 0 1 0 0 0 0 1
 1 1 1 1 0 0 0 0 0 1
 1 0 1 1 1 0 0 1 1 1

Warwick 1363: balanced orders, 13 orders per product
30 10
 0 1 0 1 1 1 1 1 1 0
 0 1 1 0 0 0 0 1 1 1
 1 1 1 0 0 1 0 0 1 1
 0 1 0 0 0 0 0 0 0 0
 0 0 0 0 1 0 0 0 0 1
 1 0 0 1 0 0 1 1 0 1
 0 0 0 1 1 0 0 0 1 0
 1 1 1 1 0 1 1 1 0 1
 0 1 1 0 1 0 0 1 1 0
 0 0 0 0 1 0 1 1 0 1
 1 1 0 1 1 1 1 0 0 0
 0 1 1 0 0 1 0 1 0 0
 0 0 1 0 0 1 1 1 0 0
 0 0 0 1 1 1 0 0 0 0
 1 0 0 0 0 1 1 0 1 1
 1 1 0 0 0 1 1 1 0 1
 0 0 0 0 0 0 0 0 1 1
 0 0 0 0 0 1 1 1 0 1
 0 0 1 0 1 0 1 1 0 0
 1 0 0 1 0 0 1 0 1 0
 1 0 0 1 0 0 1 1 0 0
 1 0 0 1 1 0 0 0 0 0
 1 0 1 1 0 1 0 0 0 1
 1 0 1 0 1 0 0 0 0 1
 1 0 0 0 1 0 0 0 1 1
 0 0 1 1 0 1 1 0 0 0
 0 1 1 1 1 1 0 0 1 0
 1 1 1 0 1 0 0 0 1 0
 0 1 0 1 0 0 0 1 1 0
 0 1 1 0 0 0 0 0 1 0

Warwick 1364: balanced orders, 13 orders per product
30 10
 0 0 0 0 0 1 1 1 1 1
 0 0 1 0 0 0 1 1 0 1
 1 1 0 0 1 0 0 0 0 1
 1 0 1 0 0 0 0 1 0 0
 0 1 0 1 0 1 0 0 0 1
 0 0 0 0 0 1 1 0 1 0
 0 1 1 1 1 1 0 1 0 0
 0 0 0 1 0 0 1 1 0 0
 1 0 1 1 0 0 0 0 0 0
 1 1 0 1 1 1 1 0 1 1
 0 1 0 0 0 0 1 0 1 1
 1 0 1 0 0 0 1 1 0 1
 1 1 1 0 1 0 0 0 0 0
 0 0 1 0 1 0 0 0 1 0
 0 0 0 0 1 0 0 1 1 0
 0 1 0 1 1 0 0 0 0 0
 1 1 1 1 0 0 0 1 0 0
 0 0 0 1 1 1 0 0 0 1
 1 1 0 1 1 1 1 1 1 1
 0 1 1 0 0 0 0 0 0 1
 0 1 1 1 1 0 1 1 1 1
 0 0 0 1 1 1 0 1 0 0
 0 0 0 0 0 1 1 1 0 0
 1 0 1 0 0 1 1 0 0 0
 1 0 0 1 1 1 1 0 1 0
 1 1 0 0 0 1 1 0 1 0
 0 0 1 0 1 1 0 0 0 1
 1 0 0 1 0 0 0 0 1 0
 0 1 1 0 0 0 0 1 1 0
 1 0 0 0 0 0 0 0 1 1

Warwick 1365: balanced orders, 13 orders per product
30 10
 0 1 0 0 0 0 1 0 0 0
 0 1 0 1 1 1 0 0 1 1
 1 1 0 1 0 0 1 0 1 1
 0 0 1 1 0 1 1 1 0 0
 0 1 1 1 1 1 0 0 1 0
 0 0 0 1 0 1 0 0 0 0
 0 0 1 0 1 1 0 0 0 1
 1 0 0 1 1 1 1 1 0 0
 1 0 0 0 1 0 0 0 1 1
 1 0 1 0 0 0 0 1 0 0
 1 1 0 0 0 0 0 1 1 1
 0 1 0 0 0 1 1 0 1 0
 1 0 0 0 0 1 1 0 1 0
 1 0 1 0 0 1 0 0 0 0
 0 0 1 1 1 0 0 0 0 1
 0 0 1 0 0 0 1 1 0 1
 0 1 0 0 0 1 1 0 0 1
 1 1 1 1 1 0 0 0 1 1
 0 1 0 1 1 0 0 1 0 0
 0 1 1 1 0 1 1 1 0 0
 0 1 0 0 1 1 1 0 0 0
 0 0 0 0 0 0 0 1 0 0
 1 1 1 0 1 0 1 1 0 1
 1 0 0 0 0 0 0 0 0 0
 0 0 1 1 1 0 1 0 1 1
 1 0 0 0 1 0 0 1 0 0
 0 0 1 0 0 0 0 0 1 1
 0 0 0 1 0 0 0 1 1 0
 1 0 1 1 1 0 1 1 1 0
 1 1 0 0 0 1 0 1 1 1

Warwick 1366: balanced orders, 13 orders per product
30 10
 0 1 0 0 0 1 0 0 1 0
 0 0 1 1 0 0 0 1 0 0
 0 0 0 1 1 1 0 1 0 0
 1 0 1 0 0 1 0 1 0 1
 0 0 0 0 0 0 1 0 0 1
 0 1 0 0 0 0 1 0 1 0
 0 1 0 1 1 1 1 0 1 1
 0 1 0 1 1 0 0 0 0 0
 1 0 0 1 1 0 1 1 0 0
 1 1 1 1 1 0 0 0 0 0
 1 0 0 0 1 1 1 0 0 0
 0 1 1 1 1 1 1 1 1 0
 0 0 0 0 1 0 1 1 0 1
 1 1 0 0 0 0 0 0 0 0
 0 1 1 0 0 0 0 0 1 0
 1 1 1 0 1 1 1 0 0 1
 0 1 1 0 0 0 0 1 0 1
 0 0 1 0 1 0 0 1 1 1
 1 0 0 1 0 0 0 0 0 0
 1 0 0 0 0 0 1 0 1 1
 0 0 0 0 0 1 1 1 0 1
 1 0 0 1 0 1 1 0 1 1
 0 0 1 1 1 1 1 1 0 0
 0 0 1 0 1 0 0 0 1 1
 1 1 1 0 0 1 0 1 1 0
 1 0 1 0 0 0 0 0 1 0
 1 0 0 1 0 1 0 1 0 0
 0 1 1 0 0 1 1 0 0 1
 0 1 0 1 0 0 0 0 1 1
 1 0 0 1 1 0 0 1 1 0

Warwick 1367: balanced orders, 13 orders per product
30 10
 0 1 1 1 0 1 0 1 1 1
 1 0 0 1 0 0 1 0 1 1
 1 1 1 0 0 0 0 0 0 0
 1 0 0 1 0 0 1 0 0 1
 1 1 1 0 0 0 1 0 0 1
 1 0 0 1 1 0 1 0 0 0
 1 1 1 0 0 1 1 0 1 1
 0 1 1 0 0 1 0 1 1 0
 0 1 0 1 1 0 0 0 1 1
 0 0 0 0 1 1 1 1 0 1
 0 1 1 1 0 0 0 1 0 0
 0 0 0 1 1 0 1 0 1 0
 0 0 1 0 0 0 0 0 1 0
 0 0 0 0 1 1 0 1 1 0
 0 0 0 1 1 1 0 1 0 0
 1 1 0 1 0 0 0 1 0 1
 0 0 1 0 0 1 0 0 1 0
 0 0 1 0 0 0 0 0 1 1
 1 1 0 0 1 1 0 1 0 0
 1 1 0 1 1 0 1 1 1 1
 0 0 1 0 0 1 0 0 0 0
 0 1 1 0 1 1 0 0 0 0
 0 0 0 1 1 1 1 1 0 0
 0 0 0 0 0 0 0 1 1 0
 0 0 0 0 1 0 0 0 0 0
 1 1 1 1 1 1 1 0 0 1
 1 0 0 0 0 0 1 1 0 1
 0 0 1 1 0 0 0 0 0 0
 1 1 0 0 0 1 1 0 1 1
 1 0 0 0 1 0 1 1 0 0

Warwick 1368: balanced orders, 13 orders per product
30 10
 1 1 1 1 0 0 0 0 1 1
 1 0 0 1 0 0 0 1 1 0
 0 0 1 0 0 1 1 0 1 1
 1 0 1 1 1 0 1 0 1 0
 0 0 0 1 1 0 0 0 1 0
 0 0 0 1 1 0 0 1 1 1
 0 0 1 1 0 0 0 0 0 0
 0 0 0 0 1 1 1 0 0 1
 1 1 0 0 0 0 1 0 0 0
 0 0 0 0 1 0 0 0 1 0
 1 0 1 0 0 0 0 0 0 0
 0 0 1 0 1 0 0 1 0 0
 0 1 1 0 0 0 1 1 1 1
 0 1 1 0 0 1 0 1 0 0
 0 1 1 1 1 0 0 1 0 1
 0 1 0 1 0 1 0 1 0 1
 1 1 0 0 1 1 1 0 0 1
 1 1 0 0 0 0 1 1 0 1
 1 0 0 0 0 1 1 1 0 0
 0 1 1 1 0 1 1 0 1 0
 0 1 0 1 1 0 1 1 1 1
 0 1 1 0 1 1 0 1 0 0
 0 0 0 0 0 1 0 0 0 1
 1 0 0 1 0 1 1 0 0 0
 1 0 0 0 1 0 0 0 0 0
 1 1 1 1 1 1 0 0 1 0
 0 0 0 0 0 1 0 0 0 1
 1 1 1 1 0 1 1 1 1 1
 1 0 0 0 1 0 0 0 1 0
 0 0 0 0 0 0 1 1 0 0

Warwick 1369: balanced orders, 13 orders per product
30 10
 1 1 1 1 0 0 0 1 1 0
 0 1 1 1 0 1 1 1 1 0
 1 0 1 0 0 1 1 1 1 0
 1 1 0 0 1 1 0 1 1 1
 1 0 1 1 0 1 0 1 0 0
 1 1 0 0 1 0 0 0 1 0
 0 1 0 0 1 1 0 0 0 1
 0 1 0 1 0 0 0 0 1 0
 1 0 0 0 1 0 1 0 1 1
 1 0 0 1 0 1 0 0 0 1
 0 1 0 0 1 1 0 0 1 1
 0 0 1 1 1 0 0 1 0 1
 0 0 1 0 1 0 1 0 0 0
 1 1 1 1 0 0 1 0 0 1
 0 0 0 0 0 0 0 0 0 1
 1 1 1 1 0 0 1 1 1 1
 1 0 0 0 1 1 1 1 1 1
 0 1 1 1 0 0 1 0 0 0
 1 1 0 0 0 0 1 0 0 0
 0 0 0 1 0 1 0 0 0 0
 0 0 0 1 1 0 0 0 0 1
 0 0 1 0 1 0 0 0 1 0
 0 0 0 0 1 1 0 1 0 0
 0 1 0 0 0 0 0 1 0 0
 0 0 0 0 0 1 0 0 0 0
 1 1 0 1 0 1 1 0 0 1
 0 0 0 1 0 0 1 0 1 0
 0 0 1 0 1 1 1 1 0 0
 1 0 1 0 1 0 1 1 0 1
 0 0 1 0 0 0 0 1 1 0

Warwick 1370: balanced orders, 13 orders per product
30 10
 1 0 1 0 0 0 0 0 1 0
 1 1 1 0 1 1 1 0 1 0
 0 0 0 1 1 1 1 0 0 1
 0 0 0 0 1 0 1 1 1 1
 1 1 0 0 1 0 1 0 0 0
 0 1 0 0 0 0 0 0 1 0
 0 1 1 0 1 0 0 1 1 1
 0 0 1 0 0 0 0 1 0 0
 0 1 0 1 1 1 0 0 0 1
 0 0 0 0 1 1 1 0 0 0
 0 1 1 1 0 0 0 0 0 0
 0 1 0 1 0 0 1 1 1 1
 0 0 0 0 0 0 1 0 1 0
 1 1 0 0 1 1 0 0 0 0
 0 0 0 1 0 1 0 0 0 0
 1 1 1 1 0 1 0 0 0 0
 1 0 0 1 1 0 0 1 1 0
 0 0 0 0 0 0 0 0 0 1
 0 1 1 0 0 1 0 1 0 1
 0 1 1 1 1 0 0 1 0 1
 0 0 1 1 1 0 0 1 0 0
 0 0 1 1 0 0 0 1 0 1
 1 0 1 0 1 1 1 0 1 0
 0 1 1 1 0 1 1 1 0 0
 1 0 0 1 0 0 1 0 1 1
 1 1 0 0 0 0 0 0 0 1
 1 0 0 0 0 1 1 1 0 0
 1 0 0 0 0 1 1 0 1 1
 1 0 0 0 0 1 1 1 1 1
 1 0 1 1 1 0 0 1 1 0

Warwick 1371: balanced orders, 14 orders per product
30 10
 1 0 0 0 1 0 1 0 0 1
 0 1 1 0 0 1 0 0 1 0
 0 0 1 0 0 0 0 0 0 1
 1 1 1 1 1 1 1 0 1 1
 0 0 1 0 1 1 0 1 0 1
 1 1 1 1 0 0 1 0 0 1
 1 0 0 0 0 0 1 1 0 0
 0 0 0 1 0 0 0 1 0 0
 1 1 1 1 1 1 1 1 1 1
 1 0 0 0 0 0 0 1 0 0
 0 1 1 1 0 0 1 1 1 1
 0 0 0 0 0 0 0 0 1 1
 0 1 0 1 0 1 0 1 1 1
 1 1 0 0 0 1 0 0 1 0
 1 1 0 1 1 0 1 1 0 0
 1 1 0 1 1 0 0 0 1 0
 0 1 0 0 1 0 1 1 0 0
 0 1 1 1 1 0 1 0 1 1
 1 0 0 1 0 0 0 1 0 0
 1 0 0 0 1 0 1 0 0 0
 0 1 0 1 0 1 1 0 0 1
 1 0 1 0 1 1 0 0 1 0
 1 0 1 0 1 1 0 0 1 0
 0 0 1 1 0 1 0 1 0 1
 1 1 0 1 0 1 1 1 1 1
 0 0 1 0 1 1 0 0 0 0
 0 0 1 0 1 0 0 0 0 0
 0 0 1 1 0 1 1 0 1 0
 0 0 0 0 0 1 1 1 1 1
 0 1 0 0 1 0 0 1 0 0

Warwick 1372: balanced orders, 14 orders per product
30 10
 0 0 1 0 1 0 1 1 1 1
 0 0 1 0 0 0 1 1 0 0
 0 1 1 1 0 0 0 0 1 0
 1 0 1 0 1 1 1 0 0 1
 0 1 0 0 1 1 1 0 0 1
 1 0 0 0 0 1 1 0 0 1
 1 0 0 1 1 1 0 0 1 1
 1 1 1 1 0 1 1 0 0 0
 0 0 0 1 1 0 0 1 0 0
 0 1 0 0 1 1 1 1 1 0
 0 1 0 1 1 0 0 1 0 0
 1 1 1 0 0 0 1 0 0 0
 1 0 0 0 0 0 0 0 0 0
 1 1 1 1 1 0 1 0 1 0
 0 1 1 0 0 1 0 0 0 1
 0 1 1 1 0 0 1 1 0 0
 0 0 0 1 1 1 0 1 1 0
 1 1 0 0 0 1 1 0 0 0
 1 0 1 0 0 0 0 1 1 1
 0 0 1 1 1 0 0 0 0 1
 0 0 0 0 1 1 0 1 1 0
 0 0 0 0 1 0 0 1 0 0
 1 1 0 1 0 0 0 1 1 0
 1 0 1 1 1 1 0 0 1 0
 0 0 0 0 0 1 1 1 1 1
 1 1 0 0 0 0 0 0 1 1
 0 0 1 1 0 1 0 1 1 1
 0 0 0 1 0 1 1 0 0 1
 1 1 0 1 0 0 0 0 1 1
 1 1 1 0 1 0 1 1 0 1

Warwick 1373: balanced orders, 14 orders per product
30 10
 0 1 0 1 1 1 0 0 1 0
 1 1 0 0 1 0 1 1 1 1
 0 0 1 0 0 0 0 0 0 1
 0 1 0 0 0 0 1 0 1 0
 0 0 1 1 1 0 0 0 1 1
 1 1 0 0 1 0 1 0 0 0
 0 1 0 1 0 0 1 1 0 0
 0 0 1 1 0 1 0 1 1 1
 1 1 0 1 1 0 0 1 0 0
 0 0 1 0 0 1 1 0 1 0
 0 0 1 1 1 0 0 1 1 0
 1 0 1 0 1 1 1 1 0 1
 0 1 1 1 1 0 1 0 0 0
 0 1 0 1 0 1 1 0 0 1
 1 0 1 1 0 0 0 1 0 0
 0 0 0 0 1 1 0 1 0 1
 1 0 1 0 1 0 1 1 1 0
 1 0 1 0 1 0 1 0 0 1
 1 1 1 0 0 0 1 0 0 1
 1 0 0 0 0 1 0 0 1 0
 1 0 0 0 1 1 1 1 0 1
 1 1 1 0 0 1 0 1 0 0
 0 0 0 1 0 0 0 0 0 0
 1 0 1 0 0 1 1 1 1 0
 0 0 1 0 1 0 0 0 1 1
 1 1 0 1 1 1 1 0 1 0
 0 0 0 0 0 0 0 0 0 1
 0 1 0 1 0 1 0 0 1 1
 1 1 0 1 0 1 0 1 0 0
 0 1 0 1 0 1 0 1 1 1

Warwick 1374: balanced orders, 14 orders per product
30 10
 1 0 0 1 1 1 0 0 0 1
 0 1 0 0 1 0 1 0 1 1
 1 0 0 0 1 1 0 1 0 0
 0 1 1 1 1 0 0 0 0 1
 1 0 1 1 0 0 0 0 0 1
 0 0 0 0 0 0 1 1 1 1
 0 1 1 0 0 1 1 0 0 0
 0 0 1 0 0 1 1 1 1 0
 0 1 0 1 1 1 0 1 0 0
 0 1 0 0 1 0 0 1 0 1
 1 0 1 1 1 0 0 0 0 0
 0 0 1 1 0 1 1 1 1 0
 0 0 1 0 0 1 0 0 1 0
 1 1 0 0 1 0 1 0 0 1
 0 0 0 1 1 1 1 1 0 1
 0 1 0 0 0 0 1 0 0 0
 1 1 1 0 0 0 0 1 1 0
 0 0 0 0 0 1 1 1 1 0
 1 0 0 1 0 1 0 1 0 0
 1 1 0 1 1 0 1 0 1 1
 0 1 1 1 1 0 0 1 0 1
 0 0 0 0 1 0 1 0 1 1
 1 0 1 1 0 0 0 0 1 0
 0 1 0 0 0 0 1 1 0 1
 1 1 1 1 0 1 0 0 1 0
 1 1 0 0 0 0 1 0 1 0
 1 1 1 0 1 1 0 1 1 0
 0 0 1 1 0 0 0 0 0 0
 1 0 1 1 1 1 1 1 0 1
 1 0 0 0 0 1 0 0 1 1

Warwick 1375: balanced orders, 14 orders per product
30 10
 1 0 0 0 0 1 1 0 1 0
 0 0 0 0 1 1 0 0 0 1
 0 1 1 0 0 0 1 0 1 0
 0 0 0 1 0 1 0 1 1 1
 0 0 1 0 0 0 1 1 0 0
 0 1 0 0 0 1 0 0 0 0
 0 1 0 0 1 0 0 1 0 0
 1 0 1 0 0 1 1 1 0 1
 0 0 1 1 1 0 1 0 0 0
 0 1 1 0 0 1 0 1 0 1
 0 1 0 1 0 0 1 0 0 1
 0 1 1 0 1 0 0 1 1 1
 1 0 0 1 1 0 0 0 0 0
 1 1 1 0 0 1 0 0 0 1
 0 1 1 1 0 1 0 0 0 1
 1 0 0 0 0 1 1 0 1 1
 0 0 0 1 1 0 0 0 1 0
 1 0 1 1 0 0 0 1 0 0
 1 0 0 0 1 0 1 0 1 1
 1 1 0 1 1 0 0 1 0 0
 0 0 1 1 0 0 0 1 1 0
 1 0 1 1 1 0 1 1 1 1
 1 0 0 0 0 1 1 1 1 0
 1 1 0 0 1 1 0 1 0 0
 0 1 1 1 1 0 1 1 0 0
 0 1 0 1 0 1 1 0 1 0
 1 0 0 0 1 0 1 1 1 1
 1 1 1 0 1 1 0 0 1 1
 0 1 1 1 1 0 1 0 0 0
 1 0 0 1 0 1 0 0 1 1

Warwick 1376: balanced orders, 14 orders per product
30 10
 1 1 0 0 0 0 0 1 1 1
 1 1 1 1 1 0 1 0 0 1
 0 1 0 0 0 1 1 1 0 1
 0 0 1 0 1 0 0 1 0 1
 1 0 1 1 1 1 0 0 0 0
 1 0 1 0 1 1 1 1 0 0
 0 0 0 1 0 0 1 0 0 0
 0 1 0 1 0 1 0 0 1 0
 0 0 0 1 1 0 0 0 1 0
 0 1 1 0 1 0 0 1 0 0
 1 0 1 0 1 1 0 0 0 0
 0 0 1 0 0 0 0 0 0 1
 1 1 0 0 0 0 0 1 1 0
 0 1 1 1 1 1 1 1 0 1
 0 0 1 0 1 1 1 0 1 0
 0 1 0 1 0 0 0 1 1 1
 0 0 1 1 1 0 0 1 0 1
 0 0 0 1 1 1 1 0 0 0
 1 0 0 1 0 1 0 1 1 0
 1 0 0 0 0 0 1 0 1 0
 1 0 1 1 1 0 0 0 1 0
 0 0 0 1 0 1 0 1 1 0
 1 1 0 0 0 0 0 0 0 0
 1 1 1 0 0 0 0 1 1 1
 0 1 0 0 0 0 1 0 1 1
 1 0 0 1 0 1 1 0 1 1
 0 1 0 0 1 1 1 1 1 1
 0 0 1 0 0 0 1 0 0 1
 1 1 0 0 1 1 1 1 0 0
 1 1 1 1 0 1 1 0 0 1

Warwick 1377: balanced orders, 14 orders per product
30 10
 0 0 0 0 0 0 0 0 1 0
 1 0 1 0 0 1 0 1 0 0
 1 1 0 0 1 0 1 1 0 1
 0 0 0 1 0 0 0 1 0 1
 0 0 1 0 1 1 0 1 0 1
 1 0 1 0 1 1 0 1 0 1
 0 1 0 0 0 1 0 0 0 1
 1 1 1 0 0 1 0 0 0 1
 0 1 1 1 0 0 1 1 0 0
 1 0 1 1 0 0 1 1 1 1
 1 0 1 0 0 1 0 0 0 0
 0 0 0 1 0 0 1 1 1 1
 0 1 1 0 1 1 1 0 0 1
 1 1 0 1 0 0 1 1 1 1
 0 0 0 0 0 1 0 0 0 0
 0 1 0 0 1 1 0 1 1 0
 1 0 0 1 1 0 1 0 0 1
 0 0 0 0 0 0 0 1 1 0
 1 0 1 0 1 0 0 1 1 1
 0 1 0 0 0 1 1 0 1 0
 1 1 0 0 1 0 1 0 1 0
 1 1 0 1 1 1 0 0 1 1
 0 1 1 1 1 1 0 0 0 0
 0 1 0 1 0 1 1 0 1 0
 1 1 0 1 1 0 1 1 1 0
 0 1 1 1 0 0 0 0 1 0
 0 0 1 1 0 0 1 0 1 0
 1 0 0 0 1 0 0 0 0 0
 1 0 1 1 1 1 1 0 0 1
 0 0 1 1 1 0 1 1 0 0

Warwick 1378: balanced orders, 14 orders per product
30 10
 0 0 0 0 1 1 1 1 1 0
 0 0 0 0 1 0 0 1 1 0
 0 0 1 0 0 0 0 0 0 1
 1 1 0 0 0 1 0 1 0 1
 0 0 0 0 1 1 0 0 1 0
 1 0 1 0 0 0 1 1 0 1
 0 1 1 0 1 0 0 1 1 1
 1 1 1 1 1 0 0 1 0 0
 0 0 1 0 0 0 1 0 0 0
 1 0 1 1 1 0 0 0 1 0
 1 1 1 1 1 1 0 1 1 0
 1 1 0 1 1 0 0 1 0 1
 0 0 0 0 1 0 0 1 1 0
 0 1 1 0 0 0 1 0 1 0
 1 0 0 1 0 0 0 1 0 1
 0 1 1 1 0 1 1 0 0 1
 0 0 1 0 1 1 0 0 1 1
 0 1 1 0 1 0 1 0 0 0
 0 1 0 1 1 0 1 1 1 0
 0 0 0 1 0 1 1 1 1 0
 1 1 1 1 0 1 1 0 0 0
 1 0 0 0 0 1 0 1 0 0
 0 1 0 1 1 0 1 0 0 0
 1 1 0 1 0 1 1 0 1 1
 1 0 0 0 0 0 0 0 0 0
 1 1 0 1 0 1 1 1 1 1
 1 0 0 1 0 1 1 0 0 1
 1 0 1 0 0 0 1 0 0 1
 0 1 1 1 0 1 0 0 0 1
 0 0 0 0 1 1 0 0 1 1

Warwick 1379: balanced orders, 14 orders per product
30 10
 0 1 0 0 0 0 1 1 1 1
 0 0 0 1 1 1 0 1 0 0
 0 1 1 0 1 1 1 0 1 1
 0 0 0 0 0 1 0 0 0 1
 1 0 0 1 0 0 0 0 1 1
 1 1 0 0 0 1 1 1 0 0
 1 1 1 1 1 0 0 1 0 1
 1 0 0 1 1 0 0 0 1 1
 0 0 1 1 0 0 0 0 1 0
 1 0 0 0 0 0 1 1 0 0
 1 0 0 0 1 0 1 0 1 0
 0 0 1 1 0 0 1 1 1 1
 1 1 1 1 1 1 0 0 0 1
 0 1 0 0 1 0 0 0 0 0
 1 0 1 0 1 1 1 0 0 1
 0 1 0 0 0 0 1 0 0 1
 1 0 1 0 1 0 1 0 1 0
 0 0 0 0 1 1 1 1 0 0
 0 0 1 1 0 1 1 0 0 0
 1 0 1 1 0 1 1 1 1 0
 1 0 1 0 1 0 0 0 0 0
 0 1 1 1 0 0 1 0 0 0
 0 1 1 1 0 1 0 1 1 1
 0 1 0 1 0 0 0 1 1 1
 0 0 0 0 0 1 0 0 0 0
 1 1 0 1 1 1 0 1 0 0
 1 0 0 0 0 1 0 1 1 0
 1 1 1 0 0 0 1 0 1 0
 0 1 0 1 1 0 0 1 1 1
 0 1 1 0 1 1 0 1 0 1

Warwick 1380: balanced orders, 14 orders per product
30 10
 1 0 1 0 0 0 0 0 0 0
 1 1 0 1 1 0 1 0 0 1
 1 1 1 0 0 1 1 0 0 0
 1 1 1 0 1 0 1 0 1 1
 0 0 0 1 0 0 0 0 1 0
 0 0 0 1 1 0 0 0 1 1
 0 1 1 1 1 0 0 0 1 0
 1 0 0 1 1 0 0 0 1 0
 0 0 0 1 0 0 0 1 0 1
 0 0 0 1 0 0 0 1 1 1
 0 1 0 1 1 1 1 1 0 0
 0 0 0 0 0 1 0 0 1 0
 1 0 0 0 0 0 0 1 0 0
 1 1 1 1 1 1 0 1 0 0
 1 1 1 0 0 1 0 0 0 0
 1 1 0 0 0 1 1 1 0 1
 1 0 1 1 1 1 1 1 1 1
 1 1 1 1 0 1 1 0 1 0
 0 1 1 0 1 1 1 1 1 0
 0 1 1 1 0 1 1 0 1 0
 1 1 0 0 0 1 1 1 0 1
 0 0 1 0 0 1 0 1 0 0
 1 0 1 1 1 0 0 1 0 1
 0 0 1 0 1 0 1 0 0 1
 0 0 0 1 0 1 1 0 1 1
 0 0 0 0 1 1 0 0 0 0
 0 0 0 0 0 0 0 1 1 0
 1 0 0 0 1 0 1 1 0 1
 0 1 1 0 0 0 0 0 0 1
 0 1 0 0 1 0 1 1 1 1

Warwick 1381: balanced orders, 15 orders per product
30 10
 0 1 1 1 0 0 1 0 1 1
 1 0 0 1 1 1 1 1 1 1
 0 1 1 0 1 0 0 0 0 0
 1 1 1 1 1 0 0 1 1 1
 0 1 1 0 1 0 0 0 1 0
 0 0 1 0 0 0 0 1 1 1
 0 0 1 0 1 1 1 1 0 0
 1 0 0 1 0 1 1 0 1 1
 1 0 0 1 0 1 0 0 1 0
 0 0 1 0 0 1 0 0 1 1
 0 1 0 1 1 0 0 1 1 1
 1 0 1 1 1 0 0 1 0 0
 0 0 0 0 1 0 1 1 0 0
 1 0 0 1 1 0 1 0 0 0
 0 0 0 0 0 1 0 1 0 0
 1 0 0 0 0 1 1 0 1 0
 0 1 0 1 0 0 0 1 0 0
 1 0 1 0 0 0 1 0 0 1
 1 1 1 0 1 1 1 1 0 0
 0 1 0 0 0 1 0 1 0 0
 1 1 1 1 1 0 0 0 1 1
 1 1 0 1 1 0 0 0 1 0
 0 0 1 1 0 1 1 1 0 0
 0 1 1 0 0 1 1 0 1 0
 0 0 0 0 0 1 1 0 1 1
 0 1 1 1 1 1 0 1 0 1
 1 1 1 0 0 0 1 0 0 1
 1 0 0 1 0 1 1 1 0 1
 1 1 0 1 1 0 0 0 0 1
 1 1 0 0 1 1 1 1 1 1

Warwick 1382: balanced orders, 15 orders per product
30 10
 1 1 0 1 0 0 0 1 0 0
 0 0 1 0 1 1 0 0 1 1
 0 0 0 1 0 0 1 1 1 1
 0 1 1 0 1 0 1 0 1 1
 0 1 1 0 0 1 1 1 0 0
 0 1 1 0 1 1 0 0 1 1
 0 0 0 0 0 0 0 1 0 0
 1 1 0 0 0 1 1 0 1 0
 1 0 0 0 1 0 1 1 1 0
 0 0 0 1 0 1 0 0 1 1
 1 0 0 1 0 0 1 1 1 0
 1 1 1 0 0 0 0 1 0 0
 0 1 0 1 1 0 1 1 1 1
 1 0 1 0 1 0 1 0 1 1
 0 0 0 0 0 0 0 1 0 1
 1 1 1 1 0 1 0 1 1 0
 1 0 1 1 1 1 1 0 0 1
 0 0 0 0 0 1 0 0 1 0
 1 0 1 1 1 1 0 1 0 1
 0 1 0 0 0 0 1 1 0 1
 1 1 1 1 1 0 1 0 0 1
 1 0 0 1 1 1 0 1 0 1
 0 0 0 1 0 0 0 1 1 0
 1 1 1 0 0 1 1 1 0 0
 1 1 0 1 1 0 0 0 1 1
 1 1 0 0 0 0 1 0 0 0
 1 1 1 1 1 1 1 0 0 0
 0 0 1 0 1 1 0 0 0 0
 0 1 1 1 1 1 0 0 0 0
 0 0 1 1 1 1 1 0 1 1

Warwick 1383: balanced orders, 15 orders per product
30 10
 1 1 1 1 1 1 1 1 0 0
 0 0 0 1 0 1 0 1 1 1
 1 1 0 1 0 1 1 0 0 1
 0 1 1 1 1 0 0 0 1 0
 0 1 0 0 0 0 0 0 0 0
 0 1 1 1 1 1 1 1 0 1
 1 1 1 1 1 0 0 1 0 0
 1 0 0 0 0 1 1 0 1 1
 0 0 0 1 0 1 1 0 1 0
 1 0 0 0 1 0 0 0 0 0
 0 0 0 0 0 0 1 0 0 1
 1 1 1 0 0 0 1 1 1 0
 0 1 1 1 1 1 0 0 1 1
 0 0 1 1 0 0 0 0 0 1
 0 1 0 0 0 0 1 1 0 1
 0 1 1 0 1 1 0 1 1 0
 0 1 1 0 0 0 1 1 0 1
 1 0 0 1 1 0 0 1 0 1
 0 0 1 0 1 0 1 0 1 0
 1 1 1 0 0 1 0 1 0 0
 0 1 1 1 1 1 1 1 1 1
 1 0 1 0 1 0 1 1 0 0
 1 0 0 1 0 1 0 1 1 1
 0 1 0 0 1 1 0 1 1 1
 1 1 0 1 1 1 1 0 0 0
 1 0 0 0 0 1 0 1 0 0
 1 0 1 1 0 1 1 0 1 0
 0 0 0 0 1 0 1 0 1 0
 1 0 1 0 1 0 0 0 1 1
 1 0 0 1 0 0 0 0 1 1

Warwick 1384: balanced orders, 15 orders per product
30 10
 0 1 1 1 1 0 0 0 0 0
 1 1 0 0 0 0 0 0 1 0
 1 0 0 0 1 0 1 1 1 1
 0 0 1 1 0 1 1 0 1 1
 0 1 1 0 1 1 0 1 1 0
 0 0 1 0 1 0 0 1 0 1
 1 1 0 1 0 1 1 1 1 0
 1 1 0 0 1 1 1 1 1 1
 0 1 0 1 0 1 0 0 0 0
 0 1 1 0 0 1 1 0 0 1
 1 0 0 0 1 0 0 1 1 1
 1 1 0 1 0 1 1 1 0 0
 0 1 1 1 1 1 1 1 0 1
 1 0 1 1 1 0 0 0 1 1
 1 1 1 0 1 0 1 0 0 0
 1 1 0 0 0 1 0 1 0 0
 1 0 0 1 0 0 0 0 0 0
 1 0 1 1 1 1 0 0 1 1
 1 0 0 0 0 1 0 1 1 1
 0 1 0 0 0 0 1 0 0 0
 0 0 0 1 0 1 1 0 1 1
 0 0 1 1 1 1 1 0 1 1
 1 1 1 0 1 0 1 1 1 0
 0 0 1 1 0 0 0 1 0 1
 0 0 0 1 1 0 0 0 1 1
 1 0 1 0 0 0 1 1 0 1
 0 0 0 1 1 1 0 1 0 0
 1 1 0 1 0 1 1 1 0 0
 0 1 1 0 1 0 1 0 0 0
 0 0 1 0 0 0 0 0 1 0

Warwick 1385: balanced orders, 15 orders per product
30 10
 0 1 1 1 0 1 1 1 1 0
 0 1 0 1 1 1 0 1 1 0
 1 0 1 1 0 1 0 1 1 1
 1 0 1 0 1 1 0 1 1 0
 0 0 1 0 1 1 0 0 1 1
 1 0 0 0 1 0 1 0 0 0
 0 1 0 1 0 1 1 1 1 0
 1 0 0 1 0 0 1 0 0 1
 0 1 0 1 0 0 1 0 0 1
 0 0 0 0 1 0 0 1 1 0
 0 1 0 1 0 1 1 0 1 1
 0 0 1 0 0 0 1 1 1 0
 0 0 0 0 0 0 0 0 1 1
 1 1 1 0 1 0 0 1 0 0
 0 0 1 1 1 1 1 0 0 1
 0 0 1 1 0 0 1 0 0 0
 0 1 1 0 0 0 1 1 1 1
 0 1 1 1 0 1 0 0 1 0
 1 1 0 0 1 1 1 1 0 1
 0 1 0 0 1 1 0 0 0 1
 1 1 0 1 0 0 1 1 0 0
 1 0 1 1 1 0 0 0 0 0
 1 1 0 0 0 0 1 1 0 0
 1 0 1 0 1 1 0 1 1 1
 1 1 1 1 1 1 1 1 0 1
 1 0 0 1 1 0 0 0 0 0
 0 1 1 0 0 1 0 0 0 0
 1 0 0 1 0 0 0 0 0 1
 1 1 0 0 1 1 1 1 1 1
 1 0 1 0 1 0 0 0 1 1

Warwick 1386: balanced orders, 15 orders per product
30 10
 1 0 0 0 0 0 0 1 0 0
 0 1 1 1 0 1 0 0 1 1
 1 0 1 0 1 1 1 0 0 0
 0 1 0 0 1 1 1 0 1 1
 0 1 1 0 1 0 1 0 1 1
 1 0 1 0 1 0 0 0 0 0
 1 1 1 0 1 1 1 0 1 1
 0 0 1 1 1 0 0 0 0 1
 1 1 0 1 1 1 0 1 0 0
 1 0 1 0 1 0 1 1 1 0
 1 0 0 1 0 1 1 1 0 0
 0 0 0 1 0 1 1 0 0 1
 0 1 0 1 0 1 1 1 0 0
 1 1 1 1 1 0 0 0 1 1
 1 1 0 1 1 1 1 1 1 0
 0 0 1 0 0 0 1 0 0 1
 1 1 0 0 0 0 0 0 0 1
 0 0 1 0 0 0 1 0 1 0
 0 1 0 0 0 1 1 0 0 1
 0 0 0 1 0 0 0 1 1 1
 0 1 1 0 0 0 0 0 1 1
 1 1 1 0 1 1 1 1 1 0
 0 1 0 1 0 0 0 1 0 1
 0 0 1 0 1 1 0 1 0 0
 1 0 1 1 0 1 0 0 1 0
 0 0 0 1 1 0 1 1 0 0
 1 0 1 1 0 0 0 1 0 1
 1 1 0 1 1 0 1 1 1 0
 1 1 0 1 1 1 0 1 1 1
 0 0 0 0 0 1 0 1 1 0

Warwick 1387: balanced orders, 15 orders per product
30 10
 0 1 1 1 1 1 0 1 1 1
 0 1 0 1 1 0 1 0 1 1
 0 0 1 0 0 1 1 1 1 1
 0 1 0 0 0 0 1 1 0 1
 1 1 1 1 0 1 1 0 0 0
 1 1 0 0 0 1 0 0 0 0
 0 0 0 1 0 0 1 0 0 0
 1 0 0 0 0 0 1 0 1 0
 0 1 1 0 1 0 1 0 1 0
 1 1 1 1 1 1 0 1 0 1
 1 0 1 1 0 0 1 0 1 1
 1 0 0 0 1 0 1 0 0 0
 0 0 1 0 1 1 0 1 0 1
 0 1 0 1 0 0 1 1 0 0
 0 0 1 0 1 1 1 1 1 1
 1 1 0 1 0 0 1 0 0 1
 1 0 1 0 1 0 1 1 1 1
 1 0 1 1 1 1 1 1 0 1
 1 0 0 0 0 0 0 0 1 0
 0 0 0 1 0 0 0 0 1 1
 1 1 1 1 0 1 0 1 0 0
 1 1 0 0 1 1 0 0 1 0
 1 1 1 1 1 0 0 0 0 0
 0 0 1 1 0 1 0 1 1 1
 1 0 0 0 1 0 1 1 1 0
 1 1 0 0 1 1 0 0 1 0
 0 0 1 0 0 0 0 0 0 1
 0 1 0 1 1 1 0 1 0 1
 0 1 1 0 0 1 0 1 1 0
 0 0 0 1 1 1 0 1 0 0

Warwick 1388: balanced orders, 15 orders per product
30 10
 1 0 0 0 0 0 0 0 1 1
 0 1 0 0 0 1 0 1 1 0
 0 0 1 0 1 1 1 0 0 1
 1 1 1 1 1 0 0 1 1 1
 0 0 0 0 0 0 1 0 0 1
 1 0 1 0 0 0 1 1 0 0
 0 1 0 1 0 0 0 1 1 0
 0 0 1 0 0 0 1 0 1 1
 1 1 0 1 0 0 1 1 1 1
 1 1 1 0 1 1 1 1 0 1
 0 0 0 0 0 0 1 1 0 1
 1 1 0 1 1 1 0 0 1 0
 0 0 1 1 1 1 1 1 0 0
 0 0 0 1 0 0 0 1 0 0
 0 1 1 0 1 0 1 0 0 1
 1 0 0 0 0 0 1 0 1 0
 1 1 1 0 1 1 0 0 1 1
 1 0 1 1 1 1 0 1 0 0
 1 0 1 1 0 0 0 0 1 1
 1 1 1 0 0 1 1 0 0 0
 1 0 0 1 1 1 1 0 1 0
 0 1 0 1 1 1 0 0 1 1
 0 1 0 0 0 0 0 1 0 1
 0 1 1 1 1 0 1 0 0 0
 0 1 1 1 0 1 0 1 1 0
 1 1 0 1 1 1 0 1 1 1
 0 0 1 0 1 1 0 1 1 1
 1 0 0 0 1 1 0 1 0 0
 1 1 1 1 0 1 1 0 0 0
 0 0 0 1 1 0 1 0 0 0

Warwick 1389: balanced orders, 15 orders per product
30 10
 0 1 1 1 0 0 0 1 0 1
 1 1 0 0 0 0 0 1 1 0
 0 0 1 0 0 0 0 0 1 1
 0 0 1 0 1 0 0 0 1 0
 1 1 0 0 1 1 0 0 1 1
 0 0 0 1 0 1 0 1 0 0
 0 0 0 1 1 1 0 0 0 0
 1 1 1 0 0 1 0 0 0 1
 1 1 0 0 1 1 1 1 0 0
 0 0 0 1 0 0 0 0 0 1
 1 1 0 1 1 1 1 1 1 1
 1 0 0 0 0 1 1 1 0 1
 1 1 1 1 0 1 0 0 0 1
 1 0 0 1 1 0 1 1 1 0
 1 0 0 0 0 0 1 1 1 1
 0 1 1 0 1 1 1 0 0 0
 1 0 1 1 1 1 0 0 1 1
 1 1 1 1 0 0 1 0 1 0
 0 0 0 1 0 0 1 1 1 0
 0 1 1 1 1 0 1 0 1 1
 1 0 0 1 0 1 0 0 1 1
 0 1 1 0 0 1 1 1 0 0
 0 1 1 1 1 0 1 1 0 1
 1 0 0 0 1 1 1 0 1 0
 1 0 1 0 0 0 1 1 0 1
 0 0 0 0 0 1 0 1 1 0
 0 1 0 0 1 1 1 0 0 0
 0 1 1 1 1 0 0 0 1 0
 0 1 1 1 1 0 1 1 0 1
 1 0 1 0 1 0 0 1 0 0

Warwick 1390: balanced orders, 15 orders per product
30 10
 0 0 0 1 0 1 0 1 1 0
 1 0 1 0 1 1 0 1 1 0
 1 1 1 1 0 0 0 0 0 1
 0 1 0 1 0 0 1 0 0 1
 1 0 0 1 0 1 0 1 0 1
 0 0 0 0 1 1 0 1 0 1
 0 1 1 1 1 1 1 1 1 1
 0 1 0 0 0 0 0 0 1 1
 0 1 0 1 1 0 1 1 0 0
 1 0 0 0 0 1 1 0 1 0
 0 1 0 0 0 0 0 0 0 1
 0 1 1 1 0 0 0 0 1 1
 1 0 1 1 1 1 0 1 1 0
 1 1 0 1 0 0 0 0 0 1
 1 0 0 0 1 1 1 0 1 0
 1 0 0 1 1 1 1 1 0 1
 0 0 1 1 1 0 0 0 0 1
 0 1 1 0 1 1 1 0 0 1
 1 1 1 1 1 1 1 1 0 0
 1 1 1 1 1 0 1 1 0 0
 0 0 0 1 1 0 1 0 1 0
 1 1 0 0 1 0 1 1 1 0
 1 0 1 0 0 0 0 1 1 0
 0 0 1 1 1 0 1 0 1 0
 1 1 0 0 0 0 0 1 0 1
 1 0 1 0 0 0 1 0 1 0
 0 1 1 0 0 1 0 0 1 1
 0 0 1 0 0 1 1 1 0 0
 1 0 1 0 0 1 1 0 0 1
 0 1 0 0 1 1 0 1 1 0

