Warwick 451: balanced orders, 2 orders per product
15 15
 1 0 0 0 0 0 0 0 0 0 0 0 0 1 1
 0 1 0 0 0 0 1 0 0 0 0 0 0 0 0
 0 0 0 0 0 0 0 1 0 0 0 0 0 1 0
 0 0 0 0 0 0 0 0 0 0 1 0 0 0 0
 0 0 0 0 0 0 0 0 1 0 0 0 0 0 0
 0 0 1 0 0 0 0 0 0 0 0 0 0 0 0
 0 0 0 0 0 0 0 0 0 0 1 0 0 0 0
 0 1 0 0 0 0 0 0 0 0 0 1 0 0 0
 0 0 0 0 1 0 0 0 0 0 0 0 0 0 0
 0 0 0 0 0 0 0 0 1 0 0 0 0 0 0
 0 0 0 1 1 0 0 1 0 0 0 0 0 0 1
 1 0 0 0 0 0 1 0 0 1 0 0 0 0 0
 0 0 0 0 0 0 0 0 0 0 0 0 1 0 0
 0 0 1 0 0 1 0 0 0 1 0 1 0 0 0
 0 0 0 1 0 1 0 0 0 0 0 0 1 0 0

Warwick 452: balanced orders, 2 orders per product
15 15
 0 0 0 0 0 1 1 0 0 0 0 0 0 0 1
 0 0 1 0 0 0 0 0 0 0 0 0 0 0 0
 1 1 0 1 0 0 0 0 0 0 0 0 1 0 0
 0 0 0 0 0 0 0 0 0 0 1 0 0 1 0
 0 0 0 0 1 0 0 0 0 1 0 0 0 0 0
 0 0 0 1 0 0 0 1 0 0 0 0 0 0 0
 0 0 0 0 1 0 0 0 0 0 0 0 0 0 0
 0 0 1 0 0 0 0 0 0 1 0 0 0 0 0
 0 0 0 0 0 0 0 0 0 0 0 1 1 0 0
 0 0 0 0 0 0 0 0 0 0 1 0 0 0 0
 0 0 0 0 0 0 0 0 0 0 0 1 0 0 0
 0 1 0 0 0 0 0 0 1 0 0 0 0 0 1
 0 0 0 0 0 0 0 0 1 0 0 0 0 0 0
 1 0 0 0 0 0 0 1 0 0 0 0 0 0 0
 0 0 0 0 0 1 1 0 0 0 0 0 0 1 0

Warwick 453: balanced orders, 2 orders per product
15 15
 0 0 0 0 0 1 0 0 0 0 0 0 0 0 0
 0 0 0 0 0 0 0 0 1 0 0 1 0 0 1
 0 0 0 0 0 0 0 0 0 0 0 0 1 0 0
 0 0 0 0 0 0 0 0 1 0 0 0 0 0 0
 0 0 0 0 0 0 0 0 0 1 0 0 1 0 1
 0 0 0 1 0 0 1 0 0 0 0 0 0 0 0
 0 0 0 0 0 0 0 0 0 0 0 1 0 0 0
 0 0 1 0 0 0 0 0 0 0 0 0 0 0 0
 1 0 0 0 0 0 0 0 0 0 1 0 0 0 0
 1 0 0 0 0 1 1 0 0 1 0 0 0 0 0
 0 0 1 0 0 0 0 0 0 0 0 0 0 1 0
 0 1 0 0 1 0 0 1 0 0 0 0 0 1 0
 0 1 0 0 1 0 0 0 0 0 1 0 0 0 0
 0 0 0 0 0 0 0 1 0 0 0 0 0 0 0
 0 0 0 1 0 0 0 0 0 0 0 0 0 0 0

Warwick 454: balanced orders, 2 orders per product
15 15
 0 1 0 0 0 0 0 0 0 0 0 0 0 0 0
 0 0 0 0 0 0 1 0 0 0 0 1 0 0 1
 0 0 0 0 0 0 0 0 0 0 1 0 0 0 1
 0 0 1 0 1 0 0 0 0 0 0 0 0 0 0
 0 0 0 0 0 1 0 0 0 0 0 0 0 0 0
 1 0 0 0 0 0 0 0 0 0 0 0 0 0 0
 0 1 1 0 0 0 0 0 0 0 0 0 0 1 0
 0 0 0 0 0 0 0 0 0 1 0 0 1 0 0
 0 0 0 1 0 0 1 0 1 0 0 0 1 0 0
 0 0 0 1 1 0 0 0 0 0 0 0 0 0 0
 0 0 0 0 0 0 0 0 1 0 0 0 0 1 0
 0 0 0 0 0 0 0 0 0 0 1 0 0 0 0
 0 0 0 0 0 0 0 1 0 0 0 0 0 0 0
 1 0 0 0 0 0 0 0 0 1 0 1 0 0 0
 0 0 0 0 0 1 0 1 0 0 0 0 0 0 0

Warwick 455: balanced orders, 2 orders per product
15 15
 0 0 0 0 0 0 0 0 0 1 0 0 0 0 0
 0 0 0 0 0 0 0 0 0 1 0 0 0 0 0
 0 1 0 0 0 0 0 0 0 0 0 0 0 0 1
 0 0 0 0 0 0 0 1 0 0 0 0 0 0 0
 0 0 1 0 0 1 0 1 0 0 1 0 0 1 0
 0 0 0 0 0 0 0 0 0 0 0 0 0 1 0
 0 0 0 0 0 0 0 0 1 0 0 0 0 0 0
 0 0 0 0 0 0 0 0 0 0 1 1 0 0 0
 0 0 1 0 1 0 0 0 0 0 0 1 1 0 0
 0 0 0 1 0 1 0 0 1 0 0 0 0 0 0
 1 0 0 0 0 0 1 0 0 0 0 0 0 0 0
 1 0 0 0 0 0 0 0 0 0 0 0 1 0 1
 0 1 0 0 0 0 0 0 0 0 0 0 0 0 0
 0 0 0 0 0 0 1 0 0 0 0 0 0 0 0
 0 0 0 1 1 0 0 0 0 0 0 0 0 0 0

Warwick 456: balanced orders, 2 orders per product
15 15
 0 0 0 0 0 0 0 0 0 0 0 1 0 0 1
 0 0 0 0 0 0 0 0 0 0 1 0 0 0 0
 0 0 0 0 0 0 0 0 0 1 0 0 0 0 0
 1 0 1 0 0 0 1 0 0 1 0 0 0 1 0
 0 0 0 1 0 0 0 0 0 0 0 0 0 0 0
 0 0 0 0 0 0 0 0 1 0 0 0 0 0 0
 1 0 0 0 0 0 0 0 0 0 0 0 0 0 1
 0 1 0 0 0 0 0 0 0 0 0 1 0 0 0
 0 0 0 0 0 0 0 0 1 0 0 0 0 0 0
 0 0 1 1 0 0 0 0 0 0 0 0 0 0 0
 0 0 0 0 0 1 0 1 0 0 0 0 1 1 0
 0 1 0 0 1 0 0 1 0 0 0 0 0 0 0
 0 0 0 0 0 1 0 0 0 0 0 0 1 0 0
 0 0 0 0 1 0 0 0 0 0 1 0 0 0 0
 0 0 0 0 0 0 1 0 0 0 0 0 0 0 0

Warwick 457: balanced orders, 2 orders per product
15 15
 0 0 0 0 1 0 0 1 0 0 0 0 0 1 0
 0 0 0 0 0 1 0 0 0 0 0 1 1 0 0
 0 1 0 0 0 0 0 0 0 0 0 0 0 0 0
 0 0 0 1 0 0 0 0 0 0 1 0 0 0 0
 0 0 0 0 0 0 0 0 0 1 1 0 0 0 0
 1 0 1 1 0 0 0 0 1 0 0 0 0 0 1
 0 1 0 0 0 0 0 0 0 0 0 0 0 0 0
 0 0 0 0 0 0 1 0 0 0 0 0 0 0 0
 0 0 0 0 0 0 0 0 1 0 0 1 0 0 0
 1 0 0 0 0 0 0 0 0 0 0 0 0 0 0
 0 0 0 0 0 1 1 1 0 0 0 0 0 0 0
 0 0 0 0 1 0 0 0 0 0 0 0 0 1 0
 0 0 0 0 0 0 0 0 0 0 0 0 1 0 0
 0 0 0 0 0 0 0 0 0 1 0 0 0 0 1
 0 0 1 0 0 0 0 0 0 0 0 0 0 0 0

Warwick 458: balanced orders, 2 orders per product
15 15
 0 0 0 0 1 0 0 0 0 1 0 0 0 0 0
 0 0 0 0 0 0 0 0 0 0 0 0 0 0 1
 0 0 0 1 0 0 0 0 0 0 1 0 0 0 0
 0 0 0 0 0 0 0 0 1 0 0 1 0 0 1
 1 0 0 0 0 0 0 0 0 0 0 1 1 0 0
 0 0 0 0 0 0 0 0 1 0 0 0 0 0 0
 0 1 0 0 0 0 0 0 0 0 0 0 0 1 0
 0 0 1 0 0 0 0 0 0 0 0 0 0 0 0
 0 1 0 0 0 0 0 1 0 0 0 0 0 0 0
 0 0 0 1 0 1 0 0 0 0 1 0 0 0 0
 0 0 0 0 0 0 0 1 0 1 0 0 0 1 0
 0 0 1 0 0 0 0 0 0 0 0 0 1 0 0
 0 0 0 0 0 0 1 0 0 0 0 0 0 0 0
 1 0 0 0 1 0 1 0 0 0 0 0 0 0 0
 0 0 0 0 0 1 0 0 0 0 0 0 0 0 0

Warwick 459: balanced orders, 2 orders per product
15 15
 0 0 0 1 0 0 0 0 0 0 0 0 0 0 0
 0 0 1 1 0 0 1 0 0 0 0 0 0 0 1
 0 1 0 0 0 1 0 0 0 0 0 0 0 0 0
 0 0 0 0 1 0 0 0 0 0 0 0 0 0 0
 0 0 0 0 0 0 0 0 0 1 0 0 1 0 1
 0 0 1 0 0 0 0 0 0 0 0 0 0 0 0
 0 0 0 0 0 0 0 0 0 0 0 0 1 0 0
 0 1 0 0 0 1 0 0 0 0 0 0 0 0 0
 0 0 0 0 1 0 1 0 0 0 0 0 0 0 0
 1 0 0 0 0 0 0 1 0 0 0 0 0 0 0
 0 0 0 0 0 0 0 0 0 1 1 0 0 0 0
 0 0 0 0 0 0 0 0 0 0 0 0 0 1 0
 0 0 0 0 0 0 0 1 1 0 0 1 0 0 0
 1 0 0 0 0 0 0 0 0 0 1 1 0 0 0
 0 0 0 0 0 0 0 0 1 0 0 0 0 1 0

Warwick 460: balanced orders, 2 orders per product
15 15
 0 0 0 0 0 0 0 0 1 0 0 0 0 0 0
 0 0 0 0 0 1 0 0 0 0 0 0 0 0 0
 0 0 0 0 0 0 0 0 0 0 0 1 1 0 0
 0 0 0 0 0 0 0 0 0 1 0 0 0 0 1
 1 0 0 0 1 0 1 1 0 0 1 0 0 0 0
 0 0 1 0 0 0 0 0 0 0 0 0 0 0 1
 1 0 0 1 0 0 0 0 0 0 0 0 0 0 0
 0 0 0 0 0 0 0 1 0 0 0 0 0 0 0
 0 0 0 0 0 0 0 0 0 0 0 1 0 0 0
 0 1 0 0 0 0 0 0 0 0 0 0 0 0 0
 0 1 0 0 1 1 1 0 1 0 0 0 1 0 0
 0 0 0 1 0 0 0 0 0 0 0 0 0 0 0
 0 0 0 0 0 0 0 0 0 0 0 0 0 1 0
 0 0 0 0 0 0 0 0 0 0 0 0 0 1 0
 0 0 1 0 0 0 0 0 0 1 1 0 0 0 0

Warwick 461: balanced orders, 3 orders per product
15 15
 0 0 0 0 1 0 0 0 1 0 1 0 0 0 0
 1 1 0 0 0 0 0 0 0 0 0 0 0 0 0
 0 0 1 0 1 0 0 0 0 0 0 0 0 1 0
 0 0 0 0 0 0 0 0 0 0 1 1 0 0 0
 0 1 1 0 0 1 1 0 0 0 0 0 0 0 1
 0 1 0 0 0 0 0 0 1 0 0 1 0 0 0
 0 0 1 0 0 0 0 0 0 1 0 0 0 0 1
 0 0 0 1 0 0 0 0 0 0 0 0 1 0 0
 0 0 0 0 0 0 0 0 0 0 0 0 1 0 0
 0 0 0 0 0 0 0 0 0 0 1 1 0 0 0
 1 0 0 1 1 1 1 0 0 0 0 0 0 1 0
 0 0 0 0 0 0 0 1 0 0 0 0 0 0 0
 0 0 0 0 0 0 0 0 0 1 0 0 1 0 1
 1 0 0 0 0 0 1 1 0 1 0 0 0 0 0
 0 0 0 1 0 1 0 1 1 0 0 0 0 1 0

Warwick 462: balanced orders, 3 orders per product
15 15
 1 0 0 0 0 0 0 0 0 0 1 0 0 0 0
 0 0 0 0 0 0 0 0 0 0 1 0 0 0 0
 0 1 0 0 1 1 0 0 0 0 0 0 0 1 0
 0 1 0 1 0 0 0 0 0 1 0 0 1 1 0
 1 0 0 0 0 0 1 0 1 0 0 0 0 0 0
 0 0 0 0 0 0 0 1 0 1 0 0 0 0 0
 0 0 0 0 0 0 1 0 0 0 0 0 0 0 0
 0 1 1 0 1 1 0 0 1 0 0 0 1 0 1
 0 0 0 0 0 0 0 1 0 0 0 0 0 0 0
 0 0 0 1 0 0 0 0 0 0 0 1 1 0 1
 0 0 1 0 0 1 0 1 0 0 1 0 0 0 0
 0 0 0 0 0 0 1 0 0 1 0 1 0 1 0
 1 0 1 0 0 0 0 0 0 0 0 1 0 0 1
 0 0 0 1 0 0 0 0 1 0 0 0 0 0 0
 0 0 0 0 1 0 0 0 0 0 0 0 0 0 0

Warwick 463: balanced orders, 3 orders per product
15 15
 0 0 1 0 1 0 0 0 0 1 0 0 0 0 0
 0 0 1 0 0 0 0 0 0 1 0 0 0 0 0
 0 0 0 0 0 0 0 0 1 0 1 1 0 0 0
 0 0 1 0 0 0 0 0 0 0 0 0 0 0 0
 0 0 0 1 0 0 0 1 0 0 0 0 1 0 1
 0 0 0 0 1 0 0 0 0 0 1 0 0 0 0
 1 1 0 0 0 0 0 0 0 0 0 0 0 1 0
 0 1 0 0 0 1 0 0 0 1 0 0 0 0 0
 0 0 0 0 0 1 0 0 0 0 0 1 0 0 0
 0 0 0 1 0 0 0 0 1 0 0 1 0 0 0
 0 0 0 0 0 1 1 0 1 0 0 0 1 0 1
 1 1 0 0 0 0 0 1 0 0 0 0 0 1 0
 1 0 0 0 1 0 1 0 0 0 0 0 1 0 0
 0 0 0 0 0 0 1 1 0 0 0 0 0 1 0
 0 0 0 1 0 0 0 0 0 0 1 0 0 0 1

Warwick 464: balanced orders, 3 orders per product
15 15
 0 0 0 0 0 0 1 0 0 0 0 1 0 0 0
 0 0 0 1 1 0 0 1 0 0 0 0 1 0 1
 0 1 0 0 1 1 0 0 0 0 0 0 0 0 0
 0 0 0 0 0 0 1 0 1 0 1 0 0 0 0
 0 0 0 0 0 0 0 0 0 0 0 1 0 0 0
 1 1 1 0 0 0 0 1 1 0 0 0 0 0 0
 0 1 1 0 0 0 0 0 0 0 0 0 0 0 0
 0 0 1 0 0 0 0 0 0 0 0 1 0 0 0
 0 0 0 0 0 0 0 0 0 1 1 0 1 0 1
 1 0 0 1 0 0 0 0 0 1 0 0 1 0 0
 0 0 0 0 0 1 0 0 0 0 1 0 0 0 0
 0 0 0 0 0 1 0 1 0 1 0 0 0 1 0
 1 0 0 1 0 0 0 0 0 0 0 0 0 1 0
 0 0 0 0 0 0 0 0 1 0 0 0 0 1 0
 0 0 0 0 1 0 1 0 0 0 0 0 0 0 1

Warwick 465: balanced orders, 3 orders per product
15 15
 0 0 0 0 0 0 0 0 0 0 0 0 0 0 1
 0 1 0 0 0 1 1 0 0 0 0 0 1 0 0
 0 0 0 0 0 0 0 1 0 0 0 0 0 0 0
 1 0 1 0 0 0 1 0 0 0 1 0 0 0 0
 0 1 0 0 0 0 0 0 0 0 1 1 0 0 0
 0 0 0 0 0 0 0 1 1 0 0 0 0 1 0
 0 0 0 0 0 0 0 0 0 0 0 0 0 0 1
 0 0 0 1 0 0 1 0 0 0 0 0 0 0 0
 1 0 0 0 0 0 0 0 1 1 0 1 0 1 1
 0 0 0 0 1 0 0 1 0 1 0 0 1 0 0
 1 0 1 0 1 1 0 0 0 0 0 1 0 0 0
 0 1 0 0 0 0 0 0 1 0 0 0 1 1 0
 0 0 1 1 0 0 0 0 0 0 0 0 0 0 0
 0 0 0 1 0 1 0 0 0 1 1 0 0 0 0
 0 0 0 0 1 0 0 0 0 0 0 0 0 0 0

Warwick 466: balanced orders, 3 orders per product
15 15
 0 0 0 0 0 1 0 0 1 0 0 0 0 0 1
 1 0 1 0 0 0 0 1 0 1 0 0 0 1 0
 0 0 0 1 1 0 0 0 0 0 0 0 0 0 0
 0 0 0 0 0 0 0 0 0 0 0 0 1 0 0
 0 0 0 0 0 0 0 0 1 1 0 0 0 0 0
 1 0 0 0 0 0 0 0 0 0 1 1 0 0 0
 0 0 0 1 0 1 0 0 0 0 1 0 0 0 0
 0 1 0 0 0 0 0 0 0 0 1 0 0 0 1
 1 1 0 0 0 0 0 0 1 0 0 0 1 0 0
 0 0 1 0 0 1 0 0 0 0 0 0 0 0 0
 0 0 0 0 1 0 0 0 0 1 0 0 0 0 0
 0 0 0 0 0 0 1 0 0 0 0 0 0 0 1
 0 1 0 1 0 0 0 1 0 0 0 0 0 1 0
 0 0 0 0 1 0 1 1 0 0 0 1 1 0 0
 0 0 1 0 0 0 1 0 0 0 0 1 0 1 0

Warwick 467: balanced orders, 3 orders per product
15 15
 0 0 0 0 0 0 0 0 0 0 1 1 0 0 0
 0 0 0 0 0 0 0 0 0 0 1 0 0 0 0
 0 0 1 0 0 0 0 1 0 0 0 0 0 0 1
 0 0 0 0 0 1 0 0 1 0 0 0 0 1 1
 0 1 0 0 1 0 1 0 0 1 1 1 0 0 0
 0 1 0 1 1 1 0 1 0 0 0 0 0 0 0
 1 0 0 0 0 0 0 1 0 0 0 1 0 1 0
 0 0 0 0 0 0 0 0 0 1 0 0 0 0 0
 0 0 1 0 0 0 1 0 0 0 0 0 1 0 0
 0 0 1 1 0 1 0 0 1 0 0 0 0 0 0
 0 0 0 1 0 0 1 0 0 0 0 0 0 0 0
 0 0 0 0 1 0 0 0 0 0 0 0 1 1 0
 0 0 0 0 0 0 0 0 0 0 0 0 1 0 0
 1 0 0 0 0 0 0 0 0 0 0 0 0 0 1
 1 1 0 0 0 0 0 0 1 1 0 0 0 0 0

Warwick 468: balanced orders, 3 orders per product
15 15
 0 0 0 1 0 0 1 1 0 0 0 0 0 1 1
 1 0 0 0 0 0 0 0 0 0 0 0 1 0 0
 0 1 0 0 0 1 0 0 0 0 0 0 0 1 0
 0 0 1 0 0 0 0 0 0 0 1 0 0 0 0
 0 0 0 0 1 0 0 0 1 0 0 0 1 0 0
 0 0 1 0 1 0 0 0 0 0 0 1 0 0 0
 0 0 0 0 0 0 0 0 0 1 0 0 0 0 1
 0 0 1 0 0 0 0 1 0 0 0 0 0 0 0
 0 0 0 0 0 1 1 0 0 0 1 0 1 1 0
 0 1 0 1 1 0 1 1 0 1 0 0 0 0 0
 0 0 0 0 0 1 0 0 0 0 0 0 0 0 0
 1 1 0 0 0 0 0 0 0 0 1 0 0 0 0
 0 0 0 0 0 0 0 0 1 0 0 1 0 0 0
 1 0 0 1 0 0 0 0 1 1 0 0 0 0 1
 0 0 0 0 0 0 0 0 0 0 0 1 0 0 0

Warwick 469: balanced orders, 3 orders per product
15 15
 0 0 0 0 1 0 0 0 0 0 0 0 0 1 0
 0 0 0 0 0 0 0 0 0 1 0 0 0 0 0
 1 0 0 0 1 0 0 0 1 0 1 0 1 0 1
 0 0 0 0 0 1 0 0 0 0 0 0 0 0 0
 1 0 1 0 0 0 0 0 0 0 0 0 1 0 1
 0 0 0 0 0 0 1 1 0 0 0 1 0 1 0
 0 0 0 1 0 0 0 1 1 0 1 0 0 0 0
 0 0 0 0 0 0 0 0 0 1 0 1 0 0 0
 0 0 0 1 1 1 0 0 0 0 0 0 0 0 0
 0 0 0 0 0 1 0 1 1 1 0 0 0 1 0
 0 1 1 0 0 0 0 0 0 0 0 0 0 0 0
 0 1 0 0 0 0 1 0 0 0 0 0 0 0 0
 1 1 1 0 0 0 1 0 0 0 0 0 1 0 0
 0 0 0 0 0 0 0 0 0 0 0 1 0 0 0
 0 0 0 1 0 0 0 0 0 0 1 0 0 0 1

Warwick 470: balanced orders, 3 orders per product
15 15
 1 1 0 0 0 0 0 0 1 0 0 0 0 0 0
 0 0 0 1 0 0 0 0 0 0 0 0 0 1 0
 0 0 0 0 1 0 0 0 0 0 0 1 0 0 0
 0 0 0 0 1 1 0 0 0 1 1 0 1 0 1
 1 0 0 0 0 0 0 0 0 0 0 0 0 0 0
 0 0 0 0 0 0 1 0 1 0 0 1 0 0 0
 0 0 0 1 0 0 0 0 0 0 0 0 0 0 0
 0 0 0 0 1 1 0 0 0 0 0 0 0 0 0
 0 0 1 0 0 0 0 0 0 1 0 0 0 0 1
 0 0 0 0 0 0 1 1 0 0 0 0 1 1 0
 0 1 0 1 0 0 0 1 0 0 1 0 0 0 0
 0 1 1 0 0 0 0 0 0 1 1 1 0 0 1
 0 0 0 0 0 1 0 0 0 0 0 0 1 0 0
 0 0 1 0 0 0 1 0 1 0 0 0 0 1 0
 1 0 0 0 0 0 0 1 0 0 0 0 0 0 0

Warwick 471: balanced orders, 4 orders per product
15 15
 1 0 0 0 0 0 1 0 0 0 0 1 0 1 0
 0 1 0 0 1 0 0 0 1 0 0 1 0 0 0
 0 1 0 1 0 0 0 0 0 0 0 1 0 1 0
 0 0 0 0 0 0 0 0 0 1 0 0 0 1 0
 1 1 0 0 0 0 0 0 1 0 1 0 1 0 1
 1 0 1 0 1 0 0 0 0 0 0 0 1 0 0
 0 0 0 0 0 1 1 1 0 1 0 0 1 0 0
 0 0 1 1 0 1 1 0 1 0 0 0 0 1 1
 0 0 0 1 0 0 0 1 0 0 0 0 0 0 0
 0 0 0 0 0 0 0 0 0 1 1 0 0 0 1
 0 0 1 0 1 1 0 1 0 0 1 0 1 0 0
 0 0 0 1 0 1 0 1 1 0 0 1 0 0 0
 1 0 0 0 0 0 1 0 0 1 0 0 0 0 0
 0 0 1 0 1 0 0 0 0 0 1 0 0 0 1
 0 1 0 0 0 0 0 0 0 0 0 0 0 0 0

Warwick 472: balanced orders, 4 orders per product
15 15
 0 0 0 0 0 1 0 0 0 0 0 1 0 0 1
 0 1 0 0 0 1 0 0 0 0 1 1 0 1 0
 0 1 0 1 1 0 1 1 1 0 0 0 0 0 0
 0 0 1 1 0 0 1 0 0 0 0 0 0 0 0
 0 0 0 0 0 1 1 0 0 1 0 0 0 1 1
 1 0 1 0 0 0 0 1 0 1 0 1 0 0 0
 1 0 0 0 0 0 1 0 0 0 1 0 1 0 0
 1 0 0 0 1 0 0 0 0 0 0 0 0 0 0
 1 1 1 0 0 1 0 1 1 0 0 0 0 0 1
 0 0 0 0 0 0 0 1 0 0 0 0 1 0 0
 0 0 0 1 0 0 0 0 1 0 1 0 0 0 0
 0 0 0 1 1 0 0 0 0 0 0 0 1 1 1
 0 0 0 0 1 0 0 0 0 1 0 0 0 0 0
 0 1 0 0 0 0 0 0 0 0 0 1 1 0 0
 0 0 1 0 0 0 0 0 1 1 1 0 0 1 0

Warwick 473: balanced orders, 4 orders per product
15 15
 0 0 0 1 0 1 0 0 1 1 0 1 0 0 0
 0 0 0 0 0 0 0 0 0 0 1 0 0 0 0
 0 0 0 1 1 0 0 0 0 0 0 0 1 1 0
 1 0 0 1 1 1 0 1 0 0 1 0 0 0 0
 1 0 0 0 0 0 1 0 0 0 0 1 0 1 0
 0 1 1 1 0 1 1 0 0 0 1 0 1 0 0
 0 0 0 0 0 0 0 1 0 1 0 0 0 0 1
 0 0 1 0 1 0 0 0 0 0 0 0 0 0 0
 0 0 1 0 0 0 0 1 1 0 0 0 0 0 1
 0 1 0 0 0 0 0 0 0 1 1 0 0 0 0
 0 0 0 0 0 0 1 0 1 0 0 0 0 1 0
 1 0 0 0 0 0 0 0 0 0 0 1 1 1 0
 0 0 0 0 1 0 0 0 1 1 0 0 0 0 1
 1 1 1 0 0 1 0 0 0 0 0 0 1 0 0
 0 1 0 0 0 0 1 1 0 0 0 1 0 0 1

Warwick 474: balanced orders, 4 orders per product
15 15
 0 0 0 0 0 0 0 0 0 1 0 1 0 0 1
 1 0 1 0 1 1 1 0 1 0 1 0 0 1 0
 0 0 0 0 0 0 0 1 0 0 1 0 1 0 0
 0 1 1 0 0 0 0 1 0 0 0 1 0 1 1
 0 1 0 0 1 0 0 1 0 0 0 0 0 0 0
 0 0 0 0 0 1 0 0 0 1 0 0 1 0 0
 1 0 0 0 1 1 1 0 1 1 0 0 0 0 0
 1 1 0 1 0 0 0 0 0 0 0 0 0 0 1
 0 0 0 1 0 0 0 0 0 0 0 1 0 0 1
 0 0 1 1 0 1 1 0 0 0 1 0 1 0 0
 0 1 1 0 0 0 0 0 0 0 1 0 0 0 0
 0 0 0 1 0 0 0 0 1 0 0 0 0 0 0
 0 0 0 0 1 0 0 0 1 0 0 0 0 1 0
 0 0 0 0 0 0 1 1 0 0 0 0 0 1 0
 1 0 0 0 0 0 0 0 0 1 0 1 1 0 0

Warwick 475: balanced orders, 4 orders per product
15 15
 0 1 0 0 0 0 1 0 1 0 0 1 0 1 0
 0 0 0 0 1 0 0 0 0 0 0 0 0 0 0
 1 0 0 1 0 0 0 0 0 1 0 0 0 0 0
 0 0 1 0 0 1 0 1 0 0 0 0 0 0 0
 0 0 0 1 0 1 1 0 0 0 1 0 0 0 0
 0 0 0 1 0 0 0 0 1 1 0 1 1 0 0
 0 0 0 0 0 1 1 0 0 0 0 0 0 0 0
 0 0 0 0 0 0 0 1 1 0 1 0 0 0 1
 1 0 0 0 1 0 0 0 0 1 0 0 0 0 0
 0 0 1 0 0 0 1 0 0 0 1 0 1 1 0
 1 1 0 0 1 0 0 1 0 0 1 0 0 0 1
 0 1 1 0 1 0 0 0 0 1 0 0 0 1 1
 1 1 0 0 0 1 0 0 0 0 0 0 0 0 1
 0 0 1 0 0 0 0 0 1 0 0 1 1 1 0
 0 0 0 1 0 0 0 1 0 0 0 1 1 0 0

Warwick 476: balanced orders, 4 orders per product
15 15
 0 0 1 0 1 0 0 0 1 0 1 0 0 1 1
 1 1 0 0 0 0 0 1 0 0 1 0 1 0 0
 0 0 0 0 0 0 1 0 0 1 0 1 0 0 0
 0 0 0 1 0 0 0 0 0 0 1 0 1 1 0
 0 0 0 0 0 0 0 0 0 1 0 0 0 1 1
 1 1 0 0 1 1 0 0 0 0 0 1 0 0 0
 0 1 1 0 0 0 0 0 0 0 0 0 0 0 0
 0 0 1 0 0 1 1 1 1 1 0 0 1 0 0
 1 0 0 1 1 0 0 0 0 0 0 0 1 0 0
 0 0 0 0 1 0 0 0 0 0 0 0 0 0 0
 0 1 0 0 0 1 1 0 1 0 1 0 0 1 1
 0 0 1 1 0 0 0 0 0 0 0 1 0 0 0
 0 0 0 0 0 1 0 1 0 0 0 0 0 0 1
 1 0 0 1 0 0 0 1 0 1 0 1 0 0 0
 0 0 0 0 0 0 1 0 1 0 0 0 0 0 0

Warwick 477: balanced orders, 4 orders per product
15 15
 0 0 0 0 0 1 0 0 0 0 0 1 0 1 0
 0 0 0 1 0 1 1 0 0 0 0 1 0 0 0
 0 0 1 0 0 0 0 0 0 0 1 0 0 0 0
 1 1 0 1 1 0 0 0 1 0 1 0 0 0 0
 0 0 1 0 0 0 1 1 0 1 0 0 0 0 0
 0 0 1 0 0 0 0 0 0 0 0 0 1 1 0
 0 1 0 0 1 0 0 1 0 0 0 0 0 1 1
 1 0 0 0 0 0 1 0 1 1 0 0 1 0 1
 1 0 0 0 0 0 0 0 0 0 0 0 0 0 1
 0 1 0 0 1 0 1 0 0 0 1 0 0 0 1
 0 0 0 0 0 0 0 0 1 0 0 0 0 0 0
 1 0 1 1 1 0 0 1 1 0 0 1 1 0 0
 0 1 0 0 0 0 0 0 0 1 0 0 0 1 0
 0 0 0 0 0 1 0 0 0 1 0 1 0 0 0
 0 0 0 1 0 1 0 1 0 0 1 0 1 0 0

Warwick 478: balanced orders, 4 orders per product
15 15
 0 0 0 0 0 0 1 0 0 0 0 0 0 0 0
 1 1 1 0 1 0 0 0 1 0 0 1 0 0 0
 0 0 0 0 0 0 0 0 0 1 1 0 0 0 0
 0 0 0 0 1 0 0 0 1 0 1 0 1 0 1
 1 1 1 0 0 0 0 0 0 1 1 1 0 0 0
 0 0 0 0 0 1 1 0 0 0 0 0 0 1 1
 0 0 1 1 0 1 0 0 0 0 0 0 1 0 1
 1 1 1 0 1 0 0 0 0 0 0 0 0 1 0
 0 0 0 1 0 0 0 1 0 0 0 1 0 0 0
 0 0 0 1 0 1 0 0 0 0 1 1 0 1 1
 1 0 0 0 0 1 0 1 1 1 0 0 0 0 0
 0 0 0 0 0 0 1 1 1 0 0 0 1 0 0
 0 0 0 0 1 0 0 0 0 0 0 0 0 0 0
 0 0 0 0 0 0 1 1 0 1 0 0 1 0 0
 0 1 0 1 0 0 0 0 0 0 0 0 0 1 0

Warwick 479: balanced orders, 4 orders per product
15 15
 0 1 1 0 0 0 1 0 1 1 0 0 0 0 0
 1 0 1 1 0 0 0 1 0 1 0 0 0 1 0
 0 0 0 0 1 0 0 0 0 1 0 0 1 0 1
 0 0 0 0 0 0 1 0 1 0 0 0 0 0 0
 1 0 0 0 0 0 0 0 0 0 0 0 1 0 0
 0 0 0 0 0 0 0 1 0 0 0 0 0 0 0
 0 0 0 0 1 1 0 1 0 0 1 0 0 0 0
 0 0 1 0 0 0 0 0 0 0 0 0 1 1 1
 0 1 1 0 1 0 1 0 0 0 0 0 0 1 0
 0 0 0 0 1 0 0 0 0 0 0 1 1 0 1
 0 1 0 1 0 1 0 0 0 0 1 1 0 0 1
 0 0 0 0 0 0 0 0 0 0 1 1 0 1 0
 1 0 0 1 0 1 0 0 0 1 0 1 0 0 0
 0 0 0 1 0 0 1 0 1 0 1 0 0 0 0
 1 1 0 0 0 1 0 1 1 0 0 0 0 0 0

Warwick 480: balanced orders, 4 orders per product
15 15
 0 1 1 0 0 0 0 1 0 0 0 0 0 0 0
 0 0 0 0 1 1 0 1 0 1 1 1 0 1 0
 0 0 1 1 0 0 0 0 0 0 0 1 0 1 0
 1 0 0 0 0 0 0 1 0 0 1 1 0 1 0
 0 0 0 0 1 1 0 0 0 0 0 0 0 0 1
 0 1 1 0 1 0 0 0 1 1 0 0 0 0 0
 0 0 0 1 0 0 0 0 0 0 1 1 0 0 0
 0 0 0 0 0 0 1 0 0 1 1 0 1 0 0
 1 0 1 0 0 1 0 0 0 0 0 0 0 0 0
 1 1 0 1 0 0 1 0 1 1 0 0 0 0 1
 0 0 0 0 0 0 1 0 1 0 0 0 0 0 0
 0 0 0 0 1 0 1 0 0 0 0 0 1 0 1
 0 0 0 0 0 0 0 0 0 0 0 0 1 1 0
 0 1 0 0 0 1 0 1 0 0 0 0 1 0 1
 1 0 0 1 0 0 0 0 1 0 0 0 0 0 0

Warwick 481: balanced orders, 5 orders per product
15 15
 0 1 0 0 0 1 1 0 0 0 0 1 0 0 1
 1 0 0 1 0 0 1 0 0 0 0 0 0 0 0
 0 0 1 0 0 0 1 0 0 1 0 0 0 1 0
 0 1 0 1 0 0 0 0 0 0 0 1 1 0 0
 1 0 0 0 0 1 0 0 1 0 1 1 0 1 0
 0 0 0 1 1 0 0 0 0 1 1 0 0 0 0
 0 1 0 1 0 0 0 1 0 0 0 1 1 0 1
 1 1 1 0 0 1 1 1 1 0 0 0 1 1 0
 0 0 0 0 1 0 0 0 0 0 1 0 0 1 0
 0 0 0 0 1 0 0 0 1 1 0 1 1 0 1
 0 0 0 0 0 1 0 1 0 1 1 0 0 0 0
 1 0 1 1 0 1 1 1 1 0 1 0 0 1 0
 1 1 1 0 0 0 0 0 0 1 0 0 1 0 1
 0 0 1 0 1 0 0 1 0 0 0 0 0 0 0
 0 0 0 0 1 0 0 0 1 0 0 0 0 0 1

Warwick 482: balanced orders, 5 orders per product
15 15
 0 0 0 0 0 0 1 0 0 1 1 1 0 0 1
 0 0 0 1 1 1 0 0 0 0 0 0 1 1 0
 1 1 1 1 0 0 0 0 0 0 1 0 0 0 0
 0 0 0 1 1 1 0 1 0 0 0 1 0 0 0
 0 0 0 0 1 0 0 0 1 0 1 1 0 1 0
 0 0 0 0 0 1 0 0 0 1 0 0 0 0 0
 1 1 1 0 0 0 1 1 1 1 0 0 1 1 0
 1 0 0 0 0 0 1 1 0 0 0 0 0 0 0
 0 0 0 0 0 0 0 1 1 0 1 0 0 1 1
 0 1 0 1 0 1 0 0 1 1 0 0 1 0 1
 1 1 0 0 1 0 0 0 0 0 0 0 1 0 0
 1 0 0 0 1 0 1 1 1 0 0 0 1 0 0
 0 0 1 0 0 0 0 0 0 1 0 0 0 1 1
 0 0 1 0 0 0 1 0 0 0 0 1 0 0 1
 0 1 1 1 0 1 0 0 0 0 1 1 0 0 0

Warwick 483: balanced orders, 5 orders per product
15 15
 0 1 1 0 1 0 1 0 1 1 1 0 0 0 1
 0 0 1 0 0 0 0 1 0 0 0 0 0 0 0
 0 0 0 1 0 0 1 1 0 0 0 1 0 1 1
 0 0 0 1 1 0 1 0 0 0 0 1 0 0 0
 0 0 0 0 1 0 0 1 0 0 0 0 1 0 0
 0 1 0 0 0 1 0 0 1 0 1 1 0 0 0
 1 0 1 1 0 0 0 0 0 1 1 0 0 1 0
 0 0 0 0 0 0 1 0 1 0 0 0 0 1 0
 1 1 1 0 0 0 0 0 0 1 0 0 1 0 0
 0 0 0 0 0 0 1 1 0 0 0 1 0 1 1
 1 1 1 0 0 1 0 0 0 0 1 0 1 0 1
 0 0 0 0 0 1 0 0 1 1 1 0 0 0 0
 1 0 0 1 0 1 0 0 0 0 0 0 0 0 0
 0 1 0 1 1 1 0 1 0 0 0 1 1 1 1
 1 0 0 0 1 0 0 0 1 1 0 0 1 0 0

Warwick 484: balanced orders, 5 orders per product
15 15
 0 0 0 1 1 0 1 1 0 0 0 1 1 0 0
 0 0 0 0 0 0 1 0 0 1 0 0 0 0 0
 1 0 0 0 0 0 0 0 1 1 0 0 0 1 0
 1 1 0 0 1 0 0 0 0 0 1 1 0 0 1
 0 1 0 0 1 0 0 1 1 0 0 0 0 0 1
 0 0 0 0 0 0 0 0 0 0 0 0 1 1 0
 0 1 0 0 1 1 0 1 0 1 0 0 1 1 0
 1 0 0 1 0 1 0 1 1 1 0 0 0 1 0
 1 0 0 0 0 0 1 0 1 0 0 0 0 0 0
 0 0 0 1 0 0 0 0 0 1 1 0 0 0 1
 1 0 1 0 0 1 0 0 0 0 0 0 0 0 1
 0 0 1 1 0 1 1 0 0 0 1 1 1 0 1
 0 1 1 1 1 0 1 0 0 0 0 1 1 0 0
 0 0 1 0 0 1 0 1 0 0 1 0 0 0 0
 0 1 1 0 0 0 0 0 1 0 1 1 0 1 0

Warwick 485: balanced orders, 5 orders per product
15 15
 0 0 1 0 0 1 0 1 0 0 0 0 0 1 1
 0 0 1 0 1 0 0 1 0 1 0 0 1 0 1
 0 1 0 0 0 0 0 0 0 0 0 1 1 0 1
 0 0 0 0 1 1 1 0 0 1 0 0 1 0 0
 0 1 0 0 0 1 1 0 0 1 0 0 0 1 1
 0 0 1 0 0 1 0 1 0 0 1 1 0 0 0
 1 0 1 0 0 1 0 0 0 0 0 0 0 0 1
 0 0 0 1 1 0 0 0 1 0 1 1 0 0 0
 0 0 0 0 0 0 0 0 1 0 0 0 0 1 0
 1 0 0 1 0 0 0 0 1 1 0 0 0 1 0
 0 0 1 0 0 0 1 0 0 1 0 0 0 0 0
 1 0 0 1 0 0 0 0 0 0 1 0 1 0 0
 0 1 0 1 0 0 1 0 1 0 0 0 1 0 0
 1 1 0 1 1 0 0 1 0 0 1 1 0 0 0
 1 1 0 0 1 0 1 1 1 0 1 1 0 1 0

Warwick 486: balanced orders, 5 orders per product
15 15
 1 0 0 0 0 0 0 0 0 0 0 1 0 0 0
 1 0 0 1 0 0 0 0 0 0 0 0 0 0 1
 0 0 0 0 1 1 0 1 0 0 1 0 0 0 0
 0 0 0 1 1 0 1 0 0 1 0 0 0 1 0
 0 1 0 1 0 1 0 0 0 0 1 1 0 0 0
 1 0 1 0 0 0 0 0 0 1 0 0 1 0 0
 0 0 0 0 0 0 0 1 0 1 1 1 1 0 1
 1 1 1 0 1 1 1 1 1 0 0 1 1 0 0
 1 1 1 0 0 0 0 0 1 0 0 0 0 0 0
 0 1 0 1 0 0 1 0 1 0 1 0 0 1 1
 0 0 1 0 1 0 1 0 0 0 0 0 1 1 0
 0 0 1 0 0 0 0 0 1 0 0 1 0 0 0
 0 1 0 0 1 0 1 0 1 0 0 0 1 1 0
 0 0 0 1 0 1 0 1 0 1 0 0 0 0 1
 0 0 0 0 0 1 0 1 0 1 1 0 0 1 1

Warwick 487: balanced orders, 5 orders per product
15 15
 0 0 0 0 1 0 1 0 0 1 0 0 0 0 0
 0 0 0 0 0 0 0 0 1 0 0 0 0 0 1
 1 0 0 1 0 1 0 1 0 1 1 1 0 0 0
 1 1 0 0 1 1 0 0 1 0 0 0 0 0 0
 0 0 1 0 0 0 0 0 0 0 0 0 0 0 1
 0 0 0 1 0 0 1 0 0 0 1 0 0 1 0
 0 0 0 1 0 1 0 0 1 0 0 0 1 0 0
 1 1 0 0 0 0 0 1 0 1 0 1 1 1 1
 0 0 1 1 1 1 0 0 0 1 0 1 0 1 0
 1 0 0 0 0 0 1 0 0 0 0 0 0 0 0
 0 1 1 0 0 0 0 1 0 1 0 0 1 0 0
 0 0 0 1 1 0 1 1 0 0 1 1 1 0 0
 1 1 1 0 0 0 0 0 0 0 1 0 1 1 1
 0 1 1 0 1 1 0 0 1 0 0 0 0 0 1
 0 0 0 0 0 0 1 1 1 0 1 1 0 1 0

Warwick 488: balanced orders, 5 orders per product
15 15
 0 0 0 0 0 0 1 0 0 0 1 1 1 1 0
 0 1 1 1 0 1 0 0 0 1 1 0 0 0 1
 1 1 0 1 1 1 0 1 1 0 0 0 0 0 1
 1 0 0 0 0 1 1 1 0 0 0 0 1 0 1
 0 1 0 0 1 0 0 0 0 0 0 0 0 0 0
 1 1 1 1 0 1 1 1 1 1 0 0 0 0 1
 0 0 0 0 0 0 1 1 1 0 0 0 0 1 0
 1 0 0 0 1 0 0 0 1 0 0 0 0 0 1
 0 0 0 1 0 0 0 0 0 0 0 0 1 0 0
 0 0 0 0 0 0 0 1 0 0 0 0 0 0 0
 0 0 0 0 0 0 0 0 0 0 0 1 1 0 0
 1 0 1 0 0 0 0 0 1 0 0 1 0 0 0
 0 0 0 0 0 0 0 0 0 1 1 1 0 1 0
 0 0 1 0 1 0 0 0 0 1 1 1 0 1 0
 0 1 1 1 1 1 1 0 0 1 1 0 1 1 0

Warwick 489: balanced orders, 5 orders per product
15 15
 0 0 0 0 0 1 0 0 1 0 0 0 0 0 0
 1 0 1 1 1 0 0 1 0 0 1 0 1 0 0
 1 1 0 0 0 0 1 0 0 0 1 0 1 0 0
 0 0 1 0 0 0 1 1 0 0 0 1 0 1 1
 0 1 0 1 0 0 1 0 0 0 0 0 0 0 0
 1 0 0 0 1 0 0 0 0 1 0 1 1 1 1
 0 0 0 0 0 1 1 1 1 1 1 1 0 0 0
 1 0 0 0 0 1 0 1 0 0 0 0 0 1 1
 0 0 0 0 0 0 0 1 0 0 1 0 0 1 0
 0 1 1 0 0 0 0 0 0 1 1 0 0 1 1
 0 0 1 0 1 1 0 0 0 0 0 0 0 0 0
 0 1 0 0 0 0 0 0 1 1 0 1 1 0 0
 0 0 1 1 1 0 0 0 1 0 0 0 0 0 0
 1 1 0 1 1 0 1 0 1 1 0 0 1 0 0
 0 0 0 1 0 1 0 0 0 0 0 1 0 0 1

Warwick 490: balanced orders, 5 orders per product
15 15
 0 0 0 0 1 0 0 0 1 1 0 0 1 0 1
 1 1 0 0 1 0 1 0 1 0 0 0 0 0 0
 0 0 0 0 1 1 1 1 0 0 0 0 0 0 0
 1 0 0 0 1 1 0 0 1 0 0 1 0 0 1
 0 0 0 0 0 1 0 1 1 1 0 1 0 1 0
 0 1 0 0 0 0 0 0 0 1 0 0 0 0 1
 0 0 1 0 0 0 0 0 0 0 1 1 0 1 0
 0 0 1 1 0 0 1 1 0 0 1 0 0 0 1
 1 1 1 1 0 0 1 0 0 0 0 0 1 0 0
 0 0 1 1 0 0 0 0 0 1 0 0 0 1 0
 1 1 0 0 0 0 0 0 0 0 1 0 1 1 0
 0 1 0 0 1 0 0 1 1 1 1 1 0 0 0
 1 0 1 1 0 1 0 1 0 0 1 0 0 1 0
 0 0 0 1 0 1 1 0 0 0 0 1 1 0 1
 0 0 0 0 0 0 0 0 0 0 0 0 1 0 0

Warwick 491: balanced orders, 6 orders per product
15 15
 0 0 1 0 1 0 0 0 0 0 1 0 0 0 1
 0 0 0 0 1 1 1 1 1 0 0 0 0 1 0
 1 0 0 1 1 1 1 0 0 0 1 0 1 1 1
 0 0 0 1 0 0 1 0 1 1 0 1 1 0 1
 1 0 0 0 0 1 0 0 0 0 0 0 0 0 0
 0 1 1 0 1 0 0 0 0 1 0 1 0 1 0
 0 1 0 0 0 1 1 0 0 1 1 1 0 0 0
 0 1 0 0 1 0 0 1 0 1 1 1 0 1 1
 1 0 1 1 0 1 1 0 1 1 0 0 0 1 0
 0 0 1 1 0 0 1 1 0 0 0 0 1 0 1
 1 1 1 0 0 0 0 0 0 0 0 0 0 1 0
 1 1 1 1 0 0 0 1 1 0 1 1 1 0 1
 0 0 0 0 1 0 0 0 1 0 0 0 0 0 0
 1 1 0 1 0 1 0 1 0 0 1 1 1 0 0
 0 0 0 0 0 0 0 1 1 1 0 0 1 0 0

Warwick 492: balanced orders, 6 orders per product
15 15
 1 1 0 1 0 1 0 1 1 0 1 0 1 1 0
 1 1 0 1 1 0 0 0 1 1 0 1 0 1 1
 0 1 1 1 0 0 1 0 0 0 0 0 0 0 1
 1 0 1 1 0 1 0 0 1 0 0 0 0 0 1
 0 0 1 0 0 0 0 1 0 1 0 0 0 0 1
 1 0 1 0 1 0 0 0 0 0 1 0 1 1 0
 0 0 0 0 0 1 0 1 0 1 1 1 1 1 0
 0 1 1 0 0 0 1 1 0 1 0 1 0 0 1
 0 0 0 1 1 1 1 0 1 1 0 1 1 0 0
 0 1 0 0 0 0 1 1 1 0 1 1 0 0 0
 1 0 1 0 1 1 0 0 0 0 0 0 0 0 1
 0 0 0 1 0 1 0 0 0 0 0 0 0 0 0
 0 0 0 0 1 0 0 1 0 0 1 1 1 1 0
 0 0 0 0 0 0 1 0 0 0 1 0 0 0 0
 1 1 0 0 1 0 1 0 1 1 0 0 1 1 0

Warwick 493: balanced orders, 6 orders per product
15 15
 1 1 0 0 0 1 1 1 1 1 0 0 0 0 1
 0 0 0 1 0 1 0 1 0 1 1 1 1 0 0
 0 1 1 1 0 0 1 1 0 0 0 1 1 0 0
 0 1 0 0 0 1 0 0 0 0 0 1 0 0 1
 0 0 1 1 1 0 1 1 0 0 0 0 0 0 1
 1 0 0 0 1 0 1 0 0 0 0 0 0 1 0
 0 0 1 0 0 1 0 0 0 0 1 0 1 1 0
 1 0 1 0 0 1 0 0 0 1 0 0 1 1 0
 0 0 0 0 0 1 0 0 1 1 1 0 1 0 0
 1 1 1 1 1 0 1 1 0 0 1 0 0 1 0
 0 1 0 1 0 0 1 1 1 1 1 1 1 0 1
 0 0 0 0 1 0 0 0 1 1 0 1 0 1 1
 1 1 0 1 0 0 0 0 0 0 1 0 0 1 0
 0 0 0 0 1 0 0 0 1 0 0 1 0 0 1
 1 0 1 0 1 0 0 0 1 0 0 0 0 0 0

Warwick 494: balanced orders, 6 orders per product
15 15
 1 1 1 1 0 0 1 0 1 0 0 0 0 1 1
 0 1 0 0 1 1 0 1 0 0 1 1 0 1 0
 1 0 0 0 1 1 1 0 1 0 0 1 1 0 0
 1 0 0 0 0 1 1 1 0 1 1 1 0 0 1
 1 1 0 0 0 1 1 0 1 1 0 0 1 0 0
 0 0 1 1 1 0 1 0 0 1 0 0 1 1 0
 0 0 1 0 1 0 0 1 0 0 0 0 1 1 1
 0 0 1 1 0 0 0 0 0 1 0 1 0 1 0
 1 1 1 1 0 1 0 0 0 0 1 0 0 0 1
 0 1 0 0 1 0 0 0 1 1 0 0 1 0 0
 0 0 1 0 1 0 0 1 1 0 0 0 0 0 0
 1 0 0 0 0 0 0 1 1 0 0 0 1 1 0
 0 0 0 0 0 0 0 1 0 0 1 1 0 0 1
 0 0 0 1 0 1 0 0 0 1 1 1 0 0 0
 0 1 0 1 0 0 1 0 0 0 1 0 0 0 1

Warwick 495: balanced orders, 6 orders per product
15 15
 0 0 0 0 0 0 0 1 1 0 0 0 0 0 0
 1 0 1 1 0 0 1 0 0 0 0 0 0 1 0
 1 1 0 0 0 0 0 1 1 1 1 0 0 0 1
 0 1 0 0 1 1 1 0 1 0 0 0 0 1 0
 0 1 0 0 0 1 0 0 1 0 0 1 0 0 1
 0 1 0 1 1 1 1 0 0 0 1 1 1 0 0
 0 0 1 1 1 0 0 1 1 1 0 0 0 0 0
 0 1 1 1 1 1 0 1 1 1 1 1 1 0 1
 0 0 0 0 0 1 0 0 0 1 0 0 0 1 0
 1 0 1 1 0 0 1 0 0 1 1 0 1 0 0
 0 1 1 0 1 0 1 1 0 0 1 1 1 1 1
 1 0 1 0 1 1 0 0 0 0 0 1 0 1 1
 1 0 0 0 0 0 1 0 0 0 1 1 1 0 1
 0 0 0 0 0 0 0 0 0 0 0 0 1 0 0
 1 0 0 1 0 0 0 1 0 1 0 0 0 1 0

Warwick 496: balanced orders, 6 orders per product
15 15
 0 0 0 0 1 1 1 0 0 1 0 0 1 1 0
 1 0 0 0 0 0 0 1 0 1 0 0 0 0 0
 0 1 1 1 0 1 0 0 0 0 1 0 0 0 1
 0 0 1 1 0 0 1 0 1 0 1 1 0 0 0
 1 0 1 1 0 0 0 0 1 1 1 0 0 1 0
 1 0 0 0 1 0 1 0 0 0 1 0 1 1 1
 0 1 0 1 0 0 0 1 0 0 0 0 0 1 0
 0 0 0 0 0 0 0 1 0 0 0 1 0 1 0
 0 0 1 0 1 0 1 0 1 0 0 1 1 0 0
 0 0 1 1 1 1 0 1 0 1 0 0 0 0 1
 0 1 0 0 1 0 1 0 1 0 0 0 0 0 1
 1 0 0 0 0 1 0 1 1 0 1 1 1 0 1
 1 1 0 0 0 1 0 1 0 0 0 1 1 0 0
 0 1 0 0 0 0 1 0 0 1 0 0 0 1 0
 1 1 1 1 1 1 0 0 1 1 1 1 1 0 1

Warwick 497: balanced orders, 6 orders per product
15 15
 1 1 0 1 1 0 1 1 0 1 1 0 0 1 1
 0 0 1 0 1 0 0 1 0 0 0 0 1 0 1
 0 0 0 1 1 0 0 0 1 1 1 0 1 0 0
 1 0 0 1 0 0 1 0 0 0 1 0 1 0 0
 0 0 0 0 0 0 0 0 0 0 0 1 0 1 0
 0 1 0 0 0 1 1 0 0 0 1 0 0 0 1
 0 0 0 0 1 1 0 1 0 0 0 1 1 1 1
 1 1 1 0 1 1 0 0 0 0 0 0 0 0 0
 0 0 0 0 0 1 0 0 1 1 0 1 0 0 0
 1 1 1 1 0 1 0 1 1 1 0 0 0 1 0
 0 0 0 1 0 0 0 0 1 0 0 1 0 1 0
 0 0 1 0 0 0 1 1 1 1 1 0 1 0 1
 0 0 1 1 1 0 1 0 1 0 0 1 1 1 1
 1 1 0 0 0 0 0 1 0 1 1 0 0 0 0
 1 1 1 0 0 1 1 0 0 0 0 1 0 0 0

Warwick 498: balanced orders, 6 orders per product
15 15
 0 0 0 0 1 0 0 0 0 1 0 1 0 1 1
 0 1 0 0 0 0 0 1 1 0 0 0 1 1 0
 1 0 0 0 0 0 1 0 1 0 0 1 0 0 0
 1 0 0 1 1 0 0 0 0 0 1 0 0 0 0
 0 0 1 0 0 0 1 0 0 0 1 1 1 0 1
 0 0 0 0 0 0 0 1 0 1 0 0 0 0 0
 1 0 1 0 1 1 1 1 0 1 0 0 0 1 0
 0 0 1 0 1 1 1 0 0 0 0 0 0 0 1
 0 1 0 0 1 0 1 0 0 1 0 0 1 1 0
 0 0 1 1 0 0 0 1 0 0 0 1 0 0 1
 1 1 1 1 0 1 0 0 1 0 1 0 1 0 0
 1 1 0 1 0 1 0 0 0 1 0 0 1 1 0
 0 1 0 1 0 1 0 1 1 0 1 1 0 0 1
 0 0 1 1 1 0 1 1 1 1 1 1 1 0 1
 1 1 0 0 0 1 0 0 1 0 1 0 0 1 0

Warwick 499: balanced orders, 6 orders per product
15 15
 0 1 1 0 0 1 1 0 0 0 1 0 0 1 0
 0 0 0 1 0 1 0 0 0 0 0 0 0 0 0
 1 0 0 1 1 0 0 1 0 1 0 0 0 0 1
 0 0 1 0 0 1 0 0 1 1 0 0 1 1 1
 1 0 0 1 1 1 1 1 1 1 0 0 0 0 0
 0 1 0 1 0 0 0 0 0 0 0 1 1 0 0
 1 0 1 0 1 0 1 0 0 0 0 1 1 1 1
 1 0 1 0 1 1 0 0 1 0 1 0 0 0 0
 1 1 1 0 0 0 0 0 1 1 1 1 0 0 1
 0 0 0 1 0 0 0 1 0 1 0 0 0 0 0
 0 0 0 1 1 1 1 1 1 0 0 0 0 1 0
 0 1 0 0 0 0 1 1 0 0 0 1 0 1 0
 1 1 1 0 0 0 1 0 0 0 1 0 1 0 1
 0 0 0 0 0 0 0 1 0 0 1 1 1 1 0
 0 1 0 0 1 0 0 0 1 1 1 1 1 0 1

Warwick 500: balanced orders, 6 orders per product
15 15
 0 0 1 0 1 0 1 1 0 0 0 0 1 0 0
 0 1 1 0 0 0 1 1 1 0 0 0 0 1 1
 0 1 1 0 1 0 0 0 1 1 1 1 1 1 0
 1 0 1 0 0 1 0 0 0 1 1 0 0 1 1
 0 0 0 0 1 0 0 0 0 0 1 0 0 0 0
 0 0 1 1 0 1 0 1 0 0 1 0 1 1 0
 1 1 0 0 0 0 0 1 1 0 0 0 0 0 1
 0 0 0 0 0 1 0 0 0 0 0 0 0 1 0
 1 0 0 1 1 0 0 1 1 0 0 1 0 0 1
 0 0 0 1 0 0 1 0 1 1 1 1 1 1 0
 1 1 0 0 0 1 1 1 0 0 0 0 0 0 1
 1 1 0 1 1 0 1 0 0 1 0 1 0 0 0
 1 1 0 0 1 1 1 0 0 1 0 1 1 0 0
 0 0 0 1 0 0 0 0 1 0 1 0 1 0 1
 0 0 1 1 0 1 0 0 0 1 0 1 0 0 0

Warwick 501: balanced orders, 7 orders per product
15 15
 1 1 0 0 0 0 0 1 1 0 1 1 0 0 0
 1 1 1 1 1 0 0 1 0 1 0 1 0 1 0
 0 0 0 0 0 1 0 0 1 0 1 0 1 1 1
 0 0 1 1 0 0 1 0 1 1 0 1 0 1 0
 0 1 0 0 1 0 0 0 0 0 0 0 0 1 1
 1 0 0 1 1 0 1 1 0 0 0 1 1 0 0
 0 0 1 1 1 0 1 1 1 1 1 0 1 0 1
 1 0 0 0 0 1 0 0 1 1 1 0 0 1 0
 0 1 1 1 0 1 1 1 1 0 0 0 1 0 0
 0 1 1 1 1 1 1 0 0 1 0 1 1 0 1
 0 1 1 0 0 0 0 0 0 0 0 1 0 0 1
 1 0 0 0 1 1 1 0 1 0 1 1 1 0 1
 0 1 1 0 0 1 1 0 0 1 0 0 0 1 0
 1 0 0 0 0 1 0 1 0 1 1 0 1 0 0
 1 0 0 1 1 0 0 1 0 0 1 0 0 1 1

Warwick 502: balanced orders, 7 orders per product
15 15
 0 0 0 1 0 1 0 0 1 1 0 1 0 1 0
 0 0 0 1 1 0 0 0 1 0 0 0 1 0 1
 0 1 0 0 0 1 1 1 1 1 0 0 0 0 0
 0 1 1 0 1 0 1 1 0 0 1 1 1 0 1
 0 0 1 0 0 0 0 1 1 0 0 1 0 0 0
 1 0 1 0 1 0 1 0 1 0 0 0 0 1 1
 1 0 1 0 0 0 1 1 0 0 0 1 0 1 1
 1 1 1 1 0 1 0 0 0 1 1 1 0 0 0
 1 0 1 0 0 1 0 1 0 0 0 0 1 0 0
 0 1 0 1 0 1 0 0 1 0 1 0 1 1 1
 1 0 1 0 1 0 1 1 0 1 1 0 1 0 0
 1 0 0 1 1 1 0 0 0 1 1 1 1 0 0
 0 1 0 1 1 0 1 0 0 0 1 1 1 1 1
 1 1 0 1 1 1 1 1 0 1 1 0 0 1 0
 0 1 0 0 0 0 0 0 1 1 0 0 0 1 1

Warwick 503: balanced orders, 7 orders per product
15 15
 0 1 0 0 0 0 0 0 1 0 0 1 0 0 1
 0 1 1 1 0 1 1 0 0 0 1 0 0 1 1
 0 0 1 1 1 0 1 0 1 1 0 0 1 1 0
 0 0 1 0 0 0 0 1 1 0 0 0 1 1 0
 1 1 1 1 0 1 1 1 0 1 1 0 0 0 1
 1 1 1 0 0 0 0 1 1 0 1 0 0 0 1
 0 0 1 0 1 1 0 1 1 0 0 0 1 1 0
 0 0 0 0 1 1 1 0 0 0 1 1 1 1 1
 1 1 0 1 1 0 1 0 0 1 1 0 1 1 0
 1 0 0 1 0 1 1 0 1 0 1 1 1 0 0
 0 0 0 1 0 0 1 1 0 1 0 1 0 0 1
 1 0 0 0 1 0 0 1 0 0 0 1 0 1 0
 0 1 0 0 0 1 0 0 0 1 0 0 0 0 0
 1 1 1 0 1 1 0 1 1 1 1 1 0 0 1
 1 0 0 1 1 0 0 0 0 1 0 1 1 0 0

Warwick 504: balanced orders, 7 orders per product
15 15
 0 0 1 0 1 0 1 0 1 1 1 0 0 0 0
 0 1 1 1 0 0 0 1 0 1 0 1 1 1 0
 0 0 0 1 1 1 0 0 1 0 0 0 1 0 1
 1 0 1 0 1 0 1 1 1 0 1 1 0 1 0
 0 0 1 0 0 0 0 1 1 1 0 0 0 0 0
 1 0 0 0 0 1 0 1 0 1 0 0 0 1 0
 0 1 1 1 0 0 0 1 0 0 0 1 0 1 1
 1 1 0 0 0 0 0 1 0 0 1 1 1 0 1
 1 0 0 1 1 0 1 0 0 1 0 0 1 0 1
 0 0 0 1 0 1 1 0 0 0 1 1 1 0 0
 1 1 0 0 1 1 0 0 1 1 1 0 1 1 0
 0 1 0 0 1 1 0 1 1 0 1 0 0 1 1
 1 0 1 1 0 1 1 0 0 0 0 0 1 0 1
 0 1 1 0 0 1 1 0 1 0 0 1 0 1 0
 1 1 0 1 1 0 1 0 0 1 1 1 0 0 1

Warwick 505: balanced orders, 7 orders per product
15 15
 0 1 1 1 1 0 0 1 1 1 0 1 0 0 1
 0 0 1 0 0 1 1 1 0 0 1 1 0 1 0
 0 1 0 1 0 0 0 0 1 1 0 1 0 0 0
 1 1 0 1 0 1 0 1 0 0 0 0 0 1 0
 1 1 0 0 0 1 1 0 0 0 0 0 1 0 1
 1 0 1 0 1 0 0 0 1 0 1 0 1 1 1
 0 0 0 0 1 1 0 0 1 1 1 1 1 1 1
 0 1 1 0 1 0 1 0 1 1 1 0 1 0 0
 0 0 0 0 0 1 1 1 0 0 0 1 1 1 0
 1 0 0 1 0 1 1 0 0 0 1 0 1 1 0
 0 0 1 0 1 0 1 0 0 1 0 1 0 0 0
 1 1 1 1 0 0 0 1 0 0 1 1 0 0 1
 1 1 0 1 1 0 0 0 1 0 1 0 1 0 1
 0 0 1 0 0 0 0 1 0 1 0 0 0 0 0
 1 0 0 1 1 1 1 1 1 1 0 0 0 1 1

Warwick 506: balanced orders, 7 orders per product
15 15
 1 1 1 0 0 0 0 0 1 1 1 0 1 1 0
 0 1 0 1 0 0 0 1 0 0 1 1 0 1 1
 1 0 1 0 0 0 1 1 1 0 1 0 0 0 1
 0 1 1 0 1 1 0 0 0 0 0 1 0 1 0
 1 1 0 1 0 1 0 0 0 1 1 0 1 0 1
 0 1 1 0 0 1 1 0 0 1 1 0 0 1 0
 1 0 0 1 1 1 1 0 0 0 0 1 0 0 0
 1 1 0 0 0 0 1 1 0 1 0 1 1 1 1
 0 0 1 0 1 1 1 0 1 1 1 0 0 1 0
 0 0 0 0 0 1 1 0 0 1 0 0 1 0 1
 0 0 1 1 1 0 0 1 1 0 0 0 0 0 1
 1 0 0 1 1 0 1 1 0 0 0 0 1 0 0
 0 1 0 1 1 0 0 0 1 1 1 1 0 0 0
 1 0 1 0 0 1 0 1 1 0 0 1 1 1 1
 0 0 0 1 1 0 0 1 1 0 0 1 1 0 0

Warwick 507: balanced orders, 7 orders per product
15 15
 1 1 1 1 0 0 0 0 1 1 0 0 0 0 1
 0 0 0 0 0 0 0 1 0 0 1 0 0 0 0
 1 0 0 1 0 1 1 1 0 0 1 1 1 1 1
 0 0 1 1 0 0 1 0 0 1 0 1 0 1 1
 0 1 0 1 1 0 1 1 1 0 1 0 0 1 1
 1 0 1 0 1 0 0 0 1 0 0 1 1 0 0
 0 0 0 1 1 1 0 0 1 1 0 0 1 1 0
 0 1 1 0 0 1 1 0 1 0 0 0 1 0 1
 1 1 0 1 0 1 1 1 1 1 0 1 1 0 1
 0 0 0 1 1 0 0 1 0 1 1 0 1 1 0
 1 0 0 0 0 1 1 1 1 1 1 1 0 1 0
 1 1 1 0 0 0 0 0 0 0 0 1 0 0 0
 1 1 0 0 1 1 0 0 0 0 0 1 1 0 1
 0 0 1 0 1 0 0 0 0 1 1 0 0 0 0
 0 1 1 0 1 1 1 1 0 0 1 0 0 1 0

Warwick 508: balanced orders, 7 orders per product
15 15
 1 1 1 1 0 1 1 1 0 0 0 0 1 0 1
 1 0 1 0 0 1 1 1 1 1 0 0 0 1 1
 0 0 1 1 0 0 0 1 0 0 1 0 0 1 0
 0 0 0 1 1 1 0 0 0 1 1 1 1 0 1
 1 1 0 0 0 1 0 0 0 1 0 0 1 1 0
 0 1 0 1 0 0 0 0 1 1 1 1 0 0 0
 0 1 0 1 0 0 1 1 1 0 1 0 0 0 0
 0 0 0 0 0 1 1 0 0 0 0 1 1 0 1
 0 0 1 1 1 0 1 0 0 1 1 0 1 1 1
 1 1 0 0 1 0 0 1 1 1 0 0 0 1 1
 1 0 1 0 1 1 0 0 1 0 1 1 1 1 0
 1 1 1 0 0 0 1 0 1 0 1 1 0 0 0
 0 1 0 1 1 0 0 1 0 1 0 1 0 1 0
 0 0 0 0 1 1 0 1 1 0 0 0 1 0 0
 1 0 1 0 1 0 1 0 0 0 0 1 0 0 1

Warwick 509: balanced orders, 7 orders per product
15 15
 1 1 1 0 0 1 0 1 0 1 1 1 1 0 1
 0 0 1 1 1 0 0 1 0 0 1 0 0 1 1
 1 0 1 1 1 0 1 0 0 0 1 1 1 0 1
 0 1 1 1 0 0 0 1 0 1 0 0 1 0 1
 0 0 0 0 1 1 1 1 1 0 1 1 0 1 0
 0 0 0 0 0 0 1 0 1 1 1 0 0 1 0
 0 1 0 0 1 0 0 1 0 1 0 1 0 1 0
 1 1 0 0 0 0 0 0 0 1 0 1 1 0 1
 1 0 0 0 1 1 1 0 0 1 0 0 1 1 0
 0 0 1 1 0 0 0 0 0 1 1 1 0 0 0
 1 1 1 0 0 1 0 1 1 0 0 1 0 0 0
 0 0 0 1 1 1 1 1 1 0 1 0 0 0 1
 1 1 0 1 0 0 0 0 1 0 0 0 0 1 1
 1 0 1 1 0 1 1 0 1 0 0 0 1 0 0
 0 1 0 0 1 1 1 0 1 0 0 0 1 1 0

Warwick 510: balanced orders, 7 orders per product
15 15
 0 1 0 0 1 1 1 0 0 1 0 0 0 1 0
 1 0 1 1 0 1 0 0 0 1 0 0 1 0 1
 1 0 0 1 0 1 0 1 0 0 0 1 0 0 0
 1 0 0 1 0 0 1 1 1 0 0 1 1 1 0
 0 1 0 0 0 0 1 1 0 1 0 0 1 0 1
 1 1 0 1 0 1 1 0 0 0 1 0 1 1 0
 0 1 1 1 0 1 0 0 1 0 0 1 1 0 1
 1 1 1 0 1 0 1 1 1 0 0 1 0 0 0
 0 0 0 1 0 0 1 0 1 1 1 1 1 0 0
 1 0 1 0 1 1 1 0 0 1 0 1 0 1 0
 0 0 0 0 1 0 0 0 1 1 1 0 0 1 1
 0 1 1 1 1 0 0 0 1 0 1 1 0 0 1
 0 0 0 0 0 0 0 1 0 0 1 0 1 0 1
 0 0 1 0 1 0 0 1 0 1 1 0 0 1 0
 1 1 1 0 1 1 0 1 1 0 1 0 0 1 1

