Warwick 1: balanced orders, 2 orders per product
10 10
 0 0 1 0 0 0 1 0 0 1
 1 0 0 1 1 0 0 0 0 0
 0 0 0 0 0 0 1 0 0 0
 0 0 0 0 0 0 0 1 1 0
 0 0 1 0 0 1 0 1 0 0
 0 0 0 1 0 0 0 0 0 0
 1 1 0 0 0 0 0 0 0 1
 0 0 0 0 0 0 0 0 1 0
 0 0 0 0 1 1 0 0 0 0
 0 1 0 0 0 0 0 0 0 0

Warwick 2: balanced orders, 2 orders per product
10 10
 0 0 0 0 1 0 0 0 0 0
 0 0 0 0 0 0 0 1 0 0
 0 0 0 1 0 1 0 0 1 0
 1 0 1 0 0 0 0 0 0 0
 0 0 0 0 0 0 0 0 0 1
 0 1 0 0 0 0 0 1 0 0
 1 1 0 1 0 0 1 0 1 0
 0 0 1 0 1 0 0 0 0 0
 0 0 0 0 0 0 1 0 0 0
 0 0 0 0 0 1 0 0 0 1

Warwick 3: balanced orders, 2 orders per product
10 10
 0 0 0 1 0 0 0 0 1 0
 0 0 0 0 0 0 0 0 1 1
 0 0 0 0 0 1 0 0 0 0
 0 0 1 0 0 0 1 0 0 0
 1 0 1 0 0 0 0 1 0 0
 0 1 0 0 1 0 0 0 0 0
 0 0 0 1 0 0 0 0 0 1
 0 0 0 0 0 0 0 1 0 0
 0 1 0 0 0 0 0 0 0 0
 1 0 0 0 1 1 1 0 0 0

Warwick 4: balanced orders, 2 orders per product
10 10
 1 1 0 1 1 0 0 0 0 0
 0 0 0 0 0 1 0 0 0 0
 0 0 0 0 1 0 0 0 0 0
 0 0 0 0 0 0 0 0 0 1
 0 0 0 0 0 0 1 1 0 0
 0 0 1 0 0 0 1 0 1 0
 0 1 0 0 0 0 0 0 0 1
 0 0 0 1 0 0 0 0 1 0
 1 0 1 0 0 1 0 0 0 0
 0 0 0 0 0 0 0 1 0 0

Warwick 5: balanced orders, 2 orders per product
10 10
 0 0 0 0 0 0 0 0 1 0
 0 0 0 1 0 0 0 0 0 0
 0 0 0 0 1 1 0 0 0 1
 0 1 1 0 0 1 0 0 0 0
 0 0 0 0 0 0 0 1 1 1
 1 1 1 0 0 0 0 0 0 0
 0 0 0 0 1 0 0 0 0 0
 0 0 0 1 0 0 1 1 0 0
 0 0 0 0 0 0 1 0 0 0
 1 0 0 0 0 0 0 0 0 0

Warwick 6: balanced orders, 2 orders per product
10 10
 0 0 0 0 0 0 1 0 0 0
 0 1 1 0 0 0 0 0 0 1
 0 0 0 0 0 0 0 1 0 1
 1 0 0 0 0 1 0 0 0 0
 0 0 0 0 1 0 0 0 0 0
 0 0 0 1 0 0 1 0 0 0
 0 1 1 0 0 0 0 0 1 0
 0 0 0 0 1 0 0 0 0 0
 0 0 0 0 0 1 0 0 0 0
 1 0 0 1 0 0 0 1 1 0

Warwick 7: balanced orders, 2 orders per product
10 10
 0 0 0 0 1 0 0 0 0 0
 1 1 1 1 0 0 0 0 1 0
 0 0 0 0 0 0 1 0 1 1
 0 0 0 0 0 0 1 1 0 0
 1 0 0 0 0 0 0 0 0 0
 0 1 0 0 1 0 0 0 0 0
 0 0 0 0 0 1 0 1 0 0
 0 0 1 0 0 0 0 0 0 0
 0 0 0 1 0 1 0 0 0 0
 0 0 0 0 0 0 0 0 0 1

Warwick 8: balanced orders, 2 orders per product
10 10
 0 0 0 0 0 0 0 0 1 0
 0 0 0 0 0 0 1 0 0 0
 0 1 1 0 0 1 0 0 0 0
 0 0 0 1 0 0 1 0 1 0
 0 0 0 0 0 0 0 1 0 0
 1 0 0 0 0 0 0 0 0 1
 0 0 0 0 1 0 0 0 0 1
 1 0 0 0 0 1 0 0 0 0
 0 1 1 0 1 0 0 1 0 0
 0 0 0 1 0 0 0 0 0 0

Warwick 9: balanced orders, 2 orders per product
10 10
 0 0 0 0 0 0 0 0 1 0
 0 1 0 0 0 0 0 0 0 0
 0 0 0 0 0 1 0 0 0 1
 0 0 0 0 0 0 1 0 0 0
 0 1 0 1 0 0 0 0 0 0
 1 0 1 0 1 0 0 0 1 0
 0 0 1 0 0 0 0 0 0 0
 0 0 0 0 0 0 1 0 0 0
 0 0 0 1 1 0 0 1 0 0
 1 0 0 0 0 1 0 1 0 1

Warwick 10: balanced orders, 2 orders per product
10 10
 0 1 1 0 0 0 0 0 0 0
 0 0 0 0 0 0 0 0 0 1
 0 0 0 1 0 0 0 0 0 0
 0 0 0 0 0 0 1 0 0 1
 1 0 0 1 0 0 0 0 0 0
 0 0 0 0 0 1 0 1 1 0
 0 0 0 0 0 0 0 1 1 0
 0 1 1 0 1 0 1 0 0 0
 1 0 0 0 0 1 0 0 0 0
 0 0 0 0 1 0 0 0 0 0

Warwick 11: balanced orders, 3 orders per product
10 10
 0 0 1 0 0 0 1 0 0 0
 1 1 0 0 0 0 1 0 0 1
 0 0 0 1 0 0 0 0 1 0
 0 1 1 0 0 0 0 1 0 0
 1 0 0 0 0 0 1 0 0 0
 0 0 1 1 1 0 0 1 0 0
 0 0 0 0 0 0 0 0 1 0
 1 1 0 0 1 1 0 1 0 1
 0 0 0 0 0 1 0 0 1 0
 0 0 0 1 1 1 0 0 0 1

Warwick 12: balanced orders, 3 orders per product
10 10
 0 0 0 0 0 0 0 1 0 0
 0 1 0 0 0 1 0 0 0 0
 1 1 1 0 1 0 0 0 1 0
 0 0 0 1 0 0 0 0 0 1
 0 0 1 0 1 1 0 0 0 1
 1 0 0 0 0 1 0 0 0 0
 1 0 1 1 0 0 0 1 0 0
 0 1 0 0 1 0 1 0 1 1
 0 0 0 0 0 0 1 0 1 0
 0 0 0 1 0 0 1 1 0 0

Warwick 13: balanced orders, 3 orders per product
10 10
 0 0 0 0 0 1 1 0 0 0
 0 1 1 0 1 0 0 0 0 1
 0 0 0 0 0 0 0 1 0 0
 1 1 0 0 0 0 0 0 0 0
 0 0 0 0 0 0 1 1 0 0
 0 1 1 0 0 0 0 0 1 0
 1 0 0 1 1 0 1 0 1 1
 0 0 0 0 0 1 0 0 0 1
 0 0 0 1 1 0 0 1 1 0
 1 0 1 1 0 1 0 0 0 0

Warwick 14: balanced orders, 3 orders per product
10 10
 1 0 0 0 0 0 1 0 0 1
 0 1 1 1 0 1 0 0 0 1
 0 1 0 0 1 0 0 1 1 0
 0 0 0 1 0 1 0 0 1 0
 1 1 0 0 1 0 0 1 0 0
 1 0 0 0 1 1 1 0 0 0
 0 0 1 0 0 0 0 0 1 1
 0 0 1 0 0 0 1 0 0 0
 0 0 0 0 0 0 0 1 0 0
 0 0 0 1 0 0 0 0 0 0

Warwick 15: balanced orders, 3 orders per product
10 10
 1 1 0 1 0 1 0 0 0 0
 1 0 0 0 0 1 1 0 0 1
 0 0 1 0 1 0 0 1 1 1
 0 0 0 1 0 0 0 0 0 0
 0 0 1 0 1 0 0 0 1 0
 0 1 0 0 0 0 1 1 0 0
 0 1 0 1 0 0 0 0 0 0
 1 0 0 0 0 1 0 0 0 1
 0 0 0 0 1 0 1 0 0 0
 0 0 1 0 0 0 0 1 1 0

Warwick 16: balanced orders, 3 orders per product
10 10
 0 0 0 0 0 0 1 0 0 0
 0 0 0 0 0 0 0 0 0 1
 0 1 0 0 0 0 0 1 0 0
 1 1 1 1 0 1 1 0 0 0
 0 0 0 0 0 1 0 1 0 1
 0 0 0 1 1 0 0 0 1 0
 1 0 0 0 0 0 0 0 1 0
 0 1 1 0 1 0 1 1 0 0
 1 0 1 1 1 0 0 0 0 0
 0 0 0 0 0 1 0 0 1 1

Warwick 17: balanced orders, 3 orders per product
10 10
 0 0 0 0 0 0 1 0 0 0
 0 0 0 0 0 1 0 0 1 0
 1 1 1 1 0 0 0 1 0 0
 0 0 0 1 0 0 0 1 0 1
 0 1 1 0 1 1 0 0 0 0
 0 0 1 0 1 1 0 1 0 0
 0 0 0 0 0 0 1 0 0 1
 1 1 0 0 0 0 0 0 1 0
 1 0 0 1 0 0 1 0 0 0
 0 0 0 0 1 0 0 0 1 1

Warwick 18: balanced orders, 3 orders per product
10 10
 0 1 0 0 0 1 0 0 0 1
 0 0 0 0 1 0 0 1 0 1
 0 0 0 0 0 1 1 0 1 0
 0 1 0 0 0 0 0 1 0 0
 0 0 0 1 0 1 0 0 0 0
 0 0 1 0 1 0 0 0 0 0
 0 1 1 0 0 0 1 0 0 0
 1 0 0 1 0 0 0 0 1 1
 1 0 0 1 1 0 0 1 0 0
 1 0 1 0 0 0 1 0 1 0

Warwick 19: balanced orders, 3 orders per product
10 10
 0 1 0 0 0 1 0 0 0 0
 0 1 0 0 0 0 1 0 1 1
 0 0 0 0 1 0 0 1 1 0
 0 0 0 0 0 0 0 0 0 1
 0 0 0 1 0 0 1 0 0 0
 1 1 0 1 0 0 1 0 0 0
 1 0 1 0 1 0 0 1 0 0
 0 0 1 1 0 0 0 0 0 1
 1 0 1 0 1 1 0 0 0 0
 0 0 0 0 0 1 0 1 1 0

Warwick 20: balanced orders, 3 orders per product
10 10
 1 0 1 0 0 0 1 0 1 0
 0 1 1 0 0 0 0 0 0 1
 0 0 0 1 0 1 1 0 0 1
 0 0 0 1 0 0 0 0 0 0
 0 1 0 0 1 0 1 1 0 0
 0 0 0 0 1 1 0 0 1 1
 0 0 0 1 0 0 0 0 0 0
 1 1 0 0 0 0 0 0 0 0
 1 0 0 0 0 0 0 1 1 0
 0 0 1 0 1 1 0 1 0 0

Warwick 21: balanced orders, 4 orders per product
10 10
 0 1 0 0 0 0 0 1 0 0
 1 0 1 0 0 1 1 0 0 0
 0 0 0 0 0 0 1 0 1 1
 0 0 0 1 0 1 1 1 0 0
 1 1 1 1 1 0 0 0 0 1
 0 1 1 0 1 1 0 0 1 0
 0 1 0 1 0 0 0 1 0 1
 1 0 0 0 1 0 0 0 1 0
 1 0 0 0 0 0 1 1 0 1
 0 0 1 1 1 1 0 0 1 0

Warwick 22: balanced orders, 4 orders per product
10 10
 1 0 0 1 0 1 1 0 1 0
 0 1 1 1 0 1 0 1 1 1
 0 1 1 0 0 1 0 0 0 0
 0 0 1 0 0 0 0 1 0 0
 0 0 0 0 1 0 0 1 0 1
 1 0 0 1 1 1 0 0 0 0
 1 1 0 0 1 0 1 0 0 1
 0 0 0 0 0 0 0 0 1 1
 0 0 1 0 1 0 1 1 0 0
 1 1 0 1 0 0 1 0 1 0

Warwick 23: balanced orders, 4 orders per product
10 10
 0 1 1 0 0 1 1 0 0 0
 0 0 0 0 0 0 0 0 1 1
 1 0 0 1 0 1 1 1 0 0
 0 1 1 0 0 0 1 1 0 0
 1 1 0 1 0 0 1 0 1 0
 1 0 0 0 0 1 0 0 0 1
 1 0 0 0 1 0 0 0 1 0
 0 1 0 1 1 0 0 0 0 0
 0 0 1 1 1 1 0 1 1 1
 0 0 1 0 1 0 0 1 0 1

Warwick 24: balanced orders, 4 orders per product
10 10
 1 0 1 0 1 1 0 0 1 1
 0 1 0 1 1 1 1 0 0 1
 0 0 0 0 1 0 0 0 1 0
 1 0 1 1 0 0 0 1 0 0
 0 0 0 0 0 1 1 1 0 0
 1 0 0 0 1 0 0 0 1 1
 0 1 1 0 0 1 1 1 0 0
 0 0 0 0 0 0 0 1 1 0
 0 1 1 1 0 0 1 0 0 0
 1 1 0 1 0 0 0 0 0 1

Warwick 25: balanced orders, 4 orders per product
10 10
 0 1 0 1 1 0 1 0 0 0
 0 0 0 0 0 0 0 0 0 1
 0 1 1 0 0 1 1 0 1 0
 0 1 1 0 0 0 0 0 0 0
 1 0 0 1 1 0 1 1 1 1
 0 0 0 0 0 1 0 0 0 1
 0 0 0 1 0 1 1 1 0 1
 1 1 1 1 1 1 0 1 0 0
 1 0 1 0 1 0 0 0 1 0
 1 0 0 0 0 0 0 1 1 0

Warwick 26: balanced orders, 4 orders per product
10 10
 0 1 1 0 1 1 0 0 0 1
 0 1 0 0 0 1 1 0 0 0
 0 0 0 0 0 0 1 0 1 0
 0 0 1 1 1 0 0 1 0 1
 1 1 0 0 1 0 0 0 1 0
 1 1 0 0 0 1 1 1 0 0
 1 0 0 1 1 1 0 1 0 1
 0 0 0 1 0 0 0 0 0 1
 0 0 1 1 0 0 1 0 1 0
 1 0 1 0 0 0 0 1 1 0

Warwick 27: balanced orders, 4 orders per product
10 10
 0 1 1 0 0 1 0 1 1 0
 0 1 1 1 0 0 1 1 1 0
 0 0 0 0 1 0 1 0 0 0
 1 0 0 0 1 0 1 0 0 1
 0 0 1 0 0 0 0 1 0 1
 1 0 0 1 0 0 0 0 0 0
 0 1 0 0 0 1 0 0 0 0
 1 1 1 0 0 1 1 0 0 0
 1 0 0 1 1 1 0 1 1 1
 0 0 0 1 1 0 0 0 1 1

Warwick 28: balanced orders, 4 orders per product
10 10
 0 0 0 1 1 1 1 1 1 1
 0 0 1 0 0 1 0 0 1 1
 1 0 1 0 0 0 0 1 0 0
 0 1 1 1 0 1 0 0 0 0
 0 0 1 0 0 0 1 1 0 0
 1 1 0 0 1 0 0 0 0 1
 0 1 0 0 1 0 0 0 0 0
 1 1 0 1 1 1 1 0 1 0
 1 0 0 0 0 0 1 1 1 1
 0 0 0 1 0 0 0 0 0 0

Warwick 29: balanced orders, 4 orders per product
10 10
 1 1 0 0 0 1 0 0 0 0
 0 0 1 1 1 0 0 0 1 1
 0 1 0 1 0 1 1 1 0 1
 1 0 1 0 0 0 0 1 1 0
 0 1 1 1 0 0 1 1 1 0
 0 0 0 0 1 0 0 0 0 1
 1 0 0 0 0 0 0 0 0 1
 0 1 0 1 0 1 1 0 0 0
 0 0 1 0 1 1 0 1 1 0
 1 0 0 0 1 0 1 0 0 0

Warwick 30: balanced orders, 4 orders per product
10 10
 1 1 1 0 1 1 0 1 0 0
 1 0 0 0 0 0 0 1 0 0
 0 0 1 0 1 0 1 0 0 1
 0 0 0 1 0 1 0 0 0 0
 1 1 0 1 0 0 0 0 0 0
 0 0 1 1 0 0 0 0 1 1
 0 1 0 0 0 0 1 1 1 1
 0 0 0 0 1 1 0 1 1 0
 0 0 1 1 0 1 1 0 1 0
 1 1 0 0 1 0 1 0 0 1

Warwick 31: balanced orders, 5 orders per product
10 10
 0 0 1 0 0 1 0 0 0 1
 0 1 1 0 1 1 0 0 0 0
 1 0 1 1 1 0 1 1 1 0
 0 1 0 0 0 0 0 1 1 1
 1 0 0 1 1 0 0 1 1 1
 0 1 1 1 0 1 1 0 1 1
 1 1 0 0 1 0 1 1 0 0
 1 0 0 0 0 0 1 1 0 0
 0 1 0 1 0 1 1 0 1 0
 1 0 1 1 1 1 0 0 0 1

Warwick 32: balanced orders, 5 orders per product
10 10
 1 1 1 0 0 1 0 0 0 0
 0 1 0 0 1 0 1 1 1 0
 1 0 0 0 1 0 1 1 0 0
 1 0 0 1 1 1 0 0 0 0
 0 0 1 1 0 0 0 0 0 1
 1 1 1 1 1 0 0 1 1 1
 0 0 1 0 1 1 0 0 0 1
 0 1 1 0 0 0 1 0 1 1
 0 0 0 1 0 1 1 1 1 1
 1 1 0 1 0 1 1 1 1 0

Warwick 33: balanced orders, 5 orders per product
10 10
 1 0 1 0 1 1 1 0 1 0
 0 1 0 0 0 0 0 0 1 0
 1 0 0 1 0 1 1 0 0 1
 0 1 0 1 0 1 1 1 0 1
 0 0 0 1 1 1 0 1 1 0
 0 1 0 0 1 0 0 0 0 1
 0 0 1 0 0 1 0 1 0 1
 1 1 1 1 0 0 1 1 1 0
 1 1 1 0 1 0 1 1 0 1
 1 0 1 1 1 0 0 0 1 0

Warwick 34: balanced orders, 5 orders per product
10 10
 0 1 0 0 0 0 0 0 0 0
 1 0 1 1 1 0 1 1 1 1
 1 0 1 0 0 0 0 1 1 1
 1 1 0 0 0 0 0 1 0 1
 0 1 0 0 1 1 1 0 1 1
 0 1 1 1 1 1 1 0 0 1
 0 0 0 1 0 1 1 1 1 0
 1 0 1 1 1 1 0 1 0 0
 0 1 1 0 1 0 0 0 1 0
 1 0 0 1 0 1 1 0 0 0

Warwick 35: balanced orders, 5 orders per product
10 10
 1 0 0 1 0 0 0 1 1 0
 0 1 0 1 0 0 1 0 0 0
 0 0 0 0 0 1 0 0 1 1
 0 1 0 0 1 1 1 1 0 1
 1 0 1 0 1 0 1 1 1 0
 1 1 1 1 1 1 1 0 1 1
 0 1 1 0 0 0 0 0 1 0
 1 1 1 0 1 0 0 1 0 1
 0 0 0 1 0 1 1 1 0 1
 1 0 1 1 1 1 0 0 0 0

Warwick 36: balanced orders, 5 orders per product
10 10
 1 0 1 0 0 0 1 0 1 1
 1 1 0 1 0 1 1 1 0 0
 0 0 1 1 0 1 0 1 0 1
 0 1 1 0 1 1 0 1 0 1
 1 0 1 1 1 0 0 1 0 0
 0 0 0 0 0 0 1 1 1 1
 0 1 0 0 1 0 1 0 1 1
 1 0 0 1 0 1 0 0 0 0
 1 1 1 1 1 1 0 0 1 0
 0 1 0 0 1 0 1 0 1 0

Warwick 37: balanced orders, 5 orders per product
10 10
 1 1 1 0 0 0 1 0 1 0
 1 1 0 0 1 0 0 0 0 1
 0 1 0 1 1 1 0 0 1 1
 1 0 1 1 0 0 0 0 1 0
 0 0 1 0 1 0 0 1 1 0
 1 0 0 0 0 1 0 1 0 1
 0 0 1 0 0 1 1 0 0 1
 0 0 0 1 1 0 1 1 0 0
 0 1 1 1 0 1 1 1 1 1
 1 1 0 1 1 1 1 1 0 0

Warwick 38: balanced orders, 5 orders per product
10 10
 1 1 1 0 0 0 1 0 0 0
 0 0 0 1 1 0 1 0 1 1
 1 0 1 0 0 1 1 0 0 1
 1 0 0 1 0 0 1 0 0 1
 0 1 1 0 0 1 1 1 1 0
 1 1 0 1 1 0 0 1 1 1
 1 0 0 0 1 1 0 0 0 0
 0 0 1 1 1 0 0 1 1 1
 0 1 0 0 0 1 0 1 0 0
 0 1 1 1 1 1 0 1 1 0

Warwick 39: balanced orders, 5 orders per product
10 10
 1 0 0 1 0 1 0 1 1 0
 0 1 1 1 1 0 0 0 1 1
 0 0 1 0 1 1 1 0 0 0
 0 1 0 1 0 0 1 1 0 0
 1 1 0 1 1 1 0 1 1 0
 1 0 0 0 1 0 1 1 1 1
 0 1 1 0 0 1 0 0 0 1
 1 0 1 0 0 0 0 1 0 0
 1 0 1 1 0 1 1 0 1 1
 0 1 0 0 1 0 1 0 0 1

Warwick 40: balanced orders, 5 orders per product
10 10
 0 1 0 1 1 1 1 1 1 0
 0 0 0 0 0 0 1 0 1 0
 1 1 1 0 0 0 0 1 1 0
 1 0 0 1 1 0 0 0 1 1
 1 1 1 0 1 0 0 0 1 0
 0 1 1 1 0 1 1 0 0 1
 0 0 1 1 0 1 0 0 0 0
 1 0 0 0 1 0 1 1 0 1
 1 0 0 0 0 1 0 1 0 1
 0 1 1 1 1 1 1 1 0 1

