Warwick 811: balanced orders and products, 4 products per order
15 30
 0 0 1 0 0 0 0 0 0 0 1 0 0 0 0 1 0 0 0 0 1 0 0 0 0 0 0 0 0 0
 0 0 1 0 0 0 0 0 0 0 0 0 0 0 1 0 0 1 0 0 0 0 1 0 0 0 0 0 0 0
 1 1 0 0 0 0 0 0 0 0 0 1 0 0 0 0 0 0 1 0 0 0 0 0 0 0 0 0 0 0
 1 0 0 0 0 0 0 0 0 0 0 0 0 0 0 0 0 0 1 0 0 0 0 1 1 0 0 0 0 0
 0 1 0 0 0 0 0 0 0 0 0 1 0 0 0 1 0 0 0 0 0 0 0 0 0 0 0 1 0 0
 0 0 0 1 0 1 0 0 0 0 0 0 0 0 0 0 0 0 0 0 1 0 0 0 0 0 0 0 1 0
 0 0 0 0 1 0 0 0 0 0 0 0 1 0 1 0 0 0 0 0 0 1 0 0 0 0 0 0 0 0
 0 0 0 0 0 0 0 0 0 0 0 0 0 0 0 0 0 1 0 0 0 1 0 0 0 0 0 0 1 1
 0 0 0 1 0 1 1 0 0 0 0 0 0 0 0 0 0 0 0 0 0 0 0 0 0 1 0 0 0 0
 0 0 0 0 0 0 0 0 0 0 0 0 0 0 0 0 0 0 0 1 0 0 1 0 1 0 1 0 0 0
 0 0 0 0 0 0 0 1 0 1 0 0 0 0 0 0 0 0 0 1 0 0 0 0 0 1 0 0 0 0
 0 0 0 0 1 0 0 0 0 0 0 0 0 0 0 0 1 0 0 0 0 0 0 0 0 0 0 1 0 1
 0 0 0 0 0 0 0 0 0 0 1 0 1 1 0 0 0 0 0 0 0 0 0 1 0 0 0 0 0 0
 0 0 0 0 0 0 1 0 1 0 0 0 0 1 0 0 0 0 0 0 0 0 0 0 0 0 1 0 0 0
 0 0 0 0 0 0 0 1 1 1 0 0 0 0 0 0 1 0 0 0 0 0 0 0 0 0 0 0 0 0

Warwick 812: balanced orders and products, 4 products per order
15 30
 0 1 0 1 0 0 0 0 0 0 1 0 0 0 0 0 0 0 0 0 0 0 0 0 0 0 0 0 1 0
 0 0 0 0 0 0 1 1 1 0 0 0 0 0 0 0 0 0 0 0 0 0 0 0 0 0 1 0 0 0
 0 0 0 0 0 1 0 0 0 0 0 0 0 0 1 0 0 1 0 1 0 0 0 0 0 0 0 0 0 0
 0 0 0 0 0 0 0 0 0 0 0 0 0 0 0 1 0 0 1 0 0 0 0 0 0 0 0 1 0 1
 0 0 0 0 0 0 0 1 0 0 0 0 0 1 0 0 1 0 0 0 0 0 0 0 0 1 0 0 0 0
 0 1 0 0 0 0 0 0 0 0 0 0 1 0 1 0 0 0 0 0 0 0 0 0 1 0 0 0 0 0
 1 0 0 0 0 0 0 0 0 0 1 1 0 0 0 0 0 0 0 1 0 0 0 0 0 0 0 0 0 0
 0 0 0 1 0 1 0 0 0 0 0 0 0 0 0 0 1 1 0 0 0 0 0 0 0 0 0 0 0 0
 1 0 0 0 0 0 0 0 0 1 0 1 0 0 0 0 0 0 0 0 0 0 0 0 0 1 0 0 0 0
 0 0 1 0 0 0 1 0 0 0 0 0 1 0 0 0 0 0 0 0 0 0 0 0 0 0 0 0 1 0
 0 0 0 0 1 0 0 0 0 1 0 0 0 0 0 0 0 0 0 0 1 0 0 0 0 0 0 1 0 0
 0 0 0 0 0 0 0 0 1 0 0 0 0 0 0 0 0 0 0 0 1 1 0 1 0 0 0 0 0 0
 0 0 1 0 0 0 0 0 0 0 0 0 0 1 0 1 0 0 0 0 0 0 0 0 1 0 0 0 0 0
 0 0 0 0 1 0 0 0 0 0 0 0 0 0 0 0 0 0 0 0 0 0 1 1 0 0 0 0 0 1
 0 0 0 0 0 0 0 0 0 0 0 0 0 0 0 0 0 0 1 0 0 1 1 0 0 0 1 0 0 0

Warwick 813: balanced orders and products, 4 products per order
15 30
 0 0 0 0 0 0 0 0 0 0 0 0 0 0 1 0 0 0 0 0 0 0 0 0 1 0 1 1 0 0
 1 0 0 0 0 0 0 0 0 0 0 0 0 0 0 0 0 0 0 0 0 0 0 1 0 1 0 0 1 0
 0 0 0 0 0 0 0 1 1 1 0 0 1 0 0 0 0 0 0 0 0 0 0 0 0 0 0 0 0 0
 0 0 0 0 1 0 0 0 0 0 1 0 0 0 0 0 0 0 0 0 0 0 0 1 0 0 0 0 0 1
 0 0 0 1 0 0 0 0 0 0 1 0 0 1 0 0 0 0 0 0 0 0 0 0 0 1 0 0 0 0
 0 0 0 0 0 0 0 0 0 0 0 0 0 0 0 1 0 0 1 0 1 0 0 0 0 0 0 0 0 1
 0 0 0 0 0 0 1 0 0 0 0 0 0 0 0 0 0 1 0 0 0 1 1 0 0 0 0 0 0 0
 0 0 0 0 0 0 0 0 1 0 0 0 1 0 0 0 1 0 0 0 0 0 0 0 0 0 1 0 0 0
 1 0 0 0 0 0 0 0 0 0 0 0 0 0 0 0 0 0 1 1 0 0 0 0 0 0 0 0 1 0
 0 0 1 0 1 0 1 0 0 0 0 1 0 0 0 0 0 0 0 0 0 0 0 0 0 0 0 0 0 0
 0 1 0 0 0 1 0 0 0 0 0 0 0 1 0 0 0 0 0 0 1 0 0 0 0 0 0 0 0 0
 0 1 1 0 0 1 0 0 0 0 0 0 0 0 1 0 0 0 0 0 0 0 0 0 0 0 0 0 0 0
 0 0 0 1 0 0 0 1 0 0 0 0 0 0 0 0 1 0 0 1 0 0 0 0 0 0 0 0 0 0
 0 0 0 0 0 0 0 0 0 0 0 1 0 0 0 1 0 1 0 0 0 1 0 0 0 0 0 0 0 0
 0 0 0 0 0 0 0 0 0 1 0 0 0 0 0 0 0 0 0 0 0 0 1 0 1 0 0 1 0 0

Warwick 814: balanced orders and products, 4 products per order
15 30
 0 0 0 0 0 1 1 1 0 0 0 0 0 0 0 0 0 0 0 1 0 0 0 0 0 0 0 0 0 0
 1 0 0 0 0 0 0 0 0 0 0 0 0 0 0 0 1 0 0 0 1 0 0 0 1 0 0 0 0 0
 0 0 0 0 0 0 0 0 0 0 0 0 0 0 0 1 0 0 0 0 0 0 0 0 1 1 1 0 0 0
 0 0 0 0 0 0 0 0 0 0 1 1 0 0 1 0 0 0 0 0 0 0 0 0 0 0 0 0 1 0
 1 0 0 1 1 0 0 0 0 0 0 0 1 0 0 0 0 0 0 0 0 0 0 0 0 0 0 0 0 0
 0 0 0 0 0 0 0 0 0 1 0 0 1 0 0 0 0 1 0 0 0 0 0 0 0 0 0 1 0 0
 0 0 0 1 0 0 0 0 0 0 1 0 0 0 0 1 0 0 0 0 0 0 1 0 0 0 0 0 0 0
 0 0 0 0 0 0 1 0 0 0 0 0 0 0 1 0 0 0 1 0 0 0 0 1 0 0 0 0 0 0
 0 0 0 0 0 0 0 0 0 0 0 0 0 1 0 0 0 1 1 0 0 0 0 1 0 0 0 0 0 0
 0 0 1 0 0 0 0 1 0 0 0 0 0 0 0 0 0 0 0 0 0 1 0 0 0 0 0 0 0 1
 0 1 0 0 0 0 0 0 1 0 0 0 0 0 0 0 0 0 0 0 0 0 0 0 0 0 1 0 0 1
 0 1 0 0 0 0 0 0 0 0 0 0 0 0 0 0 0 0 0 0 1 1 0 0 0 0 0 0 1 0
 0 0 0 0 0 0 0 0 0 0 0 1 0 0 0 0 1 0 0 1 0 0 1 0 0 0 0 0 0 0
 0 0 1 0 0 0 0 0 0 1 0 0 0 1 0 0 0 0 0 0 0 0 0 0 0 1 0 0 0 0
 0 0 0 0 1 1 0 0 1 0 0 0 0 0 0 0 0 0 0 0 0 0 0 0 0 0 0 1 0 0

Warwick 815: balanced orders and products, 4 products per order
15 30
 0 0 0 0 0 0 0 0 1 0 0 0 0 0 0 0 0 0 0 0 0 0 1 0 1 1 0 0 0 0
 0 0 1 0 1 0 1 0 0 0 0 0 0 0 0 0 0 1 0 0 0 0 0 0 0 0 0 0 0 0
 0 0 0 0 0 0 0 0 0 1 0 1 0 0 0 0 1 0 0 0 0 0 0 0 0 0 1 0 0 0
 0 1 0 1 0 0 0 0 0 0 0 0 0 0 0 0 0 0 0 0 1 0 1 0 0 0 0 0 0 0
 0 0 0 1 0 0 0 0 1 0 0 0 0 0 0 0 0 0 0 0 0 0 0 0 1 0 0 0 0 1
 1 0 0 0 0 1 0 0 0 0 0 0 1 0 0 0 0 0 0 0 0 0 0 0 0 0 0 0 1 0
 0 0 0 0 1 1 0 1 0 0 0 0 1 0 0 0 0 0 0 0 0 0 0 0 0 0 0 0 0 0
 0 0 0 0 0 0 0 0 0 0 0 0 0 0 0 0 0 1 1 0 0 0 0 1 0 1 0 0 0 0
 0 0 0 0 0 0 1 0 0 0 0 0 0 0 1 0 0 0 0 1 0 0 0 0 0 0 1 0 0 0
 0 0 0 0 0 0 0 0 0 0 0 0 0 1 1 0 1 0 0 0 0 0 0 0 0 0 0 0 0 1
 0 0 1 0 0 0 0 0 0 0 0 0 0 1 0 0 0 0 0 0 1 1 0 0 0 0 0 0 0 0
 1 0 0 0 0 0 0 1 0 0 0 1 0 0 0 1 0 0 0 0 0 0 0 0 0 0 0 0 0 0
 0 1 0 0 0 0 0 0 0 0 1 0 0 0 0 1 0 0 1 0 0 0 0 0 0 0 0 0 0 0
 0 0 0 0 0 0 0 0 0 0 1 0 0 0 0 0 0 0 0 0 0 1 0 0 0 0 0 1 1 0
 0 0 0 0 0 0 0 0 0 1 0 0 0 0 0 0 0 0 0 1 0 0 0 1 0 0 0 1 0 0

Warwick 816: balanced orders and products, 4 products per order
15 30
 0 0 0 0 1 0 0 0 1 0 0 0 0 0 0 0 0 0 0 0 0 0 1 0 0 0 0 1 0 0
 1 0 0 0 0 0 0 0 0 0 1 0 0 0 0 0 0 0 0 0 0 0 0 0 0 0 1 0 1 0
 0 1 1 0 1 0 0 0 0 0 0 0 0 0 0 0 0 1 0 0 0 0 0 0 0 0 0 0 0 0
 0 0 0 0 0 0 0 0 0 0 0 1 0 0 1 1 0 0 0 1 0 0 0 0 0 0 0 0 0 0
 0 1 0 0 0 0 0 1 0 0 0 0 0 1 0 0 0 0 0 0 0 0 0 0 0 1 0 0 0 0
 0 0 0 0 0 0 0 1 0 1 0 0 0 0 0 0 0 1 0 0 0 1 0 0 0 0 0 0 0 0
 0 0 0 0 0 0 0 0 0 0 0 0 1 1 0 0 0 0 1 0 0 0 0 0 0 0 0 0 1 0
 0 0 0 1 0 0 1 0 0 0 0 0 1 0 0 0 0 0 0 0 1 0 0 0 0 0 0 0 0 0
 0 0 0 0 0 0 0 0 0 0 0 1 0 0 0 0 0 0 0 0 1 0 1 1 0 0 0 0 0 0
 0 0 0 0 0 0 0 0 0 1 0 0 0 0 0 0 0 0 0 0 0 0 0 1 0 0 0 1 0 1
 0 0 1 1 0 0 0 0 1 0 0 0 0 0 0 0 0 0 0 0 0 0 0 0 1 0 0 0 0 0
 1 0 0 0 0 0 1 0 0 0 0 0 0 0 0 0 0 0 0 0 0 0 0 0 0 0 1 0 0 1
 0 0 0 0 0 0 0 0 0 0 1 0 0 0 0 0 1 0 1 0 0 0 0 0 0 1 0 0 0 0
 0 0 0 0 0 1 0 0 0 0 0 0 0 0 0 1 0 0 0 1 0 0 0 0 1 0 0 0 0 0
 0 0 0 0 0 1 0 0 0 0 0 0 0 0 1 0 1 0 0 0 0 1 0 0 0 0 0 0 0 0

Warwick 817: balanced orders and products, 4 products per order
15 30
 0 1 0 0 0 0 0 0 0 0 1 1 0 0 0 0 0 0 0 0 0 1 0 0 0 0 0 0 0 0
 0 0 0 0 0 0 1 0 0 0 0 0 0 0 0 0 0 0 0 0 0 0 0 0 0 1 1 0 0 1
 0 0 0 0 0 0 0 0 0 0 1 0 1 0 0 0 0 0 1 0 0 0 0 0 1 0 0 0 0 0
 0 0 0 0 0 0 0 0 1 0 0 0 0 0 0 1 1 0 0 0 0 0 0 0 0 0 0 0 1 0
 0 0 0 0 0 1 0 0 1 0 0 0 0 1 0 0 0 0 0 0 0 0 0 0 0 0 0 1 0 0
 0 0 1 0 0 0 0 0 0 0 0 0 0 0 1 0 0 0 0 0 0 0 0 0 0 0 1 0 1 0
 0 0 0 1 0 0 0 0 0 0 0 0 0 0 0 0 0 1 0 0 1 0 0 1 0 0 0 0 0 0
 0 0 1 1 0 0 1 0 0 0 0 0 0 0 0 0 0 0 0 0 0 0 0 0 0 0 0 0 0 1
 0 0 0 0 0 0 0 1 0 0 0 0 0 0 0 0 0 0 0 1 0 0 1 0 0 1 0 0 0 0
 0 1 0 0 0 0 0 0 0 0 0 0 0 0 0 1 0 0 0 0 1 0 1 0 0 0 0 0 0 0
 0 0 0 0 0 1 0 1 0 0 0 0 0 0 0 0 0 1 0 0 0 1 0 0 0 0 0 0 0 0
 1 0 0 0 0 0 0 0 0 0 0 1 0 0 0 0 1 0 0 0 0 0 0 0 1 0 0 0 0 0
 0 0 0 0 1 0 0 0 0 1 0 0 0 0 1 0 0 0 0 0 0 0 0 1 0 0 0 0 0 0
 1 0 0 0 1 0 0 0 0 0 0 0 0 0 0 0 0 0 1 1 0 0 0 0 0 0 0 0 0 0
 0 0 0 0 0 0 0 0 0 1 0 0 1 1 0 0 0 0 0 0 0 0 0 0 0 0 0 1 0 0

Warwick 818: balanced orders and products, 4 products per order
15 30
 0 0 0 0 0 0 0 0 0 0 1 1 0 0 0 1 0 0 0 0 0 0 0 0 1 0 0 0 0 0
 0 0 0 0 0 0 0 0 0 0 0 0 0 0 0 0 0 0 1 1 0 0 0 0 0 1 0 0 0 1
 1 0 0 0 0 1 0 0 0 0 0 0 0 0 0 0 0 0 0 0 0 1 0 0 0 0 0 0 1 0
 0 1 0 0 1 0 0 1 0 0 0 0 0 0 0 1 0 0 0 0 0 0 0 0 0 0 0 0 0 0
 0 0 0 1 0 0 0 0 0 1 0 0 0 0 0 0 1 0 0 0 0 0 0 0 0 0 0 1 0 0
 1 1 0 0 0 0 0 0 0 0 1 1 0 0 0 0 0 0 0 0 0 0 0 0 0 0 0 0 0 0
 0 0 0 0 0 0 0 1 1 0 0 0 1 0 0 0 0 0 0 0 1 0 0 0 0 0 0 0 0 0
 0 0 0 0 0 0 0 0 0 0 0 0 0 1 0 0 0 1 0 0 0 0 0 1 0 0 0 0 1 0
 0 0 0 0 1 1 1 0 0 0 0 0 0 0 0 0 0 0 0 0 0 0 1 0 0 0 0 0 0 0
 0 0 0 1 0 0 0 0 0 0 0 0 0 0 1 0 1 0 0 0 0 0 1 0 0 0 0 0 0 0
 0 0 0 0 0 0 1 0 0 0 0 0 0 0 0 0 0 0 0 0 0 1 0 0 0 1 1 0 0 0
 0 0 1 0 0 0 0 0 0 1 0 0 1 1 0 0 0 0 0 0 0 0 0 0 0 0 0 0 0 0
 0 0 0 0 0 0 0 0 1 0 0 0 0 0 1 0 0 0 0 0 0 0 0 1 1 0 0 0 0 0
 0 0 1 0 0 0 0 0 0 0 0 0 0 0 0 0 0 1 0 0 0 0 0 0 0 0 0 1 0 1
 0 0 0 0 0 0 0 0 0 0 0 0 0 0 0 0 0 0 1 1 1 0 0 0 0 0 1 0 0 0

Warwick 819: balanced orders and products, 4 products per order
15 30
 0 0 0 1 1 0 0 0 1 0 0 0 0 0 0 0 0 0 0 0 0 0 0 1 0 0 0 0 0 0
 0 0 0 0 0 0 0 0 0 0 0 0 0 1 0 1 0 1 0 0 0 1 0 0 0 0 0 0 0 0
 0 0 0 0 1 0 1 1 0 0 0 0 0 0 0 0 0 0 0 1 0 0 0 0 0 0 0 0 0 0
 1 0 0 1 0 0 0 0 0 0 0 0 0 0 0 0 0 0 0 1 0 0 0 0 0 0 0 0 0 1
 0 0 0 0 0 0 0 0 0 0 1 0 1 0 0 1 0 0 0 0 0 0 0 0 0 1 0 0 0 0
 1 0 0 0 0 0 0 0 0 0 1 0 0 1 0 0 0 0 0 0 0 0 0 0 0 0 1 0 0 0
 0 0 0 0 0 1 0 0 0 0 0 0 0 0 0 0 1 1 0 0 0 0 1 0 0 0 0 0 0 0
 0 0 0 0 0 0 0 0 0 0 0 0 0 0 0 0 0 0 1 0 0 0 0 0 1 0 0 1 0 1
 0 0 0 0 0 0 0 0 0 0 0 0 0 0 0 0 1 0 0 0 1 0 1 0 0 0 0 1 0 0
 0 0 0 0 0 1 0 0 0 1 0 0 0 0 0 0 0 0 0 0 0 0 0 1 0 1 0 0 0 0
 0 1 1 0 0 0 0 0 0 0 0 0 0 0 0 0 0 0 1 0 0 0 0 0 1 0 0 0 0 0
 0 0 0 0 0 0 1 0 0 0 0 1 0 0 0 0 0 0 0 0 0 0 0 0 0 0 1 0 1 0
 0 0 1 0 0 0 0 1 0 0 0 1 0 0 0 0 0 0 0 0 0 1 0 0 0 0 0 0 0 0
 0 0 0 0 0 0 0 0 0 1 0 0 1 0 1 0 0 0 0 0 1 0 0 0 0 0 0 0 0 0
 0 1 0 0 0 0 0 0 1 0 0 0 0 0 1 0 0 0 0 0 0 0 0 0 0 0 0 0 1 0

Warwick 820: balanced orders and products, 4 products per order
15 30
 1 0 0 0 0 0 1 0 0 0 0 0 0 0 0 0 0 0 0 0 0 0 0 0 0 1 0 0 1 0
 0 1 0 0 0 1 0 0 0 0 0 0 0 0 0 0 0 0 0 1 0 0 0 0 0 0 1 0 0 0
 0 0 0 0 1 0 0 0 0 1 0 0 0 0 0 0 0 0 0 0 0 1 0 0 0 1 0 0 0 0
 0 0 0 0 0 0 1 0 0 0 0 0 0 0 0 1 0 0 0 0 0 0 1 0 0 0 0 1 0 0
 1 0 1 0 0 0 0 0 0 0 0 0 0 0 0 0 0 0 0 0 0 0 0 1 1 0 0 0 0 0
 0 0 0 0 1 0 0 0 0 0 0 0 0 0 1 0 0 0 1 0 0 0 0 0 0 0 0 0 0 1
 0 0 0 0 0 0 0 1 0 0 0 0 0 0 1 0 1 1 0 0 0 0 0 0 0 0 0 0 0 0
 0 0 1 0 0 0 0 0 0 0 0 0 1 0 0 1 0 0 0 0 0 0 0 0 0 0 0 0 0 1
 0 1 0 0 0 0 0 0 0 0 0 0 0 0 0 0 1 0 0 0 0 0 1 0 0 0 1 0 0 0
 0 0 0 1 0 0 0 0 0 0 0 1 1 0 0 0 0 0 0 0 0 0 0 0 0 0 0 1 0 0
 0 0 0 0 0 0 0 0 1 0 0 0 0 1 0 0 0 0 1 0 1 0 0 0 0 0 0 0 0 0
 0 0 0 1 0 0 0 0 0 0 1 1 0 0 0 0 0 0 0 0 1 0 0 0 0 0 0 0 0 0
 0 0 0 0 0 1 0 0 0 0 0 0 0 1 0 0 0 1 0 1 0 0 0 0 0 0 0 0 0 0
 0 0 0 0 0 0 0 1 0 1 1 0 0 0 0 0 0 0 0 0 0 1 0 0 0 0 0 0 0 0
 0 0 0 0 0 0 0 0 1 0 0 0 0 0 0 0 0 0 0 0 0 0 0 1 1 0 0 0 1 0

Warwick 821: balanced orders and products, 6 products per order
15 30
 0 1 0 0 1 0 0 0 0 1 0 0 1 0 0 1 0 1 0 0 0 0 0 0 0 0 0 0 0 0
 0 1 0 0 0 0 0 0 0 0 1 1 0 0 0 0 0 0 1 0 0 0 0 1 0 0 1 0 0 0
 0 0 0 1 0 1 0 0 1 0 0 1 0 0 0 0 0 0 0 0 0 0 0 0 1 0 0 0 1 0
 0 0 0 0 1 0 0 1 0 0 0 0 0 0 0 0 0 0 1 0 0 0 0 1 0 0 0 0 1 1
 1 0 0 0 0 1 1 0 0 0 0 0 0 0 0 0 0 0 0 0 1 1 0 0 0 0 0 1 0 0
 1 0 0 1 0 0 0 0 0 0 0 0 0 0 0 0 1 0 0 1 1 0 0 0 0 0 1 0 0 0
 0 0 1 1 0 0 0 0 1 0 0 1 0 1 1 0 0 0 0 0 0 0 0 0 0 0 0 0 0 0
 0 0 1 0 0 0 1 0 0 0 0 0 1 0 0 0 0 0 1 0 1 0 0 0 0 1 0 0 0 0
 0 1 0 0 0 0 0 1 0 0 0 0 0 0 0 0 0 0 0 1 0 1 0 0 1 0 0 0 1 0
 0 0 0 0 0 0 0 0 0 0 1 0 0 1 1 0 1 0 0 0 0 0 1 0 0 1 0 0 0 0
 0 0 0 0 0 0 0 0 0 0 0 0 0 0 0 1 0 1 0 1 0 0 1 1 0 0 0 0 0 1
 1 0 1 0 0 0 0 1 0 0 1 0 0 0 0 0 1 0 0 0 0 0 1 0 0 0 0 0 0 0
 0 0 0 0 0 0 0 0 1 1 0 0 0 1 1 0 0 0 0 0 0 0 0 0 0 1 1 0 0 0
 0 0 0 0 0 1 0 0 0 1 0 0 0 0 0 1 0 1 0 0 0 1 0 0 0 0 0 1 0 0
 0 0 0 0 1 0 1 0 0 0 0 0 1 0 0 0 0 0 0 0 0 0 0 0 1 0 0 1 0 1

Warwick 822: balanced orders and products, 6 products per order
15 30
 1 0 0 0 1 1 0 0 0 0 0 0 0 0 0 1 0 1 0 0 1 0 0 0 0 0 0 0 0 0
 0 0 0 0 1 0 0 0 0 0 0 0 0 0 0 0 1 0 0 0 0 1 0 1 0 1 0 0 1 0
 0 0 0 1 0 0 0 1 0 0 1 1 0 0 1 0 0 0 0 0 0 0 0 0 0 0 0 0 0 1
 0 1 0 1 0 0 1 0 0 0 0 1 0 0 0 0 0 0 0 0 0 0 1 0 0 0 0 0 1 0
 1 0 0 0 0 0 1 0 0 0 0 0 0 0 0 0 0 0 0 0 0 1 0 0 1 1 0 1 0 0
 0 0 0 0 0 0 1 0 0 1 0 0 1 0 0 0 0 0 1 0 0 0 0 0 1 0 0 0 0 1
 0 0 0 0 0 1 0 1 0 0 0 0 1 0 0 1 0 1 0 0 0 0 0 0 0 0 0 0 1 0
 0 0 0 0 0 0 0 0 1 1 0 0 0 0 0 0 0 0 1 0 0 0 0 1 0 0 1 1 0 0
 0 1 1 1 0 0 0 0 1 0 1 0 0 0 0 0 0 0 0 0 1 0 0 0 0 0 0 0 0 0
 0 0 0 0 0 0 0 1 0 0 0 0 0 1 0 0 1 1 0 0 0 0 1 0 0 0 0 1 0 0
 0 0 0 0 0 0 0 0 1 0 1 0 1 0 0 0 0 0 0 0 0 0 1 1 1 0 0 0 0 0
 1 0 1 0 1 0 0 0 0 0 0 0 0 0 1 0 1 0 0 0 0 0 0 0 0 1 0 0 0 0
 0 1 0 0 0 0 0 0 0 0 0 0 0 1 0 1 0 0 1 1 0 0 0 0 0 0 1 0 0 0
 0 0 0 0 0 1 0 0 0 0 0 0 0 1 0 0 0 0 0 1 1 0 0 0 0 0 1 0 0 1
 0 0 1 0 0 0 0 0 0 1 0 1 0 0 1 0 0 0 0 1 0 1 0 0 0 0 0 0 0 0

Warwick 823: balanced orders and products, 6 products per order
15 30
 1 0 0 0 1 0 1 1 0 0 0 1 0 0 0 0 0 0 0 1 0 0 0 0 0 0 0 0 0 0
 0 0 0 0 0 0 1 0 0 0 0 0 1 0 0 0 0 1 0 1 0 1 0 0 0 0 0 0 1 0
 0 1 1 0 0 0 0 0 0 0 0 1 0 0 0 0 1 0 0 0 0 0 0 0 0 1 0 0 0 1
 1 0 0 0 0 0 0 0 0 0 1 0 0 0 0 1 0 0 0 0 1 0 1 0 1 0 0 0 0 0
 0 0 1 0 0 1 0 0 0 0 0 0 1 0 0 0 0 0 1 0 0 0 0 0 0 0 0 1 1 0
 1 0 0 0 0 0 0 1 0 0 1 0 0 0 0 0 0 0 0 1 0 0 0 0 0 0 1 0 0 1
 0 1 0 0 0 0 0 0 1 1 0 0 0 0 0 0 0 0 1 0 1 0 0 0 0 0 0 1 0 0
 0 0 0 0 0 0 0 0 0 0 0 0 0 0 1 1 0 1 0 0 0 1 0 1 0 0 1 0 0 0
 0 1 0 0 0 0 0 0 0 0 1 0 0 1 0 1 0 0 0 0 0 1 0 1 0 0 0 0 0 0
 0 0 0 0 0 0 0 0 0 0 0 0 0 0 0 0 0 0 0 0 0 0 1 1 1 0 1 0 1 1
 0 0 0 1 0 0 0 0 1 1 0 0 0 0 1 0 0 0 1 0 1 0 0 0 0 0 0 0 0 0
 0 0 0 1 0 1 0 0 0 0 0 1 0 1 0 0 0 0 0 0 0 0 0 0 1 1 0 0 0 0
 0 0 1 1 0 1 0 0 1 1 0 0 0 0 0 0 0 1 0 0 0 0 0 0 0 0 0 0 0 0
 0 0 0 0 1 0 0 0 0 0 0 0 0 1 1 0 1 0 0 0 0 0 1 0 0 1 0 0 0 0
 0 0 0 0 1 0 1 1 0 0 0 0 1 0 0 0 1 0 0 0 0 0 0 0 0 0 0 1 0 0

Warwick 824: balanced orders and products, 6 products per order
15 30
 0 0 0 1 0 1 1 0 1 0 0 0 0 0 0 1 0 0 0 0 0 0 0 0 0 0 1 0 0 0
 0 0 0 0 1 0 0 1 0 0 1 0 0 0 0 0 1 0 0 0 0 0 0 1 0 0 0 0 1 0
 0 1 0 1 0 0 0 0 1 0 0 0 0 1 0 0 0 0 0 0 0 0 1 0 0 1 0 0 0 0
 1 0 0 0 0 1 0 0 0 0 0 0 0 0 1 0 0 0 0 0 1 0 0 0 1 1 0 0 0 0
 0 0 0 0 0 0 0 0 0 0 1 1 0 0 0 0 0 1 0 1 0 1 0 0 0 0 0 1 0 0
 0 0 1 0 0 1 0 0 0 1 0 0 0 1 0 0 0 0 0 0 0 0 0 0 0 0 0 1 1 0
 0 0 1 0 0 0 0 0 0 1 1 0 0 0 1 0 0 0 1 0 0 0 0 0 0 0 1 0 0 0
 0 1 0 0 1 0 1 0 0 0 0 0 0 0 0 0 0 1 0 0 0 0 1 0 0 0 0 0 1 0
 0 1 0 1 0 0 0 1 0 0 0 1 0 0 0 0 0 0 0 0 0 1 0 1 0 0 0 0 0 0
 1 0 0 0 0 0 0 1 0 0 0 0 0 0 0 0 1 0 0 1 0 0 1 0 0 1 0 0 0 0
 0 0 0 0 0 0 0 0 0 0 0 1 0 1 0 1 0 0 0 1 1 0 0 0 0 0 0 1 0 0
 1 0 0 0 0 0 0 0 0 0 0 0 1 0 0 1 1 0 0 0 0 1 0 0 0 0 0 0 0 1
 0 0 0 0 0 0 0 0 1 0 0 0 1 0 0 0 0 0 0 0 1 0 0 1 1 0 0 0 0 1
 0 0 0 0 0 0 1 0 0 1 0 0 0 0 0 0 0 1 1 0 0 0 0 0 1 0 1 0 0 0
 0 0 1 0 1 0 0 0 0 0 0 0 1 0 1 0 0 0 1 0 0 0 0 0 0 0 0 0 0 1

Warwick 825: balanced orders and products, 6 products per order
15 30
 0 0 0 0 0 0 0 0 0 0 0 1 1 0 0 0 0 0 1 0 0 0 1 1 0 0 0 0 0 1
 0 0 0 0 0 0 0 0 0 1 1 0 0 0 0 0 1 0 0 0 1 0 0 1 0 0 0 1 0 0
 1 0 1 1 1 0 0 1 0 0 0 0 0 0 0 0 0 0 0 0 0 0 0 0 0 1 0 0 0 0
 0 0 0 0 0 0 0 0 1 0 0 0 0 1 1 0 0 0 1 0 1 0 0 0 0 0 0 0 1 0
 0 1 0 0 0 0 0 0 0 0 0 0 0 0 0 1 0 0 0 1 0 0 0 0 1 1 0 0 1 0
 0 1 0 0 0 0 0 0 0 0 0 0 1 0 0 0 1 0 0 0 1 1 0 0 0 1 0 0 0 0
 0 0 1 0 1 1 0 0 0 0 0 0 0 1 0 0 0 0 0 1 0 0 0 0 0 0 0 0 0 1
 0 0 0 0 0 0 0 0 0 0 1 1 0 0 0 0 1 0 0 0 0 0 0 0 0 0 1 1 1 0
 0 0 0 0 0 1 0 0 0 0 1 0 0 0 1 1 0 1 0 0 0 0 0 1 0 0 0 0 0 0
 0 1 0 1 0 0 0 0 0 0 0 1 0 1 0 1 0 0 0 0 0 0 0 0 0 0 1 0 0 0
 0 0 0 1 0 0 0 0 0 1 0 0 0 0 0 0 0 1 1 0 0 0 1 0 0 0 0 0 0 1
 0 0 0 0 0 0 1 1 1 0 0 0 1 0 0 0 0 1 0 0 0 1 0 0 0 0 0 0 0 0
 1 0 1 0 0 0 1 0 0 1 0 0 0 0 0 0 0 0 0 0 0 0 0 0 0 0 1 1 0 0
 1 0 0 0 0 1 1 1 0 0 0 0 0 0 0 0 0 0 0 0 0 1 0 0 1 0 0 0 0 0
 0 0 0 0 1 0 0 0 1 0 0 0 0 0 1 0 0 0 0 1 0 0 1 0 1 0 0 0 0 0

Warwick 826: balanced orders and products, 6 products per order
15 30
 0 1 0 0 0 1 0 0 0 0 0 0 1 0 1 0 0 0 0 1 0 0 0 0 0 0 0 1 0 0
 0 0 1 0 0 0 0 1 0 0 1 0 0 1 0 0 0 0 0 0 1 0 0 0 0 1 0 0 0 0
 0 0 0 1 0 0 0 0 0 0 0 1 0 1 0 0 1 0 0 0 1 0 1 0 0 0 0 0 0 0
 1 0 0 1 0 0 0 0 0 0 0 0 0 0 0 0 0 1 0 0 0 0 1 1 0 1 0 0 0 0
 0 1 1 0 0 0 1 1 0 0 0 0 0 0 0 0 0 0 0 0 0 1 0 0 0 0 0 0 1 0
 0 0 0 1 0 1 0 0 0 0 0 0 1 0 1 0 0 1 0 1 0 0 0 0 0 0 0 0 0 0
 0 0 0 0 0 1 0 0 0 1 0 0 0 0 0 0 1 0 0 0 0 0 1 0 0 0 1 0 0 1
 0 1 0 0 0 0 0 0 0 0 0 0 0 0 0 1 0 0 0 0 0 1 0 0 1 0 1 1 0 0
 0 0 1 0 1 0 0 0 0 0 1 0 0 0 1 0 0 0 0 0 0 0 0 0 0 1 1 0 0 0
 0 0 0 0 1 0 0 0 0 1 0 0 0 0 0 1 0 0 1 0 0 0 0 1 1 0 0 0 0 0
 1 0 0 0 1 0 0 0 0 0 0 1 0 0 0 0 0 0 0 0 0 1 0 0 0 0 0 0 1 1
 0 0 0 0 0 0 0 0 0 0 0 0 0 1 0 1 1 0 1 1 1 0 0 0 0 0 0 0 0 0
 0 0 0 0 0 0 1 1 1 0 0 0 0 0 0 0 0 0 0 0 0 0 0 1 0 0 0 1 1 0
 0 0 0 0 0 0 0 0 1 0 1 1 1 0 0 0 0 0 1 0 0 0 0 0 1 0 0 0 0 0
 1 0 0 0 0 0 1 0 1 1 0 0 0 0 0 0 0 1 0 0 0 0 0 0 0 0 0 0 0 1

Warwick 827: balanced orders and products, 6 products per order
15 30
 0 1 0 0 0 1 1 0 0 0 0 0 0 1 0 0 0 0 0 0 0 0 1 1 0 0 0 0 0 0
 0 0 0 0 0 0 0 0 1 0 0 0 0 0 0 0 1 1 1 0 0 0 0 0 1 0 0 0 1 0
 0 0 0 1 0 0 0 0 0 0 0 0 0 0 0 0 0 0 0 0 0 0 0 0 1 1 1 1 0 1
 0 1 1 0 0 0 0 0 0 0 1 0 0 0 1 0 0 0 0 0 1 1 0 0 0 0 0 0 0 0
 1 0 1 0 0 1 0 0 0 0 0 0 0 0 1 1 0 0 0 0 0 0 0 0 0 0 1 0 0 0
 0 0 0 0 0 0 0 0 0 0 0 1 0 0 0 0 0 0 0 1 1 0 0 1 0 0 0 1 1 0
 0 1 0 0 0 0 1 1 0 0 0 0 0 0 0 0 0 1 1 0 0 0 0 0 0 0 0 0 0 1
 0 0 0 1 1 0 0 0 1 0 0 0 0 0 0 0 0 0 0 0 0 1 1 0 0 0 0 0 0 1
 0 0 1 0 1 0 1 1 0 0 0 0 1 0 0 0 0 0 0 1 0 0 0 0 0 0 0 0 0 0
 1 0 0 0 0 0 0 0 1 0 0 1 0 0 0 1 1 0 0 0 0 0 0 0 1 0 0 0 0 0
 0 0 0 0 1 0 0 0 0 1 0 0 1 0 1 0 0 0 0 0 0 0 0 0 0 0 0 1 1 0
 0 0 0 0 0 0 0 0 0 0 0 0 0 1 0 0 1 1 0 0 0 1 0 1 0 0 1 0 0 0
 0 0 0 1 0 0 0 0 0 1 1 1 0 0 0 0 0 0 1 0 0 0 0 0 0 1 0 0 0 0
 0 0 0 0 0 0 0 0 0 0 1 0 1 1 0 0 0 0 0 0 1 0 1 0 0 1 0 0 0 0
 1 0 0 0 0 1 0 1 0 1 0 0 0 0 0 1 0 0 0 1 0 0 0 0 0 0 0 0 0 0

Warwick 828: balanced orders and products, 6 products per order
15 30
 0 0 0 0 1 0 1 0 0 0 0 1 0 1 0 0 0 0 0 0 0 1 0 1 0 0 0 0 0 0
 0 0 0 0 0 0 0 0 0 0 1 0 0 0 1 0 1 0 0 0 1 0 0 0 0 0 1 0 1 0
 1 1 1 1 0 1 0 0 0 1 0 0 0 0 0 0 0 0 0 0 0 0 0 0 0 0 0 0 0 0
 0 0 0 0 1 0 0 0 0 1 0 0 0 0 0 0 1 0 0 0 0 0 1 1 0 0 0 0 1 0
 0 0 0 1 0 1 1 0 0 0 0 0 0 0 1 0 1 0 0 0 0 0 0 0 0 0 1 0 0 0
 1 0 0 0 0 0 0 0 1 0 0 0 1 0 0 1 0 0 0 0 0 0 0 0 0 1 0 0 0 1
 0 0 0 0 0 1 0 0 1 0 0 0 0 1 0 0 0 0 1 1 0 0 0 0 1 0 0 0 0 0
 1 0 1 0 0 0 0 0 1 0 0 0 0 0 0 1 0 1 0 1 0 0 0 0 0 0 0 0 0 0
 0 1 0 0 0 0 0 1 0 0 1 1 0 0 0 0 0 0 0 0 0 0 0 1 0 1 0 0 0 0
 0 0 0 0 0 0 0 0 0 0 0 0 0 1 0 0 0 1 0 1 0 1 0 0 1 0 0 0 1 0
 0 0 0 0 0 0 0 1 0 0 0 1 1 0 1 0 0 0 0 0 0 0 1 0 1 0 0 0 0 0
 0 1 0 1 0 0 0 0 0 1 0 0 0 0 0 1 0 1 0 0 0 0 0 0 0 0 0 1 0 0
 0 0 1 0 0 0 0 0 0 0 1 0 1 0 0 0 0 0 1 0 1 0 0 0 0 0 0 1 0 0
 0 0 0 0 0 0 0 1 0 0 0 0 0 0 0 0 0 0 0 0 0 1 0 0 0 1 1 1 0 1
 0 0 0 0 1 0 1 0 0 0 0 0 0 0 0 0 0 0 1 0 1 0 1 0 0 0 0 0 0 1

Warwick 829: balanced orders and products, 6 products per order
15 30
 0 1 0 0 0 0 0 0 0 0 0 0 0 0 0 0 0 0 0 0 1 0 1 1 1 1 0 0 0 0
 0 0 0 0 1 0 0 1 1 1 0 0 1 0 0 0 0 0 0 0 1 0 0 0 0 0 0 0 0 0
 0 0 0 0 1 0 1 0 0 0 1 0 0 0 0 0 0 0 1 0 0 1 1 0 0 0 0 0 0 0
 0 0 0 1 0 0 0 0 0 0 0 0 1 0 1 0 1 0 0 1 0 0 0 0 0 0 0 0 1 0
 0 0 1 0 0 1 1 0 0 0 0 0 0 0 0 0 0 1 0 0 0 0 0 1 0 0 0 1 0 0
 0 0 1 0 0 0 0 1 0 0 1 1 0 0 0 0 0 0 0 0 0 0 0 1 0 0 1 0 0 0
 1 0 0 0 0 1 0 0 1 0 0 0 0 1 0 0 0 1 1 0 0 0 0 0 0 0 0 0 0 0
 0 1 0 0 0 0 1 1 0 0 0 0 0 0 0 0 0 0 0 1 0 0 0 0 0 1 0 0 1 0
 1 0 0 0 0 0 0 0 0 0 0 0 1 1 1 1 0 0 0 0 0 0 0 0 0 0 0 0 1 0
 1 0 1 0 0 0 0 0 0 0 0 1 0 0 0 1 0 0 0 0 0 0 0 0 0 1 1 0 0 0
 0 0 0 1 0 0 0 0 0 1 0 0 0 0 0 1 0 0 1 1 0 0 0 0 1 0 0 0 0 0
 0 0 0 1 0 0 0 0 0 0 0 0 0 1 0 0 1 1 0 0 0 0 1 0 1 0 0 0 0 0
 0 1 0 0 0 1 0 0 0 0 0 0 0 0 1 0 0 0 0 0 0 0 0 0 0 0 1 1 0 1
 0 0 0 0 1 0 0 0 1 0 1 0 0 0 0 0 0 0 0 0 1 1 0 0 0 0 0 0 0 1
 0 0 0 0 0 0 0 0 0 1 0 1 0 0 0 0 1 0 0 0 0 1 0 0 0 0 0 1 0 1

Warwick 830: balanced orders and products, 6 products per order
15 30
 0 0 0 0 0 1 0 0 0 1 0 0 0 0 0 0 0 0 0 0 0 1 0 0 1 0 0 1 1 0
 0 1 0 0 0 0 1 1 1 0 0 0 0 0 0 0 0 0 0 0 0 0 1 1 0 0 0 0 0 0
 0 0 0 0 0 0 0 0 0 0 0 1 0 1 0 1 0 0 0 1 0 0 0 0 0 1 0 0 1 0
 0 0 0 0 1 0 0 0 1 0 1 0 0 0 0 0 1 0 1 1 0 0 0 0 0 0 0 0 0 0
 0 1 1 0 0 0 0 0 0 1 0 0 0 0 0 1 0 0 0 0 1 0 0 0 0 0 1 0 0 0
 0 0 0 0 0 1 0 0 1 0 0 0 0 1 1 0 0 1 0 0 1 0 0 0 0 0 0 0 0 0
 1 0 0 1 0 0 0 0 0 0 1 0 0 0 0 0 1 1 0 0 0 1 0 0 0 0 0 0 0 0
 0 0 1 0 0 0 0 0 0 0 0 0 1 0 0 0 0 0 0 0 0 0 0 0 0 1 1 1 1 0
 0 1 0 0 0 1 0 1 0 0 0 0 0 0 1 0 0 0 1 0 0 0 0 0 0 0 1 0 0 0
 0 0 0 1 1 0 1 0 0 1 0 0 0 0 0 0 0 0 0 0 0 0 1 0 0 0 0 1 0 0
 0 0 0 0 0 0 0 1 0 0 0 1 0 0 0 0 1 1 1 0 0 0 0 0 1 0 0 0 0 0
 1 0 1 0 0 0 0 0 0 0 0 1 0 1 0 0 0 0 0 0 0 0 1 0 1 0 0 0 0 0
 0 0 0 1 0 0 1 0 0 0 1 0 0 0 0 0 0 0 0 1 0 1 0 0 0 0 0 0 0 1
 0 0 0 0 1 0 0 0 0 0 0 0 1 0 0 1 0 0 0 0 0 0 0 1 0 1 0 0 0 1
 1 0 0 0 0 0 0 0 0 0 0 0 1 0 1 0 0 0 0 0 1 0 0 1 0 0 0 0 0 1

Warwick 831: balanced orders and products, 8 products per order
15 30
 1 0 0 0 1 0 0 0 0 0 0 1 0 1 0 0 0 0 0 0 0 1 1 0 0 1 0 0 1 0
 0 0 1 0 0 0 1 1 0 1 1 0 1 0 0 0 0 0 1 0 0 1 0 0 0 0 0 0 0 0
 0 0 0 0 0 0 0 1 1 0 1 0 0 0 0 1 0 0 1 0 1 0 0 1 1 0 0 0 0 0
 0 0 0 0 1 1 1 0 0 0 1 0 0 0 0 0 0 0 0 1 0 0 0 1 0 0 1 1 0 0
 1 1 0 1 0 1 0 0 0 0 0 0 1 0 0 1 0 0 0 0 0 0 0 0 1 0 1 0 0 0
 1 0 1 0 0 1 0 0 0 1 0 0 0 1 0 0 0 0 0 1 0 0 0 1 0 0 0 0 1 0
 0 0 0 1 0 1 0 0 0 0 0 0 0 1 0 0 1 1 0 0 0 0 1 0 0 1 0 0 1 0
 0 0 0 1 0 0 1 1 1 0 0 0 0 0 0 0 1 0 0 1 0 0 0 0 0 1 1 0 0 0
 0 1 0 0 1 0 0 0 1 0 0 0 0 1 0 0 0 1 0 0 0 0 1 0 0 0 1 1 0 0
 0 0 1 0 0 0 1 1 0 0 0 0 1 0 1 0 0 1 0 1 0 0 0 0 1 0 0 0 0 0
 0 0 1 0 1 0 0 0 0 0 0 0 0 0 1 0 1 0 0 0 0 0 0 1 1 0 0 1 0 1
 0 0 0 0 0 0 0 0 0 0 1 1 0 0 1 0 0 0 1 0 1 1 1 0 0 0 0 0 0 1
 1 1 0 1 0 0 0 0 0 0 0 1 1 0 0 0 0 1 0 0 1 0 0 0 0 0 0 0 0 1
 0 1 0 0 0 0 0 0 0 1 0 0 0 0 1 1 1 0 1 0 1 0 0 0 0 1 0 0 0 0
 0 0 0 0 0 0 0 0 1 1 0 1 0 0 0 1 0 0 0 0 0 1 0 0 0 0 0 1 1 1

Warwick 832: balanced orders and products, 8 products per order
15 30
 0 1 0 1 0 0 0 0 0 1 1 0 0 0 0 0 1 0 1 0 0 0 0 0 1 0 1 0 0 0
 0 0 1 1 1 0 0 0 0 0 1 0 1 0 0 0 0 0 1 0 1 0 0 0 0 0 0 0 1 0
 1 0 1 0 0 0 0 0 1 0 0 0 0 0 1 1 0 0 1 0 0 0 0 0 1 1 0 0 0 0
 1 0 0 0 0 1 0 1 0 0 0 0 0 1 0 1 0 0 0 0 0 1 1 0 0 0 0 0 1 0
 0 0 1 0 0 0 1 0 0 0 0 0 0 0 1 0 1 1 0 0 0 0 0 1 0 0 0 1 0 1
 0 0 0 0 0 1 0 0 0 1 0 0 1 0 1 1 0 0 0 0 1 0 1 0 0 0 1 0 0 0
 0 0 0 0 1 0 0 1 1 0 0 0 0 1 0 0 0 0 1 1 0 0 0 0 0 1 0 0 1 0
 0 0 0 0 1 0 1 0 1 0 1 0 1 1 0 0 0 0 0 0 1 0 0 0 0 0 1 0 0 0
 0 0 0 0 1 0 0 0 0 0 0 1 0 0 0 1 0 0 0 1 0 0 1 1 0 1 0 0 0 1
 0 1 0 1 0 0 1 0 0 0 0 1 0 1 0 0 0 0 0 1 1 0 1 0 0 0 0 0 0 0
 0 0 1 0 0 1 0 0 0 1 1 0 0 0 0 0 1 0 0 0 0 1 0 0 1 0 0 0 0 1
 0 0 0 0 0 0 0 0 0 0 0 1 0 0 0 0 0 1 0 1 0 1 0 1 1 0 0 0 1 1
 1 1 0 0 0 1 0 1 0 1 0 0 0 0 0 0 0 1 0 0 0 1 0 0 0 0 0 1 0 0
 0 0 0 0 0 0 0 1 0 0 0 1 1 0 0 0 1 1 0 0 0 0 0 0 0 1 1 1 0 0
 1 1 0 1 0 0 1 0 1 0 0 0 0 0 1 0 0 0 0 0 0 0 0 1 0 0 0 1 0 0

Warwick 833: balanced orders and products, 8 products per order
15 30
 1 0 0 0 0 0 0 0 0 0 0 1 1 0 0 0 0 0 0 0 1 0 1 0 1 1 0 0 1 0
 0 0 0 0 0 1 0 0 1 0 0 0 0 0 0 0 1 0 1 0 0 1 0 0 0 1 1 0 0 1
 1 1 0 0 0 0 0 1 0 0 0 0 0 1 0 0 0 0 0 0 0 1 0 1 1 0 1 0 0 0
 0 0 1 0 0 0 0 0 0 0 0 0 1 0 0 0 0 0 0 0 1 0 0 1 1 1 1 0 0 1
 1 0 0 0 1 0 0 0 0 1 1 0 1 0 0 0 1 1 0 0 1 0 0 0 0 0 0 0 0 0
 0 1 0 0 1 0 0 0 0 1 0 1 0 0 0 0 0 1 0 1 0 0 1 0 0 0 0 1 0 0
 0 0 1 0 0 1 1 0 0 0 0 0 1 0 1 0 0 1 0 0 0 0 0 0 1 1 0 0 0 0
 0 0 0 1 1 0 1 0 1 0 0 0 0 0 1 0 1 0 0 0 0 0 0 0 0 0 0 0 1 1
 0 1 0 1 0 0 1 0 1 1 0 0 0 0 0 1 0 0 1 0 0 0 0 0 0 0 0 1 0 0
 0 0 0 1 0 1 0 0 0 0 1 1 0 0 1 0 0 0 1 0 0 0 0 0 0 0 1 0 0 1
 1 0 0 0 0 0 0 1 1 0 0 0 0 1 0 0 0 0 0 1 0 0 1 1 0 0 0 0 1 0
 0 0 0 1 1 0 0 1 0 0 0 0 0 1 1 0 0 0 0 1 0 0 1 0 0 0 0 0 1 0
 0 0 0 0 0 0 1 0 0 0 1 0 0 1 0 1 0 0 1 1 0 1 0 0 0 0 0 1 0 0
 0 0 1 0 0 0 0 0 0 1 1 0 0 0 0 1 1 1 0 0 0 0 0 1 0 0 0 1 0 0
 0 1 1 0 0 1 0 1 0 0 0 1 0 0 0 1 0 0 0 0 1 1 0 0 0 0 0 0 0 0

Warwick 834: balanced orders and products, 8 products per order
15 30
 0 0 1 0 0 0 0 0 0 0 0 0 0 0 0 0 1 1 0 1 1 1 0 1 0 0 1 0 0 0
 1 0 0 1 0 0 1 0 0 0 0 0 0 1 0 0 1 1 0 0 0 0 0 0 1 1 0 0 0 0
 1 0 0 0 0 0 0 1 1 0 1 1 0 1 1 0 0 0 0 0 0 0 0 0 0 0 0 0 1 0
 0 1 0 0 0 0 0 1 0 0 0 1 1 0 1 0 0 0 0 1 0 0 0 1 0 0 0 1 0 0
 0 1 0 1 0 1 1 1 0 0 1 1 0 0 0 1 0 0 0 0 0 0 0 0 0 0 0 0 0 0
 0 0 0 1 0 0 0 0 0 0 0 0 0 0 0 0 0 1 1 0 0 0 1 1 1 1 1 0 0 0
 0 0 0 0 0 0 0 1 1 1 0 0 1 0 0 0 0 0 0 1 1 0 0 0 0 0 0 0 1 1
 0 0 1 0 0 0 0 0 0 0 0 0 1 0 0 1 0 0 1 0 1 1 0 0 0 0 0 1 0 1
 1 1 0 0 1 1 1 0 0 0 0 0 0 1 0 0 0 0 0 0 0 0 0 0 0 1 0 1 0 0
 1 0 0 0 0 1 0 0 0 1 1 0 0 0 0 0 0 1 0 0 0 1 1 0 0 0 0 0 1 0
 0 0 1 0 0 1 0 0 1 1 0 0 1 0 1 1 0 0 0 0 0 0 1 0 0 0 0 0 0 0
 0 1 0 0 1 0 0 0 0 0 0 0 0 1 0 0 1 0 1 1 0 0 1 0 1 0 0 0 0 0
 0 0 1 1 1 0 0 0 0 0 0 0 0 0 1 0 0 0 0 0 0 0 0 0 1 0 1 0 1 1
 0 0 0 0 0 0 0 0 0 1 1 1 0 0 0 1 0 0 1 0 1 0 0 1 0 0 0 1 0 0
 0 0 0 0 1 0 1 0 1 0 0 0 0 0 0 0 1 0 0 0 0 1 0 0 0 1 1 0 0 1

Warwick 835: balanced orders and products, 8 products per order
15 30
 0 0 0 0 1 0 1 0 1 0 1 0 0 1 0 0 0 1 0 1 0 0 0 0 1 0 0 0 0 0
 0 1 0 0 0 0 0 1 0 1 0 0 1 0 0 0 0 0 1 0 0 1 0 0 0 1 0 0 0 1
 0 0 1 0 0 1 0 0 1 0 1 1 0 0 1 0 0 0 1 0 0 1 0 0 0 0 0 0 0 0
 1 0 0 0 0 1 1 0 0 0 0 0 0 1 0 1 0 0 0 1 1 0 0 0 0 0 0 0 1 0
 0 0 0 1 0 0 0 1 1 0 1 0 0 0 0 1 0 0 0 1 0 0 0 1 1 0 0 0 0 0
 0 1 0 0 0 0 0 1 0 0 0 0 1 0 0 0 0 0 0 0 0 1 1 0 0 1 1 1 0 0
 0 0 0 0 0 0 0 1 0 0 0 1 0 0 1 0 0 1 0 1 0 1 1 0 0 1 0 0 0 0
 0 0 0 0 0 1 0 0 0 1 0 0 0 1 0 1 0 0 0 0 0 0 1 1 0 0 0 1 0 1
 1 0 0 1 0 0 0 0 0 0 0 0 0 0 0 0 1 0 0 0 1 0 0 1 0 0 1 0 1 1
 0 1 0 1 0 0 0 0 0 0 1 0 1 1 0 0 1 0 1 0 0 0 0 0 1 0 0 0 0 0
 0 0 1 1 0 1 0 0 1 1 0 0 1 0 1 0 0 0 0 0 1 0 0 0 0 0 0 0 0 0
 0 1 0 0 0 0 0 0 0 0 0 0 0 0 1 0 1 1 0 0 0 0 0 1 0 1 0 1 1 0
 0 0 1 0 1 0 0 0 0 1 0 0 0 0 0 1 1 0 1 0 1 0 0 0 0 0 1 0 0 0
 1 0 1 0 1 0 1 0 0 0 0 1 0 0 0 0 0 0 0 0 0 0 1 0 1 0 1 0 0 0
 1 0 0 0 1 0 1 0 0 0 0 1 0 0 0 0 0 1 0 0 0 0 0 0 0 0 0 1 1 1

Warwick 836: balanced orders and products, 8 products per order
15 30
 0 0 0 0 1 0 0 0 1 0 1 0 0 0 1 0 1 0 0 0 0 0 0 1 0 0 1 0 0 1
 0 1 0 1 0 0 0 0 0 0 0 0 0 0 0 0 0 0 0 1 1 0 0 0 1 0 1 1 1 0
 0 0 1 0 0 0 1 0 0 0 0 0 0 0 0 0 0 1 0 0 1 0 0 0 0 1 0 1 1 1
 0 0 0 1 0 0 0 0 1 1 1 0 0 1 0 0 0 0 0 1 0 0 1 0 1 0 0 0 0 0
 1 0 0 0 0 0 0 0 0 0 0 1 1 1 0 1 0 0 1 0 0 0 0 0 0 0 0 0 1 1
 0 0 1 0 1 0 0 1 0 1 0 0 0 0 0 0 0 1 0 0 0 0 1 1 0 0 1 0 0 0
 0 0 0 1 0 0 1 0 0 1 0 1 1 1 0 0 1 0 0 0 0 0 0 0 0 0 0 0 0 1
 0 0 0 0 0 1 0 1 1 0 0 1 0 0 1 0 0 0 0 0 1 0 0 1 0 0 1 0 0 0
 1 1 0 0 0 0 1 0 1 0 0 0 0 0 0 0 0 1 1 0 1 0 0 0 0 1 0 0 0 0
 1 0 0 0 0 1 0 0 0 0 0 0 0 0 0 1 0 0 1 1 0 1 0 0 0 1 0 0 1 0
 0 0 1 0 1 0 0 1 0 0 0 1 0 0 0 0 0 1 0 1 0 1 0 1 0 0 0 0 0 0
 0 1 0 0 0 0 0 0 0 0 1 0 1 1 0 1 0 0 0 0 0 1 1 0 0 1 0 0 0 0
 0 0 0 0 1 1 1 0 0 1 0 0 1 0 1 0 0 0 1 0 0 0 0 0 0 0 0 1 0 0
 1 0 0 1 0 1 0 0 0 0 1 0 0 0 0 0 1 0 0 0 0 0 1 0 1 0 0 1 0 0
 0 1 1 0 0 0 0 1 0 0 0 0 0 0 1 1 1 0 0 0 0 1 0 0 1 0 0 0 0 0

Warwick 837: balanced orders and products, 8 products per order
15 30
 0 0 0 1 0 1 0 0 0 0 0 0 0 0 1 1 1 0 0 0 1 0 0 1 0 0 0 0 0 1
 1 0 1 0 0 0 0 0 1 1 0 0 0 0 1 0 0 0 0 0 0 0 0 0 1 1 0 0 1 0
 0 1 0 0 1 1 1 0 0 0 0 0 0 0 0 0 0 0 0 0 0 1 0 0 0 0 1 1 0 1
 0 0 0 0 1 0 0 0 0 0 0 0 1 0 0 0 0 1 1 0 1 0 0 1 0 0 1 1 0 0
 1 1 0 0 0 0 0 1 1 0 0 0 0 1 0 0 0 1 0 1 0 0 0 0 0 0 0 0 1 0
 0 0 1 1 0 0 0 0 0 0 0 1 1 1 1 0 0 0 0 1 0 1 0 0 0 0 0 0 0 0
 0 1 0 1 0 1 0 0 0 0 0 0 0 1 0 0 0 0 1 0 0 0 0 1 0 1 0 0 0 1
 0 0 0 0 0 0 0 0 0 1 1 1 0 1 1 0 0 0 0 0 0 1 1 0 0 0 0 1 0 0
 0 0 1 0 0 0 1 1 0 1 0 1 1 0 0 0 0 0 0 0 0 0 1 0 1 0 0 0 0 0
 1 0 0 0 0 0 0 0 0 0 1 0 0 0 0 0 0 1 0 0 1 0 1 0 1 1 0 0 1 0
 0 0 0 0 0 0 0 1 0 1 1 0 1 0 0 1 1 0 1 0 0 0 0 0 1 0 0 0 0 0
 0 0 0 0 1 0 1 0 1 0 0 0 0 0 0 1 0 1 1 0 0 0 0 0 0 1 0 0 0 1
 1 0 1 1 0 0 1 0 0 0 0 0 0 0 0 0 1 0 0 1 0 0 0 1 0 0 0 1 0 0
 0 0 0 0 0 1 0 0 0 0 1 1 0 0 0 1 0 0 0 1 0 1 1 0 0 0 1 0 0 0
 0 1 0 0 1 0 0 1 1 0 0 0 0 0 0 0 1 0 0 0 1 0 0 0 0 0 1 0 1 0

Warwick 838: balanced orders and products, 8 products per order
15 30
 0 0 0 0 0 0 1 0 0 1 1 0 0 0 0 1 0 0 1 1 0 1 0 0 0 0 0 0 1 0
 1 1 0 0 1 0 0 0 0 0 0 1 0 1 0 0 0 0 0 0 1 0 0 0 1 0 0 0 0 1
 0 0 0 1 0 1 0 0 0 0 1 0 0 0 0 0 0 1 0 0 0 1 0 1 1 0 1 0 0 0
 0 1 0 1 0 0 0 1 1 1 1 0 0 0 0 0 0 0 0 0 0 0 1 1 0 0 0 0 0 0
 1 0 0 0 0 0 0 0 0 0 0 0 0 0 1 1 0 1 0 0 1 0 1 0 0 1 0 1 0 0
 0 0 0 0 0 1 0 1 1 0 0 0 1 0 1 0 0 0 1 0 0 0 0 0 0 0 0 1 0 1
 0 0 0 0 0 0 0 0 0 0 0 1 0 1 0 0 0 0 0 0 0 1 0 0 1 1 0 1 1 1
 0 0 1 0 0 0 0 0 0 0 0 1 0 0 0 1 1 0 0 1 1 0 1 0 0 0 1 0 0 0
 0 1 1 0 1 0 0 1 0 0 0 0 0 0 0 0 0 1 0 1 0 1 0 0 0 0 1 0 0 0
 0 0 0 0 0 1 1 0 0 0 0 1 0 0 0 0 0 1 1 1 0 0 0 0 1 0 1 0 0 0
 1 0 1 0 1 0 0 0 1 1 0 0 1 1 0 0 0 0 0 0 0 0 0 0 0 1 0 0 0 0
 0 0 0 0 0 0 1 0 1 0 0 0 1 1 0 0 1 0 0 0 0 0 0 1 0 0 0 1 1 0
 0 1 0 1 0 0 1 0 0 1 0 0 1 0 1 0 1 0 0 0 0 0 0 0 0 0 0 0 1 0
 0 0 1 1 1 0 0 0 0 0 1 0 0 0 0 0 0 0 1 0 1 0 0 1 0 1 0 0 0 0
 1 0 0 0 0 1 0 1 0 0 0 0 0 0 1 1 1 0 0 0 0 0 1 0 0 0 0 0 0 1

Warwick 839: balanced orders and products, 8 products per order
15 30
 0 0 0 0 0 0 0 0 0 1 0 1 1 1 0 0 0 0 1 0 1 0 0 0 1 0 0 0 0 1
 1 0 0 0 0 0 1 0 0 1 0 0 0 0 0 0 0 0 1 0 0 0 0 0 1 0 1 1 1 0
 0 0 0 1 0 1 1 0 0 0 0 1 0 1 0 0 1 0 0 0 1 0 0 0 0 1 0 0 0 0
 0 0 0 0 1 1 0 1 1 0 1 0 0 0 0 0 0 0 0 0 0 1 1 0 0 0 0 0 1 0
 1 0 0 1 0 0 1 0 0 0 0 0 0 1 0 0 1 1 0 1 0 0 0 0 0 0 0 0 0 1
 0 1 0 0 0 0 0 1 1 1 0 0 1 0 1 0 0 0 0 0 0 0 0 1 1 0 0 0 0 0
 0 1 1 1 0 0 0 0 0 0 1 1 1 0 0 0 0 0 0 0 0 1 0 0 0 0 1 0 0 0
 0 0 0 0 1 0 0 1 0 0 0 0 0 0 1 1 0 0 0 1 0 0 0 1 0 0 1 0 0 1
 0 0 1 0 0 0 1 1 0 0 0 1 0 0 0 1 0 0 0 0 0 1 0 0 0 0 0 1 1 0
 0 1 1 0 0 1 0 0 0 0 1 0 0 0 0 1 0 0 1 0 1 0 1 0 0 0 0 0 0 0
 0 1 0 0 0 0 0 0 0 0 0 0 0 0 1 0 1 1 0 1 1 1 0 0 0 0 0 0 0 1
 0 0 0 0 1 0 0 0 0 1 0 0 0 0 1 0 0 0 1 0 0 0 0 1 1 1 0 1 0 0
 0 0 1 0 1 1 0 0 1 0 0 0 0 0 0 1 0 0 0 0 0 0 1 0 0 1 0 1 0 0
 1 0 0 0 0 0 0 0 0 0 0 0 1 0 0 0 1 1 0 1 0 0 1 1 0 0 0 0 1 0
 1 0 0 1 0 0 0 0 1 0 1 0 0 1 0 0 0 1 0 0 0 0 0 0 0 1 1 0 0 0

Warwick 840: balanced orders and products, 8 products per order
15 30
 1 0 0 0 1 0 1 1 0 0 0 1 0 0 0 0 0 1 0 0 0 0 0 0 0 1 1 0 0 0
 1 0 0 0 0 0 0 0 0 1 1 0 0 0 0 1 0 0 0 1 1 1 0 0 0 0 0 1 0 0
 0 1 0 0 0 0 0 0 0 0 0 0 0 1 0 1 0 1 0 1 1 0 0 0 0 0 1 1 0 0
 0 0 0 0 0 0 0 0 1 0 1 0 0 1 0 1 0 1 1 0 0 0 0 1 0 0 0 0 1 0
 1 0 0 0 1 0 0 0 1 0 0 0 1 0 0 0 1 0 0 1 0 0 1 0 0 1 0 0 0 0
 1 0 0 1 0 0 1 0 0 1 0 0 0 0 0 0 0 0 0 1 1 0 1 0 0 0 0 0 0 1
 0 0 0 0 0 1 0 0 1 0 1 0 0 0 0 0 1 0 0 0 0 1 1 0 1 0 0 1 0 0
 0 0 1 0 1 1 0 0 0 0 1 1 1 0 0 0 0 0 0 0 0 1 0 0 0 0 0 0 1 0
 0 0 0 1 1 1 1 1 1 0 0 0 0 0 0 0 0 0 1 0 0 0 0 0 0 1 0 0 0 0
 0 0 1 0 0 0 0 0 0 0 0 1 0 0 1 0 0 0 0 0 1 0 0 1 1 1 0 0 0 1
 0 1 0 0 0 0 0 1 0 1 0 1 1 0 1 0 0 0 0 0 0 0 1 1 0 0 0 0 0 0
 0 1 1 1 0 0 0 1 0 0 0 0 0 0 1 0 0 0 1 0 0 0 0 0 0 0 1 0 1 0
 0 0 1 0 0 0 0 0 0 1 0 0 0 1 0 0 1 1 0 0 0 1 0 0 1 0 0 0 0 1
 0 0 0 1 0 0 0 0 0 0 0 0 1 1 1 1 0 0 0 0 0 0 0 1 1 0 0 0 0 1
 0 1 0 0 0 1 1 0 0 0 0 0 0 0 0 0 1 0 1 0 0 0 0 0 0 0 1 1 1 0

Warwick 841: balanced orders and products, 10 products per order
15 30
 1 1 1 0 1 0 1 0 0 0 0 0 0 0 1 0 0 0 0 0 0 0 0 1 1 0 0 1 0 1
 0 0 0 1 0 1 0 0 0 0 0 1 0 0 0 0 0 1 0 1 0 0 1 0 1 1 1 0 0 1
 0 0 1 0 0 0 0 0 0 0 1 0 0 0 0 0 1 1 0 0 1 1 0 0 1 0 1 1 0 1
 1 0 0 0 0 0 1 0 0 0 0 0 1 1 0 0 1 1 1 1 0 0 0 0 0 1 0 0 1 0
 0 1 1 1 1 1 0 0 0 0 0 0 0 0 0 0 0 0 1 0 0 1 0 0 0 1 0 1 1 0
 0 0 1 0 1 0 1 1 0 1 0 1 0 1 1 0 1 0 0 0 0 0 0 0 0 0 0 0 1 0
 0 0 0 0 0 1 1 1 0 0 1 1 0 1 0 0 0 0 0 0 1 0 0 1 0 0 1 0 1 0
 0 1 1 0 0 0 0 0 0 1 0 1 1 1 0 1 0 0 0 0 1 1 0 1 0 0 0 0 0 0
 0 0 0 1 0 0 0 0 1 0 0 0 0 1 1 0 1 1 0 0 1 0 1 0 0 0 0 0 1 1
 0 1 0 0 0 0 0 1 0 1 1 0 0 0 1 0 0 0 1 1 0 1 0 0 0 1 1 0 0 0
 1 0 0 0 0 1 0 0 1 1 0 0 1 0 0 0 0 0 1 0 0 0 1 1 0 0 0 1 0 1
 1 0 0 0 1 0 0 1 1 0 1 0 0 0 0 1 0 0 0 0 0 0 1 0 0 1 1 1 0 0
 0 0 0 1 0 0 0 1 1 1 0 1 0 0 0 1 0 1 1 0 0 1 0 0 1 0 0 0 0 0
 0 1 0 0 0 1 1 0 0 0 1 0 1 0 1 1 0 0 0 1 0 0 1 1 0 0 0 0 0 0
 1 0 0 1 1 0 0 0 1 0 0 0 1 0 0 1 1 0 0 1 1 0 0 0 1 0 0 0 0 0

Warwick 842: balanced orders and products, 10 products per order
15 30
 0 1 0 1 1 1 0 0 0 1 0 0 0 0 0 0 0 1 1 0 0 1 1 0 1 0 0 0 0 0
 1 0 1 0 1 0 0 0 0 1 0 1 0 0 0 1 0 0 1 0 0 0 0 0 0 1 1 1 0 0
 1 0 0 0 0 1 1 0 1 1 0 1 0 0 1 0 0 0 0 0 1 0 0 0 1 0 0 0 0 1
 0 0 0 0 0 0 1 0 1 0 1 0 0 1 0 0 1 1 0 0 0 0 0 1 0 0 1 0 1 1
 0 1 0 1 0 0 0 0 0 1 0 0 1 1 0 0 0 0 0 0 1 0 1 0 0 1 1 0 1 0
 0 0 0 0 0 0 1 1 0 0 1 1 0 0 0 1 0 0 0 0 0 0 0 1 1 1 0 1 1 0
 0 0 1 1 1 0 0 0 0 0 0 0 0 1 1 0 0 0 0 1 0 1 1 0 0 1 0 1 0 0
 1 1 0 0 0 1 0 0 0 0 0 0 1 0 1 0 1 1 1 0 1 0 0 0 0 0 0 1 0 0
 0 0 0 0 1 0 0 1 0 0 1 0 1 0 0 0 0 1 0 1 0 0 0 1 1 1 0 0 0 1
 0 0 0 0 0 0 0 0 1 0 1 1 1 0 0 1 1 0 0 0 0 1 0 0 1 0 1 0 1 0
 0 1 1 0 1 1 0 1 0 0 0 1 0 0 0 0 0 1 0 1 0 0 1 1 0 0 0 0 0 0
 0 1 0 0 0 1 0 1 0 0 0 0 0 1 1 1 0 0 0 1 1 1 0 0 0 0 0 0 1 0
 1 0 0 1 0 0 0 1 1 0 0 0 1 0 1 0 1 0 1 0 1 0 0 1 0 0 0 0 0 0
 1 0 1 0 0 0 1 0 0 0 0 0 0 0 0 1 1 0 1 0 0 1 1 0 0 0 0 1 0 1
 0 0 1 1 0 0 1 0 1 1 1 0 0 1 0 0 0 0 0 1 0 0 0 0 0 0 1 0 0 1

Warwick 843: balanced orders and products, 10 products per order
15 30
 1 0 0 1 1 1 1 0 0 1 0 1 0 0 0 0 0 0 0 0 1 0 0 1 0 1 0 0 0 0
 0 1 0 0 0 1 1 1 0 0 0 1 0 0 1 0 0 1 1 1 0 0 1 0 0 0 0 0 0 0
 0 0 1 1 1 0 1 0 1 0 0 1 0 0 0 0 0 0 0 0 0 0 1 0 1 0 0 0 1 1
 1 1 0 0 1 0 0 0 0 1 1 0 0 0 1 0 1 1 0 0 0 0 0 1 0 0 0 1 0 0
 0 0 1 0 0 0 0 1 0 0 0 1 0 0 0 1 1 0 0 0 1 1 1 0 0 1 1 0 0 0
 0 0 0 0 0 1 0 1 0 1 0 0 1 0 0 1 0 0 0 0 0 1 0 0 0 0 1 1 1 1
 1 1 0 0 0 0 0 1 1 0 0 0 0 1 0 0 0 1 0 1 1 0 1 0 0 0 0 1 0 0
 0 0 0 1 0 0 1 0 0 0 0 0 0 1 0 1 0 0 1 0 1 0 1 0 0 0 1 1 0 1
 0 0 0 0 1 0 1 0 0 0 1 0 1 1 0 0 1 0 0 1 0 0 0 0 1 0 1 0 0 1
 1 0 0 1 0 0 0 0 1 0 0 0 0 1 1 0 1 0 1 0 0 0 0 1 0 1 0 0 1 0
 0 1 1 0 0 1 0 0 0 1 1 0 0 0 1 1 0 0 0 0 0 1 0 0 0 1 0 0 0 1
 0 1 1 0 0 0 0 0 0 0 1 0 1 0 1 0 0 1 1 1 0 0 0 0 1 0 0 0 1 0
 0 0 1 1 0 0 0 1 1 0 0 0 1 0 0 0 0 0 0 0 1 1 0 1 1 0 1 0 0 0
 1 0 0 0 0 1 0 0 0 0 1 0 0 1 0 0 0 0 1 1 0 1 0 0 1 1 0 1 0 0
 0 0 0 0 1 0 0 0 1 1 0 1 1 0 0 1 1 1 0 0 0 0 0 1 0 0 0 0 1 0

Warwick 844: balanced orders and products, 10 products per order
15 30
 0 1 0 1 0 1 1 0 1 1 0 0 0 0 0 0 0 0 0 0 0 1 0 1 1 0 1 0 0 0
 1 0 0 0 1 0 1 0 0 1 0 0 1 0 0 0 1 0 0 1 0 0 1 0 0 0 1 0 1 0
 0 0 0 1 1 1 0 0 0 0 0 0 0 1 1 0 1 0 0 1 1 0 0 1 1 0 0 0 0 0
 1 0 1 0 1 0 0 0 0 0 0 0 0 0 1 1 0 1 0 1 1 1 0 1 0 0 0 0 0 0
 1 1 1 0 0 0 0 1 0 0 0 1 0 1 0 1 0 0 0 0 0 0 1 0 0 0 0 1 0 1
 0 0 0 1 0 0 0 0 1 0 1 0 0 0 0 0 1 0 1 0 0 0 1 0 0 1 0 1 1 1
 0 0 0 0 0 0 0 1 0 0 0 1 1 0 0 0 0 1 0 1 0 1 0 1 1 0 1 1 0 0
 0 1 0 0 0 0 0 0 0 1 1 0 1 0 1 0 1 0 1 0 0 0 0 0 0 1 1 0 0 1
 0 0 0 0 0 1 1 1 0 0 1 0 1 0 1 1 0 1 0 0 1 0 0 0 0 0 0 0 0 1
 0 0 1 0 0 0 0 0 1 0 0 0 0 1 0 1 0 1 0 0 0 0 0 1 0 1 0 1 1 1
 1 0 0 0 0 0 0 1 0 1 0 1 0 0 0 1 0 0 0 1 0 1 1 0 0 1 0 0 1 0
 1 0 0 0 1 0 0 1 1 1 0 1 0 0 1 0 0 0 1 0 1 0 0 0 1 0 0 0 0 0
 0 0 0 1 0 0 0 0 0 0 1 0 0 1 0 0 1 1 1 0 0 1 0 0 0 1 1 1 0 0
 0 1 1 0 1 1 1 0 1 0 0 1 0 1 0 0 0 0 1 0 1 0 0 0 0 0 0 0 0 0
 0 1 1 1 0 1 1 0 0 0 1 0 1 0 0 0 0 0 0 0 0 0 1 0 1 0 0 0 1 0

Warwick 845: balanced orders and products, 10 products per order
15 30
 0 1 1 1 1 0 0 1 0 0 0 0 0 0 1 1 1 0 0 0 0 0 0 0 1 0 0 1 0 0
 0 0 0 0 0 1 1 0 0 1 1 0 0 1 1 0 0 1 1 0 0 0 0 0 0 1 1 0 0 0
 1 0 1 0 0 1 0 0 1 1 0 0 0 0 1 0 0 1 0 0 1 0 1 1 0 0 0 0 0 0
 1 0 0 0 1 0 1 0 0 0 0 0 1 0 1 1 0 0 0 1 0 1 0 1 1 0 0 0 0 0
 1 0 1 0 0 0 0 1 1 0 0 0 1 1 0 0 1 0 1 0 0 0 0 1 0 0 1 0 0 0
 0 0 0 0 1 0 1 0 0 1 1 1 0 0 0 0 0 0 0 1 0 0 1 0 1 0 1 0 0 1
 0 1 1 1 0 1 0 1 0 0 1 0 0 0 0 0 0 0 1 0 0 1 0 0 0 1 0 1 0 0
 0 1 0 1 0 0 1 0 0 0 1 0 0 0 0 0 0 0 0 0 1 0 1 0 1 0 1 1 1 0
 1 0 1 0 0 0 0 0 0 1 0 0 1 1 0 0 0 0 1 1 0 0 0 0 1 1 0 0 0 1
 1 0 0 0 0 0 0 0 1 0 0 0 1 0 0 1 0 1 0 0 1 1 1 0 0 0 1 0 1 0
 0 0 0 0 0 1 0 0 0 0 0 1 0 0 1 1 1 0 1 0 1 1 0 1 0 1 0 0 0 0
 0 0 0 1 1 0 0 0 0 0 0 1 0 0 0 1 1 1 0 0 1 0 0 1 0 0 0 0 1 1
 0 1 0 0 0 0 1 1 0 0 1 1 1 1 0 0 0 0 0 1 0 0 0 0 0 1 0 1 0 0
 0 1 0 0 0 1 0 1 1 0 0 0 0 1 0 0 0 1 0 0 0 1 1 0 0 0 0 0 1 1
 0 0 0 1 1 0 0 0 1 1 0 1 0 0 0 0 1 0 0 1 0 0 0 0 0 0 0 1 1 1

Warwick 846: balanced orders and products, 10 products per order
15 30
 0 0 0 1 0 1 0 1 0 0 0 0 0 0 0 1 0 1 0 1 1 0 0 0 1 1 0 0 0 1
 1 0 1 0 0 0 0 0 0 1 0 0 1 0 1 0 0 0 0 0 0 0 0 1 1 1 0 1 0 1
 0 0 1 0 0 0 0 0 1 1 1 0 0 0 0 0 0 0 0 1 0 1 0 1 0 0 0 1 1 1
 0 0 1 0 1 0 0 0 1 0 0 0 0 0 1 1 0 1 1 1 0 1 1 0 0 0 0 0 0 0
 1 1 1 0 0 0 1 0 0 0 1 0 1 0 1 0 1 0 0 0 1 0 0 1 0 0 0 0 0 0
 0 1 0 1 0 0 0 0 1 1 0 0 1 1 0 0 1 1 0 0 0 0 0 0 1 1 0 0 0 0
 0 1 0 0 0 1 1 0 1 1 1 1 0 0 0 0 1 0 0 0 0 0 0 0 1 0 1 0 0 0
 0 1 0 0 1 0 1 1 0 0 0 0 0 1 1 1 1 0 0 0 0 0 1 1 0 0 0 0 0 0
 1 1 0 0 0 0 1 1 0 1 0 0 0 0 1 0 0 1 0 0 0 0 0 1 0 0 1 0 1 0
 0 0 0 0 1 0 1 0 0 0 0 0 1 0 0 1 0 0 1 1 1 1 1 0 1 0 0 0 0 0
 0 0 0 1 0 1 0 0 0 0 0 1 1 1 0 0 0 0 1 0 1 1 1 0 0 0 0 1 0 0
 0 0 0 1 0 1 0 1 1 0 1 1 0 1 0 0 0 0 0 0 0 0 0 0 0 1 1 1 0 0
 1 0 0 1 0 0 0 1 0 0 0 1 0 0 0 0 0 1 1 1 0 0 0 0 0 1 0 0 1 1
 0 0 1 0 1 1 0 0 0 0 1 0 0 1 0 0 0 0 1 0 0 0 0 0 0 0 1 1 1 1
 1 0 0 0 1 0 0 0 0 0 0 1 0 0 0 1 1 0 0 0 1 1 1 0 0 0 1 0 1 0

Warwick 847: balanced orders and products, 10 products per order
15 30
 0 0 1 0 0 0 0 1 1 0 0 0 1 0 1 0 1 0 1 0 0 0 0 0 1 0 0 1 1 0
 0 0 0 0 1 1 1 0 0 1 0 1 1 1 0 0 0 0 0 0 0 0 1 0 0 0 0 0 1 1
 0 1 1 1 0 0 0 1 0 0 0 0 0 1 1 0 0 0 0 1 0 0 1 0 0 1 1 0 0 0
 0 0 0 0 0 0 1 0 1 1 0 0 1 1 0 0 1 0 1 0 0 0 1 1 0 0 0 0 0 1
 0 1 0 1 0 0 1 0 0 0 1 0 0 0 1 0 1 0 0 0 0 0 1 1 0 1 0 1 0 0
 0 0 0 0 0 0 0 0 0 1 1 0 1 1 0 0 0 0 1 0 1 1 1 1 0 0 0 1 0 0
 1 0 0 0 1 1 1 0 0 0 0 1 0 1 1 0 0 1 0 0 0 1 0 0 0 1 0 0 0 0
 0 0 0 1 0 0 0 0 0 1 1 1 0 0 0 1 0 0 1 1 1 0 0 0 0 0 1 1 0 0
 0 1 0 0 0 1 0 1 1 0 0 0 0 0 1 0 0 0 0 0 0 1 0 0 1 1 0 0 1 1
 1 1 0 0 1 0 0 0 1 0 1 0 0 0 0 1 0 0 0 0 1 1 0 0 1 0 1 0 0 0
 0 0 1 1 1 1 0 1 0 1 0 1 0 0 0 1 0 0 0 0 1 0 0 0 0 0 1 0 0 0
 1 0 0 0 0 0 0 0 0 0 0 0 0 0 0 0 0 1 1 1 0 1 0 1 1 0 1 0 1 1
 1 0 1 0 0 0 0 0 0 0 1 1 0 0 0 1 1 1 0 1 0 0 0 0 0 0 0 1 1 0
 1 1 0 1 1 1 1 1 1 0 0 0 0 0 0 0 0 1 0 0 1 0 0 0 0 0 0 0 0 0
 0 0 1 0 0 0 0 0 0 0 0 0 1 0 0 1 1 1 0 1 0 0 0 1 1 1 0 0 0 1

Warwick 848: balanced orders and products, 10 products per order
15 30
 1 1 0 1 0 1 0 1 0 0 0 0 1 0 0 0 0 0 0 0 0 1 0 1 0 1 0 1 0 0
 0 1 1 0 0 0 0 1 0 0 1 1 0 0 0 1 0 1 1 0 0 0 0 0 1 0 1 0 0 0
 0 0 1 1 1 0 0 0 1 1 1 0 1 0 0 0 0 0 0 0 0 0 0 0 0 1 1 0 1 0
 1 0 0 0 1 1 0 0 0 0 0 0 0 1 0 0 1 0 0 0 1 1 1 1 0 1 0 0 0 0
 1 1 1 0 0 0 0 0 1 1 0 0 0 0 1 0 0 1 1 0 0 0 1 0 0 0 0 0 1 0
 0 0 1 0 1 0 0 1 0 1 0 1 1 0 0 0 0 1 0 1 0 1 0 0 1 0 0 0 0 0
 0 0 0 0 0 0 1 1 1 0 0 0 0 1 1 0 0 0 0 1 0 1 1 0 0 0 0 1 0 1
 0 0 0 0 0 1 0 0 1 1 0 0 1 1 0 0 0 0 1 1 1 0 1 0 0 0 0 0 0 1
 0 1 0 0 0 1 0 0 0 0 0 0 1 0 0 1 1 0 1 1 1 0 0 0 1 0 0 0 1 0
 1 0 0 0 1 0 1 0 0 0 1 1 0 1 0 0 0 0 0 0 1 0 0 0 1 0 0 1 0 1
 0 0 0 0 0 0 1 0 0 0 1 1 0 1 1 0 0 0 0 0 0 0 0 0 1 1 1 1 0 1
 0 0 0 1 0 0 1 0 0 0 1 0 0 0 1 0 1 1 0 0 1 1 1 1 0 0 0 0 0 0
 0 0 0 1 1 1 0 0 0 0 0 1 0 0 0 1 1 1 1 0 0 0 0 0 0 0 1 0 1 0
 1 0 1 0 0 0 1 1 0 0 0 0 0 0 0 1 1 0 0 1 0 0 0 1 0 1 0 0 1 0
 0 1 0 1 0 0 0 0 1 1 0 0 0 0 1 1 0 0 0 0 0 0 0 1 0 0 1 1 0 1

Warwick 849: balanced orders and products, 10 products per order
15 30
 0 0 1 0 0 0 1 0 0 0 1 1 1 0 0 0 0 0 1 1 0 1 0 1 0 1 0 0 0 0
 0 0 1 0 1 0 0 0 0 0 0 0 1 0 0 1 0 0 0 1 0 0 0 1 1 1 0 1 0 1
 0 1 1 0 0 1 0 0 0 1 0 1 0 0 0 0 0 0 1 0 0 0 1 1 0 1 0 1 0 0
 1 0 0 0 0 1 1 0 1 0 1 0 0 1 0 0 0 1 0 0 0 0 0 1 0 1 0 0 1 0
 0 1 0 0 1 1 0 0 0 0 1 1 0 0 1 1 0 0 0 0 1 1 1 0 0 0 0 0 0 0
 0 0 0 1 0 0 1 1 0 0 1 0 1 1 0 0 0 0 0 1 1 0 0 0 1 0 0 0 1 0
 1 0 1 1 0 0 0 1 0 1 0 0 0 0 0 1 1 1 0 0 0 0 0 0 0 0 1 1 0 0
 0 0 0 0 1 0 0 0 0 1 0 0 1 0 1 0 0 0 0 1 1 0 1 1 0 0 1 0 0 1
 0 1 0 1 0 0 0 1 1 0 0 1 0 0 0 1 0 1 0 0 0 1 1 0 0 0 0 0 0 1
 0 0 0 0 1 0 1 1 0 1 0 0 0 1 0 0 0 0 1 0 0 1 0 0 0 0 1 0 1 1
 1 0 0 0 0 1 0 0 1 0 1 0 0 0 0 1 1 0 0 0 0 0 1 0 1 0 1 0 1 0
 0 0 0 0 0 0 1 1 0 0 0 0 1 1 1 0 1 1 0 0 1 0 0 0 1 0 0 1 0 0
 1 1 0 1 0 0 0 0 0 1 0 0 0 1 1 0 1 0 1 0 0 0 0 0 0 0 1 0 1 0
 1 0 0 1 0 1 0 0 1 0 0 1 0 0 0 0 0 1 0 1 1 1 0 0 0 1 0 0 0 0
 0 1 1 0 1 0 0 0 1 0 0 0 0 0 1 0 1 0 1 0 0 0 0 0 1 0 0 1 0 1

Warwick 850: balanced orders and products, 10 products per order
15 30
 1 0 0 1 0 0 0 0 0 0 0 0 0 0 0 1 1 1 1 0 0 0 0 1 0 0 0 1 1 1
 1 1 1 0 0 0 0 1 0 0 1 1 0 1 1 0 0 0 1 0 0 0 0 1 0 0 0 0 0 0
 0 0 0 0 0 1 0 1 0 0 0 0 0 0 0 1 0 1 0 0 0 0 1 1 0 1 0 1 1 1
 0 0 1 1 0 0 0 0 1 1 0 1 0 0 0 0 0 0 0 1 0 0 1 0 1 1 0 0 1 0
 0 0 0 0 0 0 0 0 0 0 1 1 1 0 0 1 0 1 1 1 1 1 1 0 0 0 0 0 0 0
 1 0 1 0 1 0 0 1 1 0 0 0 0 1 0 1 0 0 1 0 0 1 0 0 0 0 0 1 0 0
 0 0 1 0 0 1 1 0 0 0 0 0 0 1 1 0 0 0 0 1 0 0 1 0 1 0 0 1 0 1
 1 0 0 0 1 1 1 0 0 0 1 0 1 0 1 1 0 0 0 0 0 0 0 0 0 1 0 1 0 0
 0 0 0 0 0 0 0 0 1 0 0 1 0 0 1 0 1 0 0 1 1 0 0 1 1 0 1 0 0 1
 1 1 0 1 0 0 1 0 0 1 1 0 1 0 0 0 0 1 0 0 1 0 0 0 0 1 0 0 0 0
 0 1 1 1 0 1 0 1 1 0 0 0 0 0 0 0 0 0 0 0 1 1 0 0 0 0 1 0 1 0
 0 0 0 0 1 0 0 1 1 0 1 1 0 0 0 0 1 1 0 0 0 1 1 0 0 0 1 0 0 0
 0 0 0 1 1 0 0 0 0 1 0 0 1 1 0 0 1 0 1 0 1 0 0 0 0 1 0 0 0 1
 0 1 0 0 0 0 1 0 0 1 0 0 0 1 1 0 1 0 0 0 0 1 0 0 1 0 1 0 1 0
 0 1 0 0 1 1 1 0 0 1 0 0 1 0 0 0 0 0 0 1 0 0 0 1 1 0 1 0 0 0

Warwick 851: balanced orders and products, 12 products per order
15 30
 1 1 0 0 1 1 0 0 0 1 1 1 1 0 0 0 0 0 0 1 0 1 1 1 0 0 0 0 0 0
 0 1 1 1 0 0 1 0 1 1 1 0 0 0 0 0 0 0 0 1 0 0 1 0 0 1 1 0 0 1
 0 0 1 0 1 0 1 1 1 0 0 0 0 1 1 0 0 0 0 0 0 1 0 1 1 0 1 0 1 0
 0 1 0 1 1 0 1 1 1 0 0 0 1 1 0 0 1 1 0 0 0 0 0 0 0 1 0 0 0 1
 0 0 0 0 0 1 0 0 0 0 1 0 0 1 0 1 1 0 0 0 1 1 0 1 1 0 1 0 1 1
 0 1 0 1 1 0 0 0 1 0 0 0 0 0 0 1 1 0 1 0 1 0 1 1 0 0 0 1 1 0
 1 0 1 0 0 0 0 0 0 1 1 1 1 0 1 0 0 1 1 0 1 0 1 1 0 0 0 0 0 0
 0 0 0 0 0 1 1 0 0 0 1 1 1 0 0 1 0 0 0 0 1 1 1 0 1 0 0 1 0 1
 0 0 0 0 1 1 0 0 1 1 0 0 0 1 0 1 1 0 1 0 1 0 0 0 0 1 1 1 0 0
 0 0 1 0 1 0 0 1 1 0 0 0 0 1 0 0 1 1 1 0 0 0 0 0 1 1 1 0 1 0
 1 0 0 1 0 0 1 0 0 0 1 0 0 1 1 0 1 0 1 0 0 0 1 1 1 0 0 1 0 0
 1 1 0 1 0 0 1 1 0 0 0 0 1 0 1 0 0 1 0 1 0 1 0 0 0 0 0 1 1 0
 0 0 1 1 0 0 0 1 0 1 0 1 1 0 1 0 0 1 0 1 0 0 0 0 0 0 0 1 1 1
 1 1 1 0 0 1 0 0 0 0 0 1 0 0 1 1 0 1 1 1 0 1 0 0 0 1 0 0 0 0
 1 0 0 0 0 1 0 1 0 1 0 1 0 0 0 1 0 0 0 1 1 0 0 0 1 1 1 0 0 1

Warwick 852: balanced orders and products, 12 products per order
15 30
 1 0 0 0 1 1 0 0 1 1 0 1 0 0 1 0 0 0 1 1 0 0 1 1 0 0 0 0 1 0
 0 0 1 0 0 1 1 0 1 0 1 0 1 0 0 0 1 1 0 0 0 1 1 1 0 0 0 1 0 0
 0 1 0 0 1 0 1 1 1 1 0 0 1 0 1 1 0 0 1 0 0 0 0 1 0 0 0 0 1 0
 0 1 0 1 0 1 1 0 0 0 0 1 1 0 1 0 0 0 0 0 1 0 0 0 1 0 0 1 1 1
 0 0 1 0 0 1 0 0 1 1 0 0 0 1 0 1 0 0 0 1 1 1 1 0 0 1 0 1 0 0
 1 1 0 0 1 0 0 0 0 0 0 1 0 1 0 0 1 1 0 0 1 1 0 0 1 1 0 0 0 1
 0 1 0 0 0 0 0 0 0 0 0 0 0 1 1 0 0 1 0 0 1 1 0 1 1 1 0 1 1 1
 1 1 1 1 0 0 0 1 1 1 1 0 0 0 1 0 0 1 1 0 0 0 0 0 0 0 1 0 0 0
 0 1 1 1 1 0 0 1 0 0 0 1 0 0 0 0 1 0 0 1 0 1 0 0 0 1 1 1 0 0
 1 0 1 0 1 0 0 1 0 0 1 0 1 1 0 0 0 1 0 1 0 0 0 0 0 1 1 1 0 0
 1 0 0 1 0 1 1 1 0 0 0 0 0 0 0 1 1 1 1 1 1 0 0 0 0 0 1 0 0 0
 0 0 1 1 1 0 0 0 0 1 1 0 0 1 0 1 0 0 1 0 0 0 1 1 1 0 0 0 0 1
 0 0 0 0 0 0 1 0 1 0 1 0 1 0 0 0 1 0 1 0 0 1 1 1 1 0 1 0 0 1
 1 0 0 0 0 1 1 0 0 0 1 1 1 0 0 1 0 0 0 0 1 0 1 0 1 0 0 0 1 1
 0 0 0 1 0 0 0 1 0 1 0 1 0 1 1 1 1 0 0 1 0 0 0 0 0 1 1 0 1 0

Warwick 853: balanced orders and products, 12 products per order
15 30
 1 1 0 0 0 0 1 1 0 0 0 1 0 1 0 1 0 0 0 1 0 1 1 0 0 1 0 0 0 1
 0 1 1 0 1 0 0 0 0 0 1 0 1 0 1 1 0 0 0 0 0 1 0 0 1 1 0 1 0 1
 0 1 0 0 1 0 0 1 1 0 1 0 1 1 0 0 1 0 0 0 1 0 1 0 0 0 1 1 0 0
 0 0 1 0 1 1 0 1 0 0 1 1 0 0 0 1 0 1 0 0 0 0 0 1 1 1 1 0 0 0
 1 0 0 1 1 0 0 0 1 0 0 0 1 0 1 0 1 0 0 1 1 0 0 1 0 0 0 0 1 1
 1 1 1 1 0 1 0 1 1 0 0 0 1 0 0 0 0 1 1 1 0 0 0 0 0 0 0 1 0 0
 0 0 1 0 0 0 1 1 0 0 0 0 1 0 1 0 1 1 1 1 1 0 0 0 1 0 1 0 0 0
 0 0 0 0 0 1 0 0 0 0 0 1 1 0 1 1 1 1 0 0 0 0 1 0 0 0 1 1 1 1
 1 0 1 1 1 1 0 0 1 1 0 0 0 0 1 0 0 0 1 0 0 0 0 0 0 1 0 0 1 1
 1 0 0 0 0 0 1 0 0 1 1 0 0 0 0 0 0 1 0 1 1 0 1 1 1 1 0 0 1 0
 1 0 0 0 0 0 1 0 0 1 0 1 0 0 1 0 0 0 0 1 1 1 1 0 1 0 1 0 1 0
 0 1 0 1 0 1 1 0 0 1 1 1 0 1 0 0 0 1 1 0 0 1 0 0 0 0 0 0 0 1
 0 0 0 0 0 0 1 0 1 0 0 1 0 1 0 1 1 0 0 0 1 1 0 1 1 1 0 1 0 0
 0 1 1 1 1 0 0 0 0 1 0 0 0 1 0 0 0 0 1 0 0 1 1 1 0 0 1 0 1 0
 0 0 0 1 0 1 0 1 1 1 1 0 0 1 0 1 1 0 1 0 0 0 0 1 0 0 0 1 0 0

Warwick 854: balanced orders and products, 12 products per order
15 30
 0 0 0 0 0 0 1 0 1 0 0 1 1 1 0 0 1 1 1 0 0 1 0 0 1 1 0 0 0 1
 1 1 1 0 0 1 0 0 0 1 1 0 1 0 0 0 0 1 0 0 1 0 1 1 0 0 0 1 0 0
 1 0 1 0 1 0 0 0 0 0 0 0 0 0 0 0 0 1 1 1 0 0 1 1 0 1 1 1 1 0
 1 0 0 1 0 0 1 0 0 0 0 1 1 0 1 0 0 0 0 0 1 1 0 0 0 1 0 1 1 1
 0 0 0 1 0 0 1 0 0 0 1 1 0 0 0 0 1 1 1 1 0 0 1 1 0 0 1 1 0 0
 1 1 1 1 0 0 1 1 0 0 0 0 0 1 0 1 0 0 1 0 1 0 0 0 1 0 1 0 0 0
 0 1 0 1 1 1 1 1 0 0 1 0 0 1 0 0 0 0 0 0 0 0 1 1 1 0 1 0 0 0
 0 1 0 1 1 0 0 0 1 1 1 1 0 1 1 1 0 0 0 0 0 0 0 0 1 0 0 0 1 0
 1 1 0 1 0 0 0 0 1 1 0 1 0 0 1 1 1 0 0 1 0 0 0 0 0 1 0 1 0 0
 0 0 0 0 1 1 0 1 1 1 0 0 0 0 0 1 0 0 0 0 1 1 1 1 1 0 0 0 1 0
 0 1 0 0 1 0 0 0 0 1 1 0 1 0 1 1 1 0 0 0 0 1 0 0 1 0 0 0 1 1
 0 0 0 0 0 0 1 1 0 0 1 0 0 1 1 1 1 0 1 0 1 0 0 1 0 1 0 1 0 0
 0 0 1 0 0 1 0 1 1 0 0 0 1 1 0 0 0 1 1 1 0 1 0 0 0 0 1 0 0 1
 0 0 1 0 0 1 0 0 0 1 0 1 1 0 0 0 1 0 0 1 0 1 1 0 0 1 0 0 1 1
 1 0 1 0 1 1 0 1 1 0 0 0 0 0 1 0 0 1 0 1 1 0 0 0 0 0 1 0 0 1

Warwick 855: balanced orders and products, 12 products per order
15 30
 1 1 0 1 0 1 0 0 0 0 1 1 0 1 1 0 0 0 0 0 0 0 0 1 0 1 0 1 0 1
 0 1 1 0 0 0 1 0 0 0 1 1 0 0 0 1 1 1 0 0 0 1 0 1 0 0 0 1 1 0
 0 1 0 1 1 1 1 1 0 1 0 0 0 0 1 0 1 0 1 1 0 0 0 0 0 0 0 0 1 0
 1 0 0 0 1 0 0 1 0 0 0 1 1 0 0 0 0 0 1 0 0 1 1 1 1 1 1 0 0 0
 0 0 1 0 0 1 1 0 1 0 0 1 0 0 0 0 0 1 0 1 1 0 0 0 1 1 1 0 0 1
 1 0 1 0 1 0 0 0 0 1 0 0 1 0 1 0 0 1 0 1 1 0 1 0 1 0 0 0 0 1
 0 0 0 1 0 0 0 1 1 0 1 0 1 1 0 1 1 0 1 0 0 1 0 1 0 0 0 0 1 0
 0 0 0 1 0 0 0 1 1 1 1 0 0 1 0 1 0 0 1 0 1 0 0 0 1 0 1 1 0 0
 0 0 0 0 1 0 0 1 0 1 0 0 0 0 0 0 1 1 1 0 1 0 1 0 1 1 1 0 1 0
 1 0 0 1 1 1 1 0 0 1 0 1 0 0 0 0 0 0 0 1 1 1 0 1 0 0 0 1 0 0
 0 1 0 0 0 0 0 0 0 0 0 0 1 1 1 0 1 0 1 0 0 1 1 0 1 0 0 1 1 1
 0 0 1 0 1 0 1 0 1 0 1 1 0 0 1 1 0 1 0 1 0 0 0 0 0 1 0 0 1 0
 1 1 1 0 0 1 1 0 0 0 0 0 0 1 0 1 1 1 0 0 1 1 0 0 0 0 1 0 0 0
 0 1 0 0 0 0 0 1 1 0 1 0 1 1 1 0 0 0 0 1 0 0 1 0 0 0 1 1 0 1
 1 0 1 1 0 1 0 0 1 1 0 0 1 0 0 1 0 0 0 0 0 0 1 1 0 1 0 0 0 1

Warwick 856: balanced orders and products, 12 products per order
15 30
 1 0 0 1 0 0 1 0 1 0 0 0 1 1 1 0 0 0 0 1 1 0 0 1 0 0 1 0 0 1
 1 0 0 0 1 1 0 0 0 1 0 1 0 1 0 1 0 0 0 0 1 0 1 1 0 1 1 0 0 0
 1 0 0 0 1 0 0 1 0 1 0 0 1 0 1 1 1 0 0 1 0 1 1 0 0 0 0 1 0 0
 1 0 1 1 0 0 0 0 0 1 1 0 0 1 1 0 0 1 0 0 0 0 0 0 1 1 0 0 1 1
 0 1 0 1 1 0 1 0 0 0 0 1 0 0 0 1 1 0 1 0 0 1 0 0 0 1 1 0 1 0
 0 1 0 0 1 1 0 0 0 0 0 1 0 0 0 0 0 1 0 0 1 0 1 1 1 0 1 1 0 1
 1 0 0 0 1 1 1 1 1 0 1 0 0 0 0 0 1 0 0 0 0 1 0 0 0 0 0 1 1 1
 1 1 1 0 0 0 0 0 1 0 0 1 1 1 0 0 0 0 1 1 0 0 1 0 0 0 0 1 0 1
 0 0 1 0 0 1 0 1 0 0 1 0 0 1 1 1 1 1 0 0 0 1 0 0 1 0 1 0 0 0
 0 0 1 1 0 1 1 0 1 1 1 0 1 0 1 0 0 0 0 1 0 0 0 0 0 0 1 0 0 1
 0 1 0 0 1 0 1 0 0 1 0 0 0 0 0 0 0 1 1 1 1 0 1 1 1 1 0 0 0 0
 0 0 0 0 0 0 1 1 0 0 1 0 1 0 1 1 0 1 1 0 1 0 0 0 0 1 0 1 1 0
 0 0 1 1 0 0 0 0 0 0 1 1 0 1 0 1 1 0 1 0 1 1 0 1 0 1 0 0 0 0
 0 1 0 1 0 1 0 1 1 0 0 1 0 0 0 0 0 1 1 1 0 0 0 1 1 0 0 0 1 0
 0 1 1 0 0 0 0 1 1 1 0 0 1 0 0 0 1 0 0 0 0 1 1 0 1 0 0 1 1 0

Warwick 857: balanced orders and products, 12 products per order
15 30
 0 0 0 0 0 0 1 0 0 0 1 1 0 1 1 1 1 0 0 0 1 0 0 1 1 1 0 0 1 0
 0 1 1 1 0 0 1 0 0 1 0 0 0 0 0 0 0 0 1 1 0 0 1 0 0 1 1 1 0 1
 0 1 0 0 0 1 1 1 1 0 0 0 0 1 0 0 1 1 1 0 0 1 0 0 0 0 0 1 0 1
 0 0 1 1 1 1 0 1 1 0 0 0 0 0 1 1 0 0 0 1 1 0 0 0 1 1 0 0 0 0
 1 1 0 1 0 0 1 0 1 0 0 0 0 0 0 0 1 0 1 0 0 1 0 1 1 0 1 0 1 0
 1 0 0 0 1 0 0 0 0 0 0 1 0 1 1 1 0 0 1 0 0 1 0 1 0 0 1 1 0 1
 1 0 0 0 0 1 0 1 1 1 0 0 1 0 1 0 1 1 0 0 0 0 1 1 0 0 1 0 0 0
 0 1 1 0 0 0 1 0 0 0 1 1 1 0 1 0 0 0 0 0 1 1 0 1 0 1 0 0 1 0
 0 0 0 0 1 0 0 0 1 1 1 1 0 0 1 1 0 0 0 0 1 0 1 0 0 1 0 1 0 1
 0 1 0 0 1 1 0 1 0 0 0 0 1 0 0 0 0 1 1 0 0 1 1 1 1 0 0 0 1 0
 0 0 1 1 0 0 0 0 0 0 1 1 1 0 0 0 0 1 0 1 0 1 1 0 1 0 1 1 0 0
 1 0 1 1 1 0 0 1 0 0 0 0 1 0 0 1 0 0 0 1 1 0 0 0 0 1 1 0 0 1
 1 1 1 0 0 1 0 1 0 1 0 1 0 1 0 0 0 1 0 0 0 0 0 0 1 0 0 0 1 1
 1 0 0 1 0 0 0 0 1 1 1 0 0 1 0 1 1 0 0 1 1 0 1 0 0 0 0 1 0 0
 0 0 0 0 1 1 1 0 0 1 1 0 1 1 0 0 1 1 1 1 0 0 0 0 0 0 0 0 1 0

Warwick 858: balanced orders and products, 12 products per order
15 30
 1 1 0 0 1 0 0 0 0 0 1 0 0 1 1 0 1 1 0 1 0 0 0 0 1 1 1 0 0 0
 1 0 0 1 0 1 1 1 0 0 1 0 0 0 1 0 1 1 1 0 0 0 0 0 0 0 0 1 1 0
 0 0 0 0 0 0 1 0 1 1 1 1 0 0 0 1 0 1 0 0 1 0 1 1 0 1 0 0 0 1
 1 1 0 1 1 0 0 0 1 0 0 1 1 0 1 0 0 0 1 0 0 0 1 0 0 1 0 1 0 0
 1 1 1 1 0 0 0 0 0 0 0 1 1 0 1 0 0 0 1 1 0 0 1 0 1 0 0 0 1 0
 0 1 0 0 0 1 0 0 1 0 0 0 1 0 0 1 1 1 0 0 1 0 0 0 0 1 1 0 1 1
 0 0 0 1 1 0 0 1 0 1 1 0 0 0 0 1 0 0 0 0 0 1 1 1 0 0 1 1 1 0
 1 0 1 0 0 1 0 1 0 0 0 0 1 1 1 0 1 0 0 0 0 1 0 0 1 0 1 0 0 1
 0 0 0 0 1 0 1 0 0 1 0 1 1 1 1 0 0 0 0 0 0 0 1 0 1 0 1 0 1 1
 0 1 0 0 0 1 1 0 0 1 1 0 0 0 0 1 1 0 0 1 1 0 0 1 0 1 0 1 0 0
 0 1 1 0 1 0 0 1 0 1 0 1 0 0 0 1 0 1 1 0 0 1 0 1 0 0 0 0 0 1
 0 0 1 1 0 0 1 1 1 0 0 0 0 1 0 0 0 0 1 1 1 1 1 0 0 0 0 1 0 0
 0 0 1 1 1 1 0 0 1 1 0 0 0 1 0 0 1 0 0 1 0 0 0 0 1 0 0 1 1 0
 0 0 1 0 0 0 1 1 1 0 1 0 1 0 0 0 0 1 1 1 1 1 0 1 0 0 0 0 0 0
 1 0 0 0 0 1 0 0 0 0 0 1 0 1 0 1 0 0 0 0 1 1 0 1 1 1 1 0 0 1

Warwick 859: balanced orders and products, 12 products per order
15 30
 1 1 0 1 0 0 0 0 0 1 1 0 0 0 1 0 0 1 0 0 1 1 0 0 0 0 0 1 1 1
 0 1 0 1 1 1 0 0 1 1 0 0 1 0 0 1 1 0 0 0 1 0 1 0 0 0 0 1 0 0
 0 0 1 0 1 0 0 0 1 1 0 1 1 1 0 0 0 0 1 1 0 0 0 0 0 1 0 0 1 1
 0 1 1 1 0 0 0 0 1 0 1 0 0 1 0 1 0 1 0 0 0 0 0 0 1 0 1 1 1 0
 1 1 0 0 0 1 0 0 0 0 1 1 0 0 0 0 1 0 1 1 0 1 0 0 0 0 1 1 1 0
 0 1 0 0 1 0 1 1 0 0 1 0 0 0 0 1 1 0 1 0 0 0 1 1 0 0 1 0 0 1
 0 0 0 1 1 1 1 0 0 1 0 0 0 1 1 0 0 1 1 1 0 0 0 1 1 0 0 0 0 0
 1 0 0 0 0 0 1 1 0 1 0 1 0 1 1 0 1 0 0 0 0 0 1 1 0 1 0 0 1 0
 0 0 1 0 0 0 0 1 1 0 0 0 1 0 0 0 1 0 0 0 1 0 1 1 1 1 0 1 1 0
 0 0 1 1 0 1 1 1 0 0 0 1 0 0 1 1 0 0 1 0 0 1 0 0 0 1 1 0 0 0
 0 1 0 0 0 1 0 1 1 1 0 0 0 0 0 0 0 1 0 1 1 1 0 0 1 0 1 0 0 1
 1 0 1 0 1 0 1 0 0 0 1 0 0 1 0 1 1 0 1 1 1 0 0 1 0 0 0 0 0 0
 1 0 0 1 1 0 0 0 0 0 1 1 1 0 1 0 0 0 0 0 0 1 1 1 1 0 0 0 0 1
 1 0 0 0 0 1 0 0 0 0 0 1 1 1 1 1 0 1 0 1 0 1 0 0 0 1 0 1 0 0
 0 0 1 0 0 0 1 1 1 0 0 0 1 0 0 0 0 1 0 0 1 0 1 0 1 1 1 0 0 1

Warwick 860: balanced orders and products, 12 products per order
15 30
 0 0 0 1 0 1 0 0 1 0 1 0 1 1 1 0 0 0 0 0 1 0 0 0 1 0 1 1 1 0
 0 1 1 0 0 0 1 0 1 1 0 0 0 0 0 1 0 0 1 1 0 0 1 0 1 0 0 1 1 0
 0 1 0 1 1 1 0 1 0 1 0 0 1 0 0 0 1 0 0 0 0 0 1 0 0 1 1 0 1 0
 1 0 0 0 1 0 0 0 1 0 0 1 0 0 0 1 1 1 0 0 0 1 1 0 0 0 0 1 1 1
 0 0 1 1 0 0 1 1 0 1 0 0 0 1 0 1 0 0 0 0 1 0 1 0 1 1 1 0 0 0
 0 0 0 0 1 0 0 0 1 0 0 1 0 0 0 1 1 1 1 1 1 1 0 1 1 0 0 0 0 0
 0 1 1 0 0 0 0 1 0 0 0 1 0 0 1 0 0 0 1 0 0 1 1 0 1 0 1 1 1 0
 1 0 1 0 0 0 0 0 0 1 1 1 1 0 0 1 1 1 0 1 0 0 0 1 0 1 0 0 0 0
 1 1 0 0 0 1 0 0 0 0 1 0 0 1 0 0 1 1 1 1 1 0 0 0 0 1 1 0 0 0
 1 0 0 1 0 1 1 1 0 1 0 0 1 1 0 0 0 1 0 0 0 1 1 0 0 0 0 0 0 1
 0 0 0 1 1 0 1 1 1 0 1 0 0 0 0 0 0 0 1 0 1 0 0 1 1 0 0 1 0 1
 1 1 0 1 1 0 1 0 1 0 0 0 0 0 1 0 0 0 0 1 0 0 0 0 0 0 1 1 1 1
 0 1 1 0 0 0 0 1 0 0 1 1 1 0 1 1 0 0 0 1 0 1 0 1 0 0 0 0 0 1
 1 0 0 0 1 1 0 0 0 0 1 1 0 1 1 0 1 0 1 0 1 0 0 1 0 1 0 0 0 0
 0 0 1 0 0 1 1 0 0 1 0 0 1 1 1 0 0 1 0 0 0 1 0 1 0 1 0 0 0 1

Warwick 861: balanced orders and products, 14 products per order
15 30
 1 1 0 0 0 0 1 0 0 1 0 1 1 1 0 0 0 0 1 0 1 1 1 0 0 0 0 1 1 1
 1 1 0 0 0 0 1 1 0 1 0 1 0 0 1 1 1 0 1 0 0 0 0 1 0 1 0 1 1 0
 0 1 1 0 1 0 1 1 1 0 0 0 0 0 1 0 1 0 1 1 0 0 0 0 1 1 1 0 1 0
 1 0 0 0 0 1 1 0 0 1 0 0 0 1 0 0 1 0 0 1 1 1 1 0 1 0 1 1 0 1
 0 1 1 0 1 0 1 1 1 0 0 1 1 0 0 0 0 1 1 1 1 0 1 0 0 0 0 0 0 1
 1 1 0 1 0 1 0 1 1 1 1 0 1 0 0 0 1 1 0 0 1 0 0 1 0 0 1 0 0 0
 0 0 1 1 1 1 0 0 0 1 0 0 0 1 1 0 1 1 0 1 0 1 0 0 1 1 0 1 0 0
 1 0 1 1 1 0 1 0 0 1 0 0 0 1 1 1 0 0 1 0 0 1 1 0 0 0 0 1 0 1
 0 0 1 0 1 1 0 1 0 0 0 0 1 1 0 1 0 1 0 1 1 0 0 0 1 1 1 0 1 0
 1 0 0 0 0 0 0 1 1 0 1 1 1 0 1 1 0 0 0 1 0 0 1 1 0 0 1 1 0 1
 1 1 0 0 1 1 0 0 1 0 1 1 1 0 0 0 0 1 1 0 0 1 0 0 1 1 0 0 0 1
 0 0 0 1 0 0 0 1 1 0 1 1 0 1 1 1 0 0 0 0 1 0 1 1 1 1 0 0 1 0
 0 1 0 1 0 1 0 0 0 0 1 0 1 1 0 1 1 0 0 0 0 0 0 1 1 1 1 0 1 1
 0 0 1 1 1 0 0 0 0 1 1 0 0 0 1 1 1 1 0 0 1 1 0 1 0 0 1 1 0 0
 0 0 1 1 0 1 1 0 1 0 1 1 0 0 0 0 0 1 1 1 0 1 1 1 0 0 0 0 1 0

Warwick 862: balanced orders and products, 14 products per order
15 30
 1 0 0 1 0 0 1 1 1 0 0 1 0 1 0 1 1 1 1 1 0 0 0 0 0 1 0 0 0 1
 1 1 0 0 1 1 0 1 0 0 1 1 0 1 1 1 1 0 0 1 0 0 0 1 1 0 0 0 0 0
 1 0 1 1 1 0 0 0 1 1 1 0 1 1 1 0 0 0 0 0 0 0 0 0 1 1 1 1 0 0
 0 0 1 1 0 0 1 1 0 0 1 1 1 0 0 0 0 0 1 0 1 0 1 1 0 1 0 1 0 1
 1 1 0 0 1 0 0 0 1 1 1 0 1 1 0 0 0 0 0 1 1 0 0 1 0 1 1 0 1 0
 0 1 1 1 0 0 1 0 0 1 1 0 0 0 1 0 0 0 1 0 0 1 1 1 1 0 0 1 0 1
 0 1 1 0 0 1 0 0 0 0 0 0 0 1 1 1 1 1 0 1 0 0 1 1 1 0 1 0 0 1
 0 0 0 0 1 0 0 1 0 1 1 0 1 0 1 1 0 1 1 0 1 1 0 0 0 1 0 1 1 0
 0 0 0 0 1 1 1 0 1 0 0 0 0 0 0 1 0 0 1 0 1 1 1 1 1 0 0 1 1 1
 0 1 0 0 1 1 1 0 0 1 0 1 0 0 0 1 1 0 1 0 1 1 1 0 0 1 0 0 1 0
 1 1 1 0 0 1 1 0 1 0 1 1 1 0 0 0 0 1 0 1 0 1 0 0 0 0 1 0 1 0
 1 0 0 0 0 0 1 1 1 1 0 0 1 1 1 1 1 1 0 1 0 0 0 0 0 0 1 1 0 0
 0 0 1 1 0 1 0 0 0 0 0 1 0 1 1 0 1 0 0 1 1 0 1 1 0 0 1 0 1 1
 1 0 0 1 1 0 0 1 1 1 0 0 1 0 0 0 1 1 0 0 0 1 1 0 1 0 1 0 1 0
 0 1 1 1 0 1 0 1 0 0 0 1 0 0 0 0 0 1 1 0 1 1 0 0 1 1 0 1 0 1

Warwick 863: balanced orders and products, 14 products per order
15 30
 1 1 0 1 0 0 1 0 0 1 1 0 0 1 0 1 1 0 0 0 0 0 1 0 1 1 0 1 1 0
 0 0 0 1 1 1 1 1 1 0 0 1 1 0 1 0 0 1 0 0 1 0 0 1 0 0 0 1 0 1
 0 1 1 0 1 0 0 0 0 1 1 1 1 0 0 1 0 0 1 0 0 1 0 1 0 0 0 1 1 1
 0 0 1 0 0 0 0 1 0 1 1 0 1 0 0 1 1 0 0 1 0 0 1 1 1 0 1 0 1 1
 1 1 1 0 1 1 0 0 0 1 0 0 0 1 1 1 1 1 1 0 1 0 0 0 0 0 1 0 0 0
 1 0 0 1 1 0 1 0 0 0 1 0 0 1 0 0 1 1 0 1 1 0 1 0 1 1 0 0 1 0
 0 0 0 0 1 1 0 1 0 0 0 1 1 1 0 1 1 0 1 0 1 1 1 1 0 0 0 1 0 0
 1 1 0 1 0 0 0 0 1 1 0 0 1 0 0 0 1 1 0 0 0 1 1 1 1 0 1 0 0 1
 1 0 1 0 0 0 1 1 1 0 1 1 0 0 1 0 0 0 0 0 1 1 0 1 1 0 1 0 0 1
 0 1 1 0 0 0 0 0 1 1 0 0 0 1 1 0 0 0 1 1 0 1 0 0 1 1 0 1 1 1
 1 1 0 0 0 1 0 1 0 0 0 1 0 1 1 1 0 1 0 1 0 0 0 1 1 1 1 0 0 0
 1 1 0 1 0 1 1 1 1 0 0 0 0 0 1 1 0 0 1 1 1 0 1 0 0 0 1 0 0 0
 0 0 1 1 0 1 1 0 1 1 0 0 1 0 0 0 0 1 1 1 0 1 0 0 0 1 0 1 1 0
 0 0 1 1 1 1 0 0 0 0 1 1 0 1 0 0 0 1 0 1 0 0 0 0 0 1 1 1 1 1
 0 0 0 0 1 0 1 1 1 0 1 1 1 0 1 0 1 0 1 0 1 1 1 0 0 1 0 0 0 0

Warwick 864: balanced orders and products, 14 products per order
15 30
 0 0 0 1 1 0 0 1 0 1 0 1 0 1 0 1 1 0 1 1 1 0 0 1 0 1 1 0 0 0
 0 1 1 0 0 0 0 0 1 1 1 1 0 1 1 0 0 1 1 0 1 0 0 1 0 1 0 0 0 1
 1 0 0 0 0 0 1 0 1 1 1 0 1 0 0 0 1 1 0 0 0 1 1 0 1 0 1 0 1 1
 0 0 1 0 0 1 1 1 0 0 0 0 1 1 0 1 1 0 1 0 0 1 0 0 1 0 1 1 0 1
 0 0 1 1 1 1 1 0 1 1 1 0 1 0 0 1 0 1 0 0 1 0 0 0 0 1 0 0 1 0
 0 1 0 1 0 1 0 0 1 1 1 1 0 0 0 0 1 0 1 1 0 1 1 0 0 0 0 1 1 0
 1 1 1 0 1 0 0 1 0 0 0 1 0 0 0 1 0 0 0 1 1 0 1 1 0 0 1 1 0 1
 1 1 0 0 0 0 0 1 0 0 0 0 1 1 1 0 0 1 1 1 0 0 1 1 1 1 0 1 0 0
 0 0 1 1 1 0 0 1 1 0 1 0 0 0 0 1 1 0 1 0 1 0 0 1 1 1 0 1 0 0
 1 1 0 0 0 1 1 0 0 0 1 0 1 1 0 0 0 1 1 1 0 0 1 1 1 0 0 0 1 0
 1 1 0 0 0 1 1 0 0 0 0 0 0 1 1 1 1 0 0 0 1 1 1 0 0 1 1 0 1 0
 1 0 0 1 0 1 1 0 0 1 0 1 1 0 1 1 1 1 0 0 0 1 0 0 1 0 1 0 0 0
 1 1 0 1 1 0 1 1 0 0 0 1 0 0 1 0 0 0 0 1 0 0 1 0 0 0 1 1 1 1
 0 0 1 0 1 1 0 0 1 0 0 1 0 1 1 0 0 1 0 1 1 1 0 1 1 0 0 0 0 1
 0 0 1 1 1 0 0 1 1 1 1 0 1 0 1 0 0 0 0 0 0 1 0 0 0 1 0 1 1 1

Warwick 865: balanced orders and products, 14 products per order
15 30
 1 0 1 1 1 1 0 1 0 0 0 0 0 1 1 1 1 0 1 0 0 0 0 1 0 1 0 0 1 0
 0 0 0 1 1 0 1 1 1 0 0 0 1 0 0 0 0 0 1 0 0 0 1 1 0 1 1 1 1 1
 0 1 0 1 0 1 0 0 1 0 1 1 1 0 0 1 0 1 1 0 1 1 0 0 0 0 0 0 1 1
 0 0 1 1 1 0 1 0 0 0 0 1 1 1 0 0 0 0 0 0 1 1 0 1 1 1 1 1 0 0
 0 0 0 0 0 1 0 1 0 0 1 1 1 0 1 1 0 0 0 0 0 1 1 1 0 0 1 1 1 1
 0 1 0 0 0 1 1 1 1 1 0 0 0 0 0 0 1 1 1 0 0 1 0 0 1 0 0 1 1 1
 0 1 1 1 0 1 0 0 0 1 1 0 0 1 1 0 0 1 0 1 1 0 1 0 1 0 0 0 1 0
 1 1 0 0 0 0 1 1 0 1 1 0 1 1 1 1 1 0 0 0 0 0 0 1 1 0 1 0 0 0
 1 1 1 0 1 0 1 0 0 0 1 1 0 0 0 0 1 1 0 1 1 0 1 1 0 1 0 0 0 0
 1 1 0 0 0 0 0 1 1 0 0 1 1 1 0 0 0 1 1 1 1 0 0 0 1 0 0 1 0 1
 1 0 0 0 1 0 0 0 0 1 1 1 0 0 1 1 1 1 0 1 0 1 0 0 1 1 1 0 0 0
 0 1 1 1 0 0 0 0 1 0 1 1 0 1 1 0 1 1 0 0 0 0 1 1 0 0 1 1 0 0
 0 0 1 0 1 1 1 0 1 1 0 0 0 1 0 1 0 0 0 1 0 1 1 0 1 1 0 0 0 1
 1 0 1 0 1 0 1 0 0 1 0 0 0 0 1 1 0 0 1 1 1 0 1 0 0 0 1 0 1 1
 1 0 0 1 0 1 0 1 1 1 0 0 1 0 0 0 1 0 1 1 1 1 0 0 0 1 0 1 0 0

Warwick 866: balanced orders and products, 14 products per order
15 30
 1 1 1 1 0 0 0 1 0 0 0 1 1 1 0 1 0 0 1 0 1 1 0 1 0 1 0 0 0 0
 1 0 1 0 0 1 0 0 1 1 0 0 1 0 0 0 1 0 0 0 0 1 1 1 0 1 1 1 1 0
 0 1 1 0 0 0 0 0 0 1 0 1 0 0 1 1 1 0 1 1 1 1 0 1 1 0 1 0 0 0
 0 0 0 0 1 1 0 1 1 0 1 0 0 0 0 1 1 0 1 0 1 0 1 1 1 0 0 1 1 0
 1 1 0 0 1 0 0 0 0 1 0 0 1 1 1 0 1 0 1 1 0 1 0 1 1 0 0 0 0 1
 1 1 1 0 0 1 1 0 1 0 1 1 0 1 0 0 1 0 0 1 0 0 1 0 0 0 1 1 0 0
 0 0 0 1 1 0 1 1 0 1 1 0 0 0 0 0 1 1 1 1 0 0 0 0 1 1 1 1 0 0
 0 0 1 1 0 1 1 0 1 0 1 1 0 0 1 0 0 1 1 1 1 0 1 1 0 0 0 0 0 0
 1 0 0 1 1 0 0 1 1 0 0 0 0 1 1 1 0 1 0 0 0 1 1 0 1 1 0 0 1 0
 0 1 0 0 1 0 0 1 0 1 0 0 1 1 0 1 0 1 0 0 1 0 0 0 1 1 1 1 0 1
 1 0 0 1 0 1 1 0 1 0 1 1 0 0 1 0 0 1 0 0 1 0 1 0 0 1 0 0 1 1
 0 1 1 1 0 1 1 0 1 0 0 0 1 1 0 0 0 0 0 1 0 0 1 0 0 0 1 1 1 1
 0 1 0 0 1 0 1 1 0 0 1 1 0 1 1 1 0 1 1 1 0 0 0 0 0 0 0 0 1 1
 0 0 0 0 0 0 1 1 0 1 1 1 1 0 1 0 0 1 0 0 1 1 0 1 1 1 0 0 0 1
 1 0 1 1 1 1 0 0 0 1 0 0 1 0 0 1 1 0 0 0 0 1 0 0 0 0 1 1 1 1

Warwick 867: balanced orders and products, 14 products per order
15 30
 0 1 0 1 0 0 0 0 1 0 1 0 0 1 0 1 1 1 0 0 1 0 0 0 1 1 0 1 1 1
 1 0 1 1 0 0 1 0 1 0 0 0 1 0 1 0 0 0 0 1 1 0 1 1 1 1 0 1 0 0
 0 0 1 1 0 1 0 1 0 0 0 0 1 0 1 1 0 1 0 1 0 0 1 1 0 1 1 1 0 0
 0 1 1 1 0 1 1 1 1 1 1 0 0 1 0 0 0 0 0 0 0 1 1 1 0 0 1 0 0 0
 0 1 0 0 0 1 1 1 0 1 0 1 0 1 1 0 0 0 0 0 0 1 1 1 0 1 0 1 1 0
 1 1 0 1 0 0 1 0 0 0 0 1 0 1 1 1 0 0 1 1 0 1 0 0 0 0 1 1 1 0
 1 0 0 1 0 0 0 0 1 1 1 1 0 1 1 0 1 1 0 0 1 0 0 1 0 0 1 0 0 1
 1 0 1 0 1 1 0 0 0 0 0 1 0 1 0 1 1 1 1 0 1 0 0 1 0 1 0 0 0 1
 0 1 0 0 1 0 0 1 1 1 1 0 1 0 1 0 1 1 0 1 0 0 1 0 1 0 0 0 1 0
 0 1 1 0 1 0 0 1 1 0 0 0 1 0 0 0 0 1 1 0 1 1 0 0 1 0 1 1 0 1
 1 0 1 0 1 0 1 1 0 0 0 1 0 0 0 0 1 1 1 0 0 1 1 0 1 0 0 0 1 1
 1 0 0 0 1 1 0 0 0 1 1 0 1 1 0 0 1 0 1 1 1 1 0 0 0 0 1 0 0 1
 0 0 0 0 1 1 1 0 1 1 0 1 0 0 0 1 0 0 1 1 0 0 1 0 1 1 0 0 1 1
 1 0 0 1 1 0 1 1 0 0 1 1 1 0 0 1 0 0 1 1 1 1 0 1 0 0 0 0 0 0
 0 1 1 0 0 1 0 0 0 1 1 0 1 0 1 1 1 0 0 0 0 0 0 0 1 1 1 1 1 0

Warwick 868: balanced orders and products, 14 products per order
15 30
 0 1 0 1 1 0 0 0 1 1 1 0 0 1 0 1 0 0 0 0 1 0 1 0 1 0 1 1 0 1
 0 0 0 0 0 0 0 0 1 1 0 0 1 1 0 0 1 1 0 0 1 1 1 0 1 1 1 0 1 1
 1 1 1 1 0 0 1 0 1 0 0 1 1 0 1 0 1 1 0 1 0 0 0 1 0 0 0 0 1 0
 1 1 0 1 0 0 1 0 1 0 1 1 1 0 0 0 0 0 0 0 1 0 1 1 0 0 1 1 1 0
 0 0 1 0 0 1 0 1 1 1 0 0 1 1 0 0 0 0 0 1 0 0 1 1 0 0 1 1 1 1
 1 1 0 1 0 0 1 0 0 1 0 0 0 0 1 0 1 0 1 0 1 1 0 1 0 1 1 0 1 0
 0 0 1 1 1 0 1 0 0 0 1 1 1 1 1 0 0 1 0 0 0 0 0 0 1 0 1 0 1 1
 1 1 0 0 1 0 0 1 0 1 0 0 0 1 0 1 0 0 1 1 1 1 0 0 1 1 0 0 0 1
 0 0 0 1 1 1 0 1 0 0 1 1 0 0 1 1 1 0 1 1 0 1 0 1 0 1 0 0 0 0
 1 0 1 0 1 0 1 1 1 0 0 0 0 0 1 1 0 1 1 0 0 1 1 1 1 0 0 0 0 0
 1 0 1 0 0 1 0 1 0 1 1 1 0 0 1 0 1 0 1 1 0 0 0 0 1 1 0 1 0 0
 0 1 0 0 1 1 0 1 0 0 1 0 1 0 0 0 1 1 1 0 1 1 0 0 0 0 0 1 1 1
 0 1 1 0 1 1 0 0 0 0 0 0 1 1 0 1 1 1 1 0 1 0 0 0 0 1 1 0 0 1
 0 0 0 1 0 1 1 0 1 1 1 1 0 1 0 1 0 1 0 1 0 1 1 0 0 0 0 1 0 0
 1 0 1 0 0 1 1 1 0 0 0 1 0 0 1 1 0 0 0 1 0 0 1 1 1 1 0 1 0 0

Warwick 869: balanced orders and products, 14 products per order
15 30
 1 0 0 1 0 0 1 0 1 1 1 0 0 1 1 0 1 0 0 0 1 0 0 0 1 1 0 1 1 0
 0 0 0 0 1 0 1 0 1 1 0 1 1 1 0 1 0 0 0 0 0 1 1 0 1 1 0 0 1 1
 0 0 0 0 1 1 1 0 1 1 0 0 1 0 1 1 0 0 0 1 1 1 0 1 0 1 0 1 0 0
 0 1 1 1 0 1 1 0 0 1 1 1 0 0 1 0 1 0 1 0 0 0 0 1 1 0 0 1 0 0
 1 1 0 0 1 0 0 0 1 0 0 1 1 0 0 0 1 0 1 0 0 1 1 1 0 0 1 1 0 1
 1 1 1 0 0 1 0 1 0 0 0 1 0 1 1 0 1 0 1 1 0 1 0 0 0 0 1 0 0 1
 1 1 1 0 0 0 0 0 0 0 0 1 1 0 1 1 1 1 0 0 0 1 1 0 0 1 0 0 1 1
 0 0 1 1 1 0 1 0 0 0 0 1 0 0 0 1 1 1 1 1 0 0 0 1 1 0 0 1 1 0
 1 1 1 1 0 1 0 1 0 0 1 0 0 1 1 1 0 1 0 1 0 1 0 0 0 0 0 0 0 1
 1 1 0 1 1 0 0 1 1 0 0 0 1 1 0 1 0 1 1 1 0 0 1 0 0 0 1 0 0 0
 0 0 0 0 0 0 0 1 0 1 1 1 1 1 0 1 0 1 0 1 1 0 0 0 0 1 1 1 1 0
 0 0 1 0 0 1 1 1 0 1 1 0 0 0 0 0 0 1 0 0 1 0 0 0 1 1 1 1 1 1
 0 1 0 1 0 1 0 0 1 1 0 0 0 0 0 0 0 0 1 1 1 0 1 1 1 1 1 0 0 1
 1 0 1 1 1 1 0 1 0 0 1 0 0 0 1 0 1 0 0 0 1 0 1 1 1 0 0 0 1 0
 0 0 0 0 1 0 1 1 1 0 1 0 1 1 0 0 0 1 1 0 1 1 1 1 0 0 1 0 0 0

Warwick 870: balanced orders and products, 14 products per order
15 30
 0 0 1 1 1 0 0 1 0 1 1 1 0 1 1 0 0 0 0 1 1 1 0 0 1 0 1 0 0 0
 0 1 1 0 1 0 0 1 0 0 1 1 0 1 1 1 0 0 0 0 0 1 1 0 0 1 0 0 1 1
 1 1 0 0 0 1 0 0 1 0 0 0 1 0 0 1 1 0 1 1 1 1 1 0 0 0 1 0 1 0
 0 1 1 1 1 1 1 0 1 1 0 0 1 0 0 0 1 0 0 0 0 0 1 0 0 0 1 1 0 1
 0 0 1 1 1 0 0 1 0 1 1 0 1 1 1 0 1 1 0 0 0 1 0 0 1 0 0 1 0 0
 1 1 0 0 1 1 1 0 1 1 0 1 0 0 1 0 0 1 0 0 0 0 0 1 0 1 1 0 0 1
 1 0 1 1 0 0 1 0 0 0 1 1 1 0 0 1 0 1 0 0 0 0 1 1 1 0 0 1 0 1
 1 0 0 0 0 0 0 1 1 0 0 0 1 0 0 1 1 1 1 0 0 1 1 1 0 0 1 1 1 0
 1 1 0 1 0 1 1 0 0 1 0 0 0 0 0 0 1 1 1 0 1 1 0 0 1 1 0 1 0 0
 0 0 0 0 0 1 0 0 1 0 0 1 1 0 1 1 0 1 0 1 1 0 0 1 1 1 0 0 1 1
 0 0 1 1 1 0 1 1 0 0 0 0 0 1 0 1 1 0 1 1 1 0 0 0 1 0 0 1 1 0
 0 0 1 0 0 0 1 1 0 0 1 1 0 1 0 0 0 1 1 1 0 1 1 0 0 1 1 0 0 1
 1 0 0 1 0 1 0 0 1 1 1 0 0 1 1 0 0 0 1 1 0 0 1 1 1 0 0 0 1 0
 0 1 0 0 1 1 1 1 1 1 0 1 1 0 0 0 1 0 0 0 1 0 0 1 0 1 1 0 0 0
 1 1 0 0 0 0 0 0 0 0 1 0 0 1 1 1 0 0 1 1 1 0 0 1 0 1 0 1 1 1

