Warwick 571: balanced orders and products, 2 products per order
15 15
 1 0 0 0 0 0 0 1 0 0 0 0 0 0 0
 0 1 0 0 0 0 0 0 1 0 0 0 0 0 0
 1 0 0 1 0 0 0 0 0 0 0 0 0 0 0
 0 1 0 0 0 0 0 0 0 0 0 0 0 1 0
 0 0 0 0 1 0 0 0 0 0 0 0 1 0 0
 0 0 0 1 0 1 0 0 0 0 0 0 0 0 0
 0 0 0 0 0 0 0 0 0 0 1 1 0 0 0
 0 0 0 0 0 0 0 0 0 0 0 1 0 1 0
 0 0 0 0 0 0 0 0 0 0 0 0 1 0 1
 0 0 0 0 1 1 0 0 0 0 0 0 0 0 0
 0 0 1 0 0 0 1 0 0 0 0 0 0 0 0
 0 0 0 0 0 0 1 0 0 1 0 0 0 0 0
 0 0 1 0 0 0 0 0 1 0 0 0 0 0 0
 0 0 0 0 0 0 0 0 0 1 0 0 0 0 1
 0 0 0 0 0 0 0 1 0 0 1 0 0 0 0

Warwick 572: balanced orders and products, 2 products per order
15 15
 0 0 0 0 0 0 0 1 0 0 1 0 0 0 0
 0 0 1 0 0 0 0 0 1 0 0 0 0 0 0
 1 0 0 0 0 0 1 0 0 0 0 0 0 0 0
 0 0 0 0 0 0 0 0 1 1 0 0 0 0 0
 1 1 0 0 0 0 0 0 0 0 0 0 0 0 0
 0 1 0 0 0 1 0 0 0 0 0 0 0 0 0
 0 0 0 0 0 1 1 0 0 0 0 0 0 0 0
 0 0 0 0 0 0 0 0 0 0 0 1 1 0 0
 0 0 0 1 0 0 0 0 0 0 0 1 0 0 0
 0 0 0 0 0 0 0 0 0 0 0 0 1 0 1
 0 0 0 0 1 0 0 0 0 0 0 0 0 1 0
 0 0 1 0 0 0 0 0 0 0 0 0 0 0 1
 0 0 0 0 1 0 0 0 0 0 1 0 0 0 0
 0 0 0 1 0 0 0 1 0 0 0 0 0 0 0
 0 0 0 0 0 0 0 0 0 1 0 0 0 1 0

Warwick 573: balanced orders and products, 2 products per order
15 15
 0 1 0 0 0 0 0 0 0 0 1 0 0 0 0
 0 0 0 0 1 0 0 0 0 0 0 0 1 0 0
 0 0 0 0 0 0 1 0 0 0 0 1 0 0 0
 0 0 0 0 0 0 0 0 0 0 0 0 1 1 0
 0 0 0 0 0 0 0 1 0 0 0 0 0 0 1
 0 0 0 0 0 0 0 0 0 0 1 0 0 1 0
 1 0 0 0 0 1 0 0 0 0 0 0 0 0 0
 0 0 1 1 0 0 0 0 0 0 0 0 0 0 0
 0 0 0 0 0 0 0 0 0 1 0 0 0 0 1
 0 1 0 0 0 0 0 1 0 0 0 0 0 0 0
 0 0 0 0 0 0 0 0 0 1 0 1 0 0 0
 0 0 0 1 1 0 0 0 0 0 0 0 0 0 0
 0 0 1 0 0 0 1 0 0 0 0 0 0 0 0
 0 0 0 0 0 1 0 0 1 0 0 0 0 0 0
 1 0 0 0 0 0 0 0 1 0 0 0 0 0 0

Warwick 574: balanced orders and products, 2 products per order
15 15
 0 0 0 0 0 1 0 1 0 0 0 0 0 0 0
 0 0 1 0 0 0 0 0 1 0 0 0 0 0 0
 0 1 0 0 0 0 0 0 0 0 0 0 0 0 1
 0 0 0 0 0 0 0 0 0 1 0 0 1 0 0
 1 1 0 0 0 0 0 0 0 0 0 0 0 0 0
 0 0 0 0 1 0 0 0 0 1 0 0 0 0 0
 0 0 0 0 0 0 0 1 0 0 0 0 0 0 1
 0 0 0 0 0 0 0 0 1 0 0 0 1 0 0
 0 0 0 0 0 0 0 0 0 0 0 1 0 1 0
 0 0 1 0 0 0 0 0 0 0 0 0 0 1 0
 0 0 0 0 0 0 1 0 0 0 1 0 0 0 0
 0 0 0 0 0 0 1 0 0 0 1 0 0 0 0
 0 0 0 1 0 1 0 0 0 0 0 0 0 0 0
 1 0 0 0 0 0 0 0 0 0 0 1 0 0 0
 0 0 0 1 1 0 0 0 0 0 0 0 0 0 0

Warwick 575: balanced orders and products, 2 products per order
15 15
 0 0 0 0 0 0 0 0 1 0 1 0 0 0 0
 0 0 0 1 1 0 0 0 0 0 0 0 0 0 0
 0 0 0 0 0 0 0 0 0 1 0 1 0 0 0
 0 0 0 0 0 0 0 0 1 0 0 0 0 1 0
 0 0 1 0 0 0 1 0 0 0 0 0 0 0 0
 1 1 0 0 0 0 0 0 0 0 0 0 0 0 0
 1 0 0 0 0 0 0 0 0 0 0 1 0 0 0
 0 0 0 0 1 0 0 0 0 0 0 0 1 0 0
 0 0 0 1 0 0 0 0 0 0 1 0 0 0 0
 0 0 1 0 0 0 0 0 0 1 0 0 0 0 0
 0 1 0 0 0 0 0 1 0 0 0 0 0 0 0
 0 0 0 0 0 0 1 0 0 0 0 0 0 0 1
 0 0 0 0 0 0 0 1 0 0 0 0 0 1 0
 0 0 0 0 0 1 0 0 0 0 0 0 0 0 1
 0 0 0 0 0 1 0 0 0 0 0 0 1 0 0

Warwick 576: balanced orders and products, 2 products per order
15 15
 0 0 0 0 0 0 0 0 0 0 1 0 1 0 0
 0 0 0 0 0 1 0 0 0 0 0 0 0 0 1
 0 0 0 0 0 1 1 0 0 0 0 0 0 0 0
 0 0 0 0 0 0 0 0 0 1 1 0 0 0 0
 0 1 0 0 0 0 0 0 0 0 0 0 0 1 0
 1 1 0 0 0 0 0 0 0 0 0 0 0 0 0
 1 0 0 1 0 0 0 0 0 0 0 0 0 0 0
 0 0 0 0 1 0 0 0 1 0 0 0 0 0 0
 0 0 0 0 0 0 0 0 0 1 0 0 0 0 1
 0 0 0 0 0 0 1 0 0 0 0 1 0 0 0
 0 0 1 0 0 0 0 1 0 0 0 0 0 0 0
 0 0 0 0 0 0 0 0 0 0 0 0 1 1 0
 0 0 1 1 0 0 0 0 0 0 0 0 0 0 0
 0 0 0 0 1 0 0 0 0 0 0 1 0 0 0
 0 0 0 0 0 0 0 1 1 0 0 0 0 0 0

Warwick 577: balanced orders and products, 2 products per order
15 15
 1 0 0 0 0 0 0 0 0 0 0 0 1 0 0
 0 0 0 0 0 1 0 1 0 0 0 0 0 0 0
 0 0 0 1 0 0 0 0 0 0 1 0 0 0 0
 0 1 0 0 0 0 0 0 0 0 0 0 0 0 1
 0 0 0 0 1 1 0 0 0 0 0 0 0 0 0
 1 0 1 0 0 0 0 0 0 0 0 0 0 0 0
 0 0 0 1 1 0 0 0 0 0 0 0 0 0 0
 0 0 0 0 0 0 1 0 1 0 0 0 0 0 0
 0 0 0 0 0 0 0 0 0 1 0 1 0 0 0
 0 0 0 0 0 0 0 0 1 0 0 0 0 1 0
 0 0 0 0 0 0 0 1 0 0 0 0 0 1 0
 0 0 1 0 0 0 0 0 0 0 0 0 1 0 0
 0 0 0 0 0 0 0 0 0 0 0 1 0 0 1
 0 0 0 0 0 0 0 0 0 1 1 0 0 0 0
 0 1 0 0 0 0 1 0 0 0 0 0 0 0 0

Warwick 578: balanced orders and products, 2 products per order
15 15
 0 1 0 0 0 0 0 0 0 0 0 0 0 1 0
 0 0 0 0 0 0 0 0 0 1 0 0 1 0 0
 0 0 0 0 0 0 0 1 1 0 0 0 0 0 0
 0 0 1 0 0 0 0 1 0 0 0 0 0 0 0
 0 0 0 0 1 0 0 0 0 0 0 0 0 0 1
 1 0 0 0 0 0 0 0 1 0 0 0 0 0 0
 0 0 0 0 1 0 0 0 0 0 0 1 0 0 0
 1 0 0 0 0 1 0 0 0 0 0 0 0 0 0
 0 0 1 0 0 0 0 0 0 0 1 0 0 0 0
 0 0 0 1 0 0 0 0 0 0 0 1 0 0 0
 0 0 0 0 0 0 1 0 0 0 0 0 0 1 0
 0 0 0 1 0 1 0 0 0 0 0 0 0 0 0
 0 0 0 0 0 0 1 0 0 0 1 0 0 0 0
 0 1 0 0 0 0 0 0 0 1 0 0 0 0 0
 0 0 0 0 0 0 0 0 0 0 0 0 1 0 1

Warwick 579: balanced orders and products, 2 products per order
15 15
 0 1 1 0 0 0 0 0 0 0 0 0 0 0 0
 0 0 0 1 0 0 0 0 0 0 0 0 1 0 0
 0 0 0 0 0 0 0 0 0 0 1 1 0 0 0
 0 0 0 0 0 0 1 0 1 0 0 0 0 0 0
 0 0 0 0 0 0 0 1 0 0 0 0 1 0 0
 0 0 0 0 1 0 0 0 0 0 0 0 0 1 0
 1 0 0 0 0 0 0 0 0 0 0 0 0 0 1
 0 0 1 0 1 0 0 0 0 0 0 0 0 0 0
 0 0 0 0 0 1 0 1 0 0 0 0 0 0 0
 1 0 0 1 0 0 0 0 0 0 0 0 0 0 0
 0 0 0 0 0 0 1 0 0 0 0 1 0 0 0
 0 1 0 0 0 1 0 0 0 0 0 0 0 0 0
 0 0 0 0 0 0 0 0 0 1 1 0 0 0 0
 0 0 0 0 0 0 0 0 1 0 0 0 0 0 1
 0 0 0 0 0 0 0 0 0 1 0 0 0 1 0

Warwick 580: balanced orders and products, 2 products per order
15 15
 0 1 0 0 1 0 0 0 0 0 0 0 0 0 0
 0 0 1 1 0 0 0 0 0 0 0 0 0 0 0
 1 0 0 0 0 0 0 0 0 0 0 1 0 0 0
 1 0 0 0 0 0 0 0 0 0 0 0 0 1 0
 0 0 1 0 0 0 0 0 0 0 1 0 0 0 0
 0 0 0 0 0 0 0 0 0 0 0 1 0 0 1
 0 0 0 1 0 1 0 0 0 0 0 0 0 0 0
 0 0 0 0 0 0 1 0 0 0 0 0 1 0 0
 0 0 0 0 0 0 0 1 1 0 0 0 0 0 0
 0 0 0 0 0 1 0 0 0 0 0 0 1 0 0
 0 0 0 0 1 0 0 0 0 0 0 0 0 0 1
 0 0 0 0 0 0 0 0 0 1 1 0 0 0 0
 0 1 0 0 0 0 1 0 0 0 0 0 0 0 0
 0 0 0 0 0 0 0 0 1 0 0 0 0 1 0
 0 0 0 0 0 0 0 1 0 1 0 0 0 0 0

Warwick 581: balanced orders and products, 3 products per order
15 15
 0 0 0 0 0 1 0 0 0 1 0 0 0 0 1
 0 0 0 1 0 0 0 1 0 0 0 1 0 0 0
 1 0 0 1 0 0 0 0 0 0 0 1 0 0 0
 0 0 1 0 0 0 1 0 1 0 0 0 0 0 0
 0 1 0 0 0 0 1 0 1 0 0 0 0 0 0
 0 1 0 0 0 0 0 0 0 0 0 1 1 0 0
 1 0 0 0 0 1 0 0 0 0 0 0 1 0 0
 0 0 0 1 0 0 0 0 0 1 0 0 0 1 0
 0 0 1 0 0 0 0 0 0 1 0 0 0 0 1
 0 0 1 0 0 0 0 0 0 0 0 0 1 1 0
 1 0 0 0 0 0 0 1 0 0 0 0 0 1 0
 0 0 0 0 1 0 0 0 0 0 1 0 0 0 1
 0 0 0 0 0 1 1 1 0 0 0 0 0 0 0
 0 0 0 0 1 0 0 0 1 0 1 0 0 0 0
 0 1 0 0 1 0 0 0 0 0 1 0 0 0 0

Warwick 582: balanced orders and products, 3 products per order
15 15
 0 0 0 0 0 0 0 1 0 0 1 1 0 0 0
 0 0 0 1 0 0 0 1 0 1 0 0 0 0 0
 0 0 1 0 1 0 0 1 0 0 0 0 0 0 0
 0 0 1 0 1 0 1 0 0 0 0 0 0 0 0
 0 0 0 0 0 1 0 0 0 0 0 0 1 0 1
 0 1 0 1 0 0 0 0 0 0 0 0 0 1 0
 1 0 0 0 0 0 0 0 0 1 0 0 0 0 1
 1 1 0 0 0 0 0 0 0 0 0 0 0 1 0
 0 0 0 0 0 1 0 0 1 0 0 1 0 0 0
 1 0 0 0 0 0 0 0 1 0 0 0 0 1 0
 0 0 0 0 0 0 1 0 0 1 1 0 0 0 0
 0 1 0 0 0 1 0 0 0 0 0 0 1 0 0
 0 0 0 0 0 0 1 0 1 0 0 0 1 0 0
 0 0 1 0 0 0 0 0 0 0 1 0 0 0 1
 0 0 0 1 1 0 0 0 0 0 0 1 0 0 0

Warwick 583: balanced orders and products, 3 products per order
15 15
 0 0 0 1 0 0 0 0 0 0 0 0 0 1 1
 0 0 0 0 0 0 0 1 0 0 0 1 0 0 1
 0 0 0 0 0 1 0 1 0 0 0 0 1 0 0
 0 1 1 0 0 0 0 0 0 0 0 0 1 0 0
 0 0 1 1 0 1 0 0 0 0 0 0 0 0 0
 1 0 0 0 0 1 0 0 0 0 0 1 0 0 0
 0 0 0 0 0 0 0 0 0 1 1 0 0 0 1
 0 0 1 0 1 0 1 0 0 0 0 0 0 0 0
 1 0 0 0 1 0 0 0 0 0 0 0 0 1 0
 0 1 0 0 1 0 0 0 1 0 0 0 0 0 0
 0 0 0 0 0 0 0 0 1 0 0 1 0 1 0
 0 1 0 0 0 0 1 0 0 1 0 0 0 0 0
 1 0 0 0 0 0 0 1 0 0 1 0 0 0 0
 0 0 0 0 0 0 0 0 1 0 1 0 1 0 0
 0 0 0 1 0 0 1 0 0 1 0 0 0 0 0

Warwick 584: balanced orders and products, 3 products per order
15 15
 1 0 0 1 0 0 0 0 0 0 0 1 0 0 0
 0 0 1 0 0 0 0 0 0 0 0 1 0 1 0
 0 0 0 0 1 1 0 0 0 1 0 0 0 0 0
 0 0 0 0 0 1 0 1 0 0 0 0 0 0 1
 1 0 0 0 0 0 0 1 0 1 0 0 0 0 0
 0 0 0 0 0 0 0 1 0 0 1 0 0 1 0
 0 0 0 1 0 0 0 0 1 1 0 0 0 0 0
 0 1 1 0 0 0 0 0 0 0 0 0 0 0 1
 0 1 0 0 0 0 1 0 1 0 0 0 0 0 0
 0 0 0 0 1 0 0 0 0 0 0 1 1 0 0
 0 1 0 0 1 0 0 0 0 0 0 0 0 0 1
 0 0 0 0 0 0 1 0 0 0 1 0 1 0 0
 0 0 0 0 0 1 1 0 0 0 0 0 0 1 0
 1 0 0 1 0 0 0 0 1 0 0 0 0 0 0
 0 0 1 0 0 0 0 0 0 0 1 0 1 0 0

Warwick 585: balanced orders and products, 3 products per order
15 15
 0 0 0 0 1 1 0 1 0 0 0 0 0 0 0
 0 0 0 1 0 0 1 0 0 0 0 1 0 0 0
 0 0 1 0 0 1 0 0 1 0 0 0 0 0 0
 0 1 0 0 0 0 0 0 0 0 0 0 1 0 1
 0 1 0 0 0 0 0 0 0 0 1 1 0 0 0
 1 0 0 0 0 0 0 0 1 1 0 0 0 0 0
 1 0 1 0 0 0 0 0 0 0 1 0 0 0 0
 0 0 0 1 0 0 1 0 0 0 0 0 1 0 0
 0 0 0 0 0 0 0 1 0 1 0 0 0 0 1
 0 0 0 0 0 0 0 0 1 0 0 1 0 1 0
 0 0 0 1 1 0 0 0 0 0 0 0 0 1 0
 0 0 0 0 0 0 0 0 0 1 0 0 1 1 0
 0 0 0 0 1 0 0 0 0 0 1 0 0 0 1
 1 0 1 0 0 0 1 0 0 0 0 0 0 0 0
 0 1 0 0 0 1 0 1 0 0 0 0 0 0 0

Warwick 586: balanced orders and products, 3 products per order
15 15
 0 0 1 0 0 1 0 0 0 0 0 0 0 1 0
 0 0 0 0 0 0 0 0 0 1 0 0 1 1 0
 0 1 0 0 0 1 0 1 0 0 0 0 0 0 0
 0 0 0 0 0 0 0 0 0 0 1 1 0 0 1
 0 0 0 1 1 0 1 0 0 0 0 0 0 0 0
 1 0 0 0 0 0 0 0 0 0 1 0 1 0 0
 0 0 0 1 0 0 0 0 1 0 0 0 1 0 0
 0 0 0 1 0 0 0 0 0 1 0 0 0 0 1
 0 0 0 0 1 0 0 1 1 0 0 0 0 0 0
 0 0 1 0 1 0 0 0 0 0 0 0 0 0 1
 0 0 1 0 0 1 0 0 0 1 0 0 0 0 0
 0 0 0 0 0 0 1 1 0 0 0 1 0 0 0
 0 1 0 0 0 0 0 0 1 0 0 0 0 1 0
 1 1 0 0 0 0 0 0 0 0 1 0 0 0 0
 1 0 0 0 0 0 1 0 0 0 0 1 0 0 0

Warwick 587: balanced orders and products, 3 products per order
15 15
 0 0 1 0 0 0 0 0 1 0 0 0 1 0 0
 0 0 0 0 0 0 1 0 0 1 0 0 0 1 0
 1 0 0 0 0 1 0 0 0 0 1 0 0 0 0
 0 0 0 0 0 0 0 1 0 0 0 1 0 0 1
 0 0 0 0 0 0 0 1 0 0 0 0 1 0 1
 0 1 0 0 1 0 1 0 0 0 0 0 0 0 0
 0 0 0 0 0 0 0 0 1 0 0 1 0 1 0
 0 0 0 0 0 0 1 0 1 0 1 0 0 0 0
 0 1 1 0 1 0 0 0 0 0 0 0 0 0 0
 0 0 0 1 0 0 0 1 0 1 0 0 0 0 0
 1 0 0 0 0 0 0 0 0 0 0 0 1 0 1
 0 0 0 1 0 1 0 0 0 1 0 0 0 0 0
 0 0 1 0 0 1 0 0 0 0 0 0 0 1 0
 0 0 0 1 1 0 0 0 0 0 0 1 0 0 0
 1 1 0 0 0 0 0 0 0 0 1 0 0 0 0

Warwick 588: balanced orders and products, 3 products per order
15 15
 1 0 0 0 0 0 1 1 0 0 0 0 0 0 0
 0 0 0 0 0 0 0 0 0 1 0 0 1 1 0
 0 0 0 0 0 1 0 0 0 0 0 0 0 1 1
 0 0 0 1 0 1 1 0 0 0 0 0 0 0 0
 0 1 1 0 0 0 0 0 0 0 1 0 0 0 0
 0 0 0 1 0 0 0 0 0 0 1 1 0 0 0
 0 0 1 0 1 0 1 0 0 0 0 0 0 0 0
 0 0 0 0 0 0 0 0 1 0 0 1 0 0 1
 0 1 0 0 1 0 0 1 0 0 0 0 0 0 0
 1 0 0 0 0 0 0 0 0 1 0 0 1 0 0
 0 0 1 0 0 0 0 1 1 0 0 0 0 0 0
 1 1 0 0 0 0 0 0 0 0 0 0 0 0 1
 0 0 0 0 1 0 0 0 0 1 0 0 0 1 0
 0 0 0 1 0 1 0 0 1 0 0 0 0 0 0
 0 0 0 0 0 0 0 0 0 0 1 1 1 0 0

Warwick 589: balanced orders and products, 3 products per order
15 15
 0 0 0 0 0 0 1 1 0 0 0 1 0 0 0
 0 0 0 0 0 0 0 0 0 1 0 1 1 0 0
 1 0 1 0 0 0 0 1 0 0 0 0 0 0 0
 0 0 0 1 0 0 0 0 0 0 0 0 0 1 1
 0 0 0 0 0 1 0 0 0 0 1 0 0 1 0
 0 0 0 1 0 1 1 0 0 0 0 0 0 0 0
 0 0 0 0 1 0 0 1 0 0 1 0 0 0 0
 0 0 1 0 0 0 0 0 0 0 0 1 1 0 0
 0 0 0 0 0 0 1 0 1 0 0 0 1 0 0
 0 1 0 0 0 0 0 0 0 0 0 0 0 1 1
 0 0 0 0 1 0 0 0 1 1 0 0 0 0 0
 1 1 0 0 0 0 0 0 0 0 1 0 0 0 0
 0 1 0 0 0 0 0 0 1 1 0 0 0 0 0
 1 0 1 0 1 0 0 0 0 0 0 0 0 0 0
 0 0 0 1 0 1 0 0 0 0 0 0 0 0 1

Warwick 590: balanced orders and products, 3 products per order
15 15
 0 0 0 1 0 0 0 1 0 0 0 1 0 0 0
 0 0 0 0 0 0 0 0 0 1 0 0 0 1 1
 0 0 0 0 1 0 1 0 0 1 0 0 0 0 0
 0 0 0 0 0 1 1 0 0 0 0 1 0 0 0
 1 0 1 0 0 0 0 0 0 1 0 0 0 0 0
 0 0 1 0 0 0 0 1 1 0 0 0 0 0 0
 0 1 1 0 1 0 0 0 0 0 0 0 0 0 0
 0 0 0 0 0 0 0 0 0 0 1 1 1 0 0
 0 0 0 0 0 0 0 1 0 0 0 0 0 1 1
 0 0 0 0 0 1 1 0 1 0 0 0 0 0 0
 1 0 0 0 0 0 0 0 0 0 1 0 0 0 1
 0 1 0 1 1 0 0 0 0 0 0 0 0 0 0
 1 1 0 0 0 0 0 0 0 0 0 0 1 0 0
 0 0 0 1 0 1 0 0 1 0 0 0 0 0 0
 0 0 0 0 0 0 0 0 0 0 1 0 1 1 0

Warwick 591: balanced orders and products, 4 products per order
15 15
 0 1 1 0 0 0 1 0 0 1 0 0 0 0 0
 0 0 0 1 1 0 0 0 0 1 0 0 0 1 0
 0 0 1 0 0 1 0 1 0 0 0 0 0 0 1
 1 0 0 0 0 0 0 0 1 0 1 0 1 0 0
 0 0 1 0 0 0 0 0 0 0 1 1 0 1 0
 0 0 0 1 1 1 0 0 0 0 0 0 0 0 1
 0 1 0 1 0 0 0 0 0 1 0 1 0 0 0
 1 0 0 0 0 0 0 0 1 0 0 1 0 0 1
 0 0 0 0 1 1 0 0 1 0 0 0 0 1 0
 0 1 0 1 0 0 1 1 0 0 0 0 0 0 0
 0 0 0 0 0 0 1 0 1 0 0 1 1 0 0
 1 0 0 0 0 1 0 1 0 1 0 0 0 0 0
 0 0 0 0 0 0 1 0 0 0 1 0 1 0 1
 1 0 0 0 0 0 0 0 0 0 1 0 1 1 0
 0 1 1 0 1 0 0 1 0 0 0 0 0 0 0

Warwick 592: balanced orders and products, 4 products per order
15 15
 0 0 1 0 1 1 0 0 0 0 0 0 0 0 1
 0 1 0 0 0 0 1 1 0 1 0 0 0 0 0
 0 0 0 1 0 0 0 0 0 0 1 1 1 0 0
 1 0 0 1 0 0 0 0 0 1 0 0 0 0 1
 0 0 0 0 0 1 0 1 1 0 0 0 0 1 0
 0 1 0 1 1 0 0 0 0 0 0 1 0 0 0
 1 0 1 0 1 0 0 0 1 0 0 0 0 0 0
 0 0 0 0 0 0 1 0 1 0 1 0 0 1 0
 0 0 0 0 1 1 0 0 0 1 0 0 1 0 0
 0 0 0 0 0 1 1 0 0 1 0 0 1 0 0
 0 0 0 0 0 0 1 1 0 0 0 0 0 1 1
 0 0 0 1 0 0 0 1 0 0 1 1 0 0 0
 1 1 1 0 0 0 0 0 0 0 0 1 0 0 0
 1 0 1 0 0 0 0 0 1 0 0 0 1 0 0
 0 1 0 0 0 0 0 0 0 0 1 0 0 1 1

Warwick 593: balanced orders and products, 4 products per order
15 15
 0 0 0 0 0 0 0 0 1 1 0 1 0 0 1
 1 1 0 1 0 0 0 0 0 0 0 0 1 0 0
 1 1 0 0 0 1 0 0 0 0 0 0 0 1 0
 0 0 1 0 1 0 0 1 0 1 0 0 0 0 0
 1 0 0 0 1 1 0 0 0 0 0 0 1 0 0
 0 0 1 0 0 0 0 1 0 0 0 0 0 1 1
 0 0 0 1 1 0 1 0 1 0 0 0 0 0 0
 0 0 0 0 0 1 1 1 0 0 0 1 0 0 0
 1 1 0 1 0 0 0 1 0 0 0 0 0 0 0
 0 0 0 0 0 0 0 0 1 1 0 1 0 0 1
 0 1 0 0 0 0 0 0 0 1 1 0 1 0 0
 0 0 0 1 1 0 0 0 0 0 1 0 0 1 0
 0 0 1 0 0 1 1 0 0 0 1 0 0 0 0
 0 0 0 0 0 0 1 0 1 0 0 1 0 1 0
 0 0 1 0 0 0 0 0 0 0 1 0 1 0 1

Warwick 594: balanced orders and products, 4 products per order
15 15
 1 0 1 0 0 0 0 0 0 0 1 0 1 0 0
 1 0 0 0 1 0 0 0 0 0 0 1 0 1 0
 0 0 0 0 0 0 1 0 1 0 0 0 1 1 0
 0 1 0 0 0 1 0 1 0 0 0 0 0 0 1
 0 0 1 1 1 0 0 0 0 0 1 0 0 0 0
 0 1 0 0 0 0 0 1 0 0 0 1 1 0 0
 1 0 0 1 0 0 0 1 0 1 0 0 0 0 0
 0 1 0 0 0 1 0 0 1 0 0 1 0 0 0
 0 0 1 1 0 0 1 0 0 1 0 0 0 0 0
 0 0 0 0 1 0 0 0 0 1 1 0 0 0 1
 1 0 0 0 0 0 1 1 1 0 0 0 0 0 0
 0 0 1 0 0 1 0 0 0 1 0 0 1 0 0
 0 0 0 1 1 0 0 0 0 0 0 0 0 1 1
 0 0 0 0 0 1 0 0 1 0 0 1 0 1 0
 0 1 0 0 0 0 1 0 0 0 1 0 0 0 1

Warwick 595: balanced orders and products, 4 products per order
15 15
 0 0 1 0 0 0 1 0 0 0 0 0 1 1 0
 0 1 0 0 0 0 0 1 0 0 1 0 1 0 0
 1 0 0 0 0 1 0 1 0 0 0 1 0 0 0
 0 0 0 1 0 0 1 0 1 0 0 0 0 0 1
 0 0 1 0 0 0 0 0 0 0 0 1 0 1 1
 0 1 0 0 1 0 0 0 0 0 0 1 0 1 0
 1 0 1 0 0 0 0 0 0 0 1 0 1 0 0
 0 0 1 1 0 1 0 0 0 0 1 0 0 0 0
 0 0 0 0 0 0 0 0 1 1 0 0 0 1 1
 0 0 0 0 1 0 1 0 0 1 0 0 1 0 0
 0 1 0 0 1 0 0 1 0 0 0 0 0 0 1
 1 0 0 1 0 0 0 0 1 0 0 1 0 0 0
 0 0 0 0 1 1 0 0 1 1 0 0 0 0 0
 1 0 0 0 0 1 1 1 0 0 0 0 0 0 0
 0 1 0 1 0 0 0 0 0 1 1 0 0 0 0

Warwick 596: balanced orders and products, 4 products per order
15 15
 0 0 0 0 0 0 1 0 0 0 1 1 0 1 0
 1 0 0 0 0 0 0 1 0 0 1 0 0 0 1
 0 1 0 1 0 0 0 0 0 1 0 0 0 0 1
 0 0 0 0 0 0 0 0 1 1 0 1 0 0 1
 1 0 0 0 1 1 0 0 0 0 0 1 0 0 0
 0 0 1 1 0 0 0 0 0 0 0 0 1 1 0
 0 1 0 0 0 0 1 0 0 0 0 0 1 1 0
 0 1 0 1 0 1 0 0 0 0 0 1 0 0 0
 0 0 0 0 0 1 0 1 1 1 0 0 0 0 0
 1 0 0 1 1 0 0 0 0 0 0 0 1 0 0
 0 0 1 0 0 1 1 0 0 0 0 0 0 0 1
 1 0 1 0 1 0 1 0 0 0 0 0 0 0 0
 0 0 1 0 1 0 0 0 1 0 1 0 0 0 0
 0 1 0 0 0 0 0 1 0 0 1 0 0 1 0
 0 0 0 0 0 0 0 1 1 1 0 0 1 0 0

Warwick 597: balanced orders and products, 4 products per order
15 15
 0 1 0 0 0 1 1 0 1 0 0 0 0 0 0
 0 0 0 0 0 0 0 0 1 1 0 0 1 0 1
 0 0 0 0 0 1 0 0 1 0 0 0 1 0 1
 0 0 0 1 0 0 1 0 0 0 0 0 1 1 0
 0 1 0 0 1 0 1 1 0 0 0 0 0 0 0
 1 1 0 0 1 1 0 0 0 0 0 0 0 0 0
 0 0 0 0 1 0 1 0 0 1 0 1 0 0 0
 0 0 1 0 0 0 0 0 0 1 0 1 0 1 0
 0 1 1 0 0 0 0 0 0 1 0 0 0 1 0
 0 0 0 0 0 0 0 1 0 0 1 0 0 1 1
 1 0 1 0 0 1 0 1 0 0 0 0 0 0 0
 0 0 1 1 0 0 0 0 0 0 1 1 0 0 0
 0 0 0 1 0 0 0 0 1 0 1 0 1 0 0
 1 0 0 0 0 0 0 1 0 0 1 0 0 0 1
 1 0 0 1 1 0 0 0 0 0 0 1 0 0 0

Warwick 598: balanced orders and products, 4 products per order
15 15
 0 0 1 0 0 0 0 1 1 0 0 1 0 0 0
 1 0 0 0 0 1 0 0 0 1 0 0 1 0 0
 0 1 0 0 0 0 0 0 0 0 1 1 0 1 0
 0 0 0 0 0 0 0 1 0 0 0 1 1 0 1
 0 0 0 1 1 0 0 0 0 0 0 0 1 0 1
 0 0 0 0 1 0 0 1 1 0 0 1 0 0 0
 0 1 1 0 0 0 0 0 1 0 1 0 0 0 0
 1 1 0 1 0 0 1 0 0 0 0 0 0 0 0
 0 1 0 1 0 0 1 1 0 0 0 0 0 0 0
 0 0 0 0 1 0 0 0 1 1 0 0 0 1 0
 1 0 0 0 0 0 1 0 0 1 0 0 0 0 1
 0 0 1 1 0 0 0 0 0 1 0 0 0 1 0
 1 0 0 0 0 1 1 0 0 0 1 0 0 0 0
 0 0 1 0 1 1 0 0 0 0 0 0 0 1 0
 0 0 0 0 0 1 0 0 0 0 1 0 1 0 1

Warwick 599: balanced orders and products, 4 products per order
15 15
 0 0 0 0 1 0 0 0 1 1 1 0 0 0 0
 0 0 1 1 0 0 0 0 1 1 0 0 0 0 0
 1 0 0 0 0 1 1 0 0 1 0 0 0 0 0
 0 0 0 0 0 0 1 0 0 1 0 0 1 0 1
 1 1 0 0 0 0 0 0 0 0 0 0 0 1 1
 1 0 1 0 0 0 0 0 0 0 1 0 1 0 0
 0 0 0 1 1 1 0 0 0 0 0 1 0 0 0
 0 1 0 0 0 0 1 0 0 0 0 0 1 1 0
 0 0 1 0 0 0 0 0 0 0 1 0 0 1 1
 0 1 0 0 1 0 0 1 0 0 0 1 0 0 0
 0 0 0 1 1 0 1 0 0 0 0 1 0 0 0
 0 1 0 0 0 0 0 1 1 0 0 0 0 1 0
 0 0 0 0 0 1 0 1 0 0 0 0 1 0 1
 0 0 0 0 0 1 0 1 1 0 1 0 0 0 0
 1 0 1 1 0 0 0 0 0 0 0 1 0 0 0

Warwick 600: balanced orders and products, 4 products per order
15 15
 0 0 0 0 0 0 0 0 1 1 0 1 0 0 1
 0 0 1 0 1 1 0 1 0 0 0 0 0 0 0
 1 0 0 1 1 0 0 0 1 0 0 0 0 0 0
 0 0 1 0 0 0 0 1 1 0 0 1 0 0 0
 0 0 1 0 0 0 0 0 0 0 1 0 1 0 1
 1 0 0 1 1 0 0 0 0 0 0 0 1 0 0
 0 0 0 0 0 0 1 1 0 1 1 0 0 0 0
 0 1 0 1 0 1 0 0 0 0 0 0 1 0 0
 0 0 0 0 0 0 1 0 0 0 1 0 0 1 1
 0 0 0 1 0 0 1 0 1 1 0 0 0 0 0
 0 1 0 0 0 0 0 0 0 0 1 0 0 1 1
 1 1 0 0 0 0 0 1 0 0 0 0 0 1 0
 0 0 1 0 1 1 0 0 0 0 0 1 0 0 0
 0 0 0 0 0 1 0 0 0 1 0 1 0 1 0
 1 1 0 0 0 0 1 0 0 0 0 0 1 0 0

Warwick 601: balanced orders and products, 5 products per order
15 15
 0 0 0 1 1 0 0 1 0 1 0 0 1 0 0
 1 0 1 1 0 0 0 0 1 0 0 0 1 0 0
 1 0 0 0 0 0 0 0 1 1 0 1 0 1 0
 0 0 1 0 0 0 1 0 0 0 1 0 1 1 0
 1 1 0 0 0 1 1 0 0 1 0 0 0 0 0
 0 1 0 0 1 0 0 1 0 0 0 1 0 0 1
 1 0 1 1 0 1 0 1 0 0 0 0 0 0 0
 0 0 0 0 0 1 1 1 0 0 0 1 1 0 0
 0 1 0 0 1 1 0 0 0 0 1 0 0 1 0
 0 0 0 0 0 1 0 0 0 1 0 1 0 1 1
 0 1 0 0 0 0 1 0 1 0 1 0 0 0 1
 1 1 0 1 0 0 0 1 1 0 0 0 0 0 0
 0 0 1 0 1 0 0 0 0 1 1 0 1 0 0
 0 0 0 0 1 0 0 0 1 0 0 1 0 1 1
 0 0 1 1 0 0 1 0 0 0 1 0 0 0 1

Warwick 602: balanced orders and products, 5 products per order
15 15
 1 0 0 1 0 0 0 0 0 0 1 0 0 1 1
 0 0 0 0 0 1 1 0 0 0 1 1 1 0 0
 1 1 0 1 0 0 0 0 0 0 1 1 0 0 0
 0 0 0 1 0 0 1 0 0 1 0 0 1 1 0
 0 1 0 0 1 0 0 1 0 0 0 0 0 1 1
 0 0 0 1 1 0 0 0 1 1 0 0 0 0 1
 0 1 0 0 0 0 1 1 1 0 0 0 0 1 0
 0 0 0 0 1 1 0 0 1 1 0 1 0 0 0
 1 0 1 0 0 1 0 0 0 0 0 1 1 0 0
 1 0 1 0 0 0 1 1 0 0 0 0 0 0 1
 1 0 0 0 0 1 0 0 1 0 1 1 0 0 0
 0 0 1 0 1 1 0 1 0 1 0 0 0 0 0
 0 0 1 1 0 0 0 0 0 1 1 0 1 0 0
 0 1 1 0 0 0 0 1 0 0 0 0 0 1 1
 0 1 0 0 1 0 1 0 1 0 0 0 1 0 0

Warwick 603: balanced orders and products, 5 products per order
15 15
 1 1 0 0 0 0 0 0 0 0 1 0 1 0 1
 0 0 0 0 1 1 1 0 1 0 0 0 1 0 0
 1 0 0 0 0 0 0 1 0 0 1 1 0 1 0
 0 1 0 0 0 0 1 0 1 0 1 0 0 1 0
 0 0 0 0 1 0 1 1 0 0 0 0 1 0 1
 1 1 0 0 0 0 0 0 0 1 0 1 0 1 0
 0 0 1 1 0 0 0 0 0 1 1 0 0 1 0
 0 1 0 1 1 0 0 0 0 0 0 0 1 1 0
 0 0 1 1 0 0 0 1 0 1 0 1 0 0 0
 1 0 0 0 0 1 1 0 1 0 0 0 1 0 0
 0 0 1 1 0 0 1 0 0 1 0 0 0 0 1
 0 1 1 0 0 1 0 1 0 1 0 0 0 0 0
 1 0 0 0 1 0 0 0 1 0 0 1 0 0 1
 0 0 0 1 1 1 0 1 0 0 0 0 0 0 1
 0 0 1 0 0 1 0 0 1 0 1 1 0 0 0

Warwick 604: balanced orders and products, 5 products per order
15 15
 0 0 1 0 0 1 0 0 1 0 0 0 0 1 1
 0 0 0 1 1 0 1 0 1 0 0 0 1 0 0
 1 1 0 0 0 1 0 0 0 1 0 0 0 1 0
 0 1 1 1 0 0 0 0 0 0 0 1 0 0 1
 0 0 1 0 0 0 1 1 1 1 0 0 0 0 0
 1 0 0 0 0 1 0 1 0 0 0 1 0 0 1
 0 1 0 0 1 1 0 0 0 0 1 0 0 0 1
 1 0 0 1 0 1 1 1 0 0 0 0 0 0 0
 0 1 0 0 0 0 1 0 0 1 1 0 0 1 0
 1 0 1 0 0 0 0 0 0 0 1 1 1 0 0
 0 0 0 0 1 0 0 0 1 0 1 1 1 0 0
 0 0 0 0 0 0 1 1 0 1 0 0 1 1 0
 1 1 0 1 1 0 0 0 0 1 0 0 0 0 0
 0 0 0 0 1 0 0 1 0 0 0 1 0 1 1
 0 0 1 1 0 0 0 0 1 0 1 0 1 0 0

Warwick 605: balanced orders and products, 5 products per order
15 15
 0 0 0 1 0 0 0 0 1 1 0 1 0 0 1
 0 0 0 0 0 1 1 0 0 1 0 1 1 0 0
 0 1 0 0 0 1 0 0 0 1 0 0 1 1 0
 1 0 1 0 1 0 0 1 0 0 0 1 0 0 0
 1 0 0 0 1 0 1 0 0 1 1 0 0 0 0
 0 0 0 1 0 0 1 0 1 0 1 0 0 1 0
 0 0 0 1 0 0 0 1 1 1 0 0 0 1 0
 1 1 0 0 0 0 1 0 0 0 1 0 0 0 1
 0 1 1 1 0 1 0 0 1 0 0 0 0 0 0
 0 0 0 0 0 1 0 1 0 0 1 0 1 0 1
 0 0 1 0 0 0 0 1 1 0 1 0 0 0 1
 1 1 0 1 1 0 0 0 0 0 0 0 0 1 0
 0 0 0 0 1 1 0 1 0 0 0 1 1 0 0
 1 1 1 0 0 0 0 0 0 0 0 1 1 0 0
 0 0 1 0 1 0 1 0 0 0 0 0 0 1 1

Warwick 606: balanced orders and products, 5 products per order
15 15
 1 1 0 0 1 0 0 0 1 0 0 0 1 0 0
 0 0 0 1 0 1 0 1 0 1 0 1 0 0 0
 0 1 0 0 0 1 0 0 0 1 0 0 0 1 1
 1 1 1 0 1 0 0 0 0 0 0 0 1 0 0
 0 0 0 1 0 0 0 1 1 0 0 0 0 1 1
 1 0 1 0 1 0 0 1 0 0 1 0 0 0 0
 1 0 1 1 0 0 0 1 0 0 0 1 0 0 0
 0 1 0 1 0 1 0 0 0 0 1 0 1 0 0
 0 0 0 0 1 0 0 0 1 1 0 1 0 0 1
 0 0 0 0 0 0 1 0 1 0 0 0 1 1 1
 0 0 1 0 1 0 1 1 0 1 0 0 0 0 0
 0 1 0 1 0 1 1 0 0 0 0 0 0 1 0
 1 0 0 0 0 0 0 0 1 1 1 0 0 1 0
 0 0 0 0 0 1 1 0 0 0 1 1 1 0 0
 0 0 1 0 0 0 1 0 0 0 1 1 0 0 1

Warwick 607: balanced orders and products, 5 products per order
15 15
 1 0 0 0 1 0 0 0 1 1 0 0 1 0 0
 0 1 0 1 0 0 0 1 0 0 0 0 0 1 1
 0 1 1 0 0 1 0 0 0 0 0 1 0 1 0
 0 0 1 1 0 0 0 0 1 1 0 0 1 0 0
 0 0 0 0 1 1 1 0 0 1 0 0 0 0 1
 1 0 0 1 0 1 0 0 0 0 0 1 0 0 1
 1 0 1 0 0 0 0 0 0 0 0 1 1 1 0
 0 0 0 0 0 1 1 0 1 0 1 1 0 0 0
 0 0 0 0 0 1 0 1 0 0 1 0 1 1 0
 1 1 1 0 1 0 0 0 1 0 0 0 0 0 0
 0 0 0 1 0 0 1 1 1 0 1 0 0 0 0
 0 1 1 1 0 0 1 0 0 0 1 0 0 0 0
 1 0 0 0 1 0 0 1 0 1 1 0 0 0 0
 0 0 0 0 1 0 1 0 0 1 0 1 0 0 1
 0 1 0 0 0 0 0 1 0 0 0 0 1 1 1

Warwick 608: balanced orders and products, 5 products per order
15 15
 1 1 1 0 0 0 0 1 0 1 0 0 0 0 0
 1 1 0 0 0 1 0 1 0 0 0 0 1 0 0
 0 0 1 0 0 1 0 0 0 1 1 1 0 0 0
 0 0 1 0 0 0 0 0 0 1 1 1 0 0 1
 0 0 0 1 0 0 0 1 1 0 0 0 1 1 0
 0 0 0 0 1 1 1 0 0 1 0 0 0 1 0
 0 0 0 0 0 0 1 0 1 0 1 0 0 1 1
 0 1 0 0 1 0 0 0 1 0 0 1 0 1 0
 1 0 0 1 1 0 0 0 0 0 0 0 1 0 1
 1 0 0 0 1 0 0 0 1 0 0 1 1 0 0
 0 1 1 0 0 0 0 0 1 0 0 0 1 0 1
 1 0 0 1 0 1 1 0 0 0 1 0 0 0 0
 0 0 1 0 0 1 0 0 0 1 1 0 0 0 1
 0 1 0 1 0 0 1 1 0 0 0 0 0 1 0
 0 0 0 1 1 0 1 1 0 0 0 1 0 0 0

Warwick 609: balanced orders and products, 5 products per order
15 15
 1 0 0 0 0 1 0 1 0 0 0 0 1 1 0
 0 0 1 0 0 1 1 0 0 1 1 0 0 0 0
 0 0 0 1 0 0 0 0 1 0 1 1 0 1 0
 1 0 1 1 1 0 0 0 0 0 1 0 0 0 0
 1 1 0 0 0 0 1 0 1 0 0 0 0 0 1
 0 0 0 1 0 1 0 0 0 0 0 1 1 0 1
 0 0 0 1 1 0 0 0 1 1 0 0 0 0 1
 1 0 1 0 0 0 0 1 1 0 0 0 0 1 0
 0 1 0 0 0 0 0 1 0 1 0 1 0 1 0
 0 0 0 1 0 0 0 1 1 0 1 0 1 0 0
 1 0 0 0 1 0 1 0 0 0 0 1 0 0 1
 0 0 1 0 1 0 1 1 0 1 0 0 0 0 0
 0 1 0 0 0 1 1 0 0 0 0 1 0 0 1
 0 1 1 0 0 0 0 0 0 1 1 0 1 0 0
 0 1 0 0 1 1 0 0 0 0 0 0 1 1 0

Warwick 610: balanced orders and products, 5 products per order
15 15
 0 0 0 0 0 1 0 0 1 1 1 1 0 0 0
 0 0 0 0 1 0 0 1 0 0 1 1 0 0 1
 1 0 1 1 0 1 0 0 1 0 0 0 0 0 0
 0 1 0 0 0 0 0 1 1 1 0 0 1 0 0
 0 0 0 0 0 1 1 0 0 0 0 1 1 0 1
 0 0 0 1 0 0 0 1 0 0 1 0 0 1 1
 1 0 0 1 0 0 0 0 0 1 0 0 0 1 1
 1 1 1 0 0 0 1 0 1 0 0 0 0 0 0
 1 0 1 0 0 1 1 0 0 0 0 1 0 0 0
 0 0 0 0 1 0 1 0 0 1 1 0 0 1 0
 1 0 1 0 0 0 0 0 0 0 0 0 1 1 1
 0 1 1 1 0 0 0 1 0 0 0 0 1 0 0
 0 1 0 1 1 0 1 0 0 0 0 0 0 1 0
 0 0 0 0 1 1 0 0 1 0 0 1 1 0 0
 0 1 0 0 1 0 0 1 0 1 1 0 0 0 0

Warwick 611: balanced orders and products, 6 products per order
15 15
 0 1 0 1 0 0 0 0 1 1 1 0 0 1 0
 0 0 1 0 0 1 0 1 1 0 0 1 0 1 0
 1 1 0 1 0 0 0 1 0 0 0 1 0 1 0
 0 0 0 1 1 1 0 1 0 0 0 0 1 0 1
 0 0 1 0 1 0 1 1 0 0 0 0 1 0 1
 0 0 0 1 1 0 0 0 0 1 0 0 1 1 1
 1 0 1 0 1 0 1 0 1 0 0 0 0 0 1
 1 1 0 0 0 1 0 1 1 0 0 1 0 0 0
 1 0 1 0 0 1 0 0 0 1 1 0 0 0 1
 0 0 1 0 1 0 0 0 1 1 1 1 0 0 0
 1 0 0 1 0 0 1 0 1 0 0 0 1 1 0
 0 0 1 0 0 1 1 0 0 1 1 0 0 0 1
 0 1 0 0 1 0 1 0 0 0 1 1 1 0 0
 1 1 0 1 0 0 1 1 0 0 0 1 0 0 0
 0 1 0 0 0 1 0 0 0 1 1 0 1 1 0

Warwick 612: balanced orders and products, 6 products per order
15 15
 1 0 0 0 1 0 0 0 0 1 0 0 1 1 1
 0 1 0 1 1 1 0 0 1 0 1 0 0 0 0
 0 0 0 0 1 0 1 1 0 1 1 0 1 0 0
 1 1 0 1 0 0 0 1 0 1 1 0 0 0 0
 0 0 0 0 0 1 1 0 1 0 1 0 1 0 1
 0 1 1 0 0 1 0 0 0 1 0 1 0 0 1
 0 0 1 1 1 0 0 0 0 0 1 1 1 0 0
 1 0 1 0 0 1 1 1 0 0 0 0 1 0 0
 0 0 0 1 0 0 1 1 0 1 1 0 0 1 0
 0 1 1 0 0 0 0 0 0 0 0 1 1 1 1
 1 1 0 0 0 1 0 0 1 0 0 0 0 1 1
 1 1 0 0 1 0 0 1 1 0 0 1 0 0 0
 0 0 1 0 1 0 1 0 1 1 0 0 0 1 0
 1 0 0 1 0 1 0 1 1 0 0 1 0 0 0
 0 0 1 1 0 0 1 0 0 0 0 1 0 1 1

Warwick 613: balanced orders and products, 6 products per order
15 15
 1 0 0 1 0 1 0 0 1 0 1 0 0 0 1
 0 0 1 0 1 0 0 1 0 0 1 1 1 0 0
 1 1 0 0 1 0 0 0 0 1 0 1 0 1 0
 0 0 1 1 1 1 1 0 0 0 0 0 0 0 1
 0 1 0 0 1 0 1 0 0 0 1 0 0 1 1
 0 1 0 1 0 0 0 1 0 1 0 0 1 1 0
 0 0 1 1 0 1 0 0 0 0 0 0 1 1 1
 0 0 0 1 0 1 0 1 1 0 0 1 1 0 0
 0 1 1 0 0 0 0 1 0 0 1 1 0 0 1
 1 0 1 0 1 0 0 0 1 1 0 1 0 0 0
 1 0 0 0 1 1 1 0 0 1 0 0 0 0 1
 1 0 0 0 0 0 0 1 1 0 1 0 1 1 0
 0 0 0 0 0 1 1 0 1 1 1 1 0 0 0
 0 1 1 0 0 0 1 0 1 1 0 0 0 1 0
 1 1 0 1 0 0 1 1 0 0 0 0 1 0 0

Warwick 614: balanced orders and products, 6 products per order
15 15
 0 1 0 0 0 1 0 1 0 1 1 0 0 1 0
 1 0 0 0 1 1 1 1 0 0 1 0 0 0 0
 1 0 1 1 0 0 0 0 0 1 0 0 1 1 0
 0 0 1 1 1 0 1 0 0 1 0 0 0 1 0
 0 0 0 1 0 0 0 1 0 1 0 1 1 1 0
 1 1 0 0 0 0 0 1 1 1 0 0 0 0 1
 0 0 1 0 1 1 0 0 1 0 1 0 0 0 1
 1 0 0 0 0 1 1 0 0 0 0 1 1 0 1
 0 0 1 0 0 0 1 0 0 1 0 1 1 0 1
 0 1 1 1 0 0 0 0 0 0 1 1 1 0 0
 0 1 1 0 0 0 0 1 1 0 0 0 1 0 1
 1 1 0 1 1 0 0 0 1 0 1 0 0 0 0
 1 0 0 1 0 0 0 0 1 0 1 1 0 1 0
 0 1 0 0 1 1 1 1 1 0 0 0 0 0 0
 0 0 0 0 1 1 1 0 0 0 0 1 0 1 1

Warwick 615: balanced orders and products, 6 products per order
15 15
 1 1 0 0 1 0 0 0 0 1 0 0 0 1 1
 0 0 0 1 1 1 1 1 0 0 0 0 0 1 0
 0 1 0 0 0 1 0 1 0 0 1 0 0 1 1
 1 0 0 0 0 0 0 0 0 1 1 1 1 0 1
 1 0 0 1 0 0 0 0 1 1 0 1 1 0 0
 0 1 0 0 0 0 1 1 0 1 0 1 1 0 0
 1 1 1 0 0 0 0 1 0 1 1 0 0 0 0
 0 0 0 0 1 0 1 0 1 0 1 1 0 0 1
 0 1 0 1 1 1 0 0 0 0 0 0 1 0 1
 0 0 1 1 0 0 1 0 1 0 1 0 1 0 0
 1 0 0 0 0 1 0 1 1 0 1 0 1 0 0
 0 0 1 0 1 1 1 0 0 0 0 1 0 0 1
 0 1 1 0 0 1 0 0 0 1 0 1 0 1 0
 1 0 1 1 0 0 0 1 1 0 0 0 0 1 0
 0 0 1 1 1 0 1 0 1 0 0 0 0 1 0

Warwick 616: balanced orders and products, 6 products per order
15 15
 0 0 0 1 0 1 0 0 1 1 1 0 0 0 1
 0 0 0 0 1 0 1 1 1 0 0 0 0 1 1
 0 1 0 0 1 1 0 1 0 0 1 0 0 1 0
 0 1 1 0 0 0 1 1 0 0 0 1 0 1 0
 0 0 0 0 0 1 1 0 0 0 1 1 1 1 0
 0 0 0 1 0 0 0 1 1 0 1 0 1 0 1
 1 1 1 1 1 0 0 0 0 0 0 1 0 0 0
 0 1 0 0 1 1 0 0 1 1 0 0 0 0 1
 1 1 0 1 1 0 0 0 1 1 0 0 0 0 0
 1 0 0 0 0 1 0 1 1 0 0 1 1 0 0
 0 1 0 0 0 0 1 0 0 1 1 1 0 0 1
 1 0 1 1 0 0 0 1 0 1 0 0 1 0 0
 1 0 1 0 0 0 1 0 0 1 1 0 0 1 0
 0 0 1 0 1 1 0 0 0 0 0 1 1 1 0
 1 0 1 1 0 0 1 0 0 0 0 0 1 0 1

Warwick 617: balanced orders and products, 6 products per order
15 15
 1 1 0 0 0 1 0 0 0 1 1 0 0 0 1
 0 0 1 0 1 0 1 1 0 0 0 1 0 1 0
 0 0 1 0 0 1 0 0 1 1 1 0 1 0 0
 0 0 1 0 1 1 1 0 1 1 0 0 0 0 0
 1 1 0 1 0 1 0 0 1 0 0 0 1 0 0
 1 0 0 1 0 0 0 0 1 0 1 0 0 1 1
 0 1 1 0 1 1 1 1 0 0 0 0 0 0 0
 0 1 1 0 1 0 0 1 0 0 0 1 1 0 0
 0 0 0 1 1 0 0 0 0 0 1 1 0 1 1
 1 0 0 0 0 0 1 0 1 0 0 1 1 1 0
 0 0 0 0 0 0 0 1 1 1 0 1 0 1 1
 1 1 0 1 1 1 0 0 0 1 0 0 0 0 0
 0 1 0 1 0 0 0 1 0 1 0 0 0 1 1
 1 0 0 0 0 0 1 0 0 0 1 1 1 0 1
 0 0 1 1 0 0 1 1 0 0 1 0 1 0 0

Warwick 618: balanced orders and products, 6 products per order
15 15
 0 1 1 0 1 0 0 1 1 0 0 0 0 1 0
 0 1 0 0 0 1 1 0 0 1 1 0 0 0 1
 0 1 0 0 0 1 0 0 0 1 1 1 0 0 1
 1 1 1 1 0 1 0 0 0 0 0 0 0 1 0
 1 1 1 0 0 0 0 1 0 1 0 1 0 0 0
 1 0 0 1 0 0 0 0 1 1 1 0 0 1 0
 1 0 0 1 0 1 1 0 0 0 1 0 1 0 0
 0 0 0 0 0 1 0 1 1 0 0 1 1 0 1
 0 0 0 1 1 1 0 1 1 0 1 0 0 0 0
 0 0 1 1 1 0 1 0 0 0 0 1 1 0 0
 1 0 1 0 1 0 1 0 0 0 0 0 1 1 0
 0 1 0 0 1 0 0 1 1 1 0 1 0 0 0
 0 0 0 0 0 0 1 1 1 0 1 0 1 0 1
 1 0 1 1 0 0 0 0 0 1 0 0 0 1 1
 0 0 0 0 1 0 1 0 0 0 0 1 1 1 1

Warwick 619: balanced orders and products, 6 products per order
15 15
 0 0 0 1 0 0 0 1 1 1 0 0 1 1 0
 0 0 0 1 1 1 0 1 0 1 1 0 0 0 0
 0 0 0 0 1 0 1 0 1 0 0 1 1 0 1
 0 1 0 1 0 0 0 0 1 0 0 1 0 1 1
 1 0 0 0 0 1 0 1 1 0 0 1 1 0 0
 0 1 1 0 0 0 0 1 0 0 0 0 1 1 1
 1 0 1 0 1 0 1 0 0 0 0 1 1 0 0
 0 0 0 1 0 0 1 1 1 1 1 0 0 0 0
 1 0 0 0 0 1 1 1 1 0 0 0 0 1 0
 0 0 1 0 1 1 0 0 0 1 0 1 0 1 0
 0 1 1 1 0 1 0 0 0 0 1 1 0 0 0
 0 1 1 1 1 1 0 0 0 1 0 0 0 0 0
 1 1 0 0 0 0 1 0 0 0 1 0 0 1 1
 1 0 1 0 1 0 0 0 0 1 1 0 0 0 1
 1 1 0 0 0 0 1 0 0 0 1 0 1 0 1

Warwick 620: balanced orders and products, 6 products per order
15 15
 0 0 0 0 0 1 1 1 1 0 0 0 1 1 0
 0 1 1 0 1 0 0 1 0 1 0 0 1 0 0
 1 0 1 1 0 0 0 0 0 1 0 0 0 1 1
 1 1 0 0 1 1 1 0 0 0 0 0 0 1 0
 0 0 1 0 0 0 0 1 1 0 0 1 0 1 1
 0 0 0 0 1 0 0 1 1 1 0 0 0 1 1
 1 1 0 0 0 1 0 0 0 0 1 1 1 0 0
 1 1 0 1 0 0 0 1 1 0 0 0 1 0 0
 0 0 1 1 0 0 1 0 1 0 0 1 1 0 0
 0 0 1 1 1 1 0 0 0 1 0 0 0 1 0
 0 0 0 0 0 1 1 0 0 1 1 0 1 0 1
 0 0 1 1 1 0 0 0 1 1 1 0 0 0 0
 1 0 0 0 0 0 1 1 0 0 1 1 0 0 1
 1 1 0 0 0 1 0 0 0 0 1 1 0 0 1
 0 1 0 1 1 0 1 0 0 0 1 1 0 0 0

Warwick 621: balanced orders and products, 7 products per order
15 15
 1 1 0 0 0 1 1 0 0 0 0 1 0 1 1
 1 0 0 1 1 0 1 0 0 1 0 0 0 1 1
 1 0 1 1 1 0 0 0 1 0 0 1 0 1 0
 0 1 1 1 0 0 1 0 0 1 0 1 0 1 0
 0 0 0 0 0 1 1 0 0 1 1 1 1 1 0
 0 1 1 1 0 1 1 1 0 0 1 0 0 0 0
 1 1 0 1 1 1 0 0 1 0 0 0 1 0 0
 0 1 1 0 1 0 0 1 0 1 1 0 0 0 1
 1 0 0 0 0 1 0 1 1 1 0 1 0 0 1
 0 0 1 0 1 1 0 1 0 1 1 0 1 0 0
 0 1 0 0 1 0 1 1 0 0 0 1 1 1 0
 0 0 1 0 1 0 1 1 1 0 1 0 0 0 1
 0 1 1 0 0 1 0 0 1 0 0 1 1 1 0
 1 0 0 1 0 0 0 1 1 0 1 0 1 0 1
 1 0 0 1 0 0 0 0 1 1 1 0 1 0 1

Warwick 622: balanced orders and products, 7 products per order
15 15
 0 0 0 0 0 0 1 1 1 1 0 1 1 1 0
 1 0 1 0 0 1 1 0 0 0 1 1 0 0 1
 0 0 1 1 1 0 0 0 0 1 1 1 1 0 0
 1 1 0 0 1 0 0 1 1 0 1 0 0 0 1
 0 0 0 1 0 1 1 1 0 0 0 1 1 0 1
 0 0 0 0 1 1 0 0 1 0 0 1 1 1 1
 0 0 1 1 1 1 0 0 0 1 1 0 0 0 1
 1 1 0 0 1 1 0 0 1 1 0 0 0 0 1
 1 1 1 0 0 0 0 1 0 1 0 0 1 1 0
 0 0 0 1 0 0 1 0 1 1 1 0 1 1 0
 0 1 1 0 0 1 0 1 1 0 0 1 1 0 0
 0 1 1 1 0 0 1 1 0 0 1 0 0 1 0
 1 1 0 0 1 1 1 0 0 0 0 0 0 1 1
 1 1 1 1 1 0 1 0 0 1 0 0 0 0 0
 1 0 0 1 0 0 0 1 1 0 1 1 0 1 0

Warwick 623: balanced orders and products, 7 products per order
15 15
 1 0 0 0 0 1 1 0 1 1 1 1 0 0 0
 0 1 1 1 1 0 1 1 1 0 0 0 0 0 0
 0 1 0 1 0 1 0 1 1 0 1 1 0 0 0
 1 0 1 0 0 0 0 0 1 0 0 1 1 1 1
 0 1 0 1 1 0 0 1 0 0 0 1 1 1 0
 1 0 1 1 1 1 0 0 0 1 0 0 0 1 0
 0 1 1 0 0 0 0 1 0 1 1 1 0 0 1
 1 0 0 1 0 1 1 1 0 1 0 0 0 0 1
 1 0 1 0 1 0 1 0 0 0 0 0 1 1 1
 1 1 0 1 0 0 0 1 1 0 1 0 0 1 0
 0 1 0 0 0 1 0 1 1 1 0 0 1 0 1
 0 1 1 0 0 1 1 0 1 0 1 0 1 0 0
 0 0 0 0 1 0 1 0 0 0 1 1 1 1 1
 1 0 1 0 1 1 0 0 0 1 0 0 1 1 0
 0 0 0 1 1 0 1 0 0 1 1 1 0 0 1

Warwick 624: balanced orders and products, 7 products per order
15 15
 0 0 0 1 1 0 1 1 0 1 0 1 1 0 0
 0 0 0 0 0 1 0 0 1 1 0 1 1 1 1
 1 0 0 1 0 1 0 1 0 0 1 0 1 0 1
 0 1 1 0 0 0 1 1 1 0 1 0 0 0 1
 0 1 0 1 1 0 1 0 0 0 0 0 1 1 1
 1 0 1 0 0 1 0 0 0 1 0 0 1 1 1
 1 0 0 0 1 1 0 1 1 0 0 1 1 0 0
 1 1 0 1 1 0 0 1 0 0 0 1 0 0 1
 1 0 1 1 0 0 1 0 0 0 1 1 0 1 0
 0 1 0 0 0 1 0 0 1 1 1 1 0 0 1
 0 0 1 0 1 1 1 0 1 1 1 0 0 0 0
 0 0 1 0 1 1 1 1 0 1 0 0 0 1 0
 1 1 0 1 0 0 1 0 1 0 1 1 0 0 0
 1 1 1 1 1 0 0 1 0 0 0 0 0 1 0
 0 1 1 0 0 0 0 0 1 1 1 0 1 1 0

Warwick 625: balanced orders and products, 7 products per order
15 15
 1 1 0 1 0 1 0 1 0 0 0 0 1 1 0
 1 0 1 1 1 1 0 1 0 0 1 0 0 0 0
 1 0 1 0 0 0 0 0 1 0 0 1 1 1 1
 0 1 1 0 0 0 1 1 0 1 1 0 1 0 0
 1 1 1 0 0 1 1 0 0 0 0 0 1 0 1
 0 0 0 1 0 0 1 0 1 1 1 0 1 0 1
 1 0 0 0 0 1 1 0 0 1 1 1 0 0 1
 1 1 1 0 1 0 0 1 1 1 0 0 0 0 0
 0 1 1 1 1 0 0 0 0 0 0 1 1 1 0
 0 1 0 0 1 1 0 1 1 1 0 1 0 0 0
 1 0 0 1 0 1 1 0 0 0 0 1 0 1 1
 0 0 0 0 1 0 1 0 1 0 1 1 0 1 1
 0 0 0 1 1 0 1 1 0 0 1 0 0 1 1
 0 0 1 0 0 1 0 1 1 1 1 1 0 0 0
 0 1 0 1 1 0 0 0 1 1 0 0 1 1 0

Warwick 626: balanced orders and products, 7 products per order
15 15
 1 0 1 0 1 0 0 1 1 0 0 1 0 1 0
 0 0 1 0 1 0 1 0 0 1 1 0 0 1 1
 1 0 1 0 0 0 1 1 0 1 0 0 0 1 1
 1 1 1 0 1 1 0 0 0 0 0 0 1 0 1
 1 1 1 0 0 1 1 1 0 0 0 0 0 0 1
 1 1 0 0 1 1 0 1 0 0 1 0 0 0 1
 1 1 0 1 0 1 0 0 1 0 0 0 1 1 0
 0 1 1 0 0 1 0 1 1 0 1 1 0 0 0
 0 1 0 1 1 0 1 0 1 1 0 0 0 0 1
 0 0 0 0 0 1 1 1 0 1 0 1 1 1 0
 0 0 0 1 0 1 1 0 1 0 1 0 1 1 0
 0 1 1 1 1 0 0 0 1 0 0 1 1 0 0
 1 0 0 1 0 0 1 0 0 1 1 1 1 0 0
 0 0 0 1 0 0 0 0 1 1 1 1 1 1 0
 0 0 0 1 1 0 0 1 0 1 1 1 0 0 1

Warwick 627: balanced orders and products, 7 products per order
15 15
 0 1 1 1 1 0 1 1 0 0 1 0 0 0 0
 0 1 0 1 0 1 0 1 1 1 0 1 0 0 0
 0 0 1 1 1 1 1 1 0 0 0 1 0 0 0
 1 1 1 0 0 0 0 0 0 1 0 0 1 1 1
 1 1 0 1 0 0 1 0 0 1 1 0 0 0 1
 1 0 0 0 0 1 1 0 1 1 1 1 0 0 0
 0 1 0 0 0 1 0 0 1 1 0 0 1 1 1
 0 0 0 0 0 1 1 0 1 1 0 1 0 1 1
 1 1 1 0 1 0 0 0 0 0 1 0 1 1 0
 1 1 1 0 1 0 0 1 1 0 0 0 0 0 1
 1 0 1 0 1 1 1 1 0 0 0 0 0 1 0
 0 0 1 1 0 1 0 0 1 0 0 1 1 0 1
 0 0 0 1 0 0 0 0 1 0 1 1 1 1 1
 0 0 0 1 1 0 0 1 0 1 1 1 1 0 0
 1 0 0 0 1 0 1 1 0 0 1 0 1 1 0

Warwick 628: balanced orders and products, 7 products per order
15 15
 1 1 0 1 1 1 1 0 0 0 0 0 1 0 0
 1 1 0 0 0 0 0 1 1 1 1 0 0 0 1
 0 0 1 1 1 0 0 0 0 1 1 0 0 1 1
 0 0 0 0 0 0 1 1 1 0 1 1 0 1 1
 0 1 1 0 0 1 1 0 0 0 1 0 1 1 0
 0 0 0 1 1 1 1 0 1 0 0 0 1 0 1
 0 1 0 1 0 1 0 0 1 1 0 1 0 0 1
 0 0 1 0 1 0 1 0 1 1 0 1 0 1 0
 1 1 1 0 1 1 0 0 0 0 0 0 1 1 0
 0 0 1 1 0 0 1 1 0 1 1 1 0 0 0
 1 1 1 0 0 0 0 1 0 0 0 1 0 1 1
 1 0 1 1 0 1 0 1 0 0 0 0 1 0 1
 0 1 0 0 1 0 0 1 1 1 0 1 1 0 0
 1 0 0 0 1 0 0 1 0 1 1 1 1 0 0
 1 0 0 1 0 1 1 0 1 0 1 0 0 1 0

Warwick 629: balanced orders and products, 7 products per order
15 15
 0 0 1 1 0 1 0 0 0 1 1 1 0 1 0
 1 0 0 1 1 1 0 1 0 0 1 0 1 0 0
 1 1 0 0 1 1 0 1 1 0 0 0 0 0 1
 0 1 0 0 1 1 0 0 0 1 0 1 1 1 0
 0 1 0 1 1 0 0 0 0 1 1 1 0 0 1
 1 0 1 0 1 0 1 1 1 0 0 0 0 1 0
 0 1 1 1 0 1 1 1 0 1 0 0 0 0 0
 0 1 0 0 0 0 0 0 1 0 1 1 1 1 1
 0 0 1 1 0 1 1 0 0 1 1 0 1 0 0
 0 1 1 1 0 0 0 1 1 0 0 1 1 0 0
 1 1 0 0 1 0 0 1 1 1 0 1 0 0 0
 1 0 1 0 0 0 1 0 1 1 0 0 0 1 1
 0 0 1 0 1 0 1 0 1 0 1 1 0 0 1
 1 0 0 0 0 0 1 1 0 0 1 0 1 1 1
 1 0 0 1 0 1 1 0 0 0 0 0 1 1 1

Warwick 630: balanced orders and products, 7 products per order
15 15
 1 1 1 0 1 0 0 0 0 1 1 0 0 1 0
 1 1 0 0 0 0 0 0 1 0 1 1 1 1 0
 0 1 0 1 1 1 0 1 0 0 1 0 0 1 0
 1 0 1 0 0 0 0 1 1 1 0 1 1 0 0
 0 1 1 0 1 0 1 0 0 1 1 0 0 0 1
 0 1 0 1 1 0 1 1 0 1 0 1 0 0 0
 1 0 0 1 0 0 1 1 0 0 0 1 0 1 1
 0 0 0 0 0 0 1 0 1 1 1 1 1 1 0
 0 0 1 0 0 1 0 1 1 0 0 1 1 0 1
 0 0 1 1 0 1 1 1 1 0 0 0 0 1 0
 0 0 0 1 1 0 1 0 1 1 1 0 0 1 0
 1 0 1 1 0 1 0 0 0 1 0 0 1 0 1
 0 0 0 0 1 1 0 1 0 0 1 1 1 0 1
 1 1 0 1 1 1 0 0 1 0 0 0 0 0 1
 1 1 1 0 0 1 1 0 0 0 0 0 1 0 1

