Warwick 1651: balanced orders and products, 2 products per order
30 15
 1 0 0 0 0 0 0 0 0 0 0 0 0 0 1
 0 0 0 0 0 0 0 0 0 1 1 0 0 0 0
 0 0 1 0 0 0 0 0 0 0 1 0 0 0 0
 0 0 0 0 0 0 0 0 1 0 0 0 0 1 0
 0 0 0 0 1 0 0 1 0 0 0 0 0 0 0
 0 0 0 0 0 0 0 0 1 0 0 0 0 1 0
 0 0 0 1 0 0 0 0 0 0 0 1 0 0 0
 0 0 0 0 0 0 1 0 1 0 0 0 0 0 0
 0 0 0 0 1 0 1 0 0 0 0 0 0 0 0
 0 0 0 1 0 1 0 0 0 0 0 0 0 0 0
 0 1 0 0 1 0 0 0 0 0 0 0 0 0 0
 1 0 0 0 0 0 0 0 0 0 0 0 0 0 1
 1 1 0 0 0 0 0 0 0 0 0 0 0 0 0
 0 0 0 0 0 1 0 0 0 0 1 0 0 0 0
 0 1 0 0 0 0 0 0 0 0 0 1 0 0 0
 0 0 0 0 0 0 0 0 0 0 1 0 1 0 0
 0 0 0 0 1 0 0 1 0 0 0 0 0 0 0
 0 0 1 0 0 0 1 0 0 0 0 0 0 0 0
 0 0 0 1 0 0 0 0 0 1 0 0 0 0 0
 1 0 0 0 0 0 0 0 0 1 0 0 0 0 0
 0 0 0 0 0 0 0 0 0 0 0 1 0 1 0
 0 0 0 0 0 0 1 0 0 0 0 0 0 0 1
 0 0 0 0 0 0 0 0 0 1 0 0 0 1 0
 0 0 0 0 0 0 0 0 0 0 0 0 1 0 1
 0 0 0 0 0 1 0 0 1 0 0 0 0 0 0
 0 1 0 0 0 0 0 0 0 0 0 1 0 0 0
 0 0 1 1 0 0 0 0 0 0 0 0 0 0 0
 0 0 0 0 0 1 0 0 0 0 0 0 1 0 0
 0 0 1 0 0 0 0 1 0 0 0 0 0 0 0
 0 0 0 0 0 0 0 1 0 0 0 0 1 0 0

Warwick 1652: balanced orders and products, 2 products per order
30 15
 0 0 1 0 0 0 0 1 0 0 0 0 0 0 0
 0 1 0 0 0 0 0 0 1 0 0 0 0 0 0
 1 0 0 0 0 0 0 0 0 0 0 0 0 1 0
 0 0 0 0 1 0 0 1 0 0 0 0 0 0 0
 0 0 1 0 0 0 0 0 0 0 0 0 1 0 0
 0 0 0 0 0 1 0 0 0 0 0 0 0 0 1
 0 0 0 0 0 0 0 0 1 0 0 1 0 0 0
 0 0 0 0 0 1 0 0 1 0 0 0 0 0 0
 0 1 0 0 0 0 1 0 0 0 0 0 0 0 0
 0 0 0 0 0 0 1 0 0 0 1 0 0 0 0
 0 0 0 1 0 0 0 0 0 0 0 0 0 1 0
 1 1 0 0 0 0 0 0 0 0 0 0 0 0 0
 0 0 0 0 0 0 0 0 0 0 0 0 1 1 0
 0 0 0 0 0 0 0 0 0 0 1 1 0 0 0
 0 0 0 0 1 0 0 0 0 0 0 0 0 0 1
 0 0 0 0 0 0 0 0 0 0 1 1 0 0 0
 0 0 0 0 1 0 0 0 0 0 0 1 0 0 0
 0 1 0 0 0 0 0 0 0 1 0 0 0 0 0
 0 0 0 0 0 0 1 0 0 0 0 0 1 0 0
 0 0 0 0 1 0 0 0 0 0 0 0 0 0 1
 1 0 0 1 0 0 0 0 0 0 0 0 0 0 0
 0 0 0 0 0 0 0 0 1 0 0 0 1 0 0
 0 0 1 0 0 1 0 0 0 0 0 0 0 0 0
 0 0 1 0 0 1 0 0 0 0 0 0 0 0 0
 0 0 0 1 0 0 1 0 0 0 0 0 0 0 0
 1 0 0 0 0 0 0 0 0 0 1 0 0 0 0
 0 0 0 0 0 0 0 1 0 1 0 0 0 0 0
 0 0 0 0 0 0 0 0 0 1 0 0 0 1 0
 0 0 0 1 0 0 0 1 0 0 0 0 0 0 0
 0 0 0 0 0 0 0 0 0 1 0 0 0 0 1

Warwick 1653: balanced orders and products, 2 products per order
30 15
 0 0 0 0 0 1 0 0 0 0 1 0 0 0 0
 0 1 0 0 0 1 0 0 0 0 0 0 0 0 0
 0 1 0 0 0 0 0 0 1 0 0 0 0 0 0
 0 0 0 0 0 0 0 0 0 0 0 0 1 1 0
 1 0 0 0 0 0 0 0 0 0 0 1 0 0 0
 0 0 0 0 0 0 0 0 0 1 0 0 1 0 0
 0 0 1 0 0 0 1 0 0 0 0 0 0 0 0
 0 0 0 0 0 0 0 0 0 0 0 1 0 0 1
 0 0 0 0 0 0 0 0 1 1 0 0 0 0 0
 0 0 0 0 0 0 0 0 0 0 0 0 1 1 0
 0 0 1 0 0 0 0 0 1 0 0 0 0 0 0
 0 0 0 0 1 0 0 0 0 0 0 0 1 0 0
 0 0 1 0 0 1 0 0 0 0 0 0 0 0 0
 0 1 0 1 0 0 0 0 0 0 0 0 0 0 0
 0 0 0 0 0 0 1 0 0 1 0 0 0 0 0
 1 0 0 0 1 0 0 0 0 0 0 0 0 0 0
 0 1 0 0 0 0 0 1 0 0 0 0 0 0 0
 0 0 0 1 0 0 0 0 0 0 0 1 0 0 0
 0 0 0 0 0 0 0 0 0 0 0 0 0 1 1
 0 0 1 0 0 0 0 0 0 0 0 0 0 1 0
 1 0 0 0 0 0 1 0 0 0 0 0 0 0 0
 0 0 0 0 0 0 0 0 0 1 0 0 0 0 1
 0 0 0 0 0 1 0 1 0 0 0 0 0 0 0
 0 0 0 0 0 0 0 1 0 0 1 0 0 0 0
 0 0 0 1 1 0 0 0 0 0 0 0 0 0 0
 0 0 0 1 0 0 0 0 1 0 0 0 0 0 0
 0 0 0 0 0 0 0 1 0 0 1 0 0 0 0
 0 0 0 0 0 0 0 0 0 0 1 1 0 0 0
 1 0 0 0 1 0 0 0 0 0 0 0 0 0 0
 0 0 0 0 0 0 1 0 0 0 0 0 0 0 1

Warwick 1654: balanced orders and products, 2 products per order
30 15
 0 1 0 0 0 0 0 0 1 0 0 0 0 0 0
 0 0 0 0 0 0 0 0 0 0 1 0 0 1 0
 0 0 0 1 0 0 0 0 0 0 0 1 0 0 0
 0 1 0 0 0 0 0 0 0 0 1 0 0 0 0
 0 1 0 0 0 0 0 0 0 0 0 0 0 0 1
 0 0 0 1 0 0 0 1 0 0 0 0 0 0 0
 1 0 0 0 0 0 0 0 0 0 0 0 0 1 0
 0 0 1 0 0 0 0 1 0 0 0 0 0 0 0
 0 0 0 0 1 0 0 0 1 0 0 0 0 0 0
 0 0 0 0 0 1 0 0 0 1 0 0 0 0 0
 1 0 0 0 0 0 0 0 0 0 0 1 0 0 0
 1 0 0 0 0 0 0 1 0 0 0 0 0 0 0
 0 0 0 0 0 1 0 0 1 0 0 0 0 0 0
 0 0 0 0 0 0 0 0 0 0 0 0 1 0 1
 0 0 0 0 0 0 1 0 0 0 1 0 0 0 0
 0 0 0 0 0 1 0 0 1 0 0 0 0 0 0
 0 0 1 0 0 0 0 0 0 0 0 0 0 1 0
 0 0 0 0 1 0 0 1 0 0 0 0 0 0 0
 0 0 0 0 0 0 0 0 0 1 1 0 0 0 0
 0 0 1 0 0 0 0 0 0 0 0 0 0 1 0
 0 0 0 0 0 0 1 0 0 0 0 1 0 0 0
 0 0 0 0 1 0 0 0 0 0 0 1 0 0 0
 1 1 0 0 0 0 0 0 0 0 0 0 0 0 0
 0 0 0 0 0 0 1 0 0 0 0 0 1 0 0
 0 0 0 0 0 0 0 0 0 0 0 0 1 0 1
 0 0 1 1 0 0 0 0 0 0 0 0 0 0 0
 0 0 0 1 0 0 0 0 0 1 0 0 0 0 0
 0 0 0 0 0 0 0 0 0 0 0 0 1 0 1
 0 0 0 0 1 0 1 0 0 0 0 0 0 0 0
 0 0 0 0 0 1 0 0 0 1 0 0 0 0 0

Warwick 1655: balanced orders and products, 2 products per order
30 15
 0 0 0 0 0 1 0 0 0 1 0 0 0 0 0
 0 0 1 1 0 0 0 0 0 0 0 0 0 0 0
 0 0 0 0 0 0 0 1 0 0 0 0 1 0 0
 0 0 0 1 0 0 0 0 0 0 1 0 0 0 0
 0 0 0 0 0 0 1 0 0 0 1 0 0 0 0
 0 0 1 0 0 0 0 0 1 0 0 0 0 0 0
 0 0 0 0 0 1 0 1 0 0 0 0 0 0 0
 0 0 0 0 0 0 0 0 0 0 1 1 0 0 0
 1 0 0 0 0 0 1 0 0 0 0 0 0 0 0
 1 0 0 0 0 0 1 0 0 0 0 0 0 0 0
 0 0 0 0 0 1 0 0 1 0 0 0 0 0 0
 1 0 0 1 0 0 0 0 0 0 0 0 0 0 0
 0 0 0 0 0 0 0 0 1 0 0 0 0 1 0
 0 1 0 0 0 0 0 0 0 0 0 0 0 1 0
 0 1 0 0 0 0 0 0 0 0 0 0 0 0 1
 0 1 0 0 0 0 0 0 0 0 0 0 0 1 0
 0 0 0 0 0 0 0 0 0 1 0 0 0 0 1
 0 0 0 0 1 0 0 1 0 0 0 0 0 0 0
 0 0 1 0 0 0 0 0 1 0 0 0 0 0 0
 0 0 0 0 0 1 0 0 0 0 0 1 0 0 0
 0 0 0 0 0 0 0 0 0 0 0 0 1 1 0
 0 0 1 0 0 0 0 0 0 0 0 0 0 0 1
 1 0 0 0 0 0 0 0 0 1 0 0 0 0 0
 0 0 0 0 0 0 0 0 0 0 1 0 1 0 0
 0 0 0 0 1 0 0 0 0 0 0 1 0 0 0
 0 0 0 1 1 0 0 0 0 0 0 0 0 0 0
 0 0 0 0 1 0 0 0 0 0 0 0 0 0 1
 0 1 0 0 0 0 0 1 0 0 0 0 0 0 0
 0 0 0 0 0 0 0 0 0 1 0 1 0 0 0
 0 0 0 0 0 0 1 0 0 0 0 0 1 0 0

Warwick 1656: balanced orders and products, 2 products per order
30 15
 0 0 0 0 1 0 0 0 1 0 0 0 0 0 0
 0 0 0 1 0 0 1 0 0 0 0 0 0 0 0
 0 0 0 0 0 0 0 1 0 0 0 0 1 0 0
 0 0 0 0 1 0 0 0 0 0 1 0 0 0 0
 0 0 0 1 0 0 0 1 0 0 0 0 0 0 0
 0 0 0 0 0 0 0 0 0 0 1 0 1 0 0
 1 0 0 0 0 0 0 0 0 0 0 0 0 1 0
 0 0 0 0 1 0 1 0 0 0 0 0 0 0 0
 1 0 0 0 0 0 0 0 0 0 1 0 0 0 0
 0 0 0 0 0 0 1 0 0 0 0 0 1 0 0
 0 0 0 0 0 1 0 0 0 0 0 0 0 0 1
 0 0 0 0 0 0 0 0 0 1 0 0 0 0 1
 0 0 0 0 0 0 0 0 0 0 0 0 0 1 1
 1 0 0 0 0 0 1 0 0 0 0 0 0 0 0
 0 0 0 0 0 0 0 0 1 0 0 0 0 1 0
 0 1 0 0 0 0 0 0 0 0 0 0 1 0 0
 1 0 0 0 0 0 0 0 1 0 0 0 0 0 0
 0 0 0 0 0 1 0 0 0 0 0 0 0 0 1
 0 0 0 0 0 1 0 0 0 0 1 0 0 0 0
 0 0 0 0 0 0 0 0 0 1 0 1 0 0 0
 0 0 1 0 0 0 0 0 1 0 0 0 0 0 0
 0 0 1 1 0 0 0 0 0 0 0 0 0 0 0
 0 0 0 0 0 0 0 1 0 0 0 1 0 0 0
 0 0 0 1 1 0 0 0 0 0 0 0 0 0 0
 0 1 0 0 0 0 0 0 0 0 0 1 0 0 0
 0 0 1 0 0 0 0 0 0 0 0 1 0 0 0
 0 1 0 0 0 0 0 0 0 1 0 0 0 0 0
 0 0 0 0 0 0 0 1 0 0 0 0 0 1 0
 0 0 0 0 0 1 0 0 0 1 0 0 0 0 0
 0 1 1 0 0 0 0 0 0 0 0 0 0 0 0

Warwick 1657: balanced orders and products, 2 products per order
30 15
 0 0 0 1 0 0 0 0 1 0 0 0 0 0 0
 0 1 0 0 0 0 0 0 0 1 0 0 0 0 0
 0 0 1 0 0 0 0 0 0 0 0 1 0 0 0
 0 0 0 0 0 0 0 0 0 0 0 0 0 1 1
 0 0 0 0 0 0 0 1 0 0 1 0 0 0 0
 0 0 0 0 0 1 0 0 0 0 0 0 1 0 0
 0 0 0 0 1 0 0 0 0 1 0 0 0 0 0
 0 0 1 0 0 0 0 0 0 1 0 0 0 0 0
 0 0 0 0 0 0 1 0 1 0 0 0 0 0 0
 0 0 0 0 1 0 0 0 0 1 0 0 0 0 0
 0 0 1 0 0 0 0 0 0 0 0 1 0 0 0
 0 0 0 0 0 0 1 0 0 0 0 0 0 0 1
 0 0 0 0 0 0 1 0 0 0 0 0 0 0 1
 1 0 1 0 0 0 0 0 0 0 0 0 0 0 0
 0 1 0 0 0 0 0 0 0 0 1 0 0 0 0
 0 0 0 0 0 0 1 0 0 0 0 0 0 1 0
 0 0 0 0 1 1 0 0 0 0 0 0 0 0 0
 0 0 0 1 0 0 0 0 0 0 1 0 0 0 0
 1 0 0 0 0 0 0 0 0 0 0 0 1 0 0
 0 0 0 0 0 0 0 1 0 0 0 0 0 1 0
 1 0 0 0 0 1 0 0 0 0 0 0 0 0 0
 0 0 0 0 0 0 0 0 0 0 0 0 1 1 0
 0 0 0 0 0 0 0 0 1 0 0 0 1 0 0
 1 0 0 0 0 0 0 0 0 0 0 0 0 0 1
 0 1 0 0 0 0 0 1 0 0 0 0 0 0 0
 0 0 0 0 0 0 0 0 0 0 1 1 0 0 0
 0 0 0 0 0 0 0 1 1 0 0 0 0 0 0
 0 0 0 0 1 0 0 0 0 0 0 1 0 0 0
 0 0 0 1 0 1 0 0 0 0 0 0 0 0 0
 0 1 0 1 0 0 0 0 0 0 0 0 0 0 0

Warwick 1658: balanced orders and products, 2 products per order
30 15
 0 0 0 0 0 1 0 0 0 0 0 1 0 0 0
 0 0 0 1 0 0 0 0 0 0 0 0 1 0 0
 0 0 0 0 0 0 0 0 1 0 0 0 0 1 0
 0 0 0 0 0 0 1 0 0 0 1 0 0 0 0
 0 1 0 0 0 0 0 0 0 1 0 0 0 0 0
 0 0 1 0 0 0 0 0 1 0 0 0 0 0 0
 1 0 0 0 0 0 0 1 0 0 0 0 0 0 0
 0 0 0 0 1 0 0 0 0 0 0 1 0 0 0
 0 1 0 0 0 0 0 0 0 0 0 0 0 1 0
 0 0 0 0 0 1 1 0 0 0 0 0 0 0 0
 0 0 0 1 0 0 0 0 0 0 0 1 0 0 0
 1 0 0 0 0 0 0 0 0 0 1 0 0 0 0
 0 0 0 0 0 0 0 0 0 1 0 0 0 0 1
 0 0 0 0 1 0 0 0 0 0 0 0 0 1 0
 0 0 0 0 0 0 0 0 0 0 1 0 1 0 0
 0 0 0 0 0 0 0 0 1 0 0 0 1 0 0
 0 0 0 1 0 1 0 0 0 0 0 0 0 0 0
 0 0 0 0 0 0 0 1 0 0 0 0 0 1 0
 0 1 0 0 1 0 0 0 0 0 0 0 0 0 0
 0 0 0 1 0 0 0 0 0 1 0 0 0 0 0
 0 0 0 0 0 1 0 0 0 0 0 0 0 0 1
 1 0 0 0 0 0 0 1 0 0 0 0 0 0 0
 1 0 0 0 0 0 0 0 0 0 0 0 0 0 1
 0 0 1 0 0 0 1 0 0 0 0 0 0 0 0
 0 1 0 0 1 0 0 0 0 0 0 0 0 0 0
 0 0 1 0 0 0 0 0 0 1 0 0 0 0 0
 0 0 0 0 0 0 1 0 0 0 0 0 1 0 0
 0 0 1 0 0 0 0 0 0 0 1 0 0 0 0
 0 0 0 0 0 0 0 0 0 0 0 1 0 0 1
 0 0 0 0 0 0 0 1 1 0 0 0 0 0 0

Warwick 1659: balanced orders and products, 2 products per order
30 15
 0 0 0 1 0 0 0 1 0 0 0 0 0 0 0
 0 1 0 0 1 0 0 0 0 0 0 0 0 0 0
 0 0 0 0 0 0 0 0 0 1 0 0 0 1 0
 0 0 1 0 0 0 0 1 0 0 0 0 0 0 0
 0 0 0 0 0 0 0 0 0 1 0 0 0 0 1
 0 0 0 0 1 0 1 0 0 0 0 0 0 0 0
 0 0 0 0 0 0 0 1 0 0 0 1 0 0 0
 0 0 0 0 0 1 0 0 0 1 0 0 0 0 0
 0 0 0 0 0 0 0 0 0 0 0 1 0 0 1
 0 0 0 0 0 0 1 0 0 1 0 0 0 0 0
 0 0 0 0 0 0 0 0 1 0 0 0 1 0 0
 0 0 0 0 0 0 0 0 1 0 1 0 0 0 0
 0 0 1 0 0 0 0 0 0 0 0 0 0 0 1
 0 0 0 0 0 0 1 0 0 0 1 0 0 0 0
 0 0 0 1 0 0 0 0 0 0 0 0 1 0 0
 1 0 0 0 1 0 0 0 0 0 0 0 0 0 0
 0 0 0 0 1 0 0 0 0 0 0 0 0 1 0
 0 0 1 0 0 0 0 0 0 0 0 1 0 0 0
 0 0 0 0 0 0 0 1 0 0 1 0 0 0 0
 0 1 0 0 0 0 0 0 0 0 0 1 0 0 0
 0 0 0 0 0 1 0 0 1 0 0 0 0 0 0
 0 0 0 0 0 1 0 0 0 0 0 0 0 1 0
 0 0 0 0 0 0 1 0 0 0 0 0 1 0 0
 0 0 0 1 0 0 0 0 0 0 0 0 0 1 0
 1 0 0 0 0 1 0 0 0 0 0 0 0 0 0
 1 0 0 0 0 0 0 0 0 0 0 0 0 0 1
 0 0 0 0 0 0 0 0 1 0 1 0 0 0 0
 1 0 0 1 0 0 0 0 0 0 0 0 0 0 0
 0 1 1 0 0 0 0 0 0 0 0 0 0 0 0
 0 1 0 0 0 0 0 0 0 0 0 0 1 0 0

Warwick 1660: balanced orders and products, 2 products per order
30 15
 1 0 0 0 0 1 0 0 0 0 0 0 0 0 0
 0 0 0 1 0 0 0 0 0 0 1 0 0 0 0
 0 0 0 0 0 0 1 0 0 0 1 0 0 0 0
 0 0 0 0 1 0 0 0 1 0 0 0 0 0 0
 0 0 0 0 1 0 0 0 0 1 0 0 0 0 0
 0 0 0 0 0 0 0 0 0 0 0 1 0 0 1
 0 0 0 0 0 0 0 0 1 0 0 0 0 1 0
 0 0 0 1 0 0 0 0 0 0 0 0 0 1 0
 0 0 0 1 0 0 1 0 0 0 0 0 0 0 0
 0 0 0 0 0 0 1 0 1 0 0 0 0 0 0
 1 0 1 0 0 0 0 0 0 0 0 0 0 0 0
 0 0 0 0 0 0 0 0 0 0 0 0 1 0 1
 1 1 0 0 0 0 0 0 0 0 0 0 0 0 0
 0 0 0 0 0 0 0 1 0 0 0 1 0 0 0
 0 0 1 0 0 0 0 0 0 0 0 0 1 0 0
 0 1 0 0 0 0 0 0 0 0 0 0 1 0 0
 0 0 0 0 0 0 0 0 0 1 0 1 0 0 0
 1 0 0 0 0 0 0 0 0 0 0 0 0 1 0
 0 0 0 0 1 0 0 0 1 0 0 0 0 0 0
 0 0 0 0 0 0 0 1 0 0 0 1 0 0 0
 0 0 1 0 0 0 0 0 0 0 1 0 0 0 0
 0 0 1 0 1 0 0 0 0 0 0 0 0 0 0
 0 0 0 0 0 1 0 0 0 0 0 0 0 1 0
 0 0 0 0 0 0 1 1 0 0 0 0 0 0 0
 0 0 0 0 0 0 0 0 0 0 1 0 1 0 0
 0 1 0 1 0 0 0 0 0 0 0 0 0 0 0
 0 0 0 0 0 0 0 0 0 1 0 0 0 0 1
 0 1 0 0 0 0 0 0 0 1 0 0 0 0 0
 0 0 0 0 0 1 0 1 0 0 0 0 0 0 0
 0 0 0 0 0 1 0 0 0 0 0 0 0 0 1

Warwick 1661: balanced orders and products, 3 products per order
30 15
 0 0 0 0 0 1 0 0 1 0 0 0 0 0 1
 0 0 0 0 0 1 0 0 0 0 1 0 0 0 1
 0 0 0 1 0 0 1 1 0 0 0 0 0 0 0
 0 1 0 1 0 0 0 1 0 0 0 0 0 0 0
 0 0 1 1 0 0 0 0 0 0 0 1 0 0 0
 0 0 0 0 0 1 0 0 0 0 0 0 1 1 0
 0 1 0 0 0 0 0 0 0 0 0 1 1 0 0
 1 0 0 0 0 0 0 1 0 0 0 0 0 0 1
 0 0 0 0 0 1 0 0 0 0 0 1 0 1 0
 0 0 0 0 1 0 0 0 0 0 0 1 0 1 0
 0 0 0 0 1 0 0 0 1 1 0 0 0 0 0
 0 0 1 0 0 0 0 1 0 0 0 0 1 0 0
 0 0 0 0 0 0 0 0 0 0 1 0 0 1 1
 0 0 1 0 0 0 1 0 1 0 0 0 0 0 0
 1 0 0 0 0 0 0 0 0 0 0 1 0 1 0
 0 1 0 0 0 0 1 0 0 0 0 0 0 0 1
 0 0 0 0 1 1 0 1 0 0 0 0 0 0 0
 0 0 0 1 0 0 0 0 0 1 1 0 0 0 0
 0 1 0 1 0 0 0 0 0 0 1 0 0 0 0
 0 0 1 0 1 0 0 0 0 0 0 0 0 0 1
 1 0 0 0 0 0 0 0 0 1 1 0 0 0 0
 1 1 0 0 0 0 0 0 0 1 0 0 0 0 0
 0 0 0 0 0 0 1 1 0 0 0 0 1 0 0
 0 0 0 1 1 0 0 0 0 1 0 0 0 0 0
 0 0 0 0 0 1 1 0 0 0 0 0 0 1 0
 0 0 1 0 1 0 0 0 1 0 0 0 0 0 0
 1 0 0 0 0 0 0 0 1 0 0 0 1 0 0
 1 0 0 0 0 0 0 0 0 0 0 1 1 0 0
 0 0 1 0 0 0 0 0 1 1 0 0 0 0 0
 0 1 0 0 0 0 1 0 0 0 1 0 0 0 0

Warwick 1662: balanced orders and products, 3 products per order
30 15
 0 0 0 0 0 0 1 0 1 0 0 1 0 0 0
 0 1 0 0 0 0 0 0 0 0 1 1 0 0 0
 0 0 1 0 0 0 0 1 0 0 0 0 0 0 1
 1 0 0 0 0 0 0 1 0 0 1 0 0 0 0
 0 0 0 1 0 0 1 0 0 0 0 0 1 0 0
 1 0 0 1 0 0 0 0 0 1 0 0 0 0 0
 0 0 0 0 0 1 0 1 1 0 0 0 0 0 0
 0 1 1 0 0 0 0 0 1 0 0 0 0 0 0
 0 0 0 0 1 0 0 0 0 0 1 0 1 0 0
 0 0 0 0 0 0 1 0 0 0 0 0 0 1 1
 0 0 1 1 0 0 1 0 0 0 0 0 0 0 0
 0 0 0 0 0 0 0 0 0 1 0 1 0 1 0
 0 0 1 0 1 1 0 0 0 0 0 0 0 0 0
 1 1 0 0 0 0 0 0 1 0 0 0 0 0 0
 0 1 0 1 0 0 0 0 0 0 1 0 0 0 0
 0 0 0 0 1 0 0 0 1 0 0 0 0 1 0
 1 1 0 0 0 0 0 0 0 0 0 0 1 0 0
 0 0 0 0 0 1 0 0 1 0 1 0 0 0 0
 0 0 0 0 0 0 0 1 0 1 0 0 1 0 0
 1 0 0 0 1 0 0 0 0 0 0 0 0 1 0
 0 0 0 1 0 0 0 0 0 0 0 1 0 1 0
 0 0 1 0 0 0 1 0 0 0 0 0 1 0 0
 0 0 1 0 0 1 0 0 0 1 0 0 0 0 0
 1 0 0 0 0 1 1 0 0 0 0 0 0 0 0
 0 0 0 1 0 0 0 1 0 0 0 1 0 0 0
 0 0 0 0 1 0 0 0 0 1 0 0 0 0 1
 0 1 0 0 0 0 0 0 0 0 1 0 1 0 0
 0 0 0 0 0 0 0 0 0 1 0 1 0 0 1
 0 0 0 0 1 1 0 0 0 0 0 0 0 0 1
 0 0 0 0 0 0 0 1 0 0 0 0 0 1 1

Warwick 1663: balanced orders and products, 3 products per order
30 15
 1 0 1 0 0 0 0 0 1 0 0 0 0 0 0
 1 0 0 0 1 1 0 0 0 0 0 0 0 0 0
 0 1 0 0 0 0 1 0 0 0 0 1 0 0 0
 0 0 0 0 0 0 0 1 0 0 0 1 0 1 0
 0 0 0 0 1 0 0 0 0 0 0 1 0 1 0
 0 1 0 1 0 0 0 0 0 0 1 0 0 0 0
 0 0 0 1 0 0 0 0 1 0 0 0 0 0 1
 0 0 1 1 0 0 0 0 0 0 0 0 0 1 0
 0 0 0 1 0 0 0 0 0 1 0 0 0 1 0
 0 0 0 0 1 1 0 0 1 0 0 0 0 0 0
 0 0 0 0 0 0 0 1 1 0 0 0 0 0 1
 1 0 0 0 0 0 0 0 0 1 1 0 0 0 0
 0 0 0 1 1 0 0 0 0 0 0 0 0 1 0
 0 0 0 0 0 0 1 1 0 0 0 0 1 0 0
 0 0 0 0 0 0 1 0 0 0 1 1 0 0 0
 0 0 1 0 0 1 0 0 0 1 0 0 0 0 0
 1 0 0 0 0 1 0 0 0 0 0 0 0 0 1
 0 0 0 0 0 0 0 0 0 1 0 0 1 0 1
 0 0 0 0 1 0 0 1 0 0 0 1 0 0 0
 0 0 1 0 1 0 0 0 0 0 1 0 0 0 0
 0 0 0 0 0 0 0 0 1 1 0 0 0 0 1
 0 0 0 0 0 0 1 1 0 1 0 0 0 0 0
 1 0 1 0 0 0 0 0 0 0 1 0 0 0 0
 0 1 0 0 0 1 0 0 0 0 1 0 0 0 0
 0 0 0 0 0 1 0 0 1 0 0 0 1 0 0
 0 0 0 0 0 0 0 0 0 0 0 1 1 0 1
 0 1 1 0 0 0 0 1 0 0 0 0 0 0 0
 0 1 0 1 0 0 0 0 0 0 0 0 1 0 0
 1 0 0 0 0 0 1 0 0 0 0 0 1 0 0
 0 1 0 0 0 0 1 0 0 0 0 0 0 1 0

Warwick 1664: balanced orders and products, 3 products per order
30 15
 0 0 0 0 0 1 0 0 0 1 0 0 1 0 0
 1 0 0 0 0 0 1 0 1 0 0 0 0 0 0
 0 0 0 0 1 0 0 0 0 0 0 1 0 0 1
 0 0 0 0 1 0 0 0 0 0 0 0 1 0 1
 0 1 0 0 0 0 0 0 1 0 0 1 0 0 0
 0 0 0 0 1 0 0 0 1 0 0 1 0 0 0
 0 1 0 0 0 0 0 1 0 0 0 0 0 1 0
 0 0 0 0 1 0 1 0 0 1 0 0 0 0 0
 0 1 0 0 0 0 0 0 0 1 1 0 0 0 0
 0 0 0 1 0 0 0 1 0 0 1 0 0 0 0
 0 0 0 0 0 0 1 0 1 1 0 0 0 0 0
 0 0 0 0 0 1 0 0 0 0 1 0 1 0 0
 1 0 0 0 0 0 0 0 0 0 0 0 1 1 0
 0 0 1 0 1 0 1 0 0 0 0 0 0 0 0
 1 0 0 0 0 0 0 0 0 1 0 0 0 0 1
 1 1 0 0 0 0 0 1 0 0 0 0 0 0 0
 0 0 0 1 0 1 0 0 0 0 0 0 0 1 0
 0 0 0 0 0 1 1 0 0 0 0 1 0 0 0
 0 0 0 1 0 0 0 0 0 0 1 0 1 0 0
 0 0 1 0 0 0 0 0 0 0 0 1 1 0 0
 0 0 1 0 0 0 0 0 0 1 0 0 0 0 1
 0 0 1 0 0 0 0 0 1 0 1 0 0 0 0
 0 0 1 0 0 0 0 1 1 0 0 0 0 0 0
 0 1 0 0 0 0 0 1 0 0 0 1 0 0 0
 0 0 0 1 1 0 0 0 0 0 0 0 0 1 0
 1 0 0 1 0 0 0 0 0 0 1 0 0 0 0
 0 0 0 1 0 0 0 1 0 0 0 0 0 0 1
 0 1 1 0 0 0 1 0 0 0 0 0 0 0 0
 0 0 0 0 0 1 0 0 0 0 0 0 0 1 1
 1 0 0 0 0 1 0 0 0 0 0 0 0 1 0

Warwick 1665: balanced orders and products, 3 products per order
30 15
 0 1 0 1 0 0 0 0 1 0 0 0 0 0 0
 0 0 0 0 0 0 0 0 0 0 1 1 0 0 1
 0 0 0 0 0 1 0 0 1 0 0 0 0 1 0
 0 0 0 0 0 1 0 0 0 1 0 0 1 0 0
 0 0 0 0 0 0 1 1 0 1 0 0 0 0 0
 0 0 0 0 0 0 0 0 0 1 0 0 1 0 1
 0 1 0 0 1 0 0 0 1 0 0 0 0 0 0
 0 0 0 1 0 1 0 0 0 0 0 0 0 0 1
 0 0 0 0 1 0 0 1 0 0 0 1 0 0 0
 0 0 1 0 0 0 0 0 0 0 1 0 1 0 0
 0 0 0 0 0 0 1 0 1 0 0 0 1 0 0
 0 1 0 0 0 0 1 0 0 1 0 0 0 0 0
 0 0 1 0 0 1 0 0 0 0 1 0 0 0 0
 1 0 0 0 1 0 0 1 0 0 0 0 0 0 0
 0 1 1 0 0 0 0 1 0 0 0 0 0 0 0
 0 0 1 0 0 1 0 0 1 0 0 0 0 0 0
 1 1 0 0 0 0 0 1 0 0 0 0 0 0 0
 1 0 0 0 0 0 0 0 0 0 1 1 0 0 0
 0 0 0 0 1 0 0 0 0 0 0 1 0 1 0
 0 0 0 1 1 0 0 0 0 0 0 0 0 1 0
 0 0 0 0 0 1 0 0 0 0 1 0 1 0 0
 1 0 0 1 0 0 0 1 0 0 0 0 0 0 0
 0 0 1 0 0 0 0 0 0 0 0 0 0 1 1
 0 0 0 0 1 0 1 0 0 0 0 1 0 0 0
 0 1 1 1 0 0 0 0 0 0 0 0 0 0 0
 0 0 0 0 0 0 1 0 0 1 1 0 0 0 0
 0 0 0 1 0 0 0 0 0 0 0 1 0 0 1
 0 0 0 0 0 0 0 0 1 0 0 0 1 0 1
 1 0 0 0 0 0 0 0 0 1 0 0 0 1 0
 1 0 0 0 0 0 1 0 0 0 0 0 0 1 0

Warwick 1666: balanced orders and products, 3 products per order
30 15
 0 0 0 0 1 0 0 0 0 0 1 0 1 0 0
 0 1 0 0 0 0 1 0 0 0 0 0 0 0 1
 0 0 1 0 0 0 0 1 0 0 0 1 0 0 0
 0 0 0 0 1 0 0 1 0 0 0 0 0 0 1
 0 1 0 0 0 0 0 0 0 0 0 1 0 0 1
 0 1 1 0 0 1 0 0 0 0 0 0 0 0 0
 1 0 1 0 0 0 0 0 0 0 1 0 0 0 0
 0 0 0 1 0 0 0 0 0 0 0 0 0 1 1
 0 0 0 0 1 0 0 0 1 0 0 0 0 1 0
 1 0 0 0 0 1 0 0 0 0 1 0 0 0 0
 1 0 0 0 0 1 0 0 0 0 1 0 0 0 0
 0 0 0 1 0 0 0 1 0 0 0 0 1 0 0
 0 0 1 1 0 0 0 0 0 0 0 0 0 1 0
 0 0 0 0 1 0 0 1 1 0 0 0 0 0 0
 0 1 0 0 0 0 0 1 1 0 0 0 0 0 0
 0 0 1 1 0 0 0 0 0 0 0 0 0 1 0
 0 1 0 0 0 0 1 0 0 0 0 0 0 1 0
 0 0 0 1 0 0 1 0 0 0 0 1 0 0 0
 0 0 1 0 0 0 0 0 0 1 0 0 0 1 0
 0 0 0 1 0 0 0 0 0 1 0 0 1 0 0
 0 0 0 0 1 0 0 1 1 0 0 0 0 0 0
 0 0 0 0 0 1 0 0 1 0 0 1 0 0 0
 1 0 0 0 0 0 1 0 0 0 0 0 1 0 0
 1 0 0 0 0 1 0 0 0 1 0 0 0 0 0
 0 0 0 0 1 0 0 0 0 0 0 1 0 0 1
 0 0 0 0 0 1 1 0 0 1 0 0 0 0 0
 1 0 0 0 0 0 0 0 0 1 1 0 0 0 0
 0 1 0 0 0 0 0 0 0 0 0 1 1 0 0
 0 0 0 0 0 0 1 0 1 0 1 0 0 0 0
 0 0 0 0 0 0 0 0 0 1 0 0 1 0 1

Warwick 1667: balanced orders and products, 3 products per order
30 15
 0 0 1 1 0 0 0 0 0 0 1 0 0 0 0
 0 0 0 0 0 0 0 1 0 0 1 0 0 1 0
 1 0 0 0 0 1 0 0 0 0 0 0 0 0 1
 0 1 0 0 1 0 0 0 0 0 0 0 0 0 1
 0 0 0 0 0 1 0 0 0 0 0 1 0 1 0
 1 1 0 0 0 0 1 0 0 0 0 0 0 0 0
 0 1 0 0 0 0 1 0 0 0 0 0 0 0 1
 1 0 0 0 0 0 0 0 0 0 0 1 0 1 0
 0 0 0 0 1 0 1 0 0 0 1 0 0 0 0
 0 0 0 1 0 1 0 1 0 0 0 0 0 0 0
 0 0 0 0 0 0 1 0 1 0 0 0 0 1 0
 0 1 0 0 0 0 0 0 1 0 0 0 0 0 1
 1 0 0 0 0 0 0 0 1 0 0 0 1 0 0
 0 0 1 0 1 0 0 0 1 0 0 0 0 0 0
 0 0 1 0 0 0 0 1 1 0 0 0 0 0 0
 0 1 0 0 0 0 0 0 0 0 0 1 1 0 0
 1 0 0 1 1 0 0 0 0 0 0 0 0 0 0
 0 1 0 1 0 1 0 0 0 0 0 0 0 0 0
 0 0 1 0 1 0 0 1 0 0 0 0 0 0 0
 1 0 0 0 0 0 0 0 0 0 1 0 1 0 0
 0 0 0 0 0 1 1 0 0 0 0 0 0 0 1
 0 0 0 0 0 0 0 0 0 0 0 1 1 1 0
 0 0 0 1 0 0 0 1 0 0 0 0 0 1 0
 0 0 1 0 0 0 0 0 0 1 1 0 0 0 0
 0 0 0 0 0 1 0 0 0 0 1 0 1 0 0
 0 0 0 0 0 0 0 0 1 1 0 0 1 0 0
 0 0 1 0 1 0 0 0 0 1 0 0 0 0 0
 0 0 0 0 0 0 1 0 0 1 0 1 0 0 0
 0 0 0 0 0 0 0 1 0 1 0 1 0 0 0
 0 0 0 1 0 0 0 0 0 1 0 0 0 0 1

Warwick 1668: balanced orders and products, 3 products per order
30 15
 1 0 0 0 0 0 0 0 0 1 0 1 0 0 0
 1 1 0 0 0 0 0 1 0 0 0 0 0 0 0
 0 0 0 0 0 0 0 0 0 1 0 1 0 0 1
 0 0 0 0 1 0 0 0 0 0 0 0 0 1 1
 0 0 1 1 0 0 0 0 0 0 0 0 1 0 0
 0 0 0 0 1 0 0 0 0 0 1 0 1 0 0
 1 0 0 0 0 0 0 0 0 1 0 1 0 0 0
 1 0 0 0 0 0 0 0 0 1 0 0 0 1 0
 0 0 0 0 1 0 0 0 1 0 0 1 0 0 0
 0 0 0 0 1 0 0 1 1 0 0 0 0 0 0
 0 0 0 0 0 1 0 0 0 0 1 0 0 1 0
 0 0 0 0 0 0 0 1 0 0 0 1 1 0 0
 0 1 0 1 0 0 0 0 0 0 1 0 0 0 0
 1 0 0 0 0 0 0 1 0 0 0 0 1 0 0
 0 0 1 1 0 0 0 0 1 0 0 0 0 0 0
 0 0 0 0 1 0 0 0 0 0 1 0 0 0 1
 0 1 0 0 0 0 0 0 0 1 0 0 0 0 1
 0 0 0 0 0 0 1 0 0 0 0 1 0 1 0
 0 0 0 0 0 1 1 0 0 0 0 0 1 0 0
 0 0 1 0 0 0 1 0 1 0 0 0 0 0 0
 0 0 1 0 1 0 0 0 0 0 1 0 0 0 0
 0 0 1 1 0 1 0 0 0 0 0 0 0 0 0
 0 0 0 0 0 0 1 1 1 0 0 0 0 0 0
 0 0 0 1 0 0 0 0 0 0 0 0 1 1 0
 1 0 0 0 0 1 0 1 0 0 0 0 0 0 0
 0 1 0 0 0 0 0 0 1 0 0 0 0 1 0
 0 0 0 0 0 1 1 0 0 1 0 0 0 0 0
 0 1 0 0 0 1 0 0 0 0 0 0 0 0 1
 0 0 1 0 0 0 1 0 0 0 0 0 0 0 1
 0 1 0 1 0 0 0 0 0 0 1 0 0 0 0

Warwick 1669: balanced orders and products, 3 products per order
30 15
 0 0 0 0 0 0 0 0 0 0 0 1 1 1 0
 1 0 1 0 0 0 0 0 0 0 0 0 0 0 1
 1 0 0 0 1 0 0 0 0 0 0 0 0 1 0
 0 1 0 0 0 0 1 0 1 0 0 0 0 0 0
 0 1 0 0 1 0 0 0 0 1 0 0 0 0 0
 1 0 1 0 0 0 0 0 0 0 0 0 0 1 0
 0 0 1 0 0 0 0 0 1 0 0 0 0 1 0
 0 0 0 0 1 1 0 1 0 0 0 0 0 0 0
 0 0 0 1 0 0 0 1 0 0 0 0 0 0 1
 0 0 0 1 0 0 1 0 0 0 0 0 1 0 0
 0 1 0 0 0 0 0 0 0 1 1 0 0 0 0
 0 0 0 0 0 0 0 0 1 1 0 1 0 0 0
 1 1 0 0 1 0 0 0 0 0 0 0 0 0 0
 0 1 0 0 0 0 1 0 0 0 0 0 0 0 1
 0 0 1 0 0 0 1 0 0 0 1 0 0 0 0
 0 0 0 0 0 0 0 0 0 0 1 1 1 0 0
 1 0 0 0 0 1 0 0 0 1 0 0 0 0 0
 0 0 0 1 0 0 0 0 0 0 0 1 1 0 0
 0 0 0 0 0 1 0 0 0 0 0 0 1 1 0
 0 0 0 0 0 1 1 0 0 1 0 0 0 0 0
 0 0 1 1 0 0 0 0 0 0 0 0 0 0 1
 0 0 0 0 0 1 0 0 1 0 0 1 0 0 0
 0 0 1 0 0 0 0 0 0 0 0 1 0 1 0
 0 0 0 1 0 0 0 1 0 0 1 0 0 0 0
 0 0 0 0 0 0 0 1 0 0 1 0 0 0 1
 0 0 0 1 0 0 0 1 0 1 0 0 0 0 0
 1 0 0 0 0 0 1 1 0 0 0 0 0 0 0
 0 0 0 0 1 1 0 0 1 0 0 0 0 0 0
 0 0 0 0 1 0 0 0 0 0 1 0 1 0 0
 0 1 0 0 0 0 0 0 1 0 0 0 0 0 1

Warwick 1670: balanced orders and products, 3 products per order
30 15
 0 0 0 0 1 0 0 0 0 0 0 1 0 0 1
 0 0 0 0 0 0 0 0 1 1 1 0 0 0 0
 0 0 0 1 0 1 0 0 1 0 0 0 0 0 0
 0 0 0 0 0 0 1 0 0 1 0 0 0 1 0
 1 0 0 0 1 1 0 0 0 0 0 0 0 0 0
 0 0 0 0 0 0 0 0 1 1 1 0 0 0 0
 1 1 1 0 0 0 0 0 0 0 0 0 0 0 0
 0 0 1 0 0 0 0 0 1 0 1 0 0 0 0
 1 0 0 0 0 1 0 0 0 0 1 0 0 0 0
 0 0 0 0 0 0 1 0 0 0 0 1 0 0 1
 0 0 0 0 1 0 0 0 0 0 0 1 1 0 0
 0 1 0 1 0 0 1 0 0 0 0 0 0 0 0
 0 0 0 0 0 0 0 1 0 0 1 0 1 0 0
 0 0 0 0 0 0 0 1 0 0 1 1 0 0 0
 0 0 0 0 0 0 1 1 0 0 0 0 1 0 0
 1 0 0 1 0 0 0 0 0 0 0 0 0 1 0
 0 1 0 0 0 0 0 0 0 1 0 1 0 0 0
 0 0 0 0 0 0 0 0 0 1 0 0 1 0 1
 0 0 0 0 0 1 1 0 0 0 0 0 0 0 1
 0 0 1 0 0 0 0 0 0 0 0 0 1 0 1
 0 1 0 1 1 0 0 0 0 0 0 0 0 0 0
 1 1 0 0 0 1 0 0 0 0 0 0 0 0 0
 0 0 0 0 0 0 0 1 0 0 0 0 1 1 0
 0 0 1 0 0 1 0 0 0 0 0 0 0 1 0
 0 0 0 1 1 0 1 0 0 0 0 0 0 0 0
 0 1 0 1 0 0 0 0 1 0 0 0 0 0 0
 0 0 0 0 1 0 0 0 1 0 0 0 0 1 0
 1 0 0 0 0 0 0 1 0 0 0 0 0 1 0
 0 0 1 0 0 0 0 1 0 0 0 0 0 0 1
 0 0 1 0 0 0 0 0 0 1 0 1 0 0 0

Warwick 1671: balanced orders and products, 4 products per order
30 15
 0 0 0 0 0 0 1 0 1 0 0 1 1 0 0
 0 0 0 0 0 1 0 0 0 0 1 1 0 1 0
 1 1 0 0 1 0 0 1 0 0 0 0 0 0 0
 0 0 1 0 0 0 0 1 0 1 0 0 0 0 1
 0 0 0 1 0 0 0 0 0 0 1 0 1 1 0
 1 0 0 1 0 0 0 1 0 0 0 0 0 1 0
 1 1 0 0 1 0 1 0 0 0 0 0 0 0 0
 0 0 1 0 0 1 0 0 1 0 1 0 0 0 0
 1 0 0 0 0 0 0 0 0 1 1 0 1 0 0
 0 0 1 0 1 0 0 0 0 0 1 0 0 0 1
 1 1 0 0 0 1 1 0 0 0 0 0 0 0 0
 0 0 0 1 0 1 0 1 0 0 0 0 0 0 1
 0 0 1 0 1 1 0 0 0 0 0 1 0 0 0
 0 1 0 1 0 0 0 0 0 0 0 1 0 0 1
 0 0 0 1 0 0 0 0 1 0 0 1 0 0 1
 1 0 0 0 0 0 0 0 1 1 0 0 1 0 0
 0 0 1 0 0 1 0 0 0 0 0 1 0 1 0
 0 1 0 0 0 0 1 0 0 0 1 0 1 0 0
 0 0 0 0 0 0 1 0 1 0 0 1 0 0 1
 0 0 1 0 1 0 0 0 1 0 0 0 1 0 0
 0 0 0 0 1 0 1 0 0 1 0 0 1 0 0
 0 0 0 0 0 0 0 1 0 0 0 1 1 1 0
 0 1 0 0 0 0 0 1 0 0 1 0 0 1 0
 0 1 1 0 0 0 1 0 0 1 0 0 0 0 0
 0 0 0 1 0 0 0 1 1 0 0 0 0 0 1
 1 0 0 1 1 1 0 0 0 0 0 0 0 0 0
 0 0 0 1 0 0 0 0 0 1 1 0 0 1 0
 0 1 0 0 1 0 0 1 0 1 0 0 0 0 0
 1 0 1 0 0 0 0 0 0 0 0 0 0 1 1
 0 0 0 0 0 1 1 0 1 1 0 0 0 0 0

Warwick 1672: balanced orders and products, 4 products per order
30 15
 0 0 1 0 0 1 0 0 1 0 0 0 0 0 1
 1 0 0 1 1 0 0 0 0 0 0 0 1 0 0
 0 1 0 1 0 1 0 0 0 0 0 0 0 0 1
 0 0 0 1 1 1 0 1 0 0 0 0 0 0 0
 1 0 1 0 0 0 0 0 0 0 0 0 1 1 0
 1 1 0 0 0 0 1 0 0 0 1 0 0 0 0
 0 0 0 0 0 0 0 1 1 0 1 0 0 1 0
 1 1 1 0 0 0 0 0 0 0 0 0 0 1 0
 0 0 0 1 0 0 0 1 1 1 0 0 0 0 0
 0 0 1 0 1 0 1 0 0 0 0 1 0 0 0
 1 0 1 0 0 0 0 0 0 1 0 1 0 0 0
 0 1 0 0 0 0 0 0 1 1 0 1 0 0 0
 0 1 0 1 0 0 0 0 0 0 0 1 1 0 0
 0 0 0 0 1 0 1 0 0 0 1 0 0 1 0
 1 1 0 0 0 0 0 0 0 1 0 0 1 0 0
 0 0 0 0 0 0 1 0 0 0 1 1 0 0 1
 0 1 1 0 0 1 0 0 0 1 0 0 0 0 0
 0 0 0 0 0 0 1 0 0 1 0 0 1 0 1
 0 0 0 1 1 1 0 0 0 0 1 0 0 0 0
 1 0 0 0 0 0 0 1 0 0 0 1 0 1 0
 0 0 0 1 0 0 0 0 1 1 1 0 0 0 0
 0 0 0 0 1 0 1 1 1 0 0 0 0 0 0
 0 1 0 0 0 1 0 0 0 0 0 0 1 0 1
 0 0 0 0 0 0 1 1 1 0 0 0 0 1 0
 1 0 0 0 1 0 0 1 0 0 0 0 0 0 1
 0 0 1 0 1 0 0 0 0 1 0 0 1 0 0
 0 0 0 1 0 0 1 0 0 0 0 1 1 0 0
 0 0 1 0 0 0 0 0 0 0 1 1 0 0 1
 0 0 0 0 0 1 0 0 1 0 0 0 0 1 1
 0 0 0 0 0 1 0 1 0 0 1 0 0 1 0

Warwick 1673: balanced orders and products, 4 products per order
30 15
 0 0 0 0 0 0 0 0 1 0 0 1 0 1 1
 0 0 0 0 0 1 1 0 1 0 0 0 0 0 1
 0 1 0 0 0 1 0 0 0 0 1 1 0 0 0
 0 0 1 0 0 0 1 0 0 1 1 0 0 0 0
 0 0 0 0 0 0 1 0 1 0 0 0 0 1 1
 0 1 0 1 0 0 0 0 0 0 1 0 1 0 0
 0 0 1 0 1 0 0 1 0 0 0 0 1 0 0
 1 0 0 1 0 0 0 0 0 1 0 0 0 0 1
 1 1 0 0 1 0 0 0 0 0 0 0 1 0 0
 0 0 0 0 0 0 1 0 0 1 1 0 1 0 0
 0 0 1 0 1 0 0 1 0 0 0 0 1 0 0
 1 0 0 0 0 0 0 0 0 1 1 0 1 0 0
 0 0 0 0 0 1 0 0 1 1 0 0 0 1 0
 1 0 0 1 0 0 1 0 0 0 0 1 0 0 0
 1 1 0 0 0 0 0 0 1 0 0 0 0 1 0
 0 1 1 1 1 0 0 0 0 0 0 0 0 0 0
 0 0 1 1 1 0 0 0 1 0 0 0 0 0 0
 1 0 0 1 0 0 1 0 0 0 0 0 0 0 1
 0 0 0 0 0 0 1 1 0 1 0 0 0 1 0
 1 0 1 1 0 0 0 0 0 0 0 1 0 0 0
 0 0 0 0 0 1 0 1 1 0 0 0 0 1 0
 0 0 0 0 0 1 0 1 1 0 0 0 0 0 1
 0 0 0 1 0 0 0 0 0 0 1 1 0 0 1
 0 1 0 0 0 1 0 0 0 0 1 1 0 0 0
 0 1 0 0 0 0 0 1 0 0 1 0 0 1 0
 0 0 0 0 0 1 0 1 0 1 0 1 0 0 0
 0 0 0 0 0 0 1 1 0 1 0 0 1 0 0
 1 0 0 0 1 1 0 0 0 0 0 1 0 0 0
 0 0 1 0 1 0 0 0 0 0 0 0 1 1 0
 0 1 1 0 1 0 0 0 0 0 0 0 0 0 1

Warwick 1674: balanced orders and products, 4 products per order
30 15
 0 0 1 0 1 0 0 0 0 0 1 1 0 0 0
 0 1 1 0 0 1 1 0 0 0 0 0 0 0 0
 0 0 0 0 0 0 1 0 0 1 0 1 0 1 0
 0 0 0 1 0 0 0 0 0 0 0 1 1 0 1
 1 1 0 0 0 0 0 1 1 0 0 0 0 0 0
 0 0 1 1 0 1 0 1 0 0 0 0 0 0 0
 0 1 0 0 0 1 0 0 0 0 0 0 0 1 1
 1 1 0 0 1 0 0 0 1 0 0 0 0 0 0
 0 1 0 0 0 0 0 0 0 1 0 1 0 0 1
 0 0 0 0 1 0 1 0 0 0 1 0 0 1 0
 1 1 0 1 0 0 0 0 0 0 0 0 1 0 0
 1 0 0 0 0 0 0 0 0 1 1 0 0 0 1
 0 1 1 0 0 0 1 0 0 0 0 0 0 1 0
 0 0 0 1 0 0 1 0 0 1 1 0 0 0 0
 0 0 1 0 0 1 0 0 0 0 0 1 1 0 0
 0 0 0 0 0 1 0 0 1 0 0 0 1 0 1
 1 0 0 0 0 0 0 1 1 0 0 1 0 0 0
 1 0 0 1 0 1 0 0 1 0 0 0 0 0 0
 0 0 0 0 0 0 0 0 0 1 0 1 1 0 1
 1 0 0 0 1 0 1 0 0 0 0 0 0 1 0
 0 0 1 1 1 0 0 0 0 0 0 0 0 1 0
 0 0 0 0 1 0 1 1 0 0 1 0 0 0 0
 1 0 0 0 0 0 0 1 0 1 0 0 1 0 0
 0 0 0 0 0 1 0 1 1 0 1 0 0 0 0
 0 0 0 0 0 1 1 0 0 0 0 1 0 1 0
 0 0 0 1 0 0 0 1 1 0 1 0 0 0 0
 0 0 0 0 1 0 0 0 0 0 1 0 1 0 1
 0 1 0 0 1 0 0 0 1 0 0 0 0 1 0
 0 0 1 1 0 0 0 0 0 1 0 0 0 0 1
 0 0 1 0 0 0 0 1 0 1 0 0 1 0 0

Warwick 1675: balanced orders and products, 4 products per order
30 15
 0 0 0 0 1 0 0 0 0 0 1 0 0 1 1
 0 1 0 1 0 0 0 0 0 0 0 0 1 1 0
 0 0 0 0 0 1 0 1 0 0 0 1 1 0 0
 0 0 1 1 1 0 1 0 0 0 0 0 0 0 0
 0 0 1 0 1 0 1 0 0 0 0 0 1 0 0
 0 0 0 0 1 0 0 0 1 0 1 1 0 0 0
 0 1 0 0 0 0 0 1 0 0 0 1 0 0 1
 0 0 0 0 0 0 1 0 1 1 0 0 1 0 0
 1 0 0 0 0 0 1 1 1 0 0 0 0 0 0
 0 0 1 0 0 0 0 1 1 0 0 1 0 0 0
 0 0 0 0 1 0 1 0 0 0 1 0 0 1 0
 0 1 1 0 0 0 0 0 0 0 1 0 0 0 1
 0 0 0 1 0 0 0 0 1 0 0 0 0 1 1
 0 1 1 0 0 1 0 0 0 1 0 0 0 0 0
 1 1 0 1 0 0 0 0 0 0 0 0 0 0 1
 0 0 0 1 0 0 0 0 1 0 0 1 1 0 0
 1 1 0 0 0 0 0 1 0 0 0 0 0 1 0
 1 0 1 0 0 1 0 0 1 0 0 0 0 0 0
 1 0 0 1 0 0 0 0 0 1 1 0 0 0 0
 0 1 0 0 0 0 1 0 0 1 0 0 1 0 0
 1 0 0 0 0 1 1 0 0 1 0 0 0 0 0
 0 0 0 0 0 1 0 0 0 0 1 1 0 0 1
 0 0 0 1 0 1 0 0 1 0 1 0 0 0 0
 1 1 0 0 0 0 0 0 0 0 0 1 1 0 0
 1 0 0 0 1 0 0 0 0 0 0 0 0 1 1
 0 0 0 1 0 1 0 1 0 0 1 0 0 0 0
 0 0 1 0 0 0 0 0 0 1 0 1 0 0 1
 0 0 0 0 0 0 1 1 0 1 0 0 0 1 0
 0 0 0 0 1 1 0 0 0 1 0 0 0 1 0
 0 0 1 0 1 0 0 1 0 0 0 0 1 0 0

Warwick 1676: balanced orders and products, 4 products per order
30 15
 1 0 0 0 0 1 0 0 0 1 0 0 0 0 1
 0 1 1 0 0 0 1 1 0 0 0 0 0 0 0
 0 1 0 1 0 0 0 1 0 0 1 0 0 0 0
 1 0 0 1 1 1 0 0 0 0 0 0 0 0 0
 0 0 0 1 0 0 0 1 0 1 0 0 0 1 0
 0 0 0 0 0 0 0 0 0 0 1 1 0 1 1
 1 0 0 1 0 0 0 0 1 1 0 0 0 0 0
 0 0 1 1 1 0 0 0 1 0 0 0 0 0 0
 0 0 1 0 0 0 0 0 1 0 0 0 1 0 1
 0 1 0 0 0 0 0 1 1 0 0 0 0 1 0
 0 1 0 1 0 0 0 0 0 0 0 0 0 1 1
 0 0 0 0 1 0 1 0 0 0 0 0 1 0 1
 0 1 0 0 0 0 1 0 0 0 1 0 1 0 0
 0 1 0 0 0 0 0 0 0 1 0 1 1 0 0
 0 0 1 0 0 0 0 0 0 0 1 1 1 0 0
 0 0 0 1 0 1 0 0 0 0 0 1 1 0 0
 0 0 1 0 0 0 1 1 0 0 1 0 0 0 0
 0 0 0 0 1 0 0 0 1 0 0 0 0 1 1
 0 0 1 0 1 0 0 1 0 1 0 0 0 0 0
 1 0 0 0 0 1 0 1 0 0 0 1 0 0 0
 0 0 0 0 0 1 0 0 0 0 0 0 1 1 1
 0 1 0 0 0 0 1 1 0 0 0 0 0 0 1
 0 1 0 0 0 1 0 0 0 1 0 1 0 0 0
 1 0 0 0 1 1 1 0 0 0 0 0 0 0 0
 1 0 1 0 0 0 0 0 1 0 0 1 0 0 0
 1 0 0 0 0 0 0 0 0 1 1 1 0 0 0
 0 0 0 0 1 1 0 0 0 1 1 0 0 0 0
 1 0 0 1 0 0 0 0 1 0 1 0 0 0 0
 0 0 0 0 1 0 1 0 0 0 0 0 1 1 0
 0 0 1 0 0 0 1 0 1 0 0 0 0 1 0

Warwick 1677: balanced orders and products, 4 products per order
30 15
 0 1 0 1 0 0 0 0 1 0 0 0 1 0 0
 0 0 0 0 0 0 0 1 0 1 0 1 0 0 1
 0 0 0 1 0 1 0 1 0 0 1 0 0 0 0
 0 0 0 1 0 0 1 0 0 0 1 0 0 1 0
 0 1 0 0 0 0 0 1 0 0 0 0 0 1 1
 1 0 0 0 0 0 0 0 0 1 0 0 0 1 1
 1 1 0 0 0 0 0 0 0 1 1 0 0 0 0
 1 0 0 0 0 1 0 0 1 0 1 0 0 0 0
 0 0 0 1 1 0 0 1 0 0 0 1 0 0 0
 0 0 0 1 0 0 0 0 1 0 1 0 0 0 1
 0 0 0 0 1 0 1 1 0 0 0 1 0 0 0
 0 0 1 0 1 0 0 0 0 0 1 0 1 0 0
 0 0 1 0 0 0 1 0 1 0 0 0 1 0 0
 0 0 0 0 1 0 1 0 1 0 0 0 0 0 1
 0 0 0 0 0 0 0 0 1 1 0 1 0 0 1
 0 0 0 0 1 0 0 1 0 0 0 1 0 1 0
 1 1 0 0 0 0 0 0 0 1 0 0 0 1 0
 0 0 1 1 0 1 0 0 0 0 0 0 1 0 0
 1 0 0 0 1 0 0 0 1 0 0 0 1 0 0
 0 0 1 0 0 1 1 0 0 0 0 0 0 1 0
 0 0 0 0 0 1 0 0 0 0 1 0 1 0 1
 1 1 0 0 0 0 0 0 0 0 1 0 1 0 0
 1 0 0 0 1 0 0 0 0 1 0 1 0 0 0
 0 1 1 0 0 0 1 1 0 0 0 0 0 0 0
 0 0 1 0 0 0 0 0 0 1 0 0 1 0 1
 0 1 0 0 0 1 0 0 1 1 0 0 0 0 0
 0 0 1 0 0 1 1 0 0 0 0 1 0 0 0
 1 1 1 0 0 0 0 0 0 0 0 0 0 1 0
 0 0 0 1 0 0 1 0 0 0 0 1 0 1 0
 0 0 0 1 1 1 0 1 0 0 0 0 0 0 0

Warwick 1678: balanced orders and products, 4 products per order
30 15
 0 0 0 1 0 0 0 1 0 0 1 0 0 0 1
 0 0 0 0 0 0 0 0 0 0 1 1 1 1 0
 1 0 0 0 1 0 1 1 0 0 0 0 0 0 0
 0 0 1 0 0 0 0 0 0 0 0 1 0 1 1
 1 1 0 0 0 1 0 0 0 1 0 0 0 0 0
 0 1 0 0 1 0 0 0 0 0 0 1 0 1 0
 0 1 0 0 0 1 1 0 1 0 0 0 0 0 0
 0 1 1 0 0 0 1 0 0 0 0 0 0 0 1
 1 1 0 0 0 0 1 0 0 0 1 0 0 0 0
 1 0 1 0 0 0 0 0 1 0 0 0 1 0 0
 0 0 0 0 1 0 0 0 0 1 0 1 0 0 1
 0 0 1 0 0 0 0 0 0 1 1 1 0 0 0
 0 0 0 0 0 0 1 0 1 1 0 1 0 0 0
 0 0 0 1 0 0 1 0 1 0 0 0 1 0 0
 0 0 0 0 1 0 0 1 0 1 0 0 1 0 0
 0 0 0 1 0 1 0 0 1 0 0 0 0 0 1
 0 0 0 1 0 0 0 0 1 1 0 0 0 1 0
 0 1 0 0 0 0 1 1 0 0 0 1 0 0 0
 1 0 0 0 1 0 0 0 1 0 0 0 1 0 0
 0 1 0 0 0 1 0 0 0 0 1 0 0 0 1
 0 0 1 0 1 0 0 1 0 0 0 0 1 0 0
 1 0 0 0 0 1 0 1 0 0 0 0 0 1 0
 0 0 1 1 0 1 0 1 0 0 0 0 0 0 0
 0 0 1 1 1 0 0 0 0 0 1 0 0 0 0
 0 0 0 1 0 0 1 0 0 1 0 0 0 1 0
 0 0 0 0 0 0 0 1 0 0 0 0 1 1 1
 0 0 1 0 0 1 0 0 0 0 1 0 0 0 1
 0 0 0 1 1 1 0 0 0 0 0 0 0 1 0
 1 0 0 0 0 0 0 0 1 1 1 0 0 0 0
 1 1 0 0 0 0 0 0 0 0 0 1 1 0 0

Warwick 1679: balanced orders and products, 4 products per order
30 15
 0 0 0 0 1 0 1 1 0 0 0 0 1 0 0
 0 0 0 1 1 0 0 0 0 0 0 0 1 0 1
 1 0 0 1 0 0 1 0 0 0 0 1 0 0 0
 0 1 1 0 0 0 1 0 0 0 0 0 0 1 0
 0 0 0 1 0 1 0 0 1 0 0 1 0 0 0
 1 0 0 0 1 0 0 0 1 0 0 0 0 1 0
 0 1 1 0 0 0 0 1 0 1 0 0 0 0 0
 0 0 0 0 0 1 0 0 0 1 0 1 1 0 0
 0 0 0 1 0 0 1 0 0 1 0 1 0 0 0
 1 0 0 0 0 0 0 0 1 0 0 0 1 1 0
 0 0 0 1 1 0 1 0 0 0 0 0 0 0 1
 0 0 0 1 0 0 1 0 0 0 1 1 0 0 0
 0 0 0 0 1 1 0 0 0 0 0 0 1 0 1
 1 0 1 0 0 0 1 0 0 0 0 0 0 1 0
 1 0 0 0 1 0 0 1 0 0 0 0 0 1 0
 0 0 0 0 1 0 0 0 1 1 1 0 0 0 0
 0 0 0 0 0 0 1 0 0 0 0 0 1 1 1
 1 0 0 0 1 0 0 1 1 0 0 0 0 0 0
 0 0 1 0 0 0 0 1 0 0 0 0 1 1 0
 0 0 1 0 0 0 0 0 0 0 1 1 0 0 1
 0 1 0 0 0 0 0 1 0 0 0 0 0 1 1
 0 0 1 0 0 1 0 0 0 0 1 1 0 0 0
 0 1 0 0 0 1 0 0 1 0 1 0 0 0 0
 1 1 0 0 0 0 0 0 1 1 0 0 0 0 0
 0 0 1 0 0 1 0 1 0 0 0 0 1 0 0
 0 1 1 1 0 0 0 1 0 0 0 0 0 0 0
 0 1 0 0 0 0 0 0 1 1 0 0 0 0 1
 0 0 0 1 0 1 0 0 0 0 1 1 0 0 0
 0 1 0 0 0 0 0 0 0 1 1 0 0 0 1
 1 0 0 0 0 1 0 0 0 1 1 0 0 0 0

Warwick 1680: balanced orders and products, 4 products per order
30 15
 1 0 0 0 0 0 1 1 0 0 0 0 1 0 0
 1 0 0 0 1 1 0 1 0 0 0 0 0 0 0
 0 1 0 1 0 1 0 0 0 0 0 1 0 0 0
 0 0 0 0 1 0 0 0 1 0 1 0 0 0 1
 0 0 0 0 1 0 0 0 1 1 0 0 1 0 0
 1 0 1 0 0 0 0 0 0 0 0 0 1 1 0
 1 0 0 1 1 0 0 0 0 0 0 0 1 0 0
 1 0 1 0 0 0 0 0 1 0 0 0 0 0 1
 1 1 0 0 0 0 1 0 0 0 1 0 0 0 0
 0 0 0 1 0 1 0 0 1 1 0 0 0 0 0
 0 0 1 1 0 0 1 0 0 0 0 0 0 1 0
 0 0 1 0 0 0 0 0 1 0 0 1 0 1 0
 0 0 0 0 1 0 0 1 0 0 1 0 1 0 0
 0 1 0 1 0 0 0 0 0 1 0 0 1 0 0
 0 1 0 0 1 0 1 0 0 0 0 0 0 0 1
 0 1 0 0 0 1 1 0 0 0 0 1 0 0 0
 0 1 0 1 0 0 0 1 0 1 0 0 0 0 0
 0 0 0 0 0 0 0 0 0 1 0 1 1 1 0
 0 0 0 0 0 1 0 0 0 1 0 0 0 1 1
 0 0 1 0 0 1 0 0 0 0 1 0 0 1 0
 0 1 0 0 0 0 0 0 1 0 0 1 0 0 1
 1 0 1 0 0 0 0 0 0 0 0 0 0 1 1
 0 0 0 0 0 1 0 1 1 0 1 0 0 0 0
 0 0 0 1 0 0 1 0 0 0 0 1 0 0 1
 0 1 0 0 0 0 1 1 0 0 1 0 0 0 0
 0 0 1 0 1 0 0 1 0 0 0 0 0 0 1
 0 0 1 0 0 0 0 0 0 1 0 1 1 0 0
 0 0 0 0 1 0 0 1 0 1 1 0 0 0 0
 0 0 0 1 0 1 0 0 0 0 1 1 0 0 0
 1 0 0 0 0 0 1 0 1 0 0 0 0 1 0

Warwick 1681: balanced orders and products, 5 products per order
30 15
 1 0 0 1 1 1 0 0 0 0 0 1 0 0 0
 0 1 1 0 0 1 0 0 0 1 0 1 0 0 0
 0 1 0 1 0 0 1 0 0 1 0 0 0 1 0
 0 0 1 0 1 0 0 0 1 0 1 0 0 0 1
 0 1 0 1 0 0 0 1 0 1 0 0 1 0 0
 1 0 0 0 1 0 0 0 1 1 0 0 0 0 1
 0 0 0 0 1 0 1 0 1 0 0 0 1 1 0
 1 0 1 0 1 0 0 1 1 0 0 0 0 0 0
 0 0 0 1 0 0 0 0 0 1 1 0 0 1 1
 0 0 0 0 1 0 1 0 0 1 0 0 1 0 1
 0 0 1 0 0 1 0 0 0 1 0 1 0 1 0
 1 0 0 0 0 0 1 1 1 0 1 0 0 0 0
 1 0 1 0 0 0 0 0 1 1 0 0 0 1 0
 1 0 0 1 0 0 1 0 0 0 0 0 1 0 1
 0 1 0 0 0 0 1 1 0 0 0 0 1 1 0
 0 1 0 1 0 1 0 0 0 0 0 1 1 0 0
 0 1 0 0 0 1 0 1 1 0 0 0 0 0 1
 1 1 1 0 0 0 0 1 0 0 1 0 0 0 0
 0 0 0 0 1 0 0 0 0 0 1 1 0 1 1
 0 0 0 1 0 0 1 0 0 1 1 0 1 0 0
 0 0 0 1 0 1 0 1 0 0 1 1 0 0 0
 0 0 1 0 1 0 0 0 1 0 0 1 1 0 0
 0 0 0 1 0 1 0 0 1 0 1 0 0 0 1
 0 0 1 0 1 1 1 1 0 0 0 0 0 0 0
 0 0 1 0 1 0 0 0 0 0 1 1 0 0 1
 1 1 0 0 0 1 1 0 0 1 0 0 0 0 0
 0 0 0 0 0 0 0 1 1 0 1 0 0 1 1
 0 1 1 1 0 0 0 1 0 0 0 0 1 0 0
 1 0 0 0 0 0 1 0 0 0 0 1 1 1 0
 1 1 0 0 0 1 0 0 0 0 0 1 0 1 0

Warwick 1682: balanced orders and products, 5 products per order
30 15
 1 1 0 0 0 0 0 0 0 1 0 0 1 1 0
 0 0 0 1 1 0 0 0 0 1 0 0 0 1 1
 1 0 1 0 0 0 1 0 0 1 0 1 0 0 0
 0 0 1 1 1 0 1 0 0 0 0 0 0 0 1
 0 1 0 0 0 1 0 0 0 0 1 0 1 1 0
 0 0 0 0 0 0 0 1 1 0 1 0 1 1 0
 1 0 0 1 1 0 1 0 1 0 0 0 0 0 0
 0 1 0 0 0 0 0 0 1 1 1 0 0 0 1
 1 0 0 1 0 0 1 0 1 1 0 0 0 0 0
 1 0 0 0 1 0 0 0 1 0 0 1 0 1 0
 0 1 0 0 0 1 0 1 0 0 1 0 0 0 1
 0 1 0 0 1 0 0 0 0 0 1 0 0 1 1
 0 0 1 0 0 1 0 1 1 0 0 0 0 0 1
 0 0 0 0 1 0 1 1 0 0 1 0 1 0 0
 0 1 0 0 0 1 0 0 0 0 1 0 1 0 1
 1 0 0 0 1 0 0 0 1 0 0 0 1 1 0
 0 1 1 0 0 0 0 0 0 1 1 1 0 0 0
 1 0 1 0 0 0 0 1 0 0 0 1 0 1 0
 0 1 0 0 0 1 0 1 0 1 0 0 0 0 1
 0 1 0 1 0 1 0 1 0 0 0 0 0 0 1
 1 0 1 0 0 0 0 0 0 0 0 1 1 0 1
 0 0 1 0 1 0 0 1 0 0 0 1 1 0 0
 0 0 0 1 0 0 1 0 1 0 1 0 1 0 0
 0 0 0 0 1 0 1 1 0 0 1 1 0 0 0
 1 0 1 0 0 1 1 0 0 0 0 0 0 1 0
 0 0 0 0 0 1 1 0 0 1 0 0 1 1 0
 0 1 1 1 0 1 0 0 0 0 0 1 0 0 0
 1 0 1 1 0 1 0 0 0 1 0 0 0 0 0
 0 0 0 1 1 0 1 0 1 0 0 1 0 0 0
 0 0 0 1 0 0 0 1 1 1 0 1 0 0 0

Warwick 1683: balanced orders and products, 5 products per order
30 15
 0 0 1 0 1 1 1 0 0 0 0 0 1 0 0
 0 0 0 0 0 0 1 0 1 1 1 0 0 1 0
 1 0 1 0 0 0 0 0 0 1 0 1 0 0 1
 0 1 0 0 1 1 1 0 1 0 0 0 0 0 0
 1 0 1 0 0 0 0 0 1 1 1 0 0 0 0
 0 1 0 1 0 0 0 1 0 1 1 0 0 0 0
 0 0 1 0 0 0 0 0 1 0 1 1 0 1 0
 0 0 0 0 1 1 1 0 0 0 0 0 1 1 0
 0 1 0 0 0 0 0 1 0 1 1 0 0 0 1
 0 0 0 0 0 1 0 1 1 1 0 0 0 0 1
 0 0 0 1 0 0 0 0 1 0 0 1 1 1 0
 0 0 0 0 0 0 1 0 1 0 1 0 0 1 1
 0 1 1 0 0 0 0 1 0 0 0 1 0 1 0
 1 1 0 0 1 0 0 1 0 0 0 1 0 0 0
 0 1 0 0 1 0 0 0 0 0 1 1 0 0 1
 0 0 0 0 0 1 1 0 1 1 0 0 0 0 1
 0 0 1 0 0 1 0 1 0 1 0 0 1 0 0
 1 0 0 0 1 0 0 0 1 0 0 1 1 0 0
 0 1 0 0 0 1 0 0 0 0 1 0 1 0 1
 0 0 1 1 0 0 1 0 0 1 0 0 0 1 0
 1 1 0 0 1 0 0 1 1 0 0 0 0 0 0
 1 1 0 1 0 0 0 1 0 0 0 0 1 0 0
 1 0 1 1 0 0 0 1 0 0 0 0 0 1 0
 1 0 1 0 1 0 0 1 0 0 0 1 0 0 0
 1 0 0 1 0 1 1 0 0 0 0 1 0 0 0
 0 0 0 1 0 1 1 0 0 0 0 0 1 1 0
 0 1 1 1 1 0 0 0 0 0 0 0 0 0 1
 1 0 0 0 0 0 0 0 0 0 1 0 1 1 1
 0 0 0 1 1 0 1 0 0 0 0 0 1 0 1
 0 0 0 1 0 1 0 0 0 1 1 1 0 0 0

Warwick 1684: balanced orders and products, 5 products per order
30 15
 0 1 1 0 0 1 0 0 1 0 0 0 1 0 0
 1 1 0 1 0 0 1 0 0 0 0 0 0 1 0
 0 1 1 0 0 0 1 1 0 1 0 0 0 0 0
 1 0 0 0 0 0 0 1 0 0 1 0 0 1 1
 0 1 0 0 0 1 0 0 0 1 1 0 1 0 0
 0 1 1 0 0 1 0 0 1 1 0 0 0 0 0
 1 1 0 0 1 0 0 0 0 0 1 0 0 1 0
 0 0 0 1 0 1 1 0 0 1 0 0 1 0 0
 0 0 0 0 1 0 0 1 0 1 1 0 0 0 1
 1 0 0 0 1 0 0 0 1 0 0 1 1 0 0
 0 0 1 1 0 0 1 0 1 0 0 0 0 0 1
 0 0 1 0 1 1 0 0 1 0 0 0 0 1 0
 1 1 0 0 1 0 0 1 0 0 0 0 0 0 1
 0 0 1 1 0 0 1 1 0 0 0 0 0 0 1
 0 0 1 1 1 0 0 0 0 0 1 0 0 0 1
 0 0 0 0 0 0 0 1 0 1 0 1 1 0 1
 0 1 0 1 0 1 0 0 0 0 1 1 0 0 0
 0 1 0 1 0 0 1 0 0 0 0 1 0 0 1
 0 0 1 1 0 0 1 0 0 0 0 1 0 1 0
 0 0 0 1 0 0 0 0 0 1 0 1 1 0 1
 1 0 0 1 1 0 1 0 0 1 0 0 0 0 0
 0 0 0 0 0 0 0 1 1 0 0 1 1 0 1
 1 0 0 0 1 0 1 0 0 0 0 1 1 0 0
 0 0 0 0 1 0 0 0 1 0 0 1 1 1 0
 0 0 0 0 0 1 0 1 0 1 0 0 1 1 0
 1 0 0 0 1 1 0 0 1 0 0 0 0 1 0
 0 1 0 0 0 0 0 1 0 0 1 1 0 1 0
 0 0 1 0 0 1 0 0 1 0 1 0 0 1 0
 1 0 1 0 0 0 0 0 1 1 1 0 0 0 0
 1 0 0 0 0 1 1 1 0 0 1 0 0 0 0

Warwick 1685: balanced orders and products, 5 products per order
30 15
 0 0 0 1 0 0 0 0 0 1 1 0 1 1 0
 0 0 0 0 0 0 1 1 0 0 0 0 1 1 1
 1 0 0 1 0 0 0 0 1 0 0 1 0 0 1
 0 0 1 0 1 0 0 0 1 0 1 0 0 1 0
 1 0 1 0 0 0 0 1 0 0 1 0 1 0 0
 1 0 0 1 0 1 0 1 0 0 0 0 0 1 0
 0 0 0 1 0 1 1 0 0 1 1 0 0 0 0
 0 0 1 0 0 0 1 1 0 0 0 1 0 1 0
 0 0 0 1 0 1 1 0 1 0 0 1 0 0 0
 0 1 1 0 1 1 0 0 0 0 0 1 0 0 0
 0 0 0 0 0 0 0 0 1 1 0 1 1 0 1
 0 1 0 1 0 0 1 1 0 0 0 0 0 0 1
 0 0 0 0 1 0 0 0 1 0 0 1 1 0 1
 0 1 0 0 0 1 0 0 0 1 1 0 1 0 0
 1 1 0 1 0 0 0 0 0 1 1 0 0 0 0
 0 0 1 0 0 1 0 0 0 0 1 1 0 1 0
 1 1 1 0 1 0 0 0 0 0 0 0 1 0 0
 1 0 1 1 0 1 0 0 0 1 0 0 0 0 0
 1 0 0 0 0 0 0 0 1 1 0 0 0 1 1
 0 0 0 0 0 0 0 1 0 0 1 1 0 1 1
 1 0 0 0 1 0 1 1 1 0 0 0 0 0 0
 1 0 1 0 0 1 0 1 0 0 0 1 0 0 0
 0 1 0 0 1 0 1 0 0 0 1 0 1 0 0
 0 1 0 0 0 0 0 1 0 0 0 0 1 1 1
 0 1 1 0 0 0 1 0 0 0 1 0 0 0 1
 0 1 0 0 1 0 1 0 0 1 0 0 1 0 0
 0 0 0 1 0 0 1 0 1 1 0 0 0 0 1
 0 0 1 0 1 1 0 1 1 0 0 0 0 0 0
 0 1 0 0 1 1 0 0 0 1 0 1 0 0 0
 1 0 0 1 1 0 0 0 1 0 0 0 0 1 0

Warwick 1686: balanced orders and products, 5 products per order
30 15
 1 1 1 0 0 0 0 0 0 1 0 0 1 0 0
 1 0 0 0 1 1 1 0 0 0 0 1 0 0 0
 1 0 0 0 0 1 1 0 1 0 0 0 0 0 1
 1 0 1 1 0 1 0 0 1 0 0 0 0 0 0
 0 0 1 0 1 0 1 0 0 0 0 1 1 0 0
 0 0 0 1 0 1 0 0 0 0 1 0 1 0 1
 0 1 1 0 1 0 0 0 1 0 1 0 0 0 0
 0 0 1 0 1 0 1 0 0 1 0 0 0 0 1
 0 0 0 1 0 0 0 1 0 1 0 0 1 1 0
 1 0 0 1 0 0 1 0 1 0 0 0 1 0 0
 1 0 0 0 0 1 1 1 0 1 0 0 0 0 0
 0 1 1 1 0 0 0 0 0 1 0 0 0 1 0
 0 0 0 1 1 1 0 1 0 0 0 0 0 1 0
 0 0 0 0 0 1 0 1 1 1 0 1 0 0 0
 0 0 0 1 1 1 0 0 0 1 0 0 0 0 1
 0 1 0 0 0 0 1 1 1 0 1 0 0 0 0
 0 1 0 0 0 0 0 1 0 0 1 0 1 1 0
 0 1 0 0 0 0 0 1 1 0 0 1 1 0 0
 0 0 0 0 0 0 0 1 1 0 1 1 0 1 0
 0 0 0 0 1 0 0 1 0 0 1 0 0 1 1
 1 0 0 1 1 0 0 0 0 0 1 0 0 1 0
 0 1 1 0 0 0 0 0 1 0 0 0 1 0 1
 0 1 0 0 0 1 1 0 0 0 0 1 0 0 1
 0 0 0 0 1 0 0 0 0 1 0 1 0 1 1
 1 1 0 1 0 0 0 0 1 0 0 0 0 0 1
 0 1 0 0 0 1 1 0 0 0 1 0 0 0 1
 0 0 1 0 0 0 0 0 0 1 0 1 1 1 0
 1 0 0 1 0 0 0 1 0 1 0 0 1 0 0
 0 0 1 0 0 0 1 0 0 0 1 1 0 1 0
 1 0 1 0 1 0 0 0 0 0 1 1 0 0 0

Warwick 1687: balanced orders and products, 5 products per order
30 15
 0 0 0 0 0 0 0 1 1 1 1 0 1 0 0
 0 0 0 1 0 1 0 1 1 0 0 1 0 0 0
 1 0 1 0 1 0 0 0 0 0 1 0 0 0 1
 0 0 0 1 0 0 0 0 0 1 0 1 0 1 1
 0 0 0 0 1 0 0 1 1 0 1 0 0 0 1
 0 1 0 0 1 0 1 0 1 0 0 1 0 0 0
 0 0 1 0 0 0 1 1 0 0 1 0 1 0 0
 1 0 1 1 0 0 0 0 0 1 0 0 1 0 0
 0 0 0 1 1 0 1 0 0 1 1 0 0 0 0
 0 1 1 0 0 0 1 0 1 0 0 0 1 0 0
 0 1 1 1 0 0 0 0 1 0 0 0 0 1 0
 0 0 0 1 0 0 0 0 0 1 0 1 1 1 0
 1 0 0 0 1 0 1 1 0 0 0 1 0 0 0
 0 0 0 0 0 1 1 1 1 0 0 1 0 0 0
 0 0 1 1 1 1 0 0 0 0 0 0 0 0 1
 0 1 1 0 0 0 1 1 0 0 1 0 0 0 0
 1 0 0 0 0 1 1 1 0 0 1 0 0 0 0
 1 0 0 0 0 0 0 1 0 0 0 1 0 1 1
 0 1 0 0 0 0 0 0 0 1 0 1 1 1 0
 1 1 0 0 0 1 0 0 0 0 0 0 0 1 1
 0 1 0 0 0 1 0 0 1 0 0 1 0 0 1
 1 1 0 0 0 1 0 0 0 1 0 0 0 0 1
 0 0 1 1 0 0 0 0 1 1 0 0 1 0 0
 0 0 0 1 1 0 1 0 0 1 0 0 1 0 0
 1 0 0 0 0 1 1 0 0 0 1 0 0 1 0
 0 0 0 0 1 0 0 1 0 0 0 1 1 1 0
 0 1 0 0 1 1 0 0 0 1 1 0 0 0 0
 1 0 1 0 0 1 0 0 0 0 0 0 1 1 0
 1 1 0 0 0 0 0 0 0 0 1 0 0 1 1
 0 0 1 1 1 0 0 0 1 0 0 0 0 0 1

Warwick 1688: balanced orders and products, 5 products per order
30 15
 0 0 1 0 0 1 0 0 0 0 1 0 0 1 1
 1 0 0 1 0 1 0 0 1 0 0 0 0 1 0
 0 1 0 1 0 0 0 0 0 0 0 1 1 1 0
 1 0 1 1 0 0 0 0 0 0 1 0 1 0 0
 0 0 0 0 0 0 0 0 0 1 1 1 1 0 1
 0 0 0 1 0 0 1 1 0 1 0 0 0 1 0
 0 0 0 0 0 1 1 1 0 1 0 0 0 0 1
 0 1 0 0 1 0 0 0 1 0 0 0 1 1 0
 0 1 0 0 0 0 0 0 1 0 0 1 0 1 1
 0 0 1 0 0 0 1 0 1 0 0 1 0 1 0
 0 1 0 0 1 0 0 0 0 1 1 1 0 0 0
 1 0 0 0 0 0 1 0 0 1 0 1 0 0 1
 1 0 1 0 0 1 0 0 0 1 1 0 0 0 0
 0 0 1 0 0 1 0 1 0 0 0 1 1 0 0
 1 0 1 0 0 1 0 0 0 1 0 1 0 0 0
 0 0 0 1 1 0 1 0 0 0 0 0 1 1 0
 0 1 1 1 0 0 0 0 0 0 0 1 0 0 1
 1 0 0 0 1 0 1 1 1 0 0 0 0 0 0
 0 0 0 0 1 0 0 0 1 1 0 0 1 0 1
 0 0 0 1 1 1 1 0 1 0 0 0 0 0 0
 1 0 0 0 0 1 0 1 1 0 0 1 0 0 0
 0 0 0 1 1 0 0 1 0 0 1 0 0 1 0
 0 1 1 0 1 0 1 0 0 0 1 0 0 0 0
 0 1 0 0 0 0 1 1 0 1 0 0 0 0 1
 0 1 1 0 0 0 0 1 1 0 0 0 0 0 1
 0 0 0 0 1 0 1 1 0 0 1 0 1 0 0
 1 0 0 1 0 1 0 0 0 0 0 0 1 0 1
 1 1 0 0 0 1 0 0 0 0 1 0 0 1 0
 1 1 1 0 1 0 0 0 0 0 1 0 0 0 0
 0 0 0 1 0 0 0 1 1 1 0 0 1 0 0

Warwick 1689: balanced orders and products, 5 products per order
30 15
 1 1 1 0 0 0 0 1 0 0 1 0 0 0 0
 1 0 0 0 0 1 0 1 1 0 0 0 0 1 0
 0 1 1 0 0 0 0 1 0 0 1 0 0 1 0
 0 1 0 1 0 0 1 0 1 0 0 0 0 0 1
 0 1 0 1 1 0 1 0 0 0 0 0 0 0 1
 1 1 1 0 1 0 1 0 0 0 0 0 0 0 0
 0 0 1 0 0 1 0 0 0 0 1 0 1 0 1
 0 0 1 0 0 0 0 0 0 0 1 1 1 0 1
 0 1 0 0 0 0 1 0 1 0 1 0 1 0 0
 1 1 0 1 0 1 0 0 1 0 0 0 0 0 0
 0 0 1 0 0 0 0 0 1 1 1 0 0 1 0
 1 0 1 0 0 0 0 1 0 0 0 1 0 1 0
 0 0 0 0 1 1 1 0 0 1 0 1 0 0 0
 1 1 0 1 1 0 0 0 0 0 0 1 0 0 0
 0 0 1 0 1 1 0 0 0 1 0 0 0 1 0
 0 0 0 0 1 1 1 0 0 0 1 1 0 0 0
 1 0 0 1 0 0 0 0 0 1 0 0 1 1 0
 0 1 0 0 0 0 0 1 0 1 0 0 1 0 1
 0 0 0 0 0 0 0 0 1 1 0 1 1 0 1
 0 0 0 0 1 1 1 1 0 0 0 1 0 0 0
 1 0 0 0 1 0 0 1 0 0 1 0 1 0 0
 0 0 0 1 0 1 1 1 0 0 0 0 0 1 0
 0 0 0 0 1 1 0 0 1 1 1 0 0 0 0
 1 0 0 1 0 0 0 0 0 1 0 1 1 0 0
 0 0 1 1 0 0 0 0 1 0 1 1 0 0 0
 0 0 0 0 1 0 1 1 0 0 0 0 1 1 0
 0 0 1 0 0 0 1 0 0 0 0 1 0 1 1
 1 0 0 1 0 0 0 0 1 0 0 0 1 0 1
 0 0 0 0 0 1 0 1 0 1 0 0 0 1 1
 0 1 0 1 0 0 0 0 1 1 0 0 0 0 1

Warwick 1690: balanced orders and products, 5 products per order
30 15
 1 0 0 0 1 0 0 1 0 0 1 0 0 1 0
 1 0 1 1 1 0 0 0 0 0 0 0 0 0 1
 0 1 0 0 0 1 1 0 0 1 0 0 1 0 0
 0 0 0 1 1 0 1 0 1 1 0 0 0 0 0
 0 0 0 1 0 1 0 1 0 1 0 1 0 0 0
 0 1 0 0 0 1 0 1 0 0 1 1 0 0 0
 0 1 0 0 1 0 0 1 1 0 0 1 0 0 0
 0 0 1 0 0 0 1 0 0 0 0 0 1 1 1
 0 0 1 0 0 0 0 1 1 0 0 1 0 0 1
 0 0 0 0 1 0 1 0 1 1 0 1 0 0 0
 0 0 0 1 0 1 0 0 0 0 1 0 0 1 1
 1 0 1 0 0 1 0 0 1 0 0 0 1 0 0
 1 0 1 0 0 0 1 0 0 1 0 0 1 0 0
 1 0 0 0 1 0 1 0 1 0 0 0 0 1 0
 0 0 1 0 0 0 0 0 0 0 1 0 1 1 1
 1 1 1 0 0 0 1 0 1 0 0 0 0 0 0
 0 0 1 1 0 0 0 1 0 1 0 0 0 0 1
 1 0 0 0 0 1 1 0 0 0 1 1 0 0 0
 1 1 0 0 1 0 0 0 0 0 1 1 0 0 0
 0 1 0 1 0 0 1 0 0 0 0 0 1 0 1
 0 0 1 0 0 1 1 1 0 0 0 0 0 1 0
 1 0 0 0 0 1 0 0 0 0 1 1 0 1 0
 0 1 0 0 0 0 0 0 1 0 1 0 1 1 0
 0 1 0 0 1 0 0 0 0 1 1 0 1 0 0
 0 1 0 1 1 1 0 0 0 0 0 0 1 0 0
 0 0 0 1 0 0 0 1 1 1 0 0 0 1 0
 0 0 0 1 0 1 0 1 0 0 1 0 0 1 0
 0 0 0 1 1 0 0 0 1 1 0 0 0 0 1
 0 0 1 0 0 0 0 1 0 0 0 1 1 0 1
 1 1 0 0 0 0 0 0 0 1 0 1 0 0 1

Warwick 1691: balanced orders and products, 6 products per order
30 15
 0 0 0 1 1 0 1 1 1 0 0 0 0 1 0
 0 0 0 1 1 1 0 0 0 0 1 0 1 0 1
 0 1 1 0 0 0 1 0 0 1 0 0 1 1 0
 1 0 1 0 1 0 0 0 1 1 0 0 0 0 1
 0 0 1 0 1 1 0 0 0 1 1 0 1 0 0
 0 1 1 1 0 0 0 1 1 1 0 0 0 0 0
 0 0 0 0 1 0 0 1 0 0 1 1 1 1 0
 0 1 0 0 0 0 0 1 0 1 0 1 1 1 0
 1 1 0 1 0 1 0 0 0 0 1 1 0 0 0
 0 0 1 1 1 0 1 0 0 0 0 1 1 0 0
 1 0 0 0 0 1 1 0 1 0 0 0 1 0 1
 1 0 0 0 0 1 0 0 0 1 0 1 0 1 1
 0 0 1 1 1 0 1 0 0 0 0 0 0 1 1
 1 1 0 0 0 0 0 0 1 0 1 0 0 1 1
 0 1 0 0 0 0 1 0 1 1 0 1 0 1 0
 1 0 0 1 0 1 0 1 0 0 0 1 0 0 1
 0 1 1 0 0 1 0 1 0 0 1 0 1 0 0
 1 1 0 1 0 0 0 1 1 1 0 0 0 0 0
 0 0 0 1 1 0 1 0 0 1 0 0 1 1 0
 0 0 0 1 0 1 1 1 0 0 1 1 0 0 0
 1 0 1 1 1 0 0 0 0 1 0 1 0 0 0
 1 1 1 0 1 1 0 0 0 0 1 0 0 0 0
 0 0 0 0 0 1 1 0 1 1 0 1 0 1 0
 1 0 0 0 0 1 1 1 1 0 0 0 1 0 0
 1 1 1 0 0 0 0 0 0 0 1 0 1 0 1
 0 1 1 0 0 1 0 0 0 0 1 1 0 0 1
 1 0 0 1 0 0 1 0 0 0 1 1 1 0 0
 0 0 1 0 0 0 0 1 1 0 1 0 0 1 1
 0 0 0 0 1 0 1 1 1 1 0 0 0 0 1
 0 1 0 0 1 0 0 1 1 0 0 0 0 1 1

Warwick 1692: balanced orders and products, 6 products per order
30 15
 0 1 0 1 1 0 0 0 0 1 1 0 1 0 0
 0 0 1 0 1 0 1 0 1 0 0 0 1 1 0
 1 0 0 0 0 0 0 0 1 0 1 1 1 0 1
 1 0 0 0 1 0 0 1 0 1 1 0 1 0 0
 0 1 0 1 0 1 0 0 1 0 1 0 0 1 0
 0 1 0 1 1 1 0 0 0 0 0 1 1 0 0
 0 0 1 0 1 0 0 1 1 0 0 1 0 1 0
 1 0 0 1 0 0 1 0 0 0 0 1 1 0 1
 1 0 0 0 0 1 1 0 1 1 1 0 0 0 0
 0 1 1 1 0 0 1 1 1 0 0 0 0 0 0
 0 1 0 0 0 1 0 1 0 0 1 0 1 1 0
 0 1 0 0 1 1 0 0 0 1 0 0 0 1 1
 0 0 0 0 1 0 1 1 0 1 0 1 1 0 0
 1 1 0 0 1 0 0 0 0 0 1 0 0 1 1
 1 0 1 1 0 0 0 1 0 1 0 1 0 0 0
 1 0 0 0 0 0 0 1 1 0 0 1 0 1 1
 0 1 1 0 0 0 1 0 0 0 1 0 1 0 1
 0 1 1 0 0 0 1 1 0 0 0 1 1 0 0
 0 0 0 0 0 0 0 1 1 1 0 1 0 1 1
 0 0 1 1 0 0 0 1 1 1 0 0 0 1 0
 1 0 1 0 0 1 0 0 1 0 1 1 0 0 0
 1 1 0 0 0 0 1 0 0 0 0 1 0 1 1
 1 0 0 0 1 1 0 0 1 1 0 0 0 0 1
 0 1 0 1 1 1 0 0 0 1 1 0 0 0 0
 1 0 1 0 0 1 1 0 0 0 0 0 1 0 1
 0 1 0 1 0 0 0 1 0 0 1 1 1 0 0
 0 0 1 1 0 0 1 1 0 0 0 0 0 1 1
 0 0 1 1 1 1 0 0 0 1 0 0 0 1 0
 0 0 1 1 0 1 1 0 0 0 1 0 0 0 1
 1 0 0 0 1 1 1 0 1 1 0 0 0 0 0

Warwick 1693: balanced orders and products, 6 products per order
30 15
 1 0 0 0 0 0 1 1 1 0 1 1 0 0 0
 0 1 1 1 0 0 0 0 0 1 1 0 0 1 0
 0 0 1 0 1 1 1 0 1 1 0 0 0 0 0
 0 0 1 0 0 0 0 1 0 0 1 1 0 1 1
 1 0 0 1 1 1 0 1 0 0 0 0 1 0 0
 0 1 0 0 0 1 1 1 0 0 0 1 0 1 0
 0 1 1 1 0 0 0 0 0 0 1 0 1 0 1
 0 0 1 0 0 0 1 0 1 0 1 0 0 1 1
 1 0 0 1 1 0 1 0 0 0 0 0 0 1 1
 1 1 1 0 1 0 1 0 0 0 0 1 0 0 0
 1 0 1 0 1 0 0 1 0 1 0 0 1 0 0
 0 0 0 0 0 0 1 0 1 0 0 1 1 1 1
 1 0 0 0 0 1 0 0 1 0 0 1 0 1 1
 1 1 1 1 0 0 0 0 0 0 1 0 1 0 0
 0 0 1 1 1 0 0 0 0 0 1 1 1 0 0
 0 0 0 0 1 0 1 0 1 0 1 0 1 0 1
 0 1 0 0 0 1 1 1 0 0 0 1 0 1 0
 0 0 0 0 0 1 0 1 0 1 0 1 1 1 0
 0 0 1 1 0 1 0 1 0 1 0 0 0 0 1
 1 1 0 1 1 0 1 0 0 1 0 0 0 0 0
 1 0 0 1 0 1 0 0 0 1 0 0 1 1 0
 1 0 1 1 0 0 0 1 0 1 0 0 0 1 0
 0 1 1 0 0 0 0 1 0 0 1 0 1 0 1
 0 1 0 0 1 0 0 0 1 1 1 0 0 0 1
 0 0 0 0 1 1 0 0 1 1 0 1 1 0 0
 1 0 0 0 0 1 0 0 0 1 1 1 0 0 1
 0 1 0 0 1 1 0 0 1 0 0 0 0 1 1
 0 1 0 1 0 0 0 1 1 1 0 0 1 0 0
 0 1 0 1 0 0 1 1 1 0 1 0 0 0 0
 1 0 0 0 1 1 1 0 1 0 0 1 0 0 0

Warwick 1694: balanced orders and products, 6 products per order
30 15
 0 0 0 0 1 1 1 0 0 1 1 0 1 0 0
 0 0 1 0 0 0 0 0 0 0 1 1 1 1 1
 0 1 0 0 1 1 1 0 1 0 1 0 0 0 0
 1 0 0 0 1 0 0 1 1 1 0 1 0 0 0
 0 1 0 1 1 0 1 0 0 0 1 0 0 1 0
 0 0 0 1 0 1 0 1 0 0 0 1 1 1 0
 1 0 1 1 0 0 0 0 1 0 1 0 0 0 1
 0 0 1 0 0 0 0 1 1 1 0 0 0 1 1
 1 0 0 0 0 0 1 1 0 0 1 0 1 1 0
 1 0 0 1 0 1 0 1 0 0 0 1 1 0 0
 0 0 0 0 1 0 1 0 0 1 0 0 1 1 1
 0 1 1 1 0 0 1 0 0 1 0 0 0 0 1
 0 0 1 0 0 0 0 1 0 1 0 0 1 1 1
 1 0 1 0 1 1 0 1 0 1 0 0 0 0 0
 0 1 0 1 0 1 1 0 0 0 0 1 1 0 0
 0 0 0 1 0 1 1 0 1 0 1 0 0 0 1
 0 0 0 1 1 0 0 1 0 1 0 0 1 1 0
 1 0 1 0 0 0 0 0 1 1 0 0 1 1 0
 1 1 0 0 0 1 0 1 1 1 0 0 0 0 0
 0 1 0 0 0 1 1 1 0 0 1 0 0 1 0
 0 1 0 1 1 1 0 0 0 0 1 1 0 0 0
 1 1 0 1 1 0 0 0 0 1 0 0 0 0 1
 1 0 1 1 0 0 1 1 0 0 0 0 0 0 1
 1 0 0 0 0 0 0 0 1 0 0 1 1 1 1
 1 0 1 0 1 0 1 0 1 0 0 1 0 0 0
 0 1 1 1 1 0 0 0 1 0 0 1 0 0 0
 1 1 0 0 0 0 0 0 1 0 0 1 0 1 1
 0 1 1 0 0 1 0 0 0 0 1 1 0 0 1
 0 1 0 0 1 0 1 0 1 1 1 0 0 0 0
 0 0 1 0 0 1 0 1 0 0 1 1 1 0 0

Warwick 1695: balanced orders and products, 6 products per order
30 15
 1 0 0 0 0 1 0 1 0 0 0 1 1 0 1
 1 0 0 0 0 1 0 1 0 1 0 1 1 0 0
 1 0 0 0 0 0 0 1 1 1 0 1 1 0 0
 0 1 0 1 1 0 1 0 0 0 0 1 0 0 1
 1 0 0 0 0 0 1 0 1 1 1 0 0 1 0
 0 1 0 1 0 0 1 0 0 0 1 0 0 1 1
 0 1 0 1 0 1 1 0 1 0 0 0 1 0 0
 0 0 0 0 1 1 1 0 0 0 1 0 0 1 1
 1 0 1 0 0 0 0 0 1 0 1 0 1 0 1
 1 0 1 0 0 1 0 1 0 0 1 0 0 1 0
 0 0 0 1 1 0 0 0 0 1 1 1 0 1 0
 0 0 1 0 1 0 0 0 0 1 0 1 0 1 1
 0 1 0 1 0 1 0 1 0 0 0 1 0 1 0
 0 0 1 0 1 0 0 0 1 1 0 1 1 0 0
 0 1 0 1 0 1 1 1 0 0 0 1 0 0 0
 1 0 1 0 0 0 0 1 0 0 1 0 1 0 1
 0 1 0 1 0 1 1 0 0 0 1 0 0 1 0
 0 0 0 0 0 0 1 1 1 0 1 0 1 0 1
 0 1 1 0 0 1 0 0 1 1 0 0 1 0 0
 1 1 0 0 0 0 0 1 1 1 0 1 0 0 0
 0 0 0 1 1 1 0 1 0 1 0 0 0 1 0
 0 1 1 1 0 1 0 1 0 0 0 0 0 0 1
 0 0 1 0 1 0 1 1 0 0 0 0 1 0 1
 1 0 0 0 1 1 0 0 0 0 1 0 0 1 1
 1 1 0 0 1 0 1 0 1 1 0 0 0 0 0
 0 0 1 1 1 0 0 0 0 0 1 0 1 1 0
 1 0 1 1 0 0 1 0 0 0 0 0 1 0 1
 1 1 0 0 1 0 0 0 1 0 0 1 0 1 0
 0 0 1 1 1 0 0 0 1 1 1 0 0 0 0
 0 1 1 0 0 0 1 0 1 1 0 1 0 0 0

Warwick 1696: balanced orders and products, 6 products per order
30 15
 0 0 0 1 0 1 1 0 0 0 1 1 0 1 0
 0 0 0 0 1 1 0 0 1 0 1 0 1 0 1
 0 1 0 1 0 1 1 0 0 0 0 0 1 0 1
 0 1 1 0 0 0 0 1 1 1 0 1 0 0 0
 0 1 1 1 0 0 0 1 0 0 1 0 0 1 0
 0 0 1 0 1 0 0 1 1 0 0 1 0 0 1
 0 0 1 1 1 0 0 0 0 1 1 0 0 0 1
 0 1 0 0 0 0 1 1 0 1 0 0 1 0 1
 0 1 1 0 0 0 0 0 0 1 1 1 1 0 0
 1 0 0 0 1 0 1 0 1 0 0 1 0 1 0
 0 1 1 1 0 0 0 0 0 1 1 0 0 1 0
 0 1 0 0 1 1 0 1 1 0 0 0 0 1 0
 1 1 0 0 1 0 1 0 0 1 0 1 0 0 0
 1 1 0 1 0 1 0 0 0 0 0 0 1 1 0
 1 0 0 1 1 1 1 0 0 0 1 0 0 0 0
 0 0 1 0 0 0 0 0 1 1 0 1 1 0 1
 1 0 0 0 0 1 1 0 0 1 1 0 0 0 1
 1 0 1 1 0 0 0 1 1 0 1 0 0 0 0
 1 0 0 1 1 1 1 0 0 0 0 0 1 0 0
 1 0 1 1 0 0 0 1 0 1 0 0 0 0 1
 0 0 0 0 0 1 0 1 1 0 1 0 1 1 0
 0 0 1 0 0 0 0 0 1 1 0 1 1 1 0
 1 0 1 1 0 0 0 0 1 0 0 0 0 1 1
 0 1 0 0 1 1 1 1 0 0 0 1 0 0 0
 0 0 0 1 1 0 1 0 0 0 0 0 1 1 1
 0 1 0 0 1 1 1 1 0 0 0 0 1 0 0
 1 1 0 0 0 0 0 1 0 1 1 1 0 0 0
 1 0 0 0 0 1 1 0 1 1 1 0 0 0 0
 1 0 1 0 0 0 0 0 1 0 0 1 0 1 1
 0 0 0 0 1 0 0 1 0 0 0 1 1 1 1

Warwick 1697: balanced orders and products, 6 products per order
30 15
 0 1 1 0 0 0 0 0 0 1 0 1 0 1 1
 1 0 1 1 0 0 0 1 0 1 0 1 0 0 0
 0 0 1 1 1 0 0 1 1 0 0 1 0 0 0
 1 0 1 1 0 1 1 0 0 0 0 0 0 1 0
 0 1 0 0 0 1 1 0 1 0 1 0 1 0 0
 0 0 1 1 1 1 0 0 1 0 0 1 0 0 0
 1 0 0 1 1 0 0 1 0 1 0 1 0 0 0
 1 0 0 0 0 1 1 0 0 0 1 0 1 0 1
 1 0 0 0 0 0 1 0 1 1 0 0 0 1 1
 0 0 0 0 0 1 0 1 0 0 0 1 1 1 1
 0 1 1 0 0 0 0 1 1 0 0 1 1 0 0
 1 0 0 0 0 1 0 1 0 1 1 0 0 1 0
 0 1 1 0 0 0 0 1 0 0 0 0 1 1 1
 0 0 0 1 1 0 0 1 1 0 0 0 0 1 1
 0 1 1 0 1 0 0 0 0 1 1 0 1 0 0
 0 0 0 1 1 0 0 1 0 1 1 0 0 1 0
 0 0 1 0 0 0 1 0 1 1 1 0 0 0 1
 0 0 0 0 0 1 1 0 0 0 1 1 0 1 1
 1 1 0 0 0 1 1 0 0 1 1 0 0 0 0
 1 0 1 0 1 0 0 0 1 0 0 1 0 1 0
 1 0 0 0 1 0 1 1 0 0 0 0 1 1 0
 1 1 0 1 1 0 0 0 0 1 0 0 1 0 0
 0 1 1 1 0 1 0 0 0 0 0 0 1 0 1
 0 0 0 0 0 1 1 0 1 0 1 1 0 0 1
 0 1 0 1 1 0 0 1 0 1 0 0 1 0 0
 1 0 0 0 0 1 1 0 1 0 1 0 0 0 1
 0 0 1 0 1 0 1 0 1 1 1 0 0 0 0
 0 1 0 1 0 0 0 1 0 0 1 1 1 0 0
 1 1 0 1 0 0 0 0 1 0 0 1 0 1 0
 0 1 0 0 1 1 1 0 0 0 0 0 1 0 1

Warwick 1698: balanced orders and products, 6 products per order
30 15
 0 1 1 0 1 1 0 0 0 0 0 0 1 1 0
 1 1 0 0 0 0 0 1 1 0 0 1 0 0 1
 0 1 0 1 0 0 0 1 1 0 0 1 0 0 1
 0 1 1 1 1 0 0 0 1 0 1 0 0 0 0
 0 0 1 0 1 0 0 0 0 1 0 0 1 1 1
 0 0 1 0 0 1 1 0 1 1 0 0 1 0 0
 0 1 0 1 1 0 1 0 0 0 1 0 0 1 0
 0 1 0 1 1 0 0 1 0 0 0 1 0 1 0
 1 0 0 0 0 0 0 0 0 1 1 0 1 1 1
 0 1 0 1 1 0 0 1 0 0 0 1 1 0 0
 0 0 0 0 1 0 1 0 1 0 1 0 0 1 1
 1 0 0 0 1 1 1 0 0 0 0 1 1 0 0
 0 1 1 0 0 1 0 0 1 1 1 0 0 0 0
 0 0 1 1 1 1 0 0 0 1 1 0 0 0 0
 1 1 0 0 0 0 0 0 1 0 0 1 0 1 1
 0 0 1 0 0 0 1 0 1 1 1 0 0 0 1
 1 1 1 0 1 0 0 1 0 0 0 0 1 0 0
 1 0 0 0 1 1 1 0 1 0 0 0 0 0 1
 1 0 0 0 0 0 1 0 1 0 0 1 0 1 1
 0 0 1 1 0 0 0 1 0 0 1 1 0 1 0
 0 0 1 1 0 0 0 1 1 1 0 1 0 0 0
 0 0 0 1 0 0 1 1 1 1 1 0 0 0 0
 0 0 1 0 0 1 1 1 0 0 0 1 0 0 1
 0 0 0 0 0 1 0 1 0 1 1 0 1 1 0
 1 1 0 0 0 1 0 0 0 0 0 1 1 0 1
 0 1 0 1 0 1 1 0 0 1 1 0 0 0 0
 1 0 0 0 1 1 1 0 0 1 0 0 0 1 0
 1 0 1 0 0 0 0 1 0 0 0 1 1 0 1
 1 0 0 1 0 0 0 1 0 0 1 0 1 1 0
 1 0 0 1 0 1 1 0 0 1 0 0 1 0 0

Warwick 1699: balanced orders and products, 6 products per order
30 15
 1 0 1 0 0 0 1 0 1 0 0 1 1 0 0
 0 0 1 0 0 0 1 0 1 1 1 0 0 1 0
 0 0 0 1 1 0 0 1 1 0 1 1 0 0 0
 0 0 0 0 0 1 1 0 1 0 0 1 0 1 1
 0 1 0 1 0 0 0 0 1 1 1 0 1 0 0
 0 0 1 0 1 0 0 0 0 1 0 0 1 1 1
 0 0 1 0 1 0 0 0 1 1 0 0 0 1 1
 0 1 0 0 1 0 0 0 1 1 0 0 1 0 1
 0 0 1 1 1 0 0 0 0 0 0 1 0 1 1
 0 0 1 0 0 1 0 0 0 0 1 1 0 1 1
 0 1 0 0 0 0 0 0 0 1 1 1 1 0 1
 1 0 1 0 1 0 0 1 0 0 1 0 1 0 0
 1 1 0 0 0 0 1 0 1 0 1 1 0 0 0
 0 0 0 1 0 1 1 1 0 0 1 1 0 0 0
 1 1 0 0 0 1 1 0 0 1 0 1 0 0 0
 1 0 0 0 0 0 0 1 0 0 1 1 0 1 1
 1 0 0 1 1 0 0 1 0 0 0 1 0 1 0
 0 0 0 0 0 1 1 1 1 0 0 0 1 1 0
 1 0 1 0 0 1 0 1 1 0 0 0 0 0 1
 0 0 1 1 1 0 1 0 0 1 0 0 1 0 0
 0 1 0 1 1 0 0 0 1 0 0 0 1 1 0
 1 1 0 0 0 1 1 1 0 0 1 0 0 0 0
 0 1 1 0 1 1 1 1 0 0 0 0 0 0 0
 1 0 0 0 0 0 0 1 1 1 0 0 1 0 1
 1 0 1 1 1 1 0 0 0 1 0 0 0 0 0
 0 0 1 1 0 1 1 1 0 0 0 0 1 0 0
 1 1 0 0 0 0 0 1 0 0 0 0 1 1 1
 0 1 0 1 1 0 0 0 0 0 1 1 0 1 0
 1 1 0 1 0 1 0 0 0 1 1 0 0 0 0
 0 1 0 1 0 1 1 0 0 1 0 0 0 0 1

Warwick 1700: balanced orders and products, 6 products per order
30 15
 1 0 0 0 1 1 0 0 0 0 1 1 0 1 0
 1 0 0 0 0 1 1 0 0 1 0 0 1 0 1
 0 0 0 1 1 1 0 0 0 0 0 1 0 1 1
 0 0 1 1 1 0 0 0 0 1 1 0 0 0 1
 1 0 1 0 1 0 0 1 0 0 0 0 0 1 1
 1 0 0 0 0 1 1 0 0 0 1 1 0 1 0
 1 0 1 0 0 1 0 1 0 0 0 1 0 0 1
 0 1 1 1 0 0 0 0 1 1 0 1 0 0 0
 0 0 0 0 0 0 1 1 1 0 1 1 1 0 0
 0 1 0 0 0 0 0 1 1 1 0 0 0 1 1
 0 1 0 0 0 0 1 0 0 1 1 1 0 1 0
 0 1 0 0 0 1 0 0 0 1 1 1 1 0 0
 0 0 0 1 1 0 0 0 0 1 1 0 1 0 1
 1 1 0 0 0 1 1 0 1 0 0 0 0 0 1
 0 0 1 0 1 0 1 1 1 0 0 0 0 1 0
 0 0 0 1 1 1 1 0 0 0 0 0 1 0 1
 0 0 1 0 0 1 0 1 1 0 1 0 1 0 0
 0 0 0 1 0 0 1 1 0 1 1 1 0 0 0
 0 1 1 1 1 0 0 0 1 0 0 0 1 0 0
 1 1 0 0 1 0 0 0 1 0 1 0 0 0 1
 0 0 1 1 0 0 1 1 1 1 0 0 0 0 0
 0 0 1 1 1 1 1 0 0 0 1 0 0 0 0
 1 1 0 0 0 0 1 1 0 0 0 0 1 1 0
 1 0 0 0 0 1 0 0 1 0 0 1 1 1 0
 0 0 1 1 0 0 0 1 0 0 0 0 1 1 1
 0 1 1 1 0 0 0 0 1 1 0 0 0 0 1
 0 0 1 0 1 0 1 1 0 0 1 0 1 0 0
 1 1 0 0 0 0 0 0 1 1 0 1 1 0 0
 1 1 0 1 1 1 0 0 0 0 0 0 0 1 0
 1 1 0 0 0 0 0 1 0 1 0 1 0 1 0

Warwick 1701: balanced orders and products, 7 products per order
30 15
 0 1 0 0 1 0 0 1 1 1 0 1 0 0 1
 1 1 1 1 0 0 0 1 0 0 0 0 1 0 1
 0 1 0 0 1 1 0 1 1 0 0 0 1 1 0
 1 1 1 0 1 1 0 0 0 1 1 0 0 0 0
 1 0 0 0 0 0 1 0 0 0 1 1 1 1 1
 1 0 0 1 0 1 1 0 0 0 0 0 1 1 1
 0 1 1 1 1 0 0 0 0 0 1 0 1 1 0
 0 1 0 1 1 0 0 0 0 1 1 1 0 1 0
 1 0 0 1 0 0 0 1 0 1 1 0 1 0 1
 0 1 0 0 1 0 1 1 1 1 0 0 0 0 1
 0 0 1 0 0 1 1 0 1 0 0 1 0 1 1
 1 0 0 0 0 1 1 0 1 1 0 1 1 0 0
 1 0 1 1 0 0 0 1 0 0 1 0 0 1 1
 0 0 0 1 1 1 0 0 1 0 1 0 1 0 1
 0 0 1 1 0 1 0 1 0 0 1 1 0 1 0
 0 1 1 0 0 1 1 0 0 1 1 0 0 0 1
 0 1 0 0 1 1 1 0 0 1 1 0 0 1 0
 1 1 0 0 1 1 0 0 1 1 0 0 1 0 0
 1 0 1 0 0 0 1 1 1 0 0 0 1 0 1
 0 0 0 0 1 0 0 1 1 1 1 1 1 0 0
 0 0 0 1 0 1 1 1 1 0 0 0 1 1 0
 1 0 1 1 0 1 0 0 0 0 1 1 0 1 0
 1 0 1 1 1 0 0 1 1 0 0 1 0 0 0
 0 1 0 1 0 1 1 0 1 0 0 1 0 1 0
 0 0 1 0 1 0 1 1 0 0 0 0 1 1 1
 1 0 1 1 0 0 1 0 0 1 0 1 0 0 1
 1 0 0 1 0 1 1 0 1 0 1 1 0 0 0
 0 1 0 0 0 0 0 1 0 1 1 1 1 0 1
 1 1 1 0 1 0 0 1 0 1 0 1 0 0 0
 0 1 1 0 1 0 1 0 1 1 0 0 0 1 0

Warwick 1702: balanced orders and products, 7 products per order
30 15
 0 0 1 0 0 1 1 0 1 1 1 1 0 0 0
 0 1 0 1 0 1 0 1 1 0 1 0 0 0 1
 1 1 0 1 0 0 0 1 0 0 0 1 1 1 0
 0 1 0 1 0 0 1 0 0 1 1 1 1 0 0
 1 1 0 0 1 1 0 0 0 0 1 0 0 1 1
 0 0 1 1 0 1 0 1 0 1 0 1 1 0 0
 1 0 0 1 0 0 0 0 1 1 0 1 1 0 1
 0 0 0 0 1 1 0 1 0 0 1 0 1 1 1
 1 0 1 1 0 1 1 0 0 0 0 1 1 0 0
 0 0 1 0 1 1 0 0 1 0 1 0 0 1 1
 1 1 1 0 0 0 1 1 0 1 0 1 0 0 0
 0 0 0 1 0 1 0 1 1 1 0 1 0 0 1
 0 1 1 0 1 0 1 1 0 0 0 0 0 1 1
 1 1 0 1 0 0 0 0 1 1 0 0 1 0 1
 1 0 1 0 1 1 0 1 1 0 0 0 1 0 0
 1 0 0 0 1 0 1 0 1 0 0 1 1 1 0
 0 1 0 0 0 1 1 0 1 0 1 1 1 0 0
 0 0 0 1 1 0 1 0 0 1 1 0 1 1 0
 1 1 0 1 0 0 0 0 1 1 0 0 0 1 1
 0 0 1 0 0 0 1 1 0 1 0 1 0 1 1
 1 0 0 0 0 1 1 0 1 0 1 1 1 0 0
 0 1 1 0 1 1 0 1 0 0 1 0 0 0 1
 1 0 1 1 1 0 1 0 1 0 0 0 0 1 0
 1 1 0 0 0 0 0 1 0 1 1 0 1 1 0
 0 0 1 0 1 0 1 1 0 0 1 0 0 1 1
 1 0 1 1 1 0 0 0 0 1 0 1 0 1 0
 1 1 0 0 0 0 0 1 1 1 0 0 1 0 1
 0 1 0 1 1 1 1 0 0 0 1 0 0 0 1
 0 0 1 0 1 0 1 1 1 0 1 1 0 0 0
 0 1 1 1 1 1 0 0 0 1 0 0 0 1 0

Warwick 1703: balanced orders and products, 7 products per order
30 15
 1 1 1 0 0 1 1 1 0 0 0 0 0 1 0
 0 0 1 1 0 1 1 0 1 0 1 0 1 0 0
 1 0 0 1 0 1 1 0 0 0 0 1 1 1 0
 1 1 1 0 1 0 0 1 0 1 0 0 1 0 0
 1 0 0 0 1 1 1 1 1 0 0 1 0 0 0
 1 1 1 1 0 1 0 0 0 0 1 0 0 0 1
 1 0 0 1 1 0 1 0 0 0 0 0 1 1 1
 0 1 1 0 1 0 1 0 1 0 1 0 1 0 0
 0 0 0 0 1 1 0 1 0 1 1 1 1 0 0
 0 0 0 0 1 0 1 1 0 1 1 1 0 0 1
 1 0 1 0 0 0 1 0 0 1 1 1 0 1 0
 1 0 0 1 0 0 1 0 1 1 0 1 1 0 0
 0 0 1 0 1 0 1 0 1 0 0 1 0 1 1
 1 0 1 0 0 0 0 0 0 0 1 1 1 1 1
 0 1 0 0 0 1 0 1 0 1 1 1 1 0 0
 0 1 0 1 0 1 1 1 0 0 0 0 0 1 1
 0 0 1 0 0 0 1 1 1 0 1 0 0 1 1
 0 1 1 1 1 0 0 0 0 0 1 1 0 0 1
 1 1 0 1 1 1 0 0 1 1 0 0 0 0 0
 1 1 0 1 0 0 0 1 1 1 0 0 0 1 0
 0 0 0 1 0 1 0 0 0 1 0 1 1 1 1
 0 1 1 0 0 1 1 1 1 0 0 0 0 1 0
 0 1 0 1 1 0 0 0 1 0 1 0 0 1 1
 1 0 1 1 1 1 0 1 1 0 0 0 0 0 0
 0 1 1 1 0 1 0 0 0 1 0 0 1 0 1
 0 0 1 0 1 0 0 0 0 1 1 1 1 0 1
 0 0 0 0 1 0 0 1 1 1 1 0 1 1 0
 1 1 0 0 1 0 1 1 0 1 0 1 0 0 0
 0 1 0 0 0 0 0 1 1 1 1 0 1 0 1
 1 0 0 1 0 1 0 0 1 0 0 1 0 1 1

Warwick 1704: balanced orders and products, 7 products per order
30 15
 1 0 0 0 0 1 1 0 1 0 1 1 1 0 0
 1 1 1 0 1 0 0 0 1 1 0 0 0 1 0
 0 1 1 1 0 0 0 1 1 1 0 0 0 1 0
 1 0 1 0 0 0 0 1 0 1 0 1 1 0 1
 0 0 0 1 1 1 0 0 0 0 1 0 1 1 1
 1 1 1 1 0 0 0 0 0 1 0 0 1 0 1
 1 0 0 1 1 1 0 1 0 0 0 0 1 0 1
 1 1 0 0 0 0 0 1 0 0 1 1 1 0 1
 0 1 1 0 0 1 0 0 0 1 0 1 0 1 1
 0 0 0 1 1 0 1 0 1 1 0 0 1 0 1
 0 0 0 0 0 1 0 1 1 1 1 1 0 1 0
 0 1 1 1 0 1 1 0 0 0 1 0 0 1 0
 0 0 0 1 0 0 1 1 0 1 1 0 1 1 0
 1 1 1 0 1 0 0 0 0 1 0 0 0 1 1
 0 1 0 1 1 1 0 0 1 0 1 1 0 0 0
 1 1 0 0 1 0 1 1 1 0 0 0 1 0 0
 0 0 1 1 0 0 1 0 1 0 1 1 1 0 0
 0 0 0 1 1 1 1 0 0 1 1 1 0 0 0
 1 1 1 0 0 0 1 0 0 1 1 0 0 0 1
 0 0 0 0 0 0 1 1 1 0 1 1 1 0 1
 0 0 1 1 0 1 1 1 1 1 0 0 0 0 0
 0 0 0 1 1 1 1 0 1 0 1 0 0 1 0
 1 1 1 0 1 1 1 0 0 0 1 0 0 0 0
 1 0 1 1 0 0 0 1 1 0 0 1 0 1 0
 0 1 0 0 0 1 0 1 1 0 1 1 0 1 0
 1 0 1 0 1 0 0 0 0 1 0 0 1 1 1
 1 0 1 1 1 0 1 0 1 0 0 1 0 0 0
 0 1 0 0 0 1 0 1 0 1 0 1 0 1 1
 0 0 0 0 1 1 1 1 0 0 0 1 1 0 1
 1 1 0 0 1 0 0 1 0 0 0 0 1 1 1

Warwick 1705: balanced orders and products, 7 products per order
30 15
 0 0 1 1 1 0 1 0 1 1 0 0 0 1 0
 1 1 1 0 1 1 0 1 0 0 0 0 1 0 0
 1 0 1 0 0 1 0 1 0 1 0 1 0 0 1
 0 0 0 1 0 1 0 1 0 0 1 1 0 1 1
 0 0 0 0 1 1 0 0 1 1 1 0 1 0 1
 1 1 0 0 0 1 1 1 1 0 0 0 0 1 0
 1 0 1 0 0 0 1 0 1 0 1 0 1 1 0
 0 1 1 1 0 0 1 0 0 0 0 1 1 0 1
 1 0 1 0 1 0 0 1 0 1 0 1 1 0 0
 1 1 0 0 0 1 1 0 0 1 1 0 0 0 1
 0 0 1 0 1 1 0 1 0 0 1 0 1 1 0
 0 1 1 1 0 0 1 0 0 0 0 1 0 1 1
 0 1 1 1 0 0 0 0 0 0 1 1 1 1 0
 0 0 0 1 0 1 0 1 1 1 1 0 1 0 0
 0 0 0 1 1 1 1 0 1 0 0 0 1 0 1
 1 1 0 1 0 0 0 1 1 0 0 1 1 0 0
 0 1 0 0 0 1 1 1 0 1 0 0 0 1 1
 1 1 1 1 0 0 0 0 1 0 0 1 0 1 0
 1 0 0 1 1 1 0 0 1 1 0 1 0 0 0
 0 1 0 0 1 0 0 0 1 1 1 1 1 0 0
 1 0 1 0 1 0 0 0 1 0 0 1 1 0 1
 1 1 0 0 1 0 1 1 0 1 0 0 0 1 0
 1 0 0 0 0 0 0 1 0 1 1 1 0 1 1
 0 0 1 1 1 0 1 0 0 0 1 1 0 0 1
 0 0 1 0 1 0 1 1 0 0 1 0 0 1 1
 0 0 0 0 0 0 1 1 1 1 1 0 1 0 1
 1 0 1 1 1 1 0 0 0 0 0 0 1 1 0
 1 1 0 1 0 0 1 0 1 1 1 0 0 0 0
 0 1 0 1 1 1 1 0 1 0 1 0 0 0 0
 0 1 0 0 0 1 0 1 0 1 0 1 0 1 1

Warwick 1706: balanced orders and products, 7 products per order
30 15
 0 0 1 1 0 0 0 1 1 1 1 0 1 0 0
 1 1 1 0 0 0 1 0 0 1 1 1 0 0 0
 0 1 1 0 0 1 1 1 0 0 0 0 1 1 0
 1 1 1 0 1 1 0 0 0 0 0 1 1 0 0
 0 1 0 0 0 1 1 1 1 1 0 0 1 0 0
 1 0 0 1 1 0 0 1 1 1 1 0 0 0 0
 1 0 0 0 1 1 1 1 0 0 1 0 0 0 1
 0 1 0 1 0 0 1 0 1 1 1 1 0 0 0
 1 0 1 0 1 1 0 1 0 0 0 1 1 0 0
 0 0 1 0 0 1 1 1 1 0 1 0 1 0 0
 0 1 0 0 1 0 1 0 0 0 1 1 1 0 1
 1 1 0 1 1 0 0 0 0 1 1 0 0 0 1
 1 0 0 0 1 1 0 1 1 0 0 1 0 0 1
 1 0 0 1 0 0 0 1 1 0 0 1 1 1 0
 1 0 1 1 0 1 0 1 0 0 0 0 0 1 1
 0 0 1 1 1 0 1 0 1 0 0 0 0 1 1
 1 1 0 1 1 0 0 0 0 1 0 0 0 1 1
 0 0 1 0 0 0 1 1 1 0 1 0 1 1 0
 0 1 0 1 0 0 1 0 0 0 1 0 1 1 1
 1 1 0 0 0 0 1 0 1 0 1 1 0 0 1
 0 0 0 1 1 1 0 0 1 0 0 1 0 1 1
 0 0 1 0 1 1 1 1 0 0 0 1 1 0 0
 0 0 0 1 0 0 0 0 1 1 1 1 1 1 0
 0 1 1 1 1 1 0 0 0 1 0 0 0 1 0
 1 1 0 1 0 1 0 0 1 0 0 1 0 1 0
 0 0 1 0 1 0 0 0 0 1 1 1 0 1 1
 1 1 0 0 0 0 1 0 0 1 0 1 1 1 0
 0 1 1 0 0 1 0 0 0 1 1 0 1 0 1
 0 0 0 0 1 0 1 1 1 1 0 0 0 1 1
 1 0 1 1 0 1 0 1 0 1 0 0 0 0 1

Warwick 1707: balanced orders and products, 7 products per order
30 15
 0 1 1 1 0 1 1 0 0 1 0 0 1 0 0
 0 1 1 0 0 0 1 1 0 1 0 0 1 0 1
 0 0 0 1 0 0 0 1 1 0 1 1 0 1 1
 1 0 0 1 1 1 1 1 1 0 0 0 0 0 0
 1 1 1 0 0 1 1 0 0 1 0 0 1 0 0
 0 0 1 0 1 1 0 1 0 1 1 0 0 0 1
 1 0 0 1 0 0 1 0 1 0 1 1 0 1 0
 0 1 0 1 0 1 0 1 0 0 1 1 0 1 0
 1 1 0 0 0 0 0 1 0 0 1 1 1 0 1
 0 0 1 0 1 0 1 0 1 0 1 1 0 1 0
 0 0 1 0 0 1 0 0 1 1 0 1 1 0 1
 1 0 0 0 1 0 1 0 0 1 0 1 1 1 0
 1 1 1 1 0 0 0 1 1 0 0 1 0 0 0
 0 0 1 1 1 0 1 0 0 1 1 0 1 0 0
 1 0 0 1 0 1 0 0 1 1 0 0 1 0 1
 0 1 1 0 1 0 0 0 0 0 1 1 0 1 1
 0 0 0 1 0 0 0 1 1 0 1 1 0 1 1
 0 1 1 0 1 1 0 0 0 0 1 1 0 1 0
 1 0 0 1 1 1 1 1 0 0 0 0 1 0 0
 1 1 0 0 1 1 0 1 0 1 0 0 0 1 0
 1 1 1 1 0 0 1 1 1 0 0 0 0 0 0
 1 1 0 0 0 1 1 1 1 0 0 0 0 0 1
 1 1 0 1 1 0 0 0 0 0 1 0 0 1 1
 0 0 0 0 1 0 0 1 0 0 1 1 1 1 1
 0 1 0 0 0 0 1 0 1 1 1 0 1 0 1
 1 0 0 0 1 1 0 0 0 1 0 1 0 1 1
 0 0 1 0 0 0 1 0 1 1 0 1 1 1 0
 0 1 0 1 0 1 0 1 0 1 0 0 1 1 0
 1 0 1 1 1 0 1 0 1 1 0 0 0 0 0
 0 0 1 0 1 1 0 0 1 0 1 0 1 0 1

Warwick 1708: balanced orders and products, 7 products per order
30 15
 1 1 0 0 1 0 1 1 0 1 1 0 0 0 0
 0 0 1 1 1 0 0 1 0 1 0 1 1 0 0
 0 0 0 0 1 1 0 1 0 0 0 1 1 1 1
 1 0 1 0 0 1 0 0 0 0 1 0 1 1 1
 0 0 1 0 0 1 1 1 1 1 0 0 1 0 0
 0 1 0 1 1 0 1 1 0 0 1 0 0 1 0
 0 1 1 1 0 0 0 1 0 1 1 0 0 1 0
 1 0 0 0 1 1 1 0 0 0 0 0 1 1 1
 1 0 0 1 0 0 1 0 1 1 1 0 1 0 0
 1 1 1 1 0 0 1 0 0 0 1 0 0 1 0
 0 1 0 1 0 1 0 0 1 0 1 0 0 1 1
 1 0 0 0 1 1 0 0 1 1 0 1 0 1 0
 0 0 1 1 1 0 0 0 0 0 0 1 1 1 1
 1 0 0 0 0 1 1 0 0 0 1 0 1 1 1
 0 1 1 1 0 1 0 0 1 1 0 1 0 0 0
 0 1 0 1 1 0 1 1 0 0 1 0 0 0 1
 0 1 0 0 0 1 1 1 1 0 0 1 0 0 1
 0 0 1 0 0 1 1 0 1 0 1 1 1 0 0
 0 1 1 0 0 0 0 1 1 0 1 0 1 0 1
 1 1 1 0 0 0 0 1 0 1 0 1 0 1 0
 1 1 1 0 0 0 1 0 0 0 1 0 1 1 0
 0 1 1 0 1 0 0 0 1 1 0 1 0 0 1
 1 0 0 0 1 1 0 1 1 1 0 0 0 0 1
 1 0 0 0 1 1 0 0 1 1 0 0 1 0 1
 0 0 0 1 0 1 0 1 0 1 1 1 0 0 1
 1 1 0 0 0 0 1 1 1 1 0 1 0 0 0
 0 0 0 1 1 0 1 1 1 0 0 0 0 1 1
 1 0 0 1 1 0 0 0 1 1 0 1 0 1 0
 1 1 1 1 1 0 0 0 0 0 0 1 1 0 0
 0 0 1 1 0 1 1 0 0 0 1 1 1 0 0

Warwick 1709: balanced orders and products, 7 products per order
30 15
 1 1 0 1 1 1 0 0 1 1 0 0 0 0 0
 0 1 0 0 1 0 0 1 0 1 0 1 1 0 1
 0 0 1 0 1 0 1 1 0 1 0 0 1 1 0
 1 1 0 0 0 0 0 0 1 1 1 1 0 1 0
 1 0 0 1 0 0 1 0 0 0 0 1 1 1 1
 0 1 0 1 1 1 0 0 1 0 1 0 0 0 1
 0 0 1 1 0 0 0 1 1 0 0 1 1 0 1
 1 0 1 0 1 0 1 0 0 1 0 1 0 1 0
 1 0 1 1 0 1 0 0 0 0 1 1 1 0 0
 0 0 1 0 0 1 1 1 0 0 1 0 1 0 1
 0 0 1 0 0 0 0 0 1 1 1 1 1 0 1
 1 1 0 1 1 0 1 1 0 0 1 0 0 0 0
 1 0 0 0 0 1 1 1 0 0 1 0 1 1 0
 0 1 0 0 0 0 1 0 0 0 1 1 1 1 1
 0 0 0 0 1 1 0 1 1 0 0 0 1 1 1
 0 0 1 0 0 1 1 1 1 0 0 1 0 1 0
 0 0 1 1 1 1 0 0 0 1 1 1 0 0 0
 1 0 0 1 0 0 0 1 1 0 0 1 0 1 1
 0 1 1 0 1 1 0 0 0 0 1 0 1 1 0
 1 0 0 1 0 0 1 1 1 0 0 1 1 0 0
 0 0 0 0 1 0 1 1 0 1 0 1 1 0 1
 0 1 1 1 1 1 0 0 0 0 0 0 1 1 0
 0 0 0 1 0 0 1 1 0 1 1 0 0 1 1
 1 0 1 0 0 0 1 0 1 1 1 0 0 1 0
 1 1 0 1 1 1 0 0 0 1 1 0 0 0 0
 1 1 0 1 0 1 0 0 1 0 0 1 0 0 1
 0 1 1 0 0 1 1 0 0 1 0 0 0 1 1
 0 1 0 1 1 0 1 1 1 1 0 0 0 0 0
 1 1 1 0 1 0 0 1 1 0 0 0 0 0 1
 1 1 1 0 0 1 0 0 1 1 1 0 0 0 0

Warwick 1710: balanced orders and products, 7 products per order
30 15
 0 0 0 1 1 1 0 0 1 0 1 1 0 1 0
 0 1 1 1 0 0 0 0 1 0 1 1 1 0 0
 1 1 1 0 1 0 0 0 1 1 0 1 0 0 0
 1 0 0 0 1 1 1 0 1 0 1 0 1 0 0
 1 0 0 0 0 0 1 0 1 1 0 0 1 1 1
 1 1 1 0 1 0 0 0 0 0 1 1 1 0 0
 0 0 1 1 1 1 1 1 0 0 0 1 0 0 0
 1 0 0 0 0 0 1 1 0 1 0 1 0 1 1
 0 0 1 0 0 1 1 0 1 0 0 0 1 1 1
 1 0 0 0 1 0 0 1 0 1 1 1 1 0 0
 0 0 1 1 0 1 1 0 0 1 1 0 0 1 0
 0 1 1 1 0 1 0 1 0 0 0 0 1 0 1
 0 1 0 1 1 0 0 0 1 0 0 1 1 1 0
 0 1 0 1 1 1 0 0 0 0 1 0 1 1 0
 1 0 0 0 1 0 1 1 1 0 0 0 1 1 0
 1 1 0 0 1 0 0 0 1 1 0 0 1 0 1
 0 0 0 1 1 0 1 1 1 1 1 0 0 0 0
 1 0 0 0 0 1 1 1 1 0 0 0 1 0 1
 0 1 1 0 0 1 1 0 0 1 0 0 0 1 1
 1 1 0 1 0 1 0 0 0 0 1 1 0 0 1
 1 0 1 1 0 0 1 0 1 0 0 1 0 0 1
 1 0 1 1 0 0 0 1 0 1 0 1 0 1 0
 0 0 0 1 1 1 0 1 0 0 0 1 0 1 1
 0 0 0 0 0 0 1 1 1 1 1 1 1 0 0
 0 1 0 0 0 0 1 1 0 1 1 1 0 0 1
 0 1 1 1 0 1 0 1 0 1 0 0 0 0 1
 1 1 0 0 1 1 0 0 0 1 0 0 1 1 0
 0 1 1 0 0 0 1 1 0 1 1 0 0 0 1
 0 0 1 0 1 0 0 1 1 0 1 0 0 1 1
 1 1 1 1 0 1 0 0 0 0 1 0 0 1 0

