Warwick 231: balanced orders and products, 4 products per order
10 20
 0 0 1 0 0 0 0 0 0 0 0 0 0 1 0 1 1 0 0 0
 0 0 0 0 1 0 0 0 0 0 0 1 0 0 0 0 1 0 1 0
 0 0 0 0 0 0 0 1 0 0 0 0 1 0 1 0 0 1 0 0
 0 0 0 0 0 0 0 0 0 1 1 0 0 0 0 0 0 1 0 1
 1 0 0 0 1 0 0 0 1 0 1 0 0 0 0 0 0 0 0 0
 0 0 1 1 0 1 0 0 1 0 0 0 0 0 0 0 0 0 0 0
 0 0 0 0 0 1 1 1 0 0 0 0 1 0 0 0 0 0 0 0
 1 1 0 0 0 0 0 0 0 1 0 0 0 1 0 0 0 0 0 0
 0 0 0 1 0 0 1 0 0 0 0 1 0 0 1 0 0 0 0 0
 0 1 0 0 0 0 0 0 0 0 0 0 0 0 0 1 0 0 1 1

Warwick 232: balanced orders and products, 4 products per order
10 20
 1 0 0 0 1 0 0 0 0 1 0 0 1 0 0 0 0 0 0 0
 0 1 0 0 0 0 0 0 1 0 0 0 1 0 0 0 0 0 1 0
 0 1 0 0 1 0 0 0 1 0 0 0 0 0 1 0 0 0 0 0
 0 0 1 0 0 0 0 0 0 0 0 0 0 0 1 0 1 1 0 0
 0 0 0 1 0 1 0 0 0 0 0 0 0 0 0 0 1 0 1 0
 0 0 0 0 0 1 0 0 0 0 1 0 0 1 0 1 0 0 0 0
 0 0 0 0 0 0 1 1 0 0 0 0 0 0 0 0 0 1 0 1
 1 0 0 1 0 0 0 1 0 1 0 0 0 0 0 0 0 0 0 0
 0 0 0 0 0 0 0 0 0 0 1 1 0 1 0 0 0 0 0 1
 0 0 1 0 0 0 1 0 0 0 0 1 0 0 0 1 0 0 0 0

Warwick 233: balanced orders and products, 4 products per order
10 20
 1 0 1 0 0 0 0 0 0 1 0 0 0 1 0 0 0 0 0 0
 0 0 1 1 0 0 1 0 0 0 1 0 0 0 0 0 0 0 0 0
 0 0 0 0 0 0 1 1 0 0 0 0 0 0 0 1 0 0 0 1
 0 0 0 1 0 1 0 0 1 0 0 0 0 0 0 0 0 0 1 0
 0 0 0 0 0 0 0 0 0 0 0 0 1 1 1 0 1 0 0 0
 0 1 0 0 0 1 0 0 0 0 0 1 0 0 0 0 0 0 1 0
 0 0 0 0 0 0 0 1 0 0 1 1 0 0 0 0 0 0 0 1
 0 0 0 0 1 0 0 0 1 0 0 0 1 0 0 0 1 0 0 0
 1 1 0 0 0 0 0 0 0 1 0 0 0 0 0 0 0 1 0 0
 0 0 0 0 1 0 0 0 0 0 0 0 0 0 1 1 0 1 0 0

Warwick 234: balanced orders and products, 4 products per order
10 20
 0 0 0 0 0 0 0 1 0 0 0 1 0 0 0 0 0 1 0 1
 0 0 0 1 0 0 0 0 1 0 0 0 0 0 0 0 1 0 1 0
 0 1 0 0 0 1 0 0 0 0 0 1 0 0 0 0 0 1 0 0
 0 0 0 0 0 0 0 0 0 0 1 0 1 0 0 1 1 0 0 0
 1 0 0 0 1 0 1 0 0 1 0 0 0 0 0 0 0 0 0 0
 0 0 0 0 0 1 0 1 0 0 0 0 0 1 1 0 0 0 0 0
 0 0 0 1 1 0 0 0 1 0 0 0 0 0 0 0 0 0 1 0
 0 0 1 0 0 0 1 0 0 0 0 0 0 1 0 0 0 0 0 1
 0 0 1 0 0 0 0 0 0 0 0 0 1 0 1 1 0 0 0 0
 1 1 0 0 0 0 0 0 0 1 1 0 0 0 0 0 0 0 0 0

Warwick 235: balanced orders and products, 4 products per order
10 20
 0 0 1 0 1 0 0 0 1 0 0 0 0 0 0 0 0 0 1 0
 1 0 0 1 0 0 0 0 0 1 0 0 0 0 0 0 1 0 0 0
 0 1 0 0 0 0 0 1 0 0 0 0 0 0 0 1 1 0 0 0
 1 0 0 0 0 0 0 1 0 0 0 0 0 1 0 1 0 0 0 0
 0 0 0 0 0 1 0 0 0 0 0 0 1 1 0 0 0 1 0 0
 0 1 0 0 0 0 0 0 0 0 0 0 0 0 1 0 0 1 1 0
 0 0 0 0 0 0 0 0 0 0 1 1 0 0 1 0 0 0 0 1
 0 0 1 0 0 1 1 0 0 0 0 0 0 0 0 0 0 0 0 1
 0 0 0 0 1 0 1 0 0 1 1 0 0 0 0 0 0 0 0 0
 0 0 0 1 0 0 0 0 1 0 0 1 1 0 0 0 0 0 0 0

Warwick 236: balanced orders and products, 4 products per order
10 20
 1 0 1 0 1 0 0 0 0 0 0 0 0 0 0 0 0 0 0 1
 0 0 0 0 0 0 0 1 1 0 0 0 0 1 0 0 0 0 0 1
 0 0 0 1 0 1 0 0 0 0 0 0 1 0 0 1 0 0 0 0
 1 0 1 0 0 0 0 0 0 0 0 1 0 0 0 0 0 0 1 0
 0 0 0 0 0 0 0 0 1 0 1 0 1 0 1 0 0 0 0 0
 0 0 0 1 0 0 0 0 0 1 0 0 0 0 1 0 0 1 0 0
 0 1 0 0 0 0 1 0 0 1 0 0 0 0 0 0 1 0 0 0
 0 0 0 0 0 1 0 0 0 0 0 1 0 1 0 0 0 1 0 0
 0 0 0 0 1 0 0 0 0 0 0 0 0 0 0 1 1 0 1 0
 0 1 0 0 0 0 1 1 0 0 1 0 0 0 0 0 0 0 0 0

Warwick 237: balanced orders and products, 4 products per order
10 20
 0 0 1 1 0 0 0 0 0 1 0 0 0 0 0 0 0 1 0 0
 0 0 0 0 1 0 1 0 0 0 0 0 0 0 1 0 0 0 1 0
 0 0 0 0 0 0 0 0 0 1 0 1 1 0 0 0 1 0 0 0
 0 0 0 0 0 0 0 0 1 0 0 0 0 1 0 0 1 0 0 1
 1 0 1 1 0 0 0 0 0 0 0 0 0 0 1 0 0 0 0 0
 0 1 0 0 0 0 0 1 0 0 1 0 1 0 0 0 0 0 0 0
 1 0 0 0 0 0 1 1 0 0 1 0 0 0 0 0 0 0 0 0
 0 0 0 0 0 0 0 0 0 0 0 1 0 0 0 1 0 0 1 1
 0 0 0 0 1 1 0 0 0 0 0 0 0 1 0 1 0 0 0 0
 0 1 0 0 0 1 0 0 1 0 0 0 0 0 0 0 0 1 0 0

Warwick 238: balanced orders and products, 4 products per order
10 20
 0 0 1 0 0 0 0 0 0 0 1 0 0 0 0 0 1 1 0 0
 0 0 0 0 0 0 0 0 0 0 1 0 0 0 1 0 0 0 1 1
 0 0 0 1 0 0 0 0 0 1 0 0 0 1 1 0 0 0 0 0
 0 1 0 0 0 1 0 0 0 0 0 0 1 0 0 1 0 0 0 0
 0 0 0 0 0 0 1 0 0 0 0 0 0 1 0 1 1 0 0 0
 1 1 0 1 0 0 0 0 0 0 0 0 0 0 0 0 0 0 1 0
 0 0 0 0 1 0 1 0 0 0 0 1 1 0 0 0 0 0 0 0
 0 0 0 0 1 0 0 1 1 0 0 1 0 0 0 0 0 0 0 0
 0 0 1 0 0 1 0 1 0 0 0 0 0 0 0 0 0 0 0 1
 1 0 0 0 0 0 0 0 1 1 0 0 0 0 0 0 0 1 0 0

Warwick 239: balanced orders and products, 4 products per order
10 20
 0 0 0 0 0 0 0 0 0 1 0 0 1 0 1 0 0 0 1 0
 0 0 0 1 0 1 1 0 0 0 0 0 0 1 0 0 0 0 0 0
 0 1 1 0 0 0 0 0 0 1 1 0 0 0 0 0 0 0 0 0
 1 0 0 0 0 0 0 1 0 0 0 1 0 0 0 0 0 1 0 0
 0 0 1 0 0 0 1 0 0 0 0 0 0 0 1 0 1 0 0 0
 0 0 0 0 0 1 0 0 0 0 1 0 1 0 0 0 0 0 0 1
 0 0 0 0 0 0 0 0 1 0 0 1 0 0 0 1 0 0 1 0
 1 0 0 1 1 0 0 1 0 0 0 0 0 0 0 0 0 0 0 0
 0 0 0 0 1 0 0 0 1 0 0 0 0 0 0 1 0 1 0 0
 0 1 0 0 0 0 0 0 0 0 0 0 0 1 0 0 1 0 0 1

Warwick 240: balanced orders and products, 4 products per order
10 20
 1 0 0 1 0 0 0 0 0 0 0 1 1 0 0 0 0 0 0 0
 0 0 0 0 0 0 0 0 1 0 1 1 0 0 0 0 0 1 0 0
 0 0 1 0 0 0 0 1 0 1 0 0 0 0 0 0 0 0 0 1
 0 1 0 0 0 0 0 0 0 0 1 0 0 0 0 1 1 0 0 0
 0 0 1 0 1 0 0 0 0 1 0 0 0 0 1 0 0 0 0 0
 0 1 0 0 0 0 0 0 1 0 0 0 0 0 0 0 0 0 1 1
 1 0 0 1 0 0 0 0 0 0 0 0 0 1 0 0 1 0 0 0
 0 0 0 0 0 1 1 0 0 0 0 0 0 0 1 0 0 1 0 0
 0 0 0 0 1 0 1 0 0 0 0 0 1 1 0 0 0 0 0 0
 0 0 0 0 0 1 0 1 0 0 0 0 0 0 0 1 0 0 1 0

Warwick 241: balanced orders and products, 6 products per order
10 20
 0 0 0 1 0 1 0 0 0 0 1 0 0 0 1 0 0 0 1 1
 0 0 0 0 1 1 0 0 1 0 0 0 1 0 0 0 1 0 0 1
 1 0 0 0 1 0 0 0 1 0 0 1 0 0 0 1 0 0 1 0
 0 1 0 1 0 0 0 0 0 0 0 0 1 1 1 0 0 0 0 1
 0 1 1 0 0 0 1 1 0 0 0 0 0 1 0 0 0 0 1 0
 0 0 0 0 0 1 0 0 1 0 1 1 0 1 0 0 0 1 0 0
 1 0 1 0 0 0 0 0 0 1 0 0 1 0 1 0 1 0 0 0
 0 0 1 0 0 0 1 1 0 0 0 1 0 0 0 1 0 1 0 0
 0 0 0 0 1 0 1 1 0 1 0 0 0 0 0 0 1 1 0 0
 1 1 0 1 0 0 0 0 0 1 1 0 0 0 0 1 0 0 0 0

Warwick 242: balanced orders and products, 6 products per order
10 20
 0 0 1 1 0 0 0 1 0 0 0 0 0 0 1 1 0 1 0 0
 0 0 1 0 0 0 1 0 0 1 0 0 0 1 0 0 1 1 0 0
 1 0 0 0 0 1 0 1 1 1 0 0 0 0 0 0 0 0 1 0
 0 0 1 1 0 0 0 0 0 1 0 0 1 1 0 0 0 0 0 1
 1 0 0 0 0 0 0 1 1 0 1 0 0 0 0 0 1 0 0 1
 0 1 0 0 0 0 1 0 0 0 0 1 0 0 1 1 0 0 1 0
 1 0 0 1 1 1 0 0 0 0 1 1 0 0 0 0 0 0 0 0
 0 1 0 0 1 0 0 0 1 0 0 1 0 1 0 1 0 0 0 0
 0 0 0 0 1 1 1 0 0 0 0 0 1 0 0 0 0 0 1 1
 0 1 0 0 0 0 0 0 0 0 1 0 1 0 1 0 1 1 0 0

Warwick 243: balanced orders and products, 6 products per order
10 20
 1 1 0 0 1 0 0 0 1 0 0 0 0 0 1 0 1 0 0 0
 0 1 0 1 0 0 1 0 0 0 1 0 0 0 0 1 0 0 1 0
 0 1 1 0 0 1 0 0 1 0 0 0 0 0 1 0 0 1 0 0
 0 0 0 0 1 0 0 1 0 0 1 0 0 1 0 0 1 0 1 0
 0 0 1 0 0 0 0 1 1 0 0 1 0 0 0 0 0 1 0 1
 0 0 0 0 0 0 0 1 0 1 0 1 0 0 0 1 0 1 0 1
 0 0 0 1 0 1 0 0 0 1 1 1 1 0 0 0 0 0 0 0
 0 0 0 1 0 1 0 0 0 0 0 0 0 1 1 0 1 0 0 1
 1 0 0 0 0 0 1 0 0 1 0 0 1 1 0 0 0 0 1 0
 1 0 1 0 1 0 1 0 0 0 0 0 1 0 0 1 0 0 0 0

Warwick 244: balanced orders and products, 6 products per order
10 20
 0 0 0 0 1 1 1 1 1 0 0 0 0 0 0 0 0 0 1 0
 0 0 0 0 0 0 0 0 1 0 0 0 1 0 1 0 1 0 1 1
 0 1 1 0 0 0 0 0 0 0 1 1 0 1 0 1 0 0 0 0
 1 1 1 0 0 0 0 0 0 0 0 1 0 0 0 0 0 1 1 0
 1 0 0 0 0 1 0 0 0 0 0 0 1 0 1 1 0 0 0 1
 0 0 0 1 0 0 1 1 0 1 1 0 0 0 1 0 0 0 0 0
 1 0 0 0 0 0 1 0 0 1 0 0 0 1 0 0 1 1 0 0
 0 0 0 1 1 1 0 0 0 1 1 0 0 0 0 0 0 1 0 0
 0 0 1 1 1 0 0 0 1 0 0 0 0 0 0 1 1 0 0 0
 0 1 0 0 0 0 0 1 0 0 0 1 1 1 0 0 0 0 0 1

Warwick 245: balanced orders and products, 6 products per order
10 20
 0 0 0 1 1 1 1 0 0 0 0 0 1 0 0 0 1 0 0 0
 1 1 0 0 1 0 0 0 0 0 0 0 0 0 1 1 1 0 0 0
 1 1 0 0 1 1 0 0 0 1 0 0 0 0 1 0 0 0 0 0
 0 0 0 0 0 0 1 1 0 0 1 0 1 0 0 0 0 0 1 1
 1 0 0 1 0 0 0 1 0 0 0 0 1 1 0 0 1 0 0 0
 0 1 1 1 0 0 0 0 1 1 0 1 0 0 0 0 0 0 0 0
 0 0 1 0 0 0 0 0 0 0 0 1 0 1 1 1 0 1 0 0
 0 0 0 0 0 0 0 0 1 1 1 1 0 0 0 0 0 1 0 1
 0 0 0 0 0 1 0 1 0 0 1 0 0 0 0 1 0 0 1 1
 0 0 1 0 0 0 1 0 1 0 0 0 0 1 0 0 0 1 1 0

Warwick 246: balanced orders and products, 6 products per order
10 20
 0 0 1 0 0 0 1 0 1 0 0 0 0 1 0 0 1 1 0 0
 1 0 0 0 0 0 1 0 1 0 0 1 0 0 0 1 0 0 0 1
 0 1 0 1 1 1 0 0 0 0 1 0 0 0 1 0 0 0 0 0
 1 0 0 0 0 0 0 0 0 1 1 0 1 0 0 0 0 1 1 0
 0 0 0 1 1 0 0 0 0 0 0 1 1 0 0 1 0 0 1 0
 0 0 0 0 0 0 0 0 0 0 1 0 0 0 1 1 1 1 0 1
 1 0 1 0 1 0 1 0 0 0 0 1 1 0 0 0 0 0 0 0
 0 1 1 1 0 1 0 1 0 1 0 0 0 0 0 0 0 0 0 0
 0 0 0 0 0 0 0 1 1 0 0 0 0 1 0 0 1 0 1 1
 0 1 0 0 0 1 0 1 0 1 0 0 0 1 1 0 0 0 0 0

Warwick 247: balanced orders and products, 6 products per order
10 20
 0 1 0 0 0 0 0 0 1 0 0 1 1 0 0 1 0 1 0 0
 0 0 0 0 0 0 0 0 1 0 1 0 0 0 0 1 0 1 1 1
 0 0 1 1 0 0 0 0 0 1 1 0 0 1 0 0 0 0 1 0
 0 0 0 0 1 0 0 1 0 0 0 1 0 0 0 1 1 1 0 0
 1 0 1 1 0 1 1 0 0 0 0 0 1 0 0 0 0 0 0 0
 0 1 0 0 0 0 1 1 0 0 0 0 1 0 1 0 0 0 0 1
 1 0 0 1 1 1 0 0 0 1 0 0 0 0 0 0 0 0 0 1
 0 1 0 0 1 0 0 0 1 0 0 1 0 0 1 0 1 0 0 0
 0 0 0 0 0 1 1 1 0 0 1 0 0 1 0 0 0 0 1 0
 1 0 1 0 0 0 0 0 0 1 0 0 0 1 1 0 1 0 0 0

Warwick 248: balanced orders and products, 6 products per order
10 20
 0 0 0 0 1 1 0 1 0 0 1 0 0 0 1 0 0 0 1 0
 0 0 1 1 0 0 1 0 0 0 0 0 0 1 1 0 1 0 0 0
 0 0 0 1 0 0 0 0 0 1 0 1 1 0 1 0 0 0 0 1
 1 0 0 0 1 0 0 0 0 1 0 0 1 1 0 0 0 1 0 0
 0 1 0 0 0 0 1 0 1 1 0 0 1 0 0 1 0 0 0 0
 0 1 0 0 0 1 0 0 1 0 0 1 0 1 0 0 0 0 1 0
 0 0 1 0 1 1 1 0 0 0 0 0 0 0 0 1 0 0 0 1
 1 0 0 0 0 0 0 1 0 0 1 0 0 0 0 1 1 1 0 0
 1 1 0 1 0 0 0 0 1 0 1 0 0 0 0 0 0 0 1 0
 0 0 1 0 0 0 0 1 0 0 0 1 0 0 0 0 1 1 0 1

Warwick 249: balanced orders and products, 6 products per order
10 20
 0 0 0 0 0 0 0 1 1 0 1 0 1 1 0 0 1 0 0 0
 0 1 0 0 1 0 0 0 1 0 0 0 1 0 1 0 0 0 1 0
 0 0 0 1 0 1 1 0 0 0 0 0 0 0 0 1 0 1 0 1
 0 1 1 0 0 1 1 0 0 1 0 1 0 0 0 0 0 0 0 0
 1 1 1 0 1 0 0 0 0 0 1 1 0 0 0 0 0 0 0 0
 1 0 0 0 1 1 1 0 0 0 0 0 1 0 1 0 0 0 0 0
 1 0 0 1 0 0 0 0 0 0 0 0 0 0 0 1 1 0 1 1
 0 0 0 1 0 0 0 1 0 1 0 0 0 1 1 0 0 1 0 0
 0 0 1 0 0 0 0 1 0 1 0 1 0 1 0 1 0 0 0 0
 0 0 0 0 0 0 0 0 1 0 1 0 0 0 0 0 1 1 1 1

Warwick 250: balanced orders and products, 6 products per order
10 20
 1 0 1 0 0 0 0 0 0 1 1 0 0 0 0 0 0 1 0 1
 0 1 0 0 0 1 1 0 0 0 0 1 1 0 1 0 0 0 0 0
 0 0 1 0 0 0 1 0 0 0 1 0 0 0 0 1 0 1 1 0
 0 0 1 0 0 1 0 1 0 0 0 0 1 0 1 0 0 0 0 1
 1 1 0 0 1 0 0 0 1 1 0 1 0 0 0 0 0 0 0 0
 0 0 0 0 1 1 0 0 0 0 1 0 0 0 0 0 1 0 1 1
 1 0 0 1 1 0 0 0 1 0 0 0 0 1 0 1 0 0 0 0
 0 0 0 1 0 0 0 1 0 1 0 0 0 1 1 0 0 0 1 0
 0 1 0 0 0 0 0 0 1 0 0 0 1 0 0 1 1 1 0 0
 0 0 0 1 0 0 1 1 0 0 0 1 0 1 0 0 1 0 0 0

Warwick 251: balanced orders and products, 8 products per order
10 20
 1 0 0 1 1 0 0 0 0 1 1 0 1 0 0 0 1 0 0 1
 0 1 0 0 0 1 0 1 1 1 1 0 0 0 0 1 1 0 0 0
 1 0 0 0 0 1 1 0 1 0 0 0 0 1 0 1 1 0 1 0
 0 1 1 0 0 1 1 0 1 0 0 0 0 1 1 1 0 0 0 0
 0 0 1 1 1 0 1 0 0 0 0 1 0 1 1 0 0 0 1 0
 0 0 0 0 0 0 0 1 0 1 1 1 0 0 1 0 0 1 1 1
 1 1 1 0 1 0 0 0 1 0 0 0 1 0 1 0 0 1 0 0
 0 0 1 1 0 0 1 0 0 1 1 0 0 0 0 0 1 1 0 1
 0 1 0 1 0 1 0 1 0 0 0 1 1 1 0 0 0 1 0 0
 1 0 0 0 1 0 0 1 0 0 0 1 1 0 0 1 0 0 1 1

Warwick 252: balanced orders and products, 8 products per order
10 20
 0 0 1 1 0 0 0 0 1 0 1 0 1 0 1 0 0 1 1 0
 0 0 0 1 0 1 0 0 0 0 0 1 1 0 1 0 1 0 1 1
 1 0 0 1 0 1 1 0 1 1 0 0 1 0 1 0 0 0 0 0
 0 1 1 0 1 0 0 1 0 0 1 0 1 0 0 0 1 1 0 0
 1 1 0 0 1 0 1 1 1 0 0 0 0 0 0 1 0 1 0 0
 1 0 0 0 1 0 0 1 0 1 1 0 0 1 0 0 1 0 1 0
 0 1 1 0 0 0 1 0 0 1 0 0 0 1 0 1 1 0 0 1
 0 1 1 0 0 0 0 0 1 0 1 1 0 0 1 0 0 1 0 1
 0 0 0 1 1 1 1 0 0 0 0 1 0 1 0 1 0 0 1 0
 1 0 0 0 0 1 0 1 0 1 0 1 0 1 0 1 0 0 0 1

Warwick 253: balanced orders and products, 8 products per order
10 20
 1 0 0 0 1 0 1 0 1 0 1 0 1 1 0 0 0 0 1 0
 1 0 0 0 0 1 1 1 0 0 1 0 0 1 0 0 0 1 0 1
 0 1 1 1 0 0 0 0 0 0 1 1 0 1 0 1 0 0 1 0
 0 0 0 0 1 1 0 1 1 1 0 0 1 1 0 0 1 0 0 0
 0 0 0 1 1 0 0 0 0 1 1 1 0 0 1 0 1 0 1 0
 0 0 0 1 0 0 1 0 0 0 0 1 1 0 1 1 0 0 1 1
 0 0 1 0 1 1 0 1 1 0 0 0 0 0 1 0 0 1 0 1
 1 1 0 1 0 0 0 1 0 1 0 0 0 0 0 1 1 1 0 0
 0 1 1 0 0 0 1 0 0 0 0 0 1 0 1 1 1 0 0 1
 1 1 1 0 0 1 0 0 1 1 0 1 0 0 0 0 0 1 0 0

Warwick 254: balanced orders and products, 8 products per order
10 20
 0 0 0 0 1 1 1 1 0 0 1 0 1 1 0 1 0 0 0 0
 1 0 1 0 0 1 0 0 1 1 0 0 1 0 0 1 0 1 0 0
 1 0 0 0 0 1 1 0 0 1 0 0 0 0 1 1 1 0 0 1
 0 1 1 1 0 1 0 0 1 0 0 1 0 0 0 0 1 0 1 0
 1 0 1 0 0 0 0 1 0 1 0 0 1 1 0 0 1 1 0 0
 1 1 0 1 0 0 1 0 0 0 1 0 0 0 0 0 0 1 1 1
 0 1 1 0 1 0 0 1 0 0 1 1 0 0 1 0 0 0 1 0
 0 0 0 1 0 0 1 0 1 1 0 1 0 0 1 0 0 0 1 1
 0 0 0 0 1 0 0 0 1 0 1 0 1 1 0 1 1 0 0 1
 0 1 0 1 1 0 0 1 0 0 0 1 0 1 1 0 0 1 0 0

Warwick 255: balanced orders and products, 8 products per order
10 20
 1 0 1 0 0 0 0 1 1 0 0 0 0 1 1 0 1 1 0 0
 1 0 0 0 0 0 0 1 1 1 0 0 1 1 0 0 0 1 1 0
 0 0 1 1 0 0 1 0 0 0 1 0 1 1 0 1 1 0 0 0
 0 1 0 0 0 1 0 1 0 0 0 1 1 0 0 1 0 1 0 1
 0 1 0 0 1 1 1 0 0 0 0 0 0 0 1 1 0 0 1 1
 0 1 1 0 0 1 0 0 0 1 0 0 0 0 1 1 1 0 1 0
 1 0 0 1 1 1 1 0 0 1 1 1 0 0 0 0 0 0 0 0
 0 0 0 1 0 0 1 0 1 0 1 1 0 0 1 0 0 1 1 0
 0 1 1 0 1 0 0 1 0 0 1 0 1 0 0 0 1 0 0 1
 1 0 0 1 1 0 0 0 1 1 0 1 0 1 0 0 0 0 0 1

Warwick 256: balanced orders and products, 8 products per order
10 20
 1 0 1 0 0 0 1 1 1 0 0 0 0 0 0 0 1 1 1 0
 1 1 0 0 0 0 1 0 1 0 1 1 0 0 0 1 0 0 0 1
 1 0 0 0 1 1 0 0 1 1 1 1 1 0 0 0 0 0 0 0
 0 1 0 1 0 0 0 0 0 1 1 1 1 1 0 0 1 0 0 0
 0 1 0 1 1 0 1 1 0 0 0 0 0 0 0 1 0 0 1 1
 0 1 1 0 1 0 0 0 0 1 0 0 1 1 1 0 0 0 0 1
 0 0 0 1 0 1 1 0 1 0 0 0 0 1 1 0 0 1 1 0
 0 0 1 0 1 0 0 0 0 1 0 0 0 0 1 1 1 1 1 0
 1 0 0 0 0 1 0 1 0 0 0 1 0 0 1 0 1 1 0 1
 0 0 1 1 0 1 0 1 0 0 1 0 1 1 0 1 0 0 0 0

Warwick 257: balanced orders and products, 8 products per order
10 20
 0 0 0 0 1 0 1 1 0 0 1 1 0 1 0 1 1 0 0 0
 0 0 0 1 0 0 0 1 1 0 0 1 1 0 0 0 0 1 1 1
 1 0 0 0 1 0 0 0 0 0 0 0 1 0 1 1 1 1 0 1
 1 0 1 1 1 1 0 0 1 1 0 0 0 0 0 0 0 0 0 1
 0 1 0 0 0 0 1 1 0 0 1 1 0 0 0 0 0 1 1 1
 0 0 0 0 0 1 0 0 0 1 1 1 1 1 0 1 1 0 0 0
 0 1 1 1 0 1 1 1 0 1 0 0 0 1 0 0 0 0 0 0
 1 1 0 0 1 0 0 0 0 1 1 0 0 0 1 1 0 0 1 0
 0 0 1 1 0 0 1 0 1 0 0 0 0 1 1 0 1 0 1 0
 1 1 1 0 0 1 0 0 1 0 0 0 1 0 1 0 0 1 0 0

Warwick 258: balanced orders and products, 8 products per order
10 20
 0 1 0 1 0 0 0 1 1 0 0 1 0 0 1 0 1 1 0 0
 0 0 0 1 0 1 1 0 0 0 1 0 0 0 1 0 0 1 1 1
 1 0 1 0 1 0 1 0 0 0 0 0 1 0 0 0 1 0 1 1
 1 0 0 0 1 1 0 1 0 0 1 1 0 1 0 1 0 0 0 0
 0 1 0 1 0 1 0 0 0 1 0 1 0 1 0 0 0 1 0 1
 0 0 1 1 0 0 1 1 1 1 0 0 0 0 1 0 1 0 0 0
 0 0 0 0 1 0 0 0 1 0 1 0 1 1 0 1 0 1 1 0
 1 1 0 0 1 0 0 0 0 1 0 1 1 0 0 1 1 0 0 0
 1 0 1 0 0 0 1 1 0 1 0 0 0 1 1 0 0 0 0 1
 0 1 1 0 0 1 0 0 1 0 1 0 1 0 0 1 0 0 1 0

Warwick 259: balanced orders and products, 8 products per order
10 20
 0 1 1 1 0 1 0 1 1 0 0 0 0 0 1 1 0 0 0 0
 0 1 0 0 1 0 0 0 0 0 1 1 1 0 1 1 0 0 1 0
 1 1 1 0 0 0 0 0 0 1 1 0 0 0 0 0 1 0 1 1
 1 0 0 0 1 1 1 0 0 0 1 1 0 0 1 0 0 0 0 1
 0 0 1 1 0 0 0 1 0 0 0 0 1 1 0 1 1 0 0 1
 0 0 0 1 0 0 1 0 1 1 0 1 0 1 0 0 0 1 1 0
 0 1 0 0 1 1 0 1 0 1 1 0 0 0 0 0 1 1 0 0
 1 0 0 1 0 0 1 0 0 1 0 0 1 1 0 1 0 1 0 0
 1 0 0 0 1 0 0 0 1 0 0 0 1 0 1 0 1 1 1 0
 0 0 1 0 0 1 1 1 1 0 0 1 0 1 0 0 0 0 0 1

Warwick 260: balanced orders and products, 8 products per order
10 20
 0 0 1 0 1 0 1 1 0 0 1 0 1 1 0 0 0 0 0 1
 1 0 1 1 0 1 0 0 0 0 0 0 0 0 1 1 0 0 1 1
 0 0 0 0 1 1 0 0 1 0 1 1 0 1 0 0 1 0 1 0
 0 1 0 1 1 1 0 1 0 1 0 0 0 0 0 0 0 1 0 1
 0 1 1 0 0 1 0 0 1 0 0 1 0 0 1 1 1 0 0 0
 0 0 0 1 0 0 1 0 0 1 1 0 1 1 1 0 0 1 0 0
 0 0 1 0 1 0 1 0 1 0 1 0 0 1 0 1 0 1 0 0
 1 0 0 1 0 0 1 1 0 1 0 1 1 0 1 0 0 0 0 0
 1 1 0 0 0 0 0 0 1 0 0 1 1 0 0 1 1 0 1 0
 1 1 0 0 0 0 0 1 0 1 0 0 0 0 0 0 1 1 1 1

Warwick 261: balanced orders and products, 10 products per order
10 20
 0 0 0 1 1 1 1 0 1 0 1 1 0 1 1 1 0 0 0 0
 0 1 0 1 0 1 1 0 0 0 1 0 1 1 0 1 0 1 0 1
 1 1 1 0 0 0 1 1 0 0 0 0 1 0 0 1 1 1 1 0
 0 1 0 0 1 0 0 0 1 1 0 1 0 0 1 1 1 0 1 1
 1 0 1 0 0 1 0 1 0 1 1 0 0 1 0 0 1 0 1 1
 0 1 1 1 1 0 0 1 0 0 0 1 1 1 1 0 1 0 0 0
 0 0 0 0 0 1 1 1 1 1 0 1 1 0 1 0 1 1 0 0
 1 0 1 0 0 1 0 1 1 1 1 1 1 0 0 0 0 0 0 1
 1 0 1 1 1 0 1 0 1 0 0 0 0 1 0 1 0 1 1 0
 1 1 0 1 1 0 0 0 0 1 1 0 0 0 1 0 0 1 1 1

Warwick 262: balanced orders and products, 10 products per order
10 20
 0 1 1 0 1 0 1 1 1 0 0 0 1 0 1 0 0 1 1 0
 0 0 0 1 0 1 0 1 0 1 0 1 0 1 0 1 1 1 1 0
 0 1 1 1 1 0 1 0 1 0 0 1 1 0 1 0 1 0 0 0
 0 0 0 1 1 1 0 1 0 1 1 0 0 1 0 1 0 1 0 1
 1 0 0 1 0 0 1 1 0 1 0 0 1 1 1 1 1 0 0 0
 0 1 0 1 0 0 0 0 0 1 1 1 0 1 1 1 0 1 0 1
 1 1 1 0 1 0 0 0 1 0 1 1 0 1 0 0 0 1 1 0
 1 0 0 0 1 1 1 1 0 1 0 0 0 0 0 1 1 0 1 1
 1 0 1 0 0 1 0 0 1 0 1 1 1 0 1 0 1 0 0 1
 1 1 1 0 0 1 1 0 1 0 1 0 1 0 0 0 0 0 1 1

Warwick 263: balanced orders and products, 10 products per order
10 20
 0 1 1 0 0 1 1 1 1 1 0 1 0 0 1 0 0 0 0 1
 0 1 0 1 0 0 0 0 0 1 1 1 1 0 0 1 1 0 1 1
 1 0 1 1 1 1 0 1 0 0 0 0 1 1 0 0 0 1 0 1
 0 1 0 1 1 0 1 1 1 1 0 0 0 0 0 0 1 0 1 1
 1 1 1 0 1 1 0 0 0 0 0 1 0 0 0 0 1 1 1 1
 0 0 1 0 0 0 1 1 1 1 0 0 0 1 1 1 1 1 0 0
 1 0 0 1 1 0 0 0 1 1 1 0 1 1 0 0 0 1 1 0
 1 0 1 0 0 1 1 0 0 0 1 0 1 1 1 1 0 1 0 0
 0 1 0 1 1 1 0 0 0 0 1 1 0 1 1 1 0 0 1 0
 1 0 0 0 0 0 1 1 1 0 1 1 1 0 1 1 1 0 0 0

Warwick 264: balanced orders and products, 10 products per order
10 20
 0 1 0 1 1 1 0 0 0 1 1 1 0 0 0 0 1 0 1 1
 0 1 1 1 0 0 1 1 1 0 1 0 0 1 0 1 0 1 0 0
 1 0 0 0 0 1 1 0 0 0 1 0 1 0 1 1 1 0 1 1
 0 1 1 0 1 0 0 0 0 0 0 0 1 1 1 1 0 1 1 1
 1 0 0 1 1 1 1 1 0 1 0 1 1 0 0 0 0 1 0 0
 0 0 0 0 1 0 0 1 1 0 1 1 1 1 1 0 1 0 1 0
 1 1 1 0 0 0 0 1 1 1 0 0 0 1 1 1 0 0 0 1
 0 1 1 1 0 1 0 0 1 1 0 0 0 1 1 0 0 1 1 0
 1 0 1 0 1 1 1 1 1 0 0 1 0 0 0 0 1 1 0 0
 1 0 0 1 0 0 1 0 0 1 1 1 1 0 0 1 1 0 0 1

Warwick 265: balanced orders and products, 10 products per order
10 20
 0 0 1 0 0 1 1 0 1 1 0 1 0 1 0 0 0 1 1 1
 0 1 1 1 1 1 0 0 1 1 0 1 1 0 0 1 0 0 0 0
 0 1 0 0 0 1 1 1 1 1 0 0 1 0 1 1 0 0 1 0
 1 0 0 0 0 0 1 1 0 0 0 1 1 0 1 1 1 1 0 1
 0 1 1 0 1 0 1 0 1 0 1 1 0 1 1 0 0 0 1 0
 1 0 0 0 1 1 0 0 0 1 1 0 1 1 0 1 1 0 0 1
 0 0 0 1 1 0 0 0 0 1 1 0 1 0 1 0 1 1 1 1
 1 0 1 1 1 0 0 1 0 0 1 1 0 1 0 1 0 1 0 0
 1 1 0 1 0 0 1 1 0 0 0 0 0 1 1 0 1 0 1 1
 1 1 1 1 0 1 0 1 1 0 1 0 0 0 0 0 1 1 0 0

Warwick 266: balanced orders and products, 10 products per order
10 20
 0 0 0 1 0 1 1 1 1 1 0 1 0 0 1 0 0 1 0 1
 1 1 1 0 0 0 0 1 0 0 0 1 0 1 1 0 1 0 1 1
 0 1 0 1 0 1 0 0 0 1 1 1 0 1 0 0 1 1 0 1
 0 1 1 1 1 0 0 0 1 1 1 1 0 1 1 0 0 0 0 0
 1 0 1 0 1 0 1 0 1 0 0 0 1 0 1 1 1 1 0 0
 1 0 0 0 1 1 0 1 1 0 1 1 0 0 1 1 0 0 0 1
 0 0 1 1 1 0 1 1 0 0 1 0 1 0 0 1 0 1 1 0
 1 0 1 1 0 1 0 1 0 1 1 0 1 0 0 1 0 0 1 0
 0 1 0 0 0 0 1 0 1 1 0 0 1 1 0 0 1 1 1 1
 1 1 0 0 1 1 1 0 0 0 0 0 1 1 0 1 1 0 1 0

Warwick 267: balanced orders and products, 10 products per order
10 20
 1 1 1 1 1 1 1 0 0 0 0 0 0 0 0 1 1 0 0 1
 1 0 1 0 1 1 1 0 0 1 0 0 1 0 1 0 1 1 0 0
 1 1 1 0 1 0 0 1 1 1 1 0 1 0 0 1 0 0 0 0
 0 0 1 0 0 0 1 1 0 1 0 1 1 1 0 0 1 1 1 0
 0 1 0 0 0 1 0 1 1 0 1 1 1 1 0 1 0 0 1 0
 1 0 0 1 0 1 0 0 0 0 0 0 0 1 1 1 1 1 1 1
 0 1 0 1 1 0 1 1 1 0 1 1 0 0 1 0 0 0 1 0
 0 0 1 0 0 1 1 1 1 1 0 1 1 0 1 0 0 0 0 1
 0 0 0 1 1 0 0 0 1 1 1 1 0 1 0 0 0 1 1 1
 1 1 0 1 0 0 0 0 0 0 1 0 0 1 1 1 1 1 0 1

Warwick 268: balanced orders and products, 10 products per order
10 20
 1 0 0 1 1 1 0 1 0 1 1 1 1 0 0 0 0 0 0 1
 1 0 1 0 0 1 1 0 0 0 0 1 1 1 0 1 0 1 1 0
 0 1 1 1 1 0 0 0 1 0 0 0 0 0 1 1 1 1 0 1
 1 1 0 1 0 1 0 1 0 1 1 0 0 0 0 1 1 1 0 0
 0 0 1 1 1 0 1 1 1 0 0 0 0 1 1 0 1 0 1 0
 1 1 0 0 0 0 1 1 0 1 1 0 0 0 1 0 1 1 1 0
 0 1 1 1 0 0 1 0 1 0 1 1 0 1 0 1 0 0 1 0
 0 0 1 0 0 1 0 0 1 1 0 1 1 1 0 0 1 1 0 1
 1 0 0 0 1 0 1 0 1 1 0 0 1 1 1 1 0 0 0 1
 0 1 0 0 1 1 0 1 0 0 1 1 1 0 1 0 0 0 1 1

Warwick 269: balanced orders and products, 10 products per order
10 20
 1 0 1 0 0 0 0 1 0 1 0 1 1 0 1 1 0 1 1 0
 1 1 1 0 0 0 1 1 1 0 0 0 0 1 0 0 1 0 1 1
 0 0 0 1 1 1 0 1 0 0 1 1 0 1 0 1 0 1 1 0
 0 1 0 1 1 1 1 1 0 1 0 0 0 0 1 0 1 0 0 1
 1 0 1 0 0 0 1 0 1 1 0 0 1 0 1 0 1 1 0 1
 0 0 0 1 1 1 0 0 1 1 1 0 0 1 0 1 0 1 0 1
 0 0 0 1 1 1 0 1 0 0 1 1 0 1 1 1 0 0 1 0
 1 1 1 0 0 0 1 0 1 0 0 1 1 1 0 1 1 0 0 0
 0 1 1 0 0 1 1 0 0 1 1 1 1 0 0 0 1 1 0 0
 1 1 0 1 1 0 0 0 1 0 1 0 1 0 1 0 0 0 1 1

Warwick 270: balanced orders and products, 10 products per order
10 20
 1 0 0 1 1 0 0 0 1 0 1 0 1 0 1 1 0 1 1 0
 0 1 1 1 1 0 0 0 0 0 1 0 0 0 1 1 1 0 1 1
 0 1 0 0 0 1 1 1 1 0 1 0 1 0 1 1 0 0 1 0
 1 1 0 1 0 1 0 1 1 1 0 0 0 1 1 0 0 1 0 0
 1 0 1 1 0 0 1 0 1 0 0 1 0 1 0 1 1 1 0 0
 0 0 0 0 1 0 0 1 1 1 1 1 0 0 1 0 1 1 0 1
 0 1 0 0 0 1 1 0 0 1 0 1 1 0 0 1 0 1 1 1
 1 0 1 0 1 0 1 0 0 1 0 1 1 1 0 0 1 0 1 0
 0 1 1 0 0 1 1 1 0 1 0 0 1 1 0 0 1 0 0 1
 1 0 1 1 1 1 0 1 0 0 1 1 0 1 0 0 0 0 0 1

