Warwick 1201: balanced orders and products, 2 products per order
20 20
 0 1 0 0 0 0 0 0 0 0 0 0 0 0 0 0 0 0 1 0
 0 0 1 0 0 0 0 0 0 0 0 0 0 0 0 0 1 0 0 0
 0 0 0 0 1 0 1 0 0 0 0 0 0 0 0 0 0 0 0 0
 1 1 0 0 0 0 0 0 0 0 0 0 0 0 0 0 0 0 0 0
 0 0 0 0 0 1 0 0 0 0 0 0 1 0 0 0 0 0 0 0
 0 0 0 0 0 0 1 0 0 0 0 0 0 1 0 0 0 0 0 0
 0 0 0 0 0 0 0 0 0 1 1 0 0 0 0 0 0 0 0 0
 0 0 0 0 0 0 0 0 0 0 0 0 0 0 0 1 0 0 0 1
 0 0 0 1 0 0 0 1 0 0 0 0 0 0 0 0 0 0 0 0
 0 0 0 0 0 0 0 0 0 0 0 1 0 0 0 0 0 0 0 1
 0 0 1 0 0 0 0 0 0 0 0 0 0 1 0 0 0 0 0 0
 0 0 0 1 0 0 0 0 0 1 0 0 0 0 0 0 0 0 0 0
 0 0 0 0 0 0 0 0 1 0 0 0 0 0 1 0 0 0 0 0
 0 0 0 0 0 0 0 0 0 0 0 1 0 0 0 0 0 1 0 0
 0 0 0 0 0 0 0 0 1 0 0 0 0 0 0 0 0 0 1 0
 1 0 0 0 0 0 0 0 0 0 0 0 0 0 0 0 0 1 0 0
 0 0 0 0 0 1 0 1 0 0 0 0 0 0 0 0 0 0 0 0
 0 0 0 0 0 0 0 0 0 0 0 0 0 0 1 1 0 0 0 0
 0 0 0 0 0 0 0 0 0 0 1 0 1 0 0 0 0 0 0 0
 0 0 0 0 1 0 0 0 0 0 0 0 0 0 0 0 1 0 0 0

Warwick 1202: balanced orders and products, 2 products per order
20 20
 0 0 1 0 0 0 0 0 1 0 0 0 0 0 0 0 0 0 0 0
 0 0 1 0 0 0 0 0 0 0 0 0 0 0 0 1 0 0 0 0
 0 1 0 0 1 0 0 0 0 0 0 0 0 0 0 0 0 0 0 0
 0 0 0 0 0 0 0 0 0 0 0 0 1 1 0 0 0 0 0 0
 0 0 0 0 0 0 0 0 0 0 0 0 0 0 1 0 0 0 0 1
 0 0 0 0 0 0 0 0 0 0 0 0 0 0 0 1 1 0 0 0
 0 0 0 0 0 1 0 0 0 0 0 0 0 0 0 0 0 1 0 0
 0 0 0 0 0 0 0 0 0 0 1 0 0 0 0 0 0 1 0 0
 0 0 0 0 0 0 0 0 0 0 0 0 1 0 0 0 0 0 1 0
 0 0 0 1 0 0 0 0 0 0 0 0 0 0 1 0 0 0 0 0
 0 0 0 0 0 0 0 0 0 0 1 0 0 1 0 0 0 0 0 0
 0 0 0 1 0 0 0 1 0 0 0 0 0 0 0 0 0 0 0 0
 0 0 0 0 1 0 0 0 0 0 0 1 0 0 0 0 0 0 0 0
 0 0 0 0 0 0 1 0 0 0 0 0 0 0 0 0 1 0 0 0
 0 0 0 0 0 1 0 0 0 1 0 0 0 0 0 0 0 0 0 0
 1 0 0 0 0 0 0 0 0 0 0 0 0 0 0 0 0 0 0 1
 0 0 0 0 0 0 1 0 1 0 0 0 0 0 0 0 0 0 0 0
 0 1 0 0 0 0 0 0 0 0 0 0 0 0 0 0 0 0 1 0
 0 0 0 0 0 0 0 1 0 0 0 1 0 0 0 0 0 0 0 0
 1 0 0 0 0 0 0 0 0 1 0 0 0 0 0 0 0 0 0 0

Warwick 1203: balanced orders and products, 2 products per order
20 20
 1 0 0 0 0 0 0 0 1 0 0 0 0 0 0 0 0 0 0 0
 0 1 0 0 0 0 0 0 1 0 0 0 0 0 0 0 0 0 0 0
 0 0 0 0 0 0 0 0 0 0 1 0 0 0 0 0 1 0 0 0
 0 0 1 0 0 0 0 0 0 0 0 0 0 0 0 1 0 0 0 0
 1 0 0 0 1 0 0 0 0 0 0 0 0 0 0 0 0 0 0 0
 0 0 0 0 0 0 0 1 0 0 0 0 0 0 0 0 0 1 0 0
 0 0 0 0 0 1 0 1 0 0 0 0 0 0 0 0 0 0 0 0
 0 0 0 0 0 0 1 0 0 0 0 0 0 0 0 0 0 0 0 1
 0 0 0 0 0 0 0 0 0 0 0 0 1 0 0 1 0 0 0 0
 0 0 0 0 0 0 0 0 0 0 0 0 0 0 0 0 0 0 1 1
 0 0 0 0 0 0 0 0 0 0 0 0 0 1 1 0 0 0 0 0
 0 0 0 0 0 1 0 0 0 1 0 0 0 0 0 0 0 0 0 0
 0 0 0 0 0 0 0 0 0 0 0 0 0 0 1 0 0 0 1 0
 0 0 0 0 0 0 1 0 0 1 0 0 0 0 0 0 0 0 0 0
 0 0 0 0 0 0 0 0 0 0 0 1 0 0 0 0 0 1 0 0
 0 0 0 0 0 0 0 0 0 0 0 0 1 0 0 0 1 0 0 0
 0 1 0 0 0 0 0 0 0 0 0 1 0 0 0 0 0 0 0 0
 0 0 0 1 1 0 0 0 0 0 0 0 0 0 0 0 0 0 0 0
 0 0 0 0 0 0 0 0 0 0 1 0 0 1 0 0 0 0 0 0
 0 0 1 1 0 0 0 0 0 0 0 0 0 0 0 0 0 0 0 0

Warwick 1204: balanced orders and products, 2 products per order
20 20
 1 0 0 0 0 0 0 0 0 0 0 1 0 0 0 0 0 0 0 0
 0 0 0 0 0 0 0 0 1 1 0 0 0 0 0 0 0 0 0 0
 0 0 0 0 0 0 1 0 0 0 1 0 0 0 0 0 0 0 0 0
 0 0 1 0 0 0 0 0 0 0 0 0 0 0 0 1 0 0 0 0
 0 0 0 0 0 1 0 0 0 0 0 0 0 0 1 0 0 0 0 0
 0 0 0 1 0 0 0 0 0 0 0 1 0 0 0 0 0 0 0 0
 0 0 0 0 0 0 0 0 0 0 0 0 1 0 1 0 0 0 0 0
 0 0 1 0 1 0 0 0 0 0 0 0 0 0 0 0 0 0 0 0
 0 0 0 0 0 0 0 1 0 0 0 0 0 0 0 0 1 0 0 0
 0 1 0 0 0 0 0 0 0 0 0 0 0 1 0 0 0 0 0 0
 0 0 0 0 0 0 0 0 0 0 0 0 0 1 0 0 0 0 0 1
 0 0 0 1 0 0 0 0 0 0 0 0 1 0 0 0 0 0 0 0
 1 0 0 0 0 0 0 0 0 1 0 0 0 0 0 0 0 0 0 0
 0 0 0 0 0 0 1 0 0 0 0 0 0 0 0 0 0 1 0 0
 0 0 0 0 0 0 0 0 1 0 0 0 0 0 0 0 0 0 0 1
 0 0 0 0 1 0 0 0 0 0 0 0 0 0 0 0 0 0 1 0
 0 1 0 0 0 0 0 0 0 0 0 0 0 0 0 0 1 0 0 0
 0 0 0 0 0 1 0 0 0 0 0 0 0 0 0 0 0 0 1 0
 0 0 0 0 0 0 0 0 0 0 1 0 0 0 0 1 0 0 0 0
 0 0 0 0 0 0 0 1 0 0 0 0 0 0 0 0 0 1 0 0

Warwick 1205: balanced orders and products, 2 products per order
20 20
 0 0 0 0 0 0 0 1 0 0 0 0 0 0 0 1 0 0 0 0
 0 0 0 0 0 0 0 0 0 0 0 0 1 0 0 0 0 1 0 0
 0 0 0 0 0 0 0 0 0 0 0 0 0 0 0 1 1 0 0 0
 0 0 0 0 0 0 0 0 0 0 1 0 0 1 0 0 0 0 0 0
 0 0 0 0 0 0 0 0 0 0 0 0 0 1 1 0 0 0 0 0
 1 0 0 0 0 0 0 0 0 0 0 0 0 0 0 0 0 0 0 1
 0 1 0 0 0 0 0 0 0 0 1 0 0 0 0 0 0 0 0 0
 0 0 0 0 0 0 0 1 0 0 0 0 0 0 0 0 0 0 1 0
 0 0 0 0 0 0 0 0 0 0 0 1 0 0 0 0 1 0 0 0
 1 0 0 0 0 0 0 0 0 0 0 0 0 0 0 0 0 0 1 0
 0 0 1 0 0 0 0 0 1 0 0 0 0 0 0 0 0 0 0 0
 0 0 0 0 1 0 0 0 0 0 0 0 1 0 0 0 0 0 0 0
 0 0 0 0 0 0 0 0 1 1 0 0 0 0 0 0 0 0 0 0
 0 0 0 0 0 0 1 0 0 0 0 0 0 0 1 0 0 0 0 0
 0 0 0 1 0 1 0 0 0 0 0 0 0 0 0 0 0 0 0 0
 0 0 0 1 0 0 0 0 0 0 0 0 0 0 0 0 0 1 0 0
 0 0 0 0 1 0 0 0 0 0 0 1 0 0 0 0 0 0 0 0
 0 0 1 0 0 0 0 0 0 1 0 0 0 0 0 0 0 0 0 0
 0 0 0 0 0 1 0 0 0 0 0 0 0 0 0 0 0 0 0 1
 0 1 0 0 0 0 1 0 0 0 0 0 0 0 0 0 0 0 0 0

Warwick 1206: balanced orders and products, 2 products per order
20 20
 0 0 0 1 0 0 0 0 0 0 0 0 1 0 0 0 0 0 0 0
 0 0 0 0 1 0 0 0 0 0 0 0 0 0 0 0 0 1 0 0
 0 0 0 0 0 0 1 0 0 0 0 0 0 0 0 0 0 0 0 1
 0 0 0 0 0 0 0 1 0 0 0 0 0 0 0 0 0 0 1 0
 0 0 0 0 0 0 0 0 0 0 0 1 0 0 0 0 0 1 0 0
 0 0 0 0 0 0 0 0 0 0 1 0 0 0 1 0 0 0 0 0
 0 0 0 0 0 0 1 0 0 0 0 0 0 0 0 0 1 0 0 0
 0 1 0 0 0 0 0 0 0 0 0 0 0 1 0 0 0 0 0 0
 0 0 1 1 0 0 0 0 0 0 0 0 0 0 0 0 0 0 0 0
 0 0 0 0 0 0 0 0 1 1 0 0 0 0 0 0 0 0 0 0
 0 0 0 0 0 1 0 0 0 0 0 0 0 0 1 0 0 0 0 0
 1 1 0 0 0 0 0 0 0 0 0 0 0 0 0 0 0 0 0 0
 1 0 0 0 0 0 0 0 0 1 0 0 0 0 0 0 0 0 0 0
 0 0 0 0 0 1 0 0 0 0 0 0 0 0 0 1 0 0 0 0
 0 0 0 0 0 0 0 0 1 0 0 0 0 0 0 0 0 0 1 0
 0 0 1 0 0 0 0 0 0 0 0 0 0 0 0 0 1 0 0 0
 0 0 0 0 0 0 0 0 0 0 1 0 0 0 0 1 0 0 0 0
 0 0 0 0 1 0 0 0 0 0 0 0 0 0 0 0 0 0 0 1
 0 0 0 0 0 0 0 1 0 0 0 0 0 1 0 0 0 0 0 0
 0 0 0 0 0 0 0 0 0 0 0 1 1 0 0 0 0 0 0 0

Warwick 1207: balanced orders and products, 2 products per order
20 20
 0 0 0 0 0 0 0 0 0 0 0 0 1 0 0 0 0 0 0 1
 0 0 0 0 0 0 0 0 0 0 0 0 0 0 0 0 1 0 1 0
 0 1 0 0 0 0 0 0 0 0 0 0 0 0 0 0 0 1 0 0
 0 0 0 0 0 0 0 0 0 0 0 0 1 0 0 0 1 0 0 0
 0 0 0 0 0 1 0 0 0 0 1 0 0 0 0 0 0 0 0 0
 0 0 0 0 0 0 1 0 0 0 0 0 0 0 1 0 0 0 0 0
 0 0 0 1 0 0 1 0 0 0 0 0 0 0 0 0 0 0 0 0
 0 0 0 0 1 0 0 0 0 0 1 0 0 0 0 0 0 0 0 0
 0 0 0 0 0 0 0 0 0 0 0 0 0 1 1 0 0 0 0 0
 0 0 0 1 0 0 0 0 1 0 0 0 0 0 0 0 0 0 0 0
 0 0 0 0 0 0 0 1 0 0 0 1 0 0 0 0 0 0 0 0
 0 0 0 0 1 0 0 0 0 1 0 0 0 0 0 0 0 0 0 0
 0 0 0 0 0 0 0 0 1 0 0 0 0 0 0 1 0 0 0 0
 0 0 0 0 0 0 0 0 0 0 0 0 0 0 0 1 0 0 0 1
 0 0 1 0 0 1 0 0 0 0 0 0 0 0 0 0 0 0 0 0
 0 0 0 0 0 0 0 1 0 0 0 0 0 1 0 0 0 0 0 0
 1 1 0 0 0 0 0 0 0 0 0 0 0 0 0 0 0 0 0 0
 0 0 1 0 0 0 0 0 0 0 0 0 0 0 0 0 0 0 1 0
 0 0 0 0 0 0 0 0 0 1 0 0 0 0 0 0 0 1 0 0
 1 0 0 0 0 0 0 0 0 0 0 1 0 0 0 0 0 0 0 0

Warwick 1208: balanced orders and products, 2 products per order
20 20
 0 0 0 0 0 0 0 0 0 0 0 0 0 0 1 0 1 0 0 0
 0 0 0 0 0 0 0 0 0 0 0 0 0 1 0 0 0 0 0 1
 0 0 0 1 0 0 0 0 0 0 0 0 0 0 0 1 0 0 0 0
 0 0 0 0 0 0 0 0 0 1 0 0 0 0 0 0 0 1 0 0
 1 0 0 0 0 0 0 0 0 0 0 0 0 0 0 1 0 0 0 0
 0 0 0 0 1 0 0 0 0 0 0 0 0 0 0 0 0 0 0 1
 0 1 1 0 0 0 0 0 0 0 0 0 0 0 0 0 0 0 0 0
 0 0 0 0 0 0 0 0 0 0 0 0 0 0 1 0 0 0 1 0
 0 0 0 0 1 0 0 0 0 0 0 0 0 0 0 0 1 0 0 0
 0 0 1 0 0 0 0 0 0 0 0 0 0 0 0 0 0 1 0 0
 0 0 0 0 0 0 0 1 0 0 1 0 0 0 0 0 0 0 0 0
 0 1 0 0 0 0 0 0 0 0 0 0 1 0 0 0 0 0 0 0
 1 0 0 0 0 1 0 0 0 0 0 0 0 0 0 0 0 0 0 0
 0 0 0 1 0 0 1 0 0 0 0 0 0 0 0 0 0 0 0 0
 0 0 0 0 0 1 0 0 0 0 0 0 1 0 0 0 0 0 0 0
 0 0 0 0 0 0 1 0 0 0 0 0 0 1 0 0 0 0 0 0
 0 0 0 0 0 0 0 0 1 0 0 1 0 0 0 0 0 0 0 0
 0 0 0 0 0 0 0 0 0 0 0 1 0 0 0 0 0 0 1 0
 0 0 0 0 0 0 0 1 1 0 0 0 0 0 0 0 0 0 0 0
 0 0 0 0 0 0 0 0 0 1 1 0 0 0 0 0 0 0 0 0

Warwick 1209: balanced orders and products, 2 products per order
20 20
 0 0 0 0 0 0 1 0 0 0 1 0 0 0 0 0 0 0 0 0
 0 0 0 0 1 0 0 0 0 0 0 0 0 0 0 0 0 0 1 0
 0 0 0 0 0 1 0 0 0 0 0 0 0 1 0 0 0 0 0 0
 0 0 0 1 0 1 0 0 0 0 0 0 0 0 0 0 0 0 0 0
 0 0 1 0 0 0 0 0 0 0 0 0 0 0 0 0 0 1 0 0
 0 0 0 0 0 0 0 0 0 0 0 0 0 1 0 1 0 0 0 0
 0 0 0 0 1 0 0 0 1 0 0 0 0 0 0 0 0 0 0 0
 1 0 0 0 0 0 0 0 0 0 0 0 0 0 0 1 0 0 0 0
 0 0 0 0 0 0 0 1 0 0 0 0 0 0 0 0 0 1 0 0
 0 0 0 0 0 0 0 1 0 0 0 0 0 0 0 0 0 0 1 0
 0 0 0 0 0 0 0 0 0 1 0 0 0 0 0 0 0 0 0 1
 0 1 0 0 0 0 0 0 0 0 1 0 0 0 0 0 0 0 0 0
 0 0 0 0 0 0 0 0 0 1 0 0 0 0 1 0 0 0 0 0
 0 0 0 0 0 0 1 0 0 0 0 0 1 0 0 0 0 0 0 0
 0 0 0 0 0 0 0 0 0 0 0 1 0 0 0 0 0 0 0 1
 0 0 1 1 0 0 0 0 0 0 0 0 0 0 0 0 0 0 0 0
 0 1 0 0 0 0 0 0 0 0 0 0 0 0 0 0 1 0 0 0
 0 0 0 0 0 0 0 0 1 0 0 0 0 0 0 0 1 0 0 0
 0 0 0 0 0 0 0 0 0 0 0 0 1 0 1 0 0 0 0 0
 1 0 0 0 0 0 0 0 0 0 0 1 0 0 0 0 0 0 0 0

Warwick 1210: balanced orders and products, 2 products per order
20 20
 0 0 0 0 0 0 1 0 0 0 0 0 0 0 0 1 0 0 0 0
 0 0 0 0 0 1 0 0 0 0 0 0 0 0 0 0 1 0 0 0
 0 0 1 0 0 0 0 1 0 0 0 0 0 0 0 0 0 0 0 0
 1 0 0 0 0 0 0 0 0 0 0 0 0 0 0 0 0 1 0 0
 0 0 0 0 0 0 0 0 0 1 0 0 1 0 0 0 0 0 0 0
 0 0 0 0 1 0 0 0 0 0 0 1 0 0 0 0 0 0 0 0
 0 0 0 0 0 0 0 0 0 0 1 0 0 0 0 0 0 0 0 1
 0 0 0 0 1 0 0 0 1 0 0 0 0 0 0 0 0 0 0 0
 0 1 0 0 0 0 0 0 0 0 0 0 0 0 0 0 0 0 0 1
 0 0 0 1 0 0 0 0 0 0 0 0 0 0 0 0 0 1 0 0
 0 0 0 0 0 0 0 0 0 0 0 1 0 0 1 0 0 0 0 0
 0 0 0 0 0 1 0 0 0 0 0 0 0 1 0 0 0 0 0 0
 0 0 0 0 0 0 1 0 0 0 0 0 0 0 0 0 0 0 1 0
 0 0 0 0 0 0 0 0 1 0 0 0 0 1 0 0 0 0 0 0
 1 1 0 0 0 0 0 0 0 0 0 0 0 0 0 0 0 0 0 0
 0 0 0 1 0 0 0 0 0 1 0 0 0 0 0 0 0 0 0 0
 0 0 0 0 0 0 0 0 0 0 0 0 1 0 0 0 1 0 0 0
 0 0 1 0 0 0 0 0 0 0 0 0 0 0 1 0 0 0 0 0
 0 0 0 0 0 0 0 0 0 0 0 0 0 0 0 1 0 0 1 0
 0 0 0 0 0 0 0 1 0 0 1 0 0 0 0 0 0 0 0 0

Warwick 1211: balanced orders and products, 3 products per order
20 20
 0 0 0 0 0 0 0 0 0 0 0 1 0 0 0 0 0 1 0 1
 1 0 0 0 0 0 0 0 1 0 0 0 0 0 0 1 0 0 0 0
 0 0 0 0 0 0 0 0 0 0 0 0 1 0 0 0 1 1 0 0
 0 0 0 0 0 0 0 0 0 1 1 1 0 0 0 0 0 0 0 0
 0 0 0 0 0 1 0 0 0 0 0 0 1 0 1 0 0 0 0 0
 0 1 0 0 1 0 0 0 0 0 0 0 0 0 0 0 1 0 0 0
 0 0 0 0 0 0 0 0 1 0 0 0 0 1 0 0 0 0 1 0
 0 0 0 1 0 0 0 0 0 1 0 0 0 0 0 0 0 0 0 1
 0 1 0 0 0 0 0 0 0 0 0 0 1 0 1 0 0 0 0 0
 0 0 0 0 0 0 0 1 0 1 0 0 0 0 0 0 0 1 0 0
 1 0 0 0 0 0 0 0 0 0 1 0 0 1 0 0 0 0 0 0
 0 0 0 0 1 0 1 0 1 0 0 0 0 0 0 0 0 0 0 0
 0 0 0 0 1 0 0 0 0 0 0 0 0 0 0 1 0 0 0 1
 1 1 0 0 0 0 0 0 0 0 1 0 0 0 0 0 0 0 0 0
 0 0 1 0 0 1 0 0 0 0 0 0 0 0 0 1 0 0 0 0
 0 0 1 0 0 0 0 1 0 0 0 1 0 0 0 0 0 0 0 0
 0 0 0 1 0 0 1 0 0 0 0 0 0 0 1 0 0 0 0 0
 0 0 1 0 0 1 0 1 0 0 0 0 0 0 0 0 0 0 0 0
 0 0 0 1 0 0 0 0 0 0 0 0 0 1 0 0 0 0 1 0
 0 0 0 0 0 0 1 0 0 0 0 0 0 0 0 0 1 0 1 0

Warwick 1212: balanced orders and products, 3 products per order
20 20
 0 1 0 0 0 0 0 0 0 0 0 0 0 0 1 0 0 1 0 0
 0 0 1 0 0 0 0 0 0 0 0 0 0 0 0 1 0 0 1 0
 0 0 0 0 0 0 1 0 0 0 0 1 0 1 0 0 0 0 0 0
 1 0 0 0 0 0 0 0 0 0 1 0 0 0 0 0 0 0 0 1
 0 0 0 0 0 1 0 0 0 0 0 0 0 1 0 0 0 0 0 1
 0 0 0 0 0 0 0 0 0 0 0 0 1 0 1 0 0 0 1 0
 0 0 0 0 1 0 0 0 0 0 0 0 1 0 0 1 0 0 0 0
 0 0 0 0 0 0 1 0 0 1 0 0 0 0 0 0 1 0 0 0
 0 0 1 0 0 0 1 1 0 0 0 0 0 0 0 0 0 0 0 0
 0 0 0 1 0 0 0 0 0 0 0 0 1 0 0 0 0 0 0 1
 0 0 0 0 0 0 0 0 1 0 1 0 0 0 0 0 1 0 0 0
 0 0 0 0 0 0 0 1 0 0 0 1 0 0 0 0 0 1 0 0
 1 0 0 0 0 0 0 0 0 1 0 0 0 0 0 0 0 1 0 0
 0 0 0 0 0 0 0 0 0 0 0 0 0 0 1 1 1 0 0 0
 0 1 0 1 0 0 0 0 0 0 0 0 0 1 0 0 0 0 0 0
 0 0 0 0 1 1 0 0 1 0 0 0 0 0 0 0 0 0 0 0
 0 1 1 0 0 1 0 0 0 0 0 0 0 0 0 0 0 0 0 0
 0 0 0 0 0 0 0 1 0 0 0 1 0 0 0 0 0 0 1 0
 1 0 0 1 0 0 0 0 0 1 0 0 0 0 0 0 0 0 0 0
 0 0 0 0 1 0 0 0 1 0 1 0 0 0 0 0 0 0 0 0

Warwick 1213: balanced orders and products, 3 products per order
20 20
 1 0 0 0 0 0 0 0 0 0 0 0 0 0 0 0 0 0 1 1
 0 0 0 0 0 0 0 0 1 0 0 0 0 0 0 1 1 0 0 0
 0 0 0 0 0 0 0 0 1 0 1 0 0 0 0 1 0 0 0 0
 0 0 1 0 0 0 0 1 0 0 0 1 0 0 0 0 0 0 0 0
 0 0 1 0 0 0 1 0 0 1 0 0 0 0 0 0 0 0 0 0
 0 0 0 1 0 0 0 0 0 0 0 0 0 0 0 0 1 1 0 0
 1 1 0 0 0 1 0 0 0 0 0 0 0 0 0 0 0 0 0 0
 0 0 0 0 1 0 0 0 1 0 0 0 0 0 1 0 0 0 0 0
 0 1 0 1 1 0 0 0 0 0 0 0 0 0 0 0 0 0 0 0
 0 0 0 0 0 0 0 0 0 1 0 1 1 0 0 0 0 0 0 0
 0 0 0 0 0 0 0 0 0 1 0 0 1 0 0 0 0 1 0 0
 1 0 0 0 0 0 0 0 0 0 1 0 0 1 0 0 0 0 0 0
 0 0 0 0 0 1 0 1 0 0 0 0 0 0 0 0 0 1 0 0
 0 0 0 0 0 0 0 1 0 0 0 1 0 0 1 0 0 0 0 0
 0 1 0 0 0 0 1 0 0 0 0 0 0 0 0 0 1 0 0 0
 0 0 1 0 0 0 0 0 0 0 0 0 0 0 0 1 0 0 1 0
 0 0 0 0 1 0 0 0 0 0 1 0 0 0 0 0 0 0 1 0
 0 0 0 1 0 0 1 0 0 0 0 0 0 1 0 0 0 0 0 0
 0 0 0 0 0 0 0 0 0 0 0 0 0 1 1 0 0 0 0 1
 0 0 0 0 0 1 0 0 0 0 0 0 1 0 0 0 0 0 0 1

Warwick 1214: balanced orders and products, 3 products per order
20 20
 0 0 0 0 0 0 0 0 0 0 0 0 0 0 0 1 0 0 1 1
 0 0 0 1 1 0 0 1 0 0 0 0 0 0 0 0 0 0 0 0
 0 0 0 0 0 1 0 0 1 0 0 0 0 0 1 0 0 0 0 0
 0 0 0 0 0 0 0 1 0 0 1 0 1 0 0 0 0 0 0 0
 0 0 0 0 1 0 1 0 0 0 0 0 0 0 0 0 1 0 0 0
 0 1 0 0 0 0 0 0 0 1 0 1 0 0 0 0 0 0 0 0
 0 1 0 0 0 0 0 1 0 0 0 0 0 0 0 1 0 0 0 0
 0 0 0 0 0 0 0 0 1 0 1 0 0 0 0 0 0 1 0 0
 1 0 1 0 0 0 1 0 0 0 0 0 0 0 0 0 0 0 0 0
 0 1 0 0 0 0 0 0 1 0 0 0 0 0 0 0 0 0 0 1
 0 0 0 0 0 1 0 0 0 0 1 0 0 0 0 0 0 1 0 0
 0 0 0 1 0 0 0 0 0 1 0 0 0 1 0 0 0 0 0 0
 0 0 0 0 0 1 0 0 0 0 0 0 0 0 0 0 1 1 0 0
 0 0 0 0 0 0 0 0 0 1 0 1 0 0 0 0 0 0 1 0
 1 0 1 1 0 0 0 0 0 0 0 0 0 0 0 0 0 0 0 0
 0 0 0 0 0 0 1 0 0 0 0 0 1 0 1 0 0 0 0 0
 0 0 1 0 0 0 0 0 0 0 0 0 0 1 0 0 1 0 0 0
 1 0 0 0 0 0 0 0 0 0 0 0 0 0 1 0 0 0 1 0
 0 0 0 0 1 0 0 0 0 0 0 0 0 1 0 1 0 0 0 0
 0 0 0 0 0 0 0 0 0 0 0 1 1 0 0 0 0 0 0 1

Warwick 1215: balanced orders and products, 3 products per order
20 20
 1 0 1 0 0 0 0 0 0 0 0 0 1 0 0 0 0 0 0 0
 0 0 0 0 1 0 1 1 0 0 0 0 0 0 0 0 0 0 0 0
 0 0 1 0 0 0 0 0 0 0 0 0 0 0 1 1 0 0 0 0
 0 0 0 0 0 0 0 0 0 1 0 1 0 0 1 0 0 0 0 0
 0 1 0 0 0 0 0 0 1 0 0 0 0 0 0 0 0 0 0 1
 0 0 1 0 1 0 0 0 0 0 0 0 0 0 0 0 1 0 0 0
 1 0 0 1 0 0 0 0 0 0 0 0 0 0 0 0 0 1 0 0
 0 0 0 0 0 0 1 0 0 0 0 0 0 0 0 0 0 0 1 1
 0 0 0 0 0 0 0 0 0 0 0 1 0 0 0 1 0 0 1 0
 0 1 0 0 0 0 0 1 0 0 0 0 0 1 0 0 0 0 0 0
 0 0 0 0 1 0 0 1 0 1 0 0 0 0 0 0 0 0 0 0
 0 0 0 0 0 0 0 0 0 0 0 1 0 0 0 1 0 0 0 1
 0 0 0 1 0 1 0 0 0 0 0 0 0 1 0 0 0 0 0 0
 1 1 0 0 0 0 0 0 1 0 0 0 0 0 0 0 0 0 0 0
 0 0 0 0 0 0 0 0 0 0 1 0 1 0 0 0 0 0 1 0
 0 0 0 1 0 0 0 0 0 0 0 0 0 0 1 0 1 0 0 0
 0 0 0 0 0 0 0 0 1 0 1 0 0 0 0 0 0 1 0 0
 0 0 0 0 0 1 0 0 0 0 0 0 0 0 0 0 1 1 0 0
 0 0 0 0 0 1 0 0 0 1 1 0 0 0 0 0 0 0 0 0
 0 0 0 0 0 0 1 0 0 0 0 0 1 1 0 0 0 0 0 0

Warwick 1216: balanced orders and products, 3 products per order
20 20
 1 0 0 0 0 0 1 0 0 0 0 0 1 0 0 0 0 0 0 0
 0 1 0 0 0 0 1 0 0 0 0 0 0 0 0 0 0 0 0 1
 0 0 0 0 0 1 0 0 0 0 1 0 0 1 0 0 0 0 0 0
 0 0 0 0 1 0 0 0 0 0 0 0 0 0 0 0 0 1 0 1
 1 0 0 0 0 1 0 0 1 0 0 0 0 0 0 0 0 0 0 0
 0 0 0 0 0 0 0 0 1 0 0 1 0 1 0 0 0 0 0 0
 0 0 0 0 1 1 0 0 0 0 0 0 0 0 0 0 0 0 1 0
 0 1 0 1 0 0 0 0 0 0 0 0 0 0 0 1 0 0 0 0
 1 1 0 0 1 0 0 0 0 0 0 0 0 0 0 0 0 0 0 0
 0 0 0 0 0 0 0 1 1 0 0 0 0 0 0 0 1 0 0 0
 0 0 0 0 0 0 0 0 0 0 0 0 1 1 0 0 1 0 0 0
 0 0 0 0 0 0 0 1 0 0 0 0 0 0 0 0 1 0 0 1
 0 0 0 0 0 0 0 0 0 0 0 1 0 0 0 1 0 1 0 0
 0 0 0 0 0 0 0 1 0 1 0 0 0 0 0 0 0 0 1 0
 0 0 1 0 0 0 0 0 0 0 0 0 1 0 1 0 0 0 0 0
 0 0 0 1 0 0 0 0 0 0 0 1 0 0 1 0 0 0 0 0
 0 0 0 0 0 0 0 0 0 1 1 0 0 0 0 0 0 0 1 0
 0 0 1 0 0 0 0 0 0 1 1 0 0 0 0 0 0 0 0 0
 0 0 1 1 0 0 0 0 0 0 0 0 0 0 0 0 0 1 0 0
 0 0 0 0 0 0 1 0 0 0 0 0 0 0 1 1 0 0 0 0

Warwick 1217: balanced orders and products, 3 products per order
20 20
 0 0 0 0 0 1 1 0 1 0 0 0 0 0 0 0 0 0 0 0
 0 0 0 0 1 0 0 0 0 0 0 0 0 0 0 0 0 1 0 1
 0 0 0 0 1 1 0 0 0 0 0 1 0 0 0 0 0 0 0 0
 0 1 0 1 0 0 0 0 0 0 0 0 0 1 0 0 0 0 0 0
 0 1 0 0 0 0 0 0 1 0 0 0 0 0 0 0 1 0 0 0
 0 0 1 0 0 0 0 0 0 1 0 0 0 0 1 0 0 0 0 0
 0 0 0 0 0 0 0 0 0 0 0 0 1 0 1 0 1 0 0 0
 1 0 0 0 0 0 0 0 0 0 0 0 1 0 0 0 1 0 0 0
 0 0 0 0 0 0 0 0 1 1 0 0 0 1 0 0 0 0 0 0
 1 0 0 0 0 0 0 0 0 0 1 0 0 1 0 0 0 0 0 0
 1 0 0 0 0 0 0 0 0 0 0 0 0 0 0 0 0 1 1 0
 0 1 0 1 0 0 0 0 0 0 0 0 1 0 0 0 0 0 0 0
 0 0 1 0 0 1 0 0 0 1 0 0 0 0 0 0 0 0 0 0
 0 0 0 0 0 0 0 1 0 0 0 1 0 0 1 0 0 0 0 0
 0 0 0 0 0 0 1 0 0 0 0 0 0 0 0 1 0 0 0 1
 0 0 1 0 0 0 0 1 0 0 1 0 0 0 0 0 0 0 0 0
 0 0 0 0 1 0 0 0 0 0 1 0 0 0 0 0 0 0 1 0
 0 0 0 0 0 0 1 0 0 0 0 0 0 0 0 1 0 1 0 0
 0 0 0 0 0 0 0 0 0 0 0 0 0 0 0 1 0 0 1 1
 0 0 0 1 0 0 0 1 0 0 0 1 0 0 0 0 0 0 0 0

Warwick 1218: balanced orders and products, 3 products per order
20 20
 0 1 1 0 0 0 0 0 0 0 0 0 0 0 0 1 0 0 0 0
 0 0 0 1 0 0 0 0 0 0 1 0 0 0 0 0 0 1 0 0
 0 0 0 0 0 0 0 0 1 1 0 0 0 0 0 0 0 1 0 0
 0 0 0 0 0 0 1 0 0 0 0 0 0 0 1 0 0 0 1 0
 0 0 0 0 0 0 0 0 0 1 0 0 0 0 0 0 1 0 0 1
 0 0 0 0 1 0 0 0 0 0 1 1 0 0 0 0 0 0 0 0
 1 0 0 0 0 0 0 1 0 0 0 0 0 0 0 0 1 0 0 0
 1 0 0 0 0 0 1 0 0 0 0 0 0 0 1 0 0 0 0 0
 0 0 1 0 0 0 0 0 0 0 0 0 1 1 0 0 0 0 0 0
 0 1 0 1 0 0 0 0 0 0 0 0 1 0 0 0 0 0 0 0
 0 0 0 0 0 0 1 0 0 0 0 0 0 1 0 0 0 0 1 0
 0 0 0 0 1 0 0 0 1 0 0 1 0 0 0 0 0 0 0 0
 0 0 0 0 0 1 0 0 0 0 1 0 0 0 0 0 0 1 0 0
 0 0 0 0 0 0 0 0 0 1 0 0 0 0 0 0 1 0 1 0
 0 0 0 1 0 0 0 0 0 0 0 0 1 0 1 0 0 0 0 0
 1 1 0 0 0 0 0 0 0 0 0 0 0 0 0 1 0 0 0 0
 0 0 0 0 0 1 0 0 0 0 0 0 0 1 0 0 0 0 0 1
 0 0 0 0 0 0 0 1 1 0 0 1 0 0 0 0 0 0 0 0
 0 0 0 0 1 1 0 0 0 0 0 0 0 0 0 0 0 0 0 1
 0 0 1 0 0 0 0 1 0 0 0 0 0 0 0 1 0 0 0 0

Warwick 1219: balanced orders and products, 3 products per order
20 20
 0 0 1 0 0 1 0 0 0 0 0 0 0 0 0 0 0 1 0 0
 0 0 0 0 1 1 0 1 0 0 0 0 0 0 0 0 0 0 0 0
 1 1 0 0 0 0 0 0 0 0 0 1 0 0 0 0 0 0 0 0
 0 0 0 1 0 0 0 0 0 0 0 0 0 0 0 1 0 0 1 0
 0 0 0 0 0 0 0 1 0 0 1 0 0 0 1 0 0 0 0 0
 0 0 1 0 0 0 1 0 0 0 0 0 0 0 0 0 0 0 1 0
 0 0 0 0 0 0 0 0 1 0 0 1 0 1 0 0 0 0 0 0
 0 0 0 0 0 0 0 0 0 0 0 0 0 0 1 1 1 0 0 0
 0 0 0 0 0 0 0 0 0 1 1 0 0 0 0 0 0 0 0 1
 0 0 0 0 0 0 0 0 0 0 1 0 0 0 0 1 0 1 0 0
 0 0 0 1 0 0 1 0 0 0 0 0 0 1 0 0 0 0 0 0
 0 0 0 0 0 0 0 0 0 0 0 0 1 1 0 0 0 1 0 0
 0 0 0 0 0 0 0 0 0 1 0 0 0 0 0 0 1 0 1 0
 0 0 0 0 0 0 0 1 0 1 0 0 1 0 0 0 0 0 0 0
 0 0 0 1 0 1 0 0 0 0 0 0 0 0 1 0 0 0 0 0
 1 0 0 0 1 0 0 0 1 0 0 0 0 0 0 0 0 0 0 0
 0 0 0 0 0 0 1 0 1 0 0 0 0 0 0 0 1 0 0 0
 1 0 1 0 0 0 0 0 0 0 0 0 0 0 0 0 0 0 0 1
 0 1 0 0 1 0 0 0 0 0 0 0 1 0 0 0 0 0 0 0
 0 1 0 0 0 0 0 0 0 0 0 1 0 0 0 0 0 0 0 1

Warwick 1220: balanced orders and products, 3 products per order
20 20
 0 0 0 1 0 0 0 0 0 0 0 1 0 1 0 0 0 0 0 0
 0 0 0 0 0 0 0 0 1 1 0 0 0 0 0 0 0 0 1 0
 0 0 0 0 0 0 0 1 0 0 0 1 1 0 0 0 0 0 0 0
 0 0 1 0 0 1 0 0 0 0 0 0 0 0 0 0 0 0 0 1
 0 1 0 0 0 0 0 0 0 0 0 0 0 0 0 0 0 1 0 1
 0 0 0 0 0 0 0 1 0 0 0 0 1 0 1 0 0 0 0 0
 1 0 0 0 0 0 1 0 0 0 0 0 0 0 1 0 0 0 0 0
 0 0 0 0 0 0 0 0 0 1 1 0 0 0 0 1 0 0 0 0
 0 0 0 0 0 0 1 0 0 0 1 1 0 0 0 0 0 0 0 0
 1 0 0 0 0 0 0 0 0 0 0 0 0 0 0 1 0 0 0 1
 1 0 0 0 1 0 0 0 0 0 0 0 0 0 0 1 0 0 0 0
 0 1 0 1 0 0 0 0 0 0 0 0 0 0 0 0 1 0 0 0
 0 0 1 0 0 0 0 0 0 0 0 0 0 1 0 0 0 0 1 0
 0 0 0 0 0 1 1 0 0 0 0 0 1 0 0 0 0 0 0 0
 0 0 0 0 0 0 0 1 0 1 0 0 0 0 0 0 0 0 1 0
 0 1 1 1 0 0 0 0 0 0 0 0 0 0 0 0 0 0 0 0
 0 0 0 0 0 0 0 0 1 0 0 0 0 0 1 0 0 1 0 0
 0 0 0 0 0 1 0 0 1 0 0 0 0 0 0 0 0 1 0 0
 0 0 0 0 1 0 0 0 0 0 1 0 0 0 0 0 1 0 0 0
 0 0 0 0 1 0 0 0 0 0 0 0 0 1 0 0 1 0 0 0

Warwick 1221: balanced orders and products, 4 products per order
20 20
 0 0 0 0 0 0 0 0 0 0 1 0 1 0 0 1 0 0 1 0
 0 0 0 0 0 0 1 0 1 0 0 1 0 0 0 0 0 1 0 0
 0 1 1 0 0 1 0 0 0 0 0 0 0 0 0 1 0 0 0 0
 1 0 1 0 0 0 0 0 0 0 0 0 0 1 1 0 0 0 0 0
 1 0 0 0 0 1 0 0 0 0 0 0 1 0 1 0 0 0 0 0
 1 0 0 0 0 0 0 1 0 0 0 0 0 0 0 1 0 0 1 0
 1 0 1 0 0 0 0 0 1 0 1 0 0 0 0 0 0 0 0 0
 0 0 0 1 0 0 0 0 0 1 0 0 0 0 0 0 0 1 0 1
 0 0 0 1 0 0 0 1 0 0 0 0 0 1 0 0 0 0 1 0
 0 1 0 1 0 1 0 0 0 0 0 0 0 0 0 0 1 0 0 0
 0 0 0 0 0 0 0 0 0 1 0 1 0 0 0 0 1 0 1 0
 0 0 0 0 0 0 1 0 0 0 0 0 1 0 1 0 0 0 0 1
 0 0 0 0 0 0 1 0 0 1 0 1 0 0 0 0 0 0 0 1
 0 0 0 0 1 0 0 1 0 0 1 0 0 0 0 0 0 1 0 0
 0 0 1 1 1 0 0 0 0 0 0 0 0 0 0 1 0 0 0 0
 0 0 0 0 0 0 0 0 1 0 0 0 1 0 1 0 0 1 0 0
 0 1 0 0 1 0 0 0 0 0 0 0 0 1 0 0 1 0 0 0
 0 0 0 0 0 1 0 1 1 0 1 0 0 0 0 0 0 0 0 0
 0 0 0 0 0 0 1 0 0 0 0 1 0 1 0 0 0 0 0 1
 0 1 0 0 1 0 0 0 0 1 0 0 0 0 0 0 1 0 0 0

Warwick 1222: balanced orders and products, 4 products per order
20 20
 0 0 0 0 0 0 0 0 0 1 1 0 0 0 0 0 1 0 1 0
 0 0 0 1 0 1 0 0 0 0 0 0 1 0 1 0 0 0 0 0
 0 0 0 1 1 0 0 0 0 0 0 0 0 0 0 0 1 0 1 0
 1 0 0 0 0 0 1 0 0 1 0 0 1 0 0 0 0 0 0 0
 0 0 0 0 0 0 0 0 1 0 0 0 0 0 1 1 0 1 0 0
 0 0 0 0 0 0 0 1 0 1 0 1 0 1 0 0 0 0 0 0
 0 0 0 0 1 1 0 0 1 0 0 0 0 0 0 0 0 1 0 0
 0 1 0 1 0 0 0 0 0 0 0 0 0 0 0 1 1 0 0 0
 0 0 1 0 1 0 1 0 0 0 0 0 0 1 0 0 0 0 0 0
 0 1 0 0 0 0 0 0 1 0 0 1 0 1 0 0 0 0 0 0
 0 0 0 0 0 0 0 0 0 0 0 0 0 0 1 0 0 1 1 1
 0 0 0 0 0 0 0 0 1 0 0 1 1 0 0 0 0 0 0 1
 0 0 1 0 0 1 0 0 0 0 0 0 0 1 0 1 0 0 0 0
 1 0 0 0 0 0 0 1 0 1 1 0 0 0 0 0 0 0 0 0
 0 1 0 1 0 0 1 0 0 0 0 0 0 0 0 0 0 0 1 0
 0 1 0 0 0 0 1 0 0 0 0 0 0 0 1 0 0 0 0 1
 0 0 0 0 0 0 0 1 0 0 1 1 0 0 0 0 0 1 0 0
 1 0 1 0 1 0 0 0 0 0 0 0 0 0 0 0 0 0 0 1
 1 0 0 0 0 1 0 1 0 0 0 0 0 0 0 1 0 0 0 0
 0 0 1 0 0 0 0 0 0 0 1 0 1 0 0 0 1 0 0 0

Warwick 1223: balanced orders and products, 4 products per order
20 20
 1 0 0 0 0 0 0 0 0 1 1 1 0 0 0 0 0 0 0 0
 1 0 0 0 0 0 0 0 0 0 1 0 1 0 0 1 0 0 0 0
 0 0 0 0 0 0 1 0 0 0 1 1 0 0 0 0 1 0 0 0
 0 0 0 0 0 0 0 0 1 0 1 0 0 0 0 1 0 0 1 0
 0 1 0 0 0 0 1 0 0 0 0 0 1 0 0 0 0 1 0 0
 0 0 0 1 0 0 0 0 1 0 0 0 0 0 0 0 1 0 0 1
 0 0 0 1 0 0 0 0 0 0 0 1 0 0 0 0 1 1 0 0
 0 0 1 0 0 0 0 1 0 0 0 0 0 0 1 0 0 0 1 0
 0 1 0 0 1 0 0 0 0 0 0 1 0 0 1 0 0 0 0 0
 0 0 0 0 0 0 0 0 0 0 0 0 1 1 0 0 1 1 0 0
 0 0 1 0 1 0 0 1 0 0 0 0 0 1 0 0 0 0 0 0
 1 0 1 0 0 1 0 0 0 0 0 0 0 0 0 1 0 0 0 0
 0 0 0 0 0 0 0 1 0 1 0 0 0 0 0 1 0 1 0 0
 1 0 0 0 0 1 0 1 0 0 0 0 0 0 0 0 0 0 0 1
 0 0 0 0 1 0 0 0 0 0 0 0 1 0 0 0 0 0 1 1
 0 0 0 0 1 0 1 0 1 0 0 0 0 0 1 0 0 0 0 0
 0 1 0 1 0 0 0 0 0 1 0 0 0 0 1 0 0 0 0 0
 0 0 0 0 0 1 1 0 0 0 0 0 0 1 0 0 0 0 1 0
 0 0 0 1 0 1 0 0 0 1 0 0 0 0 0 0 0 0 0 1
 0 1 1 0 0 0 0 0 1 0 0 0 0 1 0 0 0 0 0 0

Warwick 1224: balanced orders and products, 4 products per order
20 20
 0 0 1 0 1 0 0 0 0 1 0 0 0 0 0 0 0 0 0 1
 0 0 0 0 0 0 0 0 0 1 0 1 0 1 0 0 1 0 0 0
 0 1 0 1 0 0 1 0 0 0 0 0 0 0 0 0 1 0 0 0
 0 0 0 0 0 0 1 0 0 0 1 0 0 0 1 0 0 1 0 0
 0 0 0 0 0 1 0 1 1 0 0 0 0 0 0 1 0 0 0 0
 0 0 0 0 0 0 1 0 0 0 0 0 1 0 0 0 1 0 0 1
 0 0 0 0 1 0 0 1 0 0 0 0 0 1 0 1 0 0 0 0
 0 0 0 0 0 0 0 0 0 0 1 0 0 0 0 1 0 1 0 1
 1 0 0 0 0 0 0 0 0 0 0 1 0 1 1 0 0 0 0 0
 0 0 0 1 0 0 0 0 0 1 0 0 0 0 1 0 1 0 0 0
 0 0 1 0 0 1 1 0 0 0 0 1 0 0 0 0 0 0 0 0
 0 1 0 1 0 0 0 0 1 0 0 0 0 0 0 0 0 0 1 0
 0 0 0 0 1 1 0 1 0 0 0 0 0 0 0 0 0 0 1 0
 1 0 1 0 0 0 0 0 0 0 1 1 0 0 0 0 0 0 0 0
 0 1 0 1 0 0 0 0 0 0 0 0 1 0 0 0 0 0 0 1
 1 0 0 0 0 0 0 0 1 0 0 0 0 0 0 0 0 1 1 0
 0 0 1 0 1 0 0 1 1 0 0 0 0 0 0 0 0 0 0 0
 1 0 0 0 0 0 0 0 0 0 0 0 0 1 1 0 0 0 1 0
 0 0 0 0 0 1 0 0 0 0 1 0 1 0 0 1 0 0 0 0
 0 1 0 0 0 0 0 0 0 1 0 0 1 0 0 0 0 1 0 0

Warwick 1225: balanced orders and products, 4 products per order
20 20
 0 0 0 0 0 1 0 0 0 0 0 1 0 0 1 1 0 0 0 0
 0 0 0 0 0 0 0 0 0 0 1 1 0 1 0 0 0 0 1 0
 0 0 1 0 1 0 0 0 0 0 1 0 0 0 0 0 0 0 0 1
 0 1 0 0 0 0 1 0 0 0 0 0 0 0 0 1 1 0 0 0
 1 0 0 1 1 0 0 0 1 0 0 0 0 0 0 0 0 0 0 0
 1 0 0 0 0 0 0 0 0 0 1 0 0 0 1 0 0 0 0 1
 0 1 0 0 0 0 0 0 0 1 0 0 1 0 0 1 0 0 0 0
 0 0 0 0 0 0 0 1 0 1 0 0 0 0 0 1 0 0 1 0
 0 0 1 0 0 1 0 0 0 0 1 0 0 0 0 0 0 1 0 0
 0 0 1 0 0 0 1 1 0 0 0 0 0 1 0 0 0 0 0 0
 0 0 0 0 0 0 1 0 1 0 0 0 0 0 0 0 0 0 1 1
 0 0 1 1 0 0 0 0 0 1 0 1 0 0 0 0 0 0 0 0
 0 0 0 0 0 1 0 0 1 0 0 0 0 1 0 0 1 0 0 0
 0 1 0 0 1 0 0 0 1 0 0 0 1 0 0 0 0 0 0 0
 0 0 0 1 1 0 1 0 0 0 0 0 0 1 0 0 0 0 0 0
 0 0 0 0 0 0 0 1 0 0 0 0 0 0 1 0 1 1 0 0
 0 0 0 0 0 0 0 1 0 0 0 0 1 0 0 0 1 0 1 0
 0 1 0 1 0 0 0 0 0 0 0 1 0 0 0 0 0 1 0 0
 1 0 0 0 0 1 0 0 0 1 0 0 1 0 0 0 0 0 0 0
 1 0 0 0 0 0 0 0 0 0 0 0 0 0 1 0 0 1 0 1

Warwick 1226: balanced orders and products, 4 products per order
20 20
 0 0 0 0 1 0 0 0 0 0 0 0 1 0 0 1 0 0 1 0
 0 0 0 0 0 0 0 1 0 0 0 0 1 1 0 0 0 1 0 0
 0 0 0 0 0 0 0 0 0 1 1 0 0 0 0 0 1 0 1 0
 1 0 0 0 0 0 0 0 0 0 1 0 0 0 1 1 0 0 0 0
 0 0 1 0 0 0 0 1 0 0 0 0 0 1 0 0 1 0 0 0
 0 0 0 0 0 0 0 0 0 1 0 1 0 0 1 0 0 0 0 1
 0 0 0 1 0 1 0 0 0 0 0 1 0 0 0 0 0 0 0 1
 1 1 0 0 0 0 0 0 0 0 0 0 1 0 0 0 1 0 0 0
 0 0 1 0 0 0 1 0 1 0 0 0 0 0 0 0 0 0 1 0
 0 0 0 0 0 0 0 1 0 0 0 1 0 0 0 1 0 0 1 0
 0 0 0 0 1 1 0 0 1 0 0 0 0 0 0 0 0 0 0 1
 0 1 0 0 1 0 1 0 1 0 0 0 0 0 0 0 0 0 0 0
 0 1 1 0 0 0 0 0 0 1 0 0 1 0 0 0 0 0 0 0
 1 0 0 0 0 0 0 1 0 0 0 0 0 1 0 0 1 0 0 0
 1 1 0 0 0 0 1 0 0 0 0 0 0 0 0 0 0 1 0 0
 0 0 0 1 1 0 0 0 0 0 0 1 0 0 0 0 0 0 0 1
 0 0 0 1 0 0 0 0 1 1 0 0 0 0 0 0 0 1 0 0
 0 0 0 1 0 1 1 0 0 0 1 0 0 0 0 0 0 0 0 0
 0 0 1 0 0 1 0 0 0 0 1 0 0 0 1 0 0 0 0 0
 0 0 0 0 0 0 0 0 0 0 0 0 0 1 1 1 0 1 0 0

Warwick 1227: balanced orders and products, 4 products per order
20 20
 0 0 0 0 0 0 0 0 0 0 1 1 0 0 0 0 0 1 0 1
 0 0 1 0 0 0 0 0 0 1 0 0 0 0 1 1 0 0 0 0
 0 1 0 0 0 0 1 0 1 0 0 0 0 0 0 0 0 0 1 0
 0 0 0 0 0 0 1 1 0 0 0 0 0 0 0 1 1 0 0 0
 1 0 0 1 0 0 0 0 0 0 1 0 0 0 0 0 0 0 1 0
 0 0 0 0 1 0 0 0 0 1 0 0 0 0 0 0 1 0 0 1
 0 0 0 0 1 0 0 0 0 0 0 0 0 1 0 1 1 0 0 0
 0 0 0 0 1 1 0 0 0 0 0 0 0 0 0 0 0 1 0 1
 1 1 0 0 0 0 0 0 0 1 0 1 0 0 0 0 0 0 0 0
 0 1 0 0 0 0 0 0 1 0 1 0 1 0 0 0 0 0 0 0
 0 0 0 0 0 0 1 0 1 0 0 1 1 0 0 0 0 0 0 0
 1 0 0 0 0 0 0 0 0 0 0 0 0 0 1 1 0 0 0 1
 0 0 1 0 0 1 0 0 0 0 0 0 0 1 0 0 0 1 0 0
 1 0 1 0 0 0 0 1 0 0 0 0 0 0 1 0 0 0 0 0
 0 0 0 0 0 0 1 0 1 1 0 0 0 0 0 0 0 0 1 0
 0 0 0 0 0 1 0 0 0 0 0 0 0 0 0 0 1 1 1 0
 0 1 0 0 1 0 0 0 0 0 0 0 1 1 0 0 0 0 0 0
 0 0 1 1 0 0 0 1 0 0 0 0 0 0 1 0 0 0 0 0
 0 0 0 1 0 1 0 1 0 0 0 0 1 0 0 0 0 0 0 0
 0 0 0 1 0 0 0 0 0 0 1 1 0 1 0 0 0 0 0 0

Warwick 1228: balanced orders and products, 4 products per order
20 20
 0 0 0 1 0 0 0 0 0 0 0 1 1 0 0 0 0 0 0 1
 0 1 0 0 1 0 0 1 0 0 0 0 0 0 1 0 0 0 0 0
 0 0 0 0 0 1 0 0 0 0 0 0 0 1 0 1 0 0 0 1
 0 0 0 0 0 1 1 1 0 0 0 0 0 0 0 0 0 0 1 0
 0 1 0 0 0 0 0 0 0 0 0 0 0 1 0 0 0 1 1 0
 0 1 0 0 1 0 0 0 0 1 0 0 0 0 0 1 0 0 0 0
 0 0 1 0 0 1 0 0 0 1 0 0 0 0 0 0 0 0 0 1
 0 0 1 0 1 0 0 0 0 0 0 0 0 0 0 1 1 0 0 0
 0 0 0 1 0 0 0 0 0 0 0 1 0 0 1 0 0 0 0 1
 1 0 0 0 0 0 1 0 1 0 0 1 0 0 0 0 0 0 0 0
 1 0 0 0 0 0 0 0 0 0 1 0 0 0 1 0 0 1 0 0
 0 1 1 0 0 0 0 0 0 0 1 0 0 0 0 0 1 0 0 0
 0 0 1 0 1 0 0 0 1 0 0 0 0 0 0 0 1 0 0 0
 0 0 0 1 0 0 0 1 0 1 0 0 0 0 0 0 0 1 0 0
 1 0 0 0 0 1 1 0 0 0 0 0 0 0 1 0 0 0 0 0
 0 0 0 0 0 0 0 1 0 0 1 0 0 1 0 0 0 1 0 0
 0 0 0 0 0 0 0 0 0 0 0 1 1 1 0 0 0 0 1 0
 1 0 0 1 0 0 0 0 1 0 1 0 0 0 0 0 0 0 0 0
 0 0 0 0 0 0 1 0 0 0 0 0 1 0 0 0 1 0 1 0
 0 0 0 0 0 0 0 0 1 1 0 0 1 0 0 1 0 0 0 0

Warwick 1229: balanced orders and products, 4 products per order
20 20
 0 1 0 0 0 1 0 0 0 0 0 0 0 0 0 0 0 1 0 1
 1 0 0 0 0 1 0 0 0 0 0 0 1 0 0 0 0 0 1 0
 0 1 0 1 0 0 1 0 0 0 0 0 0 0 1 0 0 0 0 0
 0 1 1 0 0 0 0 0 0 1 0 0 0 0 1 0 0 0 0 0
 0 0 0 1 0 0 0 0 1 0 0 1 0 0 0 0 0 0 1 0
 0 0 1 0 0 0 0 0 0 0 0 0 1 0 0 1 1 0 0 0
 0 0 0 0 0 0 0 0 0 0 1 0 0 0 0 1 1 1 0 0
 1 0 0 0 1 0 1 0 0 0 0 0 0 0 0 0 0 1 0 0
 0 0 0 0 0 1 0 0 0 0 0 1 1 1 0 0 0 0 0 0
 0 0 0 0 0 0 0 1 1 0 0 0 0 0 1 1 0 0 0 0
 0 0 0 0 1 0 0 1 0 1 1 0 0 0 0 0 0 0 0 0
 0 0 0 0 0 0 0 0 1 0 0 1 0 1 0 1 0 0 0 0
 1 0 0 0 0 0 0 1 0 0 0 1 0 0 0 0 0 0 1 0
 0 0 0 1 0 0 0 0 0 0 1 0 0 1 0 0 0 1 0 0
 1 0 0 0 0 0 1 0 0 0 1 0 0 0 0 0 0 0 0 1
 0 0 0 0 1 0 1 0 0 1 0 0 0 0 0 0 1 0 0 0
 0 1 0 0 0 1 0 0 1 0 0 0 0 1 0 0 0 0 0 0
 0 0 1 1 1 0 0 0 0 0 0 0 1 0 0 0 0 0 0 0
 0 0 0 0 0 0 0 0 0 1 0 0 0 0 1 0 0 0 1 1
 0 0 1 0 0 0 0 1 0 0 0 0 0 0 0 0 1 0 0 1

Warwick 1230: balanced orders and products, 4 products per order
20 20
 0 0 0 0 1 0 0 0 0 0 1 0 1 0 0 1 0 0 0 0
 0 1 0 1 0 1 0 0 0 0 0 0 0 0 1 0 0 0 0 0
 0 0 0 0 0 1 1 1 0 0 0 1 0 0 0 0 0 0 0 0
 1 0 0 0 1 0 0 0 0 0 1 0 0 0 0 0 0 0 0 1
 0 0 0 0 0 1 0 1 0 0 0 1 0 0 0 0 0 0 0 1
 1 0 0 1 0 0 1 0 0 0 0 0 0 0 0 0 0 0 0 1
 0 0 0 0 0 0 0 0 0 1 0 0 0 0 1 1 1 0 0 0
 0 0 1 0 0 0 1 0 0 1 0 0 0 0 1 0 0 0 0 0
 0 0 0 0 0 0 0 0 0 0 0 0 0 0 0 1 1 1 1 0
 1 0 0 0 0 0 0 1 1 0 0 0 0 1 0 0 0 0 0 0
 0 1 0 0 0 0 0 0 0 0 0 1 0 0 0 1 1 0 0 0
 0 0 1 0 0 0 0 0 0 0 0 0 1 1 0 0 0 0 1 0
 0 0 0 1 1 0 0 0 1 0 0 0 1 0 0 0 0 0 0 0
 0 0 0 0 0 0 1 0 0 1 0 0 0 0 0 0 0 1 1 0
 0 0 1 0 0 0 0 0 1 0 1 0 0 0 0 0 0 1 0 0
 0 1 0 0 0 1 0 0 0 0 0 0 1 0 0 0 0 0 0 1
 0 0 1 1 0 0 0 0 0 0 0 0 0 1 0 0 0 0 1 0
 0 0 0 0 1 0 0 0 0 1 0 0 0 0 1 0 0 1 0 0
 0 1 0 0 0 0 0 0 0 0 1 0 0 1 0 0 1 0 0 0
 1 0 0 0 0 0 0 1 1 0 0 1 0 0 0 0 0 0 0 0

Warwick 1231: balanced orders and products, 5 products per order
20 20
 0 0 0 0 0 0 0 0 0 1 1 1 0 0 0 1 0 0 1 0
 0 0 1 0 0 0 0 0 0 1 0 0 1 1 1 0 0 0 0 0
 0 0 0 0 0 0 0 1 1 0 1 0 0 0 0 0 0 1 1 0
 0 0 0 0 1 0 1 0 0 0 0 1 0 1 0 0 0 0 0 1
 0 0 0 0 0 0 0 1 0 0 1 0 0 1 0 0 0 1 1 0
 0 0 0 1 0 0 1 0 0 0 0 0 0 0 0 1 0 0 1 1
 0 0 0 0 1 1 0 0 0 0 0 0 1 0 1 0 0 1 0 0
 0 1 0 0 0 0 0 0 1 1 0 1 0 0 1 0 0 0 0 0
 0 0 0 0 0 0 1 0 0 0 0 1 0 1 1 0 0 0 1 0
 1 1 1 0 0 0 1 0 0 0 1 0 0 0 0 0 0 0 0 0
 1 0 0 0 0 0 0 0 0 1 0 1 1 0 0 1 0 0 0 0
 0 1 0 0 0 1 1 0 0 0 0 0 0 0 0 0 1 0 0 1
 0 0 1 1 1 0 0 1 1 0 0 0 0 0 0 0 0 0 0 0
 0 0 0 1 0 1 0 1 0 0 0 0 0 0 0 0 1 1 0 0
 0 1 0 0 0 0 0 0 0 0 1 0 0 0 1 1 1 0 0 0
 0 0 0 0 1 0 0 1 0 1 0 0 1 0 0 1 0 0 0 0
 0 0 1 0 0 1 0 0 1 0 0 0 1 0 0 0 1 0 0 0
 1 0 0 1 0 0 0 0 1 0 0 0 0 1 0 0 0 0 0 1
 1 1 1 1 0 0 0 0 0 0 0 0 0 0 0 0 0 1 0 0
 1 0 0 0 1 1 0 0 0 0 0 0 0 0 0 0 1 0 0 1

Warwick 1232: balanced orders and products, 5 products per order
20 20
 0 0 0 0 0 0 1 0 0 0 0 1 0 0 1 1 0 0 1 0
 1 0 0 0 1 0 0 1 1 0 0 0 0 1 0 0 0 0 0 0
 0 0 0 1 0 0 1 1 0 0 0 0 0 1 0 0 1 0 0 0
 1 0 1 0 0 1 0 0 0 1 0 1 0 0 0 0 0 0 0 0
 0 0 1 0 0 0 1 0 1 1 0 0 0 0 0 0 0 0 0 1
 0 1 0 0 1 0 0 0 0 0 0 0 0 0 0 1 0 0 1 1
 0 0 1 0 0 0 0 1 0 0 1 0 0 0 1 1 0 0 0 0
 1 0 0 0 0 0 0 0 0 0 0 0 1 1 0 1 0 1 0 0
 1 0 1 0 0 0 0 0 1 0 0 0 0 0 0 1 0 1 0 0
 0 1 0 0 0 0 1 0 0 1 1 0 0 0 1 0 0 0 0 0
 0 1 0 0 0 1 0 0 0 0 1 1 0 0 0 0 0 1 0 0
 0 0 0 1 0 1 0 1 0 0 0 0 1 0 0 0 1 0 0 0
 0 0 0 0 0 0 1 0 0 1 0 0 1 0 1 0 1 0 0 0
 0 0 0 1 0 1 0 0 1 0 1 0 0 0 0 0 0 0 0 1
 0 0 0 0 0 0 0 0 0 0 0 0 1 1 0 0 1 1 1 0
 1 0 1 0 0 0 0 1 0 0 0 1 0 0 0 0 0 0 0 1
 0 1 0 0 1 0 0 0 0 0 0 0 1 0 0 0 1 0 1 0
 0 0 0 0 1 1 0 0 0 0 1 1 0 0 0 0 0 0 0 1
 0 0 0 1 1 0 0 0 0 0 0 0 0 1 0 0 0 1 1 0
 0 1 0 1 0 0 0 0 1 1 0 0 0 0 1 0 0 0 0 0

Warwick 1233: balanced orders and products, 5 products per order
20 20
 0 1 0 0 0 0 1 1 1 0 0 0 0 0 0 1 0 0 0 0
 0 0 0 0 0 0 1 0 0 0 1 0 1 0 1 0 0 0 0 1
 0 1 0 0 0 0 0 0 0 0 1 0 0 0 1 1 1 0 0 0
 1 0 0 0 1 0 0 0 0 0 0 0 0 1 0 0 0 1 0 1
 0 0 1 0 0 0 0 1 0 0 1 1 0 0 0 0 1 0 0 0
 1 0 0 1 0 0 0 1 0 0 0 0 0 0 1 0 0 0 0 1
 0 0 0 1 0 1 1 0 0 1 0 0 0 0 0 0 0 0 0 1
 1 1 0 0 0 0 0 0 0 1 0 0 0 0 1 0 0 1 0 0
 0 0 0 0 1 0 0 0 0 0 0 0 1 0 0 0 1 0 1 1
 0 0 0 0 0 1 0 0 0 0 0 1 0 1 0 1 0 1 0 0
 1 0 1 0 0 1 0 1 0 0 0 0 0 1 0 0 0 0 0 0
 0 0 0 1 0 1 1 0 1 1 0 0 0 0 0 0 0 0 0 0
 0 1 1 0 0 0 0 0 0 0 0 1 0 0 1 0 1 0 0 0
 0 0 0 0 1 1 0 0 1 1 0 0 0 0 0 1 0 0 0 0
 0 0 0 0 0 0 0 0 0 0 1 1 0 0 0 0 1 1 1 0
 0 0 0 0 0 0 0 0 1 0 0 1 0 1 0 0 0 1 1 0
 0 0 1 0 0 0 1 0 0 1 0 0 1 0 0 0 0 0 1 0
 0 0 0 1 1 0 0 0 0 0 0 0 1 1 0 1 0 0 0 0
 0 1 0 0 0 0 0 1 1 0 1 0 0 0 0 0 0 0 1 0
 1 0 1 1 1 0 0 0 0 0 0 0 1 0 0 0 0 0 0 0

Warwick 1234: balanced orders and products, 5 products per order
20 20
 0 0 1 0 0 0 0 1 0 0 1 0 0 0 0 0 0 1 0 1
 0 0 1 1 0 0 0 0 0 1 1 0 0 0 0 0 0 0 0 1
 0 0 0 1 0 0 0 0 1 0 0 0 0 0 0 1 0 0 1 1
 0 0 0 0 0 0 1 0 0 1 0 0 0 1 0 0 0 1 1 0
 1 0 0 0 0 0 0 0 1 0 1 0 1 1 0 0 0 0 0 0
 0 0 0 0 1 0 1 0 1 0 0 1 0 0 0 0 1 0 0 0
 0 0 0 1 1 0 1 0 0 0 0 1 1 0 0 0 0 0 0 0
 0 0 1 0 1 1 0 0 0 0 0 1 0 0 0 1 0 0 0 0
 1 0 0 1 0 1 0 0 0 0 0 0 1 0 0 0 1 0 0 0
 1 1 0 0 0 0 0 0 0 0 0 0 0 0 1 0 1 1 0 0
 0 0 1 0 0 0 0 1 0 0 0 0 1 1 1 0 0 0 0 0
 0 0 0 0 1 1 0 1 0 0 0 0 0 1 1 0 0 0 0 0
 0 0 1 0 0 0 0 0 1 0 1 0 0 0 0 1 0 1 0 0
 0 0 0 0 0 0 0 0 0 1 0 1 0 0 0 1 1 0 1 0
 1 1 0 0 0 0 0 0 0 1 0 1 0 0 0 0 0 0 0 1
 0 0 0 0 0 1 1 0 0 0 1 0 0 0 0 0 0 0 1 1
 0 1 0 1 0 1 0 0 1 0 0 0 1 0 0 0 0 0 0 0
 0 1 0 0 0 0 0 1 0 0 0 0 0 1 0 1 0 1 0 0
 0 1 0 0 1 0 1 0 0 1 0 0 0 0 1 0 0 0 0 0
 1 0 0 0 0 0 0 1 0 0 0 0 0 0 1 0 1 0 1 0

Warwick 1235: balanced orders and products, 5 products per order
20 20
 0 1 1 0 0 0 0 0 0 1 0 1 0 0 0 1 0 0 0 0
 0 0 0 0 0 0 0 1 1 0 1 1 0 0 0 1 0 0 0 0
 0 0 0 0 1 0 0 0 1 0 1 0 0 1 0 0 0 0 1 0
 0 0 0 0 0 0 1 1 0 0 0 0 1 0 1 0 1 0 0 0
 0 1 0 1 0 1 0 0 0 0 0 0 0 0 1 0 1 0 0 0
 0 0 0 0 0 0 1 0 0 0 0 1 1 0 0 0 0 1 0 1
 0 1 0 0 1 0 0 1 0 1 0 0 0 0 0 0 1 0 0 0
 1 1 0 0 0 0 0 1 0 0 0 0 0 0 0 0 0 1 0 1
 1 0 1 0 0 0 1 0 0 0 0 0 0 1 0 0 0 0 1 0
 0 0 0 0 0 0 0 0 0 1 1 0 0 0 1 1 0 0 0 1
 1 0 0 1 1 0 1 0 0 0 0 0 0 0 0 1 0 0 0 0
 0 0 1 0 1 0 0 0 0 0 0 0 0 0 0 0 1 0 1 1
 1 1 0 0 0 0 0 1 0 0 1 0 0 1 0 0 0 0 0 0
 0 0 1 1 0 0 0 0 0 0 0 0 0 1 1 0 0 1 0 0
 0 0 0 0 0 0 0 0 1 1 0 0 1 0 0 0 1 0 1 0
 0 0 1 0 1 1 0 0 0 0 0 0 1 0 0 0 0 1 0 0
 1 0 0 1 0 1 0 0 0 0 1 0 1 0 0 0 0 0 0 0
 0 0 0 0 0 1 0 0 1 0 0 0 0 0 1 1 0 0 1 0
 0 0 0 1 0 1 0 0 0 1 0 1 0 0 0 0 0 0 0 1
 0 0 0 0 0 0 1 0 1 0 0 1 0 1 0 0 0 1 0 0

Warwick 1236: balanced orders and products, 5 products per order
20 20
 0 0 0 1 0 0 0 0 0 0 1 1 0 1 0 1 0 0 0 0
 0 0 0 0 0 0 1 1 0 0 0 0 0 0 1 1 1 0 0 0
 0 1 0 0 1 1 0 0 0 0 0 0 1 0 0 0 0 1 0 0
 1 1 0 0 0 0 0 0 0 1 0 0 1 0 0 1 0 0 0 0
 0 1 0 0 1 1 0 0 1 1 0 0 0 0 0 0 0 0 0 0
 1 0 0 0 0 1 0 1 0 0 0 0 1 0 1 0 0 0 0 0
 0 0 0 0 0 0 1 0 0 0 0 1 0 1 0 0 1 0 0 1
 0 1 0 0 1 0 0 0 1 0 0 0 0 0 0 0 0 1 1 0
 0 1 0 1 0 0 0 0 0 0 0 1 0 1 0 1 0 0 0 0
 1 0 0 1 0 0 0 0 0 1 0 0 0 0 0 0 0 0 1 1
 0 0 1 0 0 0 0 1 0 0 0 0 0 0 0 0 1 1 1 0
 1 0 0 0 0 1 1 0 1 0 0 0 0 0 1 0 0 0 0 0
 0 0 1 1 0 0 0 1 0 0 0 0 1 0 0 0 1 0 0 0
 0 0 0 1 0 1 0 0 0 0 1 0 0 0 0 1 0 0 1 0
 0 0 1 0 1 0 0 0 0 0 0 0 0 1 1 0 0 1 0 0
 0 0 1 0 1 0 0 1 0 0 1 0 0 0 0 0 0 0 1 0
 0 0 0 0 0 0 0 0 0 1 1 0 0 0 0 0 1 1 0 1
 1 0 0 0 0 0 1 0 1 0 0 1 0 0 0 0 0 0 0 1
 0 0 1 0 0 0 0 0 0 1 0 0 1 1 1 0 0 0 0 0
 0 0 0 0 0 0 1 0 1 0 1 1 0 0 0 0 0 0 0 1

Warwick 1237: balanced orders and products, 5 products per order
20 20
 1 0 0 1 1 1 0 0 0 0 0 0 0 0 0 0 0 0 0 1
 0 0 0 0 0 0 0 1 1 0 0 1 0 0 0 0 1 1 0 0
 0 1 1 1 0 0 0 0 0 0 0 0 0 0 0 1 0 1 0 0
 0 0 0 0 0 1 0 0 0 1 1 0 0 0 0 0 1 0 1 0
 0 0 0 0 1 0 0 0 0 0 0 0 0 1 1 1 1 0 0 0
 0 0 0 0 0 1 0 1 1 0 0 1 0 0 0 0 0 0 1 0
 0 1 0 1 1 0 1 1 0 0 0 0 0 0 0 0 0 0 0 0
 0 0 1 0 0 1 0 0 0 0 0 0 0 0 1 0 0 1 0 1
 0 0 1 0 0 0 0 0 1 0 0 1 0 1 0 0 0 0 0 1
 1 1 0 1 0 0 0 0 0 1 0 0 0 0 0 1 0 0 0 0
 0 0 1 0 0 0 0 0 0 1 0 0 0 0 1 1 0 0 0 1
 1 0 0 0 0 0 0 0 0 0 1 0 1 0 0 1 1 0 0 0
 0 0 0 0 1 1 0 1 0 0 0 1 0 0 1 0 0 0 0 0
 0 0 0 0 1 0 0 0 0 0 0 0 1 0 1 0 0 0 1 1
 1 0 1 0 0 0 1 0 0 0 0 0 1 1 0 0 0 0 0 0
 0 1 0 0 0 0 0 0 1 1 0 0 0 0 0 0 0 1 1 0
 0 0 0 1 0 0 1 0 0 0 1 0 0 1 0 0 0 1 0 0
 0 0 0 0 0 0 1 1 0 0 1 0 1 0 0 0 1 0 0 0
 1 1 0 0 0 0 1 0 1 1 0 0 0 0 0 0 0 0 0 0
 0 0 0 0 0 0 0 0 0 0 1 1 1 1 0 0 0 0 1 0

Warwick 1238: balanced orders and products, 5 products per order
20 20
 1 0 0 0 1 0 0 0 0 0 0 1 1 0 0 0 0 0 1 0
 0 0 0 1 0 0 1 0 0 0 0 0 1 0 0 1 0 0 0 1
 1 0 0 0 0 0 0 1 0 1 0 0 0 0 1 0 0 0 1 0
 1 1 0 0 0 0 0 1 0 0 0 0 0 0 1 0 1 0 0 0
 0 0 0 0 0 0 0 0 0 1 0 1 1 0 1 0 1 0 0 0
 0 1 0 0 0 0 0 0 0 1 0 0 1 1 0 0 0 0 1 0
 0 1 1 0 0 0 1 0 1 0 0 0 0 0 1 0 0 0 0 0
 0 0 1 0 0 1 0 0 1 0 1 0 0 0 0 1 0 0 0 0
 0 0 0 0 0 0 0 0 0 0 0 0 0 0 1 1 1 0 1 1
 0 0 1 0 0 1 1 0 0 0 0 0 0 0 0 1 0 1 0 0
 1 0 0 0 0 0 1 1 0 0 0 0 0 0 0 0 0 1 0 1
 0 0 0 0 0 0 0 1 1 0 0 0 1 0 0 0 1 0 1 0
 0 0 0 1 1 0 0 1 0 0 0 0 0 1 0 0 0 1 0 0
 0 1 1 0 0 1 0 0 0 0 0 0 0 1 0 1 0 0 0 0
 0 0 0 1 0 0 0 0 0 0 1 1 0 1 0 0 0 1 0 0
 0 0 0 0 0 1 1 0 0 0 0 1 0 0 0 0 0 1 0 1
 0 1 1 0 0 1 0 0 1 0 1 0 0 0 0 0 0 0 0 0
 0 0 0 1 1 0 0 0 0 1 1 0 0 1 0 0 0 0 0 0
 1 0 0 1 1 0 0 0 0 1 1 0 0 0 0 0 0 0 0 0
 0 0 0 0 1 0 0 0 1 0 0 1 0 0 0 0 1 0 0 1

Warwick 1239: balanced orders and products, 5 products per order
20 20
 0 0 0 0 0 0 0 0 1 0 0 0 0 0 1 1 0 0 1 1
 0 1 0 1 0 0 0 1 0 0 1 0 0 0 0 1 0 0 0 0
 0 0 1 0 1 0 1 0 0 1 0 0 0 0 0 0 0 1 0 0
 0 1 1 0 0 0 0 0 1 0 0 0 0 0 0 0 1 0 1 0
 0 0 0 1 0 0 0 0 1 0 0 0 0 1 0 0 0 1 1 0
 1 0 0 0 0 0 0 1 0 0 1 1 1 0 0 0 0 0 0 0
 0 1 0 1 0 0 0 0 0 0 1 0 0 1 0 0 0 1 0 0
 0 1 0 0 0 0 1 1 0 1 1 0 0 0 0 0 0 0 0 0
 0 0 0 0 0 1 0 0 0 0 1 0 1 0 1 0 0 1 0 0
 0 0 0 0 1 1 1 0 1 0 0 0 0 0 0 0 0 0 1 0
 1 0 0 0 1 0 1 0 0 0 0 0 1 0 0 0 0 0 1 0
 1 0 0 0 0 0 0 1 0 0 0 1 1 0 0 0 1 0 0 0
 0 0 0 0 0 1 0 1 0 1 0 0 0 0 1 0 1 0 0 0
 0 0 1 0 0 0 0 0 0 1 0 1 0 0 0 1 0 1 0 0
 1 0 0 1 0 1 0 0 0 0 0 0 0 0 0 1 0 0 0 1
 0 0 0 0 0 1 0 0 0 1 0 0 0 1 0 0 1 0 0 1
 1 0 1 0 0 0 0 0 0 0 0 0 0 0 1 0 1 0 0 1
 0 1 1 0 1 0 0 0 0 0 0 0 0 1 0 0 0 0 0 1
 0 0 0 1 0 0 0 0 0 0 0 1 1 0 1 1 0 0 0 0
 0 0 0 0 1 0 1 0 1 0 0 1 0 1 0 0 0 0 0 0

Warwick 1240: balanced orders and products, 5 products per order
20 20
 0 1 0 0 0 0 0 1 0 0 0 1 0 1 0 1 0 0 0 0
 0 1 1 0 0 0 0 0 0 0 1 0 0 0 0 1 1 0 0 0
 0 1 0 0 1 0 1 0 0 0 0 0 0 1 0 0 1 0 0 0
 1 1 0 0 0 1 0 0 0 0 0 0 0 0 0 0 0 1 1 0
 0 0 1 1 0 0 1 1 0 0 0 0 0 0 0 1 0 0 0 0
 0 0 1 0 0 1 1 0 0 0 0 0 0 1 0 0 1 0 0 0
 0 0 0 1 0 1 0 0 0 0 0 1 1 0 1 0 0 0 0 0
 0 0 1 0 0 0 0 0 1 0 0 0 1 0 0 0 0 0 1 1
 1 0 0 0 0 0 0 0 1 1 0 1 0 0 0 0 0 1 0 0
 1 0 0 0 0 0 0 0 0 0 1 0 0 1 0 0 1 0 0 1
 0 1 0 0 0 0 1 1 0 0 0 0 0 0 1 0 0 1 0 0
 0 0 0 0 1 1 0 1 1 0 0 0 0 0 1 0 0 0 0 0
 0 0 0 0 1 0 0 0 0 1 0 0 0 0 0 1 1 0 0 1
 0 0 0 0 0 0 1 1 1 0 1 0 0 0 0 0 0 0 1 0
 0 0 0 0 0 0 0 0 1 1 0 1 1 0 1 0 0 0 0 0
 0 0 0 1 0 1 0 0 0 1 0 1 0 0 0 0 0 0 0 1
 1 0 0 0 1 0 0 0 0 0 1 0 1 0 0 0 0 1 0 0
 0 0 0 0 0 0 0 0 0 1 1 0 0 0 0 0 0 1 1 1
 0 0 0 1 1 0 0 0 0 0 0 0 1 0 1 0 0 0 1 0
 1 0 1 1 0 0 0 0 0 0 0 0 0 1 0 1 0 0 0 0

Warwick 1241: balanced orders and products, 6 products per order
20 20
 0 1 1 1 1 0 1 0 0 0 0 0 0 0 0 1 0 0 0 0
 0 1 0 1 0 1 0 0 0 0 1 0 0 0 0 0 1 0 1 0
 1 0 1 1 0 0 0 0 1 0 0 1 0 0 0 0 0 0 0 1
 0 0 0 1 1 0 0 1 1 0 0 1 1 0 0 0 0 0 0 0
 1 0 0 0 0 0 0 0 0 0 1 1 1 0 1 1 0 0 0 0
 1 0 0 0 1 0 0 1 0 0 0 0 0 1 1 0 0 0 0 1
 0 0 1 0 1 0 0 0 0 0 1 0 0 0 0 1 0 1 1 0
 0 0 0 0 0 1 0 0 0 0 1 1 0 1 0 0 0 1 0 1
 0 1 0 0 1 0 0 1 1 0 0 0 0 1 0 0 0 0 0 1
 0 0 0 1 0 1 0 0 0 1 0 0 1 0 0 0 1 1 0 0
 0 1 0 0 0 1 1 0 0 0 0 0 0 1 1 0 0 0 1 0
 1 0 0 0 0 0 1 0 0 1 0 0 0 0 0 0 1 0 1 1
 0 1 0 0 0 0 1 1 0 0 0 0 0 1 0 1 0 1 0 0
 0 0 1 0 0 1 1 1 0 1 0 0 0 0 1 0 0 0 0 0
 0 0 0 0 0 0 1 1 0 1 1 0 1 0 0 0 0 0 1 0
 0 0 0 1 1 0 0 0 0 1 0 1 0 0 0 0 0 1 0 1
 0 1 1 0 0 0 0 0 1 0 0 0 1 0 0 1 1 0 0 0
 1 0 0 0 0 0 0 0 1 0 1 1 0 0 1 0 0 0 1 0
 1 0 1 0 0 0 0 0 0 1 0 0 1 0 0 0 1 1 0 0
 0 0 0 0 0 1 0 0 1 0 0 0 0 1 1 1 1 0 0 0

Warwick 1242: balanced orders and products, 6 products per order
20 20
 0 0 0 0 1 0 0 0 1 0 1 0 0 0 1 0 0 1 0 1
 0 0 1 1 1 0 0 1 0 1 0 0 0 0 0 0 0 0 1 0
 1 0 0 0 0 1 1 0 0 0 1 1 0 0 0 0 1 0 0 0
 0 0 0 0 0 1 0 1 0 0 0 0 1 0 1 1 1 0 0 0
 0 0 0 1 1 0 0 0 1 1 1 0 0 0 0 0 0 0 0 1
 0 1 0 1 1 0 0 0 0 0 0 0 0 1 0 1 0 0 1 0
 0 0 1 0 0 0 0 0 1 1 0 1 0 0 1 0 0 1 0 0
 0 0 1 0 0 0 0 1 0 0 1 0 0 1 0 0 0 1 1 0
 1 0 1 1 0 0 0 0 0 0 0 0 1 0 0 1 0 1 0 0
 0 1 0 0 0 0 0 0 1 1 0 1 0 0 0 1 1 0 0 0
 0 1 0 0 0 0 1 0 0 0 1 0 0 0 1 0 0 0 1 1
 0 1 1 1 0 0 1 1 0 0 0 0 0 0 0 0 0 1 0 0
 0 0 0 0 0 1 0 0 0 1 0 0 0 0 1 1 1 1 0 0
 0 0 0 0 1 1 1 0 0 0 0 1 0 1 0 0 0 0 0 1
 1 0 0 0 0 0 1 0 0 0 1 0 1 1 0 0 0 0 1 0
 0 0 1 0 0 1 0 1 0 0 0 0 0 0 1 0 1 0 0 1
 1 0 0 0 0 0 1 0 1 0 0 1 1 1 0 0 0 0 0 0
 1 1 0 1 0 1 0 0 0 0 0 0 1 0 0 0 0 0 0 1
 0 0 0 0 1 0 0 1 0 1 0 1 0 1 0 0 0 0 1 0
 1 1 0 0 0 0 0 0 1 0 0 0 1 0 0 1 1 0 0 0

Warwick 1243: balanced orders and products, 6 products per order
20 20
 0 0 0 1 1 0 0 1 0 1 0 0 0 0 0 0 0 1 1 0
 0 0 0 0 0 0 1 0 1 0 0 0 1 1 0 1 1 0 0 0
 0 0 0 0 0 1 0 0 0 0 0 0 1 1 0 1 0 1 1 0
 0 0 0 1 1 0 0 0 0 0 1 0 1 0 0 1 1 0 0 0
 1 1 0 0 0 1 0 0 0 0 1 0 0 0 0 0 0 1 1 0
 0 0 0 0 1 1 0 0 1 0 1 1 0 1 0 0 0 0 0 0
 0 1 0 1 0 0 1 0 0 0 1 1 0 1 0 0 0 0 0 0
 0 0 0 0 0 1 0 0 0 0 1 0 0 1 1 0 1 0 0 1
 0 0 0 0 0 0 1 1 0 0 0 1 1 0 0 0 1 0 0 1
 0 1 0 0 1 0 0 0 0 1 0 0 0 0 1 1 0 1 0 0
 0 0 1 0 0 0 0 1 1 1 0 0 1 0 0 0 0 1 0 0
 0 0 1 1 0 1 0 0 0 0 0 1 0 0 0 1 0 0 0 1
 1 0 0 0 0 0 1 0 1 0 0 0 0 1 1 0 0 0 0 1
 1 0 0 0 1 0 0 0 1 0 0 0 0 0 1 0 1 0 1 0
 0 0 1 1 0 0 1 1 0 1 0 1 0 0 0 0 0 0 0 0
 1 0 1 0 1 0 0 0 1 0 0 0 1 0 0 0 0 0 1 0
 0 1 0 1 0 0 0 0 0 0 0 1 0 0 1 0 0 1 1 0
 0 1 0 0 0 1 1 1 0 0 0 0 0 0 0 1 0 0 0 1
 1 0 1 0 0 0 0 1 0 1 1 0 0 0 0 0 0 0 0 1
 1 1 1 0 0 0 0 0 0 1 0 0 0 0 1 0 1 0 0 0

Warwick 1244: balanced orders and products, 6 products per order
20 20
 1 0 0 0 1 0 0 0 0 0 1 0 1 1 0 0 1 0 0 0
 0 0 1 1 0 1 1 1 0 0 0 0 0 0 0 1 0 0 0 0
 0 1 0 0 0 1 1 0 0 1 0 0 0 0 0 0 1 1 0 0
 0 1 0 0 1 0 0 0 0 0 0 1 0 1 1 1 0 0 0 0
 0 0 1 1 0 0 0 0 0 0 0 1 1 0 0 0 1 0 1 0
 0 0 0 0 1 1 0 0 0 0 1 1 0 0 1 1 0 0 0 0
 0 0 0 1 0 1 0 0 1 0 0 0 0 0 1 1 0 0 0 1
 1 0 0 0 0 0 1 1 0 0 0 1 1 0 0 0 0 0 1 0
 0 0 1 0 0 0 1 0 0 1 0 0 0 0 1 1 0 0 1 0
 0 0 0 0 0 0 0 0 1 1 0 0 0 0 1 0 1 1 0 1
 0 0 1 0 1 0 0 1 0 0 0 0 0 0 1 1 0 0 1 0
 0 0 1 0 1 0 1 0 0 1 1 0 0 0 0 0 0 0 1 0
 0 0 0 0 0 0 0 0 1 0 1 1 0 1 0 0 0 1 0 1
 0 0 0 0 0 0 0 1 0 0 0 0 1 1 0 0 1 1 0 1
 1 1 0 1 0 0 0 0 1 1 0 0 0 0 0 0 1 0 0 0
 0 1 1 0 0 0 0 1 1 0 1 0 0 1 0 0 0 0 0 0
 1 0 0 1 0 0 0 0 1 0 1 0 1 0 0 0 0 1 0 0
 0 1 0 0 0 0 1 0 0 1 0 1 0 0 0 0 0 1 0 1
 1 1 0 0 0 1 0 0 0 0 0 0 1 0 0 0 0 0 1 1
 1 0 0 1 1 1 0 1 0 0 0 0 0 1 0 0 0 0 0 0

Warwick 1245: balanced orders and products, 6 products per order
20 20
 0 1 0 0 0 0 0 0 0 1 0 1 1 0 1 0 0 0 0 1
 0 0 1 0 0 1 0 0 0 0 1 0 0 0 1 0 0 1 1 0
 0 0 1 0 0 1 0 0 1 0 0 0 0 0 0 1 0 1 0 1
 1 0 0 1 0 0 0 1 0 0 0 0 0 0 0 1 1 0 0 1
 1 1 1 0 1 0 0 0 0 0 0 1 0 1 0 0 0 0 0 0
 1 0 0 1 0 1 0 0 0 0 1 0 0 0 1 0 0 1 0 0
 0 0 0 1 0 0 1 0 0 0 1 1 0 1 0 0 0 0 0 1
 0 0 0 0 0 1 1 0 1 1 0 0 0 0 0 1 0 0 0 1
 0 0 0 1 0 0 1 0 1 1 0 0 0 0 0 1 0 0 1 0
 0 0 0 0 1 0 0 1 1 0 0 0 1 0 0 0 0 1 0 1
 0 1 0 0 0 0 0 0 0 0 0 1 0 1 1 1 1 0 0 0
 1 0 0 0 1 0 1 0 0 0 1 0 1 1 0 0 0 0 0 0
 1 1 0 1 0 1 0 0 0 0 0 0 0 1 0 0 0 0 1 0
 0 1 0 0 0 1 0 1 1 1 0 0 0 0 0 0 0 1 0 0
 0 0 1 0 1 0 0 1 1 0 0 0 0 0 1 0 0 1 0 0
 0 0 1 0 1 0 1 0 0 0 1 0 0 0 0 1 1 0 0 0
 0 0 0 1 0 0 0 0 0 1 1 0 1 0 0 0 1 0 1 0
 0 1 0 0 0 0 0 0 0 0 0 1 1 1 0 0 1 0 1 0
 1 0 0 0 0 0 0 1 0 1 0 1 1 0 1 0 0 0 0 0
 0 0 1 0 1 0 1 1 0 0 0 0 0 0 0 0 1 0 1 0

Warwick 1246: balanced orders and products, 6 products per order
20 20
 0 0 0 1 1 0 0 0 0 0 1 0 0 1 0 0 1 0 0 1
 0 0 0 0 0 1 0 1 0 0 0 0 1 1 0 1 0 0 0 1
 0 1 0 0 0 0 1 1 0 0 0 1 1 0 0 0 0 1 0 0
 0 0 0 0 1 0 1 0 1 0 1 0 1 0 0 0 1 0 0 0
 0 0 0 0 1 1 0 0 1 0 0 0 0 1 1 1 0 0 0 0
 0 1 0 0 0 1 1 0 0 0 0 1 0 1 0 0 0 1 0 0
 1 0 1 0 1 0 0 1 1 0 0 0 0 0 0 0 0 0 1 0
 1 0 0 0 0 1 0 1 0 0 1 0 0 0 0 1 0 1 0 0
 1 0 0 0 1 0 0 0 0 0 0 1 0 0 0 1 1 0 1 0
 0 1 1 0 0 0 0 0 0 1 0 0 1 0 0 0 1 0 0 1
 0 1 0 0 0 0 1 1 0 0 0 0 1 0 1 1 0 0 0 0
 0 0 1 0 0 0 0 0 1 1 0 1 0 0 0 1 1 0 0 0
 0 0 0 1 0 0 1 0 0 1 0 0 0 0 1 0 0 1 1 0
 0 0 0 0 0 0 0 0 1 1 0 0 0 0 1 0 1 0 1 1
 1 0 1 1 0 1 0 0 0 0 0 0 1 0 0 0 0 0 1 0
 0 0 1 0 0 0 0 0 0 1 1 1 0 1 0 0 0 0 1 0
 0 1 0 1 0 0 1 0 0 0 1 0 0 0 0 0 0 1 0 1
 0 1 0 0 0 0 0 0 0 1 0 0 0 1 1 0 0 1 0 1
 1 0 0 1 1 1 0 1 0 0 0 0 0 0 1 0 0 0 0 0
 1 0 1 1 0 0 0 0 1 0 1 1 0 0 0 0 0 0 0 0

Warwick 1247: balanced orders and products, 6 products per order
20 20
 1 0 1 0 1 0 0 0 0 0 1 0 0 0 0 0 0 1 0 1
 1 0 0 1 0 0 1 0 0 0 0 1 1 0 0 1 0 0 0 0
 0 1 0 0 0 0 0 0 0 0 1 1 1 0 0 0 0 1 1 0
 0 1 0 0 0 0 0 1 0 1 0 1 0 1 0 0 1 0 0 0
 0 1 1 1 0 0 0 0 0 0 0 0 0 0 1 1 0 1 0 0
 0 0 0 1 0 0 0 0 1 1 0 0 0 1 0 1 1 0 0 0
 0 0 0 0 0 1 0 1 0 0 0 0 0 0 1 1 0 0 1 1
 0 1 0 1 0 0 0 0 0 0 0 0 1 1 0 0 0 0 1 1
 1 0 0 0 0 0 0 0 0 1 0 0 0 0 1 0 1 1 1 0
 1 0 0 0 1 1 0 1 0 0 0 0 1 0 0 1 0 0 0 0
 1 0 0 1 0 0 1 0 1 0 1 0 0 0 0 0 0 1 0 0
 1 0 0 0 1 0 1 0 0 1 0 0 0 1 1 0 0 0 0 0
 0 0 1 0 0 1 0 0 0 0 0 1 0 0 0 0 1 1 1 0
 0 0 0 0 0 1 1 0 1 0 0 0 0 1 0 1 1 0 0 0
 0 1 0 1 0 0 1 1 0 1 1 0 0 0 0 0 0 0 0 0
 0 0 1 0 1 1 0 1 1 0 0 0 0 1 0 0 0 0 0 0
 0 0 0 0 0 0 0 1 0 0 0 1 1 0 1 0 1 0 1 0
 0 1 0 0 1 0 0 0 0 0 1 1 1 0 0 0 0 0 0 1
 0 0 1 0 0 0 0 0 1 1 1 0 0 0 1 0 0 0 0 1
 0 0 1 0 1 1 1 0 1 0 0 0 0 0 0 0 0 0 0 1

Warwick 1248: balanced orders and products, 6 products per order
20 20
 1 0 0 0 1 0 0 1 0 1 0 0 1 0 0 0 0 0 1 0
 0 1 1 0 0 0 0 0 0 0 1 0 1 0 1 0 0 1 0 0
 1 0 0 0 1 1 0 0 1 0 0 0 0 1 0 1 0 0 0 0
 0 1 0 1 0 0 1 0 1 0 0 0 0 0 0 0 0 1 1 0
 0 0 1 0 0 0 1 1 0 0 0 0 0 0 1 1 0 1 0 0
 1 1 0 0 0 0 0 1 0 0 0 0 1 1 0 0 0 0 0 1
 0 1 0 0 1 0 0 0 0 0 0 0 1 1 0 0 1 0 0 1
 0 0 0 0 0 1 0 0 0 1 0 1 0 0 1 1 1 0 0 0
 1 0 0 0 0 0 0 1 0 0 1 1 0 0 0 0 0 0 1 1
 1 0 1 0 0 0 0 0 0 1 0 0 0 1 0 0 1 0 0 1
 0 0 0 0 0 0 0 0 0 0 1 1 1 0 0 1 0 1 1 0
 0 1 0 1 1 1 0 0 0 0 1 0 0 0 0 0 1 0 0 0
 0 0 0 0 0 1 1 0 1 0 0 1 0 0 0 0 0 1 0 1
 0 0 0 0 0 0 0 0 1 1 0 0 0 0 0 1 1 1 1 0
 0 1 0 1 1 1 1 0 0 0 1 0 0 0 0 0 0 0 0 0
 0 0 0 1 0 0 1 1 1 0 1 0 1 0 0 0 0 0 0 0
 0 0 1 0 0 1 0 0 1 0 0 1 0 0 1 0 1 0 0 0
 0 0 1 1 0 0 0 0 0 1 0 1 0 1 1 0 0 0 0 0
 1 0 1 1 0 0 0 0 0 1 0 0 0 1 1 0 0 0 0 0
 0 0 0 0 1 0 1 1 0 0 0 0 0 0 0 1 0 0 1 1

Warwick 1249: balanced orders and products, 6 products per order
20 20
 0 1 1 0 0 0 0 1 0 0 0 0 0 1 1 0 0 0 1 0
 0 0 1 1 1 0 0 1 0 0 0 1 0 1 0 0 0 0 0 0
 0 1 0 0 0 1 0 0 0 0 1 1 1 0 0 1 0 0 0 0
 0 0 0 1 0 1 0 0 1 0 0 1 0 0 0 0 0 1 0 1
 0 0 0 0 1 0 1 0 0 0 0 1 0 0 0 0 1 0 1 1
 0 0 1 0 1 0 1 0 0 1 0 0 0 0 0 1 0 0 0 1
 0 0 0 0 0 0 1 1 1 0 0 0 0 0 0 1 1 1 0 0
 0 0 0 1 0 0 0 0 1 0 1 0 0 1 0 0 0 0 1 1
 0 0 1 0 1 0 0 0 0 0 1 1 0 0 0 0 0 1 0 1
 1 0 0 0 0 0 0 1 1 0 1 0 1 0 0 0 0 0 0 1
 0 0 0 1 1 1 1 1 0 1 0 0 0 0 0 0 0 0 0 0
 1 1 0 0 0 0 0 0 0 0 1 0 1 0 0 1 0 1 0 0
 0 1 1 0 0 0 0 0 0 0 0 0 1 1 1 0 0 0 1 0
 0 0 0 0 0 0 0 0 1 0 0 0 1 1 1 0 1 1 0 0
 1 0 0 0 0 1 1 0 1 0 0 0 1 0 0 1 0 0 0 0
 1 0 1 0 0 1 1 0 0 1 0 0 0 0 0 1 0 0 0 0
 1 1 0 0 0 0 0 0 0 1 0 0 0 1 1 0 1 0 0 0
 0 0 0 1 0 0 0 1 0 0 0 1 0 0 1 0 0 1 1 0
 0 1 0 1 1 0 0 0 0 1 1 0 0 0 0 0 1 0 0 0
 1 0 0 0 0 1 0 0 0 1 0 0 0 0 1 0 1 0 1 0

Warwick 1250: balanced orders and products, 6 products per order
20 20
 0 0 0 0 1 0 0 1 0 1 0 1 0 0 0 1 0 0 0 1
 0 0 0 1 0 0 0 1 1 0 1 0 1 0 0 0 0 0 0 1
 0 1 0 0 1 0 0 0 0 1 1 0 1 0 0 0 0 1 0 0
 0 0 0 0 1 0 1 0 0 0 0 0 1 0 0 0 0 1 1 1
 1 0 1 0 0 0 0 0 0 0 1 1 0 1 1 0 0 0 0 0
 0 0 1 0 0 1 0 0 0 0 1 1 0 0 1 1 0 0 0 0
 1 0 0 1 0 0 0 0 1 0 1 0 0 0 0 0 0 1 1 0
 0 0 1 1 1 0 1 0 0 0 0 0 0 0 1 0 1 0 0 0
 0 1 0 0 0 1 0 1 0 0 0 0 0 0 0 1 1 0 1 0
 0 0 0 1 0 0 0 0 0 0 0 1 1 0 1 0 0 1 0 1
 0 1 0 0 1 0 1 1 0 1 0 0 0 1 0 0 0 0 0 0
 0 1 0 1 0 1 1 0 0 0 0 0 0 0 0 1 1 0 0 0
 1 0 1 0 0 0 0 0 1 0 0 0 0 0 1 0 1 0 0 1
 0 0 0 0 0 1 0 1 0 0 0 0 1 0 1 0 0 1 1 0
 1 0 0 0 0 1 0 0 0 1 0 0 0 0 0 0 1 1 0 1
 1 0 0 0 0 0 0 0 1 0 0 1 0 1 0 0 1 0 1 0
 1 1 0 0 1 0 0 1 0 0 0 0 0 0 0 1 0 0 1 0
 0 1 0 1 0 0 0 0 1 1 0 0 1 1 0 0 0 0 0 0
 0 0 1 0 0 0 1 0 1 0 1 0 0 1 0 1 0 0 0 0
 0 0 1 0 0 1 1 0 0 1 0 1 0 1 0 0 0 0 0 0

Warwick 1251: balanced orders and products, 7 products per order
20 20
 0 0 0 1 0 1 0 0 0 1 0 1 1 0 1 0 0 1 0 0
 0 0 1 0 0 0 1 0 0 1 0 0 1 0 0 1 1 1 0 0
 1 1 1 0 0 0 0 0 0 0 0 0 0 0 1 0 1 1 1 0
 0 1 1 0 1 0 0 1 1 0 1 0 0 0 0 1 0 0 0 0
 0 1 0 0 1 1 0 1 1 0 0 1 0 0 0 0 1 0 0 0
 1 0 0 1 0 0 0 0 1 0 1 1 0 0 0 0 1 0 0 1
 0 0 0 1 1 1 1 0 0 0 0 0 1 1 0 0 0 0 0 1
 1 0 1 0 0 0 0 1 1 0 0 0 0 1 0 1 0 0 1 0
 0 0 1 0 0 0 0 0 0 1 1 0 0 1 1 1 0 0 0 1
 0 1 1 0 0 0 1 0 0 0 0 1 0 1 0 0 1 0 0 1
 0 0 0 1 1 1 0 0 1 0 1 0 0 0 1 0 0 0 0 1
 1 0 0 1 1 0 1 0 0 0 1 0 0 0 0 1 0 1 0 0
 0 1 1 0 0 0 1 0 0 1 0 1 0 0 1 0 0 0 0 1
 0 0 0 0 0 1 0 1 0 1 0 0 1 0 0 1 1 0 0 1
 0 0 0 1 0 1 0 0 0 0 0 1 1 1 0 0 0 1 1 0
 1 1 0 0 1 0 0 1 1 0 1 0 0 0 0 0 0 0 1 0
 0 1 0 0 0 0 1 0 1 1 0 1 1 1 0 0 0 0 0 0
 1 0 0 0 0 0 0 1 0 0 1 0 1 1 0 0 1 0 1 0
 1 0 0 1 0 1 1 0 0 0 0 0 0 0 1 0 0 1 1 0
 0 0 0 0 1 0 0 1 0 1 0 0 0 0 1 1 0 1 1 0

Warwick 1252: balanced orders and products, 7 products per order
20 20
 0 1 0 1 0 0 0 0 1 1 0 0 1 0 0 1 0 0 1 0
 0 0 0 1 0 1 1 1 0 0 1 0 0 0 1 0 1 0 0 0
 1 1 1 0 0 0 1 0 0 0 0 0 0 0 1 0 0 0 1 1
 0 0 0 0 0 0 1 0 1 0 1 0 0 1 0 0 1 0 1 1
 0 0 0 0 1 1 0 1 0 1 0 1 1 0 0 1 0 0 0 0
 1 0 1 0 1 1 0 0 1 0 0 0 0 0 1 0 0 1 0 0
 0 0 0 1 1 0 0 0 1 0 0 1 1 0 0 1 0 0 0 1
 1 1 1 0 1 1 1 0 0 0 0 0 0 0 0 0 0 0 0 1
 0 0 0 0 1 0 0 0 0 1 0 0 0 1 1 1 1 1 0 0
 0 0 1 0 0 1 0 0 0 1 0 0 0 0 0 1 1 1 0 1
 0 0 1 0 0 0 0 1 1 0 1 0 0 0 1 0 0 0 1 1
 1 0 0 1 0 0 0 0 0 1 1 1 0 0 0 0 0 1 1 0
 0 1 0 0 1 0 0 0 0 1 0 1 1 1 0 1 0 0 0 0
 0 0 1 0 0 0 1 1 0 0 1 0 0 0 1 1 0 0 1 0
 0 0 0 1 0 0 0 1 1 0 0 0 1 0 1 0 1 0 1 0
 0 0 0 0 0 1 1 1 0 0 1 1 0 1 0 0 0 0 0 1
 1 1 0 1 0 0 0 0 0 0 0 1 1 1 0 0 0 1 0 0
 1 0 0 0 0 0 1 1 0 1 0 0 0 1 0 0 1 1 0 0
 0 1 0 0 0 1 0 0 1 0 1 1 0 0 0 0 1 1 0 0
 1 1 1 1 1 0 0 0 0 0 0 0 1 1 0 0 0 0 0 0

Warwick 1253: balanced orders and products, 7 products per order
20 20
 0 0 0 1 0 1 0 1 1 0 0 0 0 0 1 1 0 1 0 0
 1 1 1 0 1 0 0 0 0 0 1 0 0 1 0 0 1 0 0 0
 0 0 0 0 1 1 1 1 0 0 0 0 0 1 0 0 0 1 0 1
 1 0 1 1 0 0 0 0 0 0 0 1 0 1 0 1 0 0 0 1
 0 1 0 1 0 0 0 1 0 0 1 0 0 0 1 0 1 1 0 0
 0 0 0 0 0 0 0 0 1 0 1 1 0 0 0 1 1 1 1 0
 0 0 0 0 1 0 0 0 1 0 1 1 1 0 0 0 0 0 1 1
 0 0 1 0 0 0 1 1 1 1 1 0 0 0 1 0 0 0 0 0
 1 1 0 0 1 1 0 0 0 0 0 1 0 1 0 0 0 0 0 1
 0 1 0 1 0 0 0 1 0 1 0 0 1 0 0 0 0 1 1 0
 0 0 1 1 1 0 0 0 1 0 0 0 0 1 0 0 1 0 1 0
 1 0 1 0 1 0 1 0 0 1 0 0 0 1 0 0 0 0 0 1
 1 0 0 0 0 0 1 0 0 1 0 0 1 0 1 0 1 0 1 0
 0 1 0 1 0 0 0 1 0 0 0 1 0 1 0 1 0 0 0 1
 0 0 1 0 0 1 1 0 1 1 0 0 1 0 0 0 1 0 0 0
 0 0 0 0 0 1 1 1 1 0 1 0 0 0 0 1 1 0 0 0
 0 0 1 0 0 1 0 0 0 1 0 0 1 0 1 1 0 0 1 0
 0 1 0 0 0 0 0 0 0 0 1 1 1 0 1 0 0 1 0 1
 1 1 0 1 0 0 0 0 0 0 0 1 1 0 0 1 0 1 0 0
 1 0 0 0 1 1 1 0 0 1 0 0 0 0 1 0 0 0 1 0

Warwick 1254: balanced orders and products, 7 products per order
20 20
 1 1 0 1 0 1 0 0 0 0 0 0 0 0 0 0 1 1 1 0
 0 1 0 0 0 0 0 0 0 1 0 0 0 1 0 0 1 1 1 1
 0 0 1 0 1 1 0 0 0 0 0 0 1 0 0 1 1 1 0 0
 0 1 0 0 0 1 1 1 1 1 1 0 0 0 0 0 0 0 0 0
 0 0 1 1 0 0 1 1 0 0 1 0 0 1 0 0 0 1 0 0
 0 0 0 0 1 0 0 0 1 1 0 1 1 0 1 0 0 0 1 0
 0 1 1 0 0 0 0 0 1 0 0 0 1 0 1 0 1 0 1 0
 1 0 0 0 1 1 1 0 0 0 0 1 1 0 0 1 0 0 0 0
 0 0 0 0 1 0 1 0 0 0 0 0 0 1 1 1 1 0 1 0
 1 1 0 1 1 0 0 0 0 0 0 0 0 0 1 0 1 0 1 0
 0 0 1 0 0 0 1 0 1 0 1 1 0 1 0 0 0 0 0 1
 1 0 0 1 0 0 0 1 1 0 0 1 0 0 0 0 0 1 0 1
 1 0 0 0 0 1 0 1 1 0 0 0 1 0 0 1 0 0 0 1
 0 0 0 1 0 0 1 1 0 0 0 0 1 1 1 0 0 0 0 1
 0 1 0 0 1 1 0 1 0 1 1 0 1 0 0 0 0 0 0 0
 1 0 1 0 0 0 0 0 1 1 0 0 0 1 0 1 1 0 0 0
 0 1 0 1 0 0 0 1 0 1 1 1 0 0 1 0 0 0 0 0
 0 0 1 0 1 0 1 0 0 0 1 0 0 0 0 1 0 1 0 1
 0 0 0 0 0 0 0 0 0 1 1 1 0 1 0 1 0 1 0 1
 1 0 1 1 0 1 0 0 0 0 0 1 0 0 1 0 0 0 1 0

Warwick 1255: balanced orders and products, 7 products per order
20 20
 0 1 1 0 0 0 1 0 0 0 0 1 1 0 1 0 0 0 1 0
 1 1 0 1 1 0 0 0 0 0 0 0 0 1 0 0 0 0 1 1
 1 0 1 0 1 0 1 0 1 0 0 0 0 1 0 0 0 0 0 1
 1 0 1 0 0 0 0 0 0 1 0 0 0 0 0 1 1 0 1 1
 0 0 1 0 0 0 0 1 0 1 0 0 1 0 0 0 1 1 0 1
 0 1 0 1 0 0 1 0 0 0 0 0 1 0 1 1 0 1 0 0
 1 1 0 1 1 0 0 1 0 0 0 0 0 0 1 0 0 0 0 1
 1 0 0 1 0 1 0 0 0 0 0 0 1 1 0 1 1 0 0 0
 0 0 0 1 0 1 0 0 1 0 0 1 0 1 0 0 0 1 1 0
 1 0 0 0 0 0 1 1 0 0 0 0 1 1 0 1 1 0 0 0
 0 0 0 0 1 1 0 1 1 1 1 1 0 0 0 0 0 0 0 0
 1 1 0 0 0 1 0 1 1 0 0 0 0 0 1 0 0 1 0 0
 0 0 0 0 0 0 1 0 0 1 1 1 0 1 0 0 1 1 0 0
 0 0 0 1 1 1 0 0 0 0 1 0 0 0 1 1 1 0 0 0
 0 0 0 0 1 0 0 0 1 1 1 1 0 1 0 0 0 1 0 0
 0 0 0 1 0 0 1 1 0 1 1 0 0 0 0 0 1 0 1 0
 0 1 0 0 0 0 0 0 1 0 0 1 1 0 1 1 0 0 0 1
 0 0 1 0 0 1 0 1 0 0 1 1 0 0 1 0 0 0 1 0
 0 0 1 0 1 0 1 0 0 0 1 0 1 0 0 0 0 1 1 0
 0 1 1 0 0 1 0 0 1 1 0 0 0 0 0 1 0 0 0 1

Warwick 1256: balanced orders and products, 7 products per order
20 20
 1 0 0 0 1 0 0 1 1 0 0 0 1 0 1 0 0 0 0 1
 1 1 0 0 1 0 0 0 0 1 1 0 0 0 1 0 0 1 0 0
 0 1 0 1 0 0 0 0 0 0 0 1 1 0 0 0 1 0 1 1
 1 0 1 0 1 1 0 0 0 0 1 0 1 0 0 0 1 0 0 0
 0 0 1 1 0 0 1 0 0 1 0 1 0 1 0 1 0 0 0 0
 1 0 0 0 0 1 0 0 0 1 1 1 0 0 0 1 0 1 0 0
 0 0 0 0 0 0 1 1 0 1 0 0 0 0 1 1 1 1 0 0
 0 0 0 0 0 0 0 1 1 1 0 0 1 0 1 0 0 0 1 1
 0 1 1 0 0 1 1 0 0 1 1 0 0 0 0 0 0 1 0 0
 0 1 1 0 1 1 0 0 0 0 0 1 0 1 1 0 0 0 0 0
 0 0 1 0 0 1 0 0 1 0 0 1 0 0 0 0 0 1 1 1
 1 1 0 1 0 1 0 0 0 0 0 0 0 1 0 1 0 0 0 1
 0 0 0 1 1 0 1 0 0 0 1 1 0 0 0 1 0 0 1 0
 0 1 1 0 0 0 1 1 0 1 0 0 0 0 0 0 1 0 1 0
 0 0 0 1 1 0 1 1 0 0 0 0 0 0 1 0 0 1 1 0
 0 1 0 0 0 1 0 0 1 0 0 0 1 1 0 1 0 0 0 1
 1 0 1 0 0 0 0 1 0 0 1 1 0 0 0 1 1 0 0 0
 0 0 0 1 1 0 0 0 1 0 1 0 0 1 1 0 0 1 0 0
 0 0 0 1 0 0 1 0 1 0 0 0 1 1 0 0 1 0 0 1
 1 0 0 0 0 0 0 1 1 0 0 0 1 1 0 0 1 0 1 0

Warwick 1257: balanced orders and products, 7 products per order
20 20
 0 0 0 1 0 1 1 0 0 1 0 0 1 0 0 1 0 0 1 0
 0 1 1 1 0 1 0 1 0 0 0 1 1 0 0 0 0 0 0 0
 1 0 1 0 0 1 0 1 0 1 1 1 0 0 0 0 0 0 0 0
 0 0 0 0 1 0 0 0 0 0 0 1 1 1 0 1 0 0 1 1
 0 0 1 0 1 0 0 1 0 1 0 0 0 0 0 0 1 0 1 1
 0 0 0 1 0 1 0 0 1 0 0 0 1 0 1 0 0 1 0 1
 1 0 1 0 0 0 0 0 1 0 0 0 1 1 1 0 0 1 0 0
 0 0 0 1 1 0 1 0 0 0 1 1 0 1 0 0 0 0 1 0
 0 1 1 1 0 0 0 0 0 0 0 0 0 1 0 0 1 1 0 1
 1 0 0 1 0 0 1 1 0 0 0 0 0 0 1 0 1 1 0 0
 1 0 0 1 0 0 0 0 0 0 1 0 0 0 1 1 1 1 0 0
 1 1 1 0 0 1 1 0 0 0 1 0 0 0 1 0 0 0 0 0
 0 0 0 0 0 0 0 0 1 0 0 1 1 0 0 1 1 0 1 1
 1 0 1 0 0 0 0 0 0 1 1 0 0 1 0 1 0 0 1 0
 0 0 0 0 0 0 1 1 1 0 0 1 0 0 0 1 1 0 0 1
 0 1 0 0 1 1 0 0 1 1 1 0 0 0 0 0 0 1 0 0
 0 1 0 0 1 1 1 1 1 0 0 0 0 0 0 0 0 0 0 1
 1 1 0 0 1 0 0 0 0 1 0 1 0 1 1 0 0 0 0 0
 0 1 0 0 0 0 0 0 1 0 0 0 1 0 1 1 0 1 1 0
 0 0 0 0 1 0 1 1 0 1 1 0 0 1 0 0 1 0 0 0

Warwick 1258: balanced orders and products, 7 products per order
20 20
 0 1 0 1 1 0 1 0 1 0 1 0 0 0 0 0 1 0 0 0
 0 0 0 0 1 0 0 1 0 1 1 0 0 1 1 0 1 0 0 0
 0 0 1 1 0 0 1 0 0 1 0 0 0 1 0 0 0 0 1 1
 0 0 0 1 1 0 1 0 0 1 1 0 0 0 0 0 1 0 1 0
 0 0 0 0 0 1 0 0 0 0 1 1 1 1 0 1 0 1 0 0
 1 0 0 1 0 0 0 1 0 0 0 0 0 0 1 1 0 1 0 1
 1 0 1 0 0 1 0 0 0 0 0 1 1 1 0 0 1 0 0 0
 1 1 0 0 0 1 0 1 1 0 1 0 0 0 1 0 0 0 0 0
 1 0 0 0 1 0 0 1 0 0 1 0 1 0 0 0 1 0 0 1
 0 0 0 0 0 0 1 0 1 0 0 1 0 1 1 0 0 1 0 1
 0 1 1 0 0 0 0 0 0 1 0 1 0 0 0 1 0 1 1 0
 0 0 1 1 0 1 1 0 0 0 0 0 1 0 0 1 0 0 1 0
 1 0 0 0 1 0 0 0 1 1 0 0 0 1 1 1 0 0 0 0
 1 1 1 1 0 0 0 0 0 0 0 1 0 0 0 0 0 0 1 1
 0 0 0 0 0 0 0 1 1 1 0 1 1 0 1 1 0 0 0 0
 0 1 0 0 1 0 1 0 0 0 0 0 0 1 1 0 0 1 0 1
 1 0 1 0 0 1 0 1 0 0 0 0 0 0 0 1 1 0 0 1
 0 1 0 1 0 1 0 1 0 0 0 1 1 0 0 0 0 0 1 0
 0 0 1 0 0 0 0 0 1 1 1 0 0 0 0 0 1 1 1 0
 0 1 0 0 1 1 1 0 1 0 0 0 1 0 0 0 0 1 0 0

Warwick 1259: balanced orders and products, 7 products per order
20 20
 0 0 0 0 1 0 1 0 1 0 0 0 0 0 1 0 1 1 1 0
 0 1 1 0 1 0 1 1 1 0 0 0 0 0 0 0 0 0 0 1
 1 0 0 0 0 1 0 1 0 1 1 0 1 0 0 0 1 0 0 0
 0 1 1 1 0 0 0 1 0 0 0 0 0 1 0 1 0 0 1 0
 0 1 0 1 0 0 0 0 0 1 0 0 0 1 0 0 1 0 1 1
 0 1 1 1 1 0 1 0 0 0 0 0 0 1 0 0 0 1 0 0
 0 1 0 0 0 0 0 1 1 0 0 1 1 0 1 0 0 0 0 1
 0 1 0 0 1 0 0 0 1 1 0 1 0 0 0 0 0 1 0 1
 0 0 0 0 1 0 1 0 0 1 1 1 1 0 1 0 0 0 0 0
 1 0 0 0 1 0 1 0 0 0 1 0 0 1 1 0 0 0 1 0
 1 0 1 0 1 1 0 0 0 1 0 0 0 0 1 0 1 0 0 0
 0 0 0 1 0 1 1 1 0 0 0 0 0 0 0 1 0 0 1 1
 0 0 1 0 0 1 0 0 1 0 1 0 1 1 0 1 0 0 0 0
 1 0 0 0 0 0 0 1 0 1 0 1 0 1 0 0 1 1 0 0
 1 0 0 0 0 1 0 0 0 1 1 1 0 0 0 0 1 1 0 0
 1 0 0 1 0 0 0 0 0 0 0 1 1 1 0 1 0 0 0 1
 0 1 1 1 0 0 1 0 0 0 0 1 0 0 0 1 0 1 0 0
 0 0 0 1 0 1 0 1 1 0 1 0 0 0 1 0 0 0 1 0
 1 0 0 0 0 1 0 0 0 0 0 0 1 0 0 1 1 1 1 0
 0 0 1 0 0 0 0 0 1 0 1 0 1 0 1 1 0 0 0 1

Warwick 1260: balanced orders and products, 7 products per order
20 20
 0 0 0 1 1 0 0 0 1 1 0 0 0 0 0 1 1 0 0 1
 0 0 1 1 0 0 0 0 1 0 1 1 0 1 0 0 0 1 0 0
 0 0 0 1 0 0 1 1 0 1 1 0 0 1 0 0 0 0 0 1
 1 0 0 0 1 1 1 0 1 0 0 0 1 0 1 0 0 0 0 0
 0 1 0 1 1 0 0 0 0 0 0 1 0 1 0 1 1 0 0 0
 0 0 1 1 0 0 0 0 1 0 0 0 0 0 1 1 1 1 0 0
 1 0 0 1 0 0 0 0 1 1 1 1 0 0 0 0 1 0 0 0
 0 0 1 0 0 1 0 1 0 0 0 0 1 1 0 0 0 1 0 1
 0 0 0 1 0 0 0 0 0 1 1 1 0 0 0 1 0 1 0 1
 1 1 1 0 0 0 0 1 0 0 0 1 1 0 1 0 0 0 0 0
 1 1 1 0 0 0 0 1 0 1 0 0 0 0 1 0 1 0 0 0
 0 0 0 0 1 0 1 0 0 0 0 0 1 1 0 0 1 0 1 1
 0 0 0 0 0 1 0 1 1 0 1 0 0 0 0 1 1 0 1 0
 1 1 0 0 0 0 1 0 0 0 1 0 0 0 1 1 0 0 1 0
 1 0 1 0 0 1 1 1 0 0 0 1 0 0 0 0 0 1 0 0
 0 0 0 0 1 0 0 0 0 0 1 0 1 1 0 1 0 1 1 0
 0 1 0 0 1 1 0 0 0 0 0 0 1 1 0 0 0 1 1 0
 0 1 1 0 0 0 1 1 0 1 0 1 0 0 1 0 0 0 0 0
 1 0 0 0 1 1 0 0 0 1 0 0 1 0 0 0 0 0 1 1
 0 1 0 0 0 1 1 0 1 0 0 0 0 0 1 0 0 0 1 1

Warwick 1261: balanced orders and products, 8 products per order
20 20
 1 0 1 1 0 1 1 0 0 0 0 1 0 0 0 0 0 1 0 1
 0 0 0 0 0 0 1 1 0 1 0 0 0 1 1 1 1 0 0 1
 1 0 0 1 1 0 0 0 1 1 0 1 0 0 1 0 0 0 1 0
 1 0 0 0 0 0 1 1 1 0 0 0 0 1 0 0 1 0 1 1
 0 0 0 0 0 0 0 0 1 1 1 0 1 1 1 0 1 1 0 0
 0 1 0 1 0 1 0 0 1 0 1 0 0 0 1 1 0 1 0 0
 1 0 1 0 0 1 0 0 1 1 0 0 0 0 0 1 0 1 1 0
 0 1 1 0 1 1 1 0 0 0 0 0 1 0 0 1 1 0 0 0
 0 0 0 1 1 0 0 1 0 1 1 1 0 0 0 0 0 0 1 1
 0 0 1 1 0 0 1 0 1 0 0 1 0 1 1 0 1 0 0 0
 0 1 0 1 1 1 0 0 0 0 1 0 0 1 0 1 0 0 0 1
 0 1 0 0 1 0 0 0 0 0 0 1 0 1 1 1 1 0 1 0
 0 0 0 0 0 0 1 1 0 0 0 1 0 0 1 0 1 1 1 1
 0 1 0 0 1 0 1 0 0 1 1 0 1 1 0 1 0 0 0 0
 0 0 1 0 0 1 1 1 1 0 1 0 0 0 1 0 1 0 0 0
 1 0 1 0 0 0 0 1 0 0 1 1 1 1 0 0 0 1 0 0
 1 1 0 1 0 0 0 1 1 0 0 0 1 0 0 0 0 1 0 1
 0 1 0 0 1 1 0 1 0 1 0 0 1 0 0 0 0 1 1 0
 1 1 1 0 0 0 0 0 0 0 1 1 1 0 0 0 0 0 1 1
 1 0 1 1 1 1 0 0 0 1 0 0 1 0 0 1 0 0 0 0

Warwick 1262: balanced orders and products, 8 products per order
20 20
 0 1 0 1 1 1 0 0 1 0 0 1 0 0 0 0 0 1 0 1
 1 1 0 0 1 0 1 0 0 1 0 0 0 0 1 0 0 1 0 1
 0 1 0 0 0 0 0 0 1 1 1 1 0 1 0 0 0 1 1 0
 1 0 1 1 0 1 0 0 1 0 1 0 1 0 0 0 0 1 0 0
 0 1 0 0 0 0 0 0 0 1 0 1 0 1 1 0 1 0 1 1
 1 0 0 0 1 1 1 0 1 0 1 1 1 0 0 0 0 0 0 0
 0 0 0 1 1 0 0 1 0 0 1 1 0 1 0 1 0 0 1 0
 0 0 1 0 1 0 0 0 1 1 1 1 0 0 0 1 0 1 0 0
 0 0 1 0 1 1 0 1 0 0 0 0 0 0 1 1 1 0 0 1
 0 1 1 0 0 0 1 1 1 0 0 0 0 0 0 1 1 0 1 0
 1 0 0 0 0 1 1 1 0 0 0 0 1 1 1 0 0 0 1 0
 1 0 0 0 0 0 0 1 0 1 1 0 0 0 1 1 1 1 0 0
 0 0 1 1 1 0 1 0 1 0 0 1 0 0 0 0 1 1 0 0
 0 1 1 1 0 1 0 0 0 0 0 0 0 0 0 1 1 0 1 1
 1 0 0 0 0 1 0 1 0 1 0 0 0 1 1 1 1 0 0 0
 0 0 0 0 0 1 1 0 0 1 0 1 1 1 1 0 0 0 0 1
 0 1 0 1 0 0 0 0 1 0 1 0 1 0 0 0 1 0 1 1
 1 0 1 1 0 0 1 0 0 1 0 0 1 1 0 0 0 0 1 0
 0 1 0 1 1 0 0 1 0 0 1 0 1 1 0 0 0 0 0 1
 1 0 1 0 0 0 1 1 0 0 0 0 1 0 1 1 0 1 0 0

Warwick 1263: balanced orders and products, 8 products per order
20 20
 1 0 0 0 0 1 1 0 1 0 1 0 1 0 0 0 1 0 0 1
 0 0 0 1 1 0 1 1 0 1 0 1 1 0 0 1 0 0 0 0
 1 0 0 0 0 0 0 0 0 1 0 0 1 1 0 1 1 1 1 0
 1 1 0 0 0 1 1 0 1 0 1 0 0 0 0 1 1 0 0 0
 0 0 1 1 0 0 1 0 0 0 1 1 0 1 0 1 0 0 0 1
 1 1 1 0 0 0 1 0 0 0 0 0 0 1 1 1 0 1 0 0
 0 0 0 1 1 1 0 0 1 0 1 0 0 1 0 0 0 0 1 1
 0 1 0 0 1 0 0 1 1 0 1 0 0 1 0 0 1 0 1 0
 0 1 1 0 1 0 0 0 1 0 0 1 1 0 0 0 0 0 1 1
 0 0 1 1 0 0 1 0 0 1 0 1 0 1 1 0 0 0 0 1
 0 0 1 0 1 1 0 1 0 0 1 0 1 1 0 1 0 0 0 0
 0 0 1 0 0 1 1 0 0 0 0 0 1 1 1 0 0 1 1 0
 1 0 0 0 1 1 0 1 1 0 0 0 0 0 1 0 0 1 1 0
 1 0 0 1 1 0 0 1 0 1 0 1 0 0 1 0 0 1 0 0
 0 0 0 1 0 0 0 1 1 1 1 0 0 0 0 0 1 0 1 1
 0 1 1 0 1 0 1 0 0 1 1 0 1 0 0 0 0 0 1 0
 0 1 1 0 0 1 0 0 1 1 0 0 1 0 0 1 0 0 0 1
 1 1 0 1 0 0 0 1 0 0 0 1 0 0 1 0 1 1 0 0
 1 0 0 0 0 0 0 1 0 1 0 1 0 0 1 1 1 1 0 0
 0 1 0 1 0 1 0 0 0 0 0 1 0 0 1 0 1 1 0 1

Warwick 1264: balanced orders and products, 8 products per order
20 20
 0 0 1 0 0 0 1 1 0 0 0 1 1 1 0 1 0 0 1 0
 0 1 1 0 0 0 0 1 1 0 1 1 0 0 0 0 1 0 0 1
 1 1 0 1 0 0 0 0 0 1 0 0 1 0 1 0 1 0 0 1
 0 0 0 0 1 1 0 0 1 0 1 1 0 0 1 0 1 0 1 0
 0 1 0 1 0 1 1 0 1 0 0 1 0 0 0 0 0 1 0 1
 0 1 0 0 0 1 0 0 0 1 0 0 1 1 1 0 1 0 0 1
 1 0 1 1 0 1 0 0 0 1 0 0 0 0 0 0 1 1 0 1
 0 0 1 0 1 1 0 0 1 1 0 0 1 0 0 1 0 1 0 0
 0 1 0 1 1 0 0 1 0 1 0 0 0 1 0 1 0 1 0 0
 1 1 0 1 1 1 1 0 0 0 0 0 0 0 0 1 1 0 0 0
 0 0 0 0 1 1 1 1 1 0 0 1 1 0 0 1 0 0 0 0
 1 0 1 0 1 0 0 0 0 0 1 1 0 0 1 0 1 1 0 0
 1 1 1 1 0 0 0 0 1 0 0 0 0 1 0 0 0 1 1 0
 1 0 1 0 0 0 1 1 0 0 0 0 1 1 0 0 0 1 0 1
 0 0 0 0 1 0 0 1 1 0 1 1 0 0 1 0 0 0 1 1
 1 0 0 1 0 1 1 0 0 1 1 0 0 1 0 0 0 0 1 0
 0 0 0 1 0 0 1 0 0 0 1 0 0 1 1 1 1 0 1 0
 0 1 0 0 1 0 0 1 0 1 0 0 1 1 1 0 0 1 0 0
 0 0 1 0 0 0 0 1 0 1 1 1 0 0 0 1 0 0 1 1
 1 0 0 0 0 0 1 0 1 0 1 0 1 0 1 1 0 0 1 0

Warwick 1265: balanced orders and products, 8 products per order
20 20
 1 0 0 1 0 0 1 0 0 1 1 0 0 0 1 0 0 0 1 1
 1 0 0 0 0 1 0 1 1 0 0 1 1 0 1 0 1 0 0 0
 0 1 0 1 1 0 0 1 0 1 1 0 0 0 0 1 0 0 0 1
 0 0 0 1 0 0 0 0 0 1 0 1 0 1 0 1 0 1 1 1
 1 0 1 1 0 0 1 0 0 0 1 0 1 0 1 1 0 0 0 0
 1 1 0 0 0 1 0 1 1 1 0 0 0 0 0 0 0 1 1 0
 0 1 0 0 1 1 0 1 0 0 0 0 1 1 0 1 1 0 0 0
 0 1 0 0 0 1 0 1 0 0 1 0 1 1 1 0 0 0 0 1
 1 1 0 1 1 0 0 0 1 0 0 0 1 0 1 0 0 0 0 1
 0 0 1 1 0 0 1 0 1 1 0 0 0 1 0 1 1 0 0 0
 0 0 0 1 1 0 0 0 0 1 0 1 0 0 0 1 1 1 1 0
 0 1 1 0 0 0 0 0 1 0 1 1 0 1 1 0 0 0 1 0
 1 1 1 0 0 1 1 0 0 0 0 0 0 0 1 0 1 0 0 1
 1 0 1 0 0 0 0 1 0 1 0 1 0 1 0 0 0 1 1 0
 0 0 0 1 1 1 1 0 0 0 0 1 0 0 0 1 1 1 0 0
 0 0 0 0 1 1 1 0 1 0 0 0 0 0 1 0 0 1 1 1
 0 0 1 0 1 0 0 0 0 0 1 1 1 1 0 1 0 1 0 0
 0 0 1 0 0 0 1 1 0 0 1 0 1 1 0 0 1 0 0 1
 0 0 0 0 1 1 0 1 1 1 1 0 1 0 0 0 1 0 0 0
 1 1 1 0 0 0 1 0 1 0 0 1 0 0 0 0 0 1 1 0

Warwick 1266: balanced orders and products, 8 products per order
20 20
 0 1 0 0 0 1 1 0 0 1 1 0 1 1 0 0 0 1 0 0
 0 0 0 1 0 1 0 0 0 0 0 1 1 1 0 1 0 1 1 0
 1 0 0 0 0 1 0 1 0 1 0 1 0 0 0 0 1 0 1 1
 1 1 0 0 0 0 0 0 0 1 0 0 1 0 1 1 0 1 1 0
 0 0 1 1 0 0 0 0 0 1 0 1 1 1 1 1 0 0 0 0
 1 0 0 0 1 0 0 0 1 0 1 1 0 0 0 1 1 1 0 0
 0 0 1 0 0 0 1 1 1 0 1 1 0 0 1 0 0 1 0 0
 1 0 0 1 1 0 0 0 1 0 0 0 0 0 1 0 1 0 1 1
 0 0 1 1 1 0 0 0 0 0 1 0 0 1 0 0 0 1 1 1
 0 1 0 0 0 1 0 1 0 0 1 0 1 1 0 1 1 0 0 0
 1 1 0 0 1 0 0 0 1 1 0 0 0 1 0 1 0 0 0 1
 0 0 1 0 1 0 1 1 0 0 0 1 0 0 0 1 1 0 1 0
 1 0 0 0 0 1 0 1 1 1 1 0 0 1 0 0 1 0 0 0
 1 0 0 0 1 1 1 0 0 0 0 1 0 0 1 0 0 1 0 1
 0 1 1 0 0 1 0 1 1 0 0 0 1 0 1 0 0 0 0 1
 1 1 1 0 0 1 0 1 0 0 1 0 1 0 0 0 0 0 0 1
 0 0 0 1 1 0 1 0 0 1 0 1 0 0 0 1 0 1 1 0
 0 0 1 1 0 0 1 1 1 0 1 0 0 0 1 0 1 0 0 0
 0 1 0 1 1 0 1 0 1 0 0 0 0 1 1 0 0 0 0 1
 0 1 1 1 0 0 1 0 0 1 0 0 1 0 0 0 1 0 1 0

Warwick 1267: balanced orders and products, 8 products per order
20 20
 0 1 0 1 0 0 1 1 0 1 1 0 0 0 0 0 0 0 1 1
 0 1 0 1 1 0 0 1 0 0 0 0 0 0 1 0 1 0 1 1
 0 1 0 0 1 0 0 0 1 0 1 1 1 0 1 0 0 1 0 0
 1 0 1 0 0 1 1 1 0 0 1 0 0 0 0 0 0 0 1 1
 0 0 0 0 0 1 0 1 0 1 0 0 1 1 0 1 0 1 1 0
 0 1 0 0 0 0 1 0 1 1 0 0 0 0 1 1 1 0 1 0
 1 0 0 0 0 1 1 0 0 0 0 0 0 1 1 1 0 0 1 1
 1 1 0 0 1 0 0 0 0 1 0 1 0 0 0 0 1 1 0 1
 0 0 0 1 1 0 1 0 0 1 1 1 1 0 0 0 1 0 0 0
 0 1 1 0 1 0 1 0 0 0 0 0 0 1 1 0 0 0 1 1
 1 0 1 0 0 1 0 1 1 0 0 0 1 0 0 1 0 1 0 0
 1 1 1 0 1 1 0 0 0 0 0 1 0 1 0 0 0 1 0 0
 0 0 0 1 0 0 0 0 1 1 1 1 0 1 1 0 1 0 0 0
 1 0 1 0 0 0 0 1 0 1 1 0 0 1 0 0 1 1 0 0
 0 0 0 1 0 0 1 0 1 0 1 0 0 0 1 1 1 0 0 1
 0 1 0 0 0 1 0 0 1 0 0 1 1 1 0 1 0 1 0 0
 0 0 1 0 1 0 0 1 0 0 1 1 1 0 0 1 1 0 0 0
 0 0 1 1 0 0 1 0 0 1 0 0 1 0 1 0 0 0 1 1
 1 0 1 1 1 1 0 1 1 0 0 0 0 0 0 1 0 0 0 0
 1 0 0 1 0 1 0 0 1 0 0 1 1 1 0 0 0 1 0 0

Warwick 1268: balanced orders and products, 8 products per order
20 20
 1 0 0 0 1 0 1 0 0 0 0 1 0 1 0 0 1 0 1 1
 0 1 0 1 0 1 0 0 0 1 0 0 1 0 1 0 1 1 0 0
 1 0 0 1 1 1 0 0 1 0 0 0 0 0 0 1 1 0 0 1
 0 0 0 1 0 1 1 1 0 0 1 0 1 0 0 1 0 0 1 0
 1 0 1 1 0 0 0 1 0 0 1 0 0 0 0 1 1 0 1 0
 1 0 0 1 0 0 0 1 0 0 0 0 1 1 1 1 0 0 1 0
 0 0 0 0 1 1 1 1 0 0 0 1 0 0 1 0 1 1 0 0
 0 1 0 0 0 1 0 1 1 0 0 0 0 0 1 0 0 1 1 1
 0 1 0 0 0 0 0 0 1 0 1 1 0 0 1 1 1 0 0 1
 1 0 1 0 0 1 0 0 0 1 0 1 0 0 0 1 0 0 1 1
 0 0 1 0 1 0 1 0 1 1 0 1 1 1 0 0 0 0 0 0
 0 0 1 0 1 0 1 0 0 1 1 0 0 1 1 1 0 0 0 0
 1 0 1 0 0 0 1 0 0 0 1 1 0 0 1 0 0 0 1 1
 1 1 0 0 1 0 0 0 0 1 1 0 1 1 0 0 0 0 0 1
 1 1 1 1 0 0 1 0 0 1 0 0 1 0 0 0 0 0 1 0
 0 1 1 0 1 1 0 1 1 0 1 0 0 0 0 0 0 1 0 0
 0 1 1 0 0 1 0 0 1 1 0 1 0 1 0 0 0 1 0 0
 0 1 0 0 0 0 0 1 1 0 0 0 1 1 0 1 1 1 0 0
 0 0 0 1 1 0 0 0 1 1 0 0 0 1 1 0 1 1 0 0
 0 0 0 1 0 0 1 1 0 0 1 1 1 0 0 0 0 1 0 1

Warwick 1269: balanced orders and products, 8 products per order
20 20
 1 0 1 1 0 0 0 0 0 0 0 1 0 0 1 1 1 0 0 1
 1 1 1 0 0 0 0 0 1 1 1 0 0 0 0 0 1 0 0 1
 1 0 0 1 0 0 0 0 1 1 1 0 0 0 0 1 1 1 0 0
 0 0 1 0 1 1 1 0 0 0 0 0 1 1 0 0 0 1 1 0
 0 0 1 0 1 1 0 0 1 0 1 0 1 0 0 1 0 1 0 0
 0 1 0 0 0 1 1 1 0 0 1 0 0 1 0 1 1 0 0 0
 0 1 0 1 1 0 0 1 0 1 0 1 0 1 1 0 0 0 0 0
 0 1 1 0 1 1 1 1 0 0 0 0 1 0 0 0 0 0 1 0
 1 0 0 1 0 0 0 0 0 0 1 1 0 0 1 0 1 0 1 1
 0 0 1 1 1 0 1 1 0 0 0 0 0 0 1 1 0 0 0 1
 0 1 0 1 0 1 0 0 1 0 0 1 0 1 1 0 0 0 0 1
 0 0 1 0 0 1 1 0 1 1 0 0 0 1 0 0 0 1 1 0
 0 1 0 1 1 0 0 1 0 0 1 0 0 0 0 1 1 1 0 0
 1 0 0 0 1 0 0 0 1 0 1 1 1 1 0 0 0 0 1 0
 1 1 0 0 0 1 0 0 0 1 0 0 1 1 1 1 0 0 0 0
 0 0 0 0 0 0 1 1 0 1 1 0 0 0 1 0 0 1 1 1
 0 1 0 0 0 1 0 0 1 0 0 1 0 0 0 1 1 0 1 1
 0 0 1 0 1 0 1 1 1 1 0 0 1 1 0 0 0 0 0 0
 1 0 0 1 0 0 0 0 0 0 0 1 1 0 1 0 1 1 0 1
 1 0 0 0 0 0 1 1 0 1 0 1 1 0 0 0 0 1 1 0

Warwick 1270: balanced orders and products, 8 products per order
20 20
 0 0 1 1 1 0 1 0 0 0 0 1 0 0 1 0 0 0 1 1
 1 0 1 1 0 0 0 0 1 0 1 0 0 0 0 1 0 1 1 0
 0 0 1 0 0 1 0 1 1 0 0 1 0 1 0 0 0 1 1 0
 0 0 0 0 1 1 1 0 0 1 0 0 1 1 0 1 0 1 0 0
 1 0 0 1 0 1 1 0 0 0 0 1 0 0 1 1 0 0 0 1
 1 0 0 1 1 1 0 0 1 0 0 0 0 1 0 1 0 1 0 0
 0 1 0 0 1 1 0 0 0 1 0 0 1 0 1 1 0 0 0 1
 1 0 0 0 1 0 0 1 0 1 0 1 1 0 0 0 0 0 1 1
 0 0 1 0 0 0 1 0 0 0 1 1 0 0 1 1 1 0 1 0
 1 0 1 0 1 1 1 1 0 0 0 0 0 0 1 0 1 0 0 0
 1 1 1 0 0 0 0 0 1 0 0 0 1 0 0 0 1 0 1 1
 1 1 1 0 0 1 0 0 0 0 1 0 1 1 0 1 0 0 0 0
 0 1 0 1 0 0 0 1 0 0 0 1 0 1 0 0 1 0 1 1
 0 1 0 1 0 0 1 0 1 1 0 0 1 0 0 0 1 0 0 1
 0 0 0 0 1 0 0 1 1 1 1 0 1 1 0 0 0 1 0 0
 0 1 0 0 0 0 1 1 0 1 1 0 0 1 1 0 0 0 1 0
 0 0 0 1 1 0 0 0 1 0 1 0 1 0 1 0 1 1 0 0
 0 1 0 0 0 1 1 1 0 1 0 1 0 1 0 0 1 0 0 0
 1 0 1 0 0 0 0 1 0 0 1 1 0 0 1 1 0 1 0 0
 0 1 0 1 0 0 0 0 1 1 1 0 0 0 0 0 1 1 0 1

Warwick 1271: balanced orders and products, 9 products per order
20 20
 0 0 0 1 0 1 1 0 1 1 0 1 0 0 0 1 1 0 1 0
 1 1 0 1 0 1 0 0 1 1 0 0 1 0 0 0 0 0 1 1
 0 0 0 1 1 0 1 0 1 1 1 0 1 1 0 0 1 0 0 0
 1 1 0 1 1 0 0 1 1 1 0 0 0 0 0 1 0 0 0 1
 0 0 1 0 1 1 0 1 1 0 0 0 1 1 1 0 0 1 0 0
 0 1 0 1 0 1 0 1 0 0 1 0 1 1 0 0 1 1 0 0
 0 0 1 1 1 0 0 0 0 1 1 1 1 0 0 0 1 0 0 1
 1 1 0 0 0 0 1 0 0 0 1 1 0 0 1 0 1 1 0 1
 0 1 0 1 1 0 0 1 0 0 1 0 0 1 1 0 0 1 0 1
 0 0 1 0 1 1 0 0 1 1 0 1 1 0 0 1 1 0 0 0
 0 1 1 0 0 1 0 0 0 1 0 1 0 0 0 0 1 1 1 1
 1 0 0 0 0 0 1 1 0 0 0 1 1 1 1 0 1 0 0 1
 0 0 1 0 1 0 1 1 1 0 0 0 0 1 1 1 0 0 0 1
 1 1 1 0 0 0 0 0 0 1 1 0 1 0 1 0 1 0 0 1
 1 0 1 1 0 0 1 0 1 1 1 0 1 0 0 0 0 0 1 0
 0 0 1 0 1 0 1 0 0 0 1 1 0 1 0 1 0 1 1 0
 1 0 0 1 0 1 1 1 0 0 0 0 0 0 1 1 0 1 1 0
 1 1 1 0 0 0 0 1 0 0 1 0 0 1 1 1 0 0 1 0
 0 1 0 0 1 1 1 0 1 0 0 1 0 0 0 1 0 1 1 0
 1 0 0 0 0 1 0 1 0 0 0 1 0 1 1 1 0 1 1 0

Warwick 1272: balanced orders and products, 9 products per order
20 20
 1 0 1 0 0 0 1 0 1 1 0 1 0 0 0 0 1 1 0 1
 0 1 0 1 1 0 1 1 0 0 0 0 1 1 1 0 1 0 0 0
 0 1 0 0 1 1 0 0 0 1 1 1 1 0 0 1 1 0 0 0
 0 0 1 0 0 0 0 1 1 1 1 1 1 0 0 0 0 1 0 1
 1 0 1 0 1 1 0 1 1 0 0 0 0 0 0 0 0 1 1 1
 0 0 0 1 0 1 0 0 1 1 0 1 1 1 0 1 0 0 1 0
 1 1 0 0 1 0 0 1 0 1 0 1 1 0 1 1 0 0 0 0
 0 0 1 0 1 0 0 0 0 1 1 1 1 0 0 0 1 1 0 1
 1 0 0 0 0 0 1 1 1 0 1 0 1 0 1 1 0 0 0 1
 1 1 0 1 0 0 1 0 0 0 1 0 1 1 1 0 1 0 0 0
 1 1 0 0 0 1 1 1 0 0 1 0 0 1 0 1 0 0 0 1
 0 0 1 0 0 1 0 1 0 1 1 0 0 0 1 0 1 1 1 0
 0 0 1 1 1 1 0 0 1 0 0 0 0 1 1 0 0 1 1 0
 0 0 0 0 1 0 1 1 0 1 0 1 0 0 1 1 0 1 1 0
 1 1 0 1 1 0 1 0 1 1 0 0 0 1 0 1 0 0 0 0
 0 0 0 1 0 1 1 1 1 0 0 1 0 1 0 0 1 0 1 0
 0 1 1 1 0 0 0 0 0 0 0 1 0 0 0 1 1 1 1 1
 0 0 1 1 0 1 1 0 0 0 1 0 0 1 1 0 0 0 1 1
 1 1 0 1 0 1 0 0 1 0 0 0 0 1 0 1 1 0 0 1
 1 1 1 0 1 0 0 0 0 0 1 0 1 0 1 0 0 1 1 0

Warwick 1273: balanced orders and products, 9 products per order
20 20
 0 1 1 1 1 0 1 0 0 1 0 0 0 0 0 1 1 0 0 1
 0 0 0 1 1 1 0 1 0 0 0 0 1 1 0 0 1 0 1 1
 1 0 0 0 0 1 1 0 0 0 1 1 0 0 1 1 1 1 0 0
 0 1 0 0 1 0 0 0 1 1 0 0 1 1 1 0 0 0 1 1
 0 0 1 0 1 1 0 0 1 0 1 1 0 0 0 1 0 1 1 0
 0 0 1 0 0 1 1 1 0 1 0 1 1 0 0 0 0 1 1 0
 0 0 0 1 1 1 1 0 0 0 0 1 1 1 0 1 0 1 0 0
 0 1 1 1 0 0 0 0 1 1 1 0 0 0 1 0 0 1 0 1
 0 1 0 0 1 1 0 0 1 0 0 0 1 1 1 1 0 0 1 0
 1 0 0 1 1 0 0 1 0 0 0 0 1 1 1 0 0 0 1 1
 0 0 1 1 0 0 1 0 1 0 1 0 1 0 1 1 0 0 1 0
 1 0 0 0 0 0 1 0 1 1 1 1 0 1 0 0 1 0 0 1
 1 1 1 0 1 0 0 0 1 1 0 0 0 0 1 0 1 0 0 1
 1 0 0 1 0 0 1 1 0 1 1 0 1 0 0 1 1 0 0 0
 1 1 1 0 0 1 1 1 0 0 1 1 0 0 0 0 1 0 0 0
 0 1 0 1 0 0 0 1 0 1 0 1 0 1 0 1 0 1 0 1
 1 0 0 0 0 0 0 1 1 0 1 0 0 1 1 1 1 1 0 0
 1 1 1 0 0 1 0 0 0 1 0 1 0 0 0 0 0 1 1 1
 0 1 1 0 0 1 1 1 1 0 1 1 0 0 0 0 0 1 0 0
 1 0 0 1 1 0 0 1 0 0 0 0 1 1 1 0 1 0 1 0

Warwick 1274: balanced orders and products, 9 products per order
20 20
 0 1 0 0 0 0 1 1 1 1 1 0 0 1 1 0 0 0 0 1
 0 1 1 0 0 0 0 1 0 1 1 1 0 1 1 0 0 0 0 1
 1 1 0 1 1 1 0 0 0 0 0 0 1 0 1 0 1 1 0 0
 1 1 0 1 1 0 0 0 1 0 1 0 0 1 1 0 0 0 0 1
 1 0 0 0 1 0 0 1 0 0 0 1 0 1 1 0 1 0 1 1
 1 1 0 0 0 0 1 0 0 0 1 1 0 0 1 1 0 1 1 0
 0 1 1 0 0 1 0 0 0 0 0 1 1 0 0 1 1 1 1 0
 0 0 1 0 0 1 0 1 1 1 1 0 1 0 0 0 1 1 0 0
 0 0 1 1 0 1 1 1 0 0 0 0 0 1 0 1 0 0 1 1
 1 0 1 1 1 0 1 0 1 0 0 1 1 0 0 0 1 0 0 0
 1 1 0 0 1 0 1 0 1 0 1 0 0 1 1 0 0 1 0 0
 0 1 0 1 0 0 1 1 0 1 0 0 1 0 0 0 1 1 1 0
 0 0 0 1 0 0 1 0 0 1 1 1 1 0 1 0 1 1 0 0
 0 0 1 0 0 1 1 0 1 1 0 1 0 0 0 1 1 0 0 1
 0 0 1 0 1 1 0 1 1 1 0 0 0 1 0 1 0 0 1 0
 0 0 0 1 1 1 0 1 1 0 0 0 1 1 1 0 0 0 0 1
 1 1 1 0 0 0 0 0 1 0 1 0 0 1 0 1 0 1 1 0
 1 0 0 1 1 0 1 1 0 0 0 0 0 0 0 1 1 1 1 0
 1 0 1 1 0 1 0 0 0 1 0 1 1 0 0 1 0 0 0 1
 0 0 0 0 1 1 0 0 0 1 1 1 1 0 0 1 0 0 1 1

Warwick 1275: balanced orders and products, 9 products per order
20 20
 0 0 0 0 1 1 1 0 1 0 1 1 0 1 1 1 0 0 0 0
 1 1 0 0 0 0 1 0 1 0 0 1 0 1 1 0 0 0 1 1
 0 1 0 1 0 0 0 0 1 1 0 0 1 1 0 0 1 1 0 1
 1 1 0 0 0 0 1 1 1 0 1 1 0 1 0 0 1 0 0 0
 0 0 0 1 0 1 0 1 1 1 1 1 1 0 0 1 0 0 0 0
 1 0 1 1 0 0 0 0 0 1 0 1 0 1 0 0 1 1 1 0
 0 1 1 1 0 1 0 0 0 1 0 0 0 0 1 1 0 1 0 1
 0 0 0 0 1 1 1 1 0 1 1 0 1 1 0 0 0 0 1 0
 1 1 1 0 0 0 1 0 1 0 0 1 0 1 1 0 0 1 0 0
 1 0 1 1 0 1 0 0 0 1 0 0 1 1 0 1 0 1 0 0
 0 0 0 0 1 1 0 1 1 1 1 0 0 0 1 0 1 0 0 1
 0 0 1 0 1 0 1 1 0 1 0 1 0 0 0 1 1 0 0 1
 1 1 0 0 0 0 1 1 0 0 0 1 0 0 0 0 1 1 1 1
 0 0 1 1 1 0 1 1 0 0 1 0 0 0 1 0 0 1 1 0
 0 1 0 1 1 0 0 0 1 0 0 0 1 0 0 1 1 0 1 1
 1 0 1 0 1 1 0 0 0 0 1 0 1 0 1 0 1 1 0 0
 0 0 1 0 1 0 0 1 0 0 1 0 1 1 0 1 1 0 0 1
 0 1 1 0 0 1 0 0 0 0 1 0 1 0 1 1 0 0 1 1
 1 0 0 1 0 1 1 1 1 0 0 0 0 0 1 0 0 1 1 0
 1 1 0 1 1 0 0 0 0 1 0 1 1 0 0 1 0 0 1 0

Warwick 1276: balanced orders and products, 9 products per order
20 20
 0 1 0 0 1 0 1 1 1 0 1 0 1 0 0 1 0 0 0 1
 1 1 0 1 0 0 1 0 1 1 0 0 0 1 0 1 0 1 0 0
 1 0 0 1 0 1 0 1 1 0 0 0 1 0 1 0 0 1 1 0
 1 1 1 0 0 1 0 0 0 1 1 1 0 1 0 0 1 0 0 0
 1 0 1 0 1 0 0 0 1 1 0 1 1 0 1 0 1 0 0 0
 1 1 0 1 1 0 0 0 0 1 1 0 0 0 0 1 0 1 1 0
 0 0 1 0 0 0 1 0 1 0 0 1 0 0 1 1 1 0 1 1
 0 0 0 1 0 0 1 1 1 0 1 0 1 1 1 0 0 0 0 1
 0 1 1 1 0 1 1 0 1 0 1 0 0 0 0 1 0 0 0 1
 1 1 0 1 1 1 1 0 0 0 0 0 1 0 0 0 1 0 1 0
 0 0 0 0 1 1 0 1 1 0 0 0 0 1 1 0 0 1 1 1
 1 0 0 1 0 1 1 0 0 0 0 0 1 1 1 0 0 1 1 0
 0 1 1 0 0 1 0 1 0 1 1 1 0 1 0 0 0 1 0 0
 0 1 1 0 0 1 0 1 1 0 1 0 0 0 1 1 1 0 0 0
 1 0 1 0 0 1 1 0 0 1 0 1 0 0 0 1 0 0 1 1
 0 0 0 1 1 0 0 1 0 0 0 1 1 0 0 0 1 1 1 1
 0 0 1 0 1 0 0 1 0 0 0 1 1 1 0 1 1 0 1 0
 1 0 0 1 1 0 0 0 0 1 1 0 1 1 0 0 1 1 0 0
 0 1 1 0 0 0 0 1 0 1 0 1 0 1 1 1 0 0 0 1
 0 0 0 0 1 0 1 0 0 1 1 1 0 0 1 0 1 1 0 1

Warwick 1277: balanced orders and products, 9 products per order
20 20
 0 1 1 0 1 0 1 1 0 0 0 1 1 0 0 1 1 0 0 0
 1 1 1 0 0 0 0 0 1 1 0 1 0 0 1 0 1 0 0 1
 0 1 1 0 0 1 0 1 0 1 0 1 1 0 0 1 0 0 1 0
 1 0 1 0 0 1 1 0 0 0 1 0 0 1 0 1 0 1 1 0
 0 1 0 1 1 1 0 0 1 0 1 1 0 0 0 0 1 0 0 1
 0 1 1 1 1 0 1 0 0 0 1 0 0 1 0 0 0 1 0 1
 1 0 0 1 0 0 0 0 0 0 1 0 0 1 1 1 1 0 1 1
 0 1 1 1 0 1 0 0 1 1 0 0 0 0 0 0 1 1 0 1
 1 0 0 1 0 1 1 1 1 1 0 0 0 0 1 0 0 0 1 0
 0 1 0 1 0 1 1 0 1 1 0 0 0 0 1 0 0 1 1 0
 1 0 0 0 0 0 0 0 1 1 0 1 1 1 0 0 0 1 1 1
 0 0 0 1 1 1 1 0 0 1 0 1 1 1 0 0 0 1 0 0
 1 0 1 0 1 0 0 0 0 1 0 1 0 1 0 1 1 1 0 0
 0 0 0 0 0 0 1 1 0 0 1 0 1 0 1 1 0 1 1 1
 1 0 0 0 1 0 0 0 0 0 1 1 1 1 1 1 0 0 0 1
 0 0 0 1 0 0 1 1 1 1 1 0 0 1 0 0 1 0 1 0
 0 1 1 0 0 0 0 1 0 0 1 0 1 1 1 1 1 0 0 0
 1 0 0 1 1 1 0 1 0 0 0 0 1 0 1 1 0 0 1 0
 0 1 1 0 1 1 0 1 1 0 0 1 0 0 0 0 1 0 0 1
 1 0 0 0 1 0 1 1 1 0 1 0 1 0 1 0 0 1 0 0

Warwick 1278: balanced orders and products, 9 products per order
20 20
 1 0 0 1 0 0 0 1 0 1 1 1 0 1 1 0 0 0 0 1
 1 1 0 1 1 0 1 0 0 0 0 1 1 0 0 1 1 0 0 0
 0 1 0 0 0 1 0 1 0 0 1 1 0 0 1 1 1 1 0 0
 0 1 1 0 0 1 0 0 1 1 0 0 1 0 1 1 1 0 0 0
 0 0 1 0 0 0 0 0 1 0 1 1 1 0 1 1 1 1 0 0
 0 0 1 0 1 0 0 0 1 0 1 0 0 1 1 1 0 0 1 1
 1 1 1 1 0 0 1 0 1 1 1 0 0 0 0 0 0 0 1 0
 0 1 0 1 1 0 0 0 0 0 0 0 1 0 1 1 0 1 1 1
 0 0 0 0 1 1 1 1 1 0 0 1 1 0 0 0 0 1 0 1
 1 1 0 0 0 1 0 1 0 1 0 0 1 1 0 0 0 1 0 1
 0 0 1 0 0 0 1 0 0 0 1 1 1 1 0 0 1 0 1 1
 0 0 0 1 1 0 1 0 0 1 0 0 0 1 1 1 1 0 1 0
 1 0 0 0 0 1 1 1 0 1 1 0 0 1 0 0 0 0 1 1
 1 1 1 0 0 1 0 0 0 1 1 1 0 1 0 0 0 0 1 0
 0 0 1 0 1 0 1 0 0 0 0 0 0 1 1 0 1 1 1 1
 1 0 0 1 1 1 0 1 0 0 1 0 1 0 0 0 1 1 0 0
 0 0 1 1 1 0 1 0 1 0 0 1 1 0 0 1 0 1 0 0
 1 0 0 0 1 1 0 1 1 1 0 0 0 1 0 1 0 0 0 1
 0 1 1 1 0 0 1 1 1 1 0 0 0 0 1 0 1 0 0 0
 1 1 0 1 0 1 0 1 1 0 0 1 0 0 0 0 0 1 1 0

Warwick 1279: balanced orders and products, 9 products per order
20 20
 1 1 0 1 0 1 0 1 1 1 0 0 0 0 0 0 1 0 1 0
 0 0 0 0 1 0 0 0 1 0 1 0 1 0 1 1 0 1 1 1
 1 1 0 1 1 0 0 0 0 0 0 1 1 1 0 0 1 0 1 0
 1 0 0 1 1 1 0 1 1 1 1 0 0 0 1 0 0 0 0 0
 0 0 1 1 1 1 0 0 0 0 1 1 0 0 0 0 1 0 1 1
 0 0 0 0 0 1 1 1 0 0 0 1 1 1 0 0 1 1 0 1
 1 1 0 0 1 0 1 0 0 1 0 0 0 1 0 0 1 1 0 1
 0 1 0 0 0 0 1 0 1 1 0 0 1 0 1 0 1 1 1 0
 0 1 0 0 0 0 1 0 0 1 1 1 1 1 0 1 0 0 1 0
 0 0 1 0 1 0 1 1 1 0 0 1 1 1 0 0 0 1 0 0
 1 0 0 1 0 1 0 0 1 1 1 0 1 0 0 1 0 0 1 0
 1 1 0 0 0 1 1 0 0 0 1 0 1 1 1 0 0 0 0 1
 1 0 1 0 0 1 0 1 0 1 0 0 0 1 1 0 1 1 0 0
 0 1 1 1 1 0 0 1 1 0 1 0 0 0 0 1 0 0 0 1
 1 1 1 0 0 0 0 0 1 0 0 1 0 1 1 1 0 0 0 1
 0 0 0 0 0 1 0 1 1 1 1 0 0 0 1 1 1 0 0 1
 0 0 1 0 0 0 1 1 0 0 0 1 1 1 0 1 0 1 0 1
 0 0 1 1 1 0 1 0 0 1 1 0 0 0 1 0 0 1 1 0
 0 1 1 1 0 0 0 1 0 0 0 1 0 0 1 1 1 1 0 0
 1 0 1 1 1 1 1 0 0 0 0 1 0 0 0 1 0 0 1 0

Warwick 1280: balanced orders and products, 9 products per order
20 20
 0 1 0 1 0 0 0 0 1 1 0 1 1 0 0 1 0 0 1 1
 0 0 0 0 1 1 1 0 1 1 1 1 0 1 0 0 1 0 0 0
 0 1 1 0 0 0 0 1 1 1 0 1 1 0 0 0 0 1 1 0
 1 1 0 0 1 0 0 1 1 0 1 0 1 1 0 0 1 0 0 0
 1 1 0 1 0 1 0 1 0 0 1 1 0 0 1 0 1 0 0 0
 1 1 0 0 0 0 0 0 0 1 1 0 1 1 1 0 1 0 0 1
 1 1 1 0 0 1 1 0 0 1 0 0 1 0 0 1 1 0 0 0
 0 1 1 0 1 1 0 1 0 0 0 1 1 1 0 1 0 0 0 0
 1 0 0 0 1 1 0 1 0 0 1 0 1 0 1 0 0 1 1 0
 1 0 1 0 0 0 1 0 1 0 0 0 0 1 1 1 0 0 1 1
 0 0 0 1 1 1 1 0 0 0 1 0 0 1 1 0 0 1 0 1
 0 0 1 1 0 0 1 1 0 1 0 1 0 0 1 1 0 0 0 1
 0 0 1 1 0 0 1 1 1 0 0 1 0 0 1 0 0 1 0 1
 1 0 0 1 1 0 0 1 0 0 0 0 1 0 0 1 0 1 1 1
 0 0 0 1 1 0 0 1 1 0 1 0 0 1 0 1 0 1 1 0
 0 0 0 0 1 1 1 0 1 1 0 0 0 1 0 0 1 1 1 0
 1 0 1 1 0 1 0 0 0 0 1 1 0 1 0 1 0 0 0 1
 0 1 1 0 0 1 1 0 1 1 0 0 1 0 0 0 1 0 1 0
 0 1 1 1 1 0 0 0 0 0 0 1 0 0 1 1 1 1 0 0
 1 0 0 0 0 0 1 0 0 1 1 0 0 0 1 0 1 1 1 1

Warwick 1281: balanced orders and products, 10 products per order
20 20
 0 0 1 1 1 0 1 1 0 0 1 1 0 1 0 1 0 0 1 0
 0 1 1 0 1 1 0 0 1 1 0 1 1 0 0 0 1 0 0 1
 0 1 0 1 0 1 0 1 0 1 1 0 0 1 1 0 1 1 0 0
 1 1 0 0 0 0 0 0 1 0 1 1 0 0 0 1 1 1 1 1
 0 0 1 0 0 0 0 1 0 1 0 1 1 1 0 1 1 0 1 1
 1 0 0 1 0 1 1 1 0 1 0 0 0 0 1 1 1 0 0 1
 0 0 0 1 1 0 1 1 0 1 1 0 1 0 1 0 0 1 1 0
 0 1 0 0 1 0 0 0 0 0 1 0 1 1 1 1 1 1 0 1
 0 0 1 1 1 0 1 0 1 1 0 0 1 1 1 0 1 0 0 0
 1 1 0 1 0 0 0 0 1 0 0 1 0 0 1 1 1 0 1 1
 1 0 1 0 0 1 1 1 0 1 1 1 0 0 0 1 0 0 1 0
 1 1 0 1 0 1 0 0 1 0 0 0 1 1 0 0 0 1 1 1
 1 1 0 1 0 1 0 1 0 0 0 0 0 1 1 0 1 1 0 1
 0 1 0 1 0 1 0 1 1 0 0 1 1 0 1 0 0 1 1 0
 1 1 1 1 1 1 1 0 1 0 1 0 0 0 0 1 0 0 0 0
 1 0 0 0 1 0 1 0 0 1 1 0 1 1 0 1 0 0 1 1
 0 0 1 0 1 0 0 1 1 0 1 0 1 1 1 0 0 1 1 0
 0 0 1 0 1 1 1 0 0 1 0 1 1 0 0 0 1 1 0 1
 1 1 1 0 0 1 1 0 1 1 0 1 0 1 0 0 0 1 0 0
 1 0 1 0 1 0 1 1 1 0 1 1 0 0 1 1 0 0 0 0

Warwick 1282: balanced orders and products, 10 products per order
20 20
 1 0 1 0 1 0 1 1 1 1 0 1 0 0 0 0 1 0 1 0
 1 1 0 1 1 0 1 0 0 0 1 0 1 1 1 0 0 1 0 0
 0 0 1 0 1 0 1 0 0 1 1 0 1 1 1 0 0 1 1 0
 1 1 1 0 0 1 0 1 1 0 1 0 0 0 1 0 0 1 0 1
 0 0 0 0 1 0 0 1 0 1 1 1 1 0 1 0 1 0 1 1
 1 1 1 1 1 0 0 0 1 0 0 0 1 0 0 1 0 0 1 1
 0 0 0 0 0 1 1 0 1 1 0 0 1 1 1 0 1 1 1 0
 1 1 1 1 1 1 0 1 0 0 0 1 0 0 1 0 0 1 0 0
 0 0 1 1 0 0 0 0 0 1 1 1 1 1 1 0 1 0 0 1
 1 0 1 1 0 0 1 1 1 1 0 0 0 0 0 0 1 1 1 0
 0 1 0 1 0 1 0 0 0 1 1 0 1 1 1 1 0 0 0 1
 0 1 0 0 1 0 1 1 1 0 0 1 1 1 0 1 0 1 0 0
 1 0 0 0 0 1 0 1 1 0 0 1 1 1 0 0 0 1 1 1
 1 0 0 1 0 1 1 0 1 1 1 1 0 0 0 1 0 0 0 1
 0 0 1 1 1 1 1 0 0 0 1 0 0 1 0 1 1 0 1 0
 1 0 1 0 0 0 0 0 1 0 0 1 0 1 1 1 1 1 1 0
 1 1 0 1 0 1 0 1 0 0 1 1 0 1 0 1 1 0 0 0
 0 1 0 1 0 1 1 1 1 0 0 0 0 0 0 1 1 0 1 1
 0 1 0 0 1 1 1 0 0 1 1 0 0 0 1 1 0 1 0 1
 0 1 1 0 1 0 0 1 0 1 0 1 1 0 0 1 1 0 0 1

Warwick 1283: balanced orders and products, 10 products per order
20 20
 0 1 1 0 0 0 1 0 1 1 0 1 1 1 0 0 0 1 1 0
 1 1 0 1 0 0 0 1 1 1 1 0 0 1 0 1 0 0 1 0
 0 1 0 0 1 1 1 0 0 0 0 0 0 1 1 1 1 1 1 0
 0 1 0 1 0 1 0 1 0 0 1 1 1 1 1 0 1 0 0 0
 0 0 1 0 0 1 0 1 1 0 1 0 0 1 1 1 1 1 0 0
 1 0 0 0 0 1 0 0 0 1 1 1 1 0 0 0 1 1 1 1
 0 0 1 1 1 0 0 0 0 0 1 0 1 0 1 1 1 1 0 1
 0 0 1 0 1 0 1 1 1 1 0 1 1 0 0 1 0 0 1 0
 1 0 0 1 0 0 1 1 0 1 0 0 1 0 1 0 1 1 1 0
 0 1 0 0 1 1 1 1 0 0 0 0 1 1 1 0 1 0 0 1
 1 0 1 0 1 1 1 0 0 1 1 1 0 1 0 0 0 0 1 0
 1 0 1 0 1 1 0 0 0 0 1 0 1 0 1 1 1 0 0 1
 1 1 1 1 0 0 0 0 1 1 0 0 0 1 0 1 0 1 0 1
 1 0 0 1 0 0 0 1 0 1 0 1 0 0 1 1 1 0 1 1
 0 0 1 1 1 1 0 0 1 0 0 1 0 1 1 0 0 1 0 1
 0 1 0 1 1 1 1 1 0 0 1 0 1 0 0 0 1 0 0 1
 0 1 1 0 0 1 1 1 1 1 0 1 0 0 1 1 0 0 0 0
 1 1 0 1 0 0 1 1 1 1 0 1 0 1 0 0 0 0 0 1
 1 0 0 0 1 0 1 0 1 0 1 1 1 0 0 0 0 1 1 1
 1 1 1 1 1 0 0 0 1 0 1 0 0 0 0 1 0 1 1 0

Warwick 1284: balanced orders and products, 10 products per order
20 20
 1 1 0 0 0 0 0 1 0 0 0 1 1 1 1 1 0 1 0 1
 0 1 0 0 1 1 1 1 0 1 0 0 0 1 0 1 1 1 0 0
 1 0 1 1 1 0 1 1 0 1 0 1 1 0 0 0 1 0 0 0
 0 1 0 0 1 1 1 1 0 1 1 1 0 0 0 0 1 1 0 0
 0 1 1 0 0 0 0 1 1 1 0 1 1 0 0 0 0 1 1 1
 0 1 0 1 0 1 0 1 1 0 1 0 1 1 1 1 0 0 0 0
 1 0 0 1 0 1 0 0 0 1 1 0 1 0 1 1 1 0 0 1
 1 0 1 0 0 0 0 0 1 0 1 0 1 1 1 1 0 1 1 0
 1 0 1 0 1 0 1 1 0 0 1 0 1 1 0 0 0 0 1 1
 0 0 1 1 0 1 0 0 1 1 0 1 1 0 1 0 0 0 1 1
 0 1 0 1 1 0 1 1 1 0 0 0 0 1 1 1 0 0 1 0
 0 0 0 1 0 1 0 0 1 0 1 1 1 0 1 1 0 1 1 0
 0 0 0 0 0 1 1 0 1 1 1 0 0 1 1 1 1 0 1 0
 1 1 1 1 1 0 1 0 0 0 1 0 1 0 0 0 1 0 0 1
 1 0 1 0 0 0 0 0 0 1 1 1 0 0 1 1 1 1 1 0
 1 1 1 0 1 0 0 0 1 1 0 0 0 1 0 0 1 0 1 1
 1 0 1 1 1 1 1 1 0 0 0 0 0 1 0 0 1 1 0 0
 0 1 0 1 0 1 1 1 0 0 0 1 0 0 0 1 1 1 0 1
 1 1 0 1 1 1 0 0 1 1 0 1 0 1 0 0 0 0 0 1
 0 0 1 0 1 0 1 0 1 0 1 1 0 0 1 0 0 1 1 1

Warwick 1285: balanced orders and products, 10 products per order
20 20
 1 0 0 0 0 0 1 0 1 1 0 1 0 1 1 1 1 0 0 1
 1 0 0 1 1 0 0 1 0 0 0 1 0 0 0 1 1 1 1 1
 0 0 1 1 1 0 0 1 1 1 0 1 1 0 1 0 0 1 0 0
 1 1 0 0 1 0 1 0 0 0 0 1 1 1 0 1 1 1 0 0
 0 1 1 1 0 0 1 0 1 1 1 0 1 0 1 1 0 0 0 0
 1 0 1 0 0 1 1 0 0 1 0 0 0 1 0 1 0 1 1 1
 0 0 0 1 1 0 1 1 1 1 0 0 1 0 0 0 1 1 1 0
 1 0 0 1 1 0 0 0 1 1 1 0 0 1 0 0 1 1 0 1
 0 1 1 1 0 1 0 1 0 0 0 0 1 0 0 1 1 1 1 0
 0 1 1 0 1 1 0 0 0 0 1 1 0 1 0 0 1 1 1 0
 1 0 1 0 1 1 0 1 0 0 1 0 1 0 0 1 1 0 0 1
 1 0 0 1 0 1 1 0 1 0 1 1 0 0 1 1 0 0 1 0
 0 1 0 0 1 0 0 1 1 0 1 1 1 0 1 0 0 0 1 1
 0 1 0 1 1 0 1 1 0 0 0 1 1 0 0 0 1 1 1 0
 1 0 1 1 0 1 1 0 1 0 1 1 0 1 0 0 0 0 1 0
 0 0 1 1 0 1 0 0 1 1 1 0 1 0 1 1 0 0 1 0
 1 1 1 0 0 1 0 0 0 0 1 0 1 1 1 1 0 0 0 1
 1 1 0 0 0 1 0 1 0 1 1 0 0 1 1 0 1 0 0 1
 0 1 0 0 1 0 1 1 0 1 0 1 0 1 1 0 0 1 0 1
 0 1 1 0 0 1 1 1 1 1 0 0 0 1 1 0 0 0 0 1

Warwick 1286: balanced orders and products, 10 products per order
20 20
 1 0 1 1 0 0 1 0 1 0 1 1 1 0 1 1 0 0 0 0
 0 0 0 1 1 1 0 0 0 1 0 0 1 0 1 0 1 1 1 1
 1 1 0 0 0 0 1 0 1 0 0 1 1 1 0 1 0 1 1 0
 0 0 0 1 0 0 1 1 1 1 1 0 0 1 0 1 1 0 1 0
 0 1 1 0 0 1 1 1 0 1 0 0 0 1 0 1 1 1 0 0
 1 1 1 1 0 0 1 0 0 0 1 1 0 1 1 1 0 0 0 0
 0 1 0 0 1 1 1 0 1 1 1 0 0 0 0 1 1 1 0 0
 1 0 0 1 1 1 0 0 1 1 0 0 0 1 0 0 1 0 1 1
 0 0 0 1 1 1 0 0 1 0 0 0 1 0 1 1 1 0 1 1
 1 0 0 1 1 1 0 0 0 1 0 1 1 0 0 1 1 0 0 1
 1 1 1 0 1 0 1 1 0 0 1 0 1 0 0 0 0 1 0 1
 0 0 1 0 1 0 0 0 0 1 0 1 1 1 1 0 1 0 1 1
 1 1 1 0 0 0 0 1 1 0 1 0 0 1 0 1 0 1 0 1
 0 1 1 0 1 0 0 1 0 0 0 0 1 1 1 0 0 1 1 1
 1 1 0 0 0 1 1 1 0 1 1 1 0 0 1 0 0 1 0 0
 0 1 0 1 1 1 0 1 0 0 1 1 1 0 0 0 1 0 0 1
 0 0 0 0 0 1 1 1 1 1 1 0 0 1 1 0 0 0 1 1
 0 0 1 1 1 1 1 0 1 1 0 1 0 0 1 0 0 1 0 0
 1 0 1 1 0 0 0 1 1 0 0 1 1 1 0 1 0 0 1 0
 1 1 1 0 0 0 0 1 0 0 1 1 0 0 1 0 1 1 1 0

Warwick 1287: balanced orders and products, 10 products per order
20 20
 1 0 0 1 1 0 0 1 0 1 0 1 0 1 1 1 0 0 0 1
 1 1 1 0 1 1 0 0 0 1 1 1 1 0 0 0 1 0 0 0
 0 1 0 0 1 0 1 1 1 0 1 1 0 0 0 1 0 1 0 1
 0 0 0 0 0 0 1 0 1 0 1 0 1 1 1 1 1 1 0 1
 1 1 0 1 0 1 0 0 1 1 0 1 0 0 1 0 0 0 1 1
 1 1 0 0 1 1 1 0 1 0 0 0 0 1 0 0 1 1 1 0
 0 0 0 0 1 0 1 1 1 1 0 1 0 1 0 1 0 0 1 1
 0 1 1 0 0 1 0 1 1 1 1 0 0 1 0 0 1 1 0 0
 0 0 0 1 1 1 1 0 0 1 1 1 1 1 0 0 0 0 1 0
 0 0 1 0 0 1 1 0 0 1 1 0 1 1 0 0 1 1 1 0
 0 0 1 1 1 1 0 0 0 0 1 0 1 0 0 1 1 1 1 0
 0 0 0 1 1 0 1 1 1 0 0 1 1 0 1 1 0 0 0 1
 1 0 1 1 0 1 0 1 0 0 1 0 1 0 1 0 1 0 0 1
 0 0 1 0 1 1 1 1 1 0 0 1 0 0 0 1 1 0 1 0
 1 1 1 0 1 0 1 1 0 0 1 0 0 0 1 0 1 0 0 1
 1 0 1 1 0 0 0 1 0 1 0 0 0 1 1 1 0 1 0 1
 1 1 1 1 0 0 0 0 1 0 0 0 1 0 1 1 0 1 1 0
 1 1 1 1 0 1 0 0 0 1 0 0 0 1 1 0 0 1 1 0
 0 1 0 0 0 0 1 1 0 1 0 1 1 0 0 1 1 1 0 1
 1 1 0 1 0 0 0 0 1 0 1 1 1 1 1 0 0 0 1 0

Warwick 1288: balanced orders and products, 10 products per order
20 20
 1 1 0 1 0 1 0 0 1 0 0 1 1 0 0 1 0 1 0 1
 0 0 1 0 0 0 0 1 1 1 1 0 1 0 1 1 1 1 0 0
 1 1 0 0 1 0 1 0 1 1 1 0 0 1 1 0 0 0 1 0
 0 1 1 0 1 1 0 1 1 0 1 1 0 0 1 1 0 0 0 0
 1 0 0 1 0 0 1 1 0 0 1 0 0 1 1 1 0 1 1 0
 0 1 0 0 1 0 0 1 1 1 0 0 0 0 1 1 1 1 1 0
 0 0 0 0 1 1 0 0 1 1 1 0 1 1 0 0 1 0 1 1
 1 0 0 0 0 0 1 1 1 1 0 1 1 1 0 1 0 0 0 1
 1 1 1 0 1 1 0 0 0 0 0 0 0 1 0 0 1 1 1 1
 1 1 1 1 0 1 1 0 0 0 0 0 0 1 1 0 0 1 0 1
 0 1 0 0 0 1 1 0 0 1 1 1 1 1 0 1 1 0 0 0
 0 0 0 1 1 1 0 1 0 0 1 1 1 1 0 0 0 1 0 1
 0 0 1 1 0 0 1 0 1 1 0 1 1 0 0 0 1 1 1 0
 1 0 1 1 0 0 0 1 0 0 0 1 0 0 1 1 1 0 1 1
 0 1 1 0 1 0 0 0 0 0 1 0 0 1 1 0 1 1 1 1
 1 0 1 1 1 1 1 1 0 1 0 1 0 0 0 1 0 0 0 0
 1 0 0 0 0 1 1 0 1 0 1 0 1 0 1 0 1 0 1 1
 0 1 0 1 0 0 1 1 0 1 1 1 0 1 0 0 1 0 0 1
 0 1 1 1 1 0 0 1 1 0 0 1 1 0 0 0 0 1 1 0
 1 0 1 1 1 1 1 0 0 1 0 0 1 0 1 1 0 0 0 0

Warwick 1289: balanced orders and products, 10 products per order
20 20
 0 1 1 1 1 0 0 1 1 0 1 0 1 0 0 1 0 0 0 1
 0 0 1 1 0 1 1 1 1 0 0 1 0 0 0 0 1 1 1 0
 1 1 0 1 0 1 0 0 0 0 0 0 1 1 1 1 0 0 1 1
 0 1 1 0 1 1 1 1 1 0 0 1 0 1 1 0 0 0 0 0
 0 0 1 0 1 1 0 0 0 1 1 0 0 0 1 1 1 1 0 1
 1 1 0 0 0 1 0 0 1 1 1 1 0 1 0 0 0 1 1 0
 1 0 1 1 0 0 0 1 1 1 0 1 1 0 0 1 1 0 0 0
 1 1 1 1 1 1 1 0 1 0 0 0 0 1 0 0 0 0 1 0
 0 0 1 1 0 0 0 1 1 1 1 1 0 0 0 0 1 0 1 1
 0 1 1 0 0 0 0 0 0 1 1 0 1 1 1 1 1 1 0 0
 1 0 0 1 0 0 1 0 0 1 0 0 1 0 1 1 1 1 1 0
 0 0 1 1 0 0 1 1 1 1 1 1 0 0 0 0 0 1 1 0
 0 1 0 1 1 1 0 1 0 0 0 0 1 1 1 1 0 0 0 1
 1 1 1 0 0 0 1 0 0 0 1 0 1 1 1 1 0 0 0 1
 1 1 0 0 1 1 1 0 0 0 0 1 1 1 0 0 0 1 0 1
 1 1 0 0 1 0 1 0 1 0 0 1 0 1 1 0 0 1 0 1
 0 0 0 0 0 1 1 0 0 1 1 1 1 0 1 1 1 0 0 1
 0 0 0 0 1 0 0 1 0 1 1 1 0 0 1 1 1 1 1 0
 1 0 0 0 1 1 1 1 0 0 0 0 1 1 0 0 1 0 1 1
 1 0 0 1 1 0 0 1 1 1 1 0 0 0 0 0 1 1 1 0

Warwick 1290: balanced orders and products, 10 products per order
20 20
 1 1 0 0 1 0 0 1 0 0 1 0 1 1 0 1 1 1 0 0
 0 1 1 0 1 1 1 1 1 1 0 0 0 0 1 0 0 0 1 0
 1 0 0 1 0 0 1 0 1 1 1 0 1 1 0 0 0 1 0 1
 1 0 1 0 1 1 0 1 0 1 0 1 1 0 0 1 0 0 0 1
 0 0 0 1 0 1 0 1 1 0 0 1 0 1 1 1 1 0 1 0
 1 0 0 1 0 0 1 1 0 0 0 0 1 1 1 0 1 0 1 1
 1 1 1 0 0 0 1 0 1 1 0 0 0 1 0 1 1 0 0 1
 0 1 0 1 1 1 1 0 0 0 1 0 1 1 1 0 0 0 0 1
 1 0 1 1 0 0 0 1 1 1 0 1 0 1 0 1 0 1 0 0
 0 0 1 1 0 1 0 1 1 0 1 1 0 0 1 1 0 1 0 0
 0 1 1 0 1 0 1 0 0 1 1 1 0 0 0 1 1 0 1 0
 0 0 1 0 0 0 0 0 1 1 1 1 1 0 0 0 1 1 1 1
 1 1 0 0 0 1 1 0 1 1 1 1 0 0 0 1 0 0 1 0
 0 0 1 0 1 1 1 0 1 0 0 1 0 0 1 0 1 0 1 1
 1 1 0 0 1 1 0 1 0 0 0 1 1 0 0 0 1 1 1 0
 0 0 0 1 1 1 1 0 0 1 1 0 1 1 0 1 0 1 0 0
 1 1 1 0 0 1 0 1 1 0 0 0 1 1 1 0 0 1 0 0
 0 1 0 1 1 0 0 0 0 1 1 0 1 0 1 0 1 0 1 1
 0 1 0 1 0 0 0 0 0 0 1 1 0 1 1 1 0 1 1 1
 1 0 1 1 1 0 1 1 0 0 0 0 0 0 1 0 1 1 0 1

