Warwick 411: balanced orders and products, 6 products per order
10 30
 0 0 0 1 0 0 0 0 0 0 1 0 0 1 1 0 0 0 0 0 1 0 0 0 0 0 0 0 0 1
 0 0 0 0 0 0 0 0 0 1 0 0 0 0 0 1 0 1 0 0 0 1 1 0 1 0 0 0 0 0
 0 1 1 1 0 0 0 0 0 0 0 0 0 0 0 0 0 0 0 0 0 0 1 0 0 0 1 0 1 0
 1 0 0 0 0 1 0 0 1 0 0 1 0 0 1 0 1 0 0 0 0 0 0 0 0 0 0 0 0 0
 0 0 0 0 1 0 1 0 1 0 0 0 0 0 0 0 0 0 0 1 0 1 0 1 0 0 0 0 0 0
 0 0 1 0 0 0 1 1 0 0 1 0 0 0 0 0 0 0 0 0 0 0 0 0 0 1 1 0 0 0
 0 0 0 0 0 0 0 1 0 0 0 0 0 0 0 0 1 1 1 0 0 0 0 0 0 1 0 0 0 1
 0 0 0 0 0 1 0 0 0 0 0 0 1 1 0 1 0 0 0 0 1 0 0 0 1 0 0 0 0 0
 0 0 0 0 1 0 0 0 0 1 0 0 0 0 0 0 0 0 1 1 0 0 0 1 0 0 0 1 0 0
 1 1 0 0 0 0 0 0 0 0 0 1 1 0 0 0 0 0 0 0 0 0 0 0 0 0 0 1 1 0

Warwick 412: balanced orders and products, 6 products per order
10 30
 0 0 0 1 1 0 0 0 0 0 0 0 1 0 0 0 0 0 0 0 0 0 0 0 1 1 0 0 1 0
 0 0 0 0 0 1 1 0 0 0 0 0 0 0 0 1 1 0 0 1 0 0 1 0 0 0 0 0 0 0
 1 0 0 1 0 1 0 1 0 0 0 0 0 0 1 0 0 0 0 0 0 0 0 0 0 0 0 0 0 1
 0 0 1 0 0 0 0 0 0 0 0 1 0 1 0 1 0 0 0 0 0 1 0 0 0 0 0 1 0 0
 0 0 0 0 0 0 0 0 0 0 1 1 0 0 0 0 1 1 0 0 0 0 1 1 0 0 0 0 0 0
 0 0 0 0 1 0 0 1 1 0 0 0 0 0 0 0 0 1 1 0 0 0 0 0 0 0 1 0 0 0
 0 0 0 0 0 0 0 0 0 1 1 0 0 0 1 0 0 0 1 0 0 0 0 0 1 1 0 0 0 0
 0 1 0 0 0 0 0 0 1 1 0 0 0 1 0 0 0 0 0 0 1 0 0 1 0 0 0 0 0 0
 1 1 0 0 0 0 0 0 0 0 0 0 1 0 0 0 0 0 0 1 1 0 0 0 0 0 0 1 0 0
 0 0 1 0 0 0 1 0 0 0 0 0 0 0 0 0 0 0 0 0 0 1 0 0 0 0 1 0 1 1

Warwick 413: balanced orders and products, 6 products per order
10 30
 0 0 1 1 0 0 0 0 0 1 0 0 0 0 0 0 0 0 0 0 0 0 0 0 0 1 1 0 1 0
 0 1 1 0 0 0 0 0 0 0 0 1 0 0 0 1 0 1 0 0 0 0 0 0 0 0 0 1 0 0
 0 0 0 0 0 0 0 0 1 1 0 0 0 0 0 1 1 0 0 0 0 0 0 1 0 1 0 0 0 0
 0 0 0 1 1 0 0 0 0 0 0 0 0 0 0 0 0 0 1 0 0 1 1 0 0 0 0 0 0 1
 1 0 0 0 0 0 0 0 1 0 0 0 0 1 1 0 0 0 0 1 0 0 0 0 0 0 1 0 0 0
 1 0 0 0 0 0 0 0 0 0 0 1 1 0 0 0 0 0 0 0 1 1 1 0 0 0 0 0 0 0
 0 0 0 0 0 1 0 0 0 0 1 0 0 0 0 0 1 1 0 1 0 0 0 0 0 0 0 0 1 0
 0 1 0 0 0 0 1 1 0 0 1 0 0 0 0 0 0 0 0 0 0 0 0 0 1 0 0 0 0 1
 0 0 0 0 1 0 1 1 0 0 0 0 0 0 1 0 0 0 0 0 1 0 0 0 0 0 0 1 0 0
 0 0 0 0 0 1 0 0 0 0 0 0 1 1 0 0 0 0 1 0 0 0 0 1 1 0 0 0 0 0

Warwick 414: balanced orders and products, 6 products per order
10 30
 0 1 0 0 0 0 0 0 0 1 0 0 0 0 1 0 0 0 0 1 0 1 0 0 1 0 0 0 0 0
 1 0 0 0 0 0 0 0 0 0 0 0 0 1 0 1 1 0 0 0 0 0 0 1 0 0 0 0 1 0
 0 0 0 1 1 0 0 0 0 0 0 1 0 0 1 0 0 0 0 0 0 0 0 0 1 0 1 0 0 0
 0 0 0 0 0 0 0 1 0 0 0 0 1 0 0 0 0 1 0 0 0 0 0 0 0 0 1 1 0 1
 0 1 0 0 0 0 0 0 0 0 0 1 0 0 0 1 1 0 1 0 0 0 0 0 0 1 0 0 0 0
 0 0 0 0 0 1 0 0 1 0 1 0 0 0 0 0 0 1 0 0 0 1 1 0 0 0 0 0 0 0
 0 0 0 0 0 1 1 1 1 0 0 0 0 0 0 0 0 0 0 0 1 0 1 0 0 0 0 0 0 0
 0 0 0 1 0 0 0 0 0 0 0 0 0 0 0 0 0 0 1 1 0 0 0 0 0 1 0 0 1 1
 0 0 1 0 1 0 1 0 0 1 0 0 0 1 0 0 0 0 0 0 0 0 0 1 0 0 0 0 0 0
 1 0 1 0 0 0 0 0 0 0 1 0 1 0 0 0 0 0 0 0 1 0 0 0 0 0 0 1 0 0

Warwick 415: balanced orders and products, 6 products per order
10 30
 1 0 0 0 1 1 0 0 0 0 0 0 0 1 0 0 0 0 0 0 0 0 0 0 0 1 0 0 0 1
 0 1 0 0 0 0 0 0 0 0 0 0 0 0 0 0 1 0 0 0 1 0 1 0 1 0 0 1 0 0
 0 1 1 0 0 0 0 0 0 0 0 1 0 1 0 0 0 1 0 0 0 0 0 0 0 0 1 0 0 0
 0 0 0 0 0 1 1 1 0 0 1 0 0 0 0 0 1 0 0 0 1 0 0 0 0 0 0 0 0 0
 0 0 0 0 0 0 0 0 1 1 0 0 0 0 0 0 0 0 0 1 0 1 1 1 0 0 0 0 0 0
 0 0 0 1 1 0 0 0 0 0 0 0 0 0 0 1 0 0 0 0 0 0 0 1 0 1 0 1 0 0
 0 0 0 0 0 0 1 0 0 1 0 0 1 0 0 1 0 0 1 0 0 1 0 0 0 0 0 0 0 0
 1 0 0 1 0 0 0 0 0 0 1 0 1 0 1 0 0 0 0 1 0 0 0 0 0 0 0 0 0 0
 0 0 1 0 0 0 0 0 0 0 0 1 0 0 1 0 0 0 1 0 0 0 0 0 0 0 0 0 1 1
 0 0 0 0 0 0 0 1 1 0 0 0 0 0 0 0 0 1 0 0 0 0 0 0 1 0 1 0 1 0

Warwick 416: balanced orders and products, 6 products per order
10 30
 0 1 0 0 1 0 1 1 0 1 0 0 0 0 1 0 0 0 0 0 0 0 0 0 0 0 0 0 0 0
 0 0 0 0 0 0 0 0 1 0 0 0 0 0 0 0 0 0 0 1 1 0 0 1 0 0 1 0 1 0
 1 1 0 0 0 0 0 0 0 0 0 0 0 0 0 0 0 0 0 0 0 0 0 0 1 1 0 1 1 0
 0 0 1 0 0 0 0 0 1 0 0 0 0 1 0 0 0 1 0 0 0 1 0 0 0 1 0 0 0 0
 0 0 0 0 1 1 0 0 0 0 0 0 0 0 0 0 0 0 0 0 1 1 1 0 0 0 0 0 0 1
 0 0 0 0 0 0 1 1 0 0 0 1 0 1 0 0 1 0 0 0 0 0 0 0 0 0 0 0 0 1
 0 0 0 0 0 0 0 0 0 0 1 0 0 0 1 1 1 0 1 0 0 0 0 1 0 0 0 0 0 0
 0 0 1 1 0 0 0 0 0 0 0 1 0 0 0 1 0 1 0 0 0 0 1 0 0 0 0 0 0 0
 0 0 0 1 0 1 0 0 0 0 1 0 1 0 0 0 0 0 1 0 0 0 0 0 0 0 0 1 0 0
 1 0 0 0 0 0 0 0 0 1 0 0 1 0 0 0 0 0 0 1 0 0 0 0 1 0 1 0 0 0

Warwick 417: balanced orders and products, 6 products per order
10 30
 0 1 0 0 1 0 0 0 0 1 0 0 0 0 0 0 0 0 0 0 0 0 1 0 1 0 0 0 0 1
 0 0 0 0 1 0 0 0 0 0 0 0 1 0 0 1 0 0 0 0 1 1 0 0 0 1 0 0 0 0
 0 0 0 1 0 0 0 0 0 0 0 0 0 1 0 0 0 1 0 0 0 0 0 1 0 1 0 0 0 1
 0 0 0 0 0 0 0 1 0 0 0 1 0 1 0 0 0 0 0 1 0 1 0 0 0 0 0 1 0 0
 0 0 1 0 0 0 1 0 1 0 1 0 0 0 0 1 0 1 0 0 0 0 0 0 0 0 0 0 0 0
 0 0 0 0 0 0 1 0 0 1 0 1 0 0 0 0 1 0 0 0 0 0 0 0 0 0 1 0 1 0
 1 0 1 0 0 0 0 0 0 0 0 0 0 0 1 0 0 0 1 0 1 0 0 0 0 0 0 1 0 0
 0 0 0 0 0 1 0 1 0 0 0 0 1 0 0 0 0 0 0 0 0 0 1 1 0 0 1 0 0 0
 0 0 0 0 0 1 0 0 1 0 0 0 0 0 0 0 1 0 1 1 0 0 0 0 0 0 0 0 1 0
 1 1 0 1 0 0 0 0 0 0 1 0 0 0 1 0 0 0 0 0 0 0 0 0 1 0 0 0 0 0

Warwick 418: balanced orders and products, 6 products per order
10 30
 1 1 0 0 0 0 1 0 0 0 0 1 0 1 0 0 0 0 0 0 1 0 0 0 0 0 0 0 0 0
 0 0 0 0 1 0 0 0 1 0 0 0 0 0 0 1 0 1 1 0 0 0 0 0 0 0 0 0 1 0
 1 0 0 0 0 0 0 0 0 1 1 0 0 0 0 0 0 0 0 0 1 1 0 0 0 1 0 0 0 0
 0 0 0 0 0 1 0 0 0 1 0 0 1 0 1 0 0 0 0 0 0 0 1 0 1 0 0 0 0 0
 0 1 0 0 1 0 0 0 0 0 0 0 0 0 0 1 1 1 0 0 0 0 0 0 0 0 1 0 0 0
 0 0 1 0 0 0 0 1 1 0 0 1 0 0 0 0 0 0 0 0 0 0 0 1 0 0 0 0 1 0
 0 0 0 0 0 0 0 0 0 0 1 0 1 0 0 0 0 0 0 1 0 0 1 0 0 1 0 1 0 0
 0 0 0 1 0 1 0 1 0 0 0 0 0 1 0 0 0 0 0 0 0 0 0 1 1 0 0 0 0 0
 0 0 1 0 0 0 0 0 0 0 0 0 0 0 0 0 1 0 0 1 0 0 0 0 0 0 1 1 0 1
 0 0 0 1 0 0 1 0 0 0 0 0 0 0 1 0 0 0 1 0 0 1 0 0 0 0 0 0 0 1

Warwick 419: balanced orders and products, 6 products per order
10 30
 0 1 0 0 0 0 1 1 0 1 1 0 0 0 0 0 0 0 0 0 0 0 0 0 0 0 0 1 0 0
 0 0 1 1 0 0 0 1 0 1 0 0 0 0 0 0 0 0 0 0 1 0 0 1 0 0 0 0 0 0
 0 1 1 0 0 0 0 0 0 0 0 1 0 0 0 1 0 0 0 0 0 1 0 0 0 1 0 0 0 0
 0 0 0 0 0 0 0 0 0 0 0 1 1 1 0 0 0 0 0 0 0 0 0 0 1 1 0 0 0 1
 0 0 0 0 0 1 0 0 0 0 0 0 0 1 1 0 0 0 0 0 0 0 0 0 1 0 1 0 1 0
 0 0 0 0 0 1 0 0 0 0 1 0 0 0 0 0 0 1 0 1 0 0 1 0 0 0 0 0 1 0
 1 0 0 1 0 0 0 0 0 0 0 0 1 0 0 0 0 0 0 0 1 0 1 0 0 0 0 1 0 0
 0 0 0 0 0 0 1 0 1 0 0 0 0 0 0 0 1 0 1 1 0 0 0 0 0 0 1 0 0 0
 0 0 0 0 1 0 0 0 0 0 0 0 0 0 1 0 1 1 1 0 0 0 0 1 0 0 0 0 0 0
 1 0 0 0 1 0 0 0 1 0 0 0 0 0 0 1 0 0 0 0 0 1 0 0 0 0 0 0 0 1

Warwick 420: balanced orders and products, 6 products per order
10 30
 0 0 1 0 1 0 0 0 0 1 1 1 0 0 0 0 0 0 0 0 0 0 0 0 1 0 0 0 0 0
 0 0 0 0 1 0 0 0 0 0 0 0 0 1 0 0 1 0 0 0 0 0 0 0 1 0 0 1 1 0
 0 1 0 0 0 0 0 0 0 0 0 0 0 0 1 0 0 1 0 0 0 0 0 0 0 1 1 0 0 1
 1 0 0 0 0 0 1 0 0 0 1 0 0 0 1 0 0 0 0 0 0 0 1 0 0 1 0 0 0 0
 1 0 0 1 0 0 0 0 0 0 0 0 0 0 0 0 0 0 0 1 1 0 0 1 0 0 0 0 1 0
 0 1 0 0 0 0 0 0 1 0 0 0 0 0 0 1 0 1 1 0 0 0 0 1 0 0 0 0 0 0
 0 0 0 0 0 0 1 0 0 1 0 0 1 0 0 0 1 0 0 1 0 0 0 0 0 0 0 0 0 1
 0 0 0 1 0 1 0 0 0 0 0 0 1 0 0 0 0 0 1 0 0 1 0 0 0 0 1 0 0 0
 0 0 1 0 0 1 0 1 1 0 0 1 0 0 0 1 0 0 0 0 0 0 0 0 0 0 0 0 0 0
 0 0 0 0 0 0 0 1 0 0 0 0 0 1 0 0 0 0 0 0 1 1 1 0 0 0 0 1 0 0

Warwick 421: balanced orders and products, 9 products per order
10 30
 0 0 1 1 0 0 0 0 0 0 1 0 0 0 0 0 0 1 1 0 0 0 1 0 1 0 1 0 0 1
 0 1 1 0 0 0 0 1 0 1 0 0 0 0 0 0 0 0 0 0 1 1 0 0 1 1 0 0 0 1
 1 0 0 1 0 0 0 0 0 0 0 1 1 0 1 0 0 0 1 1 0 0 1 0 0 0 1 0 0 0
 0 0 1 0 0 0 0 1 0 0 0 0 1 1 0 1 1 1 0 0 0 0 0 0 1 1 0 0 0 0
 1 0 0 1 0 1 0 0 0 0 1 0 1 1 0 0 1 0 0 0 1 0 0 0 0 0 0 1 0 0
 0 1 0 0 0 0 1 0 1 1 0 0 0 1 0 0 1 0 1 0 0 0 0 1 0 0 0 1 0 0
 0 0 0 0 1 0 1 0 1 1 0 0 0 0 1 1 0 1 0 0 1 0 0 0 0 0 0 0 0 1
 1 0 0 0 0 1 0 0 1 0 1 1 0 0 1 0 0 0 0 1 0 0 0 1 0 0 0 0 1 0
 0 0 0 0 1 0 1 0 0 0 0 1 0 0 0 1 0 0 0 0 0 1 0 1 0 1 0 1 1 0
 0 1 0 0 1 1 0 1 0 0 0 0 0 0 0 0 0 0 0 1 0 1 1 0 0 0 1 0 1 0

Warwick 422: balanced orders and products, 9 products per order
10 30
 0 0 1 0 0 0 0 0 0 0 0 1 0 0 0 1 0 1 0 0 1 0 1 0 0 1 1 0 0 1
 0 0 0 0 1 0 0 1 0 1 1 0 0 1 0 0 1 0 1 0 0 0 0 0 0 1 0 1 0 0
 0 1 0 0 0 0 1 0 0 0 0 0 1 0 1 0 0 1 0 0 1 0 0 0 0 0 1 0 1 1
 0 1 1 0 0 1 1 1 0 0 0 1 1 0 0 0 0 0 0 0 0 0 0 0 0 0 0 0 1 1
 1 1 0 0 0 1 0 0 0 0 0 0 0 1 1 0 0 0 1 0 1 0 0 0 1 0 0 1 0 0
 0 0 0 0 1 0 1 0 1 1 1 0 0 0 0 0 0 0 0 0 0 0 1 1 0 1 1 0 0 0
 1 0 1 1 0 0 0 0 1 0 0 0 0 0 0 1 0 0 0 0 0 1 1 1 1 0 0 0 0 0
 1 0 0 1 0 1 0 0 1 0 0 0 1 0 0 0 0 0 1 1 0 1 0 1 0 0 0 0 0 0
 0 0 0 0 0 0 0 1 0 1 1 0 0 0 1 1 1 1 0 1 0 0 0 0 0 0 0 0 1 0
 0 0 0 1 1 0 0 0 0 0 0 1 0 1 0 0 1 0 0 1 0 1 0 0 1 0 0 1 0 0

Warwick 423: balanced orders and products, 9 products per order
10 30
 0 0 0 1 1 1 0 0 0 0 0 0 0 0 1 1 0 0 1 1 0 1 0 0 1 0 0 0 0 0
 0 0 0 0 0 0 0 0 1 0 1 0 1 0 0 0 0 0 0 0 0 1 0 1 1 0 0 1 1 1
 0 0 0 0 1 0 1 0 0 0 0 0 0 0 0 0 1 1 1 0 1 0 0 0 1 0 0 1 0 1
 0 1 0 0 0 1 0 0 0 1 0 1 0 0 0 0 0 0 0 1 0 1 0 0 0 1 1 0 1 0
 0 1 1 1 0 0 0 0 0 0 1 0 0 1 1 0 0 1 0 0 1 0 0 0 0 0 0 1 0 0
 1 0 0 0 0 0 1 1 0 0 0 1 1 1 0 1 0 0 0 0 0 0 1 1 0 0 0 0 0 0
 1 0 1 0 0 1 0 1 0 0 0 0 1 1 0 0 0 0 1 0 0 0 1 0 0 0 1 0 0 0
 0 0 0 1 0 0 0 0 1 1 0 0 0 0 1 1 1 0 0 0 0 0 1 1 0 0 0 0 0 1
 1 0 1 0 1 0 0 0 0 0 1 1 0 0 0 0 0 0 0 0 1 0 0 0 0 1 1 0 1 0
 0 1 0 0 0 0 1 1 1 1 0 0 0 0 0 0 1 1 0 1 0 0 0 0 0 1 0 0 0 0

Warwick 424: balanced orders and products, 9 products per order
10 30
 0 1 0 1 0 0 1 0 0 0 0 0 1 0 0 1 1 0 0 0 0 0 1 0 0 0 0 1 0 1
 0 0 1 0 0 1 0 1 1 0 1 0 0 1 0 0 0 0 0 0 0 1 0 0 0 1 0 0 1 0
 0 0 1 0 0 1 0 1 0 0 0 1 0 1 0 0 0 0 0 0 1 1 1 0 0 0 0 0 0 1
 1 0 0 0 1 0 1 0 1 0 0 0 0 1 0 0 0 1 1 0 0 0 0 1 0 0 1 0 0 0
 1 0 0 0 1 0 0 1 0 0 1 0 0 0 1 0 0 0 0 1 0 1 1 0 1 0 0 0 0 0
 0 1 1 0 0 0 1 0 0 1 0 0 1 0 0 0 0 0 0 0 1 0 0 0 1 1 0 0 0 1
 0 0 0 0 0 0 0 0 0 0 0 0 0 0 1 1 1 1 0 1 1 0 0 1 0 0 0 1 1 0
 1 0 0 1 0 1 0 0 1 1 0 1 0 0 0 1 0 0 0 0 0 0 0 0 0 0 1 1 0 0
 0 1 0 0 1 0 0 0 0 0 0 0 1 0 1 0 1 1 1 0 0 0 0 0 0 1 0 0 1 0
 0 0 0 1 0 0 0 0 0 1 1 1 0 0 0 0 0 0 1 1 0 0 0 1 1 0 1 0 0 0

Warwick 425: balanced orders and products, 9 products per order
10 30
 0 1 1 0 0 0 0 0 0 0 0 0 0 1 0 1 0 0 0 0 0 1 0 0 1 1 1 1 0 0
 0 0 0 0 0 0 1 1 1 0 0 0 0 0 0 0 0 1 0 1 1 0 0 1 0 1 0 0 1 0
 0 0 0 0 1 0 0 0 0 1 1 0 0 0 1 0 1 1 0 0 0 0 1 0 0 1 0 0 1 0
 1 0 0 0 1 0 1 1 0 1 0 0 0 0 0 1 0 0 0 0 1 0 1 0 0 0 1 0 0 0
 1 1 0 1 0 1 1 0 0 0 0 1 0 1 0 0 1 0 0 0 0 1 0 0 0 0 0 0 0 0
 0 0 1 1 0 0 0 0 1 1 0 0 0 0 0 1 0 0 0 1 0 0 0 1 0 0 0 1 0 1
 1 0 1 1 1 0 0 0 0 0 1 0 1 0 0 0 0 0 0 0 1 0 1 0 0 0 0 0 0 1
 0 1 0 0 0 1 0 0 0 0 1 0 1 1 1 0 0 0 1 1 0 0 0 0 1 0 0 0 0 0
 0 0 0 0 0 0 0 0 1 0 0 1 1 0 0 0 1 0 1 0 0 1 0 0 0 0 1 1 0 1
 0 0 0 0 0 1 0 1 0 0 0 1 0 0 1 0 0 1 1 0 0 0 0 1 1 0 0 0 1 0

Warwick 426: balanced orders and products, 9 products per order
10 30
 1 1 0 0 0 0 0 0 1 1 0 0 1 1 0 0 0 0 0 0 0 0 0 0 0 1 1 0 0 1
 1 0 0 0 0 0 0 0 0 0 0 1 1 0 0 1 0 0 0 0 0 1 1 1 0 0 1 0 0 1
 0 0 1 1 0 0 0 0 0 0 0 0 1 0 1 1 0 0 0 0 1 0 1 0 1 1 0 0 0 0
 0 0 0 1 0 1 0 1 1 0 1 0 0 0 0 0 1 0 1 1 0 0 0 0 0 0 0 1 0 0
 0 0 1 0 0 1 1 0 0 0 1 1 0 1 0 1 1 0 0 0 0 0 0 0 0 0 0 0 1 0
 0 1 0 0 1 1 0 0 0 0 0 0 0 0 1 0 1 1 0 0 1 0 0 0 0 0 0 1 1 0
 0 0 0 0 1 0 1 1 1 0 0 0 0 0 0 0 0 1 0 1 1 0 0 0 0 0 0 1 1 0
 0 0 1 1 0 0 0 0 0 1 0 0 0 0 1 0 0 0 1 1 0 1 0 0 1 0 0 0 0 1
 1 0 0 0 0 0 0 1 0 1 1 1 0 0 0 0 0 1 1 0 0 0 0 1 0 1 0 0 0 0
 0 1 0 0 1 0 1 0 0 0 0 0 0 1 0 0 0 0 0 0 0 1 1 1 1 0 1 0 0 0

Warwick 427: balanced orders and products, 9 products per order
10 30
 0 0 0 0 1 0 1 0 0 0 1 0 0 0 0 0 1 0 1 1 0 0 0 0 1 0 0 1 0 1
 1 1 0 0 0 0 0 0 0 1 0 1 0 1 0 1 1 0 0 0 0 1 0 0 0 0 1 0 0 0
 0 0 1 0 0 1 0 1 0 1 0 0 1 1 0 0 0 0 0 0 0 0 1 0 0 1 0 0 0 1
 0 0 0 0 0 0 0 0 1 0 0 0 0 0 1 1 0 1 0 0 1 0 0 1 0 0 0 1 1 1
 0 0 0 1 0 0 0 0 1 0 1 0 1 0 0 0 0 0 0 1 0 0 1 1 1 0 1 0 0 0
 1 1 1 0 0 0 1 1 0 0 1 0 0 0 0 1 0 1 1 0 0 0 0 0 0 0 0 0 0 0
 0 0 0 1 1 0 1 0 0 1 0 1 0 1 1 0 1 0 0 0 0 0 0 1 0 0 0 0 0 0
 0 0 0 1 1 0 0 1 1 0 0 0 1 0 1 0 0 0 0 0 1 0 1 0 0 0 0 0 1 0
 1 0 0 0 0 1 0 0 0 0 0 1 0 0 0 0 0 1 1 0 0 1 0 0 0 1 1 0 1 0
 0 1 1 0 0 1 0 0 0 0 0 0 0 0 0 0 0 0 0 1 1 1 0 0 1 1 0 1 0 0

Warwick 428: balanced orders and products, 9 products per order
10 30
 0 0 0 0 0 0 1 0 1 0 0 0 0 0 0 0 0 1 1 1 1 0 0 0 0 1 1 0 0 1
 0 1 0 0 0 0 0 0 0 1 0 1 0 1 1 1 0 0 1 0 0 1 1 0 0 0 0 0 0 0
 0 1 0 0 0 1 0 0 0 0 0 0 0 0 0 1 1 1 0 0 1 0 1 0 0 0 1 0 0 1
 0 0 0 0 1 0 1 1 0 0 0 0 0 0 0 0 1 1 0 1 0 0 0 1 0 1 0 1 0 0
 0 0 1 1 1 1 1 0 1 1 0 0 0 1 0 0 0 0 0 0 0 0 0 0 0 0 0 0 0 1
 0 1 0 0 0 1 0 1 0 0 1 0 1 0 1 0 0 0 1 0 0 1 0 0 0 0 1 0 0 0
 1 0 0 0 0 0 0 1 0 0 1 0 1 1 0 1 0 0 0 0 0 0 0 0 1 0 0 1 1 0
 1 0 1 1 0 0 0 0 0 1 0 1 0 0 1 0 0 0 0 1 0 0 1 0 0 0 0 0 1 0
 0 0 1 0 0 0 0 0 0 0 1 1 0 0 0 0 1 0 0 0 1 0 0 1 1 1 0 1 0 0
 1 0 0 1 1 0 0 0 1 0 0 0 1 0 0 0 0 0 0 0 0 1 0 1 1 0 0 0 1 0

Warwick 429: balanced orders and products, 9 products per order
10 30
 1 0 1 0 1 1 0 0 1 1 0 0 0 1 0 1 0 0 1 0 0 0 0 0 0 0 0 0 0 0
 1 0 0 0 0 0 0 0 0 0 0 0 1 0 0 0 1 1 0 1 1 0 0 0 0 1 1 1 0 0
 0 1 1 0 1 0 1 0 0 0 0 1 0 0 0 0 0 0 0 1 0 0 1 1 0 0 0 0 0 1
 0 0 0 0 0 0 0 1 1 1 1 0 0 1 0 1 0 0 0 0 0 0 1 0 1 0 0 0 1 0
 1 0 0 0 0 1 0 1 0 0 0 0 0 0 0 1 1 1 1 0 0 0 0 0 0 0 1 1 0 0
 0 0 0 1 0 1 0 0 0 0 0 0 1 1 1 0 0 0 0 0 1 1 0 0 1 0 0 0 1 0
 0 0 0 0 0 0 1 0 1 1 1 0 0 0 0 0 0 1 0 0 1 0 0 0 1 0 0 1 0 1
 0 0 1 0 1 0 0 1 0 0 0 1 1 0 1 0 0 0 0 0 0 1 0 0 0 1 1 0 0 0
 0 1 0 1 0 0 0 0 0 0 1 0 0 0 1 0 1 0 1 0 0 1 0 1 0 0 0 0 0 1
 0 1 0 1 0 0 1 0 0 0 0 1 0 0 0 0 0 0 0 1 0 0 1 1 0 1 0 0 1 0

Warwick 430: balanced orders and products, 9 products per order
10 30
 1 0 0 0 0 0 1 0 0 1 0 0 1 1 0 0 0 0 0 0 0 0 0 1 0 1 1 0 1 0
 0 0 0 1 0 1 0 1 0 0 0 0 1 0 1 0 1 0 0 0 0 0 0 0 1 1 0 1 0 0
 1 0 0 0 1 1 1 0 1 1 0 0 0 0 0 0 0 0 0 1 0 0 0 0 0 0 0 1 1 0
 0 1 1 0 0 0 0 0 1 0 0 0 0 0 0 1 1 0 0 0 1 1 1 0 0 0 0 1 0 0
 0 1 0 0 0 0 1 0 1 0 1 1 0 0 0 0 0 0 1 1 0 1 0 0 1 0 0 0 0 0
 0 0 0 0 0 0 0 0 0 1 0 0 0 0 0 1 0 1 1 0 0 0 1 1 1 0 1 0 1 0
 1 0 0 1 1 1 0 0 0 0 0 1 1 0 1 0 0 0 0 1 0 0 0 0 0 0 0 0 0 1
 0 0 0 0 0 0 0 1 0 0 1 1 0 1 0 0 1 0 0 0 1 0 0 1 0 0 1 0 0 1
 0 1 1 1 0 0 0 0 0 0 1 0 0 0 1 0 0 1 1 0 0 0 1 0 0 1 0 0 0 0
 0 0 1 0 1 0 0 1 0 0 0 0 0 1 0 1 0 1 0 0 1 1 0 0 0 0 0 0 0 1

Warwick 431: balanced orders and products, 12 products per order
10 30
 1 1 0 0 1 1 0 0 1 0 0 1 0 1 0 1 0 0 0 0 1 0 0 0 1 1 1 0 0 0
 0 0 0 0 0 0 1 0 0 0 1 1 1 0 1 0 1 1 1 1 1 0 0 0 0 0 1 0 0 1
 0 1 0 0 0 0 0 1 0 0 0 1 0 1 0 1 0 0 1 0 0 0 0 1 1 1 1 1 1 0
 1 0 1 1 1 0 0 0 0 1 1 0 0 1 1 0 1 0 0 1 0 0 0 0 0 0 0 0 1 1
 1 1 1 1 1 1 1 0 0 1 0 0 0 0 0 0 0 0 0 0 1 1 0 1 0 0 0 1 0 0
 1 0 1 0 0 0 1 1 0 0 0 0 1 0 1 1 0 1 1 0 0 0 1 0 0 1 1 0 0 0
 0 0 0 0 0 0 0 0 1 1 0 0 0 0 0 1 1 1 1 0 1 1 1 1 1 0 0 0 0 1
 0 1 0 1 0 1 0 1 1 0 0 0 1 0 1 0 0 0 0 1 0 1 1 0 1 0 0 1 0 0
 0 0 1 1 1 0 1 0 1 0 1 1 0 1 0 0 0 0 0 0 0 1 0 0 0 0 0 1 1 1
 0 0 0 0 0 1 0 1 0 1 1 0 1 0 0 0 1 1 0 1 0 0 1 1 0 1 0 0 1 0

Warwick 432: balanced orders and products, 12 products per order
10 30
 1 1 1 0 0 0 1 0 0 1 0 0 1 0 0 0 1 0 0 0 1 0 1 0 1 1 0 0 0 1
 0 1 0 1 0 0 1 1 1 0 1 0 0 0 0 0 0 0 0 1 1 1 1 0 0 0 0 0 1 1
 1 1 0 0 0 1 0 0 0 1 0 1 0 0 1 0 1 0 0 0 0 0 1 0 1 1 1 1 0 0
 1 0 0 1 0 1 1 1 0 0 0 0 1 1 1 1 0 0 0 0 0 0 0 1 0 0 0 1 1 0
 1 0 1 0 1 0 0 0 1 0 0 0 0 0 0 0 1 0 1 0 1 1 0 0 0 1 0 1 1 1
 0 0 0 1 1 0 1 0 0 1 1 1 1 0 0 1 0 0 0 0 0 1 0 0 1 0 1 1 0 0
 0 1 1 0 1 1 0 1 0 0 0 1 0 1 0 0 0 1 0 1 0 0 0 1 1 0 0 0 0 1
 0 0 0 0 1 0 0 1 1 0 1 0 0 0 1 1 1 1 1 0 0 1 1 1 0 0 0 0 0 0
 0 0 0 1 0 0 0 0 1 0 1 1 1 1 0 0 0 1 1 1 0 0 0 0 0 1 1 0 1 0
 0 0 1 0 0 1 0 0 0 1 0 0 0 1 1 1 0 1 1 1 1 0 0 1 0 0 1 0 0 0

Warwick 433: balanced orders and products, 12 products per order
10 30
 0 0 1 0 0 0 1 1 0 0 1 1 1 0 1 0 1 0 0 0 0 0 0 1 0 0 1 1 0 1
 0 1 0 1 1 0 1 0 0 1 0 1 1 1 0 0 0 0 1 0 0 0 1 1 0 1 0 0 0 0
 0 0 0 0 0 0 1 1 0 0 1 0 0 1 1 0 0 1 1 0 1 1 0 0 1 1 0 0 1 0
 0 0 1 1 0 0 0 1 0 0 0 0 0 0 0 1 1 0 0 0 1 1 0 1 1 1 0 0 1 1
 1 0 1 0 1 1 0 0 1 1 1 1 0 1 1 1 0 0 0 1 0 0 0 0 0 0 0 0 0 0
 1 0 1 0 0 1 0 0 1 1 0 0 0 0 0 0 0 1 0 1 1 0 1 0 0 0 0 1 1 1
 1 0 0 1 0 0 1 0 1 0 0 0 0 0 1 0 1 1 0 1 0 1 0 0 0 0 1 1 0 1
 1 1 0 1 1 1 0 0 0 0 0 0 1 0 0 1 1 0 0 0 0 0 0 1 1 1 0 1 0 0
 0 1 0 0 0 1 0 0 0 1 0 0 0 1 0 1 0 1 1 1 1 0 1 0 1 0 1 0 0 0
 0 1 0 0 1 0 0 1 1 0 1 1 1 0 0 0 0 0 1 0 0 1 1 0 0 0 1 0 1 0

Warwick 434: balanced orders and products, 12 products per order
10 30
 0 1 0 1 0 0 0 0 0 1 1 1 0 0 1 0 1 1 0 0 1 0 1 0 0 0 1 1 0 0
 0 0 1 1 1 1 0 0 1 0 0 0 1 1 0 1 0 0 0 1 0 0 1 1 1 0 0 0 0 0
 1 0 1 0 1 0 1 0 0 0 0 1 0 1 1 0 1 0 0 0 0 0 0 1 0 0 0 1 1 1
 0 1 0 0 0 0 0 0 0 0 0 1 1 0 0 0 0 1 1 1 1 1 0 1 0 1 0 1 1 0
 1 1 1 1 0 0 0 1 1 0 0 0 0 0 0 0 0 0 1 0 0 1 1 0 0 1 1 0 0 1
 1 0 0 0 1 1 1 0 0 1 0 0 0 0 0 0 1 0 1 1 0 1 0 0 1 0 0 0 1 1
 0 0 1 0 0 0 1 1 1 1 0 0 1 0 1 0 0 1 1 0 0 0 0 0 1 1 0 0 1 0
 1 0 0 1 1 0 0 1 0 0 1 0 0 1 1 1 0 0 0 0 0 0 0 0 0 1 1 1 0 1
 0 0 0 0 0 1 0 1 1 0 1 0 0 1 0 1 0 0 0 0 1 1 1 1 1 0 1 0 0 0
 0 1 0 0 0 1 1 0 0 1 1 1 1 0 0 1 1 1 0 1 1 0 0 0 0 0 0 0 0 0

Warwick 435: balanced orders and products, 12 products per order
10 30
 0 0 1 0 1 0 0 1 0 0 1 0 1 0 0 0 0 0 1 1 1 0 0 1 1 0 0 1 1 0
 0 1 1 1 0 0 1 0 1 0 0 1 1 0 1 1 0 0 0 0 0 1 1 0 1 0 0 0 0 0
 0 0 0 1 0 1 0 0 0 1 0 1 0 0 0 1 0 0 1 0 1 1 0 1 1 0 0 0 1 1
 1 1 0 1 0 1 0 0 1 1 1 0 0 0 1 0 1 1 0 0 0 1 0 0 0 0 1 0 0 0
 0 0 0 0 1 0 0 0 1 1 0 0 0 0 1 1 0 1 1 0 1 1 1 0 1 0 0 1 0 0
 1 0 0 0 0 0 1 1 1 0 0 0 0 1 0 0 0 1 1 1 0 0 0 1 0 1 1 0 1 0
 1 1 1 0 1 1 1 0 0 0 0 1 0 1 0 0 1 0 0 0 1 0 0 0 0 0 1 0 0 1
 0 1 1 0 1 0 1 0 0 0 1 1 0 0 0 0 0 0 0 1 0 0 1 0 0 1 1 1 0 1
 1 0 0 0 0 0 0 1 0 0 0 0 1 1 0 1 1 1 0 0 0 0 1 1 0 1 0 1 0 1
 0 0 0 1 0 1 0 1 0 1 1 0 1 1 1 0 1 0 0 1 0 0 0 0 0 1 0 0 1 0

Warwick 436: balanced orders and products, 12 products per order
10 30
 0 1 0 0 1 1 1 1 0 1 0 0 0 0 0 0 0 1 0 1 0 0 0 1 0 0 1 1 0 1
 0 1 0 0 1 1 0 0 1 1 1 0 0 1 0 1 0 1 1 0 0 0 1 0 1 0 0 0 0 0
 1 0 1 0 0 0 0 1 0 0 1 0 0 1 1 0 1 0 1 1 1 1 0 0 0 0 1 0 0 0
 1 0 0 0 0 0 0 0 0 0 0 0 1 1 0 1 1 1 1 1 1 0 1 1 0 1 0 0 0 0
 0 0 0 1 0 0 1 1 0 0 1 1 1 0 0 0 0 0 1 0 1 1 0 0 0 0 0 1 1 1
 1 1 0 1 0 1 0 0 1 1 0 1 0 0 0 0 0 0 0 0 1 1 0 0 1 1 0 0 1 0
 0 0 0 0 1 0 1 0 1 0 0 0 1 0 1 1 1 0 0 0 0 0 0 0 1 0 1 1 1 1
 1 1 1 0 1 1 0 0 1 0 0 0 0 0 1 1 0 1 0 0 0 0 1 1 1 0 0 0 0 0
 0 0 1 1 0 0 0 1 0 1 0 1 1 0 1 0 0 0 0 0 0 1 0 1 0 1 0 1 1 0
 0 0 1 1 0 0 1 0 0 0 1 1 0 1 0 0 1 0 0 1 0 0 1 0 0 1 1 0 0 1

Warwick 437: balanced orders and products, 12 products per order
10 30
 1 0 0 0 0 1 1 0 0 1 1 1 1 0 0 0 0 0 0 0 0 0 0 0 1 1 1 0 1 1
 0 0 0 1 1 0 0 1 0 0 0 0 0 1 0 1 1 1 0 1 0 1 1 0 1 1 0 0 0 0
 0 0 0 0 0 1 0 0 1 0 1 0 0 1 0 0 0 0 1 0 1 1 0 1 0 1 1 1 1 0
 0 0 1 0 0 0 1 1 0 1 1 1 1 1 0 1 1 0 0 0 0 1 0 0 0 0 0 0 1 0
 0 0 1 0 0 1 0 0 1 1 1 0 0 0 0 0 0 0 0 1 0 0 1 1 0 1 1 1 0 1
 1 1 0 0 1 0 0 1 0 1 0 1 1 0 1 0 1 1 0 0 1 0 0 0 0 0 0 1 0 0
 1 1 0 1 1 0 1 0 0 0 0 1 0 0 1 0 0 0 1 1 1 0 1 0 0 0 0 0 0 1
 0 1 0 1 0 0 0 0 1 0 0 0 0 0 1 1 1 1 1 0 0 0 0 1 1 0 1 1 0 0
 0 0 1 0 0 1 1 1 1 0 0 0 0 0 1 0 0 0 0 0 1 1 1 1 1 0 0 0 0 1
 1 1 1 1 1 0 0 0 0 0 0 0 1 1 0 1 0 1 1 1 0 0 0 0 0 0 0 0 1 0

Warwick 438: balanced orders and products, 12 products per order
10 30
 1 0 1 0 1 0 0 1 1 1 1 0 1 0 1 1 0 0 0 0 0 0 0 0 1 0 0 1 0 0
 1 0 0 0 1 1 1 0 0 0 1 0 1 0 1 0 1 0 0 1 0 0 0 0 1 0 0 1 1 0
 1 1 1 1 0 0 0 1 1 0 0 1 0 0 0 1 0 1 0 0 1 0 0 0 0 0 1 0 0 1
 0 1 0 0 0 0 0 1 0 0 0 0 0 0 1 1 1 0 0 1 1 1 1 0 0 0 1 1 0 1
 0 1 0 1 1 1 0 0 0 0 0 0 0 1 0 1 0 1 1 0 1 1 0 0 0 1 0 0 1 0
 0 0 0 0 0 1 1 1 1 1 1 0 1 1 0 0 0 1 1 1 0 1 0 0 0 0 0 0 0 0
 0 0 0 0 0 0 1 0 0 1 0 1 1 0 1 0 1 0 1 0 0 0 1 1 1 1 0 0 0 1
 0 1 1 1 0 1 0 0 1 1 0 0 0 0 0 0 0 0 0 0 0 1 1 1 0 1 0 1 0 1
 1 0 0 1 0 0 1 0 0 0 1 1 0 1 0 0 1 1 0 0 1 0 0 1 0 0 1 0 1 0
 0 0 1 0 1 0 0 0 0 0 0 1 0 1 0 0 0 0 1 1 0 0 1 1 1 1 1 0 1 0

Warwick 439: balanced orders and products, 12 products per order
10 30
 0 0 0 1 0 1 1 0 1 1 1 0 0 0 1 0 0 0 1 0 0 0 0 1 1 1 1 0 0 0
 0 1 0 0 0 1 1 0 0 0 0 1 1 0 1 0 0 0 1 0 1 0 0 0 0 1 0 1 1 1
 1 0 0 0 1 1 0 0 0 1 1 1 1 0 0 1 0 0 0 1 1 0 0 1 0 0 0 0 1 0
 1 1 1 1 1 0 1 0 0 0 0 0 0 1 1 0 0 0 0 0 0 1 1 1 0 0 0 0 0 1
 0 0 1 1 1 0 0 1 0 0 0 0 1 1 0 1 0 0 0 0 0 1 1 0 1 1 0 1 0 0
 0 1 0 0 0 0 0 1 0 0 1 0 1 0 0 0 1 1 0 0 0 1 0 0 1 0 1 1 1 1
 0 0 0 0 0 1 1 1 1 0 1 1 0 0 0 1 1 1 0 0 1 0 1 0 0 0 0 0 0 1
 1 1 1 0 0 0 0 0 1 1 0 1 0 0 0 1 0 1 1 1 0 0 0 0 0 0 1 1 0 0
 1 0 0 0 1 0 0 0 1 0 0 0 0 1 0 0 1 1 0 1 1 0 1 0 1 1 0 0 1 0
 0 0 1 1 0 0 0 1 0 1 0 0 0 1 1 0 1 0 1 1 0 1 0 1 0 0 1 0 0 0

Warwick 440: balanced orders and products, 12 products per order
10 30
 1 0 1 0 0 0 0 0 1 0 0 1 0 0 0 1 0 1 0 0 1 0 1 0 0 1 1 1 1 0
 1 0 0 0 0 1 1 1 0 1 0 0 0 1 1 1 0 0 0 0 0 1 0 0 0 0 1 1 0 1
 0 0 0 0 1 0 1 1 0 0 1 1 0 0 0 0 1 0 0 1 1 0 0 1 1 1 0 0 0 1
 0 1 0 0 1 0 0 1 0 1 1 1 0 1 0 0 0 1 0 0 0 1 0 0 1 0 0 1 1 0
 0 1 1 1 0 0 0 0 1 0 1 0 1 0 0 0 1 0 0 1 1 0 1 0 1 1 0 0 0 0
 0 1 1 1 1 0 0 0 0 0 0 0 1 1 0 1 0 0 1 1 0 0 1 0 1 0 1 0 0 0
 0 0 1 1 0 1 1 1 0 0 1 0 1 0 1 0 0 0 0 0 0 0 0 1 0 0 0 1 1 1
 1 1 0 1 0 0 0 0 0 0 0 0 1 1 0 0 1 1 1 0 0 1 1 1 0 0 0 0 1 0
 0 0 0 0 1 1 1 0 1 1 0 1 0 0 1 0 1 1 1 0 0 0 0 1 0 1 0 0 0 0
 1 0 0 0 0 1 0 0 1 1 0 0 0 0 1 1 0 0 1 1 1 1 0 0 0 0 1 0 0 1

Warwick 441: balanced orders and products, 15 products per order
10 30
 0 1 0 0 0 0 0 1 0 1 0 0 1 1 0 0 1 1 1 1 1 0 1 0 0 1 0 1 1 1
 1 0 0 0 1 1 0 1 1 0 1 0 0 1 1 1 1 0 1 0 0 1 0 0 1 1 1 0 0 0
 0 0 1 0 1 1 0 0 1 1 0 0 0 1 1 1 1 0 0 1 0 0 0 1 1 1 0 0 1 1
 1 0 1 1 1 0 1 0 0 0 1 0 1 1 1 1 1 0 1 0 1 0 0 0 1 0 0 0 1 0
 1 1 0 1 0 0 0 0 1 0 1 1 1 0 0 1 0 0 0 0 1 1 1 0 0 1 1 1 0 1
 1 1 1 0 0 1 1 0 1 1 1 0 1 0 0 0 0 0 0 1 0 1 0 1 1 1 1 0 0 0
 0 1 0 1 0 1 1 1 1 0 1 1 0 0 1 0 0 1 0 1 0 1 1 1 0 0 0 1 0 0
 1 0 0 1 1 1 1 0 0 0 0 1 1 0 0 0 0 1 1 0 1 0 1 1 1 0 1 0 0 1
 0 1 1 1 1 0 0 1 0 1 0 1 0 1 1 0 1 1 0 0 1 1 0 0 0 0 0 1 1 0
 0 0 1 0 0 0 1 1 0 1 0 1 0 0 0 1 0 1 1 1 0 0 1 1 0 0 1 1 1 1

Warwick 442: balanced orders and products, 15 products per order
10 30
 1 0 0 1 0 1 0 1 1 1 1 0 1 0 0 1 0 1 1 0 1 0 0 1 0 0 0 1 1 0
 0 1 0 0 1 1 1 1 0 0 1 0 0 1 0 1 1 1 1 0 1 0 0 1 0 1 0 0 0 1
 1 0 0 1 1 0 0 0 1 0 0 1 0 1 1 0 1 1 0 1 1 0 1 0 1 0 1 1 0 0
 0 1 1 0 0 1 0 0 0 1 0 0 1 1 0 1 0 1 1 1 0 1 1 0 0 1 1 0 0 1
 1 0 0 1 0 0 0 1 0 1 0 1 1 0 0 0 1 0 0 1 0 1 1 1 1 1 1 0 1 0
 0 1 1 0 1 0 1 1 1 1 0 1 0 0 1 1 1 1 0 0 0 1 0 0 0 0 0 1 1 0
 0 0 0 1 0 1 1 0 1 1 1 0 0 0 0 0 1 0 0 1 0 1 1 1 1 0 1 0 1 1
 1 1 1 0 1 1 1 1 0 0 1 1 1 0 1 0 0 0 1 0 0 1 0 0 0 0 1 1 0 0
 1 0 1 0 1 0 1 0 0 0 1 1 0 1 1 1 0 0 0 0 1 0 0 1 1 1 0 1 0 1
 0 1 1 1 0 0 0 0 1 0 0 0 1 1 1 0 0 0 1 1 1 0 1 0 1 1 0 0 1 1

Warwick 443: balanced orders and products, 15 products per order
10 30
 0 0 1 0 0 1 1 1 0 0 1 1 0 0 0 0 1 1 1 1 0 0 1 1 1 0 1 1 0 0
 1 0 1 0 1 0 0 0 1 0 0 0 1 1 1 1 1 0 0 0 1 1 0 0 0 1 1 0 1 1
 0 0 1 1 0 0 0 0 1 1 1 0 1 0 0 1 0 1 1 0 1 0 1 1 1 0 0 1 0 1
 0 1 0 0 0 1 0 1 0 0 0 0 0 1 1 0 0 0 1 1 1 1 1 1 0 1 1 1 1 0
 1 1 0 0 1 0 1 0 1 1 1 1 1 1 0 0 0 1 0 1 0 1 0 0 0 0 1 0 1 0
 0 1 1 1 1 0 1 1 0 0 1 0 0 1 1 1 0 0 0 1 0 0 1 0 0 0 1 1 0 1
 1 0 0 1 0 1 0 1 0 1 0 1 0 0 1 1 1 1 1 0 1 0 1 0 0 1 0 1 0 0
 0 1 0 1 1 0 0 1 0 1 0 1 1 0 1 1 0 1 0 0 0 1 0 0 1 1 0 0 1 1
 1 1 1 1 0 1 1 0 1 1 0 1 0 1 0 0 1 0 0 1 0 0 0 1 1 0 0 0 0 1
 1 0 0 0 1 1 1 0 1 0 1 0 1 0 0 0 1 0 1 0 1 1 0 1 1 1 0 0 1 0

Warwick 444: balanced orders and products, 15 products per order
10 30
 0 0 0 0 0 0 0 1 1 1 0 1 0 1 1 0 1 1 1 0 0 1 0 1 0 0 1 1 1 1
 0 1 1 1 1 1 1 0 0 1 0 1 1 0 0 0 0 1 1 1 0 1 0 0 1 1 0 0 0 0
 1 1 1 0 0 1 0 0 1 1 0 0 1 0 1 1 1 0 0 0 0 0 1 1 0 1 1 0 0 1
 0 1 0 1 0 0 1 0 1 0 0 0 1 1 1 0 0 1 1 1 0 1 1 0 1 0 0 1 1 0
 1 0 1 0 1 1 0 0 0 0 1 0 0 0 1 1 1 1 0 0 1 1 1 1 0 0 1 1 0 0
 1 0 1 0 0 1 1 1 0 1 0 1 1 1 1 0 0 1 0 1 0 0 0 0 0 0 0 1 1 1
 1 1 0 1 1 0 1 1 1 0 1 1 0 1 0 1 0 0 1 0 1 0 0 0 1 0 1 0 0 0
 1 0 0 0 1 1 1 1 0 0 1 0 0 0 0 1 0 0 1 1 1 0 1 0 1 1 0 0 1 1
 0 0 0 1 1 0 0 0 1 1 1 1 1 0 0 0 1 0 0 1 1 0 0 1 0 1 0 1 1 1
 0 1 1 1 0 0 0 1 0 0 1 0 0 1 0 1 1 0 0 0 1 1 1 1 1 1 1 0 0 0

Warwick 445: balanced orders and products, 15 products per order
10 30
 0 0 0 0 0 1 0 1 1 1 0 1 0 1 0 1 1 0 0 1 0 0 1 1 1 0 1 1 1 0
 1 1 0 1 0 0 0 0 0 0 1 0 1 0 1 0 1 0 1 1 1 1 0 0 1 0 0 1 1 1
 0 0 1 1 1 1 0 1 0 1 1 0 0 1 0 0 0 0 1 0 0 0 1 1 0 1 1 0 1 1
 0 1 1 0 0 1 1 1 1 1 0 1 1 0 0 0 0 1 1 1 0 0 0 1 0 1 0 0 1 0
 1 0 0 0 1 0 1 1 0 0 0 0 1 1 1 0 0 1 1 1 0 1 0 0 1 1 0 1 1 0
 1 1 1 0 1 0 0 0 1 0 1 1 0 0 0 0 1 1 0 1 0 1 1 1 0 0 0 1 0 1
 1 1 0 1 1 0 1 0 1 1 1 0 1 0 0 1 0 1 0 0 1 0 1 0 0 0 1 0 0 1
 0 1 1 0 0 1 0 0 0 0 1 0 1 1 1 1 1 0 1 0 1 1 0 0 1 1 0 1 0 0
 1 0 1 1 1 1 1 1 0 0 0 1 0 0 1 1 0 1 0 0 1 0 1 0 0 1 1 0 0 0
 0 0 0 1 0 0 1 0 1 1 0 1 0 1 1 1 1 0 0 0 1 1 0 1 1 0 1 0 0 1

Warwick 446: balanced orders and products, 15 products per order
10 30
 1 0 0 0 1 1 1 0 1 1 0 1 1 1 0 0 1 1 1 0 0 0 0 1 0 0 0 1 0 1
 0 0 1 1 1 0 1 1 0 1 1 0 1 1 0 1 0 0 1 1 0 1 1 0 0 0 0 0 1 0
 0 0 1 0 0 1 1 1 0 0 0 1 1 1 0 1 1 1 0 1 0 1 1 0 0 1 0 1 0 0
 1 0 1 1 1 0 1 1 0 0 1 0 0 0 0 0 0 0 0 1 0 1 1 1 0 1 1 0 1 1
 0 1 1 0 0 0 0 1 1 1 1 1 0 0 1 1 1 1 0 0 0 0 0 1 1 0 1 0 1 0
 1 1 0 1 1 1 0 0 1 0 0 1 0 0 1 0 1 1 1 0 1 0 0 0 1 1 0 1 0 0
 0 0 0 0 0 0 0 0 1 1 0 0 0 1 1 0 0 0 1 1 1 1 1 1 1 1 1 0 1 1
 1 1 1 1 0 1 0 0 0 1 1 0 0 0 1 1 0 0 0 0 1 0 0 0 1 1 1 1 0 1
 0 1 0 1 1 1 1 1 0 0 0 0 1 1 0 0 1 0 0 0 1 0 0 1 1 0 0 1 1 1
 1 1 0 0 0 0 0 0 1 0 1 1 1 0 1 1 0 1 1 1 1 1 1 0 0 0 1 0 0 0

Warwick 447: balanced orders and products, 15 products per order
10 30
 1 1 0 1 1 1 0 1 1 0 0 1 0 0 0 1 0 0 1 1 0 1 1 1 0 0 0 1 0 0
 1 0 0 0 1 1 0 0 0 1 0 1 1 1 0 0 1 0 1 0 0 1 1 0 1 1 0 1 0 1
 0 0 1 1 0 0 1 1 0 1 1 0 0 1 1 0 1 0 0 1 1 1 0 1 0 0 1 0 1 0
 0 1 0 0 0 0 0 1 0 1 0 1 1 1 0 1 0 1 0 0 1 1 1 1 1 0 1 0 0 1
 1 1 1 1 0 0 1 0 0 0 0 1 0 0 1 1 1 1 1 0 1 1 0 0 1 0 0 1 0 0
 0 0 1 0 1 1 0 0 0 1 1 1 1 0 0 1 0 0 0 1 0 0 1 1 1 1 0 1 1 0
 1 0 0 0 1 0 1 1 1 0 1 0 1 1 1 0 1 0 0 0 0 0 0 0 1 1 0 1 1 1
 0 0 1 0 1 1 1 0 1 1 0 0 0 0 1 0 0 1 1 1 0 0 1 0 0 1 1 0 1 1
 1 1 1 1 0 1 1 0 1 0 1 0 0 0 0 0 0 1 1 1 1 0 0 1 0 0 1 0 1 0
 0 1 0 1 0 0 0 1 1 0 1 0 1 1 1 1 1 1 0 0 1 0 0 0 0 1 1 0 0 1

Warwick 448: balanced orders and products, 15 products per order
10 30
 0 0 0 1 1 1 1 1 0 0 0 1 0 0 0 1 1 1 1 1 0 0 0 0 1 1 1 0 1 0
 1 1 0 0 0 1 0 0 1 1 0 0 1 0 0 1 1 0 0 1 1 1 0 0 1 1 1 0 1 0
 1 0 0 1 0 0 0 1 1 1 0 1 1 1 1 0 1 0 0 0 0 0 0 1 1 0 0 1 1 1
 0 0 1 1 1 0 1 1 0 1 1 0 1 1 1 0 0 1 1 0 0 1 0 0 0 1 0 0 0 1
 1 1 1 0 0 0 1 0 1 0 0 1 1 0 1 0 0 0 0 0 1 0 1 1 1 1 1 0 0 1
 0 0 0 0 1 1 0 1 1 0 1 0 1 1 0 1 0 1 0 1 0 1 1 1 0 0 1 1 0 0
 1 1 1 0 0 1 0 0 0 1 0 1 0 0 1 0 1 0 1 1 1 1 1 1 0 0 0 1 0 0
 1 1 1 0 0 1 1 0 1 0 1 0 0 1 1 0 1 0 0 0 1 0 0 0 0 0 1 1 1 1
 0 0 0 1 1 0 1 1 0 1 1 0 0 0 0 1 0 1 1 1 1 0 1 1 1 0 0 0 0 1
 0 1 1 1 1 0 0 0 0 0 1 1 0 1 0 1 0 1 1 0 0 1 1 0 0 1 0 1 1 0

Warwick 449: balanced orders and products, 15 products per order
10 30
 1 1 1 0 0 0 1 1 0 0 1 0 0 1 1 0 1 0 0 1 1 0 0 1 0 1 0 1 0 1
 0 1 0 1 0 1 0 1 1 1 1 0 0 0 1 1 0 0 1 1 1 0 0 0 1 0 0 0 1 1
 0 0 1 1 1 1 0 0 1 0 0 1 1 1 0 1 0 0 0 0 1 0 1 1 1 0 1 1 0 0
 1 1 1 0 1 0 1 1 1 0 1 1 1 0 0 1 0 0 0 1 0 0 1 1 0 0 1 0 0 0
 0 1 0 1 0 1 1 1 0 0 1 1 0 1 1 0 1 1 1 0 0 0 0 0 1 1 0 0 1 0
 0 1 1 1 1 1 0 0 1 1 0 1 1 0 0 0 0 1 0 1 0 1 1 0 0 0 1 1 0 0
 1 0 1 0 0 0 0 0 0 1 1 0 0 1 0 1 1 1 0 0 1 1 1 0 0 1 1 0 1 1
 0 0 0 0 1 0 1 1 0 0 0 0 1 1 1 1 0 0 1 1 1 1 1 0 0 1 0 0 1 1
 1 0 0 1 1 1 0 0 1 1 0 0 1 0 0 0 1 1 1 0 0 1 0 1 1 0 0 1 1 0
 1 0 0 0 0 0 1 0 0 1 0 1 0 0 1 0 1 1 1 0 0 1 0 1 1 1 1 1 0 1

Warwick 450: balanced orders and products, 15 products per order
10 30
 0 1 0 0 0 0 1 0 0 1 0 1 1 1 1 1 1 0 1 1 1 0 0 0 1 0 0 0 1 1
 1 0 1 1 0 0 0 0 1 1 1 1 0 1 1 1 1 0 1 1 0 0 0 0 0 0 0 0 1 1
 0 1 0 0 1 1 0 1 1 0 0 0 1 0 1 1 1 1 0 0 0 0 0 1 0 1 1 0 1 1
 1 1 1 0 0 0 1 1 1 0 0 0 1 1 0 0 0 0 0 1 0 1 0 0 1 1 0 1 1 1
 1 0 0 1 0 1 1 1 1 1 1 0 0 1 1 0 1 1 0 0 0 1 1 0 0 0 1 0 0 0
 0 1 1 0 1 1 0 1 0 0 1 0 1 0 0 0 0 1 1 0 1 0 1 0 1 1 0 1 1 0
 1 0 0 1 1 0 1 0 0 0 1 0 0 0 1 0 0 0 1 1 1 1 1 1 0 1 1 1 0 0
 0 1 1 1 1 1 1 0 1 1 0 1 0 0 0 1 0 1 0 0 1 0 0 1 1 0 1 0 0 0
 0 0 1 0 0 1 0 1 0 1 1 1 0 0 0 1 0 1 1 0 0 1 1 1 1 0 1 1 0 0
 1 0 0 1 1 0 0 0 0 0 0 1 1 1 0 0 1 0 0 1 1 1 1 1 0 1 0 1 0 1

