Warwick 1591: balanced products, 2 products per order
30 15
 0 0 0 0 0 0 0 0 0 1 0 0 0 0 1
 0 0 0 0 1 0 0 0 1 0 0 0 0 0 0
 0 0 0 0 0 1 0 0 0 1 0 0 0 0 0
 0 0 1 0 0 1 0 0 0 0 0 0 0 0 0
 0 0 0 0 1 0 0 0 0 0 1 0 0 0 0
 0 0 0 1 0 0 0 0 0 0 1 0 0 0 0
 0 0 0 0 0 0 0 0 1 0 0 0 1 0 0
 0 0 0 0 0 1 0 0 0 0 0 0 0 1 0
 0 0 0 0 0 0 0 1 0 1 0 0 0 0 0
 0 0 0 1 0 0 0 0 0 0 1 0 0 0 0
 0 0 1 1 0 0 0 0 0 0 0 0 0 0 0
 0 0 0 0 0 1 0 0 0 0 1 0 0 0 0
 1 0 0 0 0 0 0 1 0 0 0 0 0 0 0
 0 0 0 0 0 0 0 0 0 0 0 0 0 1 1
 0 0 0 0 0 0 0 0 0 0 0 0 0 1 1
 0 1 0 0 0 0 0 0 0 0 0 0 0 0 1
 0 0 0 0 0 1 0 0 0 0 0 1 0 0 0
 1 0 0 0 0 0 0 1 0 0 0 0 0 0 0
 0 0 0 1 0 0 1 0 0 0 0 0 0 0 0
 0 0 0 0 0 1 0 0 0 0 0 1 0 0 0
 0 0 0 0 0 0 0 1 0 0 0 0 0 1 0
 1 0 0 0 0 0 0 0 0 0 0 0 0 0 1
 0 0 0 0 0 0 0 1 1 0 0 0 0 0 0
 1 0 0 0 0 0 0 1 0 0 0 0 0 0 0
 0 0 0 0 1 0 0 0 0 0 1 0 0 0 0
 0 0 0 0 0 0 1 0 0 1 0 0 0 0 0
 0 0 0 0 1 0 0 0 0 0 0 1 0 0 0
 0 0 0 0 0 0 0 0 0 1 0 0 0 1 0
 0 0 0 0 0 0 0 0 1 0 0 0 0 0 1
 1 0 0 0 0 0 0 0 0 1 0 0 0 0 0

Warwick 1592: balanced products, 2 products per order
30 15
 0 0 1 1 0 0 0 0 0 0 0 0 0 0 0
 0 0 0 1 0 0 0 0 0 0 0 0 0 0 1
 1 0 0 1 0 0 0 0 0 0 0 0 0 0 0
 0 0 1 0 0 0 0 0 0 0 0 0 0 1 0
 0 0 0 1 0 0 0 1 0 0 0 0 0 0 0
 0 0 0 0 0 0 1 0 0 0 0 0 1 0 0
 0 0 1 0 0 0 0 0 0 0 0 1 0 0 0
 0 0 0 0 1 0 0 1 0 0 0 0 0 0 0
 0 0 0 0 0 0 0 0 0 1 1 0 0 0 0
 0 0 0 0 0 0 0 1 0 0 0 0 0 1 0
 0 0 0 0 0 0 0 1 0 0 1 0 0 0 0
 0 0 0 0 0 0 1 0 0 0 0 0 1 0 0
 1 0 0 0 0 0 0 0 0 1 0 0 0 0 0
 0 0 1 0 0 0 1 0 0 0 0 0 0 0 0
 0 0 0 0 0 0 0 0 0 0 1 0 0 1 0
 0 0 1 0 0 0 0 0 1 0 0 0 0 0 0
 0 0 0 0 0 0 1 0 0 0 0 0 0 1 0
 0 0 1 0 0 0 0 0 0 0 0 0 1 0 0
 1 0 0 0 0 0 1 0 0 0 0 0 0 0 0
 0 0 0 0 0 0 0 0 0 0 1 0 1 0 0
 1 0 0 0 0 0 0 0 0 1 0 0 0 0 0
 0 0 0 0 0 0 0 0 0 1 0 0 0 0 1
 0 0 0 0 1 1 0 0 0 0 0 0 0 0 0
 0 0 0 0 0 0 0 0 0 0 0 1 0 1 0
 0 1 0 0 0 0 0 0 0 0 0 0 1 0 0
 1 0 0 0 0 0 0 0 0 1 0 0 0 0 0
 0 0 1 0 0 0 0 0 0 0 0 1 0 0 0
 0 0 0 0 1 0 0 0 0 0 0 0 1 0 0
 1 0 0 0 0 0 0 0 0 0 0 0 0 0 1
 0 0 0 0 1 0 0 0 0 0 0 0 0 0 1

Warwick 1593: balanced products, 2 products per order
30 15
 0 0 0 1 0 0 0 0 0 0 0 0 1 0 0
 0 0 1 0 0 0 0 0 0 0 1 0 0 0 0
 0 0 0 0 0 0 0 0 1 0 0 0 0 0 1
 0 0 0 0 0 0 0 0 1 0 0 1 0 0 0
 1 0 0 0 0 0 0 0 0 0 1 0 0 0 0
 1 1 0 0 0 0 0 0 0 0 0 0 0 0 0
 0 0 0 0 0 0 0 0 1 0 0 0 0 0 1
 0 0 0 1 0 0 0 0 0 1 0 0 0 0 0
 0 0 0 0 0 0 1 0 0 1 0 0 0 0 0
 0 0 0 0 0 0 1 0 0 0 0 0 0 1 0
 0 0 0 0 0 0 0 1 0 0 1 0 0 0 0
 0 0 0 0 0 1 0 0 0 0 0 0 0 1 0
 0 0 0 1 0 0 0 1 0 0 0 0 0 0 0
 0 0 0 1 0 0 0 0 0 0 0 0 0 1 0
 0 0 0 0 0 0 0 1 0 1 0 0 0 0 0
 1 0 0 0 0 0 0 1 0 0 0 0 0 0 0
 0 0 0 0 1 0 0 0 0 0 0 0 1 0 0
 1 0 0 0 0 0 0 0 0 1 0 0 0 0 0
 0 0 0 0 1 0 0 0 0 1 0 0 0 0 0
 1 0 1 0 0 0 0 0 0 0 0 0 0 0 0
 0 0 1 0 0 0 0 0 0 0 1 0 0 0 0
 1 0 0 0 1 0 0 0 0 0 0 0 0 0 0
 1 0 0 0 0 0 0 0 0 1 0 0 0 0 0
 0 0 0 0 0 0 0 0 0 0 1 1 0 0 0
 0 1 0 0 0 0 0 1 0 0 0 0 0 0 0
 1 0 0 0 0 0 0 1 0 0 0 0 0 0 0
 0 0 0 0 0 1 0 0 0 0 0 0 1 0 0
 0 0 0 1 1 0 0 0 0 0 0 0 0 0 0
 0 0 1 0 0 0 0 1 0 0 0 0 0 0 0
 0 0 0 0 0 0 0 0 0 0 0 1 0 1 0

Warwick 1594: balanced products, 2 products per order
30 15
 1 0 0 0 0 0 0 0 0 0 0 1 0 0 0
 0 1 1 0 0 0 0 0 0 0 0 0 0 0 0
 0 0 0 0 1 0 1 0 0 0 0 0 0 0 0
 0 0 0 0 0 0 0 0 0 0 0 0 0 1 1
 0 1 0 0 0 0 0 0 0 0 0 0 0 0 1
 0 0 1 0 0 0 0 0 0 0 0 1 0 0 0
 0 0 0 0 0 0 0 0 0 0 0 0 0 1 1
 0 0 0 0 0 0 1 0 1 0 0 0 0 0 0
 0 0 0 0 0 0 0 0 0 1 1 0 0 0 0
 1 0 0 0 0 0 0 0 0 0 0 0 1 0 0
 1 0 0 0 0 0 0 0 1 0 0 0 0 0 0
 0 0 0 0 0 0 0 0 1 0 1 0 0 0 0
 0 0 0 0 0 0 0 0 0 1 1 0 0 0 0
 0 0 0 0 0 0 1 0 0 0 0 0 0 1 0
 0 0 1 0 0 0 0 0 1 0 0 0 0 0 0
 0 0 0 1 0 0 0 1 0 0 0 0 0 0 0
 0 0 0 0 0 0 0 0 1 0 0 1 0 0 0
 1 0 0 0 0 0 0 0 0 0 0 0 0 1 0
 0 0 0 0 1 0 0 0 0 0 0 0 1 0 0
 0 0 0 0 0 1 0 1 0 0 0 0 0 0 0
 1 1 0 0 0 0 0 0 0 0 0 0 0 0 0
 0 1 0 0 1 0 0 0 0 0 0 0 0 0 0
 0 1 0 1 0 0 0 0 0 0 0 0 0 0 0
 0 0 0 0 0 0 0 0 0 1 0 0 1 0 0
 0 0 0 0 0 0 1 0 0 0 1 0 0 0 0
 0 0 0 0 0 0 0 0 0 1 0 0 0 0 1
 0 0 0 1 0 0 0 0 0 0 1 0 0 0 0
 0 0 0 1 1 0 0 0 0 0 0 0 0 0 0
 0 0 0 0 0 0 1 0 1 0 0 0 0 0 0
 0 1 0 0 0 0 0 0 0 1 0 0 0 0 0

Warwick 1595: balanced products, 2 products per order
30 15
 0 0 0 0 1 0 0 0 0 0 0 0 1 0 0
 1 0 0 0 0 0 0 0 0 0 0 0 1 0 0
 1 0 0 0 0 0 0 0 0 1 0 0 0 0 0
 0 0 0 0 0 0 0 0 0 0 1 0 0 1 0
 0 0 0 1 0 0 0 0 0 0 0 0 1 0 0
 0 0 0 0 0 0 0 0 1 0 1 0 0 0 0
 0 1 0 0 1 0 0 0 0 0 0 0 0 0 0
 0 0 0 0 0 0 1 0 0 1 0 0 0 0 0
 0 1 0 0 0 0 0 0 0 1 0 0 0 0 0
 0 0 0 0 0 0 0 0 1 0 0 1 0 0 0
 0 0 0 0 0 0 0 1 0 0 0 0 0 0 1
 0 0 1 0 1 0 0 0 0 0 0 0 0 0 0
 0 1 0 1 0 0 0 0 0 0 0 0 0 0 0
 0 0 0 0 0 0 0 1 0 0 0 0 0 1 0
 0 0 0 0 0 1 0 0 0 0 0 0 1 0 0
 0 0 1 0 0 1 0 0 0 0 0 0 0 0 0
 0 0 0 0 0 0 0 0 0 0 0 1 0 1 0
 0 0 0 0 1 0 0 0 0 0 1 0 0 0 0
 0 0 0 0 0 0 0 1 0 0 0 0 0 1 0
 0 0 1 0 0 0 0 0 1 0 0 0 0 0 0
 0 0 1 0 1 0 0 0 0 0 0 0 0 0 0
 0 0 1 0 0 0 1 0 0 0 0 0 0 0 0
 0 0 0 0 0 0 0 1 1 0 0 0 0 0 0
 0 0 0 0 0 0 0 0 0 1 1 0 0 0 0
 0 0 0 0 0 0 0 0 0 0 0 1 1 0 0
 0 0 0 0 0 0 0 1 1 0 0 0 0 0 0
 0 0 0 0 0 0 0 1 0 0 0 1 0 0 0
 0 0 0 0 0 0 0 0 0 0 0 1 1 0 0
 0 0 0 0 0 0 0 1 0 0 0 0 0 1 0
 1 0 0 0 0 0 0 1 0 0 0 0 0 0 0

Warwick 1596: balanced products, 2 products per order
30 15
 1 0 0 0 0 0 0 0 0 0 1 0 0 0 0
 0 0 0 0 0 0 0 0 0 1 0 0 0 0 1
 0 0 0 1 0 0 0 0 0 0 0 0 1 0 0
 0 0 0 0 0 0 0 1 0 0 0 0 0 1 0
 0 0 0 0 0 0 0 1 1 0 0 0 0 0 0
 0 0 0 0 0 1 0 1 0 0 0 0 0 0 0
 0 0 0 0 0 0 0 0 0 0 1 0 0 0 1
 0 0 1 0 0 0 0 1 0 0 0 0 0 0 0
 0 0 0 0 1 0 0 0 1 0 0 0 0 0 0
 0 0 0 0 0 1 0 1 0 0 0 0 0 0 0
 0 0 0 1 0 0 0 0 0 0 1 0 0 0 0
 0 0 0 0 0 1 0 0 1 0 0 0 0 0 0
 0 0 0 1 0 0 0 0 0 0 1 0 0 0 0
 0 0 0 0 0 0 1 0 0 0 0 0 0 1 0
 0 0 0 1 0 0 0 0 0 0 0 0 1 0 0
 0 0 0 1 0 0 0 0 0 1 0 0 0 0 0
 0 0 1 1 0 0 0 0 0 0 0 0 0 0 0
 1 0 0 0 0 0 0 0 0 1 0 0 0 0 0
 0 0 1 1 0 0 0 0 0 0 0 0 0 0 0
 0 0 0 0 0 0 1 0 0 1 0 0 0 0 0
 0 0 0 0 0 1 0 1 0 0 0 0 0 0 0
 0 0 0 0 0 0 0 1 0 0 0 0 1 0 0
 0 1 0 0 0 0 0 0 0 0 0 0 1 0 0
 0 0 0 0 0 0 1 1 0 0 0 0 0 0 0
 0 0 0 0 0 0 1 0 0 1 0 0 0 0 0
 1 0 0 0 0 1 0 0 0 0 0 0 0 0 0
 0 0 0 0 0 0 1 0 0 0 1 0 0 0 0
 0 0 1 0 0 0 0 0 0 0 0 0 0 1 0
 0 0 0 0 0 1 0 0 0 1 0 0 0 0 0
 0 0 1 0 0 0 0 0 0 0 0 1 0 0 0

Warwick 1597: balanced products, 2 products per order
30 15
 0 0 0 0 0 0 0 0 0 0 0 1 0 0 1
 0 0 0 0 0 1 1 0 0 0 0 0 0 0 0
 0 0 0 0 0 0 0 0 0 1 0 0 0 0 1
 0 0 0 1 0 0 0 0 0 0 0 0 1 0 0
 0 0 0 0 0 0 0 0 0 0 0 1 1 0 0
 0 1 0 0 0 0 0 0 0 1 0 0 0 0 0
 0 0 0 0 0 0 1 0 0 0 0 1 0 0 0
 0 0 0 0 1 0 0 0 0 0 0 0 0 1 0
 0 0 0 0 0 0 0 0 0 0 0 1 0 0 1
 0 0 0 0 1 0 0 0 0 0 0 0 0 1 0
 0 0 0 0 0 0 0 1 1 0 0 0 0 0 0
 0 0 0 0 0 0 0 0 1 0 0 0 1 0 0
 0 0 0 0 1 0 0 0 0 0 0 0 0 0 1
 0 0 0 0 0 0 0 0 0 0 1 0 1 0 0
 1 0 0 0 0 0 0 0 0 0 0 0 1 0 0
 1 1 0 0 0 0 0 0 0 0 0 0 0 0 0
 1 1 0 0 0 0 0 0 0 0 0 0 0 0 0
 0 1 0 0 0 0 0 0 0 0 0 0 0 0 1
 0 0 1 0 0 0 0 1 0 0 0 0 0 0 0
 0 0 0 0 0 0 0 0 0 1 0 0 0 1 0
 0 0 0 0 0 0 0 1 0 0 0 0 0 0 1
 0 1 0 0 1 0 0 0 0 0 0 0 0 0 0
 1 0 0 0 1 0 0 0 0 0 0 0 0 0 0
 0 0 0 1 0 0 0 0 0 0 1 0 0 0 0
 0 0 0 0 0 0 1 0 0 1 0 0 0 0 0
 0 0 0 0 0 0 0 0 1 0 0 1 0 0 0
 1 0 0 0 0 0 0 0 0 0 0 0 0 0 1
 1 0 0 0 0 0 0 1 0 0 0 0 0 0 0
 1 0 1 0 0 0 0 0 0 0 0 0 0 0 0
 0 0 0 0 0 0 1 1 0 0 0 0 0 0 0

Warwick 1598: balanced products, 2 products per order
30 15
 0 0 0 0 0 0 1 0 0 0 0 0 1 0 0
 1 0 0 0 1 0 0 0 0 0 0 0 0 0 0
 0 0 0 0 0 0 1 0 0 0 0 0 1 0 0
 0 0 1 0 0 0 0 0 0 0 1 0 0 0 0
 0 0 0 0 1 1 0 0 0 0 0 0 0 0 0
 1 0 0 1 0 0 0 0 0 0 0 0 0 0 0
 0 0 1 0 0 0 1 0 0 0 0 0 0 0 0
 0 0 0 1 0 1 0 0 0 0 0 0 0 0 0
 1 0 0 0 0 0 0 0 0 0 1 0 0 0 0
 0 0 0 0 0 0 0 0 0 0 0 1 0 1 0
 1 0 0 0 0 0 0 1 0 0 0 0 0 0 0
 0 0 0 0 0 1 0 0 0 0 0 1 0 0 0
 0 0 0 0 0 0 0 0 0 0 1 0 1 0 0
 0 0 0 1 0 0 0 0 0 0 0 1 0 0 0
 0 0 0 0 0 0 0 1 0 0 0 1 0 0 0
 0 0 0 0 0 0 0 0 0 1 1 0 0 0 0
 0 0 0 0 0 1 0 0 0 0 0 0 0 0 1
 0 1 0 0 0 0 1 0 0 0 0 0 0 0 0
 0 0 1 0 0 0 1 0 0 0 0 0 0 0 0
 0 0 0 0 0 1 0 0 0 0 0 0 1 0 0
 0 0 0 0 0 0 1 0 0 0 0 0 0 1 0
 0 0 0 0 1 0 0 0 0 0 0 0 1 0 0
 0 0 0 0 0 0 0 0 0 1 0 0 1 0 0
 0 0 0 0 0 0 0 0 1 0 0 0 1 0 0
 0 1 0 0 0 1 0 0 0 0 0 0 0 0 0
 0 0 0 0 0 1 0 0 0 0 0 0 1 0 0
 0 0 0 0 1 0 0 0 0 1 0 0 0 0 0
 0 0 0 0 0 0 0 0 0 1 0 1 0 0 0
 0 0 0 0 0 0 1 1 0 0 0 0 0 0 0
 0 0 0 0 0 1 0 0 0 0 0 1 0 0 0

Warwick 1599: balanced products, 2 products per order
30 15
 1 0 0 0 0 0 0 0 0 0 0 0 0 0 1
 1 1 0 0 0 0 0 0 0 0 0 0 0 0 0
 0 1 0 0 0 1 0 0 0 0 0 0 0 0 0
 0 0 0 0 1 1 0 0 0 0 0 0 0 0 0
 0 0 0 0 0 0 0 0 0 1 1 0 0 0 0
 0 1 0 0 0 0 0 0 1 0 0 0 0 0 0
 0 0 0 0 0 0 0 1 0 1 0 0 0 0 0
 0 0 0 0 0 0 0 0 1 0 0 0 0 0 1
 0 0 1 0 0 0 1 0 0 0 0 0 0 0 0
 1 0 0 0 0 0 0 0 0 0 0 0 0 1 0
 0 0 0 0 0 0 0 0 0 0 1 0 1 0 0
 0 0 0 0 0 0 1 0 0 0 1 0 0 0 0
 0 0 0 0 0 0 1 0 0 0 0 1 0 0 0
 0 0 0 0 0 0 0 0 0 1 0 1 0 0 0
 0 0 0 0 0 0 1 0 0 0 0 0 0 0 1
 0 1 1 0 0 0 0 0 0 0 0 0 0 0 0
 0 0 0 0 0 0 0 0 0 1 0 0 0 0 1
 0 0 1 0 0 0 0 0 0 0 0 0 1 0 0
 0 0 0 0 0 0 1 0 0 0 0 1 0 0 0
 0 0 0 0 0 0 0 0 0 0 0 1 1 0 0
 0 0 0 0 0 0 0 1 1 0 0 0 0 0 0
 0 0 0 0 0 0 1 0 0 0 0 0 0 0 1
 0 0 0 1 0 0 0 0 0 0 0 0 0 1 0
 0 1 0 0 0 0 0 0 0 0 0 0 0 0 1
 0 0 0 0 0 0 1 0 0 0 1 0 0 0 0
 0 0 0 0 0 0 0 0 0 0 1 1 0 0 0
 0 0 0 1 1 0 0 0 0 0 0 0 0 0 0
 1 0 0 0 1 0 0 0 0 0 0 0 0 0 0
 0 0 1 0 0 0 0 0 0 0 0 0 1 0 0
 0 0 0 1 0 0 0 0 0 0 0 0 0 1 0

Warwick 1600: balanced products, 2 products per order
30 15
 1 0 0 1 0 0 0 0 0 0 0 0 0 0 0
 0 0 0 0 0 0 0 0 0 0 1 0 0 1 0
 0 0 0 1 0 0 0 0 0 0 0 1 0 0 0
 1 0 0 0 0 0 0 0 0 0 0 1 0 0 0
 0 0 0 0 1 0 0 0 0 0 1 0 0 0 0
 0 0 0 0 0 0 0 0 0 1 0 0 1 0 0
 0 0 0 0 0 0 0 0 0 1 0 0 0 1 0
 0 0 0 0 0 0 0 0 0 1 0 0 0 1 0
 0 0 0 1 1 0 0 0 0 0 0 0 0 0 0
 0 0 0 0 0 0 0 0 0 0 0 1 0 0 1
 0 0 0 1 0 0 0 0 0 0 1 0 0 0 0
 0 0 0 0 0 0 1 0 1 0 0 0 0 0 0
 0 0 0 0 0 0 1 0 0 0 0 0 0 1 0
 1 0 0 0 0 0 0 0 0 0 0 1 0 0 0
 0 0 0 1 1 0 0 0 0 0 0 0 0 0 0
 0 0 1 0 0 1 0 0 0 0 0 0 0 0 0
 0 0 0 0 0 0 0 1 0 0 0 0 0 1 0
 0 0 0 1 0 0 0 0 0 1 0 0 0 0 0
 0 1 0 0 0 0 0 0 0 0 0 1 0 0 0
 0 0 0 0 0 1 0 0 0 0 0 0 0 1 0
 0 0 0 0 0 0 0 1 1 0 0 0 0 0 0
 0 0 0 0 1 0 0 0 0 0 1 0 0 0 0
 1 0 0 0 0 0 0 0 0 0 0 0 0 1 0
 1 1 0 0 0 0 0 0 0 0 0 0 0 0 0
 0 1 0 0 0 0 1 0 0 0 0 0 0 0 0
 0 1 0 0 0 0 0 0 0 0 0 0 1 0 0
 0 0 0 0 0 0 0 0 0 0 1 0 0 0 1
 0 0 0 0 1 0 0 0 0 0 1 0 0 0 0
 0 0 0 1 0 0 0 0 0 1 0 0 0 0 0
 0 0 0 0 0 0 0 1 0 0 0 0 1 0 0

Warwick 1601: balanced products, 3 products per order
30 15
 0 0 1 0 0 0 0 0 1 0 0 0 0 0 1
 0 0 1 0 0 0 0 0 0 0 1 0 1 0 0
 0 0 1 0 1 0 0 0 0 0 0 1 0 0 0
 1 0 1 0 0 0 0 0 0 0 0 0 0 0 1
 0 1 0 0 0 0 0 1 1 0 0 0 0 0 0
 0 0 0 0 0 0 1 0 0 0 1 0 0 0 1
 0 0 1 0 0 0 0 1 0 0 0 0 0 0 1
 0 0 0 0 1 1 0 0 0 0 1 0 0 0 0
 0 1 0 0 1 0 1 0 0 0 0 0 0 0 0
 1 1 0 0 0 0 0 0 0 0 0 1 0 0 0
 0 0 1 0 0 1 0 0 0 0 1 0 0 0 0
 1 0 1 0 0 0 0 0 0 0 1 0 0 0 0
 0 0 0 0 0 0 0 1 1 0 0 1 0 0 0
 0 0 0 0 0 0 0 1 0 1 1 0 0 0 0
 0 0 0 1 0 0 0 0 0 0 0 1 1 0 0
 0 0 0 1 0 1 0 0 0 0 0 0 0 0 1
 0 0 0 0 1 1 0 0 0 1 0 0 0 0 0
 0 1 0 0 1 0 0 1 0 0 0 0 0 0 0
 0 0 1 0 0 1 0 0 0 0 0 1 0 0 0
 1 0 0 0 0 1 0 0 1 0 0 0 0 0 0
 0 0 0 0 0 0 1 0 0 0 1 0 0 0 1
 0 0 0 0 0 1 0 0 0 0 0 0 1 1 0
 0 0 0 0 0 0 0 0 0 0 1 0 1 1 0
 0 0 0 0 0 1 0 0 1 0 0 0 0 0 1
 0 0 0 0 0 0 0 0 0 1 0 1 0 0 1
 0 0 0 0 0 1 0 0 1 0 0 0 0 1 0
 0 0 0 0 1 0 0 0 0 0 0 1 0 1 0
 0 0 0 1 1 1 0 0 0 0 0 0 0 0 0
 0 1 0 0 1 0 0 0 1 0 0 0 0 0 0
 0 0 0 0 0 1 0 0 1 0 0 0 1 0 0

Warwick 1602: balanced products, 3 products per order
30 15
 0 0 1 0 0 0 0 0 0 1 0 0 0 1 0
 0 0 0 0 0 0 0 1 1 0 0 0 0 0 1
 1 0 0 1 0 0 0 0 0 1 0 0 0 0 0
 1 0 1 0 0 0 0 1 0 0 0 0 0 0 0
 0 1 0 0 0 0 0 1 0 0 0 0 0 0 1
 0 0 0 0 0 1 0 0 1 0 0 0 0 1 0
 1 1 0 0 0 0 0 0 0 0 0 1 0 0 0
 0 0 0 0 0 0 0 0 0 1 0 1 0 1 0
 0 1 0 0 1 1 0 0 0 0 0 0 0 0 0
 0 0 0 0 0 0 0 0 0 1 0 0 1 1 0
 0 0 0 0 0 1 0 0 0 0 1 0 1 0 0
 0 1 0 0 0 0 0 0 0 1 0 0 1 0 0
 1 0 0 1 0 0 1 0 0 0 0 0 0 0 0
 0 0 0 0 0 0 0 0 1 0 1 0 1 0 0
 0 1 0 0 0 0 0 0 1 1 0 0 0 0 0
 0 0 1 0 0 0 1 1 0 0 0 0 0 0 0
 0 0 0 0 0 0 1 0 0 1 1 0 0 0 0
 0 0 1 0 0 0 0 0 0 0 0 0 0 1 1
 0 0 0 0 0 1 1 0 0 0 0 0 1 0 0
 0 0 1 0 1 0 0 0 0 0 0 0 1 0 0
 0 0 0 0 0 1 0 0 0 0 1 1 0 0 0
 0 0 1 0 1 0 0 0 1 0 0 0 0 0 0
 0 1 0 0 0 0 0 0 1 0 1 0 0 0 0
 0 0 0 0 0 0 0 0 0 1 0 1 0 0 1
 0 0 0 1 0 1 0 1 0 0 0 0 0 0 0
 1 1 1 0 0 0 0 0 0 0 0 0 0 0 0
 0 0 0 0 0 1 0 1 0 1 0 0 0 0 0
 1 0 0 0 0 0 0 0 1 0 0 1 0 0 0
 0 0 1 0 1 0 0 0 1 0 0 0 0 0 0
 1 1 1 0 0 0 0 0 0 0 0 0 0 0 0

Warwick 1603: balanced products, 3 products per order
30 15
 0 0 0 0 0 0 0 0 1 0 0 0 1 1 0
 0 0 0 0 0 1 0 0 0 1 0 0 0 0 1
 0 0 0 0 1 0 1 0 0 0 0 0 1 0 0
 0 0 1 0 0 0 0 0 1 0 0 1 0 0 0
 0 1 0 0 0 0 0 0 0 0 1 0 0 0 1
 1 0 0 0 0 0 0 0 0 1 0 0 0 0 1
 0 0 1 0 1 0 1 0 0 0 0 0 0 0 0
 0 0 0 0 0 0 1 0 0 0 0 0 1 1 0
 0 1 0 0 0 0 1 0 0 0 0 1 0 0 0
 0 0 0 0 0 0 0 1 0 1 0 1 0 0 0
 0 1 0 0 0 0 1 0 0 0 0 0 0 1 0
 0 0 0 0 0 0 1 0 0 0 0 1 0 0 1
 0 0 0 0 0 0 0 0 1 0 0 0 0 1 1
 0 0 0 0 1 0 1 1 0 0 0 0 0 0 0
 0 1 0 1 1 0 0 0 0 0 0 0 0 0 0
 0 0 1 0 0 1 0 0 0 0 0 0 0 0 1
 0 0 0 0 0 0 0 0 0 0 0 0 1 1 1
 0 1 0 0 1 0 0 0 0 1 0 0 0 0 0
 0 0 0 0 0 0 1 0 1 0 1 0 0 0 0
 0 0 0 0 1 0 0 0 1 0 1 0 0 0 0
 0 0 0 0 1 0 0 0 1 0 1 0 0 0 0
 1 0 0 0 1 0 0 1 0 0 0 0 0 0 0
 0 1 0 0 0 0 0 1 0 0 0 0 1 0 0
 1 1 0 0 0 0 0 0 0 0 1 0 0 0 0
 0 1 0 1 0 0 0 0 0 1 0 0 0 0 0
 0 0 0 0 1 0 0 0 0 0 0 0 1 0 1
 0 1 0 0 1 0 0 0 0 0 1 0 0 0 0
 0 0 0 0 0 0 0 1 0 0 0 0 1 0 1
 0 0 1 0 0 0 0 1 0 0 0 0 1 0 0
 0 0 0 0 0 1 0 0 1 0 0 0 0 0 1

Warwick 1604: balanced products, 3 products per order
30 15
 0 0 1 0 0 0 1 0 0 0 0 0 0 1 0
 1 0 0 0 0 1 0 1 0 0 0 0 0 0 0
 0 0 0 0 0 0 0 0 1 0 0 1 0 0 1
 0 0 0 1 0 0 0 0 0 1 1 0 0 0 0
 0 0 0 0 0 1 0 1 0 0 0 1 0 0 0
 0 0 0 1 0 0 1 1 0 0 0 0 0 0 0
 1 0 0 0 0 0 1 0 1 0 0 0 0 0 0
 0 1 1 0 0 1 0 0 0 0 0 0 0 0 0
 1 0 0 0 0 0 0 0 1 0 0 0 0 0 1
 0 0 1 0 0 0 0 1 0 0 0 0 1 0 0
 0 0 1 0 0 0 0 0 0 0 0 1 0 0 1
 0 0 0 0 0 0 0 0 0 0 1 0 1 1 0
 0 0 0 0 1 0 0 0 0 1 0 0 0 1 0
 0 1 0 0 0 0 1 0 0 0 0 0 0 1 0
 1 0 0 1 0 0 0 0 0 0 0 0 1 0 0
 0 1 0 0 0 0 0 0 0 0 1 0 1 0 0
 0 0 1 0 0 0 1 0 0 0 0 0 0 1 0
 0 0 0 1 0 0 0 0 1 0 0 1 0 0 0
 1 1 0 0 0 0 0 0 0 1 0 0 0 0 0
 0 0 0 0 0 0 1 0 1 1 0 0 0 0 0
 0 0 0 0 0 1 0 0 0 0 0 1 1 0 0
 0 0 0 1 1 0 0 1 0 0 0 0 0 0 0
 0 0 1 0 0 0 0 0 0 1 1 0 0 0 0
 0 1 0 0 1 0 0 0 0 0 0 1 0 0 0
 0 0 0 0 0 0 0 1 0 0 1 0 1 0 0
 0 0 0 0 1 1 0 0 0 0 0 1 0 0 0
 0 0 0 1 0 0 0 0 1 0 0 0 1 0 0
 0 0 1 0 0 0 0 0 0 1 0 0 0 1 0
 0 0 0 1 0 0 1 0 0 1 0 0 0 0 0
 1 0 1 0 0 0 0 0 1 0 0 0 0 0 0

Warwick 1605: balanced products, 3 products per order
30 15
 1 0 0 0 0 0 0 0 1 0 0 1 0 0 0
 0 0 0 0 1 0 1 0 0 0 0 0 0 0 1
 0 0 0 0 0 1 0 0 0 1 0 0 0 0 1
 0 1 0 0 1 0 0 0 0 0 0 1 0 0 0
 1 1 0 0 0 0 0 1 0 0 0 0 0 0 0
 0 0 0 1 0 0 0 0 1 0 0 0 0 1 0
 0 1 0 0 0 0 1 0 1 0 0 0 0 0 0
 1 0 0 0 0 0 0 0 1 0 0 0 1 0 0
 0 1 0 0 0 1 0 0 0 0 1 0 0 0 0
 0 0 0 0 0 1 0 1 0 0 0 0 0 0 1
 0 0 0 0 0 0 0 1 1 1 0 0 0 0 0
 0 1 1 0 0 0 0 0 0 0 0 0 1 0 0
 0 0 0 0 1 0 0 0 0 0 0 1 0 1 0
 1 0 0 0 0 1 0 0 0 1 0 0 0 0 0
 0 1 0 0 0 0 1 0 0 0 1 0 0 0 0
 0 1 0 0 0 0 1 0 0 0 0 0 0 0 1
 0 0 0 0 0 0 0 0 0 1 0 1 0 1 0
 0 0 1 0 1 0 0 0 0 0 1 0 0 0 0
 1 0 1 0 0 1 0 0 0 0 0 0 0 0 0
 0 0 0 0 0 0 1 0 0 0 0 0 0 1 1
 0 1 0 0 0 0 0 0 1 1 0 0 0 0 0
 0 0 0 0 0 1 0 0 0 0 0 0 0 1 1
 0 0 1 1 0 0 0 0 0 0 0 0 0 1 0
 1 0 0 0 0 0 0 0 1 0 1 0 0 0 0
 0 0 0 0 1 1 0 0 0 0 0 0 1 0 0
 0 0 0 0 0 1 0 1 0 0 0 0 1 0 0
 0 0 0 1 1 0 0 0 0 0 0 0 1 0 0
 1 0 0 0 0 0 1 1 0 0 0 0 0 0 0
 0 0 0 0 0 0 1 0 0 0 1 0 0 0 1
 0 0 1 0 0 0 1 0 0 0 1 0 0 0 0

Warwick 1606: balanced products, 3 products per order
30 15
 0 1 0 0 0 0 0 0 0 0 0 0 0 1 1
 0 0 0 0 1 0 1 0 0 0 0 0 0 0 1
 0 0 0 1 0 1 0 0 1 0 0 0 0 0 0
 0 0 0 0 0 0 0 0 0 0 0 1 0 1 1
 0 0 0 1 0 0 1 0 0 0 0 0 0 0 1
 0 0 1 0 0 0 0 0 0 1 0 0 1 0 0
 0 0 0 0 0 0 0 0 0 1 1 0 0 1 0
 0 0 1 0 0 0 0 0 0 0 1 1 0 0 0
 1 0 0 0 0 1 0 0 1 0 0 0 0 0 0
 0 1 0 0 0 0 0 0 1 0 0 1 0 0 0
 1 0 0 0 0 0 0 1 0 1 0 0 0 0 0
 0 0 0 0 0 0 0 0 1 0 1 1 0 0 0
 0 1 0 1 0 0 0 0 0 0 0 0 0 0 1
 0 0 0 0 0 1 0 0 0 0 0 0 0 1 1
 1 0 1 0 0 0 0 0 0 0 0 0 1 0 0
 1 0 0 0 0 0 0 1 0 0 0 1 0 0 0
 0 0 0 1 0 1 0 0 1 0 0 0 0 0 0
 0 0 1 0 0 0 0 1 0 0 0 0 0 0 1
 0 0 0 1 0 0 0 0 1 0 1 0 0 0 0
 0 1 0 0 0 1 0 1 0 0 0 0 0 0 0
 1 0 0 0 0 0 1 0 0 0 0 0 0 0 1
 1 0 0 0 0 0 0 0 0 0 0 0 1 0 1
 1 0 0 0 0 0 0 0 0 0 0 1 0 1 0
 0 1 0 0 0 0 0 0 0 1 0 0 0 0 1
 0 0 0 0 0 0 0 1 0 0 0 1 0 1 0
 0 0 0 1 1 0 0 0 1 0 0 0 0 0 0
 0 0 0 1 0 1 0 0 0 1 0 0 0 0 0
 0 0 1 0 0 1 0 0 0 0 0 0 0 0 1
 0 0 1 0 0 1 1 0 0 0 0 0 0 0 0
 0 0 0 0 0 0 1 0 1 1 0 0 0 0 0

Warwick 1607: balanced products, 3 products per order
30 15
 0 0 0 0 0 1 0 0 0 0 0 1 1 0 0
 0 0 0 0 0 1 1 0 1 0 0 0 0 0 0
 0 1 0 0 0 0 0 0 0 0 0 1 0 0 1
 1 0 0 0 1 0 0 0 1 0 0 0 0 0 0
 0 0 0 0 0 0 0 0 0 1 0 0 1 1 0
 1 0 0 0 1 1 0 0 0 0 0 0 0 0 0
 0 0 0 1 1 1 0 0 0 0 0 0 0 0 0
 0 0 0 0 0 0 1 0 0 0 0 0 1 0 1
 0 0 1 0 0 0 0 0 0 0 1 0 0 0 1
 0 0 0 0 0 1 0 0 0 0 1 0 0 1 0
 0 1 0 0 0 0 1 0 0 1 0 0 0 0 0
 0 0 0 1 0 0 1 0 0 0 1 0 0 0 0
 0 0 0 0 0 0 1 0 0 0 1 0 0 0 1
 0 0 0 0 0 0 0 0 0 0 1 1 1 0 0
 0 1 0 0 0 0 1 0 0 0 0 0 0 0 1
 0 1 0 0 0 0 0 0 0 0 1 0 0 1 0
 0 0 0 0 0 0 0 0 0 0 0 1 1 1 0
 0 0 0 0 1 0 0 0 1 0 0 1 0 0 0
 1 1 0 0 0 0 0 0 0 1 0 0 0 0 0
 0 0 0 0 0 0 0 1 1 0 0 0 0 0 1
 0 0 1 0 1 0 0 0 1 0 0 0 0 0 0
 0 0 0 0 0 1 0 1 0 0 0 1 0 0 0
 0 0 0 0 0 0 0 0 1 1 1 0 0 0 0
 1 1 0 0 0 0 0 1 0 0 0 0 0 0 0
 0 0 0 0 0 0 0 0 1 0 0 0 0 1 1
 0 1 1 0 0 0 0 0 0 1 0 0 0 0 0
 0 0 0 0 0 1 0 1 0 0 1 0 0 0 0
 0 0 0 0 0 1 1 0 0 0 0 0 0 1 0
 0 0 0 0 1 0 0 1 0 0 1 0 0 0 0
 0 1 0 0 0 1 0 0 0 0 1 0 0 0 0

Warwick 1608: balanced products, 3 products per order
30 15
 1 0 0 0 0 0 0 0 1 0 0 1 0 0 0
 1 0 0 0 1 0 1 0 0 0 0 0 0 0 0
 1 0 0 0 0 1 0 0 0 0 0 0 1 0 0
 0 1 0 0 1 0 0 0 0 1 0 0 0 0 0
 0 0 0 1 0 0 0 0 0 0 0 1 0 0 1
 1 0 1 0 0 1 0 0 0 0 0 0 0 0 0
 0 0 1 1 0 0 0 0 0 0 0 1 0 0 0
 0 0 1 1 0 1 0 0 0 0 0 0 0 0 0
 0 1 0 0 0 0 0 1 0 0 0 0 0 0 1
 0 0 1 0 0 0 0 0 1 0 0 0 1 0 0
 0 0 0 1 0 1 0 0 0 0 0 0 0 0 1
 0 0 0 0 1 0 0 0 0 0 1 0 0 1 0
 0 0 0 0 1 0 0 0 0 0 0 0 1 0 1
 1 1 0 0 0 1 0 0 0 0 0 0 0 0 0
 0 0 0 0 0 0 0 0 0 1 0 1 0 1 0
 1 0 0 1 1 0 0 0 0 0 0 0 0 0 0
 0 0 0 1 1 0 0 0 0 0 0 0 0 1 0
 0 0 0 0 0 0 0 0 0 1 0 1 0 1 0
 0 0 0 0 0 0 1 0 0 0 1 1 0 0 0
 1 0 0 0 0 0 0 0 0 1 0 1 0 0 0
 0 0 1 0 0 0 0 1 0 1 0 0 0 0 0
 0 0 0 0 0 0 0 1 0 0 1 0 0 0 1
 0 0 0 0 0 0 1 0 0 0 1 0 0 1 0
 1 1 0 0 0 0 0 0 0 1 0 0 0 0 0
 0 0 0 0 0 0 1 0 0 0 0 0 0 1 1
 1 0 0 0 1 0 1 0 0 0 0 0 0 0 0
 0 1 0 0 0 0 1 0 1 0 0 0 0 0 0
 0 0 0 1 0 0 0 0 0 1 0 1 0 0 0
 1 0 0 0 0 0 0 0 0 0 0 1 0 1 0
 0 1 0 0 1 0 0 0 0 1 0 0 0 0 0

Warwick 1609: balanced products, 3 products per order
30 15
 0 0 0 0 0 0 0 1 0 0 1 1 0 0 0
 0 0 0 1 0 0 1 0 1 0 0 0 0 0 0
 0 0 0 0 0 0 0 0 1 0 0 1 0 1 0
 0 1 0 0 0 0 1 0 0 0 0 0 1 0 0
 0 1 0 0 0 0 1 0 0 1 0 0 0 0 0
 0 0 0 0 1 0 0 0 0 0 0 1 0 1 0
 0 0 0 1 1 0 0 1 0 0 0 0 0 0 0
 0 0 1 0 1 0 1 0 0 0 0 0 0 0 0
 0 0 0 0 0 0 0 1 0 0 0 0 1 0 1
 0 0 0 0 0 1 0 1 0 0 0 0 0 0 1
 0 1 0 1 0 0 0 0 1 0 0 0 0 0 0
 0 1 0 0 0 0 0 0 0 0 0 0 1 0 1
 0 0 0 1 0 0 0 0 1 0 0 0 0 0 1
 0 0 0 0 0 0 1 0 0 0 1 0 0 1 0
 0 1 0 1 0 0 0 0 0 1 0 0 0 0 0
 0 0 0 0 0 0 0 0 1 0 0 1 0 1 0
 0 0 0 0 1 0 0 0 0 1 0 1 0 0 0
 0 0 0 0 0 1 0 0 0 0 1 0 0 1 0
 0 0 0 0 0 0 1 0 1 0 0 1 0 0 0
 0 0 0 0 0 0 0 0 1 0 0 1 0 0 1
 0 1 0 1 0 0 0 0 1 0 0 0 0 0 0
 0 0 0 1 0 0 0 1 0 0 0 0 1 0 0
 0 0 1 0 0 0 0 0 1 0 0 0 1 0 0
 0 1 0 0 0 0 0 0 0 0 0 1 0 0 1
 0 0 0 0 1 0 0 0 1 0 0 0 0 0 1
 0 0 1 0 0 1 0 0 0 0 0 0 0 1 0
 0 1 0 0 0 0 0 0 0 0 0 0 1 1 0
 0 0 1 0 0 0 0 0 0 1 0 0 0 1 0
 0 0 0 1 1 0 1 0 0 0 0 0 0 0 0
 1 0 0 1 0 0 1 0 0 0 0 0 0 0 0

Warwick 1610: balanced products, 3 products per order
30 15
 0 0 0 0 0 0 0 1 0 1 0 1 0 0 0
 0 0 0 0 0 0 1 0 0 0 0 0 1 1 0
 0 0 0 1 0 0 1 0 0 0 0 0 0 0 1
 0 0 0 0 0 1 1 0 0 1 0 0 0 0 0
 0 1 0 0 0 0 0 0 0 1 0 1 0 0 0
 1 0 0 0 0 0 0 0 0 0 0 1 0 1 0
 0 0 0 0 1 1 0 0 0 0 0 0 0 1 0
 0 0 1 0 1 0 0 1 0 0 0 0 0 0 0
 1 0 0 1 0 0 0 0 0 0 1 0 0 0 0
 0 0 1 0 0 1 0 0 0 0 1 0 0 0 0
 0 0 1 0 0 0 1 0 1 0 0 0 0 0 0
 0 0 0 0 0 1 0 0 0 1 0 1 0 0 0
 0 1 0 0 0 0 0 0 0 1 0 0 1 0 0
 1 1 1 0 0 0 0 0 0 0 0 0 0 0 0
 1 0 0 0 0 0 0 1 0 1 0 0 0 0 0
 1 0 0 1 0 0 0 0 0 0 0 0 0 1 0
 1 0 0 1 0 0 0 0 0 0 0 0 0 0 1
 0 0 0 0 0 1 0 0 0 1 0 0 1 0 0
 0 0 1 0 0 0 1 0 0 0 0 1 0 0 0
 0 0 0 1 0 1 0 0 0 0 0 1 0 0 0
 1 0 0 0 0 0 0 1 0 0 0 1 0 0 0
 0 0 0 1 0 0 0 0 0 0 0 0 0 1 1
 0 0 0 0 0 0 1 0 0 1 0 0 0 1 0
 1 0 0 0 0 0 1 0 0 0 0 0 1 0 0
 0 0 0 0 0 1 0 0 0 0 1 1 0 0 0
 0 0 0 1 0 0 0 1 0 0 1 0 0 0 0
 0 0 0 0 1 0 0 0 0 0 1 0 0 1 0
 0 0 1 0 0 0 0 0 1 1 0 0 0 0 0
 0 0 0 0 1 1 1 0 0 0 0 0 0 0 0
 0 0 1 0 0 0 0 1 0 0 1 0 0 0 0

Warwick 1611: balanced products, 4 products per order
30 15
 0 0 1 1 0 0 0 0 1 0 0 0 1 0 0
 0 0 0 1 0 0 1 1 0 0 0 0 1 0 0
 0 0 0 1 1 1 0 0 0 0 0 0 1 0 0
 1 0 0 0 1 0 0 1 0 0 0 1 0 0 0
 1 0 0 1 0 0 1 1 0 0 0 0 0 0 0
 0 1 0 0 1 0 0 0 0 1 0 1 0 0 0
 0 0 0 1 0 1 0 0 0 0 0 1 0 0 1
 0 0 0 0 1 0 0 1 1 0 0 0 0 1 0
 0 0 0 0 0 0 0 0 1 1 1 1 0 0 0
 0 0 1 0 1 0 1 0 0 1 0 0 0 0 0
 1 1 0 0 0 0 0 0 0 1 1 0 0 0 0
 1 1 0 0 0 0 0 0 0 0 1 1 0 0 0
 1 0 0 1 0 0 1 0 0 0 0 0 0 0 1
 0 1 0 0 0 1 0 0 1 0 0 1 0 0 0
 1 1 0 0 0 0 0 1 1 0 0 0 0 0 0
 0 0 0 0 0 0 0 1 1 0 0 1 0 0 1
 1 0 0 1 0 0 0 0 0 0 0 0 0 1 1
 0 0 1 0 0 1 0 0 1 1 0 0 0 0 0
 0 0 1 1 0 0 0 0 0 0 0 1 1 0 0
 0 0 0 0 1 0 0 1 0 0 1 0 0 0 1
 1 1 0 1 0 0 0 0 0 1 0 0 0 0 0
 0 0 0 0 1 0 0 0 0 0 0 1 1 1 0
 0 1 0 1 1 0 0 0 0 0 1 0 0 0 0
 0 1 0 0 1 0 0 0 0 1 0 0 0 0 1
 0 1 1 0 0 0 0 1 0 0 0 0 1 0 0
 0 1 1 0 0 0 1 0 1 0 0 0 0 0 0
 1 0 0 0 1 0 0 1 0 0 0 1 0 0 0
 0 0 0 1 0 0 0 0 0 1 0 1 0 1 0
 0 1 0 1 0 0 1 0 0 1 0 0 0 0 0
 1 0 0 1 0 0 0 0 1 1 0 0 0 0 0

Warwick 1612: balanced products, 4 products per order
30 15
 1 1 1 0 0 0 0 0 0 0 0 1 0 0 0
 0 0 1 0 0 1 0 0 0 1 0 0 0 1 0
 0 1 1 0 1 1 0 0 0 0 0 0 0 0 0
 0 0 0 0 1 1 0 1 0 0 1 0 0 0 0
 0 0 1 0 1 0 1 0 1 0 0 0 0 0 0
 0 0 0 0 0 1 1 0 1 0 0 0 0 0 1
 0 0 0 0 1 0 1 1 0 0 1 0 0 0 0
 0 0 0 1 0 0 0 1 0 0 1 1 0 0 0
 0 1 0 0 0 0 1 0 1 0 0 1 0 0 0
 0 0 0 0 0 1 0 1 0 0 0 0 0 1 1
 0 0 1 0 0 0 1 0 0 0 0 0 0 1 1
 1 0 1 0 0 1 0 1 0 0 0 0 0 0 0
 0 1 1 0 0 0 0 0 0 0 1 1 0 0 0
 1 0 0 0 0 0 0 0 1 0 0 1 1 0 0
 0 0 1 0 1 0 0 0 0 0 1 0 0 1 0
 0 0 0 1 0 0 0 0 0 1 0 1 1 0 0
 0 0 0 0 0 1 0 1 0 0 0 1 0 0 1
 1 0 0 0 0 0 0 0 1 0 0 1 0 0 1
 0 0 1 0 0 0 0 1 1 0 1 0 0 0 0
 0 1 0 0 0 0 0 0 0 1 1 0 0 1 0
 0 0 0 0 1 0 0 0 1 0 0 0 1 0 1
 0 0 1 0 0 0 1 0 0 0 0 1 0 0 1
 0 1 0 0 0 0 0 1 0 0 0 1 0 0 1
 0 1 0 0 0 1 0 0 0 0 1 0 0 1 0
 0 0 0 0 0 1 0 0 0 1 1 0 1 0 0
 0 0 1 0 1 0 0 0 0 0 1 0 0 0 1
 0 1 1 1 0 0 1 0 0 0 0 0 0 0 0
 1 1 1 0 0 1 0 0 0 0 0 0 0 0 0
 0 0 0 0 0 1 0 1 0 1 0 0 0 1 0
 0 0 0 0 0 0 0 0 1 0 1 0 1 1 0

Warwick 1613: balanced products, 4 products per order
30 15
 0 0 0 1 1 1 1 0 0 0 0 0 0 0 0
 1 0 0 0 1 0 0 0 1 0 0 1 0 0 0
 1 0 1 0 0 0 1 0 0 0 0 0 1 0 0
 0 1 0 0 1 0 0 1 1 0 0 0 0 0 0
 1 0 0 0 0 0 0 0 0 1 1 0 0 1 0
 0 1 0 0 0 0 1 0 0 0 0 0 0 1 1
 0 1 0 1 0 0 0 0 0 0 0 1 0 0 1
 0 0 1 0 0 1 0 0 0 1 0 0 0 0 1
 0 0 0 0 0 0 1 0 1 1 0 0 1 0 0
 0 1 0 0 1 1 0 0 0 0 0 0 0 1 0
 0 0 0 0 1 1 0 0 0 0 0 0 1 0 1
 0 0 0 0 0 0 1 1 1 0 0 0 0 1 0
 0 0 1 0 0 0 1 0 0 1 1 0 0 0 0
 1 0 0 0 0 1 1 0 0 0 0 1 0 0 0
 0 0 1 0 0 0 0 0 0 1 0 1 0 1 0
 0 0 0 0 0 0 0 0 1 1 0 0 1 0 1
 0 0 0 0 0 1 0 1 0 1 1 0 0 0 0
 0 1 0 1 0 0 0 0 1 0 0 0 0 0 1
 0 0 0 1 1 0 0 0 0 1 0 0 1 0 0
 0 0 0 0 0 0 0 0 1 0 1 1 1 0 0
 0 1 0 0 1 0 0 0 0 0 0 1 0 0 1
 1 1 0 0 0 0 0 0 0 0 1 0 0 0 1
 1 0 0 0 0 0 0 0 1 1 0 0 0 0 1
 0 1 0 1 0 1 0 0 0 0 1 0 0 0 0
 0 0 0 0 0 0 1 1 1 0 1 0 0 0 0
 0 1 0 1 1 0 0 0 0 0 0 0 0 0 1
 0 0 0 1 0 0 0 0 0 0 1 1 0 1 0
 0 0 1 1 0 0 0 0 0 0 1 0 1 0 0
 0 0 0 0 0 0 1 0 1 0 1 0 1 0 0
 0 1 0 1 1 0 0 0 0 0 0 0 0 1 0

Warwick 1614: balanced products, 4 products per order
30 15
 0 0 1 0 0 0 1 0 0 1 0 1 0 0 0
 1 1 0 0 1 0 0 0 0 0 0 1 0 0 0
 0 0 0 0 1 0 1 0 1 0 0 0 1 0 0
 0 1 0 0 0 1 1 0 0 0 0 0 1 0 0
 0 0 0 1 0 0 0 0 0 0 1 0 1 1 0
 0 0 1 1 0 0 0 0 0 1 0 1 0 0 0
 0 0 0 0 0 1 1 0 0 0 1 0 0 1 0
 1 0 0 1 0 0 0 0 1 0 1 0 0 0 0
 0 0 0 0 1 0 0 0 1 0 0 1 0 1 0
 1 0 1 0 0 0 0 0 0 0 1 0 0 0 1
 0 0 1 0 1 0 1 0 0 0 0 1 0 0 0
 0 1 0 0 0 1 1 0 0 0 0 0 0 0 1
 0 1 0 1 1 0 0 0 0 0 1 0 0 0 0
 0 0 0 1 0 0 1 0 0 0 1 0 0 0 1
 1 0 0 0 0 0 0 1 0 1 0 0 1 0 0
 0 1 0 1 0 0 0 0 0 0 0 1 0 0 1
 0 1 1 0 1 0 0 0 0 0 1 0 0 0 0
 0 0 0 1 0 1 0 0 0 0 0 0 0 1 1
 0 0 1 0 0 0 0 0 1 0 1 1 0 0 0
 0 0 1 0 1 0 0 0 1 0 0 0 1 0 0
 1 0 0 0 0 1 0 0 0 0 0 1 1 0 0
 0 1 0 0 0 0 0 1 0 0 0 0 0 1 1
 0 1 1 0 0 0 0 0 0 0 1 0 0 1 0
 1 0 0 0 0 1 0 0 0 0 1 0 0 1 0
 0 0 0 1 0 1 0 0 0 0 0 0 1 1 0
 1 1 0 0 0 0 1 0 1 0 0 0 0 0 0
 1 0 0 0 0 0 0 1 0 1 0 1 0 0 0
 0 0 0 0 0 0 0 0 1 1 0 1 0 1 0
 0 1 0 0 0 0 1 0 0 0 0 0 1 1 0
 1 0 0 0 1 0 1 0 0 0 1 0 0 0 0

Warwick 1615: balanced products, 4 products per order
30 15
 1 0 0 0 0 0 0 0 0 1 0 1 0 0 1
 0 0 0 1 0 0 0 0 0 1 1 0 0 0 1
 0 0 1 0 0 0 1 0 1 0 0 0 0 0 1
 1 0 0 0 0 0 0 0 1 0 0 0 1 1 0
 1 0 0 0 0 1 1 0 0 0 0 0 1 0 0
 0 0 0 0 0 0 0 1 0 1 0 1 1 0 0
 0 0 0 1 0 1 0 1 0 1 0 0 0 0 0
 0 0 0 1 0 0 0 0 0 0 0 0 1 1 1
 0 0 0 1 0 1 1 0 1 0 0 0 0 0 0
 1 1 0 0 0 1 0 1 0 0 0 0 0 0 0
 0 0 1 0 0 0 0 0 0 1 0 0 0 1 1
 0 1 1 0 0 0 0 1 0 0 1 0 0 0 0
 0 0 1 0 0 0 0 1 0 0 0 1 0 1 0
 0 0 0 1 0 1 0 0 0 1 0 0 0 1 0
 0 0 0 0 0 0 0 0 1 0 1 0 1 1 0
 0 1 0 1 0 1 0 0 0 0 0 0 0 1 0
 1 0 0 0 0 0 1 0 1 1 0 0 0 0 0
 1 0 0 0 0 0 0 1 0 1 0 0 0 0 1
 0 0 0 0 1 0 1 1 0 0 0 0 0 0 1
 0 1 0 0 0 0 1 0 0 1 0 0 0 0 1
 0 0 1 0 0 1 0 0 1 0 0 0 0 0 1
 1 0 0 0 0 1 0 1 0 0 0 0 0 1 0
 0 1 0 0 0 0 0 0 1 1 0 0 0 0 1
 0 0 1 0 0 0 0 1 0 1 0 0 0 1 0
 0 1 1 0 0 0 0 0 1 0 0 0 1 0 0
 0 0 0 0 0 0 0 0 1 1 0 0 1 0 1
 1 0 0 1 0 1 0 0 0 1 0 0 0 0 0
 0 0 0 0 0 0 0 1 0 0 1 0 0 1 1
 0 0 0 0 0 1 0 1 0 0 1 1 0 0 0
 0 0 0 0 1 0 0 0 1 0 0 1 1 0 0

Warwick 1616: balanced products, 4 products per order
30 15
 0 0 0 1 0 0 0 0 0 0 0 1 0 1 1
 0 1 0 0 1 0 0 0 1 0 1 0 0 0 0
 1 0 1 0 1 0 0 0 1 0 0 0 0 0 0
 0 0 0 0 0 1 1 0 0 0 0 1 1 0 0
 0 0 0 0 0 0 1 1 1 0 0 0 1 0 0
 0 0 0 0 1 0 0 1 0 0 1 1 0 0 0
 1 0 1 0 0 0 0 1 0 0 0 0 0 0 1
 0 0 0 0 1 1 0 1 1 0 0 0 0 0 0
 1 0 1 1 0 0 0 0 1 0 0 0 0 0 0
 0 0 0 0 1 0 0 0 0 1 0 1 0 1 0
 1 0 0 0 0 0 1 0 0 1 1 0 0 0 0
 0 0 0 0 0 0 1 1 1 0 0 0 0 1 0
 0 1 1 1 0 0 0 0 0 0 0 0 0 0 1
 0 1 0 0 0 1 0 1 0 1 0 0 0 0 0
 0 0 0 1 1 1 0 0 0 0 0 0 0 0 1
 0 0 0 0 0 1 1 0 0 0 0 0 1 0 1
 1 0 1 1 0 0 1 0 0 0 0 0 0 0 0
 1 0 0 0 0 0 0 0 0 0 1 1 0 0 1
 0 0 1 0 0 1 0 0 0 0 1 0 0 1 0
 0 0 0 0 0 1 1 0 1 0 0 0 1 0 0
 0 0 0 0 0 1 0 0 0 1 0 1 0 0 1
 1 0 0 0 1 1 0 0 0 0 0 0 0 0 1
 0 1 0 0 0 1 0 0 0 0 0 1 0 1 0
 0 0 0 0 0 0 0 0 1 0 1 1 0 1 0
 0 1 1 0 0 0 0 0 0 1 0 0 1 0 0
 0 0 1 0 0 1 0 1 0 0 0 1 0 0 0
 0 0 0 0 0 1 0 0 0 1 0 1 0 1 0
 0 1 1 0 0 0 1 0 0 0 0 0 0 0 1
 0 0 0 0 0 1 0 0 0 1 0 0 1 0 1
 0 1 0 1 1 0 0 0 0 0 0 0 0 1 0

Warwick 1617: balanced products, 4 products per order
30 15
 1 0 0 0 1 0 0 0 0 0 1 1 0 0 0
 0 1 0 0 0 0 0 0 0 1 1 1 0 0 0
 0 0 0 0 0 0 0 1 0 1 0 0 0 1 1
 0 1 1 0 1 0 0 0 0 0 0 0 0 1 0
 0 1 0 0 0 0 0 0 0 1 0 0 1 1 0
 0 1 1 0 0 0 1 0 0 0 0 1 0 0 0
 0 0 1 0 1 0 0 0 1 0 0 0 0 0 1
 0 1 0 0 0 0 1 0 1 0 0 0 0 1 0
 0 0 1 0 0 0 0 1 0 1 0 0 1 0 0
 1 0 0 0 1 0 0 0 0 0 0 0 1 0 1
 0 0 1 0 0 0 0 0 0 0 1 1 0 1 0
 0 1 0 0 0 0 0 0 1 0 0 1 1 0 0
 0 1 0 0 0 0 0 0 0 1 1 0 1 0 0
 0 0 1 0 1 0 0 1 0 0 0 0 0 0 1
 1 1 0 0 0 1 0 0 0 1 0 0 0 0 0
 0 1 0 0 0 0 1 1 1 0 0 0 0 0 0
 1 0 0 0 0 1 0 0 1 0 0 0 0 0 1
 1 0 1 0 0 0 0 0 0 0 1 0 0 0 1
 0 0 1 0 0 1 0 0 0 0 0 0 0 1 1
 0 0 0 0 0 0 0 1 1 0 0 0 1 1 0
 0 1 1 0 0 0 0 0 0 0 0 1 0 1 0
 0 0 0 0 0 0 1 1 0 1 0 0 0 1 0
 1 0 1 0 0 1 0 0 0 1 0 0 0 0 0
 0 0 0 1 0 1 0 0 0 0 0 0 0 1 1
 1 0 0 0 1 1 0 0 0 0 1 0 0 0 0
 0 0 0 1 0 0 1 0 0 0 1 1 0 0 0
 0 0 0 1 0 0 0 0 1 0 1 0 0 0 1
 0 0 0 1 0 1 0 0 0 0 0 0 0 1 1
 1 0 0 0 0 0 1 0 0 1 0 0 0 1 0
 0 0 0 0 1 1 1 1 0 0 0 0 0 0 0

Warwick 1618: balanced products, 4 products per order
30 15
 0 0 1 1 0 0 0 0 0 0 0 0 0 1 1
 0 0 0 0 0 1 1 0 1 0 0 0 0 1 0
 1 0 0 0 0 1 0 1 0 0 0 0 0 1 0
 0 0 1 0 0 0 0 0 0 0 1 1 0 1 0
 0 0 0 1 1 1 0 0 0 1 0 0 0 0 0
 1 0 0 0 0 1 0 0 0 0 1 0 0 1 0
 0 0 1 0 0 0 0 0 1 0 0 0 1 1 0
 0 1 0 1 0 0 0 0 0 0 0 1 1 0 0
 0 1 1 0 0 0 1 0 0 1 0 0 0 0 0
 0 0 0 0 0 0 1 1 1 0 0 0 1 0 0
 0 0 0 0 0 0 1 0 0 1 1 0 0 1 0
 0 0 0 0 0 0 1 0 1 1 0 0 1 0 0
 0 0 0 0 0 1 0 0 0 0 0 1 0 1 1
 0 0 1 0 0 0 1 0 0 0 0 1 1 0 0
 1 0 0 0 1 0 0 0 0 0 1 1 0 0 0
 0 0 0 0 0 0 1 0 1 1 0 0 0 0 1
 1 1 0 0 0 0 0 1 0 1 0 0 0 0 0
 0 1 0 0 0 0 1 1 0 1 0 0 0 0 0
 1 0 0 0 0 0 0 1 0 0 1 1 0 0 0
 1 0 0 0 0 0 0 0 0 0 0 0 1 1 1
 0 1 1 0 1 0 0 0 0 1 0 0 0 0 0
 0 1 1 0 0 0 1 0 0 0 0 0 0 1 0
 1 0 0 0 0 0 1 0 0 0 0 0 0 1 1
 1 0 0 1 0 0 1 0 0 0 0 0 1 0 0
 1 0 0 0 0 1 0 0 0 0 1 0 0 0 1
 1 0 1 0 0 0 0 0 0 1 0 1 0 0 0
 0 1 0 0 1 1 0 0 0 0 0 0 1 0 0
 0 0 0 0 0 1 0 0 0 0 1 0 1 1 0
 0 0 1 0 1 1 0 0 0 1 0 0 0 0 0
 1 0 1 0 1 1 0 0 0 0 0 0 0 0 0

Warwick 1619: balanced products, 4 products per order
30 15
 1 0 0 1 1 0 0 0 0 0 0 0 1 0 0
 0 0 0 0 0 1 0 1 0 0 0 0 1 1 0
 1 0 0 0 0 0 1 0 0 0 1 0 0 1 0
 1 0 1 0 0 0 0 0 0 0 0 0 0 1 1
 1 0 0 0 0 0 0 1 1 0 0 1 0 0 0
 0 0 1 0 0 0 0 1 1 0 0 1 0 0 0
 0 0 1 0 0 1 0 0 1 0 0 1 0 0 0
 0 0 0 0 0 1 0 1 1 0 0 1 0 0 0
 1 0 0 0 0 1 0 0 0 0 0 1 0 1 0
 0 1 0 0 0 0 0 0 1 1 0 1 0 0 0
 1 0 0 1 0 0 1 0 0 0 1 0 0 0 0
 0 0 1 0 0 1 0 1 0 0 0 1 0 0 0
 1 0 0 0 0 0 1 1 0 1 0 0 0 0 0
 0 0 1 0 0 0 1 0 0 0 1 0 0 1 0
 0 1 0 1 1 0 0 0 0 0 0 0 0 0 1
 0 0 0 0 0 0 0 0 1 0 1 1 0 0 1
 1 1 0 0 0 0 0 0 1 1 0 0 0 0 0
 1 0 0 0 1 1 0 0 0 0 1 0 0 0 0
 1 0 0 0 0 0 1 0 0 1 0 1 0 0 0
 0 0 0 1 0 0 0 1 0 0 0 0 1 0 1
 0 0 0 1 0 0 0 0 1 1 0 1 0 0 0
 1 0 0 0 0 1 0 0 0 0 0 1 1 0 0
 1 0 0 0 0 0 0 0 1 0 1 0 1 0 0
 1 0 1 0 1 0 0 1 0 0 0 0 0 0 0
 0 0 1 0 1 0 0 0 0 0 0 0 0 1 1
 0 0 0 0 1 1 0 0 1 0 0 0 0 0 1
 0 1 0 0 0 0 0 0 1 0 0 1 0 0 1
 0 1 0 0 1 0 0 0 1 0 1 0 0 0 0
 0 0 0 0 0 1 1 0 0 0 0 1 0 1 0
 0 0 0 0 0 1 1 1 0 0 1 0 0 0 0

Warwick 1620: balanced products, 4 products per order
30 15
 0 0 0 0 0 0 0 0 1 0 1 1 0 0 1
 0 0 1 0 0 0 0 0 0 0 0 1 0 1 1
 1 0 0 0 0 0 0 0 1 0 1 0 0 0 1
 0 1 0 0 0 1 0 1 0 0 0 0 0 1 0
 0 1 0 0 0 0 0 1 0 0 0 0 1 1 0
 0 1 0 1 1 0 0 0 0 0 1 0 0 0 0
 0 0 0 0 1 1 0 1 0 0 1 0 0 0 0
 0 0 0 0 1 0 0 0 0 0 1 0 0 1 1
 0 0 0 0 0 0 1 0 1 0 0 1 0 1 0
 0 0 1 0 0 0 1 0 0 0 0 0 1 0 1
 0 0 0 1 0 0 1 0 0 1 0 0 0 0 1
 0 0 0 0 1 1 0 1 0 0 0 0 0 0 1
 0 1 0 0 0 1 0 0 1 0 0 0 0 0 1
 0 1 1 0 0 0 0 0 0 0 1 0 1 0 0
 1 0 0 0 0 0 0 1 1 0 0 0 0 0 1
 0 1 1 0 0 0 1 0 0 0 0 0 1 0 0
 0 0 1 0 1 1 0 0 0 0 0 0 0 1 0
 0 0 0 0 1 0 0 1 0 0 1 1 0 0 0
 0 1 0 1 0 0 0 0 0 0 0 1 0 0 1
 0 0 1 0 1 0 0 0 0 0 0 1 1 0 0
 0 0 0 0 0 0 0 1 0 1 1 0 1 0 0
 0 0 0 0 1 0 1 0 1 1 0 0 0 0 0
 0 0 0 0 0 0 0 1 0 1 0 0 1 0 1
 1 0 0 0 1 0 0 1 0 0 0 0 0 0 1
 0 0 0 0 1 1 0 0 0 1 0 0 0 1 0
 0 1 0 0 0 0 0 1 0 1 1 0 0 0 0
 0 1 1 1 0 1 0 0 0 0 0 0 0 0 0
 0 0 0 0 0 0 1 1 0 1 0 0 0 1 0
 0 0 0 0 1 0 0 0 1 1 1 0 0 0 0
 0 1 1 0 0 0 0 0 0 1 0 0 0 1 0

Warwick 1621: balanced products, 5 products per order
30 15
 0 1 0 0 0 0 1 0 0 1 0 1 1 0 0
 0 0 0 0 1 1 0 0 0 1 0 1 0 0 1
 0 1 0 1 1 0 0 1 0 0 0 1 0 0 0
 1 0 1 0 0 1 0 0 0 0 0 0 1 0 1
 0 0 0 1 0 0 0 0 0 0 1 1 0 1 1
 0 1 0 0 0 1 1 0 1 0 0 1 0 0 0
 0 1 0 0 0 0 0 1 0 1 0 1 0 0 1
 0 0 0 0 0 1 0 0 1 0 1 0 1 0 1
 0 1 1 0 0 0 1 0 0 0 0 1 1 0 0
 1 1 0 0 1 0 0 0 0 1 0 0 0 1 0
 0 0 0 1 0 0 1 0 0 0 0 1 1 0 1
 0 1 0 1 0 0 1 0 0 0 1 1 0 0 0
 1 0 1 0 0 0 1 0 0 1 0 0 0 0 1
 0 0 0 1 1 0 0 0 0 1 1 0 1 0 0
 0 0 0 0 1 0 0 0 1 0 1 1 0 0 1
 1 0 1 1 0 0 0 0 0 1 0 1 0 0 0
 1 0 0 1 0 0 0 1 0 1 0 0 0 0 1
 0 0 0 1 0 0 0 0 1 0 1 0 0 1 1
 0 0 0 1 0 0 1 1 0 0 1 0 1 0 0
 0 0 0 1 0 1 0 0 1 1 0 1 0 0 0
 0 1 0 0 1 1 0 1 1 0 0 0 0 0 0
 1 0 0 1 0 0 0 0 1 0 0 0 0 1 1
 1 0 1 0 0 0 1 0 0 1 1 0 0 0 0
 0 1 0 1 0 0 0 1 1 0 0 1 0 0 0
 0 0 1 0 0 0 1 0 1 0 0 0 1 1 0
 0 0 1 0 0 0 1 0 0 0 1 1 0 1 0
 0 0 0 0 0 0 0 1 0 1 1 1 1 0 0
 0 0 0 0 1 0 0 0 0 1 1 0 0 1 1
 0 0 1 0 0 1 0 1 0 0 0 0 1 0 1
 0 1 0 0 0 0 0 0 1 1 0 1 1 0 0

Warwick 1622: balanced products, 5 products per order
30 15
 1 0 0 0 1 1 0 0 1 0 0 0 0 1 0
 1 1 0 0 0 0 0 1 1 0 1 0 0 0 0
 0 0 0 0 0 0 0 0 1 0 1 1 0 1 1
 1 0 1 1 0 1 0 0 0 0 1 0 0 0 0
 0 0 1 0 0 1 1 1 0 0 1 0 0 0 0
 1 0 0 1 0 1 1 0 0 0 0 0 0 0 1
 1 0 1 1 0 0 0 0 0 0 0 1 1 0 0
 1 0 0 0 0 0 0 1 1 1 0 0 0 0 1
 0 0 1 0 1 0 1 0 0 0 0 0 1 0 1
 0 0 0 0 1 1 0 0 1 0 1 0 1 0 0
 0 1 1 0 0 1 0 0 0 1 0 0 0 0 1
 0 0 0 1 1 0 1 1 0 0 0 0 0 0 1
 1 1 0 0 0 0 0 0 0 1 0 0 1 0 1
 1 0 0 0 0 0 0 1 1 1 0 0 0 1 0
 0 1 1 0 0 0 1 1 0 0 0 1 0 0 0
 0 0 1 0 0 0 1 1 0 0 1 0 1 0 0
 1 0 0 0 1 0 1 0 1 0 0 0 0 1 0
 0 0 0 0 0 1 0 1 1 1 1 0 0 0 0
 0 0 1 0 0 1 0 1 0 0 0 1 1 0 0
 0 0 1 0 1 1 0 0 0 1 0 0 0 1 0
 1 1 0 0 0 0 0 1 0 1 0 0 0 0 1
 0 0 0 0 1 0 0 1 0 1 0 1 0 1 0
 1 0 0 1 1 1 0 0 1 0 0 0 0 0 0
 1 1 1 0 0 0 0 0 0 0 1 1 0 0 0
 0 1 0 0 1 0 0 1 0 0 1 1 0 0 0
 1 0 0 0 0 0 1 0 0 1 0 0 1 1 0
 0 1 0 0 0 1 0 0 0 1 0 0 0 1 1
 0 0 0 0 1 1 1 0 0 1 0 1 0 0 0
 0 0 1 1 0 1 0 0 0 0 0 1 1 0 0
 0 0 1 0 1 0 0 0 0 0 0 1 1 0 1

Warwick 1623: balanced products, 5 products per order
30 15
 1 0 0 0 1 0 0 0 1 1 0 0 0 0 1
 0 0 0 1 0 0 0 0 0 1 0 1 1 1 0
 1 1 0 0 0 0 0 0 1 0 0 0 1 1 0
 0 0 1 0 0 0 0 1 1 0 1 0 0 0 1
 0 0 0 1 0 0 0 1 1 0 1 1 0 0 0
 1 0 0 1 1 0 0 0 0 0 1 0 0 1 0
 1 0 0 0 0 1 0 0 0 0 1 0 0 1 1
 1 0 0 1 0 0 0 0 1 1 0 1 0 0 0
 0 1 1 0 0 0 0 1 1 1 0 0 0 0 0
 0 1 0 1 0 1 0 1 1 0 0 0 0 0 0
 0 1 0 1 0 0 0 1 0 1 1 0 0 0 0
 0 1 0 0 1 0 0 0 0 1 0 1 1 0 0
 0 0 0 0 0 1 0 0 1 1 0 1 1 0 0
 0 0 0 0 1 0 0 1 0 0 1 1 0 0 1
 1 1 0 0 0 0 0 1 0 0 1 0 0 0 1
 0 0 0 1 1 0 0 1 1 1 0 0 0 0 0
 1 0 0 1 1 0 1 0 1 0 0 0 0 0 0
 0 1 0 1 0 0 1 1 0 0 0 1 0 0 0
 0 0 0 1 0 1 1 0 1 0 0 0 0 1 0
 1 0 0 0 0 1 0 0 1 1 1 0 0 0 0
 0 0 0 0 0 0 0 1 1 1 0 0 1 1 0
 0 1 0 0 0 1 0 1 1 0 0 0 0 0 1
 0 0 0 0 1 0 1 0 0 0 1 1 0 0 1
 1 0 1 0 0 0 0 1 0 0 1 0 1 0 0
 1 0 1 0 0 1 1 0 1 0 0 0 0 0 0
 0 0 1 0 1 0 0 1 0 0 0 0 0 1 1
 0 0 0 0 1 0 1 0 0 0 0 1 0 1 1
 1 0 1 0 0 0 0 0 0 1 0 0 1 1 0
 1 0 0 0 1 0 1 0 1 0 0 0 0 1 0
 0 0 1 1 1 0 0 1 0 1 0 0 0 0 0

Warwick 1624: balanced products, 5 products per order
30 15
 0 0 0 0 0 1 1 1 0 0 0 0 1 0 1
 0 0 0 1 0 0 0 1 1 1 0 0 0 0 1
 0 0 0 1 1 0 1 1 0 0 0 0 0 0 1
 0 0 1 0 0 0 1 0 1 0 0 0 1 0 1
 1 0 1 0 0 1 0 0 0 0 0 0 1 0 1
 1 0 1 0 1 1 1 0 0 0 0 0 0 0 0
 0 0 0 0 0 0 1 1 0 1 0 1 0 1 0
 1 1 0 0 0 0 0 1 0 1 0 0 0 1 0
 0 0 0 0 0 1 1 0 0 0 1 0 1 1 0
 1 0 1 0 0 1 0 0 1 1 0 0 0 0 0
 1 1 0 0 0 0 0 0 1 0 1 1 0 0 0
 0 0 1 0 1 0 0 1 0 1 0 0 0 1 0
 0 1 0 0 0 0 1 0 1 1 1 0 0 0 0
 0 0 1 0 1 0 0 0 0 0 1 0 1 1 0
 0 1 1 0 0 0 0 0 0 0 1 0 1 0 1
 0 0 1 0 0 0 1 0 1 0 0 0 1 1 0
 1 0 0 1 1 0 0 0 0 1 0 0 0 0 1
 0 1 0 1 1 0 0 0 1 0 1 0 0 0 0
 0 0 0 1 0 1 0 0 0 0 0 1 1 1 0
 0 0 0 0 0 1 1 1 0 1 0 0 1 0 0
 1 1 0 0 1 1 0 0 0 0 0 0 0 1 0
 0 0 0 1 1 0 0 0 0 1 0 0 1 0 1
 0 0 1 1 0 0 0 0 0 0 1 1 0 1 0
 0 0 1 0 0 0 1 1 0 1 0 0 0 0 1
 0 0 0 0 0 1 0 0 0 0 1 1 1 0 1
 0 1 0 0 0 0 1 1 1 1 0 0 0 0 0
 0 1 0 0 1 1 0 0 0 0 1 0 0 0 1
 1 1 0 0 0 1 0 1 0 0 0 1 0 0 0
 0 1 0 0 0 0 1 0 0 1 0 1 0 1 0
 1 1 0 0 1 0 0 0 1 0 0 0 0 0 1

Warwick 1625: balanced products, 5 products per order
30 15
 0 1 0 0 1 0 0 0 1 1 0 0 1 0 0
 1 0 1 0 1 0 0 1 0 0 0 0 0 0 1
 0 0 0 1 0 0 0 1 1 0 1 0 1 0 0
 1 0 1 0 0 0 0 1 0 0 1 0 1 0 0
 0 0 0 0 0 0 1 1 0 0 0 1 1 1 0
 0 1 1 0 0 0 1 0 0 0 0 1 0 1 0
 0 0 0 0 0 0 1 1 1 1 0 0 1 0 0
 0 1 1 0 1 0 0 1 0 0 0 1 0 0 0
 0 0 0 0 0 1 0 1 1 0 1 0 0 1 0
 0 0 1 0 0 0 0 1 0 1 0 0 0 1 1
 1 0 0 0 1 0 0 0 0 1 0 1 0 1 0
 0 0 1 0 0 1 1 0 1 1 0 0 0 0 0
 0 0 1 1 0 1 0 1 0 0 0 1 0 0 0
 1 0 1 0 1 0 0 0 1 0 0 0 0 0 1
 0 0 0 0 1 0 0 1 0 1 0 1 0 0 1
 0 1 0 0 1 1 0 1 0 0 0 1 0 0 0
 1 1 0 1 1 0 0 0 0 1 0 0 0 0 0
 0 0 0 0 0 1 0 0 1 0 1 1 0 1 0
 1 0 1 0 0 0 0 1 0 0 0 0 1 1 0
 0 0 1 0 1 0 0 0 1 0 1 0 1 0 0
 1 0 0 1 0 0 0 1 0 0 0 1 0 0 1
 0 0 1 0 0 1 0 0 1 0 0 1 1 0 0
 0 0 0 0 0 0 1 0 1 0 1 0 1 1 0
 0 0 0 0 1 1 0 0 0 0 1 0 1 1 0
 0 0 0 0 1 0 0 0 1 0 1 1 0 1 0
 0 0 1 0 0 1 1 0 0 0 0 0 0 1 1
 1 1 0 0 0 1 0 0 0 0 0 0 0 1 1
 1 0 1 1 0 0 0 0 0 1 1 0 0 0 0
 0 0 0 0 0 0 0 1 0 0 0 1 1 1 1
 0 0 0 0 0 1 0 1 0 0 1 0 1 1 0

Warwick 1626: balanced products, 5 products per order
30 15
 1 1 0 0 0 1 0 0 1 0 1 0 0 0 0
 0 1 0 0 1 0 0 0 0 0 1 1 0 0 1
 1 0 0 0 0 1 0 1 0 0 0 0 1 1 0
 0 0 0 1 0 1 0 1 0 0 1 1 0 0 0
 1 0 0 0 1 0 0 0 1 1 0 0 0 0 1
 0 1 0 1 0 1 0 0 0 1 1 0 0 0 0
 1 0 1 0 1 0 0 0 0 1 0 0 0 0 1
 1 1 0 0 0 1 1 0 0 0 1 0 0 0 0
 0 0 0 1 1 0 0 0 1 0 0 1 0 0 1
 0 0 0 1 0 1 0 0 0 1 0 0 1 0 1
 0 1 0 0 0 0 1 1 0 1 0 1 0 0 0
 1 1 0 0 1 1 0 0 1 0 0 0 0 0 0
 1 0 0 0 0 1 1 0 1 0 0 0 0 1 0
 0 1 0 1 1 0 0 0 0 0 0 1 0 0 1
 0 0 0 0 0 0 0 0 1 1 1 1 0 0 1
 1 0 0 0 0 0 0 1 0 1 1 0 0 0 1
 0 0 1 1 0 0 0 0 1 0 0 0 1 0 1
 1 0 0 1 0 0 1 1 0 0 0 0 0 1 0
 0 0 0 0 0 1 1 0 1 0 0 0 1 0 1
 1 0 1 1 0 0 0 0 0 1 0 0 1 0 0
 0 1 1 0 0 1 1 0 0 1 0 0 0 0 0
 1 1 0 1 1 0 0 0 0 0 0 0 1 0 0
 0 1 0 1 0 1 0 1 0 0 0 0 1 0 0
 0 1 0 0 0 0 1 0 0 1 1 1 0 0 0
 0 0 1 0 0 1 0 1 1 0 0 0 0 1 0
 1 1 1 0 0 0 0 1 0 0 1 0 0 0 0
 0 1 0 0 0 0 0 0 0 0 1 1 1 0 1
 0 0 0 0 0 1 1 0 1 0 1 0 0 0 1
 0 1 0 0 0 1 1 0 1 0 1 0 0 0 0
 0 1 1 1 0 0 1 0 0 0 0 0 0 1 0

Warwick 1627: balanced products, 5 products per order
30 15
 0 0 0 1 0 1 1 0 0 0 0 0 0 1 1
 0 0 0 0 1 0 1 1 0 0 0 1 0 1 0
 1 1 0 0 1 1 0 0 1 0 0 0 0 0 0
 0 0 0 1 0 0 1 0 0 1 0 0 1 1 0
 0 0 0 1 0 0 0 0 1 0 0 0 1 1 1
 1 1 0 0 0 0 0 0 1 1 0 0 0 1 0
 1 0 1 0 1 0 0 0 0 0 0 0 1 0 1
 0 1 1 1 0 0 0 0 0 0 0 1 0 1 0
 1 0 0 0 0 0 1 0 0 0 0 1 0 1 1
 0 0 1 1 0 0 0 1 0 1 1 0 0 0 0
 1 1 0 0 0 1 0 0 0 1 0 0 0 1 0
 0 0 1 1 0 1 0 0 1 0 0 0 0 0 1
 1 0 1 0 0 1 0 0 0 0 0 0 1 1 0
 0 1 0 1 1 0 0 1 0 0 0 0 1 0 0
 1 0 1 0 0 0 0 0 0 0 1 0 1 1 0
 0 1 1 0 0 1 0 0 1 0 0 1 0 0 0
 0 0 1 0 0 0 1 0 0 0 0 1 1 0 1
 1 0 1 1 0 0 0 0 0 0 1 0 0 0 1
 1 0 0 1 0 1 0 0 1 0 0 0 0 0 1
 1 1 0 0 0 0 1 0 0 0 0 1 1 0 0
 1 0 0 1 0 1 0 0 1 0 0 0 1 0 0
 0 0 1 1 1 0 0 1 0 0 0 1 0 0 0
 0 0 1 0 0 1 1 0 0 0 1 0 0 0 1
 1 0 1 0 1 0 1 1 0 0 0 0 0 0 0
 1 0 1 0 0 0 0 1 0 0 0 0 1 0 1
 0 0 1 0 1 1 1 0 0 0 0 0 0 0 1
 1 0 1 0 1 0 0 0 1 0 0 0 0 0 1
 0 1 0 1 0 1 0 0 0 1 0 0 0 0 1
 1 1 0 1 0 0 1 0 0 1 0 0 0 0 0
 1 0 0 0 0 0 1 1 0 0 0 0 1 0 1

Warwick 1628: balanced products, 5 products per order
30 15
 0 0 1 1 0 0 1 0 0 0 1 0 0 1 0
 1 1 0 0 1 1 0 0 0 0 0 1 0 0 0
 0 0 1 0 0 1 0 1 0 0 0 1 1 0 0
 1 0 1 0 0 1 0 0 0 1 0 0 1 0 0
 0 1 0 0 0 1 0 1 0 0 0 1 1 0 0
 0 0 0 0 0 1 0 0 0 0 0 1 1 1 1
 0 0 1 0 0 1 0 0 1 0 1 0 0 1 0
 0 0 0 1 0 0 1 1 0 0 0 0 1 1 0
 1 0 0 0 0 1 0 0 0 0 1 0 1 0 1
 1 1 1 0 0 1 0 0 0 0 0 0 1 0 0
 1 1 0 0 0 1 0 0 0 1 0 0 1 0 0
 0 0 1 0 0 0 0 1 0 0 0 1 0 1 1
 1 0 0 0 1 0 1 0 0 0 1 1 0 0 0
 0 0 0 0 1 0 0 1 0 1 1 0 0 0 1
 0 0 0 0 0 1 0 0 1 0 1 1 0 1 0
 0 1 1 1 1 0 0 0 0 0 0 0 0 0 1
 0 1 0 0 1 1 0 0 0 0 0 0 0 1 1
 0 0 0 0 1 0 1 1 1 0 0 0 0 1 0
 0 1 0 0 0 1 0 1 1 0 1 0 0 0 0
 0 1 1 1 0 0 0 0 0 1 0 0 0 1 0
 0 0 1 1 0 0 0 0 1 0 0 1 0 0 1
 0 1 0 0 0 1 0 0 1 0 0 1 0 1 0
 0 1 0 0 1 0 1 0 0 0 0 1 0 1 0
 0 0 0 1 0 1 1 1 1 0 0 0 0 0 0
 1 0 1 1 1 0 0 0 0 0 0 0 1 0 0
 0 1 1 0 0 1 1 0 1 0 0 0 0 0 0
 0 0 1 0 0 1 0 0 1 1 0 1 0 0 0
 1 0 0 0 0 1 0 0 1 0 1 0 0 0 1
 0 0 0 0 0 0 0 1 0 1 1 1 0 0 1
 0 1 0 0 0 1 0 0 0 0 0 1 0 1 1

Warwick 1629: balanced products, 5 products per order
30 15
 0 0 0 0 1 1 0 1 0 1 0 0 1 0 0
 1 0 0 1 0 1 0 1 0 0 0 1 0 0 0
 0 0 1 0 1 0 0 0 0 1 0 1 0 0 1
 0 1 1 0 0 0 0 0 0 1 1 0 0 0 1
 0 0 0 0 1 0 1 1 0 0 0 0 1 0 1
 1 0 0 1 0 0 0 0 1 0 0 1 0 1 0
 0 0 1 1 1 0 0 0 0 0 0 1 1 0 0
 0 0 0 1 1 0 0 0 0 0 1 0 1 1 0
 1 1 0 0 0 1 0 0 0 0 1 0 0 0 1
 0 0 1 1 0 0 1 1 0 0 0 0 0 1 0
 0 1 0 1 0 0 0 0 1 1 0 0 0 0 1
 0 0 1 0 0 0 1 0 0 1 0 0 1 1 0
 0 0 1 1 0 0 0 1 0 1 1 0 0 0 0
 0 0 0 0 0 1 0 0 0 1 1 1 0 1 0
 0 0 0 0 0 1 0 0 1 1 0 0 0 1 1
 0 0 1 1 0 0 0 1 0 0 0 0 1 0 1
 1 0 0 0 1 0 0 0 0 0 0 1 1 0 1
 0 1 0 0 0 0 1 0 0 0 1 1 1 0 0
 0 0 1 0 1 0 0 0 0 1 0 0 1 0 1
 1 1 1 1 0 0 0 0 1 0 0 0 0 0 0
 0 0 0 0 0 0 0 1 1 0 1 0 1 1 0
 0 0 0 0 0 1 1 1 0 0 0 1 0 1 0
 0 1 0 0 0 1 1 0 1 0 1 0 0 0 0
 1 1 1 0 0 0 0 1 0 0 0 1 0 0 0
 1 1 0 0 0 0 0 0 1 1 0 0 0 0 1
 1 0 1 1 0 0 0 0 0 0 1 0 0 0 1
 0 0 0 0 1 1 1 1 0 1 0 0 0 0 0
 0 0 1 0 0 0 0 0 1 0 1 0 1 1 0
 1 0 0 0 1 0 0 0 0 0 0 1 1 1 0
 1 0 0 0 1 0 0 1 1 1 0 0 0 0 0

Warwick 1630: balanced products, 5 products per order
30 15
 0 1 0 1 0 0 1 0 1 1 0 0 0 0 0
 1 0 1 0 0 0 0 0 0 0 0 1 1 0 1
 0 0 1 0 0 1 1 1 0 1 0 0 0 0 0
 0 0 0 0 0 1 1 0 1 0 0 0 1 0 1
 0 0 0 0 1 0 0 1 0 1 0 0 1 1 0
 0 0 0 0 0 1 1 0 1 0 0 1 1 0 0
 0 1 0 1 0 0 1 0 1 0 0 0 1 0 0
 1 1 0 0 1 0 1 1 0 0 0 0 0 0 0
 0 1 0 1 0 0 1 0 0 1 0 0 0 0 1
 0 0 0 1 0 0 0 1 1 0 0 1 1 0 0
 0 1 1 1 0 0 0 0 0 0 0 0 1 1 0
 0 0 1 0 0 1 0 0 1 1 0 0 1 0 0
 1 0 0 0 0 0 1 1 0 0 0 0 1 0 1
 0 1 0 0 1 0 0 1 0 1 0 0 1 0 0
 0 0 0 0 1 1 0 0 0 0 0 1 1 0 1
 0 0 1 1 1 0 0 1 0 0 0 0 0 0 1
 0 0 0 1 0 0 1 1 1 0 1 0 0 0 0
 0 0 0 0 0 1 1 0 1 0 1 0 1 0 0
 1 0 0 0 0 1 0 0 1 0 0 1 0 1 0
 1 0 0 1 0 0 1 0 1 0 0 0 1 0 0
 1 0 1 0 1 0 1 0 0 0 0 0 0 1 0
 0 1 0 1 1 1 0 0 1 0 0 0 0 0 0
 0 1 1 0 1 0 0 1 1 0 0 0 0 0 0
 0 0 0 0 0 0 0 1 1 0 1 1 0 0 1
 0 1 1 0 0 1 1 0 0 1 0 0 0 0 0
 0 1 1 0 0 0 0 1 1 0 0 1 0 0 0
 0 0 0 1 1 0 0 1 1 0 0 0 1 0 0
 0 1 0 0 0 0 0 1 1 0 1 0 1 0 0
 0 0 0 1 0 0 0 1 0 0 0 1 1 1 0
 1 1 0 0 1 0 1 0 0 0 0 0 1 0 0

Warwick 1631: balanced products, 6 products per order
30 15
 1 0 1 1 1 1 0 0 0 1 0 0 0 0 0
 1 0 0 0 1 0 1 1 0 0 0 0 1 0 1
 0 0 1 1 0 1 0 1 0 1 0 0 0 0 1
 0 0 0 1 0 0 1 0 1 0 1 1 1 0 0
 0 1 1 0 0 0 0 0 1 0 1 0 1 0 1
 1 1 0 0 0 0 0 0 0 1 1 1 1 0 0
 1 0 1 0 0 0 1 0 0 1 1 0 1 0 0
 0 0 1 1 1 0 0 1 1 0 0 1 0 0 0
 0 0 0 0 1 1 1 1 0 0 0 1 0 0 1
 0 1 0 1 0 0 0 1 0 0 1 1 1 0 0
 0 0 0 1 1 0 0 1 0 1 1 1 0 0 0
 0 0 1 0 0 0 1 1 0 0 1 1 0 1 0
 0 1 1 0 1 1 0 0 0 0 0 0 0 1 1
 0 1 0 0 0 0 1 0 1 1 0 0 1 0 1
 1 0 1 0 1 1 0 0 0 1 0 0 0 1 0
 1 1 0 1 0 0 0 1 0 1 0 0 0 0 1
 0 0 0 0 0 1 1 1 0 0 1 1 0 1 0
 0 0 0 0 1 0 1 1 0 0 1 1 1 0 0
 0 0 0 1 0 1 1 0 0 0 1 0 1 0 1
 0 1 0 1 1 0 0 0 0 1 1 0 1 0 0
 1 1 1 1 0 0 1 0 1 0 0 0 0 0 0
 0 0 0 1 1 1 0 0 1 0 1 0 0 0 1
 1 1 0 0 0 1 0 0 1 1 0 0 0 1 0
 1 0 1 1 0 1 0 0 1 0 1 0 0 0 0
 1 0 0 0 1 1 0 0 1 1 0 0 0 0 1
 0 0 0 0 1 1 1 0 1 0 1 0 1 0 0
 0 0 1 0 0 1 0 0 1 1 0 1 0 1 0
 1 1 0 0 1 0 1 0 0 0 1 0 0 1 0
 1 1 0 1 0 1 0 0 1 0 1 0 0 0 0
 1 0 0 1 0 0 1 0 1 0 0 0 0 1 1

Warwick 1632: balanced products, 6 products per order
30 15
 0 0 0 0 0 0 0 1 1 1 0 1 1 0 1
 0 1 1 0 1 0 0 0 0 1 1 1 0 0 0
 0 1 0 0 0 1 1 0 0 1 0 1 1 0 0
 0 0 1 0 1 0 0 0 1 1 0 1 0 1 0
 1 0 1 0 0 0 1 1 1 0 1 0 0 0 0
 0 1 0 0 0 0 1 1 0 1 0 1 0 1 0
 1 0 0 0 1 1 1 1 0 0 0 0 1 0 0
 0 0 0 0 1 0 0 0 1 1 0 0 1 1 1
 0 0 1 1 1 0 1 1 0 0 0 1 0 0 0
 0 0 0 1 1 0 1 0 1 0 0 1 0 1 0
 0 0 1 1 0 1 0 1 0 0 1 1 0 0 0
 0 1 0 0 0 0 0 0 1 1 1 0 1 0 1
 0 1 0 0 1 0 0 0 1 1 1 0 0 1 0
 1 1 1 1 0 0 0 0 1 0 0 0 0 0 1
 1 0 0 1 1 0 1 0 0 0 1 1 0 0 0
 0 0 0 1 1 1 1 0 0 0 0 1 0 0 1
 0 1 0 1 1 0 0 1 0 0 0 0 0 1 1
 0 1 0 1 1 0 1 0 0 1 0 0 0 1 0
 0 0 0 1 0 0 1 1 1 0 1 0 1 0 0
 0 0 0 0 1 1 0 0 1 1 0 0 1 1 0
 1 1 0 0 1 0 0 0 1 0 1 0 1 0 0
 1 0 0 1 0 0 0 1 1 0 0 1 1 0 0
 1 1 1 1 0 0 0 0 1 0 0 0 0 1 0
 1 0 1 0 0 0 1 1 0 0 0 0 0 1 1
 1 1 0 0 1 0 0 1 0 0 1 1 0 0 0
 1 0 0 1 1 0 1 1 0 0 0 0 1 0 0
 0 0 0 1 1 0 0 1 1 0 1 1 0 0 0
 1 1 1 0 1 0 0 0 0 1 0 0 0 0 1
 1 1 0 0 1 0 0 1 1 0 0 0 0 0 1
 0 0 0 0 0 1 1 0 0 1 0 1 1 0 1

Warwick 1633: balanced products, 6 products per order
30 15
 0 0 0 1 0 1 1 0 1 0 0 1 0 1 0
 1 0 0 1 0 0 0 1 1 1 0 1 0 0 0
 0 0 1 1 1 0 1 0 0 0 1 0 0 0 1
 0 1 0 1 0 0 1 1 0 0 0 0 0 1 1
 0 1 1 1 0 1 0 0 0 1 1 0 0 0 0
 0 0 1 0 1 0 0 1 0 0 1 1 1 0 0
 1 0 0 1 0 0 0 0 1 0 1 1 0 1 0
 0 0 0 0 0 0 1 0 0 1 1 1 0 1 1
 0 1 1 0 1 1 0 0 1 0 0 0 1 0 0
 0 1 0 0 0 0 1 1 0 1 0 1 0 1 0
 1 0 0 0 1 0 1 1 0 0 1 0 0 1 0
 1 0 0 0 0 0 1 0 0 1 0 1 1 0 1
 1 0 0 0 1 0 0 1 0 1 1 0 0 0 1
 0 0 1 0 1 0 0 0 1 1 0 1 1 0 0
 0 1 0 1 1 1 0 0 0 0 1 0 0 1 0
 0 0 1 1 1 1 0 0 1 0 0 0 0 1 0
 0 0 0 1 0 0 1 1 1 1 1 0 0 0 0
 0 0 0 0 0 0 1 1 0 0 1 1 1 0 1
 0 1 0 1 0 1 0 0 1 1 0 0 0 0 1
 0 0 1 0 0 1 0 0 0 1 1 0 1 0 1
 0 1 0 0 0 1 0 1 1 0 1 0 0 1 0
 0 0 0 1 0 0 1 1 0 0 1 0 1 0 1
 0 1 1 0 0 0 0 1 0 0 1 1 0 0 1
 0 0 0 0 1 0 0 1 0 1 1 1 0 1 0
 1 0 0 1 0 0 1 1 1 0 0 0 0 0 1
 1 0 1 0 0 1 0 1 1 1 0 0 0 0 0
 1 0 0 1 0 1 0 0 1 0 0 0 1 0 1
 0 0 1 0 1 0 0 0 1 1 1 0 0 0 1
 0 0 1 1 1 1 1 0 1 0 0 0 0 0 0
 0 1 1 1 0 0 1 0 0 1 0 0 1 0 0

Warwick 1634: balanced products, 6 products per order
30 15
 1 1 0 1 1 0 0 0 0 0 1 1 0 0 0
 1 0 1 0 0 0 0 0 1 1 0 1 1 0 0
 1 0 0 0 1 1 0 0 0 0 1 1 0 1 0
 0 1 1 0 1 0 0 0 0 1 1 0 1 0 0
 1 0 1 0 0 1 1 0 0 0 1 1 0 0 0
 0 0 0 0 1 1 0 0 1 0 1 0 1 0 1
 0 0 0 0 1 0 0 0 1 0 1 1 1 1 0
 0 1 1 0 1 0 0 0 0 1 1 0 0 0 1
 0 0 0 0 0 0 1 1 0 1 1 0 1 1 0
 1 0 0 0 1 0 1 1 0 0 0 1 0 1 0
 1 0 1 0 0 1 1 0 0 1 0 0 1 0 0
 0 0 0 0 1 0 1 0 1 1 0 0 1 1 0
 0 0 0 1 0 1 1 0 0 0 0 1 0 1 1
 0 1 1 1 0 0 1 0 0 0 0 1 1 0 0
 0 1 1 1 0 0 0 0 1 1 0 1 0 0 0
 1 1 1 0 1 1 0 1 0 0 0 0 0 0 0
 1 0 1 0 0 0 1 0 0 0 0 0 1 1 1
 0 1 1 0 0 0 0 0 0 1 1 1 1 0 0
 0 1 0 1 0 0 0 0 1 0 1 0 1 0 1
 0 0 0 1 0 0 0 0 1 1 1 1 1 0 0
 0 1 1 0 0 1 0 0 0 1 1 0 1 0 0
 0 1 1 1 1 0 0 0 1 0 0 1 0 0 0
 1 0 1 1 0 0 0 0 1 0 1 1 0 0 0
 1 0 0 0 0 0 1 1 0 1 0 1 0 0 1
 0 0 0 0 0 1 1 1 1 1 0 1 0 0 0
 1 0 0 0 1 1 0 1 0 1 0 1 0 0 0
 0 0 1 0 1 1 0 0 1 0 1 0 0 0 1
 0 0 1 0 0 0 0 1 0 1 1 1 1 0 0
 0 0 1 0 0 0 0 0 1 1 1 0 1 1 0
 0 1 1 0 1 0 0 0 0 1 0 1 0 1 0

Warwick 1635: balanced products, 6 products per order
30 15
 1 0 1 0 0 1 1 0 0 0 1 0 0 1 0
 0 0 0 1 1 0 0 1 0 0 0 1 1 1 0
 1 1 1 0 0 1 0 0 0 0 0 0 0 1 1
 1 0 0 0 1 1 1 0 1 0 0 0 0 0 1
 1 0 0 0 1 1 0 1 1 0 0 0 1 0 0
 0 1 0 1 0 0 1 0 0 0 1 1 0 0 1
 0 0 0 0 1 1 1 0 1 1 1 0 0 0 0
 1 1 1 0 0 0 0 0 0 1 0 0 1 1 0
 0 0 0 1 0 1 0 0 1 0 1 1 0 0 1
 0 1 1 0 1 0 0 0 0 1 0 1 1 0 0
 1 1 1 1 0 0 0 0 0 0 1 0 0 1 0
 1 0 0 1 0 0 0 1 1 1 0 0 0 1 0
 1 0 1 1 0 0 1 0 1 1 0 0 0 0 0
 1 1 1 1 0 0 0 1 1 0 0 0 0 0 0
 0 0 0 0 0 0 1 1 1 0 1 0 0 1 1
 0 0 0 0 0 1 0 1 0 0 1 0 1 1 1
 0 0 0 0 1 0 1 0 0 1 0 1 1 0 1
 1 1 0 0 1 1 1 0 0 0 0 1 0 0 0
 0 0 1 0 1 1 0 0 0 1 1 0 0 1 0
 1 0 1 0 0 0 1 0 1 0 0 0 1 1 0
 0 1 0 0 1 1 0 0 1 1 0 0 1 0 0
 0 1 0 1 1 0 0 1 0 0 1 1 0 0 0
 0 1 0 1 0 0 0 1 1 0 1 0 0 1 0
 0 1 1 0 0 1 0 0 0 1 0 0 1 0 1
 0 0 1 1 0 1 0 1 0 1 0 0 0 0 1
 0 1 0 1 1 0 0 0 0 1 0 0 0 1 1
 0 0 0 1 1 0 0 0 0 1 0 1 1 0 1
 0 0 0 1 0 0 1 1 1 0 1 0 0 0 1
 1 0 1 0 0 1 1 0 0 0 1 0 1 0 0
 1 0 0 1 0 1 0 0 1 0 0 0 0 1 1

Warwick 1636: balanced products, 6 products per order
30 15
 0 0 1 0 1 0 0 1 1 0 0 1 0 1 0
 0 1 0 0 0 0 0 1 1 0 0 1 0 1 1
 1 0 0 0 0 0 0 0 1 1 0 0 1 1 1
 0 0 1 1 1 0 1 1 0 0 0 1 0 0 0
 0 0 1 0 0 0 0 1 1 0 1 1 0 0 1
 0 1 1 0 0 0 1 0 0 0 1 0 1 0 1
 0 0 1 1 1 0 1 0 0 0 1 1 0 0 0
 0 0 0 0 1 1 1 0 0 1 0 1 1 0 0
 0 0 1 0 0 1 0 0 1 1 1 1 0 0 0
 1 1 0 0 0 0 1 0 0 1 0 0 1 0 1
 0 0 0 1 0 1 1 0 1 0 1 1 0 0 0
 1 0 0 0 0 0 0 0 0 1 1 1 1 1 0
 1 0 0 0 0 0 1 1 0 1 0 1 0 1 0
 1 0 0 0 0 1 0 1 1 0 0 1 0 0 1
 1 0 1 0 0 1 0 1 0 0 1 1 0 0 0
 1 0 0 0 0 0 0 1 0 1 1 1 1 0 0
 1 1 0 0 0 1 0 0 0 1 1 0 1 0 0
 0 1 0 0 1 0 0 1 0 0 1 1 0 1 0
 1 0 1 0 1 0 1 0 0 0 0 0 1 1 0
 1 1 1 1 1 1 0 0 0 0 0 0 0 0 0
 0 0 1 0 1 1 0 1 0 1 0 0 1 0 0
 1 0 1 1 0 1 0 1 0 0 0 0 0 1 0
 1 0 1 1 1 0 0 0 1 1 0 0 0 0 0
 0 0 1 0 1 0 0 0 1 1 1 0 0 0 1
 0 1 0 1 1 0 0 0 1 0 0 1 0 0 1
 1 0 1 1 1 1 1 0 0 0 0 0 0 0 0
 0 0 1 1 1 0 0 0 1 0 1 1 0 0 0
 0 1 0 0 1 0 1 1 0 0 0 0 1 0 1
 0 1 1 0 0 1 0 1 0 0 0 1 0 0 1
 0 0 0 1 1 0 0 1 0 1 0 1 0 0 1

Warwick 1637: balanced products, 6 products per order
30 15
 0 0 0 1 0 0 1 0 0 1 1 0 1 0 1
 1 0 1 1 0 1 0 0 0 1 0 0 0 1 0
 0 1 0 0 1 1 1 0 0 1 0 0 1 0 0
 0 1 0 0 0 0 1 0 1 1 1 0 0 0 1
 0 0 0 1 1 1 0 0 1 1 1 0 0 0 0
 0 0 1 0 0 0 0 1 1 0 1 0 1 0 1
 0 1 0 1 0 0 0 1 0 0 1 1 0 1 0
 1 0 0 1 0 1 1 0 1 0 1 0 0 0 0
 1 0 0 0 1 1 0 0 0 1 1 0 1 0 0
 0 1 1 0 1 0 0 0 1 1 0 1 0 0 0
 1 0 0 0 1 0 1 0 0 0 1 0 1 1 0
 0 1 0 1 0 1 0 0 0 0 0 0 1 1 1
 1 1 0 0 0 1 1 1 0 0 0 0 0 0 1
 1 0 0 0 1 0 1 0 0 0 1 1 1 0 0
 1 0 0 0 0 0 1 0 0 1 0 0 1 1 1
 0 0 1 1 1 1 0 1 0 0 0 1 0 0 0
 0 1 1 1 1 0 0 0 1 1 0 0 0 0 0
 0 1 1 0 0 1 1 1 0 0 0 0 0 0 1
 0 0 0 0 0 0 1 1 1 0 1 1 1 0 0
 1 0 1 0 0 1 1 0 0 0 0 1 0 0 1
 0 0 0 1 0 1 0 1 1 1 0 0 0 0 1
 0 1 1 1 0 0 1 0 1 0 0 0 0 1 0
 1 0 0 1 0 0 0 0 0 0 0 1 1 1 1
 1 1 0 0 0 0 1 0 0 0 0 1 1 1 0
 1 0 0 1 1 0 0 0 1 0 0 1 0 0 1
 0 0 0 0 1 1 0 0 0 0 1 1 1 1 0
 0 0 0 1 0 0 0 1 0 1 1 1 1 0 0
 0 0 1 1 1 1 1 0 0 0 0 0 1 0 0
 0 0 0 0 1 1 0 0 0 1 1 0 1 1 0
 0 0 0 0 0 0 0 1 1 0 1 0 1 1 1

Warwick 1638: balanced products, 6 products per order
30 15
 1 0 0 1 1 0 1 0 0 0 0 0 1 0 1
 1 0 0 1 1 0 0 0 0 0 1 0 1 0 1
 0 1 0 1 0 0 1 1 1 0 1 0 0 0 0
 0 0 1 0 0 1 0 1 0 0 0 1 1 0 1
 0 1 0 0 1 1 0 1 1 0 1 0 0 0 0
 1 0 0 1 0 0 0 0 0 1 1 0 1 0 1
 0 1 1 0 0 0 1 1 0 0 1 0 1 0 0
 0 1 1 1 0 0 0 0 0 0 0 0 1 1 1
 1 0 1 0 0 0 1 0 1 0 1 0 0 0 1
 1 1 0 0 0 0 1 1 0 0 0 1 1 0 0
 1 1 1 0 0 0 0 0 1 0 0 0 0 1 1
 0 1 1 1 0 0 0 0 0 1 0 1 0 0 1
 1 1 1 1 0 0 0 0 0 1 0 1 0 0 0
 0 0 0 0 0 1 0 0 1 1 0 0 1 1 1
 0 1 1 0 1 1 0 1 0 0 0 0 0 1 0
 0 1 1 0 1 0 0 0 1 0 0 1 0 0 1
 0 0 0 1 1 0 1 0 1 0 1 0 0 1 0
 0 1 1 0 0 1 0 0 0 0 1 0 1 0 1
 1 0 0 1 0 0 1 0 0 1 0 1 0 0 1
 0 1 0 0 0 1 0 1 0 0 1 0 0 1 1
 0 1 0 0 0 1 1 0 1 1 0 1 0 0 0
 1 1 0 0 1 0 0 0 0 1 0 0 0 1 1
 0 1 0 0 0 0 1 1 1 1 0 1 0 0 0
 0 0 1 1 1 1 0 0 1 0 1 0 0 0 0
 0 0 0 0 1 0 1 0 1 1 0 0 0 1 1
 1 0 1 0 1 0 0 1 0 1 0 0 0 0 1
 0 0 0 0 1 0 1 1 0 1 0 0 1 1 0
 1 1 0 0 0 0 1 0 1 1 0 0 0 1 0
 0 1 1 0 0 0 1 0 0 1 1 0 0 1 0
 0 0 1 1 0 1 1 0 0 0 0 0 1 0 1

Warwick 1639: balanced products, 6 products per order
30 15
 0 0 1 1 1 0 1 0 0 0 0 0 1 1 0
 0 0 0 1 1 0 1 1 0 0 0 1 0 1 0
 0 0 1 0 1 0 0 0 0 1 1 1 0 0 1
 1 0 0 0 0 0 0 1 1 1 1 0 0 1 0
 0 1 0 0 1 1 1 0 0 0 1 0 1 0 0
 0 0 0 0 0 1 1 1 1 0 0 1 0 1 0
 0 0 1 1 1 0 0 1 0 0 1 0 0 1 0
 1 0 0 0 1 1 0 0 0 1 0 1 1 0 0
 1 0 1 0 1 0 0 0 1 1 0 1 0 0 0
 1 1 1 1 0 1 0 0 0 1 0 0 0 0 0
 1 0 0 0 0 0 1 1 0 1 0 0 1 1 0
 0 1 0 0 0 0 1 1 1 0 0 0 1 1 0
 1 1 0 0 1 0 0 1 1 1 0 0 0 0 0
 0 0 0 1 0 0 1 0 1 1 1 0 1 0 0
 1 0 1 0 0 0 0 1 0 0 0 1 0 1 1
 0 0 0 1 1 1 0 0 1 0 1 0 0 0 1
 0 0 1 0 0 0 0 1 0 0 1 1 1 0 1
 1 1 0 0 0 0 1 1 0 1 1 0 0 0 0
 1 0 1 0 1 0 1 0 0 1 0 0 1 0 0
 0 0 0 1 0 1 0 0 1 1 0 1 0 0 1
 1 1 0 1 0 0 0 0 0 0 0 0 1 1 1
 0 0 0 0 1 0 0 0 1 1 1 1 0 0 1
 0 0 0 0 1 1 1 1 0 0 0 0 1 0 1
 1 0 0 1 1 1 0 0 0 1 1 0 0 0 0
 0 0 0 1 0 0 0 1 0 0 1 0 1 1 1
 0 0 0 0 0 1 0 0 1 1 1 0 1 0 1
 0 1 0 0 0 0 1 1 0 1 0 0 0 1 1
 1 0 0 1 0 0 0 1 1 0 1 0 0 1 0
 1 1 0 0 0 1 1 1 0 1 0 0 0 0 0
 1 0 1 0 1 0 1 0 0 0 0 1 0 1 0

Warwick 1640: balanced products, 6 products per order
30 15
 0 0 0 1 0 1 0 1 1 0 0 0 1 1 0
 0 1 1 1 1 0 0 1 1 0 0 0 0 0 0
 1 0 1 0 0 1 0 0 0 1 0 0 1 1 0
 0 1 1 0 1 0 0 1 0 0 0 0 1 0 1
 0 0 0 1 0 0 1 1 0 0 1 0 1 0 1
 0 0 1 0 0 1 1 0 1 0 1 1 0 0 0
 0 0 0 1 0 1 0 0 1 0 1 0 1 0 1
 1 1 1 0 0 1 0 0 0 0 0 0 1 0 1
 0 1 0 1 0 1 0 1 1 0 0 0 0 1 0
 0 1 0 0 1 1 0 0 1 1 0 0 1 0 0
 0 0 0 1 1 0 0 1 0 1 1 1 0 0 0
 0 0 1 1 1 1 0 1 0 0 0 0 1 0 0
 0 0 0 0 1 1 0 1 0 1 1 0 0 1 0
 1 0 1 0 0 0 0 1 0 0 0 1 1 0 1
 0 0 1 0 1 1 0 0 1 0 0 1 1 0 0
 1 0 1 0 0 0 1 0 1 1 1 0 0 0 0
 0 0 1 0 1 1 1 1 0 1 0 0 0 0 0
 1 0 0 1 0 1 1 0 0 0 0 0 1 1 0
 0 1 0 0 1 1 1 1 1 0 0 0 0 0 0
 1 0 1 0 1 0 0 1 1 1 0 0 0 0 0
 1 0 1 0 1 1 0 0 0 1 1 0 0 0 0
 1 0 0 0 1 0 1 0 0 0 1 0 1 1 0
 0 0 1 1 1 0 1 1 0 0 0 0 0 1 0
 0 1 0 1 1 0 0 0 0 0 1 0 1 1 0
 0 1 1 0 1 0 0 0 0 1 0 0 0 1 1
 1 1 1 1 0 0 0 1 0 0 1 0 0 0 0
 1 0 0 1 0 1 0 0 0 1 0 1 1 0 0
 1 1 0 0 1 0 0 1 1 0 0 0 1 0 0
 0 1 0 0 0 1 0 1 1 0 0 1 0 0 1
 1 1 1 0 0 0 0 0 0 0 0 1 1 0 1

Warwick 1641: balanced products, 7 products per order
30 15
 1 0 1 0 0 0 1 0 1 1 1 0 1 0 0
 1 1 0 0 0 0 1 0 1 0 1 1 1 0 0
 1 1 0 0 1 0 0 1 1 0 1 0 0 1 0
 0 0 0 0 1 0 1 1 1 0 1 0 0 1 1
 0 1 1 0 1 0 1 0 0 1 0 1 0 1 0
 0 1 0 1 0 1 0 1 1 0 0 0 1 0 1
 0 1 0 0 0 0 1 1 0 1 1 1 0 1 0
 0 1 1 1 0 0 1 0 1 0 1 1 0 0 0
 0 0 1 1 1 1 1 0 0 0 0 1 0 0 1
 0 0 0 0 1 0 0 1 1 1 1 0 1 0 1
 1 0 0 1 0 1 1 0 0 0 1 0 0 1 1
 1 0 1 0 0 1 1 0 0 0 1 0 1 1 0
 1 1 0 1 0 0 0 0 1 1 1 0 1 0 0
 1 1 0 0 0 0 0 1 1 0 1 0 1 1 0
 0 0 1 1 1 0 1 0 1 0 1 0 0 1 0
 0 0 0 1 1 0 0 1 0 1 0 1 0 1 1
 0 0 1 0 0 1 0 0 1 0 1 1 0 1 1
 1 0 1 1 0 1 0 1 1 0 1 0 0 0 0
 1 1 1 1 1 0 0 0 0 0 0 0 1 1 0
 1 1 0 1 1 1 0 1 0 0 0 0 0 1 0
 1 1 1 0 0 0 0 0 0 1 1 1 1 0 0
 1 1 0 0 0 1 1 0 1 0 1 1 0 0 0
 0 0 1 1 1 0 1 0 0 0 1 0 1 1 0
 1 1 1 0 1 0 0 1 1 0 1 0 0 0 0
 1 0 0 1 0 1 1 0 0 1 0 1 0 0 1
 1 0 0 0 0 1 1 1 1 0 0 0 1 0 1
 0 1 0 1 0 1 0 1 1 0 1 0 0 0 1
 1 1 1 0 1 0 0 1 0 1 0 0 1 0 0
 0 0 1 0 0 0 1 1 1 1 0 0 1 0 1
 0 0 1 1 1 0 1 1 0 1 0 0 0 1 0

Warwick 1642: balanced products, 7 products per order
30 15
 0 1 1 0 0 0 0 0 0 0 1 1 1 1 1
 1 0 0 0 0 1 1 0 0 1 0 1 1 0 1
 0 0 1 1 0 1 0 1 0 1 1 0 1 0 0
 1 0 0 1 0 0 0 0 1 1 1 1 0 1 0
 0 0 1 1 0 1 1 0 0 0 1 1 0 1 0
 1 1 0 0 1 1 1 0 0 1 0 0 1 0 0
 1 0 0 1 0 0 1 0 1 0 1 1 0 0 1
 0 1 0 1 1 0 0 0 0 1 1 0 1 0 1
 1 1 0 1 1 0 0 0 1 0 0 0 1 1 0
 1 1 0 0 1 1 0 0 0 1 1 0 0 1 0
 1 0 1 1 0 0 0 0 1 0 1 0 0 1 1
 1 0 1 1 1 0 1 1 0 0 0 0 0 0 1
 0 1 0 0 1 1 1 1 0 1 0 0 0 0 1
 0 0 0 1 0 1 0 0 1 1 0 1 1 0 1
 0 1 1 0 1 0 1 1 0 0 1 0 0 1 0
 0 1 0 0 1 1 0 1 1 1 0 0 0 1 0
 0 1 0 0 1 0 1 0 1 0 1 1 0 1 0
 0 0 0 1 1 1 0 1 0 0 1 0 1 0 1
 0 1 1 0 1 0 0 1 1 0 0 1 1 0 0
 0 0 0 0 1 1 0 0 1 0 1 1 1 0 1
 1 0 0 0 1 0 1 1 1 0 0 1 1 0 0
 1 0 1 0 1 0 0 1 1 1 0 0 0 1 0
 1 1 1 0 1 0 0 0 1 1 0 0 1 0 0
 1 0 0 0 0 0 1 1 1 0 1 1 1 0 0
 0 0 0 1 0 0 1 1 1 1 0 0 1 0 1
 1 0 1 0 1 0 0 0 1 0 1 1 0 0 1
 0 0 1 0 1 1 1 1 0 1 0 0 0 0 1
 0 0 1 1 0 0 0 1 0 1 1 1 0 1 0
 1 0 0 1 1 0 1 0 1 1 0 0 0 0 1
 1 1 1 0 0 0 0 1 1 0 0 0 1 1 0

Warwick 1643: balanced products, 7 products per order
30 15
 1 1 0 0 0 0 0 1 0 0 1 1 1 1 0
 0 1 1 0 0 0 0 1 0 0 0 1 1 1 1
 1 1 0 0 0 1 1 0 1 0 0 0 1 1 0
 1 0 1 1 1 0 0 1 0 0 1 0 1 0 0
 1 0 0 0 1 1 0 0 1 1 1 0 1 0 0
 0 1 0 0 0 1 1 0 0 1 1 1 0 1 0
 0 1 0 0 1 1 1 1 0 0 1 0 0 1 0
 0 1 0 1 1 1 1 1 0 0 0 0 0 1 0
 0 0 1 1 1 0 1 0 0 1 0 1 0 0 1
 0 1 0 1 1 0 0 1 1 1 0 1 0 0 0
 0 1 1 1 0 1 1 0 0 1 0 0 0 0 1
 0 1 1 0 0 0 0 1 0 0 1 1 1 1 0
 0 0 1 0 0 0 1 0 1 1 0 1 0 1 1
 0 0 1 1 0 0 0 1 1 1 1 0 0 1 0
 0 0 1 0 1 0 1 0 1 0 1 1 0 0 1
 0 0 1 1 1 0 1 0 0 1 1 0 0 1 0
 0 0 1 1 0 1 0 1 1 1 0 1 0 0 0
 0 0 0 1 1 0 0 1 0 1 0 1 0 1 1
 0 0 1 0 0 0 1 1 1 1 0 1 1 0 0
 1 1 0 0 1 0 0 1 0 0 1 1 0 1 0
 1 0 1 1 0 1 1 0 0 0 0 1 0 1 0
 1 1 0 0 1 1 0 0 1 1 0 0 0 1 0
 1 1 0 1 0 1 0 0 0 1 1 0 0 0 1
 1 1 0 1 0 0 0 1 0 0 0 1 1 0 1
 1 1 1 0 0 1 0 1 0 0 0 1 0 0 1
 0 0 1 1 1 0 0 1 1 0 1 0 0 1 0
 0 0 0 1 1 1 1 1 0 1 0 0 0 0 1
 0 1 1 0 0 1 0 0 0 1 1 1 0 0 1
 1 0 1 1 1 0 0 0 0 1 1 0 0 0 1
 1 0 0 1 0 1 0 0 1 1 0 1 1 0 0

Warwick 1644: balanced products, 7 products per order
30 15
 1 1 0 1 1 0 0 0 1 0 0 1 0 0 1
 0 0 1 1 1 1 0 1 0 0 0 0 1 1 0
 0 1 0 1 1 0 0 0 0 1 0 1 0 1 1
 1 0 1 0 0 0 0 1 0 0 1 1 0 1 1
 0 0 1 0 1 0 0 1 1 1 0 1 0 1 0
 0 1 0 0 0 0 1 1 1 0 1 1 0 0 1
 0 0 1 1 1 0 0 0 1 1 1 1 0 0 0
 1 1 0 0 1 1 1 1 1 0 0 0 0 0 0
 1 1 1 0 0 0 1 0 0 1 0 0 0 1 1
 0 1 0 1 0 0 0 1 0 1 0 0 1 1 1
 0 0 0 0 1 0 1 0 1 0 1 1 0 1 1
 0 0 0 1 1 0 1 1 1 0 1 0 0 1 0
 0 1 1 0 0 0 1 1 1 0 1 1 0 0 0
 0 0 0 1 1 0 1 1 0 1 1 0 1 0 0
 0 0 1 0 1 1 1 0 0 0 1 0 1 1 0
 0 1 1 1 0 1 1 0 0 0 0 0 0 1 1
 1 0 1 0 0 1 0 1 1 0 0 0 1 1 0
 0 0 1 0 0 0 1 1 1 0 1 1 0 1 0
 1 0 0 1 1 1 0 0 0 0 1 0 1 1 0
 0 0 1 0 1 1 1 0 0 0 0 1 1 0 1
 0 0 1 1 1 1 0 0 0 0 0 1 1 0 1
 0 1 1 1 1 0 0 0 0 0 0 0 1 1 1
 0 1 0 0 0 0 1 0 1 1 0 0 1 1 1
 0 1 0 0 1 0 0 1 0 1 0 1 0 1 1
 1 0 1 0 0 0 1 0 0 1 1 1 0 1 0
 1 0 1 0 1 0 1 0 1 0 1 0 0 0 1
 0 1 1 1 0 0 0 0 0 1 1 0 0 1 1
 0 0 0 0 0 1 1 1 0 1 0 1 1 0 1
 1 0 0 0 0 1 1 0 1 1 0 1 1 0 0
 1 0 0 1 0 0 1 0 0 1 1 0 1 1 0

Warwick 1645: balanced products, 7 products per order
30 15
 1 1 0 0 0 1 0 1 0 0 1 1 0 1 0
 1 0 0 1 0 1 0 0 1 0 1 1 1 0 0
 0 0 1 0 0 0 1 1 0 1 1 1 0 1 0
 1 1 1 0 0 0 1 1 0 1 0 1 0 0 0
 0 0 0 0 1 0 1 1 1 1 0 1 1 0 0
 1 0 0 0 1 1 0 0 1 1 1 0 1 0 0
 0 1 1 1 0 1 1 0 0 1 0 0 0 0 1
 0 1 1 1 1 0 0 0 1 0 1 0 0 0 1
 1 1 1 1 0 0 0 0 1 0 1 0 0 1 0
 0 1 0 0 0 1 1 1 0 0 1 0 1 0 1
 1 1 0 0 0 0 0 1 1 0 1 1 0 0 1
 0 0 0 1 1 1 0 1 0 1 0 0 1 1 0
 0 0 0 1 0 1 1 1 0 0 1 0 1 1 0
 1 0 0 0 1 0 1 0 0 1 1 0 0 1 1
 0 0 0 0 1 1 1 0 0 1 1 0 1 1 0
 0 0 0 0 0 0 1 1 0 1 1 1 1 1 0
 1 0 1 0 1 0 1 0 1 0 0 1 1 0 0
 0 0 0 1 0 1 1 1 1 1 0 0 1 0 0
 1 0 0 0 0 1 0 1 1 1 0 0 1 1 0
 1 1 0 0 0 1 1 1 0 0 1 1 0 0 0
 1 1 0 0 1 0 1 0 0 1 0 1 1 0 0
 1 0 1 0 0 1 0 1 1 0 0 0 0 1 1
 0 0 1 1 0 0 0 0 1 1 1 1 1 0 0
 1 1 0 0 0 1 0 0 1 0 1 1 0 0 1
 0 1 0 1 1 0 0 0 1 0 0 1 1 1 0
 1 0 1 0 1 1 1 0 1 0 0 0 0 0 1
 1 1 1 1 1 0 0 0 0 0 0 0 1 1 0
 0 1 0 1 0 0 1 0 0 1 1 1 0 1 0
 0 1 0 1 0 0 0 1 0 0 1 1 1 1 0
 1 0 0 0 1 1 1 1 1 0 0 0 0 1 0

Warwick 1646: balanced products, 7 products per order
30 15
 0 1 0 1 0 0 0 1 0 0 0 1 1 1 1
 0 1 1 0 0 1 1 1 0 1 0 1 0 0 0
 1 1 0 0 1 1 0 1 1 0 0 1 0 0 0
 0 1 1 1 1 0 0 0 1 1 0 0 0 1 0
 1 1 1 0 1 0 0 0 0 1 1 1 0 0 0
 0 0 1 0 0 1 1 1 0 0 0 1 1 0 1
 1 0 1 0 1 0 1 1 0 0 0 1 1 0 0
 1 1 0 1 0 0 1 1 0 0 0 0 1 0 1
 1 0 1 1 1 0 0 0 0 0 1 0 0 1 1
 0 1 1 1 0 1 0 0 0 0 0 1 1 0 1
 0 1 0 0 1 1 0 1 0 1 0 0 1 0 1
 0 1 0 1 0 1 0 1 1 0 0 1 0 1 0
 1 0 1 0 1 0 0 0 0 1 0 0 1 1 1
 0 0 0 1 1 1 0 0 1 0 1 1 0 0 1
 1 0 0 0 0 1 1 1 0 1 0 0 1 1 0
 0 0 0 1 0 1 1 1 0 0 0 0 1 1 1
 1 0 1 1 0 0 1 1 0 1 0 1 0 0 0
 0 1 1 0 1 0 0 0 0 1 1 1 1 0 0
 1 1 0 0 0 1 0 0 1 0 1 0 0 1 1
 0 0 0 1 0 1 1 0 0 1 1 1 0 0 1
 0 0 1 0 1 0 1 0 1 1 0 1 0 0 1
 0 1 1 0 0 0 0 0 1 1 0 1 1 1 0
 1 0 1 1 0 0 0 0 1 0 1 0 1 0 1
 0 0 1 0 0 1 0 0 0 1 1 0 1 1 1
 1 1 0 0 0 0 1 1 0 0 1 0 1 1 0
 0 0 1 1 0 0 1 1 1 0 0 1 1 0 0
 0 1 1 0 0 0 1 1 0 1 0 0 0 1 1
 1 1 1 0 1 0 1 1 0 1 0 0 0 0 0
 1 0 0 1 1 1 1 0 0 0 0 0 0 1 1
 0 0 1 0 1 1 0 1 1 0 0 1 0 1 0

Warwick 1647: balanced products, 7 products per order
30 15
 0 0 1 1 1 0 0 0 0 0 1 1 0 1 1
 0 0 0 0 0 1 0 0 0 1 1 1 1 1 1
 0 0 1 0 1 1 0 0 0 1 0 1 0 1 1
 0 1 1 0 0 1 0 0 1 1 0 0 1 0 1
 0 0 1 0 0 1 0 1 1 1 1 0 0 0 1
 0 1 1 1 1 1 1 0 0 0 1 0 0 0 0
 0 1 1 0 1 0 0 1 0 0 1 0 1 1 0
 0 0 1 1 0 0 0 0 1 1 0 0 1 1 1
 0 0 0 1 0 0 0 1 1 1 1 0 1 1 0
 1 0 0 0 1 0 1 0 0 1 0 1 1 0 1
 1 1 1 0 0 0 0 1 1 0 1 0 0 1 0
 0 0 0 1 0 0 1 0 0 0 1 1 1 1 1
 1 0 0 0 0 0 1 1 1 0 1 1 0 1 0
 0 0 0 1 1 1 1 0 1 0 1 1 0 0 0
 1 0 0 1 0 1 0 1 0 0 1 0 1 0 1
 0 1 0 0 0 1 0 0 1 1 0 0 1 1 1
 1 0 1 0 0 0 0 0 0 0 1 1 1 1 1
 0 1 0 1 0 1 1 0 1 0 0 0 0 1 1
 0 0 1 1 1 1 0 1 0 0 0 0 1 1 0
 1 1 0 0 1 1 1 0 1 0 0 1 0 0 0
 1 0 1 1 0 0 0 0 0 1 1 0 1 0 1
 1 0 1 1 0 0 0 1 0 0 0 0 1 1 1
 0 0 0 0 1 0 0 1 1 1 1 0 1 0 1
 1 1 0 0 1 0 1 0 0 1 1 0 0 0 1
 0 1 0 0 1 0 1 0 1 0 1 1 0 1 0
 0 1 0 0 0 0 1 1 1 1 1 1 0 0 0
 0 0 0 0 1 1 0 1 0 1 1 1 1 0 0
 1 0 1 0 0 1 0 1 1 1 0 0 1 0 0
 1 0 1 0 1 0 0 1 1 0 0 1 0 0 1
 0 1 1 0 1 0 0 1 1 1 0 0 0 0 1

Warwick 1648: balanced products, 7 products per order
30 15
 1 0 0 0 0 0 0 0 0 1 1 1 1 1 1
 0 1 0 0 1 0 0 1 0 1 0 1 0 1 1
 0 1 1 0 1 0 0 0 1 1 1 0 0 0 1
 0 1 0 1 1 0 0 1 1 0 1 0 1 0 0
 1 0 0 1 1 0 1 0 0 0 1 0 0 1 1
 0 0 1 1 0 0 1 0 0 1 1 0 1 0 1
 0 1 1 0 0 0 1 1 0 0 0 1 1 1 0
 0 1 0 1 1 1 1 0 1 0 1 0 0 0 0
 1 0 0 0 1 0 1 1 0 1 1 1 0 0 0
 1 0 0 0 0 0 1 0 1 1 0 1 0 1 1
 0 0 1 0 1 0 1 0 1 0 0 0 1 1 1
 0 0 0 0 1 1 1 1 0 1 0 1 0 1 0
 0 0 0 1 1 1 0 1 0 0 0 1 0 1 1
 0 0 0 1 1 0 1 1 0 0 0 1 1 1 0
 0 0 1 1 0 1 0 1 1 1 1 0 0 0 0
 0 0 0 0 0 0 1 1 0 1 1 1 1 0 1
 0 1 1 0 0 0 0 0 1 0 1 1 0 1 1
 0 0 0 1 1 0 0 0 1 1 0 1 1 1 0
 0 0 1 0 0 1 0 1 1 0 1 0 1 1 0
 0 1 0 0 1 1 0 0 0 0 1 1 1 1 0
 1 0 1 1 0 0 0 0 1 1 0 0 0 1 1
 0 0 1 1 1 0 1 0 0 0 1 0 1 0 1
 0 1 1 1 1 0 1 1 0 0 1 0 0 0 0
 0 0 1 0 0 1 1 1 0 0 1 1 0 0 1
 0 1 1 0 0 1 1 0 1 0 1 0 1 0 0
 0 1 1 0 0 0 0 1 1 0 0 1 1 1 0
 1 0 1 1 0 1 0 0 0 1 0 1 0 0 1
 1 1 0 0 1 1 0 1 0 0 0 1 0 1 0
 0 1 0 0 1 1 0 0 1 0 1 0 1 1 0
 0 0 1 1 1 0 0 1 0 1 1 0 1 0 0

Warwick 1649: balanced products, 7 products per order
30 15
 0 0 1 0 1 0 0 1 0 1 0 0 1 1 1
 0 0 1 1 1 0 1 1 0 1 0 1 0 0 0
 1 1 1 0 0 0 1 0 0 1 0 1 1 0 0
 0 0 0 0 1 0 1 0 1 1 0 0 1 1 1
 1 0 1 0 0 1 1 0 1 1 0 0 0 1 0
 0 0 0 1 1 0 1 0 1 1 0 0 0 1 1
 1 1 1 0 0 0 0 1 0 1 0 1 0 1 0
 0 0 0 1 1 1 1 1 0 0 0 1 0 0 1
 0 0 0 0 1 0 0 1 0 1 1 1 0 1 1
 0 0 0 1 1 0 0 1 1 1 0 0 1 1 0
 0 0 1 1 1 1 1 0 1 0 0 0 0 1 0
 0 0 0 1 0 0 1 1 0 1 1 1 1 0 0
 0 1 1 0 0 0 1 0 0 1 1 0 0 1 1
 1 1 1 0 1 0 1 0 0 1 0 0 0 0 1
 1 0 0 0 1 0 0 0 1 1 0 1 1 0 1
 1 1 1 0 1 1 1 0 0 0 0 0 0 1 0
 0 0 1 0 1 1 1 0 1 0 0 1 0 1 0
 0 0 0 1 1 0 1 1 0 1 1 1 0 0 0
 1 0 1 0 1 1 0 1 0 1 0 0 0 1 0
 0 1 1 0 0 1 1 0 1 0 1 0 1 0 0
 0 1 0 0 1 0 1 1 0 0 0 1 1 1 0
 0 1 0 1 0 0 1 1 0 1 1 0 0 1 0
 0 1 0 1 1 1 0 1 0 0 1 0 0 1 0
 1 1 0 0 1 1 0 0 1 0 0 1 1 0 0
 0 0 0 1 1 0 0 0 0 1 1 0 1 1 1
 1 0 0 0 1 0 0 1 0 1 0 1 1 0 1
 1 0 0 0 0 0 0 1 0 1 1 1 1 1 0
 1 1 1 0 0 0 0 1 0 1 0 1 0 0 1
 1 0 1 0 1 1 0 0 1 0 1 0 0 1 0
 1 0 1 1 1 0 0 1 1 0 0 0 0 1 0

Warwick 1650: balanced products, 7 products per order
30 15
 1 0 0 0 1 1 0 1 1 0 0 1 1 0 0
 1 1 1 1 0 0 1 0 0 0 1 1 0 0 0
 0 1 1 1 0 1 1 0 0 0 1 0 1 0 0
 0 0 0 0 1 0 1 0 1 1 0 1 0 1 1
 1 0 1 1 0 0 0 0 0 0 1 0 1 1 1
 1 0 1 0 1 1 1 0 0 0 0 1 0 1 0
 0 1 0 1 0 0 1 0 1 0 1 1 0 0 1
 0 0 1 1 0 0 1 1 0 1 1 1 0 0 0
 1 0 1 0 1 1 0 1 1 0 0 0 0 0 1
 1 1 1 1 0 1 1 0 0 0 1 0 0 0 0
 1 1 1 0 1 0 1 0 0 1 0 0 0 1 0
 1 1 1 1 0 0 1 0 0 0 0 1 0 1 0
 1 0 1 0 1 0 0 1 0 0 0 1 0 1 1
 0 0 0 1 0 1 1 0 0 1 1 0 1 0 1
 1 1 0 0 0 1 1 0 1 0 0 0 1 0 1
 1 1 0 0 0 1 0 1 0 0 1 0 1 1 0
 0 0 0 1 1 1 1 1 0 0 1 0 0 1 0
 0 0 1 0 0 1 1 0 1 0 1 1 0 1 0
 0 0 1 1 0 1 0 1 0 1 0 0 1 0 1
 0 0 1 1 1 0 0 0 0 0 1 0 1 1 1
 0 0 0 0 1 0 1 0 1 0 1 1 0 1 1
 1 0 1 1 0 0 1 1 1 0 0 1 0 0 0
 0 1 1 0 1 0 0 0 1 0 1 0 0 1 1
 1 1 0 0 0 0 1 0 0 0 0 1 1 1 1
 0 0 1 1 0 0 0 1 1 0 0 0 1 1 1
 0 0 1 1 1 1 0 0 1 0 1 0 0 1 0
 0 0 0 1 1 1 1 0 1 0 1 0 0 0 1
 0 0 0 1 1 0 1 0 1 1 0 0 1 1 0
 0 1 0 1 1 0 1 0 1 0 1 0 0 1 0
 0 1 1 1 0 0 1 1 0 0 0 1 0 0 1

