Warwick 1391: balanced products, 2 products per order
30 10
 0 0 1 0 0 0 1 0 0 0
 0 0 0 0 1 0 0 1 0 0
 0 0 1 1 0 0 0 0 0 0
 0 0 0 1 1 0 0 0 0 0
 0 0 0 0 1 0 0 1 0 0
 0 1 0 0 1 0 0 0 0 0
 0 0 0 1 0 0 0 1 0 0
 0 0 1 0 0 0 1 0 0 0
 1 0 0 0 1 0 0 0 0 0
 0 0 0 1 0 1 0 0 0 0
 0 1 0 1 0 0 0 0 0 0
 0 0 0 0 0 0 0 1 1 0
 0 1 1 0 0 0 0 0 0 0
 0 0 0 0 0 1 0 0 1 0
 0 0 0 0 0 0 1 0 1 0
 0 0 0 0 1 1 0 0 0 0
 0 0 0 0 0 0 1 0 0 1
 0 1 1 0 0 0 0 0 0 0
 0 0 0 0 1 0 0 0 1 0
 1 0 0 0 0 0 0 0 1 0
 0 1 0 0 0 0 0 1 0 0
 0 1 0 1 0 0 0 0 0 0
 0 0 0 0 1 0 0 0 1 0
 0 0 0 0 0 0 0 1 0 1
 0 0 1 0 1 0 0 0 0 0
 0 0 1 0 0 0 0 0 1 0
 1 0 0 1 0 0 0 0 0 0
 0 0 0 0 0 0 0 1 0 1
 1 0 0 0 1 0 0 0 0 0
 0 0 1 0 0 1 0 0 0 0

Warwick 1392: balanced products, 2 products per order
30 10
 0 0 1 0 0 1 0 0 0 0
 0 0 0 0 1 0 0 0 0 1
 0 0 0 0 0 1 0 0 1 0
 0 0 1 0 0 0 0 0 1 0
 1 0 0 0 0 0 0 0 1 0
 0 0 0 1 0 0 0 0 0 1
 0 0 0 0 0 0 0 0 1 1
 0 1 0 0 1 0 0 0 0 0
 0 1 0 0 0 1 0 0 0 0
 1 0 0 0 0 0 0 0 1 0
 0 0 1 0 0 0 0 0 1 0
 0 1 0 0 0 0 0 0 0 1
 0 0 0 0 1 0 0 1 0 0
 0 0 0 0 1 0 0 0 0 1
 0 0 0 0 1 1 0 0 0 0
 0 1 0 0 0 0 0 0 0 1
 0 0 0 0 1 0 0 1 0 0
 1 0 0 0 1 0 0 0 0 0
 0 0 0 1 1 0 0 0 0 0
 0 0 0 0 1 0 0 0 1 0
 0 0 0 0 0 1 0 0 1 0
 0 0 0 0 1 0 0 0 1 0
 0 0 1 0 0 0 0 0 1 0
 0 0 0 0 0 1 0 1 0 0
 0 0 0 0 1 0 0 0 1 0
 0 0 0 1 1 0 0 0 0 0
 1 1 0 0 0 0 0 0 0 0
 1 0 0 0 0 0 1 0 0 0
 0 0 1 0 1 0 0 0 0 0
 1 0 0 0 0 0 0 0 1 0

Warwick 1393: balanced products, 2 products per order
30 10
 0 0 0 0 0 0 1 0 0 1
 1 0 0 0 0 1 0 0 0 0
 0 0 1 0 0 0 0 1 0 0
 0 0 0 1 0 0 1 0 0 0
 0 0 0 0 0 1 0 0 0 1
 0 0 0 0 0 0 1 0 0 1
 1 0 0 1 0 0 0 0 0 0
 0 0 0 0 0 1 0 1 0 0
 0 0 0 1 1 0 0 0 0 0
 1 0 1 0 0 0 0 0 0 0
 0 0 0 0 0 1 0 0 0 1
 0 0 0 0 0 0 0 1 1 0
 0 0 0 0 1 1 0 0 0 0
 0 0 0 1 0 0 1 0 0 0
 1 0 0 0 0 0 0 0 1 0
 0 0 0 0 0 0 0 1 1 0
 0 0 0 0 0 1 1 0 0 0
 0 0 0 0 0 1 1 0 0 0
 0 0 0 0 0 0 1 0 0 1
 0 0 0 0 1 0 0 0 0 1
 0 1 0 0 0 1 0 0 0 0
 1 0 0 0 0 0 0 0 0 1
 0 1 0 1 0 0 0 0 0 0
 1 0 0 0 0 0 0 1 0 0
 0 0 0 0 0 1 0 0 0 1
 0 0 0 0 0 0 1 1 0 0
 0 1 0 1 0 0 0 0 0 0
 1 0 0 1 0 0 0 0 0 0
 0 0 1 0 0 1 0 0 0 0
 0 0 0 1 1 0 0 0 0 0

Warwick 1394: balanced products, 2 products per order
30 10
 0 0 0 0 0 1 0 0 0 1
 0 0 0 1 1 0 0 0 0 0
 1 0 0 0 0 0 0 0 0 1
 0 0 0 1 1 0 0 0 0 0
 0 0 0 0 0 1 1 0 0 0
 0 0 0 0 1 1 0 0 0 0
 0 1 0 0 0 0 0 1 0 0
 0 1 0 0 0 1 0 0 0 0
 0 0 0 0 1 0 0 0 0 1
 0 0 0 0 1 0 0 1 0 0
 0 0 0 1 0 0 0 0 0 1
 0 0 0 1 0 0 1 0 0 0
 1 0 0 0 0 0 0 1 0 0
 0 1 0 0 0 1 0 0 0 0
 0 0 0 0 1 0 0 0 1 0
 0 0 0 0 1 0 1 0 0 0
 0 0 0 0 0 0 0 1 0 1
 1 0 1 0 0 0 0 0 0 0
 0 0 1 0 1 0 0 0 0 0
 0 0 0 0 0 0 1 1 0 0
 0 0 1 0 1 0 0 0 0 0
 0 0 0 0 1 0 0 1 0 0
 0 0 1 0 0 0 0 0 0 1
 0 1 0 1 0 0 0 0 0 0
 0 0 0 1 0 0 0 1 0 0
 1 0 0 1 0 0 0 0 0 0
 1 0 0 0 0 1 0 0 0 0
 0 0 1 1 0 0 0 0 0 0
 0 1 0 0 0 0 0 0 0 1
 0 0 0 1 0 0 0 1 0 0

Warwick 1395: balanced products, 2 products per order
30 10
 1 0 0 0 0 0 0 0 0 1
 1 0 0 0 0 0 0 0 1 0
 0 0 0 0 0 0 1 0 0 1
 1 0 0 0 0 0 0 0 1 0
 0 0 1 0 0 0 1 0 0 0
 0 0 0 1 0 0 1 0 0 0
 0 0 0 0 0 0 1 0 1 0
 0 0 0 0 0 1 0 1 0 0
 0 0 0 1 0 0 0 1 0 0
 0 0 0 0 0 0 1 1 0 0
 0 0 0 0 0 0 1 0 1 0
 0 0 0 1 0 1 0 0 0 0
 0 0 0 0 0 1 0 0 1 0
 0 0 0 0 1 1 0 0 0 0
 0 1 1 0 0 0 0 0 0 0
 0 0 0 1 0 0 1 0 0 0
 0 0 0 1 0 0 0 0 0 1
 0 0 0 0 0 0 1 0 0 1
 0 0 0 1 0 1 0 0 0 0
 0 1 0 0 1 0 0 0 0 0
 0 0 0 0 1 0 0 1 0 0
 0 0 0 1 0 0 0 0 1 0
 1 0 1 0 0 0 0 0 0 0
 1 0 0 1 0 0 0 0 0 0
 0 1 0 0 0 0 0 0 1 0
 0 1 0 0 1 0 0 0 0 0
 0 0 1 0 0 0 0 1 0 0
 0 1 0 1 0 0 0 0 0 0
 0 0 0 0 0 0 1 0 0 1
 0 1 0 0 0 0 1 0 0 0

Warwick 1396: balanced products, 2 products per order
30 10
 1 0 0 0 0 0 0 0 1 0
 0 0 0 0 0 0 1 0 1 0
 0 1 0 0 0 0 0 0 0 1
 1 0 0 0 0 0 0 0 1 0
 0 0 0 1 1 0 0 0 0 0
 1 0 0 0 1 0 0 0 0 0
 1 0 0 1 0 0 0 0 0 0
 0 0 1 0 1 0 0 0 0 0
 0 0 0 0 0 0 1 1 0 0
 0 0 0 0 0 0 1 1 0 0
 0 0 1 0 0 0 1 0 0 0
 1 1 0 0 0 0 0 0 0 0
 1 0 0 0 0 0 0 0 1 0
 1 0 1 0 0 0 0 0 0 0
 0 0 1 0 0 0 0 0 0 1
 0 1 1 0 0 0 0 0 0 0
 0 0 0 1 0 0 0 1 0 0
 0 0 0 1 0 1 0 0 0 0
 0 0 0 0 1 0 0 0 0 1
 0 0 0 0 0 1 0 0 1 0
 0 0 1 0 0 0 0 0 0 1
 0 0 1 0 0 0 0 0 1 0
 0 1 0 0 0 0 0 0 0 1
 0 0 1 0 0 0 0 1 0 0
 0 0 0 0 1 0 0 0 0 1
 0 0 1 1 0 0 0 0 0 0
 0 0 0 0 1 0 1 0 0 0
 0 0 0 1 0 0 0 1 0 0
 0 1 0 0 1 0 0 0 0 0
 0 0 1 0 0 1 0 0 0 0

Warwick 1397: balanced products, 2 products per order
30 10
 1 0 1 0 0 0 0 0 0 0
 0 0 0 0 1 0 0 1 0 0
 0 0 1 0 0 0 1 0 0 0
 0 0 0 1 1 0 0 0 0 0
 0 1 0 1 0 0 0 0 0 0
 0 0 1 0 0 0 0 0 0 1
 1 0 0 1 0 0 0 0 0 0
 0 0 0 1 1 0 0 0 0 0
 0 0 1 0 0 0 0 0 1 0
 0 1 0 0 0 0 0 0 1 0
 0 0 0 1 1 0 0 0 0 0
 0 0 0 0 0 0 0 1 0 1
 0 0 0 0 0 0 0 1 1 0
 0 0 0 0 1 0 0 1 0 0
 0 0 0 0 0 0 0 1 0 1
 1 0 0 0 0 1 0 0 0 0
 0 0 0 0 1 0 0 1 0 0
 0 0 0 0 0 0 0 0 1 1
 0 0 0 0 1 0 0 1 0 0
 1 0 0 0 0 1 0 0 0 0
 0 0 0 0 1 0 1 0 0 0
 0 0 0 0 0 1 0 0 1 0
 0 0 1 0 1 0 0 0 0 0
 1 0 0 0 0 1 0 0 0 0
 0 1 0 0 1 0 0 0 0 0
 0 0 0 0 1 1 0 0 0 0
 0 0 0 0 0 0 0 1 1 0
 0 0 0 1 0 0 0 1 0 0
 0 0 0 0 0 0 0 0 1 1
 0 0 0 0 0 1 0 1 0 0

Warwick 1398: balanced products, 2 products per order
30 10
 0 1 0 0 0 1 0 0 0 0
 0 1 0 0 0 0 1 0 0 0
 0 0 0 0 1 0 0 0 1 0
 0 1 0 0 0 0 0 0 1 0
 0 0 0 0 0 0 0 0 1 1
 0 1 0 0 0 0 0 0 0 1
 0 0 0 1 0 0 1 0 0 0
 1 0 1 0 0 0 0 0 0 0
 0 0 0 1 0 0 0 0 0 1
 0 0 0 0 0 0 1 0 1 0
 0 0 1 0 1 0 0 0 0 0
 0 0 0 0 0 0 0 0 1 1
 0 1 0 0 1 0 0 0 0 0
 0 0 1 0 0 1 0 0 0 0
 0 0 0 1 0 1 0 0 0 0
 0 1 0 1 0 0 0 0 0 0
 1 1 0 0 0 0 0 0 0 0
 0 1 0 0 0 0 0 1 0 0
 0 0 1 0 0 0 0 0 1 0
 0 0 0 0 0 0 0 1 1 0
 0 0 0 0 0 0 1 0 0 1
 1 0 0 0 0 0 0 1 0 0
 0 0 0 1 0 0 1 0 0 0
 1 0 0 0 1 0 0 0 0 0
 0 0 0 0 1 0 1 0 0 0
 0 0 1 0 0 0 0 0 0 1
 0 0 1 1 0 0 0 0 0 0
 1 0 0 1 0 0 0 0 0 0
 0 0 0 0 0 1 0 0 1 0
 1 0 0 1 0 0 0 0 0 0

Warwick 1399: balanced products, 2 products per order
30 10
 1 0 0 0 0 0 0 0 0 1
 1 0 0 1 0 0 0 0 0 0
 1 0 0 0 0 0 1 0 0 0
 0 0 0 1 0 0 0 0 0 1
 0 1 0 0 0 0 0 0 0 1
 1 0 0 0 0 0 0 0 1 0
 0 0 0 1 0 0 0 0 1 0
 0 0 1 0 1 0 0 0 0 0
 0 0 0 0 0 0 1 0 0 1
 1 0 0 0 0 0 1 0 0 0
 0 0 0 0 0 0 0 0 1 1
 0 0 0 0 0 0 1 1 0 0
 1 0 0 0 0 0 0 0 1 0
 1 0 0 0 0 0 0 0 1 0
 0 0 0 0 1 0 0 1 0 0
 0 0 0 0 0 0 1 0 1 0
 1 0 0 0 0 1 0 0 0 0
 0 0 1 0 0 0 0 1 0 0
 0 0 0 1 0 1 0 0 0 0
 0 0 0 0 1 0 1 0 0 0
 0 0 0 0 1 0 0 1 0 0
 0 1 0 0 1 0 0 0 0 0
 0 0 0 0 0 0 0 0 1 1
 0 0 0 0 0 0 1 0 1 0
 1 0 0 0 0 0 1 0 0 0
 0 1 0 1 0 0 0 0 0 0
 1 0 0 0 0 1 0 0 0 0
 0 0 1 1 0 0 0 0 0 0
 0 0 0 0 1 0 0 0 1 0
 0 1 1 0 0 0 0 0 0 0

Warwick 1400: balanced products, 2 products per order
30 10
 0 0 1 0 0 0 0 0 0 1
 0 0 1 0 0 0 0 0 1 0
 1 0 0 0 0 0 1 0 0 0
 0 1 0 0 0 0 0 0 0 1
 0 0 0 0 1 1 0 0 0 0
 0 0 0 0 1 0 0 1 0 0
 0 0 0 0 1 0 0 0 1 0
 0 0 0 0 0 1 0 1 0 0
 1 0 1 0 0 0 0 0 0 0
 0 0 0 1 1 0 0 0 0 0
 0 1 0 0 0 0 0 0 0 1
 1 0 0 0 0 1 0 0 0 0
 0 0 0 1 0 0 0 0 0 1
 0 0 0 0 1 0 0 0 0 1
 0 0 0 0 1 0 0 1 0 0
 0 0 1 0 0 0 0 0 0 1
 0 0 0 1 0 0 0 1 0 0
 1 0 0 0 0 0 0 0 1 0
 0 0 0 0 0 0 0 1 1 0
 0 0 0 1 0 1 0 0 0 0
 0 0 0 0 1 0 0 0 1 0
 1 0 0 0 0 0 0 0 1 0
 0 0 0 0 0 0 0 1 0 1
 0 1 0 0 1 0 0 0 0 0
 0 0 0 0 0 0 1 1 0 0
 0 1 0 1 0 0 0 0 0 0
 1 1 0 0 0 0 0 0 0 0
 0 1 1 0 0 0 0 0 0 0
 0 0 1 0 0 1 0 0 0 0
 0 0 0 1 0 0 0 1 0 0

Warwick 1401: balanced products, 3 products per order
30 10
 0 0 0 0 0 0 1 0 1 1
 0 0 0 0 1 0 0 1 1 0
 0 0 1 0 0 0 1 0 1 0
 0 0 0 1 0 0 0 0 1 1
 0 0 0 0 1 1 0 0 1 0
 1 1 0 0 0 1 0 0 0 0
 0 0 1 0 0 0 0 1 0 1
 0 0 0 1 1 0 1 0 0 0
 1 0 0 0 0 0 0 1 1 0
 0 0 1 0 0 0 0 0 1 1
 0 1 0 0 0 0 0 0 1 1
 1 0 0 0 1 0 1 0 0 0
 0 0 0 0 0 0 1 1 1 0
 0 1 0 0 1 0 0 0 1 0
 0 0 0 1 1 1 0 0 0 0
 1 0 0 0 0 1 0 1 0 0
 0 0 1 0 0 1 0 0 0 1
 0 0 0 1 0 0 0 0 1 1
 0 0 0 0 1 1 0 0 0 1
 1 0 0 1 0 0 0 0 1 0
 0 0 0 0 0 1 0 1 1 0
 1 0 0 0 0 1 0 0 0 1
 0 0 1 1 0 0 1 0 0 0
 0 1 0 1 1 0 0 0 0 0
 0 0 1 0 0 1 0 0 0 1
 0 1 0 0 1 0 0 0 1 0
 0 1 1 0 0 0 1 0 0 0
 0 1 0 0 0 0 1 1 0 0
 0 1 0 1 0 0 0 0 1 0
 0 0 0 0 0 1 1 1 0 0

Warwick 1402: balanced products, 3 products per order
30 10
 0 1 0 0 1 0 1 0 0 0
 0 0 1 0 0 0 1 1 0 0
 0 0 0 1 0 0 1 0 0 1
 1 0 0 0 1 0 1 0 0 0
 0 0 1 0 1 0 1 0 0 0
 0 0 0 0 0 0 1 1 1 0
 0 1 1 0 0 0 0 1 0 0
 1 0 0 0 1 0 1 0 0 0
 1 1 0 0 0 0 1 0 0 0
 1 1 0 0 0 0 0 1 0 0
 1 0 1 0 0 0 0 0 1 0
 0 0 0 0 0 1 1 0 0 1
 0 1 1 0 0 0 1 0 0 0
 0 0 0 0 1 0 1 0 1 0
 1 0 1 0 0 1 0 0 0 0
 0 0 0 1 0 0 1 0 0 1
 1 1 0 0 0 0 0 0 1 0
 1 0 0 1 0 1 0 0 0 0
 1 0 0 0 1 0 0 1 0 0
 0 0 0 1 0 0 0 0 1 1
 0 1 0 1 0 0 0 0 0 1
 0 1 1 0 0 0 1 0 0 0
 0 0 0 0 0 1 1 0 0 1
 0 1 1 0 0 0 0 0 1 0
 1 1 0 0 0 0 0 0 1 0
 0 0 0 0 1 1 0 0 0 1
 1 1 1 0 0 0 0 0 0 0
 0 0 0 0 0 1 1 1 0 0
 0 0 0 1 0 1 1 0 0 0
 0 0 1 1 1 0 0 0 0 0

Warwick 1403: balanced products, 3 products per order
30 10
 0 0 0 1 0 0 1 0 0 1
 1 0 0 0 0 0 0 0 1 1
 0 1 0 0 1 0 0 1 0 0
 0 1 0 1 0 0 0 0 0 1
 0 0 0 0 0 1 1 0 0 1
 0 0 1 0 0 1 0 0 1 0
 0 0 1 0 0 0 1 0 1 0
 0 0 0 1 0 0 1 0 0 1
 0 1 0 0 0 1 0 0 1 0
 0 0 0 0 1 1 0 0 0 1
 0 0 1 1 0 0 0 0 1 0
 0 0 1 1 0 0 0 1 0 0
 0 0 0 0 1 0 0 1 1 0
 0 0 0 0 0 1 1 0 0 1
 0 1 1 0 0 0 0 1 0 0
 0 0 1 0 1 0 0 1 0 0
 0 0 0 0 1 1 0 0 1 0
 0 1 0 0 1 0 0 0 0 1
 0 0 0 0 0 1 1 0 1 0
 0 0 0 1 0 0 0 1 1 0
 0 0 0 0 1 0 1 0 0 1
 1 1 0 1 0 0 0 0 0 0
 0 1 1 0 0 0 0 1 0 0
 1 0 1 0 0 0 0 1 0 0
 0 0 0 0 1 1 1 0 0 0
 0 0 0 1 1 1 0 0 0 0
 0 0 0 0 1 1 0 1 0 0
 0 1 0 0 1 0 0 0 0 1
 0 0 0 0 0 0 1 0 1 1
 0 0 1 1 0 0 0 0 0 1

Warwick 1404: balanced products, 3 products per order
30 10
 0 0 0 1 1 0 0 1 0 0
 0 1 0 1 0 0 0 1 0 0
 0 0 1 0 1 0 1 0 0 0
 1 1 0 0 0 0 0 0 1 0
 0 0 0 0 0 0 1 1 0 1
 0 0 0 0 1 0 0 1 1 0
 1 1 0 0 0 0 0 0 1 0
 0 0 1 1 0 0 0 0 1 0
 0 0 0 1 0 0 0 1 1 0
 0 0 0 1 1 1 0 0 0 0
 0 0 1 0 0 1 0 0 1 0
 0 1 0 0 1 1 0 0 0 0
 0 0 0 1 1 0 0 0 0 1
 0 1 0 0 0 1 0 0 0 1
 1 1 0 0 0 0 0 0 0 1
 0 0 0 1 0 0 1 1 0 0
 1 0 0 0 0 1 0 0 0 1
 0 0 1 1 0 1 0 0 0 0
 0 0 0 0 1 0 0 1 0 1
 0 1 0 0 0 0 1 0 1 0
 0 0 0 1 0 0 0 1 1 0
 0 0 1 0 1 0 0 0 0 1
 0 0 0 0 1 0 0 0 1 1
 0 1 0 1 0 0 0 1 0 0
 0 0 0 0 0 1 1 0 0 1
 0 0 0 1 0 1 0 1 0 0
 0 0 0 1 1 1 0 0 0 0
 0 1 0 1 0 0 0 0 0 1
 1 0 1 0 0 0 0 0 1 0
 0 0 1 0 0 1 0 1 0 0

Warwick 1405: balanced products, 3 products per order
30 10
 0 0 1 1 0 0 0 1 0 0
 1 0 0 0 0 0 1 0 0 1
 0 1 0 0 0 1 0 0 1 0
 0 0 1 0 0 0 1 0 0 1
 0 0 1 0 0 0 1 0 1 0
 0 0 0 1 0 0 1 1 0 0
 1 0 1 0 0 0 0 0 0 1
 0 1 0 0 0 0 1 0 0 1
 1 0 0 0 1 1 0 0 0 0
 1 0 0 0 1 0 0 0 1 0
 1 1 0 0 0 0 1 0 0 0
 1 1 0 1 0 0 0 0 0 0
 0 0 1 0 1 1 0 0 0 0
 0 0 1 0 0 0 0 1 0 1
 0 0 1 0 0 1 0 0 1 0
 1 0 0 1 1 0 0 0 0 0
 1 0 0 0 0 0 0 0 1 1
 0 0 0 1 0 0 1 0 0 1
 0 0 0 0 0 1 1 1 0 0
 1 1 0 1 0 0 0 0 0 0
 1 0 1 0 0 0 0 0 1 0
 0 0 0 0 1 1 1 0 0 0
 0 0 1 1 0 0 1 0 0 0
 1 0 1 0 0 0 0 0 0 1
 0 0 0 0 1 0 0 0 1 1
 0 1 0 0 0 1 0 0 0 1
 0 0 1 0 1 0 0 1 0 0
 1 0 0 0 0 0 0 1 1 0
 0 1 0 0 0 1 1 0 0 0
 0 0 0 0 1 0 1 1 0 0

Warwick 1406: balanced products, 3 products per order
30 10
 1 0 0 0 0 0 0 1 0 1
 0 0 1 0 0 0 0 0 1 1
 0 0 1 0 0 1 1 0 0 0
 0 0 1 0 1 0 0 1 0 0
 1 0 0 0 0 1 0 0 1 0
 0 0 0 0 1 0 1 1 0 0
 0 0 1 0 1 0 0 1 0 0
 1 0 0 0 0 0 1 0 0 1
 1 0 0 0 1 0 1 0 0 0
 0 0 0 1 1 0 0 0 1 0
 1 0 1 0 1 0 0 0 0 0
 0 1 0 1 0 0 0 0 1 0
 0 0 0 1 0 0 1 0 0 1
 0 0 0 0 1 0 1 0 0 1
 0 1 0 1 1 0 0 0 0 0
 0 1 0 1 0 0 1 0 0 0
 1 0 0 0 1 0 1 0 0 0
 0 0 0 1 0 1 0 0 1 0
 0 0 0 1 0 0 0 0 1 1
 0 0 0 0 1 0 1 1 0 0
 0 1 0 0 1 1 0 0 0 0
 0 1 1 0 0 0 1 0 0 0
 0 0 1 0 0 1 1 0 0 0
 1 0 0 0 0 0 0 1 1 0
 0 0 0 0 1 1 0 0 0 1
 0 1 0 0 0 0 1 0 1 0
 0 1 1 1 0 0 0 0 0 0
 0 0 0 1 0 0 0 0 1 1
 1 0 1 0 0 0 0 1 0 0
 1 1 0 0 0 0 1 0 0 0

Warwick 1407: balanced products, 3 products per order
30 10
 1 0 1 0 1 0 0 0 0 0
 0 0 0 0 1 1 0 0 0 1
 1 0 0 1 1 0 0 0 0 0
 0 0 0 0 1 0 1 0 1 0
 1 0 0 0 0 1 1 0 0 0
 0 1 0 0 0 1 1 0 0 0
 1 0 0 0 0 0 0 0 1 1
 1 0 0 0 1 0 0 0 1 0
 1 0 0 0 1 0 1 0 0 0
 0 0 1 0 0 0 1 0 1 0
 0 1 0 0 0 0 1 0 0 1
 1 0 0 1 0 1 0 0 0 0
 0 0 1 0 1 0 1 0 0 0
 0 1 0 1 0 0 0 0 0 1
 0 0 0 0 1 0 0 0 1 1
 0 0 1 1 1 0 0 0 0 0
 1 0 0 0 0 0 1 0 1 0
 0 0 0 1 0 0 0 1 0 1
 0 1 0 0 0 0 0 1 1 0
 0 0 0 1 1 0 0 1 0 0
 0 0 0 1 0 0 0 1 1 0
 1 0 0 0 0 1 0 0 0 1
 0 1 0 0 0 1 1 0 0 0
 1 1 1 0 0 0 0 0 0 0
 0 0 0 0 0 1 1 1 0 0
 0 0 0 1 1 1 0 0 0 0
 0 0 1 0 1 0 0 0 1 0
 0 1 1 0 0 0 0 0 1 0
 0 0 1 0 0 0 0 1 1 0
 0 0 0 0 0 1 1 0 0 1

Warwick 1408: balanced products, 3 products per order
30 10
 0 1 0 1 0 1 0 0 0 0
 1 0 0 0 1 0 0 1 0 0
 0 1 0 0 0 0 0 1 1 0
 0 1 0 0 0 1 0 1 0 0
 0 1 1 0 0 0 0 0 0 1
 1 1 0 1 0 0 0 0 0 0
 0 0 1 1 0 0 0 0 0 1
 0 1 1 0 0 1 0 0 0 0
 0 0 0 0 1 0 1 1 0 0
 0 0 0 0 0 0 1 1 1 0
 0 0 0 0 1 1 0 1 0 0
 0 0 1 0 1 0 0 1 0 0
 1 0 0 0 1 0 1 0 0 0
 0 0 1 0 1 0 0 0 0 1
 1 0 0 0 0 0 0 1 0 1
 1 0 1 0 0 0 1 0 0 0
 1 0 0 1 0 0 0 1 0 0
 1 0 0 0 0 0 0 0 1 1
 0 1 1 0 0 0 0 0 1 0
 1 1 0 0 0 0 0 0 0 1
 1 0 0 0 1 0 1 0 0 0
 0 1 0 1 1 0 0 0 0 0
 0 1 1 0 0 0 1 0 0 0
 0 1 0 0 0 1 0 1 0 0
 0 0 0 1 0 0 1 0 0 1
 0 0 0 0 1 0 1 0 0 1
 0 0 1 0 1 0 0 0 0 1
 0 0 1 1 0 0 1 0 0 0
 0 0 1 0 1 1 0 0 0 0
 0 0 1 0 0 1 0 1 0 0

Warwick 1409: balanced products, 3 products per order
30 10
 0 0 0 0 1 1 0 1 0 0
 0 0 0 0 0 0 1 0 1 1
 0 0 0 1 0 1 1 0 0 0
 1 0 0 0 0 0 1 0 1 0
 0 1 0 0 1 0 0 0 1 0
 0 1 0 0 1 0 0 0 0 1
 0 0 0 0 0 1 1 0 1 0
 0 0 1 0 1 1 0 0 0 0
 1 0 0 0 0 0 0 1 1 0
 1 0 1 0 0 0 0 1 0 0
 0 1 0 0 0 0 0 0 1 1
 0 1 0 0 0 1 0 0 1 0
 0 1 0 0 1 0 0 1 0 0
 0 1 0 1 1 0 0 0 0 0
 0 0 0 1 1 0 1 0 0 0
 0 1 0 0 1 0 0 1 0 0
 1 0 0 0 1 0 0 0 1 0
 0 0 0 0 1 0 0 0 1 1
 1 0 1 0 0 0 1 0 0 0
 0 0 0 1 0 1 0 1 0 0
 1 0 0 0 0 0 1 0 1 0
 0 0 1 0 1 0 1 0 0 0
 0 0 0 1 0 1 1 0 0 0
 0 0 1 0 0 1 1 0 0 0
 0 1 0 1 0 0 0 1 0 0
 0 0 1 1 0 0 1 0 0 0
 0 0 0 1 1 1 0 0 0 0
 0 0 1 0 0 1 0 0 1 0
 0 0 1 0 1 1 0 0 0 0
 0 0 0 1 0 0 0 1 0 1

Warwick 1410: balanced products, 3 products per order
30 10
 0 0 1 1 0 0 1 0 0 0
 1 0 0 0 1 0 0 1 0 0
 0 0 1 1 1 0 0 0 0 0
 0 0 0 0 0 0 0 1 1 1
 0 1 0 0 0 0 1 1 0 0
 0 0 1 0 0 0 0 0 1 1
 0 0 1 0 0 1 0 0 1 0
 1 0 0 0 0 0 1 0 0 1
 0 1 0 0 0 0 1 0 0 1
 0 0 1 1 0 0 0 0 1 0
 1 0 0 0 1 0 0 0 0 1
 1 0 0 0 0 0 0 0 1 1
 0 1 0 0 1 0 1 0 0 0
 0 0 0 0 0 1 0 1 1 0
 0 1 0 1 0 0 0 0 1 0
 0 0 0 1 1 1 0 0 0 0
 0 1 0 0 1 0 0 1 0 0
 1 1 0 0 0 0 0 0 1 0
 0 0 0 1 0 0 1 0 0 1
 0 0 0 1 1 1 0 0 0 0
 0 0 1 0 0 1 0 1 0 0
 1 1 1 0 0 0 0 0 0 0
 0 1 0 1 1 0 0 0 0 0
 0 0 1 0 1 0 0 0 0 1
 0 0 1 0 1 0 0 0 0 1
 0 1 0 0 1 0 0 1 0 0
 0 0 0 0 0 1 1 1 0 0
 0 0 0 0 1 0 0 1 0 1
 0 1 1 0 0 0 0 1 0 0
 0 0 1 0 1 1 0 0 0 0

Warwick 1411: balanced products, 4 products per order
30 10
 1 1 1 0 0 0 0 0 0 1
 0 0 1 0 0 0 1 1 1 0
 0 0 1 1 1 0 0 0 0 1
 0 1 0 0 1 1 1 0 0 0
 0 1 0 0 0 1 0 1 1 0
 0 0 1 0 1 0 1 0 0 1
 0 1 1 0 0 1 0 0 1 0
 0 0 1 0 0 1 0 0 1 1
 1 0 0 0 0 1 1 1 0 0
 1 0 0 0 1 1 0 0 1 0
 1 0 0 0 0 1 0 1 0 1
 0 1 1 0 0 0 0 0 1 1
 0 1 0 0 0 0 1 1 0 1
 1 0 1 0 0 0 1 0 0 1
 1 1 1 0 0 0 0 1 0 0
 0 0 1 1 0 0 0 0 1 1
 0 0 1 0 0 0 1 0 1 1
 1 0 0 1 0 1 1 0 0 0
 0 0 1 0 0 0 1 1 1 0
 0 1 0 0 0 1 0 1 0 1
 0 0 0 1 1 0 0 1 1 0
 1 0 1 0 0 0 1 0 1 0
 0 1 0 1 0 0 1 0 0 1
 0 1 1 0 0 1 1 0 0 0
 0 1 0 1 0 0 1 1 0 0
 0 1 0 0 0 0 1 0 1 1
 0 0 0 0 0 0 1 1 1 1
 0 1 1 0 0 1 1 0 0 0
 0 1 0 1 0 0 0 0 1 1
 0 1 0 0 0 1 1 1 0 0

Warwick 1412: balanced products, 4 products per order
30 10
 0 0 1 0 1 0 1 0 1 0
 1 0 0 0 1 0 1 1 0 0
 1 0 0 1 1 0 0 0 0 1
 1 0 0 0 0 1 1 0 0 1
 0 0 0 1 0 1 1 1 0 0
 1 0 1 1 0 0 1 0 0 0
 0 1 1 1 0 0 0 0 1 0
 0 0 0 0 1 0 0 1 1 1
 0 1 0 0 1 0 0 1 1 0
 1 0 0 0 1 1 1 0 0 0
 1 0 1 0 1 0 0 1 0 0
 0 0 0 1 1 1 0 0 1 0
 1 0 0 0 1 0 0 1 1 0
 0 0 1 1 1 0 0 0 0 1
 0 0 1 1 0 0 1 0 1 0
 0 0 0 1 1 0 0 0 1 1
 0 0 0 0 1 1 0 1 1 0
 1 0 0 0 1 0 0 1 0 1
 1 0 0 0 0 0 1 1 0 1
 1 0 1 1 0 1 0 0 0 0
 0 0 1 0 0 1 1 1 0 0
 1 0 0 0 1 1 0 1 0 0
 1 0 0 1 0 1 0 1 0 0
 0 0 0 0 1 1 1 0 1 0
 1 1 0 0 1 0 1 0 0 0
 0 0 0 1 0 0 1 1 0 1
 1 0 1 0 1 1 0 0 0 0
 1 0 1 0 0 1 1 0 0 0
 1 0 0 1 1 1 0 0 0 0
 1 0 1 0 0 0 0 1 0 1

Warwick 1413: balanced products, 4 products per order
30 10
 1 0 0 1 0 1 1 0 0 0
 1 0 1 0 0 1 0 0 1 0
 1 1 1 0 0 0 0 0 0 1
 0 0 0 1 0 1 0 1 0 1
 0 1 1 1 0 0 1 0 0 0
 0 0 0 0 0 0 1 1 1 1
 0 0 1 1 0 1 0 0 1 0
 0 1 0 0 1 0 0 0 1 1
 0 0 1 0 1 0 0 0 1 1
 0 1 0 0 0 0 1 1 0 1
 0 0 1 1 1 0 0 1 0 0
 0 0 1 0 1 0 0 1 1 0
 1 0 0 0 1 0 1 0 0 1
 1 0 1 0 0 0 0 1 0 1
 0 0 1 1 1 1 0 0 0 0
 1 0 0 1 0 1 0 1 0 0
 0 1 1 0 0 0 1 1 0 0
 1 0 0 1 1 0 0 0 0 1
 0 0 0 1 1 0 0 1 1 0
 1 0 1 1 1 0 0 0 0 0
 1 1 0 0 1 0 1 0 0 0
 0 1 0 0 1 0 1 0 0 1
 0 0 0 0 0 1 1 0 1 1
 0 0 1 1 1 0 0 0 1 0
 0 0 0 1 1 1 0 0 0 1
 0 0 0 1 1 0 0 1 1 0
 1 1 0 1 0 1 0 0 0 0
 1 1 0 0 0 1 0 1 0 0
 0 1 0 0 0 0 1 1 0 1
 0 1 0 1 0 1 0 0 0 1

Warwick 1414: balanced products, 4 products per order
30 10
 0 0 1 1 0 0 1 0 1 0
 0 1 0 1 1 1 0 0 0 0
 0 1 0 0 0 0 1 1 1 0
 0 0 0 0 1 0 1 1 1 0
 1 0 0 1 0 0 0 0 1 1
 0 1 1 0 0 0 1 0 0 1
 0 1 1 0 0 1 0 1 0 0
 0 0 0 0 1 1 0 0 1 1
 1 0 0 0 1 0 1 0 1 0
 1 0 0 1 0 0 0 1 0 1
 0 0 0 1 1 0 0 1 0 1
 1 0 0 0 1 1 0 0 1 0
 1 0 0 1 1 0 0 1 0 0
 1 0 0 1 0 0 1 0 1 0
 1 0 0 0 1 1 1 0 0 0
 0 1 1 0 0 0 1 0 0 1
 0 1 0 1 0 0 1 0 0 1
 1 0 0 1 1 0 1 0 0 0
 0 1 1 0 1 0 0 1 0 0
 0 1 0 1 1 0 0 0 0 1
 0 1 0 0 1 0 0 1 1 0
 0 1 1 1 0 0 1 0 0 0
 1 0 0 0 0 1 1 1 0 0
 1 0 0 0 1 1 0 0 1 0
 0 1 1 0 1 1 0 0 0 0
 0 0 0 1 0 1 1 0 1 0
 1 0 0 1 1 0 0 0 1 0
 0 0 1 0 0 0 0 1 1 1
 1 0 1 0 0 0 0 0 1 1
 1 1 0 1 0 0 0 1 0 0

Warwick 1415: balanced products, 4 products per order
30 10
 1 0 0 0 0 1 1 1 0 0
 0 0 1 1 0 1 1 0 0 0
 0 1 0 0 1 1 1 0 0 0
 0 0 0 1 1 0 0 0 1 1
 1 0 1 1 0 0 0 0 0 1
 1 1 1 0 0 0 0 0 0 1
 0 1 0 0 1 0 1 0 1 0
 0 0 0 1 1 0 1 0 1 0
 0 0 0 0 1 1 0 1 1 0
 1 0 0 0 0 1 1 1 0 0
 1 0 0 0 0 0 1 0 1 1
 0 0 0 0 0 1 0 1 1 1
 0 1 1 0 1 0 0 0 0 1
 0 0 0 1 1 1 0 0 1 0
 0 0 1 0 1 0 0 1 0 1
 0 1 1 0 0 0 0 1 1 0
 0 1 0 0 1 0 0 1 0 1
 0 0 0 1 1 1 0 1 0 0
 1 1 0 0 0 1 1 0 0 0
 1 1 0 0 0 1 0 0 1 0
 0 0 1 0 1 0 0 1 0 1
 0 0 1 1 1 0 0 1 0 0
 0 1 0 1 0 1 0 1 0 0
 1 0 1 1 0 1 0 0 0 0
 0 1 1 0 0 1 0 0 0 1
 1 1 0 0 0 0 1 0 0 1
 1 0 0 1 0 0 0 1 0 1
 1 0 0 1 0 0 0 1 1 0
 0 0 1 1 0 0 1 0 1 0
 0 1 0 1 0 1 0 1 0 0

Warwick 1416: balanced products, 4 products per order
30 10
 0 0 1 1 0 1 0 1 0 0
 0 1 0 1 1 1 0 0 0 0
 0 0 0 0 0 1 1 0 1 1
 0 0 1 0 0 1 0 0 1 1
 1 1 1 1 0 0 0 0 0 0
 0 1 1 0 1 1 0 0 0 0
 0 1 1 0 1 0 1 0 0 0
 1 1 0 0 0 0 1 0 1 0
 1 0 1 0 0 1 0 1 0 0
 1 0 0 0 0 0 1 0 1 1
 1 0 0 1 1 0 0 1 0 0
 1 0 1 1 1 0 0 0 0 0
 0 1 0 0 0 1 1 1 0 0
 0 1 1 1 1 0 0 0 0 0
 1 0 0 1 0 0 0 1 1 0
 0 1 0 0 0 0 1 0 1 1
 1 0 1 1 0 1 0 0 0 0
 0 0 1 0 1 1 0 0 1 0
 0 1 1 0 0 0 1 0 1 0
 0 1 0 1 0 0 1 1 0 0
 0 0 0 1 1 0 1 0 0 1
 0 0 0 0 1 1 1 0 1 0
 0 1 1 0 1 0 0 0 0 1
 1 0 0 0 0 1 0 1 1 0
 1 0 1 0 0 0 0 1 1 0
 0 1 0 0 1 0 1 0 1 0
 0 1 0 0 1 1 0 1 0 0
 0 1 0 0 1 0 1 0 0 1
 0 1 0 0 0 0 1 1 1 0
 0 0 0 0 0 1 1 0 1 1

Warwick 1417: balanced products, 4 products per order
30 10
 0 0 1 1 0 0 0 1 0 1
 0 0 1 1 1 1 0 0 0 0
 1 0 1 0 1 0 0 0 1 0
 1 1 0 0 0 0 0 1 0 1
 1 1 0 0 0 1 0 1 0 0
 0 0 0 0 1 1 1 1 0 0
 1 0 0 1 0 0 0 1 0 1
 0 1 0 0 1 0 0 0 1 1
 0 1 1 0 1 0 0 0 0 1
 1 1 1 1 0 0 0 0 0 0
 1 0 1 1 0 0 0 1 0 0
 0 0 0 0 0 0 1 1 1 1
 1 0 1 1 0 0 0 1 0 0
 0 0 0 1 1 1 1 0 0 0
 0 1 0 0 0 1 1 0 1 0
 0 0 1 0 0 0 0 1 1 1
 1 1 0 1 0 0 1 0 0 0
 0 0 1 0 1 1 0 0 1 0
 1 0 0 1 0 1 0 1 0 0
 0 0 0 1 0 0 1 1 0 1
 1 0 1 1 0 0 0 1 0 0
 0 0 1 0 1 1 1 0 0 0
 0 0 0 0 1 1 1 0 1 0
 0 1 0 0 1 1 1 0 0 0
 1 1 0 0 1 0 0 1 0 0
 1 0 1 1 0 0 0 0 1 0
 0 1 0 0 0 0 1 1 1 0
 1 1 0 0 0 0 0 0 1 1
 0 1 0 0 1 1 1 0 0 0
 1 0 0 1 1 0 0 1 0 0

Warwick 1418: balanced products, 4 products per order
30 10
 0 0 0 0 1 1 0 1 1 0
 1 1 0 1 0 0 1 0 0 0
 0 0 1 0 1 0 0 1 0 1
 0 0 1 0 0 0 1 1 0 1
 0 1 0 0 1 1 0 0 0 1
 1 0 1 0 1 1 0 0 0 0
 0 1 0 1 1 1 0 0 0 0
 0 1 0 0 0 0 1 1 1 0
 0 0 1 0 0 1 1 0 1 0
 0 1 0 1 1 0 0 0 1 0
 0 0 0 1 1 0 1 0 1 0
 1 0 1 0 0 1 0 0 1 0
 0 0 0 1 1 0 1 0 0 1
 1 0 0 1 0 1 0 1 0 0
 0 0 1 1 1 0 0 0 1 0
 0 0 0 1 1 0 1 0 0 1
 1 0 1 0 0 1 0 1 0 0
 1 0 0 0 0 0 1 0 1 1
 0 0 0 1 0 0 0 1 1 1
 1 0 0 0 0 0 1 1 1 0
 0 1 1 1 0 0 1 0 0 0
 1 0 1 0 0 1 0 0 1 0
 0 1 0 0 1 1 0 1 0 0
 0 1 1 1 0 0 0 1 0 0
 1 0 1 1 0 1 0 0 0 0
 1 0 1 0 1 0 1 0 0 0
 0 0 1 0 0 0 1 1 0 1
 1 1 0 1 0 0 0 0 0 1
 1 0 0 0 1 1 0 0 0 1
 1 1 0 1 0 1 0 0 0 0

Warwick 1419: balanced products, 4 products per order
30 10
 0 1 0 0 0 0 1 1 1 0
 1 0 0 1 0 1 1 0 0 0
 0 1 0 0 0 0 0 1 1 1
 0 1 0 0 0 0 0 1 1 1
 1 0 1 0 0 1 0 1 0 0
 1 0 0 1 0 1 0 1 0 0
 1 1 0 0 1 0 1 0 0 0
 0 0 1 0 0 1 0 0 1 1
 0 0 1 1 0 1 0 1 0 0
 0 0 1 0 0 1 1 0 0 1
 1 0 1 0 1 0 0 0 0 1
 1 1 0 0 0 1 0 0 0 1
 0 1 0 0 1 1 0 0 0 1
 0 1 1 0 1 0 0 1 0 0
 1 0 1 1 0 0 1 0 0 0
 1 1 0 0 0 1 1 0 0 0
 1 0 1 0 0 1 0 0 1 0
 0 1 0 1 0 0 0 0 1 1
 1 0 1 0 1 1 0 0 0 0
 1 1 0 0 0 1 0 0 0 1
 0 1 0 0 0 1 0 1 1 0
 0 0 1 1 0 0 0 1 1 0
 1 0 0 0 1 1 0 0 0 1
 0 0 1 0 1 0 1 0 1 0
 0 1 1 0 0 0 0 1 1 0
 0 1 0 1 0 0 1 0 1 0
 0 1 1 0 1 0 0 0 0 1
 1 0 0 0 0 1 1 0 0 1
 0 1 0 0 1 1 1 0 0 0
 0 0 0 1 1 1 0 1 0 0

Warwick 1420: balanced products, 4 products per order
30 10
 0 0 0 1 0 1 0 1 1 0
 1 1 0 0 0 1 0 0 0 1
 1 0 0 0 0 1 1 1 0 0
 0 1 1 0 1 1 0 0 0 0
 0 0 0 1 0 0 1 1 1 0
 0 0 1 1 0 0 0 0 1 1
 1 0 1 0 1 0 1 0 0 0
 0 1 0 0 1 0 0 0 1 1
 1 1 0 0 0 1 0 1 0 0
 1 0 1 0 0 0 1 0 0 1
 0 0 0 1 1 0 1 0 1 0
 1 0 0 0 1 0 0 1 0 1
 0 0 0 0 1 1 0 1 0 1
 1 1 0 0 0 0 1 0 0 1
 1 1 1 0 0 0 0 0 0 1
 0 0 0 0 1 1 0 1 1 0
 0 0 1 0 1 1 0 0 1 0
 1 1 0 0 1 0 0 0 1 0
 1 0 1 1 0 0 1 0 0 0
 0 1 1 0 0 0 0 0 1 1
 0 0 1 1 0 0 0 0 1 1
 0 1 0 0 1 1 1 0 0 0
 1 0 1 0 0 0 0 0 1 1
 0 1 0 1 0 0 0 1 0 1
 1 0 0 1 1 1 0 0 0 0
 1 0 0 1 0 0 1 1 0 0
 1 0 1 1 0 0 0 1 0 0
 0 1 0 1 0 1 0 0 0 1
 0 0 1 1 0 1 1 0 0 0
 0 1 0 0 1 1 0 1 0 0

Warwick 1421: balanced products, 5 products per order
30 10
 0 1 0 0 1 1 0 0 1 1
 0 0 0 1 0 0 1 1 1 1
 0 0 1 1 0 1 0 1 0 1
 0 1 1 1 0 0 0 1 1 0
 0 1 1 1 1 1 0 0 0 0
 0 1 0 1 0 1 1 1 0 0
 1 1 0 1 0 0 1 0 0 1
 1 1 0 0 0 1 1 0 1 0
 0 1 0 0 1 1 1 0 1 0
 1 1 1 1 0 1 0 0 0 0
 1 0 1 1 1 1 0 0 0 0
 0 1 0 1 1 0 1 0 0 1
 0 0 0 0 1 1 1 1 1 0
 1 0 1 1 0 0 0 1 1 0
 0 0 1 0 0 1 1 1 1 0
 1 0 0 1 1 1 0 0 1 0
 1 0 1 0 1 0 1 0 1 0
 1 0 0 1 1 1 0 0 1 0
 0 0 1 1 0 1 0 1 0 1
 1 1 0 0 0 0 1 1 1 0
 0 0 1 0 0 0 1 1 1 1
 1 1 1 0 0 1 0 1 0 0
 0 1 0 1 0 1 1 1 0 0
 0 0 1 1 0 0 1 0 1 1
 0 0 1 0 1 1 0 1 1 0
 0 0 0 1 1 1 1 1 0 0
 0 1 1 0 1 0 0 0 1 1
 0 1 0 0 1 1 0 1 1 0
 0 0 1 1 1 0 1 1 0 0
 0 0 1 1 1 0 1 0 1 0

Warwick 1422: balanced products, 5 products per order
30 10
 0 1 1 0 0 1 0 1 0 1
 1 0 1 0 0 1 1 0 1 0
 1 1 1 0 0 0 1 0 1 0
 0 1 0 0 0 1 1 1 0 1
 1 0 0 1 1 1 0 1 0 0
 0 1 1 0 0 0 1 1 0 1
 0 0 1 1 0 0 1 1 1 0
 1 0 0 0 0 1 1 1 0 1
 1 1 0 0 0 1 0 0 1 1
 1 0 0 0 1 1 0 1 1 0
 1 0 0 0 1 1 0 0 1 1
 0 1 0 1 0 1 1 0 1 0
 1 0 0 1 1 0 0 0 1 1
 0 1 0 0 1 1 1 1 0 0
 1 0 0 1 0 1 0 1 1 0
 1 1 1 0 0 1 0 1 0 0
 1 0 1 1 0 1 1 0 0 0
 1 0 0 0 1 1 1 0 1 0
 0 0 0 1 0 1 1 1 0 1
 1 0 1 0 1 0 0 1 0 1
 1 0 1 1 0 1 0 1 0 0
 0 1 0 1 0 1 1 0 0 1
 0 1 1 0 0 1 0 0 1 1
 0 1 0 1 0 0 1 1 0 1
 0 0 1 1 0 1 1 0 0 1
 1 1 1 0 0 0 0 1 1 0
 1 1 0 1 1 1 0 0 0 0
 1 1 0 0 1 0 0 1 1 0
 0 1 1 0 0 1 0 1 1 0
 1 0 1 0 0 1 0 1 0 1

Warwick 1423: balanced products, 5 products per order
30 10
 0 0 0 1 1 0 1 1 1 0
 1 0 0 1 0 1 1 1 0 0
 1 0 1 1 1 0 0 1 0 0
 1 0 0 0 1 0 1 1 1 0
 0 0 1 1 0 0 1 1 1 0
 0 1 0 0 0 1 1 1 1 0
 0 1 0 1 1 0 1 0 1 0
 1 0 0 1 0 1 1 0 0 1
 0 0 0 1 1 0 1 1 0 1
 1 1 0 0 1 1 1 0 0 0
 0 0 0 1 1 1 0 1 1 0
 0 0 1 1 0 1 0 1 0 1
 0 1 0 1 1 0 1 0 1 0
 1 1 1 1 0 0 1 0 0 0
 0 1 1 0 1 1 0 0 1 0
 0 0 1 1 0 1 0 1 0 1
 1 1 0 0 0 0 1 1 0 1
 1 1 0 0 0 0 1 1 1 0
 0 0 0 1 1 1 0 1 0 1
 1 0 1 1 1 0 0 0 0 1
 1 0 1 0 1 0 1 0 0 1
 0 0 1 1 0 1 1 1 0 0
 1 1 1 0 1 1 0 0 0 0
 1 1 0 0 1 0 0 1 1 0
 0 1 1 0 1 1 0 0 0 1
 1 0 1 0 0 1 0 1 1 0
 1 1 0 0 1 0 1 1 0 0
 1 0 0 1 0 1 0 1 0 1
 1 0 1 1 0 0 1 0 0 1
 0 1 0 0 0 0 1 1 1 1

Warwick 1424: balanced products, 5 products per order
30 10
 0 1 0 0 0 1 0 1 1 1
 0 1 1 1 0 1 0 0 1 0
 1 0 0 1 1 0 1 1 0 0
 0 0 1 1 0 0 1 1 1 0
 0 1 1 0 1 0 1 1 0 0
 1 1 1 1 0 1 0 0 0 0
 0 1 1 0 0 1 0 0 1 1
 1 0 0 1 0 0 1 0 1 1
 1 0 1 1 0 0 0 1 0 1
 0 0 1 1 0 0 1 1 1 0
 0 0 1 0 1 0 1 1 1 0
 0 1 0 0 1 1 1 0 0 1
 0 1 0 0 1 0 0 1 1 1
 1 0 0 0 1 0 1 0 1 1
 0 1 1 1 0 0 0 0 1 1
 1 1 1 0 1 1 0 0 0 0
 0 1 1 0 0 0 1 0 1 1
 1 0 0 1 1 0 1 1 0 0
 1 1 0 1 1 0 0 0 1 0
 1 1 1 1 1 0 0 0 0 0
 1 1 0 0 0 1 1 0 0 1
 0 0 0 1 1 1 0 1 1 0
 0 0 1 0 0 1 0 1 1 1
 0 1 0 1 1 1 0 0 1 0
 0 1 1 1 0 0 1 0 0 1
 1 0 1 1 0 1 0 0 0 1
 1 1 1 0 0 1 0 1 0 0
 0 1 1 1 0 1 0 1 0 0
 0 0 0 1 1 0 1 1 0 1
 1 0 1 0 1 0 0 1 1 0

Warwick 1425: balanced products, 5 products per order
30 10
 1 1 1 0 0 1 0 0 0 1
 1 1 1 0 0 0 1 0 0 1
 0 0 0 1 0 1 1 1 0 1
 1 1 0 1 0 1 1 0 0 0
 0 0 1 1 0 0 0 1 1 1
 1 1 1 1 0 0 0 0 1 0
 0 1 0 0 0 1 0 1 1 1
 0 0 1 1 0 0 1 1 1 0
 0 1 1 0 1 1 0 1 0 0
 0 0 0 1 1 1 0 1 0 1
 1 0 0 0 0 0 1 1 1 1
 1 0 0 1 0 1 0 1 1 0
 1 1 1 1 0 0 0 0 0 1
 0 1 1 0 0 0 1 0 1 1
 1 0 1 0 0 0 1 0 1 1
 1 0 0 0 0 1 1 1 0 1
 0 1 1 0 1 0 0 0 1 1
 1 0 0 1 1 0 1 0 1 0
 0 0 1 1 1 0 0 0 1 1
 1 0 1 1 0 1 0 0 0 1
 0 1 1 0 0 0 1 1 1 0
 0 1 1 0 0 1 1 1 0 0
 0 1 0 1 0 0 1 0 1 1
 0 1 0 1 0 1 0 1 0 1
 1 1 0 0 1 1 0 0 1 0
 0 0 0 1 1 1 0 0 1 1
 0 1 1 1 0 1 0 1 0 0
 0 0 0 1 1 1 0 0 1 1
 0 0 1 1 0 1 1 0 0 1
 0 1 1 0 1 1 0 0 0 1

Warwick 1426: balanced products, 5 products per order
30 10
 0 1 1 0 1 0 0 1 1 0
 1 1 0 0 0 1 0 1 1 0
 1 0 1 0 0 0 1 0 1 1
 1 1 0 0 1 1 1 0 0 0
 0 0 1 1 0 0 0 1 1 1
 1 0 1 1 0 1 0 1 0 0
 1 0 0 1 1 0 1 0 0 1
 1 0 1 1 0 1 1 0 0 0
 0 0 1 1 0 1 1 0 1 0
 1 1 0 0 1 1 0 1 0 0
 1 1 0 1 0 0 1 0 0 1
 0 0 1 1 0 1 1 0 0 1
 0 0 1 1 0 1 0 1 1 0
 0 0 0 0 0 1 1 1 1 1
 0 1 0 1 1 0 1 0 1 0
 0 0 1 0 1 1 0 0 1 1
 0 0 1 1 0 1 0 1 1 0
 1 0 1 1 0 0 0 1 0 1
 0 1 0 1 1 1 1 0 0 0
 1 0 0 1 0 1 1 0 1 0
 0 0 1 0 0 1 0 1 1 1
 0 1 1 1 0 1 0 0 1 0
 1 1 0 0 0 1 1 0 0 1
 1 1 0 0 1 1 0 0 0 1
 0 1 0 1 0 1 1 1 0 0
 0 1 1 0 1 0 0 1 0 1
 0 0 1 1 1 0 0 1 1 0
 1 0 1 1 1 0 0 0 1 0
 1 0 1 1 1 0 1 0 0 0
 0 1 1 1 1 0 0 1 0 0

Warwick 1427: balanced products, 5 products per order
30 10
 1 1 0 1 1 0 1 0 0 0
 1 0 1 0 1 1 0 0 0 1
 1 0 1 1 1 1 0 0 0 0
 0 0 1 0 1 1 1 0 1 0
 0 0 0 1 0 1 1 1 0 1
 0 0 1 1 0 1 1 0 1 0
 1 0 0 1 1 1 0 0 0 1
 1 0 0 1 0 1 1 1 0 0
 0 0 1 0 1 0 0 1 1 1
 1 1 0 1 0 1 0 0 0 1
 1 1 0 1 1 0 0 0 0 1
 0 1 1 0 0 1 1 0 0 1
 0 0 0 1 1 1 0 1 1 0
 0 1 1 1 0 0 1 1 0 0
 1 1 1 0 0 0 1 1 0 0
 0 1 1 1 0 0 0 0 1 1
 1 1 1 0 0 0 1 0 1 0
 0 1 0 0 1 0 0 1 1 1
 1 0 0 0 1 0 1 1 0 1
 0 1 0 1 1 0 1 0 0 1
 0 0 1 0 1 0 1 1 0 1
 0 1 0 1 1 1 0 0 1 0
 0 0 1 0 1 1 1 1 0 0
 0 1 0 0 1 1 1 0 1 0
 0 1 1 0 0 0 0 1 1 1
 1 1 1 1 0 0 0 0 0 1
 0 1 1 1 0 0 0 0 1 1
 0 1 1 0 0 1 1 0 1 0
 0 1 0 1 0 0 0 1 1 1
 1 0 1 0 0 1 1 1 0 0

Warwick 1428: balanced products, 5 products per order
30 10
 0 0 0 1 1 1 1 0 0 1
 1 0 0 1 1 1 0 0 0 1
 0 1 1 1 0 0 1 1 0 0
 1 1 0 1 0 0 1 0 0 1
 0 0 1 1 1 0 0 1 0 1
 1 0 0 1 0 0 1 1 0 1
 1 1 0 0 1 1 1 0 0 0
 1 1 0 1 0 1 0 0 1 0
 1 0 1 0 0 1 0 1 1 0
 0 1 0 1 0 0 0 1 1 1
 1 1 1 1 0 0 1 0 0 0
 1 1 0 1 1 0 0 1 0 0
 0 1 0 1 1 0 0 1 0 1
 0 1 1 0 1 0 1 1 0 0
 0 0 0 0 1 0 1 1 1 1
 0 0 0 0 1 0 1 1 1 1
 1 1 0 0 1 0 1 0 1 0
 0 0 0 1 1 1 0 1 1 0
 0 1 0 1 0 0 1 1 1 0
 0 0 1 1 1 0 0 1 1 0
 1 0 0 1 0 1 1 0 1 0
 0 0 1 1 0 0 1 1 1 0
 0 1 0 0 1 1 1 1 0 0
 1 0 1 0 1 0 0 1 0 1
 0 0 1 0 1 1 0 1 1 0
 1 0 0 1 0 1 1 0 1 0
 0 1 0 0 1 0 0 1 1 1
 0 0 1 1 0 1 1 1 0 0
 1 0 1 0 0 0 1 0 1 1
 1 0 0 1 0 0 0 1 1 1

Warwick 1429: balanced products, 5 products per order
30 10
 0 0 0 1 1 0 1 1 0 1
 0 0 0 1 1 0 1 0 1 1
 1 1 1 0 1 1 0 0 0 0
 0 1 0 0 1 0 1 0 1 1
 0 0 0 0 1 1 1 1 1 0
 0 1 0 1 0 0 1 1 1 0
 0 0 1 0 1 1 1 0 1 0
 0 0 1 1 1 0 0 1 1 0
 1 1 1 0 1 1 0 0 0 0
 1 1 0 0 0 1 0 1 1 0
 1 0 1 0 1 0 0 1 1 0
 1 1 1 1 0 0 0 0 0 1
 1 1 0 1 0 1 0 0 1 0
 1 0 1 0 0 0 1 1 0 1
 1 1 0 1 1 0 0 0 1 0
 0 0 1 0 0 0 1 1 1 1
 0 0 1 1 1 0 0 1 1 0
 0 0 0 1 1 1 1 1 0 0
 0 1 1 0 0 0 1 0 1 1
 1 0 0 1 0 1 1 0 0 1
 0 0 1 1 1 0 0 1 0 1
 0 0 0 1 0 1 1 0 1 1
 1 1 0 1 0 0 1 0 0 1
 1 0 1 0 1 1 0 0 0 1
 0 0 1 1 0 1 1 0 0 1
 0 1 0 0 1 1 1 0 1 0
 0 0 0 1 0 1 0 1 1 1
 0 0 0 0 0 1 1 1 1 1
 0 0 1 1 1 0 0 0 1 1
 0 1 1 1 1 0 0 0 1 0

Warwick 1430: balanced products, 5 products per order
30 10
 0 0 0 0 1 1 1 1 0 1
 1 1 0 0 0 0 1 1 1 0
 1 1 0 0 0 0 0 1 1 1
 1 1 0 1 1 0 0 1 0 0
 1 1 1 1 0 0 0 1 0 0
 0 1 0 0 1 1 0 0 1 1
 0 1 0 0 0 1 1 1 0 1
 0 1 0 0 1 1 0 0 1 1
 1 1 0 1 0 0 0 1 1 0
 0 1 1 0 0 0 1 1 1 0
 0 1 1 0 0 1 0 0 1 1
 0 0 1 1 0 1 0 1 0 1
 0 0 0 1 1 1 1 1 0 0
 1 1 0 1 0 0 1 0 1 0
 1 1 1 1 0 0 0 0 0 1
 0 0 1 1 0 1 0 1 0 1
 0 0 1 1 1 1 0 0 0 1
 1 1 1 1 1 0 0 0 0 0
 0 1 0 1 1 0 0 1 0 1
 1 0 1 1 0 0 0 0 1 1
 1 1 1 0 0 0 1 0 1 0
 0 1 1 0 1 0 1 0 0 1
 1 0 1 0 0 1 0 1 0 1
 0 1 0 0 1 1 1 0 1 0
 0 0 1 0 1 0 0 1 1 1
 0 0 1 0 1 1 1 1 0 0
 1 0 1 0 0 0 1 1 1 0
 1 1 1 0 0 1 1 0 0 0
 0 1 1 1 0 1 1 0 0 0
 0 0 1 0 0 1 1 1 1 0

