Warwick 511: balanced products, 2 products per order
15 15
 0 0 0 0 0 0 1 0 0 0 0 0 0 0 1
 1 1 0 0 0 0 0 0 0 0 0 0 0 0 0
 1 0 0 0 0 0 0 0 0 0 1 0 0 0 0
 0 0 0 1 0 0 0 1 0 0 0 0 0 0 0
 0 0 0 0 0 1 0 0 0 0 1 0 0 0 0
 0 0 0 0 0 1 0 0 1 0 0 0 0 0 0
 0 1 0 0 0 0 0 0 0 0 1 0 0 0 0
 0 0 0 0 0 0 0 1 0 0 0 0 1 0 0
 0 0 0 1 0 0 0 0 0 0 0 0 1 0 0
 0 0 0 0 0 0 0 1 1 0 0 0 0 0 0
 0 1 0 0 0 0 0 0 0 0 0 0 0 0 1
 0 0 0 0 0 0 1 0 0 1 0 0 0 0 0
 0 0 0 0 0 0 0 1 0 0 0 0 0 1 0
 0 0 1 0 0 0 0 0 0 0 1 0 0 0 0
 0 0 0 0 1 0 0 0 0 0 0 1 0 0 0

Warwick 512: balanced products, 2 products per order
15 15
 0 0 1 0 1 0 0 0 0 0 0 0 0 0 0
 0 0 0 0 0 0 1 0 0 0 0 0 0 0 1
 1 0 0 0 0 0 0 1 0 0 0 0 0 0 0
 0 0 0 0 0 0 0 1 0 0 0 0 0 1 0
 0 1 0 0 0 0 0 0 0 0 0 0 1 0 0
 1 0 0 0 0 0 0 0 0 0 1 0 0 0 0
 0 1 1 0 0 0 0 0 0 0 0 0 0 0 0
 0 0 0 0 1 0 0 0 0 1 0 0 0 0 0
 0 0 0 0 0 0 0 0 1 0 0 0 0 0 1
 0 0 0 0 0 1 0 0 0 1 0 0 0 0 0
 0 0 0 1 0 1 0 0 0 0 0 0 0 0 0
 0 0 0 0 0 0 0 0 1 0 0 0 0 1 0
 0 0 0 0 0 0 1 0 0 0 1 0 0 0 0
 1 0 0 0 0 0 0 0 0 0 0 1 0 0 0
 0 0 0 0 0 0 0 0 0 1 0 1 0 0 0

Warwick 513: balanced products, 2 products per order
15 15
 0 0 0 0 0 0 1 0 0 0 0 1 0 0 0
 0 1 0 0 0 0 1 0 0 0 0 0 0 0 0
 0 0 0 0 1 0 0 0 0 0 0 0 1 0 0
 0 0 0 0 0 0 0 1 0 1 0 0 0 0 0
 0 0 0 1 0 0 0 0 0 0 1 0 0 0 0
 0 0 0 0 1 0 0 0 0 0 0 0 1 0 0
 1 0 0 0 0 1 0 0 0 0 0 0 0 0 0
 0 0 0 0 1 0 0 0 0 0 0 0 0 1 0
 0 0 0 0 0 0 0 0 0 0 1 0 0 0 1
 0 1 0 0 0 0 0 0 0 1 0 0 0 0 0
 0 0 0 0 0 0 0 1 0 0 0 0 1 0 0
 0 0 1 0 0 0 0 0 0 0 0 0 0 1 0
 0 0 0 0 0 0 0 0 0 1 0 0 0 0 1
 0 0 0 0 0 0 0 1 1 0 0 0 0 0 0
 0 0 0 1 0 1 0 0 0 0 0 0 0 0 0

Warwick 514: balanced products, 2 products per order
15 15
 0 0 0 0 0 0 0 0 0 0 1 0 1 0 0
 0 0 1 0 0 0 0 0 0 0 0 0 1 0 0
 0 1 1 0 0 0 0 0 0 0 0 0 0 0 0
 0 0 0 0 0 0 0 0 0 1 0 0 1 0 0
 1 0 0 0 0 0 0 0 0 0 0 0 1 0 0
 0 0 0 0 0 0 1 0 1 0 0 0 0 0 0
 1 0 0 0 0 1 0 0 0 0 0 0 0 0 0
 0 1 0 1 0 0 0 0 0 0 0 0 0 0 0
 0 0 0 1 0 0 1 0 0 0 0 0 0 0 0
 0 0 0 0 0 0 0 0 1 0 0 0 0 0 1
 0 0 0 0 0 0 0 1 1 0 0 0 0 0 0
 0 0 0 0 1 0 0 1 0 0 0 0 0 0 0
 0 0 0 0 0 0 0 0 0 1 0 0 0 1 0
 0 0 0 0 0 1 0 0 0 0 1 0 0 0 0
 0 0 0 0 0 0 1 0 0 0 0 1 0 0 0

Warwick 515: balanced products, 2 products per order
15 15
 0 0 0 0 1 1 0 0 0 0 0 0 0 0 0
 0 0 0 0 0 0 0 0 1 0 0 0 1 0 0
 0 0 0 0 0 0 0 0 0 1 0 0 1 0 0
 0 0 0 0 1 0 1 0 0 0 0 0 0 0 0
 0 1 0 0 0 0 0 0 0 1 0 0 0 0 0
 0 0 0 0 0 0 1 0 0 1 0 0 0 0 0
 0 0 0 0 0 0 0 0 0 0 0 1 0 1 0
 0 0 0 0 0 0 0 0 0 0 1 1 0 0 0
 0 0 1 1 0 0 0 0 0 0 0 0 0 0 0
 0 0 0 0 0 0 1 0 0 0 0 0 0 0 1
 0 0 0 1 0 0 0 0 0 0 0 0 0 1 0
 0 0 0 0 0 0 1 0 0 0 0 0 1 0 0
 1 0 0 0 0 0 0 1 0 0 0 0 0 0 0
 1 1 0 0 0 0 0 0 0 0 0 0 0 0 0
 0 0 0 0 0 0 0 0 0 1 0 0 0 1 0

Warwick 516: balanced products, 2 products per order
15 15
 0 1 0 1 0 0 0 0 0 0 0 0 0 0 0
 0 0 0 0 0 0 0 1 0 0 1 0 0 0 0
 0 0 0 0 0 0 0 0 0 0 0 1 0 1 0
 0 0 0 0 0 0 1 0 0 1 0 0 0 0 0
 0 1 1 0 0 0 0 0 0 0 0 0 0 0 0
 0 0 0 0 0 0 0 0 0 1 0 1 0 0 0
 0 0 0 0 0 0 0 0 1 0 0 0 0 0 1
 0 0 0 1 0 0 0 0 1 0 0 0 0 0 0
 1 0 0 0 0 0 0 0 0 0 0 0 1 0 0
 1 0 0 0 0 0 0 1 0 0 0 0 0 0 0
 1 0 1 0 0 0 0 0 0 0 0 0 0 0 0
 0 0 0 0 1 0 0 0 0 0 1 0 0 0 0
 0 0 0 0 0 1 0 0 0 0 0 0 1 0 0
 0 0 0 0 0 0 1 0 1 0 0 0 0 0 0
 0 0 0 0 1 1 0 0 0 0 0 0 0 0 0

Warwick 517: balanced products, 2 products per order
15 15
 0 0 0 0 0 0 0 0 0 1 1 0 0 0 0
 0 0 0 1 0 0 0 0 0 0 0 0 0 0 1
 0 0 0 0 0 0 0 1 0 0 0 0 0 1 0
 0 0 0 0 0 0 1 0 0 0 0 0 1 0 0
 0 0 0 0 0 0 0 0 0 1 0 0 0 0 1
 0 0 0 0 0 0 0 0 1 0 0 1 0 0 0
 0 0 0 0 0 1 0 0 0 0 0 1 0 0 0
 0 0 1 0 1 0 0 0 0 0 0 0 0 0 0
 0 0 0 0 1 0 0 0 0 0 0 0 1 0 0
 0 0 0 0 0 1 1 0 0 0 0 0 0 0 0
 1 0 0 0 0 0 0 0 0 0 0 0 1 0 0
 0 1 0 0 0 0 0 0 1 0 0 0 0 0 0
 0 0 1 0 0 0 0 0 0 0 1 0 0 0 0
 0 0 0 0 1 1 0 0 0 0 0 0 0 0 0
 0 0 0 0 0 0 1 0 0 0 0 1 0 0 0

Warwick 518: balanced products, 2 products per order
15 15
 0 0 0 1 0 0 0 0 0 0 0 0 1 0 0
 0 0 0 0 0 1 0 1 0 0 0 0 0 0 0
 0 0 0 0 0 0 0 1 0 0 0 0 1 0 0
 0 1 0 0 0 0 0 1 0 0 0 0 0 0 0
 0 0 0 0 0 0 0 1 0 0 0 0 0 1 0
 0 0 0 0 0 0 1 0 0 1 0 0 0 0 0
 0 0 0 0 0 0 0 0 0 0 1 0 0 1 0
 0 0 0 0 1 0 0 0 0 0 0 1 0 0 0
 1 0 0 0 0 0 0 0 0 0 0 0 0 0 1
 1 0 0 0 0 0 0 1 0 0 0 0 0 0 0
 0 0 1 0 0 0 0 0 1 0 0 0 0 0 0
 1 0 0 0 0 0 0 0 1 0 0 0 0 0 0
 0 0 0 0 1 0 0 1 0 0 0 0 0 0 0
 1 0 0 0 0 0 0 0 0 0 0 1 0 0 0
 0 0 0 0 1 0 0 0 0 0 0 0 0 0 1

Warwick 519: balanced products, 2 products per order
15 15
 0 0 0 0 0 0 0 0 0 0 1 0 0 0 1
 0 0 0 1 0 0 0 0 0 0 0 0 1 0 0
 0 1 0 0 0 0 0 0 0 1 0 0 0 0 0
 0 0 0 0 0 0 0 0 0 0 1 0 0 1 0
 1 0 0 0 0 0 0 1 0 0 0 0 0 0 0
 1 0 0 0 0 1 0 0 0 0 0 0 0 0 0
 0 1 0 0 0 0 0 0 0 0 0 0 1 0 0
 0 0 0 0 0 1 0 1 0 0 0 0 0 0 0
 0 0 1 0 0 0 0 0 0 0 0 1 0 0 0
 0 0 0 0 1 0 0 0 0 0 1 0 0 0 0
 0 0 0 0 0 0 0 0 1 0 1 0 0 0 0
 0 0 0 0 0 1 1 0 0 0 0 0 0 0 0
 1 0 0 0 0 0 0 0 0 0 0 0 1 0 0
 0 0 0 0 0 1 0 1 0 0 0 0 0 0 0
 0 0 0 0 1 0 0 0 0 1 0 0 0 0 0

Warwick 520: balanced products, 2 products per order
15 15
 0 0 0 0 0 0 0 0 0 1 0 0 0 1 0
 0 1 0 0 0 0 0 1 0 0 0 0 0 0 0
 0 0 0 0 0 0 0 0 0 0 0 1 0 0 1
 0 0 0 0 0 1 0 0 0 0 0 0 1 0 0
 0 0 0 1 0 0 0 0 0 0 0 0 0 0 1
 0 0 0 0 0 0 1 0 1 0 0 0 0 0 0
 0 0 0 0 0 0 0 0 0 0 0 0 0 1 1
 0 0 0 0 0 0 0 0 0 0 1 0 0 1 0
 0 1 0 0 0 0 1 0 0 0 0 0 0 0 0
 1 0 0 0 0 0 0 0 0 0 0 0 0 0 1
 0 0 1 0 1 0 0 0 0 0 0 0 0 0 0
 0 0 1 1 0 0 0 0 0 0 0 0 0 0 0
 0 0 0 0 0 0 0 0 1 0 0 0 0 1 0
 0 0 0 0 0 0 0 0 0 0 0 1 0 1 0
 0 0 0 0 0 0 0 1 0 0 0 0 0 1 0

Warwick 521: balanced products, 3 products per order
15 15
 0 0 1 1 0 0 0 0 0 1 0 0 0 0 0
 1 0 0 0 0 0 0 0 0 0 0 1 0 0 1
 0 0 0 0 0 1 0 1 0 0 0 0 0 0 1
 0 0 0 0 0 1 0 0 0 0 1 0 0 0 1
 0 0 0 0 0 0 0 0 0 1 1 0 0 0 1
 0 0 0 1 0 0 0 0 1 0 0 0 0 0 1
 0 1 0 0 0 0 0 1 0 0 1 0 0 0 0
 0 0 0 0 0 0 0 0 0 1 0 1 0 1 0
 0 0 0 1 1 0 0 1 0 0 0 0 0 0 0
 0 0 0 0 0 0 0 1 1 0 0 1 0 0 0
 1 0 0 0 0 0 0 0 0 0 0 0 1 0 1
 0 0 1 0 0 0 1 0 0 1 0 0 0 0 0
 0 1 1 0 0 0 0 1 0 0 0 0 0 0 0
 0 0 0 0 0 1 0 0 0 0 0 1 1 0 0
 0 0 1 0 0 0 0 0 0 0 1 0 1 0 0

Warwick 522: balanced products, 3 products per order
15 15
 0 0 0 1 0 0 0 0 0 1 0 0 1 0 0
 1 0 0 1 0 0 0 0 0 0 1 0 0 0 0
 0 0 0 0 0 0 0 0 1 0 0 0 1 1 0
 0 1 0 0 0 0 0 0 1 0 0 0 0 1 0
 0 0 1 0 0 0 0 0 0 0 1 0 1 0 0
 0 0 0 1 0 0 0 1 0 0 0 0 1 0 0
 0 1 1 0 0 0 0 0 0 0 0 1 0 0 0
 0 0 1 0 0 0 1 0 0 0 0 0 1 0 0
 0 1 1 0 0 0 0 0 1 0 0 0 0 0 0
 0 1 1 0 0 0 0 0 0 1 0 0 0 0 0
 0 0 1 0 1 0 0 0 0 0 0 0 1 0 0
 0 0 0 0 1 1 0 0 0 0 0 1 0 0 0
 0 0 0 0 1 0 0 0 0 0 0 0 0 1 1
 0 0 0 0 0 0 0 1 1 0 1 0 0 0 0
 0 0 0 0 1 0 0 0 0 0 1 0 1 0 0

Warwick 523: balanced products, 3 products per order
15 15
 0 0 0 0 1 0 0 0 0 0 0 1 0 0 1
 0 0 1 0 0 0 0 0 0 1 0 1 0 0 0
 1 0 1 1 0 0 0 0 0 0 0 0 0 0 0
 0 1 0 0 0 1 0 0 1 0 0 0 0 0 0
 0 0 1 0 0 1 0 0 0 0 0 0 0 1 0
 0 0 0 0 0 0 1 0 0 0 0 1 1 0 0
 0 0 0 0 0 0 0 0 0 0 1 1 0 0 1
 0 0 0 0 0 0 0 0 0 1 0 1 1 0 0
 1 0 0 0 0 0 0 1 1 0 0 0 0 0 0
 0 0 1 0 0 0 1 0 0 0 0 0 1 0 0
 0 0 1 1 0 0 0 0 0 0 0 0 0 1 0
 0 0 0 0 0 0 0 0 0 0 1 1 0 0 1
 0 0 0 0 0 0 1 0 0 0 1 0 0 1 0
 0 0 1 1 0 0 0 0 0 0 0 1 0 0 0
 0 0 0 0 0 0 1 0 0 0 0 1 0 0 1

Warwick 524: balanced products, 3 products per order
15 15
 0 0 1 0 0 0 0 0 0 1 0 0 0 0 1
 0 0 0 0 0 0 1 0 0 0 1 1 0 0 0
 0 1 0 0 0 1 0 0 0 1 0 0 0 0 0
 1 0 0 0 0 1 0 0 0 0 0 0 0 1 0
 1 0 0 0 0 1 0 0 0 1 0 0 0 0 0
 1 0 0 0 0 1 1 0 0 0 0 0 0 0 0
 0 0 0 1 0 0 1 0 0 0 0 0 0 0 1
 0 0 1 0 0 0 0 0 1 0 0 1 0 0 0
 0 0 0 0 0 0 0 1 0 0 0 0 1 0 1
 0 0 0 0 0 0 0 0 0 1 0 0 1 1 0
 0 0 0 0 0 0 1 1 0 1 0 0 0 0 0
 0 0 1 0 0 1 0 1 0 0 0 0 0 0 0
 0 1 0 0 0 0 0 0 0 0 0 0 0 1 1
 0 0 0 1 0 0 1 0 1 0 0 0 0 0 0
 0 0 0 0 1 0 0 0 0 1 0 1 0 0 0

Warwick 525: balanced products, 3 products per order
15 15
 0 0 0 0 0 0 0 1 0 0 0 0 0 1 1
 1 0 0 1 1 0 0 0 0 0 0 0 0 0 0
 1 0 0 0 0 1 0 0 0 1 0 0 0 0 0
 1 0 0 0 0 0 0 0 0 0 0 0 1 0 1
 0 0 0 0 0 0 0 1 0 0 0 1 0 1 0
 1 0 0 0 0 0 0 0 0 1 0 1 0 0 0
 0 0 0 0 0 1 0 0 0 1 1 0 0 0 0
 0 0 0 0 0 0 0 1 1 0 1 0 0 0 0
 0 0 0 0 1 0 0 0 0 0 0 0 1 1 0
 0 1 1 0 0 0 0 0 0 0 0 0 0 1 0
 0 0 0 1 0 0 0 0 0 0 0 1 0 1 0
 0 0 0 0 0 0 1 0 1 0 0 0 0 1 0
 1 0 0 0 0 0 0 0 0 1 0 0 0 1 0
 0 0 0 0 0 1 0 0 1 0 0 0 1 0 0
 1 0 0 0 1 0 0 1 0 0 0 0 0 0 0

Warwick 526: balanced products, 3 products per order
15 15
 0 1 0 0 1 0 0 0 0 0 0 0 0 0 1
 0 0 0 0 0 0 1 0 0 0 1 0 0 1 0
 0 0 0 0 1 0 0 0 0 1 0 0 0 1 0
 1 0 0 1 1 0 0 0 0 0 0 0 0 0 0
 1 0 1 0 0 0 0 1 0 0 0 0 0 0 0
 0 0 0 1 0 0 0 1 0 1 0 0 0 0 0
 1 0 0 0 1 0 0 0 1 0 0 0 0 0 0
 0 0 0 0 0 0 1 0 0 1 1 0 0 0 0
 1 0 1 0 0 0 1 0 0 0 0 0 0 0 0
 0 0 0 0 0 0 0 0 1 0 0 0 1 0 1
 0 0 1 0 0 0 0 0 0 0 0 1 0 1 0
 0 0 0 1 0 1 0 0 0 0 0 0 0 1 0
 0 0 0 0 0 1 0 0 0 0 0 0 1 0 1
 0 0 0 1 0 0 0 1 0 0 0 1 0 0 0
 0 0 0 1 0 1 0 0 0 0 0 1 0 0 0

Warwick 527: balanced products, 3 products per order
15 15
 0 0 0 0 0 1 1 0 0 0 0 0 0 0 1
 0 0 0 0 1 1 0 0 0 0 1 0 0 0 0
 0 0 0 1 0 0 0 0 1 0 1 0 0 0 0
 1 0 1 0 1 0 0 0 0 0 0 0 0 0 0
 0 0 0 0 0 0 0 0 1 0 0 0 0 1 1
 0 0 0 0 0 1 0 0 0 0 0 1 0 0 1
 0 1 0 0 0 1 0 0 0 0 0 0 0 1 0
 0 0 0 0 0 0 0 0 1 0 0 0 1 0 1
 1 0 1 0 0 0 0 0 0 0 0 1 0 0 0
 0 0 0 0 0 1 0 0 1 0 0 1 0 0 0
 0 0 0 0 0 0 0 1 0 1 0 0 1 0 0
 0 1 0 1 0 0 1 0 0 0 0 0 0 0 0
 0 0 0 0 0 0 1 0 0 1 0 0 0 1 0
 0 0 1 0 0 0 0 0 0 0 0 1 1 0 0
 0 1 0 0 1 0 0 0 0 0 0 0 0 1 0

Warwick 528: balanced products, 3 products per order
15 15
 0 0 0 0 0 0 0 0 0 1 0 0 1 1 0
 0 0 1 0 0 0 1 0 0 0 0 0 0 0 1
 0 0 0 1 0 0 0 0 0 0 0 1 0 1 0
 0 1 0 0 1 1 0 0 0 0 0 0 0 0 0
 0 0 1 0 0 0 0 0 0 0 1 0 0 1 0
 0 0 0 1 0 0 0 0 1 0 0 0 0 0 1
 0 0 0 0 0 0 0 0 1 0 1 1 0 0 0
 1 0 0 0 0 0 0 0 0 0 1 0 0 1 0
 0 0 0 0 0 0 0 0 1 0 1 0 1 0 0
 0 0 0 0 1 0 0 1 0 0 0 0 0 1 0
 0 0 0 0 0 0 1 1 0 0 0 1 0 0 0
 0 0 0 0 0 1 0 0 0 0 1 1 0 0 0
 0 1 1 0 0 0 0 0 0 0 1 0 0 0 0
 1 0 0 0 0 0 1 0 0 0 0 0 0 1 0
 0 1 0 0 0 0 1 1 0 0 0 0 0 0 0

Warwick 529: balanced products, 3 products per order
15 15
 0 0 0 1 0 1 0 0 0 0 0 0 1 0 0
 0 0 0 0 0 0 1 1 0 0 0 1 0 0 0
 0 0 0 0 0 0 0 1 1 0 0 0 0 0 1
 1 0 0 0 0 0 0 0 0 0 1 1 0 0 0
 0 0 0 0 0 0 0 1 0 1 0 1 0 0 0
 1 0 0 0 0 0 0 0 1 0 0 0 0 1 0
 0 0 1 0 0 0 1 0 0 0 0 0 0 1 0
 0 1 0 0 0 0 0 0 0 0 0 1 0 0 1
 0 0 0 0 0 0 0 0 1 1 0 0 0 1 0
 1 0 0 1 0 0 0 0 1 0 0 0 0 0 0
 1 0 0 0 0 0 0 1 0 0 0 0 1 0 0
 0 0 0 0 0 0 0 0 0 1 0 1 0 1 0
 1 0 0 1 0 0 0 0 0 0 0 1 0 0 0
 0 0 1 0 0 0 0 0 0 0 0 0 1 0 1
 0 1 0 0 1 0 0 0 0 0 0 0 0 1 0

Warwick 530: balanced products, 3 products per order
15 15
 0 0 0 0 0 0 0 0 0 1 1 1 0 0 0
 1 0 0 0 0 1 0 0 0 0 1 0 0 0 0
 0 0 0 0 0 0 1 1 1 0 0 0 0 0 0
 0 0 0 0 0 1 0 0 0 1 1 0 0 0 0
 0 0 0 0 1 1 0 0 0 0 0 0 0 0 1
 0 1 0 0 0 0 0 0 1 0 0 0 1 0 0
 0 0 0 1 0 0 1 0 0 0 0 0 1 0 0
 1 0 0 0 1 0 1 0 0 0 0 0 0 0 0
 0 0 1 0 0 0 0 0 1 0 0 1 0 0 0
 0 0 0 1 0 0 0 1 0 0 1 0 0 0 0
 0 1 0 0 1 0 0 0 1 0 0 0 0 0 0
 1 0 0 0 0 0 0 0 0 0 1 0 0 0 1
 0 0 0 0 0 0 1 0 1 1 0 0 0 0 0
 0 0 0 0 0 0 1 0 1 0 0 0 0 1 0
 0 0 0 0 0 1 0 0 0 1 0 1 0 0 0

Warwick 531: balanced products, 4 products per order
15 15
 1 0 0 0 0 0 1 0 1 0 1 0 0 0 0
 0 0 0 0 0 0 0 1 0 1 1 1 0 0 0
 0 1 1 1 0 0 0 0 0 0 0 0 1 0 0
 0 1 1 1 0 0 0 0 0 1 0 0 0 0 0
 0 1 0 0 0 0 1 1 0 0 0 0 0 0 1
 1 0 1 1 0 0 0 0 0 0 0 0 0 1 0
 0 0 0 1 1 0 0 1 0 0 0 1 0 0 0
 0 0 1 1 1 0 0 0 0 1 0 0 0 0 0
 0 0 0 1 0 0 0 1 0 1 0 0 0 0 1
 0 0 1 0 0 0 1 0 0 0 0 1 1 0 0
 0 1 0 0 0 1 0 1 0 0 1 0 0 0 0
 0 0 0 0 1 1 1 1 0 0 0 0 0 0 0
 1 0 0 1 0 0 0 0 0 0 0 0 0 1 1
 0 0 0 0 0 1 1 0 0 0 0 1 1 0 0
 0 0 0 0 0 0 1 1 0 0 0 1 1 0 0

Warwick 532: balanced products, 4 products per order
15 15
 1 0 0 1 0 0 0 0 0 0 1 0 0 0 1
 0 0 0 0 1 0 1 0 0 0 0 0 1 0 1
 0 0 1 1 0 0 1 1 0 0 0 0 0 0 0
 0 0 1 1 1 0 0 0 0 0 0 0 1 0 0
 1 0 0 1 0 0 1 0 0 0 0 0 1 0 0
 0 1 1 0 0 1 1 0 0 0 0 0 0 0 0
 1 0 0 0 0 1 1 0 0 0 0 0 0 0 1
 1 0 0 1 0 0 0 0 0 0 0 1 0 1 0
 0 0 0 0 0 1 0 0 1 1 1 0 0 0 0
 0 1 0 0 1 0 0 0 0 1 1 0 0 0 0
 0 0 1 0 1 0 0 0 0 0 0 1 0 0 1
 1 0 1 0 0 1 0 0 0 0 0 0 1 0 0
 0 0 1 0 0 0 0 0 0 1 1 0 1 0 0
 1 0 0 1 0 1 0 1 0 0 0 0 0 0 0
 0 0 1 0 1 1 0 1 0 0 0 0 0 0 0

Warwick 533: balanced products, 4 products per order
15 15
 1 1 0 0 0 0 0 0 0 0 1 0 0 0 1
 0 1 0 0 0 0 0 0 0 1 1 0 1 0 0
 0 0 1 1 0 0 0 0 1 0 0 0 0 1 0
 0 0 0 0 0 0 1 1 1 0 0 1 0 0 0
 0 1 0 0 0 0 1 0 0 1 0 1 0 0 0
 0 1 1 0 0 0 1 0 0 0 1 0 0 0 0
 0 1 1 0 0 0 1 0 1 0 0 0 0 0 0
 0 0 0 0 1 0 0 0 0 1 0 0 1 0 1
 1 0 0 0 0 1 0 0 0 0 1 0 0 1 0
 1 0 0 0 0 0 1 0 1 0 0 1 0 0 0
 0 0 0 0 0 1 0 0 0 0 0 1 0 1 1
 0 0 0 0 0 0 0 1 0 1 0 0 1 0 1
 0 0 0 0 0 1 0 0 1 0 0 0 1 0 1
 1 0 1 0 0 1 0 0 0 0 0 0 1 0 0
 1 0 0 1 0 0 0 0 0 0 1 0 0 1 0

Warwick 534: balanced products, 4 products per order
15 15
 0 0 0 0 1 0 1 0 0 0 1 1 0 0 0
 0 0 0 0 0 0 0 1 1 0 0 0 1 1 0
 1 0 0 0 0 0 0 0 1 0 0 1 0 1 0
 0 0 0 1 0 1 0 0 0 0 1 1 0 0 0
 0 0 1 0 0 0 1 0 0 1 0 0 0 0 1
 1 0 1 0 0 0 0 0 1 0 1 0 0 0 0
 1 0 1 1 0 0 0 0 0 0 0 0 1 0 0
 0 0 1 0 1 1 0 0 0 0 0 0 0 1 0
 0 1 0 0 0 1 0 0 0 0 0 0 0 1 1
 0 0 0 1 0 1 1 1 0 0 0 0 0 0 0
 1 0 1 0 1 0 0 0 0 0 0 0 1 0 0
 0 0 1 0 0 1 0 0 1 0 0 1 0 0 0
 0 0 0 0 1 0 1 0 0 1 0 0 1 0 0
 0 0 1 1 1 0 0 0 0 0 0 1 0 0 0
 0 0 0 1 0 0 1 1 0 0 1 0 0 0 0

Warwick 535: balanced products, 4 products per order
15 15
 1 0 0 1 0 0 0 0 1 0 0 0 0 0 1
 1 0 1 0 0 0 1 0 0 0 1 0 0 0 0
 0 0 0 1 0 0 0 0 0 1 0 1 0 1 0
 0 0 1 0 0 1 0 0 0 0 0 0 0 1 1
 0 1 0 1 0 0 0 0 0 1 0 0 1 0 0
 0 1 0 0 1 0 0 0 0 1 0 0 0 1 0
 0 1 0 0 0 0 1 0 0 0 0 0 0 1 1
 1 0 0 1 1 0 0 0 1 0 0 0 0 0 0
 0 0 0 0 1 1 0 1 0 1 0 0 0 0 0
 0 1 0 1 0 0 0 0 0 0 1 0 1 0 0
 0 1 0 1 0 0 0 0 0 1 0 0 1 0 0
 1 0 0 0 0 0 1 0 0 0 0 1 1 0 0
 1 0 1 0 0 1 0 0 0 0 0 0 0 0 1
 0 0 0 0 0 0 1 0 1 1 0 0 0 0 1
 0 0 0 0 1 1 0 0 0 0 1 0 0 1 0

Warwick 536: balanced products, 4 products per order
15 15
 0 0 0 0 1 0 1 0 1 1 0 0 0 0 0
 0 0 1 1 0 0 0 0 0 0 0 1 0 0 1
 1 0 0 0 0 1 0 0 0 0 1 0 0 0 1
 0 0 1 0 0 0 0 0 1 0 0 1 0 1 0
 0 1 1 0 0 0 0 0 0 1 1 0 0 0 0
 0 0 0 0 0 0 0 0 0 1 1 0 1 0 1
 0 0 0 0 0 0 0 1 0 0 0 1 0 1 1
 0 0 0 0 0 1 1 0 0 0 0 1 0 0 1
 0 0 0 0 1 1 0 0 1 0 1 0 0 0 0
 0 0 0 1 0 0 0 1 1 0 0 0 0 0 1
 0 1 0 0 0 0 0 0 1 1 0 0 0 1 0
 0 0 1 0 1 1 0 0 0 0 0 1 0 0 0
 0 0 0 0 1 0 0 1 1 0 1 0 0 0 0
 0 0 0 0 0 0 0 0 1 0 1 1 1 0 0
 0 1 1 0 0 0 1 0 0 0 0 0 0 0 1

Warwick 537: balanced products, 4 products per order
15 15
 1 0 0 0 0 0 0 1 0 0 1 0 0 1 0
 1 0 0 1 0 0 0 0 0 0 0 0 0 1 1
 0 0 0 0 1 0 0 0 0 0 1 0 1 0 1
 1 0 0 0 0 0 1 0 1 0 0 1 0 0 0
 0 1 0 0 0 1 0 0 0 0 1 0 0 0 1
 1 0 0 0 1 0 0 0 0 1 0 0 1 0 0
 0 0 1 0 1 0 0 0 0 1 0 0 0 1 0
 0 0 0 0 0 0 1 0 0 0 1 0 0 1 1
 0 0 0 0 0 0 0 1 1 1 0 0 0 1 0
 1 0 0 0 0 0 1 0 0 0 0 0 1 1 0
 1 0 1 0 0 1 0 0 0 0 0 0 0 0 1
 0 0 0 0 0 1 1 0 1 0 0 0 0 0 1
 1 0 0 0 0 1 0 0 0 0 0 0 0 1 1
 0 0 0 1 0 1 0 0 1 0 0 0 0 1 0
 0 0 0 0 1 0 0 0 1 1 0 0 0 1 0

Warwick 538: balanced products, 4 products per order
15 15
 1 1 0 0 0 0 0 1 0 0 1 0 0 0 0
 1 0 0 0 0 0 0 0 1 0 1 0 0 0 1
 1 1 1 0 0 0 0 1 0 0 0 0 0 0 0
 0 1 0 1 0 0 0 1 0 0 0 0 0 1 0
 0 0 0 0 0 0 0 0 0 1 0 0 1 1 1
 0 0 1 0 0 1 0 0 0 1 0 1 0 0 0
 0 0 0 0 1 0 1 0 0 0 0 1 0 0 1
 1 0 1 0 0 0 0 0 0 0 1 0 0 1 0
 1 0 0 0 0 0 0 0 1 1 0 0 0 1 0
 0 1 0 0 0 1 0 0 0 0 0 0 0 1 1
 0 0 0 0 0 1 0 0 0 0 1 0 0 1 1
 0 0 0 0 1 1 0 0 1 0 0 0 0 1 0
 0 0 0 0 1 0 0 0 0 1 0 0 1 0 1
 1 0 0 0 0 1 0 0 0 0 0 1 0 0 1
 0 1 0 0 0 0 0 0 1 0 0 1 0 1 0

Warwick 539: balanced products, 4 products per order
15 15
 0 0 1 0 1 1 0 1 0 0 0 0 0 0 0
 0 0 1 0 0 0 1 0 0 1 0 0 0 1 0
 1 1 0 0 0 0 0 0 0 0 0 0 0 1 1
 1 0 0 0 1 0 1 0 0 0 0 1 0 0 0
 0 0 0 1 0 0 0 1 1 0 0 0 1 0 0
 0 1 0 0 0 0 1 0 0 0 1 0 0 0 1
 0 1 1 0 0 0 0 0 0 0 0 1 0 0 1
 1 1 0 0 0 0 1 0 0 0 0 1 0 0 0
 1 0 0 1 0 0 0 0 0 0 0 0 1 1 0
 0 0 0 0 0 1 0 0 0 1 0 0 1 0 1
 0 0 0 0 0 0 1 1 0 0 1 1 0 0 0
 1 0 0 0 0 0 1 1 0 0 0 0 0 0 1
 0 0 0 1 0 0 0 0 0 1 1 0 0 0 1
 1 0 1 0 0 0 0 0 1 0 1 0 0 0 0
 0 1 0 0 0 0 0 1 0 0 0 0 1 0 1

Warwick 540: balanced products, 4 products per order
15 15
 1 0 0 0 0 0 0 0 1 0 1 0 0 0 1
 1 0 1 0 0 1 0 0 0 0 0 0 0 1 0
 0 0 0 0 0 1 1 0 0 1 0 0 0 1 0
 0 1 0 0 0 0 0 0 0 1 0 1 0 0 1
 1 1 0 0 0 0 0 0 0 0 0 1 0 0 1
 0 0 1 0 0 0 1 0 0 0 0 1 0 1 0
 0 1 0 0 0 0 0 1 0 1 0 0 1 0 0
 0 0 0 0 0 0 1 1 0 0 0 1 1 0 0
 0 1 0 0 0 0 1 0 0 0 0 1 1 0 0
 0 1 0 0 0 0 1 0 0 0 0 1 0 0 1
 1 0 0 0 0 1 0 0 1 0 0 0 1 0 0
 0 0 0 0 1 0 1 1 1 0 0 0 0 0 0
 0 0 0 0 0 1 0 1 0 1 1 0 0 0 0
 1 0 1 1 0 0 0 0 0 0 0 0 0 0 1
 0 0 0 1 0 0 0 0 0 1 0 0 0 1 1

Warwick 541: balanced products, 5 products per order
15 15
 1 0 1 0 0 0 0 1 1 0 0 0 1 0 0
 0 1 1 1 0 0 0 0 0 0 0 1 1 0 0
 0 0 0 0 1 1 1 0 0 1 0 1 0 0 0
 0 1 0 0 1 1 1 0 0 0 1 0 0 0 0
 0 0 1 0 0 0 1 1 1 0 0 0 1 0 0
 0 0 0 1 0 1 0 0 1 0 0 1 0 1 0
 0 1 0 0 0 1 0 1 1 0 1 0 0 0 0
 1 0 0 0 0 0 1 0 0 1 0 0 1 0 1
 0 0 1 1 0 0 0 0 1 0 0 1 0 1 0
 0 1 0 0 1 0 0 1 0 0 1 0 0 1 0
 0 0 0 0 1 0 0 0 1 1 0 1 0 1 0
 1 0 1 0 1 0 0 0 0 1 0 0 1 0 0
 0 0 0 0 0 0 0 0 1 1 0 1 0 1 1
 0 1 0 1 1 0 0 0 0 1 0 1 0 0 0
 0 0 0 0 1 1 1 0 0 0 1 0 0 1 0

Warwick 542: balanced products, 5 products per order
15 15
 0 0 0 0 0 0 0 1 1 1 0 0 1 1 0
 1 0 0 0 1 0 0 1 0 0 0 0 0 1 1
 1 1 0 0 0 0 1 0 1 0 0 0 0 1 0
 1 1 0 1 0 0 0 0 0 0 1 0 1 0 0
 0 1 0 0 0 0 0 0 1 0 1 1 0 0 1
 0 1 0 1 0 0 0 0 1 0 1 0 0 0 1
 1 1 1 0 0 1 0 1 0 0 0 0 0 0 0
 0 0 0 0 0 0 0 0 1 0 1 1 1 1 0
 1 0 0 1 1 0 0 0 0 1 0 0 0 1 0
 1 0 0 0 0 0 0 1 0 0 1 0 1 1 0
 0 1 0 0 0 1 0 0 0 1 0 1 0 0 1
 0 1 1 1 0 0 0 0 0 1 0 0 1 0 0
 0 0 0 0 0 0 0 1 1 1 0 1 0 1 0
 0 0 0 0 0 0 1 1 1 1 1 0 0 0 0
 0 1 1 1 1 0 0 0 1 0 0 0 0 0 0

Warwick 543: balanced products, 5 products per order
15 15
 0 0 1 0 1 1 0 0 1 0 0 0 0 0 1
 0 1 1 0 0 0 0 0 0 0 0 0 1 1 1
 0 1 0 1 0 0 1 0 1 0 0 1 0 0 0
 0 0 0 0 0 1 1 0 1 1 0 0 0 0 1
 0 1 1 0 0 0 1 0 1 0 0 0 0 1 0
 1 0 0 0 0 1 1 0 0 0 0 0 1 1 0
 1 1 0 0 1 0 1 0 0 0 0 1 0 0 0
 0 1 0 0 1 1 1 1 0 0 0 0 0 0 0
 0 0 0 1 0 0 1 0 1 1 1 0 0 0 0
 0 1 0 1 0 0 0 0 0 0 0 1 1 1 0
 0 0 0 0 1 1 0 1 1 0 0 1 0 0 0
 0 0 0 0 1 0 1 0 0 1 0 1 0 0 1
 0 0 1 1 0 0 0 1 0 0 0 0 0 1 1
 0 1 0 0 0 0 1 1 0 0 0 0 1 0 1
 0 1 0 0 0 1 1 0 1 1 0 0 0 0 0

Warwick 544: balanced products, 5 products per order
15 15
 0 0 1 0 1 0 1 0 0 0 1 0 0 1 0
 0 0 0 0 1 1 0 1 1 0 0 0 0 0 1
 0 0 0 0 0 1 0 0 0 1 1 0 0 1 1
 0 1 0 1 0 1 0 0 1 0 1 0 0 0 0
 0 0 1 0 1 1 0 0 0 0 1 1 0 0 0
 0 0 0 1 0 0 1 0 0 0 1 1 0 0 1
 1 0 0 0 1 1 0 0 0 1 1 0 0 0 0
 1 1 0 0 0 0 0 0 1 1 1 0 0 0 0
 0 0 0 1 0 0 1 1 0 1 0 0 0 0 1
 0 1 0 1 0 0 0 0 0 0 1 0 1 1 0
 0 0 0 1 1 0 0 1 0 0 1 0 0 1 0
 0 0 0 1 1 1 0 0 1 0 0 1 0 0 0
 1 1 0 0 1 0 0 0 0 0 0 1 0 0 1
 0 0 1 0 0 0 1 1 1 1 0 0 0 0 0
 1 0 0 0 0 0 1 0 0 1 0 1 1 0 0

Warwick 545: balanced products, 5 products per order
15 15
 1 0 1 0 0 0 1 0 0 0 1 0 0 0 1
 1 1 0 0 0 0 0 1 0 0 1 1 0 0 0
 1 0 0 0 1 0 1 1 0 0 0 0 0 1 0
 1 1 0 1 0 0 0 1 0 1 0 0 0 0 0
 0 0 1 0 0 0 1 0 0 0 0 1 1 1 0
 0 0 0 1 0 0 0 1 1 0 0 0 1 0 1
 0 1 0 0 0 1 1 0 0 0 1 0 0 1 0
 1 1 1 0 1 0 0 0 0 0 0 0 0 0 1
 0 1 0 0 0 0 0 1 1 0 0 0 1 0 1
 1 1 0 0 0 0 0 0 1 0 1 0 1 0 0
 1 0 0 0 1 0 1 1 0 0 0 0 0 1 0
 1 0 1 0 1 0 1 1 0 0 0 0 0 0 0
 0 0 0 0 0 0 1 1 1 1 0 1 0 0 0
 0 0 1 0 1 1 0 1 0 0 0 1 0 0 0
 0 1 0 1 1 0 0 1 0 0 0 0 0 1 0

Warwick 546: balanced products, 5 products per order
15 15
 1 1 0 0 1 0 0 0 0 1 0 0 0 0 1
 0 0 1 1 0 0 0 0 0 1 1 0 0 1 0
 0 0 1 1 0 0 0 1 1 0 0 0 0 1 0
 0 0 1 0 0 0 1 0 1 1 0 0 0 0 1
 0 0 0 0 0 1 0 0 0 0 1 1 1 0 1
 0 0 0 0 1 0 0 1 1 0 0 1 1 0 0
 0 1 1 1 0 0 0 0 1 0 0 0 1 0 0
 0 0 0 1 1 0 1 0 1 1 0 0 0 0 0
 0 0 0 0 0 0 0 1 1 1 1 0 0 1 0
 0 1 0 1 0 1 0 0 0 1 0 0 0 0 1
 1 0 0 0 0 1 0 1 0 0 0 0 1 1 0
 1 0 0 1 0 0 0 0 1 1 0 1 0 0 0
 1 0 0 0 0 1 0 1 0 1 0 1 0 0 0
 1 0 1 1 0 1 0 0 0 0 1 0 0 0 0
 1 0 1 0 0 0 1 1 0 0 0 0 1 0 0

Warwick 547: balanced products, 5 products per order
15 15
 0 1 0 1 1 0 0 0 0 1 0 0 0 1 0
 0 0 0 1 0 1 0 0 0 0 0 1 1 0 1
 1 0 1 0 0 0 0 0 1 1 1 0 0 0 0
 0 0 0 0 0 1 1 0 0 0 0 1 1 1 0
 1 1 0 1 0 1 0 1 0 0 0 0 0 0 0
 0 0 0 1 0 0 1 1 0 0 0 1 0 1 0
 0 1 0 1 0 1 0 0 0 1 0 0 1 0 0
 0 0 0 1 0 1 1 0 1 0 0 1 0 0 0
 0 0 0 1 0 0 0 0 1 0 1 0 0 1 1
 0 0 0 0 0 1 0 1 0 1 0 0 1 0 1
 0 0 0 0 0 0 0 0 1 0 1 1 1 1 0
 0 0 1 1 0 1 1 0 1 0 0 0 0 0 0
 0 0 1 0 1 1 1 0 0 0 0 0 0 0 1
 1 0 1 0 0 0 0 0 0 1 0 1 0 0 1
 1 0 0 1 0 0 1 0 0 0 0 1 0 0 1

Warwick 548: balanced products, 5 products per order
15 15
 1 0 0 1 1 0 1 0 0 1 0 0 0 0 0
 0 0 0 1 0 0 0 0 0 1 1 0 1 0 1
 0 0 0 0 1 0 0 1 1 0 0 1 0 1 0
 0 0 0 1 0 1 0 1 0 0 1 0 0 0 1
 0 0 1 1 0 1 0 1 1 0 0 0 0 0 0
 0 0 0 0 0 0 1 1 0 0 0 0 1 1 1
 0 0 0 0 1 1 0 0 0 0 0 1 1 1 0
 0 0 1 1 0 0 1 0 0 0 1 0 0 1 0
 0 1 0 0 0 0 0 1 0 1 0 1 1 0 0
 1 0 1 1 0 0 0 1 1 0 0 0 0 0 0
 0 0 0 0 1 1 0 1 0 0 0 0 0 1 1
 0 1 0 0 0 0 0 1 0 1 0 1 1 0 0
 0 0 1 0 0 0 0 0 0 1 0 1 1 0 1
 0 0 0 1 0 1 1 0 0 0 0 0 0 1 1
 1 1 0 1 0 0 0 0 0 1 0 0 1 0 0

Warwick 549: balanced products, 5 products per order
15 15
 1 1 1 0 0 0 1 0 1 0 0 0 0 0 0
 1 1 1 0 0 0 0 1 0 0 0 0 0 0 1
 0 0 1 0 0 0 0 0 0 0 1 1 1 1 0
 1 0 1 0 1 0 1 0 0 0 0 0 1 0 0
 1 0 0 0 0 1 0 1 1 1 0 0 0 0 0
 0 0 0 0 1 0 0 1 1 0 1 0 0 1 0
 1 0 1 0 1 0 0 0 0 0 1 0 1 0 0
 0 0 1 0 1 1 1 0 0 0 0 0 0 1 0
 0 1 1 0 0 0 0 1 1 0 0 0 0 1 0
 0 1 1 0 0 1 0 0 1 1 0 0 0 0 0
 0 0 0 0 1 1 1 0 0 1 0 1 0 0 0
 1 0 0 1 0 0 0 0 0 0 1 1 0 0 1
 1 0 0 0 0 0 1 0 0 0 0 1 1 0 1
 0 0 0 0 0 0 1 1 1 0 0 0 0 1 1
 0 1 0 0 1 1 0 0 0 1 0 0 0 0 1

Warwick 550: balanced products, 5 products per order
15 15
 0 0 0 0 0 1 1 0 0 0 1 1 0 1 0
 0 0 0 0 1 0 0 1 1 1 0 0 1 0 0
 1 0 0 0 0 1 0 0 0 0 1 1 0 0 1
 0 0 0 0 1 1 1 0 0 0 1 0 0 0 1
 0 0 0 1 0 0 1 1 0 0 0 0 0 1 1
 0 1 0 0 0 0 1 0 0 1 1 1 0 0 0
 1 1 1 0 0 0 0 0 0 1 0 0 0 1 0
 0 1 0 0 0 0 0 1 0 1 1 0 1 0 0
 0 0 0 1 0 0 0 1 1 1 1 0 0 0 0
 1 0 0 0 1 0 1 0 0 1 0 0 0 1 0
 1 0 1 0 0 0 1 0 1 0 0 0 0 0 1
 0 0 1 0 0 0 0 0 1 0 1 1 0 0 1
 1 1 1 0 0 0 0 0 0 0 0 1 0 1 0
 1 0 0 1 1 0 0 1 0 0 0 0 1 0 0
 1 0 0 0 1 0 1 0 0 0 1 0 0 0 1

Warwick 551: balanced products, 6 products per order
15 15
 0 1 0 1 0 1 0 0 1 1 0 0 1 0 0
 0 1 0 0 1 0 0 1 1 0 0 0 0 1 1
 0 0 1 0 0 0 0 1 0 0 1 0 1 1 1
 0 1 0 0 1 0 0 0 1 0 0 1 1 1 0
 0 1 0 1 0 0 1 0 0 1 1 0 0 0 1
 1 0 0 1 1 0 1 0 0 1 0 1 0 0 0
 1 1 0 0 0 0 1 0 1 0 0 1 0 0 1
 0 1 0 0 1 0 1 1 0 1 0 1 0 0 0
 1 0 1 1 0 1 0 0 0 0 0 0 1 1 0
 1 1 0 0 0 1 0 1 0 0 1 0 0 0 1
 1 0 0 0 0 1 0 0 1 0 1 1 0 0 1
 1 1 0 1 1 1 0 0 1 0 0 0 0 0 0
 0 1 0 1 1 0 0 0 1 1 0 0 0 1 0
 1 0 0 0 0 0 1 1 0 0 1 1 0 0 1
 0 1 0 1 0 0 0 0 1 1 0 0 1 0 1

Warwick 552: balanced products, 6 products per order
15 15
 0 0 0 0 0 1 0 0 1 1 0 1 1 1 0
 0 1 0 0 1 0 1 1 0 0 0 1 1 0 0
 1 0 0 0 0 1 1 1 0 0 1 0 0 0 1
 0 0 1 0 1 0 1 0 0 0 1 1 0 0 1
 0 0 0 0 0 1 0 0 1 0 1 0 1 1 1
 1 0 0 0 0 1 1 1 0 0 0 0 1 0 1
 1 0 1 1 0 0 0 0 0 0 1 1 0 0 1
 0 0 0 0 1 0 1 1 0 0 1 1 0 1 0
 1 0 0 0 1 0 0 0 1 1 1 0 0 0 1
 0 0 0 0 0 1 1 0 0 1 1 0 0 1 1
 1 0 0 0 0 0 1 1 1 0 0 0 0 1 1
 1 1 0 0 0 1 1 1 0 0 0 1 0 0 0
 1 1 0 0 0 1 1 1 0 1 0 0 0 0 0
 0 0 1 1 0 0 0 0 1 1 0 0 1 1 0
 0 0 0 0 1 0 0 1 0 1 1 1 1 0 0

Warwick 553: balanced products, 6 products per order
15 15
 1 1 1 0 0 0 1 0 0 0 1 0 0 0 1
 0 0 0 1 0 0 0 0 1 1 1 1 1 0 0
 1 0 1 1 1 0 0 1 0 0 0 0 1 0 0
 0 1 0 1 1 0 1 0 0 1 0 0 0 0 1
 1 1 0 1 0 0 0 0 1 1 0 0 1 0 0
 1 1 0 1 0 0 1 0 0 0 0 0 1 1 0
 0 1 1 0 0 0 0 0 1 0 1 1 0 1 0
 1 0 1 0 0 0 0 0 0 1 0 1 0 1 1
 1 0 0 0 1 0 1 0 1 0 1 0 0 1 0
 0 1 0 0 1 1 0 0 1 1 0 0 1 0 0
 0 1 0 1 0 0 0 1 1 1 0 0 1 0 0
 0 1 1 0 1 0 0 0 1 0 1 1 0 0 0
 0 0 0 1 1 0 1 1 0 0 0 0 1 0 1
 1 0 1 0 0 0 0 0 0 1 0 0 1 1 1
 0 1 1 0 0 0 0 0 0 1 1 1 1 0 0

Warwick 554: balanced products, 6 products per order
15 15
 1 1 1 0 0 0 1 0 0 0 0 0 0 1 1
 0 1 0 1 0 1 0 0 0 1 0 0 1 0 1
 0 0 1 0 1 1 1 0 0 0 0 0 0 1 1
 0 1 1 1 1 0 0 0 1 1 0 0 0 0 0
 0 0 1 1 1 0 1 0 0 1 0 0 1 0 0
 1 1 0 1 0 0 1 0 0 0 0 0 1 0 1
 1 1 0 0 1 0 0 1 0 1 0 0 0 0 1
 0 0 1 1 1 0 1 1 0 0 0 0 1 0 0
 1 1 1 0 0 0 0 0 1 0 0 1 0 0 1
 0 1 1 0 0 1 0 0 1 1 0 0 0 0 1
 0 1 1 0 1 1 1 0 0 0 0 0 0 1 0
 0 0 0 0 1 1 0 0 1 1 1 0 1 0 0
 1 1 0 0 0 0 1 1 0 0 1 1 0 0 0
 1 0 1 0 1 0 1 1 0 0 0 0 0 0 1
 0 1 1 1 0 1 0 1 0 0 0 0 1 0 0

Warwick 555: balanced products, 6 products per order
15 15
 0 0 0 0 0 1 1 0 1 0 1 0 1 0 1
 1 0 0 1 0 1 0 0 1 0 0 1 1 0 0
 0 0 1 1 1 0 1 0 0 0 0 0 1 0 1
 0 1 1 0 1 1 1 0 1 0 0 0 0 0 0
 1 0 0 0 0 1 1 0 0 0 0 1 1 0 1
 1 1 1 0 1 0 0 0 1 0 0 0 1 0 0
 0 0 0 0 1 0 0 1 1 1 0 0 1 0 1
 0 1 0 0 0 0 1 1 0 0 0 1 1 1 0
 0 1 0 0 0 0 1 0 0 1 0 0 1 1 1
 0 0 1 1 0 0 1 0 0 1 1 0 0 1 0
 1 0 0 0 1 0 0 1 1 1 0 1 0 0 0
 1 0 0 0 0 0 1 0 1 1 1 1 0 0 0
 0 1 0 0 1 1 0 0 0 0 1 1 0 1 0
 1 1 1 1 0 0 0 0 1 0 0 1 0 0 0
 0 1 1 0 0 1 0 1 0 0 1 0 1 0 0

Warwick 556: balanced products, 6 products per order
15 15
 0 0 1 1 0 0 0 0 0 1 1 0 0 1 1
 0 0 0 0 0 1 0 1 1 0 1 1 0 1 0
 0 1 0 0 1 0 0 1 1 1 1 0 0 0 0
 0 1 1 1 0 0 0 0 1 0 0 1 1 0 0
 0 0 0 0 0 0 0 1 1 1 1 0 0 1 1
 1 1 0 1 0 1 1 0 0 0 0 0 0 0 1
 1 1 0 0 0 1 0 0 0 1 0 0 0 1 1
 0 0 1 1 1 0 0 0 0 1 1 1 0 0 0
 0 1 0 0 1 1 1 1 1 0 0 0 0 0 0
 0 0 0 1 1 1 0 0 1 0 0 1 0 0 1
 0 0 0 1 1 0 0 1 0 0 1 1 0 0 1
 0 0 0 0 1 0 0 1 1 1 0 1 0 1 0
 1 1 1 0 0 1 0 1 0 0 1 0 0 0 0
 0 0 0 0 1 0 0 1 0 0 1 1 1 1 0
 1 0 0 1 0 0 0 1 0 1 0 1 1 0 0

Warwick 557: balanced products, 6 products per order
15 15
 0 1 1 1 1 0 0 0 0 0 0 1 0 0 1
 0 0 0 1 1 1 0 0 1 1 0 0 1 0 0
 1 0 0 0 0 1 1 0 0 1 0 0 1 0 1
 0 1 1 0 1 1 0 0 0 0 0 0 0 1 1
 0 0 1 1 1 0 1 0 0 0 0 1 1 0 0
 0 1 0 0 0 0 0 0 1 0 1 1 1 1 0
 0 1 1 0 0 1 0 0 0 1 1 1 0 0 0
 0 1 0 1 0 0 1 1 1 0 0 0 0 1 0
 1 0 1 0 1 0 0 0 1 0 1 0 0 0 1
 0 0 1 0 0 0 1 1 1 0 0 0 0 1 1
 0 0 0 1 1 1 0 0 1 0 0 1 0 1 0
 0 1 1 0 1 1 0 0 1 0 0 1 0 0 0
 0 0 1 0 0 1 0 1 1 0 1 0 1 0 0
 0 0 1 1 0 0 1 0 1 0 0 1 0 1 0
 0 0 0 0 0 1 1 0 0 0 1 1 1 0 1

Warwick 558: balanced products, 6 products per order
15 15
 0 1 0 0 1 0 1 1 0 0 0 1 0 0 1
 0 0 1 1 1 0 0 0 1 1 0 0 0 0 1
 1 0 1 1 1 0 0 0 0 0 1 0 0 1 0
 0 0 0 1 1 0 0 0 1 1 1 1 0 0 0
 0 0 1 1 0 0 0 1 0 0 1 1 0 0 1
 1 0 1 0 0 0 0 0 1 1 1 0 0 1 0
 0 1 0 0 0 0 0 1 1 0 1 1 0 0 1
 1 0 0 0 1 0 1 1 0 1 1 0 0 0 0
 0 1 0 1 0 1 0 1 1 0 0 0 0 0 1
 0 0 0 0 1 1 1 1 0 0 0 1 0 0 1
 0 1 1 1 1 0 0 0 0 0 1 0 1 0 0
 0 0 0 1 1 0 0 1 0 1 1 0 1 0 0
 1 1 0 0 0 0 0 0 1 0 0 1 0 1 1
 0 0 0 0 0 0 0 1 0 1 1 1 1 1 0
 0 0 1 1 1 0 0 1 0 0 1 1 0 0 0

Warwick 559: balanced products, 6 products per order
15 15
 0 0 0 0 1 1 1 0 0 1 0 0 1 0 1
 1 0 0 1 0 0 0 1 1 1 0 0 0 0 1
 1 0 1 0 1 0 0 1 1 1 0 0 0 0 0
 1 1 0 0 1 1 0 0 0 0 1 1 0 0 0
 1 0 1 1 0 0 1 1 1 0 0 0 0 0 0
 1 0 0 1 0 1 0 1 1 0 0 1 0 0 0
 0 0 0 1 1 1 0 1 0 0 1 0 0 0 1
 0 0 1 1 1 0 0 0 0 0 1 0 0 1 1
 0 0 1 1 0 0 0 0 1 1 0 1 0 0 1
 1 1 1 0 0 1 0 0 0 0 0 1 0 1 0
 0 0 1 1 1 1 0 0 1 1 0 0 0 0 0
 1 0 0 1 0 0 0 0 0 1 0 1 1 0 1
 1 0 1 0 0 1 0 0 1 1 0 0 0 1 0
 1 1 0 0 0 1 0 0 0 0 1 1 0 1 0
 1 0 0 0 0 1 0 1 1 1 0 0 0 1 0

Warwick 560: balanced products, 6 products per order
15 15
 1 1 1 0 0 0 1 0 0 0 0 0 1 1 0
 1 0 0 0 0 1 0 1 0 1 0 1 0 0 1
 0 1 0 1 1 0 0 1 0 0 1 1 0 0 0
 1 1 0 0 0 1 0 0 1 1 0 1 0 0 0
 1 0 0 0 0 0 1 0 0 0 1 1 0 1 1
 0 0 0 1 1 1 0 1 0 1 0 0 0 1 0
 0 1 1 0 0 1 0 1 0 1 0 0 0 0 1
 0 0 0 1 1 0 0 0 0 1 0 1 1 1 0
 0 0 0 1 0 1 1 0 1 0 1 1 0 0 0
 0 1 0 1 1 0 0 0 0 1 0 1 0 0 1
 1 0 1 1 0 0 1 0 0 0 0 1 0 1 0
 0 1 0 0 0 1 0 1 0 1 0 0 1 0 1
 0 1 0 0 1 0 1 0 1 0 0 1 0 1 0
 0 0 0 0 0 1 0 1 0 1 1 1 0 1 0
 0 0 0 0 1 1 0 0 0 1 1 1 0 1 0

Warwick 561: balanced products, 7 products per order
15 15
 1 0 0 0 1 1 1 0 1 0 0 0 1 1 0
 0 1 1 0 0 1 0 0 0 0 0 1 1 1 1
 0 1 1 0 1 0 0 0 1 1 0 1 1 0 0
 0 1 1 1 1 0 0 1 0 0 0 1 1 0 0
 0 1 1 0 0 0 1 0 0 0 1 1 1 1 0
 0 0 1 1 1 0 0 1 0 0 1 0 0 1 1
 0 1 0 1 0 0 0 0 1 0 1 1 0 1 1
 1 1 1 0 1 0 1 0 0 0 0 1 1 0 0
 1 1 1 1 0 1 0 1 0 0 0 0 0 1 0
 0 0 0 1 1 0 0 1 0 1 1 1 0 1 0
 1 0 0 0 0 1 1 0 0 0 1 0 1 1 1
 1 0 0 1 1 0 0 0 1 0 1 1 1 0 0
 0 0 0 0 1 1 1 1 0 1 0 1 0 0 1
 0 0 1 0 0 1 1 0 0 0 1 0 1 1 1
 0 1 1 1 0 1 0 0 0 1 0 1 1 0 0

Warwick 562: balanced products, 7 products per order
15 15
 0 1 1 0 1 1 0 0 0 0 1 1 1 0 0
 1 0 1 1 0 0 1 1 0 0 0 0 1 0 1
 1 1 0 1 1 0 0 0 1 1 0 0 0 1 0
 0 1 1 0 1 0 0 0 0 1 1 1 0 0 1
 0 0 0 1 1 0 1 0 0 0 1 1 1 1 0
 1 0 0 1 0 0 1 1 1 1 0 0 1 0 0
 0 1 0 0 0 0 1 1 0 1 0 1 0 1 1
 1 1 1 0 0 1 0 0 0 1 0 0 1 0 1
 0 1 0 1 1 0 1 0 0 1 0 1 0 1 0
 1 1 0 1 1 1 0 0 0 1 0 0 0 0 1
 0 1 0 0 0 0 1 1 1 1 0 0 0 1 1
 1 1 0 0 0 0 0 1 1 0 0 0 1 1 1
 0 1 1 0 0 1 1 1 0 0 0 1 0 1 0
 1 1 0 0 0 1 1 1 0 0 1 0 1 0 0
 0 0 1 0 0 1 0 1 1 1 1 0 1 0 0

Warwick 563: balanced products, 7 products per order
15 15
 0 1 0 1 1 0 1 0 1 0 1 1 0 0 0
 0 1 1 0 1 1 0 1 0 1 0 1 0 0 0
 0 0 1 1 1 1 0 1 0 0 1 0 1 0 0
 1 1 1 0 1 0 0 0 1 1 0 0 1 0 0
 1 1 1 1 0 0 0 1 0 0 1 0 0 1 0
 0 1 0 1 0 0 1 0 0 1 1 0 0 1 1
 1 0 0 0 1 0 0 0 0 0 1 1 1 1 1
 0 0 0 0 1 1 0 1 0 1 0 1 1 1 0
 0 0 0 0 1 0 1 1 1 1 0 0 1 1 0
 1 0 1 0 0 0 1 1 0 1 0 1 1 0 0
 0 0 1 1 1 0 1 1 1 0 0 0 1 0 0
 0 1 0 0 1 0 1 1 0 1 0 1 0 0 1
 1 0 1 0 0 0 0 0 1 0 1 1 1 0 1
 0 1 1 1 1 0 0 0 0 0 0 1 0 1 1
 1 0 0 1 1 1 0 0 0 1 0 1 1 0 0

Warwick 564: balanced products, 7 products per order
15 15
 0 1 1 0 0 1 1 0 0 1 1 1 0 0 0
 0 1 0 1 0 1 0 0 0 1 0 0 1 1 1
 0 0 1 1 1 1 1 1 0 0 1 0 0 0 0
 1 1 0 0 1 1 1 1 0 0 0 0 1 0 0
 1 0 1 0 0 0 1 1 1 0 0 0 1 0 1
 0 0 1 1 0 0 0 0 1 1 1 1 1 0 0
 1 0 0 0 1 0 1 1 0 0 1 0 0 1 1
 1 0 1 0 0 1 0 1 0 1 1 0 1 0 0
 1 0 1 1 0 1 0 0 0 0 1 0 1 1 0
 1 1 0 0 1 1 0 1 0 0 0 0 1 0 1
 1 1 1 1 1 0 1 0 0 1 0 0 0 0 0
 0 1 1 0 1 0 1 0 0 1 0 0 1 1 0
 0 1 1 0 1 0 0 0 1 1 0 0 1 0 1
 0 1 0 1 1 0 1 0 0 1 0 0 1 1 0
 0 0 1 1 0 0 1 1 1 0 0 1 0 0 1

Warwick 565: balanced products, 7 products per order
15 15
 0 1 0 0 0 1 1 1 0 1 0 0 1 1 0
 1 0 0 1 1 1 0 0 0 1 0 1 0 1 0
 0 1 1 0 1 1 0 0 0 0 1 0 1 1 0
 1 1 1 0 0 0 1 0 1 0 0 1 0 1 0
 1 1 0 0 0 1 0 1 0 1 0 0 0 1 1
 1 1 0 0 1 1 0 1 0 0 0 0 1 0 1
 0 1 0 0 1 1 0 1 0 0 0 1 1 0 1
 0 0 1 1 0 1 0 1 0 0 1 1 1 0 0
 0 1 1 1 1 1 0 0 1 0 1 0 0 0 0
 0 1 0 1 1 1 0 0 0 1 1 1 0 0 0
 0 1 1 0 0 1 0 1 0 0 0 1 1 0 1
 1 0 0 1 0 0 1 0 0 1 1 1 1 0 0
 1 0 0 1 1 1 0 0 1 1 0 0 0 1 0
 0 1 1 0 0 1 0 1 0 1 1 0 0 0 1
 0 1 0 1 0 0 1 0 0 0 1 1 1 0 1

Warwick 566: balanced products, 7 products per order
15 15
 0 0 0 1 1 1 1 0 1 0 1 0 0 1 0
 0 0 0 0 0 1 1 0 0 1 1 1 1 0 1
 0 0 1 1 0 1 1 1 1 0 0 0 1 0 0
 0 0 1 0 1 1 0 0 1 0 0 1 0 1 1
 1 0 0 1 0 0 0 1 0 1 1 0 0 1 1
 1 1 0 1 0 1 0 0 0 0 1 0 1 1 0
 1 1 1 0 0 1 0 0 0 0 0 0 1 1 1
 0 0 1 0 1 1 0 0 1 0 1 1 0 0 1
 1 0 0 0 0 0 1 1 1 0 0 1 0 1 1
 0 0 0 1 1 0 0 1 0 0 1 1 1 1 0
 0 1 0 0 1 1 0 1 0 1 1 1 0 0 0
 0 0 0 0 1 1 1 0 1 1 0 0 0 1 1
 0 1 1 1 0 1 0 1 0 1 0 0 0 1 0
 1 1 0 1 0 0 1 1 0 0 0 0 1 1 0
 1 0 0 1 0 0 0 1 0 1 1 1 1 0 0

Warwick 567: balanced products, 7 products per order
15 15
 1 1 0 0 1 0 0 1 0 1 1 0 0 1 0
 0 0 0 0 1 1 1 1 0 1 1 0 0 0 1
 0 0 0 1 0 0 0 1 1 1 0 1 1 1 0
 1 1 0 0 0 0 1 1 1 0 1 0 0 0 1
 0 1 0 0 0 1 1 1 0 1 0 0 0 1 1
 0 1 0 1 1 0 1 0 0 1 1 0 0 0 1
 1 0 0 1 0 1 0 0 0 1 0 1 1 1 0
 1 0 0 1 0 0 0 0 0 1 1 1 0 1 1
 1 1 1 0 0 0 0 0 1 1 1 0 0 1 0
 0 0 1 0 0 0 1 1 0 1 0 0 1 1 1
 1 1 1 1 1 0 0 1 0 0 1 0 0 0 0
 1 0 0 1 1 0 1 0 1 0 0 0 0 1 1
 0 1 0 1 1 0 0 0 0 1 0 1 0 1 1
 0 1 1 0 0 0 1 0 1 1 0 1 0 0 1
 1 0 1 0 0 0 1 0 1 1 0 1 1 0 0

Warwick 568: balanced products, 7 products per order
15 15
 0 0 0 0 0 0 1 1 1 0 1 1 0 1 1
 1 1 0 0 0 0 1 1 1 0 1 0 1 0 0
 0 1 1 0 0 1 1 0 1 0 0 1 0 1 0
 0 0 1 0 0 0 1 1 1 0 0 1 1 1 0
 1 0 1 1 1 0 1 0 0 0 1 0 1 0 0
 0 0 0 0 0 1 0 1 1 0 0 1 1 1 1
 1 1 1 0 0 1 1 0 0 1 1 0 0 0 0
 0 1 0 1 1 0 0 0 0 0 0 1 1 1 1
 0 1 1 0 0 0 0 1 1 0 1 0 1 1 0
 1 0 1 0 1 0 1 0 1 0 0 1 0 1 0
 0 1 0 1 0 1 0 0 1 0 1 0 1 1 0
 1 0 0 1 1 0 0 0 0 1 1 0 1 1 0
 0 1 1 1 1 1 0 0 0 1 0 0 0 1 0
 0 0 0 1 1 0 1 1 0 0 1 1 0 1 0
 1 0 0 1 0 0 1 1 0 0 1 0 0 1 1

Warwick 569: balanced products, 7 products per order
15 15
 1 0 0 1 1 0 0 1 0 1 1 1 0 0 0
 0 0 1 0 0 0 1 0 1 1 0 0 1 1 1
 1 1 0 0 1 0 0 0 1 0 1 1 0 1 0
 1 0 0 1 1 1 1 0 0 0 1 0 0 1 0
 0 1 1 1 1 0 1 1 0 0 0 0 0 0 1
 1 0 0 0 1 0 0 1 1 0 0 1 1 1 0
 0 0 1 1 0 1 1 1 0 0 0 1 0 1 0
 0 1 0 0 1 0 1 0 1 0 0 1 1 0 1
 1 1 0 1 0 0 0 0 0 0 0 1 1 1 1
 0 0 1 0 1 0 1 0 1 0 1 1 0 0 1
 1 1 1 1 1 0 0 0 1 1 0 0 0 0 0
 0 0 0 1 0 1 0 1 1 1 1 0 1 0 0
 0 1 1 0 1 0 1 0 0 1 1 0 0 0 1
 0 1 0 0 1 1 0 1 1 1 1 0 0 0 0
 1 0 0 0 0 1 0 1 1 0 1 0 0 1 1

Warwick 570: balanced products, 7 products per order
15 15
 1 1 0 0 0 1 1 0 1 0 0 0 1 1 0
 0 0 1 0 1 0 0 1 0 0 1 1 1 0 1
 1 0 0 1 0 1 0 0 1 1 1 1 0 0 0
 1 0 1 0 1 0 1 0 1 1 0 0 0 0 1
 1 0 0 0 0 1 1 1 1 0 1 0 0 1 0
 1 0 0 0 1 1 0 0 0 1 1 1 0 0 1
 1 1 0 0 0 1 0 0 1 0 0 1 0 1 1
 0 0 1 0 0 1 0 1 1 0 0 0 1 1 1
 0 0 0 1 1 1 1 0 1 1 0 0 0 0 1
 1 0 0 1 1 1 0 0 0 0 0 1 1 1 0
 0 0 0 0 0 1 1 0 1 1 0 0 1 1 1
 1 1 0 0 1 0 1 0 0 0 1 1 0 0 1
 0 1 1 1 1 0 1 1 0 0 0 0 1 0 0
 0 0 1 1 0 0 1 1 0 0 0 1 1 0 1
 0 1 1 1 1 0 0 0 0 1 0 1 0 1 0

