Warwick 1111: balanced products, 2 products per order
20 20
 0 0 0 0 0 0 0 0 0 0 0 1 0 0 0 0 0 0 0 1
 0 0 0 0 0 0 1 0 1 0 0 0 0 0 0 0 0 0 0 0
 0 0 1 0 0 0 0 0 0 0 0 0 0 0 0 0 0 1 0 0
 0 0 0 0 0 0 0 0 0 0 0 1 0 0 0 0 0 0 1 0
 0 0 0 0 0 0 0 0 0 1 0 0 0 0 1 0 0 0 0 0
 0 0 0 1 1 0 0 0 0 0 0 0 0 0 0 0 0 0 0 0
 1 0 0 0 0 0 0 1 0 0 0 0 0 0 0 0 0 0 0 0
 1 0 0 0 0 0 0 0 0 0 0 0 0 1 0 0 0 0 0 0
 0 0 0 0 0 0 0 0 0 0 0 0 0 0 0 0 0 0 1 1
 0 0 1 0 0 0 0 0 0 0 0 0 0 0 0 0 0 1 0 0
 0 0 0 0 0 0 0 0 1 0 0 0 0 0 0 0 1 0 0 0
 0 0 0 0 0 0 0 0 0 0 0 1 0 0 0 0 0 0 0 1
 0 0 0 0 0 0 0 0 0 0 0 0 0 0 1 0 1 0 0 0
 0 1 1 0 0 0 0 0 0 0 0 0 0 0 0 0 0 0 0 0
 0 0 1 0 0 0 0 0 0 0 0 0 0 0 0 0 0 1 0 0
 0 0 0 0 0 0 0 1 0 0 0 0 1 0 0 0 0 0 0 0
 0 0 0 0 0 1 0 0 1 0 0 0 0 0 0 0 0 0 0 0
 0 0 0 0 0 0 0 0 0 0 0 0 0 0 0 1 0 0 1 0
 0 0 0 0 0 0 0 0 0 0 1 0 0 1 0 0 0 0 0 0
 0 0 0 1 0 0 0 1 0 0 0 0 0 0 0 0 0 0 0 0

Warwick 1112: balanced products, 2 products per order
20 20
 0 0 0 0 0 0 0 0 0 0 0 0 0 0 0 0 0 1 0 1
 0 0 0 0 0 0 0 0 0 0 0 0 0 1 0 0 0 0 0 1
 0 0 0 0 0 0 0 1 0 0 0 1 0 0 0 0 0 0 0 0
 1 0 0 0 0 0 0 0 0 0 0 0 0 1 0 0 0 0 0 0
 0 0 0 0 0 0 0 1 0 0 0 0 0 0 0 0 0 1 0 0
 0 0 0 1 0 0 0 0 0 0 0 0 1 0 0 0 0 0 0 0
 0 0 0 0 0 0 0 0 0 0 1 0 0 0 0 1 0 0 0 0
 0 0 0 0 1 0 1 0 0 0 0 0 0 0 0 0 0 0 0 0
 0 0 0 0 0 0 0 0 0 1 1 0 0 0 0 0 0 0 0 0
 0 0 0 0 0 0 1 0 0 0 0 0 0 0 1 0 0 0 0 0
 0 0 0 0 1 0 0 0 0 0 0 0 0 0 0 0 1 0 0 0
 0 0 1 0 0 0 0 0 0 1 0 0 0 0 0 0 0 0 0 0
 0 0 1 0 0 0 0 0 0 0 0 0 0 0 0 0 0 0 0 1
 0 0 0 0 0 0 0 1 0 0 0 0 0 0 0 0 0 0 1 0
 0 0 1 0 0 0 0 1 0 0 0 0 0 0 0 0 0 0 0 0
 0 0 0 0 1 0 0 0 1 0 0 0 0 0 0 0 0 0 0 0
 0 1 0 0 0 0 0 0 0 0 0 0 0 0 0 0 0 0 1 0
 0 0 0 0 0 0 0 0 0 0 0 1 0 0 0 0 0 1 0 0
 0 0 0 0 0 1 1 0 0 0 0 0 0 0 0 0 0 0 0 0
 0 1 0 0 0 0 1 0 0 0 0 0 0 0 0 0 0 0 0 0

Warwick 1113: balanced products, 2 products per order
20 20
 0 0 1 0 0 0 0 0 0 0 0 0 0 0 0 0 1 0 0 0
 0 0 0 0 0 0 1 0 0 0 0 0 1 0 0 0 0 0 0 0
 0 0 0 0 0 0 1 0 1 0 0 0 0 0 0 0 0 0 0 0
 0 0 0 0 0 0 0 1 0 0 0 0 0 1 0 0 0 0 0 0
 0 0 0 1 0 0 0 0 0 0 0 0 0 0 0 0 0 0 0 1
 0 0 1 0 0 0 0 0 0 0 0 0 0 0 0 1 0 0 0 0
 0 0 0 0 0 0 1 0 0 0 0 1 0 0 0 0 0 0 0 0
 1 0 0 0 0 0 0 0 0 0 0 0 0 0 0 0 0 0 1 0
 0 0 0 0 0 1 0 0 0 0 0 0 0 0 0 0 0 0 0 1
 0 0 0 0 0 0 0 0 0 0 0 0 0 1 0 0 0 0 1 0
 0 0 0 0 0 0 0 0 0 0 1 0 0 0 1 0 0 0 0 0
 0 0 0 0 1 0 0 0 0 0 0 1 0 0 0 0 0 0 0 0
 0 0 0 0 0 0 1 0 0 0 1 0 0 0 0 0 0 0 0 0
 0 0 0 0 1 0 0 0 0 0 0 0 0 0 1 0 0 0 0 0
 0 1 0 0 0 0 1 0 0 0 0 0 0 0 0 0 0 0 0 0
 0 0 0 0 0 0 0 1 0 1 0 0 0 0 0 0 0 0 0 0
 0 0 0 0 1 0 0 0 0 0 1 0 0 0 0 0 0 0 0 0
 0 0 0 0 0 0 0 0 0 0 1 0 0 0 0 0 0 0 1 0
 0 1 0 0 0 0 0 0 0 0 0 0 0 1 0 0 0 0 0 0
 0 0 0 0 0 0 0 1 0 0 0 0 0 0 0 0 0 1 0 0

Warwick 1114: balanced products, 2 products per order
20 20
 0 0 0 0 0 0 0 0 0 0 0 0 0 1 0 0 0 1 0 0
 0 0 1 0 0 0 0 0 0 1 0 0 0 0 0 0 0 0 0 0
 1 0 0 0 0 0 0 0 0 0 0 1 0 0 0 0 0 0 0 0
 0 0 1 0 0 0 0 0 0 0 0 0 0 0 0 0 0 0 1 0
 0 0 0 1 0 0 0 0 0 0 0 0 0 0 0 1 0 0 0 0
 0 0 0 0 0 0 0 0 0 0 0 0 0 1 0 0 1 0 0 0
 0 0 0 0 1 0 0 0 0 0 0 0 0 0 0 0 0 1 0 0
 0 0 0 0 0 0 0 0 1 0 0 0 0 0 0 0 0 1 0 0
 0 0 0 0 0 0 0 1 0 0 0 0 0 0 0 0 0 1 0 0
 0 0 0 0 0 1 0 0 0 1 0 0 0 0 0 0 0 0 0 0
 0 1 0 0 0 0 0 0 0 0 0 0 0 1 0 0 0 0 0 0
 0 0 0 0 0 0 0 0 0 1 0 0 0 0 0 0 0 1 0 0
 0 0 0 0 0 0 0 0 0 0 1 0 0 0 1 0 0 0 0 0
 0 0 0 0 0 0 1 0 0 1 0 0 0 0 0 0 0 0 0 0
 0 0 0 0 0 0 1 0 0 0 1 0 0 0 0 0 0 0 0 0
 0 0 0 1 0 0 0 0 0 0 0 0 1 0 0 0 0 0 0 0
 0 0 0 0 1 1 0 0 0 0 0 0 0 0 0 0 0 0 0 0
 0 0 0 0 0 0 0 1 0 0 0 1 0 0 0 0 0 0 0 0
 1 1 0 0 0 0 0 0 0 0 0 0 0 0 0 0 0 0 0 0
 0 0 0 0 1 0 0 0 0 0 0 0 0 0 0 0 0 0 0 1

Warwick 1115: balanced products, 2 products per order
20 20
 0 0 0 0 0 0 0 0 1 0 1 0 0 0 0 0 0 0 0 0
 0 0 0 0 0 0 0 0 0 0 0 1 0 0 0 1 0 0 0 0
 0 0 0 0 0 0 0 0 0 0 1 0 1 0 0 0 0 0 0 0
 0 0 0 0 0 0 0 1 0 0 0 0 0 0 0 0 0 1 0 0
 0 0 0 0 0 0 0 1 0 0 0 0 0 0 0 0 1 0 0 0
 1 0 0 0 0 1 0 0 0 0 0 0 0 0 0 0 0 0 0 0
 0 0 0 0 0 0 0 0 0 0 0 0 0 1 0 0 1 0 0 0
 0 0 0 0 0 1 0 0 0 0 0 1 0 0 0 0 0 0 0 0
 0 0 0 0 0 1 0 0 0 1 0 0 0 0 0 0 0 0 0 0
 0 0 0 1 0 0 1 0 0 0 0 0 0 0 0 0 0 0 0 0
 0 1 0 0 0 0 0 0 0 0 0 0 0 0 0 0 0 0 1 0
 0 0 1 0 0 0 1 0 0 0 0 0 0 0 0 0 0 0 0 0
 0 0 0 0 1 0 0 1 0 0 0 0 0 0 0 0 0 0 0 0
 0 0 0 0 0 0 0 1 0 0 0 0 0 0 1 0 0 0 0 0
 0 0 0 0 0 0 0 0 0 1 0 0 0 0 0 0 0 0 0 1
 0 1 0 0 0 0 0 0 1 0 0 0 0 0 0 0 0 0 0 0
 0 1 0 0 0 0 0 0 0 0 0 0 0 0 0 1 0 0 0 0
 0 0 0 0 0 0 1 0 0 0 0 1 0 0 0 0 0 0 0 0
 0 1 0 0 0 0 0 0 0 0 0 0 0 1 0 0 0 0 0 0
 0 0 0 0 0 0 0 0 0 0 0 1 1 0 0 0 0 0 0 0

Warwick 1116: balanced products, 2 products per order
20 20
 0 0 0 0 0 0 0 1 1 0 0 0 0 0 0 0 0 0 0 0
 0 0 0 0 0 0 0 0 0 0 0 0 0 0 0 1 0 0 1 0
 0 0 0 0 0 0 0 0 0 0 0 0 0 1 0 1 0 0 0 0
 0 0 0 0 0 0 0 0 0 0 1 0 0 0 0 0 1 0 0 0
 0 0 0 0 0 0 0 0 0 0 0 0 0 0 1 0 0 0 0 1
 0 0 0 0 1 0 1 0 0 0 0 0 0 0 0 0 0 0 0 0
 0 0 0 0 0 0 1 0 0 0 0 1 0 0 0 0 0 0 0 0
 1 0 0 0 0 0 0 0 0 0 0 0 0 0 0 0 0 1 0 0
 0 0 0 0 0 0 0 0 0 1 1 0 0 0 0 0 0 0 0 0
 0 0 0 0 0 0 0 1 0 0 0 0 0 0 0 1 0 0 0 0
 0 0 0 0 0 1 1 0 0 0 0 0 0 0 0 0 0 0 0 0
 1 0 0 0 0 0 0 0 0 0 0 0 1 0 0 0 0 0 0 0
 0 0 0 0 0 0 0 0 0 1 0 0 0 0 0 0 0 1 0 0
 0 0 1 0 0 0 0 0 0 0 0 0 0 0 0 0 1 0 0 0
 0 0 0 0 0 0 0 0 0 0 1 0 0 0 0 0 1 0 0 0
 0 0 1 0 0 1 0 0 0 0 0 0 0 0 0 0 0 0 0 0
 0 0 0 1 0 0 0 0 0 0 0 0 0 0 1 0 0 0 0 0
 0 1 0 0 0 0 0 0 0 0 0 0 0 1 0 0 0 0 0 0
 0 0 1 0 0 0 0 1 0 0 0 0 0 0 0 0 0 0 0 0
 0 0 0 0 1 0 0 0 0 0 0 0 0 0 0 1 0 0 0 0

Warwick 1117: balanced products, 2 products per order
20 20
 0 0 0 1 0 1 0 0 0 0 0 0 0 0 0 0 0 0 0 0
 0 0 0 0 0 0 0 0 1 1 0 0 0 0 0 0 0 0 0 0
 0 0 0 0 0 0 0 0 0 0 0 1 1 0 0 0 0 0 0 0
 0 0 1 0 0 0 0 0 0 0 0 0 0 0 0 1 0 0 0 0
 0 0 0 0 1 0 0 0 0 0 0 0 0 0 0 1 0 0 0 0
 0 0 0 0 0 0 0 0 0 1 0 1 0 0 0 0 0 0 0 0
 0 0 0 0 0 0 0 0 0 0 0 0 0 0 0 0 1 0 0 1
 0 0 0 0 0 0 0 0 0 0 0 1 0 0 0 1 0 0 0 0
 0 0 0 0 0 0 0 0 0 0 0 0 0 0 0 0 1 0 0 1
 0 0 1 0 0 0 0 0 0 1 0 0 0 0 0 0 0 0 0 0
 0 0 1 0 0 0 0 0 0 0 0 0 0 0 0 0 1 0 0 0
 1 0 0 0 0 0 0 0 0 0 0 0 0 0 0 0 0 1 0 0
 0 0 0 1 0 0 0 0 0 0 1 0 0 0 0 0 0 0 0 0
 1 0 0 0 0 0 0 0 0 0 0 0 0 0 0 0 0 1 0 0
 0 0 0 1 0 0 0 0 0 0 0 0 0 0 0 0 0 0 1 0
 0 0 0 0 0 0 1 1 0 0 0 0 0 0 0 0 0 0 0 0
 1 0 0 0 0 0 1 0 0 0 0 0 0 0 0 0 0 0 0 0
 0 0 0 0 0 0 0 0 0 0 0 0 0 0 1 0 0 1 0 0
 0 1 0 0 0 0 0 0 0 1 0 0 0 0 0 0 0 0 0 0
 0 1 0 0 0 0 0 0 0 0 0 0 0 1 0 0 0 0 0 0

Warwick 1118: balanced products, 2 products per order
20 20
 0 0 0 0 0 0 0 0 1 0 0 0 0 1 0 0 0 0 0 0
 1 0 0 1 0 0 0 0 0 0 0 0 0 0 0 0 0 0 0 0
 0 0 0 0 0 0 0 0 0 0 0 1 1 0 0 0 0 0 0 0
 0 0 0 0 0 0 1 1 0 0 0 0 0 0 0 0 0 0 0 0
 0 1 0 0 0 0 0 0 0 1 0 0 0 0 0 0 0 0 0 0
 1 0 0 0 0 0 0 0 0 0 0 0 0 0 0 0 0 1 0 0
 0 0 0 0 0 0 1 0 0 0 0 0 0 0 0 0 1 0 0 0
 0 0 0 0 0 0 0 0 0 0 0 0 0 0 1 0 0 1 0 0
 0 0 1 0 0 0 0 0 0 0 0 0 0 1 0 0 0 0 0 0
 0 1 0 0 0 0 0 0 0 0 0 0 0 0 0 1 0 0 0 0
 0 0 0 0 0 0 0 0 0 1 0 0 0 1 0 0 0 0 0 0
 0 1 0 0 0 0 0 0 0 1 0 0 0 0 0 0 0 0 0 0
 0 0 0 0 0 0 0 1 0 0 0 0 0 0 0 0 0 0 1 0
 0 0 0 1 0 0 0 0 0 0 1 0 0 0 0 0 0 0 0 0
 0 0 0 0 0 0 0 0 1 0 0 0 0 0 0 0 0 0 0 1
 0 0 0 0 1 0 0 0 0 0 0 0 0 1 0 0 0 0 0 0
 0 0 0 0 0 0 0 0 0 0 0 0 1 0 1 0 0 0 0 0
 0 0 0 0 0 1 0 0 0 1 0 0 0 0 0 0 0 0 0 0
 1 0 0 0 0 0 0 0 0 0 0 0 1 0 0 0 0 0 0 0
 0 0 0 1 1 0 0 0 0 0 0 0 0 0 0 0 0 0 0 0

Warwick 1119: balanced products, 2 products per order
20 20
 0 0 1 0 0 0 0 0 0 0 0 0 0 0 0 0 0 0 0 1
 0 0 0 1 0 0 0 1 0 0 0 0 0 0 0 0 0 0 0 0
 0 0 0 0 0 0 0 1 0 0 0 0 0 0 0 0 1 0 0 0
 0 0 0 0 0 0 0 0 0 0 1 0 0 0 0 0 1 0 0 0
 0 0 0 0 0 1 0 0 0 0 0 0 0 1 0 0 0 0 0 0
 0 0 0 0 0 0 0 0 0 0 1 0 0 0 0 0 0 0 1 0
 0 0 0 0 0 0 0 0 0 1 0 0 0 0 1 0 0 0 0 0
 0 0 0 0 0 1 0 1 0 0 0 0 0 0 0 0 0 0 0 0
 0 0 0 0 0 0 0 0 0 0 0 0 1 0 0 0 0 1 0 0
 0 0 0 0 0 0 0 0 0 1 0 0 0 0 0 0 1 0 0 0
 0 0 0 0 1 0 0 0 0 0 0 0 0 0 0 0 0 0 0 1
 0 1 0 0 0 0 0 0 0 0 0 1 0 0 0 0 0 0 0 0
 0 0 0 0 0 0 1 0 0 0 0 0 0 0 0 0 1 0 0 0
 0 0 0 0 0 0 0 0 0 0 1 0 0 1 0 0 0 0 0 0
 0 0 0 0 0 0 1 0 0 0 0 0 0 0 0 1 0 0 0 0
 1 0 0 0 0 0 0 0 0 0 0 1 0 0 0 0 0 0 0 0
 0 0 0 1 0 0 0 0 0 0 0 0 0 0 0 0 0 0 1 0
 0 0 0 0 0 0 0 0 0 0 0 0 0 0 1 0 0 0 0 1
 0 0 0 0 0 0 0 1 1 0 0 0 0 0 0 0 0 0 0 0
 0 0 0 0 1 0 0 1 0 0 0 0 0 0 0 0 0 0 0 0

Warwick 1120: balanced products, 2 products per order
20 20
 0 0 0 1 0 0 0 0 0 0 1 0 0 0 0 0 0 0 0 0
 0 0 0 0 0 0 0 0 0 0 0 0 0 0 0 0 1 0 1 0
 0 0 0 0 0 0 1 1 0 0 0 0 0 0 0 0 0 0 0 0
 0 0 0 0 0 0 0 0 0 0 1 0 0 0 0 0 1 0 0 0
 0 0 1 0 0 0 1 0 0 0 0 0 0 0 0 0 0 0 0 0
 0 0 0 0 0 0 0 0 1 0 0 0 0 0 0 0 0 1 0 0
 0 0 0 0 0 0 0 0 0 0 0 0 0 0 1 0 0 0 0 1
 0 0 0 0 0 0 0 0 0 0 0 0 0 0 0 0 0 1 0 1
 0 0 0 0 0 0 1 1 0 0 0 0 0 0 0 0 0 0 0 0
 0 0 0 0 0 0 0 0 0 0 0 0 0 0 1 1 0 0 0 0
 0 0 0 0 0 0 0 0 0 0 0 0 0 0 0 1 0 1 0 0
 0 0 1 0 0 0 0 0 0 0 0 1 0 0 0 0 0 0 0 0
 0 1 0 0 0 0 0 0 0 1 0 0 0 0 0 0 0 0 0 0
 0 0 0 0 0 0 0 0 0 0 0 0 0 1 1 0 0 0 0 0
 0 1 0 0 0 0 0 0 0 0 0 0 0 0 0 0 0 0 0 1
 0 0 0 0 0 0 0 0 0 0 0 0 0 0 0 0 0 1 0 1
 0 0 0 0 1 1 0 0 0 0 0 0 0 0 0 0 0 0 0 0
 0 0 0 0 0 0 0 0 1 0 0 0 1 0 0 0 0 0 0 0
 1 0 0 0 0 0 0 1 0 0 0 0 0 0 0 0 0 0 0 0
 0 0 1 0 0 0 0 1 0 0 0 0 0 0 0 0 0 0 0 0

Warwick 1121: balanced products, 3 products per order
20 20
 0 1 0 0 0 0 0 1 0 0 0 0 0 0 0 0 0 1 0 0
 0 0 0 0 0 0 0 0 0 0 0 0 0 0 0 1 1 0 0 1
 0 0 1 0 0 0 0 0 0 1 0 0 0 1 0 0 0 0 0 0
 1 0 0 0 1 0 0 0 0 1 0 0 0 0 0 0 0 0 0 0
 0 0 1 1 1 0 0 0 0 0 0 0 0 0 0 0 0 0 0 0
 0 0 0 0 0 1 1 0 1 0 0 0 0 0 0 0 0 0 0 0
 0 0 0 0 0 0 0 0 0 0 0 0 0 1 1 0 1 0 0 0
 0 1 0 0 0 0 0 0 1 0 0 1 0 0 0 0 0 0 0 0
 0 0 0 1 0 0 0 0 1 0 0 0 0 0 0 0 0 0 1 0
 0 0 0 0 0 0 1 0 1 0 0 0 0 0 0 0 0 1 0 0
 0 0 0 0 1 0 0 0 1 0 0 0 0 1 0 0 0 0 0 0
 1 0 0 0 0 0 0 0 0 0 0 0 0 1 0 0 0 0 1 0
 0 0 0 1 0 1 0 0 0 0 0 0 0 0 0 0 0 0 0 1
 0 1 0 0 0 0 0 0 1 0 0 0 0 0 0 0 0 0 0 1
 0 0 0 0 1 0 0 0 0 0 0 1 0 0 1 0 0 0 0 0
 0 0 0 0 0 1 0 0 0 0 0 0 1 0 0 0 0 0 0 1
 0 0 0 0 1 0 0 0 0 0 1 1 0 0 0 0 0 0 0 0
 0 1 0 0 0 0 0 1 0 0 0 0 1 0 0 0 0 0 0 0
 0 0 0 0 0 0 0 0 0 0 1 1 0 0 0 0 0 1 0 0
 0 0 0 0 0 0 0 0 1 0 0 0 0 0 1 0 0 0 1 0

Warwick 1122: balanced products, 3 products per order
20 20
 0 1 0 1 0 0 0 0 0 0 0 1 0 0 0 0 0 0 0 0
 0 0 0 0 0 0 0 0 1 0 1 0 0 0 0 0 1 0 0 0
 1 0 0 0 0 0 0 0 0 0 0 0 0 0 1 0 0 0 0 1
 0 0 0 1 1 0 0 0 0 0 0 0 0 0 0 0 0 0 1 0
 0 0 0 0 0 0 0 1 0 0 1 0 0 0 0 0 1 0 0 0
 0 0 0 0 0 0 1 0 0 0 0 0 0 1 1 0 0 0 0 0
 0 0 0 1 0 1 0 0 0 0 0 0 0 0 1 0 0 0 0 0
 0 0 0 1 0 0 0 0 0 0 0 0 0 0 0 0 0 0 1 1
 0 0 0 0 1 0 0 0 1 0 0 0 0 0 0 0 1 0 0 0
 0 0 1 0 1 0 0 0 0 0 0 1 0 0 0 0 0 0 0 0
 1 0 0 0 0 0 0 0 0 0 0 0 0 1 0 0 0 1 0 0
 0 0 1 0 0 0 0 0 0 1 0 0 0 0 0 0 0 0 1 0
 0 1 0 1 0 0 0 0 0 0 0 0 1 0 0 0 0 0 0 0
 0 0 0 0 0 0 0 0 0 0 0 1 0 0 1 1 0 0 0 0
 0 0 1 0 0 0 0 0 0 0 0 0 1 0 0 0 0 1 0 0
 0 0 0 0 1 0 0 0 0 0 0 0 1 0 0 0 1 0 0 0
 0 1 1 0 0 0 0 0 0 1 0 0 0 0 0 0 0 0 0 0
 1 0 0 0 0 0 0 0 0 0 1 0 0 0 0 0 0 0 1 0
 0 1 0 0 0 0 0 1 0 0 0 0 0 0 0 0 1 0 0 0
 0 0 0 0 0 0 0 0 1 0 1 1 0 0 0 0 0 0 0 0

Warwick 1123: balanced products, 3 products per order
20 20
 0 1 0 0 0 0 0 1 0 0 0 0 0 0 0 0 0 0 1 0
 0 1 0 0 0 0 0 0 0 0 0 0 0 1 0 0 1 0 0 0
 0 1 0 1 0 0 0 0 0 0 0 0 0 0 0 0 0 0 1 0
 1 0 0 0 0 1 0 1 0 0 0 0 0 0 0 0 0 0 0 0
 0 0 0 0 1 1 0 0 0 0 0 0 0 1 0 0 0 0 0 0
 0 1 0 0 0 0 0 0 0 0 0 0 1 0 0 0 0 1 0 0
 0 0 0 0 0 0 0 0 0 0 0 1 0 1 0 0 0 0 1 0
 0 0 0 0 0 0 1 0 0 0 0 0 0 0 0 0 0 1 0 1
 0 0 0 0 0 0 1 0 0 0 1 0 0 0 0 1 0 0 0 0
 1 0 0 0 1 0 0 0 0 0 0 1 0 0 0 0 0 0 0 0
 0 0 1 0 1 0 0 0 0 0 0 0 0 0 0 0 1 0 0 0
 0 0 0 0 1 0 0 0 0 0 0 0 0 0 0 1 0 0 0 1
 1 1 0 0 0 1 0 0 0 0 0 0 0 0 0 0 0 0 0 0
 0 0 1 0 0 0 0 0 0 0 0 0 0 0 0 0 1 0 1 0
 1 0 0 0 0 1 0 0 0 0 0 0 0 0 1 0 0 0 0 0
 0 0 0 0 1 0 0 0 0 0 0 0 0 1 0 0 0 0 1 0
 0 0 0 0 0 0 0 0 0 0 0 0 1 0 0 1 1 0 0 0
 1 0 0 0 0 0 0 0 0 0 0 0 1 1 0 0 0 0 0 0
 0 0 0 0 0 0 0 0 1 0 0 0 0 0 1 0 0 0 0 1
 0 0 1 0 0 1 0 0 0 1 0 0 0 0 0 0 0 0 0 0

Warwick 1124: balanced products, 3 products per order
20 20
 1 0 0 0 0 0 1 0 0 0 0 0 0 0 0 0 0 0 1 0
 0 0 0 0 0 0 0 0 1 0 0 1 0 0 0 0 0 0 1 0
 0 0 0 1 0 0 0 0 0 0 0 1 0 0 1 0 0 0 0 0
 0 0 0 0 0 0 0 0 0 0 1 0 1 0 0 0 0 0 0 1
 1 0 1 0 0 0 0 0 0 0 0 0 0 0 0 0 0 0 1 0
 0 0 0 0 0 0 0 0 0 0 0 0 1 1 0 0 0 0 1 0
 0 0 0 0 0 0 0 0 0 1 0 0 0 0 0 1 0 1 0 0
 0 0 0 0 0 0 0 0 0 0 0 1 0 0 0 1 0 0 0 1
 0 0 0 1 0 0 0 0 0 1 1 0 0 0 0 0 0 0 0 0
 0 0 0 0 1 0 0 0 0 1 0 0 0 0 0 0 1 0 0 0
 0 0 0 1 0 0 0 0 1 0 0 0 1 0 0 0 0 0 0 0
 0 0 0 0 0 0 0 0 0 0 1 0 0 0 0 1 0 0 1 0
 0 0 0 0 1 0 0 0 0 1 0 0 0 0 0 0 0 1 0 0
 0 0 0 0 0 0 0 0 0 1 0 1 0 0 0 0 0 0 1 0
 0 0 0 0 0 0 0 0 0 0 0 0 0 0 1 1 0 1 0 0
 1 0 0 0 0 0 0 0 0 0 0 0 0 0 0 0 1 0 1 0
 0 1 0 0 0 1 0 0 0 0 0 0 0 0 0 0 0 0 0 1
 0 0 0 0 1 0 0 0 0 0 0 0 0 0 0 1 0 0 0 1
 0 0 0 1 0 0 0 1 0 0 1 0 0 0 0 0 0 0 0 0
 0 0 0 1 0 0 1 0 0 0 0 0 0 0 0 0 1 0 0 0

Warwick 1125: balanced products, 3 products per order
20 20
 0 0 0 0 1 0 0 0 0 0 0 0 0 0 0 0 1 1 0 0
 0 0 1 0 1 0 0 0 0 0 0 1 0 0 0 0 0 0 0 0
 0 0 0 0 0 1 0 0 1 1 0 0 0 0 0 0 0 0 0 0
 0 0 0 0 0 0 0 0 0 0 0 1 0 0 0 1 0 1 0 0
 0 0 0 0 0 1 1 0 0 0 1 0 0 0 0 0 0 0 0 0
 0 0 0 0 0 0 0 0 0 0 0 0 1 0 0 1 1 0 0 0
 0 0 0 0 0 0 0 0 1 1 1 0 0 0 0 0 0 0 0 0
 0 0 0 0 0 0 0 0 0 1 0 0 1 1 0 0 0 0 0 0
 0 0 0 0 0 1 0 0 0 0 1 0 0 0 0 0 1 0 0 0
 0 0 0 0 0 0 0 0 1 0 0 1 1 0 0 0 0 0 0 0
 0 0 0 0 0 0 1 1 0 0 0 0 0 0 0 0 0 0 0 1
 0 0 0 0 0 0 0 0 0 0 0 1 0 0 0 0 0 1 0 1
 0 0 0 1 0 0 0 0 0 0 1 0 1 0 0 0 0 0 0 0
 0 0 0 0 0 0 0 1 0 0 0 0 0 0 0 1 0 0 1 0
 0 1 0 0 0 0 0 1 0 0 0 0 0 0 0 0 1 0 0 0
 0 1 0 0 0 0 0 1 0 0 1 0 0 0 0 0 0 0 0 0
 1 0 0 0 0 0 0 1 0 1 0 0 0 0 0 0 0 0 0 0
 0 0 0 0 0 0 0 0 0 1 0 0 0 1 0 0 0 1 0 0
 0 0 0 0 1 1 0 0 0 1 0 0 0 0 0 0 0 0 0 0
 0 0 0 0 1 0 0 0 0 0 0 0 0 0 1 0 0 0 0 1

Warwick 1126: balanced products, 3 products per order
20 20
 0 0 0 0 0 0 0 1 1 0 0 0 0 0 0 0 0 1 0 0
 0 0 0 0 0 0 0 0 1 0 1 0 0 0 0 1 0 0 0 0
 1 0 0 1 0 0 0 0 0 0 0 0 0 0 0 0 0 0 1 0
 0 0 0 0 1 0 0 0 0 0 0 0 0 1 0 0 0 0 1 0
 1 1 0 0 0 0 0 0 0 0 0 0 0 0 1 0 0 0 0 0
 0 0 0 0 0 1 1 0 0 1 0 0 0 0 0 0 0 0 0 0
 0 0 1 0 1 1 0 0 0 0 0 0 0 0 0 0 0 0 0 0
 0 0 0 0 0 0 0 0 0 0 0 1 0 0 1 0 0 0 0 1
 0 0 0 0 0 0 0 0 1 0 0 0 0 0 0 0 1 1 0 0
 0 0 0 0 0 1 0 0 0 1 0 0 0 0 0 0 1 0 0 0
 0 0 0 0 0 0 0 1 0 1 0 0 1 0 0 0 0 0 0 0
 0 0 0 0 0 0 0 0 1 0 0 0 0 0 0 1 0 0 1 0
 0 0 0 0 0 0 0 1 0 0 1 0 0 0 1 0 0 0 0 0
 1 0 0 0 0 0 0 0 1 0 1 0 0 0 0 0 0 0 0 0
 0 0 0 1 0 0 0 0 1 0 0 1 0 0 0 0 0 0 0 0
 0 0 0 1 1 0 0 1 0 0 0 0 0 0 0 0 0 0 0 0
 0 0 0 0 0 0 0 0 0 0 1 0 0 0 0 0 1 1 0 0
 0 0 0 0 0 0 0 0 1 0 0 0 1 0 0 0 0 0 1 0
 0 0 0 0 0 1 0 1 0 0 0 0 0 0 1 0 0 0 0 0
 0 0 0 0 1 0 1 0 0 0 0 0 0 0 1 0 0 0 0 0

Warwick 1127: balanced products, 3 products per order
20 20
 0 0 0 0 0 0 0 0 1 1 0 1 0 0 0 0 0 0 0 0
 0 0 0 0 1 0 0 0 0 0 0 0 1 0 0 0 1 0 0 0
 0 0 1 0 0 0 0 0 0 0 1 0 0 1 0 0 0 0 0 0
 0 0 0 0 1 0 1 0 0 0 0 0 0 0 0 0 0 0 1 0
 0 1 0 0 0 0 0 0 1 0 0 0 1 0 0 0 0 0 0 0
 0 0 1 0 0 0 0 0 1 0 0 1 0 0 0 0 0 0 0 0
 0 0 0 1 0 0 0 0 0 0 0 0 0 0 0 1 1 0 0 0
 1 0 0 0 0 0 0 0 1 0 0 0 0 0 1 0 0 0 0 0
 0 1 0 0 0 0 0 0 1 1 0 0 0 0 0 0 0 0 0 0
 0 0 0 0 0 0 0 0 0 0 0 0 0 0 0 1 1 1 0 0
 1 1 0 0 0 0 1 0 0 0 0 0 0 0 0 0 0 0 0 0
 0 0 0 0 0 0 0 0 1 1 0 0 1 0 0 0 0 0 0 0
 0 0 0 0 0 0 1 1 0 1 0 0 0 0 0 0 0 0 0 0
 0 0 1 0 0 0 0 0 0 0 0 0 0 0 1 0 0 0 1 0
 0 0 0 1 0 0 0 0 0 0 0 0 0 0 0 0 0 1 0 1
 0 0 0 0 0 0 0 0 1 0 1 0 0 0 0 0 1 0 0 0
 0 1 1 0 0 0 0 0 0 0 0 0 0 0 0 0 1 0 0 0
 0 1 0 0 0 0 0 0 0 0 0 0 1 0 0 0 1 0 0 0
 0 0 0 1 1 0 0 0 0 0 0 0 0 0 1 0 0 0 0 0
 0 0 0 0 0 1 0 0 0 0 0 0 0 1 1 0 0 0 0 0

Warwick 1128: balanced products, 3 products per order
20 20
 0 0 0 0 1 0 0 0 0 0 0 0 0 0 1 1 0 0 0 0
 0 0 0 0 0 1 0 0 0 0 0 0 0 0 0 0 1 0 0 1
 0 0 0 0 0 0 0 1 0 0 0 0 0 0 0 1 1 0 0 0
 1 1 1 0 0 0 0 0 0 0 0 0 0 0 0 0 0 0 0 0
 0 0 1 0 0 0 0 0 0 0 1 0 0 0 0 0 1 0 0 0
 0 0 0 0 0 0 0 1 0 1 0 0 0 0 1 0 0 0 0 0
 0 0 0 1 0 0 0 0 1 0 0 0 1 0 0 0 0 0 0 0
 1 0 0 0 0 0 0 0 0 0 0 0 0 1 0 0 0 0 1 0
 0 0 0 0 0 0 0 0 0 0 1 0 0 1 0 0 0 0 1 0
 0 0 0 0 0 0 0 0 0 0 0 0 1 0 0 0 1 0 0 1
 1 0 0 0 0 0 0 0 1 0 0 0 0 0 0 1 0 0 0 0
 0 0 0 0 0 0 0 0 0 0 0 0 0 0 0 0 1 0 1 1
 0 0 1 0 0 0 0 0 0 0 0 1 0 0 0 0 0 0 1 0
 0 0 0 0 0 0 0 0 1 1 0 0 0 0 0 0 0 0 1 0
 0 0 0 1 0 0 0 0 0 0 0 0 1 0 0 0 0 1 0 0
 0 0 0 0 0 0 1 0 0 1 0 0 0 1 0 0 0 0 0 0
 0 0 1 1 0 0 0 1 0 0 0 0 0 0 0 0 0 0 0 0
 0 0 1 0 0 0 0 0 0 0 0 0 0 0 0 1 1 0 0 0
 0 1 1 0 0 0 0 0 0 0 0 0 0 0 0 0 0 0 0 1
 0 0 0 0 0 0 0 0 0 0 0 1 0 0 0 0 0 0 1 1

Warwick 1129: balanced products, 3 products per order
20 20
 0 1 0 0 0 0 0 0 0 0 0 1 0 0 0 0 0 1 0 0
 0 0 0 0 0 0 0 1 0 1 0 0 0 0 0 0 1 0 0 0
 0 0 0 1 1 0 0 0 0 1 0 0 0 0 0 0 0 0 0 0
 0 0 0 0 0 0 0 0 0 0 0 0 1 0 1 0 1 0 0 0
 0 0 1 0 0 0 0 0 0 0 1 0 0 0 0 0 0 0 1 0
 1 0 1 0 0 0 0 0 0 0 0 0 0 0 0 0 0 1 0 0
 0 0 0 0 0 0 1 0 0 0 0 0 1 0 0 0 1 0 0 0
 0 0 0 0 0 1 0 0 0 0 0 0 0 0 1 0 0 0 1 0
 0 0 1 0 0 0 1 0 1 0 0 0 0 0 0 0 0 0 0 0
 0 1 0 0 0 0 0 1 0 0 0 0 1 0 0 0 0 0 0 0
 0 0 0 0 0 0 0 0 0 0 0 0 0 1 0 1 0 0 1 0
 0 0 1 0 0 0 0 0 1 0 1 0 0 0 0 0 0 0 0 0
 0 0 0 0 0 1 0 0 0 0 0 0 0 1 0 0 0 0 1 0
 1 0 0 0 0 0 0 0 0 0 1 1 0 0 0 0 0 0 0 0
 0 0 0 0 0 0 0 0 0 0 1 0 0 0 0 1 0 0 0 1
 0 0 0 0 0 0 1 0 0 0 1 1 0 0 0 0 0 0 0 0
 0 0 0 0 0 0 0 0 1 0 0 0 1 0 1 0 0 0 0 0
 0 0 0 0 0 0 0 0 0 0 0 0 0 0 0 0 1 1 0 1
 0 0 0 0 0 0 1 1 0 0 0 0 0 0 0 0 1 0 0 0
 1 0 1 0 0 0 0 0 0 0 0 1 0 0 0 0 0 0 0 0

Warwick 1130: balanced products, 3 products per order
20 20
 0 0 1 0 0 0 0 0 0 0 0 0 0 1 1 0 0 0 0 0
 0 0 0 0 0 0 1 1 0 0 0 0 0 0 0 0 0 0 1 0
 0 1 0 0 1 0 0 0 0 0 0 1 0 0 0 0 0 0 0 0
 0 0 0 0 0 1 1 0 0 0 0 1 0 0 0 0 0 0 0 0
 1 0 0 0 0 0 1 0 1 0 0 0 0 0 0 0 0 0 0 0
 0 0 0 0 0 1 1 0 0 0 0 0 0 1 0 0 0 0 0 0
 1 0 0 0 0 1 0 0 0 0 0 0 0 0 0 1 0 0 0 0
 0 0 1 1 0 0 0 0 0 0 0 0 0 0 0 0 0 0 0 1
 1 0 0 0 0 0 0 0 1 0 0 0 0 0 1 0 0 0 0 0
 1 0 0 0 0 0 0 0 0 0 1 0 0 0 0 0 0 0 1 0
 0 0 0 0 0 0 0 0 1 0 0 1 0 0 0 0 0 0 0 1
 0 0 1 0 0 0 0 0 0 0 0 0 1 0 0 0 1 0 0 0
 0 0 0 0 0 0 0 0 0 0 0 0 0 0 1 0 1 0 0 1
 0 0 1 1 0 0 0 0 0 0 0 0 1 0 0 0 0 0 0 0
 0 0 1 1 1 0 0 0 0 0 0 0 0 0 0 0 0 0 0 0
 0 0 0 0 0 0 0 1 0 1 0 0 0 0 1 0 0 0 0 0
 0 0 0 0 0 0 1 0 0 0 0 0 0 0 0 1 0 0 1 0
 1 0 0 0 0 0 0 0 1 0 0 0 0 0 0 0 1 0 0 0
 0 0 0 0 0 0 0 0 1 1 0 0 0 0 0 0 0 1 0 0
 0 1 0 0 0 0 0 1 0 0 1 0 0 0 0 0 0 0 0 0

Warwick 1131: balanced products, 4 products per order
20 20
 0 0 0 1 0 0 0 0 0 1 0 0 0 0 1 0 0 0 1 0
 0 1 0 1 0 0 0 0 1 0 0 0 0 0 0 0 1 0 0 0
 0 0 0 0 1 0 1 0 0 0 0 1 0 0 0 1 0 0 0 0
 0 0 0 0 0 0 1 0 0 0 0 1 1 1 0 0 0 0 0 0
 0 0 0 0 0 0 0 0 1 0 0 0 0 0 0 1 1 0 1 0
 0 0 0 0 1 0 0 0 1 0 1 0 0 1 0 0 0 0 0 0
 0 0 1 0 0 0 0 0 1 0 1 0 0 0 1 0 0 0 0 0
 0 1 0 0 1 0 1 0 0 0 0 0 1 0 0 0 0 0 0 0
 0 1 0 1 0 0 0 0 0 1 0 0 0 0 0 0 0 0 0 1
 0 0 0 0 0 0 0 0 1 0 0 0 0 0 0 0 1 1 0 1
 0 0 1 0 0 0 0 0 0 1 0 0 0 0 1 0 0 1 0 0
 0 0 0 1 1 0 0 1 0 1 0 0 0 0 0 0 0 0 0 0
 0 0 0 1 0 0 1 0 0 0 0 0 0 0 0 0 0 1 1 0
 1 0 0 1 1 0 0 0 0 0 0 0 0 0 0 1 0 0 0 0
 1 0 0 0 0 1 0 0 1 0 0 0 0 0 0 0 0 1 0 0
 0 0 0 0 0 0 0 0 1 1 0 0 0 0 0 1 1 0 0 0
 1 0 0 0 0 1 0 0 0 0 0 0 0 1 0 0 0 0 1 0
 1 0 1 0 0 0 0 0 0 0 0 0 0 0 1 0 0 0 1 0
 0 0 0 0 0 0 0 0 0 0 0 0 1 0 1 0 0 1 1 0
 0 1 0 0 0 0 0 1 0 0 1 0 0 0 1 0 0 0 0 0

Warwick 1132: balanced products, 4 products per order
20 20
 0 0 0 0 0 0 0 1 0 0 1 0 0 0 1 1 0 0 0 0
 1 0 0 0 0 0 1 0 0 1 0 0 0 0 0 0 0 1 0 0
 0 1 0 1 0 0 0 1 0 0 0 0 1 0 0 0 0 0 0 0
 0 0 0 0 0 0 0 1 0 1 0 0 0 0 0 1 0 0 1 0
 0 0 0 0 0 0 1 1 1 0 0 1 0 0 0 0 0 0 0 0
 0 1 0 0 0 0 0 1 0 0 0 0 1 1 0 0 0 0 0 0
 0 0 0 0 1 0 0 0 1 0 0 1 1 0 0 0 0 0 0 0
 0 0 0 0 0 0 0 1 0 0 0 1 0 0 0 0 1 1 0 0
 1 0 0 1 0 0 0 0 0 0 0 0 0 0 0 1 0 0 0 1
 0 0 0 1 0 1 0 0 0 0 0 0 0 1 0 0 0 0 0 1
 1 0 1 0 0 0 0 0 1 0 0 0 0 0 0 0 1 0 0 0
 0 0 0 0 0 0 0 0 0 0 0 1 0 0 0 1 1 1 0 0
 1 0 0 0 1 0 1 0 0 0 0 0 0 0 0 0 0 0 1 0
 0 0 0 1 0 1 0 1 0 1 0 0 0 0 0 0 0 0 0 0
 0 0 0 1 0 0 0 0 0 0 0 1 0 0 0 1 0 0 1 0
 1 0 0 0 0 1 0 0 0 0 0 0 0 0 0 0 1 0 1 0
 0 0 0 0 0 1 0 0 1 0 0 0 0 1 0 0 1 0 0 0
 0 1 1 1 0 0 0 0 0 0 0 1 0 0 0 0 0 0 0 0
 0 0 0 1 0 0 0 0 1 0 0 0 0 0 0 1 1 0 0 0
 1 0 0 0 0 0 0 0 0 1 0 1 0 0 0 1 0 0 0 0

Warwick 1133: balanced products, 4 products per order
20 20
 1 0 1 0 0 0 0 0 1 0 0 0 0 0 1 0 0 0 0 0
 1 0 1 0 0 0 0 0 0 0 0 0 1 0 0 1 0 0 0 0
 0 0 1 0 0 1 0 0 0 0 0 0 0 0 0 1 1 0 0 0
 1 0 0 1 1 0 0 0 0 0 0 0 0 0 0 0 0 0 1 0
 0 0 0 0 1 0 0 1 1 0 0 0 0 0 0 0 0 1 0 0
 0 0 1 0 1 0 1 0 0 1 0 0 0 0 0 0 0 0 0 0
 1 0 0 0 1 0 0 0 1 0 0 0 0 0 0 0 0 1 0 0
 1 0 0 0 0 0 0 0 0 0 0 0 0 1 0 0 1 0 0 1
 0 0 0 1 1 0 0 0 0 0 0 0 0 0 0 1 0 0 1 0
 0 0 0 0 0 0 0 1 0 0 1 1 1 0 0 0 0 0 0 0
 1 0 0 0 0 1 0 0 0 0 0 0 0 0 0 1 0 1 0 0
 0 0 0 0 0 0 1 1 1 0 0 0 0 0 0 0 1 0 0 0
 1 0 0 0 1 0 0 0 0 1 0 0 0 0 1 0 0 0 0 0
 1 0 1 1 0 0 0 0 0 0 0 1 0 0 0 0 0 0 0 0
 0 0 0 0 0 0 0 1 0 0 1 0 0 1 0 0 0 1 0 0
 0 0 0 0 0 1 1 0 0 0 0 1 0 0 1 0 0 0 0 0
 0 0 0 0 0 0 0 0 1 1 0 0 0 1 1 0 0 0 0 0
 0 1 0 0 0 0 0 1 0 0 0 0 0 0 0 0 1 1 0 0
 1 1 0 0 0 0 0 0 0 0 0 0 0 1 0 1 0 0 0 0
 0 0 0 1 0 0 0 0 0 0 0 1 1 0 0 0 0 0 0 1

Warwick 1134: balanced products, 4 products per order
20 20
 0 0 0 1 0 0 0 0 0 0 1 0 0 0 0 0 0 0 1 1
 0 0 0 0 0 0 0 0 0 0 0 0 1 1 0 0 1 1 0 0
 0 0 1 0 0 0 0 0 0 1 0 1 1 0 0 0 0 0 0 0
 0 0 0 0 1 0 0 1 0 0 0 1 0 0 0 1 0 0 0 0
 0 0 1 0 0 0 1 0 0 0 1 0 0 0 0 0 0 1 0 0
 0 0 0 0 0 1 0 0 0 1 0 1 0 1 0 0 0 0 0 0
 0 0 0 0 0 1 0 0 0 1 1 0 0 0 0 0 1 0 0 0
 1 0 0 1 0 0 0 1 0 0 0 1 0 0 0 0 0 0 0 0
 0 0 0 1 0 0 0 0 0 0 0 0 0 1 0 0 0 0 1 1
 0 0 0 0 1 0 0 0 0 0 0 0 0 1 0 1 1 0 0 0
 0 0 0 0 0 0 1 1 0 0 0 0 0 0 1 0 1 0 0 0
 0 1 0 0 0 0 0 0 0 0 0 0 0 0 0 1 0 0 1 1
 0 0 0 1 0 0 0 0 1 0 0 0 0 0 0 0 0 1 1 0
 0 1 1 0 1 0 0 0 0 0 0 0 0 1 0 0 0 0 0 0
 0 0 1 0 0 0 0 0 1 0 0 0 0 0 1 0 0 0 0 1
 0 1 0 1 1 0 0 0 0 0 0 0 1 0 0 0 0 0 0 0
 0 0 0 0 0 0 0 1 0 0 1 0 0 0 0 1 0 0 1 0
 1 0 0 0 0 0 1 0 0 0 1 0 1 0 0 0 0 0 0 0
 1 1 0 0 1 0 0 0 0 0 0 0 0 0 0 1 0 0 0 0
 0 0 0 0 1 0 0 0 0 0 0 0 0 1 1 0 1 0 0 0

Warwick 1135: balanced products, 4 products per order
20 20
 0 0 0 1 0 1 0 0 0 0 0 0 0 0 0 0 1 0 1 0
 0 0 0 0 0 0 1 0 0 0 0 0 1 1 0 0 1 0 0 0
 0 1 0 0 0 0 0 0 0 0 0 0 1 0 0 0 1 0 0 1
 0 0 0 0 0 1 0 0 0 1 1 0 1 0 0 0 0 0 0 0
 0 1 0 0 0 0 0 0 0 1 0 0 0 0 0 0 0 0 1 1
 0 0 0 0 0 1 0 0 0 0 0 1 0 0 0 0 1 0 1 0
 0 0 0 0 1 0 0 0 0 0 1 1 0 0 0 0 0 1 0 0
 0 1 0 0 0 0 0 1 0 0 0 1 0 0 1 0 0 0 0 0
 0 0 0 1 0 0 0 0 0 0 1 0 0 1 1 0 0 0 0 0
 0 0 1 0 0 0 0 0 1 0 0 0 0 0 0 0 1 0 0 1
 0 0 0 0 0 1 0 0 0 0 0 1 0 0 0 1 1 0 0 0
 0 0 0 0 0 0 0 0 0 1 0 0 0 0 1 0 0 1 0 1
 0 0 0 0 0 0 0 0 1 1 1 0 0 0 0 0 0 0 0 1
 0 0 0 0 0 0 1 1 1 0 0 0 1 0 0 0 0 0 0 0
 1 0 1 0 0 0 0 0 0 0 0 1 1 0 0 0 0 0 0 0
 0 0 1 0 0 0 0 0 0 1 0 0 0 0 0 1 0 0 0 1
 0 0 1 0 0 0 0 1 1 0 0 0 0 0 0 0 0 0 0 1
 0 0 1 0 0 0 1 0 0 0 0 0 1 0 0 0 0 0 0 1
 0 1 1 1 0 0 0 1 0 0 0 0 0 0 0 0 0 0 0 0
 1 0 0 0 1 0 1 0 0 0 0 0 0 0 1 0 0 0 0 0

Warwick 1136: balanced products, 4 products per order
20 20
 0 0 0 0 1 0 0 0 0 0 0 0 0 0 1 0 1 1 0 0
 0 0 1 0 0 0 0 0 0 1 0 0 0 0 0 0 1 1 0 0
 0 0 0 1 0 0 1 1 0 0 0 0 0 0 0 0 1 0 0 0
 0 0 1 0 0 0 0 0 0 0 0 1 0 0 1 0 1 0 0 0
 1 0 0 0 0 0 0 0 0 0 0 0 0 0 0 1 1 0 0 1
 0 0 0 0 0 0 1 0 0 0 0 0 0 0 1 1 0 1 0 0
 0 0 0 0 0 1 0 1 0 1 0 0 0 0 0 1 0 0 0 0
 0 1 0 0 1 0 0 0 0 0 0 0 1 0 0 0 0 1 0 0
 0 0 1 0 0 0 0 0 0 0 0 0 1 0 1 0 0 1 0 0
 0 0 0 0 1 0 0 0 0 0 0 1 0 0 1 0 0 0 1 0
 0 0 1 0 0 1 0 0 1 0 0 0 0 0 0 0 0 0 0 1
 0 0 1 0 0 0 0 0 0 0 1 1 0 1 0 0 0 0 0 0
 1 0 0 0 0 0 0 0 0 0 0 0 1 0 0 0 0 0 1 1
 0 1 1 0 0 0 0 0 0 0 0 0 1 0 0 0 0 1 0 0
 0 0 0 0 0 0 0 1 0 0 1 1 0 0 0 0 0 0 1 0
 0 0 0 0 0 0 1 1 0 0 0 1 0 0 0 0 1 0 0 0
 0 0 0 0 0 0 0 0 0 1 0 1 0 1 0 0 0 0 1 0
 0 0 0 0 0 0 1 0 0 0 1 0 1 0 0 1 0 0 0 0
 0 0 0 0 0 1 0 0 0 0 1 0 0 1 0 0 1 0 0 0
 0 0 0 0 0 1 0 0 0 1 0 0 0 0 0 0 1 1 0 0

Warwick 1137: balanced products, 4 products per order
20 20
 0 0 1 1 0 0 1 0 0 0 0 1 0 0 0 0 0 0 0 0
 1 0 1 0 0 0 0 0 0 0 0 0 0 0 0 0 1 0 0 1
 0 1 1 0 0 0 1 0 0 0 1 0 0 0 0 0 0 0 0 0
 0 1 0 0 0 0 0 1 0 0 1 0 0 0 0 0 1 0 0 0
 0 1 0 0 0 1 1 0 0 0 0 0 0 0 1 0 0 0 0 0
 0 0 0 1 0 0 0 0 1 0 0 0 1 1 0 0 0 0 0 0
 0 0 0 1 0 0 0 0 1 1 0 0 0 0 0 0 0 1 0 0
 0 1 1 0 0 0 0 0 0 0 1 0 0 0 0 0 1 0 0 0
 0 0 1 0 1 0 1 0 0 0 0 0 0 0 0 0 0 1 0 0
 1 1 0 0 0 0 0 0 1 0 0 0 0 0 0 0 0 0 0 1
 0 1 0 0 0 0 0 0 0 0 1 0 0 0 0 0 1 1 0 0
 0 0 0 0 0 1 1 0 0 0 0 0 0 0 1 0 1 0 0 0
 0 0 1 1 0 0 0 0 0 0 0 1 0 0 0 0 0 1 0 0
 0 0 0 0 1 0 0 0 1 0 0 0 0 0 0 1 0 0 0 1
 0 0 0 0 0 1 0 1 0 1 0 0 0 0 0 0 0 0 1 0
 0 0 0 0 0 1 0 0 0 0 0 1 0 0 0 1 0 0 1 0
 0 0 0 0 0 0 0 1 0 1 0 0 0 1 0 0 1 0 0 0
 0 1 0 0 0 0 0 0 0 0 1 0 1 0 0 0 0 0 0 1
 0 0 0 1 0 0 1 0 0 0 0 1 0 0 0 0 0 1 0 0
 0 0 0 0 0 1 1 0 0 0 0 0 1 0 1 0 0 0 0 0

Warwick 1138: balanced products, 4 products per order
20 20
 0 0 0 1 0 0 0 0 0 1 0 1 0 0 0 0 0 0 0 1
 0 0 1 0 0 1 0 0 0 0 0 0 0 0 1 0 0 0 0 1
 0 0 0 0 1 0 0 0 0 1 0 0 0 0 0 0 0 1 0 1
 0 0 1 0 0 1 0 0 0 0 1 0 0 0 1 0 0 0 0 0
 0 0 0 0 0 0 0 1 0 0 1 0 0 1 0 0 1 0 0 0
 0 0 0 1 0 0 0 1 0 0 0 0 0 1 1 0 0 0 0 0
 0 0 0 0 0 0 1 1 0 0 1 0 0 0 0 0 1 0 0 0
 1 0 0 1 0 0 0 0 0 0 0 1 0 0 0 0 1 0 0 0
 0 0 0 1 1 0 0 1 0 0 1 0 0 0 0 0 0 0 0 0
 0 0 0 0 1 0 1 0 1 0 0 0 0 0 0 0 1 0 0 0
 0 0 1 0 0 0 0 0 0 1 0 0 0 0 0 0 1 0 0 1
 0 0 0 0 0 0 1 0 1 0 0 0 0 0 0 0 0 0 1 1
 0 0 0 0 1 0 0 0 0 1 0 0 0 1 0 1 0 0 0 0
 0 1 0 1 0 0 0 0 0 0 0 0 0 0 0 0 0 1 0 1
 1 0 0 0 1 0 0 0 0 1 0 0 0 0 0 0 0 0 1 0
 0 0 0 0 0 0 0 0 0 1 0 0 1 0 0 1 1 0 0 0
 0 1 0 1 0 0 0 0 0 0 0 0 1 0 0 1 0 0 0 0
 0 0 0 0 0 1 0 0 0 1 1 0 0 0 0 0 1 0 0 0
 0 0 1 0 0 0 0 0 0 0 0 1 1 0 0 1 0 0 0 0
 0 0 0 1 0 0 0 0 0 0 0 0 1 0 1 0 0 1 0 0

Warwick 1139: balanced products, 4 products per order
20 20
 0 0 0 0 0 0 1 0 0 0 1 0 0 0 0 1 0 0 0 1
 0 1 0 0 0 0 1 1 0 1 0 0 0 0 0 0 0 0 0 0
 0 1 1 0 0 0 0 0 0 0 0 0 0 0 0 0 1 0 0 1
 0 1 0 0 0 0 0 0 1 0 1 0 0 0 1 0 0 0 0 0
 1 1 0 1 0 0 0 0 0 0 0 0 0 0 0 0 0 0 1 0
 0 1 0 0 0 0 0 0 0 1 0 0 0 0 0 1 1 0 0 0
 1 0 0 0 0 0 1 0 0 1 0 0 0 1 0 0 0 0 0 0
 0 0 1 0 1 0 0 0 0 0 0 0 0 0 0 0 1 0 0 1
 0 1 0 0 0 0 0 1 0 0 0 0 0 0 1 1 0 0 0 0
 1 0 0 0 0 0 1 0 0 0 0 0 1 0 0 0 1 0 0 0
 0 0 0 0 0 0 0 0 1 1 0 0 0 1 0 0 1 0 0 0
 0 0 1 0 0 0 1 0 1 0 0 1 0 0 0 0 0 0 0 0
 0 1 1 0 0 0 0 0 0 0 1 0 0 0 1 0 0 0 0 0
 1 0 0 0 0 0 0 0 1 1 0 0 0 0 0 0 0 1 0 0
 0 1 0 0 0 0 0 0 0 0 1 0 0 0 0 0 1 1 0 0
 1 0 1 0 0 0 0 1 0 0 0 0 0 0 0 0 0 0 0 1
 0 0 1 0 0 0 0 0 0 0 1 0 0 0 0 0 0 1 1 0
 0 0 1 0 0 0 0 0 0 0 0 1 0 0 1 0 0 0 1 0
 0 0 0 0 0 1 0 0 1 0 1 0 0 0 0 0 0 0 1 0
 1 0 0 0 0 1 1 0 0 0 0 0 0 0 0 0 0 1 0 0

Warwick 1140: balanced products, 4 products per order
20 20
 1 1 0 0 0 0 0 0 0 1 0 0 1 0 0 0 0 0 0 0
 1 1 1 0 0 0 0 0 0 0 0 0 0 0 0 0 1 0 0 0
 0 0 0 0 0 0 1 0 0 0 0 0 0 1 0 1 0 1 0 0
 0 0 0 0 1 1 0 1 0 0 1 0 0 0 0 0 0 0 0 0
 0 0 0 0 0 0 0 0 0 0 1 0 1 1 0 0 1 0 0 0
 0 0 0 0 0 0 0 0 0 1 0 0 0 0 1 1 1 0 0 0
 0 0 1 0 0 0 0 1 0 0 0 1 1 0 0 0 0 0 0 0
 0 0 1 0 1 0 1 1 0 0 0 0 0 0 0 0 0 0 0 0
 1 0 0 0 0 0 1 0 0 0 0 0 0 0 0 0 0 1 0 1
 0 0 1 0 0 0 0 1 0 0 0 0 0 1 0 0 1 0 0 0
 0 0 0 0 1 0 1 0 0 0 0 0 1 0 0 0 0 0 0 1
 1 0 0 1 0 1 0 0 0 0 0 1 0 0 0 0 0 0 0 0
 0 0 0 0 0 1 0 0 0 0 0 0 1 1 0 0 0 0 0 1
 0 0 0 1 0 0 0 0 0 0 1 0 1 0 0 0 0 0 1 0
 0 0 0 0 0 0 0 0 0 0 0 1 0 0 1 1 1 0 0 0
 0 0 0 0 0 0 0 0 1 0 0 0 0 0 0 1 0 0 1 1
 0 0 0 1 0 0 0 0 0 0 0 0 0 0 0 1 0 1 0 1
 1 0 0 0 1 0 0 0 0 1 0 0 0 1 0 0 0 0 0 0
 0 1 0 0 0 0 0 1 0 0 1 0 0 0 1 0 0 0 0 0
 0 1 0 1 0 0 0 0 0 0 0 0 0 0 0 1 0 0 0 1

Warwick 1141: balanced products, 5 products per order
20 20
 0 0 0 0 1 0 1 0 0 0 1 0 0 1 0 1 0 0 0 0
 1 0 0 1 0 0 0 0 1 0 0 0 0 0 0 0 1 1 0 0
 0 0 0 0 0 0 1 0 1 0 0 1 1 1 0 0 0 0 0 0
 1 1 0 0 0 0 0 0 0 0 0 0 0 0 0 0 1 0 1 1
 0 0 0 0 0 0 1 1 0 0 1 0 0 0 0 0 1 0 1 0
 0 1 1 0 0 0 0 0 1 0 0 0 1 0 0 0 0 0 0 1
 0 0 0 1 0 0 0 0 0 1 0 1 0 0 0 1 1 0 0 0
 0 0 0 0 1 1 0 0 0 1 0 1 0 0 0 1 0 0 0 0
 0 0 1 1 0 0 0 0 0 1 0 0 0 1 0 0 0 0 1 0
 0 0 0 1 0 0 0 1 0 0 1 0 0 1 0 0 0 0 0 1
 0 1 0 0 0 0 0 0 1 0 1 0 1 0 0 0 0 0 0 1
 0 0 1 0 0 1 0 0 1 0 0 1 0 0 0 1 0 0 0 0
 1 0 1 1 0 0 0 0 0 0 0 0 0 1 1 0 0 0 0 0
 0 1 0 0 1 0 0 0 0 0 1 0 1 0 0 0 1 0 0 0
 0 0 0 0 0 1 0 0 1 0 0 0 1 0 0 1 0 1 0 0
 0 1 0 1 0 1 0 1 1 0 0 0 0 0 0 0 0 0 0 0
 0 0 0 0 0 0 0 0 1 0 0 0 1 1 0 0 1 0 1 0
 0 0 1 0 0 0 1 1 0 0 0 1 0 0 0 0 1 0 0 0
 0 0 1 0 1 1 0 0 0 0 0 0 0 1 0 0 0 0 1 0
 0 0 0 0 1 1 0 0 1 0 0 0 1 0 0 1 0 0 0 0

Warwick 1142: balanced products, 5 products per order
20 20
 0 0 1 1 0 0 1 0 0 1 0 1 0 0 0 0 0 0 0 0
 0 0 0 1 1 1 0 0 1 0 0 0 0 0 0 0 0 0 1 0
 0 0 0 0 0 0 1 0 0 0 0 0 0 0 0 1 1 0 1 1
 0 0 0 0 0 0 0 1 0 0 1 0 0 1 0 1 0 0 1 0
 1 0 0 0 1 0 1 0 0 1 0 0 0 0 0 0 0 0 0 1
 1 0 0 0 0 0 0 0 0 0 0 0 0 1 0 1 1 0 1 0
 0 0 1 1 0 1 0 0 0 0 0 1 0 0 0 1 0 0 0 0
 0 0 1 0 0 0 0 0 1 0 1 0 0 0 0 1 0 0 1 0
 0 1 0 0 0 0 0 0 1 0 0 0 0 0 0 0 1 1 0 1
 0 0 0 0 0 0 1 0 0 0 0 0 0 0 1 0 1 1 0 1
 0 0 0 0 0 0 1 0 0 0 1 0 1 1 0 1 0 0 0 0
 1 0 1 0 0 0 1 0 0 0 0 0 0 0 0 1 0 0 1 0
 0 0 0 1 0 0 0 1 0 0 0 0 0 0 1 0 0 1 0 1
 0 0 0 1 0 0 0 0 1 0 0 0 0 1 0 0 0 1 0 1
 1 0 0 0 0 0 0 1 0 0 1 0 1 0 0 1 0 0 0 0
 0 1 0 0 0 0 0 1 0 0 0 1 0 0 0 0 1 0 0 1
 1 0 0 0 0 0 0 0 0 1 0 0 0 0 0 0 1 1 0 1
 0 0 0 1 1 1 0 1 0 0 1 0 0 0 0 0 0 0 0 0
 0 1 1 0 0 0 1 0 0 0 0 1 0 1 0 0 0 0 0 0
 1 0 1 0 0 1 0 0 0 0 0 0 1 0 0 0 0 0 0 1

Warwick 1143: balanced products, 5 products per order
20 20
 1 0 0 0 0 0 0 0 0 1 0 0 1 0 1 0 1 0 0 0
 0 1 0 0 0 0 1 0 1 0 0 0 1 0 1 0 0 0 0 0
 0 0 1 0 0 1 0 0 0 1 0 1 1 0 0 0 0 0 0 0
 1 0 0 0 0 1 0 1 0 0 0 0 0 0 0 1 0 0 0 1
 1 1 0 0 1 0 0 0 0 0 0 0 0 1 0 0 0 1 0 0
 0 0 0 0 0 0 0 0 0 1 1 0 1 0 1 0 0 1 0 0
 0 1 0 1 0 0 0 0 1 0 0 0 1 0 0 0 0 1 0 0
 0 0 1 0 0 0 0 1 0 0 0 1 0 0 0 1 0 1 0 0
 0 0 0 0 1 1 0 0 0 0 0 0 0 0 1 1 0 0 1 0
 0 1 1 0 0 0 0 1 0 0 0 0 0 0 1 0 0 0 0 1
 0 0 0 1 1 0 0 0 0 0 0 0 0 1 0 1 0 0 0 1
 0 0 1 1 1 0 0 0 1 0 0 1 0 0 0 0 0 0 0 0
 1 1 0 0 1 0 0 0 0 1 0 0 0 0 0 0 1 0 0 0
 0 1 0 0 0 0 1 0 0 0 0 0 0 0 1 0 0 0 1 1
 0 1 0 0 1 0 1 0 1 0 0 0 0 0 0 0 0 0 0 1
 0 0 0 0 1 0 0 0 1 0 1 1 0 0 0 0 0 0 1 0
 1 0 0 0 0 1 0 0 0 0 0 0 0 1 0 1 0 0 0 1
 0 0 0 0 0 1 0 0 0 0 0 1 0 1 0 0 1 0 0 1
 1 0 0 1 0 0 1 0 0 0 0 0 0 1 1 0 0 0 0 0
 0 1 0 0 1 1 0 1 1 0 0 0 0 0 0 0 0 0 0 0

Warwick 1144: balanced products, 5 products per order
20 20
 0 0 0 0 0 1 1 0 0 1 0 0 0 0 0 0 0 1 0 1
 0 0 1 0 0 0 1 0 1 0 0 0 0 0 1 1 0 0 0 0
 0 1 1 0 0 0 0 1 0 1 0 0 0 0 0 0 0 0 1 0
 1 0 1 0 0 0 0 0 0 0 0 0 0 1 0 0 0 1 1 0
 0 0 0 1 0 0 0 1 1 1 0 0 1 0 0 0 0 0 0 0
 1 0 1 1 0 0 0 0 0 0 0 0 0 1 0 1 0 0 0 0
 1 0 0 1 0 0 0 0 0 0 1 0 0 1 0 0 0 0 0 1
 0 1 0 0 0 0 0 1 0 1 0 0 1 0 0 0 1 0 0 0
 0 0 0 0 1 0 0 0 1 1 0 0 0 0 0 0 0 1 1 0
 0 0 1 0 0 1 1 0 0 0 0 0 0 1 0 1 0 0 0 0
 0 0 0 1 0 1 0 0 0 1 0 0 1 0 1 0 0 0 0 0
 0 0 1 1 0 1 1 1 0 0 0 0 0 0 0 0 0 0 0 0
 0 0 0 0 1 0 1 0 0 0 0 1 1 0 1 0 0 0 0 0
 0 0 0 0 0 0 0 0 1 0 0 0 1 0 0 0 1 1 0 1
 0 0 1 0 0 0 0 1 0 1 0 1 0 0 0 0 0 1 0 0
 1 0 0 0 0 0 0 1 0 1 0 0 0 0 1 1 0 0 0 0
 0 0 0 0 0 0 0 0 0 0 1 0 1 0 1 1 0 0 1 0
 0 0 1 1 0 1 1 0 0 0 0 0 0 0 0 0 0 0 1 0
 0 0 0 0 0 0 0 1 1 1 0 0 0 0 0 0 1 0 1 0
 0 0 0 1 0 1 0 1 0 0 0 0 1 1 0 0 0 0 0 0

Warwick 1145: balanced products, 5 products per order
20 20
 1 0 0 0 0 1 0 0 1 0 0 0 1 0 0 0 0 0 0 1
 0 0 0 0 0 0 0 0 1 0 0 0 1 0 0 1 1 1 0 0
 0 0 1 1 0 1 0 1 0 0 1 0 0 0 0 0 0 0 0 0
 0 0 0 0 1 0 1 0 1 0 0 0 0 0 1 1 0 0 0 0
 0 0 0 0 0 0 0 0 0 0 0 1 1 1 1 0 0 0 0 1
 0 0 1 1 0 1 1 0 0 0 1 0 0 0 0 0 0 0 0 0
 1 0 0 0 0 0 0 0 1 1 0 0 0 0 0 0 0 0 1 1
 0 1 0 0 0 1 1 0 0 1 0 0 0 0 0 0 0 1 0 0
 0 0 1 1 0 0 0 0 0 1 0 0 0 0 0 1 0 0 1 0
 1 0 0 0 0 0 1 0 0 1 1 0 0 1 0 0 0 0 0 0
 1 1 0 0 0 0 0 0 0 0 0 0 0 1 0 0 0 0 1 1
 1 0 1 0 0 0 0 0 0 1 0 0 0 0 1 0 0 0 0 1
 0 0 0 0 0 0 1 0 0 0 1 0 0 0 1 1 0 0 0 1
 0 0 0 1 0 0 0 1 0 1 0 1 0 0 0 0 0 0 0 1
 0 0 0 0 0 0 0 0 0 1 0 0 1 1 0 0 1 1 0 0
 0 0 1 0 1 0 0 0 0 1 1 0 0 0 1 0 0 0 0 0
 0 0 0 0 1 1 0 0 0 1 1 0 0 1 0 0 0 0 0 0
 1 0 0 0 0 0 0 0 1 0 1 0 0 1 0 1 0 0 0 0
 1 1 1 0 0 0 0 0 0 0 1 0 0 0 0 1 0 0 0 0
 0 0 0 0 1 0 0 0 0 0 1 0 0 0 1 1 0 1 0 0

Warwick 1146: balanced products, 5 products per order
20 20
 0 0 1 0 1 1 0 0 0 0 0 1 0 0 0 0 0 1 0 0
 0 1 0 1 0 0 0 0 0 1 0 1 0 0 0 0 0 0 0 1
 0 0 0 1 0 0 1 1 0 0 0 0 0 1 0 0 0 1 0 0
 1 0 1 1 0 1 0 0 0 0 0 0 0 1 0 0 0 0 0 0
 0 0 0 1 0 0 0 0 0 0 0 1 0 0 1 0 1 1 0 0
 1 0 1 0 0 0 0 0 1 0 0 0 1 0 0 0 0 1 0 0
 0 1 1 0 0 1 0 1 0 0 0 0 0 0 0 0 0 0 0 1
 0 0 0 0 0 0 0 0 0 1 1 0 1 0 0 1 0 0 1 0
 0 1 0 0 0 0 0 0 1 0 0 0 0 1 1 0 0 0 0 1
 0 0 0 0 1 0 0 0 1 1 0 0 0 0 0 0 1 0 0 1
 0 1 0 1 0 0 0 0 0 0 0 0 1 0 0 1 0 0 0 1
 1 1 0 0 0 0 0 0 1 0 0 0 0 0 0 1 1 0 0 0
 1 0 1 0 0 1 0 0 0 0 0 0 0 0 0 1 1 0 0 0
 0 0 0 0 0 0 1 0 0 1 1 0 1 0 1 0 0 0 0 0
 1 0 1 0 0 0 0 0 0 0 0 1 0 0 1 0 0 1 0 0
 0 1 0 0 0 0 0 0 1 0 0 1 0 1 0 0 0 0 1 0
 0 0 0 0 0 0 1 1 0 0 0 1 0 1 0 0 0 1 0 0
 0 0 0 0 0 0 0 1 0 1 0 1 0 0 1 0 0 1 0 0
 0 1 0 0 0 1 0 0 1 1 0 0 0 1 0 0 0 0 0 0
 0 1 0 1 0 0 0 0 0 0 1 1 0 0 0 1 0 0 0 0

Warwick 1147: balanced products, 5 products per order
20 20
 0 1 0 1 0 0 0 1 0 0 0 0 0 0 0 0 1 1 0 0
 0 0 1 0 0 1 0 0 0 0 1 1 0 0 1 0 0 0 0 0
 0 0 0 0 1 0 0 0 0 1 1 1 0 1 0 0 0 0 0 0
 0 1 0 0 1 0 1 0 0 1 0 0 0 0 1 0 0 0 0 0
 0 0 0 1 1 0 1 1 1 0 0 0 0 0 0 0 0 0 0 0
 1 0 0 0 1 0 0 0 0 1 0 0 1 0 0 1 0 0 0 0
 0 1 0 0 0 0 1 0 0 1 0 0 0 0 1 0 0 0 0 1
 1 1 0 1 0 0 0 1 0 0 0 0 0 0 0 0 0 1 0 0
 1 0 1 0 0 0 0 1 1 0 0 1 0 0 0 0 0 0 0 0
 1 0 0 1 0 0 0 0 0 1 0 1 0 1 0 0 0 0 0 0
 0 0 0 1 0 1 0 0 0 0 0 1 0 0 0 0 0 1 1 0
 0 1 0 0 1 0 0 0 1 0 1 1 0 0 0 0 0 0 0 0
 0 0 0 0 0 1 0 0 1 0 0 0 0 1 0 1 0 1 0 0
 0 0 0 1 1 0 0 1 0 0 0 0 0 0 1 0 0 0 0 1
 0 0 0 0 0 1 0 0 0 0 0 0 0 0 1 1 1 0 0 1
 0 1 0 0 0 0 0 0 0 1 0 0 0 0 0 1 0 0 1 1
 0 0 0 0 1 1 0 0 1 0 0 0 0 0 0 1 1 0 0 0
 0 0 0 0 0 1 0 1 0 1 0 1 0 0 0 1 0 0 0 0
 0 0 0 0 1 0 0 1 0 0 1 0 1 0 0 0 1 0 0 0
 0 0 1 0 0 0 0 0 0 0 1 0 0 0 1 0 1 0 1 0

Warwick 1148: balanced products, 5 products per order
20 20
 1 0 0 1 1 0 0 1 0 0 0 0 0 0 0 0 0 0 0 1
 0 0 0 0 1 0 0 0 0 0 0 0 0 1 0 0 1 1 1 0
 0 0 0 1 0 0 0 0 0 1 0 0 1 0 0 0 0 1 0 1
 0 0 1 0 1 0 0 0 0 0 1 0 0 0 1 0 0 0 1 0
 0 1 1 1 0 0 0 0 0 0 0 0 0 0 1 0 0 0 0 1
 0 1 0 0 0 0 1 1 1 0 0 0 0 0 1 0 0 0 0 0
 0 0 1 0 0 0 0 0 1 0 0 0 0 0 1 0 1 0 0 1
 0 0 1 0 0 1 0 0 0 0 1 0 1 0 0 0 0 0 1 0
 0 0 1 1 0 1 0 0 0 0 0 0 1 0 0 0 1 0 0 0
 1 0 0 0 0 1 0 1 0 0 0 0 0 0 0 1 1 0 0 0
 0 0 1 1 0 0 1 0 0 1 0 0 0 0 0 0 0 0 0 1
 0 0 0 1 0 0 1 0 0 0 0 1 1 0 0 0 0 0 0 1
 0 0 0 0 0 0 0 1 1 1 0 0 0 0 0 0 0 1 0 1
 1 0 0 0 1 0 0 0 0 0 1 0 0 0 0 0 1 0 0 1
 0 0 0 0 0 0 1 0 1 0 0 0 0 1 0 1 0 0 1 0
 0 1 0 0 0 0 0 1 0 0 0 0 1 0 1 0 1 0 0 0
 0 1 0 0 1 0 0 0 0 0 0 0 1 0 0 1 0 0 1 0
 0 0 1 0 0 0 0 0 0 1 0 0 0 1 0 0 1 1 0 0
 0 1 0 0 0 0 0 1 0 0 0 0 0 0 0 0 1 1 1 0
 0 1 1 0 0 0 0 0 0 0 1 0 0 0 0 1 1 0 0 0

Warwick 1149: balanced products, 5 products per order
20 20
 0 0 0 0 0 0 0 0 1 1 1 0 1 0 0 0 0 1 0 0
 0 0 0 1 1 1 0 0 0 0 1 0 0 0 0 0 0 0 1 0
 1 0 1 0 0 0 1 0 0 0 0 0 0 1 0 0 1 0 0 0
 0 0 0 0 1 0 0 0 1 0 0 1 0 0 0 1 1 0 0 0
 0 0 0 0 0 1 0 0 0 0 0 0 0 0 1 0 1 0 1 1
 0 0 1 0 0 0 0 0 1 0 0 0 0 1 1 0 1 0 0 0
 0 0 0 0 0 0 1 0 0 1 0 1 0 0 0 1 0 0 1 0
 0 1 0 0 0 0 0 0 1 1 0 0 1 0 0 0 0 0 0 1
 0 0 1 0 0 0 0 0 0 1 1 0 1 0 0 0 0 0 0 1
 0 0 0 0 0 1 1 0 0 0 0 0 0 0 0 1 1 1 0 0
 1 0 1 0 0 1 0 0 0 0 0 0 0 0 1 0 0 1 0 0
 0 0 0 0 0 0 1 0 0 0 1 1 0 0 0 1 0 1 0 0
 0 0 0 0 1 0 1 0 0 0 1 0 0 0 0 1 0 0 0 1
 0 0 0 0 0 0 0 0 0 1 0 0 1 1 0 1 0 0 1 0
 0 0 0 1 0 0 1 0 0 0 0 0 0 0 0 1 0 1 1 0
 0 0 0 0 0 1 0 1 0 0 0 1 0 0 1 0 0 0 1 0
 0 0 0 1 0 0 0 1 0 0 0 0 1 0 1 0 0 0 1 0
 0 0 0 0 0 0 1 1 0 1 0 1 0 0 0 0 0 0 0 1
 0 0 1 0 1 1 0 0 0 0 0 0 1 0 0 0 0 0 0 1
 1 0 0 1 0 1 0 1 0 0 0 0 0 0 0 0 1 0 0 0

Warwick 1150: balanced products, 5 products per order
20 20
 0 0 0 0 0 0 1 0 1 1 0 0 0 0 0 1 0 0 0 1
 1 0 0 0 0 1 1 0 0 0 0 0 0 1 0 0 0 0 0 1
 0 0 0 0 0 0 1 0 0 0 0 1 0 1 0 1 0 0 0 1
 0 1 0 0 0 0 0 0 0 0 0 0 1 0 1 0 0 1 1 0
 0 1 1 1 0 0 0 0 0 0 0 0 0 0 0 1 0 0 0 1
 1 0 0 0 0 0 0 1 0 1 0 0 0 0 1 0 0 0 0 1
 0 0 1 0 0 0 0 0 0 0 0 1 1 0 0 1 1 0 0 0
 0 1 0 0 1 0 0 0 1 0 1 0 0 0 0 0 1 0 0 0
 0 0 0 1 0 0 0 1 0 1 0 0 0 0 1 0 0 0 1 0
 1 1 1 0 0 1 0 0 0 0 0 0 0 0 0 1 0 0 0 0
 1 0 1 0 0 0 0 0 1 0 0 0 0 1 1 0 0 0 0 0
 0 0 1 1 0 0 0 0 0 0 1 0 1 0 1 0 0 0 0 0
 0 1 0 0 1 0 0 0 1 0 1 0 0 1 0 0 0 0 0 0
 0 0 0 1 0 0 0 1 0 1 0 1 0 0 0 0 0 1 0 0
 1 0 0 0 0 0 1 0 0 0 0 0 0 0 0 1 0 1 1 0
 0 0 0 0 0 0 0 0 0 1 1 0 1 0 0 1 0 0 0 1
 1 0 0 1 0 0 0 0 0 0 0 1 0 0 1 1 0 0 0 0
 0 1 1 0 0 0 1 0 0 0 0 0 0 1 0 1 0 0 0 0
 0 0 0 1 0 0 0 0 1 0 0 0 0 1 0 1 0 0 0 1
 0 0 0 1 0 1 0 1 0 0 0 0 1 0 0 0 0 1 0 0

Warwick 1151: balanced products, 6 products per order
20 20
 0 1 0 0 0 0 1 0 1 0 0 0 1 0 0 0 0 1 1 0
 1 0 1 0 0 0 1 0 0 0 0 0 1 1 1 0 0 0 0 0
 1 0 1 0 0 1 0 0 0 0 1 0 0 0 1 1 0 0 0 0
 1 1 0 1 1 1 0 0 0 0 0 0 0 0 0 0 0 1 0 0
 0 1 0 1 0 0 0 1 1 0 0 1 0 0 0 0 0 0 0 1
 0 1 0 0 0 0 1 0 0 1 0 1 0 0 0 1 1 0 0 0
 1 0 0 0 0 0 0 1 0 0 1 1 0 1 0 0 0 0 0 1
 1 1 0 0 0 0 0 0 0 0 0 0 0 0 0 1 1 1 1 0
 0 1 1 0 1 0 0 0 0 1 0 0 0 0 1 0 0 0 1 0
 1 0 0 0 1 0 0 0 0 0 1 0 0 0 0 1 1 0 0 1
 1 0 0 0 1 1 1 0 0 1 0 0 1 0 0 0 0 0 0 0
 0 0 0 0 1 1 0 0 1 0 0 1 0 0 0 0 0 0 1 1
 0 0 1 0 0 1 0 1 0 0 0 0 0 0 1 0 0 1 0 1
 0 0 1 0 1 0 0 0 1 1 0 0 1 0 0 1 0 0 0 0
 1 1 0 0 0 1 0 0 0 1 0 0 0 1 0 0 0 0 0 1
 0 1 1 1 0 0 1 0 0 0 0 0 1 0 0 0 1 0 0 0
 1 0 1 0 0 0 0 1 0 0 0 1 0 0 1 0 0 0 0 1
 0 0 0 0 0 0 0 0 0 1 1 1 0 0 1 1 1 0 0 0
 0 0 0 0 0 1 0 0 0 0 0 1 0 1 0 0 1 1 0 1
 0 0 1 0 0 0 0 0 0 0 1 1 1 1 0 1 0 0 0 0

Warwick 1152: balanced products, 6 products per order
20 20
 1 1 0 0 1 0 0 0 0 1 0 0 1 0 0 0 0 0 1 0
 1 0 0 0 0 1 0 1 0 1 0 0 1 0 0 0 0 0 0 1
 1 0 0 1 1 0 0 0 0 0 1 0 1 0 0 0 1 0 0 0
 0 0 0 1 0 1 0 0 1 0 0 1 0 0 1 0 0 0 1 0
 0 0 0 0 0 0 1 0 0 1 0 1 1 0 1 0 0 0 1 0
 1 0 0 0 0 0 0 0 0 0 1 1 1 1 0 0 1 0 0 0
 1 0 0 1 0 1 0 0 0 0 1 0 0 0 0 0 0 0 1 1
 1 0 1 0 0 0 0 0 0 1 1 0 0 0 1 0 1 0 0 0
 0 0 0 0 1 1 0 0 0 0 0 1 0 1 0 1 0 1 0 0
 0 1 0 1 0 0 0 0 0 1 0 0 0 1 0 1 0 0 1 0
 0 0 0 1 0 0 0 0 0 1 1 0 1 0 0 1 0 0 1 0
 0 0 1 0 0 1 0 1 0 1 0 0 1 0 0 0 0 0 1 0
 0 1 0 0 0 1 1 0 0 1 0 0 0 0 0 1 1 0 0 0
 0 1 0 0 0 1 1 0 0 0 0 0 0 0 0 1 1 0 1 0
 0 0 0 0 0 0 0 0 1 1 1 0 0 0 1 1 0 0 1 0
 1 0 0 0 0 0 0 0 0 0 1 1 0 0 1 1 0 1 0 0
 0 1 0 0 0 1 1 0 0 0 0 1 1 1 0 0 0 0 0 0
 0 0 0 0 0 0 0 0 0 1 1 1 0 0 1 1 1 0 0 0
 0 0 1 0 0 0 1 0 0 0 0 0 0 0 1 1 1 0 0 1
 0 0 1 1 0 0 1 0 0 1 0 0 0 0 1 0 0 0 1 0

Warwick 1153: balanced products, 6 products per order
20 20
 0 1 0 0 0 0 0 0 1 0 1 1 0 0 1 1 0 0 0 0
 0 0 0 0 0 0 0 0 0 1 1 1 1 0 0 0 0 1 0 1
 0 0 1 0 0 0 0 0 0 0 1 0 1 0 1 0 0 1 0 1
 1 0 0 0 1 0 0 1 0 0 0 0 1 0 0 1 0 1 0 0
 0 0 1 0 0 1 0 0 1 0 0 1 0 0 0 0 1 1 0 0
 0 0 0 0 1 1 0 0 1 0 1 0 0 0 0 0 0 1 1 0
 1 0 0 0 0 0 0 0 1 1 0 0 0 0 0 1 0 1 0 1
 0 1 1 1 0 0 1 0 1 0 0 0 0 0 1 0 0 0 0 0
 0 0 0 0 1 0 0 1 1 0 0 0 1 0 1 0 1 0 0 0
 1 1 0 0 0 0 0 0 0 0 1 1 0 0 0 1 0 0 1 0
 1 0 0 0 0 0 0 1 0 0 0 1 0 1 0 0 1 0 1 0
 1 0 0 0 0 0 1 1 0 1 0 1 0 0 0 0 0 0 0 1
 0 0 1 0 1 0 1 1 0 0 0 0 0 1 0 0 0 0 1 0
 0 0 0 0 0 0 0 0 0 1 1 1 1 0 0 1 0 0 0 1
 0 1 1 0 0 0 1 1 0 0 0 0 0 0 1 0 1 0 0 0
 0 0 0 0 0 0 0 1 1 1 0 0 1 0 0 0 0 1 0 1
 0 0 0 0 1 1 1 0 1 0 0 0 1 0 0 0 1 0 0 0
 1 1 1 0 0 1 0 0 1 0 0 0 0 0 0 1 0 0 0 0
 0 1 0 1 0 0 0 1 1 0 0 1 1 0 0 0 0 0 0 0
 0 1 0 0 0 0 0 0 1 1 0 1 0 0 1 0 0 1 0 0

Warwick 1154: balanced products, 6 products per order
20 20
 0 0 0 0 1 1 0 0 0 1 1 0 1 0 0 1 0 0 0 0
 0 0 0 0 0 1 0 0 1 0 1 0 1 0 0 0 1 1 0 0
 1 0 0 0 0 0 0 0 1 0 0 0 0 1 1 1 0 0 1 0
 1 0 0 0 1 0 1 0 1 0 0 0 0 1 0 1 0 0 0 0
 1 1 0 0 0 0 1 1 0 0 0 0 0 0 0 1 0 0 0 1
 0 0 0 0 0 0 0 1 1 0 1 1 0 0 1 0 1 0 0 0
 0 1 0 0 0 1 0 0 0 0 0 0 1 0 1 0 0 0 1 1
 0 1 1 1 0 0 0 0 0 1 0 0 1 0 0 0 1 0 0 0
 1 0 0 1 0 0 0 0 1 0 0 0 0 1 0 0 1 0 0 1
 0 0 0 0 1 0 0 1 1 1 0 0 0 1 0 0 0 0 0 1
 0 1 1 0 0 1 1 0 0 0 0 0 1 0 0 1 0 0 0 0
 1 0 1 0 0 0 0 0 0 0 1 0 0 1 1 0 0 1 0 0
 0 0 0 0 0 1 1 0 1 0 0 0 0 1 1 0 0 0 0 1
 1 1 0 0 0 0 1 0 1 0 0 0 1 0 0 0 0 0 1 0
 0 0 1 0 0 1 0 0 0 1 0 0 0 1 0 1 1 0 0 0
 1 0 1 0 0 0 0 0 0 0 1 1 0 1 0 0 0 0 1 0
 1 1 0 0 0 0 0 0 1 0 0 1 1 0 0 1 0 0 0 0
 0 0 0 1 1 1 1 0 0 0 1 0 0 0 0 1 0 0 0 0
 1 0 0 0 1 1 0 0 1 0 0 0 0 0 0 0 1 0 1 0
 0 1 1 0 0 0 0 0 0 1 1 0 0 0 1 0 0 0 1 0

Warwick 1155: balanced products, 6 products per order
20 20
 0 0 0 1 0 0 1 0 0 1 1 0 0 1 0 0 0 1 0 0
 0 0 0 0 1 0 1 1 1 0 0 0 0 1 0 0 1 0 0 0
 1 0 0 0 0 0 1 0 0 0 0 1 1 0 0 0 1 0 0 1
 0 0 0 0 0 0 0 0 0 1 0 1 0 1 0 0 1 1 1 0
 1 1 0 1 0 0 0 0 0 0 0 0 0 0 1 0 0 0 1 1
 1 0 1 1 0 1 0 0 0 0 0 0 0 0 0 1 0 0 0 1
 1 0 0 0 0 0 1 1 0 0 0 0 1 0 0 1 0 0 1 0
 0 0 1 1 0 0 1 1 0 1 0 0 0 0 0 0 0 0 0 1
 1 1 1 0 0 0 0 0 0 0 0 0 0 0 0 0 1 1 1 0
 1 0 0 0 0 0 1 1 0 0 1 0 1 0 0 0 1 0 0 0
 1 1 1 0 0 1 0 0 0 0 0 0 1 0 0 0 0 0 0 1
 0 1 1 0 1 0 0 0 0 0 1 0 0 0 0 1 0 1 0 0
 1 0 0 0 0 1 1 1 0 0 0 0 0 0 1 1 0 0 0 0
 1 0 0 0 0 0 0 1 0 0 0 1 1 1 0 0 1 0 0 0
 0 0 0 1 0 0 1 1 0 0 0 0 0 0 0 0 1 1 1 0
 0 0 0 1 0 1 0 0 0 0 0 1 0 1 1 0 0 0 1 0
 1 1 1 0 0 0 0 0 0 0 0 0 0 0 1 1 0 0 1 0
 0 1 0 0 1 0 0 0 1 0 0 0 0 0 0 0 1 1 1 0
 1 0 0 0 0 0 1 1 0 0 0 1 0 0 0 0 1 1 0 0
 0 0 0 1 0 1 1 1 0 0 0 0 1 0 0 0 0 0 0 1

Warwick 1156: balanced products, 6 products per order
20 20
 1 0 0 0 0 1 0 1 1 1 0 0 0 0 0 0 0 0 0 1
 0 0 1 0 0 0 1 1 1 0 1 0 0 0 0 0 1 0 0 0
 1 1 1 0 0 1 0 1 0 0 0 0 0 0 0 0 1 0 0 0
 0 0 1 1 1 0 0 0 0 1 0 0 1 0 0 0 1 0 0 0
 0 0 1 0 1 0 0 0 0 0 0 0 0 0 0 1 1 1 1 0
 1 0 0 1 0 1 0 0 1 0 0 0 1 0 0 0 0 1 0 0
 1 0 0 1 0 0 1 0 0 0 0 1 0 1 0 1 0 0 0 0
 1 1 1 0 0 0 1 0 1 0 0 0 0 0 0 1 0 0 0 0
 0 1 0 1 0 1 1 0 0 1 0 0 0 0 1 0 0 0 0 0
 1 0 1 0 0 0 0 1 1 0 0 1 0 1 0 0 0 0 0 0
 0 0 0 0 0 0 1 1 1 1 1 1 0 0 0 0 0 0 0 0
 0 1 0 0 0 0 0 0 0 0 0 1 0 0 0 0 1 1 1 1
 0 0 0 1 1 1 0 0 0 1 0 0 0 0 1 0 0 0 0 1
 0 0 1 0 0 1 1 1 0 1 0 0 0 0 0 0 0 1 0 0
 0 0 0 0 0 0 0 0 1 0 1 0 0 1 1 0 1 0 1 0
 0 1 1 1 0 1 0 0 1 0 0 0 0 0 0 0 1 0 0 0
 0 0 1 1 0 1 0 1 0 1 0 0 0 0 0 0 0 0 1 0
 1 0 0 0 0 0 0 0 1 0 1 0 1 0 0 1 0 0 1 0
 0 0 0 0 0 0 1 0 1 0 1 0 1 1 1 0 0 0 0 0
 1 0 1 0 1 0 0 0 1 0 1 0 0 0 0 0 0 0 1 0

Warwick 1157: balanced products, 6 products per order
20 20
 1 0 0 0 0 1 0 0 0 0 0 1 1 0 0 0 1 0 0 1
 1 0 0 0 0 0 1 0 1 0 1 0 0 1 0 1 0 0 0 0
 1 0 0 0 0 0 0 0 0 1 0 1 1 0 1 0 1 0 0 0
 0 0 0 0 1 0 0 0 1 0 1 1 0 0 0 1 0 1 0 0
 1 0 0 1 0 0 0 0 0 0 1 0 1 0 1 0 0 0 1 0
 1 0 0 0 1 0 1 0 0 1 0 0 0 1 0 0 0 0 1 0
 0 0 0 0 0 0 0 0 1 0 0 0 1 0 1 0 0 1 1 1
 0 0 0 1 0 0 0 0 0 0 1 1 1 0 0 0 1 1 0 0
 0 0 0 0 1 0 1 0 0 0 0 1 1 0 1 0 1 0 0 0
 0 0 0 0 1 0 1 1 0 0 1 0 0 0 1 0 0 0 0 1
 0 0 0 1 0 0 0 1 0 0 0 0 0 0 0 1 1 1 1 0
 0 0 1 1 0 0 1 1 0 0 1 0 0 0 0 0 1 0 0 0
 1 0 0 0 0 1 1 0 1 0 0 0 0 0 0 0 1 0 0 1
 0 0 0 0 0 0 0 0 1 0 1 0 1 0 0 1 1 0 0 1
 0 1 1 0 0 0 1 0 0 0 0 0 1 0 0 1 0 0 0 1
 0 0 0 1 1 1 0 1 0 0 0 0 0 0 0 0 1 0 0 1
 0 0 1 0 0 0 0 0 1 1 1 1 0 0 0 0 0 1 0 0
 0 1 1 0 0 0 0 1 0 0 0 0 0 0 1 0 1 0 1 0
 0 0 0 1 1 1 0 0 1 0 0 0 0 0 0 0 1 0 1 0
 0 1 0 0 0 0 0 1 1 1 0 0 0 1 0 0 1 0 0 0

Warwick 1158: balanced products, 6 products per order
20 20
 1 1 0 1 0 0 0 0 0 0 0 0 1 0 0 1 0 0 1 0
 1 0 0 0 0 0 0 0 0 1 0 1 0 0 1 1 0 0 1 0
 0 0 0 1 1 0 0 1 0 0 1 0 0 0 0 0 1 0 0 1
 1 0 1 0 0 0 0 0 1 0 0 1 0 0 1 0 1 0 0 0
 1 0 0 0 0 0 1 0 0 0 0 0 0 0 0 0 1 1 1 1
 0 0 0 1 0 0 0 0 1 0 1 1 0 0 0 0 0 0 1 1
 0 0 1 0 0 0 0 0 0 1 1 1 0 0 0 0 1 0 0 1
 1 1 0 0 1 0 0 0 0 0 0 0 0 1 0 0 0 1 1 0
 1 1 0 1 0 1 0 0 0 0 0 0 0 1 1 0 0 0 0 0
 1 0 0 0 0 1 1 0 0 1 0 0 0 0 0 1 1 0 0 0
 0 0 0 1 0 0 0 1 0 0 0 1 1 0 0 1 1 0 0 0
 0 0 0 1 0 0 0 0 0 1 1 0 0 0 0 1 1 0 0 1
 0 0 1 0 0 0 0 0 0 1 0 0 0 0 0 1 1 1 0 1
 1 0 0 0 1 0 0 1 0 0 1 0 0 0 0 1 1 0 0 0
 0 0 1 0 0 0 1 0 0 0 1 0 1 0 0 0 0 1 0 1
 0 0 0 1 1 0 0 1 1 1 0 0 0 0 0 0 0 0 1 0
 0 0 0 0 1 1 1 0 0 0 1 0 0 0 1 0 0 0 1 0
 0 0 0 0 0 0 1 1 0 0 0 0 1 0 0 1 1 0 0 1
 0 1 0 0 0 0 1 0 1 0 1 1 0 0 0 0 0 0 0 1
 0 0 0 0 0 0 0 0 1 0 1 0 0 0 1 0 1 0 1 1

Warwick 1159: balanced products, 6 products per order
20 20
 0 1 0 0 0 0 0 1 1 0 1 0 0 1 0 0 0 0 0 1
 0 0 1 0 0 0 1 0 1 0 0 0 0 0 0 1 0 1 0 1
 0 0 1 0 0 0 0 1 0 0 1 0 1 1 1 0 0 0 0 0
 0 0 0 1 0 1 1 0 0 0 0 1 0 0 0 1 0 1 0 0
 0 0 0 0 0 0 0 1 1 0 0 0 0 1 0 1 1 1 0 0
 0 0 0 0 0 0 0 1 0 0 1 0 0 0 1 1 0 1 1 0
 0 0 0 1 0 0 0 0 0 1 1 1 0 0 0 0 1 1 0 0
 1 0 0 0 0 1 0 0 1 0 1 0 0 0 0 1 0 1 0 0
 0 0 1 0 0 0 1 0 0 0 1 0 0 1 1 1 0 0 0 0
 1 0 0 0 0 0 1 1 0 0 1 1 0 1 0 0 0 0 0 0
 0 0 0 1 1 0 0 0 0 1 0 1 1 0 0 0 0 0 0 1
 0 0 1 0 0 1 0 0 0 0 1 0 1 0 0 0 1 0 1 0
 1 0 1 1 0 0 1 0 0 0 0 1 0 0 1 0 0 0 0 0
 0 1 0 0 0 0 1 0 1 1 0 1 0 0 0 0 0 0 0 1
 0 1 1 0 0 1 0 0 1 0 1 0 0 0 0 0 1 0 0 0
 0 1 0 0 1 0 1 0 0 0 0 0 0 1 0 1 0 1 0 0
 0 1 0 0 1 0 1 0 0 0 1 1 0 0 0 0 0 0 0 1
 0 1 1 1 0 0 0 0 0 0 0 0 0 1 1 0 0 1 0 0
 0 0 0 0 0 0 1 1 0 0 0 1 0 0 1 0 1 0 0 1
 1 1 1 0 1 0 0 1 0 0 0 1 0 0 0 0 0 0 0 0

Warwick 1160: balanced products, 6 products per order
20 20
 0 1 1 0 0 0 0 1 0 1 0 0 0 0 1 0 0 1 0 0
 0 0 0 0 0 0 0 0 1 0 1 0 0 1 1 0 1 1 0 0
 0 1 0 1 0 0 0 0 0 0 0 0 1 1 1 0 0 1 0 0
 0 0 0 0 1 1 0 1 0 0 0 0 0 1 0 0 0 0 1 1
 1 1 0 1 1 0 1 0 0 0 0 0 0 0 0 0 0 0 0 1
 1 0 0 0 0 0 1 0 1 0 0 1 0 0 0 1 0 0 1 0
 0 0 1 0 1 0 1 0 0 1 1 0 0 0 0 0 1 0 0 0
 0 1 0 1 0 0 1 1 0 0 0 0 1 0 0 0 0 0 0 1
 0 1 0 0 0 0 0 0 0 0 0 0 1 1 1 0 0 1 0 1
 0 0 0 0 0 0 1 0 1 0 0 1 0 0 1 1 0 0 1 0
 0 0 0 0 1 0 0 1 0 1 0 0 0 1 1 0 0 1 0 0
 0 0 0 1 0 1 0 0 0 0 1 1 0 0 0 0 1 1 0 0
 0 0 0 0 0 0 0 0 0 1 0 1 0 1 1 1 1 0 0 0
 1 0 1 0 0 0 1 0 1 0 1 0 0 0 0 0 0 0 1 0
 0 0 1 1 0 0 0 0 1 1 0 0 1 0 0 0 0 0 1 0
 0 1 1 0 1 0 1 0 0 0 1 0 1 0 0 0 0 0 0 0
 0 0 0 0 0 1 0 1 0 0 1 0 1 0 0 1 1 0 0 0
 0 0 1 0 1 0 0 0 0 1 0 0 0 1 1 0 0 0 0 1
 0 0 0 0 1 1 0 1 0 0 0 1 0 0 0 0 0 1 0 1
 1 1 0 1 1 0 1 0 0 0 0 0 0 0 1 0 0 0 0 0

Warwick 1161: balanced products, 7 products per order
20 20
 1 0 0 1 0 0 1 0 0 0 0 0 0 1 1 1 1 0 0 0
 1 0 1 0 1 0 1 1 0 0 0 0 0 0 0 0 0 0 1 1
 0 0 1 0 1 1 0 0 0 0 0 0 1 1 0 1 0 0 1 0
 0 0 1 1 0 1 1 1 1 0 0 0 0 0 0 0 0 1 0 0
 0 0 1 0 0 0 1 0 0 1 1 1 1 0 0 0 0 0 1 0
 1 0 1 0 0 0 1 0 0 1 0 0 0 1 1 0 0 1 0 0
 0 0 1 0 0 0 0 1 1 0 0 1 1 0 0 0 0 1 1 0
 1 0 0 1 0 1 0 1 0 0 0 0 1 0 0 0 0 1 1 0
 0 0 1 0 1 1 0 1 1 1 0 0 0 0 0 0 0 0 1 0
 0 0 1 0 0 0 0 1 1 0 1 0 0 1 0 0 1 0 0 1
 0 1 0 1 0 1 0 0 0 0 1 0 0 0 1 0 1 1 0 0
 0 0 1 0 1 1 0 1 0 0 0 1 0 1 1 0 0 0 0 0
 0 0 1 1 1 0 0 1 0 0 0 0 1 1 0 0 1 0 0 0
 1 1 0 1 0 0 0 1 0 0 0 0 1 1 0 0 0 0 1 0
 0 1 0 1 1 1 0 0 1 0 1 0 1 0 0 0 0 0 0 0
 1 0 0 0 1 0 1 1 1 1 0 0 0 1 0 0 0 0 0 0
 0 0 0 0 0 0 1 0 1 1 1 1 1 0 0 0 0 0 0 1
 1 1 0 0 0 0 1 0 0 0 0 0 0 1 1 0 0 0 1 1
 0 0 0 1 0 1 0 0 1 1 0 0 0 0 0 1 0 1 1 0
 1 0 0 0 0 1 0 0 0 0 0 0 0 1 0 1 1 1 0 1

Warwick 1162: balanced products, 7 products per order
20 20
 1 0 0 0 1 0 0 0 0 0 0 0 1 1 0 1 0 0 1 1
 1 1 1 0 0 0 1 0 0 0 0 1 0 0 0 0 1 0 1 0
 1 0 0 1 1 0 0 0 0 0 1 1 0 1 0 1 0 0 0 0
 0 0 0 0 1 0 1 0 0 1 0 0 1 0 1 1 1 0 0 0
 1 1 1 0 0 1 0 0 0 0 1 0 0 1 1 0 0 0 0 0
 0 0 0 0 1 0 0 1 1 0 1 0 0 1 0 1 0 0 0 1
 1 0 0 0 0 0 0 0 0 1 0 0 1 1 1 1 0 0 0 1
 0 1 0 0 0 0 0 0 1 1 0 1 1 0 1 1 0 0 0 0
 0 1 1 0 1 1 1 1 0 0 0 0 0 1 0 0 0 0 0 0
 0 0 1 0 0 1 0 1 0 1 0 1 0 0 1 0 0 1 0 0
 0 0 0 0 0 1 0 0 0 1 0 0 1 0 1 0 1 1 1 0
 0 0 1 0 0 0 1 0 1 1 0 0 0 0 1 0 1 0 1 0
 1 0 1 0 0 0 1 0 0 0 0 0 1 1 0 1 0 1 0 0
 0 0 1 0 0 1 0 0 1 1 1 1 0 1 0 0 0 0 0 0
 0 0 1 1 0 1 1 1 1 0 0 0 1 0 0 0 0 0 0 0
 1 0 0 1 0 1 1 0 0 1 1 0 0 0 0 1 0 0 0 0
 0 1 0 0 0 1 1 0 0 1 1 1 0 1 0 0 0 0 0 0
 1 0 1 0 0 0 0 0 0 0 0 1 0 1 0 1 0 1 0 1
 1 0 1 0 0 0 0 0 1 1 0 1 0 0 1 0 1 0 0 0
 0 0 0 0 0 0 1 1 0 1 1 0 0 1 0 0 0 1 1 0

Warwick 1163: balanced products, 7 products per order
20 20
 0 0 1 0 1 1 0 1 1 0 0 0 1 0 0 0 0 0 1 0
 0 0 0 0 0 0 1 0 0 0 1 1 1 1 0 0 1 0 0 1
 0 0 0 0 1 1 0 0 0 0 0 1 0 1 0 0 1 1 0 1
 0 0 1 0 0 0 1 0 0 0 1 0 1 0 1 1 0 0 0 1
 1 1 0 0 1 0 1 0 0 1 0 1 0 0 0 0 0 0 0 1
 0 0 0 0 1 0 0 1 0 1 1 0 1 1 0 0 0 0 0 1
 0 1 0 0 0 1 1 1 1 0 0 0 1 0 1 0 0 0 0 0
 1 0 1 0 0 0 0 0 0 0 0 0 1 1 1 1 0 1 0 0
 1 1 0 1 0 0 0 0 0 1 0 0 1 1 0 1 0 0 0 0
 1 0 1 0 1 0 0 0 0 0 0 0 1 1 1 0 1 0 0 0
 0 0 0 1 0 1 1 0 0 1 1 1 0 0 0 0 0 1 0 0
 1 1 0 1 1 0 0 0 0 0 1 1 0 1 0 0 0 0 0 0
 1 1 0 1 0 1 0 0 1 0 0 0 0 0 0 1 0 0 0 1
 0 1 0 0 1 1 0 0 1 1 0 0 0 0 0 1 1 0 0 0
 0 0 0 0 0 1 0 1 0 0 1 1 0 0 1 0 1 0 0 1
 0 1 0 1 1 0 0 1 0 0 0 0 0 1 1 0 0 1 0 0
 0 0 0 1 1 0 1 0 1 0 0 0 0 1 1 0 0 0 1 0
 1 0 0 1 0 0 0 0 0 1 1 1 0 0 0 0 1 0 0 1
 0 0 1 1 0 1 1 0 0 1 0 0 0 0 1 0 1 0 0 0
 0 0 1 1 0 0 0 0 0 0 0 1 1 0 1 0 1 0 1 0

Warwick 1164: balanced products, 7 products per order
20 20
 0 1 0 0 0 0 0 0 0 1 0 1 1 0 1 0 0 1 1 0
 0 1 0 1 1 1 0 0 0 0 1 0 0 1 0 0 0 0 0 1
 0 0 1 0 0 0 1 0 0 0 0 1 0 1 0 1 1 0 0 1
 0 0 0 0 0 0 0 1 1 1 0 1 1 0 0 0 1 1 0 0
 0 1 1 0 1 1 0 0 0 1 0 0 0 0 0 1 0 1 0 0
 1 0 0 1 0 0 1 0 0 1 0 0 0 0 1 0 1 0 0 1
 0 0 1 0 0 0 0 1 0 0 0 1 0 0 0 1 1 1 0 1
 0 0 0 1 0 0 1 1 0 0 0 0 0 0 0 1 1 1 1 0
 0 0 1 1 0 1 1 0 1 1 0 0 0 0 0 0 0 1 0 0
 0 0 0 1 0 1 1 0 1 0 1 0 0 0 0 1 0 1 0 0
 1 0 0 1 0 0 0 0 0 1 1 0 1 1 0 0 0 1 0 0
 0 1 0 1 0 0 1 0 0 0 1 0 0 0 0 1 0 1 1 0
 0 0 0 0 0 1 1 1 0 0 0 0 0 1 1 1 0 1 0 0
 0 0 0 0 0 1 0 1 0 0 1 0 0 0 1 1 0 0 1 1
 0 0 1 0 0 1 0 1 1 1 0 1 1 0 0 0 0 0 0 0
 0 0 0 1 0 1 1 0 0 0 0 0 1 0 1 0 0 0 1 1
 1 1 0 1 0 1 0 1 0 0 1 0 0 0 0 1 0 0 0 0
 0 1 0 1 0 0 0 0 1 0 0 1 0 1 1 0 1 0 0 0
 0 0 1 1 0 0 0 0 1 1 0 1 1 0 0 0 0 1 0 0
 1 0 1 1 0 1 0 0 1 1 0 0 0 0 1 0 0 0 0 0

Warwick 1165: balanced products, 7 products per order
20 20
 0 0 0 0 1 0 0 1 0 0 1 0 0 1 1 0 0 1 1 0
 0 0 0 0 1 0 0 0 1 0 1 0 1 1 0 1 0 0 0 1
 0 0 1 0 0 0 1 0 0 1 1 0 0 0 0 1 1 1 0 0
 0 1 1 0 0 0 0 0 1 0 0 1 0 1 0 0 0 0 1 1
 0 0 1 1 1 0 1 0 0 1 0 0 1 0 0 0 0 0 1 0
 0 1 0 0 1 0 0 0 0 0 1 0 1 1 1 1 0 0 0 0
 1 1 0 0 1 0 0 0 1 0 0 0 1 0 1 0 1 0 0 0
 0 1 0 0 0 0 1 1 1 0 0 0 0 0 1 0 1 0 0 1
 0 1 1 0 0 1 0 0 0 0 0 0 1 1 1 0 1 0 0 0
 1 0 1 0 1 1 0 1 0 1 0 0 0 0 0 0 0 1 0 0
 1 0 0 1 1 1 1 0 0 0 1 0 0 0 0 0 0 1 0 0
 0 1 0 0 0 1 0 1 0 0 0 0 0 1 0 1 0 0 1 1
 0 1 0 1 0 1 0 0 0 0 1 1 0 0 0 1 0 0 0 1
 1 1 0 1 1 0 0 0 0 0 0 1 1 0 0 0 0 1 0 0
 0 0 0 0 1 0 0 0 1 1 1 0 0 1 0 0 0 1 0 1
 1 0 0 1 0 0 1 0 1 0 0 1 1 0 0 0 0 0 1 0
 1 0 1 0 0 0 0 1 0 1 1 0 1 0 0 0 0 1 0 0
 0 0 0 0 0 0 1 1 1 0 0 1 1 0 1 0 0 0 0 1
 0 1 0 1 1 0 0 0 0 0 0 0 0 1 0 1 0 0 1 1
 1 0 0 1 0 0 0 1 1 0 1 1 0 0 1 0 0 0 0 0

Warwick 1166: balanced products, 7 products per order
20 20
 0 0 0 0 1 1 1 1 0 1 1 0 1 0 0 0 0 0 0 0
 0 0 0 0 0 1 0 0 0 1 0 0 0 0 1 1 0 1 1 1
 0 0 0 0 1 1 0 0 0 0 1 1 0 1 0 1 1 0 0 0
 1 0 1 1 0 0 0 1 0 0 1 1 0 0 0 0 1 0 0 0
 1 0 0 0 0 0 1 0 0 0 0 1 1 1 0 1 0 1 0 0
 0 1 0 0 1 0 0 1 1 0 0 0 0 0 1 0 0 1 1 0
 0 1 0 0 0 0 0 1 0 0 0 1 0 0 1 0 1 1 0 1
 0 1 0 0 0 0 1 1 0 1 0 0 0 0 0 0 1 0 1 1
 1 1 0 0 0 0 1 0 0 1 0 0 0 0 1 1 0 1 0 0
 0 0 1 1 1 1 1 0 0 1 0 0 0 0 0 1 0 0 0 0
 0 0 0 1 1 0 0 1 0 0 0 1 0 0 0 0 1 0 1 1
 0 1 1 0 0 0 0 1 1 0 0 0 0 0 1 0 1 1 0 0
 1 0 0 0 0 1 1 0 0 1 0 1 0 0 0 1 1 0 0 0
 0 0 0 0 0 0 0 0 1 0 1 0 1 1 0 0 0 1 1 1
 0 1 1 0 1 1 0 0 0 1 0 0 0 0 0 0 0 1 1 0
 0 0 0 0 0 1 1 1 1 0 1 0 0 0 0 0 0 1 1 0
 0 0 1 1 0 0 0 1 0 0 1 1 1 0 0 1 0 0 0 0
 1 0 1 0 0 0 0 1 0 0 0 1 0 0 0 0 0 1 1 1
 1 0 1 1 1 0 1 1 0 0 0 0 0 0 0 0 0 0 0 1
 0 0 0 0 0 1 0 1 1 0 1 0 1 1 0 0 1 0 0 0

Warwick 1167: balanced products, 7 products per order
20 20
 0 0 0 1 0 0 0 0 1 0 1 0 0 0 0 1 1 1 1 0
 0 0 0 1 0 0 0 0 1 1 0 0 1 0 1 0 1 1 0 0
 0 0 0 0 0 1 0 0 1 1 0 1 0 0 0 0 0 1 1 1
 1 0 1 0 0 1 0 0 1 0 0 1 1 0 0 0 0 0 0 1
 0 1 1 1 0 1 0 0 1 0 0 0 0 0 0 1 0 0 0 1
 1 0 1 1 1 0 0 0 0 0 0 1 0 1 0 0 0 0 0 1
 0 1 0 1 1 0 1 1 0 0 1 0 0 0 0 0 1 0 0 0
 1 0 0 0 0 1 1 1 1 0 0 0 0 1 0 0 0 0 1 0
 0 1 1 0 0 1 0 0 1 0 0 1 1 0 0 0 0 1 0 0
 0 1 0 0 0 0 0 1 0 0 0 0 0 1 0 1 1 1 1 0
 1 0 0 0 1 0 1 0 0 1 0 0 0 1 0 0 1 1 0 0
 0 0 0 1 0 1 1 1 0 0 0 0 1 1 0 0 0 0 0 1
 0 0 0 1 1 0 0 1 0 0 0 1 1 1 0 0 0 0 0 1
 0 1 0 0 1 0 0 0 1 0 1 0 0 0 1 0 0 0 1 1
 1 0 1 1 1 0 0 0 0 0 0 0 0 1 0 1 0 0 1 0
 0 1 0 0 1 0 1 0 0 1 0 0 1 0 0 1 1 0 0 0
 0 1 0 1 0 0 0 1 0 0 0 0 0 1 0 1 0 1 0 1
 1 0 0 1 0 1 1 0 0 1 0 1 0 0 0 0 0 1 0 0
 0 0 1 0 0 1 1 0 1 0 1 1 0 0 0 0 0 0 1 0
 1 0 0 0 0 1 1 0 0 1 0 1 0 0 1 0 0 1 0 0

Warwick 1168: balanced products, 7 products per order
20 20
 1 0 1 0 1 0 0 1 0 1 0 0 1 0 1 0 0 0 0 0
 0 1 0 0 0 1 0 0 0 0 0 0 0 0 1 0 1 1 1 1
 1 0 1 0 0 1 1 0 0 0 0 0 1 0 0 0 0 0 1 1
 0 0 0 0 0 1 0 0 1 0 1 0 0 1 0 1 0 1 0 1
 1 0 1 1 0 1 1 1 0 0 0 1 0 0 0 0 0 0 0 0
 0 0 1 1 0 0 1 0 1 1 0 1 0 0 0 0 0 0 1 0
 1 0 0 0 1 0 1 0 1 0 0 0 0 0 0 0 1 0 1 1
 0 0 0 0 0 1 0 0 0 0 1 0 1 1 1 0 0 1 1 0
 1 0 1 0 0 0 0 0 0 0 1 1 1 0 0 0 0 1 0 1
 0 0 1 1 0 1 0 0 0 0 1 0 1 0 0 0 1 1 0 0
 0 0 0 1 0 0 1 1 0 0 0 0 1 0 0 1 0 1 0 1
 0 1 0 0 0 1 0 0 1 0 0 0 1 0 0 0 1 0 1 1
 0 0 0 1 0 0 0 1 0 1 1 0 1 0 1 0 1 0 0 0
 0 1 0 0 0 1 0 0 1 0 0 0 0 0 0 1 0 1 1 1
 0 0 0 0 1 0 0 0 0 1 0 1 1 1 1 0 1 0 0 0
 0 1 0 0 0 1 0 0 0 0 0 1 1 1 0 0 1 1 0 0
 0 0 1 0 0 1 0 0 0 1 0 0 0 1 0 1 1 0 0 1
 1 0 1 0 1 0 0 0 1 0 1 0 1 0 0 0 0 0 0 1
 0 0 0 1 0 0 0 0 1 0 1 0 0 1 1 0 1 0 1 0
 0 0 1 0 0 0 0 1 1 1 0 0 0 0 1 1 1 0 0 0

Warwick 1169: balanced products, 7 products per order
20 20
 0 1 1 1 0 1 0 0 1 1 0 0 0 0 0 0 1 0 0 0
 0 0 1 1 1 1 0 1 0 1 0 0 0 0 0 1 0 0 0 0
 0 0 0 1 1 0 1 1 0 0 0 1 0 0 0 0 0 1 1 0
 0 1 0 1 0 0 0 0 0 1 0 0 0 1 1 1 0 0 0 1
 1 1 0 0 0 1 0 0 0 1 0 1 1 0 0 0 0 0 0 1
 0 0 1 0 0 1 0 1 0 0 0 0 0 1 1 0 0 1 0 1
 1 0 0 0 1 0 1 0 0 0 1 0 1 0 1 0 0 1 0 0
 0 1 1 0 0 0 1 1 0 0 1 0 0 0 0 1 0 0 0 1
 0 0 0 0 0 0 1 0 0 1 1 1 0 0 0 1 0 0 1 1
 0 0 0 0 1 0 0 0 0 0 0 0 1 1 1 1 0 1 0 1
 1 1 0 0 0 1 0 0 1 1 1 0 0 0 0 0 0 0 0 1
 1 1 0 0 0 1 0 0 1 0 0 0 0 1 0 1 0 0 1 0
 0 0 0 0 1 0 1 0 1 0 0 1 0 1 0 1 1 0 0 0
 0 0 0 1 0 1 0 0 1 1 1 1 0 1 0 0 0 0 0 0
 0 1 0 1 0 0 1 0 0 0 1 1 0 1 0 0 0 1 0 0
 0 0 0 1 0 1 1 0 0 0 0 0 1 0 0 0 1 1 1 0
 0 0 0 0 0 1 0 0 1 0 0 0 1 1 0 0 1 0 1 1
 0 0 1 0 0 0 1 0 0 0 1 0 0 0 0 1 0 1 1 1
 0 0 0 0 0 1 1 1 1 0 0 0 0 0 0 1 1 0 0 1
 1 0 1 0 0 0 1 0 0 1 0 0 0 1 0 0 0 1 1 0

Warwick 1170: balanced products, 7 products per order
20 20
 0 0 0 0 0 1 0 1 1 0 0 0 1 0 1 1 0 0 0 1
 1 0 0 1 0 1 0 0 1 0 0 1 1 0 0 0 0 0 0 1
 1 0 0 0 1 1 0 1 0 0 0 0 1 0 0 1 0 0 0 1
 0 1 1 1 0 0 0 1 1 0 1 0 1 0 0 0 0 0 0 0
 0 0 1 0 0 1 0 1 1 0 1 0 0 0 1 1 0 0 0 0
 0 1 0 0 0 1 0 0 1 0 1 0 0 0 0 0 1 0 1 1
 0 0 1 0 0 1 0 1 1 0 1 0 0 0 0 0 0 0 1 1
 1 0 0 0 1 0 0 1 1 1 0 1 1 0 0 0 0 0 0 0
 0 1 0 0 0 1 0 0 0 0 0 1 1 0 0 0 1 1 0 1
 0 1 0 0 0 0 1 0 0 1 1 0 1 0 0 0 1 1 0 0
 0 1 0 0 0 0 0 0 1 1 0 0 0 0 1 0 1 0 1 1
 0 0 1 1 0 0 0 0 0 1 1 1 0 1 1 0 0 0 0 0
 0 0 1 1 1 0 0 0 1 0 0 1 1 0 1 0 0 0 0 0
 1 1 0 0 1 0 0 0 1 1 0 0 0 0 0 1 1 0 0 0
 1 1 0 1 1 0 0 0 0 0 1 0 0 0 0 0 1 1 0 0
 0 1 0 1 0 0 0 1 0 1 0 1 0 1 0 0 0 1 0 0
 0 0 1 0 0 1 0 0 1 1 0 0 0 0 1 0 1 0 0 1
 0 0 1 0 0 0 0 0 0 1 1 0 0 1 1 1 0 0 1 0
 0 0 1 1 0 1 0 0 0 0 0 0 1 1 0 1 0 1 0 0
 0 0 1 0 1 1 0 0 0 0 0 0 0 0 1 0 1 1 0 1

Warwick 1171: balanced products, 8 products per order
20 20
 0 0 0 1 0 1 1 0 0 0 1 1 1 1 0 0 0 0 1 0
 0 0 1 1 0 0 1 0 0 0 0 1 0 0 1 0 0 1 1 1
 1 0 0 0 0 0 0 0 1 1 1 0 1 0 1 0 0 1 0 1
 0 0 0 0 0 0 1 1 1 0 0 0 1 1 0 0 0 1 1 1
 1 0 1 0 0 1 0 0 1 1 1 1 0 0 0 0 0 0 0 1
 0 1 0 0 1 0 0 1 0 0 1 1 0 0 0 0 0 1 1 1
 1 0 0 1 1 1 0 1 1 0 1 0 0 0 0 0 0 1 0 0
 0 1 1 1 0 0 0 1 0 0 0 1 1 0 0 0 1 0 1 0
 1 0 1 0 1 0 0 1 0 0 1 0 0 1 1 1 0 0 0 0
 1 0 1 0 0 0 0 0 1 0 1 1 1 0 1 1 0 0 0 0
 1 0 0 0 1 0 1 0 0 1 0 1 1 0 1 0 1 0 0 0
 0 1 0 0 1 0 0 0 1 1 0 0 1 0 1 0 0 1 0 1
 1 0 1 0 0 0 0 0 0 1 0 1 0 0 1 0 1 1 0 1
 0 0 0 0 1 0 1 0 0 1 0 0 1 1 0 1 1 1 0 0
 0 0 1 1 0 0 0 0 0 0 0 0 1 1 0 1 1 1 0 1
 1 1 0 0 0 0 0 0 0 1 1 1 0 1 0 1 0 0 0 1
 1 1 0 1 1 0 0 1 0 0 1 0 1 0 1 0 0 0 0 0
 1 0 1 0 1 0 0 0 1 0 0 1 0 1 1 0 0 0 0 1
 0 1 0 1 0 0 0 1 0 1 1 0 1 1 0 1 0 0 0 0
 0 0 0 0 1 0 1 0 0 1 1 1 0 0 1 1 0 1 0 0

Warwick 1172: balanced products, 8 products per order
20 20
 1 0 0 0 0 1 0 0 1 0 0 0 1 1 1 0 0 1 0 1
 1 0 1 0 1 1 0 0 0 1 0 0 1 0 1 0 1 0 0 0
 1 1 1 0 0 1 0 1 0 1 1 0 0 0 1 0 0 0 0 0
 0 1 0 0 1 0 0 0 0 0 0 0 0 1 1 1 1 1 1 0
 0 0 0 1 1 0 1 0 0 1 0 1 0 0 1 0 0 1 1 0
 0 1 0 0 1 0 0 0 0 1 0 1 0 1 1 0 0 1 0 1
 1 1 1 0 0 0 0 0 0 0 0 0 1 0 0 0 1 1 1 1
 0 1 0 1 1 0 1 1 0 0 0 0 0 0 1 0 1 0 0 1
 0 1 0 1 0 0 0 1 0 1 1 1 0 0 0 0 1 0 0 1
 0 0 1 1 0 0 1 0 0 1 0 0 0 1 0 1 0 0 1 1
 0 0 1 1 1 0 0 1 1 1 0 0 1 1 0 0 0 0 0 0
 1 0 1 0 1 1 1 0 0 0 1 0 1 0 0 0 0 0 1 0
 0 0 0 1 1 0 1 1 0 1 0 0 0 1 1 0 0 0 1 0
 0 0 0 1 0 1 0 0 0 1 0 0 1 0 1 1 0 1 1 0
 1 1 1 1 1 1 0 0 0 0 1 0 1 0 0 0 0 0 0 0
 1 1 0 0 0 0 0 0 0 0 1 1 0 1 0 1 0 1 0 1
 0 1 0 0 0 0 1 0 0 1 0 0 1 1 1 1 0 0 1 0
 0 1 1 1 1 0 0 0 0 0 1 0 0 0 0 1 0 1 1 0
 0 0 0 0 0 0 1 0 0 1 1 1 1 1 0 0 0 1 0 1
 0 0 0 1 0 0 0 1 1 0 0 0 1 1 1 0 1 0 1 0

Warwick 1173: balanced products, 8 products per order
20 20
 0 0 0 0 1 1 1 0 0 0 0 1 0 1 1 1 1 0 0 0
 0 1 1 0 0 0 0 1 1 0 0 0 1 0 1 0 0 0 1 1
 0 0 1 0 1 0 1 0 0 0 0 0 1 1 1 1 0 0 1 0
 1 0 1 0 1 0 1 1 1 0 0 0 0 0 0 0 0 0 1 1
 1 1 0 1 1 0 0 0 0 0 0 1 0 0 1 1 1 0 0 0
 0 1 1 1 1 0 1 0 0 0 1 0 0 1 1 0 0 0 0 0
 1 1 0 0 0 0 1 1 1 0 0 0 0 0 0 1 0 1 0 1
 0 1 0 1 1 0 0 1 1 0 0 0 0 1 1 0 0 0 0 1
 1 0 0 0 0 0 0 0 0 0 0 1 0 1 1 1 0 1 1 1
 0 1 0 0 1 0 0 1 0 1 1 0 1 0 0 0 0 1 0 1
 0 1 0 1 0 0 0 1 1 0 0 1 0 0 0 0 0 1 1 1
 1 1 0 0 1 0 0 0 1 0 0 1 0 0 1 1 0 0 1 0
 1 1 0 0 1 1 0 0 1 0 0 0 0 1 0 0 0 0 1 1
 1 0 1 1 0 0 0 0 1 0 0 1 0 0 0 0 1 1 0 1
 0 1 0 0 1 0 0 1 1 1 0 0 0 0 0 0 1 1 0 1
 0 0 1 0 0 0 1 0 1 0 1 0 0 1 0 1 0 1 0 1
 1 0 0 1 1 1 0 0 0 0 0 1 1 0 0 1 0 0 1 0
 0 0 0 0 0 0 0 0 0 1 0 1 1 1 1 1 1 1 0 0
 0 0 1 1 0 0 1 0 0 0 0 0 1 1 1 0 0 1 1 0
 0 0 0 0 0 1 0 1 0 0 1 1 1 1 1 0 1 0 0 0

Warwick 1174: balanced products, 8 products per order
20 20
 1 0 1 1 0 1 0 0 0 1 1 0 0 0 1 0 1 0 0 0
 0 1 0 0 0 1 0 0 0 0 1 1 0 0 1 0 0 1 1 1
 1 0 0 1 1 0 0 0 0 0 1 1 0 1 0 1 0 1 0 0
 0 1 0 0 0 0 0 1 0 0 0 1 1 0 1 0 0 1 1 1
 0 0 1 0 0 1 0 1 1 0 0 1 0 0 0 1 0 0 1 1
 1 0 1 0 0 0 1 1 0 1 1 1 0 0 0 1 0 0 0 0
 1 1 0 0 0 0 0 1 1 1 0 0 1 0 1 0 1 0 0 0
 0 1 1 0 0 0 1 1 1 0 1 0 0 1 0 0 0 0 1 0
 0 0 0 0 0 0 1 1 1 0 1 1 0 1 0 0 1 0 1 0
 0 1 0 0 0 1 0 1 0 0 1 0 0 0 1 1 1 1 0 0
 1 0 0 1 0 1 0 0 1 0 0 0 1 1 1 0 0 0 0 1
 0 0 1 1 0 1 0 0 0 1 1 0 0 0 0 1 0 1 1 0
 1 0 0 1 0 0 0 1 0 0 0 1 0 0 0 1 1 1 1 0
 0 0 0 0 1 1 1 1 0 0 0 1 1 0 0 0 0 0 1 1
 1 0 0 0 0 1 1 0 0 0 1 0 1 0 0 0 1 1 0 1
 0 1 1 0 0 0 0 1 1 0 0 0 1 1 0 0 1 0 1 0
 1 0 0 1 1 1 0 0 1 1 0 0 0 0 0 0 0 1 0 1
 0 0 0 1 0 1 0 0 1 0 1 0 1 0 0 0 1 0 1 1
 0 0 1 0 0 0 1 0 0 1 0 1 0 0 0 1 1 1 0 1
 0 0 1 0 1 1 0 1 0 0 0 0 0 0 1 0 1 1 1 0

Warwick 1175: balanced products, 8 products per order
20 20
 1 1 1 0 0 0 0 0 1 0 1 0 1 0 1 1 0 0 0 0
 0 1 1 1 0 1 0 0 0 0 1 1 0 0 0 0 1 0 1 0
 0 0 1 1 0 0 0 1 1 1 0 0 1 0 1 0 1 0 0 0
 0 1 0 0 0 0 1 1 0 0 0 0 0 1 0 1 0 1 1 1
 1 1 1 0 0 0 0 0 1 1 0 0 1 0 0 0 0 0 1 1
 1 1 0 0 0 1 0 0 1 0 0 1 0 0 0 1 0 1 1 0
 1 0 0 1 0 0 1 0 0 0 0 0 0 1 1 1 1 1 0 0
 0 1 0 0 1 1 1 0 0 1 1 0 1 0 0 0 0 1 0 0
 0 1 0 1 0 0 1 1 1 0 0 0 1 1 0 0 0 0 0 1
 1 1 0 1 0 0 0 1 0 1 1 0 0 0 0 1 0 1 0 0
 1 0 0 1 1 0 0 0 0 1 0 0 0 1 0 1 0 0 1 1
 0 1 0 1 0 0 1 0 0 0 1 1 0 1 1 0 0 0 0 1
 1 1 0 0 0 0 0 1 1 1 0 0 0 1 1 0 0 0 1 0
 1 0 0 0 0 1 0 1 1 0 0 0 0 1 1 0 0 1 0 1
 1 1 1 0 0 1 1 0 0 1 0 0 0 1 0 1 0 0 0 0
 0 0 0 1 1 0 0 1 0 0 1 1 0 1 0 1 0 0 1 0
 1 0 0 0 0 1 0 1 0 1 0 1 0 0 0 1 0 1 0 1
 0 0 1 0 0 1 0 1 0 0 1 0 0 0 0 1 0 1 1 1
 1 0 0 1 0 0 1 0 0 0 0 0 1 1 0 0 1 0 1 1
 1 0 0 0 1 0 0 1 0 1 1 0 1 0 1 0 0 0 1 0

Warwick 1176: balanced products, 8 products per order
20 20
 0 0 0 1 0 0 1 0 1 1 0 1 0 0 0 1 1 0 1 0
 0 0 0 0 1 0 1 0 1 1 0 1 0 0 1 0 0 1 0 1
 0 0 0 1 0 0 1 1 1 0 0 1 0 0 0 1 1 1 0 0
 1 0 0 1 0 1 1 0 1 1 0 0 0 0 1 0 1 0 0 0
 0 0 0 1 1 0 1 0 0 0 1 0 0 1 1 1 1 0 0 0
 0 1 1 1 0 0 0 0 0 0 1 0 1 0 0 1 1 1 0 0
 0 0 0 1 0 0 0 1 1 1 1 1 1 0 0 0 0 0 0 1
 1 0 0 1 1 0 1 1 0 0 0 0 0 0 1 0 1 0 1 0
 0 0 0 1 0 0 1 1 1 0 1 0 1 0 0 0 1 0 0 1
 0 0 0 0 1 0 0 0 1 0 1 1 1 0 1 1 0 1 0 0
 0 0 1 1 1 0 0 0 0 0 0 1 1 0 1 0 1 0 1 0
 1 1 0 0 1 0 1 0 1 0 0 1 1 0 0 0 0 1 0 0
 0 0 0 0 0 1 1 1 0 1 0 1 0 1 0 0 1 0 1 0
 1 0 0 0 0 1 1 0 1 0 1 0 1 0 1 0 0 1 0 0
 0 0 0 1 0 1 0 1 0 0 0 1 0 1 0 1 1 0 0 1
 0 1 1 0 0 1 0 0 0 0 0 0 1 1 0 0 0 1 1 1
 1 0 0 0 0 0 1 1 0 1 0 0 1 0 0 1 0 0 1 1
 0 0 0 1 1 0 1 0 0 1 1 1 0 1 0 0 0 1 0 0
 1 1 0 0 1 1 0 0 0 0 0 0 1 0 0 0 1 0 1 1
 0 0 1 0 0 1 1 0 0 1 1 0 0 0 0 1 1 1 0 0

Warwick 1177: balanced products, 8 products per order
20 20
 1 0 1 0 1 0 1 0 0 0 0 0 0 1 1 0 0 0 1 1
 0 0 1 0 1 0 0 0 0 1 1 1 0 0 0 1 0 1 0 1
 1 1 0 0 0 1 0 0 1 0 1 0 1 1 0 1 0 0 0 0
 1 0 0 1 0 0 1 1 0 0 1 0 1 1 0 0 0 1 0 0
 0 0 0 0 0 1 1 0 1 0 1 1 1 0 0 1 0 0 0 1
 0 1 0 1 0 1 0 1 0 0 1 1 0 0 1 0 0 0 0 1
 0 0 1 0 0 0 0 1 0 0 0 1 0 0 1 1 1 1 0 1
 1 0 0 0 1 0 0 1 0 0 1 0 1 0 1 0 0 1 1 0
 0 0 1 0 1 0 0 0 0 1 0 1 0 1 0 1 1 1 0 0
 1 0 0 0 0 1 0 0 1 0 0 1 1 1 0 0 0 1 1 0
 0 1 1 1 0 1 0 0 0 1 0 1 1 0 0 0 0 0 0 1
 1 0 0 0 0 1 0 1 0 1 0 1 0 1 0 1 0 0 1 0
 0 0 0 0 0 0 1 0 1 1 0 0 0 1 0 1 1 1 1 0
 0 1 1 0 0 0 0 0 1 0 1 1 0 1 0 0 0 0 1 1
 0 1 0 1 1 0 1 0 0 0 0 1 1 0 0 0 1 0 1 0
 0 0 0 0 0 0 1 1 1 1 0 0 1 0 1 0 1 1 0 0
 0 0 1 0 1 1 0 0 0 1 1 0 0 1 0 0 0 0 1 1
 1 0 1 0 1 1 0 0 0 1 1 1 0 0 0 1 0 0 0 0
 0 0 0 0 1 1 0 1 1 0 1 0 1 0 1 0 0 0 1 0
 0 0 0 1 1 0 1 1 0 0 0 1 0 1 1 0 0 0 1 0

Warwick 1178: balanced products, 8 products per order
20 20
 0 1 0 1 0 1 0 1 0 0 1 1 0 0 1 0 1 0 0 0
 1 0 1 1 0 1 1 1 0 1 0 0 0 0 0 0 0 1 0 0
 1 0 0 0 0 1 0 1 0 0 0 0 1 0 1 1 1 1 0 0
 0 1 1 0 0 0 0 0 1 1 0 0 1 0 1 0 0 1 0 1
 1 0 1 0 0 0 0 0 0 0 1 1 0 0 1 0 1 0 1 1
 0 0 0 0 0 0 0 1 1 1 1 1 1 0 0 0 1 1 0 0
 0 0 0 0 0 0 1 0 1 1 0 0 1 1 0 0 1 1 0 1
 0 1 1 0 0 0 0 1 0 0 0 0 1 0 1 0 1 1 1 0
 0 1 0 0 1 1 0 0 0 1 0 1 0 0 1 0 1 0 0 1
 0 1 1 0 0 1 0 1 0 1 0 0 1 1 1 0 0 0 0 0
 1 0 0 0 1 0 1 1 0 0 0 1 0 0 1 0 1 1 0 0
 0 0 1 0 0 0 1 1 1 1 1 1 0 0 0 0 0 1 0 0
 0 0 1 0 1 0 0 0 0 1 1 1 0 0 0 0 1 0 1 1
 0 1 0 1 1 1 0 0 0 0 0 1 0 0 0 0 0 1 1 1
 0 0 1 0 1 0 1 1 0 1 1 0 0 0 0 0 1 0 1 0
 0 1 0 1 1 0 1 0 1 0 0 0 0 1 0 0 1 1 0 0
 0 0 0 1 1 0 0 0 1 1 1 1 1 0 0 1 0 0 0 0
 0 0 1 0 0 1 0 0 0 0 0 1 1 0 1 1 1 0 1 0
 0 0 0 1 0 0 1 0 0 0 1 1 0 0 1 1 1 0 1 0
 0 0 0 0 0 1 1 0 1 0 0 1 1 1 1 0 0 1 0 0

Warwick 1179: balanced products, 8 products per order
20 20
 1 1 0 0 0 0 1 0 0 1 1 0 0 1 1 0 0 1 0 0
 1 1 0 1 1 0 0 1 1 0 0 0 0 0 1 0 0 1 0 0
 0 1 1 0 0 0 1 0 1 0 0 1 1 0 0 1 0 1 0 0
 0 0 0 0 0 0 0 0 1 1 1 0 0 1 1 1 0 1 0 1
 1 1 1 1 1 0 0 0 0 0 0 0 1 0 0 1 0 1 0 0
 1 0 0 0 0 0 1 0 1 0 0 0 0 1 0 0 1 1 1 1
 0 0 0 1 1 0 1 0 0 0 0 1 0 0 1 1 1 1 0 0
 0 0 0 0 1 0 1 1 0 0 0 0 1 0 0 1 1 1 1 0
 1 0 1 0 1 1 0 0 0 0 1 1 0 0 0 0 0 1 0 1
 0 1 0 0 0 0 1 0 1 1 0 1 1 0 0 0 0 0 1 1
 1 0 0 0 0 0 1 0 0 1 1 1 0 1 0 0 0 1 0 1
 1 1 0 0 0 1 1 0 0 1 1 1 0 0 0 0 0 0 0 1
 0 0 1 1 0 1 1 0 1 0 0 1 0 1 0 1 0 0 0 0
 1 0 1 0 0 0 1 1 0 0 0 0 0 0 1 1 0 1 1 0
 0 1 1 1 0 0 0 0 0 1 0 0 1 0 1 1 0 0 0 1
 0 1 1 1 0 0 0 0 0 0 1 1 0 0 0 0 1 1 1 0
 0 0 0 1 0 0 0 1 1 0 0 0 1 1 1 1 0 0 0 1
 0 1 0 0 0 1 1 0 0 1 0 1 1 0 0 0 0 1 1 0
 1 0 0 1 1 1 1 0 0 0 0 1 0 0 0 0 0 0 1 1
 1 0 0 0 0 0 0 1 0 0 1 0 0 1 0 0 1 1 1 1

Warwick 1180: balanced products, 8 products per order
20 20
 1 1 0 1 0 1 0 1 1 0 0 0 0 0 0 1 1 0 0 0
 1 0 0 0 1 0 1 0 0 1 0 0 1 0 0 0 1 1 0 1
 1 0 0 0 1 0 0 1 1 1 0 1 1 0 0 1 0 0 0 0
 0 1 1 1 1 0 0 1 1 0 0 1 0 1 0 0 0 0 0 0
 0 0 1 1 0 0 0 0 0 1 1 1 0 0 1 0 1 0 0 1
 0 1 0 1 0 1 0 1 0 1 1 0 0 1 0 0 0 0 0 1
 1 0 1 0 0 0 0 1 0 1 1 1 0 0 1 0 0 0 1 0
 0 1 0 1 0 0 0 1 0 0 1 0 1 0 1 0 1 0 1 0
 0 1 0 1 0 0 1 0 0 1 0 1 1 0 0 0 1 0 1 0
 0 0 0 0 1 0 0 1 1 0 0 1 1 0 1 1 0 0 0 1
 0 0 0 1 0 0 1 0 0 1 0 1 0 1 1 0 0 1 1 0
 0 1 0 1 0 0 1 1 1 0 0 0 0 0 1 0 0 1 0 1
 0 0 1 1 0 0 0 1 0 1 0 0 1 1 0 0 0 0 1 1
 0 0 1 0 0 1 0 1 0 0 1 0 0 1 1 0 0 1 0 1
 1 1 0 0 0 1 0 1 0 0 0 1 0 0 1 0 1 1 0 0
 0 1 0 0 1 0 1 1 0 0 1 0 1 0 1 1 0 0 0 0
 0 1 1 0 1 1 0 0 0 0 1 0 0 0 1 1 0 0 1 0
 0 0 1 0 0 0 1 0 0 1 1 1 0 1 1 0 0 0 1 0
 0 0 1 0 0 1 1 1 1 0 0 0 1 1 0 0 0 0 1 0
 1 0 0 0 1 0 1 1 0 0 0 0 1 0 1 0 1 0 0 1

Warwick 1181: balanced products, 9 products per order
20 20
 1 0 0 1 0 0 1 0 1 0 0 1 1 1 0 0 1 0 0 1
 1 0 0 1 0 1 1 0 0 0 0 0 1 1 1 1 0 1 0 0
 0 1 1 0 0 0 1 0 1 0 0 1 1 1 1 0 0 1 0 0
 1 1 1 0 0 0 0 0 0 0 1 1 1 0 0 1 1 0 0 1
 0 1 0 0 0 0 0 1 1 1 0 0 1 1 1 1 0 0 0 1
 0 0 1 0 0 1 1 0 1 1 0 0 0 1 0 0 0 1 1 1
 1 0 0 0 0 0 0 1 0 0 1 1 0 0 1 1 1 1 0 1
 1 0 1 0 0 1 0 0 1 0 1 0 0 1 1 1 1 0 0 0
 0 1 0 0 0 0 0 1 1 0 1 0 0 1 1 1 0 0 1 1
 0 1 1 1 1 1 0 1 0 1 0 1 0 0 1 0 0 0 0 0
 0 1 1 1 1 0 0 1 0 1 0 1 0 0 1 0 0 1 0 0
 0 1 1 1 0 1 0 0 1 0 1 0 0 0 0 1 1 0 1 0
 0 0 0 1 0 1 0 1 1 0 0 0 0 1 1 0 1 1 1 0
 0 1 1 0 1 0 0 1 1 0 0 0 0 0 1 1 0 0 1 1
 1 1 0 0 1 1 0 0 1 0 0 1 0 1 0 1 0 1 0 0
 1 0 0 0 1 0 0 0 1 1 0 1 1 0 0 0 0 1 1 1
 0 0 1 0 0 1 0 0 1 1 1 0 0 1 1 0 0 1 0 1
 0 0 1 0 0 1 1 0 0 1 0 1 1 1 1 0 0 0 0 1
 1 1 1 1 0 0 1 0 0 0 0 1 0 0 0 1 1 0 1 0
 1 1 0 1 0 0 1 0 0 0 1 1 1 1 1 0 0 0 0 0

Warwick 1182: balanced products, 9 products per order
20 20
 1 1 0 0 1 0 0 1 0 1 0 0 0 1 0 0 1 1 0 1
 0 0 1 0 0 0 0 0 0 1 1 1 1 1 1 1 0 1 0 0
 0 0 0 1 1 1 1 0 1 1 0 1 0 0 1 0 0 0 0 1
 0 0 0 1 0 0 1 0 1 0 1 0 0 0 1 1 1 1 0 1
 0 0 0 0 1 1 1 0 1 0 1 1 0 0 1 1 0 0 0 1
 1 0 0 0 0 1 1 0 1 0 1 0 1 0 1 1 0 0 1 0
 0 0 1 1 0 1 0 0 0 1 0 1 1 0 1 0 0 1 0 1
 0 0 1 1 1 0 0 1 1 1 1 0 0 1 0 0 0 0 0 1
 0 0 1 0 1 1 0 1 0 0 1 1 1 0 0 0 1 0 0 1
 0 0 1 1 0 1 0 1 0 0 1 1 1 1 1 0 0 0 0 0
 0 1 1 0 0 0 1 0 1 1 1 0 0 1 1 0 0 0 0 1
 1 0 1 0 0 1 1 1 1 0 1 0 0 0 0 0 1 0 1 0
 0 1 0 0 0 0 1 1 1 0 1 0 1 0 1 1 0 0 1 0
 0 0 1 1 1 0 1 0 0 1 1 0 0 0 1 0 1 1 0 0
 0 1 0 0 0 1 1 1 0 0 1 1 1 0 0 1 0 0 1 0
 1 0 1 1 1 0 0 0 1 0 0 0 0 1 0 1 1 0 0 1
 1 0 1 0 0 1 0 0 1 1 1 0 1 0 0 0 1 0 0 1
 0 0 0 1 0 1 1 1 1 0 0 0 0 0 1 0 1 1 0 1
 1 0 0 0 1 0 0 1 1 1 0 0 0 1 0 0 1 1 0 1
 1 1 1 0 1 1 0 1 1 0 0 0 0 0 1 0 1 0 0 0

Warwick 1183: balanced products, 9 products per order
20 20
 0 0 1 1 0 1 0 1 1 0 0 1 0 0 1 1 0 0 0 1
 0 0 0 1 1 1 0 1 0 0 0 1 0 1 1 0 1 0 0 1
 1 1 0 1 0 0 1 0 0 0 1 0 1 0 1 0 0 1 1 0
 1 1 0 0 1 1 1 0 1 0 0 0 1 0 0 1 0 0 1 0
 1 1 1 0 0 0 0 0 0 0 1 0 1 1 1 1 1 0 0 0
 0 0 1 0 1 0 0 1 0 0 0 1 1 1 1 0 0 0 1 1
 0 0 1 0 1 1 1 0 1 0 1 0 0 1 0 0 0 0 1 1
 0 0 0 0 0 0 1 1 1 0 0 1 0 0 1 0 1 1 1 1
 0 1 0 0 1 0 0 1 1 0 0 0 1 1 1 0 0 0 1 1
 0 0 0 1 1 0 0 1 0 1 0 0 0 0 1 1 1 0 1 1
 1 0 0 0 1 0 1 1 1 1 0 0 1 1 0 1 0 0 0 0
 1 1 0 0 0 1 1 0 0 1 0 1 1 0 0 0 1 1 0 0
 1 1 0 0 1 1 0 1 1 0 0 0 0 1 0 1 0 0 1 0
 0 1 0 1 0 0 0 0 0 1 0 0 1 1 1 1 0 1 0 1
 0 1 0 1 0 1 0 1 1 1 0 0 1 0 1 0 0 0 0 1
 0 1 0 1 1 0 1 0 0 0 1 0 0 0 1 0 1 1 0 1
 1 0 1 1 0 0 1 1 1 0 0 1 0 0 1 1 0 0 0 0
 1 0 0 1 0 1 0 1 1 0 1 1 1 0 0 0 0 0 0 1
 0 0 1 1 1 0 1 0 0 1 0 0 1 0 0 1 0 1 1 0
 0 1 1 0 0 0 0 0 0 0 0 1 1 0 1 1 1 1 0 1

Warwick 1184: balanced products, 9 products per order
20 20
 0 1 0 0 1 0 0 1 0 0 1 0 1 1 0 1 1 1 0 0
 0 0 0 0 1 1 0 0 0 1 0 1 0 1 1 0 1 1 0 1
 0 0 0 1 1 1 1 0 1 0 0 0 1 1 1 0 0 0 0 1
 1 1 1 0 0 0 1 0 0 1 0 1 1 1 0 1 0 0 0 0
 0 1 1 0 1 0 0 0 0 0 1 0 1 1 1 0 0 0 1 1
 0 1 0 1 0 0 0 1 1 1 0 0 1 1 0 0 0 1 0 1
 1 0 1 1 1 0 1 0 1 0 0 1 0 0 1 1 0 0 0 0
 0 1 0 1 1 0 1 0 0 0 1 1 0 1 1 0 0 1 0 0
 0 0 1 0 1 1 0 1 0 1 0 0 1 0 1 0 0 1 1 0
 0 1 1 1 0 0 0 0 1 1 0 1 1 0 0 1 0 0 1 0
 0 1 0 1 0 0 0 1 0 0 1 0 0 0 1 1 1 1 1 0
 1 0 0 0 0 1 1 1 0 0 1 0 1 1 0 1 0 0 1 0
 0 0 0 1 1 0 0 0 0 0 0 1 1 1 0 0 1 1 1 1
 0 0 1 0 0 1 0 0 0 1 0 1 0 0 0 1 1 1 1 1
 0 0 0 1 0 0 1 1 0 0 0 1 1 0 1 1 0 1 0 1
 1 1 0 1 1 1 1 0 1 0 0 0 0 0 1 0 1 0 0 0
 1 0 1 0 1 0 0 1 0 1 0 1 1 1 0 0 1 0 0 0
 0 1 1 1 0 0 0 1 1 0 0 1 1 0 0 0 1 1 0 0
 1 1 1 0 1 0 0 0 0 0 0 1 1 0 0 1 0 1 1 0
 0 0 0 1 0 1 0 0 0 1 1 0 0 1 1 0 1 0 1 1

Warwick 1185: balanced products, 9 products per order
20 20
 1 0 1 1 0 0 0 1 0 0 0 0 0 1 1 1 0 1 1 0
 0 0 1 1 1 0 1 1 0 1 0 0 0 1 1 0 0 1 0 0
 0 1 0 0 0 1 1 0 1 1 1 1 0 0 0 1 0 0 0 1
 0 1 1 0 1 0 0 1 0 1 1 0 0 1 0 0 1 0 1 0
 0 0 0 0 0 1 1 1 1 0 0 0 0 1 0 1 0 1 1 1
 1 0 1 0 0 0 1 0 1 0 0 0 1 1 0 0 1 0 1 1
 0 1 0 1 1 0 0 1 0 1 0 1 0 0 0 0 1 1 0 1
 0 1 1 0 1 0 0 0 0 1 1 1 1 0 1 0 0 1 0 0
 1 1 1 0 0 1 1 0 0 0 0 0 0 0 1 0 0 1 1 1
 0 0 0 0 0 1 0 1 1 1 0 1 0 0 0 1 1 1 0 1
 0 0 0 1 0 1 1 0 0 0 1 1 0 0 1 0 0 1 1 1
 0 0 1 1 0 1 1 0 1 1 0 1 0 1 0 0 0 1 0 0
 1 0 0 0 1 0 0 1 1 0 0 0 0 0 1 1 1 1 0 1
 1 0 0 1 1 1 1 0 0 0 0 0 1 1 1 0 0 0 0 1
 0 0 1 0 1 1 1 1 1 1 0 0 0 1 0 1 0 0 0 0
 1 0 1 0 0 1 0 0 1 0 0 1 1 0 1 1 0 0 0 1
 0 1 0 0 1 1 0 0 1 0 0 0 1 0 1 0 1 1 1 0
 0 0 0 1 0 0 1 1 1 1 1 1 1 1 0 0 0 0 0 0
 1 1 1 0 1 0 0 1 0 0 0 0 0 1 0 1 1 1 0 0
 1 0 1 0 0 1 0 1 0 1 0 0 0 0 0 0 1 1 1 1

Warwick 1186: balanced products, 9 products per order
20 20
 1 1 0 0 0 0 0 1 0 0 1 0 0 1 0 1 0 1 1 1
 0 0 0 0 0 1 1 1 1 0 1 1 0 0 1 1 1 0 0 0
 0 1 0 0 0 0 0 1 0 1 0 1 0 1 0 1 1 0 1 1
 0 0 0 1 1 0 0 0 1 0 1 0 1 1 0 1 0 0 1 1
 0 0 1 1 0 0 1 1 0 0 0 1 1 1 0 1 0 1 0 0
 1 0 0 0 1 1 0 0 0 0 0 1 1 1 0 1 1 0 1 0
 1 0 1 0 1 1 1 0 0 0 0 0 0 1 1 0 0 1 1 0
 1 1 0 1 1 1 1 0 1 0 0 0 0 0 1 0 1 0 0 0
 0 0 0 1 1 0 1 1 0 0 0 1 0 0 0 1 1 0 1 1
 0 0 1 1 0 0 1 0 1 1 1 1 0 0 0 0 1 0 0 1
 1 0 1 1 1 0 0 1 1 0 0 0 1 0 1 0 1 0 0 0
 0 0 0 0 0 0 1 1 0 1 1 0 0 1 1 1 1 0 0 1
 1 1 1 1 0 0 1 1 0 0 0 1 0 0 0 0 1 1 0 0
 0 0 0 0 1 0 0 1 1 1 0 0 0 1 1 0 0 1 1 1
 1 0 0 1 1 0 0 0 0 0 0 0 1 1 1 0 1 1 1 0
 0 1 1 1 1 1 1 1 0 1 0 0 0 0 0 1 0 0 0 0
 1 0 1 0 0 1 1 1 0 0 0 0 0 1 1 1 0 1 0 0
 1 1 0 1 0 0 1 0 1 1 0 1 0 0 0 0 1 0 0 1
 0 1 1 1 1 1 0 0 0 1 0 0 0 0 0 1 0 0 1 1
 1 0 1 0 0 1 1 0 0 0 1 0 1 0 0 0 0 1 1 1

Warwick 1187: balanced products, 9 products per order
20 20
 1 0 0 0 1 0 0 1 1 1 1 0 1 0 1 0 0 0 1 0
 0 0 0 0 1 1 1 0 1 0 1 0 1 1 1 0 0 1 0 0
 1 1 1 0 0 0 1 0 1 0 0 0 1 0 1 0 0 1 0 1
 0 0 1 0 0 0 1 1 0 1 0 1 1 0 1 1 1 0 0 0
 1 1 1 0 0 0 1 0 0 0 0 1 1 0 1 1 1 0 0 0
 0 1 1 0 1 0 0 0 1 0 1 0 0 0 1 0 1 1 1 0
 0 1 1 1 0 1 1 0 1 0 0 0 1 0 0 0 1 1 0 0
 1 1 1 0 0 1 0 1 0 1 0 0 0 1 0 1 0 0 1 0
 0 0 1 0 0 1 0 1 1 1 1 0 0 0 1 0 0 1 0 1
 1 0 1 0 0 0 1 0 0 1 1 1 1 0 1 0 0 0 0 1
 1 0 0 1 1 0 0 1 0 0 0 1 1 0 0 1 1 0 1 0
 1 1 1 0 0 1 0 0 1 0 0 0 1 0 0 1 1 0 1 0
 1 0 0 0 1 0 0 0 0 1 0 1 0 0 1 0 1 1 1 1
 0 1 1 0 0 1 0 0 0 1 0 1 1 0 1 0 0 0 1 1
 1 1 0 0 1 1 0 1 1 0 0 1 0 0 0 0 1 1 0 0
 0 0 1 0 0 1 1 1 1 0 0 1 0 1 1 0 0 0 1 0
 1 0 0 1 0 0 0 0 1 0 0 0 1 0 0 1 1 1 1 1
 0 1 1 0 1 1 0 0 1 0 0 1 0 0 0 0 1 0 1 1
 0 1 1 0 1 1 0 0 1 0 0 1 0 1 0 1 0 0 1 0
 1 1 0 1 0 0 0 1 0 1 0 1 0 1 0 1 1 0 0 0

Warwick 1188: balanced products, 9 products per order
20 20
 1 1 0 0 0 0 0 0 1 1 1 0 1 1 0 0 0 0 1 1
 0 1 0 0 1 1 0 0 0 0 0 0 1 0 1 0 1 1 1 1
 1 0 0 0 1 0 1 0 1 0 1 1 0 0 1 1 0 1 0 0
 0 0 1 0 1 0 0 1 0 1 0 1 1 0 0 1 1 0 1 0
 1 1 0 0 1 0 0 0 0 0 1 0 0 1 1 0 1 1 1 0
 1 0 1 1 0 0 0 0 0 0 1 0 1 1 0 1 1 0 1 0
 1 1 1 1 0 0 0 0 1 0 0 1 0 0 0 1 1 1 0 0
 1 1 0 1 0 1 1 0 1 1 1 0 0 0 0 0 0 0 1 0
 0 1 0 1 1 1 1 0 0 1 0 1 0 1 0 1 0 0 0 0
 1 1 0 1 1 0 0 0 1 0 0 0 0 1 0 0 1 0 1 1
 1 0 0 0 0 1 0 1 1 0 1 1 0 0 0 0 1 0 1 1
 1 1 1 0 1 0 1 0 0 0 0 0 1 0 1 1 0 1 0 0
 0 1 1 1 0 0 0 1 0 1 0 0 1 0 1 0 0 0 1 1
 1 0 0 0 0 1 1 1 0 0 0 1 0 1 0 0 0 1 1 1
 0 1 0 1 0 1 0 1 0 0 0 1 0 1 0 1 0 0 1 1
 0 1 1 0 1 0 0 1 1 0 0 1 0 0 0 0 0 1 1 1
 0 0 0 0 0 1 0 1 1 0 0 1 0 1 0 1 1 1 1 0
 1 1 0 1 0 0 1 1 0 0 0 0 1 1 0 0 0 0 1 1
 1 1 1 0 1 0 0 0 1 1 1 1 0 0 0 1 0 0 0 0
 1 1 0 0 0 0 1 1 1 0 0 0 0 0 1 0 1 1 0 1

Warwick 1189: balanced products, 9 products per order
20 20
 0 1 0 0 1 1 0 0 0 1 1 0 1 1 1 1 0 0 0 0
 1 1 1 0 0 0 0 0 1 1 1 0 0 0 0 0 1 0 1 1
 1 0 0 0 0 1 0 1 0 1 1 1 0 0 1 1 0 1 0 0
 0 1 0 0 1 1 0 1 0 1 1 0 0 1 0 0 0 0 1 1
 0 1 0 1 1 0 0 0 0 0 1 1 0 0 1 0 0 1 1 1
 1 1 1 1 1 0 0 0 0 1 1 0 0 0 1 0 1 0 0 0
 1 0 0 1 0 1 0 1 0 0 0 0 1 1 1 0 0 1 1 0
 1 0 1 0 1 1 1 1 1 0 0 0 0 0 0 0 1 1 0 0
 1 0 0 0 0 0 1 0 1 0 1 1 1 0 0 1 0 0 1 1
 1 0 0 1 1 1 0 1 0 0 0 1 1 0 0 1 1 0 0 0
 1 0 0 1 0 0 1 1 0 0 0 1 0 1 1 0 0 0 1 1
 1 1 1 0 0 0 0 0 0 1 1 0 1 0 0 0 1 0 1 1
 0 0 1 1 0 1 1 1 1 0 0 1 0 0 0 1 1 0 0 0
 1 0 1 0 0 0 1 0 0 1 1 1 1 1 0 0 0 0 1 0
 0 1 1 1 0 0 1 1 0 0 0 0 0 1 1 1 0 0 1 0
 0 1 0 0 0 0 0 1 0 1 1 0 1 1 0 1 0 1 1 0
 0 1 1 0 1 0 1 1 1 0 0 0 0 0 0 1 1 0 0 1
 0 1 0 1 0 1 1 0 0 0 1 1 0 0 1 0 0 1 0 1
 0 1 1 1 0 0 0 0 1 0 1 1 0 0 1 1 0 0 0 1
 1 0 0 0 1 0 1 1 0 0 1 0 0 1 1 0 1 1 0 0

Warwick 1190: balanced products, 9 products per order
20 20
 0 1 0 0 0 1 1 0 1 1 0 1 1 1 0 1 0 0 0 0
 0 0 1 0 1 1 1 1 0 1 0 0 1 0 0 0 1 0 1 0
 1 1 0 1 0 0 0 0 0 1 1 1 1 1 0 0 0 1 0 0
 1 0 1 1 0 0 1 1 1 1 0 0 0 0 0 1 0 0 0 1
 0 1 1 1 0 0 0 0 0 1 0 0 1 0 1 0 0 1 1 1
 0 1 0 1 0 1 0 1 0 0 1 0 0 0 0 1 1 1 0 1
 1 1 1 0 1 1 0 0 0 0 1 1 0 1 0 0 0 1 0 0
 0 1 1 0 0 0 0 1 0 0 1 1 0 0 0 1 0 1 1 1
 1 1 0 0 0 1 0 0 1 1 1 1 0 1 0 0 1 0 0 0
 1 0 1 1 1 0 0 1 1 0 0 0 0 1 1 0 1 0 0 0
 0 0 1 0 1 0 1 1 0 1 0 0 1 1 0 0 0 1 0 1
 0 1 0 0 0 0 1 0 1 1 1 1 0 0 1 0 0 1 0 1
 0 0 1 1 0 1 1 0 0 1 1 0 0 0 0 1 0 1 1 0
 1 0 0 1 0 1 0 1 0 0 0 1 0 1 0 0 1 0 1 1
 0 1 0 1 1 1 0 1 1 0 0 0 0 0 0 1 0 0 1 1
 0 1 0 1 0 1 0 0 1 1 1 0 0 0 1 1 1 0 0 0
 0 1 0 1 0 0 1 0 1 0 0 1 1 0 1 0 0 1 1 0
 0 0 0 1 1 0 0 0 0 1 1 1 1 0 1 1 1 0 0 0
 0 0 1 1 1 1 0 1 0 1 0 1 0 0 0 0 0 1 0 1
 1 0 1 1 1 0 1 0 0 0 0 1 0 0 1 0 1 1 0 0

Warwick 1191: balanced products, 10 products per order
20 20
 1 0 1 1 1 0 1 1 0 0 1 0 1 0 0 0 0 1 0 1
 1 1 0 0 1 1 0 0 0 1 1 0 0 1 0 1 0 1 0 1
 0 0 0 0 0 0 1 1 1 1 0 0 1 1 1 0 1 1 1 0
 1 1 0 1 0 0 0 1 0 1 0 1 1 0 1 0 0 1 0 1
 0 1 0 1 0 1 0 1 1 0 1 1 1 0 0 0 0 0 1 1
 0 1 0 0 1 1 0 1 0 1 1 1 0 0 1 0 1 1 0 0
 0 0 1 0 0 0 0 1 1 1 0 1 1 0 1 1 1 0 1 0
 0 0 1 0 0 0 1 0 0 1 1 1 1 1 1 0 1 0 1 0
 0 0 0 1 1 0 0 1 1 1 1 1 0 1 1 0 0 0 1 0
 1 0 1 1 1 0 1 0 0 0 1 1 1 1 0 0 0 1 0 0
 1 1 0 1 0 1 0 1 0 1 0 0 0 0 1 1 1 1 0 0
 0 0 0 1 0 1 0 0 1 1 1 0 1 1 0 0 1 1 1 0
 0 0 0 1 0 0 0 0 0 1 1 0 1 1 1 1 1 0 1 1
 1 1 1 0 1 0 0 0 1 0 1 0 0 1 1 1 0 0 1 0
 1 0 0 1 0 0 1 1 0 0 1 0 1 1 0 0 1 1 1 0
 0 1 0 1 0 1 0 0 0 1 0 1 1 1 0 0 1 1 1 0
 1 0 0 0 1 0 1 0 1 0 0 0 1 1 1 0 1 0 1 1
 1 1 0 1 0 1 1 0 0 1 0 0 0 0 1 1 1 1 0 0
 1 0 0 0 0 0 1 1 0 1 0 0 0 1 1 1 0 1 1 1
 0 0 0 1 0 0 1 1 1 1 0 0 0 1 1 0 1 1 1 0

Warwick 1192: balanced products, 10 products per order
20 20
 0 1 1 1 1 1 0 0 0 1 0 1 1 0 0 0 1 1 0 0
 0 0 1 0 0 1 1 0 1 0 0 0 0 0 1 1 1 1 1 1
 1 1 0 0 0 1 1 1 0 1 0 1 0 0 0 1 0 1 1 0
 1 0 0 1 0 0 1 1 1 0 0 0 0 0 1 1 1 1 1 0
 1 0 0 0 0 1 1 1 0 0 0 1 0 1 1 1 0 1 1 0
 0 0 0 1 0 0 1 0 0 0 1 1 1 1 1 1 1 1 0 0
 1 1 1 1 0 1 0 0 1 0 0 1 1 1 0 0 0 1 0 0
 0 1 0 1 1 0 0 0 1 1 1 0 0 1 0 1 0 0 1 1
 1 0 0 0 0 1 0 0 0 1 1 1 1 1 1 0 0 0 1 1
 1 0 0 0 0 0 1 1 1 1 0 1 0 1 1 0 1 0 1 0
 0 0 1 1 0 1 0 0 1 0 0 1 1 0 1 1 1 1 0 0
 0 0 1 1 0 0 0 1 1 1 1 1 0 0 1 0 0 1 0 1
 1 0 0 0 0 0 1 1 0 0 0 1 1 0 1 1 0 1 1 1
 1 0 1 1 0 1 1 0 0 1 0 0 1 0 1 0 0 1 0 1
 1 1 0 0 1 0 0 1 1 1 1 1 0 1 0 0 0 0 0 1
 1 0 0 1 1 1 0 0 1 0 0 1 1 0 1 1 0 0 1 0
 1 0 1 0 0 1 0 0 1 1 0 1 0 1 0 0 1 1 1 0
 1 0 1 1 1 1 0 0 0 1 1 1 0 1 0 0 0 0 1 0
 0 0 1 1 1 0 1 0 1 0 1 1 1 0 0 1 0 1 0 0
 0 1 0 1 1 0 0 0 1 1 0 1 0 1 0 1 1 0 1 0

Warwick 1193: balanced products, 10 products per order
20 20
 1 0 1 0 1 1 0 1 0 0 1 1 0 0 0 1 0 0 1 1
 0 0 1 1 1 1 0 1 1 0 0 1 1 0 1 0 1 0 0 0
 0 0 1 1 0 0 1 1 1 0 1 0 0 0 1 0 1 0 1 1
 0 0 0 0 0 0 1 1 0 1 0 0 1 1 1 1 1 0 1 1
 0 0 1 1 0 0 1 0 0 0 1 1 1 0 0 1 0 1 1 1
 0 1 1 1 0 1 0 0 1 0 0 1 0 1 0 1 1 1 0 0
 0 0 0 1 0 0 1 1 1 0 0 1 1 0 1 0 1 0 1 1
 0 0 0 1 0 1 1 0 1 1 0 0 1 1 0 0 0 1 1 1
 1 1 1 0 1 0 1 1 0 0 0 1 0 1 1 0 0 0 1 0
 1 0 1 0 0 0 1 1 1 1 0 1 1 0 0 0 1 1 0 0
 0 1 0 0 0 0 1 1 1 1 0 0 1 0 1 0 0 1 1 1
 0 0 0 1 1 1 0 1 0 0 1 1 1 0 0 1 0 1 1 0
 1 1 0 1 0 0 1 0 1 1 0 1 1 0 0 1 1 0 0 0
 1 1 0 0 0 0 0 0 0 1 0 0 1 1 1 1 1 1 1 0
 0 1 0 0 0 0 1 0 0 1 1 0 1 1 0 1 1 1 0 1
 1 1 0 1 1 0 0 1 0 0 0 0 0 0 1 1 1 1 1 0
 0 1 1 0 0 0 1 1 1 0 1 1 0 1 0 0 0 1 1 0
 1 1 0 1 0 0 0 1 1 0 1 1 0 0 1 1 0 1 0 0
 0 0 1 0 1 1 1 0 0 0 0 1 0 1 1 1 1 1 0 0
 1 0 1 0 1 0 1 0 0 1 1 0 1 0 1 1 0 0 1 0

Warwick 1194: balanced products, 10 products per order
20 20
 1 1 1 1 1 1 0 0 0 0 1 1 1 1 0 0 0 0 0 0
 0 1 1 1 1 0 0 1 0 1 0 1 0 0 0 1 0 0 1 1
 1 1 1 0 1 1 0 1 1 1 0 0 0 1 0 0 1 0 0 0
 0 0 1 1 0 0 1 1 0 1 0 0 0 1 0 1 0 1 1 1
 1 1 0 1 0 0 0 0 1 0 1 1 0 1 1 0 1 0 1 0
 1 1 0 0 0 1 1 1 0 0 0 1 1 0 1 0 1 0 1 0
 0 0 0 0 1 1 1 0 0 1 1 1 0 0 1 1 1 1 0 0
 1 1 0 1 0 1 0 1 0 1 0 0 1 0 1 0 1 0 0 1
 0 1 1 1 1 1 0 0 0 1 0 0 1 1 0 0 0 0 1 1
 0 1 0 0 0 0 1 0 1 0 0 0 1 1 1 1 1 0 1 1
 0 1 0 1 0 0 1 0 0 1 1 1 1 0 0 1 0 1 0 1
 0 0 1 1 0 0 1 0 1 0 0 1 1 1 1 0 0 0 1 1
 0 1 1 0 1 1 0 1 1 0 0 1 0 0 1 0 1 1 0 0
 1 1 0 1 1 0 0 1 1 1 0 0 1 0 0 0 0 1 1 0
 1 0 0 0 1 0 1 1 1 0 1 1 1 0 0 1 0 1 0 0
 1 1 0 0 1 1 0 0 0 0 0 0 1 1 1 0 1 1 1 0
 0 1 0 0 1 0 1 0 0 0 0 1 1 1 1 1 0 0 1 1
 1 0 1 0 1 0 1 0 1 0 1 0 0 1 1 1 0 1 0 0
 1 1 0 1 0 1 0 1 0 0 0 1 1 0 0 0 1 0 1 1
 0 1 1 0 0 1 0 1 1 1 0 1 0 0 0 1 0 1 0 1

Warwick 1195: balanced products, 10 products per order
20 20
 1 1 0 0 0 1 1 1 1 0 0 0 0 0 1 1 0 0 1 1
 1 1 1 0 0 0 1 0 1 0 0 1 0 1 0 1 1 0 0 1
 1 1 0 0 0 1 1 0 0 1 0 0 0 1 1 1 0 0 1 1
 1 1 1 0 1 0 0 0 0 1 1 0 0 1 0 1 1 0 1 0
 1 0 0 0 0 1 1 0 0 1 0 0 1 1 1 0 0 1 1 1
 1 0 1 0 0 0 1 1 1 1 0 0 1 0 1 1 0 0 1 0
 0 1 0 0 1 0 1 1 1 0 0 0 1 0 1 1 0 1 1 0
 0 1 1 0 0 0 0 0 1 1 1 1 1 1 0 0 1 0 0 1
 1 1 0 1 1 0 1 0 1 0 1 0 0 0 1 1 0 1 0 0
 1 0 1 1 1 0 0 1 1 0 0 1 0 0 0 0 1 1 1 0
 0 0 1 1 0 1 1 1 1 0 0 0 0 1 1 0 0 1 1 0
 0 1 1 1 0 0 1 1 0 0 0 1 0 0 1 1 1 0 1 0
 1 1 1 1 1 1 0 0 1 0 0 0 0 0 1 0 1 0 0 1
 0 0 0 0 0 1 1 0 0 1 1 1 1 1 1 0 0 1 1 0
 1 0 0 1 0 0 0 1 0 1 1 0 1 1 0 0 1 0 1 1
 1 1 1 1 1 0 0 0 0 1 0 1 0 0 1 0 1 0 0 1
 1 0 1 1 1 0 0 0 0 0 0 0 1 1 1 0 1 1 0 1
 1 0 1 1 0 1 0 1 0 1 0 0 1 0 1 1 1 0 0 0
 0 1 1 0 0 0 1 0 0 0 0 1 1 1 1 0 1 1 1 0
 0 1 0 0 0 0 0 1 0 0 1 1 1 0 1 1 1 0 1 1

Warwick 1196: balanced products, 10 products per order
20 20
 0 1 1 0 1 0 0 1 1 0 1 0 0 1 0 1 1 0 0 1
 1 0 0 0 1 1 0 0 0 1 1 0 1 0 1 0 1 0 1 1
 0 1 1 1 0 0 0 0 1 1 1 0 0 0 1 1 0 1 1 0
 0 0 1 1 1 0 1 0 0 1 1 1 0 1 0 0 1 1 0 0
 0 0 0 0 1 1 0 1 1 0 1 0 1 0 1 0 1 1 1 0
 0 1 1 1 0 0 0 1 1 1 1 0 0 0 0 1 1 1 0 0
 0 0 1 1 1 1 0 0 0 0 1 1 0 1 1 0 1 1 0 0
 1 0 1 1 1 0 1 0 1 0 1 0 0 0 0 0 1 1 1 0
 1 0 0 1 1 1 0 0 1 1 1 0 0 0 1 1 0 0 1 0
 1 0 0 1 1 0 1 1 1 0 0 0 1 0 0 0 1 1 1 0
 0 0 1 1 0 1 0 1 0 0 1 1 0 1 1 0 0 1 0 1
 0 0 0 1 0 1 1 0 0 1 1 1 0 1 1 1 0 0 0 1
 0 1 0 1 1 0 0 1 1 0 0 1 0 1 0 1 0 0 1 1
 0 1 1 0 0 0 1 0 0 1 1 1 1 1 0 0 1 0 0 1
 1 0 0 0 0 1 1 0 0 1 1 1 0 0 1 0 0 1 1 1
 0 0 0 0 1 1 1 1 0 1 0 1 0 1 1 0 1 1 0 0
 1 0 1 1 1 1 1 0 0 0 0 1 0 1 1 0 0 0 0 1
 1 0 0 1 0 0 1 1 1 0 0 1 0 1 1 0 0 1 0 1
 0 0 0 0 1 0 1 0 0 1 1 0 1 1 0 0 1 1 1 1
 0 0 0 1 1 1 0 0 1 0 1 1 1 0 0 1 0 1 1 0

Warwick 1197: balanced products, 10 products per order
20 20
 0 1 0 1 0 0 1 0 0 1 1 1 1 0 0 1 0 1 0 1
 0 1 1 1 1 1 0 1 0 1 0 0 1 1 0 0 0 0 1 0
 0 0 1 0 1 1 1 1 0 1 0 1 1 0 0 0 1 1 0 0
 1 0 0 0 0 1 1 1 1 1 1 0 0 1 0 0 1 0 1 0
 1 1 1 1 1 0 0 1 1 0 1 1 0 1 0 0 0 0 0 0
 1 0 0 1 1 0 1 1 1 1 1 0 0 0 0 0 1 0 1 0
 1 1 0 1 0 0 0 1 1 1 1 0 1 0 0 1 1 0 0 0
 1 1 1 0 0 0 0 1 0 0 0 0 1 1 1 0 1 1 1 0
 0 1 0 0 1 0 1 1 0 1 1 0 0 1 0 1 1 1 0 0
 1 1 0 0 0 1 1 0 1 0 0 0 1 1 0 0 1 1 1 0
 1 1 0 1 0 1 1 0 0 1 0 1 1 0 0 0 0 1 1 0
 1 1 1 0 0 1 1 0 1 0 0 0 1 0 0 0 1 1 0 1
 0 0 0 0 0 0 0 1 0 1 1 0 1 1 1 1 1 1 1 0
 1 1 0 0 0 0 1 1 1 1 0 0 1 0 1 0 1 0 0 1
 0 1 0 0 1 0 1 0 1 1 0 1 1 1 0 1 0 0 1 0
 1 0 1 1 0 1 0 0 0 0 0 1 0 1 1 1 1 1 0 0
 1 0 0 0 0 1 0 1 0 1 0 0 0 1 0 1 1 1 1 1
 0 0 1 0 1 1 0 0 0 0 1 0 1 1 1 0 1 1 1 0
 1 1 0 1 1 1 0 1 0 0 0 0 1 0 1 0 1 1 0 0
 0 1 0 0 1 1 0 1 0 0 1 1 1 0 1 1 0 0 0 1

Warwick 1198: balanced products, 10 products per order
20 20
 0 0 1 1 1 0 1 0 1 1 0 0 1 1 0 0 1 0 0 1
 0 1 1 0 1 0 1 0 1 1 0 0 0 1 1 1 0 0 0 1
 1 0 1 0 0 1 1 1 0 1 1 0 0 1 1 0 0 0 1 0
 0 0 0 1 1 1 0 0 1 0 1 0 1 1 1 0 0 0 1 1
 0 1 0 1 0 1 0 1 0 0 1 1 0 1 0 0 1 1 1 0
 0 0 1 1 1 0 1 1 1 1 0 1 0 0 0 0 0 1 1 0
 1 0 1 0 1 0 0 0 1 1 1 1 1 0 1 0 0 0 0 1
 0 1 0 1 0 1 1 0 0 1 1 0 0 1 0 0 1 1 1 0
 0 0 1 0 0 0 1 1 1 0 0 0 1 1 1 1 1 1 0 0
 1 0 0 1 1 1 1 0 0 0 1 0 1 0 0 0 1 0 1 1
 0 0 0 1 0 0 1 1 1 0 1 1 0 0 1 1 1 1 0 0
 1 1 1 1 0 1 1 0 0 1 0 0 1 0 0 1 0 0 1 0
 0 1 1 1 1 0 0 1 0 1 1 0 0 0 0 1 0 1 1 0
 0 0 1 0 0 0 1 1 0 1 1 1 0 1 0 0 1 1 1 0
 0 1 1 1 0 0 1 0 1 0 0 0 1 1 0 1 0 0 1 1
 0 1 1 0 0 0 0 0 0 1 1 1 1 1 1 1 1 0 0 0
 1 0 1 1 0 0 0 0 1 0 0 1 1 1 0 0 1 1 0 1
 0 1 0 1 0 1 1 1 0 1 0 1 1 0 0 1 0 0 0 1
 1 0 1 0 1 1 0 0 0 1 0 1 0 1 0 1 0 1 0 1
 1 1 0 0 1 1 0 1 0 0 1 1 0 0 0 1 1 0 0 1

Warwick 1199: balanced products, 10 products per order
20 20
 1 0 0 0 1 1 1 0 1 1 0 0 0 1 1 0 0 1 0 1
 1 1 0 1 0 0 1 0 1 1 0 1 0 0 1 0 0 1 0 1
 1 1 1 0 1 0 0 0 0 0 1 0 0 0 0 1 1 1 1 1
 1 1 1 0 0 1 0 0 0 0 0 1 0 1 0 1 1 0 1 1
 0 1 1 0 0 1 0 0 1 0 1 0 0 1 1 0 0 1 1 1
 1 1 0 1 0 0 0 0 1 0 1 1 0 1 0 1 1 0 1 0
 1 1 1 1 0 0 0 1 0 1 0 1 1 1 1 0 0 0 0 0
 1 0 1 0 0 0 0 1 1 1 0 1 1 0 0 0 1 0 1 1
 0 0 1 0 1 0 0 1 1 1 1 0 1 1 1 0 0 1 0 0
 1 0 1 0 1 0 0 1 0 0 1 1 1 0 1 0 1 1 0 0
 1 0 1 1 0 0 1 0 1 1 1 0 0 1 1 0 0 0 1 0
 1 0 0 0 1 1 1 1 1 0 1 0 0 0 1 1 1 0 0 0
 0 1 1 0 0 0 0 1 0 0 1 1 1 0 0 1 1 1 0 1
 1 1 1 0 0 0 1 0 1 1 1 1 0 0 0 1 1 0 0 0
 0 0 0 0 0 0 1 0 1 1 1 1 1 1 1 1 0 0 0 1
 0 1 1 1 0 1 1 1 0 1 1 1 0 0 0 1 0 0 0 0
 1 0 1 0 0 1 0 1 0 1 1 1 0 0 1 0 0 1 0 1
 0 0 1 0 0 1 0 0 1 0 1 1 0 1 0 1 0 1 1 1
 1 1 1 0 0 1 1 1 0 0 1 1 0 1 0 1 0 0 0 0
 0 1 0 0 0 1 0 0 1 0 0 0 1 1 1 1 0 1 1 1

Warwick 1200: balanced products, 10 products per order
20 20
 1 0 0 0 1 0 1 0 0 1 1 1 1 1 0 1 0 0 0 1
 1 1 0 0 1 0 0 0 1 1 1 1 0 0 1 0 0 0 1 1
 0 0 0 0 0 1 1 1 0 0 0 1 1 1 1 0 1 1 0 1
 1 0 0 0 1 1 0 1 0 0 0 1 0 0 1 1 1 1 0 1
 0 1 1 0 1 1 1 1 0 0 0 0 1 0 0 0 0 1 1 1
 0 0 1 1 1 0 0 0 0 1 0 1 1 1 1 1 0 0 0 1
 0 0 0 1 1 1 1 0 1 1 0 1 0 0 0 1 0 1 0 1
 1 0 1 0 1 0 1 0 1 0 1 0 1 0 0 1 0 0 1 1
 0 0 1 1 1 1 0 1 1 0 1 0 1 1 0 0 0 0 1 0
 1 1 0 0 0 1 0 0 1 1 1 1 1 0 0 0 0 1 0 1
 1 0 0 0 1 0 1 0 1 1 0 0 1 1 1 1 0 1 0 0
 1 0 0 0 1 1 1 1 0 1 1 0 0 0 0 1 1 0 1 0
 1 0 1 1 1 0 1 0 0 1 0 1 1 1 0 0 0 1 0 0
 0 1 0 0 1 1 0 0 1 0 1 1 0 1 1 0 0 0 1 1
 0 0 1 1 0 1 0 1 0 0 1 1 0 1 0 0 1 1 1 0
 1 1 0 0 0 1 1 0 1 1 0 0 1 0 1 1 0 1 0 0
 0 0 1 0 0 1 0 1 0 0 1 0 1 0 1 0 1 1 1 1
 0 1 1 0 0 1 0 0 1 1 1 1 1 0 0 0 0 0 1 1
 1 1 0 1 0 0 1 1 0 0 1 1 0 0 0 0 1 1 1 0
 0 0 0 1 1 0 0 0 1 0 0 0 1 1 1 1 0 1 1 1

