Warwick 311: balanced products, 6 products per order
10 30
 0 0 0 1 0 0 1 0 1 0 0 1 0 0 0 1 0 0 0 0 0 0 0 0 0 0 0 1 0 0
 0 1 0 0 0 1 0 0 0 0 0 0 0 0 0 1 0 0 0 1 0 0 1 0 0 0 0 1 0 0
 0 0 0 1 0 1 0 0 0 0 0 1 0 0 0 0 0 0 0 1 0 0 0 0 0 0 0 0 1 1
 1 0 0 0 0 0 1 1 0 0 0 0 0 0 1 0 1 0 0 0 0 0 0 0 0 1 0 0 0 0
 1 0 0 0 0 0 0 0 0 1 0 0 0 0 0 1 1 0 0 0 0 0 0 1 0 0 1 0 0 0
 0 0 0 0 1 0 0 0 0 0 0 0 1 1 0 0 0 0 0 1 0 0 1 0 0 0 0 0 0 1
 0 0 0 0 1 1 1 0 0 0 0 1 0 0 0 0 0 0 0 1 1 0 0 0 0 0 0 0 0 0
 0 0 0 0 1 0 1 1 0 0 0 0 0 0 0 0 0 0 1 0 0 1 1 0 0 0 0 0 0 0
 0 0 1 0 0 1 0 0 0 0 1 0 0 1 0 0 0 0 0 0 0 0 0 0 0 0 0 1 0 1
 0 0 0 1 0 0 0 0 0 0 0 0 0 1 0 0 0 1 0 0 0 0 0 1 1 0 0 0 1 0

Warwick 312: balanced products, 6 products per order
10 30
 0 0 0 0 0 1 0 1 0 0 0 0 0 1 0 0 1 0 0 0 1 0 0 0 0 0 1 0 0 0
 0 0 0 0 0 0 0 0 1 1 0 0 1 0 0 0 0 0 0 0 0 0 0 1 0 1 1 0 0 0
 0 0 0 0 0 0 0 1 0 0 0 1 0 0 0 0 0 1 1 0 0 0 1 0 0 0 0 0 0 1
 0 0 0 1 0 0 0 0 0 1 1 1 0 0 0 0 1 0 0 0 0 1 0 0 0 0 0 0 0 0
 0 0 0 0 1 0 0 0 0 0 0 0 0 1 0 0 0 0 0 1 1 0 0 1 0 0 0 0 1 0
 0 1 1 0 0 0 0 0 1 1 0 0 0 0 1 0 0 0 0 0 0 0 0 1 0 0 0 0 0 0
 0 0 0 0 0 0 1 0 0 0 0 0 0 0 0 0 1 0 1 0 1 0 0 1 1 0 0 0 0 0
 0 0 0 0 0 0 0 0 0 0 1 1 1 1 0 0 0 0 0 0 0 0 0 0 0 0 1 0 0 1
 0 0 0 0 0 0 1 1 0 0 0 0 0 0 0 1 0 0 0 0 0 0 1 0 0 1 0 1 0 0
 1 1 0 1 0 0 0 0 0 1 0 0 0 0 0 0 0 0 0 0 1 0 0 0 0 0 0 1 0 0

Warwick 313: balanced products, 6 products per order
10 30
 0 0 1 1 0 0 0 0 0 0 0 0 0 0 0 0 0 1 0 0 0 0 0 1 0 0 0 1 1 0
 0 0 0 0 0 0 0 0 1 1 0 0 0 1 0 0 0 0 0 0 0 0 1 0 0 1 0 1 0 0
 0 0 0 0 0 0 0 0 0 0 0 0 0 0 0 0 0 1 1 0 1 1 1 1 0 0 0 0 0 0
 1 0 0 0 0 1 0 1 0 0 1 0 0 0 0 0 0 0 0 0 0 0 0 0 1 0 0 0 0 1
 0 0 0 0 0 0 0 0 0 0 0 0 0 0 1 0 0 0 1 0 1 0 0 1 1 0 0 0 0 1
 0 0 0 0 0 0 0 0 0 0 0 1 1 0 0 0 1 0 1 0 0 0 1 0 0 0 1 0 0 0
 0 0 0 1 1 1 0 0 0 1 0 0 0 0 0 0 0 0 0 0 0 0 0 0 0 0 0 1 0 1
 0 1 0 1 0 0 0 0 0 0 0 1 0 1 0 0 0 0 0 1 0 0 0 0 0 1 0 0 0 0
 0 0 0 0 1 0 1 1 0 0 0 0 0 0 0 0 0 0 0 0 0 0 1 1 0 0 1 0 0 0
 0 0 0 0 1 0 0 0 0 1 1 0 0 1 0 1 0 0 0 0 0 0 0 0 0 0 0 1 0 0

Warwick 314: balanced products, 6 products per order
10 30
 0 0 0 0 0 0 0 0 0 1 1 0 0 0 0 1 0 1 0 0 0 1 0 0 0 0 1 0 0 0
 0 0 0 0 1 0 0 0 0 0 0 1 0 0 0 0 0 0 0 1 1 0 0 0 1 0 1 0 0 0
 0 0 1 0 0 1 0 0 0 0 0 0 0 0 1 1 0 0 0 0 0 0 0 1 1 0 0 0 0 0
 0 0 0 0 0 0 1 0 0 1 1 0 0 0 0 0 0 0 0 0 0 1 0 0 0 1 1 0 0 0
 0 0 0 0 0 0 1 0 0 0 0 0 1 1 0 0 1 1 0 0 0 0 0 0 0 0 0 0 0 1
 0 0 0 0 0 0 0 0 1 0 0 0 1 0 0 0 0 0 0 1 0 0 1 1 0 0 0 0 1 0
 0 0 0 1 0 0 0 0 0 0 0 0 0 0 1 1 0 0 0 0 0 1 0 0 1 0 0 1 0 0
 0 1 0 0 1 0 0 0 0 0 0 1 0 0 0 1 0 1 0 0 0 0 0 0 0 1 0 0 0 0
 1 0 0 0 0 0 1 1 1 0 0 0 0 0 0 1 0 0 1 0 0 0 0 0 0 0 0 0 0 0
 0 0 0 0 1 1 1 0 0 0 0 1 0 0 0 1 0 0 0 1 0 0 0 0 0 0 0 0 0 0

Warwick 315: balanced products, 6 products per order
10 30
 0 0 0 0 0 0 0 0 0 0 1 0 0 0 0 1 0 0 0 1 0 0 0 1 0 0 0 1 0 1
 0 1 0 0 0 0 0 0 1 0 0 0 0 0 1 0 0 0 0 1 0 0 0 1 0 0 0 0 0 1
 0 0 0 0 0 0 1 0 0 1 1 0 0 0 0 0 0 0 1 0 0 0 1 0 1 0 0 0 0 0
 0 1 0 1 0 0 1 0 1 0 0 1 0 0 0 0 0 0 0 0 0 0 0 0 0 1 0 0 0 0
 0 0 0 1 0 1 1 0 0 0 0 0 0 0 0 1 1 0 0 0 0 1 0 0 0 0 0 0 0 0
 0 0 1 0 0 0 1 0 0 0 0 1 0 1 0 1 0 0 0 0 0 0 1 0 0 0 0 0 0 0
 0 1 0 0 1 0 0 1 0 0 0 0 0 0 0 0 0 1 0 0 1 0 0 0 0 0 1 0 0 0
 1 0 0 1 0 0 0 0 0 0 0 0 0 0 0 0 1 1 0 0 0 0 0 0 0 1 0 1 0 0
 0 0 0 0 0 0 0 0 1 0 0 1 0 1 0 0 0 0 0 0 0 0 1 0 0 1 0 0 1 0
 0 0 0 0 0 0 1 0 0 1 0 0 1 0 0 0 0 0 0 0 1 0 1 0 1 0 0 0 0 0

Warwick 316: balanced products, 6 products per order
10 30
 1 0 1 0 0 0 0 0 1 0 1 0 1 0 1 0 0 0 0 0 0 0 0 0 0 0 0 0 0 0
 0 0 1 0 0 0 1 0 0 1 0 0 0 0 0 0 1 0 0 1 0 0 1 0 0 0 0 0 0 0
 0 1 0 0 0 0 0 0 0 0 0 1 0 0 1 1 0 1 0 0 0 0 0 0 0 0 0 0 0 1
 0 1 1 0 0 0 0 1 0 0 0 0 1 0 0 1 0 0 0 0 0 0 0 1 0 0 0 0 0 0
 0 0 0 0 0 1 1 0 0 0 0 0 0 0 1 0 0 0 0 1 0 0 0 0 0 0 1 0 1 0
 0 0 0 0 1 0 0 1 0 0 0 0 0 0 0 1 0 0 1 0 0 0 0 0 1 0 0 1 0 0
 0 0 0 0 0 0 0 0 1 0 1 1 1 1 0 0 0 0 0 0 0 1 0 0 0 0 0 0 0 0
 0 0 1 0 0 0 0 0 1 0 0 1 0 0 0 1 0 0 0 0 0 0 0 0 0 0 0 1 1 0
 0 0 0 1 0 0 0 0 0 0 0 0 1 1 1 0 0 0 0 0 0 0 0 0 0 0 1 0 0 1
 0 0 1 0 0 0 0 0 0 0 0 0 1 0 0 1 0 0 0 0 1 1 0 0 0 1 0 0 0 0

Warwick 317: balanced products, 6 products per order
10 30
 1 0 0 0 0 0 0 0 0 0 0 0 1 0 0 0 0 0 1 1 0 0 0 0 0 1 0 1 0 0
 0 0 0 0 0 0 0 0 1 0 0 0 0 0 0 0 0 1 0 0 1 0 0 1 1 0 1 0 0 0
 0 0 0 1 0 1 0 0 0 0 1 0 0 0 1 1 0 0 0 1 0 0 0 0 0 0 0 0 0 0
 1 0 0 1 0 0 1 1 0 0 0 0 0 1 0 0 0 0 0 0 0 0 0 0 0 0 1 0 0 0
 0 1 0 0 1 0 0 0 0 0 1 0 0 0 0 1 1 0 0 0 0 0 0 0 1 0 0 0 0 0
 0 0 0 0 0 0 1 0 0 1 0 0 1 0 0 0 0 0 0 0 0 0 1 1 0 0 0 1 0 0
 0 1 0 0 0 0 1 0 0 0 0 0 0 0 0 1 0 0 0 1 1 0 0 0 0 0 0 0 0 1
 0 1 1 0 0 0 0 0 0 0 0 1 0 0 1 0 0 0 0 1 0 1 0 0 0 0 0 0 0 0
 1 0 0 0 0 0 0 0 0 1 0 1 0 0 0 0 0 0 0 0 0 0 0 1 0 1 0 0 1 0
 0 1 0 0 0 0 0 0 0 1 0 0 0 1 0 0 0 1 0 0 0 1 0 0 1 0 0 0 0 0

Warwick 318: balanced products, 6 products per order
10 30
 0 0 0 1 1 0 0 1 0 0 1 0 0 0 0 0 0 1 0 0 0 1 0 0 0 0 0 0 0 0
 0 1 1 1 0 0 0 0 0 0 0 0 1 0 0 0 1 0 0 0 0 0 0 0 0 1 0 0 0 0
 0 0 0 0 0 1 0 0 0 0 0 0 0 0 1 1 0 1 0 1 0 0 0 0 0 0 0 0 1 0
 1 0 0 0 0 0 0 0 0 0 1 0 0 0 0 0 0 1 0 0 1 0 0 1 0 0 0 0 0 1
 0 0 1 0 0 0 0 1 1 0 0 0 0 0 1 0 0 1 0 0 0 0 0 1 0 0 0 0 0 0
 0 0 1 0 0 0 0 0 0 0 0 0 1 0 0 0 0 0 0 0 0 1 0 1 0 1 0 1 0 0
 0 0 0 0 1 0 0 0 0 1 0 0 0 0 0 0 1 0 1 0 0 0 0 1 0 0 1 0 0 0
 0 0 0 0 1 0 0 0 0 0 0 1 0 1 0 0 0 1 0 0 0 0 0 0 0 0 1 0 0 1
 0 0 0 0 1 0 1 0 0 0 0 1 0 0 0 0 0 0 0 0 0 0 1 0 0 0 0 0 1 1
 1 0 0 0 0 0 0 0 0 0 0 0 1 1 0 0 0 0 0 0 0 0 0 0 1 0 0 1 0 1

Warwick 319: balanced products, 6 products per order
10 30
 0 0 0 1 0 0 0 0 0 1 0 0 0 0 0 0 0 1 0 0 0 1 0 1 0 0 0 0 1 0
 0 0 0 0 0 0 0 0 1 1 0 0 1 0 0 0 0 1 0 0 1 0 0 0 0 0 0 0 1 0
 0 1 0 0 1 0 0 0 0 0 1 1 0 0 1 0 0 0 0 0 0 0 0 0 0 1 0 0 0 0
 1 0 0 0 0 0 0 1 0 0 0 0 0 0 0 1 0 0 0 0 0 0 0 1 0 0 1 0 0 1
 0 0 1 0 0 0 0 0 0 0 0 0 0 0 0 1 0 0 0 1 1 0 0 0 1 1 0 0 0 0
 0 0 1 0 0 0 1 0 0 0 0 0 0 0 0 0 0 0 0 1 0 0 1 0 0 0 1 1 0 0
 0 0 0 0 1 1 0 0 0 0 1 0 0 0 0 0 0 0 0 0 0 1 0 1 0 0 0 1 0 0
 1 0 0 1 0 0 0 0 0 0 0 0 0 1 0 0 0 0 1 0 0 1 0 0 1 0 0 0 0 0
 0 1 0 0 0 0 0 0 1 0 0 0 0 0 0 0 0 0 0 1 1 0 1 1 0 0 0 0 0 0
 0 0 0 0 0 0 1 0 0 1 0 0 0 0 1 0 1 1 0 0 0 0 0 0 0 0 0 0 1 0

Warwick 320: balanced products, 6 products per order
10 30
 0 1 0 0 0 0 1 0 1 1 0 0 0 0 0 1 0 0 0 0 0 0 0 0 1 0 0 0 0 0
 0 0 0 1 0 0 0 0 0 0 0 0 0 0 0 1 1 0 0 0 0 0 1 0 0 1 1 0 0 0
 1 0 0 0 0 1 0 0 0 0 1 0 1 0 0 0 0 0 0 0 1 1 0 0 0 0 0 0 0 0
 0 0 0 0 1 1 0 0 0 0 0 0 1 0 0 0 0 0 1 0 0 0 1 0 0 0 0 0 0 1
 0 0 0 0 0 1 0 0 0 0 1 0 1 1 0 0 0 0 0 0 0 0 1 0 0 0 1 0 0 0
 1 0 0 0 0 0 0 0 0 0 0 0 0 0 0 1 1 1 0 0 0 0 0 1 0 0 0 1 0 0
 0 0 0 0 0 0 0 0 0 0 0 1 0 0 0 1 0 1 0 0 1 0 0 0 0 1 0 0 1 0
 0 0 1 0 0 0 0 0 1 0 0 1 0 0 0 0 0 1 0 1 0 0 0 0 1 0 0 0 0 0
 0 0 0 0 0 0 1 1 0 1 0 0 0 0 0 0 0 0 0 1 1 0 0 0 0 0 0 0 0 1
 0 1 0 0 0 0 1 0 0 0 0 0 0 1 1 0 1 0 0 0 0 0 0 0 1 0 0 0 0 0

Warwick 321: balanced products, 7 products per order
10 30
 0 0 0 0 0 0 0 0 1 0 1 1 0 0 0 0 0 0 0 1 0 0 0 0 0 1 1 1 0 0
 0 0 0 1 0 1 0 0 0 0 0 0 0 0 0 1 0 0 1 0 0 0 1 0 0 0 1 0 1 0
 0 0 1 0 0 0 0 1 0 0 0 1 0 1 0 0 0 0 0 0 0 0 1 0 1 1 0 0 0 0
 1 1 0 0 0 0 1 0 0 0 0 0 1 0 0 0 0 1 0 0 0 0 1 0 0 0 0 0 0 1
 0 0 0 0 0 1 0 0 0 1 0 0 0 0 0 0 0 1 0 0 1 0 0 0 1 0 0 1 1 0
 0 0 0 0 0 0 0 1 0 0 1 0 0 0 1 0 0 1 0 1 0 0 0 1 1 0 0 0 0 0
 1 0 1 0 1 0 0 0 1 0 0 1 0 0 0 0 1 0 0 0 0 0 0 0 0 0 1 0 0 0
 1 0 0 0 0 0 1 1 0 0 0 0 0 1 0 1 0 0 0 0 0 1 0 0 0 1 0 0 0 0
 0 0 0 0 0 0 0 1 1 1 0 0 1 0 1 0 0 0 1 0 0 0 0 0 0 0 0 0 1 0
 0 0 1 0 0 1 1 0 0 0 0 0 0 0 0 0 0 0 1 0 0 1 1 1 0 0 0 0 0 0

Warwick 322: balanced products, 7 products per order
10 30
 0 0 1 1 0 0 0 0 0 0 0 0 0 0 0 1 1 0 0 1 0 0 1 0 0 1 0 0 0 0
 1 0 0 0 0 1 0 0 0 0 0 1 0 0 1 0 0 1 0 0 0 0 0 0 0 1 0 1 0 0
 0 1 1 0 0 0 1 0 0 0 0 0 0 0 1 0 0 0 1 0 0 0 0 0 0 0 1 0 0 1
 0 0 1 0 0 0 0 0 0 0 0 1 0 0 1 0 1 0 1 0 0 0 0 0 0 0 1 0 0 1
 0 0 0 0 0 1 0 0 1 0 0 0 1 0 0 1 0 0 0 0 1 0 0 0 0 1 0 0 0 1
 0 0 0 0 0 0 0 1 0 0 1 1 0 1 0 0 0 1 0 1 0 0 1 0 0 0 0 0 0 0
 0 0 0 0 0 0 0 0 0 0 0 0 0 0 0 1 0 0 1 0 1 0 1 1 1 0 0 0 1 0
 0 0 0 1 0 1 0 0 0 1 1 0 0 0 0 0 0 0 0 0 0 0 0 0 0 1 1 0 0 1
 1 1 1 0 0 0 0 0 0 0 0 0 1 0 0 0 0 0 0 0 0 1 1 0 1 0 0 0 0 0
 0 0 0 0 1 0 0 0 0 0 1 1 0 1 0 0 0 0 0 1 0 0 0 0 0 0 0 1 0 1

Warwick 323: balanced products, 7 products per order
10 30
 0 0 1 0 0 0 0 0 0 1 0 1 0 0 0 0 0 0 1 0 0 0 0 0 0 1 1 0 1 0
 0 0 0 0 0 0 1 1 0 0 0 0 0 1 0 1 1 1 0 0 0 0 0 0 0 0 1 0 0 0
 0 0 0 0 0 1 1 0 1 0 0 0 0 1 0 1 0 0 1 1 0 0 0 0 0 0 0 0 0 0
 0 1 1 0 0 0 0 1 0 0 0 0 0 0 0 0 0 0 1 0 1 1 0 0 0 0 0 0 0 1
 0 0 0 0 0 1 0 0 0 0 0 1 1 0 0 0 1 0 0 0 0 0 0 0 0 1 0 1 0 1
 0 0 0 0 0 0 0 1 1 1 0 0 0 0 0 0 1 0 0 0 1 1 1 0 0 0 0 0 0 0
 0 0 1 1 0 0 0 0 0 0 0 1 0 0 0 0 1 1 0 0 0 0 0 0 1 0 1 0 0 0
 1 0 0 1 0 1 0 0 0 1 0 0 0 0 0 0 0 0 0 0 0 0 0 1 1 0 0 0 1 0
 0 0 1 0 0 0 1 0 0 0 1 0 0 0 0 1 1 0 1 0 1 0 0 0 0 0 0 0 0 0
 0 0 0 0 1 0 0 1 0 0 0 0 0 0 1 0 0 1 1 0 0 1 0 1 0 0 0 0 0 0

Warwick 324: balanced products, 7 products per order
10 30
 0 0 0 0 0 1 0 0 1 0 0 0 1 0 1 0 0 0 0 1 0 0 0 1 0 0 1 0 0 0
 0 0 0 1 0 0 1 0 0 1 1 0 0 0 0 0 0 0 0 0 1 0 0 0 1 0 0 1 0 0
 0 0 0 1 0 0 0 0 1 0 1 0 0 0 0 0 0 0 0 1 0 0 1 1 1 0 0 0 0 0
 1 0 0 0 0 0 0 0 0 0 1 0 1 0 0 0 0 0 1 0 0 0 0 1 1 0 0 0 0 1
 1 0 0 0 0 0 0 0 1 0 0 1 1 0 0 0 1 0 0 0 0 0 1 0 0 0 0 0 0 1
 0 0 0 0 0 0 0 0 1 1 0 0 1 0 0 0 1 0 0 0 0 1 0 0 1 1 0 0 0 0
 1 0 1 0 1 0 0 1 0 0 1 0 0 0 0 0 0 0 0 1 0 0 0 0 0 0 0 0 0 1
 1 0 0 1 0 1 0 0 1 0 0 0 0 1 0 1 0 0 0 0 0 0 0 0 1 0 0 0 0 0
 0 0 0 0 1 0 0 0 1 1 0 1 0 0 0 0 0 0 0 1 0 1 0 1 0 0 0 0 0 0
 0 1 0 0 1 0 0 0 0 0 0 0 0 1 0 0 0 1 1 0 1 0 0 0 0 0 0 0 1 0

Warwick 325: balanced products, 7 products per order
10 30
 0 0 0 0 0 0 0 0 0 1 1 0 0 0 0 1 0 0 0 1 0 1 0 0 0 0 1 0 0 1
 1 1 0 0 0 0 1 0 0 0 0 1 0 0 0 1 0 0 0 0 0 1 1 0 0 0 0 0 0 0
 0 0 0 0 0 1 0 0 0 0 0 1 0 1 1 0 1 0 1 0 1 0 0 0 0 0 0 0 0 0
 0 0 1 1 0 0 0 0 1 0 0 0 0 0 0 0 0 0 0 0 1 0 0 1 0 1 0 0 0 1
 1 1 0 1 1 0 0 0 0 0 0 0 1 0 1 0 0 0 1 0 0 0 0 0 0 0 0 0 0 0
 0 0 0 0 0 1 0 0 0 0 1 0 1 0 0 1 1 0 1 0 0 0 0 0 1 0 0 0 0 0
 0 0 0 1 0 1 1 0 0 0 0 0 0 0 1 0 0 0 0 0 0 0 0 0 1 0 0 0 1 1
 0 0 0 1 0 0 1 0 0 0 0 1 1 1 0 0 0 0 0 0 0 0 0 0 1 0 0 0 0 1
 0 1 0 0 1 1 1 1 0 0 0 0 0 0 0 0 0 0 0 0 1 0 0 0 0 0 0 1 0 0
 0 1 0 0 0 0 0 0 1 1 0 0 0 1 0 0 0 1 0 0 1 0 0 0 1 0 0 0 0 0

Warwick 326: balanced products, 7 products per order
10 30
 0 0 0 0 0 0 0 0 0 1 0 0 0 0 1 0 0 0 0 1 1 0 1 0 0 1 0 0 0 1
 0 0 1 1 0 0 0 0 0 0 0 0 0 0 0 0 0 0 1 0 0 1 0 0 1 1 0 0 0 1
 0 1 0 0 1 1 0 1 0 0 0 0 0 0 0 1 0 0 0 0 0 0 1 0 1 0 0 0 0 0
 1 0 0 0 1 0 0 0 0 0 0 0 0 1 0 1 0 0 0 0 0 0 1 0 0 1 0 0 1 0
 0 0 1 0 1 1 0 0 0 0 0 0 0 0 0 0 0 0 0 0 0 1 1 1 0 1 0 0 0 0
 0 0 1 0 0 1 1 0 1 0 1 0 1 0 0 0 0 0 0 0 0 0 1 0 0 0 0 0 0 0
 0 0 1 0 0 1 0 0 0 0 0 1 0 0 0 0 0 0 0 1 0 0 0 0 1 0 0 1 1 0
 0 0 0 0 0 0 0 1 0 0 0 1 0 0 0 0 0 1 0 0 1 0 0 0 0 0 1 1 0 1
 0 0 1 0 1 0 1 0 0 0 0 0 0 0 1 0 1 0 0 0 1 0 1 0 0 0 0 0 0 0
 0 0 0 0 1 0 1 0 0 0 0 0 1 0 0 1 0 0 0 0 1 0 0 0 0 0 0 1 0 1

Warwick 327: balanced products, 7 products per order
10 30
 0 0 0 0 0 0 0 0 1 1 0 1 0 0 0 0 1 0 0 0 0 0 1 1 1 0 0 0 0 0
 0 0 0 0 1 0 0 0 0 0 1 0 1 0 0 0 0 0 0 0 0 1 0 1 1 0 0 0 1 0
 1 0 0 0 0 0 0 0 0 1 0 0 0 0 0 0 0 1 1 0 0 1 1 0 0 0 0 1 0 0
 0 1 1 0 1 0 0 0 0 0 0 1 0 0 1 0 1 0 0 0 0 0 0 0 1 0 0 0 0 0
 0 0 0 0 0 0 1 0 1 0 0 0 0 1 0 0 0 0 0 0 0 0 1 0 1 1 0 0 0 1
 0 1 0 0 0 0 0 0 0 0 0 0 0 1 0 1 0 0 0 0 1 0 1 1 0 0 1 0 0 0
 0 0 0 1 0 0 0 0 0 0 1 0 1 0 1 0 1 0 0 0 0 0 1 0 0 0 0 1 0 0
 0 1 0 0 0 1 1 1 0 0 0 0 0 0 0 0 0 1 0 1 0 0 0 1 0 0 0 0 0 0
 0 0 1 0 0 0 0 0 0 0 0 1 1 0 0 1 1 0 1 0 0 1 0 0 0 0 0 0 0 0
 0 0 0 1 0 0 1 1 0 0 1 0 0 1 0 0 1 0 0 0 0 0 0 0 0 0 0 0 0 1

Warwick 328: balanced products, 7 products per order
10 30
 0 0 0 0 0 0 0 0 0 1 0 0 1 1 0 1 0 0 0 1 0 1 0 1 0 0 0 0 0 0
 0 0 0 0 0 0 0 1 1 1 0 0 0 0 0 0 0 0 0 0 1 0 0 0 0 0 1 1 1 0
 0 0 0 0 0 0 0 0 1 0 1 0 0 0 0 0 0 0 0 0 1 1 1 0 0 0 0 1 0 1
 1 0 1 0 0 0 0 0 1 0 1 1 0 0 0 0 0 0 1 0 0 0 0 0 0 0 1 0 0 0
 0 0 0 0 1 1 0 0 0 0 1 0 0 0 0 0 0 0 0 0 1 0 0 0 1 1 0 0 1 0
 1 0 0 0 0 1 0 0 0 0 0 0 1 0 0 0 0 1 1 0 1 0 0 0 0 0 0 0 1 0
 0 1 0 0 0 0 0 1 0 0 0 0 1 0 0 0 0 1 1 0 1 0 0 0 0 0 0 0 1 0
 1 0 0 0 0 0 1 0 0 0 0 0 0 1 1 1 1 0 0 1 0 0 0 0 0 0 0 0 0 0
 0 0 0 1 0 0 0 0 1 1 1 0 0 0 1 0 0 1 0 0 0 0 0 0 0 0 0 1 0 0
 0 1 0 0 1 0 0 0 0 0 0 0 0 0 0 0 0 1 0 0 0 1 0 1 1 0 1 0 0 0

Warwick 329: balanced products, 7 products per order
10 30
 1 0 1 1 1 0 0 0 1 0 0 0 0 0 0 0 0 0 0 0 0 1 0 0 0 0 0 1 0 0
 1 0 0 0 1 1 0 0 0 0 0 0 1 0 0 0 0 0 1 0 1 0 0 0 0 0 0 0 0 1
 0 0 0 0 0 1 0 0 1 1 1 0 0 1 0 0 0 0 0 0 0 0 0 0 0 1 1 0 0 0
 0 0 0 1 0 0 0 0 1 0 0 1 0 0 1 0 0 0 0 0 0 0 0 0 1 0 0 0 1 1
 0 0 0 0 0 1 1 1 1 0 0 0 0 1 0 0 0 0 0 1 0 0 0 0 0 0 0 0 1 0
 0 0 0 1 0 1 0 0 0 0 1 0 0 0 1 1 0 0 0 0 1 0 0 0 0 0 0 0 0 1
 0 0 0 1 0 0 0 1 1 0 0 0 0 0 1 0 0 0 0 0 0 0 1 1 0 0 0 1 0 0
 1 1 0 1 1 0 0 0 0 0 0 1 0 0 0 0 0 1 0 0 0 0 0 0 1 0 0 0 0 0
 0 0 1 0 0 1 0 0 0 1 1 0 1 0 0 0 0 0 0 0 0 1 0 0 0 0 1 0 0 0
 1 0 0 1 0 0 1 0 0 0 0 0 0 0 0 0 1 0 0 0 1 0 0 0 1 0 0 1 0 0

Warwick 330: balanced products, 7 products per order
10 30
 0 1 0 1 0 1 1 0 0 0 0 0 0 0 1 0 0 0 1 1 0 0 0 0 0 0 0 0 0 0
 0 0 0 1 0 1 0 0 0 0 0 0 0 0 0 0 0 1 0 0 1 0 1 1 1 0 0 0 0 0
 1 1 0 0 1 0 0 0 0 0 1 0 0 0 1 0 0 0 0 0 0 0 1 0 0 1 0 0 0 0
 1 0 0 0 0 1 0 1 0 0 0 0 0 1 1 0 0 1 0 0 0 0 0 0 0 0 1 0 0 0
 0 0 0 0 0 1 0 0 0 0 0 0 1 0 0 1 1 0 0 0 0 1 0 0 1 0 1 0 0 0
 0 1 1 0 0 0 0 0 0 1 0 1 0 0 0 0 1 0 0 0 1 0 0 0 0 1 0 0 0 0
 1 1 0 0 0 0 0 0 1 0 0 0 0 0 0 0 1 1 0 0 0 0 1 0 1 0 0 0 0 0
 1 1 0 0 0 0 0 0 1 0 0 0 0 1 1 0 0 0 0 0 0 0 0 0 0 1 0 0 0 1
 0 0 0 0 0 0 0 1 0 1 0 0 0 0 0 0 1 0 1 0 0 0 1 0 0 0 0 1 1 0
 0 0 0 0 0 1 1 0 0 1 0 0 0 0 0 0 1 1 0 0 0 0 1 0 0 1 0 0 0 0

Warwick 331: balanced products, 8 products per order
10 30
 0 0 0 0 0 1 0 0 0 0 0 0 1 0 0 1 0 0 1 0 1 0 0 0 1 1 0 0 0 1
 0 1 0 1 0 1 0 0 0 0 1 0 0 1 0 0 0 0 0 0 0 0 0 1 1 0 1 0 0 0
 0 0 1 0 1 0 0 0 0 0 1 0 1 0 1 1 0 0 0 0 0 0 1 0 0 1 0 0 0 0
 0 0 0 0 0 0 0 0 0 0 1 1 0 1 0 0 0 1 0 1 0 0 0 0 1 0 1 0 0 1
 1 0 0 0 1 1 0 0 0 0 0 0 0 1 0 0 1 1 0 0 1 0 0 0 0 0 0 0 0 1
 0 0 0 0 1 1 0 0 0 1 0 0 0 0 1 0 0 1 0 1 0 0 0 0 0 0 1 1 0 0
 1 0 0 1 0 0 1 0 0 0 1 0 0 0 1 0 0 0 0 0 0 1 0 0 0 0 1 0 0 1
 1 0 0 0 0 0 1 0 0 0 1 0 0 0 0 0 0 0 0 1 0 0 1 0 1 0 0 1 1 0
 1 1 0 0 0 0 0 0 1 1 0 0 1 0 0 0 0 0 1 0 0 0 1 1 0 0 0 0 0 0
 1 0 1 0 0 1 0 1 1 0 0 0 0 0 1 1 0 0 0 0 0 0 0 0 0 0 0 0 0 1

Warwick 332: balanced products, 8 products per order
10 30
 0 0 0 0 0 0 0 1 0 0 0 0 0 0 1 1 0 0 0 0 0 0 0 0 0 1 1 1 1 1
 0 0 1 1 0 1 1 0 0 0 0 0 0 0 1 0 0 1 0 0 1 1 0 0 0 0 0 0 0 0
 0 1 0 0 0 0 1 0 0 0 1 0 0 0 0 0 1 0 0 0 1 0 0 0 1 1 0 1 0 0
 1 0 0 0 0 1 0 0 0 1 1 0 0 0 0 0 0 0 0 0 0 1 0 1 0 0 0 0 1 1
 0 0 0 0 0 1 1 0 0 0 1 1 0 0 0 0 0 0 0 0 0 1 0 0 0 1 0 1 0 1
 0 0 0 0 0 1 0 0 0 0 0 0 0 0 0 0 0 1 1 1 0 0 0 1 1 0 1 1 0 0
 1 1 0 0 0 0 0 0 0 1 1 0 1 0 0 0 0 0 0 0 0 0 0 1 0 1 0 0 1 0
 0 1 0 1 1 0 0 0 0 0 1 0 0 1 0 0 0 1 0 0 0 0 1 0 0 0 0 0 1 0
 0 0 0 0 1 1 1 1 1 0 0 0 0 0 0 0 0 0 0 1 1 0 0 0 0 0 0 0 0 1
 1 0 0 1 0 0 1 0 0 0 0 0 0 1 1 1 0 0 0 1 0 0 0 0 0 0 1 0 0 0

Warwick 333: balanced products, 8 products per order
10 30
 0 0 1 0 0 0 0 0 1 0 0 0 0 1 0 0 1 1 1 0 0 1 0 0 0 0 1 0 0 0
 0 0 0 0 0 0 0 0 1 0 0 0 1 1 0 0 0 0 0 0 1 0 1 0 1 0 0 1 0 1
 0 0 0 0 0 0 0 1 0 0 1 0 1 0 1 0 1 0 0 1 0 0 0 0 0 0 0 0 1 1
 0 0 0 0 1 0 0 1 0 0 0 0 0 1 0 0 1 0 0 0 0 0 1 0 1 0 1 0 1 0
 0 1 0 0 0 0 0 0 0 0 0 0 1 0 0 0 1 0 1 0 1 0 1 1 0 0 0 1 0 0
 0 0 0 1 0 0 0 0 0 1 0 1 0 1 0 1 0 0 0 0 0 0 0 0 1 1 0 0 0 1
 0 1 0 0 0 0 0 0 1 1 0 1 1 0 0 0 0 0 0 0 0 0 0 0 0 0 1 1 1 0
 0 0 0 0 0 1 0 0 1 0 0 1 0 0 0 1 0 0 1 0 0 0 1 0 0 0 0 0 1 1
 1 0 0 1 0 0 0 0 0 0 0 0 0 0 0 1 0 0 0 0 1 0 1 1 1 0 1 0 0 0
 0 0 0 0 0 1 1 1 1 0 0 0 0 0 0 1 0 0 0 1 0 1 0 0 0 0 0 0 0 1

Warwick 334: balanced products, 8 products per order
10 30
 0 0 0 0 0 0 0 0 0 1 1 0 1 0 0 0 0 1 0 1 0 0 1 0 0 1 0 1 0 0
 0 0 1 0 0 0 1 0 0 0 0 0 0 1 1 1 0 0 0 0 0 0 0 1 0 1 0 0 0 1
 0 1 0 0 0 0 0 1 0 0 0 1 1 0 0 0 0 0 1 0 1 0 0 0 0 0 1 1 0 0
 1 1 0 0 0 0 0 1 0 0 0 1 1 0 0 0 0 0 1 0 0 1 0 0 1 0 0 0 0 0
 1 0 1 0 0 0 0 0 0 0 1 0 1 1 0 0 0 0 0 0 0 1 0 0 1 1 0 0 0 0
 0 0 0 0 1 0 0 0 1 0 0 1 0 0 1 1 1 0 1 0 0 0 0 0 0 0 0 0 0 1
 0 0 0 0 0 1 0 1 0 0 0 1 0 1 0 1 0 0 0 0 1 0 0 0 0 1 1 0 0 0
 0 0 0 0 1 0 0 0 0 0 0 0 0 0 0 0 1 0 0 1 1 0 0 0 0 0 1 1 1 1
 0 0 0 1 1 0 0 0 0 1 1 0 0 0 0 1 1 0 1 0 0 0 0 0 1 0 0 0 0 0
 0 0 0 1 1 0 0 0 0 0 1 1 1 0 0 0 1 0 0 0 1 0 0 0 0 1 0 0 0 0

Warwick 335: balanced products, 8 products per order
10 30
 0 1 0 0 0 0 0 0 0 1 0 0 1 1 0 0 1 0 0 0 0 0 0 1 0 0 0 1 1 0
 0 0 1 0 1 0 0 0 0 0 0 0 0 1 0 1 0 0 1 1 0 0 0 1 0 0 0 0 1 0
 0 0 0 1 1 1 0 1 0 0 0 0 1 1 0 0 1 1 0 0 0 0 0 0 0 0 0 0 0 0
 0 1 0 0 0 0 0 0 0 1 1 0 0 1 0 1 1 0 0 0 0 0 1 0 0 0 1 0 0 0
 1 0 0 0 0 0 0 1 0 0 0 0 1 0 0 0 1 0 0 1 0 0 0 0 1 1 0 1 0 0
 0 0 0 0 0 0 0 0 0 1 0 1 0 1 1 0 0 1 1 0 0 0 0 0 0 0 0 0 1 1
 0 0 0 0 0 0 0 0 0 0 1 0 0 0 1 0 1 1 0 0 0 1 0 0 0 0 1 0 1 1
 0 0 0 0 0 0 0 0 0 0 0 0 0 1 0 1 0 0 1 0 1 0 0 1 0 0 1 0 1 1
 0 0 0 1 0 0 1 0 1 1 0 0 0 0 0 0 0 0 1 0 0 1 0 1 0 0 1 0 0 0
 0 0 0 1 0 0 0 0 0 0 0 0 0 0 1 1 1 1 0 0 0 0 0 1 0 0 1 1 0 0

Warwick 336: balanced products, 8 products per order
10 30
 0 1 1 0 1 0 0 0 0 1 0 0 0 1 1 0 0 0 0 1 0 0 0 0 1 0 0 0 0 0
 0 0 1 0 0 0 0 1 1 1 0 0 0 0 0 1 0 0 0 0 0 0 0 0 1 1 1 0 0 0
 0 1 0 0 0 0 1 0 0 0 0 1 1 0 0 1 0 0 0 0 0 0 1 0 0 1 0 0 0 1
 0 0 1 0 0 1 1 0 0 0 1 1 0 0 0 0 0 0 0 0 0 1 0 0 0 0 0 1 1 0
 1 0 0 0 0 1 0 0 0 1 0 0 1 0 0 0 1 1 1 0 0 0 0 1 0 0 0 0 0 0
 0 1 0 1 0 0 0 0 0 1 0 0 1 0 1 0 0 0 0 0 0 0 0 0 1 0 0 0 1 1
 0 0 1 0 0 0 0 0 0 0 0 1 1 1 0 1 0 0 0 0 0 0 0 0 1 0 1 0 0 1
 0 0 0 0 1 0 0 1 0 1 0 1 0 0 1 0 0 0 0 0 0 0 1 0 1 0 0 1 0 0
 0 1 0 0 0 0 1 0 0 0 1 1 0 1 0 0 0 0 1 0 0 0 1 0 1 0 0 0 0 0
 0 0 0 1 0 0 1 0 0 0 0 0 0 0 0 1 0 0 1 0 1 0 0 1 0 0 0 0 1 1

Warwick 337: balanced products, 8 products per order
10 30
 0 1 0 0 0 0 1 1 0 0 0 0 1 0 0 0 0 0 0 0 0 0 0 1 1 1 0 1 0 0
 1 0 0 0 0 0 0 0 0 0 0 1 0 1 0 0 0 0 1 1 0 0 0 0 1 0 0 1 1 0
 0 1 1 0 0 0 1 0 0 1 1 0 0 0 0 1 1 0 0 0 0 1 0 0 0 0 0 0 0 0
 1 0 0 0 0 0 0 0 0 1 1 0 0 0 0 1 0 0 0 0 1 1 1 0 0 0 1 0 0 0
 0 1 0 0 0 0 1 1 1 0 1 0 0 0 0 0 0 1 1 0 0 0 0 0 1 0 0 0 0 0
 1 0 0 0 0 1 1 0 0 0 1 0 0 0 0 1 0 1 1 0 0 0 0 0 0 1 0 0 0 0
 1 0 0 0 1 1 0 0 0 0 0 0 1 0 0 0 0 1 0 0 0 0 0 0 1 0 0 0 1 1
 0 1 0 1 0 1 0 0 0 0 1 0 0 1 0 0 0 0 0 0 0 1 0 1 0 1 0 0 0 0
 0 1 0 1 0 0 0 0 1 0 0 0 0 1 0 1 0 0 0 0 0 1 0 0 1 0 0 0 0 1
 0 0 0 0 0 0 0 1 0 1 1 0 0 0 1 0 0 0 0 0 1 0 0 1 1 0 0 0 1 0

Warwick 338: balanced products, 8 products per order
10 30
 1 1 1 1 1 0 0 0 0 0 0 0 0 1 0 0 0 1 0 0 0 1 0 0 0 0 0 0 0 0
 0 0 1 0 0 0 1 0 0 1 0 0 0 0 0 0 0 0 0 1 0 1 1 0 1 0 0 0 1 0
 0 0 1 1 0 1 0 1 0 0 1 0 0 0 0 0 0 0 1 1 0 0 0 0 0 0 0 1 0 0
 0 0 0 0 0 0 1 0 0 1 0 1 0 1 0 1 0 1 0 0 0 0 0 0 1 0 1 0 0 0
 0 0 0 0 0 1 0 0 1 0 0 0 0 1 0 0 0 1 0 1 0 0 1 0 0 0 1 0 1 0
 0 0 1 1 0 0 0 0 1 0 1 0 0 0 0 1 0 0 0 0 0 1 1 0 0 0 1 0 0 0
 0 0 1 0 0 0 1 0 0 0 0 0 1 0 1 1 0 0 0 1 0 0 1 0 0 1 0 0 0 0
 0 0 0 1 0 0 0 0 1 1 0 0 0 1 1 0 0 0 0 0 0 1 0 1 0 1 0 0 0 0
 0 0 0 0 0 1 0 0 0 0 0 0 1 0 0 0 0 0 0 1 1 0 0 1 0 0 1 1 0 1
 0 0 0 0 0 1 0 0 0 1 0 1 1 0 0 1 1 0 0 0 0 0 1 1 0 0 0 0 0 0

Warwick 339: balanced products, 8 products per order
10 30
 1 0 0 0 0 1 0 0 1 0 1 0 0 0 1 1 0 0 0 0 0 0 0 0 0 0 0 1 1 0
 0 0 1 0 1 0 1 0 1 1 0 0 0 0 0 0 0 0 0 0 1 0 1 1 0 0 0 0 0 0
 0 0 0 0 0 0 0 0 0 0 0 0 1 0 0 1 1 1 0 0 0 1 0 0 1 1 0 0 0 1
 0 0 0 0 0 0 0 1 0 1 0 1 1 0 0 0 0 0 0 1 0 0 0 1 1 0 1 0 0 0
 0 1 0 1 0 1 1 1 1 0 0 1 0 0 1 0 0 0 0 0 0 0 0 0 0 0 0 0 0 0
 0 1 0 0 1 0 0 0 0 0 0 0 0 1 1 0 1 0 0 0 0 1 0 0 1 0 1 0 0 0
 0 1 0 0 0 0 1 0 1 0 1 0 0 0 0 0 1 1 0 0 1 0 0 0 0 0 0 0 0 1
 0 0 1 0 0 1 0 0 1 0 1 1 0 0 0 0 0 0 0 1 1 0 1 0 0 0 0 0 0 0
 0 0 0 1 0 0 1 0 0 0 0 0 0 0 1 1 0 0 0 0 0 1 1 1 0 0 0 0 0 1
 1 1 0 0 0 0 0 0 0 0 0 0 1 0 0 0 0 0 1 1 0 0 1 1 0 0 0 0 1 0

Warwick 340: balanced products, 8 products per order
10 30
 0 1 0 0 0 0 0 0 1 0 1 0 0 0 1 0 0 1 0 0 0 0 0 0 0 1 0 1 1 0
 0 1 0 0 0 0 1 1 0 0 1 1 0 0 0 0 1 0 1 0 0 0 0 1 0 0 0 0 0 0
 0 0 0 0 1 0 0 1 0 0 0 0 0 1 0 0 0 1 0 1 0 1 0 0 0 1 0 0 1 0
 0 0 0 0 1 0 0 1 1 0 0 1 0 0 0 0 1 1 0 0 0 0 0 1 0 0 1 0 0 0
 1 1 0 1 0 0 0 0 0 1 0 0 1 1 0 0 0 0 1 1 0 0 0 0 0 0 0 0 0 0
 1 0 0 0 0 0 1 0 0 0 0 0 1 1 0 1 0 0 1 0 0 0 1 0 0 0 0 0 0 1
 0 0 0 0 0 0 0 0 1 0 0 1 0 0 1 0 0 1 1 0 0 1 0 0 1 1 0 0 0 0
 0 0 0 0 1 0 1 0 0 1 1 0 1 0 0 0 1 0 0 0 1 0 0 0 0 0 0 0 1 0
 0 0 1 1 0 1 0 0 0 0 1 0 0 0 0 1 0 1 0 0 0 0 0 0 0 0 1 0 1 0
 0 0 0 0 0 0 0 1 1 0 0 1 0 0 0 0 0 1 1 0 1 0 0 0 0 0 1 1 0 0

Warwick 341: balanced products, 9 products per order
10 30
 0 0 0 0 1 1 0 0 1 1 0 1 1 0 1 0 0 0 1 0 0 0 0 0 0 0 1 0 0 0
 1 0 1 1 0 0 1 0 0 0 0 0 1 1 0 1 0 0 0 0 0 0 0 0 1 0 0 1 0 0
 0 1 0 0 0 0 1 0 1 1 0 0 0 0 0 0 0 0 0 1 1 0 0 0 0 0 1 1 0 1
 0 1 0 0 0 0 1 1 0 1 1 1 0 0 0 0 1 0 1 0 0 1 0 0 0 0 0 0 0 0
 0 1 0 1 0 0 1 0 0 0 0 0 0 0 0 1 1 0 0 1 0 0 0 0 0 0 1 0 1 1
 0 0 0 0 0 0 0 0 0 1 0 0 1 1 1 0 0 0 0 0 1 0 1 1 0 1 0 0 0 1
 0 0 0 0 1 0 1 0 0 0 0 1 1 1 0 1 1 0 1 0 0 0 0 0 0 0 0 1 0 0
 0 0 0 0 0 1 1 0 0 0 1 0 1 1 0 0 0 0 1 0 0 1 1 0 0 0 0 1 0 0
 0 1 0 0 0 1 0 0 0 1 0 0 0 1 1 0 0 0 1 1 1 1 0 0 0 0 0 0 0 0
 1 1 0 0 0 0 0 0 0 0 0 1 0 0 1 0 1 1 0 0 0 1 0 1 0 0 0 0 1 0

Warwick 342: balanced products, 9 products per order
10 30
 0 0 0 0 0 0 0 0 0 1 0 0 0 0 0 1 0 0 0 0 1 1 0 1 1 1 0 0 1 1
 0 0 1 1 1 0 0 0 1 0 1 1 1 0 0 0 0 0 0 0 1 0 0 0 0 0 0 0 1 0
 0 1 0 0 1 0 0 0 0 0 1 0 0 0 0 0 1 1 1 0 0 1 0 0 0 1 1 0 0 0
 1 1 0 0 0 0 0 0 0 0 0 1 0 1 0 0 0 0 1 0 0 0 1 0 1 0 0 0 1 1
 0 0 1 0 0 0 0 1 0 0 0 0 0 1 0 1 1 1 0 0 0 1 1 0 0 0 0 0 0 1
 1 0 0 0 0 1 0 1 0 0 0 1 0 0 0 0 1 0 0 0 1 0 1 0 1 1 0 0 0 0
 1 0 0 0 1 0 0 0 0 1 1 1 1 0 1 0 1 0 1 0 0 0 0 0 0 0 0 0 0 0
 1 0 0 0 0 0 1 1 0 1 0 0 0 0 0 0 0 0 1 0 0 0 1 0 0 1 0 1 0 1
 0 0 1 0 0 0 0 1 0 1 0 1 0 1 1 0 0 0 0 1 0 0 0 0 0 1 0 0 0 1
 1 0 0 1 1 0 0 0 1 0 0 0 0 0 0 0 1 0 1 1 0 0 0 0 0 1 0 0 1 0

Warwick 343: balanced products, 9 products per order
10 30
 1 0 1 0 0 1 0 0 0 0 0 0 1 0 0 0 1 0 1 0 0 0 0 0 0 1 0 1 0 1
 0 0 0 0 0 1 1 1 0 0 0 1 0 0 0 0 0 0 1 0 0 0 1 1 1 0 1 0 0 0
 1 0 0 0 0 1 0 0 1 1 0 0 1 1 0 0 0 1 0 0 0 0 0 0 0 0 1 0 0 1
 0 0 0 0 0 1 0 1 0 0 0 1 0 0 0 0 0 1 0 1 1 0 0 0 0 1 1 0 1 0
 0 0 0 1 0 1 1 1 1 1 0 0 1 0 0 0 1 0 0 0 0 0 0 1 0 0 0 0 0 0
 0 1 0 1 0 0 0 0 1 0 0 0 0 1 0 0 0 0 1 0 0 0 0 1 1 1 0 0 0 1
 1 0 0 0 0 1 0 1 0 0 1 0 0 0 1 1 0 1 0 0 0 0 0 0 1 0 0 0 1 0
 0 1 0 0 0 0 1 1 0 0 0 1 0 0 0 1 0 0 1 0 1 1 0 0 0 0 1 0 0 0
 0 0 0 0 0 1 1 0 1 1 0 0 1 0 0 1 0 0 0 1 0 0 0 1 0 0 0 0 0 1
 1 0 1 0 1 1 0 0 1 0 0 1 0 0 0 0 0 0 1 0 0 0 1 0 0 0 0 0 0 1

Warwick 344: balanced products, 9 products per order
10 30
 0 1 0 0 0 0 0 0 1 0 0 1 0 1 0 0 0 1 0 0 1 0 0 0 0 1 1 0 0 1
 0 0 0 1 1 0 1 0 1 1 0 0 0 0 0 0 1 0 0 0 0 0 0 1 0 1 0 0 1 0
 0 0 0 0 1 0 0 0 0 0 0 0 0 1 1 1 1 0 0 1 0 0 0 0 0 0 1 1 1 0
 0 0 0 1 0 0 1 1 0 0 0 0 1 0 0 1 1 0 0 0 0 0 1 1 0 0 0 1 0 0
 0 0 1 0 0 0 1 0 0 0 1 0 0 0 0 1 0 0 0 1 0 0 1 0 0 0 1 1 0 1
 0 0 0 0 0 1 1 1 0 0 1 0 0 0 0 0 0 0 1 0 1 0 1 0 0 0 1 0 1 0
 0 1 1 0 0 1 0 0 0 0 0 0 0 0 0 0 0 0 0 0 1 1 0 1 1 0 0 0 1 1
 1 0 1 0 0 0 0 1 0 0 0 1 0 0 0 1 1 1 0 1 0 0 1 0 0 0 0 0 0 0
 0 0 1 0 1 0 0 0 0 1 0 0 0 1 0 0 0 1 0 1 1 0 0 1 0 0 0 0 0 1
 0 0 0 0 1 1 1 0 1 0 0 0 0 0 0 1 0 1 1 0 0 0 0 1 0 0 0 0 1 0

Warwick 345: balanced products, 9 products per order
10 30
 0 0 0 1 0 0 0 0 1 0 0 0 1 0 0 1 0 0 1 1 0 0 1 0 0 0 1 0 0 1
 1 0 0 0 0 0 1 1 1 0 1 0 1 0 0 1 0 0 0 0 0 0 1 0 1 0 0 0 0 0
 0 0 0 0 1 1 1 0 0 1 0 0 0 1 1 0 0 0 0 1 0 0 0 0 0 1 0 1 0 0
 1 1 0 0 0 0 0 0 0 0 1 0 0 0 0 0 0 1 0 0 0 1 1 1 0 0 0 1 0 1
 1 0 0 0 0 1 0 0 1 0 1 0 0 0 1 0 1 0 0 0 1 0 0 1 1 0 0 0 0 0
 0 1 0 0 1 0 1 0 0 0 0 1 0 0 0 1 0 0 0 0 1 0 0 0 1 0 1 0 0 1
 0 0 1 1 0 1 0 0 1 0 1 0 0 0 1 1 0 0 0 0 0 0 0 0 0 0 1 0 0 1
 0 0 0 0 0 0 1 0 1 0 1 0 1 0 0 0 0 1 1 0 1 0 0 0 0 1 0 1 0 0
 0 0 0 0 0 0 1 0 1 0 1 0 0 1 0 1 0 1 0 1 1 0 0 0 0 0 0 0 1 0
 0 0 1 0 0 0 0 0 0 1 0 0 0 0 0 1 0 1 0 0 0 0 0 1 0 1 1 1 0 1

Warwick 346: balanced products, 9 products per order
10 30
 1 1 1 1 0 0 0 0 1 0 1 0 0 1 0 0 0 0 0 0 0 1 0 0 0 1 0 0 0 0
 1 0 0 0 0 1 0 0 0 0 1 0 0 0 1 0 0 0 1 0 1 1 0 0 0 1 0 0 0 1
 0 0 0 0 0 0 0 1 1 0 0 0 0 0 0 0 1 0 1 1 0 1 0 1 0 0 1 0 1 0
 1 1 1 1 0 0 0 0 1 1 0 0 0 0 0 0 0 0 0 0 0 1 0 0 0 0 1 0 0 1
 0 0 1 1 0 0 0 1 0 0 1 1 0 0 0 0 1 0 0 0 0 0 1 0 0 1 0 0 0 1
 0 0 0 1 0 0 0 0 1 1 0 0 0 1 0 1 0 0 0 0 1 0 1 0 0 0 0 1 0 1
 0 0 0 0 0 0 0 1 1 1 1 0 0 0 0 0 0 0 0 1 0 0 0 1 1 1 0 0 1 0
 0 0 0 0 0 1 1 1 0 1 0 0 1 0 1 0 0 0 0 1 1 0 0 0 0 0 0 0 0 1
 0 1 0 0 0 1 0 0 0 1 1 0 0 0 0 0 1 1 0 0 1 1 0 0 0 0 0 0 1 0
 1 0 0 0 1 1 0 0 1 1 0 0 1 0 0 0 0 0 0 0 0 1 0 0 1 0 0 0 1 0

Warwick 347: balanced products, 9 products per order
10 30
 1 0 0 1 1 0 0 0 0 1 0 1 0 1 0 0 0 1 0 0 0 0 1 1 0 0 0 0 0 0
 0 0 0 0 0 0 0 1 1 1 1 0 1 0 0 0 0 0 0 0 0 0 1 1 1 0 1 0 0 0
 1 1 0 1 0 1 0 0 0 0 0 0 0 1 1 1 0 0 0 0 0 0 0 0 0 0 0 1 1 0
 0 1 1 1 0 0 0 0 0 1 1 0 1 0 0 0 0 0 1 1 0 0 0 0 0 0 0 0 0 1
 0 0 1 0 0 0 1 1 0 0 0 1 0 0 0 0 0 1 0 1 0 1 0 0 0 0 0 0 1 1
 0 0 0 0 1 0 0 0 0 1 1 1 0 0 0 0 0 1 0 0 0 1 1 1 0 0 0 0 1 0
 1 0 0 0 0 0 0 1 1 0 0 0 0 1 0 1 0 0 0 0 0 1 0 0 0 1 0 0 1 1
 0 1 0 0 0 1 0 1 0 0 1 1 0 0 1 0 1 0 0 0 1 0 0 0 0 0 0 1 0 0
 0 0 1 0 0 0 0 1 0 0 1 1 0 0 1 0 0 1 0 0 0 0 1 0 0 0 0 1 1 0
 1 0 0 1 0 1 0 0 0 0 1 0 0 0 0 0 1 0 0 0 0 0 0 1 1 1 0 0 0 1

Warwick 348: balanced products, 9 products per order
10 30
 0 1 0 0 0 0 0 1 1 1 0 0 1 0 0 1 0 0 0 1 1 0 0 1 0 0 0 0 0 0
 0 1 1 0 0 0 0 0 0 0 0 0 1 1 0 0 0 0 0 1 0 1 1 0 0 0 1 1 0 0
 0 0 0 0 1 0 1 0 1 0 1 1 0 0 1 0 0 0 0 1 0 0 0 0 0 1 0 0 1 0
 0 1 1 0 0 0 1 1 0 0 0 0 0 0 0 0 1 0 1 1 1 0 0 0 0 0 1 0 0 0
 1 1 0 0 0 0 1 0 0 0 0 0 0 0 0 0 1 1 0 1 0 0 1 1 0 0 0 0 0 1
 0 0 1 0 1 0 0 1 1 1 0 1 0 0 0 0 0 0 0 0 0 0 0 0 1 0 0 0 1 1
 0 0 0 0 0 0 0 0 0 0 0 1 0 0 1 0 1 0 1 0 1 0 1 0 0 0 1 0 1 1
 0 0 0 0 0 0 0 0 0 0 1 1 1 1 0 0 0 1 0 0 0 1 0 1 1 0 0 1 0 0
 1 0 1 1 0 1 1 0 0 0 1 0 0 0 0 0 0 1 0 0 0 0 0 1 0 0 0 1 0 0
 0 0 1 1 0 0 0 1 0 1 0 1 1 0 0 0 0 0 1 0 0 1 0 0 0 0 0 0 0 1

Warwick 349: balanced products, 9 products per order
10 30
 0 0 0 1 1 0 0 0 0 0 0 0 1 0 0 1 0 1 1 0 1 1 0 0 0 1 0 0 0 0
 0 0 1 1 0 0 0 0 0 0 0 1 0 0 0 1 0 1 0 1 0 0 0 0 1 1 0 0 1 0
 0 0 0 0 0 1 1 1 0 0 0 0 0 0 0 1 0 0 0 1 0 1 0 1 0 0 1 0 0 1
 1 1 0 0 0 1 0 0 1 0 1 0 1 0 0 0 0 0 1 0 0 0 1 0 0 0 0 1 0 0
 1 0 0 0 1 0 0 0 1 0 0 0 1 1 1 0 0 0 0 1 0 0 0 0 0 0 1 0 0 1
 1 0 1 1 0 1 0 0 0 1 1 0 0 0 0 0 0 0 0 1 0 0 0 0 0 0 1 1 0 0
 1 0 0 0 0 0 0 0 0 0 0 1 1 0 1 1 1 0 1 1 0 0 0 0 0 0 0 0 0 1
 0 0 0 0 1 0 0 0 1 0 0 0 1 0 1 1 0 0 0 1 0 0 0 0 1 0 1 0 1 0
 0 0 0 0 1 1 0 0 1 0 0 0 0 0 1 0 0 1 0 0 1 0 1 1 1 0 0 0 0 0
 1 1 0 0 0 0 0 1 0 0 1 1 1 0 0 0 0 0 0 0 1 0 0 0 0 0 0 0 1 1

Warwick 350: balanced products, 9 products per order
10 30
 1 0 1 0 1 0 0 0 0 1 0 0 1 1 1 0 0 0 0 0 1 0 0 0 0 0 0 0 0 1
 1 0 0 1 0 0 0 1 0 0 0 0 1 0 1 0 0 0 0 1 0 0 0 1 0 0 1 0 1 0
 0 0 0 0 0 0 1 1 0 0 0 1 1 1 0 1 0 1 1 0 1 0 0 0 0 0 0 0 0 0
 1 0 0 0 1 0 0 1 0 0 0 1 0 0 0 1 1 0 0 1 0 0 0 1 0 1 0 0 0 0
 0 0 1 0 0 0 0 1 0 1 0 0 0 1 1 0 0 1 0 0 1 0 0 0 0 0 1 1 0 0
 0 1 0 0 0 1 0 1 0 0 1 0 1 0 0 1 1 0 0 0 0 0 0 0 1 0 0 0 1 0
 1 0 0 0 0 1 0 0 1 0 0 1 0 0 0 0 0 0 0 0 1 0 1 0 0 1 1 0 0 1
 0 0 0 1 0 0 1 0 0 1 1 0 0 0 0 0 1 0 0 0 1 0 0 1 1 0 0 0 1 0
 0 0 1 0 0 0 0 0 1 0 0 1 0 1 0 0 0 0 0 0 0 1 1 1 1 1 0 0 0 0
 1 0 0 1 0 0 0 1 0 1 0 0 0 0 0 0 1 0 1 1 1 1 0 0 0 0 0 0 0 0

Warwick 351: balanced products, 10 products per order
10 30
 0 1 0 1 1 0 0 1 0 0 1 1 1 0 0 0 0 1 0 1 0 0 0 0 1 0 0 0 0 0
 0 0 1 0 0 0 1 0 0 0 1 0 0 0 1 0 1 1 0 1 0 1 0 0 0 1 0 1 0 0
 0 0 0 0 0 0 1 0 1 0 1 1 1 0 0 1 0 0 0 1 0 1 0 0 0 1 0 1 0 0
 1 1 0 0 0 0 1 0 1 1 1 0 0 0 1 0 0 0 0 0 0 0 0 0 1 1 0 0 0 1
 0 0 0 0 0 1 0 0 1 0 1 0 1 0 0 0 1 0 1 1 1 1 0 0 0 0 0 0 1 0
 0 0 0 1 0 1 0 1 0 0 1 0 1 0 0 0 1 0 0 0 0 0 0 1 0 0 0 1 1 1
 1 1 0 0 1 0 0 0 0 1 0 1 1 0 0 0 0 1 0 1 0 0 1 0 0 0 0 0 1 0
 0 1 0 0 0 0 0 1 0 0 0 1 1 0 0 1 0 1 0 1 1 1 0 0 1 0 0 0 0 0
 1 0 1 0 0 0 0 0 0 1 0 0 0 0 0 1 1 1 1 0 1 0 0 0 0 0 1 0 0 1
 0 0 0 0 0 0 1 1 0 0 0 1 0 1 1 0 1 1 0 1 0 0 0 0 0 0 0 0 1 1

Warwick 352: balanced products, 10 products per order
10 30
 0 1 0 1 0 0 0 1 0 1 1 1 0 0 1 0 0 1 0 0 0 0 0 1 0 0 0 0 0 1
 0 0 1 0 1 0 0 0 1 1 0 1 1 0 0 1 0 1 0 0 1 0 0 0 1 0 0 0 0 0
 0 0 0 1 0 1 0 1 0 0 0 0 1 0 0 1 0 0 0 1 0 0 1 1 1 0 0 0 1 0
 0 1 1 0 1 0 0 1 0 0 1 0 0 0 0 0 0 0 0 0 0 1 1 1 1 0 0 1 0 0
 1 1 0 0 0 0 1 1 1 0 0 1 0 1 1 0 0 0 0 0 1 0 0 0 0 0 0 1 0 0
 0 1 1 0 0 0 0 0 1 0 0 0 0 1 1 0 0 0 0 0 1 0 1 0 0 0 1 1 0 1
 0 0 1 0 1 0 0 0 0 0 0 0 0 0 0 0 0 0 0 1 1 0 0 1 1 1 1 0 1 1
 0 1 0 0 0 0 0 1 0 0 0 1 0 0 0 0 1 1 0 0 1 0 1 1 1 0 0 0 1 0
 0 0 0 0 0 0 0 1 0 1 1 0 1 1 1 1 0 1 0 0 0 0 0 0 0 1 1 0 0 0
 0 0 0 0 0 0 0 1 1 0 1 1 0 0 1 0 0 1 1 0 0 0 1 0 0 1 0 0 0 1

Warwick 353: balanced products, 10 products per order
10 30
 0 0 0 1 0 0 0 0 1 1 0 1 1 0 0 0 1 1 0 0 0 0 1 1 0 0 0 0 0 1
 1 0 1 0 0 0 1 0 1 0 0 1 0 0 0 1 1 0 0 0 0 1 0 0 1 0 1 0 0 0
 0 0 0 0 0 0 1 1 0 0 1 0 0 0 1 1 1 0 0 1 0 1 0 0 1 0 0 0 1 0
 1 1 0 1 1 0 0 0 0 0 1 1 0 0 1 0 0 1 0 0 0 0 0 0 0 1 0 1 0 0
 1 1 1 0 0 0 1 1 0 0 0 0 0 1 0 0 0 0 1 0 0 0 1 1 0 0 0 1 0 0
 0 0 1 1 0 1 0 0 1 0 0 0 0 0 1 0 1 0 1 0 1 0 0 1 0 0 0 1 0 0
 1 0 0 1 0 1 1 1 1 0 1 0 0 0 1 0 0 1 0 0 0 0 0 0 0 0 1 0 0 0
 0 0 0 0 0 1 0 0 1 0 1 0 0 1 0 0 0 1 1 0 0 1 0 0 0 0 1 1 1 0
 1 0 0 0 1 0 0 1 1 0 1 0 1 0 0 0 0 1 0 0 0 0 0 1 1 0 1 0 0 0
 0 0 0 1 0 0 0 0 1 1 1 0 0 0 1 0 1 0 0 1 0 1 0 0 0 1 1 0 0 0

Warwick 354: balanced products, 10 products per order
10 30
 1 1 0 0 1 0 0 1 0 1 1 0 0 0 1 0 0 0 0 0 0 1 0 0 0 1 0 0 0 1
 0 1 0 1 1 0 0 0 0 0 0 0 1 1 1 1 0 0 0 0 0 1 0 1 0 0 0 0 0 1
 0 0 0 1 0 0 0 0 0 1 0 1 0 1 0 0 1 0 1 1 1 0 0 0 0 1 0 1 0 0
 0 1 0 1 0 0 0 1 1 0 1 0 1 0 0 0 0 1 0 0 0 0 0 0 1 1 1 0 0 0
 0 1 1 0 1 0 0 0 0 0 0 0 1 1 0 1 0 0 0 0 1 1 0 0 0 1 1 0 0 0
 0 0 0 0 0 1 1 0 0 0 0 0 1 1 0 1 1 0 1 0 0 0 0 0 1 0 0 1 0 1
 0 1 1 0 0 0 0 0 1 0 0 1 1 0 0 0 1 0 1 0 0 0 0 0 0 1 0 0 1 1
 1 1 0 0 1 0 0 0 0 1 0 0 0 0 0 0 1 0 0 0 1 0 1 1 0 1 1 0 0 0
 1 1 0 0 0 0 0 1 0 0 0 1 0 0 1 0 0 1 1 0 0 0 1 0 0 1 0 0 1 0
 0 0 1 0 0 0 1 1 1 1 0 0 0 0 0 0 1 0 0 0 0 0 1 1 1 0 0 1 0 0

Warwick 355: balanced products, 10 products per order
10 30
 0 0 0 0 0 1 1 1 1 1 0 1 0 0 0 1 0 0 0 0 0 0 0 0 0 0 0 1 1 1
 0 1 0 0 0 1 0 0 0 0 0 0 0 0 0 0 0 1 1 1 0 0 0 1 1 0 1 1 0 1
 0 0 0 1 1 0 0 0 0 1 0 1 0 1 1 0 0 0 0 0 1 1 0 1 0 0 0 0 1 0
 1 0 1 0 0 1 0 1 1 0 1 0 0 1 0 0 1 0 0 0 0 0 0 1 0 1 0 0 0 0
 1 0 1 0 0 1 0 0 0 0 0 0 0 0 1 0 0 1 1 0 1 0 0 0 0 0 0 1 1 1
 0 0 0 1 0 1 1 0 0 0 0 0 1 0 0 1 0 1 1 0 0 1 0 0 0 0 0 1 0 1
 0 0 0 0 0 0 0 0 0 0 1 1 0 1 0 1 0 0 1 0 1 1 0 0 0 1 1 0 0 1
 0 0 0 1 1 0 0 1 0 0 0 0 0 0 0 1 0 1 0 1 0 0 1 1 0 0 1 0 1 0
 0 0 1 0 0 1 1 0 1 0 0 0 0 1 0 0 1 0 0 0 0 1 0 0 1 0 0 1 1 0
 0 0 1 0 0 0 1 0 1 0 1 0 1 1 1 0 0 1 0 0 0 1 0 0 0 0 0 0 1 0

Warwick 356: balanced products, 10 products per order
10 30
 1 1 0 1 1 0 0 0 0 0 0 0 0 0 0 0 0 0 1 0 0 1 0 1 1 0 1 0 1 0
 0 0 0 1 0 0 0 0 1 1 0 1 1 0 0 1 0 0 0 0 0 1 1 0 0 1 1 0 0 0
 0 0 0 1 0 1 1 1 0 1 1 0 0 1 0 1 0 0 0 1 0 0 0 0 0 0 0 0 0 1
 1 0 1 0 0 1 1 1 0 0 0 0 0 0 0 0 1 0 1 0 0 0 0 1 0 1 0 1 0 0
 0 1 1 0 0 1 0 1 1 1 0 0 0 0 0 0 1 0 1 0 0 0 1 0 0 0 0 0 1 0
 1 0 0 1 0 0 0 1 1 0 0 0 1 1 0 1 0 0 0 1 0 1 0 0 0 0 0 0 1 0
 0 0 0 0 0 0 0 0 0 0 1 0 0 0 1 1 0 1 0 1 1 0 0 1 0 0 0 1 1 1
 0 0 0 0 1 1 0 0 0 0 1 0 0 0 1 0 0 0 0 0 0 0 1 1 0 1 1 0 1 1
 0 0 1 0 0 1 0 0 0 0 1 0 1 0 0 0 0 1 1 1 0 0 0 0 0 0 1 1 1 0
 0 1 0 0 0 0 0 1 1 0 0 0 0 0 1 1 1 0 1 1 0 0 0 0 0 0 1 0 1 0

Warwick 357: balanced products, 10 products per order
10 30
 0 0 0 0 0 0 1 0 0 0 1 0 0 0 1 0 0 1 0 1 1 1 0 1 0 0 1 0 0 1
 1 1 0 0 0 0 0 0 0 0 0 0 0 0 0 0 0 1 0 1 0 1 0 1 1 1 1 1 0 0
 1 1 0 1 0 1 0 1 0 0 0 1 1 0 0 0 0 1 0 0 0 1 0 0 0 0 0 0 1 0
 1 0 1 0 0 0 1 0 0 0 0 1 1 0 0 1 0 0 0 0 1 1 0 0 0 1 0 0 0 1
 0 0 0 0 0 1 0 1 1 0 0 0 1 0 1 1 1 1 0 0 0 0 0 1 0 0 0 0 0 1
 0 0 0 0 1 0 0 0 0 1 0 1 0 0 1 0 0 1 1 1 1 0 1 1 0 0 0 0 0 0
 1 1 1 0 0 1 0 1 0 1 1 1 1 0 0 1 0 0 0 0 0 0 0 0 0 0 0 0 0 0
 1 0 1 0 0 0 0 1 1 1 0 0 0 0 1 0 0 0 0 1 0 0 0 0 1 0 0 0 1 1
 0 0 1 0 0 0 0 1 0 0 0 1 0 1 0 1 0 0 1 1 0 0 0 0 0 0 1 1 1 0
 1 0 0 0 1 0 1 0 0 1 1 0 0 1 0 1 0 1 0 0 0 0 1 0 0 0 0 1 0 0

Warwick 358: balanced products, 10 products per order
10 30
 0 0 1 0 0 0 1 1 1 0 0 0 0 1 1 0 1 0 1 0 0 0 0 1 1 0 0 0 0 0
 1 0 0 0 0 0 0 0 0 0 1 0 0 1 0 0 1 1 0 1 1 1 0 0 0 0 1 1 0 0
 1 0 0 0 1 1 0 0 0 0 0 1 1 0 0 1 0 0 0 0 0 0 1 1 0 0 1 0 1 0
 0 0 1 0 0 0 1 0 1 1 0 1 0 0 0 0 1 1 0 0 1 1 0 0 0 0 1 0 0 0
 1 0 0 1 0 1 0 0 0 0 0 0 0 1 1 0 1 0 0 0 1 0 0 1 0 0 1 0 0 1
 1 0 1 0 0 0 1 0 0 0 1 0 1 0 0 0 1 0 1 0 0 1 0 0 0 0 0 0 1 1
 1 0 1 0 1 0 1 0 0 1 1 0 0 0 1 0 0 0 0 0 0 0 0 1 0 1 0 0 1 0
 0 0 1 0 0 0 0 1 0 1 1 1 0 0 1 0 1 0 0 0 0 1 0 0 1 0 0 0 0 1
 1 0 0 0 0 1 1 0 0 1 0 0 1 0 0 0 0 1 0 1 0 0 1 0 0 1 0 1 0 0
 0 1 0 0 0 1 1 0 0 0 1 0 0 0 0 0 0 0 0 0 1 1 0 1 0 0 0 1 1 1

Warwick 359: balanced products, 10 products per order
10 30
 0 0 0 0 0 1 0 0 1 1 1 1 0 0 0 1 1 0 1 0 0 1 0 0 0 1 0 0 0 0
 0 1 1 0 0 0 0 0 0 0 0 1 0 0 0 0 0 1 0 0 0 0 1 1 1 1 1 0 1 0
 0 0 0 0 1 0 0 0 0 0 0 0 0 0 1 0 0 1 0 0 1 1 1 1 1 1 1 0 0 0
 0 1 0 0 1 0 1 0 0 0 1 1 1 0 0 0 1 1 0 0 0 0 1 0 0 1 0 0 0 0
 1 0 0 0 0 0 1 0 0 0 0 0 0 0 1 1 1 0 0 0 1 1 0 0 0 1 0 0 1 1
 1 1 0 0 0 0 0 0 0 0 0 0 0 1 0 1 0 0 0 0 1 1 1 0 0 1 1 1 0 0
 0 1 0 1 1 0 0 0 0 0 1 0 0 1 1 0 1 0 1 1 0 0 1 0 0 0 0 0 0 0
 1 0 1 0 0 1 1 1 0 0 1 1 0 0 0 0 0 0 0 0 0 0 1 0 1 0 0 0 1 0
 0 1 0 0 0 1 0 1 0 0 0 0 1 1 1 1 0 0 0 1 1 0 0 0 0 0 0 1 0 0
 0 0 1 0 0 1 0 0 1 0 1 0 1 1 0 0 0 0 0 0 0 1 1 1 0 0 0 0 0 1

Warwick 360: balanced products, 10 products per order
10 30
 0 1 0 0 0 0 0 1 1 0 1 1 0 1 0 1 0 0 0 0 0 1 0 0 1 0 1 0 0 0
 1 0 1 0 0 0 0 0 0 0 1 0 0 0 1 1 0 0 1 1 0 0 1 0 0 0 0 1 1 0
 0 1 0 0 0 0 0 0 1 1 1 0 1 0 1 0 1 0 1 1 0 0 0 0 0 0 1 0 0 0
 0 0 0 0 0 0 0 0 1 0 1 1 0 1 0 1 0 0 0 0 1 0 1 0 1 1 0 0 0 1
 0 0 0 0 1 0 1 0 0 0 1 0 0 1 1 0 1 0 1 0 0 0 1 0 1 0 0 0 0 1
 0 0 0 0 0 1 0 0 0 1 1 1 1 0 0 1 0 0 0 1 0 0 0 1 1 1 0 0 0 0
 0 0 0 1 1 0 0 0 0 0 0 0 0 0 0 0 1 0 1 1 1 1 0 1 1 0 1 0 0 0
 0 0 1 0 0 1 0 0 0 0 0 0 1 1 0 1 0 0 0 0 0 1 0 0 1 1 0 1 0 1
 0 0 0 1 0 0 0 0 1 1 0 0 0 1 0 0 1 1 1 1 0 0 1 0 0 0 1 0 0 0
 0 0 1 0 0 1 1 1 0 1 0 0 0 0 0 1 0 0 1 0 0 1 0 0 1 0 0 1 0 0

Warwick 361: balanced products, 11 products per order
10 30
 1 0 0 0 1 0 0 1 1 1 1 0 0 1 0 0 1 0 0 0 1 0 0 0 0 0 0 1 0 1
 1 0 0 0 1 0 0 1 0 0 1 1 0 1 1 0 0 0 0 0 1 0 0 1 0 1 0 1 0 0
 0 0 0 1 0 1 0 1 1 0 1 1 0 0 0 0 0 1 1 0 0 0 0 1 0 1 0 0 1 0
 1 0 0 0 0 1 0 0 1 1 1 0 1 0 0 0 0 1 0 0 1 0 0 0 0 1 0 1 1 0
 1 1 0 0 0 0 1 0 1 0 0 0 1 1 1 0 1 0 0 1 0 0 0 0 1 0 0 0 1 0
 0 0 0 1 0 0 0 0 0 0 1 1 0 1 0 1 0 0 1 0 0 0 1 0 0 1 1 0 1 1
 1 0 1 1 0 0 0 1 1 0 0 1 0 0 0 1 0 0 0 0 1 1 0 1 0 1 0 0 0 0
 0 0 1 1 1 0 1 1 1 0 0 0 0 0 1 0 0 1 1 0 0 0 1 0 0 1 0 0 0 0
 1 0 0 0 1 0 1 1 0 0 0 0 1 0 1 0 0 0 0 0 0 0 1 0 1 1 1 1 0 0
 0 0 0 0 1 0 1 1 1 1 0 0 0 0 0 1 1 0 0 1 0 0 0 1 0 0 1 0 1 0

Warwick 362: balanced products, 11 products per order
10 30
 0 1 1 0 0 0 0 1 0 0 0 1 0 0 1 1 0 0 1 0 0 0 1 1 0 0 1 1 0 0
 0 0 0 1 1 0 0 0 0 1 1 1 0 0 0 0 0 1 1 1 0 0 0 0 1 0 0 1 1 0
 0 0 0 0 1 0 1 0 0 0 1 0 1 0 1 0 0 1 1 0 1 0 0 1 0 0 1 0 1 0
 1 1 1 1 0 0 0 0 1 0 1 1 1 0 0 0 0 0 0 0 1 1 0 0 0 0 0 0 1 0
 1 1 0 0 0 0 0 1 0 1 0 1 1 0 0 1 1 1 0 0 0 0 0 1 0 0 0 0 1 0
 0 1 1 1 0 0 0 0 0 0 0 0 1 1 1 0 1 0 1 0 0 0 0 0 1 0 0 0 1 1
 0 0 0 0 1 0 1 1 0 1 1 1 0 0 0 1 1 0 0 0 0 0 1 0 0 1 0 0 0 1
 0 1 0 1 0 1 1 0 1 0 0 1 0 0 0 1 0 0 0 0 0 1 0 0 0 1 1 0 1 0
 0 0 0 0 1 0 0 1 0 0 0 0 1 0 0 0 0 1 1 0 1 1 0 1 1 1 0 1 0 0
 0 1 0 0 0 0 0 0 1 0 1 0 1 0 0 0 0 0 1 1 1 1 1 0 0 1 1 0 0 0

Warwick 363: balanced products, 11 products per order
10 30
 1 0 1 1 0 0 0 0 1 0 0 1 0 1 0 0 0 1 0 0 0 1 1 1 0 0 0 1 0 0
 0 1 0 1 0 0 0 1 1 0 0 1 0 0 0 0 1 1 0 0 0 0 0 1 1 0 0 1 1 0
 0 1 0 0 1 1 0 0 0 0 0 1 1 0 1 0 0 0 0 1 1 0 1 0 1 1 0 0 0 0
 1 1 0 0 0 0 1 0 0 0 0 1 0 0 1 0 0 1 1 0 1 0 0 0 1 0 0 0 1 1
 0 1 0 0 1 0 0 1 0 1 0 1 0 1 0 0 1 0 0 0 1 1 1 0 0 0 0 0 0 1
 1 1 1 0 0 0 0 1 0 0 0 0 1 0 0 0 0 1 1 1 0 0 0 1 0 1 0 0 0 1
 1 0 0 0 0 1 0 0 0 0 1 0 0 1 0 1 1 1 0 0 0 1 0 1 1 0 1 0 0 0
 0 0 0 1 1 1 1 1 0 0 0 0 1 1 0 0 1 0 0 0 1 1 0 0 1 0 0 0 0 0
 0 0 1 1 0 1 0 0 1 0 1 1 0 0 1 0 0 0 1 0 0 0 0 0 0 1 0 1 0 1
 0 0 0 0 0 1 0 1 1 0 1 0 0 0 0 0 1 0 1 0 1 1 0 0 0 1 0 1 1 0

Warwick 364: balanced products, 11 products per order
10 30
 0 0 1 0 0 1 1 0 0 1 0 0 0 1 0 0 0 0 0 1 1 0 1 0 0 0 1 0 1 1
 0 0 0 1 1 0 1 0 0 0 0 1 0 1 1 1 0 1 0 1 1 0 0 0 0 0 0 0 1 0
 1 1 0 0 1 1 0 0 0 1 1 0 0 0 0 0 0 1 0 0 1 0 0 1 0 1 0 0 1 0
 1 1 0 1 0 0 1 1 1 0 0 0 0 0 0 1 0 1 1 0 0 0 0 0 0 0 1 0 0 1
 0 0 0 1 0 1 1 1 0 0 0 1 0 0 0 0 0 0 0 1 0 1 0 1 1 0 0 1 0 1
 1 1 0 0 0 0 0 0 0 1 1 0 0 1 1 1 0 1 0 1 1 0 0 0 0 0 0 0 0 1
 0 0 0 0 1 0 0 1 0 0 0 0 1 1 1 0 0 0 0 1 0 1 1 1 1 0 0 0 1 0
 1 1 1 0 0 0 1 1 0 0 0 0 0 1 0 0 0 1 1 1 0 1 0 0 0 1 0 0 0 0
 0 0 0 1 0 0 0 1 0 1 1 0 1 0 1 0 1 0 1 0 1 0 0 0 0 0 0 1 1 0
 1 1 0 1 1 0 0 0 0 0 0 0 0 0 0 0 1 0 1 0 0 0 0 0 1 1 1 1 0 1

Warwick 365: balanced products, 11 products per order
10 30
 0 0 1 1 1 0 1 0 1 0 1 0 0 1 0 0 1 0 1 1 0 0 1 0 0 0 0 0 0 0
 0 0 1 0 0 1 1 0 0 0 1 0 0 1 1 1 0 1 1 0 0 1 0 0 0 0 0 0 1 0
 1 0 1 0 1 0 0 0 0 0 1 0 1 1 0 0 1 0 0 0 0 1 0 1 0 1 0 0 1 0
 0 0 0 0 0 1 0 1 1 1 0 0 1 0 0 1 1 0 0 0 0 0 1 1 1 1 0 0 0 0
 0 0 0 0 0 0 0 0 1 0 1 1 1 1 0 0 1 0 0 1 0 1 0 0 0 0 1 1 0 1
 0 0 0 1 1 0 1 0 0 1 0 0 0 1 1 1 0 0 0 0 0 0 0 1 1 0 1 1 0 0
 1 0 1 0 0 0 0 0 1 0 1 1 0 0 1 0 0 1 0 1 0 1 0 0 0 0 0 0 1 1
 1 1 0 0 1 0 0 0 0 1 1 0 0 0 0 0 1 0 0 0 0 0 1 1 0 0 1 0 1 1
 1 0 0 0 0 0 0 0 1 0 0 0 0 0 1 0 0 1 1 1 1 0 0 0 1 0 1 1 0 1
 0 0 0 0 1 0 1 1 0 1 0 0 0 1 0 0 0 0 0 0 1 0 0 1 1 1 0 1 0 1

Warwick 366: balanced products, 11 products per order
10 30
 0 0 0 0 1 0 0 1 1 1 0 0 0 1 0 1 0 0 1 0 0 1 1 0 1 0 0 1 0 0
 1 1 0 1 0 0 1 0 0 1 0 1 0 0 1 0 1 0 1 1 0 0 0 0 0 0 1 0 0 0
 1 1 1 0 0 1 0 0 0 0 0 0 0 0 0 1 0 0 1 0 0 0 0 1 1 0 1 1 0 1
 1 1 0 1 1 0 0 0 1 1 0 0 1 0 0 1 0 0 0 0 0 0 0 0 0 0 1 0 1 1
 1 1 0 0 0 0 0 1 0 0 0 0 0 0 1 0 0 0 0 0 1 0 1 1 0 1 1 1 0 1
 1 1 0 0 0 1 0 0 1 1 0 0 1 1 1 0 0 1 1 1 0 0 0 0 0 0 0 0 0 0
 1 1 1 0 0 0 0 0 0 1 0 1 0 1 0 1 0 1 1 0 0 0 0 0 0 1 1 0 0 0
 0 1 0 0 0 0 0 0 1 1 0 1 0 0 1 1 0 1 1 0 1 0 0 0 1 0 0 0 1 0
 0 1 0 0 1 0 0 0 0 0 1 0 1 0 0 0 0 1 0 0 1 0 1 1 0 0 0 1 1 1
 0 0 0 0 1 0 0 0 1 0 1 1 0 0 1 0 0 1 1 0 0 0 0 0 0 1 1 1 0 1

Warwick 367: balanced products, 11 products per order
10 30
 1 1 0 0 0 0 0 0 0 1 0 0 1 1 1 0 1 1 0 1 0 1 0 1 0 0 0 0 0 0
 0 1 1 0 0 0 0 0 0 1 0 1 1 1 1 1 0 1 1 0 0 0 0 0 0 0 0 0 1 0
 0 1 0 0 0 0 0 0 1 1 0 1 0 0 1 0 0 1 0 1 1 0 1 0 0 0 1 0 1 0
 0 1 0 0 1 1 0 0 0 1 1 0 0 0 0 0 1 0 1 0 0 1 0 0 0 1 1 1 0 0
 0 1 0 0 0 0 0 0 1 0 0 0 1 1 1 0 0 1 0 1 0 1 1 0 0 1 0 1 0 0
 0 1 0 0 0 0 0 1 1 0 0 1 1 1 1 0 1 1 0 0 1 0 0 0 1 0 0 0 0 0
 0 1 1 0 1 0 0 0 1 1 0 1 1 0 0 0 1 0 0 0 1 1 0 0 0 0 1 0 0 0
 0 0 0 1 1 0 1 1 0 1 0 0 0 0 0 0 1 0 0 1 0 0 1 1 1 0 1 0 0 0
 1 0 0 1 0 0 1 0 1 0 1 0 0 0 0 1 0 0 0 1 1 0 0 1 0 1 0 1 0 0
 0 0 0 0 1 1 1 0 1 0 0 0 1 0 0 0 0 0 0 0 0 0 1 0 1 1 0 1 1 1

Warwick 368: balanced products, 11 products per order
10 30
 0 0 0 1 1 0 1 0 1 1 0 1 0 0 0 1 0 0 0 0 0 1 0 1 0 0 1 1 0 0
 1 1 1 1 0 0 0 0 0 1 0 0 1 0 0 1 0 1 0 1 0 0 1 1 0 0 0 0 0 0
 0 1 0 1 1 0 0 1 1 0 1 0 0 0 0 1 0 0 0 0 1 0 1 0 0 0 1 0 1 0
 0 0 1 0 1 1 1 0 1 1 0 0 1 0 0 0 0 0 1 0 1 1 0 0 0 0 0 0 1 0
 0 0 0 0 1 0 0 0 0 1 0 1 0 0 0 1 1 0 0 1 1 1 0 1 0 1 1 0 0 0
 0 1 1 0 0 0 0 0 0 0 0 0 1 0 1 1 0 1 0 1 0 1 0 1 0 1 0 0 0 1
 1 0 1 0 0 0 0 0 1 0 1 0 0 0 0 0 0 1 1 0 0 0 0 1 0 1 1 1 0 1
 1 0 0 0 1 0 0 1 0 0 0 1 0 1 0 0 1 0 0 1 1 1 0 0 1 0 0 0 1 0
 0 0 1 0 1 0 0 0 0 1 0 0 0 1 1 1 0 1 0 1 0 1 0 0 0 0 1 0 1 0
 1 0 0 0 0 0 1 1 0 1 0 0 1 1 1 1 0 0 0 0 1 1 0 0 0 1 0 0 0 0

Warwick 369: balanced products, 11 products per order
10 30
 0 1 0 0 1 0 0 0 1 0 0 0 0 0 0 0 1 1 0 0 0 0 0 1 1 1 1 0 1 1
 0 0 1 0 0 0 1 1 0 1 1 0 1 0 0 0 0 0 1 0 1 0 1 1 0 0 0 1 0 0
 0 0 0 1 1 1 0 1 0 0 0 0 1 0 0 0 0 0 1 0 1 0 1 0 1 1 0 0 0 1
 0 1 0 1 1 0 0 1 1 0 0 1 0 0 0 1 0 1 0 0 1 0 0 0 0 0 0 1 1 0
 0 0 0 1 0 0 1 1 0 0 1 1 0 0 1 0 0 0 1 0 1 1 0 1 0 1 0 0 0 0
 1 0 0 0 1 0 0 0 0 0 0 0 1 1 0 0 0 0 0 1 1 1 1 0 1 1 0 0 0 1
 0 0 0 0 0 0 0 1 1 0 0 0 0 1 0 1 0 0 1 1 0 0 1 0 1 1 1 0 1 0
 0 0 0 1 0 0 0 1 0 0 1 0 1 0 1 0 1 0 0 1 0 1 0 0 1 0 1 1 0 0
 1 0 0 1 0 0 0 0 1 0 1 1 0 0 0 0 0 0 1 0 1 1 1 0 1 0 0 0 0 1
 0 0 0 1 0 0 0 0 1 1 1 0 1 0 0 1 1 1 1 0 1 1 0 0 0 0 0 0 0 0

Warwick 370: balanced products, 11 products per order
10 30
 0 0 1 0 0 1 1 0 0 0 1 0 0 1 1 0 0 1 1 0 0 1 0 1 0 1 0 0 0 0
 1 1 0 0 0 0 0 1 0 1 0 0 1 1 0 1 1 0 0 1 0 1 0 0 0 0 0 1 0 0
 1 1 0 0 0 0 1 1 0 0 0 1 0 0 0 0 0 0 1 0 1 1 0 0 0 1 1 0 0 1
 0 0 1 0 1 0 1 1 0 1 0 1 1 0 0 0 0 1 0 0 0 0 0 0 1 0 1 1 0 0
 1 0 1 0 1 0 1 0 0 0 0 0 0 0 1 1 0 0 0 1 0 1 0 1 1 0 0 1 0 0
 0 1 0 1 0 1 0 0 0 0 0 0 1 1 0 1 0 1 1 0 1 0 1 0 1 0 0 0 0 0
 0 0 0 0 0 0 0 0 1 0 1 0 1 0 1 0 0 0 1 0 0 1 1 0 1 1 1 0 1 0
 1 1 0 0 0 0 1 0 1 0 1 0 1 1 0 0 1 0 1 1 0 0 0 0 0 0 0 0 1 0
 0 1 1 1 1 0 0 1 0 0 0 0 0 1 0 0 0 0 1 0 0 0 1 1 0 0 1 1 0 0
 0 1 0 0 0 0 0 0 1 1 0 0 0 1 1 0 0 0 0 0 1 1 1 0 0 1 0 0 1 1

Warwick 371: balanced products, 12 products per order
10 30
 1 0 0 1 0 0 1 0 1 1 1 0 1 0 0 0 0 1 1 1 1 0 0 0 1 0 0 0 0 0
 1 0 0 0 1 0 1 1 0 0 0 0 1 1 0 1 0 1 0 0 0 0 0 1 0 1 0 1 0 1
 0 1 1 0 0 1 0 1 0 0 0 1 0 0 0 0 0 1 1 1 1 0 0 0 0 1 0 1 1 0
 0 1 0 0 0 0 0 1 0 1 0 1 0 1 0 1 1 1 1 0 0 1 0 1 1 0 0 0 0 0
 0 1 0 1 0 1 0 1 0 0 0 0 0 1 0 1 1 1 0 1 0 1 0 0 1 0 1 0 0 0
 1 1 0 0 0 1 0 0 0 1 1 1 0 0 0 0 1 0 0 0 1 0 1 0 1 0 0 1 1 0
 0 1 0 1 1 1 0 0 0 0 0 0 0 0 0 1 1 0 1 1 0 1 0 1 0 0 1 1 0 0
 1 1 1 1 0 0 0 0 0 0 0 0 1 0 1 1 1 1 0 1 0 0 0 1 0 0 0 0 0 1
 1 1 0 0 0 0 1 1 0 0 0 0 0 1 0 0 1 0 1 1 1 0 1 0 0 1 0 1 0 0
 0 0 0 0 1 1 0 1 0 1 0 1 0 1 1 1 0 1 1 0 0 0 1 0 1 0 0 0 0 0

Warwick 372: balanced products, 12 products per order
10 30
 0 0 0 1 1 0 0 1 0 0 0 0 0 0 0 0 1 1 1 1 1 0 0 1 0 0 1 0 1 1
 0 1 0 0 0 0 0 0 1 1 0 0 0 1 0 1 1 0 0 1 0 0 0 1 1 0 0 1 1 1
 1 0 1 0 1 0 0 0 0 0 0 1 1 0 1 0 0 1 1 1 0 0 0 1 0 0 1 0 0 1
 0 1 0 1 1 1 0 0 0 0 1 0 0 0 1 0 0 0 1 0 1 0 1 1 1 0 0 0 1 0
 0 1 1 0 1 1 0 1 1 0 1 0 1 0 0 0 0 1 0 0 0 0 0 0 1 1 0 0 0 1
 0 0 1 1 1 0 1 1 1 0 0 1 1 1 1 0 0 0 0 0 0 1 0 0 1 0 0 0 0 0
 0 0 1 1 0 0 0 1 0 1 0 1 0 0 0 0 1 0 0 0 1 1 1 0 0 1 0 1 0 1
 0 0 0 1 0 1 0 0 0 1 1 1 0 0 0 1 0 0 0 1 0 0 1 0 0 0 1 1 1 1
 1 1 0 0 1 0 1 0 0 0 1 0 0 0 0 0 1 0 0 1 0 1 0 1 0 0 1 1 0 1
 1 1 1 0 1 0 0 1 0 0 1 0 1 0 0 0 0 1 0 0 1 0 1 0 0 1 0 0 1 0

Warwick 373: balanced products, 12 products per order
10 30
 1 0 1 1 1 1 0 1 0 0 1 1 0 0 0 0 0 0 0 0 0 1 1 1 0 0 0 0 0 1
 0 1 0 1 1 0 1 1 0 0 0 0 0 0 0 0 1 0 1 0 1 0 1 0 0 1 0 0 1 1
 0 0 1 1 1 0 0 1 0 0 1 1 1 1 0 0 0 0 0 0 0 1 1 0 0 1 0 1 0 0
 1 0 0 0 1 0 1 0 0 0 1 1 1 1 1 0 0 0 1 0 1 0 0 0 1 0 0 0 0 1
 0 1 1 1 0 1 0 1 1 0 0 1 0 1 1 0 0 1 0 0 0 1 0 0 0 0 1 0 0 0
 1 1 1 0 0 0 1 1 0 1 1 0 0 0 0 1 0 0 1 0 0 1 0 0 0 0 0 0 1 1
 0 0 0 0 1 0 0 1 1 0 1 1 0 0 1 0 0 1 1 1 0 0 1 1 0 0 0 0 0 1
 1 0 0 0 0 0 1 1 0 1 0 1 0 1 1 0 0 1 0 0 1 1 0 0 0 0 0 1 0 1
 1 1 1 0 0 1 0 0 0 1 1 0 0 0 0 0 0 0 0 1 0 1 0 1 0 1 1 1 0 0
 1 0 1 1 0 0 1 1 0 0 0 0 1 1 0 1 0 0 0 0 0 0 0 0 0 1 1 1 1 0

Warwick 374: balanced products, 12 products per order
10 30
 1 0 0 1 1 0 0 1 1 1 0 0 1 1 0 1 1 0 0 0 1 0 0 0 1 0 0 0 0 0
 0 0 0 1 0 0 1 0 1 1 0 1 0 0 1 0 0 0 1 1 1 1 0 0 0 1 0 0 0 1
 0 0 0 1 0 0 1 1 0 0 0 0 0 1 1 0 1 0 1 1 1 0 0 1 0 0 1 0 1 0
 1 0 1 1 0 1 0 1 1 0 1 1 1 0 0 1 0 0 1 0 0 0 1 0 0 0 0 0 0 0
 0 0 0 0 0 1 0 1 1 0 1 0 1 1 0 0 1 0 0 0 1 0 1 0 1 0 1 1 0 0
 1 1 0 0 0 1 0 0 0 0 1 0 1 0 0 1 0 1 0 1 0 1 0 1 0 1 1 0 0 0
 0 1 0 0 0 0 1 0 1 0 1 1 1 1 0 0 0 1 1 0 0 1 0 0 0 0 0 0 1 1
 1 0 1 0 0 1 0 0 1 0 0 1 0 0 0 0 0 1 1 0 0 0 1 1 1 0 0 0 1 1
 0 1 1 1 1 0 0 0 0 0 1 1 0 1 0 1 0 0 0 0 0 1 0 0 0 0 1 1 0 1
 0 0 1 0 1 0 0 0 1 1 1 0 0 1 0 1 0 0 1 0 0 0 0 1 1 0 1 1 0 0

Warwick 375: balanced products, 12 products per order
10 30
 0 0 1 1 1 1 0 0 0 0 1 1 0 0 0 0 1 0 1 0 1 1 1 1 0 0 0 0 0 0
 1 0 1 0 0 0 0 1 1 0 1 0 1 0 1 0 1 0 0 0 0 0 0 0 1 1 0 1 0 1
 0 1 0 1 0 1 0 0 0 1 1 0 0 0 0 0 0 0 1 1 0 0 1 1 0 1 0 1 1 0
 0 0 0 0 0 0 0 0 0 0 0 1 0 1 0 0 1 1 0 1 1 1 1 0 0 1 0 1 1 1
 0 0 0 1 1 1 0 1 0 0 1 1 0 0 0 0 0 0 0 1 0 0 0 0 1 1 0 1 1 1
 0 1 1 0 0 0 1 1 1 0 0 1 1 0 0 0 1 0 0 0 1 0 0 0 0 0 1 1 1 0
 0 0 0 0 0 1 0 0 1 0 0 1 0 0 0 1 0 1 1 1 0 0 0 1 1 0 1 1 1 0
 0 0 1 0 0 0 0 0 0 1 0 1 1 0 0 1 0 0 1 1 0 1 0 1 1 0 1 0 1 0
 1 1 0 1 0 0 1 0 0 1 0 0 0 1 0 1 1 1 0 0 1 0 0 0 0 1 0 1 0 0
 0 1 1 1 0 1 0 0 0 0 1 1 1 0 0 0 0 0 1 0 0 1 1 1 1 0 0 0 0 0

Warwick 376: balanced products, 12 products per order
10 30
 0 1 0 0 1 1 0 1 0 0 0 0 1 1 1 0 0 1 1 0 0 1 1 0 0 0 0 1 0 0
 0 0 1 0 0 0 0 0 0 0 1 0 0 1 0 1 0 1 0 1 1 1 0 0 1 1 0 1 0 1
 0 1 0 0 0 0 1 1 1 1 0 1 0 0 0 1 0 1 0 1 1 0 1 0 0 0 1 0 0 0
 0 0 0 1 1 0 1 0 0 0 0 0 1 0 1 0 0 0 0 1 0 1 1 1 1 0 0 1 1 0
 0 1 1 1 0 1 0 1 1 0 0 1 0 0 0 0 1 0 0 1 0 0 1 1 0 0 0 0 0 1
 1 0 0 0 0 1 1 0 1 1 0 0 1 1 0 1 0 1 0 0 0 0 1 1 0 1 0 0 0 0
 0 1 0 0 0 0 1 0 0 1 1 1 0 0 1 0 0 1 0 1 1 1 0 0 0 0 0 1 1 0
 0 0 0 1 0 0 1 0 1 0 0 0 1 0 0 1 1 1 0 0 0 0 1 0 1 0 1 1 0 1
 0 1 1 1 0 0 0 1 1 1 0 1 0 1 0 0 0 0 1 0 0 1 0 1 0 0 0 1 0 0
 0 1 1 0 1 0 1 1 0 0 0 0 0 0 0 0 1 1 1 0 0 1 0 1 1 0 0 1 0 0

Warwick 377: balanced products, 12 products per order
10 30
 1 1 0 1 1 0 0 0 0 0 0 0 0 0 1 1 1 0 0 0 1 1 0 1 1 0 0 1 0 0
 0 0 0 0 0 1 1 0 0 1 0 0 0 1 1 0 1 1 1 0 0 0 1 0 0 0 1 1 0 1
 0 0 1 0 0 1 1 0 0 0 1 1 1 0 1 0 1 0 0 0 0 0 1 1 0 0 0 1 1 0
 0 1 0 0 1 1 0 1 1 0 0 0 1 0 1 0 1 0 1 0 1 0 0 0 0 0 1 0 1 0
 0 0 0 1 0 0 0 0 0 1 1 0 0 1 1 0 0 1 1 0 1 0 0 1 1 0 1 0 0 1
 1 1 1 0 0 0 0 1 0 0 1 0 0 0 1 0 1 0 1 0 0 0 1 1 0 1 1 0 0 0
 1 0 0 0 0 1 0 1 0 0 0 0 0 1 1 0 1 0 1 0 1 0 0 1 1 0 0 1 0 1
 0 0 0 0 1 1 0 1 1 1 1 1 0 0 1 0 1 0 0 0 0 0 1 0 0 0 1 1 0 0
 0 0 0 1 0 0 1 1 1 0 0 1 0 1 1 1 1 0 0 0 1 0 0 0 0 0 1 0 0 1
 0 1 1 1 0 0 0 0 0 0 0 1 0 1 0 0 0 0 1 1 0 0 0 1 1 1 0 1 1 0

Warwick 378: balanced products, 12 products per order
10 30
 0 1 1 0 0 0 1 1 0 0 0 1 1 0 0 0 0 1 0 1 0 1 0 1 0 0 0 1 1 0
 0 0 0 1 0 1 0 0 0 0 0 1 0 0 1 0 0 1 0 1 1 0 0 1 1 1 0 1 0 1
 1 0 1 0 0 0 0 1 1 1 0 0 1 0 1 0 1 0 0 0 0 1 0 0 1 0 0 1 0 1
 0 0 0 0 0 0 1 1 0 1 1 0 0 0 0 1 1 1 0 1 1 0 1 0 1 0 0 0 1 0
 1 0 1 1 1 0 0 1 0 1 0 0 0 1 1 0 1 1 0 1 1 0 0 0 0 0 0 0 0 0
 0 1 1 0 1 0 1 0 0 1 1 0 0 1 0 1 1 1 0 0 1 1 0 0 0 0 0 0 0 0
 1 0 1 1 1 1 0 0 1 0 0 0 0 0 0 0 0 0 0 1 0 0 1 0 0 1 1 1 1 0
 0 0 1 0 0 0 0 0 0 0 1 1 0 1 0 1 0 1 1 0 1 1 0 0 0 1 0 0 1 1
 0 0 0 0 0 0 0 0 1 1 1 0 1 0 0 1 1 0 0 1 1 0 0 0 1 1 0 0 1 1
 0 0 1 0 0 1 0 1 0 1 1 0 0 1 1 1 0 1 0 0 0 1 0 0 0 0 1 0 0 1

Warwick 379: balanced products, 12 products per order
10 30
 0 0 1 1 0 0 1 0 0 0 1 0 1 0 0 0 1 1 0 1 1 0 0 0 1 1 1 0 0 0
 0 1 1 1 1 0 0 0 1 0 0 0 1 0 0 1 0 0 1 1 0 0 1 0 0 1 1 0 0 0
 0 0 0 1 0 0 1 0 1 0 0 0 0 1 0 1 1 1 0 1 0 0 1 0 0 0 1 0 1 1
 0 1 0 1 1 0 1 0 1 0 1 1 0 0 1 0 0 1 1 0 0 0 0 0 0 1 0 0 0 1
 0 0 0 0 0 0 1 1 0 0 0 0 0 1 0 1 0 0 0 0 1 0 0 1 1 1 1 1 1 1
 1 0 0 0 1 0 0 0 0 1 0 1 1 0 0 0 0 1 0 1 1 0 0 0 1 1 0 1 1 0
 0 0 0 1 0 1 0 0 0 1 1 0 0 1 1 1 1 0 0 0 0 0 0 1 1 0 0 0 1 1
 0 0 0 1 0 0 1 0 1 1 0 1 0 0 0 1 0 0 1 1 0 0 0 1 0 0 1 1 0 1
 0 0 0 1 1 1 1 1 0 1 0 0 0 1 0 1 0 0 0 0 0 0 0 1 0 0 1 1 1 0
 0 0 0 1 1 0 0 1 1 1 0 0 0 1 1 0 0 0 1 1 1 1 0 1 0 0 0 0 0 0

Warwick 380: balanced products, 12 products per order
10 30
 1 1 0 0 0 0 1 0 0 1 0 0 1 0 0 1 1 1 0 0 1 0 0 1 0 0 1 0 0 1
 0 0 0 1 1 0 0 0 0 0 1 0 1 1 1 0 1 1 1 0 0 0 0 1 0 0 1 0 1 0
 0 1 0 0 1 0 0 1 0 0 0 0 1 1 0 1 1 0 0 1 0 1 0 1 0 1 0 0 0 1
 0 0 1 1 1 0 0 1 0 0 0 0 0 0 0 0 0 1 1 1 0 0 0 1 1 1 0 0 1 1
 1 1 0 0 0 1 1 0 1 0 0 0 0 0 0 0 1 1 0 0 0 0 1 1 0 1 0 1 1 0
 0 1 0 1 0 1 1 0 0 0 0 1 0 0 0 0 0 0 0 1 1 0 0 1 0 1 1 0 1 1
 0 0 1 1 0 1 1 1 0 0 0 1 0 1 1 0 0 0 0 0 1 0 1 0 1 0 0 1 0 0
 0 1 0 1 0 0 0 0 0 0 0 1 0 0 1 1 0 1 1 1 1 1 0 0 0 0 1 0 1 0
 1 0 1 0 1 0 1 0 0 0 1 0 0 0 1 1 1 0 1 1 0 0 0 0 0 1 0 1 0 0
 1 1 0 1 0 1 1 1 0 0 0 0 0 0 0 0 0 0 1 1 1 1 0 0 0 1 0 1 0 0

Warwick 381: balanced products, 13 products per order
10 30
 1 0 0 0 1 1 0 1 0 0 1 0 1 0 1 0 1 0 0 0 0 0 1 1 1 0 0 1 0 1
 0 1 0 1 0 1 0 0 1 1 1 0 0 1 1 1 1 0 0 1 0 0 1 0 1 0 0 0 0 0
 1 0 0 1 0 1 1 1 0 0 0 1 1 0 0 0 0 0 1 0 1 1 0 1 0 0 0 1 0 1
 0 0 1 1 0 1 1 0 1 1 1 0 1 1 1 0 0 0 0 0 1 0 0 0 1 0 1 0 0 0
 0 0 1 1 0 1 1 1 0 0 1 1 0 0 1 1 0 0 0 0 0 1 0 0 0 0 0 1 1 1
 0 0 1 1 0 0 0 1 1 1 1 0 1 0 0 0 0 0 0 0 1 0 1 1 0 1 0 1 1 0
 0 1 0 0 0 0 0 1 1 0 1 1 1 0 1 0 1 1 1 0 1 0 1 1 0 0 0 0 0 0
 1 1 0 0 0 0 0 0 0 0 1 0 0 0 1 1 1 0 1 0 1 1 1 0 1 1 1 0 0 0
 1 0 1 1 0 1 0 1 0 1 0 0 1 0 0 0 1 0 1 1 0 0 0 1 1 0 1 0 0 0
 0 1 1 0 1 0 1 1 0 0 0 0 0 0 0 1 1 0 1 0 1 0 1 1 0 0 1 0 0 1

Warwick 382: balanced products, 13 products per order
10 30
 0 1 1 0 1 0 0 0 0 0 1 1 0 0 0 1 1 1 1 0 0 1 0 1 0 1 0 0 1 0
 1 0 0 1 0 1 0 1 0 0 0 0 0 0 0 0 1 0 1 1 1 0 1 0 1 0 1 1 0 1
 0 0 1 0 1 0 0 0 0 0 0 1 0 1 1 1 1 1 1 1 0 0 1 0 1 1 0 0 0 0
 0 1 0 0 0 0 1 1 0 0 1 0 0 0 1 0 0 1 1 0 1 0 1 0 1 1 0 1 0 1
 0 0 1 1 1 0 0 1 0 1 1 0 1 1 1 1 0 0 0 0 0 0 0 0 1 0 1 0 0 1
 0 0 0 1 1 0 0 0 1 1 1 1 0 0 1 1 0 1 0 0 1 0 1 0 0 0 0 0 1 1
 0 0 1 1 0 1 0 1 1 0 0 0 1 1 1 0 1 1 0 1 0 0 0 0 1 0 1 0 0 0
 1 1 0 1 0 0 1 0 0 1 1 0 0 0 1 0 0 1 0 0 0 0 1 0 1 0 0 1 1 1
 0 1 0 0 1 1 1 0 1 0 0 0 1 0 1 0 0 1 0 0 0 1 1 1 0 1 0 0 1 0
 1 1 1 0 1 0 0 0 1 0 1 1 0 0 0 0 1 0 1 1 1 0 0 1 0 0 1 0 0 0

Warwick 383: balanced products, 13 products per order
10 30
 1 0 0 0 0 1 0 1 0 1 0 0 1 1 1 0 0 1 1 0 1 1 0 0 0 0 1 0 1 0
 1 0 1 1 1 0 0 1 0 0 1 0 0 0 0 0 1 0 0 0 0 1 1 1 0 0 1 1 1 0
 0 1 1 1 0 0 0 1 0 0 1 0 1 1 1 1 0 0 0 0 1 1 0 1 1 0 0 0 0 0
 1 0 1 0 0 1 1 0 0 0 1 0 0 0 1 1 1 1 0 0 0 1 0 0 1 1 0 1 0 0
 1 1 0 0 0 0 0 0 1 1 0 0 0 1 0 1 1 0 1 0 1 1 1 1 0 0 0 0 0 1
 0 0 1 1 1 0 0 0 1 0 1 0 1 1 0 0 1 1 0 1 0 0 0 0 0 1 1 1 0 0
 1 0 0 0 1 0 1 0 0 0 0 0 0 1 0 1 1 1 1 0 0 1 0 0 1 1 0 0 1 1
 1 1 0 1 0 1 1 0 0 0 1 0 0 0 0 0 1 0 0 1 0 1 0 0 1 0 0 1 1 1
 0 0 1 0 0 0 0 1 0 1 0 1 1 0 1 0 0 1 0 0 0 1 0 1 1 0 1 1 1 0
 1 1 1 0 0 1 0 1 1 1 0 1 0 0 0 0 0 0 1 1 0 0 1 0 1 0 0 0 0 1

Warwick 384: balanced products, 13 products per order
10 30
 0 0 1 1 1 0 1 0 0 0 0 1 0 0 0 0 1 1 1 0 0 1 1 0 0 0 1 0 1 1
 0 0 0 1 1 1 0 1 0 0 1 0 1 0 1 1 0 1 0 0 0 1 0 1 1 0 0 1 0 0
 0 0 0 1 0 0 0 0 1 1 0 1 1 0 1 1 1 0 0 0 0 0 1 0 1 1 0 1 0 1
 0 0 0 0 1 0 0 0 0 0 1 1 1 1 1 1 0 0 1 0 1 0 1 1 1 0 0 0 0 1
 1 0 1 0 1 0 0 0 1 1 0 0 0 0 1 1 1 1 1 0 0 0 1 1 1 0 0 0 0 0
 0 0 1 0 0 1 1 1 1 0 0 1 0 0 0 0 1 1 0 1 0 1 0 1 0 1 1 0 0 0
 1 0 1 0 0 0 0 1 1 0 0 1 0 0 0 0 1 1 0 1 1 0 0 1 0 1 1 0 0 1
 1 1 0 0 0 1 0 0 1 0 0 1 1 1 0 0 0 1 1 1 1 1 1 0 0 0 0 0 0 0
 0 1 0 1 0 0 0 0 1 1 1 1 0 0 1 0 0 1 0 0 0 0 0 0 1 1 0 1 1 1
 1 0 0 1 0 0 0 1 1 0 0 0 1 0 0 0 1 1 1 0 0 0 0 0 0 1 1 1 1 1

Warwick 385: balanced products, 13 products per order
10 30
 0 0 0 0 0 0 1 1 1 0 1 0 1 0 1 0 1 0 0 1 1 0 1 0 1 0 0 0 1 1
 0 0 1 1 1 0 0 1 1 0 0 1 0 0 0 0 1 0 1 0 0 1 1 0 0 1 1 0 1 0
 0 1 1 1 1 0 0 1 1 1 1 0 1 0 0 0 0 0 0 0 0 1 0 0 1 0 1 0 1 0
 0 1 1 0 1 1 0 1 0 1 1 0 1 1 1 0 1 0 0 0 0 0 1 0 0 0 1 0 0 0
 0 0 0 0 0 0 0 0 1 1 0 1 1 1 0 1 1 0 1 0 0 1 0 1 0 1 0 1 0 1
 0 0 1 0 1 1 0 0 0 0 1 0 1 0 1 0 0 1 0 0 1 1 1 0 0 1 0 1 1 0
 0 1 1 0 1 1 1 0 1 1 0 0 1 0 0 1 0 0 1 0 0 1 0 0 0 0 0 0 1 1
 1 0 1 1 0 1 0 0 1 0 0 1 1 0 0 1 0 1 0 0 1 1 1 0 0 0 1 0 0 0
 0 0 1 1 1 0 0 0 1 0 1 0 0 1 1 0 0 1 1 0 1 0 0 1 1 0 1 0 0 0
 0 1 0 0 0 0 1 1 0 0 0 0 1 0 1 0 0 1 1 1 0 1 0 0 0 1 1 1 1 0

Warwick 386: balanced products, 13 products per order
10 30
 0 0 1 0 1 0 1 0 0 0 1 0 0 0 0 1 0 1 1 1 0 0 1 1 1 1 0 0 1 0
 1 1 0 0 0 0 0 1 0 0 1 1 1 0 0 1 0 0 1 0 0 0 0 1 1 0 1 0 1 1
 0 0 0 1 0 0 1 0 0 1 1 0 1 0 0 1 0 1 0 1 1 0 1 0 0 0 1 1 1 0
 0 0 1 1 1 1 0 0 0 1 0 0 0 0 1 1 0 1 0 0 0 0 1 0 1 1 1 0 1 0
 1 0 0 0 1 0 0 0 1 1 1 0 1 1 1 0 0 0 0 1 0 1 0 0 0 0 0 1 1 1
 0 1 1 1 0 1 1 0 1 1 0 0 1 0 0 1 0 0 1 1 0 0 0 1 0 0 1 0 0 0
 0 0 0 0 0 0 1 1 1 0 0 1 1 0 1 0 0 0 0 1 1 0 1 0 1 0 1 1 1 0
 0 1 0 0 0 1 1 1 0 0 0 1 0 0 0 1 0 1 0 1 0 0 1 0 1 1 1 1 0 0
 0 0 1 0 1 1 0 0 1 1 1 0 1 1 0 0 1 1 0 0 0 1 0 0 0 0 1 1 0 0
 1 0 0 1 0 0 1 1 1 1 1 0 1 0 0 0 0 0 1 0 0 0 0 1 1 0 0 1 0 1

Warwick 387: balanced products, 13 products per order
10 30
 0 1 0 1 0 0 1 0 1 0 0 1 0 0 0 1 1 0 1 0 0 1 1 0 0 0 1 1 0 1
 1 0 1 1 1 0 0 1 0 1 1 0 1 0 0 1 0 1 1 0 0 0 0 1 0 0 1 0 0 0
 0 0 0 0 0 0 0 0 1 1 0 1 1 0 1 0 1 0 1 1 1 1 1 1 0 0 0 0 0 1
 1 1 0 1 0 1 0 1 0 1 1 0 0 0 0 0 1 0 0 0 0 1 0 0 1 0 1 1 1 0
 1 0 1 0 0 0 1 0 0 1 0 1 0 0 0 0 1 0 1 1 1 0 1 0 0 1 0 0 1 1
 0 0 0 0 1 1 0 0 0 1 0 0 0 1 1 1 1 1 1 1 0 0 1 0 0 0 0 0 1 1
 0 1 0 1 0 1 0 0 1 0 1 0 1 0 1 1 1 1 0 0 0 0 0 0 1 1 0 1 0 0
 1 0 1 0 0 1 1 1 0 1 0 0 1 1 0 0 0 1 0 1 0 0 0 0 0 1 0 1 1 0
 1 1 1 1 1 1 1 1 0 1 0 0 0 0 0 0 0 1 0 1 0 0 0 0 1 0 0 1 0 0
 0 1 1 1 1 0 1 0 0 0 0 0 1 0 0 0 0 0 1 1 1 0 0 1 0 1 0 1 1 0

Warwick 388: balanced products, 13 products per order
10 30
 1 1 0 0 1 1 0 1 0 0 1 0 1 1 0 0 1 1 0 1 0 0 0 1 1 0 0 0 0 0
 0 1 1 0 0 0 0 0 0 1 1 0 1 0 1 0 1 1 0 0 1 1 0 1 0 0 0 1 0 1
 1 0 0 1 0 0 0 1 0 0 1 0 1 0 1 1 1 1 1 0 1 0 1 0 0 0 0 0 1 0
 1 1 0 1 0 1 1 1 1 0 0 0 1 0 0 1 0 0 0 0 0 0 1 0 1 0 0 1 1 0
 1 0 1 1 0 0 1 1 0 0 0 1 1 1 0 1 1 0 1 0 0 0 1 0 0 0 0 0 0 1
 1 1 0 1 1 0 0 0 0 0 0 0 1 0 0 1 1 0 0 0 0 1 1 1 1 1 0 1 0 0
 1 1 1 0 0 0 1 0 0 0 1 1 0 1 1 1 1 0 0 1 1 0 0 1 0 0 0 0 0 0
 0 1 0 1 0 1 0 1 0 0 0 1 0 0 1 1 0 0 0 0 0 0 1 1 1 0 1 1 0 1
 0 0 0 0 0 1 0 1 1 0 0 1 0 0 0 1 0 1 1 1 0 0 0 1 1 1 1 0 1 0
 0 0 1 1 1 0 1 1 0 0 0 1 0 0 0 1 1 1 0 1 0 0 1 1 0 0 0 0 1 0

Warwick 389: balanced products, 13 products per order
10 30
 0 1 1 0 1 0 1 0 0 0 1 0 0 1 0 1 0 0 0 1 1 0 0 1 1 0 0 0 1 1
 0 0 1 0 1 0 0 0 1 1 0 0 1 1 0 0 0 0 1 0 1 1 1 1 0 1 0 0 1 0
 0 0 0 0 1 1 1 0 0 0 1 1 1 1 1 1 0 0 0 1 1 0 0 1 0 1 0 0 0 0
 0 0 1 1 0 0 0 0 1 1 1 0 0 1 0 0 0 0 0 0 1 1 1 0 0 1 1 1 0 1
 0 0 0 0 0 1 1 1 0 0 0 0 1 0 1 1 0 0 1 0 1 1 0 0 1 1 0 1 1 0
 0 1 1 1 0 1 1 1 1 0 0 0 0 1 0 0 1 0 0 0 1 0 0 0 0 0 0 1 1 1
 1 0 1 1 0 1 0 0 1 0 0 1 0 0 1 1 0 0 0 1 1 0 1 0 1 0 0 1 0 0
 1 0 0 1 1 1 0 1 0 0 1 0 0 0 1 1 0 0 0 1 1 0 0 1 1 0 0 1 0 0
 1 1 0 0 1 0 0 1 1 0 0 1 1 0 0 0 0 1 0 1 1 0 0 0 0 1 0 0 1 1
 0 0 0 1 1 0 0 0 0 0 0 0 1 0 1 0 0 1 1 1 1 1 0 1 1 0 1 0 1 0

Warwick 390: balanced products, 13 products per order
10 30
 1 0 1 0 0 1 0 0 1 1 1 0 1 0 0 0 1 1 0 1 0 0 0 1 0 0 1 1 0 0
 1 0 0 0 1 1 0 0 0 0 1 1 0 1 0 1 0 1 0 1 0 1 1 0 0 0 0 0 1 1
 0 1 0 0 0 1 1 1 0 0 1 1 1 0 0 1 1 1 1 0 0 0 1 0 1 0 0 0 0 0
 0 0 0 1 0 1 1 0 1 1 0 0 1 0 0 0 0 0 1 1 0 0 1 1 1 1 0 1 0 0
 0 0 0 0 1 1 0 0 1 1 1 0 1 0 0 0 0 0 0 0 0 1 1 0 1 0 1 1 1 1
 1 0 0 0 0 1 1 1 0 1 0 0 1 0 0 0 0 1 0 1 1 1 0 0 1 1 1 0 0 0
 0 0 0 0 0 1 0 0 0 1 1 1 1 1 0 0 1 1 1 0 0 0 1 1 0 1 1 0 0 0
 1 0 0 0 1 1 0 0 1 1 0 1 0 1 0 0 0 0 1 1 1 0 0 1 0 1 0 0 1 0
 0 1 1 0 1 1 0 1 0 1 0 0 1 0 0 0 1 1 0 1 0 0 1 1 1 0 0 0 0 0
 0 1 1 0 0 0 0 0 0 0 0 0 1 1 1 0 1 1 1 0 0 0 1 0 1 0 1 0 1 1

Warwick 391: balanced products, 14 products per order
10 30
 1 0 1 1 0 1 0 0 1 0 0 0 1 1 1 1 0 1 1 0 0 0 1 0 0 0 1 0 1 0
 0 1 1 1 0 1 0 0 0 0 1 0 0 1 0 0 1 1 0 0 0 1 0 1 1 1 0 1 1 0
 0 1 0 1 0 1 1 1 0 0 0 0 1 0 1 0 1 0 1 0 1 1 1 0 0 1 0 0 1 0
 1 1 0 0 1 1 0 0 1 0 1 1 0 0 0 0 0 0 1 0 1 1 0 1 0 1 1 0 1 0
 1 0 0 0 1 0 1 1 1 1 0 0 0 0 1 1 1 0 0 0 1 0 0 0 1 0 0 1 1 1
 1 1 0 0 1 1 0 1 0 1 0 0 0 0 1 1 0 1 1 0 0 1 0 0 1 0 1 0 1 0
 0 1 0 0 0 0 1 0 1 0 0 1 1 0 1 1 0 0 1 0 0 1 1 0 1 1 1 1 0 0
 1 0 0 0 0 0 0 0 1 0 1 1 0 1 0 1 1 0 1 1 1 1 1 0 0 0 0 1 1 0
 0 1 0 0 0 1 0 0 0 1 0 1 1 1 0 1 0 0 0 1 1 1 1 0 0 1 1 0 1 0
 0 1 0 1 1 0 0 0 1 1 1 0 1 0 1 0 0 0 0 1 0 0 0 1 1 0 1 1 1 0

Warwick 392: balanced products, 14 products per order
10 30
 0 0 0 0 1 0 1 1 0 0 0 0 1 0 1 0 1 0 1 0 1 1 1 0 1 1 1 1 0 0
 0 0 1 0 1 1 0 0 0 1 0 1 1 1 1 0 0 0 1 1 0 0 1 0 1 0 0 0 1 1
 1 1 1 0 0 0 1 1 0 1 0 1 0 0 1 0 1 0 0 0 0 0 1 1 0 0 1 0 1 1
 0 0 1 1 1 0 0 0 1 1 0 0 1 1 1 1 0 1 1 1 0 0 1 0 0 1 0 0 0 0
 0 1 0 1 1 0 1 1 1 1 1 0 0 1 0 0 0 0 1 0 0 0 0 1 0 1 1 1 0 0
 0 0 1 0 0 0 0 0 0 0 0 1 0 1 0 1 1 0 0 1 1 0 1 1 1 1 1 1 1 0
 0 0 1 1 1 0 0 0 1 0 0 0 1 1 1 0 0 0 1 1 0 0 1 1 0 1 1 1 0 0
 1 0 1 1 0 0 1 0 0 0 0 1 1 0 1 0 0 0 1 0 1 1 0 1 1 0 0 1 0 1
 0 1 0 1 0 0 1 0 1 0 1 0 0 0 0 1 0 1 0 0 1 1 0 0 0 1 1 1 1 1
 0 1 0 0 0 1 1 0 1 0 1 0 0 1 0 1 1 1 1 0 1 0 0 1 1 0 1 0 0 0

Warwick 393: balanced products, 14 products per order
10 30
 1 0 1 0 1 0 0 0 1 0 0 1 1 1 1 0 1 0 0 0 0 1 1 0 1 0 0 1 1 0
 1 1 1 1 0 0 0 0 1 0 1 0 1 1 0 1 0 1 0 0 0 1 0 0 0 0 1 0 1 1
 1 1 1 0 1 1 1 0 1 0 0 1 1 0 0 1 1 0 1 0 0 0 0 0 0 1 1 0 0 0
 0 1 1 1 0 0 1 0 1 0 1 1 1 0 0 0 0 0 0 1 0 1 0 0 0 1 1 1 1 0
 1 1 1 1 1 0 1 1 0 0 0 1 0 1 1 0 0 0 1 0 0 1 0 0 0 0 1 0 1 0
 0 0 0 0 1 0 0 1 1 1 0 1 1 0 1 1 1 1 1 0 0 1 0 0 1 1 0 0 0 0
 1 1 0 0 0 0 1 1 1 0 1 1 0 0 0 0 0 0 0 1 0 0 1 1 1 1 1 0 0 1
 1 0 1 0 0 1 0 1 0 0 0 1 1 1 0 0 1 0 0 1 1 1 0 1 1 0 0 0 1 0
 0 0 1 1 1 1 0 1 1 0 1 0 0 1 1 0 0 0 0 0 0 0 0 1 1 1 1 0 0 1
 0 0 1 1 0 0 1 0 0 1 1 1 0 1 1 1 0 1 0 0 0 1 1 0 0 0 0 1 1 0

Warwick 394: balanced products, 14 products per order
10 30
 0 1 0 0 1 0 1 1 1 0 0 0 0 1 0 1 0 0 1 1 1 1 0 0 0 1 1 0 1 0
 0 0 0 1 1 0 0 1 1 1 1 0 0 1 1 0 1 0 1 0 0 0 0 1 1 0 0 1 1 0
 0 1 0 0 1 0 0 1 1 1 0 0 0 0 0 0 1 0 1 1 1 1 0 1 1 0 0 1 1 0
 1 0 0 0 0 1 0 1 0 1 0 1 0 1 1 0 1 1 1 0 0 0 0 1 1 0 1 0 0 1
 0 0 1 0 0 0 1 1 1 0 0 0 1 1 0 1 0 1 0 1 0 1 1 0 1 1 1 0 0 0
 0 0 0 0 1 1 0 1 0 0 1 1 0 0 1 1 1 1 0 0 1 1 0 1 0 1 0 1 0 0
 1 0 1 0 1 0 1 0 0 0 1 1 0 0 0 1 1 0 1 0 0 0 1 1 0 1 0 0 1 1
 1 1 0 1 1 0 0 1 1 0 1 0 1 1 0 0 0 0 0 1 0 1 0 0 0 0 0 1 1 1
 0 1 0 1 0 1 1 0 0 0 1 1 1 1 1 0 1 0 0 1 0 0 0 0 0 1 1 0 1 0
 0 0 0 0 1 1 0 1 0 1 0 0 1 0 1 0 0 1 0 1 1 0 1 0 1 1 1 0 0 1

Warwick 395: balanced products, 14 products per order
10 30
 1 0 1 0 1 1 1 0 1 0 1 0 0 0 1 1 1 1 1 0 0 0 0 0 0 0 1 0 1 0
 1 1 0 1 1 0 0 1 0 0 1 0 0 1 0 0 1 0 1 0 0 0 0 1 1 1 0 1 0 1
 1 1 0 0 1 0 0 0 1 1 0 0 1 1 0 0 1 1 1 1 0 0 0 0 1 1 0 1 0 0
 0 0 0 1 0 1 0 0 1 1 1 0 0 1 0 1 0 1 0 1 1 0 1 1 1 0 1 0 0 0
 0 1 0 0 1 0 1 1 1 1 1 1 0 0 0 0 0 0 0 0 0 1 1 1 1 1 0 0 1 0
 1 0 0 1 0 0 0 0 1 1 0 1 1 0 0 1 0 0 0 1 1 0 0 1 1 0 1 0 1 1
 0 1 0 1 0 1 1 0 0 1 0 0 1 1 1 1 0 0 0 1 0 1 0 1 0 1 0 1 0 0
 0 0 0 1 0 1 0 0 0 1 0 1 0 0 0 1 0 1 1 0 1 0 1 1 0 1 1 0 1 1
 0 1 0 1 1 0 0 0 1 1 1 0 1 0 0 0 1 0 1 1 0 1 0 0 0 1 1 0 0 1
 1 0 1 0 1 0 0 0 0 0 0 0 0 1 1 0 1 1 0 1 0 1 0 1 1 1 0 1 0 1

Warwick 396: balanced products, 14 products per order
10 30
 0 0 1 0 0 1 0 1 1 1 1 0 0 1 1 0 0 0 0 1 0 0 0 1 1 0 1 0 1 1
 1 0 1 1 1 0 0 1 0 0 0 0 0 1 0 0 0 0 1 0 1 0 1 0 1 0 1 1 1 1
 0 0 1 0 1 0 1 1 1 1 0 0 1 0 1 0 0 1 0 0 1 0 0 0 1 1 1 0 1 0
 0 1 0 0 0 0 1 1 0 0 0 0 1 0 0 1 0 1 0 1 1 0 0 1 1 1 1 1 1 0
 1 0 0 0 1 0 1 0 1 1 1 0 1 1 1 0 0 0 1 0 1 0 1 1 0 0 1 0 0 0
 0 0 1 0 1 0 0 0 1 0 1 1 0 1 0 0 1 1 0 1 0 0 0 1 0 1 0 1 1 1
 0 0 1 1 0 0 0 1 1 1 1 0 1 0 0 0 1 1 1 1 0 0 0 1 1 0 0 0 0 1
 1 0 1 1 0 0 1 0 0 1 0 0 0 1 1 0 1 0 1 1 1 0 1 0 1 1 0 0 0 0
 0 1 1 0 0 1 0 0 1 0 1 0 0 1 0 1 0 0 1 1 1 1 0 1 0 0 1 0 0 1
 1 0 1 0 0 0 1 1 0 1 0 0 1 0 0 1 0 1 1 0 1 1 0 1 1 0 0 0 1 0

Warwick 397: balanced products, 14 products per order
10 30
 0 0 1 1 0 0 1 0 0 0 1 0 1 1 1 0 1 0 1 0 0 1 0 1 0 1 0 1 0 1
 0 1 1 1 0 0 0 0 1 0 1 0 1 0 1 0 1 1 0 1 1 1 0 0 0 1 0 0 0 1
 1 0 0 1 0 0 0 0 0 1 1 1 0 0 1 1 0 1 1 0 0 0 1 0 1 0 1 1 0 1
 0 0 1 0 0 1 1 1 0 1 0 1 1 0 0 1 0 0 0 1 1 0 0 1 1 1 1 0 0 0
 0 1 1 0 1 1 0 1 0 0 0 0 0 0 1 0 1 0 1 1 1 0 0 0 1 1 1 1 0 0
 1 0 1 0 0 1 1 0 0 1 1 1 0 1 1 0 1 0 0 0 1 0 0 0 0 0 1 0 1 1
 0 1 0 1 1 1 0 0 0 1 0 1 0 1 1 0 0 1 0 0 0 0 1 1 0 1 0 0 1 1
 0 0 1 0 0 0 1 1 1 0 0 0 1 1 0 1 1 0 0 0 1 0 1 0 1 0 1 1 0 1
 1 0 0 0 1 0 1 1 1 0 1 0 1 0 1 1 1 1 1 0 0 0 0 1 0 0 1 0 0 0
 0 0 0 0 1 0 0 0 1 0 1 0 0 0 1 1 1 1 1 0 1 1 1 0 1 1 1 0 0 0

Warwick 398: balanced products, 14 products per order
10 30
 0 0 1 1 1 0 1 0 0 0 0 1 1 0 0 0 0 1 0 1 0 1 1 1 0 1 1 0 0 1
 0 1 0 1 0 1 0 0 0 1 1 0 0 0 0 1 1 0 0 1 1 0 1 1 0 0 1 1 0 1
 1 1 0 0 0 1 0 0 1 0 1 0 0 0 1 1 1 0 1 1 0 1 0 0 0 0 0 1 1 1
 0 1 0 0 0 1 1 0 1 0 0 1 0 1 0 1 0 1 0 1 0 0 1 0 0 1 1 1 0 1
 0 1 0 1 1 0 0 1 1 0 1 0 0 1 1 0 0 0 1 1 1 0 1 1 1 0 0 0 0 0
 1 0 1 0 0 1 1 0 0 0 0 0 0 1 1 0 1 0 0 0 1 0 1 0 1 0 1 1 1 1
 0 0 0 0 0 0 1 1 1 0 0 0 1 1 1 0 1 0 0 0 1 1 1 0 0 1 1 1 0 1
 1 0 0 1 0 0 0 0 0 0 0 0 1 1 1 0 1 1 0 1 1 1 1 0 0 1 1 0 1 0
 1 0 1 1 0 0 0 0 1 1 1 1 0 0 1 0 1 0 0 0 0 1 0 1 0 0 1 0 1 1
 0 0 1 0 0 0 0 0 0 0 0 0 1 1 1 0 1 0 1 1 1 0 1 1 1 0 1 1 1 0

Warwick 399: balanced products, 14 products per order
10 30
 1 1 1 0 1 1 0 1 0 0 0 1 0 0 1 0 0 1 1 0 0 0 1 1 0 0 0 0 1 1
 0 1 1 0 0 0 1 0 0 0 1 0 0 0 0 1 0 1 0 1 1 1 0 1 0 1 0 1 1 1
 1 1 1 0 0 1 1 0 0 0 0 1 0 0 1 0 0 1 0 0 0 1 0 1 0 1 0 1 1 1
 0 0 1 0 1 1 1 1 0 0 1 0 1 0 1 1 1 1 0 1 0 0 0 1 0 0 0 0 1 0
 0 0 1 0 1 1 0 1 0 0 0 0 0 1 1 0 1 0 0 0 0 1 1 1 0 1 0 1 1 1
 0 0 1 1 0 0 1 1 0 0 1 0 1 0 0 1 0 1 1 1 0 0 0 1 0 1 1 0 0 1
 0 0 1 1 0 0 0 0 1 0 0 0 0 0 0 1 1 1 1 1 0 1 1 0 1 1 1 0 0 1
 0 1 0 1 0 0 1 0 1 1 1 0 1 1 0 1 1 1 0 0 0 0 0 0 1 0 0 1 1 0
 1 1 1 0 0 1 0 0 1 0 1 0 0 1 0 1 0 0 0 1 0 1 1 1 1 0 1 0 0 0
 0 0 0 1 0 0 1 1 0 1 1 1 0 1 0 0 0 1 0 1 0 1 1 0 0 1 0 0 1 1

Warwick 400: balanced products, 14 products per order
10 30
 1 0 1 1 0 0 0 1 1 0 0 0 0 1 0 1 0 1 1 1 1 0 0 1 0 1 0 1 0 0
 0 1 0 0 1 0 1 1 0 0 0 1 1 1 0 0 1 0 0 0 1 0 0 0 1 1 1 1 0 1
 1 1 1 0 0 0 1 1 0 1 0 1 0 0 1 0 0 0 1 1 1 0 1 0 0 1 1 0 0 0
 0 0 1 0 0 0 1 1 0 1 0 0 1 1 0 0 1 1 1 1 0 0 1 0 1 0 1 0 1 0
 0 1 0 0 0 0 1 0 0 1 0 1 1 1 0 0 1 0 1 0 1 1 1 0 1 0 1 1 0 0
 1 0 1 0 0 1 1 0 0 0 1 0 1 1 0 1 1 0 0 0 1 1 0 0 0 0 1 1 1 0
 0 1 0 1 0 0 0 1 0 0 0 0 1 1 0 1 1 1 1 1 0 0 0 0 0 1 1 0 1 1
 0 0 0 0 0 0 1 0 0 0 1 1 1 1 1 1 0 1 1 0 0 0 1 0 1 0 0 1 1 1
 1 1 0 0 0 0 1 1 1 0 0 1 0 0 1 1 0 0 1 0 1 0 0 1 1 0 0 1 0 1
 1 1 1 1 1 0 1 0 0 0 1 0 0 0 1 0 1 1 1 0 1 0 0 0 1 1 0 0 0 0

Warwick 401: balanced products, 15 products per order
10 30
 1 0 0 1 0 1 1 0 0 0 1 0 1 1 0 0 1 0 0 0 1 1 1 1 1 0 1 0 1 0
 1 1 1 0 0 1 0 0 0 1 1 1 1 0 1 0 0 1 1 0 1 0 0 0 0 0 1 0 1 1
 1 1 0 0 1 1 0 1 1 0 0 0 0 1 0 0 0 1 1 1 1 0 0 0 1 0 0 1 1 1
 1 0 0 1 1 1 1 1 1 1 0 1 0 0 1 1 1 1 0 0 0 0 1 0 0 0 1 0 0 0
 1 0 0 0 1 1 1 1 0 0 1 0 1 1 1 0 0 0 1 1 0 0 1 1 0 1 0 1 0 0
 0 1 1 1 1 1 0 1 1 0 0 0 0 1 0 0 0 1 1 1 1 1 0 0 1 0 0 1 0 0
 0 1 0 1 0 0 0 1 1 0 1 1 0 0 1 1 1 1 1 0 1 0 0 1 1 0 0 0 1 0
 0 1 0 0 1 0 0 0 0 0 0 1 0 1 0 1 1 1 1 0 0 1 1 1 0 1 1 0 1 1
 1 1 0 1 0 0 0 1 0 0 1 0 1 0 1 0 0 0 0 1 1 0 0 0 1 1 1 1 1 1
 1 0 0 0 0 0 0 0 1 0 1 1 0 1 1 0 1 1 1 1 1 0 0 1 1 1 0 0 0 1

Warwick 402: balanced products, 15 products per order
10 30
 0 0 1 0 0 1 1 1 0 0 1 0 0 1 1 0 1 1 1 1 0 0 1 0 0 1 0 1 0 1
 0 0 1 0 0 0 1 0 1 0 0 1 1 1 0 0 1 0 1 1 1 0 0 1 0 0 1 1 1 1
 1 0 1 0 0 0 1 0 0 0 1 1 0 0 0 0 1 0 1 0 1 1 0 1 0 1 1 1 1 1
 1 0 0 1 1 0 1 0 1 0 0 1 0 1 1 0 0 0 0 1 1 0 0 0 1 1 0 1 1 1
 0 0 1 0 1 1 1 1 1 1 0 0 0 0 1 0 1 0 1 1 1 0 0 0 0 1 1 0 0 1
 0 1 1 0 0 1 1 0 1 0 1 1 1 1 1 1 0 0 1 0 0 0 1 0 1 0 1 0 0 0
 1 1 1 1 1 0 0 1 0 1 0 1 0 1 1 0 0 1 0 0 0 0 1 1 0 0 0 0 1 1
 0 0 0 0 1 0 0 0 1 0 0 1 0 1 0 1 1 1 0 1 0 1 0 1 1 0 1 1 1 1
 0 1 1 0 1 1 0 0 0 0 0 0 1 0 1 0 0 1 1 1 0 1 0 1 1 1 1 1 0 0
 0 0 0 1 1 0 1 1 0 1 1 1 0 0 0 0 1 0 1 0 1 0 0 0 1 0 1 1 1 1

Warwick 403: balanced products, 15 products per order
10 30
 0 1 1 0 1 0 0 1 0 0 1 1 0 1 0 0 1 1 1 1 0 0 1 1 0 1 1 0 0 0
 0 0 0 1 0 0 0 0 1 0 1 1 1 1 0 1 0 0 1 1 1 1 1 0 0 0 1 1 1 0
 0 1 0 1 0 1 1 0 0 1 1 1 0 0 1 1 1 1 1 1 0 1 0 0 0 0 1 0 0 0
 0 0 1 0 1 0 1 1 0 1 0 1 1 1 1 0 0 1 0 0 0 1 0 0 0 1 0 1 1 1
 0 1 1 0 0 1 0 0 1 1 0 0 0 1 1 0 1 0 0 1 1 0 1 0 1 1 1 0 1 0
 1 1 0 1 1 0 1 1 0 0 0 1 0 1 0 0 1 0 1 1 1 0 0 0 0 1 0 1 0 1
 0 0 0 0 1 1 1 1 1 0 1 1 1 1 0 0 0 0 0 1 0 0 1 0 1 0 0 1 1 1
 0 0 1 1 1 1 1 0 0 0 0 0 0 1 1 1 1 1 1 0 1 0 0 0 0 0 1 1 1 0
 0 0 0 0 1 1 1 1 0 0 1 0 1 0 0 1 1 0 1 1 0 0 1 1 1 0 1 0 1 0
 0 1 1 1 1 1 1 1 0 1 1 0 0 0 0 0 0 0 0 1 1 1 1 0 0 0 1 1 0 0

Warwick 404: balanced products, 15 products per order
10 30
 0 0 0 0 0 0 1 1 1 0 1 1 0 0 0 1 0 1 1 1 1 1 0 0 0 1 0 1 1 1
 0 0 1 0 0 1 1 0 1 1 0 1 0 1 1 1 0 0 1 0 0 0 1 1 1 0 0 1 1 0
 1 0 0 1 0 1 0 0 1 0 0 0 0 1 1 0 1 0 0 1 1 0 1 1 0 1 1 1 1 0
 1 0 1 0 0 0 1 1 0 1 0 1 1 0 1 1 0 1 0 1 0 0 0 1 1 1 1 0 0 0
 1 1 1 0 0 0 0 1 1 1 1 0 0 0 0 1 0 1 0 1 1 0 1 0 0 0 1 0 1 1
 1 0 1 0 1 0 1 0 0 1 1 1 1 0 0 0 1 0 0 0 1 0 1 1 0 0 1 0 1 1
 0 0 0 0 1 0 0 1 1 0 1 0 1 0 1 0 1 0 1 1 1 1 1 1 0 0 0 0 1 1
 1 1 0 1 0 0 1 0 1 0 1 0 1 1 0 0 1 1 0 0 0 0 1 0 1 1 1 0 1 0
 1 1 0 1 0 0 1 0 1 1 1 0 1 0 0 0 1 1 1 0 0 1 0 1 0 0 1 1 0 0
 0 0 0 1 1 1 1 1 0 1 1 0 1 0 1 1 0 0 1 0 0 1 0 1 1 0 1 0 0 0

Warwick 405: balanced products, 15 products per order
10 30
 1 0 0 1 0 0 1 1 0 1 1 1 1 0 0 0 0 1 1 1 0 1 1 0 0 0 1 0 0 1
 0 1 0 1 1 0 0 0 1 0 1 0 0 1 1 0 1 1 0 0 1 0 0 1 1 0 1 1 1 0
 0 0 0 0 0 1 1 0 0 1 1 1 1 1 0 1 0 0 1 0 1 1 1 1 0 0 0 1 0 1
 0 1 0 0 0 0 0 1 0 0 0 0 0 0 1 1 1 0 0 1 1 1 0 1 1 1 1 1 1 1
 1 1 0 1 1 0 1 1 1 0 0 0 0 0 1 0 1 0 1 0 0 0 1 0 1 1 1 0 0 1
 1 0 0 0 1 1 0 1 1 0 1 0 1 0 0 1 0 0 0 1 0 0 0 0 1 1 1 1 1 1
 0 1 1 0 1 1 0 0 1 0 0 0 0 1 1 0 1 1 1 0 1 1 1 1 0 1 0 0 0 0
 1 1 1 0 1 1 0 0 1 1 0 0 1 1 0 0 0 0 0 1 0 1 1 0 0 1 1 1 0 0
 1 1 1 1 0 1 1 1 1 0 0 0 1 0 1 1 0 1 0 0 0 0 1 0 1 0 0 0 1 0
 1 1 0 0 1 1 1 0 0 1 1 1 1 0 1 0 0 0 0 1 0 1 0 0 1 1 1 0 0 0

Warwick 406: balanced products, 15 products per order
10 30
 0 0 0 1 1 1 0 1 1 1 0 1 0 0 0 0 1 0 0 1 0 0 1 0 1 1 1 0 1 1
 1 0 0 1 0 0 0 1 0 0 0 0 0 1 1 0 0 1 1 0 1 1 1 0 0 1 1 1 1 1
 1 1 0 0 0 1 1 1 0 1 0 1 0 0 1 0 1 1 1 0 0 0 0 1 1 0 1 1 0 0
 1 0 0 1 0 1 0 0 1 1 0 1 1 1 0 0 1 0 0 1 0 0 0 1 0 1 1 1 1 0
 0 0 0 0 1 0 1 1 1 1 0 1 0 1 0 1 0 0 1 0 0 0 1 0 1 1 0 1 1 1
 1 0 1 0 1 0 1 1 0 0 1 1 0 1 1 1 0 0 0 0 0 0 1 0 1 1 0 1 0 1
 0 0 1 1 0 0 0 1 1 1 0 1 0 1 0 0 0 0 0 0 1 1 1 0 1 0 1 1 1 1
 1 0 0 0 0 1 1 0 1 0 0 1 1 0 0 1 1 0 0 0 1 1 1 0 1 1 1 0 0 1
 0 1 1 1 0 1 0 1 0 1 1 0 1 1 1 1 0 1 0 0 1 0 0 0 0 1 1 0 0 0
 1 1 0 1 0 0 1 1 0 0 0 1 0 1 1 0 1 1 0 0 0 1 0 1 0 0 1 0 1 1

Warwick 407: balanced products, 15 products per order
10 30
 0 0 0 1 0 1 1 1 0 0 1 1 0 0 1 1 1 0 1 1 0 1 0 0 1 0 1 0 0 1
 1 1 1 0 0 1 0 0 1 0 0 0 1 0 0 1 1 1 1 0 0 0 0 1 1 1 0 0 1 1
 1 1 0 1 0 1 1 0 1 0 0 0 0 0 0 1 1 1 0 0 0 1 1 1 1 0 0 1 1 0
 0 1 1 1 0 1 0 0 0 0 0 0 0 1 1 0 1 0 0 1 1 1 1 1 0 0 1 1 0 1
 1 0 0 1 1 0 0 0 0 0 0 1 1 0 1 1 1 0 1 1 1 1 0 1 0 1 0 0 1 0
 1 1 0 1 0 0 0 1 0 1 0 1 1 1 0 0 0 1 0 0 1 0 0 1 1 1 1 0 1 0
 0 0 1 1 0 0 1 1 1 0 0 1 1 1 1 0 1 1 1 0 0 0 0 0 0 0 1 1 0 1
 0 1 0 0 1 0 0 1 1 1 0 0 0 0 1 1 0 1 1 1 1 1 0 0 1 0 1 0 0 1
 0 0 0 0 1 0 1 1 1 1 0 0 1 1 0 0 0 0 1 1 1 1 1 1 1 0 0 0 1 0
 0 1 1 0 1 1 0 0 1 0 1 1 0 1 0 0 1 1 1 1 0 0 0 0 0 0 1 1 1 0

Warwick 408: balanced products, 15 products per order
10 30
 1 1 1 0 1 0 0 0 1 1 1 0 0 0 0 1 1 0 0 0 1 1 1 0 1 0 1 0 1 0
 0 0 1 0 1 1 1 0 1 0 1 1 1 0 1 0 1 0 0 0 1 0 1 0 1 1 0 0 0 1
 0 1 0 0 1 0 1 1 0 1 0 1 1 0 0 0 0 1 1 1 0 1 1 1 1 1 0 0 0 0
 0 1 0 1 0 1 1 1 1 0 1 1 0 0 0 0 0 0 0 1 1 0 0 1 1 0 1 0 1 1
 1 0 0 1 1 0 1 1 0 0 1 0 0 1 1 0 0 1 1 0 1 1 0 0 1 0 0 0 1 1
 0 0 1 0 0 1 1 1 0 0 0 0 1 1 1 1 0 0 1 1 0 1 1 1 0 0 1 0 1 0
 1 1 1 1 0 0 0 0 0 1 1 0 1 0 0 1 1 0 1 1 0 1 0 1 1 0 0 0 0 1
 1 0 1 1 1 0 1 0 0 1 1 1 0 1 0 0 0 0 0 0 0 1 0 0 1 1 1 1 0 1
 1 0 0 1 1 1 1 1 0 1 0 0 1 0 0 1 1 0 1 1 0 0 0 1 0 0 0 1 0 1
 1 0 1 1 1 0 1 0 1 0 0 0 0 0 1 0 1 1 1 1 0 0 0 1 0 1 1 0 0 1

Warwick 409: balanced products, 15 products per order
10 30
 1 0 0 1 1 1 0 1 0 1 1 0 0 0 0 0 1 0 1 0 0 0 1 1 1 1 0 1 0 1
 1 0 1 1 0 1 0 1 0 0 0 0 1 1 0 0 1 0 1 1 0 0 1 0 1 1 1 0 0 1
 1 0 1 1 1 1 0 0 0 1 1 1 0 1 1 1 0 1 1 0 0 1 0 0 0 0 0 1 0 0
 1 0 1 1 1 1 0 0 1 1 1 1 1 0 1 0 1 1 0 0 1 1 0 0 0 0 0 0 0 0
 0 1 0 0 1 0 1 0 0 0 1 0 0 0 0 1 1 1 1 1 1 1 0 1 1 1 0 0 1 0
 1 0 0 0 0 1 0 0 1 0 1 1 0 1 1 0 1 1 0 1 0 1 0 0 1 0 1 1 1 0
 0 0 1 1 1 0 0 0 0 0 1 0 1 0 0 1 1 1 0 1 1 1 1 0 0 1 0 1 1 0
 0 1 1 1 0 0 0 1 0 0 1 1 0 1 1 1 1 1 0 0 0 0 0 1 0 0 0 1 1 1
 1 1 1 0 1 0 0 1 1 1 0 1 0 1 0 0 0 0 1 1 0 1 1 0 1 1 0 0 0 0
 0 0 0 0 0 0 0 1 0 1 0 1 0 1 0 1 1 1 0 1 1 1 1 1 1 0 1 0 1 0

Warwick 410: balanced products, 15 products per order
10 30
 1 0 0 0 0 1 0 0 0 1 1 1 0 0 0 1 0 1 1 1 1 1 0 1 0 0 1 1 1 0
 1 0 1 1 0 1 0 1 1 1 0 1 0 1 0 0 0 0 0 0 1 0 0 1 0 1 1 1 0 1
 0 1 1 1 1 0 0 1 0 0 0 0 0 0 0 0 1 1 1 1 1 1 0 0 1 0 1 1 0 1
 0 0 0 1 1 1 0 0 1 0 0 0 1 0 1 0 1 1 1 1 0 0 0 0 0 1 1 1 1 1
 1 1 0 0 1 0 0 1 0 1 0 1 0 0 0 0 0 1 1 1 0 1 1 1 1 0 0 1 0 1
 0 1 0 0 1 1 1 0 1 1 1 1 0 0 1 1 0 0 0 1 1 1 0 1 0 0 0 0 1 0
 0 1 0 1 1 0 0 1 0 0 1 0 0 0 0 0 1 1 0 0 0 1 1 1 1 1 1 1 0 1
 1 0 1 0 1 0 0 0 0 1 0 1 1 0 1 1 0 1 0 0 1 1 0 1 0 1 1 0 0 1
 1 0 1 0 0 0 1 1 0 1 0 1 0 1 1 0 0 0 0 1 1 1 0 0 1 1 1 0 1 0
 1 1 1 1 0 1 0 1 1 1 1 1 0 1 0 0 0 1 1 0 1 0 0 1 0 0 0 0 0 0

