Warwick 161: balanced products, 4 products per order
10 20
 1 0 1 0 0 0 0 0 1 0 0 0 0 0 0 1 0 0 0 0
 1 0 0 0 0 0 0 0 0 1 0 0 0 0 1 0 0 0 1 0
 1 0 0 0 1 1 0 0 0 0 0 0 0 0 0 0 1 0 0 0
 0 0 0 1 1 0 0 0 0 0 0 0 0 0 1 0 0 0 0 1
 0 1 0 0 0 0 1 0 0 0 1 0 0 0 0 0 0 1 0 0
 0 0 0 1 0 0 0 0 0 1 1 0 1 0 0 0 0 0 0 0
 0 0 1 1 0 0 0 1 0 0 0 0 0 0 0 0 0 1 0 0
 0 1 0 0 0 0 0 0 0 0 0 1 0 1 1 0 0 0 0 0
 1 0 0 0 0 1 0 1 0 0 0 0 0 1 0 0 0 0 0 0
 0 0 0 1 0 0 0 0 0 0 0 0 0 0 0 1 0 1 0 1

Warwick 162: balanced products, 4 products per order
10 20
 0 1 0 1 0 0 0 0 0 0 0 0 0 1 1 0 0 0 0 0
 0 1 1 0 0 0 0 0 0 1 0 0 1 0 0 0 0 0 0 0
 0 0 0 0 0 0 0 0 1 0 0 1 0 0 1 0 0 0 1 0
 0 0 0 0 0 1 0 0 0 0 1 1 0 0 0 1 0 0 0 0
 1 0 0 0 0 0 1 0 0 1 0 0 0 0 0 0 0 1 0 0
 0 0 0 0 0 0 0 0 0 0 0 1 0 1 0 0 1 0 1 0
 0 0 1 0 0 0 0 0 0 0 0 0 0 0 0 1 0 1 0 1
 0 0 0 0 0 1 0 0 0 0 1 0 0 0 0 1 0 0 1 0
 1 0 0 0 1 0 0 0 0 0 0 0 0 0 1 0 0 0 1 0
 0 0 0 1 0 0 0 1 0 0 0 0 0 0 0 0 0 0 1 1

Warwick 163: balanced products, 4 products per order
10 20
 0 0 0 0 0 1 1 1 0 0 0 0 0 0 0 0 0 0 1 0
 0 0 0 0 0 0 0 0 0 0 0 1 0 1 0 0 1 0 0 1
 0 1 0 0 0 1 0 0 0 0 0 0 1 0 1 0 0 0 0 0
 0 0 0 0 0 0 0 0 1 0 0 1 0 0 1 0 0 0 1 0
 0 0 0 0 0 1 0 0 0 1 0 0 0 0 0 0 1 0 1 0
 0 0 0 0 1 0 0 0 1 0 1 0 0 0 0 0 0 1 0 0
 0 0 0 0 0 0 1 0 0 1 0 1 0 0 0 1 0 0 0 0
 0 0 0 0 0 0 0 0 1 0 0 0 0 0 1 1 0 0 0 1
 0 0 1 0 0 0 0 1 0 1 0 1 0 0 0 0 0 0 0 0
 1 1 1 1 0 0 0 0 0 0 0 0 0 0 0 0 0 0 0 0

Warwick 164: balanced products, 4 products per order
10 20
 1 0 0 1 0 0 0 0 0 0 1 0 0 1 0 0 0 0 0 0
 0 1 0 0 0 1 0 0 0 0 0 0 0 1 0 0 0 0 0 1
 1 0 0 0 0 0 0 1 0 0 0 0 1 0 0 0 0 0 0 1
 1 0 0 0 1 0 0 0 0 0 0 0 0 0 1 0 1 0 0 0
 0 0 1 0 0 0 0 1 0 0 1 1 0 0 0 0 0 0 0 0
 0 1 1 0 0 0 0 0 0 0 0 0 1 0 0 0 0 1 0 0
 0 0 0 0 1 0 0 0 0 0 0 0 0 0 0 0 1 1 1 0
 0 0 1 0 0 0 1 0 0 1 0 0 0 0 0 0 0 1 0 0
 0 0 0 0 0 0 1 0 1 0 0 0 1 0 0 1 0 0 0 0
 0 0 0 0 1 0 0 0 0 0 0 1 0 0 1 1 0 0 0 0

Warwick 165: balanced products, 4 products per order
10 20
 0 1 0 0 0 0 0 0 0 1 0 0 0 0 1 0 0 0 1 0
 0 0 0 0 0 1 0 1 1 0 0 0 0 0 1 0 0 0 0 0
 0 0 1 0 0 0 0 0 0 0 0 0 1 0 0 0 0 0 1 1
 1 0 0 0 0 0 0 0 0 0 0 1 1 0 0 0 1 0 0 0
 0 0 1 0 0 0 0 0 0 0 0 0 1 1 0 0 1 0 0 0
 0 1 0 1 0 0 0 0 0 0 1 0 0 0 0 0 0 1 0 0
 0 1 0 0 0 0 0 0 0 1 0 0 1 0 0 0 0 1 0 0
 0 0 1 1 0 0 0 0 1 0 0 0 0 0 1 0 0 0 0 0
 0 0 0 0 0 1 0 1 1 0 0 0 0 0 0 1 0 0 0 0
 0 0 0 0 1 0 1 0 0 0 0 0 0 0 1 0 0 0 1 0

Warwick 166: balanced products, 4 products per order
10 20
 1 0 0 0 0 0 1 0 0 0 0 0 0 0 0 0 0 0 1 1
 1 0 0 0 0 0 0 1 0 0 0 0 1 0 0 0 0 0 0 1
 0 0 0 0 1 0 0 0 0 0 0 1 0 0 0 0 0 0 1 1
 0 1 0 1 0 0 0 0 0 0 0 1 0 0 0 1 0 0 0 0
 0 0 0 0 0 0 0 0 1 0 0 1 0 0 1 0 0 0 1 0
 0 1 0 0 0 1 0 0 1 0 0 0 0 0 0 0 0 1 0 0
 0 0 0 0 0 0 0 0 0 1 1 1 0 0 0 0 1 0 0 0
 0 0 1 0 0 1 0 0 1 0 0 0 0 0 0 1 0 0 0 0
 0 0 0 0 0 0 0 0 0 0 1 0 0 1 1 0 0 0 1 0
 1 0 0 0 0 0 0 0 0 0 0 0 0 1 0 1 0 1 0 0

Warwick 167: balanced products, 4 products per order
10 20
 0 0 0 0 0 0 0 0 1 0 0 0 1 0 0 1 0 1 0 0
 0 0 1 0 0 0 0 0 1 0 0 0 0 0 0 0 1 0 0 1
 1 0 1 1 0 0 0 0 0 0 0 0 1 0 0 0 0 0 0 0
 0 0 0 0 0 0 0 1 1 0 0 0 0 0 0 0 1 0 0 1
 0 0 0 0 0 0 0 0 1 0 0 0 0 1 0 1 0 1 0 0
 0 0 1 0 0 0 0 0 0 0 0 0 1 0 1 1 0 0 0 0
 1 0 0 0 0 0 1 0 1 0 0 1 0 0 0 0 0 0 0 0
 0 1 1 0 0 1 0 0 0 0 1 0 0 0 0 0 0 0 0 0
 0 1 0 0 1 0 0 0 0 0 0 0 0 0 0 0 0 0 1 1
 0 0 0 1 1 1 0 0 0 1 0 0 0 0 0 0 0 0 0 0

Warwick 168: balanced products, 4 products per order
10 20
 0 0 0 1 0 1 0 0 0 0 0 0 0 0 0 0 1 0 0 1
 0 1 0 0 0 0 0 0 1 0 0 0 0 0 1 0 0 0 0 1
 0 0 1 0 1 0 0 1 0 0 0 0 0 0 0 0 0 1 0 0
 0 0 1 0 0 0 0 1 1 1 0 0 0 0 0 0 0 0 0 0
 0 1 0 0 0 0 0 1 0 0 0 0 0 0 0 0 0 1 1 0
 0 0 0 0 0 0 0 1 1 0 0 1 0 1 0 0 0 0 0 0
 1 0 0 0 0 0 0 0 0 0 0 0 1 0 0 1 0 0 0 1
 0 0 1 0 0 0 0 0 1 0 0 1 0 1 0 0 0 0 0 0
 0 0 0 0 0 0 1 0 0 0 0 0 1 0 0 1 1 0 0 0
 0 0 0 0 0 0 0 1 0 0 1 0 0 0 0 1 1 0 0 0

Warwick 169: balanced products, 4 products per order
10 20
 0 1 0 1 0 0 0 0 0 0 0 0 0 0 1 0 0 0 1 0
 1 0 0 0 0 1 0 0 0 0 0 0 0 0 0 0 1 0 1 0
 1 0 0 0 0 0 0 0 0 0 0 0 0 1 0 0 0 1 0 1
 0 0 0 0 1 0 0 0 0 0 1 1 1 0 0 0 0 0 0 0
 0 0 0 0 1 0 0 0 0 0 0 0 0 0 0 1 1 0 0 1
 0 0 1 0 0 0 1 0 0 0 0 0 0 1 0 0 0 1 0 0
 0 0 0 0 0 1 0 0 1 1 0 0 0 0 0 0 0 1 0 0
 0 0 0 1 0 0 0 1 1 0 0 0 0 0 0 1 0 0 0 0
 0 1 0 0 0 0 1 0 0 0 0 1 1 0 0 0 0 0 0 0
 0 0 0 0 0 1 0 1 0 0 0 0 0 0 0 0 0 0 1 1

Warwick 170: balanced products, 4 products per order
10 20
 0 0 0 0 0 0 0 0 0 0 1 0 0 0 1 0 0 0 1 1
 0 1 0 0 0 0 0 0 0 1 0 0 0 0 1 0 0 1 0 0
 0 1 0 0 1 0 0 0 0 0 0 0 0 1 0 0 0 0 1 0
 0 1 0 0 0 0 0 0 0 0 0 1 1 1 0 0 0 0 0 0
 0 0 0 0 0 0 0 1 0 1 0 0 0 1 0 1 0 0 0 0
 0 0 0 0 0 1 0 1 0 0 0 1 0 0 0 1 0 0 0 0
 1 0 0 0 0 0 0 0 0 0 1 1 0 0 0 0 0 0 0 1
 1 0 1 0 0 0 0 1 0 0 0 0 0 1 0 0 0 0 0 0
 0 0 0 1 0 0 1 0 1 0 0 0 0 0 0 0 0 0 0 1
 0 0 0 0 0 0 0 0 0 1 0 0 1 0 0 0 1 0 0 1

Warwick 171: balanced products, 5 products per order
10 20
 1 0 1 0 1 0 0 0 0 0 0 0 0 0 0 1 0 1 0 0
 0 1 0 0 0 1 1 0 1 0 0 0 0 0 0 0 1 0 0 0
 1 1 1 0 0 0 0 1 0 0 1 0 0 0 0 0 0 0 0 0
 0 0 1 0 0 0 0 0 1 0 0 1 1 0 0 0 1 0 0 0
 0 1 0 0 0 1 0 0 0 0 1 0 0 0 1 1 0 0 0 0
 0 0 1 0 0 0 0 0 0 1 0 1 0 1 0 0 0 0 0 1
 1 0 0 1 0 0 1 0 0 0 0 1 0 0 0 0 1 0 0 0
 1 1 0 0 0 0 0 0 1 0 0 0 0 0 0 0 1 0 1 0
 0 0 0 1 0 0 1 0 0 0 1 0 0 0 1 0 0 0 1 0
 0 0 1 0 0 0 0 0 1 0 0 0 0 1 0 0 0 0 1 1

Warwick 172: balanced products, 5 products per order
10 20
 0 0 0 0 0 0 0 1 0 0 0 0 0 0 1 1 1 0 0 1
 0 0 0 1 0 0 0 0 0 0 0 1 1 0 0 0 0 1 0 1
 0 0 0 1 1 0 1 0 1 0 0 0 0 0 0 0 0 0 1 0
 0 1 0 0 0 0 0 0 0 0 0 1 0 0 1 1 1 0 0 0
 1 0 1 0 0 0 0 1 0 0 0 1 0 0 1 0 0 0 0 0
 0 1 0 1 0 0 0 0 0 1 0 0 0 0 0 1 0 1 0 0
 0 0 1 0 0 0 1 0 0 0 0 0 0 1 0 0 1 1 0 0
 1 0 1 0 0 0 0 1 0 0 1 0 0 1 0 0 0 0 0 0
 0 0 0 0 0 1 0 0 1 0 1 0 0 1 0 1 0 0 0 0
 0 1 1 0 0 1 0 0 0 0 0 0 0 0 1 1 0 0 0 0

Warwick 173: balanced products, 5 products per order
10 20
 0 0 0 0 0 0 0 0 1 1 0 1 0 0 0 0 0 1 0 1
 0 0 1 0 0 0 0 1 0 0 0 0 1 0 0 1 1 0 0 0
 0 0 0 0 0 1 0 0 0 0 0 0 0 0 0 1 1 1 0 1
 0 1 1 0 0 0 1 0 0 0 0 0 0 1 1 0 0 0 0 0
 0 1 0 0 0 1 0 1 1 0 1 0 0 0 0 0 0 0 0 0
 0 0 1 0 0 1 0 0 0 0 0 1 0 0 0 1 0 0 1 0
 0 0 0 1 0 1 0 0 0 0 0 0 0 0 1 1 0 1 0 0
 0 0 0 0 0 0 1 0 0 1 1 1 0 0 0 1 0 0 0 0
 1 0 1 0 1 0 0 0 0 0 0 0 0 0 1 0 0 1 0 0
 0 0 0 1 0 1 0 0 0 1 0 0 0 1 1 0 0 0 0 0

Warwick 174: balanced products, 5 products per order
10 20
 0 1 0 1 0 0 0 1 0 0 0 0 0 1 0 0 0 0 1 0
 0 0 0 0 0 0 1 1 0 0 0 1 0 0 0 0 1 0 0 1
 0 0 0 0 1 0 0 1 0 1 1 0 0 0 0 0 0 0 0 1
 0 0 1 0 0 0 0 0 1 0 0 0 0 0 1 0 1 1 0 0
 1 0 1 0 0 0 0 1 0 0 1 0 0 0 0 0 0 1 0 0
 0 1 0 0 0 0 1 0 0 0 0 0 0 0 1 1 0 0 1 0
 0 0 0 0 0 1 0 0 1 1 0 0 1 0 0 0 0 1 0 0
 0 0 0 0 1 0 0 0 0 0 1 1 1 0 0 0 1 0 0 0
 0 0 0 1 0 0 1 0 0 0 1 1 0 0 0 0 0 1 0 0
 0 0 1 1 0 0 1 1 0 0 0 0 0 0 0 0 0 0 1 0

Warwick 175: balanced products, 5 products per order
10 20
 0 0 0 0 1 0 0 1 1 1 0 0 0 0 0 0 0 0 0 1
 0 0 0 0 1 0 0 1 0 0 0 0 0 0 1 1 0 1 0 0
 0 0 0 0 0 0 0 1 0 0 0 1 0 0 1 0 0 0 1 1
 1 0 0 0 0 0 1 1 0 0 0 1 1 0 0 0 0 0 0 0
 0 0 1 0 1 1 0 0 0 0 0 0 0 1 0 1 0 0 0 0
 0 0 0 0 0 0 1 0 0 0 1 0 1 0 0 1 0 0 0 1
 1 1 0 0 0 0 0 1 0 0 0 1 0 0 0 0 1 0 0 0
 0 0 0 0 0 1 0 1 0 1 1 0 0 0 0 0 0 0 0 1
 0 0 0 0 1 1 0 0 0 0 1 0 0 0 0 1 0 0 1 0
 0 1 0 1 1 1 0 0 0 0 1 0 0 0 0 0 0 0 0 0

Warwick 176: balanced products, 5 products per order
10 20
 1 1 0 0 0 0 0 0 1 0 1 1 0 0 0 0 0 0 0 0
 0 0 0 0 0 0 0 1 0 1 0 1 0 0 0 1 0 1 0 0
 0 0 1 0 1 0 1 0 0 0 0 0 0 1 0 0 1 0 0 0
 1 0 1 0 0 0 0 0 0 1 0 0 0 0 1 0 0 0 0 1
 1 0 0 0 1 0 0 0 0 0 0 1 0 0 0 1 0 1 0 0
 0 0 0 1 0 0 0 0 0 0 0 1 1 1 0 0 0 1 0 0
 0 0 0 0 1 0 0 1 1 0 0 0 0 1 0 0 0 1 0 0
 0 1 0 0 1 0 0 0 0 0 0 1 0 0 0 0 1 1 0 0
 0 0 0 0 0 1 1 0 0 0 1 0 0 0 0 1 1 0 0 0
 1 0 1 0 0 0 0 1 0 1 0 0 0 0 0 0 0 0 1 0

Warwick 177: balanced products, 5 products per order
10 20
 0 0 1 0 0 0 0 0 0 0 0 1 0 0 0 1 0 1 1 0
 0 0 0 0 0 0 0 1 0 1 1 0 0 0 0 0 1 0 1 0
 0 0 1 0 0 0 0 1 0 0 0 1 1 0 0 0 0 0 1 0
 1 0 0 0 0 0 0 1 0 1 0 0 0 0 1 0 0 0 1 0
 0 0 1 0 0 0 0 1 0 0 0 0 0 1 0 1 0 0 1 0
 0 0 1 1 0 1 1 0 0 1 0 0 0 0 0 0 0 0 0 0
 0 1 0 0 0 0 0 0 0 1 0 1 1 0 0 0 0 0 1 0
 0 1 0 0 0 0 0 1 1 1 0 1 0 0 0 0 0 0 0 0
 0 0 0 1 1 0 0 0 0 0 0 1 0 0 0 1 0 0 0 1
 0 1 1 0 0 0 0 0 0 0 1 0 0 1 0 0 0 0 1 0

Warwick 178: balanced products, 5 products per order
10 20
 0 1 0 0 1 0 0 0 0 0 0 0 1 0 1 0 1 0 0 0
 1 0 0 0 1 0 0 1 0 0 0 0 0 0 0 0 1 0 1 0
 0 1 0 0 0 0 0 0 1 0 0 0 0 1 0 0 0 0 1 1
 1 0 1 0 1 0 0 0 0 0 1 0 0 0 1 0 0 0 0 0
 0 0 1 0 0 1 1 0 0 1 0 0 0 0 0 0 1 0 0 0
 0 0 0 1 0 0 0 0 1 1 1 0 0 0 0 0 0 1 0 0
 0 0 0 0 0 1 0 0 0 0 1 0 1 0 0 0 0 1 1 0
 1 0 0 0 0 1 0 0 0 0 0 0 1 1 0 0 0 1 0 0
 0 0 1 0 0 0 0 1 0 0 1 1 1 0 0 0 0 0 0 0
 1 0 1 1 0 0 0 0 0 0 0 0 0 0 1 1 0 0 0 0

Warwick 179: balanced products, 5 products per order
10 20
 0 0 1 0 0 1 0 0 1 1 0 0 0 0 0 0 1 0 0 0
 0 0 0 0 1 0 0 1 1 1 0 0 0 0 0 0 0 0 0 1
 0 0 0 0 1 0 1 0 0 0 1 1 0 0 0 0 0 0 0 1
 0 0 0 0 1 0 1 1 0 0 1 0 1 0 0 0 0 0 0 0
 0 0 0 1 0 0 0 1 0 0 0 1 0 1 0 0 0 0 0 1
 1 1 0 1 0 0 0 0 0 0 0 0 0 0 0 1 0 0 1 0
 0 0 0 0 0 1 0 0 0 1 0 0 0 0 0 1 0 1 0 1
 1 0 1 0 0 0 0 0 0 0 0 0 0 0 0 1 1 1 0 0
 1 0 0 1 0 1 0 0 0 0 0 0 0 0 0 1 0 0 0 1
 0 1 0 0 1 0 0 1 0 0 0 0 0 1 1 0 0 0 0 0

Warwick 180: balanced products, 5 products per order
10 20
 0 0 0 0 0 0 1 0 1 0 0 0 0 1 0 0 0 1 0 1
 0 1 0 1 1 0 0 0 1 0 0 1 0 0 0 0 0 0 0 0
 0 0 0 1 0 0 0 0 0 0 0 1 0 0 1 0 1 1 0 0
 0 1 0 0 1 0 0 0 0 1 0 1 0 0 0 0 0 1 0 0
 0 0 0 0 1 0 0 0 0 1 0 1 0 1 1 0 0 0 0 0
 0 0 0 0 0 1 1 0 1 0 1 0 0 0 0 0 0 1 0 0
 0 0 1 1 1 0 0 1 0 0 0 0 1 0 0 0 0 0 0 0
 0 0 1 1 0 0 0 0 1 0 0 0 1 0 0 1 0 0 0 0
 0 0 0 1 1 0 0 1 0 0 0 0 1 0 0 1 0 0 0 0
 1 0 0 1 0 0 0 1 0 0 0 0 0 0 0 0 0 0 1 1

Warwick 181: balanced products, 6 products per order
10 20
 0 1 1 0 1 0 0 0 1 1 0 1 0 0 0 0 0 0 0 0
 0 1 0 1 0 0 0 0 0 0 0 0 1 0 1 0 1 0 1 0
 0 1 0 0 0 1 1 1 0 1 0 0 0 0 0 0 1 0 0 0
 0 0 0 0 0 0 1 0 0 1 0 0 1 0 0 1 0 1 1 0
 1 1 0 0 0 1 1 0 0 0 0 0 0 0 1 1 0 0 0 0
 0 0 0 0 1 0 0 0 0 1 1 0 1 0 1 0 0 0 0 1
 0 1 0 1 1 0 0 0 0 1 1 1 0 0 0 0 0 0 0 0
 0 0 0 1 0 0 0 1 1 0 1 1 0 0 0 1 0 0 0 0
 0 0 0 0 0 0 0 0 0 0 1 1 1 0 0 1 0 1 1 0
 0 0 0 0 0 1 0 0 1 1 0 0 0 1 0 0 1 0 1 0

Warwick 182: balanced products, 6 products per order
10 20
 0 0 0 0 1 1 0 0 0 1 0 1 0 0 0 1 0 0 0 1
 1 0 1 1 0 0 0 0 0 0 0 0 1 1 0 0 0 0 1 0
 0 0 0 0 1 0 0 1 0 1 1 0 0 1 0 0 0 0 1 0
 1 0 0 0 0 0 0 1 1 0 0 0 0 0 0 0 1 1 0 1
 0 1 0 0 1 0 1 0 0 0 0 1 0 0 0 0 1 0 0 1
 1 0 0 0 0 0 0 0 1 0 1 1 0 1 1 0 0 0 0 0
 1 0 0 1 1 0 0 0 1 0 0 0 0 0 0 0 0 1 1 0
 0 0 1 0 0 0 0 0 1 1 0 1 0 0 0 1 0 1 0 0
 0 0 0 0 0 1 0 0 0 0 1 0 0 0 1 0 1 0 1 1
 0 1 0 0 0 1 1 0 1 0 0 1 0 1 0 0 0 0 0 0

Warwick 183: balanced products, 6 products per order
10 20
 0 0 0 0 0 1 0 1 0 0 1 1 1 0 1 0 0 0 0 0
 0 0 1 1 0 0 1 1 0 1 0 0 0 0 0 0 1 0 0 0
 0 0 1 0 0 0 0 0 0 0 0 0 1 0 1 1 1 0 0 1
 0 0 0 0 1 0 0 0 0 1 1 0 0 1 0 0 0 1 0 1
 0 0 1 1 0 1 1 0 0 0 0 0 0 0 1 1 0 0 0 0
 0 0 1 1 0 0 0 1 0 0 1 0 0 0 0 1 0 0 0 1
 0 0 1 0 1 1 0 1 1 0 0 0 1 0 0 0 0 0 0 0
 1 0 1 0 1 0 0 0 0 0 0 0 0 1 1 1 0 0 0 0
 0 1 0 0 0 0 1 0 0 0 1 0 0 1 0 0 1 0 0 1
 0 1 0 1 1 0 1 0 0 0 1 0 0 0 0 0 0 0 1 0

Warwick 184: balanced products, 6 products per order
10 20
 1 0 0 0 0 1 0 0 1 0 0 0 1 0 1 0 0 0 0 1
 1 1 0 0 0 0 0 0 1 0 1 0 1 0 0 1 0 0 0 0
 0 1 0 1 0 0 1 0 1 0 0 0 1 0 0 1 0 0 0 0
 0 0 1 0 0 0 0 1 1 1 1 1 0 0 0 0 0 0 0 0
 0 0 1 0 1 1 0 1 0 0 1 0 0 0 0 0 1 0 0 0
 0 0 0 0 1 1 0 0 0 0 0 0 0 0 1 1 0 1 1 0
 0 0 1 0 0 0 0 1 0 0 0 0 1 1 1 1 0 0 0 0
 0 0 0 0 1 0 0 0 0 1 0 0 0 0 0 1 0 1 1 1
 0 0 0 0 1 1 0 0 1 0 0 0 0 0 1 0 0 1 1 0
 1 0 1 0 0 0 1 1 0 0 0 0 1 1 0 0 0 0 0 0

Warwick 185: balanced products, 6 products per order
10 20
 0 0 0 0 1 0 1 1 0 0 1 0 0 0 0 1 0 0 1 0
 1 0 0 0 0 0 0 0 1 1 0 0 0 1 1 0 0 1 0 0
 1 0 0 0 1 0 0 0 0 0 1 0 0 0 0 0 1 0 1 1
 0 1 1 0 0 1 0 0 0 0 1 0 1 0 0 1 0 0 0 0
 0 0 0 1 0 1 0 0 1 1 0 0 1 0 0 0 0 0 0 1
 0 0 0 0 1 0 0 0 1 1 0 0 1 1 0 0 1 0 0 0
 0 1 0 0 0 0 0 0 1 1 0 0 0 0 0 0 1 1 1 0
 1 0 0 0 1 0 0 0 0 0 1 1 0 0 1 0 0 1 0 0
 0 0 0 0 0 1 0 1 1 0 0 0 0 1 0 1 1 0 0 0
 1 1 1 1 0 0 0 0 0 0 0 0 0 1 0 0 1 0 0 0

Warwick 186: balanced products, 6 products per order
10 20
 1 0 1 0 1 0 0 0 0 1 0 0 1 1 0 0 0 0 0 0
 0 0 0 0 0 1 1 0 0 0 0 0 1 1 0 0 0 1 0 1
 0 0 0 1 0 0 0 0 1 0 1 1 1 0 0 0 0 0 0 1
 0 0 1 0 0 0 0 1 0 1 0 1 0 0 0 0 1 1 0 0
 0 0 0 1 1 1 0 0 0 0 0 1 1 0 0 0 0 1 0 0
 0 1 1 0 1 0 1 0 0 0 0 0 0 0 0 1 0 0 1 0
 1 0 0 0 0 1 1 0 0 1 0 0 0 0 1 0 0 0 0 1
 0 0 0 0 0 1 0 0 0 0 1 1 0 0 0 1 0 1 0 1
 0 1 1 0 0 0 1 1 0 0 0 0 0 0 0 1 0 1 0 0
 0 0 0 0 0 1 1 1 0 0 0 1 0 0 1 0 1 0 0 0

Warwick 187: balanced products, 6 products per order
10 20
 0 0 0 0 1 0 1 0 0 1 1 0 0 1 0 1 0 0 0 0
 0 0 0 1 1 0 1 0 0 0 0 1 0 0 0 1 1 0 0 0
 1 0 0 0 1 1 0 0 0 0 0 0 0 0 1 0 1 0 1 0
 0 1 0 0 0 0 0 0 0 0 0 0 0 1 0 1 1 1 0 1
 0 0 1 0 0 0 1 1 0 1 0 0 1 0 0 0 0 0 0 1
 0 1 0 0 0 0 0 0 1 0 0 0 1 1 0 0 0 0 1 1
 0 0 0 0 0 1 0 1 0 0 1 1 0 0 1 0 0 0 1 0
 0 1 0 0 0 0 1 0 0 1 0 1 1 0 1 0 0 0 0 0
 1 0 0 0 0 0 0 0 0 1 0 0 1 0 0 0 0 1 1 1
 1 1 0 1 0 0 0 0 1 0 1 0 0 0 0 0 0 0 0 1

Warwick 188: balanced products, 6 products per order
10 20
 0 0 1 1 0 0 0 0 0 1 0 1 0 0 0 1 0 0 1 0
 0 0 0 0 1 1 1 0 0 1 0 0 0 0 1 0 1 0 0 0
 1 0 0 0 0 1 0 0 0 0 0 0 0 0 1 0 1 1 1 0
 0 0 0 1 0 0 0 0 0 0 1 0 1 0 1 0 0 0 1 1
 0 0 0 1 0 0 0 0 1 0 1 0 0 0 0 1 0 0 1 1
 1 0 0 0 1 1 1 0 0 0 1 0 0 0 0 1 0 0 0 0
 1 0 0 0 0 1 0 0 0 0 1 0 1 1 0 0 0 0 0 1
 1 0 0 1 0 0 0 1 0 0 0 0 0 0 0 1 0 1 1 0
 0 1 1 1 1 0 0 0 1 0 0 0 0 0 0 0 0 0 0 1
 0 0 0 0 1 1 0 0 0 0 1 0 0 1 0 0 0 0 1 1

Warwick 189: balanced products, 6 products per order
10 20
 0 0 0 1 0 1 1 0 0 1 0 0 0 0 0 1 0 0 0 1
 0 1 0 0 1 0 1 0 0 0 1 1 0 0 0 0 0 0 1 0
 0 0 0 0 1 0 0 0 1 0 1 1 0 0 0 0 0 0 1 1
 1 1 0 1 1 0 0 0 1 0 0 0 0 0 0 0 1 0 0 0
 0 0 0 0 0 0 0 1 1 0 0 0 1 1 0 0 0 0 1 1
 0 0 1 1 0 1 0 0 0 0 0 0 0 0 0 1 0 0 1 1
 1 0 1 0 0 0 0 0 0 1 0 0 1 0 1 0 0 1 0 0
 0 1 1 1 0 1 0 0 1 0 0 0 0 0 0 0 0 0 0 1
 0 0 1 1 0 1 0 0 1 0 0 0 0 0 0 0 0 1 0 1
 1 0 0 0 0 0 0 0 0 1 0 1 0 0 1 1 0 1 0 0

Warwick 190: balanced products, 6 products per order
10 20
 1 0 0 1 1 0 0 0 0 0 0 1 0 0 0 0 1 0 0 1
 1 0 0 0 0 1 1 0 0 0 0 0 1 0 0 1 1 0 0 0
 1 0 0 0 1 1 0 0 0 0 0 1 0 1 0 0 0 0 0 1
 0 0 1 0 0 1 1 0 0 0 0 0 0 1 1 0 0 0 1 0
 0 0 0 0 0 0 0 1 0 0 0 1 0 0 1 0 0 1 1 1
 1 1 0 0 1 0 1 0 0 1 0 0 0 0 0 0 1 0 0 0
 1 0 0 0 1 1 0 0 1 0 0 1 0 0 0 1 0 0 0 0
 0 1 0 0 0 1 1 0 0 1 0 0 0 1 1 0 0 0 0 0
 0 0 0 0 1 0 0 0 0 0 1 0 0 0 1 0 1 1 1 0
 0 0 0 1 1 0 1 0 1 0 0 0 0 0 0 0 1 1 0 0

Warwick 191: balanced products, 7 products per order
10 20
 0 0 1 1 0 0 0 0 0 0 0 1 1 1 0 0 1 0 0 1
 0 0 1 0 1 0 1 1 0 0 1 1 0 0 0 1 0 0 0 0
 0 0 1 1 0 0 0 0 0 0 1 0 1 0 0 1 0 1 0 1
 1 0 0 0 0 1 0 0 1 0 1 0 0 1 0 0 0 1 1 0
 0 1 0 0 1 0 0 1 0 0 0 0 1 1 0 0 0 1 1 0
 0 1 1 0 0 0 1 1 1 1 0 0 0 0 0 0 0 0 1 0
 1 0 1 0 1 0 0 0 1 0 1 1 0 0 0 0 1 0 0 0
 0 0 0 0 1 0 1 0 0 0 1 0 1 0 1 0 1 0 1 0
 0 0 0 1 0 0 0 1 1 0 0 0 1 1 0 0 1 0 1 0
 0 1 0 0 0 0 0 1 0 0 0 1 0 0 1 0 1 1 0 1

Warwick 192: balanced products, 7 products per order
10 20
 0 0 1 0 0 0 1 1 0 1 0 0 0 0 0 1 1 1 0 0
 1 0 0 0 0 1 1 0 1 0 0 0 1 1 0 0 0 0 0 1
 0 0 0 1 1 1 0 1 0 0 0 0 0 0 1 0 0 1 0 1
 0 0 0 0 0 1 0 1 0 0 0 1 1 0 1 1 0 0 0 1
 1 0 0 1 0 0 0 1 0 0 0 0 1 0 0 1 1 0 1 0
 0 1 0 1 1 0 0 1 0 0 0 0 0 1 1 0 0 1 0 0
 0 1 0 1 0 1 1 0 0 0 0 1 0 0 1 0 0 0 1 0
 0 0 1 0 0 1 0 1 1 0 1 0 0 0 0 0 0 1 1 0
 0 0 1 0 0 0 0 0 0 0 0 1 0 1 0 1 1 0 1 1
 0 0 1 0 1 1 0 0 1 1 1 0 0 0 0 0 0 1 0 0

Warwick 193: balanced products, 7 products per order
10 20
 0 1 0 0 1 1 1 0 0 0 0 0 0 0 1 0 1 1 0 0
 1 0 0 1 0 0 0 0 1 1 0 1 0 0 0 0 0 1 1 0
 0 0 0 1 0 0 0 1 0 1 1 1 0 0 1 0 0 0 1 0
 1 0 1 0 0 0 1 0 1 0 0 0 0 0 1 1 0 0 1 0
 0 0 0 0 1 0 1 0 0 1 0 0 1 0 1 0 0 1 1 0
 0 0 0 0 0 0 0 1 1 0 1 1 1 0 0 1 0 1 0 0
 0 0 0 0 1 0 0 0 1 1 0 0 0 1 0 0 0 1 1 1
 0 0 0 0 0 1 1 1 1 0 0 0 1 0 0 0 1 0 0 1
 0 0 0 0 0 1 0 1 0 0 1 1 0 0 1 1 0 1 0 0
 1 1 1 1 0 1 0 0 0 0 0 0 0 0 1 0 1 0 0 0

Warwick 194: balanced products, 7 products per order
10 20
 1 0 0 0 0 0 0 0 0 1 1 0 1 1 1 0 0 0 0 1
 0 0 0 1 1 1 0 1 0 1 0 0 0 1 0 0 0 0 1 0
 0 0 0 1 1 0 1 0 0 0 0 0 1 0 1 1 0 0 1 0
 0 0 0 1 0 0 1 1 0 1 0 1 0 0 0 0 1 0 1 0
 0 0 1 0 1 1 0 1 0 1 0 0 0 1 0 0 1 0 0 0
 1 0 1 0 0 0 0 1 0 0 0 0 1 0 1 1 0 0 1 0
 1 0 1 0 1 0 0 1 0 1 0 1 0 1 0 0 0 0 0 0
 1 1 0 1 0 0 1 1 0 0 0 0 0 0 1 0 0 1 0 0
 0 0 0 0 0 0 1 0 1 1 0 1 1 0 0 1 0 1 0 0
 0 1 0 1 1 0 0 1 1 0 0 0 0 0 1 1 0 0 0 0

Warwick 195: balanced products, 7 products per order
10 20
 0 0 1 0 0 1 0 1 1 0 0 1 0 0 0 0 1 1 0 0
 1 0 1 0 0 0 0 1 0 0 1 0 0 1 0 1 0 1 0 0
 1 0 0 0 0 1 0 0 0 1 0 0 1 1 1 0 0 0 1 0
 0 0 1 0 1 1 0 0 0 1 0 0 0 1 0 1 0 0 1 0
 1 0 1 0 0 0 0 0 1 0 1 0 1 0 1 1 0 0 0 0
 0 1 0 1 1 0 1 0 0 0 0 0 1 0 0 0 0 0 1 1
 0 0 1 0 0 1 0 1 1 1 0 0 0 0 0 0 1 1 0 0
 0 0 0 0 0 1 0 0 1 1 0 1 0 0 0 0 1 1 0 1
 0 0 0 1 0 0 0 1 1 1 1 0 0 1 0 0 0 0 1 0
 1 0 0 0 1 0 1 0 1 1 0 0 0 0 1 0 1 0 0 0

Warwick 196: balanced products, 7 products per order
10 20
 1 0 0 1 0 1 0 1 0 0 0 1 1 0 1 0 0 0 0 0
 0 0 0 1 1 1 1 0 0 0 0 0 0 1 0 0 0 1 1 0
 1 1 0 1 0 1 1 0 0 0 0 1 1 0 0 0 0 0 0 0
 0 0 0 0 0 0 1 0 1 1 0 1 0 0 0 1 0 0 1 1
 0 0 0 1 1 1 0 0 0 0 0 0 1 1 1 1 0 0 0 0
 0 1 0 1 0 1 0 1 1 0 1 0 1 0 0 0 0 0 0 0
 0 1 1 0 0 0 0 1 0 0 1 0 0 1 0 0 0 1 1 0
 0 0 0 1 1 0 0 1 1 0 0 0 0 1 1 1 0 0 0 0
 0 0 1 0 0 0 1 0 0 1 1 0 0 0 0 0 1 1 1 0
 0 0 1 0 1 0 1 1 0 0 0 1 0 0 1 0 0 0 0 1

Warwick 197: balanced products, 7 products per order
10 20
 0 1 1 1 0 0 1 0 0 1 0 0 1 0 0 0 0 0 0 1
 0 1 0 1 0 0 0 0 1 0 0 1 0 1 1 0 0 1 0 0
 0 1 1 0 1 0 1 0 0 0 1 1 0 0 0 0 0 0 1 0
 0 0 0 0 0 1 1 0 0 0 1 1 0 0 0 1 0 1 0 1
 0 0 0 0 0 1 0 1 0 1 0 0 1 0 1 0 0 1 1 0
 1 0 0 1 1 0 1 0 0 0 0 0 0 1 1 0 0 0 0 1
 0 0 0 1 1 1 1 1 0 0 0 0 0 0 0 0 1 0 0 1
 0 0 0 0 0 0 1 1 0 0 1 1 1 1 0 0 1 0 0 0
 0 0 0 0 0 0 0 1 0 1 1 1 0 0 1 1 0 0 1 0
 1 0 1 1 0 0 0 0 0 0 0 0 1 0 1 1 0 0 1 0

Warwick 198: balanced products, 7 products per order
10 20
 0 0 0 1 0 0 1 0 1 0 1 1 0 1 0 0 0 0 0 1
 0 0 0 0 0 0 0 0 1 1 0 0 1 1 0 1 1 0 0 1
 1 0 1 0 0 0 0 1 0 0 0 0 0 1 0 1 0 1 1 0
 0 0 0 0 0 0 1 0 1 1 1 0 0 1 1 0 0 0 1 0
 0 0 1 0 0 0 0 0 0 0 0 1 0 1 1 1 0 0 1 1
 0 1 0 0 0 0 0 0 1 0 0 0 0 0 1 1 1 1 1 0
 1 0 1 0 0 1 0 0 0 0 0 1 1 0 0 0 1 1 0 0
 0 0 1 1 0 0 0 0 0 0 0 0 0 0 1 1 0 1 1 1
 0 0 0 1 1 1 0 0 0 1 1 0 1 0 0 0 0 0 1 0
 0 0 1 1 1 0 0 0 0 0 1 0 0 0 1 1 0 0 0 1

Warwick 199: balanced products, 7 products per order
10 20
 0 1 0 0 0 0 1 0 0 0 0 1 1 0 1 1 0 0 1 0
 1 1 1 0 0 1 0 0 0 0 1 0 0 0 1 0 0 0 1 0
 0 0 1 0 0 1 1 0 0 0 1 0 0 0 1 0 0 1 1 0
 0 1 1 0 1 1 1 0 0 0 0 0 1 0 1 0 0 0 0 0
 0 0 1 1 0 0 0 0 0 1 1 0 0 1 0 0 0 0 1 1
 1 0 0 0 0 0 1 0 1 0 0 0 0 0 1 1 1 1 0 0
 1 0 0 0 1 1 0 0 0 1 0 0 1 1 0 0 1 0 0 0
 0 0 1 0 0 0 0 0 0 0 0 0 0 1 1 0 1 1 1 1
 0 1 1 0 0 0 1 0 1 0 1 0 0 0 0 1 1 0 0 0
 0 0 0 1 0 1 0 1 0 1 1 1 0 0 0 0 0 1 0 0

Warwick 200: balanced products, 7 products per order
10 20
 0 1 1 1 0 0 1 0 0 1 0 0 0 1 0 0 0 0 0 1
 0 0 1 1 0 0 0 0 0 0 1 0 1 1 0 0 0 1 0 1
 1 0 1 0 0 1 1 0 0 0 0 0 0 1 0 1 0 0 1 0
 0 1 1 0 1 0 1 1 0 0 0 0 0 0 0 1 0 1 0 0
 0 0 1 1 0 1 1 0 0 0 1 1 0 0 0 0 1 0 0 0
 0 1 0 1 1 0 1 0 0 1 1 0 1 0 0 0 0 0 0 0
 0 1 0 1 0 0 0 0 1 0 0 0 1 0 0 1 0 1 0 1
 1 0 0 0 1 1 0 0 1 0 0 0 0 0 0 0 1 0 1 1
 1 0 0 1 1 0 0 0 0 1 0 0 0 1 0 0 1 1 0 0
 0 0 0 0 0 0 1 0 1 0 0 1 1 0 1 1 0 0 0 1

Warwick 201: balanced products, 8 products per order
10 20
 0 1 0 1 1 0 0 0 0 0 0 0 1 0 0 1 1 1 0 1
 0 0 0 0 1 1 1 0 0 1 0 0 0 0 0 0 1 1 1 1
 1 0 0 0 1 0 0 0 1 0 0 0 1 1 0 1 1 0 1 0
 0 0 1 1 0 0 1 1 0 1 1 0 0 1 0 0 0 1 0 0
 0 0 0 0 0 1 1 0 1 1 0 1 0 0 1 0 0 1 0 1
 0 1 0 0 1 0 1 0 0 0 0 0 0 0 1 1 0 1 1 1
 0 0 1 0 0 0 1 1 1 1 0 0 1 0 0 1 0 0 1 0
 0 1 0 1 0 0 0 1 1 0 0 0 0 0 1 1 1 1 0 0
 1 1 0 0 1 0 0 0 1 0 1 1 0 0 1 0 0 0 0 1
 1 1 0 0 0 0 1 1 1 0 0 0 0 1 0 0 1 0 0 1

Warwick 202: balanced products, 8 products per order
10 20
 1 0 0 1 0 0 0 0 0 1 0 0 1 1 0 1 1 0 0 1
 0 1 0 1 0 0 1 0 1 0 1 1 0 0 0 1 1 0 0 0
 1 1 0 0 0 0 0 0 0 1 0 1 0 1 1 1 0 0 0 1
 0 1 1 1 0 0 0 1 0 1 1 0 0 0 0 1 0 1 0 0
 1 1 0 0 0 1 0 0 0 0 0 1 1 1 0 0 0 1 1 0
 0 0 0 1 1 1 1 0 1 0 0 0 1 0 0 0 1 0 0 1
 1 1 0 1 0 1 1 1 0 0 0 0 0 0 1 0 0 1 0 0
 1 0 0 0 1 0 1 1 1 0 1 0 1 0 0 0 0 0 0 1
 1 0 1 0 0 1 0 1 0 0 1 0 1 0 0 1 0 1 0 0
 1 0 1 1 0 0 1 1 0 1 0 0 1 0 0 0 1 0 0 0

Warwick 203: balanced products, 8 products per order
10 20
 1 0 0 0 1 0 0 0 0 1 0 0 1 0 1 0 0 1 1 1
 1 0 0 0 0 0 0 0 1 0 1 0 0 1 1 1 0 1 1 0
 1 0 0 0 0 0 1 1 1 0 0 1 1 0 0 0 1 0 0 1
 1 0 0 0 0 1 0 0 1 0 0 0 0 1 1 0 1 0 1 1
 0 0 0 1 0 1 1 0 0 0 0 0 0 0 1 1 0 1 1 1
 0 0 0 0 1 0 1 1 1 0 1 0 1 0 0 0 0 0 1 1
 0 0 0 1 1 1 0 1 1 0 1 0 0 0 0 0 1 0 0 1
 1 1 1 1 0 0 0 0 0 1 0 1 1 0 0 0 0 1 0 0
 0 0 0 1 1 1 1 0 0 1 0 0 1 0 1 0 0 0 1 0
 1 1 1 0 0 0 1 1 0 0 1 0 0 0 1 0 0 1 0 0

Warwick 204: balanced products, 8 products per order
10 20
 1 0 0 0 1 0 0 1 1 0 1 1 0 1 0 0 1 0 0 0
 0 0 1 1 0 0 1 0 0 0 1 1 1 0 0 0 1 1 0 0
 1 1 1 0 0 1 0 0 1 0 0 0 1 1 0 0 0 1 0 0
 0 0 0 0 1 0 1 0 0 1 1 0 1 1 0 0 1 1 0 0
 0 1 1 0 0 1 0 1 0 0 0 1 0 0 1 0 1 0 0 1
 0 0 1 1 1 0 1 0 1 0 1 0 1 0 0 1 0 0 0 0
 0 0 1 0 0 1 0 0 0 1 0 1 0 0 0 1 0 1 1 1
 0 1 0 0 0 1 1 1 1 0 1 0 0 0 0 1 0 0 0 1
 0 0 0 0 0 1 0 1 0 0 1 0 1 1 1 0 1 0 1 0
 1 0 0 0 1 1 0 0 0 0 0 0 0 0 1 1 1 1 1 0

Warwick 205: balanced products, 8 products per order
10 20
 1 0 1 0 0 0 0 1 1 1 0 0 0 0 1 1 0 1 0 0
 1 0 0 0 1 1 0 1 1 0 0 0 0 0 1 1 0 1 0 0
 1 0 1 0 1 0 0 1 0 0 1 0 1 0 0 0 0 1 0 1
 1 0 1 0 0 0 1 1 0 0 0 0 0 0 0 0 1 1 1 1
 1 1 1 1 0 0 0 0 0 0 1 0 1 1 0 0 0 0 0 1
 0 0 0 1 0 0 1 0 0 1 1 0 0 1 1 0 0 0 1 1
 0 0 0 0 0 1 0 0 0 1 0 1 0 1 1 1 0 0 1 1
 1 1 0 0 1 0 1 0 0 1 1 0 1 0 0 0 0 0 0 1
 0 1 1 1 1 0 1 1 0 0 1 0 0 1 0 0 0 0 0 0
 0 0 0 1 0 1 1 1 0 0 0 0 0 1 0 1 0 0 1 1

Warwick 206: balanced products, 8 products per order
10 20
 0 0 1 0 0 0 1 0 1 1 1 1 0 0 0 1 1 0 0 0
 0 1 1 0 1 1 0 0 0 1 0 0 0 0 1 0 0 1 0 1
 1 1 0 1 1 0 0 1 0 0 0 0 0 1 1 1 0 0 0 0
 0 0 1 0 0 1 0 1 0 1 0 0 1 0 0 1 0 1 1 0
 1 1 1 1 0 1 1 0 1 0 0 0 0 0 0 1 0 0 0 0
 1 0 0 1 0 0 0 0 0 0 1 0 1 1 0 0 1 1 0 1
 0 0 1 1 1 0 1 0 1 0 1 0 0 0 1 1 0 0 0 0
 0 0 1 0 1 1 1 1 1 1 0 1 0 0 0 0 0 0 0 0
 0 0 0 1 0 0 0 1 1 1 0 0 1 0 0 1 1 1 0 0
 1 1 0 0 1 0 1 1 0 0 0 1 1 0 1 0 0 0 0 0

Warwick 207: balanced products, 8 products per order
10 20
 0 1 0 1 1 0 0 0 0 1 1 0 1 1 1 0 0 0 0 0
 0 0 0 0 1 1 1 0 0 1 0 0 1 0 0 1 1 1 0 0
 1 0 1 0 0 0 1 1 0 0 1 0 0 1 0 0 1 0 0 1
 1 0 0 1 1 0 0 1 0 0 1 1 0 0 0 0 1 1 0 0
 1 1 0 0 0 1 0 0 1 0 0 1 1 0 0 0 0 1 0 1
 0 0 0 1 1 1 0 0 0 0 0 0 0 1 1 1 0 0 1 1
 0 0 0 0 0 1 0 1 1 1 0 1 1 0 0 0 0 1 1 0
 0 0 0 1 1 0 0 1 0 0 1 1 0 0 1 1 0 0 0 1
 0 1 1 0 1 0 0 1 0 0 1 1 0 0 0 1 0 1 0 0
 1 0 0 0 0 1 0 1 1 1 0 0 1 0 0 1 0 0 0 1

Warwick 208: balanced products, 8 products per order
10 20
 1 0 0 0 0 1 1 1 1 1 0 0 1 0 0 0 0 0 1 0
 1 0 0 1 0 0 0 0 1 0 1 0 0 0 1 1 0 1 0 1
 0 1 0 0 0 1 0 0 0 0 0 0 1 1 1 1 1 1 0 0
 1 0 0 0 0 1 0 1 0 1 1 1 0 0 1 1 0 0 0 0
 0 1 0 0 0 0 0 1 1 0 0 1 0 1 1 1 0 1 0 0
 1 0 1 0 0 1 0 1 1 0 0 0 1 0 0 0 1 1 0 0
 1 0 1 0 0 1 1 1 0 0 1 0 1 0 0 0 0 0 0 1
 1 0 0 0 1 1 1 0 0 1 1 0 0 0 0 1 0 0 0 1
 1 0 0 0 0 1 0 1 0 0 1 0 0 0 0 1 1 0 1 1
 0 0 0 1 1 0 0 0 1 1 1 1 0 0 0 1 0 0 1 0

Warwick 209: balanced products, 8 products per order
10 20
 1 1 0 0 1 0 0 1 0 0 0 0 1 1 0 0 0 1 1 0
 0 0 1 1 1 0 0 0 1 0 0 1 1 1 1 0 0 0 0 0
 0 1 1 1 0 1 0 0 1 1 0 0 0 0 1 0 0 0 1 0
 0 1 0 0 0 0 1 1 0 1 1 0 0 0 1 1 0 0 0 1
 1 0 0 1 1 1 0 0 1 1 1 0 0 0 0 0 0 0 1 0
 1 1 1 0 0 1 0 0 1 0 0 0 1 0 0 1 0 0 0 1
 0 1 0 1 1 0 0 0 0 1 0 0 1 0 0 1 0 1 0 1
 0 0 0 0 1 0 0 1 0 1 0 1 1 1 1 0 0 0 1 0
 0 0 1 1 1 0 0 1 0 0 0 0 0 0 0 1 1 0 1 1
 0 0 1 0 0 0 1 1 1 1 0 1 0 0 0 0 0 1 0 1

Warwick 210: balanced products, 8 products per order
10 20
 0 1 0 0 0 0 0 0 1 1 0 1 0 1 0 1 0 1 1 0
 0 0 1 1 0 1 0 1 1 0 0 1 1 0 0 0 1 0 0 0
 1 0 0 0 0 1 0 1 0 0 1 1 0 0 1 0 0 0 1 1
 0 0 1 0 1 1 0 0 1 1 0 1 0 1 0 0 0 1 0 0
 1 1 0 0 0 0 0 0 0 0 0 1 1 1 1 0 1 0 1 0
 0 0 0 1 1 0 0 1 1 0 0 1 0 1 1 0 0 0 1 0
 0 1 0 0 1 0 1 0 0 1 0 0 1 0 1 0 1 0 0 1
 1 1 1 1 0 1 0 0 1 1 0 0 0 0 1 0 0 0 0 0
 1 1 1 0 0 1 0 0 0 0 0 1 1 1 0 0 0 0 1 0
 0 1 1 1 0 0 1 0 1 0 1 0 1 0 0 0 0 0 0 1

Warwick 211: balanced products, 9 products per order
10 20
 1 1 0 0 1 1 0 0 0 1 0 1 1 0 1 0 1 0 0 0
 1 0 0 1 1 1 0 0 0 1 0 1 0 1 0 0 1 0 1 0
 0 0 0 0 1 0 0 1 1 1 0 0 1 1 0 1 0 1 0 1
 0 0 0 0 1 1 1 1 0 0 0 1 1 0 0 1 0 1 1 0
 0 0 1 0 0 0 0 1 0 1 0 0 1 1 1 1 1 0 1 0
 1 1 1 1 0 0 1 1 1 0 0 0 0 0 0 1 0 1 0 0
 0 1 0 0 0 1 0 1 0 1 0 1 1 1 0 0 0 0 1 1
 1 0 1 0 0 0 1 1 1 0 0 0 1 1 1 0 0 1 0 0
 1 0 1 1 0 0 1 0 1 1 1 0 1 0 0 1 0 0 0 0
 1 1 0 0 1 0 0 0 0 1 0 1 1 0 1 1 1 0 0 0

Warwick 212: balanced products, 9 products per order
10 20
 1 1 1 0 0 0 0 1 1 0 0 0 1 0 0 1 0 0 1 1
 1 1 1 0 1 0 0 1 1 0 0 0 0 0 0 1 0 1 1 0
 1 1 0 0 0 0 0 0 0 0 1 1 1 0 0 1 1 1 1 0
 0 1 1 0 1 1 0 0 0 0 1 0 1 0 1 0 0 1 1 0
 1 1 0 1 0 1 1 0 1 0 0 0 0 0 1 1 0 1 0 0
 1 1 1 1 0 0 0 0 0 0 0 1 1 1 1 0 1 0 0 0
 0 1 0 0 1 1 0 1 1 1 0 1 1 0 0 1 0 0 0 0
 0 0 1 0 1 0 1 0 1 1 0 0 1 1 0 0 1 1 0 0
 1 0 0 0 0 0 0 1 0 1 0 1 1 0 1 1 0 1 1 0
 0 0 1 0 0 0 1 1 1 0 0 0 0 1 1 1 1 0 1 0

Warwick 213: balanced products, 9 products per order
10 20
 1 0 1 0 0 1 0 1 0 1 1 0 0 1 0 0 1 0 0 1
 1 1 0 0 1 0 0 1 0 1 1 1 0 0 0 0 0 0 1 1
 0 1 0 0 0 1 1 0 0 0 1 0 1 1 0 0 1 1 0 1
 1 1 1 1 0 0 0 0 1 1 0 0 0 1 0 1 1 0 0 0
 1 1 0 0 0 1 0 0 1 0 0 1 0 1 0 1 0 1 0 1
 1 1 0 0 0 1 0 0 0 0 0 1 1 1 1 0 0 1 0 1
 0 0 1 0 0 0 0 1 1 0 0 0 1 1 1 1 0 1 1 0
 0 0 0 0 0 1 0 0 1 1 0 1 1 1 0 0 1 0 1 1
 0 0 1 0 1 0 0 1 1 1 0 1 0 1 1 0 0 0 1 0
 1 0 1 0 0 1 1 1 0 0 1 0 0 0 0 1 0 0 1 1

Warwick 214: balanced products, 9 products per order
10 20
 0 1 0 0 0 0 1 1 0 1 1 1 1 1 0 0 0 0 0 1
 1 1 0 0 0 1 0 0 0 1 0 1 1 1 1 0 1 0 0 0
 0 0 0 0 1 1 0 1 0 0 0 1 1 1 0 0 1 0 1 1
 0 1 1 0 1 0 0 0 1 0 1 0 1 1 0 1 0 1 0 0
 0 1 0 0 0 0 0 1 0 1 1 1 1 1 1 1 0 0 0 0
 1 1 0 1 0 1 0 1 1 1 0 1 0 0 0 1 0 0 0 0
 1 1 0 0 0 1 1 0 0 0 0 0 1 1 1 0 1 0 0 1
 0 0 0 0 1 1 0 0 0 0 1 1 0 1 0 0 1 1 1 1
 0 0 1 1 0 1 0 1 0 0 1 0 1 0 1 1 1 0 0 0
 0 1 1 0 0 1 0 0 1 1 0 1 0 0 1 0 1 1 0 0

Warwick 215: balanced products, 9 products per order
10 20
 0 0 0 1 1 1 0 1 1 0 0 1 0 1 0 0 1 0 1 0
 0 0 1 0 0 0 1 1 0 1 0 1 1 0 0 1 0 1 0 1
 1 0 1 1 0 0 0 0 1 0 1 0 0 1 0 1 1 1 0 0
 1 0 0 0 0 1 0 1 0 1 1 1 0 0 1 0 1 0 0 1
 0 0 1 1 0 0 0 1 0 1 0 1 0 1 1 1 0 0 0 1
 0 0 0 0 1 0 1 1 0 0 1 1 1 0 1 0 0 1 1 0
 1 0 0 1 1 0 1 0 0 0 1 1 1 0 1 0 0 1 0 0
 0 0 1 0 1 1 0 1 1 0 0 0 1 1 0 0 1 1 0 0
 0 0 1 1 1 1 0 0 1 1 0 1 0 1 0 0 0 0 0 1
 1 1 0 1 0 0 0 1 1 0 0 0 0 1 1 1 1 0 0 0

Warwick 216: balanced products, 9 products per order
10 20
 0 0 0 0 0 0 1 1 0 0 0 0 1 0 1 1 1 1 1 1
 0 1 0 1 1 0 0 0 0 1 1 0 1 1 1 1 0 0 0 0
 1 1 1 1 1 0 1 0 0 0 1 1 0 0 0 0 0 0 1 0
 1 0 0 1 0 0 0 1 1 0 0 0 0 1 0 1 0 1 1 1
 0 1 1 1 0 0 1 0 0 1 0 0 0 0 1 1 0 1 1 0
 1 1 1 0 1 0 1 0 1 1 0 0 0 0 0 0 1 0 1 0
 0 0 0 0 0 0 0 1 1 1 0 0 1 1 1 1 0 0 1 1
 0 1 0 0 0 1 0 0 0 1 0 0 0 1 1 1 1 1 1 0
 1 1 1 1 0 0 0 1 1 0 0 1 1 0 0 0 0 0 1 0
 0 1 0 1 0 0 0 1 1 0 0 1 1 0 0 0 1 1 0 1

Warwick 217: balanced products, 9 products per order
10 20
 1 1 1 1 0 0 0 1 1 0 1 0 1 0 1 0 0 0 0 0
 1 1 0 1 1 1 0 1 1 0 1 0 0 0 0 0 0 1 0 0
 1 1 0 1 0 0 1 1 0 0 0 0 1 1 1 0 0 0 0 1
 0 1 0 0 1 1 1 0 0 1 0 0 1 0 1 0 1 1 0 0
 1 1 0 1 1 0 0 0 1 0 0 1 0 1 0 1 0 0 0 1
 0 1 0 0 0 0 0 1 1 0 1 0 0 0 1 1 0 1 1 1
 0 1 0 0 0 1 0 0 1 1 1 1 0 0 1 0 1 0 1 0
 1 1 0 0 1 0 0 0 0 1 0 1 1 1 1 0 0 0 1 0
 1 1 0 1 1 0 1 0 0 1 0 0 0 0 0 0 1 1 0 1
 0 1 0 0 1 0 1 0 1 0 1 0 1 1 1 1 0 0 0 0

Warwick 218: balanced products, 9 products per order
10 20
 0 0 1 1 1 0 1 0 1 0 1 0 0 1 0 1 0 0 0 1
 1 1 0 1 1 1 0 1 0 0 0 1 1 0 0 0 0 0 0 1
 0 0 1 0 1 0 0 0 1 1 0 1 0 0 1 0 1 1 1 0
 0 0 1 1 0 0 0 0 1 1 0 1 1 1 0 1 0 0 0 1
 1 0 0 1 0 1 1 0 1 1 0 1 0 0 0 0 0 1 1 0
 0 1 1 0 1 0 0 1 0 0 0 0 0 1 0 1 1 1 1 0
 1 0 0 1 1 1 0 0 1 1 0 0 1 0 0 0 0 1 0 1
 0 0 1 1 1 1 0 1 1 0 0 0 1 1 0 0 0 0 1 0
 1 0 0 0 1 1 1 1 1 0 0 0 0 0 1 0 1 0 0 1
 0 0 1 1 1 0 0 0 1 0 0 0 0 1 0 1 1 1 0 1

Warwick 219: balanced products, 9 products per order
10 20
 0 0 0 0 1 1 0 0 0 1 0 0 1 0 1 1 0 1 1 1
 1 1 1 0 0 1 0 1 1 0 0 0 0 1 0 1 0 0 0 1
 1 1 0 1 1 0 0 0 0 1 1 1 1 0 0 0 0 1 0 0
 1 1 0 1 0 0 1 0 1 0 1 1 0 0 0 1 0 1 0 0
 1 1 1 0 0 1 0 1 1 0 1 0 1 0 0 0 1 0 0 0
 0 0 0 1 0 1 1 0 1 1 1 0 0 1 1 1 0 0 0 0
 1 0 1 0 1 0 1 0 0 0 1 1 1 0 0 0 1 0 0 1
 1 0 1 0 1 1 1 0 0 0 0 1 1 0 0 0 0 0 1 1
 0 0 1 0 1 0 0 1 0 0 0 1 1 0 1 0 1 1 1 0
 1 0 0 0 0 1 0 1 1 0 0 0 0 1 1 0 1 1 1 0

Warwick 220: balanced products, 9 products per order
10 20
 0 1 1 1 1 1 0 1 0 1 0 0 1 0 0 0 1 0 0 0
 0 1 0 0 1 0 0 1 0 0 1 1 0 1 0 0 0 1 1 1
 1 1 0 1 0 1 1 0 1 0 1 0 0 0 1 0 1 0 0 0
 0 1 0 0 1 1 0 0 1 0 0 1 0 1 0 1 0 1 1 0
 0 0 0 1 0 0 0 0 1 0 0 1 1 1 0 1 1 1 1 0
 1 0 1 1 0 0 0 1 0 1 0 1 0 0 0 0 1 0 1 1
 0 0 1 0 1 1 1 0 0 1 1 0 1 0 0 0 1 0 0 1
 0 0 0 0 1 1 0 0 0 1 0 0 1 0 1 1 0 1 1 1
 0 0 1 0 0 1 0 1 0 1 1 0 1 1 0 0 1 0 0 1
 1 0 0 0 0 1 0 1 0 0 0 1 1 0 1 1 1 0 1 0

Warwick 221: balanced products, 10 products per order
10 20
 0 0 1 0 0 1 1 1 1 1 1 0 1 1 0 0 1 0 0 0
 0 1 1 0 1 1 0 1 0 1 1 0 0 0 1 1 1 0 0 0
 1 0 0 1 0 0 1 1 0 1 1 1 1 1 0 0 1 0 0 0
 0 1 1 1 0 1 0 0 1 0 1 1 0 1 0 0 1 1 0 0
 1 1 0 0 1 0 1 0 0 0 1 0 1 0 1 1 1 0 0 1
 0 1 0 1 1 0 1 0 0 1 0 0 1 0 1 1 1 1 0 0
 1 1 0 1 1 0 1 0 1 1 0 1 1 0 0 0 1 0 0 0
 0 1 1 1 1 0 0 0 0 1 1 0 0 1 1 1 0 1 0 0
 0 0 0 1 1 0 1 0 0 0 1 1 1 0 0 1 1 1 0 1
 0 1 0 1 1 1 0 1 0 1 0 1 0 0 1 0 1 0 1 0

Warwick 222: balanced products, 10 products per order
10 20
 0 0 1 1 0 0 0 0 0 1 1 0 1 1 0 1 1 0 1 1
 1 1 0 0 0 0 1 0 0 1 1 0 1 1 0 0 1 1 0 1
 0 0 0 1 0 1 0 0 1 1 1 1 1 0 1 0 1 0 1 0
 0 1 0 0 0 0 1 1 1 1 1 0 0 1 0 1 1 1 0 0
 1 1 0 1 1 0 1 0 1 1 0 1 0 1 1 0 0 0 0 0
 0 1 0 0 1 0 0 1 1 0 1 0 0 0 1 1 0 1 1 1
 0 0 0 0 1 1 0 1 1 1 0 0 0 0 1 0 1 1 1 1
 1 0 0 0 1 1 1 1 0 1 0 0 0 1 0 1 0 1 1 0
 0 1 0 1 0 0 0 1 1 0 0 1 1 1 1 0 0 1 0 1
 1 1 0 1 0 1 1 1 0 1 0 1 0 0 1 0 0 0 0 1

Warwick 223: balanced products, 10 products per order
10 20
 0 1 1 1 1 0 0 0 0 0 1 0 0 0 1 1 1 1 1 0
 0 1 1 0 0 1 1 0 1 0 1 1 0 0 1 0 1 1 0 0
 0 1 0 0 1 0 1 0 1 1 0 1 0 0 0 0 1 1 1 1
 0 0 1 0 1 0 1 1 0 0 1 0 1 0 1 0 1 1 1 0
 0 1 0 1 1 0 1 1 0 0 1 0 1 0 0 1 1 0 0 1
 1 0 0 0 1 1 1 1 1 1 0 1 0 0 0 0 1 0 0 1
 1 1 1 0 1 0 0 0 0 0 1 1 0 1 0 1 1 0 1 0
 1 0 0 0 0 0 0 1 1 1 1 0 0 1 1 1 1 1 0 0
 0 0 0 1 0 0 1 0 1 1 0 0 1 1 1 0 1 1 1 0
 0 0 0 0 1 0 0 1 1 1 1 0 1 1 1 0 0 1 0 1

Warwick 224: balanced products, 10 products per order
10 20
 0 1 0 1 1 1 0 1 0 0 1 1 0 0 0 0 1 1 1 0
 0 1 1 1 0 1 1 0 0 0 0 1 1 0 0 1 1 1 0 0
 0 1 1 1 0 1 1 1 0 1 0 1 0 1 0 0 0 0 1 0
 0 1 1 1 1 0 0 0 0 0 0 1 0 0 1 1 0 1 1 1
 0 1 0 0 1 1 1 0 1 1 1 0 1 0 0 0 0 0 1 1
 1 1 0 0 0 0 1 0 1 1 1 1 1 0 1 0 0 0 1 0
 0 0 0 1 1 0 1 0 1 0 1 1 0 0 1 0 0 1 1 1
 0 1 0 0 1 0 0 0 1 1 0 0 1 1 1 0 0 1 1 1
 1 1 0 0 1 1 0 0 1 0 0 1 1 1 0 1 0 0 1 0
 0 1 1 1 0 0 1 1 0 0 0 0 1 1 0 1 1 0 1 0

Warwick 225: balanced products, 10 products per order
10 20
 1 0 1 0 1 0 1 0 0 0 1 0 1 1 0 0 1 0 1 1
 0 0 1 0 1 1 0 1 0 0 1 1 0 0 0 1 1 1 0 1
 1 1 0 0 1 1 1 0 1 0 1 0 1 1 0 0 1 0 0 0
 0 1 1 1 0 0 1 1 1 1 0 0 0 1 1 0 1 0 0 0
 1 0 1 1 1 0 0 0 1 0 1 1 0 1 0 0 1 0 1 0
 0 1 0 0 1 0 1 0 1 1 1 0 0 1 0 1 0 1 0 1
 0 1 1 0 0 1 0 1 1 0 1 1 0 0 1 1 1 0 0 0
 0 1 1 0 1 0 0 1 1 0 1 1 0 0 0 0 1 1 0 1
 1 1 1 1 0 0 0 1 0 1 0 1 0 1 0 0 0 0 1 1
 1 1 1 0 1 1 0 1 0 0 0 0 0 0 0 1 1 1 1 0

Warwick 226: balanced products, 10 products per order
10 20
 0 1 0 0 1 0 0 1 1 0 1 1 1 1 1 1 0 0 0 0
 1 1 1 1 0 1 1 0 0 0 1 1 0 1 1 0 0 0 0 0
 1 0 0 0 1 1 0 1 0 1 0 1 1 1 1 1 0 0 0 0
 1 0 1 0 0 1 0 0 0 1 1 1 1 1 0 0 1 0 0 1
 0 0 0 1 0 0 1 1 0 1 1 0 0 1 0 0 1 1 1 1
 1 0 0 0 0 1 1 1 0 1 1 0 0 0 1 1 0 0 1 1
 1 1 0 0 1 1 1 0 1 0 0 0 1 0 1 1 0 0 1 0
 0 0 0 1 0 1 0 1 0 0 1 0 1 1 1 1 0 1 1 0
 0 1 0 1 0 0 1 0 0 0 0 1 1 1 0 0 1 1 1 1
 1 0 0 1 1 0 0 0 0 1 0 1 1 1 1 1 1 0 0 0

Warwick 227: balanced products, 10 products per order
10 20
 0 0 1 1 0 0 1 1 1 1 1 0 1 1 0 0 0 0 1 0
 0 0 1 0 1 0 0 1 0 0 0 0 1 1 1 0 1 1 1 1
 0 0 0 0 0 0 1 1 1 1 1 0 1 1 1 1 0 1 0 0
 0 1 1 1 0 0 0 0 0 1 0 1 0 0 1 0 1 1 1 1
 0 0 0 1 0 1 0 0 0 1 1 1 0 0 1 1 1 1 0 1
 1 0 1 1 1 1 1 0 0 1 0 0 0 1 0 0 0 1 1 0
 0 1 1 1 0 0 1 0 0 1 0 1 1 1 0 0 0 1 1 0
 0 0 1 1 1 1 1 0 0 1 0 0 1 1 0 0 0 1 0 1
 0 0 0 0 1 0 1 0 0 1 0 1 1 1 1 0 1 1 0 1
 1 0 1 1 0 1 1 0 0 1 0 1 0 0 1 1 0 0 1 0

Warwick 228: balanced products, 10 products per order
10 20
 1 0 0 0 0 1 0 0 1 0 1 1 1 1 0 1 1 0 0 1
 1 0 0 1 0 0 1 1 0 1 0 1 1 1 1 0 0 0 1 0
 0 0 0 1 0 1 1 1 1 1 0 1 0 1 0 1 0 0 1 0
 1 0 0 1 1 0 0 0 0 0 1 1 1 1 1 0 0 0 1 1
 0 0 0 0 0 1 0 0 1 1 1 1 1 1 1 0 0 1 0 1
 0 0 0 0 1 1 1 0 0 0 1 1 0 0 1 0 1 1 1 1
 1 0 1 0 0 1 0 0 0 1 1 1 1 0 0 1 0 1 1 0
 1 1 0 0 1 0 1 1 0 0 1 1 0 0 1 0 1 0 1 0
 0 1 0 0 1 0 1 0 0 1 0 1 0 0 0 1 1 1 1 1
 1 0 0 1 0 1 0 0 0 0 0 0 1 0 1 1 1 1 1 1

Warwick 229: balanced products, 10 products per order
10 20
 0 0 1 0 1 1 0 1 0 1 1 1 1 0 1 0 1 0 0 0
 0 0 1 0 1 0 0 0 1 1 1 1 0 1 1 1 0 0 0 1
 1 0 0 0 0 0 1 0 0 1 0 1 1 1 1 1 1 0 1 0
 1 1 0 0 0 1 1 1 1 0 0 0 0 1 0 1 0 1 1 0
 0 0 0 0 1 0 1 1 0 1 0 1 1 1 1 0 0 1 1 0
 0 0 0 1 0 1 0 0 0 0 0 1 1 1 1 1 1 1 0 1
 1 1 1 0 0 1 0 0 1 0 0 0 0 1 0 1 1 1 1 0
 0 0 1 0 1 1 1 1 0 1 1 1 0 0 0 1 0 0 1 0
 1 0 0 0 0 1 1 1 1 0 1 0 1 1 0 0 0 0 1 1
 1 0 0 1 1 1 0 0 0 0 0 1 0 0 1 1 1 0 1 1

Warwick 230: balanced products, 10 products per order
10 20
 1 1 0 1 0 0 0 0 1 1 1 1 1 1 1 0 0 0 0 0
 1 1 1 0 0 1 1 1 0 1 1 1 0 1 0 0 0 0 0 0
 1 0 1 1 1 1 0 0 1 0 0 1 1 0 1 0 0 1 0 0
 0 1 1 0 0 0 0 1 0 1 0 1 0 1 1 0 1 1 0 1
 0 1 0 0 1 0 0 0 1 1 0 0 0 1 1 1 1 1 0 1
 1 0 0 0 1 0 1 1 0 1 0 0 0 1 1 0 1 1 0 1
 0 1 1 0 0 1 1 0 1 1 1 1 0 1 0 1 0 0 0 0
 0 1 0 0 0 1 0 1 1 1 0 1 0 1 0 0 1 0 1 1
 1 1 1 0 1 1 1 1 0 0 1 0 0 0 1 0 0 0 0 1
 1 1 1 0 1 0 1 1 0 1 1 0 0 0 0 1 1 0 0 0

