Warwick 941: balanced products, 2 products per order
20 10
 0 1 1 0 0 0 0 0 0 0
 0 1 0 0 0 1 0 0 0 0
 0 1 1 0 0 0 0 0 0 0
 1 0 0 0 0 0 0 0 0 1
 1 1 0 0 0 0 0 0 0 0
 1 0 0 0 0 1 0 0 0 0
 0 0 0 0 0 1 0 1 0 0
 1 0 0 0 0 0 0 0 1 0
 0 1 0 0 1 0 0 0 0 0
 0 1 1 0 0 0 0 0 0 0
 0 0 0 0 0 0 1 1 0 0
 0 1 1 0 0 0 0 0 0 0
 1 0 0 0 0 0 0 0 1 0
 1 0 0 0 0 0 0 0 0 1
 0 0 0 0 0 0 0 0 1 1
 0 1 0 1 0 0 0 0 0 0
 0 0 0 0 1 1 0 0 0 0
 0 0 0 0 1 0 1 0 0 0
 0 0 0 0 0 0 1 1 0 0
 1 0 0 0 0 1 0 0 0 0

Warwick 942: balanced products, 2 products per order
20 10
 0 0 0 0 1 1 0 0 0 0
 0 0 0 0 0 0 1 0 1 0
 0 0 0 1 0 1 0 0 0 0
 0 0 0 0 0 0 0 1 0 1
 0 0 1 1 0 0 0 0 0 0
 0 1 1 0 0 0 0 0 0 0
 1 0 0 0 0 0 0 1 0 0
 0 0 0 0 0 0 1 0 1 0
 0 0 0 0 0 0 0 0 1 1
 0 0 0 0 0 1 0 0 1 0
 0 0 1 0 0 0 0 0 0 1
 0 0 0 1 0 1 0 0 0 0
 0 1 0 0 0 0 0 0 1 0
 0 1 0 0 0 0 0 0 0 1
 0 0 0 0 1 1 0 0 0 0
 0 0 1 0 0 0 0 1 0 0
 0 0 0 0 1 0 0 0 1 0
 0 1 0 0 0 0 0 0 0 1
 0 0 0 0 0 1 0 0 0 1
 0 1 0 0 0 0 0 0 0 1

Warwick 943: balanced products, 2 products per order
20 10
 0 0 0 0 0 1 0 0 0 1
 0 0 0 0 0 1 0 0 0 1
 0 0 1 0 0 0 0 0 0 1
 0 0 1 0 0 0 0 1 0 0
 1 0 0 0 0 0 0 0 1 0
 0 0 0 0 0 0 0 1 0 1
 0 0 0 0 0 0 1 0 0 1
 0 0 0 1 0 0 1 0 0 0
 0 0 0 1 0 1 0 0 0 0
 1 0 0 0 0 0 1 0 0 0
 0 1 0 0 0 0 0 0 1 0
 0 1 1 0 0 0 0 0 0 0
 1 0 0 1 0 0 0 0 0 0
 0 0 0 1 0 1 0 0 0 0
 0 0 0 0 1 0 0 0 1 0
 0 1 0 0 0 1 0 0 0 0
 0 0 0 1 0 0 1 0 0 0
 0 0 0 1 0 0 0 0 0 1
 0 0 0 0 0 0 0 1 1 0
 0 1 0 0 0 0 1 0 0 0

Warwick 944: balanced products, 2 products per order
20 10
 1 0 1 0 0 0 0 0 0 0
 0 0 0 1 0 1 0 0 0 0
 1 0 0 0 1 0 0 0 0 0
 0 0 1 0 0 1 0 0 0 0
 0 0 1 0 0 0 0 0 1 0
 1 0 0 0 1 0 0 0 0 0
 1 0 0 0 0 0 0 0 0 1
 0 0 0 0 0 1 1 0 0 0
 0 0 0 1 0 0 0 1 0 0
 1 0 0 0 0 1 0 0 0 0
 1 0 0 0 0 0 1 0 0 0
 0 1 0 0 0 0 1 0 0 0
 0 1 0 0 0 0 0 0 1 0
 0 0 0 0 1 0 1 0 0 0
 1 0 0 0 0 0 0 0 1 0
 0 0 0 1 1 0 0 0 0 0
 0 0 1 0 0 0 1 0 0 0
 0 0 0 0 1 0 1 0 0 0
 0 1 0 0 0 1 0 0 0 0
 0 1 0 0 0 0 0 0 1 0

Warwick 945: balanced products, 2 products per order
20 10
 1 0 0 0 0 0 1 0 0 0
 1 0 0 0 0 0 0 1 0 0
 0 0 0 0 0 0 0 1 0 1
 0 0 0 0 0 1 0 0 0 1
 0 1 0 0 0 1 0 0 0 0
 0 1 0 0 0 0 1 0 0 0
 0 1 0 0 1 0 0 0 0 0
 0 1 0 0 1 0 0 0 0 0
 0 0 1 0 0 0 0 0 1 0
 0 0 0 0 1 0 0 1 0 0
 1 0 0 0 0 0 0 1 0 0
 1 0 1 0 0 0 0 0 0 0
 1 0 0 0 0 0 1 0 0 0
 0 0 0 0 0 1 0 0 1 0
 0 0 0 0 0 1 1 0 0 0
 0 0 0 1 1 0 0 0 0 0
 0 0 0 0 1 0 0 0 0 1
 0 0 0 0 1 0 0 1 0 0
 0 0 0 0 0 1 0 1 0 0
 0 1 0 0 0 0 0 0 0 1

Warwick 946: balanced products, 2 products per order
20 10
 0 0 0 0 0 1 0 1 0 0
 0 1 0 0 0 1 0 0 0 0
 0 1 0 0 0 0 0 1 0 0
 0 0 0 1 0 0 1 0 0 0
 0 1 0 0 0 1 0 0 0 0
 0 0 0 0 0 1 0 1 0 0
 0 0 0 0 0 0 1 0 0 1
 0 0 0 0 0 0 0 1 0 1
 0 0 1 0 0 0 0 1 0 0
 0 1 0 0 0 0 0 1 0 0
 0 0 0 0 0 1 1 0 0 0
 0 0 0 0 0 1 0 0 1 0
 1 0 0 0 0 0 0 0 1 0
 1 0 0 0 0 1 0 0 0 0
 0 0 0 1 0 0 0 0 1 0
 0 0 0 0 0 0 1 0 0 1
 0 0 0 1 0 0 1 0 0 0
 0 1 0 0 1 0 0 0 0 0
 0 1 0 0 0 0 0 0 1 0
 0 1 0 0 0 0 0 0 0 1

Warwick 947: balanced products, 2 products per order
20 10
 0 0 1 1 0 0 0 0 0 0
 0 0 0 1 1 0 0 0 0 0
 0 0 1 0 0 1 0 0 0 0
 0 0 1 0 0 0 1 0 0 0
 0 0 1 0 0 1 0 0 0 0
 0 0 0 0 0 1 0 0 0 1
 0 0 0 0 0 0 0 0 1 1
 0 1 0 0 0 0 0 1 0 0
 0 0 1 0 0 1 0 0 0 0
 0 1 0 0 1 0 0 0 0 0
 0 1 0 0 0 0 0 1 0 0
 1 0 0 0 0 0 0 1 0 0
 0 1 0 0 1 0 0 0 0 0
 0 0 0 0 0 1 1 0 0 0
 1 0 0 0 1 0 0 0 0 0
 0 0 0 0 0 0 1 0 0 1
 0 0 0 0 0 0 0 0 1 1
 0 0 0 0 1 1 0 0 0 0
 0 1 1 0 0 0 0 0 0 0
 0 1 0 0 0 0 1 0 0 0

Warwick 948: balanced products, 2 products per order
20 10
 1 0 0 0 0 0 1 0 0 0
 1 0 0 0 0 0 0 0 1 0
 0 1 0 0 0 0 0 0 0 1
 0 0 0 1 0 1 0 0 0 0
 1 1 0 0 0 0 0 0 0 0
 0 0 1 0 0 0 1 0 0 0
 0 0 0 0 0 0 1 0 1 0
 0 1 0 0 0 1 0 0 0 0
 0 0 1 0 1 0 0 0 0 0
 0 0 0 0 1 0 0 1 0 0
 0 1 0 1 0 0 0 0 0 0
 0 1 0 0 0 1 0 0 0 0
 0 0 1 0 0 0 0 1 0 0
 0 0 0 0 0 0 0 1 0 1
 0 0 0 0 1 0 0 1 0 0
 0 1 0 0 0 0 1 0 0 0
 0 0 0 1 0 0 0 1 0 0
 0 1 0 0 0 0 0 0 0 1
 1 0 0 0 0 0 0 1 0 0
 0 0 1 0 0 0 0 0 1 0

Warwick 949: balanced products, 2 products per order
20 10
 0 0 0 0 1 1 0 0 0 0
 0 1 0 0 1 0 0 0 0 0
 0 0 0 0 1 1 0 0 0 0
 1 0 0 0 1 0 0 0 0 0
 0 0 1 0 0 0 0 1 0 0
 1 0 0 0 1 0 0 0 0 0
 1 0 0 0 0 0 0 0 1 0
 0 1 0 0 1 0 0 0 0 0
 0 0 1 0 0 0 1 0 0 0
 0 0 1 0 0 0 1 0 0 0
 0 0 0 0 0 0 1 0 1 0
 1 0 0 1 0 0 0 0 0 0
 0 0 1 0 0 0 0 0 0 1
 0 0 0 0 1 0 0 0 1 0
 0 1 0 0 0 0 0 0 0 1
 1 0 0 0 0 0 1 0 0 0
 0 1 1 0 0 0 0 0 0 0
 0 0 0 0 0 1 0 1 0 0
 1 0 0 0 1 0 0 0 0 0
 0 1 0 0 0 0 0 0 1 0

Warwick 950: balanced products, 2 products per order
20 10
 1 0 0 0 0 0 0 1 0 0
 1 0 0 0 1 0 0 0 0 0
 0 0 0 1 0 0 0 0 1 0
 0 1 1 0 0 0 0 0 0 0
 0 1 0 1 0 0 0 0 0 0
 0 1 0 0 0 0 1 0 0 0
 0 0 0 0 1 0 0 0 0 1
 1 0 0 0 0 0 0 0 0 1
 0 0 1 0 0 0 1 0 0 0
 1 0 0 0 1 0 0 0 0 0
 1 0 0 0 0 1 0 0 0 0
 0 0 1 0 0 0 0 0 0 1
 0 0 0 0 0 1 1 0 0 0
 1 0 0 0 0 0 0 0 1 0
 1 0 1 0 0 0 0 0 0 0
 0 1 0 0 1 0 0 0 0 0
 0 0 0 0 0 1 0 1 0 0
 0 0 1 0 0 0 0 0 0 1
 0 0 0 1 0 0 0 1 0 0
 0 0 1 0 1 0 0 0 0 0

Warwick 951: balanced products, 3 products per order
20 10
 1 0 0 1 0 1 0 0 0 0
 0 0 0 0 0 1 0 1 0 1
 0 1 1 1 0 0 0 0 0 0
 1 0 0 1 0 0 0 0 0 1
 0 0 1 0 0 1 0 0 1 0
 0 1 0 0 1 0 0 1 0 0
 0 1 0 0 0 0 0 0 1 1
 0 0 1 0 0 1 0 0 0 1
 1 0 1 1 0 0 0 0 0 0
 1 1 1 0 0 0 0 0 0 0
 1 0 0 0 1 1 0 0 0 0
 0 0 0 0 0 0 1 1 1 0
 0 0 0 0 1 1 0 0 1 0
 0 1 0 1 0 0 1 0 0 0
 1 0 1 0 0 0 1 0 0 0
 0 0 0 0 1 0 0 1 0 1
 0 0 0 1 0 0 1 1 0 0
 0 0 0 1 0 1 0 0 1 0
 0 1 0 0 1 0 0 1 0 0
 0 1 0 0 0 0 0 0 1 1

Warwick 952: balanced products, 3 products per order
20 10
 0 1 1 0 0 0 0 1 0 0
 0 0 1 1 0 0 1 0 0 0
 0 0 0 0 0 1 0 1 1 0
 0 1 0 0 0 1 1 0 0 0
 0 1 0 1 0 0 0 0 0 1
 1 0 1 1 0 0 0 0 0 0
 0 1 0 0 0 1 0 0 1 0
 0 0 0 0 0 1 1 0 0 1
 0 0 0 0 1 1 0 0 0 1
 0 1 1 0 0 0 0 1 0 0
 0 0 0 1 0 1 1 0 0 0
 0 1 0 0 1 0 0 0 1 0
 0 0 0 1 0 1 1 0 0 0
 0 0 0 0 0 1 0 0 1 1
 0 0 1 1 0 1 0 0 0 0
 0 1 0 0 0 1 0 0 0 1
 0 0 0 0 1 0 1 0 1 0
 0 1 0 0 0 0 0 1 1 0
 0 0 0 0 0 0 0 1 1 1
 0 1 0 0 0 0 0 1 1 0

Warwick 953: balanced products, 3 products per order
20 10
 0 0 0 0 1 0 0 1 0 1
 1 0 0 0 1 1 0 0 0 0
 1 1 0 1 0 0 0 0 0 0
 0 0 1 1 0 1 0 0 0 0
 0 0 1 0 0 0 1 1 0 0
 0 0 0 0 1 1 0 1 0 0
 1 0 1 0 0 0 0 0 0 1
 1 0 0 0 1 0 0 1 0 0
 0 0 1 0 0 0 1 1 0 0
 0 0 1 1 0 0 1 0 0 0
 0 0 1 0 0 0 1 1 0 0
 0 1 1 0 0 0 1 0 0 0
 0 0 1 0 0 0 0 0 1 1
 0 0 0 0 1 0 0 0 1 1
 0 0 0 0 0 0 1 0 1 1
 1 1 0 0 1 0 0 0 0 0
 0 0 1 0 1 0 1 0 0 0
 1 0 0 0 0 1 1 0 0 0
 1 1 0 0 1 0 0 0 0 0
 1 0 0 1 0 0 0 0 0 1

Warwick 954: balanced products, 3 products per order
20 10
 1 0 0 1 0 0 0 0 1 0
 0 0 0 1 1 0 1 0 0 0
 0 0 1 0 0 0 0 1 0 1
 0 0 0 0 0 1 1 0 1 0
 1 1 0 0 0 0 0 0 0 1
 0 1 0 0 0 0 1 0 0 1
 0 0 1 0 0 0 1 0 0 1
 0 0 0 0 0 0 0 1 1 1
 0 0 0 0 0 1 1 0 0 1
 1 0 1 1 0 0 0 0 0 0
 0 0 0 1 0 1 0 0 1 0
 0 0 0 1 1 0 0 0 0 1
 0 1 0 0 1 1 0 0 0 0
 0 0 1 0 0 0 0 1 0 1
 0 0 0 0 0 1 1 0 0 1
 0 0 1 0 0 0 0 1 1 0
 1 0 0 1 0 0 0 0 0 1
 0 1 0 0 1 0 0 0 0 1
 0 1 0 1 0 1 0 0 0 0
 0 0 1 0 0 0 0 1 0 1

Warwick 955: balanced products, 3 products per order
20 10
 0 1 0 1 0 0 0 0 0 1
 0 0 1 0 0 1 0 0 0 1
 1 1 0 0 0 0 0 1 0 0
 0 0 1 0 0 1 1 0 0 0
 0 1 1 0 0 1 0 0 0 0
 0 0 0 0 1 1 0 1 0 0
 0 0 0 0 0 0 0 1 1 1
 0 1 0 1 0 0 0 0 1 0
 0 0 0 1 1 0 0 1 0 0
 0 0 0 0 1 1 0 0 0 1
 0 1 1 0 0 0 0 0 1 0
 0 0 1 1 0 1 0 0 0 0
 0 1 0 0 0 0 1 0 1 0
 0 0 0 0 0 0 1 1 1 0
 1 0 1 0 0 0 0 0 0 1
 0 1 0 1 1 0 0 0 0 0
 0 0 0 0 0 1 1 0 1 0
 0 1 1 0 0 0 0 0 0 1
 0 1 0 1 0 0 0 0 1 0
 0 1 0 1 0 0 1 0 0 0

Warwick 956: balanced products, 3 products per order
20 10
 0 1 0 0 0 1 0 0 0 1
 0 0 0 1 0 1 0 0 0 1
 0 0 1 0 0 1 0 0 0 1
 0 0 0 0 0 1 1 1 0 0
 1 0 0 0 0 0 0 0 1 1
 0 0 1 0 1 0 0 0 1 0
 1 0 0 0 0 1 0 0 1 0
 1 0 0 1 1 0 0 0 0 0
 0 0 0 0 1 0 1 0 0 1
 0 0 1 1 0 0 0 1 0 0
 0 0 1 1 0 1 0 0 0 0
 0 0 0 0 1 0 1 0 0 1
 0 1 1 0 0 0 0 1 0 0
 0 0 1 1 1 0 0 0 0 0
 0 0 1 0 0 0 0 1 0 1
 1 0 0 0 0 1 0 0 1 0
 0 0 0 1 1 0 0 0 0 1
 1 0 0 1 0 1 0 0 0 0
 0 0 0 1 0 0 1 0 0 1
 0 1 0 0 1 0 0 0 1 0

Warwick 957: balanced products, 3 products per order
20 10
 1 1 0 0 0 0 0 1 0 0
 0 0 0 1 0 0 1 1 0 0
 0 0 0 0 0 1 1 0 0 1
 0 1 0 1 0 0 0 0 0 1
 0 1 0 1 0 0 0 0 0 1
 0 0 0 1 1 0 0 0 0 1
 0 0 1 0 0 0 0 0 1 1
 1 0 1 1 0 0 0 0 0 0
 1 0 1 0 0 0 0 0 0 1
 1 0 0 0 0 0 0 0 1 1
 0 1 0 1 0 0 0 1 0 0
 0 0 1 0 0 1 1 0 0 0
 0 1 0 0 0 0 0 1 1 0
 0 0 0 1 1 0 1 0 0 0
 1 0 1 0 0 0 0 0 0 1
 0 1 0 0 0 0 1 0 1 0
 1 0 0 1 0 0 1 0 0 0
 0 0 0 0 0 1 0 1 1 0
 0 0 0 0 0 0 1 1 0 1
 0 0 0 0 0 0 1 1 1 0

Warwick 958: balanced products, 3 products per order
20 10
 1 0 0 1 1 0 0 0 0 0
 0 1 0 0 0 0 0 0 1 1
 0 0 1 1 0 1 0 0 0 0
 0 0 1 0 0 1 0 0 0 1
 0 1 1 0 1 0 0 0 0 0
 1 1 0 0 0 0 0 1 0 0
 0 1 0 1 0 0 0 1 0 0
 1 0 0 0 1 0 0 0 1 0
 0 0 1 0 0 0 0 1 1 0
 1 1 0 0 0 1 0 0 0 0
 0 0 0 0 0 1 1 0 0 1
 1 0 0 1 0 0 0 0 0 1
 0 0 1 1 0 0 0 0 1 0
 0 0 1 0 1 0 0 0 1 0
 0 0 1 0 0 0 0 0 1 1
 0 0 0 0 0 0 1 1 0 1
 1 0 1 1 0 0 0 0 0 0
 0 0 0 0 1 0 1 0 1 0
 1 1 0 0 0 0 0 0 1 0
 0 1 0 0 0 0 1 0 0 1

Warwick 959: balanced products, 3 products per order
20 10
 0 0 0 1 0 0 1 0 0 1
 0 0 0 0 1 1 0 1 0 0
 0 0 0 1 0 1 0 0 0 1
 0 1 1 0 0 0 1 0 0 0
 0 1 0 0 1 0 1 0 0 0
 0 1 0 0 0 1 0 1 0 0
 1 0 0 1 0 0 0 0 1 0
 0 0 0 0 1 0 1 0 1 0
 0 0 1 1 0 0 0 1 0 0
 0 0 1 0 1 1 0 0 0 0
 0 1 1 0 0 0 1 0 0 0
 0 0 1 0 0 0 1 1 0 0
 1 1 0 0 0 0 0 1 0 0
 1 0 0 0 0 1 0 0 1 0
 1 1 0 1 0 0 0 0 0 0
 0 1 0 0 0 0 0 0 1 1
 1 0 0 1 0 0 0 0 1 0
 1 1 0 0 0 0 1 0 0 0
 0 0 0 0 1 0 1 0 1 0
 1 0 0 1 0 0 0 0 0 1

Warwick 960: balanced products, 3 products per order
20 10
 0 0 0 0 1 0 1 0 1 0
 1 0 0 1 0 0 0 0 1 0
 1 0 1 0 0 0 0 1 0 0
 1 0 0 0 1 0 0 0 1 0
 1 0 1 0 0 0 1 0 0 0
 0 0 0 0 1 1 0 0 0 1
 0 0 0 0 0 0 1 0 1 1
 0 1 0 0 0 0 1 1 0 0
 0 1 0 0 0 0 0 1 1 0
 0 0 1 0 0 0 1 0 1 0
 1 0 0 0 0 0 0 1 0 1
 0 0 0 0 1 0 1 1 0 0
 0 1 1 0 0 0 1 0 0 0
 0 0 0 0 1 0 1 0 0 1
 1 0 0 0 0 1 0 0 1 0
 1 0 0 0 0 0 1 0 0 1
 1 1 0 0 0 1 0 0 0 0
 0 1 0 0 0 1 1 0 0 0
 1 0 0 0 1 0 0 0 1 0
 0 1 0 0 0 0 0 1 0 1

Warwick 961: balanced products, 4 products per order
20 10
 0 0 0 1 0 0 1 0 1 1
 0 0 1 0 1 0 1 0 0 1
 1 0 0 1 1 0 1 0 0 0
 0 0 1 1 1 1 0 0 0 0
 0 0 1 1 0 0 0 1 0 1
 0 1 1 0 0 1 0 0 1 0
 1 1 0 0 0 1 0 1 0 0
 1 0 0 0 0 1 0 1 0 1
 0 1 1 0 0 0 1 0 0 1
 0 0 1 1 0 0 1 0 0 1
 1 0 0 0 0 1 1 0 1 0
 1 1 1 0 0 0 0 1 0 0
 0 1 0 0 1 1 0 0 0 1
 0 0 0 0 1 1 0 0 1 1
 1 0 0 0 0 1 1 1 0 0
 0 0 0 1 0 1 0 1 0 1
 0 0 0 1 1 1 1 0 0 0
 0 0 0 1 1 0 1 1 0 0
 1 1 1 0 0 1 0 0 0 0
 0 1 0 0 1 0 0 0 1 1

Warwick 962: balanced products, 4 products per order
20 10
 0 1 1 1 1 0 0 0 0 0
 1 0 0 0 0 0 1 1 1 0
 0 1 1 0 0 0 1 0 1 0
 1 0 0 1 0 0 0 0 1 1
 0 0 1 1 0 0 1 0 1 0
 0 0 1 0 0 1 1 0 1 0
 0 1 0 1 0 1 0 0 0 1
 1 1 0 1 0 1 0 0 0 0
 0 0 1 1 1 0 0 0 0 1
 0 1 1 0 1 0 0 1 0 0
 1 0 0 0 0 1 1 0 0 1
 0 1 1 0 0 0 0 0 1 1
 0 0 1 0 0 1 1 0 1 0
 1 0 1 0 0 1 0 0 0 1
 0 0 0 1 0 0 0 1 1 1
 0 0 1 0 0 1 0 1 0 1
 1 1 0 0 1 0 0 1 0 0
 0 1 0 1 0 1 0 1 0 0
 0 0 0 0 0 1 1 1 0 1
 0 0 1 0 1 0 1 1 0 0

Warwick 963: balanced products, 4 products per order
20 10
 0 0 1 1 0 0 1 0 1 0
 1 0 1 0 0 0 1 0 1 0
 0 0 0 1 1 0 1 0 1 0
 1 0 0 0 1 0 0 1 1 0
 0 0 1 1 1 1 0 0 0 0
 0 0 0 1 0 1 1 0 0 1
 1 1 0 0 0 0 0 1 1 0
 1 1 1 0 0 0 0 1 0 0
 0 0 1 0 0 0 1 0 1 1
 0 0 1 0 1 0 0 0 1 1
 1 1 1 0 0 0 0 0 0 1
 0 1 0 0 1 0 1 0 1 0
 1 0 0 1 0 0 1 0 0 1
 1 0 0 0 1 1 1 0 0 0
 0 0 1 0 1 1 0 1 0 0
 1 1 0 0 0 1 0 0 0 1
 0 1 0 1 0 1 0 0 1 0
 0 1 0 0 1 0 0 1 0 1
 0 1 0 0 1 1 0 1 0 0
 1 0 0 0 1 1 0 1 0 0

Warwick 964: balanced products, 4 products per order
20 10
 1 0 1 1 0 0 0 0 1 0
 0 0 1 0 0 0 1 1 0 1
 1 0 0 0 0 1 1 1 0 0
 0 0 0 1 0 1 1 0 0 1
 0 1 0 0 0 1 1 1 0 0
 1 0 0 1 0 0 1 0 1 0
 0 1 0 1 0 1 1 0 0 0
 0 1 0 0 1 0 0 1 1 0
 1 1 0 0 1 1 0 0 0 0
 0 1 0 0 0 1 1 0 0 1
 0 1 0 1 0 0 1 0 0 1
 1 0 0 1 0 0 1 1 0 0
 0 0 0 0 0 1 1 1 0 1
 1 1 0 0 0 1 1 0 0 0
 1 1 0 0 1 0 1 0 0 0
 1 0 0 1 0 1 0 0 0 1
 1 0 0 1 1 0 0 0 1 0
 0 0 1 1 0 0 0 1 0 1
 0 1 0 0 0 1 0 1 0 1
 0 1 0 1 0 1 0 1 0 0

Warwick 965: balanced products, 4 products per order
20 10
 1 0 1 0 1 1 0 0 0 0
 0 1 0 0 1 0 0 1 0 1
 1 1 0 0 0 0 0 1 1 0
 0 0 1 1 0 0 1 1 0 0
 0 0 1 0 1 0 1 0 0 1
 1 0 1 0 1 0 0 1 0 0
 0 0 1 0 0 0 1 1 0 1
 1 0 0 0 0 1 1 0 1 0
 0 0 0 0 0 1 1 1 0 1
 0 1 1 0 0 0 0 0 1 1
 0 1 1 0 0 0 0 1 0 1
 1 1 1 0 0 0 0 0 0 1
 1 0 0 1 0 0 1 0 0 1
 1 0 1 0 0 1 0 0 0 1
 0 0 0 1 1 1 0 0 1 0
 1 0 0 1 0 0 1 0 0 1
 0 1 0 0 1 1 1 0 0 0
 0 0 1 1 0 1 0 0 0 1
 1 0 0 0 1 0 1 1 0 0
 1 0 0 1 0 1 0 0 0 1

Warwick 966: balanced products, 4 products per order
20 10
 1 1 0 0 0 1 0 1 0 0
 0 0 0 0 1 0 0 1 1 1
 0 1 1 0 0 0 0 1 0 1
 0 1 0 1 0 0 1 0 1 0
 1 0 1 0 0 1 0 0 1 0
 0 0 1 0 1 0 0 1 0 1
 0 0 0 1 1 0 0 1 0 1
 1 0 1 1 0 0 1 0 0 0
 0 1 0 0 1 0 0 1 0 1
 0 0 0 1 0 1 1 0 1 0
 0 1 0 0 1 1 0 0 1 0
 1 0 0 0 0 1 0 1 1 0
 0 0 0 0 1 0 0 1 1 1
 0 1 1 0 0 0 0 0 1 1
 0 0 1 1 1 0 0 0 1 0
 0 0 0 0 1 0 0 1 1 1
 0 0 0 0 1 1 0 0 1 1
 0 1 1 0 0 0 0 1 1 0
 0 0 1 0 1 1 0 1 0 0
 1 0 1 0 1 1 0 0 0 0

Warwick 967: balanced products, 4 products per order
20 10
 0 0 1 1 0 0 0 1 0 1
 1 0 0 1 1 0 0 0 0 1
 0 1 0 0 1 0 1 1 0 0
 1 0 0 1 0 0 0 1 0 1
 0 0 0 1 0 0 1 1 0 1
 0 0 0 1 1 1 1 0 0 0
 1 0 0 0 0 1 0 1 1 0
 1 0 0 1 0 0 0 0 1 1
 0 1 0 1 1 0 1 0 0 0
 0 1 1 1 0 0 0 1 0 0
 0 0 0 1 0 1 1 0 1 0
 1 0 1 0 0 0 0 0 1 1
 0 0 1 0 0 1 1 0 1 0
 1 1 0 0 0 0 1 1 0 0
 1 0 0 1 1 1 0 0 0 0
 0 1 1 0 0 1 0 1 0 0
 0 1 0 0 1 0 1 0 1 0
 1 1 1 0 0 0 1 0 0 0
 0 1 1 0 0 1 0 0 1 0
 1 1 0 0 0 0 1 0 1 0

Warwick 968: balanced products, 4 products per order
20 10
 0 0 1 0 1 0 1 0 1 0
 1 0 1 0 0 1 0 1 0 0
 1 0 0 0 1 0 0 0 1 1
 0 0 1 0 0 0 1 0 1 1
 0 1 1 0 0 0 0 1 0 1
 1 0 0 0 0 0 1 1 0 1
 0 1 1 1 0 0 0 1 0 0
 0 0 0 0 1 1 1 1 0 0
 0 0 0 1 0 0 1 1 1 0
 0 0 1 1 0 1 1 0 0 0
 1 0 1 0 0 1 0 0 0 1
 0 0 1 0 0 0 1 0 1 1
 0 0 0 1 0 1 1 0 0 1
 1 1 0 0 1 1 0 0 0 0
 0 0 0 0 1 1 0 1 1 0
 0 0 1 1 0 1 0 1 0 0
 0 0 1 0 0 1 0 0 1 1
 1 0 0 1 0 1 0 1 0 0
 0 1 0 1 0 0 0 1 0 1
 1 0 0 1 0 0 0 1 0 1

Warwick 969: balanced products, 4 products per order
20 10
 0 1 0 0 1 1 0 0 0 1
 0 0 1 0 0 0 0 1 1 1
 0 0 0 1 1 0 1 0 1 0
 0 1 0 0 0 1 0 1 1 0
 1 0 0 0 0 1 1 0 1 0
 1 0 0 1 0 1 1 0 0 0
 0 0 0 1 0 1 0 1 1 0
 0 0 0 0 1 1 1 0 1 0
 0 1 0 0 1 1 0 1 0 0
 0 1 1 1 0 0 1 0 0 0
 0 1 0 1 1 0 1 0 0 0
 0 0 1 1 0 0 0 1 0 1
 0 0 1 0 0 0 1 0 1 1
 0 0 1 0 0 1 1 1 0 0
 1 0 1 0 0 0 1 1 0 0
 0 0 0 0 1 1 1 0 1 0
 0 1 0 0 1 0 1 0 0 1
 1 1 0 0 0 0 1 0 0 1
 0 1 0 1 0 1 0 1 0 0
 1 0 1 0 0 0 1 0 0 1

Warwick 970: balanced products, 4 products per order
20 10
 1 1 0 1 0 0 0 0 1 0
 1 0 0 1 0 1 0 1 0 0
 1 0 0 0 0 0 0 1 1 1
 0 1 1 0 1 1 0 0 0 0
 1 1 0 1 0 1 0 0 0 0
 0 1 0 1 0 1 0 0 1 0
 1 0 1 0 1 0 0 0 0 1
 0 1 0 0 1 1 0 0 0 1
 0 1 1 0 0 0 1 0 1 0
 1 0 1 0 0 0 1 0 0 1
 1 0 1 0 0 0 0 1 1 0
 1 0 1 0 0 0 1 0 1 0
 1 1 0 0 0 0 1 1 0 0
 0 0 0 0 1 1 0 1 0 1
 0 0 0 0 1 0 1 0 1 1
 1 1 0 1 0 1 0 0 0 0
 1 0 1 0 0 0 0 1 0 1
 0 0 1 1 1 0 0 0 0 1
 1 0 0 0 1 0 1 0 1 0
 0 0 0 1 0 1 0 1 0 1

Warwick 971: balanced products, 5 products per order
20 10
 0 0 1 0 1 0 1 1 1 0
 1 1 0 0 1 0 1 1 0 0
 1 0 0 1 0 1 0 1 0 1
 0 1 1 1 0 1 1 0 0 0
 1 0 1 0 0 0 0 1 1 1
 1 0 1 0 0 0 0 1 1 1
 1 0 0 1 1 0 0 1 0 1
 1 1 1 0 1 0 1 0 0 0
 1 0 1 0 0 0 1 1 1 0
 0 0 0 0 0 1 1 1 1 1
 0 0 1 0 0 1 1 0 1 1
 1 0 1 1 0 0 1 1 0 0
 1 1 0 0 0 1 1 0 1 0
 1 1 1 0 0 0 0 1 0 1
 0 1 0 0 1 1 1 1 0 0
 0 0 0 1 1 1 1 0 1 0
 1 0 1 0 0 1 1 0 0 1
 0 0 1 1 1 1 1 0 0 0
 1 0 1 0 0 1 1 1 0 0
 1 1 1 1 0 1 0 0 0 0

Warwick 972: balanced products, 5 products per order
20 10
 0 1 0 0 1 1 1 1 0 0
 1 1 1 0 1 1 0 0 0 0
 1 1 0 0 1 1 0 0 1 0
 0 1 1 1 1 0 0 1 0 0
 1 1 0 0 0 1 1 0 0 1
 0 1 0 0 0 1 1 0 1 1
 0 1 0 0 0 0 1 1 1 1
 0 0 1 0 0 1 0 1 1 1
 0 0 1 1 1 1 0 1 0 0
 0 1 0 1 1 1 0 0 0 1
 0 1 0 1 0 1 0 1 1 0
 0 1 1 0 0 0 1 1 1 0
 1 0 1 1 0 1 0 0 0 1
 0 0 1 0 0 1 0 1 1 1
 1 1 0 0 1 1 0 1 0 0
 1 0 1 1 0 0 0 1 0 1
 1 0 0 1 1 1 1 0 0 0
 1 0 0 0 0 0 1 1 1 1
 0 1 0 0 1 1 0 0 1 1
 0 1 0 1 1 0 1 0 0 1

Warwick 973: balanced products, 5 products per order
20 10
 0 1 0 0 1 1 0 1 1 0
 1 0 1 1 0 0 0 1 0 1
 0 0 0 0 0 1 1 1 1 1
 0 0 1 1 1 0 1 0 0 1
 1 1 0 0 0 0 0 1 1 1
 1 0 0 0 1 1 1 0 0 1
 0 1 1 1 0 0 0 0 1 1
 1 0 1 0 1 0 1 0 0 1
 1 0 0 0 1 0 1 1 1 0
 0 1 0 0 1 1 1 0 1 0
 1 0 0 1 1 0 1 0 0 1
 1 0 1 0 0 1 1 0 0 1
 0 1 0 1 1 0 0 1 0 1
 1 0 0 1 1 0 1 1 0 0
 1 1 0 0 0 0 1 1 1 0
 0 0 1 0 1 1 1 0 0 1
 0 0 1 0 1 1 0 1 0 1
 1 0 1 0 1 1 0 0 0 1
 1 1 0 1 0 0 0 1 0 1
 1 0 0 1 0 1 0 1 1 0

Warwick 974: balanced products, 5 products per order
20 10
 1 1 0 0 1 0 0 0 1 1
 1 1 1 0 0 0 0 0 1 1
 0 1 1 0 0 1 0 1 0 1
 1 1 0 0 0 0 1 1 0 1
 1 1 1 0 0 1 0 0 1 0
 1 1 1 0 0 1 0 0 0 1
 1 0 1 0 1 0 0 1 0 1
 0 1 1 1 0 1 0 0 1 0
 1 1 0 1 0 0 1 1 0 0
 1 0 1 0 1 1 0 0 0 1
 1 1 1 1 0 1 0 0 0 0
 0 1 0 0 0 0 1 1 1 1
 1 0 1 0 0 0 1 1 0 1
 1 1 0 0 0 0 0 1 1 1
 1 1 0 1 1 0 0 0 0 1
 0 1 0 1 0 1 1 0 1 0
 1 1 1 1 0 0 0 0 1 0
 1 1 0 1 0 0 0 1 0 1
 0 1 1 1 0 1 0 0 0 1
 0 1 0 0 1 0 0 1 1 1

Warwick 975: balanced products, 5 products per order
20 10
 0 1 0 0 1 1 1 0 1 0
 1 1 1 0 1 0 0 1 0 0
 0 1 0 0 1 0 1 0 1 1
 1 0 1 0 1 0 0 1 0 1
 0 1 1 0 0 0 1 1 0 1
 0 1 1 0 1 0 1 1 0 0
 1 0 1 0 1 0 0 1 1 0
 1 0 0 1 1 0 1 0 1 0
 0 0 1 1 0 1 0 0 1 1
 0 0 0 0 0 1 1 1 1 1
 1 0 0 1 1 0 0 1 1 0
 0 1 0 0 1 1 1 0 1 0
 0 0 1 0 1 1 1 0 1 0
 1 1 1 0 0 0 0 1 0 1
 1 0 1 1 0 0 1 0 1 0
 0 1 0 1 1 1 0 0 1 0
 1 1 0 0 1 0 0 1 0 1
 1 0 1 0 0 1 1 1 0 0
 1 0 1 1 0 1 1 0 0 0
 0 1 0 0 0 1 0 1 1 1

Warwick 976: balanced products, 5 products per order
20 10
 1 1 0 0 1 0 1 0 1 0
 0 1 0 0 0 0 1 1 1 1
 1 0 1 1 0 0 0 1 1 0
 1 1 1 0 0 1 0 0 1 0
 0 1 0 0 1 0 0 1 1 1
 1 1 1 0 1 1 0 0 0 0
 1 0 0 1 1 0 0 1 0 1
 0 1 0 0 1 0 1 0 1 1
 1 1 0 0 1 1 1 0 0 0
 0 1 0 0 0 1 0 1 1 1
 0 0 0 1 1 0 1 0 1 1
 0 1 0 1 1 1 0 0 0 1
 0 1 1 1 1 0 1 0 0 0
 0 1 1 1 0 0 0 0 1 1
 0 1 0 0 0 1 0 1 1 1
 1 1 0 1 0 0 0 1 1 0
 0 1 1 0 1 0 0 1 1 0
 0 1 1 0 1 0 1 0 1 0
 0 1 1 1 0 0 1 0 1 0
 1 0 0 1 0 0 1 1 1 0

Warwick 977: balanced products, 5 products per order
20 10
 1 0 0 1 1 0 1 0 0 1
 0 1 1 0 0 1 0 0 1 1
 0 1 0 1 0 1 1 0 0 1
 1 0 1 0 1 0 0 0 1 1
 0 1 0 0 1 0 1 1 1 0
 0 0 0 1 1 1 0 0 1 1
 0 1 1 0 1 0 0 1 0 1
 0 1 1 1 1 0 0 0 0 1
 0 1 0 0 0 1 1 1 0 1
 1 1 1 0 1 0 1 0 0 0
 0 1 0 1 0 1 0 1 1 0
 0 0 1 1 1 0 0 1 0 1
 1 1 0 0 0 1 0 1 0 1
 0 1 0 0 0 1 0 1 1 1
 1 1 0 0 0 1 1 0 1 0
 0 1 0 1 0 1 1 0 0 1
 1 0 0 1 1 0 1 1 0 0
 1 1 0 1 0 0 1 0 0 1
 0 0 0 0 1 0 1 1 1 1
 0 1 0 0 1 1 1 0 1 0

Warwick 978: balanced products, 5 products per order
20 10
 1 0 1 1 0 1 0 0 1 0
 1 0 1 0 0 0 0 1 1 1
 0 0 0 1 1 1 0 1 1 0
 1 0 1 1 0 0 1 0 1 0
 1 0 1 0 0 1 0 1 1 0
 0 1 1 1 0 0 0 1 0 1
 1 1 0 1 0 0 1 1 0 0
 0 0 1 0 1 0 0 1 1 1
 0 1 0 0 0 1 1 0 1 1
 0 1 1 0 0 1 1 0 1 0
 1 1 1 0 0 0 1 1 0 0
 0 0 0 1 1 0 1 1 1 0
 1 0 1 0 1 0 0 1 0 1
 1 1 0 0 1 0 0 0 1 1
 0 0 1 0 1 1 0 1 1 0
 0 0 1 1 1 0 0 1 1 0
 0 0 1 1 0 1 0 1 1 0
 1 1 0 0 1 0 0 0 1 1
 1 1 0 0 1 0 0 1 1 0
 0 0 1 0 0 1 1 0 1 1

Warwick 979: balanced products, 5 products per order
20 10
 0 0 0 1 1 0 1 1 1 0
 0 0 0 1 0 1 1 1 1 0
 1 1 1 0 1 1 0 0 0 0
 0 1 1 0 0 1 1 0 1 0
 1 1 0 0 0 1 1 0 0 1
 0 0 0 1 1 0 1 0 1 1
 1 0 1 0 0 1 1 1 0 0
 0 1 1 0 1 0 0 1 0 1
 1 0 0 1 1 0 0 1 1 0
 0 1 0 1 0 1 1 0 0 1
 0 1 1 0 1 0 1 1 0 0
 1 1 0 1 0 0 0 1 1 0
 1 0 0 1 1 1 0 0 1 0
 0 0 1 0 0 1 1 0 1 1
 1 0 0 1 0 1 1 0 0 1
 1 1 0 1 0 0 1 0 1 0
 1 1 0 1 0 0 1 1 0 0
 1 1 0 1 1 0 0 0 1 0
 1 0 1 0 0 0 1 1 0 1
 0 0 0 1 0 1 1 1 1 0

Warwick 980: balanced products, 5 products per order
20 10
 0 0 1 1 1 1 0 0 0 1
 1 0 0 1 1 1 1 0 0 0
 1 1 0 0 0 1 0 0 1 1
 1 1 1 0 0 1 0 0 1 0
 0 0 1 1 1 1 1 0 0 0
 0 0 1 1 0 0 1 1 1 0
 0 0 0 0 1 1 1 1 0 1
 0 0 1 0 1 0 0 1 1 1
 1 0 1 0 1 0 1 0 1 0
 0 0 1 1 0 1 0 1 0 1
 0 0 1 0 1 1 1 0 0 1
 0 0 1 1 1 1 0 0 1 0
 1 1 0 1 0 1 0 0 0 1
 1 1 1 1 0 0 0 0 1 0
 1 1 1 0 0 0 0 1 0 1
 0 1 0 1 0 1 0 1 0 1
 0 0 1 1 1 1 0 0 1 0
 1 1 0 0 0 1 1 0 1 0
 0 1 0 1 1 1 0 1 0 0
 1 0 0 1 0 0 1 1 0 1

