Warwick 41: balanced products, 2 products per order
10 10
 0 1 0 1 0 0 0 0 0 0
 0 0 1 0 0 0 0 0 1 0
 0 0 0 0 0 0 1 0 1 0
 0 1 0 1 0 0 0 0 0 0
 0 0 1 0 0 1 0 0 0 0
 1 0 0 0 1 0 0 0 0 0
 0 0 0 0 0 1 0 1 0 0
 0 0 0 1 1 0 0 0 0 0
 0 0 1 0 0 0 0 0 0 1
 0 1 0 0 0 0 0 0 0 1

Warwick 42: balanced products, 2 products per order
10 10
 0 0 1 1 0 0 0 0 0 0
 0 0 0 0 0 0 1 0 0 1
 0 1 0 0 0 1 0 0 0 0
 0 0 0 0 0 0 1 0 1 0
 1 0 0 0 0 0 0 0 0 1
 0 1 0 0 0 0 1 0 0 0
 0 1 1 0 0 0 0 0 0 0
 0 0 1 0 1 0 0 0 0 0
 0 1 0 0 0 0 1 0 0 0
 1 0 0 0 0 0 0 1 0 0

Warwick 43: balanced products, 2 products per order
10 10
 0 1 1 0 0 0 0 0 0 0
 1 0 0 0 0 0 0 0 1 0
 0 1 0 1 0 0 0 0 0 0
 0 0 0 0 0 0 1 0 0 1
 0 0 0 1 0 0 0 1 0 0
 0 0 1 0 0 0 0 0 1 0
 0 0 0 0 0 1 1 0 0 0
 0 1 0 0 1 0 0 0 0 0
 0 0 0 0 0 0 1 0 0 1
 0 0 0 0 1 0 0 0 0 1

Warwick 44: balanced products, 2 products per order
10 10
 1 0 0 0 0 1 0 0 0 0
 1 0 0 1 0 0 0 0 0 0
 0 1 1 0 0 0 0 0 0 0
 0 0 0 0 1 1 0 0 0 0
 0 0 0 0 0 0 0 1 0 1
 0 0 0 0 0 0 1 0 1 0
 0 0 0 0 0 0 0 0 1 1
 1 1 0 0 0 0 0 0 0 0
 0 0 0 0 0 0 1 0 1 0
 0 0 1 0 0 0 0 0 1 0

Warwick 45: balanced products, 2 products per order
10 10
 1 0 0 1 0 0 0 0 0 0
 1 0 1 0 0 0 0 0 0 0
 0 0 0 0 1 0 1 0 0 0
 0 1 0 0 0 1 0 0 0 0
 1 1 0 0 0 0 0 0 0 0
 0 0 0 0 1 0 0 1 0 0
 0 0 1 0 0 0 0 0 1 0
 0 0 0 0 0 0 1 0 0 1
 0 1 0 0 0 1 0 0 0 0
 0 1 0 0 0 1 0 0 0 0

Warwick 46: balanced products, 2 products per order
10 10
 0 0 0 0 1 0 1 0 0 0
 0 0 0 1 0 0 0 0 1 0
 0 0 0 0 0 0 0 0 1 1
 1 0 0 0 0 1 0 0 0 0
 0 0 0 1 1 0 0 0 0 0
 0 0 0 0 0 1 0 0 0 1
 0 0 0 0 1 0 0 0 0 1
 0 0 1 0 0 1 0 0 0 0
 0 1 0 0 0 0 0 1 0 0
 0 0 0 1 0 0 0 1 0 0

Warwick 47: balanced products, 2 products per order
10 10
 0 0 1 1 0 0 0 0 0 0
 0 0 1 0 1 0 0 0 0 0
 0 0 0 0 0 1 0 1 0 0
 0 0 0 0 0 1 0 0 1 0
 0 0 0 0 1 0 1 0 0 0
 0 0 0 0 0 1 0 0 1 0
 1 1 0 0 0 0 0 0 0 0
 0 0 0 1 0 0 0 0 1 0
 1 0 0 0 0 0 0 0 0 1
 0 0 1 0 0 1 0 0 0 0

Warwick 48: balanced products, 2 products per order
10 10
 0 0 0 0 1 0 0 0 0 1
 1 0 0 0 0 0 1 0 0 0
 0 0 0 1 0 0 0 1 0 0
 1 0 0 0 0 1 0 0 0 0
 0 0 1 0 0 0 0 0 0 1
 0 0 1 0 0 0 0 0 1 0
 0 0 0 0 1 1 0 0 0 0
 1 0 0 0 1 0 0 0 0 0
 0 1 0 0 0 0 0 1 0 0
 0 0 1 0 1 0 0 0 0 0

Warwick 49: balanced products, 2 products per order
10 10
 0 0 1 0 0 0 0 0 1 0
 0 1 0 0 0 0 0 0 0 1
 0 0 0 0 0 1 0 1 0 0
 1 0 0 1 0 0 0 0 0 0
 0 0 1 0 0 0 0 0 0 1
 0 0 1 0 0 0 0 1 0 0
 0 0 0 0 1 0 0 0 0 1
 0 0 0 0 1 0 1 0 0 0
 0 0 0 1 0 1 0 0 0 0
 0 0 0 0 1 0 1 0 0 0

Warwick 50: balanced products, 2 products per order
10 10
 0 1 0 0 0 0 0 0 1 0
 0 0 0 1 0 0 1 0 0 0
 0 0 0 0 1 0 0 0 0 1
 0 0 1 0 0 1 0 0 0 0
 1 0 0 0 0 0 0 1 0 0
 0 0 1 1 0 0 0 0 0 0
 0 0 1 0 0 0 0 0 0 1
 0 0 0 0 0 0 0 1 1 0
 0 0 0 1 0 0 0 1 0 0
 1 0 0 0 0 0 0 0 1 0

Warwick 51: balanced products, 3 products per order
10 10
 0 1 1 0 0 0 0 0 1 0
 1 1 0 0 0 1 0 0 0 0
 0 1 0 1 0 0 1 0 0 0
 0 0 0 0 1 1 0 0 1 0
 1 0 1 0 0 0 0 1 0 0
 0 0 0 1 0 1 0 0 0 1
 0 0 1 0 1 0 1 0 0 0
 0 0 1 0 0 0 1 0 0 1
 0 1 0 1 0 0 0 0 1 0
 0 0 1 0 0 1 0 0 1 0

Warwick 52: balanced products, 3 products per order
10 10
 0 0 1 0 0 0 1 0 0 1
 1 1 0 0 0 0 1 0 0 0
 0 0 1 0 1 1 0 0 0 0
 1 0 0 0 1 0 0 0 1 0
 0 0 1 0 1 0 1 0 0 0
 1 0 0 0 1 0 0 1 0 0
 0 0 0 0 0 1 1 1 0 0
 1 0 0 0 1 0 1 0 0 0
 0 0 1 0 0 0 0 1 0 1
 0 0 0 1 0 0 0 0 1 1

Warwick 53: balanced products, 3 products per order
10 10
 0 1 0 1 0 1 0 0 0 0
 0 0 0 0 0 1 1 0 1 0
 0 0 0 0 0 0 1 0 1 1
 0 0 1 0 0 0 1 0 0 1
 1 1 0 0 0 0 0 0 0 1
 1 0 0 1 0 0 0 0 0 1
 0 0 0 0 1 0 0 1 0 1
 0 1 1 0 0 0 0 0 0 1
 1 0 0 0 1 0 0 1 0 0
 0 0 0 1 1 0 1 0 0 0

Warwick 54: balanced products, 3 products per order
10 10
 0 1 0 0 0 0 0 1 0 1
 1 0 1 0 0 0 1 0 0 0
 1 0 0 1 0 1 0 0 0 0
 0 0 1 0 0 0 0 1 0 1
 0 1 0 1 0 0 0 1 0 0
 0 0 0 0 0 1 0 1 1 0
 1 0 1 0 0 0 1 0 0 0
 1 1 0 0 1 0 0 0 0 0
 0 0 1 1 0 0 0 0 1 0
 0 1 1 0 0 0 1 0 0 0

Warwick 55: balanced products, 3 products per order
10 10
 0 0 0 0 0 0 1 1 1 0
 0 0 1 0 0 0 0 1 1 0
 1 0 1 0 0 0 0 0 0 1
 0 0 0 1 1 1 0 0 0 0
 0 0 1 0 1 1 0 0 0 0
 0 1 0 0 0 0 0 1 1 0
 0 0 1 0 1 0 0 1 0 0
 0 1 0 0 0 1 0 0 1 0
 0 0 0 0 0 1 1 1 0 0
 1 0 0 1 0 0 0 0 0 1

Warwick 56: balanced products, 3 products per order
10 10
 0 1 1 0 0 0 1 0 0 0
 0 1 0 0 0 1 0 0 0 1
 0 0 0 0 0 1 1 1 0 0
 1 0 0 0 0 1 1 0 0 0
 1 0 0 0 0 0 1 0 1 0
 0 0 1 0 0 1 0 0 1 0
 1 0 1 0 0 0 0 1 0 0
 0 0 1 0 1 0 0 1 0 0
 1 0 0 0 0 0 0 1 0 1
 0 0 0 1 0 0 0 1 0 1

Warwick 57: balanced products, 3 products per order
10 10
 0 0 0 0 1 1 0 0 0 1
 0 0 1 0 0 0 1 1 0 0
 0 0 0 0 0 0 1 0 1 1
 0 0 0 0 1 1 0 0 0 1
 1 0 0 1 0 0 0 0 1 0
 1 0 0 0 0 1 1 0 0 0
 0 1 0 0 0 0 0 1 1 0
 0 0 0 1 0 1 1 0 0 0
 0 0 1 0 1 0 0 0 1 0
 0 0 1 0 1 0 0 1 0 0

Warwick 58: balanced products, 3 products per order
10 10
 1 0 0 0 0 1 0 1 0 0
 0 0 0 0 1 1 0 1 0 0
 0 1 1 0 0 0 0 0 0 1
 0 0 1 0 0 1 0 1 0 0
 0 0 0 1 1 0 0 0 1 0
 0 1 0 0 0 0 1 0 1 0
 1 0 0 0 0 1 0 1 0 0
 0 0 1 0 1 0 0 0 1 0
 1 0 0 1 0 0 0 0 1 0
 0 1 0 1 0 0 1 0 0 0

Warwick 59: balanced products, 3 products per order
10 10
 0 0 1 0 0 0 0 1 1 0
 0 0 1 1 0 0 0 1 0 0
 1 0 1 0 1 0 0 0 0 0
 0 0 0 0 0 1 1 0 0 1
 0 1 0 0 1 1 0 0 0 0
 0 1 1 0 0 0 1 0 0 0
 0 0 1 0 1 0 0 0 0 1
 0 0 0 1 0 0 1 0 1 0
 0 0 1 0 0 1 0 0 0 1
 0 0 0 0 1 0 0 1 0 1

Warwick 60: balanced products, 3 products per order
10 10
 1 0 0 0 1 0 1 0 0 0
 1 0 0 1 0 0 1 0 0 0
 0 0 0 1 1 0 0 0 0 1
 0 0 1 0 1 0 0 0 0 1
 1 0 0 0 0 1 1 0 0 0
 0 0 1 0 0 1 0 0 1 0
 0 1 0 0 0 0 1 1 0 0
 1 0 0 1 0 0 0 0 1 0
 0 1 0 1 0 1 0 0 0 0
 0 0 0 0 1 0 1 1 0 0

Warwick 61: balanced products, 4 products per order
10 10
 0 1 0 1 0 1 1 0 0 0
 1 0 0 0 0 1 0 1 1 0
 1 1 0 0 0 0 1 0 0 1
 1 0 0 1 0 0 0 0 1 1
 1 0 0 0 1 0 0 1 0 1
 1 1 0 0 0 0 0 1 1 0
 0 1 1 0 0 0 0 0 1 1
 1 0 0 0 1 1 0 1 0 0
 1 0 0 0 0 0 1 1 1 0
 1 0 1 0 0 0 1 0 1 0

Warwick 62: balanced products, 4 products per order
10 10
 0 0 1 0 1 1 0 0 1 0
 0 0 0 0 0 1 1 0 1 1
 1 0 0 0 1 0 1 1 0 0
 1 0 1 1 0 1 0 0 0 0
 1 1 0 0 0 0 0 1 0 1
 0 1 0 0 0 0 1 0 1 1
 1 1 0 0 0 1 0 1 0 0
 1 1 0 0 0 0 0 0 1 1
 0 0 0 0 1 1 1 0 1 0
 0 1 0 0 0 1 1 0 0 1

Warwick 63: balanced products, 4 products per order
10 10
 0 0 1 1 0 0 1 0 0 1
 0 1 0 1 0 0 1 0 1 0
 1 0 1 0 1 0 1 0 0 0
 0 0 0 0 1 1 1 1 0 0
 1 0 1 0 1 0 0 0 0 1
 0 1 0 0 0 0 0 1 1 1
 1 0 0 1 1 0 0 0 1 0
 1 1 0 0 1 1 0 0 0 0
 1 1 0 0 0 0 1 1 0 0
 0 1 0 0 0 1 1 0 1 0

Warwick 64: balanced products, 4 products per order
10 10
 1 0 0 0 0 1 0 1 0 1
 1 0 0 0 0 1 1 0 0 1
 0 0 1 0 0 1 1 0 1 0
 0 0 0 1 0 1 1 0 1 0
 0 0 1 0 1 1 1 0 0 0
 0 1 0 0 1 1 0 0 0 1
 1 0 1 0 1 0 1 0 0 0
 0 0 0 1 1 1 1 0 0 0
 1 1 1 0 0 0 0 0 1 0
 1 0 1 1 0 0 1 0 0 0

Warwick 65: balanced products, 4 products per order
10 10
 0 0 0 0 0 0 1 1 1 1
 0 0 0 1 1 0 0 0 1 1
 1 1 0 0 0 1 1 0 0 0
 1 0 0 1 1 0 1 0 0 0
 0 0 0 1 1 0 0 1 0 1
 1 0 0 0 1 1 0 0 0 1
 1 0 0 1 0 1 0 0 1 0
 0 1 1 0 0 1 1 0 0 0
 0 0 0 1 0 1 1 0 1 0
 1 1 0 1 0 0 1 0 0 0

Warwick 66: balanced products, 4 products per order
10 10
 1 0 0 0 0 1 1 0 1 0
 0 0 0 0 1 1 0 0 1 1
 0 1 1 0 1 1 0 0 0 0
 1 0 0 0 1 0 1 1 0 0
 1 0 1 0 1 0 1 0 0 0
 0 0 1 0 1 0 0 0 1 1
 1 1 0 0 1 0 0 0 1 0
 0 0 1 1 0 1 0 0 1 0
 0 0 1 0 0 1 1 0 0 1
 0 1 1 1 0 0 0 0 0 1

Warwick 67: balanced products, 4 products per order
10 10
 1 1 0 1 0 1 0 0 0 0
 1 0 0 0 1 0 0 1 1 0
 1 1 0 0 0 0 0 1 1 0
 0 0 1 1 0 1 0 0 0 1
 0 1 0 0 0 0 1 1 0 1
 0 1 0 0 0 0 1 1 1 0
 0 1 0 0 0 0 1 1 1 0
 0 0 1 0 1 0 0 1 0 1
 1 0 1 0 0 0 1 1 0 0
 0 0 1 0 0 1 0 0 1 1

Warwick 68: balanced products, 4 products per order
10 10
 0 0 1 0 1 1 1 0 0 0
 1 1 0 0 1 0 0 0 0 1
 1 1 1 0 0 0 0 0 1 0
 0 0 1 0 1 1 0 0 0 1
 0 0 0 0 0 1 0 1 1 1
 1 0 0 0 1 1 1 0 0 0
 0 0 0 1 0 1 0 1 1 0
 0 1 0 0 1 0 0 0 1 1
 1 1 0 0 1 0 0 0 0 1
 1 0 1 0 0 1 0 1 0 0

Warwick 69: balanced products, 4 products per order
10 10
 0 0 0 1 1 0 1 1 0 0
 0 0 1 1 0 0 1 1 0 0
 1 0 0 1 1 0 0 0 1 0
 0 1 0 0 1 1 0 0 0 1
 0 1 0 0 1 1 1 0 0 0
 0 0 1 0 0 0 0 1 1 1
 1 1 1 0 0 0 1 0 0 0
 0 0 1 0 1 0 1 0 1 0
 1 0 0 0 0 0 1 1 0 1
 1 0 1 0 0 1 0 0 0 1

Warwick 70: balanced products, 4 products per order
10 10
 0 0 0 0 1 0 1 0 1 1
 0 0 1 1 1 0 0 0 1 0
 1 0 0 1 0 1 0 0 1 0
 1 0 1 0 0 0 1 0 1 0
 0 1 1 0 0 0 1 1 0 0
 0 0 1 1 1 0 1 0 0 0
 1 0 1 0 1 0 0 0 0 1
 0 1 1 0 0 1 0 0 0 1
 1 0 1 0 0 0 0 1 1 0
 0 0 1 0 1 0 1 0 0 1

Warwick 71: balanced products, 5 products per order
10 10
 0 1 1 1 1 0 0 0 0 1
 1 1 0 1 0 0 1 0 0 1
 1 1 0 1 0 0 0 1 0 1
 0 1 1 0 1 0 0 1 1 0
 0 0 0 0 1 0 1 1 1 1
 0 0 1 1 0 1 1 1 0 0
 0 1 1 1 0 0 1 1 0 0
 1 0 0 1 0 0 0 1 1 1
 1 0 0 0 1 1 1 1 0 0
 1 1 1 0 0 0 1 1 0 0

Warwick 72: balanced products, 5 products per order
10 10
 1 0 1 0 1 1 0 0 1 0
 0 1 1 0 0 1 0 1 0 1
 0 1 0 0 1 1 0 1 1 0
 1 1 1 0 0 0 0 1 1 0
 0 1 1 1 0 1 0 0 1 0
 0 0 1 1 0 0 1 1 1 0
 1 0 1 0 1 0 1 0 1 0
 1 0 0 1 0 1 0 1 1 0
 0 1 0 1 0 0 1 1 1 0
 0 1 1 0 1 0 0 1 1 0

Warwick 73: balanced products, 5 products per order
10 10
 0 1 0 1 0 0 1 0 1 1
 0 1 0 0 1 1 1 0 1 0
 1 1 1 0 1 0 1 0 0 0
 0 0 1 1 1 0 1 0 0 1
 1 1 1 0 1 0 0 0 0 1
 1 0 1 0 0 1 0 0 1 1
 0 0 1 0 1 1 0 0 1 1
 1 0 0 0 1 1 0 1 0 1
 0 1 0 0 0 1 0 1 1 1
 0 0 0 0 0 1 1 1 1 1

Warwick 74: balanced products, 5 products per order
10 10
 0 0 1 0 1 0 0 1 1 1
 0 0 0 1 1 1 1 1 0 0
 1 1 0 1 0 1 0 0 0 1
 1 0 0 1 1 1 0 1 0 0
 0 1 0 1 0 1 0 1 0 1
 0 1 0 1 0 0 1 1 1 0
 1 1 0 0 0 0 1 1 1 0
 1 0 0 0 1 1 1 1 0 0
 0 1 0 1 1 0 1 0 1 0
 1 1 0 0 1 1 1 0 0 0

Warwick 75: balanced products, 5 products per order
10 10
 1 0 1 0 1 1 1 0 0 0
 1 1 1 0 0 0 0 0 1 1
 0 1 0 1 1 0 0 0 1 1
 1 0 0 0 1 0 1 0 1 1
 0 0 0 0 0 1 1 1 1 1
 1 1 0 1 0 0 0 1 0 1
 0 0 0 0 1 1 1 0 1 1
 0 0 1 1 0 0 1 0 1 1
 0 1 0 1 1 0 1 1 0 0
 0 0 0 0 1 1 1 1 0 1

Warwick 76: balanced products, 5 products per order
10 10
 0 1 0 0 0 1 1 1 0 1
 1 1 0 1 1 1 0 0 0 0
 0 0 1 1 1 0 1 1 0 0
 1 1 0 0 0 1 1 0 1 0
 1 0 0 0 0 1 1 1 1 0
 1 0 1 0 0 1 1 0 0 1
 1 0 1 0 0 1 1 0 1 0
 0 1 0 1 1 0 0 1 1 0
 0 0 1 1 1 1 0 0 0 1
 1 1 1 0 1 0 0 1 0 0

Warwick 77: balanced products, 5 products per order
10 10
 0 0 1 0 0 1 1 0 1 1
 1 1 0 0 1 1 1 0 0 0
 1 1 1 0 0 0 1 0 1 0
 0 1 1 0 1 0 0 1 1 0
 1 0 0 1 1 1 0 0 1 0
 1 1 0 0 0 0 1 0 1 1
 0 1 0 1 1 0 0 0 1 1
 1 0 0 1 0 1 1 1 0 0
 0 0 0 0 1 1 1 0 1 1
 1 1 1 0 1 0 0 0 1 0

Warwick 78: balanced products, 5 products per order
10 10
 1 0 1 0 0 0 0 1 1 1
 0 1 1 0 0 0 1 0 1 1
 0 1 1 1 1 0 1 0 0 0
 0 0 0 1 1 1 0 1 0 1
 1 0 1 0 1 0 1 0 0 1
 0 1 1 1 0 0 0 1 1 0
 1 0 1 1 0 1 0 0 1 0
 0 1 1 1 1 0 0 0 0 1
 0 0 1 0 1 1 1 1 0 0
 0 0 0 0 1 1 0 1 1 1

Warwick 79: balanced products, 5 products per order
10 10
 0 1 1 1 0 0 0 1 1 0
 1 0 1 0 0 1 0 1 0 1
 1 1 0 1 0 0 1 1 0 0
 0 0 1 0 0 1 1 1 0 1
 0 1 1 1 1 0 1 0 0 0
 0 1 0 1 0 0 1 1 1 0
 1 0 0 1 0 1 0 0 1 1
 0 0 0 0 1 0 1 1 1 1
 0 0 1 0 1 0 1 1 0 1
 1 0 0 1 0 1 0 1 1 0

Warwick 80: balanced products, 5 products per order
10 10
 0 0 0 1 0 0 1 1 1 1
 0 0 0 0 1 0 1 1 1 1
 0 1 1 0 1 1 1 0 0 0
 0 1 0 0 0 1 0 1 1 1
 1 1 0 0 0 1 1 1 0 0
 0 0 0 1 0 1 1 1 0 1
 0 1 0 1 1 0 1 0 1 0
 0 0 0 0 1 0 1 1 1 1
 0 1 0 0 1 1 0 1 0 1
 0 0 1 1 1 0 1 0 0 1

