Solving by Brute Force...
buffer: HS problem 551 size 20 10 density  0.20
numCustomers: 20
numProducts: 10
0 0 0 0 0 0 0 0 0 1 
0 0 0 0 0 0 0 0 1 0 
1 0 0 0 1 0 1 0 1 0 
1 0 0 1 1 0 1 1 1 0 
1 0 0 0 0 0 0 0 0 0 
0 0 1 0 1 0 0 0 0 0 
1 0 1 1 0 0 0 0 0 0 
0 0 1 0 0 1 0 0 0 0 
0 0 0 0 0 1 1 0 0 1 
0 0 0 0 1 0 0 0 1 1 
0 0 0 0 0 0 0 1 0 0 
0 0 1 0 0 0 0 1 0 0 
0 0 0 0 0 1 0 0 0 0 
0 0 0 0 0 0 0 1 0 0 
1 0 0 0 0 0 0 0 0 1 
1 0 0 0 0 0 1 0 0 0 
0 0 0 0 1 0 0 0 0 0 
0 0 0 0 1 0 0 0 1 0 
1 0 0 1 0 1 1 0 0 0 
0 1 1 0 0 1 0 0 0 0 
numSequences: 3628800
minStacks: 9
Best sequence:
9 6 0 5 3 2 1 4 7 8 
1 0 0 0 0 0 0 0 0 0 
0 0 0 0 0 0 0 0 0 1 
0 1 1 0 0 0 0 1 0 1 
0 1 1 0 1 0 0 1 1 1 
0 0 1 0 0 0 0 0 0 0 
0 0 0 0 0 1 0 1 0 0 
0 0 1 0 1 1 0 0 0 0 
0 0 0 1 0 1 0 0 0 0 
1 1 0 1 0 0 0 0 0 0 
1 0 0 0 0 0 0 1 0 1 
0 0 0 0 0 0 0 0 1 0 
0 0 0 0 0 1 0 0 1 0 
0 0 0 1 0 0 0 0 0 0 
0 0 0 0 0 0 0 0 1 0 
1 0 1 0 0 0 0 0 0 0 
0 1 1 0 0 0 0 0 0 0 
0 0 0 0 0 0 0 1 0 0 
0 0 0 0 0 0 0 1 0 1 
0 1 1 1 1 0 0 0 0 0 
0 0 0 1 0 1 1 0 0 0 
Open stacks: 9
Took 9.13 seconds

buffer: HS problem 552 size 20 10 density  0.20
numCustomers: 20
numProducts: 10
0 0 0 0 0 0 0 1 0 0 
0 0 0 0 0 0 0 0 0 1 
0 0 0 0 0 0 0 1 0 0 
0 0 0 0 1 0 0 0 0 1 
0 1 1 0 0 0 0 0 0 0 
0 1 0 1 0 0 0 0 0 0 
0 1 0 0 0 0 0 0 0 0 
0 0 1 0 0 0 0 1 0 0 
1 0 0 0 0 1 1 0 0 0 
1 0 0 0 1 1 0 1 0 0 
1 0 0 1 1 0 0 0 0 0 
1 1 0 0 1 0 1 0 1 0 
0 0 0 0 1 0 1 0 1 1 
1 0 0 0 0 1 0 0 1 1 
0 0 1 0 0 0 0 0 0 0 
0 0 0 0 0 1 0 0 0 1 
1 0 0 0 0 1 0 0 0 0 
0 0 1 0 0 0 0 1 0 0 
0 0 0 0 1 0 0 1 0 0 
1 1 0 0 0 0 0 0 0 1 
numSequences: 3628800
minStacks: 9
Best sequence:
9 6 5 0 3 4 1 2 7 8 
0 0 0 0 0 0 0 0 1 0 
1 0 0 0 0 0 0 0 0 0 
0 0 0 0 0 0 0 0 1 0 
1 0 0 0 0 1 0 0 0 0 
0 0 0 0 0 0 1 1 0 0 
0 0 0 0 1 0 1 0 0 0 
0 0 0 0 0 0 1 0 0 0 
0 0 0 0 0 0 0 1 1 0 
0 1 1 1 0 0 0 0 0 0 
0 0 1 1 0 1 0 0 1 0 
0 0 0 1 1 1 0 0 0 0 
0 1 0 1 0 1 1 0 0 1 
1 1 0 0 0 1 0 0 0 1 
1 0 1 1 0 0 0 0 0 1 
0 0 0 0 0 0 0 1 0 0 
1 0 1 0 0 0 0 0 0 0 
0 0 1 1 0 0 0 0 0 0 
0 0 0 0 0 0 0 1 1 0 
0 0 0 0 0 1 0 0 1 0 
1 0 0 1 0 0 1 0 0 0 
Open stacks: 9
Took 8.25 seconds

buffer: HS problem 553 size 20 10 density  0.20
numCustomers: 20
numProducts: 10
0 0 0 0 0 0 1 0 0 0 
0 0 1 0 1 0 0 0 0 0 
0 0 0 0 1 0 0 0 1 1 
0 1 0 0 0 0 0 0 1 0 
0 1 0 1 0 0 0 0 1 0 
1 1 0 0 0 0 1 0 0 0 
0 0 0 0 0 0 0 1 0 0 
0 0 0 0 1 0 0 1 0 0 
0 1 0 0 0 0 0 1 0 1 
0 0 0 0 0 1 0 1 0 0 
0 0 0 1 1 0 0 1 0 0 
0 0 0 1 0 0 1 0 0 0 
0 0 0 0 0 0 0 1 0 0 
0 1 0 0 1 0 0 1 0 1 
0 0 0 0 0 0 0 1 0 0 
0 1 0 0 0 0 0 0 0 0 
0 1 1 1 0 0 0 0 0 0 
0 0 0 1 0 0 0 0 0 1 
0 0 0 0 0 0 1 0 0 0 
0 1 0 0 0 0 0 0 0 0 
numSequences: 3628800
minStacks: 9
Best sequence:
7 9 4 2 3 0 5 6 1 8 
0 0 0 0 0 0 0 1 0 0 
0 0 1 1 0 0 0 0 0 0 
0 1 1 0 0 0 0 0 0 1 
0 0 0 0 0 0 0 0 1 1 
0 0 0 0 1 0 0 0 1 1 
0 0 0 0 0 1 0 1 1 0 
1 0 0 0 0 0 0 0 0 0 
1 0 1 0 0 0 0 0 0 0 
1 1 0 0 0 0 0 0 1 0 
1 0 0 0 0 0 1 0 0 0 
1 0 1 0 1 0 0 0 0 0 
0 0 0 0 1 0 0 1 0 0 
1 0 0 0 0 0 0 0 0 0 
1 1 1 0 0 0 0 0 1 0 
1 0 0 0 0 0 0 0 0 0 
0 0 0 0 0 0 0 0 1 0 
0 0 0 1 1 0 0 0 1 0 
0 1 0 0 1 0 0 0 0 0 
0 0 0 0 0 0 0 1 0 0 
0 0 0 0 0 0 0 0 1 0 
Open stacks: 9
Took 8.24 seconds

buffer: HS problem 554 size 20 10 density  0.20
numCustomers: 20
numProducts: 10
0 0 0 0 1 0 0 0 1 0 
1 0 0 0 0 0 0 0 0 0 
0 1 0 0 0 1 0 0 0 0 
0 0 0 0 1 0 0 0 0 1 
0 0 0 0 0 0 0 0 1 1 
1 0 0 0 1 0 1 0 1 1 
0 1 0 0 0 0 0 0 0 1 
0 0 1 0 0 0 0 0 0 0 
0 0 0 0 0 1 0 0 1 1 
0 1 0 0 0 0 0 0 1 0 
0 1 0 0 0 0 0 0 0 1 
0 0 1 1 0 0 0 0 0 0 
0 0 1 1 0 1 0 0 0 0 
0 1 0 0 1 0 1 1 0 1 
1 0 0 0 1 0 1 0 0 0 
0 0 0 0 0 1 0 0 0 0 
0 0 0 0 0 0 0 0 1 0 
1 0 0 0 0 0 0 1 0 0 
1 0 0 0 0 0 0 0 0 1 
0 0 0 0 0 0 1 0 0 0 
numSequences: 3628800
minStacks: 9
Best sequence:
7 0 9 6 4 1 2 5 3 8 
0 0 0 0 1 0 0 0 0 1 
0 1 0 0 0 0 0 0 0 0 
0 0 0 0 0 1 0 1 0 0 
0 0 1 0 1 0 0 0 0 0 
0 0 1 0 0 0 0 0 0 1 
0 1 1 1 1 0 0 0 0 1 
0 0 1 0 0 1 0 0 0 0 
0 0 0 0 0 0 1 0 0 0 
0 0 1 0 0 0 0 1 0 1 
0 0 0 0 0 1 0 0 0 1 
0 0 1 0 0 1 0 0 0 0 
0 0 0 0 0 0 1 0 1 0 
0 0 0 0 0 0 1 1 1 0 
1 0 1 1 1 1 0 0 0 0 
0 1 0 1 1 0 0 0 0 0 
0 0 0 0 0 0 0 1 0 0 
0 0 0 0 0 0 0 0 0 1 
1 1 0 0 0 0 0 0 0 0 
0 1 1 0 0 0 0 0 0 0 
0 0 0 1 0 0 0 0 0 0 
Open stacks: 9
Took 8.24 seconds

buffer: HS problem 555 size 20 10 density  0.20
numCustomers: 20
numProducts: 10
0 0 0 0 0 1 1 0 0 0 
0 0 1 1 0 0 0 0 0 1 
0 0 0 0 0 1 0 0 0 0 
0 0 0 0 1 0 0 0 0 1 
0 0 0 0 0 1 0 1 0 0 
0 0 0 0 0 0 0 1 0 1 
0 0 0 0 0 1 0 0 0 0 
1 0 0 1 0 0 0 0 1 0 
1 0 1 0 0 0 0 1 0 0 
1 0 0 1 0 0 0 0 0 0 
0 0 1 1 0 0 1 1 0 1 
0 0 0 0 0 0 0 1 1 0 
0 0 0 1 0 0 0 0 0 0 
1 0 0 1 0 0 0 0 0 0 
0 0 0 1 0 0 0 0 1 0 
1 0 0 0 0 0 0 0 0 0 
0 0 0 0 0 0 1 0 0 1 
1 0 0 0 0 0 0 0 0 0 
1 1 0 0 0 0 1 0 0 0 
0 0 1 0 0 1 0 0 0 1 
numSequences: 3628800
minStacks: 9
Best sequence:
9 4 5 7 8 1 2 6 3 0 
0 0 1 0 0 0 0 1 0 0 
1 0 0 0 0 0 1 0 1 0 
0 0 1 0 0 0 0 0 0 0 
1 1 0 0 0 0 0 0 0 0 
0 0 1 1 0 0 0 0 0 0 
1 0 0 1 0 0 0 0 0 0 
0 0 1 0 0 0 0 0 0 0 
0 0 0 0 1 0 0 0 1 1 
0 0 0 1 0 0 1 0 0 1 
0 0 0 0 0 0 0 0 1 1 
1 0 0 1 0 0 1 1 1 0 
0 0 0 1 1 0 0 0 0 0 
0 0 0 0 0 0 0 0 1 0 
0 0 0 0 0 0 0 0 1 1 
0 0 0 0 1 0 0 0 1 0 
0 0 0 0 0 0 0 0 0 1 
1 0 0 0 0 0 0 1 0 0 
0 0 0 0 0 0 0 0 0 1 
0 0 0 0 0 1 0 1 0 1 
1 0 1 0 0 0 1 0 0 0 
Open stacks: 9
Took 8.24 seconds

buffer: HS problem 556 size 20 10 density  0.20
numCustomers: 20
numProducts: 10
0 0 0 1 0 0 0 0 0 0 
0 0 0 0 1 0 1 0 0 0 
1 0 0 0 1 0 0 0 0 0 
1 0 0 0 1 0 1 0 0 0 
0 1 1 0 0 1 0 0 0 0 
0 0 1 0 1 0 0 0 0 1 
0 0 0 0 0 1 0 1 0 0 
0 0 0 0 0 1 0 0 0 0 
0 0 0 0 0 0 0 0 1 1 
0 0 0 0 0 1 0 1 0 0 
0 0 0 1 0 0 0 0 0 0 
0 0 0 1 0 1 0 0 0 1 
0 1 1 0 0 0 0 1 1 0 
0 0 0 0 0 0 1 0 0 0 
1 0 1 1 0 0 0 0 0 0 
0 0 0 0 0 0 1 0 1 0 
0 0 0 1 0 1 0 0 0 0 
1 0 0 0 0 1 0 1 0 0 
0 1 0 0 1 0 0 0 0 0 
1 0 0 0 0 0 0 1 0 0 
numSequences: 3628800
minStacks: 8
Best sequence:
9 8 6 4 2 1 0 7 5 3 
0 0 0 0 0 0 0 0 0 1 
0 0 1 1 0 0 0 0 0 0 
0 0 0 1 0 0 1 0 0 0 
0 0 1 1 0 0 1 0 0 0 
0 0 0 0 1 1 0 0 1 0 
1 0 0 1 1 0 0 0 0 0 
0 0 0 0 0 0 0 1 1 0 
0 0 0 0 0 0 0 0 1 0 
1 1 0 0 0 0 0 0 0 0 
0 0 0 0 0 0 0 1 1 0 
0 0 0 0 0 0 0 0 0 1 
1 0 0 0 0 0 0 0 1 1 
0 1 0 0 1 1 0 1 0 0 
0 0 1 0 0 0 0 0 0 0 
0 0 0 0 1 0 1 0 0 1 
0 1 1 0 0 0 0 0 0 0 
0 0 0 0 0 0 0 0 1 1 
0 0 0 0 0 0 1 1 1 0 
0 0 0 1 0 1 0 0 0 0 
0 0 0 0 0 0 1 1 0 0 
Open stacks: 8
Took 8.23 seconds

buffer: HS problem 557 size 20 10 density  0.20
numCustomers: 20
numProducts: 10
0 1 0 0 1 0 0 0 0 0 
1 1 1 1 0 0 0 0 1 1 
0 1 0 0 1 0 0 0 0 0 
0 1 0 0 0 0 0 0 0 0 
0 0 1 0 0 0 1 0 1 0 
0 0 0 1 1 1 0 0 0 1 
0 0 0 1 0 1 1 1 0 1 
1 0 0 0 1 0 0 1 0 0 
0 1 0 0 0 0 1 0 0 1 
0 0 0 0 1 1 1 0 1 0 
1 0 0 0 0 0 0 0 0 1 
0 0 0 1 0 0 0 0 0 0 
0 0 0 0 1 0 0 0 1 0 
0 1 1 0 0 0 0 1 1 0 
0 0 1 0 0 0 0 0 1 0 
1 0 0 0 1 0 0 0 0 1 
0 0 0 0 0 0 0 0 1 0 
1 0 0 0 1 0 0 0 0 0 
1 1 0 0 0 0 0 0 0 0 
1 0 0 0 0 1 0 0 0 0 
numSequences: 3628800
minStacks: 12
Best sequence:
9 5 0 4 1 2 3 6 7 8 
0 0 0 1 1 0 0 0 0 0 
1 0 1 0 1 1 1 0 0 1 
0 0 0 1 1 0 0 0 0 0 
0 0 0 0 1 0 0 0 0 0 
0 0 0 0 0 1 0 1 0 1 
1 1 0 1 0 0 1 0 0 0 
1 1 0 0 0 0 1 1 1 0 
0 0 1 1 0 0 0 0 1 0 
1 0 0 0 1 0 0 1 0 0 
0 1 0 1 0 0 0 1 0 1 
1 0 1 0 0 0 0 0 0 0 
0 0 0 0 0 0 1 0 0 0 
0 0 0 1 0 0 0 0 0 1 
0 0 0 0 1 1 0 0 1 1 
0 0 0 0 0 1 0 0 0 1 
1 0 1 1 0 0 0 0 0 0 
0 0 0 0 0 0 0 0 0 1 
0 0 1 1 0 0 0 0 0 0 
0 0 1 0 1 0 0 0 0 0 
0 1 1 0 0 0 0 0 0 0 
Open stacks: 12
Took 8.27 seconds

buffer: HS problem 558 size 20 10 density  0.20
numCustomers: 20
numProducts: 10
0 0 0 1 1 0 0 0 0 0 
0 0 0 1 0 0 1 0 1 0 
0 0 0 0 0 0 0 0 1 0 
0 0 0 0 0 0 0 0 1 0 
0 0 0 0 0 0 1 1 0 1 
0 1 1 0 0 0 1 0 0 0 
0 0 0 1 1 0 1 1 0 0 
0 1 0 0 0 0 0 0 0 0 
0 0 0 1 0 0 0 1 0 1 
0 0 0 0 1 0 0 0 1 0 
1 0 0 1 0 0 0 0 0 0 
0 0 1 0 0 0 1 0 1 0 
0 0 1 1 0 0 0 0 1 0 
1 1 0 0 1 0 0 0 0 0 
0 0 1 0 0 0 0 0 1 0 
0 1 0 0 0 1 1 0 0 1 
0 0 0 0 0 0 1 0 0 0 
1 1 0 0 1 0 0 1 0 1 
0 0 0 0 1 1 0 0 1 0 
0 0 1 0 0 0 0 1 1 0 
numSequences: 3628800
minStacks: 11
Best sequence:
9 7 6 3 0 1 2 5 4 8 
0 0 0 1 0 0 0 0 1 0 
0 0 1 1 0 0 0 0 0 1 
0 0 0 0 0 0 0 0 0 1 
0 0 0 0 0 0 0 0 0 1 
1 1 1 0 0 0 0 0 0 0 
0 0 1 0 0 1 1 0 0 0 
0 1 1 1 0 0 0 0 1 0 
0 0 0 0 0 1 0 0 0 0 
1 1 0 1 0 0 0 0 0 0 
0 0 0 0 0 0 0 0 1 1 
0 0 0 1 1 0 0 0 0 0 
0 0 1 0 0 0 1 0 0 1 
0 0 0 1 0 0 1 0 0 1 
0 0 0 0 1 1 0 0 1 0 
0 0 0 0 0 0 1 0 0 1 
1 0 1 0 0 1 0 1 0 0 
0 0 1 0 0 0 0 0 0 0 
1 1 0 0 1 1 0 0 1 0 
0 0 0 0 0 0 0 1 1 1 
0 1 0 0 0 0 1 0 0 1 
Open stacks: 11
Took 8.26 seconds

buffer: HS problem 559 size 20 10 density  0.20
numCustomers: 20
numProducts: 10
1 0 0 1 0 0 1 1 0 0 
0 0 0 0 0 0 0 1 0 0 
1 0 0 0 0 0 0 0 1 0 
1 0 0 0 0 0 0 0 0 1 
0 0 0 0 0 1 0 1 0 1 
0 0 0 0 1 0 0 0 0 0 
0 1 0 1 0 0 0 0 0 0 
0 0 0 1 0 1 0 0 0 0 
0 0 0 1 0 1 0 0 0 0 
0 0 0 1 0 0 0 0 0 0 
1 0 0 1 0 0 0 0 0 0 
0 0 0 0 1 0 1 0 0 0 
0 0 0 0 1 1 0 0 0 0 
0 0 0 0 0 1 1 0 0 0 
0 0 1 1 0 0 1 0 0 1 
0 0 1 0 0 1 1 0 0 0 
0 0 1 0 1 1 0 0 0 0 
0 0 1 0 0 1 0 0 0 0 
0 0 0 0 0 0 0 1 0 0 
1 0 0 0 0 1 0 1 0 0 
numSequences: 3628800
minStacks: 10
Best sequence:
9 8 7 0 3 6 1 2 5 4 
0 0 1 1 1 1 0 0 0 0 
0 0 1 0 0 0 0 0 0 0 
0 1 0 1 0 0 0 0 0 0 
1 0 0 1 0 0 0 0 0 0 
1 0 1 0 0 0 0 0 1 0 
0 0 0 0 0 0 0 0 0 1 
0 0 0 0 1 0 1 0 0 0 
0 0 0 0 1 0 0 0 1 0 
0 0 0 0 1 0 0 0 1 0 
0 0 0 0 1 0 0 0 0 0 
0 0 0 1 1 0 0 0 0 0 
0 0 0 0 0 1 0 0 0 1 
0 0 0 0 0 0 0 0 1 1 
0 0 0 0 0 1 0 0 1 0 
1 0 0 0 1 1 0 1 0 0 
0 0 0 0 0 1 0 1 1 0 
0 0 0 0 0 0 0 1 1 1 
0 0 0 0 0 0 0 1 1 0 
0 0 1 0 0 0 0 0 0 0 
0 0 1 1 0 0 0 0 1 0 
Open stacks: 10
Took 8.24 seconds

buffer: HS problem 560 size 20 10 density  0.20
numCustomers: 20
numProducts: 10
1 0 0 0 0 0 0 0 0 1 
0 0 1 1 0 1 1 0 0 1 
1 1 0 0 0 0 1 0 0 1 
0 0 0 0 1 0 0 0 0 0 
0 0 1 0 1 0 0 1 0 0 
0 1 0 0 0 0 0 0 0 0 
0 0 1 0 0 0 0 0 1 0 
0 0 0 0 0 0 1 0 1 0 
0 0 1 0 0 1 0 1 0 1 
1 0 0 1 0 0 1 0 1 1 
0 0 1 0 0 0 0 0 0 0 
0 1 0 0 0 1 1 0 0 0 
0 0 0 0 1 1 0 0 0 0 
0 0 0 0 0 0 0 1 0 0 
0 1 0 0 0 0 0 0 1 0 
0 1 0 0 0 0 0 0 0 0 
0 0 0 0 0 1 0 0 0 1 
0 0 0 1 0 0 0 0 0 0 
0 0 1 0 0 0 0 0 0 0 
0 1 0 0 1 0 0 0 0 1 
numSequences: 3628800
minStacks: 9
Best sequence:
1 9 0 6 5 3 4 2 7 8 
0 1 1 0 0 0 0 0 0 0 
0 1 0 1 1 1 0 1 0 0 
1 1 1 1 0 0 0 0 0 0 
0 0 0 0 0 0 1 0 0 0 
0 0 0 0 0 0 1 1 1 0 
1 0 0 0 0 0 0 0 0 0 
0 0 0 0 0 0 0 1 0 1 
0 0 0 1 0 0 0 0 0 1 
0 1 0 0 1 0 0 1 1 0 
0 1 1 1 0 1 0 0 0 1 
0 0 0 0 0 0 0 1 0 0 
1 0 0 1 1 0 0 0 0 0 
0 0 0 0 1 0 1 0 0 0 
0 0 0 0 0 0 0 0 1 0 
1 0 0 0 0 0 0 0 0 1 
1 0 0 0 0 0 0 0 0 0 
0 1 0 0 1 0 0 0 0 0 
0 0 0 0 0 1 0 0 0 0 
0 0 0 0 0 0 0 1 0 0 
1 1 0 0 0 0 1 0 0 0 
Open stacks: 9
Took 8.26 seconds

buffer: HS problem 561 size 20 10 density  0.20
numCustomers: 20
numProducts: 10
0 0 0 1 0 0 0 0 0 1 
0 0 1 0 1 0 1 0 0 0 
0 1 0 0 0 0 1 0 1 0 
1 0 0 0 0 1 0 0 0 0 
0 0 0 0 0 0 0 0 0 1 
0 0 1 0 1 1 0 0 0 0 
0 1 0 0 0 0 0 0 0 1 
0 0 0 1 1 1 0 0 0 0 
0 0 0 0 0 0 0 1 0 0 
0 1 0 0 0 0 0 0 0 0 
0 0 0 0 0 1 1 0 0 0 
0 0 0 0 0 0 1 0 0 1 
0 0 0 1 1 0 0 0 0 1 
0 0 0 0 1 1 0 1 0 0 
0 0 1 0 1 1 0 0 0 0 
0 0 0 0 0 0 1 0 1 0 
0 0 0 0 1 1 0 0 1 0 
1 0 0 1 0 1 0 0 0 0 
0 0 0 0 0 0 0 0 0 1 
0 0 1 0 0 0 0 0 0 0 
numSequences: 3628800
minStacks: 9
Best sequence:
9 8 6 1 3 4 0 5 2 7 
1 0 0 0 1 0 0 0 0 0 
0 0 1 0 0 1 0 0 1 0 
0 1 1 1 0 0 0 0 0 0 
0 0 0 0 0 0 1 1 0 0 
1 0 0 0 0 0 0 0 0 0 
0 0 0 0 0 1 0 1 1 0 
1 0 0 1 0 0 0 0 0 0 
0 0 0 0 1 1 0 1 0 0 
0 0 0 0 0 0 0 0 0 1 
0 0 0 1 0 0 0 0 0 0 
0 0 1 0 0 0 0 1 0 0 
1 0 1 0 0 0 0 0 0 0 
1 0 0 0 1 1 0 0 0 0 
0 0 0 0 0 1 0 1 0 1 
0 0 0 0 0 1 0 1 1 0 
0 1 1 0 0 0 0 0 0 0 
0 1 0 0 0 1 0 1 0 0 
0 0 0 0 1 0 1 1 0 0 
1 0 0 0 0 0 0 0 0 0 
0 0 0 0 0 0 0 0 1 0 
Open stacks: 9
Took 8.23 seconds

buffer: HS problem 562 size 20 10 density  0.20
numCustomers: 20
numProducts: 10
0 1 0 0 0 0 0 0 0 0 
1 0 0 0 1 0 0 0 0 0 
0 0 1 0 0 1 0 0 1 0 
1 0 1 0 0 0 0 0 0 0 
0 0 0 0 0 0 1 0 1 0 
0 0 0 0 1 1 0 0 0 1 
0 0 0 0 0 0 1 0 0 1 
0 1 0 0 0 0 0 0 1 0 
0 0 0 0 0 0 0 0 0 1 
0 0 0 0 1 1 1 0 0 1 
1 0 1 1 0 0 1 0 0 0 
0 0 0 1 0 0 0 0 0 0 
0 1 0 1 0 1 0 1 0 0 
0 1 0 1 0 1 0 0 0 0 
0 0 0 0 0 0 1 0 0 0 
0 1 1 0 0 0 0 0 1 0 
0 0 0 1 0 0 0 0 0 0 
0 0 0 1 1 0 0 0 0 0 
0 1 0 1 1 0 0 0 0 0 
0 0 0 0 1 0 1 0 0 0 
numSequences: 3628800
minStacks: 10
Best sequence:
9 6 4 5 0 2 3 1 7 8 
0 0 0 0 0 0 0 1 0 0 
0 0 1 0 1 0 0 0 0 0 
0 0 0 1 0 1 0 0 0 1 
0 0 0 0 1 1 0 0 0 0 
0 1 0 0 0 0 0 0 0 1 
1 0 1 1 0 0 0 0 0 0 
1 1 0 0 0 0 0 0 0 0 
0 0 0 0 0 0 0 1 0 1 
1 0 0 0 0 0 0 0 0 0 
1 1 1 1 0 0 0 0 0 0 
0 1 0 0 1 1 1 0 0 0 
0 0 0 0 0 0 1 0 0 0 
0 0 0 1 0 0 1 1 1 0 
0 0 0 1 0 0 1 1 0 0 
0 1 0 0 0 0 0 0 0 0 
0 0 0 0 0 1 0 1 0 1 
0 0 0 0 0 0 1 0 0 0 
0 0 1 0 0 0 1 0 0 0 
0 0 1 0 0 0 1 1 0 0 
0 1 1 0 0 0 0 0 0 0 
Open stacks: 10
Took 8.25 seconds

buffer: HS problem 563 size 20 10 density  0.20
numCustomers: 20
numProducts: 10
0 1 0 0 1 0 0 1 0 0 
0 0 1 0 1 1 0 0 0 0 
0 0 0 0 0 0 0 1 1 0 
0 0 0 0 0 1 0 0 0 0 
1 0 1 1 0 0 0 0 0 0 
0 1 0 0 0 0 0 0 0 0 
1 1 1 0 1 0 0 0 0 1 
1 0 0 0 1 0 0 0 0 0 
0 0 0 1 0 0 0 0 0 0 
0 0 0 0 0 0 0 0 0 1 
0 0 0 0 0 0 1 1 1 0 
0 0 1 0 0 0 1 1 0 1 
0 0 0 0 0 0 1 1 1 1 
0 0 0 1 0 0 0 0 0 0 
1 0 1 0 1 0 1 0 0 1 
1 0 0 0 0 0 0 0 0 0 
0 0 0 0 0 0 0 1 0 0 
0 0 0 0 1 0 0 1 0 0 
0 0 0 1 0 0 0 0 0 0 
1 1 1 0 0 0 1 0 0 1 
numSequences: 3628800
minStacks: 8
Best sequence:
8 7 6 9 2 4 0 3 5 1 
0 1 0 0 0 1 0 0 0 1 
0 0 0 0 1 1 0 0 1 0 
1 1 0 0 0 0 0 0 0 0 
0 0 0 0 0 0 0 0 1 0 
0 0 0 0 1 0 1 1 0 0 
0 0 0 0 0 0 0 0 0 1 
0 0 0 1 1 1 1 0 0 1 
0 0 0 0 0 1 1 0 0 0 
0 0 0 0 0 0 0 1 0 0 
0 0 0 1 0 0 0 0 0 0 
1 1 1 0 0 0 0 0 0 0 
0 1 1 1 1 0 0 0 0 0 
1 1 1 1 0 0 0 0 0 0 
0 0 0 0 0 0 0 1 0 0 
0 0 1 1 1 1 1 0 0 0 
0 0 0 0 0 0 1 0 0 0 
0 1 0 0 0 0 0 0 0 0 
0 1 0 0 0 1 0 0 0 0 
0 0 0 0 0 0 0 1 0 0 
0 0 1 1 1 0 1 0 0 1 
Open stacks: 8
Took 8.27 seconds

buffer: HS problem 564 size 20 10 density  0.20
numCustomers: 20
numProducts: 10
1 0 0 1 0 0 0 0 0 0 
1 0 0 0 1 0 0 0 0 0 
1 1 0 0 0 0 1 1 1 0 
0 0 0 1 0 0 0 0 0 0 
0 0 1 1 0 0 1 0 0 0 
1 0 0 0 0 0 1 0 0 0 
0 1 1 1 0 1 0 0 0 0 
0 0 1 0 0 1 0 0 0 1 
0 0 1 1 0 0 0 0 0 0 
1 1 1 0 0 0 0 0 0 0 
0 0 1 0 0 0 0 0 0 0 
0 0 0 0 1 0 1 0 0 0 
0 1 0 0 0 1 0 0 0 0 
1 0 0 0 0 0 0 0 0 0 
0 0 0 0 1 0 0 0 0 0 
0 0 0 1 0 0 0 0 0 1 
0 0 0 1 0 1 0 1 1 0 
1 0 0 0 0 0 0 0 1 0 
0 0 1 0 0 0 0 1 0 0 
0 0 0 1 0 0 0 0 0 1 
numSequences: 3628800
minStacks: 9
Best sequence:
9 3 2 5 1 6 4 0 7 8 
0 1 0 0 0 0 0 1 0 0 
0 0 0 0 0 0 1 1 0 0 
0 0 0 0 1 1 0 1 1 1 
0 1 0 0 0 0 0 0 0 0 
0 1 1 0 0 1 0 0 0 0 
0 0 0 0 0 1 0 1 0 0 
0 1 1 1 1 0 0 0 0 0 
1 0 1 1 0 0 0 0 0 0 
0 1 1 0 0 0 0 0 0 0 
0 0 1 0 1 0 0 1 0 0 
0 0 1 0 0 0 0 0 0 0 
0 0 0 0 0 1 1 0 0 0 
0 0 0 1 1 0 0 0 0 0 
0 0 0 0 0 0 0 1 0 0 
0 0 0 0 0 0 1 0 0 0 
1 1 0 0 0 0 0 0 0 0 
0 1 0 1 0 0 0 0 1 1 
0 0 0 0 0 0 0 1 0 1 
0 0 1 0 0 0 0 0 1 0 
1 1 0 0 0 0 0 0 0 0 
Open stacks: 9
Took 8.24 seconds

buffer: HS problem 565 size 20 10 density  0.20
numCustomers: 20
numProducts: 10
0 0 0 0 0 1 1 0 0 0 
1 0 0 0 0 0 0 0 0 0 
0 0 0 0 1 0 0 1 0 1 
0 0 1 1 0 0 0 0 0 0 
0 0 0 0 0 0 1 0 0 1 
1 0 1 0 0 0 0 0 1 0 
0 1 0 0 1 0 0 0 0 0 
0 0 1 0 0 0 0 0 0 0 
0 0 1 0 0 0 0 0 1 0 
1 0 0 0 0 0 0 0 1 0 
0 0 0 0 0 0 0 0 0 1 
1 1 0 0 0 0 0 0 0 0 
0 0 0 1 0 0 0 0 0 0 
0 0 0 0 0 0 0 0 1 0 
0 0 0 0 0 0 0 1 0 0 
0 0 0 1 1 0 0 0 0 0 
1 1 0 0 0 1 0 1 0 0 
0 0 0 1 0 0 0 0 1 0 
1 0 0 0 0 0 0 0 1 0 
0 0 0 0 0 1 0 0 0 0 
numSequences: 3628800
minStacks: 7
Best sequence:
9 7 6 5 0 1 4 3 2 8 
0 0 1 1 0 0 0 0 0 0 
0 0 0 0 1 0 0 0 0 0 
1 1 0 0 0 0 1 0 0 0 
0 0 0 0 0 0 0 1 1 0 
1 0 1 0 0 0 0 0 0 0 
0 0 0 0 1 0 0 0 1 1 
0 0 0 0 0 1 1 0 0 0 
0 0 0 0 0 0 0 0 1 0 
0 0 0 0 0 0 0 0 1 1 
0 0 0 0 1 0 0 0 0 1 
1 0 0 0 0 0 0 0 0 0 
0 0 0 0 1 1 0 0 0 0 
0 0 0 0 0 0 0 1 0 0 
0 0 0 0 0 0 0 0 0 1 
0 1 0 0 0 0 0 0 0 0 
0 0 0 0 0 0 1 1 0 0 
0 1 0 1 1 1 0 0 0 0 
0 0 0 0 0 0 0 1 0 1 
0 0 0 0 1 0 0 0 0 1 
0 0 0 1 0 0 0 0 0 0 
Open stacks: 7
Took 8.23 seconds

buffer: HS problem 566 size 20 10 density  0.20
numCustomers: 20
numProducts: 10
0 0 0 1 0 1 0 0 1 0 
1 0 0 0 0 1 0 0 0 0 
0 0 1 0 0 0 0 0 0 1 
0 0 1 0 1 1 0 0 0 0 
0 0 0 0 1 0 0 0 0 0 
0 0 0 0 0 0 0 0 0 1 
0 0 0 0 0 1 0 0 0 0 
0 1 0 0 0 0 1 0 1 0 
0 0 0 0 0 0 1 0 1 0 
1 0 1 0 1 1 0 0 1 1 
0 0 0 0 1 1 1 0 1 0 
0 0 0 0 0 1 0 0 0 0 
0 0 0 0 0 0 0 1 0 0 
0 0 0 0 1 0 1 0 0 0 
0 0 1 1 0 1 0 0 0 0 
0 0 0 1 0 0 1 0 0 0 
1 1 0 0 0 0 0 0 0 0 
0 0 0 1 0 0 0 0 1 0 
0 0 0 0 0 1 1 0 0 1 
0 0 1 0 0 0 1 0 0 0 
numSequences: 3628800
minStacks: 10
Best sequence:
9 5 0 2 1 4 3 6 7 8 
0 1 0 0 0 0 1 0 0 1 
0 1 1 0 0 0 0 0 0 0 
1 0 0 1 0 0 0 0 0 0 
0 1 0 1 0 1 0 0 0 0 
0 0 0 0 0 1 0 0 0 0 
1 0 0 0 0 0 0 0 0 0 
0 1 0 0 0 0 0 0 0 0 
0 0 0 0 1 0 0 1 0 1 
0 0 0 0 0 0 0 1 0 1 
1 1 1 1 0 1 0 0 0 1 
0 1 0 0 0 1 0 1 0 1 
0 1 0 0 0 0 0 0 0 0 
0 0 0 0 0 0 0 0 1 0 
0 0 0 0 0 1 0 1 0 0 
0 1 0 1 0 0 1 0 0 0 
0 0 0 0 0 0 1 1 0 0 
0 0 1 0 1 0 0 0 0 0 
0 0 0 0 0 0 1 0 0 1 
1 1 0 0 0 0 0 1 0 0 
0 0 0 1 0 0 0 1 0 0 
Open stacks: 10
Took 8.26 seconds

buffer: HS problem 567 size 20 10 density  0.20
numCustomers: 20
numProducts: 10
0 1 1 1 0 0 0 0 0 0 
0 0 0 1 0 0 0 0 0 0 
0 0 1 0 0 0 1 1 0 0 
0 1 0 0 0 0 1 0 0 1 
0 0 1 0 1 0 0 0 0 0 
0 0 0 0 0 0 0 1 0 0 
0 0 1 0 1 0 0 0 0 0 
0 0 0 0 0 0 1 0 0 0 
0 0 0 0 1 1 1 1 1 0 
0 0 0 0 0 0 0 0 0 1 
0 0 0 0 1 0 0 0 0 0 
0 0 0 0 0 0 1 0 0 0 
1 0 0 0 0 0 0 1 0 1 
1 0 0 0 0 0 0 0 0 0 
0 1 0 0 1 1 1 0 0 0 
1 0 0 0 0 0 1 0 0 0 
0 0 0 1 0 0 0 0 0 0 
0 1 1 0 0 1 0 0 0 0 
1 0 1 0 0 0 0 0 0 1 
0 0 1 0 0 0 0 0 0 1 
numSequences: 3628800
minStacks: 9
Best sequence:
9 3 2 1 5 4 0 6 7 8 
0 1 1 1 0 0 0 0 0 0 
0 1 0 0 0 0 0 0 0 0 
0 0 1 0 0 0 0 1 1 0 
1 0 0 1 0 0 0 1 0 0 
0 0 1 0 0 1 0 0 0 0 
0 0 0 0 0 0 0 0 1 0 
0 0 1 0 0 1 0 0 0 0 
0 0 0 0 0 0 0 1 0 0 
0 0 0 0 1 1 0 1 1 1 
1 0 0 0 0 0 0 0 0 0 
0 0 0 0 0 1 0 0 0 0 
0 0 0 0 0 0 0 1 0 0 
1 0 0 0 0 0 1 0 1 0 
0 0 0 0 0 0 1 0 0 0 
0 0 0 1 1 1 0 1 0 0 
0 0 0 0 0 0 1 1 0 0 
0 1 0 0 0 0 0 0 0 0 
0 0 1 1 1 0 0 0 0 0 
1 0 1 0 0 0 1 0 0 0 
1 0 1 0 0 0 0 0 0 0 
Open stacks: 9
Took 8.25 seconds

buffer: HS problem 568 size 20 10 density  0.20
numCustomers: 20
numProducts: 10
1 0 0 0 0 0 0 0 1 0 
0 0 1 1 0 0 0 1 0 0 
0 1 0 0 0 0 1 0 0 0 
0 0 1 0 1 0 0 0 0 1 
0 0 0 0 0 1 0 1 0 0 
0 0 1 0 0 0 0 0 1 0 
0 0 0 0 0 0 1 0 1 1 
1 0 1 0 1 0 0 1 0 0 
0 0 0 0 1 0 0 0 0 0 
0 1 0 0 1 0 0 0 1 0 
0 1 0 0 0 0 0 0 0 0 
1 0 0 0 1 0 1 0 0 0 
0 0 0 1 0 0 0 0 0 0 
1 0 0 1 1 0 0 0 0 0 
0 0 0 0 1 0 0 0 1 1 
0 0 1 0 0 0 0 0 0 0 
1 1 0 0 1 0 0 0 0 0 
1 0 0 0 0 0 0 1 1 0 
1 0 0 0 0 0 0 1 0 1 
0 0 1 0 0 0 0 0 0 0 
numSequences: 3628800
minStacks: 11
Best sequence:
9 6 4 1 0 7 5 3 2 8 
0 0 0 0 1 0 0 0 0 1 
0 0 0 0 0 1 0 1 1 0 
0 1 0 1 0 0 0 0 0 0 
1 0 1 0 0 0 0 0 1 0 
0 0 0 0 0 1 1 0 0 0 
0 0 0 0 0 0 0 0 1 1 
1 1 0 0 0 0 0 0 0 1 
0 0 1 0 1 1 0 0 1 0 
0 0 1 0 0 0 0 0 0 0 
0 0 1 1 0 0 0 0 0 1 
0 0 0 1 0 0 0 0 0 0 
0 1 1 0 1 0 0 0 0 0 
0 0 0 0 0 0 0 1 0 0 
0 0 1 0 1 0 0 1 0 0 
1 0 1 0 0 0 0 0 0 1 
0 0 0 0 0 0 0 0 1 0 
0 0 1 1 1 0 0 0 0 0 
0 0 0 0 1 1 0 0 0 1 
1 0 0 0 1 1 0 0 0 0 
0 0 0 0 0 0 0 0 1 0 
Open stacks: 11
Took 8.24 seconds

buffer: HS problem 569 size 20 10 density  0.20
numCustomers: 20
numProducts: 10
1 0 0 0 0 0 0 0 0 1 
1 1 0 0 0 0 0 0 0 0 
0 0 0 0 0 0 1 1 0 1 
0 1 0 0 1 0 0 0 0 0 
1 0 0 1 1 1 0 0 1 1 
1 0 1 1 0 0 0 0 0 0 
1 1 0 0 0 0 1 0 0 0 
1 0 1 0 0 1 1 0 0 1 
1 1 0 1 0 0 0 0 0 0 
1 1 0 1 0 0 1 0 0 0 
0 0 0 0 0 1 0 0 0 1 
0 1 0 0 0 0 0 0 0 0 
0 0 0 1 1 0 0 1 0 0 
1 1 0 0 0 1 1 0 0 0 
0 1 1 0 0 0 1 1 0 1 
1 0 0 0 1 0 1 0 0 0 
0 1 0 0 1 0 1 0 0 0 
0 0 0 0 1 0 0 0 0 0 
1 0 0 0 0 0 0 0 0 0 
0 0 0 0 0 0 0 0 1 1 
numSequences: 3628800
minStacks: 13
Best sequence:
9 8 5 0 6 2 3 4 1 7 
1 0 0 1 0 0 0 0 0 0 
0 0 0 1 0 0 0 0 1 0 
1 0 0 0 1 0 0 0 0 1 
0 0 0 0 0 0 0 1 1 0 
1 1 1 1 0 0 1 1 0 0 
0 0 0 1 0 1 1 0 0 0 
0 0 0 1 1 0 0 0 1 0 
1 0 1 1 1 1 0 0 0 0 
0 0 0 1 0 0 1 0 1 0 
0 0 0 1 1 0 1 0 1 0 
1 0 1 0 0 0 0 0 0 0 
0 0 0 0 0 0 0 0 1 0 
0 0 0 0 0 0 1 1 0 1 
0 0 1 1 1 0 0 0 1 0 
1 0 0 0 1 1 0 0 1 1 
0 0 0 1 1 0 0 1 0 0 
0 0 0 0 1 0 0 1 1 0 
0 0 0 0 0 0 0 1 0 0 
0 0 0 1 0 0 0 0 0 0 
1 1 0 0 0 0 0 0 0 0 
Open stacks: 13
Took 8.28 seconds

buffer: HS problem 570 size 20 10 density  0.20
numCustomers: 20
numProducts: 10
0 0 1 0 0 0 1 1 0 0 
0 0 0 0 1 0 0 1 1 0 
1 0 1 0 0 0 0 0 0 0 
1 0 0 0 0 0 0 0 0 0 
1 0 0 0 0 0 1 0 0 0 
0 0 0 1 0 1 0 0 0 1 
0 0 0 0 0 0 0 0 0 1 
0 0 0 0 0 0 0 1 0 0 
1 1 0 0 0 0 1 0 1 0 
0 0 0 0 0 1 0 0 0 0 
0 0 1 0 0 0 0 0 0 0 
0 1 0 0 0 0 0 0 0 0 
0 0 1 1 0 0 0 1 0 1 
0 0 0 0 1 0 0 0 0 0 
0 1 0 0 1 1 0 0 0 0 
0 0 0 0 0 1 0 1 1 0 
1 0 0 0 0 0 0 0 0 0 
0 1 0 0 0 0 0 1 0 0 
0 0 1 1 1 0 0 1 0 0 
1 0 1 0 0 0 0 0 1 0 
numSequences: 3628800
minStacks: 8
Best sequence:
9 5 4 3 1 7 8 2 0 6 
0 0 0 0 0 1 0 1 0 1 
0 0 1 0 0 1 1 0 0 0 
0 0 0 0 0 0 0 1 1 0 
0 0 0 0 0 0 0 0 1 0 
0 0 0 0 0 0 0 0 1 1 
1 1 0 1 0 0 0 0 0 0 
1 0 0 0 0 0 0 0 0 0 
0 0 0 0 0 1 0 0 0 0 
0 0 0 0 1 0 1 0 1 1 
0 1 0 0 0 0 0 0 0 0 
0 0 0 0 0 0 0 1 0 0 
0 0 0 0 1 0 0 0 0 0 
1 0 0 1 0 1 0 1 0 0 
0 0 1 0 0 0 0 0 0 0 
0 1 1 0 1 0 0 0 0 0 
0 1 0 0 0 1 1 0 0 0 
0 0 0 0 0 0 0 0 1 0 
0 0 0 0 1 1 0 0 0 0 
0 0 1 1 0 1 0 1 0 0 
0 0 0 0 0 0 1 1 1 0 
Open stacks: 8
Took 8.25 seconds

buffer: HS problem 571 size 20 10 density  0.20
numCustomers: 20
numProducts: 10
0 0 0 1 0 0 1 0 0 0 
0 0 0 1 0 0 0 0 0 0 
0 0 0 0 0 1 0 0 1 0 
0 0 1 0 0 1 0 1 0 0 
1 1 1 0 0 1 0 0 1 0 
0 1 0 0 1 0 0 1 0 0 
0 1 1 0 0 0 0 0 0 0 
0 0 1 0 0 0 0 1 1 0 
0 0 0 0 0 0 0 0 0 1 
1 0 0 0 1 0 0 0 0 0 
0 0 0 0 1 0 0 0 0 0 
1 1 0 0 0 1 1 0 0 0 
0 0 0 0 1 0 0 0 0 0 
0 0 0 0 0 1 0 1 1 0 
0 1 0 0 0 0 0 1 0 0 
0 1 1 0 1 1 0 0 0 1 
0 0 0 0 0 0 0 1 0 0 
1 0 0 1 1 0 1 0 1 0 
0 0 0 1 0 0 0 0 1 0 
0 0 1 1 0 0 1 0 0 0 
numSequences: 3628800
minStacks: 10
Best sequence:
9 7 4 0 1 2 5 3 6 8 
0 0 0 0 0 0 0 1 1 0 
0 0 0 0 0 0 0 1 0 0 
0 0 0 0 0 0 1 0 0 1 
0 1 0 0 0 1 1 0 0 0 
0 0 0 1 1 1 1 0 0 1 
0 1 1 0 1 0 0 0 0 0 
0 0 0 0 1 1 0 0 0 0 
0 1 0 0 0 1 0 0 0 1 
1 0 0 0 0 0 0 0 0 0 
0 0 1 1 0 0 0 0 0 0 
0 0 1 0 0 0 0 0 0 0 
0 0 0 1 1 0 1 0 1 0 
0 0 1 0 0 0 0 0 0 0 
0 1 0 0 0 0 1 0 0 1 
0 1 0 0 1 0 0 0 0 0 
1 0 1 0 1 1 1 0 0 0 
0 1 0 0 0 0 0 0 0 0 
0 0 1 1 0 0 0 1 1 1 
0 0 0 0 0 0 0 1 0 1 
0 0 0 0 0 1 0 1 1 0 
Open stacks: 10
Took 8.26 seconds

buffer: HS problem 572 size 20 10 density  0.20
numCustomers: 20
numProducts: 10
1 1 1 0 0 1 0 0 1 0 
0 0 1 0 0 1 0 1 0 1 
0 0 1 0 0 0 0 0 0 0 
1 0 0 0 1 0 0 0 1 0 
0 0 0 1 0 0 0 0 1 0 
0 0 0 0 1 0 0 0 1 1 
1 0 0 0 0 1 0 0 0 1 
0 0 0 0 0 0 1 0 0 0 
1 0 0 0 0 0 1 0 0 1 
1 0 0 0 0 0 0 1 1 0 
0 0 0 1 1 0 0 0 1 0 
0 1 0 0 0 0 0 0 0 0 
0 0 1 0 0 0 0 0 0 0 
0 0 0 1 0 1 1 1 0 0 
0 0 1 0 0 0 1 0 1 0 
0 0 0 0 1 0 1 0 1 0 
0 0 0 0 0 0 0 1 0 0 
0 0 0 0 0 0 1 0 1 0 
0 1 0 0 1 0 0 0 1 0 
0 0 0 1 0 0 1 1 0 0 
numSequences: 3628800
minStacks: 11
Best sequence:
9 7 5 2 6 0 3 1 4 8 
0 0 1 1 0 1 0 1 0 1 
1 1 1 1 0 0 0 0 0 0 
0 0 0 1 0 0 0 0 0 0 
0 0 0 0 0 1 0 0 1 1 
0 0 0 0 0 0 1 0 0 1 
1 0 0 0 0 0 0 0 1 1 
1 0 1 0 0 1 0 0 0 0 
0 0 0 0 1 0 0 0 0 0 
1 0 0 0 1 1 0 0 0 0 
0 1 0 0 0 1 0 0 0 1 
0 0 0 0 0 0 1 0 1 1 
0 0 0 0 0 0 0 1 0 0 
0 0 0 1 0 0 0 0 0 0 
0 1 1 0 1 0 1 0 0 0 
0 0 0 1 1 0 0 0 0 1 
0 0 0 0 1 0 0 0 1 1 
0 1 0 0 0 0 0 0 0 0 
0 0 0 0 1 0 0 0 0 1 
0 0 0 0 0 0 0 1 1 1 
0 1 0 0 1 0 1 0 0 0 
Open stacks: 11
Took 8.26 seconds

buffer: HS problem 573 size 20 10 density  0.20
numCustomers: 20
numProducts: 10
0 1 0 0 1 0 0 0 0 0 
1 0 0 0 0 1 0 0 0 1 
0 0 1 0 0 0 1 0 0 1 
1 1 1 0 0 1 0 1 0 0 
1 0 0 0 0 1 0 0 0 0 
1 0 0 0 0 0 0 0 0 1 
0 0 0 0 0 1 0 0 0 0 
1 0 1 1 0 0 0 0 0 0 
0 0 0 0 1 0 1 0 1 0 
0 0 1 0 1 0 0 1 0 1 
0 1 0 0 1 0 0 1 0 0 
0 1 0 0 0 0 0 0 0 0 
0 0 0 1 1 0 0 0 0 0 
1 0 0 1 0 0 0 1 1 1 
0 0 0 0 0 0 0 0 1 1 
0 0 0 0 0 0 1 0 0 0 
0 0 1 0 0 0 0 0 1 0 
0 0 0 0 0 0 0 1 0 1 
1 1 1 1 0 1 0 0 0 0 
0 0 1 0 0 0 0 0 0 1 
numSequences: 3628800
minStacks: 11
Best sequence:
5 0 9 6 2 3 4 1 7 8 
0 0 0 0 0 0 1 1 0 0 
1 1 1 0 0 0 0 0 0 0 
0 0 1 1 1 0 0 0 0 0 
1 1 0 0 1 0 0 1 1 0 
1 1 0 0 0 0 0 0 0 0 
0 1 1 0 0 0 0 0 0 0 
1 0 0 0 0 0 0 0 0 0 
0 1 0 0 1 1 0 0 0 0 
0 0 0 1 0 0 1 0 0 1 
0 0 1 0 1 0 1 0 1 0 
0 0 0 0 0 0 1 1 1 0 
0 0 0 0 0 0 0 1 0 0 
0 0 0 0 0 1 1 0 0 0 
0 1 1 0 0 1 0 0 1 1 
0 0 1 0 0 0 0 0 0 1 
0 0 0 1 0 0 0 0 0 0 
0 0 0 0 1 0 0 0 0 1 
0 0 1 0 0 0 0 0 1 0 
1 1 0 0 1 1 0 1 0 0 
0 0 1 0 1 0 0 0 0 0 
Open stacks: 11
Took 8.26 seconds

buffer: HS problem 574 size 20 10 density  0.20
numCustomers: 20
numProducts: 10
1 0 0 0 1 0 0 0 1 0 
0 1 1 0 0 0 0 0 1 0 
0 0 0 0 0 0 1 1 0 0 
0 0 0 0 0 0 1 0 0 0 
1 0 0 1 0 0 0 0 1 1 
0 1 0 0 0 1 0 0 0 0 
1 0 0 0 0 0 0 0 1 0 
1 0 0 0 0 0 0 0 0 0 
1 0 0 0 0 0 0 0 1 1 
0 0 1 0 0 1 0 0 0 0 
0 1 1 0 1 1 1 0 1 0 
1 0 0 0 0 0 0 0 1 0 
0 0 0 0 1 1 0 0 0 0 
0 0 0 0 0 1 0 1 1 0 
0 0 0 0 1 1 0 0 0 0 
0 0 0 0 1 0 0 0 1 0 
0 0 0 0 0 0 0 0 1 1 
1 0 0 0 0 0 0 1 0 0 
0 0 0 0 1 0 0 0 0 0 
0 0 0 0 0 0 0 0 1 0 
numSequences: 3628800
minStacks: 11
Best sequence:
9 8 0 2 3 4 5 6 1 7 
0 1 1 0 0 1 0 0 0 0 
0 1 0 1 0 0 0 0 1 0 
0 0 0 0 0 0 0 1 0 1 
0 0 0 0 0 0 0 1 0 0 
1 1 1 0 1 0 0 0 0 0 
0 0 0 0 0 0 1 0 1 0 
0 1 1 0 0 0 0 0 0 0 
0 0 1 0 0 0 0 0 0 0 
1 1 1 0 0 0 0 0 0 0 
0 0 0 1 0 0 1 0 0 0 
0 1 0 1 0 1 1 1 1 0 
0 1 1 0 0 0 0 0 0 0 
0 0 0 0 0 1 1 0 0 0 
0 1 0 0 0 0 1 0 0 1 
0 0 0 0 0 1 1 0 0 0 
0 1 0 0 0 1 0 0 0 0 
1 1 0 0 0 0 0 0 0 0 
0 0 1 0 0 0 0 0 0 1 
0 0 0 0 0 1 0 0 0 0 
0 1 0 0 0 0 0 0 0 0 
Open stacks: 11
Took 8.25 seconds

buffer: HS problem 575 size 20 10 density  0.20
numCustomers: 20
numProducts: 10
0 0 0 0 0 0 0 0 0 1 
1 0 0 0 1 0 1 0 0 1 
0 1 0 1 1 0 0 1 0 0 
0 1 0 0 0 1 0 0 0 1 
0 0 0 0 0 1 0 0 0 1 
1 0 0 0 0 0 0 0 0 1 
0 1 0 1 0 0 0 0 1 0 
0 0 0 0 1 0 0 0 0 1 
0 0 0 0 0 1 0 1 0 0 
0 0 1 0 0 0 0 0 0 0 
1 0 1 0 0 0 0 0 0 0 
0 0 1 0 1 0 0 0 0 0 
0 0 1 0 0 0 1 0 1 0 
1 0 1 0 0 0 0 0 0 1 
0 1 0 0 0 0 0 0 0 1 
0 0 1 0 0 0 0 0 0 0 
1 0 0 0 0 0 0 0 0 0 
0 1 0 1 0 0 0 0 0 0 
1 0 0 0 0 0 1 0 1 0 
1 1 0 0 0 1 0 1 0 0 
numSequences: 3628800
minStacks: 10
Best sequence:
9 7 5 1 3 0 4 2 6 8 
1 0 0 0 0 0 0 0 0 0 
1 0 0 0 0 1 1 0 1 0 
0 1 0 1 1 0 1 0 0 0 
1 0 1 1 0 0 0 0 0 0 
1 0 1 0 0 0 0 0 0 0 
1 0 0 0 0 1 0 0 0 0 
0 0 0 1 1 0 0 0 0 1 
1 0 0 0 0 0 1 0 0 0 
0 1 1 0 0 0 0 0 0 0 
0 0 0 0 0 0 0 1 0 0 
0 0 0 0 0 1 0 1 0 0 
0 0 0 0 0 0 1 1 0 0 
0 0 0 0 0 0 0 1 1 1 
1 0 0 0 0 1 0 1 0 0 
1 0 0 1 0 0 0 0 0 0 
0 0 0 0 0 0 0 1 0 0 
0 0 0 0 0 1 0 0 0 0 
0 0 0 1 1 0 0 0 0 0 
0 0 0 0 0 1 0 0 1 1 
0 1 1 1 0 1 0 0 0 0 
Open stacks: 10
Took 8.24 seconds

buffer: HS problem 576 size 20 10 density  0.20
numCustomers: 20
numProducts: 10
0 0 0 0 0 1 0 0 1 0 
0 0 1 0 0 0 0 0 0 0 
0 1 0 0 0 0 1 1 0 0 
1 0 0 0 0 0 0 0 0 1 
0 0 0 1 0 0 0 0 0 0 
0 0 0 1 0 0 0 0 1 1 
1 1 0 0 1 0 0 0 0 1 
0 0 0 0 0 0 1 0 1 0 
0 0 0 1 0 0 1 0 0 0 
1 0 0 0 1 0 0 0 0 0 
0 0 0 0 1 0 0 0 0 0 
0 0 1 0 0 0 0 0 0 0 
0 0 0 1 0 0 1 1 1 0 
0 0 0 0 1 0 0 0 0 0 
1 0 1 1 0 0 0 0 0 0 
0 1 0 0 0 0 0 0 0 0 
0 0 1 0 0 0 1 1 0 1 
0 0 0 0 0 0 0 0 0 1 
0 1 0 1 0 0 0 0 0 1 
0 0 0 0 0 0 1 0 0 0 
numSequences: 3628800
minStacks: 8
Best sequence:
9 4 0 2 1 3 5 6 7 8 
0 0 0 0 0 0 1 0 0 1 
0 0 0 1 0 0 0 0 0 0 
0 0 0 0 1 0 0 1 1 0 
1 0 1 0 0 0 0 0 0 0 
0 0 0 0 0 1 0 0 0 0 
1 0 0 0 0 1 0 0 0 1 
1 1 1 0 1 0 0 0 0 0 
0 0 0 0 0 0 0 1 0 1 
0 0 0 0 0 1 0 1 0 0 
0 1 1 0 0 0 0 0 0 0 
0 1 0 0 0 0 0 0 0 0 
0 0 0 1 0 0 0 0 0 0 
0 0 0 0 0 1 0 1 1 1 
0 1 0 0 0 0 0 0 0 0 
0 0 1 1 0 1 0 0 0 0 
0 0 0 0 1 0 0 0 0 0 
1 0 0 1 0 0 0 1 1 0 
1 0 0 0 0 0 0 0 0 0 
1 0 0 0 1 1 0 0 0 0 
0 0 0 0 0 0 0 1 0 0 
Open stacks: 8
Took 8.25 seconds

buffer: HS problem 577 size 20 10 density  0.20
numCustomers: 20
numProducts: 10
0 0 1 0 0 0 1 0 0 0 
1 0 0 0 0 0 0 0 1 0 
0 1 0 0 0 1 0 0 1 0 
0 0 0 0 0 0 1 0 0 0 
0 1 1 0 0 1 0 0 1 0 
0 0 0 0 0 0 1 0 0 0 
0 0 0 0 0 0 0 1 0 0 
0 0 0 0 0 1 0 0 0 1 
0 0 0 1 0 0 0 0 0 1 
1 0 0 0 0 0 0 0 0 0 
1 0 0 1 1 0 1 1 0 0 
0 1 0 1 0 0 0 1 1 0 
0 0 0 0 0 1 1 1 0 0 
0 0 0 0 0 0 1 0 0 0 
0 0 0 0 0 0 0 1 1 0 
0 1 0 0 1 1 0 0 1 1 
0 0 0 0 0 0 1 0 0 1 
1 1 0 1 1 0 1 0 1 0 
0 0 0 1 0 0 0 1 0 0 
0 0 1 0 1 0 0 0 0 0 
numSequences: 3628800
minStacks: 10
Best sequence:
9 7 3 5 8 1 4 0 2 6 
0 0 0 0 0 0 0 0 1 1 
0 0 0 0 1 0 0 1 0 0 
0 0 0 1 1 1 0 0 0 0 
0 0 0 0 0 0 0 0 0 1 
0 0 0 1 1 1 0 0 1 0 
0 0 0 0 0 0 0 0 0 1 
0 1 0 0 0 0 0 0 0 0 
1 0 0 1 0 0 0 0 0 0 
1 0 1 0 0 0 0 0 0 0 
0 0 0 0 0 0 0 1 0 0 
0 1 1 0 0 0 1 1 0 1 
0 1 1 0 1 1 0 0 0 0 
0 1 0 1 0 0 0 0 0 1 
0 0 0 0 0 0 0 0 0 1 
0 1 0 0 1 0 0 0 0 0 
1 0 0 1 1 1 1 0 0 0 
1 0 0 0 0 0 0 0 0 1 
0 0 1 0 1 1 1 1 0 1 
0 1 1 0 0 0 0 0 0 0 
0 0 0 0 0 0 1 0 1 0 
Open stacks: 10
Took 8.27 seconds

buffer: HS problem 578 size 20 10 density  0.20
numCustomers: 20
numProducts: 10
0 0 0 0 0 0 0 1 0 1 
0 0 0 1 0 1 0 0 1 0 
0 0 0 1 0 0 1 0 0 0 
0 1 0 0 0 0 0 0 0 0 
0 0 0 0 0 0 1 0 0 1 
0 0 0 0 0 0 0 0 0 1 
0 0 1 0 0 0 0 0 0 0 
0 0 0 1 0 0 1 0 0 0 
0 0 0 0 0 0 0 0 1 0 
0 0 0 0 0 1 1 1 0 0 
0 0 0 0 0 0 0 1 0 1 
0 0 0 0 0 1 0 1 0 1 
0 1 0 1 0 0 0 0 0 1 
1 0 1 0 1 0 0 0 0 0 
0 0 0 0 0 1 0 0 1 0 
1 0 0 0 1 0 0 0 0 0 
0 1 0 0 0 1 0 1 1 0 
0 0 0 1 1 0 1 1 0 0 
0 0 0 1 0 0 0 0 0 0 
0 0 0 1 0 0 1 0 0 0 
numSequences: 3628800
minStacks: 8
Best sequence:
9 7 5 8 1 0 2 4 6 3 
1 1 0 0 0 0 0 0 0 0 
0 0 1 1 0 0 0 0 0 1 
0 0 0 0 0 0 0 0 1 1 
0 0 0 0 1 0 0 0 0 0 
1 0 0 0 0 0 0 0 1 0 
1 0 0 0 0 0 0 0 0 0 
0 0 0 0 0 0 1 0 0 0 
0 0 0 0 0 0 0 0 1 1 
0 0 0 1 0 0 0 0 0 0 
0 1 1 0 0 0 0 0 1 0 
1 1 0 0 0 0 0 0 0 0 
1 1 1 0 0 0 0 0 0 0 
1 0 0 0 1 0 0 0 0 1 
0 0 0 0 0 1 1 1 0 0 
0 0 1 1 0 0 0 0 0 0 
0 0 0 0 0 1 0 1 0 0 
0 1 1 1 1 0 0 0 0 0 
0 1 0 0 0 0 0 1 1 1 
0 0 0 0 0 0 0 0 0 1 
0 0 0 0 0 0 0 0 1 1 
Open stacks: 8
Took 8.24 seconds

buffer: HS problem 579 size 20 10 density  0.20
numCustomers: 20
numProducts: 10
0 0 0 0 1 0 0 0 0 1 
0 0 0 0 0 0 0 0 0 1 
0 1 1 0 0 0 0 1 0 0 
0 0 0 0 0 0 0 0 0 1 
1 0 0 0 0 0 0 1 0 0 
0 1 0 0 0 0 0 0 1 0 
1 0 0 1 0 1 0 0 1 0 
0 0 0 1 0 0 1 0 0 0 
0 0 0 1 0 0 0 1 0 0 
1 0 1 0 1 0 0 0 0 0 
0 0 0 0 0 0 0 0 1 1 
0 0 0 0 0 0 1 1 0 0 
0 1 0 0 1 1 1 1 0 1 
0 0 0 1 0 0 1 1 0 0 
1 0 0 0 0 0 0 1 0 0 
0 1 0 1 1 0 0 0 0 0 
0 1 1 0 0 0 0 0 1 0 
0 0 0 1 0 0 0 0 1 0 
1 0 0 0 0 1 1 0 0 0 
0 0 0 0 0 1 0 0 0 0 
numSequences: 3628800
minStacks: 10
Best sequence:
9 8 1 2 3 4 5 6 0 7 
1 0 0 0 0 1 0 0 0 0 
1 0 0 0 0 0 0 0 0 0 
0 0 1 1 0 0 0 0 0 1 
1 0 0 0 0 0 0 0 0 0 
0 0 0 0 0 0 0 0 1 1 
0 1 1 0 0 0 0 0 0 0 
0 1 0 0 1 0 1 0 1 0 
0 0 0 0 1 0 0 1 0 0 
0 0 0 0 1 0 0 0 0 1 
0 0 0 1 0 1 0 0 1 0 
1 1 0 0 0 0 0 0 0 0 
0 0 0 0 0 0 0 1 0 1 
1 0 1 0 0 1 1 1 0 1 
0 0 0 0 1 0 0 1 0 1 
0 0 0 0 0 0 0 0 1 1 
0 0 1 0 1 1 0 0 0 0 
0 1 1 1 0 0 0 0 0 0 
0 1 0 0 1 0 0 0 0 0 
0 0 0 0 0 0 1 1 1 0 
0 0 0 0 0 0 1 0 0 0 
Open stacks: 10
Took 8.24 seconds

buffer: HS problem 580 size 20 10 density  0.20
numCustomers: 20
numProducts: 10
1 1 0 1 0 0 0 0 1 0 
1 0 0 0 1 1 0 0 0 0 
0 1 0 0 1 0 0 0 0 0 
0 0 1 0 1 0 1 0 0 0 
0 0 1 0 1 0 0 0 0 0 
0 0 0 0 1 1 0 0 0 1 
1 1 0 1 0 0 0 0 0 0 
0 0 1 1 0 0 1 1 0 1 
1 1 0 0 0 0 0 0 1 0 
0 0 0 0 0 0 0 0 0 1 
0 1 1 0 1 1 1 0 0 0 
0 0 0 0 1 0 0 0 0 1 
0 0 1 1 0 0 1 0 0 0 
1 0 0 0 0 0 0 0 0 0 
0 0 0 1 0 0 0 0 1 1 
0 0 0 0 0 0 0 0 0 1 
0 0 0 0 1 0 0 0 0 1 
1 0 0 0 0 0 0 0 0 1 
0 0 0 1 0 1 0 0 0 0 
1 0 1 0 1 0 0 0 1 0 
numSequences: 3628800
minStacks: 12
Best sequence:
9 4 5 2 3 1 0 6 7 8 
0 0 0 0 1 1 1 0 0 1 
0 1 1 0 0 0 1 0 0 0 
0 1 0 0 0 1 0 0 0 0 
0 1 0 1 0 0 0 1 0 0 
0 1 0 1 0 0 0 0 0 0 
1 1 1 0 0 0 0 0 0 0 
0 0 0 0 1 1 1 0 0 0 
1 0 0 1 1 0 0 1 1 0 
0 0 0 0 0 1 1 0 0 1 
1 0 0 0 0 0 0 0 0 0 
0 1 1 1 0 1 0 1 0 0 
1 1 0 0 0 0 0 0 0 0 
0 0 0 1 1 0 0 1 0 0 
0 0 0 0 0 0 1 0 0 0 
1 0 0 0 1 0 0 0 0 1 
1 0 0 0 0 0 0 0 0 0 
1 1 0 0 0 0 0 0 0 0 
1 0 0 0 0 0 1 0 0 0 
0 0 1 0 1 0 0 0 0 0 
0 1 0 1 0 0 1 0 0 1 
Open stacks: 12
Took 8.27 seconds

buffer: HS problem 581 size 20 10 density  0.20
numCustomers: 20
numProducts: 10
0 0 0 1 1 0 0 0 1 1 
0 0 0 0 0 0 0 0 1 0 
1 0 0 0 1 0 0 0 0 0 
0 1 0 0 0 1 1 0 1 0 
0 0 0 0 1 0 0 0 1 1 
0 1 1 0 0 0 0 0 1 0 
0 1 1 1 0 1 0 1 0 0 
0 0 0 0 0 0 0 0 1 0 
0 0 0 1 0 0 0 0 0 0 
0 0 0 0 1 0 1 0 0 0 
0 0 0 1 0 0 0 0 0 0 
0 0 0 0 1 0 0 0 0 1 
0 1 0 0 1 0 0 0 1 0 
0 0 0 0 1 0 0 1 1 0 
0 0 1 1 0 0 0 0 0 1 
1 0 0 1 0 0 0 0 0 0 
0 0 0 0 0 0 0 0 0 1 
1 0 0 1 0 0 0 0 1 0 
0 0 0 1 0 0 0 0 0 0 
0 1 0 0 0 0 1 0 0 0 
numSequences: 3628800
minStacks: 10
Best sequence:
9 3 0 4 2 1 5 6 7 8 
1 1 0 1 0 0 0 0 0 1 
0 0 0 0 0 0 0 0 0 1 
0 0 1 1 0 0 0 0 0 0 
0 0 0 0 0 1 1 1 0 1 
1 0 0 1 0 0 0 0 0 1 
0 0 0 0 1 1 0 0 0 1 
0 1 0 0 1 1 1 0 1 0 
0 0 0 0 0 0 0 0 0 1 
0 1 0 0 0 0 0 0 0 0 
0 0 0 1 0 0 0 1 0 0 
0 1 0 0 0 0 0 0 0 0 
1 0 0 1 0 0 0 0 0 0 
0 0 0 1 0 1 0 0 0 1 
0 0 0 1 0 0 0 0 1 1 
1 1 0 0 1 0 0 0 0 0 
0 1 1 0 0 0 0 0 0 0 
1 0 0 0 0 0 0 0 0 0 
0 1 1 0 0 0 0 0 0 1 
0 1 0 0 0 0 0 0 0 0 
0 0 0 0 0 1 0 1 0 0 
Open stacks: 10
Took 8.25 seconds

buffer: HS problem 582 size 20 10 density  0.20
numCustomers: 20
numProducts: 10
0 0 1 0 0 0 0 1 0 0 
0 0 0 0 0 0 0 1 0 0 
0 0 0 1 0 0 0 0 0 1 
1 0 0 0 0 0 1 0 1 0 
0 0 0 0 0 0 0 1 0 0 
0 1 0 0 0 0 0 1 0 0 
0 0 0 0 0 0 0 1 0 0 
1 0 0 0 0 0 1 1 0 1 
0 0 0 0 0 1 0 0 0 0 
0 0 0 1 0 1 0 0 1 1 
1 0 0 0 1 0 1 1 0 1 
0 0 0 0 0 0 1 0 1 0 
0 1 1 0 0 0 0 0 0 0 
1 0 0 0 0 0 0 0 0 0 
0 0 0 0 0 0 0 0 1 0 
0 0 0 0 0 0 0 1 1 1 
0 0 0 0 0 1 0 1 0 0 
0 0 0 0 0 1 1 0 1 0 
0 0 1 0 0 1 0 1 0 0 
0 0 0 1 0 0 0 0 1 0 
numSequences: 3628800
minStacks: 10
Best sequence:
9 8 3 5 0 1 4 6 2 7 
0 0 0 0 0 0 0 0 1 1 
0 0 0 0 0 0 0 0 0 1 
1 0 1 0 0 0 0 0 0 0 
0 1 0 0 1 0 0 1 0 0 
0 0 0 0 0 0 0 0 0 1 
0 0 0 0 0 1 0 0 0 1 
0 0 0 0 0 0 0 0 0 1 
1 0 0 0 1 0 0 1 0 1 
0 0 0 1 0 0 0 0 0 0 
1 1 1 1 0 0 0 0 0 0 
1 0 0 0 1 0 1 1 0 1 
0 1 0 0 0 0 0 1 0 0 
0 0 0 0 0 1 0 0 1 0 
0 0 0 0 1 0 0 0 0 0 
0 1 0 0 0 0 0 0 0 0 
1 1 0 0 0 0 0 0 0 1 
0 0 0 1 0 0 0 0 0 1 
0 1 0 1 0 0 0 1 0 0 
0 0 0 1 0 0 0 0 1 1 
0 1 1 0 0 0 0 0 0 0 
Open stacks: 10
Took 8.25 seconds

buffer: HS problem 583 size 20 10 density  0.20
numCustomers: 20
numProducts: 10
0 0 0 0 0 1 0 0 0 0 
0 0 1 0 0 1 0 0 0 0 
1 1 0 0 0 1 0 0 1 0 
0 0 0 0 0 0 1 0 0 0 
0 0 0 0 1 1 0 0 0 1 
0 0 0 0 1 0 0 1 0 0 
0 0 0 0 1 0 0 0 1 0 
0 0 0 0 0 0 0 1 0 0 
0 0 0 0 1 0 1 1 0 0 
0 0 0 0 0 0 0 0 0 1 
0 0 1 1 1 0 1 0 0 0 
0 0 1 0 0 0 0 0 0 0 
0 0 1 0 0 0 0 0 0 1 
0 0 0 1 0 0 0 0 0 0 
0 0 0 0 1 1 0 0 0 0 
0 0 0 1 0 0 0 0 0 0 
0 0 0 0 1 1 0 0 0 0 
0 0 0 1 0 0 0 0 0 0 
0 0 0 1 0 1 0 0 1 1 
0 0 0 0 1 0 0 0 0 0 
numSequences: 3628800
minStacks: 8
Best sequence:
9 3 2 5 8 0 1 6 4 7 
0 0 0 1 0 0 0 0 0 0 
0 0 1 1 0 0 0 0 0 0 
0 0 0 1 1 1 1 0 0 0 
0 0 0 0 0 0 0 1 0 0 
1 0 0 1 0 0 0 0 1 0 
0 0 0 0 0 0 0 0 1 1 
0 0 0 0 1 0 0 0 1 0 
0 0 0 0 0 0 0 0 0 1 
0 0 0 0 0 0 0 1 1 1 
1 0 0 0 0 0 0 0 0 0 
0 1 1 0 0 0 0 1 1 0 
0 0 1 0 0 0 0 0 0 0 
1 0 1 0 0 0 0 0 0 0 
0 1 0 0 0 0 0 0 0 0 
0 0 0 1 0 0 0 0 1 0 
0 1 0 0 0 0 0 0 0 0 
0 0 0 1 0 0 0 0 1 0 
0 1 0 0 0 0 0 0 0 0 
1 1 0 1 1 0 0 0 0 0 
0 0 0 0 0 0 0 0 1 0 
Open stacks: 8
Took 8.24 seconds

buffer: HS problem 584 size 20 10 density  0.20
numCustomers: 20
numProducts: 10
0 0 1 1 0 1 1 0 0 0 
0 0 0 1 0 0 1 0 0 0 
0 0 0 1 0 0 0 0 1 0 
1 1 0 0 0 1 1 0 0 0 
0 0 0 0 0 0 0 0 0 1 
1 0 0 0 0 1 0 0 0 0 
0 0 1 1 0 0 0 0 0 1 
0 0 0 0 0 0 1 0 0 0 
0 0 1 1 0 0 1 0 0 0 
0 0 0 0 0 0 0 1 0 1 
0 0 0 0 0 0 1 0 0 0 
0 0 1 0 0 0 0 0 0 0 
0 0 0 0 1 0 0 0 0 0 
0 0 1 1 0 0 0 0 0 0 
0 0 0 0 0 0 0 1 0 0 
1 0 0 0 0 0 0 0 0 1 
1 0 0 0 0 0 1 0 0 0 
0 1 0 1 0 0 0 1 0 1 
0 0 1 0 1 0 0 0 0 0 
0 0 1 0 0 0 0 0 1 0 
numSequences: 3628800
minStacks: 8
Best sequence:
8 4 2 3 9 7 5 0 6 1 
0 0 1 1 0 0 1 0 1 0 
0 0 0 1 0 0 0 0 1 0 
1 0 0 1 0 0 0 0 0 0 
0 0 0 0 0 0 1 1 1 1 
0 0 0 0 1 0 0 0 0 0 
0 0 0 0 0 0 1 1 0 0 
0 0 1 1 1 0 0 0 0 0 
0 0 0 0 0 0 0 0 1 0 
0 0 1 1 0 0 0 0 1 0 
0 0 0 0 1 1 0 0 0 0 
0 0 0 0 0 0 0 0 1 0 
0 0 1 0 0 0 0 0 0 0 
0 1 0 0 0 0 0 0 0 0 
0 0 1 1 0 0 0 0 0 0 
0 0 0 0 0 1 0 0 0 0 
0 0 0 0 1 0 0 1 0 0 
0 0 0 0 0 0 0 1 1 0 
0 0 0 1 1 1 0 0 0 1 
0 1 1 0 0 0 0 0 0 0 
1 0 1 0 0 0 0 0 0 0 
Open stacks: 8
Took 8.25 seconds

buffer: HS problem 585 size 20 10 density  0.20
numCustomers: 20
numProducts: 10
0 0 0 0 1 1 1 0 0 1 
0 0 0 0 0 0 1 0 1 0 
0 0 0 0 0 0 0 1 0 0 
0 0 1 0 0 1 0 0 0 0 
0 1 0 1 0 0 0 0 0 0 
1 0 1 0 0 0 0 0 0 0 
0 0 0 1 0 0 0 1 0 1 
0 0 0 0 0 0 0 0 1 0 
0 1 0 0 0 0 1 0 0 1 
1 0 0 0 0 0 0 0 0 0 
0 0 0 0 0 0 0 0 0 1 
0 1 0 0 0 0 0 0 1 0 
0 0 0 0 0 1 1 0 0 0 
0 0 1 0 1 1 0 0 0 0 
0 0 0 1 0 0 0 0 1 0 
0 0 1 1 0 1 0 0 0 0 
0 0 1 1 1 0 0 0 0 0 
1 0 0 1 0 0 0 0 0 0 
1 0 0 0 0 1 1 0 0 1 
0 0 0 0 0 0 0 1 0 0 
numSequences: 3628800
minStacks: 9
Best sequence:
9 6 5 4 2 0 1 3 7 8 
1 1 1 1 0 0 0 0 0 0 
0 1 0 0 0 0 0 0 0 1 
0 0 0 0 0 0 0 0 1 0 
0 0 1 0 1 0 0 0 0 0 
0 0 0 0 0 0 1 1 0 0 
0 0 0 0 1 1 0 0 0 0 
1 0 0 0 0 0 0 1 1 0 
0 0 0 0 0 0 0 0 0 1 
1 1 0 0 0 0 1 0 0 0 
0 0 0 0 0 1 0 0 0 0 
1 0 0 0 0 0 0 0 0 0 
0 0 0 0 0 0 1 0 0 1 
0 1 1 0 0 0 0 0 0 0 
0 0 1 1 1 0 0 0 0 0 
0 0 0 0 0 0 0 1 0 1 
0 0 1 0 1 0 0 1 0 0 
0 0 0 1 1 0 0 1 0 0 
0 0 0 0 0 1 0 1 0 0 
1 1 1 0 0 1 0 0 0 0 
0 0 0 0 0 0 0 0 1 0 
Open stacks: 9
Took 8.24 seconds

buffer: HS problem 586 size 20 10 density  0.20
numCustomers: 20
numProducts: 10
0 1 1 1 0 0 0 0 0 1 
0 0 0 1 0 0 0 1 0 0 
0 1 0 0 0 1 1 0 0 0 
0 0 0 0 1 0 1 0 0 1 
0 0 0 0 0 0 0 0 1 1 
0 0 0 0 0 0 1 0 0 0 
0 1 0 0 0 0 0 0 1 1 
0 0 1 0 0 0 0 0 1 0 
0 0 0 0 0 1 0 0 0 0 
0 0 0 0 1 0 0 0 0 0 
0 0 0 0 0 0 1 0 0 0 
0 1 1 0 0 0 0 0 0 1 
0 0 0 0 0 0 0 1 0 1 
0 0 0 0 0 0 0 1 0 0 
1 1 0 0 0 0 0 0 0 0 
1 0 0 0 0 0 1 0 0 0 
0 0 0 0 1 0 0 0 0 1 
0 0 0 1 0 0 0 0 0 0 
0 0 1 1 1 0 1 1 0 1 
1 0 0 0 0 0 0 1 0 1 
numSequences: 3628800
minStacks: 9
Best sequence:
4 9 8 2 1 0 5 6 3 7 
0 1 0 1 1 0 0 0 1 0 
0 0 0 0 0 0 0 0 1 1 
0 0 0 0 1 0 1 1 0 0 
1 1 0 0 0 0 0 1 0 0 
0 1 1 0 0 0 0 0 0 0 
0 0 0 0 0 0 0 1 0 0 
0 1 1 0 1 0 0 0 0 0 
0 0 1 1 0 0 0 0 0 0 
0 0 0 0 0 0 1 0 0 0 
1 0 0 0 0 0 0 0 0 0 
0 0 0 0 0 0 0 1 0 0 
0 1 0 1 1 0 0 0 0 0 
0 1 0 0 0 0 0 0 0 1 
0 0 0 0 0 0 0 0 0 1 
0 0 0 0 1 1 0 0 0 0 
0 0 0 0 0 1 0 1 0 0 
1 1 0 0 0 0 0 0 0 0 
0 0 0 0 0 0 0 0 1 0 
1 1 0 1 0 0 0 1 1 1 
0 1 0 0 0 1 0 0 0 1 
Open stacks: 9
Took 8.25 seconds

buffer: HS problem 587 size 20 10 density  0.20
numCustomers: 20
numProducts: 10
1 0 0 0 0 1 0 0 0 0 
0 0 0 0 0 0 0 0 0 1 
0 0 0 0 0 1 1 0 0 0 
0 0 1 0 0 0 0 0 1 0 
1 0 0 0 0 0 1 0 0 0 
0 0 1 0 1 0 0 0 0 1 
1 1 0 0 1 0 0 0 0 1 
0 1 0 0 0 0 0 0 0 0 
0 1 0 1 0 0 1 0 0 0 
0 0 1 0 0 1 0 0 0 0 
0 0 0 0 1 0 0 0 0 0 
0 0 0 0 0 0 0 1 1 0 
0 0 0 1 0 0 0 0 1 1 
0 1 0 1 0 0 0 1 1 0 
0 0 0 0 1 0 0 1 0 0 
0 0 0 0 0 1 0 1 0 1 
0 0 0 1 0 1 0 0 0 0 
0 0 0 0 0 0 0 0 1 1 
0 0 0 0 0 0 0 1 0 0 
0 0 0 1 1 0 0 0 1 0 
numSequences: 3628800
minStacks: 9
Best sequence:
7 4 9 8 1 3 5 6 2 0 
0 0 0 0 0 0 1 0 0 1 
0 0 1 0 0 0 0 0 0 0 
0 0 0 0 0 0 1 1 0 0 
0 0 0 1 0 0 0 0 1 0 
0 0 0 0 0 0 0 1 0 1 
0 1 1 0 0 0 0 0 1 0 
0 1 1 0 1 0 0 0 0 1 
0 0 0 0 1 0 0 0 0 0 
0 0 0 0 1 1 0 1 0 0 
0 0 0 0 0 0 1 0 1 0 
0 1 0 0 0 0 0 0 0 0 
1 0 0 1 0 0 0 0 0 0 
0 0 1 1 0 1 0 0 0 0 
1 0 0 1 1 1 0 0 0 0 
1 1 0 0 0 0 0 0 0 0 
1 0 1 0 0 0 1 0 0 0 
0 0 0 0 0 1 1 0 0 0 
0 0 1 1 0 0 0 0 0 0 
1 0 0 0 0 0 0 0 0 0 
0 1 0 1 0 1 0 0 0 0 
Open stacks: 9
Took 8.24 seconds

buffer: HS problem 588 size 20 10 density  0.20
numCustomers: 20
numProducts: 10
0 0 0 0 0 0 0 0 1 1 
0 0 0 1 0 0 0 0 0 0 
0 1 0 0 0 0 1 0 0 0 
1 0 0 0 0 0 0 0 0 0 
0 0 1 0 0 0 0 0 0 0 
0 0 0 0 1 0 0 0 0 0 
0 1 0 0 0 0 0 0 0 0 
0 1 0 0 0 0 0 0 0 0 
1 1 1 0 0 0 1 0 0 0 
0 0 1 1 0 0 0 0 0 0 
0 0 0 0 0 0 0 1 0 0 
0 0 0 0 0 0 0 1 0 0 
0 0 0 0 1 0 0 0 0 1 
0 0 0 1 0 0 0 1 0 1 
1 1 0 0 0 0 0 1 0 1 
0 0 0 0 1 1 0 0 0 0 
0 0 0 0 0 1 0 0 0 0 
1 0 0 0 1 0 0 0 0 0 
0 0 1 1 0 0 0 0 1 0 
0 1 0 0 1 0 0 1 1 0 
numSequences: 3628800
minStacks: 7
Best sequence:
9 8 7 3 2 4 5 1 0 6 
1 1 0 0 0 0 0 0 0 0 
0 0 0 1 0 0 0 0 0 0 
0 0 0 0 0 0 0 1 0 1 
0 0 0 0 0 0 0 0 1 0 
0 0 0 0 1 0 0 0 0 0 
0 0 0 0 0 1 0 0 0 0 
0 0 0 0 0 0 0 1 0 0 
0 0 0 0 0 0 0 1 0 0 
0 0 0 0 1 0 0 1 1 1 
0 0 0 1 1 0 0 0 0 0 
0 0 1 0 0 0 0 0 0 0 
0 0 1 0 0 0 0 0 0 0 
1 0 0 0 0 1 0 0 0 0 
1 0 1 1 0 0 0 0 0 0 
1 0 1 0 0 0 0 1 1 0 
0 0 0 0 0 1 1 0 0 0 
0 0 0 0 0 0 1 0 0 0 
0 0 0 0 0 1 0 0 1 0 
0 1 0 1 1 0 0 0 0 0 
0 1 1 0 0 1 0 1 0 0 
Open stacks: 7
Took 8.24 seconds

buffer: HS problem 589 size 20 10 density  0.20
numCustomers: 20
numProducts: 10
0 0 0 1 0 0 1 0 0 0 
0 0 0 0 0 0 1 0 0 1 
0 1 0 0 0 0 0 0 0 0 
0 0 0 0 0 1 1 1 0 0 
0 0 0 0 0 0 1 1 0 0 
0 0 1 0 0 1 0 0 0 0 
1 0 0 0 0 1 0 0 0 0 
0 0 0 1 1 0 0 0 0 1 
0 0 0 0 0 1 0 0 1 0 
0 1 1 0 1 0 1 0 1 0 
0 1 0 0 0 0 0 0 0 0 
0 0 1 1 0 0 1 0 0 0 
0 0 1 0 0 0 0 0 0 0 
0 0 0 1 1 0 0 0 0 0 
1 1 0 0 0 0 0 0 0 0 
0 0 0 1 1 1 0 0 0 0 
1 0 1 0 1 0 0 1 0 0 
0 0 0 0 0 1 0 0 0 1 
0 0 1 0 0 0 0 0 0 0 
0 1 1 1 0 0 0 0 0 0 
numSequences: 3628800
minStacks: 10
Best sequence:
9 7 6 4 3 2 1 0 5 8 
0 0 1 0 1 0 0 0 0 0 
1 0 1 0 0 0 0 0 0 0 
0 0 0 0 0 0 1 0 0 0 
0 1 1 0 0 0 0 0 1 0 
0 1 1 0 0 0 0 0 0 0 
0 0 0 0 0 1 0 0 1 0 
0 0 0 0 0 0 0 1 1 0 
1 0 0 1 1 0 0 0 0 0 
0 0 0 0 0 0 0 0 1 1 
0 0 1 1 0 1 1 0 0 1 
0 0 0 0 0 0 1 0 0 0 
0 0 1 0 1 1 0 0 0 0 
0 0 0 0 0 1 0 0 0 0 
0 0 0 1 1 0 0 0 0 0 
0 0 0 0 0 0 1 1 0 0 
0 0 0 1 1 0 0 0 1 0 
0 1 0 1 0 1 0 1 0 0 
1 0 0 0 0 0 0 0 1 0 
0 0 0 0 0 1 0 0 0 0 
0 0 0 0 1 1 1 0 0 0 
Open stacks: 10
Took 8.24 seconds

buffer: HS problem 590 size 20 10 density  0.20
numCustomers: 20
numProducts: 10
1 0 0 0 1 0 0 0 0 0 
1 1 0 0 0 0 0 0 0 0 
0 1 0 0 0 1 0 0 0 1 
1 0 1 0 1 1 0 0 0 0 
0 0 1 0 0 0 0 0 1 0 
0 0 0 0 0 0 0 1 0 0 
0 0 0 0 0 0 1 0 1 0 
0 1 0 0 0 0 0 0 1 0 
0 0 0 0 0 0 0 0 1 1 
0 1 0 1 0 0 0 0 0 0 
0 0 0 0 1 0 0 0 1 0 
0 1 0 0 1 0 0 0 1 0 
0 1 0 0 0 0 0 0 0 0 
0 0 0 1 0 0 0 1 0 0 
0 1 0 0 0 1 0 1 0 0 
0 0 0 1 0 0 0 0 0 1 
0 0 1 0 0 0 0 0 1 0 
0 1 0 0 0 1 0 0 0 0 
0 0 0 0 0 1 0 1 0 0 
0 0 1 0 0 0 0 1 0 0 
numSequences: 3628800
minStacks: 10
Best sequence:
9 3 1 5 7 0 4 2 6 8 
0 0 0 0 0 1 1 0 0 0 
0 0 1 0 0 1 0 0 0 0 
1 0 1 1 0 0 0 0 0 0 
0 0 0 1 0 1 1 1 0 0 
0 0 0 0 0 0 0 1 0 1 
0 0 0 0 1 0 0 0 0 0 
0 0 0 0 0 0 0 0 1 1 
0 0 1 0 0 0 0 0 0 1 
1 0 0 0 0 0 0 0 0 1 
0 1 1 0 0 0 0 0 0 0 
0 0 0 0 0 0 1 0 0 1 
0 0 1 0 0 0 1 0 0 1 
0 0 1 0 0 0 0 0 0 0 
0 1 0 0 1 0 0 0 0 0 
0 0 1 1 1 0 0 0 0 0 
1 1 0 0 0 0 0 0 0 0 
0 0 0 0 0 0 0 1 0 1 
0 0 1 1 0 0 0 0 0 0 
0 0 0 1 1 0 0 0 0 0 
0 0 0 0 1 0 0 1 0 0 
Open stacks: 10
Took 8.23 seconds

buffer: HS problem 591 size 20 10 density  0.20
numCustomers: 20
numProducts: 10
0 0 0 0 0 0 0 1 0 0 
0 0 1 0 0 0 0 0 0 0 
1 0 1 0 0 0 0 0 1 0 
1 0 0 0 0 0 0 1 1 0 
0 0 0 1 0 1 0 0 1 0 
1 1 1 1 0 0 0 1 0 0 
0 0 0 0 0 1 1 0 0 0 
0 0 0 0 0 1 1 0 0 0 
0 0 0 0 0 1 0 0 0 0 
0 0 1 0 0 0 0 0 1 0 
0 0 1 1 0 0 0 0 1 0 
0 1 0 0 0 0 0 0 0 0 
1 0 0 1 0 0 1 0 0 0 
1 0 1 0 1 0 0 0 0 0 
0 0 0 0 0 0 0 0 1 0 
0 0 1 0 0 0 0 0 0 1 
1 1 0 0 0 1 0 0 0 0 
0 0 0 0 0 1 0 0 0 0 
0 0 1 0 0 0 0 0 0 0 
1 0 0 0 1 0 0 0 1 1 
numSequences: 3628800
minStacks: 9
Best sequence:
9 2 8 0 3 4 5 6 1 7 
0 0 0 0 0 0 0 0 0 1 
0 1 0 0 0 0 0 0 0 0 
0 1 1 1 0 0 0 0 0 0 
0 0 1 1 0 0 0 0 0 1 
0 0 1 0 1 0 1 0 0 0 
0 1 0 1 1 0 0 0 1 1 
0 0 0 0 0 0 1 1 0 0 
0 0 0 0 0 0 1 1 0 0 
0 0 0 0 0 0 1 0 0 0 
0 1 1 0 0 0 0 0 0 0 
0 1 1 0 1 0 0 0 0 0 
0 0 0 0 0 0 0 0 1 0 
0 0 0 1 1 0 0 1 0 0 
0 1 0 1 0 1 0 0 0 0 
0 0 1 0 0 0 0 0 0 0 
1 1 0 0 0 0 0 0 0 0 
0 0 0 1 0 0 1 0 1 0 
0 0 0 0 0 0 1 0 0 0 
0 1 0 0 0 0 0 0 0 0 
1 0 1 1 0 1 0 0 0 0 
Open stacks: 9
Took 8.25 seconds

buffer: HS problem 592 size 20 10 density  0.20
numCustomers: 20
numProducts: 10
0 1 1 0 0 0 0 0 1 0 
0 0 1 0 0 0 0 0 0 1 
1 0 0 1 0 0 0 0 0 0 
0 0 0 0 0 0 0 1 1 0 
0 0 0 0 0 0 0 0 0 1 
0 0 0 0 0 1 0 0 0 1 
0 0 0 0 0 0 1 0 0 1 
0 0 0 1 0 0 0 0 0 0 
0 0 0 0 0 0 0 1 1 1 
0 1 1 0 0 0 0 0 0 0 
0 0 0 0 0 0 1 1 0 0 
0 0 0 0 1 1 0 1 1 1 
0 0 0 0 0 1 0 0 0 0 
0 1 0 0 0 0 0 0 1 1 
0 0 1 0 0 1 1 0 0 0 
0 0 0 0 0 0 0 1 0 0 
0 0 0 0 1 0 1 0 0 1 
0 0 0 0 1 0 1 1 0 1 
1 0 1 0 1 0 0 1 0 0 
0 0 0 1 0 0 0 0 0 0 
numSequences: 3628800
minStacks: 10
Best sequence:
9 6 5 4 2 1 0 3 7 8 
0 0 0 0 1 1 0 0 0 1 
1 0 0 0 1 0 0 0 0 0 
0 0 0 0 0 0 1 1 0 0 
0 0 0 0 0 0 0 0 1 1 
1 0 0 0 0 0 0 0 0 0 
1 0 1 0 0 0 0 0 0 0 
1 1 0 0 0 0 0 0 0 0 
0 0 0 0 0 0 0 1 0 0 
1 0 0 0 0 0 0 0 1 1 
0 0 0 0 1 1 0 0 0 0 
0 1 0 0 0 0 0 0 1 0 
1 0 1 1 0 0 0 0 1 1 
0 0 1 0 0 0 0 0 0 0 
1 0 0 0 0 1 0 0 0 1 
0 1 1 0 1 0 0 0 0 0 
0 0 0 0 0 0 0 0 1 0 
1 1 0 1 0 0 0 0 0 0 
1 1 0 1 0 0 0 0 1 0 
0 0 0 1 1 0 1 0 1 0 
0 0 0 0 0 0 0 1 0 0 
Open stacks: 10
Took 8.25 seconds

buffer: HS problem 593 size 20 10 density  0.20
numCustomers: 20
numProducts: 10
0 0 0 1 0 0 0 0 0 0 
1 1 0 1 1 0 0 0 0 0 
0 1 1 0 0 1 0 0 0 0 
0 0 0 0 0 1 0 0 0 0 
0 0 0 1 1 0 0 0 0 0 
0 0 0 0 0 1 0 0 0 0 
0 0 0 0 0 1 0 0 0 0 
0 0 0 1 0 0 1 0 0 0 
1 0 1 1 0 0 0 1 0 0 
0 0 0 0 0 0 1 0 0 0 
0 0 1 1 0 0 0 0 0 0 
0 0 0 0 1 0 0 0 0 0 
0 1 0 1 1 0 0 1 0 1 
0 0 0 0 1 0 0 0 0 0 
0 0 1 0 0 0 0 0 0 0 
1 1 0 0 1 0 0 1 0 0 
0 0 1 0 0 0 1 0 0 0 
1 0 0 0 0 0 0 0 0 1 
0 0 0 0 0 0 0 0 1 0 
0 0 1 1 0 0 1 1 0 1 
numSequences: 3628800
minStacks: 9
Best sequence:
9 6 5 2 1 0 3 4 7 8 
0 0 0 0 0 0 1 0 0 0 
0 0 0 0 1 1 1 1 0 0 
0 0 1 1 1 0 0 0 0 0 
0 0 1 0 0 0 0 0 0 0 
0 0 0 0 0 0 1 1 0 0 
0 0 1 0 0 0 0 0 0 0 
0 0 1 0 0 0 0 0 0 0 
0 1 0 0 0 0 1 0 0 0 
0 0 0 1 0 1 1 0 1 0 
0 1 0 0 0 0 0 0 0 0 
0 0 0 1 0 0 1 0 0 0 
0 0 0 0 0 0 0 1 0 0 
1 0 0 0 1 0 1 1 1 0 
0 0 0 0 0 0 0 1 0 0 
0 0 0 1 0 0 0 0 0 0 
0 0 0 0 1 1 0 1 1 0 
0 1 0 1 0 0 0 0 0 0 
1 0 0 0 0 1 0 0 0 0 
0 0 0 0 0 0 0 0 0 1 
1 1 0 1 0 0 1 0 1 0 
Open stacks: 9
Took 8.26 seconds

buffer: HS problem 594 size 20 10 density  0.20
numCustomers: 20
numProducts: 10
0 0 0 1 0 0 0 0 0 1 
0 1 0 0 0 0 0 0 0 0 
0 1 0 0 0 0 1 0 0 0 
0 0 0 1 0 1 0 1 0 0 
0 0 1 0 0 0 0 0 1 1 
0 0 0 0 0 0 0 1 0 0 
1 1 0 0 0 0 0 0 0 0 
0 0 0 0 1 0 1 0 1 0 
1 0 0 0 0 0 0 0 0 0 
0 1 1 0 1 0 1 0 0 1 
0 0 0 0 0 0 0 0 1 0 
0 1 1 0 1 0 1 0 0 0 
0 1 0 0 0 0 0 0 0 0 
0 0 0 1 0 0 0 0 0 0 
0 0 1 1 0 0 0 0 0 1 
0 0 0 0 0 0 1 1 0 1 
0 1 0 1 0 0 1 0 0 0 
0 0 1 1 0 0 1 0 0 0 
0 0 0 1 0 1 0 0 0 0 
0 1 0 1 0 0 0 0 0 0 
numSequences: 3628800
minStacks: 9
Best sequence:
5 3 9 7 8 4 2 6 1 0 
0 1 1 0 0 0 0 0 0 0 
0 0 0 0 0 0 0 0 1 0 
0 0 0 0 0 0 0 1 1 0 
1 1 0 1 0 0 0 0 0 0 
0 0 1 0 1 0 1 0 0 0 
0 0 0 1 0 0 0 0 0 0 
0 0 0 0 0 0 0 0 1 1 
0 0 0 0 1 1 0 1 0 0 
0 0 0 0 0 0 0 0 0 1 
0 0 1 0 0 1 1 1 1 0 
0 0 0 0 1 0 0 0 0 0 
0 0 0 0 0 1 1 1 1 0 
0 0 0 0 0 0 0 0 1 0 
0 1 0 0 0 0 0 0 0 0 
0 1 1 0 0 0 1 0 0 0 
0 0 1 1 0 0 0 1 0 0 
0 1 0 0 0 0 0 1 1 0 
0 1 0 0 0 0 1 1 0 0 
1 1 0 0 0 0 0 0 0 0 
0 1 0 0 0 0 0 0 1 0 
Open stacks: 9
Took 8.25 seconds

buffer: HS problem 595 size 20 10 density  0.20
numCustomers: 20
numProducts: 10
0 1 0 0 1 1 0 0 1 0 
0 0 0 0 0 1 0 0 0 1 
0 0 0 0 1 0 1 0 0 0 
0 0 1 0 0 0 0 0 0 0 
0 0 1 0 0 1 0 0 0 0 
0 0 0 0 1 0 1 0 0 0 
0 0 0 0 1 0 0 1 0 0 
1 0 0 0 0 0 0 0 0 0 
0 0 0 0 0 1 0 1 0 0 
0 1 0 1 0 0 0 0 0 0 
0 1 0 1 0 1 1 0 0 0 
0 0 0 1 0 0 0 0 0 1 
0 0 0 1 0 0 0 0 0 0 
0 1 0 1 0 0 0 1 0 0 
0 0 0 0 1 1 0 1 0 0 
0 1 0 0 0 0 0 0 1 0 
0 0 1 0 0 0 0 1 0 0 
0 0 0 0 0 1 0 1 1 0 
1 0 0 1 0 1 0 0 0 0 
0 1 0 0 0 0 0 0 0 0 
numSequences: 3628800
minStacks: 9
Best sequence:
9 8 1 3 5 0 2 6 4 7 
0 1 1 0 1 0 0 0 1 0 
1 0 0 0 1 0 0 0 0 0 
0 0 0 0 0 0 0 1 1 0 
0 0 0 0 0 0 1 0 0 0 
0 0 0 0 1 0 1 0 0 0 
0 0 0 0 0 0 0 1 1 0 
0 0 0 0 0 0 0 0 1 1 
0 0 0 0 0 1 0 0 0 0 
0 0 0 0 1 0 0 0 0 1 
0 0 1 1 0 0 0 0 0 0 
0 0 1 1 1 0 0 1 0 0 
1 0 0 1 0 0 0 0 0 0 
0 0 0 1 0 0 0 0 0 0 
0 0 1 1 0 0 0 0 0 1 
0 0 0 0 1 0 0 0 1 1 
0 1 1 0 0 0 0 0 0 0 
0 0 0 0 0 0 1 0 0 1 
0 1 0 0 1 0 0 0 0 1 
0 0 0 1 1 1 0 0 0 0 
0 0 1 0 0 0 0 0 0 0 
Open stacks: 9
Took 8.23 seconds

buffer: HS problem 596 size 20 10 density  0.20
numCustomers: 20
numProducts: 10
0 0 0 1 0 0 1 0 0 0 
0 0 0 0 0 0 1 1 0 0 
1 0 0 0 0 1 0 0 0 0 
0 0 0 1 0 0 0 1 0 0 
0 1 0 0 0 0 1 0 1 0 
0 0 0 0 0 0 1 0 1 0 
1 0 0 1 0 0 1 0 0 1 
1 0 0 1 0 0 1 0 1 1 
0 1 1 0 0 0 0 0 1 0 
0 1 1 0 0 0 0 0 1 1 
0 1 0 0 0 0 0 1 1 0 
1 0 0 1 0 1 0 0 1 0 
1 0 0 0 0 0 0 0 0 0 
0 0 1 0 1 0 0 0 0 1 
0 0 0 0 0 1 0 0 0 0 
0 0 1 0 0 0 1 1 0 0 
1 1 0 0 0 0 1 0 1 0 
0 0 1 0 0 1 1 0 0 0 
0 0 0 0 1 0 0 0 1 0 
0 0 0 0 1 1 1 0 0 0 
numSequences: 3628800
minStacks: 12
Best sequence:
8 2 1 9 4 0 5 6 7 3 
0 0 0 0 0 0 0 1 0 1 
0 0 0 0 0 0 0 1 1 0 
0 0 0 0 0 1 1 0 0 0 
0 0 0 0 0 0 0 0 1 1 
1 0 1 0 0 0 0 1 0 0 
1 0 0 0 0 0 0 1 0 0 
0 0 0 1 0 1 0 1 0 1 
1 0 0 1 0 1 0 1 0 1 
1 1 1 0 0 0 0 0 0 0 
1 1 1 1 0 0 0 0 0 0 
1 0 1 0 0 0 0 0 1 0 
1 0 0 0 0 1 1 0 0 1 
0 0 0 0 0 1 0 0 0 0 
0 1 0 1 1 0 0 0 0 0 
0 0 0 0 0 0 1 0 0 0 
0 1 0 0 0 0 0 1 1 0 
1 0 1 0 0 1 0 1 0 0 
0 1 0 0 0 0 1 1 0 0 
1 0 0 0 1 0 0 0 0 0 
0 0 0 0 1 0 1 1 0 0 
Open stacks: 12
Took 8.26 seconds

buffer: HS problem 597 size 20 10 density  0.20
numCustomers: 20
numProducts: 10
0 0 0 1 0 0 0 0 0 0 
0 0 0 1 1 0 0 0 0 0 
1 0 0 0 0 0 0 0 0 0 
0 0 0 0 1 0 1 0 0 0 
0 0 0 1 0 0 0 1 0 0 
1 0 0 0 0 0 1 1 0 0 
1 1 0 0 1 0 0 1 0 0 
0 1 0 0 0 0 0 0 1 0 
1 0 0 0 0 0 0 0 0 0 
0 0 0 0 0 0 0 0 1 0 
0 0 0 0 1 0 0 1 0 0 
0 0 0 0 0 1 1 1 0 0 
0 0 0 0 0 0 0 0 1 0 
0 0 1 0 0 0 0 0 0 0 
0 0 0 0 0 0 1 0 0 0 
0 0 0 0 0 0 1 0 0 1 
0 0 0 1 0 0 1 0 0 0 
0 0 1 0 0 1 0 0 0 0 
0 0 1 1 0 0 0 0 0 0 
1 1 0 1 0 1 0 0 0 0 
numSequences: 3628800
minStacks: 8
Best sequence:
9 6 0 7 4 3 1 2 5 8 
0 0 0 0 0 1 0 0 0 0 
0 0 0 0 1 1 0 0 0 0 
0 0 1 0 0 0 0 0 0 0 
0 1 0 0 1 0 0 0 0 0 
0 0 0 1 0 1 0 0 0 0 
0 1 1 1 0 0 0 0 0 0 
0 0 1 1 1 0 1 0 0 0 
0 0 0 0 0 0 1 0 0 1 
0 0 1 0 0 0 0 0 0 0 
0 0 0 0 0 0 0 0 0 1 
0 0 0 1 1 0 0 0 0 0 
0 1 0 1 0 0 0 0 1 0 
0 0 0 0 0 0 0 0 0 1 
0 0 0 0 0 0 0 1 0 0 
0 1 0 0 0 0 0 0 0 0 
1 1 0 0 0 0 0 0 0 0 
0 1 0 0 0 1 0 0 0 0 
0 0 0 0 0 0 0 1 1 0 
0 0 0 0 0 1 0 1 0 0 
0 0 1 0 0 1 1 0 1 0 
Open stacks: 8
Took 8.24 seconds

buffer: HS problem 598 size 20 10 density  0.20
numCustomers: 20
numProducts: 10
0 0 0 0 0 0 1 0 0 0 
1 0 0 0 0 0 1 0 0 1 
0 0 1 1 0 1 0 0 0 0 
0 0 1 0 0 0 0 0 0 1 
0 0 0 0 0 0 0 1 0 0 
0 0 0 0 0 0 0 0 0 1 
0 0 0 0 0 0 0 1 0 0 
0 0 0 0 1 0 0 0 1 0 
0 0 1 0 1 0 1 0 1 0 
0 0 0 0 0 0 0 0 1 0 
0 0 0 1 0 0 0 0 0 1 
0 0 0 0 1 1 0 0 0 0 
0 0 0 0 1 0 0 0 1 0 
1 0 1 0 0 0 0 0 0 0 
1 0 1 1 1 0 0 0 0 1 
0 0 0 1 1 0 0 0 1 0 
0 0 0 0 1 1 0 0 0 0 
1 1 1 0 1 1 0 0 0 0 
1 0 0 0 0 0 0 1 0 0 
0 0 0 1 0 0 0 0 0 0 
numSequences: 3628800
minStacks: 8
Best sequence:
9 7 0 2 3 1 5 6 4 8 
0 0 0 0 0 0 0 1 0 0 
1 0 1 0 0 0 0 1 0 0 
0 0 0 1 1 0 1 0 0 0 
1 0 0 1 0 0 0 0 0 0 
0 1 0 0 0 0 0 0 0 0 
1 0 0 0 0 0 0 0 0 0 
0 1 0 0 0 0 0 0 0 0 
0 0 0 0 0 0 0 0 1 1 
0 0 0 1 0 0 0 1 1 1 
0 0 0 0 0 0 0 0 0 1 
1 0 0 0 1 0 0 0 0 0 
0 0 0 0 0 0 1 0 1 0 
0 0 0 0 0 0 0 0 1 1 
0 0 1 1 0 0 0 0 0 0 
1 0 1 1 1 0 0 0 1 0 
0 0 0 0 1 0 0 0 1 1 
0 0 0 0 0 0 1 0 1 0 
0 0 1 1 0 1 1 0 1 0 
0 1 1 0 0 0 0 0 0 0 
0 0 0 0 1 0 0 0 0 0 
Open stacks: 8
Took 8.25 seconds

buffer: HS problem 599 size 20 10 density  0.20
numCustomers: 20
numProducts: 10
0 0 0 0 0 1 0 1 0 1 
1 1 0 0 0 0 0 0 0 0 
1 0 1 0 1 0 1 1 0 0 
1 0 0 1 0 0 0 0 0 0 
1 0 1 0 0 1 0 0 1 0 
1 0 0 0 0 0 0 0 0 0 
0 1 0 1 0 1 0 0 0 0 
0 0 0 1 0 0 0 0 0 0 
0 0 0 0 0 0 0 1 0 1 
1 1 1 1 0 1 1 1 0 0 
1 0 0 0 1 0 0 0 0 0 
0 0 0 0 0 0 0 1 0 0 
1 0 0 0 0 0 0 0 0 0 
0 0 0 0 0 0 1 1 1 1 
0 1 0 0 0 0 0 0 1 0 
0 0 0 0 0 0 0 0 0 1 
0 0 0 0 0 0 0 0 0 1 
1 0 0 0 1 0 0 0 0 0 
0 1 0 0 0 1 0 0 0 1 
0 0 0 0 1 0 0 0 0 0 
numSequences: 3628800
minStacks: 9
Best sequence:
9 8 7 5 3 1 4 2 6 0 
1 0 1 1 0 0 0 0 0 0 
0 0 0 0 0 1 0 0 0 1 
0 0 1 0 0 0 1 1 1 1 
0 0 0 0 1 0 0 0 0 1 
0 1 0 1 0 0 0 1 0 1 
0 0 0 0 0 0 0 0 0 1 
0 0 0 1 1 1 0 0 0 0 
0 0 0 0 1 0 0 0 0 0 
1 0 1 0 0 0 0 0 0 0 
0 0 1 1 1 1 0 1 1 1 
0 0 0 0 0 0 1 0 0 1 
0 0 1 0 0 0 0 0 0 0 
0 0 0 0 0 0 0 0 0 1 
1 1 1 0 0 0 0 0 1 0 
0 1 0 0 0 1 0 0 0 0 
1 0 0 0 0 0 0 0 0 0 
1 0 0 0 0 0 0 0 0 0 
0 0 0 0 0 0 1 0 0 1 
1 0 0 1 0 1 0 0 0 0 
0 0 0 0 0 0 1 0 0 0 
Open stacks: 9
Took 8.27 seconds

buffer: HS problem 600 size 20 10 density  0.20
numCustomers: 20
numProducts: 10
0 1 1 1 0 0 0 0 0 0 
1 1 0 0 0 1 0 1 0 0 
0 0 0 0 0 1 0 0 0 1 
0 0 0 0 1 0 0 0 1 1 
1 0 0 0 0 1 0 0 0 0 
1 1 0 0 0 0 0 1 0 0 
0 0 1 0 0 0 0 1 1 1 
0 0 0 0 0 0 0 0 1 0 
0 0 0 0 0 0 1 0 0 0 
0 1 0 1 0 0 1 0 1 0 
1 0 0 0 0 0 0 0 0 0 
1 0 0 0 1 0 0 0 1 0 
0 1 0 1 0 0 1 1 0 0 
0 0 0 1 0 0 0 0 0 0 
0 0 1 0 0 0 0 0 0 0 
0 0 0 0 1 1 0 0 1 0 
0 0 1 0 0 0 0 0 0 0 
1 0 0 0 1 1 0 1 1 1 
0 0 0 0 1 0 0 0 0 0 
0 0 0 1 0 0 0 0 0 0 
numSequences: 3628800
minStacks: 8
Best sequence:
9 8 4 5 0 2 1 6 7 3 
0 0 0 0 0 1 1 0 0 1 
0 0 0 1 1 0 1 0 1 0 
1 0 0 1 0 0 0 0 0 0 
1 1 1 0 0 0 0 0 0 0 
0 0 0 1 1 0 0 0 0 0 
0 0 0 0 1 0 1 0 1 0 
1 1 0 0 0 1 0 0 1 0 
0 1 0 0 0 0 0 0 0 0 
0 0 0 0 0 0 0 1 0 0 
0 1 0 0 0 0 1 1 0 1 
0 0 0 0 1 0 0 0 0 0 
0 1 1 0 1 0 0 0 0 0 
0 0 0 0 0 0 1 1 1 1 
0 0 0 0 0 0 0 0 0 1 
0 0 0 0 0 1 0 0 0 0 
0 1 1 1 0 0 0 0 0 0 
0 0 0 0 0 1 0 0 0 0 
1 1 1 1 1 0 0 0 1 0 
0 0 1 0 0 0 0 0 0 0 
0 0 0 0 0 0 0 0 0 1 
Open stacks: 8
Took 8.26 seconds

buffer: HS problem 601 size 20 10 density  0.25
numCustomers: 20
numProducts: 10
0 0 0 0 0 0 0 0 1 1 
0 1 0 0 0 0 0 0 1 0 
1 0 0 0 0 0 0 1 0 0 
0 0 0 0 0 0 1 0 1 1 
0 0 0 1 0 1 0 0 0 0 
0 0 0 0 0 0 0 0 0 1 
0 0 0 0 0 0 0 0 0 1 
1 0 1 0 0 0 0 1 1 0 
0 0 0 0 0 0 0 1 0 0 
0 0 0 0 0 1 0 0 0 1 
0 0 0 0 0 1 0 0 0 0 
1 0 1 0 1 1 0 0 0 0 
1 1 0 0 0 1 1 0 1 0 
1 0 0 0 0 0 1 0 1 0 
0 0 1 0 0 0 1 0 1 0 
0 0 0 0 1 0 1 0 0 0 
0 0 0 0 0 0 0 0 1 0 
0 0 1 1 1 0 0 0 0 0 
0 0 0 0 0 1 0 1 0 0 
0 0 0 0 0 1 1 1 0 1 
numSequences: 3628800
minStacks: 10
Best sequence:
9 5 7 2 3 0 4 1 6 8 
1 0 0 0 0 0 0 0 0 1 
0 0 0 0 0 0 0 1 0 1 
0 0 1 0 0 1 0 0 0 0 
1 0 0 0 0 0 0 0 1 1 
0 1 0 0 1 0 0 0 0 0 
1 0 0 0 0 0 0 0 0 0 
1 0 0 0 0 0 0 0 0 0 
0 0 1 1 0 1 0 0 0 1 
0 0 1 0 0 0 0 0 0 0 
1 1 0 0 0 0 0 0 0 0 
0 1 0 0 0 0 0 0 0 0 
0 1 0 1 0 1 1 0 0 0 
0 1 0 0 0 1 0 1 1 1 
0 0 0 0 0 1 0 0 1 1 
0 0 0 1 0 0 0 0 1 1 
0 0 0 0 0 0 1 0 1 0 
0 0 0 0 0 0 0 0 0 1 
0 0 0 1 1 0 1 0 0 0 
0 1 1 0 0 0 0 0 0 0 
1 1 1 0 0 0 0 0 1 0 
Open stacks: 10
Took 8.26 seconds

buffer: HS problem 602 size 20 10 density  0.25
numCustomers: 20
numProducts: 10
0 0 0 1 0 0 0 1 0 0 
0 0 0 0 1 0 1 1 1 0 
0 0 1 1 0 0 1 0 0 0 
0 0 0 0 1 0 0 0 0 0 
1 0 0 0 0 0 1 1 1 0 
0 0 1 0 0 1 0 0 0 0 
0 1 0 0 1 1 1 0 0 1 
0 0 0 0 1 0 0 0 1 1 
0 0 0 0 0 1 0 1 0 0 
0 0 0 0 0 0 0 0 1 0 
1 1 1 0 0 0 1 0 0 0 
1 0 1 0 0 1 1 0 1 0 
1 0 1 0 0 0 0 0 0 0 
1 0 0 0 1 0 1 1 0 0 
0 1 1 0 0 1 0 0 0 1 
0 0 0 0 0 0 0 1 0 1 
0 1 0 1 1 0 0 0 0 1 
0 0 1 0 0 0 0 0 0 1 
0 1 1 1 1 0 0 1 0 0 
0 1 0 0 0 1 0 0 0 0 
numSequences: 3628800
minStacks: 12
Best sequence:
9 8 4 7 3 6 1 0 2 5 
0 0 0 1 1 0 0 0 0 0 
0 1 1 1 0 1 0 0 0 0 
0 0 0 0 1 1 0 0 1 0 
0 0 1 0 0 0 0 0 0 0 
0 1 0 1 0 1 0 1 0 0 
0 0 0 0 0 0 0 0 1 1 
1 0 1 0 0 1 1 0 0 1 
1 1 1 0 0 0 0 0 0 0 
0 0 0 1 0 0 0 0 0 1 
0 1 0 0 0 0 0 0 0 0 
0 0 0 0 0 1 1 1 1 0 
0 1 0 0 0 1 0 1 1 1 
0 0 0 0 0 0 0 1 1 0 
0 0 1 1 0 1 0 1 0 0 
1 0 0 0 0 0 1 0 1 1 
1 0 0 1 0 0 0 0 0 0 
1 0 1 0 1 0 1 0 0 0 
1 0 0 0 0 0 0 0 1 0 
0 0 1 1 1 0 1 0 1 0 
0 0 0 0 0 0 1 0 0 1 
Open stacks: 12
Took 8.27 seconds

buffer: HS problem 603 size 20 10 density  0.25
numCustomers: 20
numProducts: 10
1 0 0 0 1 1 0 0 1 0 
0 0 0 0 0 1 0 1 1 0 
0 0 0 1 0 0 1 0 1 0 
0 0 0 0 0 0 1 0 0 0 
0 0 0 1 0 0 0 0 0 0 
0 0 1 0 1 0 1 0 0 0 
1 0 0 1 1 0 0 0 0 0 
0 0 0 1 1 1 0 0 0 1 
1 0 0 0 0 1 1 0 0 0 
0 0 0 0 1 0 1 0 0 0 
1 0 0 0 1 1 1 1 0 0 
0 1 0 0 0 0 0 1 0 0 
0 0 0 0 0 0 1 0 0 0 
1 0 0 1 0 0 0 1 1 0 
0 0 0 0 1 0 0 0 0 0 
0 0 0 0 0 1 0 0 0 0 
0 0 0 0 1 0 0 0 0 0 
0 0 0 0 0 1 0 0 1 0 
0 0 0 0 0 0 0 0 1 1 
0 0 0 0 1 0 0 0 0 0 
numSequences: 3628800
minStacks: 10
Best sequence:
9 8 7 1 3 0 5 2 6 4 
0 1 0 0 0 1 1 0 0 1 
0 1 1 0 0 0 1 0 0 0 
0 1 0 0 1 0 0 0 1 0 
0 0 0 0 0 0 0 0 1 0 
0 0 0 0 1 0 0 0 0 0 
0 0 0 0 0 0 0 1 1 1 
0 0 0 0 1 1 0 0 0 1 
1 0 0 0 1 0 1 0 0 1 
0 0 0 0 0 1 1 0 1 0 
0 0 0 0 0 0 0 0 1 1 
0 0 1 0 0 1 1 0 1 1 
0 0 1 1 0 0 0 0 0 0 
0 0 0 0 0 0 0 0 1 0 
0 1 1 0 1 1 0 0 0 0 
0 0 0 0 0 0 0 0 0 1 
0 0 0 0 0 0 1 0 0 0 
0 0 0 0 0 0 0 0 0 1 
0 1 0 0 0 0 1 0 0 0 
1 1 0 0 0 0 0 0 0 0 
0 0 0 0 0 0 0 0 0 1 
Open stacks: 10
Took 8.27 seconds

buffer: HS problem 604 size 20 10 density  0.25
numCustomers: 20
numProducts: 10
0 0 0 0 0 1 0 0 0 0 
0 0 1 0 0 0 0 1 1 0 
0 1 0 0 0 0 0 1 0 0 
0 1 0 0 1 0 0 1 0 0 
0 0 0 1 0 1 1 0 0 0 
1 0 0 0 0 0 1 1 0 0 
1 0 0 0 0 1 0 0 0 1 
1 0 1 0 0 0 0 0 0 1 
0 0 0 0 1 0 1 0 1 0 
0 1 1 0 0 0 0 0 0 0 
0 0 0 0 1 1 0 0 0 0 
0 1 0 0 0 0 1 1 0 1 
0 0 0 1 0 0 0 0 1 0 
0 0 0 0 1 0 1 0 0 1 
0 0 1 0 0 1 0 1 1 0 
1 0 0 0 0 1 0 0 0 0 
1 0 0 0 1 0 0 0 0 0 
0 0 0 0 0 1 1 0 0 0 
0 1 0 0 1 1 0 0 0 1 
0 1 0 0 1 0 0 1 0 0 
numSequences: 3628800
minStacks: 12
Best sequence:
9 5 6 0 3 4 1 2 7 8 
0 1 0 0 0 0 0 0 0 0 
0 0 0 0 0 0 0 1 1 1 
0 0 0 0 0 0 1 0 1 0 
0 0 0 0 0 1 1 0 1 0 
0 1 1 0 1 0 0 0 0 0 
0 0 1 1 0 0 0 0 1 0 
1 1 0 1 0 0 0 0 0 0 
1 0 0 1 0 0 0 1 0 0 
0 0 1 0 0 1 0 0 0 1 
0 0 0 0 0 0 1 1 0 0 
0 1 0 0 0 1 0 0 0 0 
1 0 1 0 0 0 1 0 1 0 
0 0 0 0 1 0 0 0 0 1 
1 0 1 0 0 1 0 0 0 0 
0 1 0 0 0 0 0 1 1 1 
0 1 0 1 0 0 0 0 0 0 
0 0 0 1 0 1 0 0 0 0 
0 1 1 0 0 0 0 0 0 0 
1 1 0 0 0 1 1 0 0 0 
0 0 0 0 0 1 1 0 1 0 
Open stacks: 12
Took 8.25 seconds

buffer: HS problem 605 size 20 10 density  0.25
numCustomers: 20
numProducts: 10
0 0 0 0 0 0 0 0 0 1 
0 0 1 1 1 1 0 1 1 0 
0 0 0 0 0 0 0 0 1 0 
0 0 0 0 0 0 0 1 0 0 
0 0 1 0 0 0 0 0 0 0 
0 0 1 0 0 0 0 1 0 1 
0 0 0 0 0 1 1 0 0 0 
1 1 0 1 0 0 0 0 0 0 
0 0 0 0 0 1 0 1 1 1 
0 1 0 0 0 1 1 0 0 0 
1 1 0 0 0 0 0 0 0 0 
1 0 0 0 0 0 1 0 0 0 
1 1 1 0 0 0 1 0 0 0 
0 0 0 1 0 1 1 0 0 0 
0 0 1 0 0 0 0 0 0 0 
0 0 1 0 1 1 0 0 0 0 
0 0 0 0 0 1 0 1 1 1 
0 0 0 1 1 0 0 0 0 0 
1 0 0 0 0 0 1 0 1 1 
0 0 0 0 0 0 0 1 0 0 
numSequences: 3628800
minStacks: 9
Best sequence:
9 8 7 2 5 3 4 1 0 6 
1 0 0 0 0 0 0 0 0 0 
0 1 1 1 1 1 1 0 0 0 
0 1 0 0 0 0 0 0 0 0 
0 0 1 0 0 0 0 0 0 0 
0 0 0 1 0 0 0 0 0 0 
1 0 1 1 0 0 0 0 0 0 
0 0 0 0 1 0 0 0 0 1 
0 0 0 0 0 1 0 1 1 0 
1 1 1 0 1 0 0 0 0 0 
0 0 0 0 1 0 0 1 0 1 
0 0 0 0 0 0 0 1 1 0 
0 0 0 0 0 0 0 0 1 1 
0 0 0 1 0 0 0 1 1 1 
0 0 0 0 1 1 0 0 0 1 
0 0 0 1 0 0 0 0 0 0 
0 0 0 1 1 0 1 0 0 0 
1 1 1 0 1 0 0 0 0 0 
0 0 0 0 0 1 1 0 0 0 
1 1 0 0 0 0 0 0 1 1 
0 0 1 0 0 0 0 0 0 0 
Open stacks: 9
Took 8.26 seconds

buffer: HS problem 606 size 20 10 density  0.25
numCustomers: 20
numProducts: 10
0 1 0 0 1 0 0 0 0 0 
0 1 0 0 0 1 0 0 0 1 
0 0 0 1 0 0 0 0 1 0 
0 0 1 0 0 1 0 0 0 0 
0 0 1 0 0 0 0 1 1 0 
0 1 1 1 0 0 0 1 0 0 
0 0 0 0 0 1 1 1 1 1 
0 0 0 0 1 0 0 0 0 0 
0 1 0 0 1 0 1 0 0 1 
0 1 0 0 1 1 0 1 0 0 
0 0 0 0 0 0 0 0 0 1 
0 0 0 1 1 1 0 0 0 0 
0 0 0 0 0 0 1 0 0 0 
0 1 0 0 0 0 0 0 0 0 
0 0 1 0 0 0 0 0 0 1 
0 0 0 1 0 1 0 0 0 0 
0 0 0 1 0 1 0 0 1 0 
0 0 0 1 0 0 0 0 0 1 
1 0 0 0 0 1 0 1 0 0 
0 0 0 0 1 0 1 0 0 0 
numSequences: 3628800
minStacks: 10
Best sequence:
9 6 4 1 3 8 2 5 0 7 
0 0 1 1 0 0 0 0 0 0 
1 0 0 1 0 0 0 1 0 0 
0 0 0 0 1 1 0 0 0 0 
0 0 0 0 0 0 1 1 0 0 
0 0 0 0 0 1 1 0 0 1 
0 0 0 1 1 0 1 0 0 1 
1 1 0 0 0 1 0 1 0 1 
0 0 1 0 0 0 0 0 0 0 
1 1 1 1 0 0 0 0 0 0 
0 0 1 1 0 0 0 1 0 1 
1 0 0 0 0 0 0 0 0 0 
0 0 1 0 1 0 0 1 0 0 
0 1 0 0 0 0 0 0 0 0 
0 0 0 1 0 0 0 0 0 0 
1 0 0 0 0 0 1 0 0 0 
0 0 0 0 1 0 0 1 0 0 
0 0 0 0 1 1 0 1 0 0 
1 0 0 0 1 0 0 0 0 0 
0 0 0 0 0 0 0 1 1 1 
0 1 1 0 0 0 0 0 0 0 
Open stacks: 10
Took 8.26 seconds

buffer: HS problem 607 size 20 10 density  0.25
numCustomers: 20
numProducts: 10
1 1 0 0 0 0 0 0 0 0 
0 0 0 0 0 0 0 0 1 0 
0 0 0 1 1 0 0 0 0 0 
1 0 0 1 0 0 1 0 0 0 
0 1 1 1 1 0 0 1 0 1 
0 0 0 0 0 0 1 0 0 0 
0 0 0 0 0 0 0 0 0 1 
0 1 0 1 0 1 0 0 0 0 
0 1 1 0 1 0 0 0 1 0 
0 0 1 0 0 0 0 1 1 0 
0 0 0 0 0 0 1 1 0 0 
0 1 1 0 0 0 1 0 1 0 
1 0 0 0 0 1 0 0 0 1 
0 1 0 0 0 0 0 1 0 1 
0 1 0 1 1 0 0 0 0 0 
1 0 0 0 0 0 0 0 0 0 
0 0 0 1 0 0 0 0 0 0 
0 1 0 0 1 0 0 1 1 0 
0 1 0 0 0 0 0 0 1 1 
0 0 0 0 0 1 1 0 0 0 
numSequences: 3628800
minStacks: 11
Best sequence:
9 4 3 1 0 2 5 6 7 8 
0 0 0 1 1 0 0 0 0 0 
0 0 0 0 0 0 0 0 0 1 
0 1 1 0 0 0 0 0 0 0 
0 0 1 0 1 0 0 1 0 0 
1 1 1 1 0 1 0 0 1 0 
0 0 0 0 0 0 0 1 0 0 
1 0 0 0 0 0 0 0 0 0 
0 0 1 1 0 0 1 0 0 0 
0 1 0 1 0 1 0 0 0 1 
0 0 0 0 0 1 0 0 1 1 
0 0 0 0 0 0 0 1 1 0 
0 0 0 1 0 1 0 1 0 1 
1 0 0 0 1 0 1 0 0 0 
1 0 0 1 0 0 0 0 1 0 
0 1 1 1 0 0 0 0 0 0 
0 0 0 0 1 0 0 0 0 0 
0 0 1 0 0 0 0 0 0 0 
0 1 0 1 0 0 0 0 1 1 
1 0 0 1 0 0 0 0 0 1 
0 0 0 0 0 0 1 1 0 0 
Open stacks: 11
Took 8.26 seconds

buffer: HS problem 608 size 20 10 density  0.25
numCustomers: 20
numProducts: 10
0 0 1 0 0 0 1 0 0 0 
1 0 0 0 1 1 1 0 0 0 
0 1 0 0 0 0 1 1 0 0 
0 0 0 0 0 1 0 0 0 0 
0 0 0 0 0 0 0 1 0 0 
0 0 0 0 0 0 0 1 1 1 
1 0 0 0 0 0 0 0 0 0 
0 0 0 0 0 0 0 0 0 1 
0 1 0 0 0 1 1 0 0 0 
1 0 1 0 1 0 0 0 0 1 
0 0 1 0 0 0 0 1 0 0 
0 1 1 0 0 0 0 0 1 0 
0 0 0 1 1 0 0 1 0 0 
0 0 0 1 0 1 1 0 0 0 
1 1 1 0 1 1 0 0 1 0 
0 0 0 1 1 0 0 1 0 0 
0 0 0 0 0 1 0 0 0 0 
0 0 1 1 1 1 0 1 0 0 
0 0 0 0 1 0 0 0 0 0 
0 0 0 1 0 0 1 1 0 0 
numSequences: 3628800
minStacks: 11
Best sequence:
9 7 4 0 3 2 1 6 5 8 
0 0 0 0 0 1 0 1 0 0 
0 0 1 1 0 0 0 1 1 0 
0 1 0 0 0 0 1 1 0 0 
0 0 0 0 0 0 0 0 1 0 
0 1 0 0 0 0 0 0 0 0 
1 1 0 0 0 0 0 0 0 1 
0 0 0 1 0 0 0 0 0 0 
1 0 0 0 0 0 0 0 0 0 
0 0 0 0 0 0 1 1 1 0 
1 0 1 1 0 1 0 0 0 0 
0 1 0 0 0 1 0 0 0 0 
0 0 0 0 0 1 1 0 0 1 
0 1 1 0 1 0 0 0 0 0 
0 0 0 0 1 0 0 1 1 0 
0 0 1 1 0 1 1 0 1 1 
0 1 1 0 1 0 0 0 0 0 
0 0 0 0 0 0 0 0 1 0 
0 1 1 0 1 1 0 0 1 0 
0 0 1 0 0 0 0 0 0 0 
0 1 0 0 1 0 0 1 0 0 
Open stacks: 11
Took 8.26 seconds

buffer: HS problem 609 size 20 10 density  0.25
numCustomers: 20
numProducts: 10
0 1 0 0 0 0 1 0 0 0 
0 0 1 0 0 0 0 0 0 0 
0 0 0 0 0 1 1 0 0 0 
0 0 0 0 0 0 0 0 1 0 
0 1 0 0 0 0 0 0 0 0 
0 1 0 0 1 0 0 0 0 0 
0 1 0 1 1 0 0 1 0 0 
0 1 0 0 1 0 0 0 0 1 
0 0 1 0 0 1 0 0 0 0 
0 1 1 0 1 0 0 1 0 1 
0 0 0 1 0 0 0 0 0 0 
0 0 1 0 0 0 0 0 0 0 
1 0 1 1 0 0 1 1 0 0 
1 0 0 0 1 0 1 0 1 0 
0 0 0 1 0 0 0 0 0 0 
1 0 1 0 0 0 1 0 0 0 
0 0 0 0 1 0 0 0 0 0 
0 0 1 0 0 1 1 0 1 0 
0 0 0 0 0 0 0 0 0 1 
1 0 0 0 0 1 0 1 0 1 
numSequences: 3628800
minStacks: 8
Best sequence:
9 4 1 7 3 6 0 5 2 8 
0 0 1 0 0 1 0 0 0 0 
0 0 0 0 0 0 0 0 1 0 
0 0 0 0 0 1 0 1 0 0 
0 0 0 0 0 0 0 0 0 1 
0 0 1 0 0 0 0 0 0 0 
0 1 1 0 0 0 0 0 0 0 
0 1 1 1 1 0 0 0 0 0 
1 1 1 0 0 0 0 0 0 0 
0 0 0 0 0 0 0 1 1 0 
1 1 1 1 0 0 0 0 1 0 
0 0 0 0 1 0 0 0 0 0 
0 0 0 0 0 0 0 0 1 0 
0 0 0 1 1 1 1 0 1 0 
0 1 0 0 0 1 1 0 0 1 
0 0 0 0 1 0 0 0 0 0 
0 0 0 0 0 1 1 0 1 0 
0 1 0 0 0 0 0 0 0 0 
0 0 0 0 0 1 0 1 1 1 
1 0 0 0 0 0 0 0 0 0 
1 0 0 1 0 0 1 1 0 0 
Open stacks: 8
Took 8.27 seconds

buffer: HS problem 610 size 20 10 density  0.25
numCustomers: 20
numProducts: 10
0 0 1 0 0 0 1 0 0 1 
0 0 0 0 0 0 1 0 0 1 
0 0 1 1 1 0 0 1 1 1 
0 1 0 0 1 0 0 0 1 1 
0 0 0 0 1 0 1 0 0 0 
0 1 1 0 1 0 1 0 0 1 
0 0 0 1 0 0 1 0 1 1 
1 0 0 0 0 1 0 1 0 1 
0 1 1 0 1 1 0 0 0 1 
1 1 1 0 0 0 0 0 0 0 
0 0 1 0 0 0 0 0 1 1 
0 0 0 1 0 0 1 0 0 0 
0 0 0 0 0 1 1 1 1 0 
0 1 1 0 1 0 1 0 1 0 
0 0 0 0 1 0 0 0 0 0 
0 0 1 0 0 1 0 0 1 1 
0 0 1 1 0 0 0 0 0 0 
1 0 0 0 0 0 0 0 0 0 
1 1 0 0 0 0 0 0 0 1 
0 1 0 0 0 0 0 0 0 0 
numSequences: 3628800
minStacks: 13
Best sequence:
1 0 9 7 5 2 3 6 4 8 
0 0 1 0 0 1 0 1 0 0 
0 0 1 0 0 0 0 1 0 0 
0 0 1 1 0 1 1 0 1 1 
1 0 1 0 0 0 0 0 1 1 
0 0 0 0 0 0 0 1 1 0 
1 0 1 0 0 1 0 1 1 0 
0 0 1 0 0 0 1 1 0 1 
0 1 1 1 1 0 0 0 0 0 
1 0 1 0 1 1 0 0 1 0 
1 1 0 0 0 1 0 0 0 0 
0 0 1 0 0 1 0 0 0 1 
0 0 0 0 0 0 1 1 0 0 
0 0 0 1 1 0 0 1 0 1 
1 0 0 0 0 1 0 1 1 1 
0 0 0 0 0 0 0 0 1 0 
0 0 1 0 1 1 0 0 0 1 
0 0 0 0 0 1 1 0 0 0 
0 1 0 0 0 0 0 0 0 0 
1 1 1 0 0 0 0 0 0 0 
1 0 0 0 0 0 0 0 0 0 
Open stacks: 13
Took 8.29 seconds

buffer: HS problem 611 size 20 10 density  0.25
numCustomers: 20
numProducts: 10
1 1 0 1 0 0 0 0 0 0 
1 0 1 1 0 0 0 0 0 0 
0 0 0 0 0 0 0 0 0 1 
0 0 0 1 0 1 0 0 0 0 
0 0 0 0 0 0 0 1 0 0 
0 1 0 1 0 0 1 1 0 0 
0 1 0 0 1 0 0 0 0 0 
0 0 0 1 1 0 0 0 1 0 
0 0 1 0 0 0 1 1 0 0 
0 0 0 1 0 0 0 0 0 0 
0 0 0 1 0 0 0 1 0 0 
0 0 0 0 1 1 0 1 1 1 
1 0 0 0 0 0 0 0 0 1 
1 0 0 0 0 0 0 1 0 0 
1 0 0 0 0 0 0 0 0 0 
0 0 0 1 0 0 0 0 0 0 
0 0 0 0 0 0 0 1 0 0 
0 0 0 0 1 0 0 1 1 1 
0 1 0 1 0 0 1 0 1 0 
0 0 0 1 0 1 0 0 0 1 
numSequences: 3628800
minStacks: 10
Best sequence:
7 0 9 8 6 2 4 5 1 3 
0 1 0 0 0 0 0 0 1 1 
0 1 0 0 0 1 0 0 0 1 
0 0 1 0 0 0 0 0 0 0 
0 0 0 0 0 0 0 1 0 1 
1 0 0 0 0 0 0 0 0 0 
1 0 0 0 1 0 0 0 1 1 
0 0 0 0 0 0 1 0 1 0 
0 0 0 1 0 0 1 0 0 1 
1 0 0 0 1 1 0 0 0 0 
0 0 0 0 0 0 0 0 0 1 
1 0 0 0 0 0 0 0 0 1 
1 0 1 1 0 0 1 1 0 0 
0 1 1 0 0 0 0 0 0 0 
1 1 0 0 0 0 0 0 0 0 
0 1 0 0 0 0 0 0 0 0 
0 0 0 0 0 0 0 0 0 1 
1 0 0 0 0 0 0 0 0 0 
1 0 1 1 0 0 1 0 0 0 
0 0 0 1 1 0 0 0 1 1 
0 0 1 0 0 0 0 1 0 1 
Open stacks: 10
Took 8.26 seconds

buffer: HS problem 612 size 20 10 density  0.25
numCustomers: 20
numProducts: 10
1 1 0 1 1 0 1 0 0 0 
0 0 0 1 0 0 0 0 0 0 
0 0 0 0 0 1 0 1 0 0 
0 0 0 0 1 1 0 0 0 0 
1 0 0 0 0 1 1 1 0 1 
0 1 0 0 1 1 0 0 0 0 
0 0 1 0 0 0 0 0 0 1 
0 1 0 1 0 1 0 1 0 0 
1 0 1 0 0 0 0 0 0 0 
0 0 1 0 0 0 1 0 0 1 
0 0 0 1 0 0 0 0 1 0 
0 1 0 1 0 0 0 1 0 0 
0 0 0 0 0 0 0 1 0 0 
0 1 1 0 0 0 0 0 0 0 
0 1 0 0 0 0 0 0 0 0 
0 1 0 0 1 0 0 1 0 1 
0 1 1 1 1 1 0 1 0 0 
1 0 0 0 0 1 0 1 0 0 
0 1 1 0 0 0 0 0 0 0 
0 0 0 0 0 1 0 0 0 0 
numSequences: 3628800
minStacks: 11
Best sequence:
9 6 2 1 3 4 0 5 7 8 
0 1 0 1 1 1 1 0 0 0 
0 0 0 0 1 0 0 0 0 0 
0 0 0 0 0 0 0 1 1 0 
0 0 0 0 0 1 0 1 0 0 
1 1 0 0 0 0 1 1 1 0 
0 0 0 1 0 1 0 1 0 0 
1 0 1 0 0 0 0 0 0 0 
0 0 0 1 1 0 0 1 1 0 
0 0 1 0 0 0 1 0 0 0 
1 1 1 0 0 0 0 0 0 0 
0 0 0 0 1 0 0 0 0 1 
0 0 0 1 1 0 0 0 1 0 
0 0 0 0 0 0 0 0 1 0 
0 0 1 1 0 0 0 0 0 0 
0 0 0 1 0 0 0 0 0 0 
1 0 0 1 0 1 0 0 1 0 
0 0 1 1 1 1 0 1 1 0 
0 0 0 0 0 0 1 1 1 0 
0 0 1 1 0 0 0 0 0 0 
0 0 0 0 0 0 0 1 0 0 
Open stacks: 11
Took 8.26 seconds

buffer: HS problem 613 size 20 10 density  0.25
numCustomers: 20
numProducts: 10
0 1 0 0 0 0 0 1 1 0 
0 0 0 0 0 0 1 0 0 0 
0 0 0 0 0 0 1 0 0 0 
1 1 0 1 1 1 0 0 0 0 
1 0 1 1 0 0 0 0 0 0 
0 0 0 0 0 1 0 0 1 0 
1 0 0 1 0 0 0 0 1 0 
0 0 0 0 1 1 1 1 0 0 
1 0 0 0 1 0 1 0 0 0 
1 0 0 1 0 0 1 0 0 0 
0 0 0 0 1 0 0 0 0 0 
0 0 1 1 0 1 0 0 0 1 
0 0 1 0 0 0 0 0 0 0 
1 0 0 0 0 0 1 1 1 0 
0 0 1 0 0 0 0 0 0 1 
1 0 0 0 0 0 0 0 0 0 
0 0 0 0 1 1 0 0 0 1 
0 0 0 0 0 1 0 0 1 1 
0 0 0 0 0 0 0 0 0 1 
0 0 0 0 0 0 0 1 1 0 
numSequences: 3628800
minStacks: 9
Best sequence:
8 7 5 1 9 2 4 3 6 0 
1 1 0 1 0 0 0 0 0 0 
0 0 0 0 0 0 0 0 1 0 
0 0 0 0 0 0 0 0 1 0 
0 0 1 1 0 0 1 1 0 1 
0 0 0 0 0 1 0 1 0 1 
1 0 1 0 0 0 0 0 0 0 
1 0 0 0 0 0 0 1 0 1 
0 1 1 0 0 0 1 0 1 0 
0 0 0 0 0 0 1 0 1 1 
0 0 0 0 0 0 0 1 1 1 
0 0 0 0 0 0 1 0 0 0 
0 0 1 0 1 1 0 1 0 0 
0 0 0 0 0 1 0 0 0 0 
1 1 0 0 0 0 0 0 1 1 
0 0 0 0 1 1 0 0 0 0 
0 0 0 0 0 0 0 0 0 1 
0 0 1 0 1 0 1 0 0 0 
1 0 1 0 1 0 0 0 0 0 
0 0 0 0 1 0 0 0 0 0 
1 1 0 0 0 0 0 0 0 0 
Open stacks: 9
Took 8.26 seconds

buffer: HS problem 614 size 20 10 density  0.25
numCustomers: 20
numProducts: 10
1 0 0 0 0 1 0 1 1 0 
0 0 0 1 0 0 0 0 1 0 
0 1 0 0 0 1 0 0 1 1 
0 0 1 0 0 1 0 1 0 1 
1 1 0 0 0 0 0 0 0 1 
0 0 0 0 0 1 0 0 1 0 
0 0 0 0 0 0 0 0 1 0 
0 0 0 0 0 0 0 0 1 0 
0 1 1 0 0 0 0 1 1 0 
0 0 0 1 1 0 0 0 0 0 
0 0 0 0 0 0 0 1 1 0 
0 0 1 0 0 0 1 0 0 0 
0 0 1 1 1 0 0 0 0 1 
0 1 0 0 1 0 0 1 0 1 
0 0 0 0 0 0 0 0 0 1 
0 1 0 0 0 0 0 0 0 0 
1 0 1 0 0 0 0 0 0 0 
1 0 1 0 0 0 1 0 0 0 
0 1 1 1 1 0 0 1 1 0 
1 0 0 1 0 1 0 0 0 0 
numSequences: 3628800
minStacks: 10
Best sequence:
6 2 0 9 1 3 4 5 7 8 
0 0 1 0 0 0 0 1 1 1 
0 0 0 0 0 1 0 0 0 1 
0 0 0 1 1 0 0 1 0 1 
0 1 0 1 0 0 0 1 1 0 
0 0 1 1 1 0 0 0 0 0 
0 0 0 0 0 0 0 1 0 1 
0 0 0 0 0 0 0 0 0 1 
0 0 0 0 0 0 0 0 0 1 
0 1 0 0 1 0 0 0 1 1 
0 0 0 0 0 1 1 0 0 0 
0 0 0 0 0 0 0 0 1 1 
1 1 0 0 0 0 0 0 0 0 
0 1 0 1 0 1 1 0 0 0 
0 0 0 1 1 0 1 0 1 0 
0 0 0 1 0 0 0 0 0 0 
0 0 0 0 1 0 0 0 0 0 
0 1 1 0 0 0 0 0 0 0 
1 1 1 0 0 0 0 0 0 0 
0 1 0 0 1 1 1 0 1 1 
0 0 1 0 0 1 0 1 0 0 
Open stacks: 10
Took 8.28 seconds

buffer: HS problem 615 size 20 10 density  0.25
numCustomers: 20
numProducts: 10
0 0 0 0 1 0 0 0 0 0 
1 0 0 0 1 0 0 1 0 1 
0 1 1 0 0 0 0 1 0 0 
0 0 1 0 1 0 0 0 0 0 
0 0 0 1 0 1 0 0 0 0 
0 1 0 0 0 0 0 0 0 0 
0 0 1 0 1 0 0 0 0 0 
0 0 1 1 0 0 0 0 0 0 
0 0 1 1 0 0 1 0 0 0 
1 0 0 0 0 0 0 0 0 0 
0 0 1 0 0 0 0 1 0 0 
0 0 1 0 0 0 1 1 1 0 
0 0 1 1 0 0 0 0 0 0 
0 0 0 0 0 1 0 1 0 0 
1 0 0 1 0 0 0 1 0 1 
0 1 0 0 0 1 0 0 0 1 
0 0 1 1 0 1 0 0 0 1 
0 1 1 1 0 0 0 0 0 0 
1 0 0 1 0 0 0 1 0 0 
0 0 0 0 0 0 0 1 0 0 
numSequences: 3628800
minStacks: 12
Best sequence:
9 7 5 1 3 0 4 2 6 8 
0 0 0 0 0 0 1 0 0 0 
1 1 0 0 0 1 1 0 0 0 
0 1 0 1 0 0 0 1 0 0 
0 0 0 0 0 0 1 1 0 0 
0 0 1 0 1 0 0 0 0 0 
0 0 0 1 0 0 0 0 0 0 
0 0 0 0 0 0 1 1 0 0 
0 0 0 0 1 0 0 1 0 0 
0 0 0 0 1 0 0 1 1 0 
0 0 0 0 0 1 0 0 0 0 
0 1 0 0 0 0 0 1 0 0 
0 1 0 0 0 0 0 1 1 1 
0 0 0 0 1 0 0 1 0 0 
0 1 1 0 0 0 0 0 0 0 
1 1 0 0 1 1 0 0 0 0 
1 0 1 1 0 0 0 0 0 0 
1 0 1 0 1 0 0 1 0 0 
0 0 0 1 1 0 0 1 0 0 
0 1 0 0 1 1 0 0 0 0 
0 1 0 0 0 0 0 0 0 0 
Open stacks: 12
Took 8.24 seconds

buffer: HS problem 616 size 20 10 density  0.25
numCustomers: 20
numProducts: 10
0 0 0 0 0 0 1 0 1 0 
1 0 1 0 1 0 0 0 0 1 
1 1 0 0 0 0 0 1 0 0 
0 0 0 0 0 0 1 0 1 0 
0 0 0 0 1 0 0 0 0 0 
1 1 0 0 0 0 0 0 0 0 
1 0 0 0 1 0 0 0 0 0 
0 0 1 0 1 0 0 0 0 1 
0 0 1 1 0 1 0 0 0 0 
0 0 1 1 0 1 0 1 1 0 
0 0 0 0 0 0 0 1 0 0 
0 0 1 0 0 0 0 0 0 1 
0 0 0 0 0 0 0 1 0 0 
0 0 0 1 1 0 1 0 0 1 
0 1 0 1 0 1 0 0 0 1 
0 0 1 0 0 0 0 0 1 0 
0 0 0 1 0 0 0 0 0 1 
0 0 0 0 0 0 1 0 1 0 
0 0 0 0 0 0 0 1 0 0 
0 0 1 0 0 0 0 0 0 0 
numSequences: 3628800
minStacks: 8
Best sequence:
8 6 2 9 3 4 0 5 7 1 
1 1 0 0 0 0 0 0 0 0 
0 0 1 1 0 1 1 0 0 0 
0 0 0 0 0 0 1 0 1 1 
1 1 0 0 0 0 0 0 0 0 
0 0 0 0 0 1 0 0 0 0 
0 0 0 0 0 0 1 0 0 1 
0 0 0 0 0 1 1 0 0 0 
0 0 1 1 0 1 0 0 0 0 
0 0 1 0 1 0 0 1 0 0 
1 0 1 0 1 0 0 1 1 0 
0 0 0 0 0 0 0 0 1 0 
0 0 1 1 0 0 0 0 0 0 
0 0 0 0 0 0 0 0 1 0 
0 1 0 1 1 1 0 0 0 0 
0 0 0 1 1 0 0 1 0 1 
1 0 1 0 0 0 0 0 0 0 
0 0 0 1 1 0 0 0 0 0 
1 1 0 0 0 0 0 0 0 0 
0 0 0 0 0 0 0 0 1 0 
0 0 1 0 0 0 0 0 0 0 
Open stacks: 8
Took 8.26 seconds

buffer: HS problem 617 size 20 10 density  0.25
numCustomers: 20
numProducts: 10
0 0 0 1 0 0 1 1 0 1 
0 0 1 0 0 0 1 0 0 0 
1 1 0 0 0 0 0 1 0 0 
0 1 0 0 0 0 1 0 0 0 
0 1 0 1 0 0 1 1 0 1 
1 0 0 1 1 1 1 0 0 0 
0 0 0 1 0 0 0 0 0 1 
1 1 0 0 0 0 0 0 0 0 
0 0 1 1 0 0 1 0 1 1 
0 1 0 0 0 1 1 0 0 0 
0 1 0 0 0 0 0 0 0 0 
0 0 1 0 1 1 1 0 1 1 
0 0 0 0 0 1 0 0 1 1 
0 1 1 0 0 0 1 1 0 0 
0 1 0 0 0 1 0 0 0 0 
1 0 0 0 1 0 0 1 0 0 
1 0 1 0 1 0 0 1 0 0 
0 0 0 1 0 0 0 1 0 0 
0 0 1 1 0 0 1 1 0 0 
0 0 0 0 0 0 0 0 0 1 
numSequences: 3628800
minStacks: 13
Best sequence:
9 7 3 0 2 4 6 1 5 8 
1 1 1 0 0 0 1 0 0 0 
0 0 0 0 1 0 1 0 0 0 
0 1 0 1 0 0 0 1 0 0 
0 0 0 0 0 0 1 1 0 0 
1 1 1 0 0 0 1 1 0 0 
0 0 1 1 0 1 1 0 1 0 
1 0 1 0 0 0 0 0 0 0 
0 0 0 1 0 0 0 1 0 0 
1 0 1 0 1 0 1 0 0 1 
0 0 0 0 0 0 1 1 1 0 
0 0 0 0 0 0 0 1 0 0 
1 0 0 0 1 1 1 0 1 1 
1 0 0 0 0 0 0 0 1 1 
0 1 0 0 1 0 1 1 0 0 
0 0 0 0 0 0 0 1 1 0 
0 1 0 1 0 1 0 0 0 0 
0 1 0 1 1 1 0 0 0 0 
0 1 1 0 0 0 0 0 0 0 
0 1 1 0 1 0 1 0 0 0 
1 0 0 0 0 0 0 0 0 0 
Open stacks: 13
Took 8.29 seconds

buffer: HS problem 618 size 20 10 density  0.25
numCustomers: 20
numProducts: 10
0 0 0 0 0 0 0 1 0 0 
0 1 1 1 0 1 0 0 0 0 
0 1 0 1 0 0 0 0 1 1 
1 0 0 0 0 0 0 1 0 0 
0 0 0 0 0 0 0 0 1 0 
1 0 1 0 1 0 1 0 0 0 
1 0 1 1 0 0 0 1 1 0 
0 0 1 0 0 1 0 0 0 1 
0 0 0 0 0 1 1 0 0 0 
0 0 0 0 0 0 1 0 0 0 
0 1 0 0 0 1 0 0 0 0 
1 0 0 0 0 1 0 0 0 0 
0 1 1 0 0 0 1 0 0 1 
1 0 0 0 0 0 1 0 1 0 
0 0 1 1 0 0 0 0 0 1 
0 0 0 0 0 0 1 0 0 0 
1 0 0 0 1 0 1 0 0 0 
0 1 1 0 0 0 0 1 1 1 
1 0 0 0 0 0 0 1 0 1 
0 0 1 0 0 1 0 0 0 1 
numSequences: 3628800
minStacks: 11
Best sequence:
5 3 1 2 9 7 0 4 6 8 
0 0 0 0 0 1 0 0 0 0 
1 1 1 1 0 0 0 0 0 0 
0 1 1 0 1 0 0 0 0 1 
0 0 0 0 0 1 1 0 0 0 
0 0 0 0 0 0 0 0 0 1 
0 0 0 1 0 0 1 1 1 0 
0 1 0 1 0 1 1 0 0 1 
1 0 0 1 1 0 0 0 0 0 
1 0 0 0 0 0 0 0 1 0 
0 0 0 0 0 0 0 0 1 0 
1 0 1 0 0 0 0 0 0 0 
1 0 0 0 0 0 1 0 0 0 
0 0 1 1 1 0 0 0 1 0 
0 0 0 0 0 0 1 0 1 1 
0 1 0 1 1 0 0 0 0 0 
0 0 0 0 0 0 0 0 1 0 
0 0 0 0 0 0 1 1 1 0 
0 0 1 1 1 1 0 0 0 1 
0 0 0 0 1 1 1 0 0 0 
1 0 0 1 1 0 0 0 0 0 
Open stacks: 11
Took 8.27 seconds

buffer: HS problem 619 size 20 10 density  0.25
numCustomers: 20
numProducts: 10
0 0 0 0 0 0 0 1 1 1 
0 1 0 0 1 0 0 0 0 0 
0 0 0 0 0 0 0 0 1 0 
0 1 1 1 0 0 1 0 0 0 
0 0 0 1 0 1 1 0 0 1 
0 0 0 0 1 1 0 0 0 0 
0 0 0 1 1 0 1 0 0 0 
1 0 1 0 0 0 0 0 0 1 
1 0 0 1 0 0 1 0 0 0 
0 1 0 0 0 0 0 0 0 0 
0 1 0 0 0 0 0 0 0 0 
0 0 0 0 0 0 0 1 0 1 
0 0 0 1 0 1 1 0 1 0 
0 0 1 0 0 0 0 0 0 0 
0 0 1 0 0 0 1 1 0 0 
0 0 0 0 0 1 1 0 0 0 
1 0 1 0 0 0 0 0 0 0 
0 0 0 0 1 0 0 1 0 0 
1 1 0 1 0 0 0 0 0 0 
0 1 0 0 0 0 0 0 0 0 
numSequences: 3628800
minStacks: 9
Best sequence:
9 8 7 2 0 6 3 4 5 1 
1 1 1 0 0 0 0 0 0 0 
0 0 0 0 0 0 0 1 0 1 
0 1 0 0 0 0 0 0 0 0 
0 0 0 1 0 1 1 0 0 1 
1 0 0 0 0 1 1 0 1 0 
0 0 0 0 0 0 0 1 1 0 
0 0 0 0 0 1 1 1 0 0 
1 0 0 1 1 0 0 0 0 0 
0 0 0 0 1 1 1 0 0 0 
0 0 0 0 0 0 0 0 0 1 
0 0 0 0 0 0 0 0 0 1 
1 0 1 0 0 0 0 0 0 0 
0 1 0 0 0 1 1 0 1 0 
0 0 0 1 0 0 0 0 0 0 
0 0 1 1 0 1 0 0 0 0 
0 0 0 0 0 1 0 0 1 0 
0 0 0 1 1 0 0 0 0 0 
0 0 1 0 0 0 0 1 0 0 
0 0 0 0 1 0 1 0 0 1 
0 0 0 0 0 0 0 0 0 1 
Open stacks: 9
Took 8.24 seconds

buffer: HS problem 620 size 20 10 density  0.25
numCustomers: 20
numProducts: 10
0 0 0 0 1 0 0 1 0 0 
0 0 0 0 0 1 0 1 0 1 
0 1 0 0 0 1 0 1 0 0 
1 0 0 0 0 1 1 1 1 0 
0 0 1 0 0 0 0 1 0 1 
0 0 0 0 0 1 1 0 0 0 
0 1 1 0 0 0 0 1 0 0 
0 1 0 1 0 0 1 0 0 0 
1 0 0 0 1 0 0 0 1 0 
0 1 0 0 0 0 0 1 0 0 
0 0 1 0 1 1 0 0 0 0 
0 1 0 0 0 0 0 0 0 0 
0 1 0 1 0 0 0 0 1 0 
0 0 0 0 0 0 1 1 1 0 
0 0 0 0 0 0 0 0 0 1 
0 0 0 0 1 0 1 1 0 0 
0 0 1 0 1 0 1 0 0 0 
0 1 0 1 0 0 0 0 0 1 
0 0 1 1 0 0 0 0 0 0 
0 1 0 1 0 0 0 0 0 1 
numSequences: 3628800
minStacks: 13
Best sequence:
9 3 1 6 2 0 5 4 7 8 
0 0 0 0 0 0 0 1 1 0 
1 0 0 0 0 0 1 0 1 0 
0 0 1 0 0 0 1 0 1 0 
0 0 0 1 0 1 1 0 1 1 
1 0 0 0 1 0 0 0 1 0 
0 0 0 1 0 0 1 0 0 0 
0 0 1 0 1 0 0 0 1 0 
0 1 1 1 0 0 0 0 0 0 
0 0 0 0 0 1 0 1 0 1 
0 0 1 0 0 0 0 0 1 0 
0 0 0 0 1 0 1 1 0 0 
0 0 1 0 0 0 0 0 0 0 
0 1 1 0 0 0 0 0 0 1 
0 0 0 1 0 0 0 0 1 1 
1 0 0 0 0 0 0 0 0 0 
0 0 0 1 0 0 0 1 1 0 
0 0 0 1 1 0 0 1 0 0 
1 1 1 0 0 0 0 0 0 0 
0 1 0 0 1 0 0 0 0 0 
1 1 1 0 0 0 0 0 0 0 
Open stacks: 13
Took 8.26 seconds

buffer: HS problem 621 size 20 10 density  0.25
numCustomers: 20
numProducts: 10
0 0 1 0 0 1 0 0 0 0 
0 0 1 0 0 0 0 1 0 0 
0 0 1 1 0 0 0 0 1 0 
0 0 0 0 0 0 0 0 1 0 
1 0 0 0 0 0 1 0 0 0 
0 0 0 0 0 1 0 1 0 0 
0 0 1 0 0 0 1 0 0 1 
1 0 0 0 0 0 0 0 0 0 
0 1 1 0 1 0 0 0 1 0 
0 1 1 0 0 0 0 0 0 0 
0 1 1 0 0 1 0 0 1 1 
0 0 1 1 0 1 1 1 0 0 
0 1 0 0 0 0 0 0 0 0 
0 0 0 0 0 1 0 0 1 0 
1 1 0 1 1 0 0 0 0 1 
0 0 0 0 0 0 1 0 0 0 
1 0 0 0 0 0 0 0 0 0 
1 1 0 1 0 0 1 0 0 0 
0 0 0 1 0 0 1 0 1 0 
0 0 0 0 1 1 0 0 0 0 
numSequences: 3628800
minStacks: 10
Best sequence:
9 6 0 1 3 4 2 5 7 8 
0 0 0 0 0 0 1 1 0 0 
0 0 0 0 0 0 1 0 1 0 
0 0 0 0 1 0 1 0 0 1 
0 0 0 0 0 0 0 0 0 1 
0 1 1 0 0 0 0 0 0 0 
0 0 0 0 0 0 0 1 1 0 
1 1 0 0 0 0 1 0 0 0 
0 0 1 0 0 0 0 0 0 0 
0 0 0 1 0 1 1 0 0 1 
0 0 0 1 0 0 1 0 0 0 
1 0 0 1 0 0 1 1 0 1 
0 1 0 0 1 0 1 1 1 0 
0 0 0 1 0 0 0 0 0 0 
0 0 0 0 0 0 0 1 0 1 
1 0 1 1 1 1 0 0 0 0 
0 1 0 0 0 0 0 0 0 0 
0 0 1 0 0 0 0 0 0 0 
0 1 1 1 1 0 0 0 0 0 
0 1 0 0 1 0 0 0 0 1 
0 0 0 0 0 1 0 1 0 0 
Open stacks: 10
Took 8.26 seconds

buffer: HS problem 622 size 20 10 density  0.25
numCustomers: 20
numProducts: 10
0 0 0 0 0 1 0 1 0 0 
0 0 0 0 0 0 1 0 0 0 
0 1 1 0 0 0 1 1 0 0 
0 1 1 0 1 1 0 0 0 1 
1 0 0 0 0 0 0 0 0 0 
1 1 1 0 0 0 0 1 0 0 
0 1 0 0 0 1 0 1 0 0 
0 0 0 1 0 1 1 0 0 1 
1 1 0 0 0 0 0 0 0 1 
1 0 0 0 0 0 0 0 0 0 
0 0 0 0 1 1 0 0 0 0 
1 0 0 0 0 0 1 0 0 1 
0 0 0 0 0 1 0 1 1 1 
0 0 1 0 0 0 1 1 1 0 
0 0 0 0 1 1 0 1 0 1 
1 0 0 0 0 1 0 0 1 0 
0 0 0 0 1 1 0 0 0 1 
0 1 0 0 0 1 0 0 0 0 
1 0 0 0 0 1 0 0 0 0 
0 0 0 0 0 1 0 1 0 1 
numSequences: 3628800
minStacks: 14
Best sequence:
9 5 4 1 2 6 3 0 7 8 
0 1 0 0 0 0 0 0 1 0 
0 0 0 0 0 1 0 0 0 0 
0 0 0 1 1 1 0 0 1 0 
1 1 1 1 1 0 0 0 0 0 
0 0 0 0 0 0 0 1 0 0 
0 0 0 1 1 0 0 1 1 0 
0 1 0 1 0 0 0 0 1 0 
1 1 0 0 0 1 1 0 0 0 
1 0 0 1 0 0 0 1 0 0 
0 0 0 0 0 0 0 1 0 0 
0 1 1 0 0 0 0 0 0 0 
1 0 0 0 0 1 0 1 0 0 
1 1 0 0 0 0 0 0 1 1 
0 0 0 0 1 1 0 0 1 1 
1 1 1 0 0 0 0 0 1 0 
0 1 0 0 0 0 0 1 0 1 
1 1 1 0 0 0 0 0 0 0 
0 1 0 1 0 0 0 0 0 0 
0 1 0 0 0 0 0 1 0 0 
1 1 0 0 0 0 0 0 1 0 
Open stacks: 14
Took 8.27 seconds

buffer: HS problem 623 size 20 10 density  0.25
numCustomers: 20
numProducts: 10
0 0 1 0 1 0 0 0 0 0 
0 0 0 1 0 0 0 0 0 0 
0 0 1 1 0 0 0 0 1 0 
0 1 0 1 1 1 0 1 0 0 
0 0 0 1 1 0 0 0 0 1 
0 0 0 0 1 0 1 0 1 0 
0 0 0 0 0 0 1 0 0 0 
0 0 1 1 0 0 0 0 1 1 
0 0 1 0 0 0 0 0 1 0 
0 1 0 1 1 0 1 0 1 0 
1 0 0 0 0 0 0 0 0 0 
0 0 0 0 0 0 1 0 0 0 
0 0 0 1 0 1 0 1 0 0 
0 1 0 0 0 1 1 0 1 0 
0 0 1 0 0 0 1 1 0 0 
0 1 1 1 0 0 0 0 0 0 
0 0 1 0 0 0 0 0 0 0 
0 0 0 0 0 0 0 1 1 1 
1 0 1 1 1 0 0 1 1 0 
0 0 0 0 0 1 0 0 0 0 
numSequences: 3628800
