Solving by Brute Force...
buffer: HS problem 1101 size 30 10 density  0.20
numCustomers: 30
numProducts: 10
0 0 0 0 0 0 0 0 0 1 
1 1 1 0 0 0 0 0 0 0 
0 1 1 1 0 1 0 0 0 0 
0 0 0 0 1 0 0 1 0 0 
0 0 0 0 1 0 0 0 0 0 
0 0 0 1 1 0 0 0 0 1 
0 0 0 0 0 0 0 0 1 0 
0 0 0 0 0 0 1 1 1 0 
0 0 0 0 1 0 0 1 0 0 
0 0 0 1 0 1 0 0 0 0 
0 0 0 1 0 0 0 0 0 0 
0 0 0 0 0 1 1 0 0 0 
0 0 1 0 0 0 1 0 0 0 
0 0 0 0 0 0 0 1 1 0 
1 0 0 0 0 0 0 0 1 0 
1 1 0 0 0 0 0 0 0 0 
0 0 0 0 0 0 0 0 1 0 
1 0 1 0 0 0 0 1 0 0 
0 1 0 0 0 1 0 0 0 0 
1 0 1 0 0 0 0 0 1 0 
0 0 0 0 1 0 0 0 0 0 
0 0 1 0 0 1 0 0 0 0 
0 0 0 0 0 0 0 0 1 0 
0 1 0 0 0 0 0 0 0 0 
0 0 0 1 0 0 0 0 0 0 
0 0 0 0 0 1 0 1 0 0 
0 0 0 0 0 0 1 0 0 0 
0 0 1 1 0 0 1 0 1 0 
1 0 0 1 0 0 0 1 0 0 
1 0 1 1 0 0 1 1 0 0 
numSequences: 3628800
minStacks: 12
Best sequence:
9 7 4 3 5 6 2 0 1 8 
1 0 0 0 0 0 0 0 0 0 
0 0 0 0 0 0 1 1 1 0 
0 0 0 1 1 0 1 0 1 0 
0 1 1 0 0 0 0 0 0 0 
0 0 1 0 0 0 0 0 0 0 
1 0 1 1 0 0 0 0 0 0 
0 0 0 0 0 0 0 0 0 1 
0 1 0 0 0 1 0 0 0 1 
0 1 1 0 0 0 0 0 0 0 
0 0 0 1 1 0 0 0 0 0 
0 0 0 1 0 0 0 0 0 0 
0 0 0 0 1 1 0 0 0 0 
0 0 0 0 0 1 1 0 0 0 
0 1 0 0 0 0 0 0 0 1 
0 0 0 0 0 0 0 1 0 1 
0 0 0 0 0 0 0 1 1 0 
0 0 0 0 0 0 0 0 0 1 
0 1 0 0 0 0 1 1 0 0 
0 0 0 0 1 0 0 0 1 0 
0 0 0 0 0 0 1 1 0 1 
0 0 1 0 0 0 0 0 0 0 
0 0 0 0 1 0 1 0 0 0 
0 0 0 0 0 0 0 0 0 1 
0 0 0 0 0 0 0 0 1 0 
0 0 0 1 0 0 0 0 0 0 
0 1 0 0 1 0 0 0 0 0 
0 0 0 0 0 1 0 0 0 0 
0 0 0 1 0 1 1 0 0 1 
0 1 0 1 0 0 0 1 0 0 
0 1 0 1 0 1 1 1 0 0 
Open stacks: 12
Took 11.52 seconds

buffer: HS problem 1102 size 30 10 density  0.20
numCustomers: 30
numProducts: 10
0 1 0 0 0 0 0 0 1 0 
1 0 0 0 0 0 0 0 0 0 
0 0 1 0 1 0 0 0 0 0 
0 0 1 0 0 0 0 1 1 0 
0 0 1 0 0 0 0 1 0 0 
0 0 0 0 0 0 0 1 0 0 
0 1 1 0 0 0 0 0 0 0 
1 1 1 0 1 1 1 0 0 0 
1 0 0 1 0 0 0 0 0 1 
1 0 0 0 1 0 0 0 0 0 
0 1 0 0 0 0 0 0 0 0 
1 0 1 0 0 0 0 1 0 0 
0 0 0 1 0 0 0 0 1 1 
0 0 1 0 1 0 1 0 1 0 
0 1 0 0 0 0 0 0 0 0 
0 0 0 0 0 1 0 0 0 0 
0 1 0 1 0 1 0 0 0 1 
0 0 0 0 0 0 1 0 0 0 
0 0 0 0 0 0 0 0 1 0 
0 0 0 0 1 1 0 0 0 0 
0 1 0 0 1 0 0 0 0 0 
0 0 1 0 0 1 0 0 0 0 
0 1 0 1 0 0 0 0 0 0 
1 0 1 0 0 0 0 0 0 0 
0 0 0 1 0 0 0 1 0 0 
0 0 1 0 0 0 0 1 0 0 
0 0 0 1 0 0 0 0 1 0 
0 1 0 0 0 0 0 0 0 1 
0 1 0 0 0 1 0 0 0 0 
0 1 1 0 0 0 0 0 0 1 
numSequences: 3628800
minStacks: 14
Best sequence:
9 1 8 3 0 4 5 6 2 7 
0 1 1 0 0 0 0 0 0 0 
0 0 0 0 1 0 0 0 0 0 
0 0 0 0 0 1 0 0 1 0 
0 0 1 0 0 0 0 0 1 1 
0 0 0 0 0 0 0 0 1 1 
0 0 0 0 0 0 0 0 0 1 
0 1 0 0 0 0 0 0 1 0 
0 1 0 0 1 1 1 1 1 0 
1 0 0 1 1 0 0 0 0 0 
0 0 0 0 1 1 0 0 0 0 
0 1 0 0 0 0 0 0 0 0 
0 0 0 0 1 0 0 0 1 1 
1 0 1 1 0 0 0 0 0 0 
0 0 1 0 0 1 0 1 1 0 
0 1 0 0 0 0 0 0 0 0 
0 0 0 0 0 0 1 0 0 0 
1 1 0 1 0 0 1 0 0 0 
0 0 0 0 0 0 0 1 0 0 
0 0 1 0 0 0 0 0 0 0 
0 0 0 0 0 1 1 0 0 0 
0 1 0 0 0 1 0 0 0 0 
0 0 0 0 0 0 1 0 1 0 
0 1 0 1 0 0 0 0 0 0 
0 0 0 0 1 0 0 0 1 0 
0 0 0 1 0 0 0 0 0 1 
0 0 0 0 0 0 0 0 1 1 
0 0 1 1 0 0 0 0 0 0 
1 1 0 0 0 0 0 0 0 0 
0 1 0 0 0 0 1 0 0 0 
1 1 0 0 0 0 0 0 1 0 
Open stacks: 14
Took 10.73 seconds

buffer: HS problem 1103 size 30 10 density  0.20
numCustomers: 30
numProducts: 10
0 0 0 0 0 0 0 1 0 0 
0 0 0 1 0 0 1 0 0 0 
0 0 0 0 0 0 1 0 0 0 
0 1 0 0 0 0 0 0 0 0 
1 0 0 0 0 0 0 0 0 0 
0 1 0 0 0 0 1 0 1 0 
1 0 0 0 0 0 0 0 0 0 
1 0 0 0 0 0 0 0 0 1 
0 0 1 0 0 1 0 0 1 0 
1 0 0 0 0 0 0 0 1 0 
0 0 0 0 0 0 0 1 0 0 
1 0 0 0 0 0 0 0 0 0 
0 0 1 1 0 0 0 0 0 0 
0 0 0 0 0 0 0 0 1 0 
0 0 0 1 0 0 1 0 1 1 
0 0 1 0 0 1 0 0 1 0 
1 1 0 0 1 0 1 1 0 0 
1 0 0 1 0 1 0 0 0 1 
0 0 0 1 0 0 0 1 0 0 
0 1 0 0 0 0 0 1 0 1 
0 0 0 0 1 1 0 0 0 1 
1 0 0 0 0 0 0 0 0 1 
0 1 0 0 0 0 0 1 1 0 
1 0 0 0 0 0 0 0 0 0 
0 0 0 0 0 1 0 0 0 0 
0 0 1 0 0 0 0 0 0 0 
0 0 0 0 0 1 0 0 0 0 
0 1 0 0 0 0 0 0 1 1 
0 0 1 1 0 0 0 1 0 1 
0 1 0 0 0 0 0 0 1 1 
numSequences: 3628800
minStacks: 13
Best sequence:
0 9 7 1 6 4 3 2 5 8 
0 0 1 0 0 0 0 0 0 0 
0 0 0 0 1 0 1 0 0 0 
0 0 0 0 1 0 0 0 0 0 
0 0 0 1 0 0 0 0 0 0 
1 0 0 0 0 0 0 0 0 0 
0 0 0 1 1 0 0 0 0 1 
1 0 0 0 0 0 0 0 0 0 
1 1 0 0 0 0 0 0 0 0 
0 0 0 0 0 0 0 1 1 1 
1 0 0 0 0 0 0 0 0 1 
0 0 1 0 0 0 0 0 0 0 
1 0 0 0 0 0 0 0 0 0 
0 0 0 0 0 0 1 1 0 0 
0 0 0 0 0 0 0 0 0 1 
0 1 0 0 1 0 1 0 0 1 
0 0 0 0 0 0 0 1 1 1 
1 0 1 1 1 1 0 0 0 0 
1 1 0 0 0 0 1 0 1 0 
0 0 1 0 0 0 1 0 0 0 
0 1 1 1 0 0 0 0 0 0 
0 1 0 0 0 1 0 0 1 0 
1 1 0 0 0 0 0 0 0 0 
0 0 1 1 0 0 0 0 0 1 
1 0 0 0 0 0 0 0 0 0 
0 0 0 0 0 0 0 0 1 0 
0 0 0 0 0 0 0 1 0 0 
0 0 0 0 0 0 0 0 1 0 
0 1 0 1 0 0 0 0 0 1 
0 1 1 0 0 0 1 1 0 0 
0 1 0 1 0 0 0 0 0 1 
Open stacks: 13
Took 10.74 seconds

buffer: HS problem 1104 size 30 10 density  0.20
numCustomers: 30
numProducts: 10
1 0 1 0 1 0 0 0 0 0 
0 0 1 0 0 0 0 0 0 0 
1 0 0 0 0 0 0 0 1 1 
1 0 0 0 0 0 0 0 0 0 
0 0 0 0 0 1 1 0 0 0 
0 0 0 0 0 0 0 1 0 1 
0 0 1 0 0 0 1 1 0 1 
0 0 1 1 0 1 0 1 0 0 
0 0 0 0 0 0 0 1 0 1 
0 0 1 0 0 1 0 0 0 1 
0 0 1 1 0 0 0 0 0 1 
0 0 0 0 1 1 0 0 0 0 
0 0 1 0 0 1 0 0 0 1 
0 0 0 0 0 0 0 1 0 0 
0 0 0 0 1 0 1 0 1 0 
1 0 1 1 0 0 0 0 0 1 
1 0 1 0 1 0 1 0 0 0 
0 0 1 0 0 0 0 1 1 0 
0 0 0 0 1 0 0 0 0 1 
1 0 0 0 0 0 0 1 0 0 
0 0 0 0 1 0 1 0 1 0 
0 0 0 0 0 0 0 1 0 0 
0 0 0 1 1 0 0 0 0 0 
1 0 1 0 0 0 0 1 1 0 
0 0 1 0 0 0 0 0 1 1 
0 1 0 0 0 1 0 0 0 0 
0 1 0 0 0 0 0 0 0 0 
0 0 0 0 0 0 0 1 0 0 
0 0 0 1 0 1 0 0 0 0 
0 1 1 1 0 0 0 0 0 0 
numSequences: 3628800
minStacks: 16
Best sequence:
7 9 0 2 3 1 5 6 4 8 
0 0 1 1 0 0 0 0 1 0 
0 0 0 1 0 0 0 0 0 0 
0 1 1 0 0 0 0 0 0 1 
0 0 1 0 0 0 0 0 0 0 
0 0 0 0 0 0 1 1 0 0 
1 1 0 0 0 0 0 0 0 0 
1 1 0 1 0 0 0 1 0 0 
1 0 0 1 1 0 1 0 0 0 
1 1 0 0 0 0 0 0 0 0 
0 1 0 1 0 0 1 0 0 0 
0 1 0 1 1 0 0 0 0 0 
0 0 0 0 0 0 1 0 1 0 
0 1 0 1 0 0 1 0 0 0 
1 0 0 0 0 0 0 0 0 0 
0 0 0 0 0 0 0 1 1 1 
0 1 1 1 1 0 0 0 0 0 
0 0 1 1 0 0 0 1 1 0 
1 0 0 1 0 0 0 0 0 1 
0 1 0 0 0 0 0 0 1 0 
1 0 1 0 0 0 0 0 0 0 
0 0 0 0 0 0 0 1 1 1 
1 0 0 0 0 0 0 0 0 0 
0 0 0 0 1 0 0 0 1 0 
1 0 1 1 0 0 0 0 0 1 
0 1 0 1 0 0 0 0 0 1 
0 0 0 0 0 1 1 0 0 0 
0 0 0 0 0 1 0 0 0 0 
1 0 0 0 0 0 0 0 0 0 
0 0 0 0 1 0 1 0 0 0 
0 0 0 1 1 1 0 0 0 0 
Open stacks: 16
Took 10.74 seconds

buffer: HS problem 1105 size 30 10 density  0.20
numCustomers: 30
numProducts: 10
0 0 1 0 0 0 0 0 0 0 
0 0 1 0 0 0 0 0 1 0 
0 0 1 1 0 1 0 0 0 0 
0 0 1 0 0 0 1 0 0 0 
0 0 0 0 0 1 0 0 1 0 
0 0 1 1 0 0 0 0 0 0 
0 1 0 0 0 0 1 0 1 0 
0 0 0 0 0 0 0 0 0 1 
1 0 0 0 0 1 0 0 1 0 
0 1 0 0 0 1 1 0 0 0 
0 0 0 0 0 0 0 0 1 0 
1 0 1 0 0 1 0 0 0 0 
0 0 1 0 0 1 1 1 0 0 
0 1 0 0 1 1 1 0 0 1 
1 0 0 0 0 0 0 0 0 1 
0 0 0 0 0 0 0 1 0 0 
0 0 0 0 0 0 1 0 0 0 
0 0 0 0 1 0 0 0 0 0 
1 0 0 0 1 0 0 0 1 0 
0 0 1 0 0 0 1 0 0 0 
1 1 1 0 0 0 1 0 0 0 
0 0 0 0 0 0 0 1 1 0 
1 0 0 0 0 0 1 0 0 1 
1 0 0 1 0 0 0 0 0 0 
1 0 1 0 0 0 0 1 0 0 
0 0 0 0 0 0 0 1 0 0 
0 0 0 0 1 0 0 0 0 0 
0 0 0 0 0 1 0 0 0 0 
0 0 0 1 1 1 0 0 0 0 
0 0 0 1 0 0 1 1 1 1 
numSequences: 3628800
minStacks: 16
Best sequence:
9 6 2 0 3 4 1 5 7 8 
0 0 1 0 0 0 0 0 0 0 
0 0 1 0 0 0 0 0 0 1 
0 0 1 0 1 0 0 1 0 0 
0 1 1 0 0 0 0 0 0 0 
0 0 0 0 0 0 0 1 0 1 
0 0 1 0 1 0 0 0 0 0 
0 1 0 0 0 0 1 0 0 1 
1 0 0 0 0 0 0 0 0 0 
0 0 0 1 0 0 0 1 0 1 
0 1 0 0 0 0 1 1 0 0 
0 0 0 0 0 0 0 0 0 1 
0 0 1 1 0 0 0 1 0 0 
0 1 1 0 0 0 0 1 1 0 
1 1 0 0 0 1 1 1 0 0 
1 0 0 1 0 0 0 0 0 0 
0 0 0 0 0 0 0 0 1 0 
0 1 0 0 0 0 0 0 0 0 
0 0 0 0 0 1 0 0 0 0 
0 0 0 1 0 1 0 0 0 1 
0 1 1 0 0 0 0 0 0 0 
0 1 1 1 0 0 1 0 0 0 
0 0 0 0 0 0 0 0 1 1 
1 1 0 1 0 0 0 0 0 0 
0 0 0 1 1 0 0 0 0 0 
0 0 1 1 0 0 0 0 1 0 
0 0 0 0 0 0 0 0 1 0 
0 0 0 0 0 1 0 0 0 0 
0 0 0 0 0 0 0 1 0 0 
0 0 0 0 1 1 0 1 0 0 
1 1 0 0 1 0 0 0 1 1 
Open stacks: 16
Took 10.74 seconds

buffer: HS problem 1106 size 30 10 density  0.20
numCustomers: 30
numProducts: 10
0 0 0 0 0 0 0 0 1 0 
1 0 0 0 0 0 0 0 0 0 
0 1 0 0 0 1 0 1 0 0 
1 1 0 0 0 0 0 0 0 0 
0 0 0 0 1 0 0 0 0 1 
0 1 0 0 0 0 1 0 0 0 
0 0 0 0 1 0 1 0 0 0 
0 0 0 1 0 0 0 1 1 0 
0 1 0 1 0 0 1 0 0 0 
0 0 0 1 1 0 1 1 0 1 
1 0 1 0 1 0 0 0 0 0 
0 0 1 0 0 0 0 1 0 0 
0 1 1 1 0 1 0 0 0 1 
0 1 1 0 0 0 0 0 1 0 
0 0 0 0 1 1 0 0 0 0 
0 0 0 1 0 0 0 0 1 1 
0 0 1 0 0 0 0 0 0 0 
0 0 1 0 0 1 0 0 0 0 
0 0 1 0 0 0 0 0 0 0 
0 0 0 1 1 0 0 1 0 0 
1 1 0 0 0 0 0 0 0 0 
0 0 1 0 0 0 0 0 0 1 
0 0 0 1 0 0 0 0 0 0 
0 0 0 1 0 0 1 0 0 0 
0 0 0 0 0 0 0 0 1 0 
0 1 1 0 0 1 0 1 0 1 
0 0 0 0 0 0 1 0 0 0 
1 0 0 0 0 0 1 1 0 0 
0 0 0 0 0 0 0 1 0 0 
0 0 1 0 0 0 0 0 0 0 
numSequences: 3628800
minStacks: 14
Best sequence:
9 2 5 4 0 1 6 3 7 8 
0 0 0 0 0 0 0 0 0 1 
0 0 0 0 1 0 0 0 0 0 
0 0 1 0 0 1 0 0 1 0 
0 0 0 0 1 1 0 0 0 0 
1 0 0 1 0 0 0 0 0 0 
0 0 0 0 0 1 1 0 0 0 
0 0 0 1 0 0 1 0 0 0 
0 0 0 0 0 0 0 1 1 1 
0 0 0 0 0 1 1 1 0 0 
1 0 0 1 0 0 1 1 1 0 
0 1 0 1 1 0 0 0 0 0 
0 1 0 0 0 0 0 0 1 0 
1 1 1 0 0 1 0 1 0 0 
0 1 0 0 0 1 0 0 0 1 
0 0 1 1 0 0 0 0 0 0 
1 0 0 0 0 0 0 1 0 1 
0 1 0 0 0 0 0 0 0 0 
0 1 1 0 0 0 0 0 0 0 
0 1 0 0 0 0 0 0 0 0 
0 0 0 1 0 0 0 1 1 0 
0 0 0 0 1 1 0 0 0 0 
1 1 0 0 0 0 0 0 0 0 
0 0 0 0 0 0 0 1 0 0 
0 0 0 0 0 0 1 1 0 0 
0 0 0 0 0 0 0 0 0 1 
1 1 1 0 0 1 0 0 1 0 
0 0 0 0 0 0 1 0 0 0 
0 0 0 0 1 0 1 0 1 0 
0 0 0 0 0 0 0 0 1 0 
0 1 0 0 0 0 0 0 0 0 
Open stacks: 14
Took 10.74 seconds

buffer: HS problem 1107 size 30 10 density  0.20
numCustomers: 30
numProducts: 10
0 0 0 0 0 1 0 0 0 0 
1 0 0 0 0 1 0 0 1 0 
0 1 1 0 0 0 0 0 0 0 
0 0 0 0 0 0 0 0 0 1 
0 0 0 0 0 0 0 1 0 0 
0 1 1 0 0 0 0 0 0 1 
1 0 1 0 0 0 1 0 0 0 
1 0 0 0 0 0 0 0 0 0 
0 0 1 0 0 0 0 0 0 0 
0 0 1 0 0 1 0 0 0 1 
1 0 0 0 0 0 0 1 0 0 
1 0 0 1 1 0 1 0 0 0 
0 0 1 0 1 0 0 0 0 0 
0 0 0 0 0 1 0 1 0 0 
0 1 0 0 0 1 0 1 0 0 
1 0 0 0 0 0 1 0 0 0 
0 1 0 0 0 0 0 0 0 0 
0 0 1 1 0 0 0 0 0 0 
1 0 1 0 0 0 0 1 0 0 
0 1 0 0 0 0 0 0 1 0 
0 1 0 0 1 1 0 0 0 0 
0 0 1 0 0 0 0 0 0 1 
0 0 0 0 0 0 0 0 0 1 
0 1 0 0 0 0 0 0 0 1 
0 0 0 1 0 0 0 0 0 1 
0 0 1 0 0 0 0 1 1 1 
0 0 1 0 0 0 0 0 0 0 
1 0 0 0 0 0 0 1 0 0 
0 0 0 1 0 1 0 0 0 0 
0 1 0 0 0 0 1 0 1 0 
numSequences: 3628800
minStacks: 14
Best sequence:
9 2 4 3 5 1 0 6 7 8 
0 0 0 0 1 0 0 0 0 0 
0 0 0 0 1 0 1 0 0 1 
0 1 0 0 0 1 0 0 0 0 
1 0 0 0 0 0 0 0 0 0 
0 0 0 0 0 0 0 0 1 0 
1 1 0 0 0 1 0 0 0 0 
0 1 0 0 0 0 1 1 0 0 
0 0 0 0 0 0 1 0 0 0 
0 1 0 0 0 0 0 0 0 0 
1 1 0 0 1 0 0 0 0 0 
0 0 0 0 0 0 1 0 1 0 
0 0 1 1 0 0 1 1 0 0 
0 1 1 0 0 0 0 0 0 0 
0 0 0 0 1 0 0 0 1 0 
0 0 0 0 1 1 0 0 1 0 
0 0 0 0 0 0 1 1 0 0 
0 0 0 0 0 1 0 0 0 0 
0 1 0 1 0 0 0 0 0 0 
0 1 0 0 0 0 1 0 1 0 
0 0 0 0 0 1 0 0 0 1 
0 0 1 0 1 1 0 0 0 0 
1 1 0 0 0 0 0 0 0 0 
1 0 0 0 0 0 0 0 0 0 
1 0 0 0 0 1 0 0 0 0 
1 0 0 1 0 0 0 0 0 0 
1 1 0 0 0 0 0 0 1 1 
0 1 0 0 0 0 0 0 0 0 
0 0 0 0 0 0 1 0 1 0 
0 0 0 1 1 0 0 0 0 0 
0 0 0 0 0 1 0 1 0 1 
Open stacks: 14
Took 10.72 seconds

buffer: HS problem 1108 size 30 10 density  0.20
numCustomers: 30
numProducts: 10
0 0 1 0 0 1 0 0 0 0 
0 1 0 0 0 0 1 0 0 0 
0 0 0 0 1 0 0 1 1 0 
0 0 1 0 0 0 0 0 0 0 
1 1 0 0 0 0 0 0 0 0 
1 0 0 0 0 0 0 0 0 0 
0 1 0 0 1 0 0 1 0 1 
0 1 0 0 0 0 0 0 0 1 
1 1 0 0 0 1 0 0 0 0 
1 1 0 0 1 0 0 0 0 0 
0 0 0 1 0 1 0 0 0 0 
1 1 0 1 0 0 1 0 0 0 
1 0 1 1 1 0 0 1 0 0 
0 0 0 0 0 1 0 0 0 0 
0 0 1 0 0 1 1 1 0 0 
0 0 0 1 0 0 0 1 0 0 
0 0 0 0 0 1 0 0 1 0 
0 1 0 0 0 0 0 0 0 1 
0 0 0 0 0 1 0 0 1 0 
0 0 0 1 0 0 0 0 0 0 
1 0 0 0 0 0 0 0 0 0 
1 0 0 0 0 0 0 1 0 0 
0 1 0 0 0 0 0 0 1 0 
0 0 1 1 0 0 0 0 0 0 
0 0 0 0 1 0 0 0 0 0 
0 0 1 0 0 1 0 0 0 1 
1 0 0 0 1 1 1 0 0 0 
0 0 0 1 1 0 1 0 0 0 
0 0 0 0 1 0 0 0 0 0 
0 1 0 0 1 1 0 0 0 1 
numSequences: 3628800
minStacks: 15
Best sequence:
9 0 1 7 6 4 3 2 5 8 
0 0 0 0 0 0 0 1 1 0 
0 0 1 0 1 0 0 0 0 0 
0 0 0 1 0 1 0 0 0 1 
0 0 0 0 0 0 0 1 0 0 
0 1 1 0 0 0 0 0 0 0 
0 1 0 0 0 0 0 0 0 0 
1 0 1 1 0 1 0 0 0 0 
1 0 1 0 0 0 0 0 0 0 
0 1 1 0 0 0 0 0 1 0 
0 1 1 0 0 1 0 0 0 0 
0 0 0 0 0 0 1 0 1 0 
0 1 1 0 1 0 1 0 0 0 
0 1 0 1 0 1 1 1 0 0 
0 0 0 0 0 0 0 0 1 0 
0 0 0 1 1 0 0 1 1 0 
0 0 0 1 0 0 1 0 0 0 
0 0 0 0 0 0 0 0 1 1 
1 0 1 0 0 0 0 0 0 0 
0 0 0 0 0 0 0 0 1 1 
0 0 0 0 0 0 1 0 0 0 
0 1 0 0 0 0 0 0 0 0 
0 1 0 1 0 0 0 0 0 0 
0 0 1 0 0 0 0 0 0 1 
0 0 0 0 0 0 1 1 0 0 
0 0 0 0 0 1 0 0 0 0 
1 0 0 0 0 0 0 1 1 0 
0 1 0 0 1 1 0 0 1 0 
0 0 0 0 1 1 1 0 0 0 
0 0 0 0 0 1 0 0 0 0 
1 0 1 0 0 1 0 0 1 0 
Open stacks: 15
Took 10.74 seconds

buffer: HS problem 1109 size 30 10 density  0.20
numCustomers: 30
numProducts: 10
0 0 0 1 1 0 0 0 0 0 
0 0 0 0 0 1 0 0 0 0 
0 1 0 0 0 0 0 0 0 1 
0 0 0 1 0 0 0 0 0 0 
0 0 0 0 0 0 0 0 0 1 
0 1 0 0 1 1 0 0 0 0 
0 1 1 0 1 0 0 1 0 0 
0 0 1 1 0 0 0 0 0 0 
0 1 0 0 1 1 1 0 1 0 
0 0 0 0 0 0 0 0 0 1 
0 0 0 0 1 0 0 0 0 0 
0 1 1 0 1 1 0 0 0 0 
0 1 1 0 0 0 0 0 0 0 
0 0 0 0 0 0 1 0 0 0 
0 0 0 0 1 0 0 0 0 1 
0 0 0 0 0 0 1 0 0 0 
0 0 0 1 0 0 0 0 0 0 
0 0 1 0 0 0 0 0 0 0 
0 0 0 1 0 0 0 0 0 0 
0 1 0 0 0 1 1 0 1 1 
0 0 1 0 0 0 0 0 0 1 
0 1 0 0 0 0 0 0 0 0 
0 1 0 0 1 0 0 0 0 0 
1 0 0 0 0 0 0 0 1 0 
1 0 0 1 0 0 0 0 1 0 
0 0 0 0 0 1 0 0 0 0 
0 0 0 0 0 0 1 0 1 0 
0 0 1 0 0 0 0 0 0 0 
0 1 1 0 0 0 0 0 0 0 
0 0 1 1 0 0 0 0 0 0 
numSequences: 3628800
minStacks: 12
Best sequence:
9 5 4 1 2 0 3 6 7 8 
0 0 1 0 0 0 1 0 0 0 
0 1 0 0 0 0 0 0 0 0 
1 0 0 1 0 0 0 0 0 0 
0 0 0 0 0 0 1 0 0 0 
1 0 0 0 0 0 0 0 0 0 
0 1 1 1 0 0 0 0 0 0 
0 0 1 1 1 0 0 0 1 0 
0 0 0 0 1 0 1 0 0 0 
0 1 1 1 0 0 0 1 0 1 
1 0 0 0 0 0 0 0 0 0 
0 0 1 0 0 0 0 0 0 0 
0 1 1 1 1 0 0 0 0 0 
0 0 0 1 1 0 0 0 0 0 
0 0 0 0 0 0 0 1 0 0 
1 0 1 0 0 0 0 0 0 0 
0 0 0 0 0 0 0 1 0 0 
0 0 0 0 0 0 1 0 0 0 
0 0 0 0 1 0 0 0 0 0 
0 0 0 0 0 0 1 0 0 0 
1 1 0 1 0 0 0 1 0 1 
1 0 0 0 1 0 0 0 0 0 
0 0 0 1 0 0 0 0 0 0 
0 0 1 1 0 0 0 0 0 0 
0 0 0 0 0 1 0 0 0 1 
0 0 0 0 0 1 1 0 0 1 
0 1 0 0 0 0 0 0 0 0 
0 0 0 0 0 0 0 1 0 1 
0 0 0 0 1 0 0 0 0 0 
0 0 0 1 1 0 0 0 0 0 
0 0 0 0 1 0 1 0 0 0 
Open stacks: 12
Took 10.72 seconds

buffer: HS problem 1110 size 30 10 density  0.20
numCustomers: 30
numProducts: 10
0 0 0 1 0 0 0 1 0 0 
0 0 0 0 1 0 0 0 0 0 
0 0 0 0 0 0 0 0 1 0 
0 0 0 0 1 0 1 1 0 0 
0 1 0 0 0 1 1 0 0 0 
0 1 0 0 0 0 0 0 0 0 
0 0 0 1 1 0 0 0 0 0 
0 1 0 0 0 0 0 0 0 0 
1 1 1 0 1 0 0 0 0 0 
0 0 0 0 1 0 0 0 0 1 
0 1 1 1 0 0 0 0 0 1 
0 0 0 1 1 0 0 0 0 0 
0 0 0 0 0 0 1 1 1 1 
1 0 0 0 1 0 0 0 0 0 
1 0 1 1 1 1 0 0 1 1 
0 1 0 1 0 1 1 0 0 0 
1 0 0 1 1 0 1 1 0 0 
0 1 0 1 0 0 1 1 0 1 
0 0 0 1 0 1 0 0 0 0 
0 1 0 1 0 1 0 1 0 0 
0 0 1 0 0 0 0 0 0 1 
0 0 1 0 0 0 0 0 0 0 
1 0 0 0 0 1 0 0 0 0 
0 0 0 1 0 0 0 1 0 0 
0 0 1 0 0 0 1 1 1 1 
0 0 0 1 1 0 0 1 0 0 
0 0 0 0 0 0 0 1 0 0 
0 0 0 0 1 0 1 0 0 0 
1 0 0 1 0 0 0 0 0 0 
0 0 0 0 0 0 0 0 0 1 
numSequences: 3628800
minStacks: 17
Best sequence:
9 6 2 4 1 0 5 3 7 8 
0 0 0 0 0 0 0 1 1 0 
0 0 0 1 0 0 0 0 0 0 
0 0 0 0 0 0 0 0 0 1 
0 1 0 1 0 0 0 0 1 0 
0 1 0 0 1 0 1 0 0 0 
0 0 0 0 1 0 0 0 0 0 
0 0 0 1 0 0 0 1 0 0 
0 0 0 0 1 0 0 0 0 0 
0 0 1 1 1 1 0 0 0 0 
1 0 0 1 0 0 0 0 0 0 
1 0 1 0 1 0 0 1 0 0 
0 0 0 1 0 0 0 1 0 0 
1 1 0 0 0 0 0 0 1 1 
0 0 0 1 0 1 0 0 0 0 
1 0 1 1 0 1 1 1 0 1 
0 1 0 0 1 0 1 1 0 0 
0 1 0 1 0 1 0 1 1 0 
1 1 0 0 1 0 0 1 1 0 
0 0 0 0 0 0 1 1 0 0 
0 0 0 0 1 0 1 1 1 0 
1 0 1 0 0 0 0 0 0 0 
0 0 1 0 0 0 0 0 0 0 
0 0 0 0 0 1 1 0 0 0 
0 0 0 0 0 0 0 1 1 0 
1 1 1 0 0 0 0 0 1 1 
0 0 0 1 0 0 0 1 1 0 
0 0 0 0 0 0 0 0 1 0 
0 1 0 1 0 0 0 0 0 0 
0 0 0 0 0 1 0 1 0 0 
1 0 0 0 0 0 0 0 0 0 
Open stacks: 17
Took 10.79 seconds

buffer: HS problem 1111 size 30 10 density  0.20
numCustomers: 30
numProducts: 10
0 0 1 1 1 0 0 0 1 0 
0 1 1 0 0 0 0 1 0 0 
0 0 0 1 0 0 0 0 0 1 
0 0 0 0 0 1 0 0 1 0 
1 1 0 0 0 1 0 0 0 0 
0 1 0 1 0 0 0 0 0 0 
0 0 0 0 0 1 0 0 0 0 
0 0 0 1 0 0 0 1 0 0 
0 0 0 0 0 0 1 0 0 1 
1 0 0 0 0 0 0 1 0 0 
0 0 0 0 0 0 0 0 1 1 
1 0 0 0 1 0 0 0 0 0 
0 0 0 1 0 1 0 0 0 0 
0 1 0 1 0 0 0 0 0 1 
0 1 0 1 0 1 0 0 0 0 
0 0 0 0 0 0 1 0 0 0 
0 1 0 0 0 0 0 0 0 0 
1 1 1 0 1 1 0 0 0 1 
0 0 1 0 0 0 0 0 0 0 
0 0 1 0 1 0 0 0 1 0 
0 0 0 0 0 0 0 1 0 0 
0 0 0 1 0 0 0 0 0 0 
0 0 0 0 0 0 0 1 0 0 
0 0 0 1 1 1 0 1 0 0 
1 0 0 0 0 0 0 1 0 0 
1 1 1 1 1 0 0 0 0 0 
1 0 0 0 0 0 1 0 1 0 
0 0 0 0 1 1 0 0 0 0 
0 0 0 0 0 1 0 0 0 0 
0 1 1 0 0 0 0 0 0 0 
numSequences: 3628800
minStacks: 14
Best sequence:
3 1 9 6 8 2 4 5 0 7 
1 0 0 0 1 1 1 0 0 0 
0 1 0 0 0 1 0 0 0 1 
1 0 1 0 0 0 0 0 0 0 
0 0 0 0 1 0 0 1 0 0 
0 1 0 0 0 0 0 1 1 0 
1 1 0 0 0 0 0 0 0 0 
0 0 0 0 0 0 0 1 0 0 
1 0 0 0 0 0 0 0 0 1 
0 0 1 1 0 0 0 0 0 0 
0 0 0 0 0 0 0 0 1 1 
0 0 1 0 1 0 0 0 0 0 
0 0 0 0 0 0 1 0 1 0 
1 0 0 0 0 0 0 1 0 0 
1 1 1 0 0 0 0 0 0 0 
1 1 0 0 0 0 0 1 0 0 
0 0 0 1 0 0 0 0 0 0 
0 1 0 0 0 0 0 0 0 0 
0 1 1 0 0 1 1 1 1 0 
0 0 0 0 0 1 0 0 0 0 
0 0 0 0 1 1 1 0 0 0 
0 0 0 0 0 0 0 0 0 1 
1 0 0 0 0 0 0 0 0 0 
0 0 0 0 0 0 0 0 0 1 
1 0 0 0 0 0 1 1 0 1 
0 0 0 0 0 0 0 0 1 1 
1 1 0 0 0 1 1 0 1 0 
0 0 0 1 1 0 0 0 1 0 
0 0 0 0 0 0 1 1 0 0 
0 0 0 0 0 0 0 1 0 0 
0 1 0 0 0 1 0 0 0 0 
Open stacks: 14
Took 10.73 seconds

buffer: HS problem 1112 size 30 10 density  0.20
numCustomers: 30
numProducts: 10
0 0 0 0 1 1 0 1 0 0 
0 0 0 0 0 0 1 0 0 0 
0 0 0 1 1 1 1 0 0 0 
0 0 0 1 0 0 1 0 0 0 
1 0 0 0 0 0 1 0 0 1 
0 0 0 0 0 0 1 0 0 0 
0 0 1 1 1 0 0 0 0 0 
0 0 0 0 0 0 0 0 1 0 
0 0 0 1 1 0 0 1 0 0 
1 0 0 0 0 1 0 0 0 1 
0 0 0 1 1 1 1 0 0 0 
0 0 0 1 0 0 1 0 0 0 
0 1 0 0 0 0 0 0 0 0 
0 0 0 0 0 0 0 1 0 0 
1 1 0 0 0 0 0 0 0 0 
1 0 0 0 0 0 0 0 0 1 
0 0 0 1 0 1 1 0 0 0 
0 0 0 0 0 1 0 1 0 1 
0 0 0 1 0 0 0 0 0 0 
0 0 0 0 0 0 1 0 0 1 
0 1 0 0 0 0 0 1 1 0 
0 0 0 0 0 0 1 0 0 1 
0 0 0 0 0 1 0 1 0 0 
0 1 0 1 1 0 0 0 0 0 
0 1 0 0 1 1 0 0 0 1 
1 0 0 0 0 0 1 0 0 1 
1 1 0 0 0 0 0 0 0 1 
1 0 0 1 1 0 0 0 0 1 
1 0 0 0 0 1 0 0 1 0 
0 0 0 1 0 0 0 0 0 0 
numSequences: 3628800
minStacks: 15
Best sequence:
6 9 0 1 5 7 4 3 2 8 
0 0 0 0 1 1 1 0 0 0 
1 0 0 0 0 0 0 0 0 0 
1 0 0 0 1 0 1 1 0 0 
1 0 0 0 0 0 0 1 0 0 
1 1 1 0 0 0 0 0 0 0 
1 0 0 0 0 0 0 0 0 0 
0 0 0 0 0 0 1 1 1 0 
0 0 0 0 0 0 0 0 0 1 
0 0 0 0 0 1 1 1 0 0 
0 1 1 0 1 0 0 0 0 0 
1 0 0 0 1 0 1 1 0 0 
1 0 0 0 0 0 0 1 0 0 
0 0 0 1 0 0 0 0 0 0 
0 0 0 0 0 1 0 0 0 0 
0 0 1 1 0 0 0 0 0 0 
0 1 1 0 0 0 0 0 0 0 
1 0 0 0 1 0 0 1 0 0 
0 1 0 0 1 1 0 0 0 0 
0 0 0 0 0 0 0 1 0 0 
1 1 0 0 0 0 0 0 0 0 
0 0 0 1 0 1 0 0 0 1 
1 1 0 0 0 0 0 0 0 0 
0 0 0 0 1 1 0 0 0 0 
0 0 0 1 0 0 1 1 0 0 
0 1 0 1 1 0 1 0 0 0 
1 1 1 0 0 0 0 0 0 0 
0 1 1 1 0 0 0 0 0 0 
0 1 1 0 0 0 1 1 0 0 
0 0 1 0 1 0 0 0 0 1 
0 0 0 0 0 0 0 1 0 0 
Open stacks: 15
Took 10.74 seconds

buffer: HS problem 1113 size 30 10 density  0.20
numCustomers: 30
numProducts: 10
0 1 0 1 1 0 0 0 0 0 
0 1 0 0 0 0 0 0 0 1 
0 0 0 0 0 0 0 1 0 0 
0 0 1 0 0 0 0 1 0 0 
0 0 0 0 0 0 1 1 0 0 
0 0 0 1 0 0 0 0 0 0 
0 0 0 0 0 0 1 0 1 0 
0 1 0 0 0 0 0 0 0 1 
1 0 0 0 1 0 0 0 0 1 
1 0 1 0 0 0 0 0 0 0 
0 1 0 0 0 0 0 0 0 0 
0 1 1 0 0 0 1 0 1 0 
0 0 0 0 0 0 0 0 1 0 
0 0 0 0 1 1 0 0 0 0 
0 1 1 1 1 1 0 0 1 1 
0 1 1 0 0 0 0 0 1 0 
1 1 0 0 0 0 1 1 0 0 
1 1 1 0 1 0 1 0 0 0 
1 0 0 0 0 0 0 0 0 0 
0 0 1 0 0 0 1 0 0 0 
0 1 0 0 0 0 0 0 0 0 
0 0 0 0 0 1 0 0 1 0 
0 0 1 0 0 0 1 0 0 0 
1 0 0 0 0 0 1 0 1 0 
0 0 0 1 0 1 0 0 0 0 
0 1 0 1 0 0 1 0 0 0 
0 1 0 0 0 0 0 0 0 0 
1 0 1 0 0 1 0 1 0 0 
0 1 0 0 0 0 0 1 0 0 
0 0 1 1 0 0 0 0 0 0 
numSequences: 3628800
minStacks: 15
Best sequence:
9 1 5 4 0 3 2 6 7 8 
0 1 0 1 0 1 0 0 0 0 
1 1 0 0 0 0 0 0 0 0 
0 0 0 0 0 0 0 0 1 0 
0 0 0 0 0 0 1 0 1 0 
0 0 0 0 0 0 0 1 1 0 
0 0 0 0 0 1 0 0 0 0 
0 0 0 0 0 0 0 1 0 1 
1 1 0 0 0 0 0 0 0 0 
1 0 0 1 1 0 0 0 0 0 
0 0 0 0 1 0 1 0 0 0 
0 1 0 0 0 0 0 0 0 0 
0 1 0 0 0 0 1 1 0 1 
0 0 0 0 0 0 0 0 0 1 
0 0 1 1 0 0 0 0 0 0 
1 1 1 1 0 1 1 0 0 1 
0 1 0 0 0 0 1 0 0 1 
0 1 0 0 1 0 0 1 1 0 
0 1 0 1 1 0 1 1 0 0 
0 0 0 0 1 0 0 0 0 0 
0 0 0 0 0 0 1 1 0 0 
0 1 0 0 0 0 0 0 0 0 
0 0 1 0 0 0 0 0 0 1 
0 0 0 0 0 0 1 1 0 0 
0 0 0 0 1 0 0 1 0 1 
0 0 1 0 0 1 0 0 0 0 
0 1 0 0 0 1 0 1 0 0 
0 1 0 0 0 0 0 0 0 0 
0 0 1 0 1 0 1 0 1 0 
0 1 0 0 0 0 0 0 1 0 
0 0 0 0 0 1 1 0 0 0 
Open stacks: 15
Took 10.75 seconds

buffer: HS problem 1114 size 30 10 density  0.20
numCustomers: 30
numProducts: 10
0 0 0 0 1 0 0 0 0 0 
0 0 0 1 0 1 0 0 1 0 
0 0 0 0 1 0 0 0 0 0 
0 0 0 0 0 0 1 0 0 0 
0 0 0 1 0 0 0 0 0 0 
0 0 1 0 0 0 0 0 0 0 
0 0 1 0 1 0 0 0 0 0 
0 1 1 0 0 0 0 0 0 0 
1 0 0 0 0 1 0 0 0 0 
0 0 0 0 0 0 1 0 0 0 
0 0 0 0 0 1 0 0 0 1 
1 1 0 0 1 1 0 0 0 0 
0 0 1 0 0 0 0 1 1 0 
1 0 0 0 0 0 0 1 1 1 
0 0 0 0 1 0 0 0 0 1 
0 1 0 0 0 0 0 1 0 0 
0 0 0 0 0 0 1 0 0 1 
1 1 0 0 0 0 0 0 0 0 
0 1 1 0 0 0 1 0 1 0 
0 0 0 0 0 0 0 0 1 0 
0 0 1 0 1 0 0 1 0 0 
1 0 0 0 0 0 0 0 0 1 
0 0 0 0 0 0 1 0 0 1 
1 0 1 0 0 0 0 0 0 0 
0 1 0 1 0 0 0 0 1 0 
0 0 1 1 0 0 0 1 0 0 
0 0 0 0 0 0 0 0 1 1 
0 0 1 0 1 1 0 0 1 0 
0 0 1 0 0 1 1 1 0 1 
0 0 0 1 0 0 0 0 0 1 
numSequences: 3628800
minStacks: 13
Best sequence:
9 6 8 3 5 0 7 1 2 4 
0 0 0 0 0 0 0 0 0 1 
0 0 1 1 1 0 0 0 0 0 
0 0 0 0 0 0 0 0 0 1 
0 1 0 0 0 0 0 0 0 0 
0 0 0 1 0 0 0 0 0 0 
0 0 0 0 0 0 0 0 1 0 
0 0 0 0 0 0 0 0 1 1 
0 0 0 0 0 0 0 1 1 0 
0 0 0 0 1 1 0 0 0 0 
0 1 0 0 0 0 0 0 0 0 
1 0 0 0 1 0 0 0 0 0 
0 0 0 0 1 1 0 1 0 1 
0 0 1 0 0 0 1 0 1 0 
1 0 1 0 0 1 1 0 0 0 
1 0 0 0 0 0 0 0 0 1 
0 0 0 0 0 0 1 1 0 0 
1 1 0 0 0 0 0 0 0 0 
0 0 0 0 0 1 0 1 0 0 
0 1 1 0 0 0 0 1 1 0 
0 0 1 0 0 0 0 0 0 0 
0 0 0 0 0 0 1 0 1 1 
1 0 0 0 0 1 0 0 0 0 
1 1 0 0 0 0 0 0 0 0 
0 0 0 0 0 1 0 0 1 0 
0 0 1 1 0 0 0 1 0 0 
0 0 0 1 0 0 1 0 1 0 
1 0 1 0 0 0 0 0 0 0 
0 0 1 0 1 0 0 0 1 1 
1 1 0 0 1 0 1 0 1 0 
1 0 0 1 0 0 0 0 0 0 
Open stacks: 13
Took 10.74 seconds

buffer: HS problem 1115 size 30 10 density  0.20
numCustomers: 30
numProducts: 10
0 1 0 1 0 1 0 0 1 0 
1 0 0 0 0 0 1 1 0 0 
1 1 1 0 0 1 0 0 0 1 
1 1 0 0 0 1 0 1 1 1 
0 0 0 1 0 0 1 0 1 0 
0 0 0 1 0 0 0 1 0 1 
0 0 0 0 1 0 0 1 0 1 
0 0 1 0 1 0 1 0 0 0 
1 0 0 0 0 0 0 0 0 0 
0 0 0 0 1 0 0 0 1 0 
1 0 0 0 1 0 0 1 0 0 
0 1 0 0 0 1 0 0 0 0 
0 1 0 0 0 0 0 0 1 1 
0 1 0 0 0 0 0 0 0 1 
0 0 0 1 0 0 0 0 0 0 
0 0 0 1 0 1 0 0 1 0 
0 0 0 0 0 1 0 0 0 0 
0 1 0 0 0 0 0 0 0 0 
1 0 0 1 1 0 0 0 0 0 
0 1 0 1 0 0 0 0 0 0 
0 0 0 0 0 0 0 1 0 0 
1 1 1 1 0 0 0 0 1 0 
0 0 0 0 0 1 0 1 0 0 
0 0 0 0 0 0 0 0 0 1 
0 0 0 0 0 1 0 0 0 0 
1 1 0 0 0 0 0 0 0 0 
1 0 0 1 0 0 0 0 0 0 
0 1 1 0 1 0 0 0 0 0 
0 0 0 0 0 1 0 0 0 1 
0 1 0 1 0 0 0 0 1 0 
numSequences: 3628800
minStacks: 17
Best sequence:
9 7 5 1 0 2 4 3 6 8 
0 0 1 1 0 0 0 1 0 1 
0 1 0 0 1 0 0 0 1 0 
1 0 1 1 1 1 0 0 0 0 
1 1 1 1 1 0 0 0 0 1 
0 0 0 0 0 0 0 1 1 1 
1 1 0 0 0 0 0 1 0 0 
1 1 0 0 0 0 1 0 0 0 
0 0 0 0 0 1 1 0 1 0 
0 0 0 0 1 0 0 0 0 0 
0 0 0 0 0 0 1 0 0 1 
0 1 0 0 1 0 1 0 0 0 
0 0 1 1 0 0 0 0 0 0 
1 0 0 1 0 0 0 0 0 1 
1 0 0 1 0 0 0 0 0 0 
0 0 0 0 0 0 0 1 0 0 
0 0 1 0 0 0 0 1 0 1 
0 0 1 0 0 0 0 0 0 0 
0 0 0 1 0 0 0 0 0 0 
0 0 0 0 1 0 1 1 0 0 
0 0 0 1 0 0 0 1 0 0 
0 1 0 0 0 0 0 0 0 0 
0 0 0 1 1 1 0 1 0 1 
0 1 1 0 0 0 0 0 0 0 
1 0 0 0 0 0 0 0 0 0 
0 0 1 0 0 0 0 0 0 0 
0 0 0 1 1 0 0 0 0 0 
0 0 0 0 1 0 0 1 0 0 
0 0 0 1 0 1 1 0 0 0 
1 0 1 0 0 0 0 0 0 0 
0 0 0 1 0 0 0 1 0 1 
Open stacks: 17
Took 10.76 seconds

buffer: HS problem 1116 size 30 10 density  0.20
numCustomers: 30
numProducts: 10
0 0 0 0 1 0 0 0 0 1 
0 0 0 0 1 1 1 0 0 1 
1 1 0 0 0 0 0 0 0 0 
0 0 0 1 0 0 0 0 0 0 
0 0 0 0 1 0 1 0 1 0 
0 0 0 0 0 0 0 0 1 0 
1 0 1 1 0 1 0 0 0 1 
0 0 0 1 0 0 0 0 1 1 
0 1 0 0 0 0 1 0 0 0 
0 1 0 0 0 0 0 0 1 0 
0 0 0 0 0 0 1 0 0 0 
0 1 0 1 0 0 0 0 1 0 
0 0 0 0 0 0 1 0 0 1 
1 0 0 0 0 0 1 0 0 1 
0 0 0 0 0 1 0 0 0 0 
1 0 1 1 0 0 0 0 0 0 
0 0 0 1 0 1 0 0 1 0 
0 0 0 0 1 1 1 0 0 0 
0 0 0 0 0 1 0 0 1 0 
0 1 0 0 0 0 0 0 0 1 
0 0 0 0 0 0 0 0 1 0 
0 0 1 0 1 0 0 0 0 0 
1 0 0 0 0 1 1 0 1 0 
0 0 0 0 0 0 0 1 0 0 
0 0 0 0 1 0 0 0 0 0 
1 1 0 1 1 0 0 0 1 0 
1 1 1 0 0 0 0 0 0 0 
0 1 0 0 0 0 1 1 0 0 
0 0 1 1 0 1 0 0 0 0 
0 1 0 0 0 0 0 0 0 0 
numSequences: 3628800
minStacks: 15
Best sequence:
7 6 1 9 0 4 2 5 3 8 
0 0 0 1 0 1 0 0 0 0 
0 1 0 1 0 1 0 1 0 0 
0 0 1 0 1 0 0 0 0 0 
0 0 0 0 0 0 0 0 1 0 
0 1 0 0 0 1 0 0 0 1 
0 0 0 0 0 0 0 0 0 1 
0 0 0 1 1 0 1 1 1 0 
0 0 0 1 0 0 0 0 1 1 
0 1 1 0 0 0 0 0 0 0 
0 0 1 0 0 0 0 0 0 1 
0 1 0 0 0 0 0 0 0 0 
0 0 1 0 0 0 0 0 1 1 
0 1 0 1 0 0 0 0 0 0 
0 1 0 1 1 0 0 0 0 0 
0 0 0 0 0 0 0 1 0 0 
0 0 0 0 1 0 1 0 1 0 
0 0 0 0 0 0 0 1 1 1 
0 1 0 0 0 1 0 1 0 0 
0 0 0 0 0 0 0 1 0 1 
0 0 1 1 0 0 0 0 0 0 
0 0 0 0 0 0 0 0 0 1 
0 0 0 0 0 1 1 0 0 0 
0 1 0 0 1 0 0 1 0 1 
1 0 0 0 0 0 0 0 0 0 
0 0 0 0 0 1 0 0 0 0 
0 0 1 0 1 1 0 0 1 1 
0 0 1 0 1 0 1 0 0 0 
1 1 1 0 0 0 0 0 0 0 
0 0 0 0 0 0 1 1 1 0 
0 0 1 0 0 0 0 0 0 0 
Open stacks: 15
Took 10.74 seconds

buffer: HS problem 1117 size 30 10 density  0.20
numCustomers: 30
numProducts: 10
0 0 0 0 0 1 1 0 0 1 
0 1 0 0 0 0 0 0 0 0 
0 0 0 0 0 0 1 0 1 0 
0 0 0 0 0 0 0 1 1 0 
0 0 0 0 0 0 0 1 0 1 
0 0 0 0 1 0 0 0 0 1 
0 0 0 0 1 0 0 0 0 0 
1 0 0 0 0 0 0 1 0 0 
0 0 0 1 0 0 1 1 1 0 
0 0 0 0 0 1 1 0 0 1 
1 0 0 0 0 0 0 0 0 0 
0 1 0 1 0 0 0 0 0 0 
1 0 0 0 0 0 0 0 0 0 
0 0 1 0 1 0 0 0 1 0 
0 1 0 1 0 0 0 0 1 0 
0 1 0 0 0 0 0 0 0 0 
0 0 0 1 0 1 1 0 0 0 
0 0 0 0 0 1 0 0 1 1 
0 0 0 0 1 0 1 0 0 1 
0 0 0 0 0 1 1 0 0 0 
0 1 0 0 0 0 0 0 0 0 
0 0 0 0 0 1 1 0 0 1 
0 1 0 0 0 0 0 0 1 1 
0 1 0 0 0 1 0 0 0 0 
0 0 0 0 1 0 0 0 0 1 
0 0 0 0 1 0 0 0 0 1 
0 0 1 0 0 1 0 0 0 1 
1 0 0 0 0 0 0 1 0 1 
0 0 1 0 1 1 0 0 0 0 
1 0 0 1 0 0 0 0 0 0 
numSequences: 3628800
minStacks: 14
Best sequence:
4 9 5 2 6 1 3 0 7 8 
0 1 1 0 1 0 0 0 0 0 
0 0 0 0 0 1 0 0 0 0 
0 0 0 0 1 0 0 0 0 1 
0 0 0 0 0 0 0 0 1 1 
0 1 0 0 0 0 0 0 1 0 
1 1 0 0 0 0 0 0 0 0 
1 0 0 0 0 0 0 0 0 0 
0 0 0 0 0 0 0 1 1 0 
0 0 0 0 1 0 1 0 1 1 
0 1 1 0 1 0 0 0 0 0 
0 0 0 0 0 0 0 1 0 0 
0 0 0 0 0 1 1 0 0 0 
0 0 0 0 0 0 0 1 0 0 
1 0 0 1 0 0 0 0 0 1 
0 0 0 0 0 1 1 0 0 1 
0 0 0 0 0 1 0 0 0 0 
0 0 1 0 1 0 1 0 0 0 
0 1 1 0 0 0 0 0 0 1 
1 1 0 0 1 0 0 0 0 0 
0 0 1 0 1 0 0 0 0 0 
0 0 0 0 0 1 0 0 0 0 
0 1 1 0 1 0 0 0 0 0 
0 1 0 0 0 1 0 0 0 1 
0 0 1 0 0 1 0 0 0 0 
1 1 0 0 0 0 0 0 0 0 
1 1 0 0 0 0 0 0 0 0 
0 1 1 1 0 0 0 0 0 0 
0 1 0 0 0 0 0 1 1 0 
1 0 1 1 0 0 0 0 0 0 
0 0 0 0 0 0 1 1 0 0 
Open stacks: 14
Took 10.72 seconds

buffer: HS problem 1118 size 30 10 density  0.20
numCustomers: 30
numProducts: 10
0 0 1 0 0 1 0 0 1 0 
0 0 0 0 0 0 1 1 1 1 
0 0 1 0 0 1 0 0 0 0 
0 1 0 0 0 0 0 0 0 0 
0 1 1 0 0 0 0 1 1 0 
0 1 0 0 0 0 0 0 0 0 
0 0 0 0 1 0 1 0 0 0 
0 1 0 0 0 1 1 0 0 0 
0 0 0 0 0 1 0 0 1 0 
0 0 1 0 0 0 0 1 0 0 
0 0 1 0 0 0 0 0 0 0 
0 1 0 0 0 0 0 1 0 0 
1 0 0 0 0 1 0 1 0 0 
0 0 0 0 0 0 0 0 1 0 
0 1 1 1 1 0 0 1 0 0 
1 1 1 0 0 0 0 0 1 0 
0 0 0 0 1 0 1 1 0 1 
0 0 0 0 0 0 0 0 0 1 
0 1 0 0 1 0 1 0 0 0 
0 0 1 0 1 0 0 0 0 0 
0 1 0 0 0 0 0 1 0 0 
0 0 1 0 0 0 0 1 0 0 
0 0 1 1 0 0 0 0 0 0 
0 0 0 1 0 0 0 1 0 0 
0 0 1 0 0 0 0 0 1 1 
1 0 1 0 1 0 1 0 0 0 
0 0 0 0 0 0 1 0 0 1 
0 0 0 0 0 0 0 0 1 1 
0 0 0 0 0 1 1 0 0 0 
0 0 1 0 0 0 0 0 1 0 
numSequences: 3628800
minStacks: 17
Best sequence:
9 1 7 6 3 4 0 5 2 8 
0 0 0 0 0 0 0 1 1 1 
1 0 1 1 0 0 0 0 0 1 
0 0 0 0 0 0 0 1 1 0 
0 1 0 0 0 0 0 0 0 0 
0 1 1 0 0 0 0 0 1 1 
0 1 0 0 0 0 0 0 0 0 
0 0 0 1 0 1 0 0 0 0 
0 1 0 1 0 0 0 1 0 0 
0 0 0 0 0 0 0 1 0 1 
0 0 1 0 0 0 0 0 1 0 
0 0 0 0 0 0 0 0 1 0 
0 1 1 0 0 0 0 0 0 0 
0 0 1 0 0 0 1 1 0 0 
0 0 0 0 0 0 0 0 0 1 
0 1 1 0 1 1 0 0 1 0 
0 1 0 0 0 0 1 0 1 1 
1 0 1 1 0 1 0 0 0 0 
1 0 0 0 0 0 0 0 0 0 
0 1 0 1 0 1 0 0 0 0 
0 0 0 0 0 1 0 0 1 0 
0 1 1 0 0 0 0 0 0 0 
0 0 1 0 0 0 0 0 1 0 
0 0 0 0 1 0 0 0 1 0 
0 0 1 0 1 0 0 0 0 0 
1 0 0 0 0 0 0 0 1 1 
0 0 0 1 0 1 1 0 1 0 
1 0 0 1 0 0 0 0 0 0 
1 0 0 0 0 0 0 0 0 1 
0 0 0 1 0 0 0 1 0 0 
0 0 0 0 0 0 0 0 1 1 
Open stacks: 17
Took 10.73 seconds

buffer: HS problem 1119 size 30 10 density  0.20
numCustomers: 30
numProducts: 10
0 0 1 1 0 0 0 0 0 0 
0 1 0 0 1 0 0 0 0 0 
0 0 0 0 0 0 0 1 0 0 
0 0 0 0 0 0 0 0 1 0 
0 0 1 0 0 1 0 0 0 0 
1 0 0 0 1 0 0 0 0 1 
0 0 0 0 1 0 0 1 0 0 
0 0 1 1 0 0 1 0 1 0 
0 1 0 0 0 0 0 0 0 0 
0 0 0 0 0 0 0 0 1 0 
1 0 0 0 0 1 0 1 0 0 
0 0 0 0 0 0 1 0 0 1 
0 0 1 0 0 0 1 1 0 0 
0 0 0 0 0 0 1 0 0 1 
0 0 1 0 0 0 0 0 1 0 
0 1 0 0 0 0 0 0 1 0 
0 1 0 0 0 1 0 1 0 0 
0 0 0 0 1 0 1 0 1 0 
0 0 0 0 0 0 1 1 0 0 
0 1 0 1 1 0 0 0 1 0 
0 0 0 1 1 0 0 0 0 0 
0 0 0 0 0 0 0 1 0 0 
0 1 0 0 0 0 0 0 0 0 
0 0 0 0 0 0 1 0 0 1 
0 1 1 0 0 1 0 0 0 0 
0 0 1 0 0 0 0 0 1 1 
0 1 1 1 0 0 0 0 0 0 
0 0 0 0 0 0 1 0 0 0 
0 0 0 0 0 0 1 0 0 0 
0 0 1 0 0 0 0 0 1 0 
numSequences: 3628800
minStacks: 13
Best sequence:
9 6 7 0 3 4 5 2 1 8 
0 0 0 0 1 0 0 1 0 0 
0 0 0 0 0 1 0 0 1 0 
0 0 1 0 0 0 0 0 0 0 
0 0 0 0 0 0 0 0 0 1 
0 0 0 0 0 0 1 1 0 0 
1 0 0 1 0 1 0 0 0 0 
0 0 1 0 0 1 0 0 0 0 
0 1 0 0 1 0 0 1 0 1 
0 0 0 0 0 0 0 0 1 0 
0 0 0 0 0 0 0 0 0 1 
0 0 1 1 0 0 1 0 0 0 
1 1 0 0 0 0 0 0 0 0 
0 1 1 0 0 0 0 1 0 0 
1 1 0 0 0 0 0 0 0 0 
0 0 0 0 0 0 0 1 0 1 
0 0 0 0 0 0 0 0 1 1 
0 0 1 0 0 0 1 0 1 0 
0 1 0 0 0 1 0 0 0 1 
0 1 1 0 0 0 0 0 0 0 
0 0 0 0 1 1 0 0 1 1 
0 0 0 0 1 1 0 0 0 0 
0 0 1 0 0 0 0 0 0 0 
0 0 0 0 0 0 0 0 1 0 
1 1 0 0 0 0 0 0 0 0 
0 0 0 0 0 0 1 1 1 0 
1 0 0 0 0 0 0 1 0 1 
0 0 0 0 1 0 0 1 1 0 
0 1 0 0 0 0 0 0 0 0 
0 1 0 0 0 0 0 0 0 0 
0 0 0 0 0 0 0 1 0 1 
Open stacks: 13
Took 10.73 seconds

buffer: HS problem 1120 size 30 10 density  0.20
numCustomers: 30
numProducts: 10
0 0 0 0 0 1 1 0 1 0 
0 0 0 0 1 0 0 0 0 0 
0 0 0 1 0 1 0 1 0 0 
0 0 0 0 0 0 1 0 0 0 
0 0 0 0 0 1 0 1 0 0 
0 0 0 0 1 0 0 1 1 1 
0 0 0 0 0 0 1 1 0 0 
0 0 0 0 0 0 0 0 1 1 
0 1 0 0 0 0 0 0 1 0 
1 1 0 1 0 0 1 0 0 0 
0 0 0 0 0 0 1 0 1 0 
1 0 1 0 1 0 1 0 0 0 
0 0 0 0 1 0 0 0 0 0 
0 0 0 0 0 1 0 0 0 0 
0 0 1 0 0 0 0 0 0 1 
0 0 0 0 0 0 0 0 1 0 
0 0 1 0 0 1 0 0 0 0 
1 1 0 1 0 0 0 0 0 0 
0 1 1 0 1 1 0 0 0 0 
1 1 1 0 1 0 0 1 1 1 
0 0 0 0 1 0 1 1 0 1 
1 0 0 0 0 1 1 0 0 0 
0 0 0 0 0 0 0 1 1 0 
0 0 1 0 1 0 0 0 0 1 
1 0 0 0 1 0 0 0 0 0 
0 0 0 0 0 0 0 1 1 0 
0 0 0 1 0 0 1 1 0 1 
0 1 0 0 0 0 0 0 0 1 
1 0 0 0 0 1 0 0 0 0 
0 0 0 0 0 0 1 0 0 1 
numSequences: 3628800
minStacks: 16
Best sequence:
8 7 6 9 1 3 0 4 5 2 
1 0 1 0 0 0 0 0 1 0 
0 0 0 0 0 0 0 1 0 0 
0 1 0 0 0 1 0 0 1 0 
0 0 1 0 0 0 0 0 0 0 
0 1 0 0 0 0 0 0 1 0 
1 1 0 1 0 0 0 1 0 0 
0 1 1 0 0 0 0 0 0 0 
1 0 0 1 0 0 0 0 0 0 
1 0 0 0 1 0 0 0 0 0 
0 0 1 0 1 1 1 0 0 0 
1 0 1 0 0 0 0 0 0 0 
0 0 1 0 0 0 1 1 0 1 
0 0 0 0 0 0 0 1 0 0 
0 0 0 0 0 0 0 0 1 0 
0 0 0 1 0 0 0 0 0 1 
1 0 0 0 0 0 0 0 0 0 
0 0 0 0 0 0 0 0 1 1 
0 0 0 0 1 1 1 0 0 0 
0 0 0 0 1 0 0 1 1 1 
1 1 0 1 1 0 1 1 0 1 
0 1 1 1 0 0 0 1 0 0 
0 0 1 0 0 0 1 0 1 0 
1 1 0 0 0 0 0 0 0 0 
0 0 0 1 0 0 0 1 0 1 
0 0 0 0 0 0 1 1 0 0 
1 1 0 0 0 0 0 0 0 0 
0 1 1 1 0 1 0 0 0 0 
0 0 0 1 1 0 0 0 0 0 
0 0 0 0 0 0 1 0 1 0 
0 0 1 1 0 0 0 0 0 0 
Open stacks: 16
Took 10.75 seconds

buffer: HS problem 1121 size 30 10 density  0.20
numCustomers: 30
numProducts: 10
0 0 1 0 0 0 0 1 0 0 
1 0 0 1 0 1 0 0 0 0 
0 0 0 0 0 0 0 1 0 0 
0 0 0 0 0 0 0 1 0 0 
0 0 0 0 0 0 0 0 0 1 
0 0 0 0 0 0 1 0 0 0 
0 0 0 0 0 0 0 1 1 0 
0 1 0 0 0 0 1 0 0 0 
1 0 0 0 0 0 1 0 1 1 
0 0 0 0 1 1 0 0 0 1 
0 1 0 0 1 0 0 0 0 1 
0 0 0 0 1 0 1 0 0 0 
0 0 0 0 1 0 0 0 0 0 
0 0 0 1 0 1 0 0 1 0 
0 0 0 1 0 0 0 0 0 1 
0 1 0 0 0 1 1 1 0 0 
0 0 0 0 0 0 1 0 0 0 
0 1 0 0 0 0 0 1 0 0 
0 0 0 0 0 1 0 0 0 0 
0 0 0 0 0 1 1 1 0 1 
1 1 0 1 0 0 0 1 0 0 
0 0 1 0 0 0 0 0 0 0 
0 1 1 0 0 1 1 0 0 0 
0 0 0 0 0 0 0 0 0 1 
0 0 0 0 1 0 0 0 0 0 
0 0 1 0 1 1 1 1 0 1 
0 0 0 0 1 0 0 0 0 0 
0 0 0 0 0 1 0 0 1 0 
0 1 0 0 0 0 1 1 0 0 
0 0 0 0 0 0 0 1 0 0 
numSequences: 3628800
minStacks: 13
Best sequence:
9 8 5 0 3 4 1 6 2 7 
0 0 0 0 0 0 0 0 1 1 
0 0 1 1 1 0 0 0 0 0 
0 0 0 0 0 0 0 0 0 1 
0 0 0 0 0 0 0 0 0 1 
1 0 0 0 0 0 0 0 0 0 
0 0 0 0 0 0 0 1 0 0 
0 1 0 0 0 0 0 0 0 1 
0 0 0 0 0 0 1 1 0 0 
1 1 0 1 0 0 0 1 0 0 
1 0 1 0 0 1 0 0 0 0 
1 0 0 0 0 1 1 0 0 0 
0 0 0 0 0 1 0 1 0 0 
0 0 0 0 0 1 0 0 0 0 
0 1 1 0 1 0 0 0 0 0 
1 0 0 0 1 0 0 0 0 0 
0 0 1 0 0 0 1 1 0 1 
0 0 0 0 0 0 0 1 0 0 
0 0 0 0 0 0 1 0 0 1 
0 0 1 0 0 0 0 0 0 0 
1 0 1 0 0 0 0 1 0 1 
0 0 0 1 1 0 1 0 0 1 
0 0 0 0 0 0 0 0 1 0 
0 0 1 0 0 0 1 1 1 0 
1 0 0 0 0 0 0 0 0 0 
0 0 0 0 0 1 0 0 0 0 
1 0 1 0 0 1 0 1 1 1 
0 0 0 0 0 1 0 0 0 0 
0 1 1 0 0 0 0 0 0 0 
0 0 0 0 0 0 1 1 0 1 
0 0 0 0 0 0 0 0 0 1 
Open stacks: 13
Took 10.76 seconds

buffer: HS problem 1122 size 30 10 density  0.20
numCustomers: 30
numProducts: 10
0 0 0 0 1 0 0 0 0 1 
0 0 0 0 0 1 0 1 0 0 
0 1 0 1 0 0 0 1 0 0 
0 0 0 0 0 1 0 0 0 0 
1 0 0 0 0 0 0 0 0 0 
0 0 0 0 0 0 0 1 0 0 
0 0 0 0 1 0 1 0 1 1 
0 1 0 0 0 0 0 1 0 0 
0 0 0 0 0 0 0 0 0 1 
0 1 0 0 0 0 1 0 0 0 
1 0 0 1 0 0 0 0 0 0 
0 0 1 0 0 0 0 0 0 0 
0 0 1 1 0 1 1 0 1 0 
1 0 1 0 0 0 0 0 0 1 
0 0 0 0 0 0 1 0 0 0 
1 0 0 1 0 0 0 1 0 0 
0 0 0 0 0 0 1 0 0 0 
0 0 0 0 0 1 0 1 0 0 
0 0 0 0 0 0 0 1 0 1 
0 0 0 0 0 0 0 1 0 1 
1 0 0 0 1 0 1 1 1 1 
0 0 0 0 0 0 0 0 1 0 
0 0 0 0 1 0 0 1 1 0 
0 0 0 1 0 0 1 0 0 0 
0 0 0 0 1 0 0 1 0 0 
0 0 0 0 0 1 0 0 0 0 
0 1 0 0 0 1 1 1 0 1 
0 0 0 0 1 0 0 0 0 0 
1 0 0 0 0 0 0 1 0 1 
0 0 0 1 0 0 0 0 0 0 
numSequences: 3628800
minStacks: 14
Best sequence:
9 8 6 4 0 2 1 3 7 5 
1 0 0 1 0 0 0 0 0 0 
0 0 0 0 0 0 0 0 1 1 
0 0 0 0 0 0 1 1 1 0 
0 0 0 0 0 0 0 0 0 1 
0 0 0 0 1 0 0 0 0 0 
0 0 0 0 0 0 0 0 1 0 
1 1 1 1 0 0 0 0 0 0 
0 0 0 0 0 0 1 0 1 0 
1 0 0 0 0 0 0 0 0 0 
0 0 1 0 0 0 1 0 0 0 
0 0 0 0 1 0 0 1 0 0 
0 0 0 0 0 1 0 0 0 0 
0 1 1 0 0 1 0 1 0 1 
1 0 0 0 1 1 0 0 0 0 
0 0 1 0 0 0 0 0 0 0 
0 0 0 0 1 0 0 1 1 0 
0 0 1 0 0 0 0 0 0 0 
0 0 0 0 0 0 0 0 1 1 
1 0 0 0 0 0 0 0 1 0 
1 0 0 0 0 0 0 0 1 0 
1 1 1 1 1 0 0 0 1 0 
0 1 0 0 0 0 0 0 0 0 
0 1 0 1 0 0 0 0 1 0 
0 0 1 0 0 0 0 1 0 0 
0 0 0 1 0 0 0 0 1 0 
0 0 0 0 0 0 0 0 0 1 
1 0 1 0 0 0 1 0 1 1 
0 0 0 1 0 0 0 0 0 0 
1 0 0 0 1 0 0 0 1 0 
0 0 0 0 0 0 0 1 0 0 
Open stacks: 14
Took 10.74 seconds

buffer: HS problem 1123 size 30 10 density  0.20
numCustomers: 30
numProducts: 10
0 0 0 0 1 0 0 0 0 0 
0 1 0 0 1 0 1 0 0 0 
0 0 0 0 0 0 0 0 1 0 
0 0 0 0 0 0 1 0 0 0 
0 0 0 0 0 0 1 0 0 0 
0 0 0 0 0 1 0 0 0 0 
1 0 0 0 0 0 0 0 0 0 
0 0 0 1 0 0 0 1 0 0 
0 0 0 1 1 0 1 0 0 0 
0 0 1 1 0 0 0 0 0 1 
0 1 1 1 0 0 0 0 0 0 
0 1 0 0 0 0 0 0 0 0 
1 0 0 0 0 0 1 0 0 0 
0 0 0 0 0 0 0 0 0 1 
1 1 0 0 0 0 0 1 0 0 
0 1 1 0 0 0 0 1 0 1 
0 0 0 0 0 0 0 1 0 0 
0 0 0 0 0 0 1 1 0 0 
0 0 0 0 0 1 0 0 1 0 
0 0 0 0 0 1 0 0 0 0 
0 0 0 0 0 0 1 1 1 0 
0 0 0 1 0 0 1 0 0 0 
0 0 0 0 0 0 0 1 0 0 
0 0 0 0 1 1 1 1 1 0 
1 0 0 0 0 1 0 0 0 0 
0 0 0 0 0 0 0 1 0 0 
1 0 0 0 0 0 0 0 0 0 
0 0 0 0 0 0 0 0 1 0 
0 0 0 0 0 0 0 1 0 1 
0 1 0 0 0 0 0 0 0 0 
numSequences: 3628800
minStacks: 11
Best sequence:
9 7 1 2 3 0 5 4 6 8 
0 0 0 0 0 0 0 1 0 0 
0 0 1 0 0 0 0 1 1 0 
0 0 0 0 0 0 0 0 0 1 
0 0 0 0 0 0 0 0 1 0 
0 0 0 0 0 0 0 0 1 0 
0 0 0 0 0 0 1 0 0 0 
0 0 0 0 0 1 0 0 0 0 
0 1 0 0 1 0 0 0 0 0 
0 0 0 0 1 0 0 1 1 0 
1 0 0 1 1 0 0 0 0 0 
0 0 1 1 1 0 0 0 0 0 
0 0 1 0 0 0 0 0 0 0 
0 0 0 0 0 1 0 0 1 0 
1 0 0 0 0 0 0 0 0 0 
0 1 1 0 0 1 0 0 0 0 
1 1 1 1 0 0 0 0 0 0 
0 1 0 0 0 0 0 0 0 0 
0 1 0 0 0 0 0 0 1 0 
0 0 0 0 0 0 1 0 0 1 
0 0 0 0 0 0 1 0 0 0 
0 1 0 0 0 0 0 0 1 1 
0 0 0 0 1 0 0 0 1 0 
0 1 0 0 0 0 0 0 0 0 
0 1 0 0 0 0 1 1 1 1 
0 0 0 0 0 1 1 0 0 0 
0 1 0 0 0 0 0 0 0 0 
0 0 0 0 0 1 0 0 0 0 
0 0 0 0 0 0 0 0 0 1 
1 1 0 0 0 0 0 0 0 0 
0 0 1 0 0 0 0 0 0 0 
Open stacks: 11
Took 10.73 seconds

buffer: HS problem 1124 size 30 10 density  0.20
numCustomers: 30
numProducts: 10
1 1 0 1 0 0 0 0 0 0 
1 0 0 0 1 0 0 0 0 0 
0 0 0 0 0 1 0 0 0 1 
0 0 1 0 1 0 0 0 1 0 
0 1 1 0 0 0 1 1 0 1 
0 0 0 0 0 0 1 0 0 0 
1 1 0 0 0 0 0 0 0 0 
0 0 0 1 0 1 0 0 0 1 
0 0 0 0 0 0 0 1 1 0 
0 0 0 1 0 1 1 0 0 0 
1 0 1 1 0 0 0 1 0 0 
0 0 1 0 1 0 0 0 0 1 
0 1 1 0 0 1 0 0 0 0 
0 0 0 0 0 0 1 0 0 1 
0 0 1 0 0 0 0 0 0 0 
0 0 0 0 0 0 0 1 1 0 
0 0 0 0 0 0 1 0 0 0 
0 0 0 1 1 0 0 0 0 0 
0 0 0 0 0 1 0 0 1 1 
0 0 0 1 0 0 0 0 0 1 
0 0 0 0 0 0 0 0 1 0 
0 0 0 0 1 0 0 1 0 0 
0 0 0 0 0 0 1 0 0 0 
0 1 0 0 0 0 0 1 0 0 
0 0 0 0 1 1 1 1 0 0 
1 0 0 0 0 0 0 1 0 1 
0 0 1 0 1 0 0 1 0 0 
1 0 1 0 0 0 0 0 0 0 
1 0 0 0 1 0 0 1 0 0 
0 0 1 0 0 1 0 0 1 1 
numSequences: 3628800
minStacks: 16
Best sequence:
9 6 5 2 3 1 0 4 7 8 
0 0 0 0 1 1 1 0 0 0 
0 0 0 0 0 0 1 1 0 0 
1 0 1 0 0 0 0 0 0 0 
0 0 0 1 0 0 0 1 0 1 
1 1 0 1 0 1 0 0 1 0 
0 1 0 0 0 0 0 0 0 0 
0 0 0 0 0 1 1 0 0 0 
1 0 1 0 1 0 0 0 0 0 
0 0 0 0 0 0 0 0 1 1 
0 1 1 0 1 0 0 0 0 0 
0 0 0 1 1 0 1 0 1 0 
1 0 0 1 0 0 0 1 0 0 
0 0 1 1 0 1 0 0 0 0 
1 1 0 0 0 0 0 0 0 0 
0 0 0 1 0 0 0 0 0 0 
0 0 0 0 0 0 0 0 1 1 
0 1 0 0 0 0 0 0 0 0 
0 0 0 0 1 0 0 1 0 0 
1 0 1 0 0 0 0 0 0 1 
1 0 0 0 1 0 0 0 0 0 
0 0 0 0 0 0 0 0 0 1 
0 0 0 0 0 0 0 1 1 0 
0 1 0 0 0 0 0 0 0 0 
0 0 0 0 0 1 0 0 1 0 
0 1 1 0 0 0 0 1 1 0 
1 0 0 0 0 0 1 0 1 0 
0 0 0 1 0 0 0 1 1 0 
0 0 0 1 0 0 1 0 0 0 
0 0 0 0 0 0 1 1 1 0 
1 0 1 1 0 0 0 0 0 1 
Open stacks: 16
Took 10.74 seconds

buffer: HS problem 1125 size 30 10 density  0.20
numCustomers: 30
numProducts: 10
0 0 0 0 1 0 1 0 0 0 
0 0 1 0 1 1 1 1 1 0 
0 0 0 0 1 1 0 1 0 1 
0 0 0 1 0 1 0 0 1 0 
0 0 0 0 0 1 0 0 1 0 
0 0 0 0 1 0 0 0 1 0 
1 0 0 0 1 0 0 1 0 0 
0 0 0 0 1 0 0 0 0 1 
0 0 0 1 0 0 0 0 0 0 
0 0 0 0 0 0 0 1 0 0 
0 1 1 1 0 0 0 0 1 0 
0 1 1 1 1 0 0 0 0 0 
0 1 1 0 0 0 0 0 0 1 
0 0 0 0 1 0 0 1 0 0 
0 0 1 0 0 0 0 0 0 0 
0 0 0 1 1 0 0 0 0 0 
0 0 0 0 0 0 0 1 0 0 
1 0 0 0 0 0 0 0 0 0 
1 0 1 0 0 0 0 0 0 0 
0 0 0 0 1 0 0 1 0 0 
0 0 1 0 0 0 0 0 0 0 
0 0 0 0 0 0 1 0 0 0 
0 0 1 1 1 0 0 0 0 0 
1 1 0 0 0 0 0 0 0 0 
1 0 0 0 0 0 0 0 0 0 
0 0 0 0 0 0 0 0 0 1 
0 1 0 1 0 0 0 0 1 0 
0 0 0 0 0 0 0 1 0 0 
0 0 0 0 1 0 0 1 0 0 
0 1 1 0 0 1 0 0 0 0 
numSequences: 3628800
minStacks: 12
Best sequence:
7 4 9 6 8 3 1 5 2 0 
0 1 0 1 0 0 0 0 0 0 
1 1 0 1 1 0 0 1 1 0 
1 1 1 0 0 0 0 1 0 0 
0 0 0 0 1 1 0 1 0 0 
0 0 0 0 1 0 0 1 0 0 
0 1 0 0 1 0 0 0 0 0 
1 1 0 0 0 0 0 0 0 1 
0 1 1 0 0 0 0 0 0 0 
0 0 0 0 0 1 0 0 0 0 
1 0 0 0 0 0 0 0 0 0 
0 0 0 0 1 1 1 0 1 0 
0 1 0 0 0 1 1 0 1 0 
0 0 1 0 0 0 1 0 1 0 
1 1 0 0 0 0 0 0 0 0 
0 0 0 0 0 0 0 0 1 0 
0 1 0 0 0 1 0 0 0 0 
1 0 0 0 0 0 0 0 0 0 
0 0 0 0 0 0 0 0 0 1 
0 0 0 0 0 0 0 0 1 1 
1 1 0 0 0 0 0 0 0 0 
0 0 0 0 0 0 0 0 1 0 
0 0 0 1 0 0 0 0 0 0 
0 1 0 0 0 1 0 0 1 0 
0 0 0 0 0 0 1 0 0 1 
0 0 0 0 0 0 0 0 0 1 
0 0 1 0 0 0 0 0 0 0 
0 0 0 0 1 1 1 0 0 0 
1 0 0 0 0 0 0 0 0 0 
1 1 0 0 0 0 0 0 0 0 
0 0 0 0 0 0 1 1 1 0 
Open stacks: 12
Took 10.74 seconds

buffer: HS problem 1126 size 30 10 density  0.20
numCustomers: 30
numProducts: 10
0 0 0 0 0 0 0 0 0 1 
0 0 0 1 0 0 1 0 0 0 
0 0 0 0 0 0 0 0 0 1 
1 0 1 0 0 0 1 0 0 0 
0 0 0 0 0 1 0 1 0 0 
0 0 0 1 0 1 0 0 0 0 
0 1 0 0 1 0 0 0 0 1 
1 0 0 0 0 1 1 0 0 0 
0 1 1 1 0 0 1 0 0 0 
0 0 0 0 0 0 0 0 0 1 
0 0 0 0 0 1 1 0 0 0 
0 0 0 1 0 1 0 0 0 1 
0 1 0 0 0 0 0 0 1 0 
0 0 0 0 0 0 0 0 1 0 
1 0 0 1 1 0 0 1 0 0 
1 0 0 0 0 0 0 0 1 0 
0 1 1 0 0 1 0 0 0 0 
1 0 0 0 0 0 0 0 0 0 
0 0 0 0 0 1 1 0 0 0 
0 0 0 1 1 0 0 0 0 1 
0 0 0 0 0 0 0 0 1 0 
1 0 1 0 0 0 0 0 0 0 
0 0 0 0 0 0 1 1 1 0 
0 1 0 0 1 0 0 1 0 0 
0 0 0 0 0 0 0 1 0 1 
0 0 1 0 0 0 1 0 1 0 
1 0 1 0 0 1 0 0 0 0 
0 0 0 0 0 1 1 0 0 1 
1 0 0 0 0 1 0 1 0 0 
0 0 0 0 0 0 0 1 0 1 
numSequences: 3628800
minStacks: 15
Best sequence:
9 7 4 1 5 3 2 6 0 8 
1 0 0 0 0 0 0 0 0 0 
0 0 0 0 0 1 0 1 0 0 
1 0 0 0 0 0 0 0 0 0 
0 0 0 0 0 0 1 1 1 0 
0 1 0 0 1 0 0 0 0 0 
0 0 0 0 1 1 0 0 0 0 
1 0 1 1 0 0 0 0 0 0 
0 0 0 0 1 0 0 1 1 0 
0 0 0 1 0 1 1 1 0 0 
1 0 0 0 0 0 0 0 0 0 
0 0 0 0 1 0 0 1 0 0 
1 0 0 0 1 1 0 0 0 0 
0 0 0 1 0 0 0 0 0 1 
0 0 0 0 0 0 0 0 0 1 
0 1 1 0 0 1 0 0 1 0 
0 0 0 0 0 0 0 0 1 1 
0 0 0 1 1 0 1 0 0 0 
0 0 0 0 0 0 0 0 1 0 
0 0 0 0 1 0 0 1 0 0 
1 0 1 0 0 1 0 0 0 0 
0 0 0 0 0 0 0 0 0 1 
0 0 0 0 0 0 1 0 1 0 
0 1 0 0 0 0 0 1 0 1 
0 1 1 1 0 0 0 0 0 0 
1 1 0 0 0 0 0 0 0 0 
0 0 0 0 0 0 1 1 0 1 
0 0 0 0 1 0 1 0 1 0 
1 0 0 0 1 0 0 1 0 0 
0 1 0 0 1 0 0 0 1 0 
1 1 0 0 0 0 0 0 0 0 
Open stacks: 15
Took 10.73 seconds

buffer: HS problem 1127 size 30 10 density  0.20
numCustomers: 30
numProducts: 10
0 0 0 0 0 0 0 1 0 0 
0 0 0 0 0 0 0 0 1 0 
0 1 1 1 0 0 0 0 0 0 
0 0 0 0 0 0 0 1 0 0 
0 0 0 0 0 0 0 0 1 0 
1 0 0 0 0 0 0 1 0 0 
0 0 1 1 0 0 0 0 0 0 
0 0 1 0 0 0 0 1 0 0 
0 0 0 0 1 0 1 0 0 0 
1 0 0 1 0 0 0 0 1 1 
0 0 1 1 0 0 1 0 0 0 
0 1 1 0 0 0 0 1 0 0 
0 1 0 1 1 0 0 0 0 1 
0 0 0 0 1 0 0 0 0 1 
0 0 1 0 0 0 1 0 0 0 
1 0 1 0 0 1 0 0 0 0 
0 0 0 0 0 1 0 0 0 0 
0 0 0 0 0 1 1 1 1 1 
0 0 0 0 0 0 0 1 1 0 
0 0 0 0 0 1 0 0 1 1 
0 0 0 0 1 0 1 0 0 0 
0 0 1 0 0 0 0 0 0 1 
0 0 0 0 0 1 0 0 0 0 
0 1 0 0 0 0 1 0 0 0 
0 0 1 0 0 0 1 0 0 0 
0 1 0 0 0 0 0 0 0 0 
0 0 0 0 0 0 0 0 0 1 
0 0 1 0 0 0 0 0 0 0 
1 0 1 1 1 0 0 0 0 1 
1 1 0 0 0 0 0 0 0 0 
numSequences: 3628800
minStacks: 14
Best sequence:
9 8 7 5 0 1 4 3 6 2 
0 0 1 0 0 0 0 0 0 0 
0 1 0 0 0 0 0 0 0 0 
0 0 0 0 0 1 0 1 0 1 
0 0 1 0 0 0 0 0 0 0 
0 1 0 0 0 0 0 0 0 0 
0 0 1 0 1 0 0 0 0 0 
0 0 0 0 0 0 0 1 0 1 
0 0 1 0 0 0 0 0 0 1 
0 0 0 0 0 0 1 0 1 0 
1 1 0 0 1 0 0 1 0 0 
0 0 0 0 0 0 0 1 1 1 
0 0 1 0 0 1 0 0 0 1 
1 0 0 0 0 1 1 1 0 0 
1 0 0 0 0 0 1 0 0 0 
0 0 0 0 0 0 0 0 1 1 
0 0 0 1 1 0 0 0 0 1 
0 0 0 1 0 0 0 0 0 0 
1 1 1 1 0 0 0 0 1 0 
0 1 1 0 0 0 0 0 0 0 
1 1 0 1 0 0 0 0 0 0 
0 0 0 0 0 0 1 0 1 0 
1 0 0 0 0 0 0 0 0 1 
0 0 0 1 0 0 0 0 0 0 
0 0 0 0 0 1 0 0 1 0 
0 0 0 0 0 0 0 0 1 1 
0 0 0 0 0 1 0 0 0 0 
1 0 0 0 0 0 0 0 0 0 
0 0 0 0 0 0 0 0 0 1 
1 0 0 0 1 0 1 1 0 1 
0 0 0 0 1 1 0 0 0 0 
Open stacks: 14
Took 10.74 seconds

buffer: HS problem 1128 size 30 10 density  0.20
numCustomers: 30
numProducts: 10
0 0 1 1 0 0 1 0 0 1 
1 1 0 0 0 0 0 0 0 0 
0 0 0 0 0 0 1 0 1 0 
0 0 1 0 0 0 0 0 0 0 
0 1 0 1 0 0 0 0 0 1 
0 0 0 0 0 0 0 1 0 0 
1 1 0 0 0 0 0 0 1 0 
1 0 0 0 0 0 1 0 0 1 
1 1 0 0 0 0 0 1 0 0 
0 0 0 0 1 0 0 0 0 0 
0 0 1 0 0 0 0 0 0 0 
1 0 0 0 0 1 0 1 0 0 
0 1 1 1 0 0 0 0 1 0 
0 0 1 1 1 0 0 1 0 0 
0 0 0 1 0 0 0 0 0 0 
0 1 1 0 0 0 0 0 0 1 
0 0 1 0 0 0 0 0 0 0 
0 0 0 0 0 0 1 1 0 0 
0 1 0 0 1 0 0 1 0 1 
0 0 0 1 0 0 0 0 0 0 
0 1 0 1 0 0 0 0 0 0 
0 1 0 0 0 1 0 0 0 0 
0 0 1 0 0 0 0 1 0 0 
0 1 0 0 1 0 0 0 0 0 
0 0 0 1 0 0 1 1 0 0 
0 1 0 1 0 1 0 0 0 0 
0 0 1 0 0 0 0 1 0 1 
1 0 0 1 0 0 0 0 0 1 
0 1 0 0 1 0 1 1 0 0 
1 0 0 1 1 0 0 0 1 0 
numSequences: 3628800
minStacks: 17
Best sequence:
9 2 7 8 6 4 0 5 1 3 
1 1 0 0 1 0 0 0 0 1 
0 0 0 0 0 0 1 0 1 0 
0 0 0 1 1 0 0 0 0 0 
0 1 0 0 0 0 0 0 0 0 
1 0 0 0 0 0 0 0 1 1 
0 0 1 0 0 0 0 0 0 0 
0 0 0 1 0 0 1 0 1 0 
1 0 0 0 1 0 1 0 0 0 
0 0 1 0 0 0 1 0 1 0 
0 0 0 0 0 1 0 0 0 0 
0 1 0 0 0 0 0 0 0 0 
0 0 1 0 0 0 1 1 0 0 
0 1 0 1 0 0 0 0 1 1 
0 1 1 0 0 1 0 0 0 1 
0 0 0 0 0 0 0 0 0 1 
1 1 0 0 0 0 0 0 1 0 
0 1 0 0 0 0 0 0 0 0 
0 0 1 0 1 0 0 0 0 0 
1 0 1 0 0 1 0 0 1 0 
0 0 0 0 0 0 0 0 0 1 
0 0 0 0 0 0 0 0 1 1 
0 0 0 0 0 0 0 1 1 0 
0 1 1 0 0 0 0 0 0 0 
0 0 0 0 0 1 0 0 1 0 
0 0 1 0 1 0 0 0 0 1 
0 0 0 0 0 0 0 1 1 1 
1 1 1 0 0 0 0 0 0 0 
1 0 0 0 0 0 1 0 0 1 
0 0 1 0 1 1 0 0 1 0 
0 0 0 1 0 1 1 0 0 1 
Open stacks: 17
Took 10.74 seconds

buffer: HS problem 1129 size 30 10 density  0.20
numCustomers: 30
numProducts: 10
0 0 0 0 0 1 0 1 0 1 
0 0 0 1 1 0 0 0 0 1 
0 0 0 0 0 0 0 0 1 0 
0 0 0 0 1 0 0 0 1 0 
1 1 0 0 0 0 0 0 1 0 
0 0 0 1 0 1 1 1 1 0 
0 0 0 1 0 0 0 0 0 0 
0 1 1 0 0 0 0 0 0 0 
0 0 1 0 0 1 1 0 0 0 
0 0 0 0 0 0 1 0 1 0 
0 0 0 0 1 1 0 0 0 0 
0 0 0 0 0 0 1 1 0 0 
1 0 1 1 1 1 0 1 0 0 
0 0 0 1 0 0 0 0 0 0 
1 0 1 0 0 0 0 0 0 0 
0 0 1 0 0 0 0 0 0 0 
0 0 0 1 0 0 1 1 0 0 
0 0 0 0 1 1 0 1 0 0 
0 0 0 0 0 0 1 0 1 0 
0 0 0 0 0 1 0 0 1 1 
0 0 0 1 0 0 1 0 0 0 
0 0 0 0 1 0 0 0 0 0 
0 1 0 0 0 1 0 0 0 1 
0 0 0 0 0 0 1 1 0 0 
0 0 0 1 0 1 0 1 0 0 
0 1 0 1 0 0 0 0 1 0 
0 0 0 1 1 1 0 0 0 0 
0 0 1 0 1 0 0 0 0 0 
0 0 0 0 0 0 0 1 0 0 
1 0 0 0 0 0 1 0 0 0 
numSequences: 3628800
minStacks: 16
Best sequence:
9 3 4 5 7 1 2 0 6 8 
1 0 0 1 1 0 0 0 0 0 
1 1 1 0 0 0 0 0 0 0 
0 0 0 0 0 0 0 0 0 1 
0 0 1 0 0 0 0 0 0 1 
0 0 0 0 0 1 0 1 0 1 
0 1 0 1 1 0 0 0 1 1 
0 1 0 0 0 0 0 0 0 0 
0 0 0 0 0 1 1 0 0 0 
0 0 0 1 0 0 1 0 1 0 
0 0 0 0 0 0 0 0 1 1 
0 0 1 1 0 0 0 0 0 0 
0 0 0 0 1 0 0 0 1 0 
0 1 1 1 1 0 1 1 0 0 
0 1 0 0 0 0 0 0 0 0 
0 0 0 0 0 0 1 1 0 0 
0 0 0 0 0 0 1 0 0 0 
0 1 0 0 1 0 0 0 1 0 
0 0 1 1 1 0 0 0 0 0 
0 0 0 0 0 0 0 0 1 1 
1 0 0 1 0 0 0 0 0 1 
0 1 0 0 0 0 0 0 1 0 
0 0 1 0 0 0 0 0 0 0 
1 0 0 1 0 1 0 0 0 0 
0 0 0 0 1 0 0 0 1 0 
0 1 0 1 1 0 0 0 0 0 
0 1 0 0 0 1 0 0 0 1 
0 1 1 1 0 0 0 0 0 0 
0 0 1 0 0 0 1 0 0 0 
0 0 0 0 1 0 0 0 0 0 
0 0 0 0 0 0 0 1 1 0 
Open stacks: 16
Took 10.74 seconds

buffer: HS problem 1130 size 30 10 density  0.20
numCustomers: 30
numProducts: 10
1 0 1 0 0 0 0 1 0 0 
0 0 0 1 0 1 0 1 0 1 
1 0 0 1 0 0 0 0 0 0 
0 0 0 1 0 1 0 0 1 1 
1 0 0 0 1 0 0 0 0 0 
0 0 1 0 1 1 0 0 0 0 
1 0 0 0 0 0 0 0 0 0 
0 1 1 1 1 1 0 0 0 0 
1 0 0 0 0 1 0 0 0 0 
0 0 0 1 0 0 0 0 0 0 
0 0 1 0 0 0 0 0 0 0 
0 0 0 0 1 0 0 0 0 0 
0 0 1 0 0 0 0 1 0 0 
0 1 0 0 0 0 1 0 0 1 
0 0 0 0 0 0 0 0 1 0 
1 0 0 0 0 1 0 1 0 0 
0 0 1 0 0 0 0 1 0 0 
0 0 1 0 0 1 1 0 0 0 
1 0 1 1 1 0 0 0 1 0 
0 1 0 0 0 0 0 0 0 0 
0 1 0 0 0 0 0 0 0 0 
0 0 0 0 1 0 0 1 0 1 
0 1 0 0 0 0 1 1 0 0 
0 0 0 0 0 0 0 1 0 0 
0 0 1 0 0 1 0 1 1 0 
0 0 0 1 0 0 1 0 0 0 
0 1 0 0 0 0 1 0 1 0 
0 0 0 0 0 1 0 0 0 0 
0 0 0 0 0 1 1 1 0 0 
0 0 0 1 0 0 0 0 1 0 
numSequences: 3628800
minStacks: 15
Best sequence:
9 8 6 1 3 0 4 5 2 7 
0 0 0 0 0 1 0 0 1 1 
1 0 0 0 1 0 0 1 0 1 
0 0 0 0 1 1 0 0 0 0 
1 1 0 0 1 0 0 1 0 0 
0 0 0 0 0 1 1 0 0 0 
0 0 0 0 0 0 1 1 1 0 
0 0 0 0 0 1 0 0 0 0 
0 0 0 1 1 0 1 1 1 0 
0 0 0 0 0 1 0 1 0 0 
0 0 0 0 1 0 0 0 0 0 
0 0 0 0 0 0 0 0 1 0 
0 0 0 0 0 0 1 0 0 0 
0 0 0 0 0 0 0 0 1 1 
1 0 1 1 0 0 0 0 0 0 
0 1 0 0 0 0 0 0 0 0 
0 0 0 0 0 1 0 1 0 1 
0 0 0 0 0 0 0 0 1 1 
0 0 1 0 0 0 0 1 1 0 
0 1 0 0 1 1 1 0 1 0 
0 0 0 1 0 0 0 0 0 0 
0 0 0 1 0 0 0 0 0 0 
1 0 0 0 0 0 1 0 0 1 
0 0 1 1 0 0 0 0 0 1 
0 0 0 0 0 0 0 0 0 1 
0 1 0 0 0 0 0 1 1 1 
0 0 1 0 1 0 0 0 0 0 
0 1 1 1 0 0 0 0 0 0 
0 0 0 0 0 0 0 1 0 0 
0 0 1 0 0 0 0 1 0 1 
0 1 0 0 1 0 0 0 0 0 
Open stacks: 15
Took 10.75 seconds

buffer: HS problem 1131 size 30 10 density  0.20
numCustomers: 30
numProducts: 10
0 1 1 0 0 0 0 1 0 0 
0 0 1 0 0 0 0 1 0 0 
0 1 0 0 1 0 0 1 1 0 
0 0 0 0 1 0 0 0 0 0 
0 0 0 0 0 0 1 0 0 0 
0 0 0 0 1 1 0 0 0 0 
0 1 0 0 0 0 0 0 0 1 
0 0 1 0 0 0 0 0 0 0 
0 0 0 1 0 0 0 0 0 0 
0 0 0 1 0 0 0 0 0 0 
0 0 1 0 0 0 0 0 0 0 
0 0 0 0 1 0 0 1 0 1 
0 1 0 0 0 0 0 0 0 1 
0 0 0 0 0 0 0 0 0 1 
0 0 0 0 0 0 1 0 0 0 
0 0 0 1 0 0 0 0 0 0 
1 0 0 1 0 1 0 0 0 0 
0 0 0 1 1 0 1 0 0 0 
1 0 1 0 0 0 0 0 0 0 
1 0 1 0 0 0 0 0 0 0 
0 0 0 0 0 0 0 0 0 1 
0 0 1 0 0 0 0 0 0 1 
0 1 0 0 0 0 0 0 0 0 
0 0 0 0 0 0 0 1 0 0 
0 0 0 1 0 0 1 0 0 0 
0 0 0 0 0 0 0 0 0 1 
0 0 0 0 0 0 0 0 1 0 
0 0 0 0 0 0 1 0 0 0 
0 0 0 1 0 1 0 0 0 0 
0 0 0 0 0 0 0 0 1 0 
numSequences: 3628800
minStacks: 9
Best sequence:
9 7 1 2 0 4 5 3 6 8 
0 1 1 1 0 0 0 0 0 0 
0 1 0 1 0 0 0 0 0 0 
0 1 1 0 0 1 0 0 0 1 
0 0 0 0 0 1 0 0 0 0 
0 0 0 0 0 0 0 0 1 0 
0 0 0 0 0 1 1 0 0 0 
1 0 1 0 0 0 0 0 0 0 
0 0 0 1 0 0 0 0 0 0 
0 0 0 0 0 0 0 1 0 0 
0 0 0 0 0 0 0 1 0 0 
0 0 0 1 0 0 0 0 0 0 
1 1 0 0 0 1 0 0 0 0 
1 0 1 0 0 0 0 0 0 0 
1 0 0 0 0 0 0 0 0 0 
0 0 0 0 0 0 0 0 1 0 
0 0 0 0 0 0 0 1 0 0 
0 0 0 0 1 0 1 1 0 0 
0 0 0 0 0 1 0 1 1 0 
0 0 0 1 1 0 0 0 0 0 
0 0 0 1 1 0 0 0 0 0 
1 0 0 0 0 0 0 0 0 0 
1 0 0 1 0 0 0 0 0 0 
0 0 1 0 0 0 0 0 0 0 
0 1 0 0 0 0 0 0 0 0 
0 0 0 0 0 0 0 1 1 0 
1 0 0 0 0 0 0 0 0 0 
0 0 0 0 0 0 0 0 0 1 
0 0 0 0 0 0 0 0 1 0 
0 0 0 0 0 0 1 1 0 0 
0 0 0 0 0 0 0 0 0 1 
Open stacks: 9
Took 10.71 seconds

buffer: HS problem 1132 size 30 10 density  0.20
numCustomers: 30
numProducts: 10
0 0 0 0 0 1 0 0 0 0 
0 0 1 0 0 1 1 0 1 1 
0 1 0 0 0 0 0 0 0 0 
0 0 0 0 0 0 0 0 0 1 
0 1 0 0 0 0 0 0 0 1 
0 0 0 1 0 0 1 0 0 0 
0 1 1 0 0 0 0 0 0 0 
0 0 0 0 0 0 0 1 0 0 
0 0 0 1 0 0 0 1 0 0 
0 0 1 0 0 0 0 0 0 0 
1 0 0 0 0 0 1 0 0 1 
0 1 0 1 0 0 0 0 0 0 
0 0 0 0 0 0 0 1 0 1 
1 0 1 0 0 0 0 1 0 0 
1 0 0 0 0 0 0 0 1 0 
1 0 0 0 0 0 0 0 0 0 
0 0 0 0 0 1 0 0 1 0 
0 1 1 0 0 1 1 0 0 1 
0 0 0 0 0 0 0 0 1 0 
1 0 0 0 0 0 0 0 0 0 
0 1 1 0 0 0 0 0 0 1 
0 1 0 0 0 0 0 0 0 0 
0 0 0 0 0 0 0 1 1 0 
1 0 1 0 0 0 0 0 0 0 
0 1 1 0 0 0 1 0 0 0 
1 1 1 0 0 1 0 0 0 1 
1 0 0 0 0 0 0 0 0 0 
0 0 0 0 0 0 0 1 0 0 
0 0 0 1 0 0 1 1 1 0 
1 1 0 0 1 0 0 1 0 1 
numSequences: 3628800
minStacks: 13
Best sequence:
9 1 2 6 3 7 0 4 5 8 
0 0 0 0 0 0 0 0 1 0 
1 0 1 1 0 0 0 0 1 1 
0 1 0 0 0 0 0 0 0 0 
1 0 0 0 0 0 0 0 0 0 
1 1 0 0 0 0 0 0 0 0 
0 0 0 1 1 0 0 0 0 0 
0 1 1 0 0 0 0 0 0 0 
0 0 0 0 0 1 0 0 0 0 
0 0 0 0 1 1 0 0 0 0 
0 0 1 0 0 0 0 0 0 0 
1 0 0 1 0 0 1 0 0 0 
0 1 0 0 1 0 0 0 0 0 
1 0 0 0 0 1 0 0 0 0 
0 0 1 0 0 1 1 0 0 0 
0 0 0 0 0 0 1 0 0 1 
0 0 0 0 0 0 1 0 0 0 
0 0 0 0 0 0 0 0 1 1 
1 1 1 1 0 0 0 0 1 0 
0 0 0 0 0 0 0 0 0 1 
0 0 0 0 0 0 1 0 0 0 
1 1 1 0 0 0 0 0 0 0 
0 1 0 0 0 0 0 0 0 0 
0 0 0 0 0 1 0 0 0 1 
0 0 1 0 0 0 1 0 0 0 
0 1 1 1 0 0 0 0 0 0 
1 1 1 0 0 0 1 0 1 0 
0 0 0 0 0 0 1 0 0 0 
0 0 0 0 0 1 0 0 0 0 
0 0 0 1 1 1 0 0 0 1 
1 1 0 0 0 1 1 1 0 0 
Open stacks: 13
Took 10.75 seconds

buffer: HS problem 1133 size 30 10 density  0.20
numCustomers: 30
numProducts: 10
0 0 0 0 0 0 0 0 0 1 
0 1 0 0 1 0 1 0 0 1 
1 0 0 0 1 1 0 1 1 0 
1 0 0 0 0 0 0 0 1 0 
0 0 0 0 0 1 0 0 0 1 
0 0 0 0 0 0 1 0 1 0 
0 1 0 0 1 0 0 0 0 0 
1 0 0 0 0 1 0 0 1 0 
0 1 0 0 0 0 0 1 0 0 
0 0 1 0 0 0 0 0 0 0 
1 0 1 0 0 1 0 0 0 1 
0 1 0 1 0 0 0 0 1 1 
0 0 1 0 1 0 1 0 0 0 
1 1 0 0 0 0 0 0 1 1 
0 1 0 0 0 1 0 0 0 0 
1 0 0 1 0 0 0 0 0 0 
0 0 0 0 1 0 0 0 0 0 
0 0 0 1 0 0 0 0 0 0 
0 1 0 0 0 0 1 0 0 0 
0 0 0 1 0 0 1 1 0 0 
0 0 1 0 0 0 0 0 0 1 
0 0 1 0 1 0 0 0 0 0 
1 0 0 0 0 0 0 0 0 0 
1 0 1 1 0 0 1 1 1 0 
0 0 0 0 0 0 1 0 0 0 
0 0 0 0 0 0 0 0 1 0 
0 0 0 0 0 1 0 0 0 0 
0 0 0 1 0 0 0 0 1 1 
0 0 1 0 0 0 0 0 0 0 
0 1 0 0 0 0 0 0 1 0 
numSequences: 3628800
minStacks: 14
Best sequence:
9 5 2 4 1 7 6 0 3 8 
1 0 0 0 0 0 0 0 0 0 
1 0 0 1 1 0 1 0 0 0 
0 1 0 1 0 1 0 1 0 1 
0 0 0 0 0 0 0 1 0 1 
1 1 0 0 0 0 0 0 0 0 
0 0 0 0 0 0 1 0 0 1 
0 0 0 1 1 0 0 0 0 0 
0 1 0 0 0 0 0 1 0 1 
0 0 0 0 1 1 0 0 0 0 
0 0 1 0 0 0 0 0 0 0 
1 1 1 0 0 0 0 1 0 0 
1 0 0 0 1 0 0 0 1 1 
0 0 1 1 0 0 1 0 0 0 
1 0 0 0 1 0 0 1 0 1 
0 1 0 0 1 0 0 0 0 0 
0 0 0 0 0 0 0 1 1 0 
0 0 0 1 0 0 0 0 0 0 
0 0 0 0 0 0 0 0 1 0 
0 0 0 0 1 0 1 0 0 0 
0 0 0 0 0 1 1 0 1 0 
1 0 1 0 0 0 0 0 0 0 
0 0 1 1 0 0 0 0 0 0 
0 0 0 0 0 0 0 1 0 0 
0 0 1 0 0 1 1 1 1 1 
0 0 0 0 0 0 1 0 0 0 
0 0 0 0 0 0 0 0 0 1 
0 1 0 0 0 0 0 0 0 0 
1 0 0 0 0 0 0 0 1 1 
0 0 1 0 0 0 0 0 0 0 
0 0 0 0 1 0 0 0 0 1 
Open stacks: 14
Took 10.75 seconds

buffer: HS problem 1134 size 30 10 density  0.20
numCustomers: 30
numProducts: 10
0 0 0 0 0 0 0 0 1 0 
0 0 1 0 0 0 1 0 0 1 
0 0 0 0 0 1 0 0 0 0 
0 0 0 1 0 0 0 0 0 0 
1 0 1 0 0 0 0 0 0 0 
0 0 0 0 1 0 0 0 0 0 
0 0 0 0 1 0 1 0 0 1 
0 0 0 0 0 1 0 1 0 0 
0 0 0 0 1 1 0 0 0 0 
0 1 0 1 0 0 0 1 0 0 
0 0 0 0 0 0 0 0 1 1 
0 0 0 1 1 0 0 0 0 0 
0 0 0 0 0 0 0 1 1 0 
1 0 0 0 0 1 0 0 0 0 
0 1 1 1 1 0 1 1 0 0 
0 1 0 0 0 0 0 0 0 0 
1 0 1 0 1 0 0 0 0 0 
1 0 1 0 0 0 1 0 0 0 
0 1 0 0 0 0 0 0 1 0 
0 0 0 1 0 0 1 1 0 0 
0 0 0 0 0 0 0 1 0 0 
0 1 0 0 0 1 1 0 0 0 
0 0 1 0 0 0 1 0 1 0 
0 1 0 1 0 0 0 0 0 1 
0 0 0 1 0 0 0 0 0 0 
1 0 1 0 0 0 0 0 0 0 
0 0 0 1 0 0 1 1 0 0 
0 0 1 0 0 0 0 0 0 0 
0 0 0 0 0 1 0 0 0 0 
1 0 0 0 0 1 0 0 1 0 
numSequences: 3628800
minStacks: 13
Best sequence:
9 3 1 7 6 8 2 0 4 5 
0 0 0 0 0 1 0 0 0 0 
1 0 0 0 1 0 1 0 0 0 
0 0 0 0 0 0 0 0 0 1 
0 1 0 0 0 0 0 0 0 0 
0 0 0 0 0 0 1 1 0 0 
0 0 0 0 0 0 0 0 1 0 
1 0 0 0 1 0 0 0 1 0 
0 0 0 1 0 0 0 0 0 1 
0 0 0 0 0 0 0 0 1 1 
0 1 1 1 0 0 0 0 0 0 
1 0 0 0 0 1 0 0 0 0 
0 1 0 0 0 0 0 0 1 0 
0 0 0 1 0 1 0 0 0 0 
0 0 0 0 0 0 0 1 0 1 
0 1 1 1 1 0 1 0 1 0 
0 0 1 0 0 0 0 0 0 0 
0 0 0 0 0 0 1 1 1 0 
0 0 0 0 1 0 1 1 0 0 
0 0 1 0 0 1 0 0 0 0 
0 1 0 1 1 0 0 0 0 0 
0 0 0 1 0 0 0 0 0 0 
0 0 1 0 1 0 0 0 0 1 
0 0 0 0 1 1 1 0 0 0 
1 1 1 0 0 0 0 0 0 0 
0 1 0 0 0 0 0 0 0 0 
0 0 0 0 0 0 1 1 0 0 
0 1 0 1 1 0 0 0 0 0 
0 0 0 0 0 0 1 0 0 0 
0 0 0 0 0 0 0 0 0 1 
0 0 0 0 0 1 0 1 0 1 
Open stacks: 13
Took 10.73 seconds

buffer: HS problem 1135 size 30 10 density  0.20
numCustomers: 30
numProducts: 10
0 0 0 1 1 0 1 0 0 0 
0 0 1 1 1 0 0 0 1 0 
0 0 0 1 0 0 1 0 1 0 
0 0 1 1 0 0 0 1 0 0 
1 0 0 0 0 0 0 0 0 0 
0 1 0 0 1 0 1 0 0 1 
0 1 0 0 0 0 0 0 0 0 
0 0 1 0 1 0 0 1 1 0 
1 0 0 1 0 0 1 0 0 0 
1 0 0 1 0 0 0 0 0 0 
1 0 0 0 1 0 0 0 0 0 
0 1 0 0 0 0 1 0 0 0 
0 0 1 1 0 0 1 0 0 0 
0 0 0 0 0 1 0 0 0 0 
0 1 0 0 0 0 0 0 0 0 
0 0 0 0 1 1 0 0 0 0 
0 0 1 0 0 0 1 0 0 0 
0 0 0 1 0 0 1 0 0 0 
0 1 1 0 1 1 0 0 1 0 
0 0 1 0 0 0 0 0 0 0 
1 0 0 0 1 0 0 0 0 0 
0 0 0 0 0 0 0 0 0 1 
0 0 0 0 0 0 0 0 0 1 
0 0 1 0 0 0 1 0 0 0 
0 0 1 0 0 0 0 0 0 1 
1 0 0 0 0 0 0 1 0 0 
0 1 0 0 0 0 1 1 0 0 
1 1 0 0 0 0 0 1 1 1 
0 0 1 0 0 1 0 0 0 0 
0 0 1 1 0 0 1 0 0 1 
numSequences: 3628800
minStacks: 17
Best sequence:
9 2 6 1 3 4 0 5 7 8 
0 0 1 0 1 1 0 0 0 0 
0 1 0 0 1 1 0 0 0 1 
0 0 1 0 1 0 0 0 0 1 
0 1 0 0 1 0 0 0 1 0 
0 0 0 0 0 0 1 0 0 0 
1 0 1 1 0 1 0 0 0 0 
0 0 0 1 0 0 0 0 0 0 
0 1 0 0 0 1 0 0 1 1 
0 0 1 0 1 0 1 0 0 0 
0 0 0 0 1 0 1 0 0 0 
0 0 0 0 0 1 1 0 0 0 
0 0 1 1 0 0 0 0 0 0 
0 1 1 0 1 0 0 0 0 0 
0 0 0 0 0 0 0 1 0 0 
0 0 0 1 0 0 0 0 0 0 
0 0 0 0 0 1 0 1 0 0 
0 1 1 0 0 0 0 0 0 0 
0 0 1 0 1 0 0 0 0 0 
0 1 0 1 0 1 0 1 0 1 
0 1 0 0 0 0 0 0 0 0 
0 0 0 0 0 1 1 0 0 0 
1 0 0 0 0 0 0 0 0 0 
1 0 0 0 0 0 0 0 0 0 
0 1 1 0 0 0 0 0 0 0 
1 1 0 0 0 0 0 0 0 0 
0 0 0 0 0 0 1 0 1 0 
0 0 1 1 0 0 0 0 1 0 
1 0 0 1 0 0 1 0 1 1 
0 1 0 0 0 0 0 1 0 0 
1 1 1 0 1 0 0 0 0 0 
Open stacks: 17
Took 10.75 seconds

buffer: HS problem 1136 size 30 10 density  0.20
numCustomers: 30
numProducts: 10
0 0 0 0 0 0 0 0 0 1 
0 0 0 0 0 1 0 1 0 0 
0 1 1 0 0 0 0 1 0 0 
0 0 0 0 0 0 0 1 0 0 
1 0 0 1 0 0 1 0 0 0 
0 0 0 0 0 1 0 0 0 0 
1 1 0 1 0 0 0 0 0 1 
0 1 0 0 0 0 0 0 1 0 
0 0 0 0 0 1 0 0 0 0 
0 1 0 0 0 0 0 0 1 0 
0 1 0 0 0 0 0 0 0 0 
0 0 0 1 0 1 0 0 0 0 
0 1 1 1 0 1 0 1 0 0 
0 0 0 1 1 0 0 0 0 0 
0 0 1 0 0 0 0 0 1 0 
1 0 0 0 1 0 1 0 0 0 
1 1 0 0 0 0 0 1 0 0 
0 0 0 0 0 0 1 0 0 0 
1 0 1 0 0 0 0 0 0 0 
0 0 0 0 0 0 0 1 1 0 
0 0 0 1 1 1 1 1 0 1 
0 0 0 1 0 0 0 1 1 0 
0 0 0 1 0 0 0 1 0 0 
0 0 0 0 0 0 1 1 0 0 
0 0 1 0 0 1 1 0 0 0 
0 0 1 0 1 1 1 0 0 0 
1 0 0 0 0 0 1 0 0 1 
1 0 0 0 1 0 0 1 0 1 
1 0 0 0 0 1 0 0 1 1 
1 1 0 0 0 0 0 0 0 0 
numSequences: 3628800
minStacks: 16
Best sequence:
9 8 1 2 0 6 4 3 5 7 
1 0 0 0 0 0 0 0 0 0 
0 0 0 0 0 0 0 0 1 1 
0 0 1 1 0 0 0 0 0 1 
0 0 0 0 0 0 0 0 0 1 
0 0 0 0 1 1 0 1 0 0 
0 0 0 0 0 0 0 0 1 0 
1 0 1 0 1 0 0 1 0 0 
0 1 1 0 0 0 0 0 0 0 
0 0 0 0 0 0 0 0 1 0 
0 1 1 0 0 0 0 0 0 0 
0 0 1 0 0 0 0 0 0 0 
0 0 0 0 0 0 0 1 1 0 
0 0 1 1 0 0 0 1 1 1 
0 0 0 0 0 0 1 1 0 0 
0 1 0 1 0 0 0 0 0 0 
0 0 0 0 1 1 1 0 0 0 
0 0 1 0 1 0 0 0 0 1 
0 0 0 0 0 1 0 0 0 0 
0 0 0 1 1 0 0 0 0 0 
0 1 0 0 0 0 0 0 0 1 
1 0 0 0 0 1 1 1 1 1 
0 1 0 0 0 0 0 1 0 1 
0 0 0 0 0 0 0 1 0 1 
0 0 0 0 0 1 0 0 0 1 
0 0 0 1 0 1 0 0 1 0 
0 0 0 1 0 1 1 0 1 0 
1 0 0 0 1 1 0 0 0 0 
1 0 0 0 1 0 1 0 0 1 
1 1 0 0 1 0 0 0 1 0 
0 0 1 0 1 0 0 0 0 0 
Open stacks: 16
Took 10.75 seconds

buffer: HS problem 1137 size 30 10 density  0.20
numCustomers: 30
numProducts: 10
0 0 0 0 0 0 0 1 0 1 
0 0 0 0 0 1 1 0 0 0 
0 0 1 1 0 0 0 0 1 0 
0 0 0 0 0 0 1 0 0 0 
0 0 0 0 0 0 1 0 1 0 
0 0 1 1 0 0 0 0 0 0 
0 0 0 0 0 0 1 1 0 0 
0 0 0 0 1 1 0 0 0 0 
1 0 0 1 0 1 0 0 0 1 
0 1 0 0 0 0 0 1 0 0 
0 0 0 1 0 0 1 0 0 1 
0 0 1 1 0 0 1 0 0 0 
0 0 0 0 1 1 1 1 0 1 
0 1 1 0 1 0 1 0 0 0 
1 0 1 0 0 0 1 0 0 1 
1 0 0 0 0 0 0 0 0 0 
0 0 0 0 0 0 1 0 0 0 
0 0 1 0 0 0 0 0 0 0 
0 0 0 1 0 0 0 0 1 0 
0 0 0 0 1 0 0 0 0 0 
0 0 0 1 1 0 0 1 0 0 
1 0 1 0 0 0 0 1 0 0 
0 0 0 0 0 1 1 0 0 0 
1 0 0 1 0 0 0 0 0 0 
0 1 1 0 0 0 0 0 0 0 
0 0 0 1 1 1 1 1 0 0 
1 0 0 0 0 0 0 0 0 0 
1 1 0 0 0 0 1 0 0 0 
0 0 0 0 1 0 0 0 0 0 
1 0 0 0 1 0 1 0 1 0 
numSequences: 3628800
minStacks: 15
Best sequence:
6 5 4 9 7 1 2 3 0 8 
0 0 0 1 1 0 0 0 0 0 
1 1 0 0 0 0 0 0 0 0 
0 0 0 0 0 0 1 1 0 1 
1 0 0 0 0 0 0 0 0 0 
1 0 0 0 0 0 0 0 0 1 
0 0 0 0 0 0 1 1 0 0 
1 0 0 0 1 0 0 0 0 0 
0 1 1 0 0 0 0 0 0 0 
0 1 0 1 0 0 0 1 1 0 
0 0 0 0 1 1 0 0 0 0 
1 0 0 1 0 0 0 1 0 0 
1 0 0 0 0 0 1 1 0 0 
1 1 1 1 1 0 0 0 0 0 
1 0 1 0 0 1 1 0 0 0 
1 0 0 1 0 0 1 0 1 0 
0 0 0 0 0 0 0 0 1 0 
1 0 0 0 0 0 0 0 0 0 
0 0 0 0 0 0 1 0 0 0 
0 0 0 0 0 0 0 1 0 1 
0 0 1 0 0 0 0 0 0 0 
0 0 1 0 1 0 0 1 0 0 
0 0 0 0 1 0 1 0 1 0 
1 1 0 0 0 0 0 0 0 0 
0 0 0 0 0 0 0 1 1 0 
0 0 0 0 0 1 1 0 0 0 
1 1 1 0 1 0 0 1 0 0 
0 0 0 0 0 0 0 0 1 0 
1 0 0 0 0 1 0 0 1 0 
0 0 1 0 0 0 0 0 0 0 
1 0 1 0 0 0 0 0 1 1 
Open stacks: 15
Took 10.75 seconds

buffer: HS problem 1138 size 30 10 density  0.20
numCustomers: 30
numProducts: 10
0 0 0 0 0 0 0 0 0 1 
0 1 0 0 0 0 0 0 0 1 
0 0 0 0 0 1 0 0 0 1 
0 1 1 0 0 0 1 0 1 1 
0 1 0 0 0 1 0 0 0 0 
1 0 0 1 1 0 1 0 0 0 
0 1 1 0 0 0 1 0 1 0 
0 0 1 1 0 0 0 0 1 0 
0 0 0 0 0 0 0 1 0 1 
0 0 0 1 1 0 0 0 0 0 
0 0 0 0 1 0 1 1 0 0 
0 0 0 0 0 0 1 0 0 0 
0 1 0 0 0 0 1 0 0 0 
1 0 0 0 0 0 0 0 0 0 
0 0 0 0 0 0 1 0 0 0 
0 1 1 0 0 0 0 1 0 0 
0 0 0 0 0 0 0 0 1 0 
0 0 0 1 0 0 0 0 0 1 
0 0 1 0 0 1 1 1 0 0 
0 0 0 0 0 1 0 1 0 0 
0 1 0 0 0 0 0 1 1 0 
0 0 0 0 0 0 0 1 0 0 
0 0 1 0 0 0 0 0 1 1 
0 1 0 0 0 0 0 0 0 0 
1 0 0 1 0 1 0 0 0 0 
0 1 0 0 0 0 0 0 1 0 
1 0 1 0 0 0 0 0 0 0 
0 1 0 1 0 0 1 0 1 0 
0 0 0 0 0 0 0 0 1 0 
1 0 1 0 0 0 0 0 1 0 
numSequences: 3628800
minStacks: 15
Best sequence:
9 7 5 1 3 4 2 0 6 8 
1 0 0 0 0 0 0 0 0 0 
1 0 0 1 0 0 0 0 0 0 
1 0 1 0 0 0 0 0 0 0 
1 0 0 1 0 0 1 0 1 1 
0 0 1 1 0 0 0 0 0 0 
0 0 0 0 1 1 0 1 1 0 
0 0 0 1 0 0 1 0 1 1 
0 0 0 0 1 0 1 0 0 1 
1 1 0 0 0 0 0 0 0 0 
0 0 0 0 1 1 0 0 0 0 
0 1 0 0 0 1 0 0 1 0 
0 0 0 0 0 0 0 0 1 0 
0 0 0 1 0 0 0 0 1 0 
0 0 0 0 0 0 0 1 0 0 
0 0 0 0 0 0 0 0 1 0 
0 1 0 1 0 0 1 0 0 0 
0 0 0 0 0 0 0 0 0 1 
1 0 0 0 1 0 0 0 0 0 
0 1 1 0 0 0 1 0 1 0 
0 1 1 0 0 0 0 0 0 0 
0 1 0 1 0 0 0 0 0 1 
0 1 0 0 0 0 0 0 0 0 
1 0 0 0 0 0 1 0 0 1 
0 0 0 1 0 0 0 0 0 0 
0 0 1 0 1 0 0 1 0 0 
0 0 0 1 0 0 0 0 0 1 
0 0 0 0 0 0 1 1 0 0 
0 0 0 1 1 0 0 0 1 1 
0 0 0 0 0 0 0 0 0 1 
0 0 0 0 0 0 1 1 0 1 
Open stacks: 15
Took 10.74 seconds

buffer: HS problem 1139 size 30 10 density  0.20
numCustomers: 30
numProducts: 10
1 0 0 1 1 0 1 0 0 0 
0 0 0 0 1 0 1 1 1 0 
0 1 0 0 0 0 0 0 0 0 
0 0 0 0 0 0 0 1 1 0 
0 0 0 0 0 1 0 0 0 0 
0 0 1 1 0 0 0 0 1 0 
0 0 1 0 0 1 1 0 1 0 
0 0 0 0 0 1 0 1 0 0 
1 0 0 0 0 1 0 0 1 1 
1 0 1 0 1 0 0 0 0 0 
0 1 0 1 0 0 0 1 0 0 
0 0 1 0 1 1 0 0 0 0 
1 0 1 0 0 0 0 0 0 0 
0 0 1 0 1 0 1 0 0 0 
0 0 1 0 0 1 0 0 0 1 
0 0 0 0 0 0 0 0 0 1 
1 0 0 0 1 1 0 0 0 0 
0 0 0 0 0 1 1 0 1 0 
1 0 0 0 1 0 0 0 0 0 
0 0 1 1 0 1 1 1 0 0 
0 0 0 0 0 0 0 1 0 0 
0 1 0 0 0 0 0 0 0 1 
1 0 0 0 0 0 0 0 0 0 
0 0 0 0 0 0 0 0 0 1 
0 0 0 1 1 0 0 1 0 0 
0 0 1 0 0 0 0 0 0 0 
0 0 0 1 1 0 0 0 1 0 
1 0 0 0 0 0 0 0 1 1 
0 0 0 1 1 1 0 0 0 0 
0 0 0 1 0 1 0 0 0 1 
numSequences: 3628800
minStacks: 16
Best sequence:
9 7 1 5 8 3 6 4 0 2 
0 0 0 0 0 1 1 1 1 0 
0 1 0 0 1 0 1 1 0 0 
0 0 1 0 0 0 0 0 0 0 
0 1 0 0 1 0 0 0 0 0 
0 0 0 1 0 0 0 0 0 0 
0 0 0 0 1 1 0 0 0 1 
0 0 0 1 1 0 1 0 0 1 
0 1 0 1 0 0 0 0 0 0 
1 0 0 1 1 0 0 0 1 0 
0 0 0 0 0 0 0 1 1 1 
0 1 1 0 0 1 0 0 0 0 
0 0 0 1 0 0 0 1 0 1 
0 0 0 0 0 0 0 0 1 1 
0 0 0 0 0 0 1 1 0 1 
1 0 0 1 0 0 0 0 0 1 
1 0 0 0 0 0 0 0 0 0 
0 0 0 1 0 0 0 1 1 0 
0 0 0 1 1 0 1 0 0 0 
0 0 0 0 0 0 0 1 1 0 
0 1 0 1 0 1 1 0 0 1 
0 1 0 0 0 0 0 0 0 0 
1 0 1 0 0 0 0 0 0 0 
0 0 0 0 0 0 0 0 1 0 
1 0 0 0 0 0 0 0 0 0 
0 1 0 0 0 1 0 1 0 0 
0 0 0 0 0 0 0 0 0 1 
0 0 0 0 1 1 0 1 0 0 
1 0 0 0 1 0 0 0 1 0 
0 0 0 1 0 1 0 1 0 0 
1 0 0 1 0 1 0 0 0 0 
Open stacks: 16
Took 10.75 seconds

buffer: HS problem 1140 size 30 10 density  0.20
numCustomers: 30
numProducts: 10
0 1 0 0 0 0 1 1 1 0 
0 0 0 0 0 0 0 0 1 0 
0 0 0 0 0 1 0 0 1 1 
0 0 0 0 0 0 1 0 0 0 
0 0 1 0 0 0 1 0 0 0 
0 0 0 0 0 0 1 0 0 0 
0 0 0 0 1 0 0 0 0 0 
1 1 0 0 1 0 0 0 0 0 
0 0 0 0 1 1 0 0 0 0 
0 0 0 0 0 0 0 0 0 1 
0 0 0 1 0 1 0 0 1 1 
0 0 1 0 0 0 0 0 1 0 
0 0 0 0 0 0 1 1 0 0 
0 1 1 0 0 0 1 0 0 1 
0 1 0 0 0 0 0 0 0 0 
0 0 1 0 0 0 0 0 0 0 
1 0 0 0 0 0 0 1 0 0 
0 0 0 0 0 0 1 0 0 0 
0 0 1 0 0 1 0 0 0 0 
0 0 0 1 0 1 0 0 0 1 
0 0 1 0 0 0 0 0 0 0 
1 1 0 0 0 0 0 0 1 0 
1 1 0 0 0 0 0 1 0 0 
1 0 0 0 1 0 0 0 0 0 
0 0 1 0 1 1 0 0 0 0 
1 0 1 0 0 0 1 0 0 0 
0 0 0 0 0 1 1 0 0 0 
1 1 0 0 0 1 0 1 0 0 
1 0 0 0 0 0 1 0 0 0 
0 0 1 0 0 0 0 0 0 0 
numSequences: 3628800
minStacks: 13
Best sequence:
9 2 8 5 3 1 4 0 6 7 
0 0 1 0 0 1 0 0 1 1 
0 0 1 0 0 0 0 0 0 0 
1 0 1 1 0 0 0 0 0 0 
0 0 0 0 0 0 0 0 1 0 
0 1 0 0 0 0 0 0 1 0 
0 0 0 0 0 0 0 0 1 0 
0 0 0 0 0 0 1 0 0 0 
0 0 0 0 0 1 1 1 0 0 
0 0 0 1 0 0 1 0 0 0 
1 0 0 0 0 0 0 0 0 0 
1 0 1 1 1 0 0 0 0 0 
0 1 1 0 0 0 0 0 0 0 
0 0 0 0 0 0 0 0 1 1 
1 1 0 0 0 1 0 0 1 0 
0 0 0 0 0 1 0 0 0 0 
0 1 0 0 0 0 0 0 0 0 
0 0 0 0 0 0 0 1 0 1 
0 0 0 0 0 0 0 0 1 0 
0 1 0 1 0 0 0 0 0 0 
1 0 0 1 1 0 0 0 0 0 
0 1 0 0 0 0 0 0 0 0 
0 0 1 0 0 1 0 1 0 0 
0 0 0 0 0 1 0 1 0 1 
0 0 0 0 0 0 1 1 0 0 
0 1 0 1 0 0 1 0 0 0 
0 1 0 0 0 0 0 1 1 0 
0 0 0 1 0 0 0 0 1 0 
0 0 0 1 0 1 0 1 0 1 
0 0 0 0 0 0 0 1 1 0 
0 1 0 0 0 0 0 0 0 0 
Open stacks: 13
Took 10.73 seconds

buffer: HS problem 1141 size 30 10 density  0.20
numCustomers: 30
numProducts: 10
0 0 0 1 0 0 0 0 0 1 
0 0 0 0 0 1 0 1 0 1 
0 1 1 0 1 0 1 0 0 0 
0 0 0 0 0 0 0 0 1 0 
1 0 0 0 1 0 0 0 0 0 
0 0 0 0 0 1 1 1 0 0 
0 1 0 0 0 1 0 0 0 0 
0 0 0 0 0 0 1 0 0 0 
1 1 1 0 0 0 0 0 1 1 
0 0 0 0 0 0 1 1 0 0 
0 0 0 0 0 1 0 1 1 1 
0 0 0 1 1 0 0 0 0 0 
0 0 0 1 0 0 0 0 1 0 
0 0 0 0 0 1 1 0 0 0 
0 0 0 1 0 0 0 0 0 1 
0 0 1 0 0 0 0 0 0 0 
0 0 0 0 1 1 0 0 0 1 
0 1 0 0 1 0 0 0 0 0 
0 0 0 1 0 0 0 0 0 0 
0 0 1 1 0 0 0 0 0 0 
0 0 0 0 1 1 1 0 0 0 
0 0 1 1 0 0 0 0 0 0 
1 1 0 0 1 0 1 0 0 0 
0 0 0 0 0 0 0 0 0 1 
0 0 0 0 0 0 0 0 1 0 
0 1 0 1 0 0 1 0 0 0 
0 0 0 0 0 0 0 0 1 1 
0 0 1 0 0 0 0 0 0 0 
1 0 0 0 0 0 1 0 0 0 
0 0 0 1 0 0 0 0 0 0 
numSequences: 3628800
minStacks: 11
Best sequence:
3 2 8 9 4 0 1 5 7 6 
1 0 0 1 0 0 0 0 0 0 
0 0 0 1 0 0 0 1 1 0 
0 1 0 0 1 0 1 0 0 1 
0 0 1 0 0 0 0 0 0 0 
0 0 0 0 1 1 0 0 0 0 
0 0 0 0 0 0 0 1 1 1 
0 0 0 0 0 0 1 1 0 0 
0 0 0 0 0 0 0 0 0 1 
0 1 1 1 0 1 1 0 0 0 
0 0 0 0 0 0 0 0 1 1 
0 0 1 1 0 0 0 1 1 0 
1 0 0 0 1 0 0 0 0 0 
1 0 1 0 0 0 0 0 0 0 
0 0 0 0 0 0 0 1 0 1 
1 0 0 1 0 0 0 0 0 0 
0 1 0 0 0 0 0 0 0 0 
0 0 0 1 1 0 0 1 0 0 
0 0 0 0 1 0 1 0 0 0 
1 0 0 0 0 0 0 0 0 0 
1 1 0 0 0 0 0 0 0 0 
0 0 0 0 1 0 0 1 0 1 
1 1 0 0 0 0 0 0 0 0 
0 0 0 0 1 1 1 0 0 1 
0 0 0 1 0 0 0 0 0 0 
0 0 1 0 0 0 0 0 0 0 
1 0 0 0 0 0 1 0 0 1 
0 0 1 1 0 0 0 0 0 0 
0 1 0 0 0 0 0 0 0 0 
0 0 0 0 0 1 0 0 0 1 
1 0 0 0 0 0 0 0 0 0 
Open stacks: 11
Took 10.72 seconds

buffer: HS problem 1142 size 30 10 density  0.20
numCustomers: 30
numProducts: 10
0 0 0 0 0 1 0 0 1 0 
0 0 0 1 0 0 0 0 1 0 
0 0 1 1 1 0 0 0 0 0 
1 1 0 0 0 0 1 1 1 0 
0 0 1 1 1 0 0 1 1 0 
0 1 1 0 0 0 0 0 0 1 
0 0 1 0 1 0 0 0 0 1 
0 0 0 0 0 0 0 0 0 1 
1 1 0 0 0 0 0 0 0 1 
0 0 0 0 0 0 0 1 0 0 
0 1 0 1 0 0 0 0 0 1 
0 0 0 0 0 1 0 0 1 0 
0 0 0 0 0 1 1 0 0 0 
0 1 1 0 0 0 0 0 1 0 
0 0 0 1 0 0 0 0 1 0 
0 0 0 1 1 0 0 0 0 0 
0 1 0 0 0 0 0 0 1 0 
0 0 0 0 0 0 0 0 0 1 
1 0 1 0 0 0 0 0 0 0 
1 0 0 1 0 0 0 0 1 0 
0 0 0 0 0 0 0 0 1 0 
0 0 1 1 0 0 1 0 0 0 
1 0 0 0 1 0 0 0 0 1 
0 0 0 0 0 1 0 0 0 0 
0 0 0 0 0 1 0 0 0 0 
0 0 1 0 0 0 0 0 1 0 
1 0 1 1 0 1 0 0 0 1 
1 1 0 0 1 0 0 0 0 1 
1 0 0 0 1 0 0 0 0 0 
0 0 0 0 0 1 0 0 0 0 
numSequences: 3628800
minStacks: 14
Best sequence:
9 4 0 1 2 3 8 6 5 7 
0 0 0 0 0 0 1 0 1 0 
0 0 0 0 0 1 1 0 0 0 
0 1 0 0 1 1 0 0 0 0 
0 0 1 1 0 0 1 1 0 1 
0 1 0 0 1 1 1 0 0 1 
1 0 0 1 1 0 0 0 0 0 
1 1 0 0 1 0 0 0 0 0 
1 0 0 0 0 0 0 0 0 0 
1 0 1 1 0 0 0 0 0 0 
0 0 0 0 0 0 0 0 0 1 
1 0 0 1 0 1 0 0 0 0 
0 0 0 0 0 0 1 0 1 0 
0 0 0 0 0 0 0 1 1 0 
0 0 0 1 1 0 1 0 0 0 
0 0 0 0 0 1 1 0 0 0 
0 1 0 0 0 1 0 0 0 0 
0 0 0 1 0 0 1 0 0 0 
1 0 0 0 0 0 0 0 0 0 
0 0 1 0 1 0 0 0 0 0 
0 0 1 0 0 1 1 0 0 0 
0 0 0 0 0 0 1 0 0 0 
0 0 0 0 1 1 0 1 0 0 
1 1 1 0 0 0 0 0 0 0 
0 0 0 0 0 0 0 0 1 0 
0 0 0 0 0 0 0 0 1 0 
0 0 0 0 1 0 1 0 0 0 
1 0 1 0 1 1 0 0 1 0 
1 1 1 1 0 0 0 0 0 0 
0 1 1 0 0 0 0 0 0 0 
0 0 0 0 0 0 0 0 1 0 
Open stacks: 14
Took 10.76 seconds

buffer: HS problem 1143 size 30 10 density  0.20
numCustomers: 30
numProducts: 10
0 0 0 1 0 0 0 0 0 0 
0 0 1 0 1 0 0 0 1 0 
0 0 0 0 0 1 0 1 1 0 
1 0 0 0 0 0 0 0 0 0 
1 1 0 0 1 1 0 0 0 0 
0 0 0 1 1 1 0 0 0 0 
1 0 0 0 1 0 0 0 0 1 
0 0 0 1 1 1 0 1 0 0 
0 0 0 0 0 0 0 0 0 1 
0 1 0 0 0 1 0 0 0 1 
1 0 0 0 0 0 0 0 1 0 
0 1 0 0 0 0 0 0 0 0 
1 0 0 0 0 1 0 1 0 0 
0 0 0 0 0 1 0 0 1 0 
0 0 0 0 0 1 0 0 0 0 
0 1 0 0 0 0 0 1 0 0 
1 0 0 1 0 0 0 0 0 0 
0 0 1 0 0 0 0 1 0 0 
0 0 0 0 0 0 0 0 0 1 
0 0 0 0 0 0 0 0 1 0 
0 1 0 0 0 0 1 0 0 1 
0 0 0 1 0 0 0 1 0 0 
0 0 0 0 0 0 1 0 0 0 
0 0 0 0 0 1 1 0 1 0 
0 0 0 1 1 0 1 0 0 1 
0 1 0 0 0 1 0 0 0 0 
1 0 0 0 0 0 0 1 0 0 
0 0 1 0 0 1 0 0 0 0 
0 1 1 0 1 0 0 1 0 0 
0 0 1 0 1 1 0 0 0 0 
numSequences: 3628800
minStacks: 15
Best sequence:
9 3 0 7 1 4 2 6 5 8 
0 1 0 0 0 0 0 0 0 0 
0 0 0 0 0 1 1 0 0 1 
0 0 0 1 0 0 0 0 1 1 
0 0 1 0 0 0 0 0 0 0 
0 0 1 0 1 1 0 0 1 0 
0 1 0 0 0 1 0 0 1 0 
1 0 1 0 0 1 0 0 0 0 
0 1 0 1 0 1 0 0 1 0 
1 0 0 0 0 0 0 0 0 0 
1 0 0 0 1 0 0 0 1 0 
0 0 1 0 0 0 0 0 0 1 
0 0 0 0 1 0 0 0 0 0 
0 0 1 1 0 0 0 0 1 0 
0 0 0 0 0 0 0 0 1 1 
0 0 0 0 0 0 0 0 1 0 
0 0 0 1 1 0 0 0 0 0 
0 1 1 0 0 0 0 0 0 0 
0 0 0 1 0 0 1 0 0 0 
1 0 0 0 0 0 0 0 0 0 
0 0 0 0 0 0 0 0 0 1 
1 0 0 0 1 0 0 1 0 0 
0 1 0 1 0 0 0 0 0 0 
0 0 0 0 0 0 0 1 0 0 
0 0 0 0 0 0 0 1 1 1 
1 1 0 0 0 1 0 1 0 0 
0 0 0 0 1 0 0 0 1 0 
0 0 1 1 0 0 0 0 0 0 
0 0 0 0 0 0 1 0 1 0 
0 0 0 1 1 1 1 0 0 0 
0 0 0 0 0 1 1 0 1 0 
Open stacks: 15
Took 10.73 seconds

buffer: HS problem 1144 size 30 10 density  0.20
numCustomers: 30
numProducts: 10
1 0 0 0 0 1 0 1 1 0 
0 0 0 0 0 0 0 1 0 0 
0 0 0 0 1 0 0 1 0 0 
0 0 1 0 0 0 0 1 0 0 
0 0 1 1 0 0 0 1 0 0 
0 0 0 0 0 0 0 1 0 0 
0 0 0 0 1 0 0 0 0 0 
0 1 0 0 0 0 0 0 0 0 
0 0 0 0 1 0 0 0 0 0 
1 0 0 0 1 0 0 0 1 1 
0 0 0 1 0 1 0 0 1 0 
0 1 0 0 0 0 0 0 0 1 
0 0 0 1 1 0 0 0 0 0 
0 0 0 0 0 0 0 0 1 0 
0 1 0 0 0 0 0 0 0 0 
0 0 0 0 0 0 0 0 1 1 
0 1 0 0 1 0 0 0 0 0 
0 0 0 0 0 0 1 0 1 0 
0 0 0 0 0 0 1 0 0 0 
0 1 0 0 0 1 1 0 0 0 
1 0 0 0 1 0 0 0 1 1 
0 1 0 0 0 0 1 0 0 0 
0 1 1 0 0 0 0 0 1 0 
0 0 0 1 0 1 0 0 0 0 
0 0 0 0 0 1 0 1 0 0 
0 1 0 0 0 0 0 1 0 0 
0 0 0 0 0 0 1 0 0 0 
0 1 0 1 0 1 0 0 1 0 
0 1 0 0 0 0 1 0 0 1 
0 0 0 1 0 0 0 0 0 0 
numSequences: 3628800
minStacks: 13
Best sequence:
9 1 6 8 0 4 3 5 2 7 
0 0 0 1 1 0 0 1 0 1 
0 0 0 0 0 0 0 0 0 1 
0 0 0 0 0 1 0 0 0 1 
0 0 0 0 0 0 0 0 1 1 
0 0 0 0 0 0 1 0 1 1 
0 0 0 0 0 0 0 0 0 1 
0 0 0 0 0 1 0 0 0 0 
0 1 0 0 0 0 0 0 0 0 
0 0 0 0 0 1 0 0 0 0 
1 0 0 1 1 1 0 0 0 0 
0 0 0 1 0 0 1 1 0 0 
1 1 0 0 0 0 0 0 0 0 
0 0 0 0 0 1 1 0 0 0 
0 0 0 1 0 0 0 0 0 0 
0 1 0 0 0 0 0 0 0 0 
1 0 0 1 0 0 0 0 0 0 
0 1 0 0 0 1 0 0 0 0 
0 0 1 1 0 0 0 0 0 0 
0 0 1 0 0 0 0 0 0 0 
0 1 1 0 0 0 0 1 0 0 
1 0 0 1 1 1 0 0 0 0 
0 1 1 0 0 0 0 0 0 0 
0 1 0 1 0 0 0 0 1 0 
0 0 0 0 0 0 1 1 0 0 
0 0 0 0 0 0 0 1 0 1 
0 1 0 0 0 0 0 0 0 1 
0 0 1 0 0 0 0 0 0 0 
0 1 0 1 0 0 1 1 0 0 
1 1 1 0 0 0 0 0 0 0 
0 0 0 0 0 0 1 0 0 0 
Open stacks: 13
Took 10.73 seconds

buffer: HS problem 1145 size 30 10 density  0.20
numCustomers: 30
numProducts: 10
0 1 0 0 0 1 1 0 0 0 
0 0 0 0 0 1 0 0 0 0 
0 0 0 0 1 1 0 0 1 0 
0 1 0 0 0 0 0 0 0 0 
0 0 0 0 0 0 0 1 0 0 
0 0 0 0 0 0 0 0 0 1 
0 0 0 0 0 0 0 0 0 1 
0 0 0 0 0 1 0 0 0 0 
0 0 0 0 0 0 0 1 0 1 
0 0 0 1 1 0 0 0 0 0 
0 0 1 1 0 0 0 1 0 0 
1 1 0 0 0 0 0 0 0 1 
0 0 0 1 0 0 0 0 1 0 
1 1 0 0 0 1 0 0 0 1 
1 1 0 1 1 0 0 0 0 0 
0 0 0 0 0 1 0 0 0 1 
1 0 1 1 0 0 0 1 0 0 
0 0 0 0 0 0 0 0 0 1 
0 0 0 0 1 1 0 0 1 0 
0 0 0 0 0 0 1 0 0 0 
0 0 0 1 1 0 0 0 0 0 
1 0 0 1 0 0 0 0 0 1 
0 0 0 1 1 0 0 0 1 1 
0 0 1 0 0 0 0 1 0 1 
0 1 0 0 0 1 1 1 0 1 
1 1 1 0 0 1 0 1 0 1 
0 0 0 1 0 0 0 0 0 1 
1 1 1 0 0 0 0 1 0 1 
1 0 0 0 0 0 0 0 0 1 
0 0 0 0 1 1 1 0 0 1 
numSequences: 3628800
minStacks: 16
Best sequence:
9 7 0 2 3 4 5 1 6 8 
0 0 0 0 0 0 1 1 1 0 
0 0 0 0 0 0 1 0 0 0 
0 0 0 0 0 1 1 0 0 1 
0 0 0 0 0 0 0 1 0 0 
0 1 0 0 0 0 0 0 0 0 
1 0 0 0 0 0 0 0 0 0 
1 0 0 0 0 0 0 0 0 0 
0 0 0 0 0 0 1 0 0 0 
1 1 0 0 0 0 0 0 0 0 
0 0 0 0 1 1 0 0 0 0 
0 1 0 1 1 0 0 0 0 0 
1 0 1 0 0 0 0 1 0 0 
0 0 0 0 1 0 0 0 0 1 
1 0 1 0 0 0 1 1 0 0 
0 0 1 0 1 1 0 1 0 0 
1 0 0 0 0 0 1 0 0 0 
0 1 1 1 1 0 0 0 0 0 
1 0 0 0 0 0 0 0 0 0 
0 0 0 0 0 1 1 0 0 1 
0 0 0 0 0 0 0 0 1 0 
0 0 0 0 1 1 0 0 0 0 
1 0 1 0 1 0 0 0 0 0 
1 0 0 0 1 1 0 0 0 1 
1 1 0 1 0 0 0 0 0 0 
1 1 0 0 0 0 1 1 1 0 
1 1 1 1 0 0 1 1 0 0 
1 0 0 0 1 0 0 0 0 0 
1 1 1 1 0 0 0 1 0 0 
1 0 1 0 0 0 0 0 0 0 
1 0 0 0 0 1 1 0 1 0 
Open stacks: 16
Took 10.77 seconds

buffer: HS problem 1146 size 30 10 density  0.20
numCustomers: 30
numProducts: 10
0 0 0 1 0 1 0 1 0 1 
0 0 0 0 1 0 0 1 0 0 
0 0 0 1 1 0 0 0 0 1 
1 1 0 0 1 0 0 0 0 1 
0 1 1 0 1 0 0 0 0 0 
0 0 1 0 1 1 0 1 0 1 
0 0 0 0 1 1 0 0 0 1 
0 0 1 0 0 0 0 0 0 1 
0 0 0 0 0 0 0 0 1 0 
0 0 0 0 0 0 1 0 0 0 
0 0 0 0 0 1 0 0 0 0 
0 0 0 0 0 0 0 1 1 1 
0 0 0 1 0 1 0 0 0 0 
0 1 0 0 0 0 0 0 0 0 
0 0 1 1 0 1 0 0 0 0 
1 0 0 1 0 0 0 0 0 1 
0 0 1 0 0 0 0 0 1 1 
0 1 0 1 0 0 0 0 0 1 
0 1 0 0 0 0 1 0 0 0 
0 0 0 0 1 0 0 1 0 0 
0 0 0 0 0 0 0 0 0 1 
0 0 0 0 0 1 0 0 0 0 
0 0 0 0 0 0 0 0 0 1 
0 0 0 0 0 1 0 0 0 1 
1 1 0 0 0 1 1 0 0 0 
0 0 1 0 1 0 0 0 0 0 
0 0 0 1 0 1 0 0 0 1 
1 0 0 0 0 1 1 1 0 0 
1 0 0 0 0 0 0 0 0 0 
0 0 0 0 0 0 1 1 0 0 
numSequences: 3628800
minStacks: 16
Best sequence:
9 8 2 4 7 3 5 1 0 6 
1 0 0 0 1 1 1 0 0 0 
0 0 0 1 1 0 0 0 0 0 
1 0 0 1 0 1 0 0 0 0 
1 0 0 1 0 0 0 1 1 0 
0 0 1 1 0 0 0 1 0 0 
1 0 1 1 1 0 1 0 0 0 
1 0 0 1 0 0 1 0 0 0 
1 0 1 0 0 0 0 0 0 0 
0 1 0 0 0 0 0 0 0 0 
0 0 0 0 0 0 0 0 0 1 
0 0 0 0 0 0 1 0 0 0 
1 1 0 0 1 0 0 0 0 0 
0 0 0 0 0 1 1 0 0 0 
0 0 0 0 0 0 0 1 0 0 
0 0 1 0 0 1 1 0 0 0 
1 0 0 0 0 1 0 0 1 0 
1 1 1 0 0 0 0 0 0 0 
1 0 0 0 0 1 0 1 0 0 
0 0 0 0 0 0 0 1 0 1 
0 0 0 1 1 0 0 0 0 0 
1 0 0 0 0 0 0 0 0 0 
0 0 0 0 0 0 1 0 0 0 
1 0 0 0 0 0 0 0 0 0 
1 0 0 0 0 0 1 0 0 0 
0 0 0 0 0 0 1 1 1 1 
0 0 1 1 0 0 0 0 0 0 
1 0 0 0 0 1 1 0 0 0 
0 0 0 0 1 0 1 0 1 1 
0 0 0 0 0 0 0 0 1 0 
0 0 0 0 1 0 0 0 0 1 
Open stacks: 16
Took 10.75 seconds

buffer: HS problem 1147 size 30 10 density  0.20
numCustomers: 30
numProducts: 10
0 0 0 0 1 1 0 0 1 0 
0 0 1 1 0 0 0 1 0 1 
0 1 0 0 0 1 0 0 1 0 
0 1 0 0 0 0 0 0 0 0 
0 0 0 0 0 1 0 0 0 0 
0 1 0 0 0 0 0 0 0 0 
0 0 0 1 0 0 0 0 0 0 
1 0 1 1 0 0 0 0 0 0 
0 0 1 0 0 0 0 0 0 1 
0 0 0 0 0 0 0 0 1 1 
0 0 0 0 0 0 0 1 0 0 
0 0 0 0 0 0 0 1 0 0 
0 1 0 1 1 0 1 0 0 0 
0 0 0 0 0 1 0 0 0 0 
0 1 1 0 0 0 0 0 0 1 
0 0 0 0 0 0 0 0 1 0 
1 0 0 0 0 1 0 0 0 0 
1 0 1 1 1 0 0 0 0 0 
1 0 0 0 0 0 0 0 0 0 
1 1 0 0 1 0 1 1 0 0 
0 1 1 0 0 0 1 0 0 0 
1 0 0 0 0 0 0 1 0 0 
0 1 0 0 0 0 1 1 0 0 
0 0 1 1 0 0 0 0 0 0 
0 0 0 0 1 0 0 1 0 0 
0 0 0 0 0 0 1 1 0 0 
1 0 1 0 0 0 0 0 0 0 
1 0 0 0 0 0 0 0 1 1 
1 0 0 1 0 0 1 0 0 1 
0 1 0 0 0 0 0 0 0 1 
numSequences: 3628800
minStacks: 14
Best sequence:
8 5 0 9 2 3 4 6 7 1 
1 1 0 0 0 0 1 0 0 0 
0 0 0 1 1 1 0 0 1 0 
1 1 0 0 0 0 0 0 0 1 
0 0 0 0 0 0 0 0 0 1 
0 1 0 0 0 0 0 0 0 0 
0 0 0 0 0 0 0 0 0 1 
0 0 0 0 0 1 0 0 0 0 
0 0 1 0 1 1 0 0 0 0 
0 0 0 1 1 0 0 0 0 0 
1 0 0 1 0 0 0 0 0 0 
0 0 0 0 0 0 0 0 1 0 
0 0 0 0 0 0 0 0 1 0 
0 0 0 0 0 1 1 1 0 1 
0 1 0 0 0 0 0 0 0 0 
0 0 0 1 1 0 0 0 0 1 
1 0 0 0 0 0 0 0 0 0 
0 1 1 0 0 0 0 0 0 0 
0 0 1 0 1 1 1 0 0 0 
0 0 1 0 0 0 0 0 0 0 
0 0 1 0 0 0 1 1 1 1 
0 0 0 0 1 0 0 1 0 1 
0 0 1 0 0 0 0 0 1 0 
0 0 0 0 0 0 0 1 1 1 
0 0 0 0 1 1 0 0 0 0 
0 0 0 0 0 0 1 0 1 0 
0 0 0 0 0 0 0 1 1 0 
0 0 1 0 1 0 0 0 0 0 
1 0 1 1 0 0 0 0 0 0 
0 0 1 1 0 1 0 1 0 0 
0 0 0 1 0 0 0 0 0 1 
Open stacks: 14
Took 10.74 seconds

buffer: HS problem 1148 size 30 10 density  0.20
numCustomers: 30
numProducts: 10
1 0 0 0 1 0 0 0 0 0 
0 0 0 0 0 0 1 0 0 1 
0 0 0 0 0 0 1 0 1 1 
0 1 1 0 0 0 0 0 0 0 
0 0 0 1 0 1 0 0 0 0 
0 0 1 0 1 1 0 0 0 0 
0 1 0 0 1 0 0 0 0 0 
1 0 0 0 0 0 0 0 0 0 
0 0 0 0 0 1 0 1 0 0 
0 0 0 0 0 1 0 0 0 1 
0 0 0 1 0 0 0 0 0 0 
0 0 0 0 1 0 1 0 0 1 
0 0 0 0 0 1 1 0 0 0 
0 1 0 0 0 0 0 1 0 0 
0 0 1 1 0 0 0 0 0 0 
0 0 1 1 0 0 0 0 0 0 
0 0 1 0 0 0 1 1 1 0 
1 0 0 0 0 0 1 1 0 0 
0 1 0 0 1 0 0 0 0 0 
0 0 0 0 0 1 0 0 0 0 
0 1 0 0 1 0 1 0 1 0 
0 0 0 0 0 1 0 0 0 0 
0 1 0 0 0 0 0 0 1 0 
0 0 0 0 1 0 0 1 0 0 
0 0 0 0 0 1 0 0 0 0 
1 0 1 0 0 0 0 0 0 0 
0 0 0 0 0 1 0 0 1 1 
0 1 0 0 0 0 1 0 0 0 
0 0 0 0 0 0 0 0 0 1 
1 0 0 0 0 0 0 0 0 1 
numSequences: 3628800
minStacks: 13
Best sequence:
9 5 8 6 3 2 0 4 1 7 
0 0 0 0 0 0 1 1 0 0 
1 0 0 1 0 0 0 0 0 0 
1 0 1 1 0 0 0 0 0 0 
0 0 0 0 0 1 0 0 1 0 
0 1 0 0 1 0 0 0 0 0 
0 1 0 0 0 1 0 1 0 0 
0 0 0 0 0 0 0 1 1 0 
0 0 0 0 0 0 1 0 0 0 
0 1 0 0 0 0 0 0 0 1 
1 1 0 0 0 0 0 0 0 0 
0 0 0 0 1 0 0 0 0 0 
1 0 0 1 0 0 0 1 0 0 
0 1 0 1 0 0 0 0 0 0 
0 0 0 0 0 0 0 0 1 1 
0 0 0 0 1 1 0 0 0 0 
0 0 0 0 1 1 0 0 0 0 
0 0 1 1 0 1 0 0 0 1 
0 0 0 1 0 0 1 0 0 1 
0 0 0 0 0 0 0 1 1 0 
0 1 0 0 0 0 0 0 0 0 
0 0 1 1 0 0 0 1 1 0 
0 1 0 0 0 0 0 0 0 0 
0 0 1 0 0 0 0 0 1 0 
0 0 0 0 0 0 0 1 0 1 
0 1 0 0 0 0 0 0 0 0 
0 0 0 0 0 1 1 0 0 0 
1 1 1 0 0 0 0 0 0 0 
0 0 0 1 0 0 0 0 1 0 
1 0 0 0 0 0 0 0 0 0 
1 0 0 0 0 0 1 0 0 0 
Open stacks: 13
Took 10.7 seconds

buffer: HS problem 1149 size 30 10 density  0.20
numCustomers: 30
numProducts: 10
1 0 0 0 0 0 0 1 0 0 
0 1 0 1 0 0 1 0 0 0 
1 0 0 1 0 0 0 0 0 1 
0 0 1 0 0 0 0 1 0 0 
0 1 0 0 0 0 0 1 1 0 
1 0 0 0 0 0 0 1 1 0 
0 0 0 0 0 0 0 1 0 0 
0 0 0 1 1 0 0 0 1 0 
0 0 0 0 0 1 1 1 0 0 
1 0 0 0 0 0 0 1 1 0 
0 0 0 0 0 1 0 0 0 0 
0 0 0 0 0 0 0 1 0 1 
0 0 0 0 0 0 0 1 0 0 
0 1 0 0 0 0 0 0 1 0 
0 0 0 0 0 0 0 1 0 0 
0 0 0 1 0 1 0 1 0 0 
1 0 0 0 0 1 0 1 0 0 
0 0 0 0 1 0 0 0 1 0 
0 1 1 0 0 0 0 0 0 0 
0 0 0 0 0 1 0 1 0 0 
0 0 0 0 0 0 1 0 1 0 
0 0 1 1 1 0 0 0 0 1 
1 0 1 0 1 0 0 1 0 0 
1 0 0 0 0 0 0 0 0 0 
0 0 0 1 0 0 0 0 1 0 
1 0 0 0 0 0 0 0 0 0 
1 0 0 0 0 0 0 1 0 0 
0 0 0 1 0 0 0 1 0 1 
0 0 1 0 0 0 1 0 0 0 
0 1 1 0 0 0 0 0 1 1 
numSequences: 3628800
minStacks: 16
Best sequence:
9 8 4 1 2 3 5 6 0 7 
0 0 0 0 0 0 0 0 1 1 
0 0 0 1 0 1 0 1 0 0 
1 0 0 0 0 1 0 0 1 0 
0 0 0 0 1 0 0 0 0 1 
0 1 0 1 0 0 0 0 0 1 
0 1 0 0 0 0 0 0 1 1 
0 0 0 0 0 0 0 0 0 1 
0 1 1 0 0 1 0 0 0 0 
0 0 0 0 0 0 1 1 0 1 
0 1 0 0 0 0 0 0 1 1 
0 0 0 0 0 0 1 0 0 0 
1 0 0 0 0 0 0 0 0 1 
0 0 0 0 0 0 0 0 0 1 
0 1 0 1 0 0 0 0 0 0 
0 0 0 0 0 0 0 0 0 1 
0 0 0 0 0 1 1 0 0 1 
0 0 0 0 0 0 1 0 1 1 
0 1 1 0 0 0 0 0 0 0 
0 0 0 1 1 0 0 0 0 0 
0 0 0 0 0 0 1 0 0 1 
0 1 0 0 0 0 0 1 0 0 
1 0 1 0 1 1 0 0 0 0 
0 0 1 0 1 0 0 0 1 1 
0 0 0 0 0 0 0 0 1 0 
0 1 0 0 0 1 0 0 0 0 
0 0 0 0 0 0 0 0 1 0 
0 0 0 0 0 0 0 0 1 1 
1 0 0 0 0 1 0 0 0 1 
0 0 0 0 1 0 0 1 0 0 
1 1 0 1 1 0 0 0 0 0 
Open stacks: 16
Took 10.73 seconds

buffer: HS problem 1150 size 30 10 density  0.20
numCustomers: 30
numProducts: 10
0 0 0 0 0 1 0 0 0 0 
1 1 0 0 0 0 1 0 0 0 
0 0 0 0 0 1 0 0 1 0 
0 0 0 1 0 0 0 0 0 0 
1 0 0 1 1 0 1 0 0 0 
0 0 0 1 0 1 0 0 1 0 
0 0 0 0 0 0 0 1 0 0 
1 0 0 0 0 0 0 0 0 0 
1 0 1 0 1 0 0 0 0 0 
0 0 1 0 0 0 0 1 0 0 
1 0 1 0 0 0 0 1 0 0 
1 0 0 0 0 1 0 0 0 1 
1 0 0 0 1 0 0 0 0 0 
0 0 1 0 0 0 0 0 0 0 
1 1 0 0 0 0 0 0 0 0 
0 0 0 0 1 0 0 0 0 0 
1 0 0 0 0 0 0 1 0 1 
1 0 0 1 0 0 1 1 0 0 
1 1 0 0 0 0 0 0 0 0 
0 0 0 1 0 0 0 0 1 0 
1 0 1 0 0 0 0 0 0 0 
0 0 0 0 0 0 0 0 0 1 
0 0 0 0 0 0 0 1 1 1 
0 1 0 1 0 0 0 0 0 0 
0 0 0 1 0 1 1 0 0 1 
1 0 0 1 0 0 0 0 1 0 
1 0 0 0 0 0 0 0 0 0 
0 1 0 0 0 0 0 0 0 0 
0 0 1 0 0 0 0 0 1 1 
0 0 1 0 0 0 0 0 0 0 
numSequences: 3628800
minStacks: 14
Best sequence:
9 8 7 5 3 2 1 4 6 0 
0 0 0 1 0 0 0 0 0 0 
0 0 0 0 0 0 1 0 1 1 
0 1 0 1 0 0 0 0 0 0 
0 0 0 0 1 0 0 0 0 0 
0 0 0 0 1 0 0 1 1 1 
0 1 0 1 1 0 0 0 0 0 
0 0 1 0 0 0 0 0 0 0 
0 0 0 0 0 0 0 0 0 1 
0 0 0 0 0 1 0 1 0 1 
0 0 1 0 0 1 0 0 0 0 
0 0 1 0 0 1 0 0 0 1 
1 0 0 1 0 0 0 0 0 1 
0 0 0 0 0 0 0 1 0 1 
0 0 0 0 0 1 0 0 0 0 
0 0 0 0 0 0 1 0 0 1 
0 0 0 0 0 0 0 1 0 0 
1 0 1 0 0 0 0 0 0 1 
0 0 1 0 1 0 0 0 1 1 
0 0 0 0 0 0 1 0 0 1 
0 1 0 0 1 0 0 0 0 0 
0 0 0 0 0 1 0 0 0 1 
1 0 0 0 0 0 0 0 0 0 
1 1 1 0 0 0 0 0 0 0 
0 0 0 0 1 0 1 0 0 0 
1 0 0 1 1 0 0 0 1 0 
0 1 0 0 1 0 0 0 0 1 
0 0 0 0 0 0 0 0 0 1 
0 0 0 0 0 0 1 0 0 0 
1 1 0 0 0 1 0 0 0 0 
0 0 0 0 0 1 0 0 0 0 
Open stacks: 14
Took 10.73 seconds

buffer: HS problem 1151 size 30 10 density  0.25
numCustomers: 30
numProducts: 10
0 0 0 0 1 1 1 0 0 0 
0 1 1 1 0 1 1 0 1 0 
0 0 0 0 0 0 0 0 1 0 
0 0 0 0 1 0 1 0 1 0 
1 1 1 0 0 0 1 1 0 1 
0 0 1 0 1 0 0 0 0 0 
0 0 0 0 0 0 0 0 1 0 
0 1 1 0 0 0 0 1 0 0 
0 0 0 0 0 0 0 1 0 0 
1 0 1 0 1 1 1 1 1 1 
0 0 1 0 0 0 1 0 0 0 
1 0 0 0 1 0 0 0 1 0 
0 0 0 0 1 0 0 0 0 0 
0 1 0 0 0 0 0 0 1 0 
1 0 0 0 1 0 1 0 0 1 
0 1 0 0 1 0 0 1 1 1 
0 0 1 0 0 0 0 1 0 0 
0 0 1 1 0 0 0 0 1 1 
0 1 1 0 0 1 1 0 0 1 
0 1 0 0 0 1 0 1 0 1 
1 1 0 1 0 0 1 0 1 0 
0 0 0 0 0 1 0 0 1 0 
1 0 0 1 0 0 0 0 0 0 
1 0 0 0 0 1 0 0 1 1 
0 0 0 0 0 0 1 0 0 1 
0 1 1 1 1 0 0 0 1 1 
1 0 0 1 0 0 0 0 1 1 
0 0 0 1 0 0 0 1 0 0 
1 0 0 0 0 0 0 0 1 0 
1 0 0 0 0 1 1 1 0 0 
numSequences: 3628800
minStacks: 19
Best sequence:
8 5 0 9 3 1 4 6 7 2 
0 1 0 0 0 0 1 1 0 0 
1 1 0 0 1 1 0 1 0 1 
1 0 0 0 0 0 0 0 0 0 
1 0 0 0 0 0 1 1 0 0 
0 0 1 1 0 1 0 1 1 1 
0 0 0 0 0 0 1 0 0 1 
1 0 0 0 0 0 0 0 0 0 
0 0 0 0 0 1 0 0 1 1 
0 0 0 0 0 0 0 0 1 0 
1 1 1 1 0 0 1 1 1 1 
0 0 0 0 0 0 0 1 0 1 
1 0 1 0 0 0 1 0 0 0 
0 0 0 0 0 0 1 0 0 0 
1 0 0 0 0 1 0 0 0 0 
0 0 1 1 0 0 1 1 0 0 
1 0 0 1 0 1 1 0 1 0 
0 0 0 0 0 0 0 0 1 1 
1 0 0 1 1 0 0 0 0 1 
0 1 0 1 0 1 0 1 0 1 
0 1 0 1 0 1 0 0 1 0 
1 0 1 0 1 1 0 1 0 0 
1 1 0 0 0 0 0 0 0 0 
0 0 1 0 1 0 0 0 0 0 
1 1 1 1 0 0 0 0 0 0 
0 0 0 1 0 0 0 1 0 0 
1 0 0 1 1 1 1 0 0 1 
1 0 1 1 1 0 0 0 0 0 
0 0 0 0 1 0 0 0 1 0 
1 0 1 0 0 0 0 0 0 0 
0 1 1 0 0 0 0 1 1 0 
Open stacks: 19
Took 10.84 seconds

buffer: HS problem 1152 size 30 10 density  0.25
numCustomers: 30
numProducts: 10
0 1 0 0 0 1 0 0 1 0 
0 0 0 1 0 0 0 0 1 1 
0 0 1 1 1 1 0 1 0 0 
0 1 0 1 0 0 0 0 0 0 
0 0 0 0 0 1 0 0 0 0 
1 0 0 1 0 0 1 0 0 0 
0 0 0 0 1 1 0 0 0 1 
0 0 0 0 0 0 0 0 1 0 
0 1 0 1 0 1 0 1 1 0 
0 1 0 1 0 0 0 1 0 0 
0 1 0 1 0 0 1 0 0 1 
0 0 0 0 1 0 0 0 0 0 
0 0 0 0 0 0 0 1 0 0 
0 0 0 0 0 0 1 0 1 0 
0 0 0 1 0 1 0 0 0 1 
0 1 0 0 0 0 1 0 0 0 
0 1 0 1 1 0 1 0 0 1 
0 1 1 0 0 1 1 0 0 1 
0 0 0 1 0 0 0 0 0 0 
1 0 1 1 0 0 0 0 0 0 
0 0 0 0 1 0 1 0 0 0 
1 1 0 0 0 0 1 0 1 1 
0 0 0 0 0 1 0 0 0 0 
1 1 0 0 0 0 0 0 1 0 
0 1 0 0 1 0 0 0 1 0 
0 0 0 0 0 1 0 0 1 0 
0 0 0 0 0 0 0 1 0 1 
1 0 1 0 0 1 0 0 0 1 
0 0 0 0 0 0 0 1 0 0 
0 0 0 0 0 1 0 0 0 1 
numSequences: 3628800
minStacks: 17
Best sequence:
9 7 5 2 3 0 4 1 6 8 
0 0 1 0 0 0 0 1 0 1 
1 0 0 0 1 0 0 0 0 1 
0 1 1 1 1 0 1 0 0 0 
0 0 0 0 1 0 0 1 0 0 
0 0 1 0 0 0 0 0 0 0 
0 0 0 0 1 1 0 0 1 0 
1 0 1 0 0 0 1 0 0 0 
0 0 0 0 0 0 0 0 0 1 
0 1 1 0 1 0 0 1 0 1 
0 1 0 0 1 0 0 1 0 0 
1 0 0 0 1 0 0 1 1 0 
0 0 0 0 0 0 1 0 0 0 
0 1 0 0 0 0 0 0 0 0 
0 0 0 0 0 0 0 0 1 1 
1 0 1 0 1 0 0 0 0 0 
0 0 0 0 0 0 0 1 1 0 
1 0 0 0 1 0 1 1 1 0 
1 0 1 1 0 0 0 1 1 0 
0 0 0 0 1 0 0 0 0 0 
0 0 0 1 1 1 0 0 0 0 
0 0 0 0 0 0 1 0 1 0 
1 0 0 0 0 1 0 1 1 1 
0 0 1 0 0 0 0 0 0 0 
0 0 0 0 0 1 0 1 0 1 
0 0 0 0 0 0 1 1 0 1 
0 0 1 0 0 0 0 0 0 1 
1 1 0 0 0 0 0 0 0 0 
1 0 1 1 0 1 0 0 0 0 
0 1 0 0 0 0 0 0 0 0 
1 0 1 0 0 0 0 0 0 0 
Open stacks: 17
Took 10.78 seconds

buffer: HS problem 1153 size 30 10 density  0.25
numCustomers: 30
numProducts: 10
0 0 0 0 0 0 0 0 0 1 
0 0 0 0 0 0 0 0 1 0 
0 0 0 0 0 0 1 0 0 0 
0 1 0 0 0 0 0 1 0 1 
1 0 0 1 0 0 0 1 0 0 
0 0 0 0 1 0 1 0 0 1 
0 0 0 1 0 0 1 0 0 0 
0 1 0 0 0 0 0 0 1 0 
0 0 1 0 0 0 0 0 0 0 
1 0 1 1 0 0 0 0 0 0 
0 0 1 1 0 0 1 1 0 0 
0 0 0 0 0 0 1 1 1 0 
1 0 0 0 0 1 0 0 0 0 
0 0 0 0 0 0 1 1 0 1 
1 1 1 0 0 1 0 0 0 0 
0 0 0 1 0 0 0 1 0 0 
0 0 1 0 1 0 1 0 1 1 
0 0 0 0 0 0 0 1 1 0 
0 0 0 1 0 0 1 0 0 0 
0 0 0 0 1 1 0 0 1 0 
1 0 0 0 0 0 0 0 1 0 
0 0 1 0 0 0 0 0 1 0 
1 1 0 0 0 0 0 0 0 0 
1 0 1 0 0 0 1 1 0 0 
1 1 0 0 1 0 0 0 1 1 
0 0 0 1 0 1 0 1 1 0 
1 0 1 1 0 0 0 0 0 0 
0 0 0 0 1 1 0 0 0 0 
0 0 0 0 1 0 0 0 1 1 
0 1 1 0 0 0 0 0 0 0 
numSequences: 3628800
minStacks: 17
Best sequence:
9 7 6 3 2 1 0 4 5 8 
1 0 0 0 0 0 0 0 0 0 
0 0 0 0 0 0 0 0 0 1 
0 0 1 0 0 0 0 0 0 0 
1 1 0 0 0 1 0 0 0 0 
0 1 0 1 0 0 1 0 0 0 
1 0 1 0 0 0 0 1 0 0 
0 0 1 1 0 0 0 0 0 0 
0 0 0 0 0 1 0 0 0 1 
0 0 0 0 1 0 0 0 0 0 
0 0 0 1 1 0 1 0 0 0 
0 1 1 1 1 0 0 0 0 0 
0 1 1 0 0 0 0 0 0 1 
0 0 0 0 0 0 1 0 1 0 
1 1 1 0 0 0 0 0 0 0 
0 0 0 0 1 1 1 0 1 0 
0 1 0 1 0 0 0 0 0 0 
1 0 1 0 1 0 0 1 0 1 
0 1 0 0 0 0 0 0 0 1 
0 0 1 1 0 0 0 0 0 0 
0 0 0 0 0 0 0 1 1 1 
0 0 0 0 0 0 1 0 0 1 
0 0 0 0 1 0 0 0 0 1 
0 0 0 0 0 1 1 0 0 0 
0 1 1 0 1 0 1 0 0 0 
1 0 0 0 0 1 1 1 0 1 
0 1 0 1 0 0 0 0 1 1 
0 0 0 1 1 0 1 0 0 0 
0 0 0 0 0 0 0 1 1 0 
1 0 0 0 0 0 0 1 0 1 
0 0 0 0 1 1 0 0 0 0 
Open stacks: 17
Took 10.75 seconds

buffer: HS problem 1154 size 30 10 density  0.25
numCustomers: 30
numProducts: 10
0 0 0 1 0 1 0 0 0 1 
0 0 0 1 0 0 0 0 1 0 
1 0 1 1 0 0 0 0 0 1 
0 0 0 1 0 0 1 0 0 0 
0 0 1 0 1 1 0 0 0 0 
0 0 0 0 0 1 0 0 1 0 
0 0 0 1 0 0 0 0 0 0 
0 0 1 0 1 0 1 0 0 0 
0 1 0 0 0 1 0 0 0 1 
1 0 0 0 0 1 1 1 0 1 
0 1 0 0 1 0 1 0 0 0 
1 1 0 0 0 0 0 0 0 0 
1 0 0 0 0 0 0 0 1 1 
0 0 0 0 0 0 0 0 1 1 
0 1 0 0 0 1 0 1 0 1 
0 1 0 0 0 0 0 0 0 0 
0 0 0 0 0 0 0 1 1 1 
0 0 1 0 1 0 0 0 0 0 
0 1 0 0 1 0 0 1 0 1 
0 0 0 0 0 1 1 1 1 0 
1 0 0 0 0 0 1 0 1 0 
0 1 0 0 0 0 0 1 0 0 
0 0 0 1 0 0 1 0 0 0 
0 0 0 0 0 0 0 0 0 1 
0 0 0 0 0 0 0 0 1 0 
0 0 1 0 0 0 0 0 0 0 
0 0 0 0 0 0 1 1 1 0 
0 0 0 0 0 1 0 0 0 1 
1 0 1 0 0 0 0 1 0 0 
1 0 0 1 0 0 0 1 0 0 
numSequences: 3628800
minStacks: 17
Best sequence:
9 5 1 7 0 4 2 3 6 8 
1 1 0 0 0 0 0 1 0 0 
0 0 0 0 0 0 0 1 0 1 
1 0 0 0 1 0 1 1 0 0 
0 0 0 0 0 0 0 1 1 0 
0 1 0 0 0 1 1 0 0 0 
0 1 0 0 0 0 0 0 0 1 
0 0 0 0 0 0 0 1 0 0 
0 0 0 0 0 1 1 0 1 0 
1 1 1 0 0 0 0 0 0 0 
1 1 0 1 1 0 0 0 1 0 
0 0 1 0 0 1 0 0 1 0 
0 0 1 0 1 0 0 0 0 0 
1 0 0 0 1 0 0 0 0 1 
1 0 0 0 0 0 0 0 0 1 
1 1 1 1 0 0 0 0 0 0 
0 0 1 0 0 0 0 0 0 0 
1 0 0 1 0 0 0 0 0 1 
0 0 0 0 0 1 1 0 0 0 
1 0 1 1 0 1 0 0 0 0 
0 1 0 1 0 0 0 0 1 1 
0 0 0 0 1 0 0 0 1 1 
0 0 1 1 0 0 0 0 0 0 
0 0 0 0 0 0 0 1 1 0 
1 0 0 0 0 0 0 0 0 0 
0 0 0 0 0 0 0 0 0 1 
0 0 0 0 0 0 1 0 0 0 
0 0 0 1 0 0 0 0 1 1 
1 1 0 0 0 0 0 0 0 0 
0 0 0 1 1 0 1 0 0 0 
0 0 0 1 1 0 0 1 0 0 
Open stacks: 17
Took 10.74 seconds

buffer: HS problem 1155 size 30 10 density  0.25
numCustomers: 30
numProducts: 10
0 1 1 1 0 1 0 0 0 0 
0 0 1 0 0 1 1 0 0 0 
0 0 1 0 0 1 0 0 1 1 
0 0 0 1 0 0 0 0 0 1 
0 0 0 0 0 0 0 0 1 0 
0 0 1 0 0 0 1 1 1 1 
0 0 1 0 0 0 0 1 0 1 
0 0 0 0 1 0 0 0 0 0 
0 0 0 1 0 0 1 0 0 0 
1 0 0 0 0 0 0 0 0 0 
0 0 0 0 0 1 0 0 1 0 
0 1 0 0 0 0 0 0 0 0 
0 0 0 0 0 1 0 0 1 0 
0 1 0 0 1 1 0 0 0 1 
0 0 0 0 0 0 1 0 0 0 
0 0 1 0 0 0 0 0 1 0 
1 0 0 0 1 0 0 1 0 0 
0 1 0 1 0 1 0 0 0 0 
0 0 0 0 0 0 0 1 0 1 
0 1 1 0 0 0 0 0 0 1 
0 0 0 0 0 0 0 0 0 1 
0 0 0 1 0 1 1 1 0 1 
0 0 0 0 0 0 0 0 1 1 
0 1 0 0 0 1 1 0 0 1 
0 0 0 0 0 0 1 0 0 0 
1 0 0 0 0 1 0 1 0 0 
1 0 0 0 0 0 0 0 1 0 
0 1 0 0 1 0 0 1 0 0 
1 1 0 0 0 0 0 0 0 0 
0 1 0 0 0 0 0 0 0 0 
numSequences: 3628800
minStacks: 15
Best sequence:
7 4 0 1 9 2 3 6 5 8 
0 0 0 1 0 1 1 0 1 0 
0 0 0 0 0 1 0 1 1 0 
0 0 0 0 1 1 0 0 1 1 
0 0 0 0 1 0 1 0 0 0 
0 0 0 0 0 0 0 0 0 1 
1 0 0 0 1 1 0 1 0 1 
1 0 0 0 1 1 0 0 0 0 
0 1 0 0 0 0 0 0 0 0 
0 0 0 0 0 0 1 1 0 0 
0 0 1 0 0 0 0 0 0 0 
0 0 0 0 0 0 0 0 1 1 
0 0 0 1 0 0 0 0 0 0 
0 0 0 0 0 0 0 0 1 1 
0 1 0 1 1 0 0 0 1 0 
0 0 0 0 0 0 0 1 0 0 
0 0 0 0 0 1 0 0 0 1 
1 1 1 0 0 0 0 0 0 0 
0 0 0 1 0 0 1 0 1 0 
1 0 0 0 1 0 0 0 0 0 
0 0 0 1 1 1 0 0 0 0 
0 0 0 0 1 0 0 0 0 0 
1 0 0 0 1 0 1 1 1 0 
0 0 0 0 1 0 0 0 0 1 
0 0 0 1 1 0 0 1 1 0 
0 0 0 0 0 0 0 1 0 0 
1 0 1 0 0 0 0 0 1 0 
0 0 1 0 0 0 0 0 0 1 
1 1 0 1 0 0 0 0 0 0 
0 0 1 1 0 0 0 0 0 0 
0 0 0 1 0 0 0 0 0 0 
Open stacks: 15
Took 10.75 seconds

buffer: HS problem 1156 size 30 10 density  0.25
numCustomers: 30
numProducts: 10
0 0 1 0 0 1 1 0 0 0 
0 0 0 0 0 0 1 0 1 0 
0 0 0 1 0 0 0 1 0 0 
0 1 0 1 1 0 1 0 0 0 
0 0 0 1 0 0 1 0 1 1 
0 0 0 0 1 0 0 0 0 0 
0 1 0 0 0 0 0 0 0 0 
0 1 0 0 0 0 0 0 0 0 
0 0 1 0 0 0 1 0 0 0 
0 0 0 1 0 0 0 0 0 0 
1 0 0 1 1 0 1 0 0 0 
0 0 0 0 1 0 1 1 0 0 
0 0 0 0 0 1 0 1 0 0 
0 0 0 0 0 0 0 0 1 0 
0 0 1 1 0 1 0 0 1 0 
0 0 1 0 0 1 0 0 1 1 
1 0 1 1 0 0 0 1 0 0 
1 0 0 0 1 0 0 0 0 0 
0 1 1 1 0 0 0 1 0 1 
0 0 0 0 0 1 0 0 1 0 
0 1 1 1 0 1 0 0 0 1 
1 0 0 0 0 1 0 0 0 0 
0 0 0 0 0 0 0 0 1 1 
0 0 0 0 1 1 0 1 0 0 
0 0 1 1 0 0 0 0 1 1 
0 0 0 0 0 0 1 0 1 0 
0 0 0 0 0 0 1 0 1 0 
0 0 0 0 0 0 0 0 0 1 
1 1 1 0 0 0 1 0 0 0 
0 1 0 0 0 0 0 0 0 1 
numSequences: 3628800
