Solving by Brute Force...
buffer: HS problem 551 size 20 10 density  0.20
numCustomers: 20
numProducts: 10
0 0 0 0 0 0 0 0 0 1 
0 0 0 0 0 0 0 0 1 0 
1 0 0 0 1 0 1 0 1 0 
1 0 0 1 1 0 1 1 1 0 
1 0 0 0 0 0 0 0 0 0 
0 0 1 0 1 0 0 0 0 0 
1 0 1 1 0 0 0 0 0 0 
0 0 1 0 0 1 0 0 0 0 
0 0 0 0 0 1 1 0 0 1 
0 0 0 0 1 0 0 0 1 1 
0 0 0 0 0 0 0 1 0 0 
0 0 1 0 0 0 0 1 0 0 
0 0 0 0 0 1 0 0 0 0 
0 0 0 0 0 0 0 1 0 0 
1 0 0 0 0 0 0 0 0 1 
1 0 0 0 0 0 1 0 0 0 
0 0 0 0 1 0 0 0 0 0 
0 0 0 0 1 0 0 0 1 0 
1 0 0 1 0 1 1 0 0 0 
0 1 1 0 0 1 0 0 0 0 
Best Sequence: 
9 6 0 5 3 2 1 4 7 8 
1 0 0 0 0 0 0 0 0 0 
0 0 0 0 0 0 0 0 0 1 
0 1 1 0 0 0 0 1 0 1 
0 1 1 0 1 0 0 1 1 1 
0 0 1 0 0 0 0 0 0 0 
0 0 0 0 0 1 0 1 0 0 
0 0 1 0 1 1 0 0 0 0 
0 0 0 1 0 1 0 0 0 0 
1 1 0 1 0 0 0 0 0 0 
1 0 0 0 0 0 0 1 0 1 
0 0 0 0 0 0 0 0 1 0 
0 0 0 0 0 1 0 0 1 0 
0 0 0 1 0 0 0 0 0 0 
0 0 0 0 0 0 0 0 1 0 
1 0 1 0 0 0 0 0 0 0 
0 1 1 0 0 0 0 0 0 0 
0 0 0 0 0 0 0 1 0 0 
0 0 0 0 0 0 0 1 0 1 
0 1 1 1 1 0 0 0 0 0 
0 0 0 1 0 1 1 0 0 0 
OpenStacks: 9
Took 39.46 seconds

buffer: HS problem 552 size 20 10 density  0.20
numCustomers: 20
numProducts: 10
0 0 0 0 0 0 0 1 0 0 
0 0 0 0 0 0 0 0 0 1 
0 0 0 0 0 0 0 1 0 0 
0 0 0 0 1 0 0 0 0 1 
0 1 1 0 0 0 0 0 0 0 
0 1 0 1 0 0 0 0 0 0 
0 1 0 0 0 0 0 0 0 0 
0 0 1 0 0 0 0 1 0 0 
1 0 0 0 0 1 1 0 0 0 
1 0 0 0 1 1 0 1 0 0 
1 0 0 1 1 0 0 0 0 0 
1 1 0 0 1 0 1 0 1 0 
0 0 0 0 1 0 1 0 1 1 
1 0 0 0 0 1 0 0 1 1 
0 0 1 0 0 0 0 0 0 0 
0 0 0 0 0 1 0 0 0 1 
1 0 0 0 0 1 0 0 0 0 
0 0 1 0 0 0 0 1 0 0 
0 0 0 0 1 0 0 1 0 0 
1 1 0 0 0 0 0 0 0 1 
Best Sequence: 
9 6 5 0 3 4 1 2 7 8 
0 0 0 0 0 0 0 0 1 0 
1 0 0 0 0 0 0 0 0 0 
0 0 0 0 0 0 0 0 1 0 
1 0 0 0 0 1 0 0 0 0 
0 0 0 0 0 0 1 1 0 0 
0 0 0 0 1 0 1 0 0 0 
0 0 0 0 0 0 1 0 0 0 
0 0 0 0 0 0 0 1 1 0 
0 1 1 1 0 0 0 0 0 0 
0 0 1 1 0 1 0 0 1 0 
0 0 0 1 1 1 0 0 0 0 
0 1 0 1 0 1 1 0 0 1 
1 1 0 0 0 1 0 0 0 1 
1 0 1 1 0 0 0 0 0 1 
0 0 0 0 0 0 0 1 0 0 
1 0 1 0 0 0 0 0 0 0 
0 0 1 1 0 0 0 0 0 0 
0 0 0 0 0 0 0 1 1 0 
0 0 0 0 0 1 0 0 1 0 
1 0 0 1 0 0 1 0 0 0 
OpenStacks: 9
Took 39.34 seconds

buffer: HS problem 553 size 20 10 density  0.20
numCustomers: 20
numProducts: 10
0 0 0 0 0 0 1 0 0 0 
0 0 1 0 1 0 0 0 0 0 
0 0 0 0 1 0 0 0 1 1 
0 1 0 0 0 0 0 0 1 0 
0 1 0 1 0 0 0 0 1 0 
1 1 0 0 0 0 1 0 0 0 
0 0 0 0 0 0 0 1 0 0 
0 0 0 0 1 0 0 1 0 0 
0 1 0 0 0 0 0 1 0 1 
0 0 0 0 0 1 0 1 0 0 
0 0 0 1 1 0 0 1 0 0 
0 0 0 1 0 0 1 0 0 0 
0 0 0 0 0 0 0 1 0 0 
0 1 0 0 1 0 0 1 0 1 
0 0 0 0 0 0 0 1 0 0 
0 1 0 0 0 0 0 0 0 0 
0 1 1 1 0 0 0 0 0 0 
0 0 0 1 0 0 0 0 0 1 
0 0 0 0 0 0 1 0 0 0 
0 1 0 0 0 0 0 0 0 0 
Best Sequence: 
7 9 4 2 3 0 5 6 1 8 
0 0 0 0 0 0 0 1 0 0 
0 0 1 1 0 0 0 0 0 0 
0 1 1 0 0 0 0 0 0 1 
0 0 0 0 0 0 0 0 1 1 
0 0 0 0 1 0 0 0 1 1 
0 0 0 0 0 1 0 1 1 0 
1 0 0 0 0 0 0 0 0 0 
1 0 1 0 0 0 0 0 0 0 
1 1 0 0 0 0 0 0 1 0 
1 0 0 0 0 0 1 0 0 0 
1 0 1 0 1 0 0 0 0 0 
0 0 0 0 1 0 0 1 0 0 
1 0 0 0 0 0 0 0 0 0 
1 1 1 0 0 0 0 0 1 0 
1 0 0 0 0 0 0 0 0 0 
0 0 0 0 0 0 0 0 1 0 
0 0 0 1 1 0 0 0 1 0 
0 1 0 0 1 0 0 0 0 0 
0 0 0 0 0 0 0 1 0 0 
0 0 0 0 0 0 0 0 1 0 
OpenStacks: 9
Took 39.42 seconds

buffer: HS problem 554 size 20 10 density  0.20
numCustomers: 20
numProducts: 10
0 0 0 0 1 0 0 0 1 0 
1 0 0 0 0 0 0 0 0 0 
0 1 0 0 0 1 0 0 0 0 
0 0 0 0 1 0 0 0 0 1 
0 0 0 0 0 0 0 0 1 1 
1 0 0 0 1 0 1 0 1 1 
0 1 0 0 0 0 0 0 0 1 
0 0 1 0 0 0 0 0 0 0 
0 0 0 0 0 1 0 0 1 1 
0 1 0 0 0 0 0 0 1 0 
0 1 0 0 0 0 0 0 0 1 
0 0 1 1 0 0 0 0 0 0 
0 0 1 1 0 1 0 0 0 0 
0 1 0 0 1 0 1 1 0 1 
1 0 0 0 1 0 1 0 0 0 
0 0 0 0 0 1 0 0 0 0 
0 0 0 0 0 0 0 0 1 0 
1 0 0 0 0 0 0 1 0 0 
1 0 0 0 0 0 0 0 0 1 
0 0 0 0 0 0 1 0 0 0 
Best Sequence: 
7 0 9 6 4 1 2 5 3 8 
0 0 0 0 1 0 0 0 0 1 
0 1 0 0 0 0 0 0 0 0 
0 0 0 0 0 1 0 1 0 0 
0 0 1 0 1 0 0 0 0 0 
0 0 1 0 0 0 0 0 0 1 
0 1 1 1 1 0 0 0 0 1 
0 0 1 0 0 1 0 0 0 0 
0 0 0 0 0 0 1 0 0 0 
0 0 1 0 0 0 0 1 0 1 
0 0 0 0 0 1 0 0 0 1 
0 0 1 0 0 1 0 0 0 0 
0 0 0 0 0 0 1 0 1 0 
0 0 0 0 0 0 1 1 1 0 
1 0 1 1 1 1 0 0 0 0 
0 1 0 1 1 0 0 0 0 0 
0 0 0 0 0 0 0 1 0 0 
0 0 0 0 0 0 0 0 0 1 
1 1 0 0 0 0 0 0 0 0 
0 1 1 0 0 0 0 0 0 0 
0 0 0 1 0 0 0 0 0 0 
OpenStacks: 9
Took 39.39 seconds

buffer: HS problem 555 size 20 10 density  0.20
numCustomers: 20
numProducts: 10
0 0 0 0 0 1 1 0 0 0 
0 0 1 1 0 0 0 0 0 1 
0 0 0 0 0 1 0 0 0 0 
0 0 0 0 1 0 0 0 0 1 
0 0 0 0 0 1 0 1 0 0 
0 0 0 0 0 0 0 1 0 1 
0 0 0 0 0 1 0 0 0 0 
1 0 0 1 0 0 0 0 1 0 
1 0 1 0 0 0 0 1 0 0 
1 0 0 1 0 0 0 0 0 0 
0 0 1 1 0 0 1 1 0 1 
0 0 0 0 0 0 0 1 1 0 
0 0 0 1 0 0 0 0 0 0 
1 0 0 1 0 0 0 0 0 0 
0 0 0 1 0 0 0 0 1 0 
1 0 0 0 0 0 0 0 0 0 
0 0 0 0 0 0 1 0 0 1 
1 0 0 0 0 0 0 0 0 0 
1 1 0 0 0 0 1 0 0 0 
0 0 1 0 0 1 0 0 0 1 
Best Sequence: 
9 4 5 7 8 1 2 6 3 0 
0 0 1 0 0 0 0 1 0 0 
1 0 0 0 0 0 1 0 1 0 
0 0 1 0 0 0 0 0 0 0 
1 1 0 0 0 0 0 0 0 0 
0 0 1 1 0 0 0 0 0 0 
1 0 0 1 0 0 0 0 0 0 
0 0 1 0 0 0 0 0 0 0 
0 0 0 0 1 0 0 0 1 1 
0 0 0 1 0 0 1 0 0 1 
0 0 0 0 0 0 0 0 1 1 
1 0 0 1 0 0 1 1 1 0 
0 0 0 1 1 0 0 0 0 0 
0 0 0 0 0 0 0 0 1 0 
0 0 0 0 0 0 0 0 1 1 
0 0 0 0 1 0 0 0 1 0 
0 0 0 0 0 0 0 0 0 1 
1 0 0 0 0 0 0 1 0 0 
0 0 0 0 0 0 0 0 0 1 
0 0 0 0 0 1 0 1 0 1 
1 0 1 0 0 0 1 0 0 0 
OpenStacks: 9
Took 39.24 seconds

buffer: HS problem 556 size 20 10 density  0.20
numCustomers: 20
numProducts: 10
0 0 0 1 0 0 0 0 0 0 
0 0 0 0 1 0 1 0 0 0 
1 0 0 0 1 0 0 0 0 0 
1 0 0 0 1 0 1 0 0 0 
0 1 1 0 0 1 0 0 0 0 
0 0 1 0 1 0 0 0 0 1 
0 0 0 0 0 1 0 1 0 0 
0 0 0 0 0 1 0 0 0 0 
0 0 0 0 0 0 0 0 1 1 
0 0 0 0 0 1 0 1 0 0 
0 0 0 1 0 0 0 0 0 0 
0 0 0 1 0 1 0 0 0 1 
0 1 1 0 0 0 0 1 1 0 
0 0 0 0 0 0 1 0 0 0 
1 0 1 1 0 0 0 0 0 0 
0 0 0 0 0 0 1 0 1 0 
0 0 0 1 0 1 0 0 0 0 
1 0 0 0 0 1 0 1 0 0 
0 1 0 0 1 0 0 0 0 0 
1 0 0 0 0 0 0 1 0 0 
Best Sequence: 
9 8 6 4 2 1 0 7 5 3 
0 0 0 0 0 0 0 0 0 1 
0 0 1 1 0 0 0 0 0 0 
0 0 0 1 0 0 1 0 0 0 
0 0 1 1 0 0 1 0 0 0 
0 0 0 0 1 1 0 0 1 0 
1 0 0 1 1 0 0 0 0 0 
0 0 0 0 0 0 0 1 1 0 
0 0 0 0 0 0 0 0 1 0 
1 1 0 0 0 0 0 0 0 0 
0 0 0 0 0 0 0 1 1 0 
0 0 0 0 0 0 0 0 0 1 
1 0 0 0 0 0 0 0 1 1 
0 1 0 0 1 1 0 1 0 0 
0 0 1 0 0 0 0 0 0 0 
0 0 0 0 1 0 1 0 0 1 
0 1 1 0 0 0 0 0 0 0 
0 0 0 0 0 0 0 0 1 1 
0 0 0 0 0 0 1 1 1 0 
0 0 0 1 0 1 0 0 0 0 
0 0 0 0 0 0 1 1 0 0 
OpenStacks: 8
Took 39.26 seconds

buffer: HS problem 557 size 20 10 density  0.20
numCustomers: 20
numProducts: 10
0 1 0 0 1 0 0 0 0 0 
1 1 1 1 0 0 0 0 1 1 
0 1 0 0 1 0 0 0 0 0 
0 1 0 0 0 0 0 0 0 0 
0 0 1 0 0 0 1 0 1 0 
0 0 0 1 1 1 0 0 0 1 
0 0 0 1 0 1 1 1 0 1 
1 0 0 0 1 0 0 1 0 0 
0 1 0 0 0 0 1 0 0 1 
0 0 0 0 1 1 1 0 1 0 
1 0 0 0 0 0 0 0 0 1 
0 0 0 1 0 0 0 0 0 0 
0 0 0 0 1 0 0 0 1 0 
0 1 1 0 0 0 0 1 1 0 
0 0 1 0 0 0 0 0 1 0 
1 0 0 0 1 0 0 0 0 1 
0 0 0 0 0 0 0 0 1 0 
1 0 0 0 1 0 0 0 0 0 
1 1 0 0 0 0 0 0 0 0 
1 0 0 0 0 1 0 0 0 0 
Best Sequence: 
9 5 0 4 1 2 3 6 7 8 
0 0 0 1 1 0 0 0 0 0 
1 0 1 0 1 1 1 0 0 1 
0 0 0 1 1 0 0 0 0 0 
0 0 0 0 1 0 0 0 0 0 
0 0 0 0 0 1 0 1 0 1 
1 1 0 1 0 0 1 0 0 0 
1 1 0 0 0 0 1 1 1 0 
0 0 1 1 0 0 0 0 1 0 
1 0 0 0 1 0 0 1 0 0 
0 1 0 1 0 0 0 1 0 1 
1 0 1 0 0 0 0 0 0 0 
0 0 0 0 0 0 1 0 0 0 
0 0 0 1 0 0 0 0 0 1 
0 0 0 0 1 1 0 0 1 1 
0 0 0 0 0 1 0 0 0 1 
1 0 1 1 0 0 0 0 0 0 
0 0 0 0 0 0 0 0 0 1 
0 0 1 1 0 0 0 0 0 0 
0 0 1 0 1 0 0 0 0 0 
0 1 1 0 0 0 0 0 0 0 
OpenStacks: 12
Took 39.77 seconds

buffer: HS problem 558 size 20 10 density  0.20
numCustomers: 20
numProducts: 10
0 0 0 1 1 0 0 0 0 0 
0 0 0 1 0 0 1 0 1 0 
0 0 0 0 0 0 0 0 1 0 
0 0 0 0 0 0 0 0 1 0 
0 0 0 0 0 0 1 1 0 1 
0 1 1 0 0 0 1 0 0 0 
0 0 0 1 1 0 1 1 0 0 
0 1 0 0 0 0 0 0 0 0 
0 0 0 1 0 0 0 1 0 1 
0 0 0 0 1 0 0 0 1 0 
1 0 0 1 0 0 0 0 0 0 
0 0 1 0 0 0 1 0 1 0 
0 0 1 1 0 0 0 0 1 0 
1 1 0 0 1 0 0 0 0 0 
0 0 1 0 0 0 0 0 1 0 
0 1 0 0 0 1 1 0 0 1 
0 0 0 0 0 0 1 0 0 0 
1 1 0 0 1 0 0 1 0 1 
0 0 0 0 1 1 0 0 1 0 
0 0 1 0 0 0 0 1 1 0 
Best Sequence: 
9 7 6 3 0 1 2 5 4 8 
0 0 0 1 0 0 0 0 1 0 
0 0 1 1 0 0 0 0 0 1 
0 0 0 0 0 0 0 0 0 1 
0 0 0 0 0 0 0 0 0 1 
1 1 1 0 0 0 0 0 0 0 
0 0 1 0 0 1 1 0 0 0 
0 1 1 1 0 0 0 0 1 0 
0 0 0 0 0 1 0 0 0 0 
1 1 0 1 0 0 0 0 0 0 
0 0 0 0 0 0 0 0 1 1 
0 0 0 1 1 0 0 0 0 0 
0 0 1 0 0 0 1 0 0 1 
0 0 0 1 0 0 1 0 0 1 
0 0 0 0 1 1 0 0 1 0 
0 0 0 0 0 0 1 0 0 1 
1 0 1 0 0 1 0 1 0 0 
0 0 1 0 0 0 0 0 0 0 
1 1 0 0 1 1 0 0 1 0 
0 0 0 0 0 0 0 1 1 1 
0 1 0 0 0 0 1 0 0 1 
OpenStacks: 11
Took 39.38 seconds

buffer: HS problem 559 size 20 10 density  0.20
numCustomers: 20
numProducts: 10
1 0 0 1 0 0 1 1 0 0 
0 0 0 0 0 0 0 1 0 0 
1 0 0 0 0 0 0 0 1 0 
1 0 0 0 0 0 0 0 0 1 
0 0 0 0 0 1 0 1 0 1 
0 0 0 0 1 0 0 0 0 0 
0 1 0 1 0 0 0 0 0 0 
0 0 0 1 0 1 0 0 0 0 
0 0 0 1 0 1 0 0 0 0 
0 0 0 1 0 0 0 0 0 0 
1 0 0 1 0 0 0 0 0 0 
0 0 0 0 1 0 1 0 0 0 
0 0 0 0 1 1 0 0 0 0 
0 0 0 0 0 1 1 0 0 0 
0 0 1 1 0 0 1 0 0 1 
0 0 1 0 0 1 1 0 0 0 
0 0 1 0 1 1 0 0 0 0 
0 0 1 0 0 1 0 0 0 0 
0 0 0 0 0 0 0 1 0 0 
1 0 0 0 0 1 0 1 0 0 
Best Sequence: 
9 8 7 0 3 6 1 2 5 4 
0 0 1 1 1 1 0 0 0 0 
0 0 1 0 0 0 0 0 0 0 
0 1 0 1 0 0 0 0 0 0 
1 0 0 1 0 0 0 0 0 0 
1 0 1 0 0 0 0 0 1 0 
0 0 0 0 0 0 0 0 0 1 
0 0 0 0 1 0 1 0 0 0 
0 0 0 0 1 0 0 0 1 0 
0 0 0 0 1 0 0 0 1 0 
0 0 0 0 1 0 0 0 0 0 
0 0 0 1 1 0 0 0 0 0 
0 0 0 0 0 1 0 0 0 1 
0 0 0 0 0 0 0 0 1 1 
0 0 0 0 0 1 0 0 1 0 
1 0 0 0 1 1 0 1 0 0 
0 0 0 0 0 1 0 1 1 0 
0 0 0 0 0 0 0 1 1 1 
0 0 0 0 0 0 0 1 1 0 
0 0 1 0 0 0 0 0 0 0 
0 0 1 1 0 0 0 0 1 0 
OpenStacks: 10
Took 39.6 seconds

buffer: HS problem 560 size 20 10 density  0.20
numCustomers: 20
numProducts: 10
1 0 0 0 0 0 0 0 0 1 
0 0 1 1 0 1 1 0 0 1 
1 1 0 0 0 0 1 0 0 1 
0 0 0 0 1 0 0 0 0 0 
0 0 1 0 1 0 0 1 0 0 
0 1 0 0 0 0 0 0 0 0 
0 0 1 0 0 0 0 0 1 0 
0 0 0 0 0 0 1 0 1 0 
0 0 1 0 0 1 0 1 0 1 
1 0 0 1 0 0 1 0 1 1 
0 0 1 0 0 0 0 0 0 0 
0 1 0 0 0 1 1 0 0 0 
0 0 0 0 1 1 0 0 0 0 
0 0 0 0 0 0 0 1 0 0 
0 1 0 0 0 0 0 0 1 0 
0 1 0 0 0 0 0 0 0 0 
0 0 0 0 0 1 0 0 0 1 
0 0 0 1 0 0 0 0 0 0 
0 0 1 0 0 0 0 0 0 0 
0 1 0 0 1 0 0 0 0 1 
Best Sequence: 
1 9 0 6 5 3 4 2 7 8 
0 1 1 0 0 0 0 0 0 0 
0 1 0 1 1 1 0 1 0 0 
1 1 1 1 0 0 0 0 0 0 
0 0 0 0 0 0 1 0 0 0 
0 0 0 0 0 0 1 1 1 0 
1 0 0 0 0 0 0 0 0 0 
0 0 0 0 0 0 0 1 0 1 
0 0 0 1 0 0 0 0 0 1 
0 1 0 0 1 0 0 1 1 0 
0 1 1 1 0 1 0 0 0 1 
0 0 0 0 0 0 0 1 0 0 
1 0 0 1 1 0 0 0 0 0 
0 0 0 0 1 0 1 0 0 0 
0 0 0 0 0 0 0 0 1 0 
1 0 0 0 0 0 0 0 0 1 
1 0 0 0 0 0 0 0 0 0 
0 1 0 0 1 0 0 0 0 0 
0 0 0 0 0 1 0 0 0 0 
0 0 0 0 0 0 0 1 0 0 
1 1 0 0 0 0 1 0 0 0 
OpenStacks: 9
Took 39.67 seconds

buffer: HS problem 561 size 20 10 density  0.20
numCustomers: 20
numProducts: 10
0 0 0 1 0 0 0 0 0 1 
0 0 1 0 1 0 1 0 0 0 
0 1 0 0 0 0 1 0 1 0 
1 0 0 0 0 1 0 0 0 0 
0 0 0 0 0 0 0 0 0 1 
0 0 1 0 1 1 0 0 0 0 
0 1 0 0 0 0 0 0 0 1 
0 0 0 1 1 1 0 0 0 0 
0 0 0 0 0 0 0 1 0 0 
0 1 0 0 0 0 0 0 0 0 
0 0 0 0 0 1 1 0 0 0 
0 0 0 0 0 0 1 0 0 1 
0 0 0 1 1 0 0 0 0 1 
0 0 0 0 1 1 0 1 0 0 
0 0 1 0 1 1 0 0 0 0 
0 0 0 0 0 0 1 0 1 0 
0 0 0 0 1 1 0 0 1 0 
1 0 0 1 0 1 0 0 0 0 
0 0 0 0 0 0 0 0 0 1 
0 0 1 0 0 0 0 0 0 0 
Best Sequence: 
9 8 6 1 3 4 0 5 2 7 
1 0 0 0 1 0 0 0 0 0 
0 0 1 0 0 1 0 0 1 0 
0 1 1 1 0 0 0 0 0 0 
0 0 0 0 0 0 1 1 0 0 
1 0 0 0 0 0 0 0 0 0 
0 0 0 0 0 1 0 1 1 0 
1 0 0 1 0 0 0 0 0 0 
0 0 0 0 1 1 0 1 0 0 
0 0 0 0 0 0 0 0 0 1 
0 0 0 1 0 0 0 0 0 0 
0 0 1 0 0 0 0 1 0 0 
1 0 1 0 0 0 0 0 0 0 
1 0 0 0 1 1 0 0 0 0 
0 0 0 0 0 1 0 1 0 1 
0 0 0 0 0 1 0 1 1 0 
0 1 1 0 0 0 0 0 0 0 
0 1 0 0 0 1 0 1 0 0 
0 0 0 0 1 0 1 1 0 0 
1 0 0 0 0 0 0 0 0 0 
0 0 0 0 0 0 0 0 1 0 
OpenStacks: 9
Took 39.72 seconds

buffer: HS problem 562 size 20 10 density  0.20
numCustomers: 20
numProducts: 10
0 1 0 0 0 0 0 0 0 0 
1 0 0 0 1 0 0 0 0 0 
0 0 1 0 0 1 0 0 1 0 
1 0 1 0 0 0 0 0 0 0 
0 0 0 0 0 0 1 0 1 0 
0 0 0 0 1 1 0 0 0 1 
0 0 0 0 0 0 1 0 0 1 
0 1 0 0 0 0 0 0 1 0 
0 0 0 0 0 0 0 0 0 1 
0 0 0 0 1 1 1 0 0 1 
1 0 1 1 0 0 1 0 0 0 
0 0 0 1 0 0 0 0 0 0 
0 1 0 1 0 1 0 1 0 0 
0 1 0 1 0 1 0 0 0 0 
0 0 0 0 0 0 1 0 0 0 
0 1 1 0 0 0 0 0 1 0 
0 0 0 1 0 0 0 0 0 0 
0 0 0 1 1 0 0 0 0 0 
0 1 0 1 1 0 0 0 0 0 
0 0 0 0 1 0 1 0 0 0 
Best Sequence: 
9 6 4 5 0 2 3 1 7 8 
0 0 0 0 0 0 0 1 0 0 
0 0 1 0 1 0 0 0 0 0 
0 0 0 1 0 1 0 0 0 1 
0 0 0 0 1 1 0 0 0 0 
0 1 0 0 0 0 0 0 0 1 
1 0 1 1 0 0 0 0 0 0 
1 1 0 0 0 0 0 0 0 0 
0 0 0 0 0 0 0 1 0 1 
1 0 0 0 0 0 0 0 0 0 
1 1 1 1 0 0 0 0 0 0 
0 1 0 0 1 1 1 0 0 0 
0 0 0 0 0 0 1 0 0 0 
0 0 0 1 0 0 1 1 1 0 
0 0 0 1 0 0 1 1 0 0 
0 1 0 0 0 0 0 0 0 0 
0 0 0 0 0 1 0 1 0 1 
0 0 0 0 0 0 1 0 0 0 
0 0 1 0 0 0 1 0 0 0 
0 0 1 0 0 0 1 1 0 0 
0 1 1 0 0 0 0 0 0 0 
OpenStacks: 10
Took 39.49 seconds

buffer: HS problem 563 size 20 10 density  0.20
numCustomers: 20
numProducts: 10
0 1 0 0 1 0 0 1 0 0 
0 0 1 0 1 1 0 0 0 0 
0 0 0 0 0 0 0 1 1 0 
0 0 0 0 0 1 0 0 0 0 
1 0 1 1 0 0 0 0 0 0 
0 1 0 0 0 0 0 0 0 0 
1 1 1 0 1 0 0 0 0 1 
1 0 0 0 1 0 0 0 0 0 
0 0 0 1 0 0 0 0 0 0 
0 0 0 0 0 0 0 0 0 1 
0 0 0 0 0 0 1 1 1 0 
0 0 1 0 0 0 1 1 0 1 
0 0 0 0 0 0 1 1 1 1 
0 0 0 1 0 0 0 0 0 0 
1 0 1 0 1 0 1 0 0 1 
1 0 0 0 0 0 0 0 0 0 
0 0 0 0 0 0 0 1 0 0 
0 0 0 0 1 0 0 1 0 0 
0 0 0 1 0 0 0 0 0 0 
1 1 1 0 0 0 1 0 0 1 
Best Sequence: 
8 7 6 9 2 4 0 3 5 1 
0 1 0 0 0 1 0 0 0 1 
0 0 0 0 1 1 0 0 1 0 
1 1 0 0 0 0 0 0 0 0 
0 0 0 0 0 0 0 0 1 0 
0 0 0 0 1 0 1 1 0 0 
0 0 0 0 0 0 0 0 0 1 
0 0 0 1 1 1 1 0 0 1 
0 0 0 0 0 1 1 0 0 0 
0 0 0 0 0 0 0 1 0 0 
0 0 0 1 0 0 0 0 0 0 
1 1 1 0 0 0 0 0 0 0 
0 1 1 1 1 0 0 0 0 0 
1 1 1 1 0 0 0 0 0 0 
0 0 0 0 0 0 0 1 0 0 
0 0 1 1 1 1 1 0 0 0 
0 0 0 0 0 0 1 0 0 0 
0 1 0 0 0 0 0 0 0 0 
0 1 0 0 0 1 0 0 0 0 
0 0 0 0 0 0 0 1 0 0 
0 0 1 1 1 0 1 0 0 1 
OpenStacks: 8
Took 39.73 seconds

buffer: HS problem 564 size 20 10 density  0.20
numCustomers: 20
numProducts: 10
1 0 0 1 0 0 0 0 0 0 
1 0 0 0 1 0 0 0 0 0 
1 1 0 0 0 0 1 1 1 0 
0 0 0 1 0 0 0 0 0 0 
0 0 1 1 0 0 1 0 0 0 
1 0 0 0 0 0 1 0 0 0 
0 1 1 1 0 1 0 0 0 0 
0 0 1 0 0 1 0 0 0 1 
0 0 1 1 0 0 0 0 0 0 
1 1 1 0 0 0 0 0 0 0 
0 0 1 0 0 0 0 0 0 0 
0 0 0 0 1 0 1 0 0 0 
0 1 0 0 0 1 0 0 0 0 
1 0 0 0 0 0 0 0 0 0 
0 0 0 0 1 0 0 0 0 0 
0 0 0 1 0 0 0 0 0 1 
0 0 0 1 0 1 0 1 1 0 
1 0 0 0 0 0 0 0 1 0 
0 0 1 0 0 0 0 1 0 0 
0 0 0 1 0 0 0 0 0 1 
Best Sequence: 
9 3 2 5 1 6 4 0 7 8 
0 1 0 0 0 0 0 1 0 0 
0 0 0 0 0 0 1 1 0 0 
0 0 0 0 1 1 0 1 1 1 
0 1 0 0 0 0 0 0 0 0 
0 1 1 0 0 1 0 0 0 0 
0 0 0 0 0 1 0 1 0 0 
0 1 1 1 1 0 0 0 0 0 
1 0 1 1 0 0 0 0 0 0 
0 1 1 0 0 0 0 0 0 0 
0 0 1 0 1 0 0 1 0 0 
0 0 1 0 0 0 0 0 0 0 
0 0 0 0 0 1 1 0 0 0 
0 0 0 1 1 0 0 0 0 0 
0 0 0 0 0 0 0 1 0 0 
0 0 0 0 0 0 1 0 0 0 
1 1 0 0 0 0 0 0 0 0 
0 1 0 1 0 0 0 0 1 1 
0 0 0 0 0 0 0 1 0 1 
0 0 1 0 0 0 0 0 1 0 
1 1 0 0 0 0 0 0 0 0 
OpenStacks: 9
Took 39.97 seconds

buffer: HS problem 565 size 20 10 density  0.20
numCustomers: 20
numProducts: 10
0 0 0 0 0 1 1 0 0 0 
1 0 0 0 0 0 0 0 0 0 
0 0 0 0 1 0 0 1 0 1 
0 0 1 1 0 0 0 0 0 0 
0 0 0 0 0 0 1 0 0 1 
1 0 1 0 0 0 0 0 1 0 
0 1 0 0 1 0 0 0 0 0 
0 0 1 0 0 0 0 0 0 0 
0 0 1 0 0 0 0 0 1 0 
1 0 0 0 0 0 0 0 1 0 
0 0 0 0 0 0 0 0 0 1 
1 1 0 0 0 0 0 0 0 0 
0 0 0 1 0 0 0 0 0 0 
0 0 0 0 0 0 0 0 1 0 
0 0 0 0 0 0 0 1 0 0 
0 0 0 1 1 0 0 0 0 0 
1 1 0 0 0 1 0 1 0 0 
0 0 0 1 0 0 0 0 1 0 
1 0 0 0 0 0 0 0 1 0 
0 0 0 0 0 1 0 0 0 0 
Best Sequence: 
9 7 6 5 0 1 4 3 2 8 
0 0 1 1 0 0 0 0 0 0 
0 0 0 0 1 0 0 0 0 0 
1 1 0 0 0 0 1 0 0 0 
0 0 0 0 0 0 0 1 1 0 
1 0 1 0 0 0 0 0 0 0 
0 0 0 0 1 0 0 0 1 1 
0 0 0 0 0 1 1 0 0 0 
0 0 0 0 0 0 0 0 1 0 
0 0 0 0 0 0 0 0 1 1 
0 0 0 0 1 0 0 0 0 1 
1 0 0 0 0 0 0 0 0 0 
0 0 0 0 1 1 0 0 0 0 
0 0 0 0 0 0 0 1 0 0 
0 0 0 0 0 0 0 0 0 1 
0 1 0 0 0 0 0 0 0 0 
0 0 0 0 0 0 1 1 0 0 
0 1 0 1 1 1 0 0 0 0 
0 0 0 0 0 0 0 1 0 1 
0 0 0 0 1 0 0 0 0 1 
0 0 0 1 0 0 0 0 0 0 
OpenStacks: 7
Took 39.98 seconds

buffer: HS problem 566 size 20 10 density  0.20
numCustomers: 20
numProducts: 10
0 0 0 1 0 1 0 0 1 0 
1 0 0 0 0 1 0 0 0 0 
0 0 1 0 0 0 0 0 0 1 
0 0 1 0 1 1 0 0 0 0 
0 0 0 0 1 0 0 0 0 0 
0 0 0 0 0 0 0 0 0 1 
0 0 0 0 0 1 0 0 0 0 
0 1 0 0 0 0 1 0 1 0 
0 0 0 0 0 0 1 0 1 0 
1 0 1 0 1 1 0 0 1 1 
0 0 0 0 1 1 1 0 1 0 
0 0 0 0 0 1 0 0 0 0 
0 0 0 0 0 0 0 1 0 0 
0 0 0 0 1 0 1 0 0 0 
0 0 1 1 0 1 0 0 0 0 
0 0 0 1 0 0 1 0 0 0 
1 1 0 0 0 0 0 0 0 0 
0 0 0 1 0 0 0 0 1 0 
0 0 0 0 0 1 1 0 0 1 
0 0 1 0 0 0 1 0 0 0 
