Solving by Brute Force...
buffer: HS problem 1 size 10 10 density  0.20
numCustomers: 10
numProducts: 10
0 0 0 0 1 0 0 1 0 0 
0 0 1 0 0 1 0 0 0 1 
1 0 0 1 0 0 0 0 0 1 
1 0 1 0 1 0 1 1 0 0 
0 0 0 0 0 0 0 1 1 0 
0 0 0 0 1 0 1 0 1 0 
0 0 0 0 0 0 1 0 0 0 
0 1 0 0 0 0 0 1 0 0 
0 0 0 1 0 0 1 0 0 0 
0 1 0 0 0 0 0 0 1 0 
numSequences: 3628800
minStacks: 5
Best sequence:
9 5 2 6 0 3 7 4 1 8 
0 0 0 0 0 0 1 1 0 0 
1 1 1 0 0 0 0 0 0 0 
1 0 0 0 1 1 0 0 0 0 
0 0 1 1 1 0 1 1 0 0 
0 0 0 0 0 0 1 0 0 1 
0 0 0 1 0 0 0 1 0 1 
0 0 0 1 0 0 0 0 0 0 
0 0 0 0 0 0 1 0 1 0 
0 0 0 1 0 1 0 0 0 0 
0 0 0 0 0 0 0 0 1 1 
Open stacks: 5
Took 8.76 seconds

buffer: HS problem 2 size 10 10 density  0.20
numCustomers: 10
numProducts: 10
0 0 0 0 0 1 0 0 0 1 
1 1 0 0 0 0 1 0 0 1 
0 1 1 1 1 1 0 0 0 0 
1 0 1 0 0 0 1 0 0 0 
0 0 0 0 0 1 0 0 1 0 
1 0 0 0 0 0 0 0 0 0 
0 0 0 1 1 0 0 1 0 0 
0 0 1 1 0 0 0 0 0 0 
1 1 0 0 0 0 0 0 0 0 
0 0 0 0 0 0 0 0 0 1 
numSequences: 3628800
minStacks: 4
Best sequence:
9 8 5 7 3 4 2 1 0 6 
1 0 1 0 0 0 0 0 0 0 
1 0 0 0 0 0 0 1 1 1 
0 0 1 0 1 1 1 1 0 0 
0 0 0 0 0 0 1 0 1 1 
0 1 1 0 0 0 0 0 0 0 
0 0 0 0 0 0 0 0 1 0 
0 0 0 1 1 1 0 0 0 0 
0 0 0 0 1 0 1 0 0 0 
0 0 0 0 0 0 0 1 1 0 
1 0 0 0 0 0 0 0 0 0 
Open stacks: 4
Took 7.95 seconds

buffer: HS problem 3 size 10 10 density  0.20
numCustomers: 10
numProducts: 10
0 1 0 0 0 0 0 1 0 1 
0 1 0 1 0 0 0 0 0 1 
0 0 0 0 0 0 0 0 0 1 
0 1 0 0 0 0 0 0 1 0 
0 0 1 0 1 1 0 0 0 0 
0 0 1 0 0 0 1 0 0 0 
0 1 1 0 0 0 0 0 0 0 
0 0 0 0 1 1 0 0 0 0 
1 0 0 0 0 0 0 0 0 1 
1 1 0 1 0 0 0 0 1 0 
numSequences: 3628800
minStacks: 5
Best sequence:
9 7 0 1 3 4 5 2 6 8 
1 1 0 1 0 0 0 0 0 0 
1 0 0 1 1 0 0 0 0 0 
1 0 0 0 0 0 0 0 0 0 
0 0 0 1 0 0 0 0 0 1 
0 0 0 0 0 1 1 1 0 0 
0 0 0 0 0 0 0 1 1 0 
0 0 0 1 0 0 0 1 0 0 
0 0 0 0 0 1 1 0 0 0 
1 0 1 0 0 0 0 0 0 0 
0 0 1 1 1 0 0 0 0 1 
Open stacks: 5
Took 7.93 seconds

buffer: HS problem 4 size 10 10 density  0.20
numCustomers: 10
numProducts: 10
0 0 0 1 0 0 1 0 0 0 
0 0 0 0 1 0 1 0 0 0 
0 0 0 0 1 0 0 0 1 0 
0 0 0 1 1 0 0 0 0 0 
0 1 0 0 0 0 0 0 0 0 
0 0 0 0 0 0 0 0 1 0 
0 0 0 0 0 0 0 0 1 0 
1 0 0 0 1 0 0 0 0 0 
0 0 0 0 1 1 0 1 0 1 
0 0 1 1 0 0 0 0 0 1 
numSequences: 3628800
minStacks: 5
Best sequence:
9 6 1 2 3 4 0 5 7 8 
0 1 0 0 1 0 0 0 0 0 
0 1 0 0 0 1 0 0 0 0 
0 0 0 0 0 1 0 0 0 1 
0 0 0 0 1 1 0 0 0 0 
0 0 1 0 0 0 0 0 0 0 
0 0 0 0 0 0 0 0 0 1 
0 0 0 0 0 0 0 0 0 1 
0 0 0 0 0 1 1 0 0 0 
1 0 0 0 0 1 0 1 1 0 
1 0 0 1 1 0 0 0 0 0 
Open stacks: 5
Took 7.92 seconds

buffer: HS problem 5 size 10 10 density  0.20
numCustomers: 10
numProducts: 10
0 0 0 1 0 0 0 0 0 0 
0 0 0 0 0 0 1 0 0 0 
1 0 1 1 0 1 1 0 0 0 
0 1 0 0 1 0 0 0 1 0 
0 0 0 0 1 0 0 0 0 0 
0 1 0 0 0 0 0 0 0 0 
0 1 0 0 0 0 0 0 0 1 
0 0 0 0 0 0 0 1 0 0 
0 0 0 0 0 0 1 0 0 0 
1 0 0 0 0 0 0 0 0 0 
numSequences: 3628800
minStacks: 3
Best sequence:
9 8 1 2 3 4 5 6 0 7 
0 0 0 0 1 0 0 0 0 0 
0 0 0 0 0 0 0 1 0 0 
0 0 0 1 1 0 1 1 1 0 
0 1 1 0 0 1 0 0 0 0 
0 0 0 0 0 1 0 0 0 0 
0 0 1 0 0 0 0 0 0 0 
1 0 1 0 0 0 0 0 0 0 
0 0 0 0 0 0 0 0 0 1 
0 0 0 0 0 0 0 1 0 0 
0 0 0 0 0 0 0 0 1 0 
Open stacks: 3
Took 7.94 seconds

buffer: HS problem 6 size 10 10 density  0.20
numCustomers: 10
numProducts: 10
1 0 0 0 0 1 0 0 0 0 
0 0 0 0 0 0 1 1 0 0 
0 1 1 1 0 0 0 0 0 0 
0 1 0 0 0 0 0 0 0 0 
1 0 1 0 0 1 0 0 0 0 
0 0 0 0 0 0 1 0 1 0 
0 0 0 1 1 0 1 0 0 1 
1 0 1 0 0 1 0 0 0 0 
0 0 0 0 0 0 0 1 0 1 
0 0 0 0 0 1 0 0 1 1 
numSequences: 3628800
minStacks: 4
Best sequence:
9 7 8 6 3 4 1 2 0 5 
0 0 0 0 0 0 0 0 1 1 
0 1 0 1 0 0 0 0 0 0 
0 0 0 0 1 0 1 1 0 0 
0 0 0 0 0 0 1 0 0 0 
0 0 0 0 0 0 0 1 1 1 
0 0 1 1 0 0 0 0 0 0 
1 0 0 1 1 1 0 0 0 0 
0 0 0 0 0 0 0 1 1 1 
1 1 0 0 0 0 0 0 0 0 
1 0 1 0 0 0 0 0 0 1 
Open stacks: 4
Took 7.94 seconds

buffer: HS problem 7 size 10 10 density  0.20
numCustomers: 10
numProducts: 10
0 1 0 0 0 1 0 0 0 0 
0 0 0 1 0 0 0 0 0 0 
1 0 0 1 1 0 0 1 0 0 
0 1 1 1 0 0 0 0 1 0 
0 0 0 0 1 0 1 0 0 0 
0 0 1 0 0 0 1 1 0 1 
0 1 0 0 1 0 0 0 0 0 
1 0 1 0 0 0 0 0 0 0 
0 0 0 0 0 0 0 0 0 1 
1 0 0 1 1 0 1 0 0 0 
numSequences: 3628800
minStacks: 5
Best sequence:
9 7 0 2 6 4 3 1 5 8 
0 0 0 0 0 0 0 1 1 0 
0 0 0 0 0 0 1 0 0 0 
0 1 1 0 0 1 1 0 0 0 
0 0 0 1 0 0 1 1 0 1 
0 0 0 0 1 1 0 0 0 0 
1 1 0 1 1 0 0 0 0 0 
0 0 0 0 0 1 0 1 0 0 
0 0 1 1 0 0 0 0 0 0 
1 0 0 0 0 0 0 0 0 0 
0 0 1 0 1 1 1 0 0 0 
Open stacks: 5
Took 7.93 seconds

buffer: HS problem 8 size 10 10 density  0.20
numCustomers: 10
numProducts: 10
0 1 0 0 0 1 0 0 1 0 
0 0 0 0 0 1 0 0 0 0 
1 0 0 0 0 0 0 1 0 0 
0 0 0 1 0 0 0 1 0 0 
0 0 1 0 0 0 1 0 1 1 
0 0 0 1 0 0 0 1 0 1 
0 0 0 0 0 1 0 1 1 1 
0 0 1 0 0 1 1 0 0 0 
0 0 0 1 0 0 0 0 0 1 
0 0 0 0 1 0 0 0 0 0 
numSequences: 3628800
minStacks: 4
Best sequence:
7 0 3 9 8 1 4 6 2 5 
0 0 0 0 1 1 0 0 0 1 
0 0 0 0 0 0 0 0 0 1 
1 1 0 0 0 0 0 0 0 0 
1 0 1 0 0 0 0 0 0 0 
0 0 0 1 1 0 0 1 1 0 
1 0 1 1 0 0 0 0 0 0 
1 0 0 1 1 0 0 0 0 1 
0 0 0 0 0 0 0 1 1 1 
0 0 1 1 0 0 0 0 0 0 
0 0 0 0 0 0 1 0 0 0 
Open stacks: 4
Took 7.92 seconds

buffer: HS problem 9 size 10 10 density  0.20
numCustomers: 10
numProducts: 10
0 0 0 0 0 0 0 1 0 0 
0 0 0 0 1 0 0 0 0 0 
0 0 0 0 0 0 0 0 0 1 
1 1 0 0 1 0 0 1 0 0 
0 0 1 1 0 0 0 0 0 0 
0 0 1 0 1 0 0 0 0 0 
0 1 0 0 0 0 0 0 0 0 
0 0 1 0 0 0 0 0 0 0 
0 0 0 0 1 1 1 0 1 0 
0 0 0 1 0 0 1 0 0 1 
numSequences: 3628800
minStacks: 4
Best sequence:
9 6 3 2 1 4 0 5 7 8 
0 0 0 0 0 0 0 0 1 0 
0 0 0 0 0 1 0 0 0 0 
1 0 0 0 0 0 0 0 0 0 
0 0 0 0 1 1 1 0 1 0 
0 0 1 1 0 0 0 0 0 0 
0 0 0 1 0 1 0 0 0 0 
0 0 0 0 1 0 0 0 0 0 
0 0 0 1 0 0 0 0 0 0 
0 1 0 0 0 1 0 1 0 1 
1 1 1 0 0 0 0 0 0 0 
Open stacks: 4
Took 7.93 seconds

buffer: HS problem 10 size 10 10 density  0.20
numCustomers: 10
numProducts: 10
0 0 0 0 0 0 1 0 0 0 
0 1 1 0 1 0 0 1 1 0 
0 1 0 1 0 0 0 0 0 0 
0 1 0 1 1 0 0 0 0 0 
0 0 0 0 1 1 0 0 0 0 
0 0 0 0 0 0 1 0 0 0 
0 0 0 1 0 1 0 0 0 0 
0 0 0 0 1 0 0 0 0 1 
0 0 0 0 1 1 0 0 0 1 
1 0 0 0 0 0 0 1 0 0 
numSequences: 3628800
minStacks: 5
Best sequence:
9 4 5 2 0 1 3 6 7 8 
0 0 0 0 0 0 0 1 0 0 
0 1 0 1 0 1 0 0 1 1 
0 0 0 0 0 1 1 0 0 0 
0 1 0 0 0 1 1 0 0 0 
0 1 1 0 0 0 0 0 0 0 
0 0 0 0 0 0 0 1 0 0 
0 0 1 0 0 0 1 0 0 0 
1 1 0 0 0 0 0 0 0 0 
1 1 1 0 0 0 0 0 0 0 
0 0 0 0 1 0 0 0 1 0 
Open stacks: 5
Took 7.94 seconds

buffer: HS problem 11 size 10 10 density  0.20
numCustomers: 10
numProducts: 10
0 0 1 1 0 1 0 1 0 1 
0 1 0 0 0 0 1 0 0 0 
0 0 1 0 0 0 0 0 0 0 
0 0 0 0 0 1 0 0 1 1 
0 0 0 1 0 0 1 0 0 1 
0 1 0 0 1 1 0 1 1 0 
1 0 0 0 0 1 0 0 0 0 
0 1 0 0 0 1 0 0 0 0 
0 1 0 0 0 0 1 0 1 0 
0 0 0 0 1 0 0 0 0 0 
numSequences: 3628800
minStacks: 5
Best sequence:
6 1 8 9 3 4 5 0 7 2 
0 0 0 1 1 0 1 0 1 1 
1 1 0 0 0 0 0 0 0 0 
0 0 0 0 0 0 0 0 0 1 
0 0 1 1 0 0 1 0 0 0 
1 0 0 1 1 0 0 0 0 0 
0 1 1 0 0 1 1 0 1 0 
0 0 0 0 0 0 1 1 0 0 
0 1 0 0 0 0 1 0 0 0 
1 1 1 0 0 0 0 0 0 0 
0 0 0 0 0 1 0 0 0 0 
Open stacks: 5
Took 7.94 seconds

buffer: HS problem 12 size 10 10 density  0.20
numCustomers: 10
numProducts: 10
0 0 0 0 1 0 1 0 0 0 
0 0 0 0 0 0 0 1 0 0 
0 0 1 0 1 0 0 0 0 0 
0 0 0 0 0 1 1 0 0 1 
1 0 0 0 0 0 1 0 1 0 
1 0 0 0 0 0 0 0 0 1 
0 1 0 0 1 0 0 0 0 0 
0 0 1 0 0 0 0 0 0 0 
0 1 0 0 0 0 0 1 0 0 
0 0 1 1 0 0 0 0 0 0 
numSequences: 3628800
minStacks: 3
Best sequence:
9 8 0 6 5 7 1 4 2 3 
0 0 0 1 0 0 0 1 0 0 
0 0 0 0 0 1 0 0 0 0 
0 0 0 0 0 0 0 1 1 0 
1 0 0 1 1 0 0 0 0 0 
0 1 1 1 0 0 0 0 0 0 
1 0 1 0 0 0 0 0 0 0 
0 0 0 0 0 0 1 1 0 0 
0 0 0 0 0 0 0 0 1 0 
0 0 0 0 0 1 1 0 0 0 
0 0 0 0 0 0 0 0 1 1 
Open stacks: 3
Took 7.92 seconds

buffer: HS problem 13 size 10 10 density  0.20
numCustomers: 10
numProducts: 10
1 0 0 0 0 0 0 0 0 0 
1 0 0 0 0 0 0 1 0 0 
0 0 1 0 0 1 1 0 0 0 
0 1 0 0 0 1 0 0 0 1 
0 1 1 1 0 1 0 0 0 0 
0 1 1 0 0 0 0 0 1 0 
0 1 0 0 0 1 1 0 0 0 
0 0 0 1 0 0 1 0 0 0 
0 0 0 0 1 0 0 0 0 1 
1 0 0 0 0 0 0 0 0 0 
numSequences: 3628800
minStacks: 5
Best sequence:
9 6 4 3 1 2 5 0 7 8 
0 0 0 0 0 0 0 1 0 0 
0 0 0 0 0 0 0 1 1 0 
0 1 0 0 0 1 1 0 0 0 
1 0 0 0 1 0 1 0 0 0 
0 0 0 1 1 1 1 0 0 0 
0 0 0 0 1 1 0 0 0 1 
0 1 0 0 1 0 1 0 0 0 
0 1 0 1 0 0 0 0 0 0 
1 0 1 0 0 0 0 0 0 0 
0 0 0 0 0 0 0 1 0 0 
Open stacks: 5
Took 7.93 seconds

buffer: HS problem 14 size 10 10 density  0.20
numCustomers: 10
numProducts: 10
0 0 1 1 1 1 1 1 0 0 
0 0 0 0 0 0 0 1 0 0 
1 0 0 0 0 0 1 1 0 0 
0 1 1 0 0 1 0 1 0 1 
0 1 0 0 0 0 1 0 1 0 
0 1 0 0 0 0 0 0 0 0 
0 0 1 0 0 1 0 0 0 1 
0 0 0 0 0 0 0 0 0 1 
0 0 1 1 1 0 0 0 0 0 
0 0 0 0 0 1 1 0 0 1 
numSequences: 3628800
minStacks: 5
Best sequence:
9 5 4 2 3 1 0 6 7 8 
0 1 1 1 1 0 0 1 1 0 
0 0 0 0 0 0 0 0 1 0 
0 0 0 0 0 0 1 1 1 0 
1 1 0 1 0 1 0 0 1 0 
0 0 0 0 0 1 0 1 0 1 
0 0 0 0 0 1 0 0 0 0 
1 1 0 1 0 0 0 0 0 0 
1 0 0 0 0 0 0 0 0 0 
0 0 1 1 1 0 0 0 0 0 
1 1 0 0 0 0 0 1 0 0 
Open stacks: 5
Took 7.94 seconds

buffer: HS problem 15 size 10 10 density  0.20
numCustomers: 10
numProducts: 10
0 0 0 0 0 1 0 1 1 0 
0 0 0 1 0 1 0 1 0 0 
1 0 0 0 0 1 0 1 0 0 
1 0 0 0 1 0 0 1 0 1 
0 0 0 1 0 0 0 0 0 0 
0 1 1 1 0 0 0 1 0 0 
0 1 0 0 0 0 0 0 0 1 
0 0 0 0 0 0 0 0 1 0 
0 1 0 1 0 0 0 0 1 0 
1 0 0 0 0 0 1 0 1 0 
numSequences: 3628800
minStacks: 6
Best sequence:
9 3 1 7 2 4 5 0 6 8 
0 0 0 1 0 0 1 0 0 1 
0 1 0 1 0 0 1 0 0 0 
0 0 0 1 0 0 1 1 0 0 
1 0 0 1 0 1 0 1 0 0 
0 1 0 0 0 0 0 0 0 0 
0 1 1 1 1 0 0 0 0 0 
1 0 1 0 0 0 0 0 0 0 
0 0 0 0 0 0 0 0 0 1 
0 1 1 0 0 0 0 0 0 1 
0 0 0 0 0 0 0 1 1 1 
Open stacks: 6
Took 7.94 seconds

buffer: HS problem 16 size 10 10 density  0.20
numCustomers: 10
numProducts: 10
0 0 0 0 0 1 0 0 0 0 
0 0 0 0 1 1 0 0 0 0 
0 0 1 0 0 1 1 0 0 1 
0 0 0 1 0 0 1 1 1 0 
1 0 0 0 0 1 0 0 0 0 
1 0 0 1 0 1 0 0 0 0 
0 1 0 0 0 0 0 0 0 0 
1 0 1 1 0 0 0 0 0 0 
0 1 0 0 0 0 0 1 0 0 
0 0 1 0 0 0 0 0 1 0 
numSequences: 3628800
minStacks: 5
Best sequence:
9 5 0 3 2 4 1 6 7 8 
0 1 0 0 0 0 0 0 0 0 
0 1 0 0 0 1 0 0 0 0 
1 1 0 0 1 0 0 1 0 0 
0 0 0 1 0 0 0 1 1 1 
0 1 1 0 0 0 0 0 0 0 
0 1 1 1 0 0 0 0 0 0 
0 0 0 0 0 0 1 0 0 0 
0 0 1 1 1 0 0 0 0 0 
0 0 0 0 0 0 1 0 1 0 
0 0 0 0 1 0 0 0 0 1 
Open stacks: 5
Took 7.92 seconds

buffer: HS problem 17 size 10 10 density  0.20
numCustomers: 10
numProducts: 10
1 0 1 1 0 1 0 0 0 1 
0 0 0 0 0 1 0 1 1 0 
1 0 0 0 0 0 0 0 0 0 
0 0 0 0 0 0 0 0 1 0 
1 0 0 0 1 0 0 1 0 0 
0 0 0 0 1 0 0 0 1 0 
1 0 0 1 0 0 0 0 0 1 
0 0 0 0 0 0 1 0 0 0 
0 0 0 1 1 0 0 0 0 0 
0 1 0 0 0 0 0 0 0 1 
numSequences: 3628800
minStacks: 4
Best sequence:
9 1 0 2 3 4 5 6 7 8 
1 0 1 1 1 0 1 0 0 0 
0 0 0 0 0 0 1 0 1 1 
0 0 1 0 0 0 0 0 0 0 
0 0 0 0 0 0 0 0 0 1 
0 0 1 0 0 1 0 0 1 0 
0 0 0 0 0 1 0 0 0 1 
1 0 1 0 1 0 0 0 0 0 
0 0 0 0 0 0 0 1 0 0 
0 0 0 0 1 1 0 0 0 0 
1 1 0 0 0 0 0 0 0 0 
Open stacks: 4
Took 7.94 seconds

buffer: HS problem 18 size 10 10 density  0.20
numCustomers: 10
numProducts: 10
0 0 0 1 1 1 0 0 0 0 
1 1 0 0 0 0 0 1 1 0 
0 0 0 0 0 1 1 0 0 0 
0 0 1 0 0 0 1 1 1 0 
0 0 0 0 1 0 1 0 0 0 
0 0 0 0 0 0 0 0 1 0 
0 0 0 1 1 0 1 0 0 0 
1 0 0 1 0 1 1 0 0 0 
1 0 0 0 0 1 0 0 0 1 
1 0 0 0 0 1 0 0 1 0 
numSequences: 3628800
minStacks: 6
Best sequence:
9 8 7 1 0 2 5 3 4 6 
0 0 0 0 0 0 1 1 1 0 
0 1 1 1 1 0 0 0 0 0 
0 0 0 0 0 0 1 0 0 1 
0 1 1 0 0 1 0 0 0 1 
0 0 0 0 0 0 0 0 1 1 
0 1 0 0 0 0 0 0 0 0 
0 0 0 0 0 0 0 1 1 1 
0 0 0 0 1 0 1 1 0 1 
1 0 0 0 1 0 1 0 0 0 
0 1 0 0 1 0 1 0 0 0 
Open stacks: 6
Took 7.93 seconds

buffer: HS problem 19 size 10 10 density  0.20
numCustomers: 10
numProducts: 10
0 0 0 0 1 0 0 0 0 0 
0 0 0 0 0 0 0 1 0 0 
1 1 1 0 0 0 0 0 0 0 
0 0 0 1 0 0 0 0 0 1 
0 1 0 0 0 0 0 0 0 0 
0 0 0 0 0 0 1 0 0 0 
1 1 0 0 0 0 1 0 0 0 
0 0 1 0 0 1 0 0 1 1 
0 0 0 0 0 0 0 1 0 0 
0 0 1 1 0 0 1 0 0 0 
numSequences: 3628800
minStacks: 4
Best sequence:
9 3 6 0 2 4 1 5 7 8 
0 0 0 0 0 1 0 0 0 0 
0 0 0 0 0 0 0 0 1 0 
0 0 0 1 1 0 1 0 0 0 
1 1 0 0 0 0 0 0 0 0 
0 0 0 0 0 0 1 0 0 0 
0 0 1 0 0 0 0 0 0 0 
0 0 1 1 0 0 1 0 0 0 
1 0 0 0 1 0 0 1 0 1 
0 0 0 0 0 0 0 0 1 0 
0 1 1 0 1 0 0 0 0 0 
Open stacks: 4
Took 7.94 seconds

buffer: HS problem 20 size 10 10 density  0.20
numCustomers: 10
numProducts: 10
0 1 0 0 0 0 0 0 0 0 
0 0 0 1 0 0 0 1 1 1 
1 0 0 1 0 1 0 0 0 0 
0 0 0 0 1 0 0 1 0 0 
0 0 0 0 1 1 0 0 0 0 
0 0 0 1 0 0 0 0 0 0 
1 0 0 1 0 0 1 0 0 0 
1 0 0 1 0 0 0 0 0 1 
0 0 1 0 0 0 0 0 0 0 
0 0 0 0 0 0 0 0 1 0 
numSequences: 3628800
minStacks: 5
Best sequence:
9 0 1 2 3 4 5 6 7 8 
0 0 1 0 0 0 0 0 0 0 
1 0 0 0 1 0 0 0 1 1 
0 1 0 0 1 0 1 0 0 0 
0 0 0 0 0 1 0 0 1 0 
0 0 0 0 0 1 1 0 0 0 
0 0 0 0 1 0 0 0 0 0 
0 1 0 0 1 0 0 1 0 0 
1 1 0 0 1 0 0 0 0 0 
0 0 0 1 0 0 0 0 0 0 
0 0 0 0 0 0 0 0 0 1 
Open stacks: 5
Took 7.92 seconds

buffer: HS problem 21 size 10 10 density  0.20
numCustomers: 10
numProducts: 10
0 1 1 1 0 0 0 1 0 0 
1 1 0 0 0 0 0 0 0 0 
0 0 0 1 0 0 0 1 0 0 
0 0 0 1 1 0 0 0 0 0 
0 0 0 1 0 1 0 0 0 0 
1 0 0 1 1 1 0 1 1 0 
1 0 0 0 0 0 0 0 1 0 
0 0 0 0 1 0 0 0 0 0 
1 1 0 0 1 1 0 0 0 1 
0 0 1 0 0 1 1 0 0 0 
numSequences: 3628800
minStacks: 6
Best sequence:
9 6 5 2 3 4 0 1 7 8 
0 0 0 1 1 0 0 1 1 0 
0 0 0 0 0 0 1 1 0 0 
0 0 0 0 1 0 0 0 1 0 
0 0 0 0 1 1 0 0 0 0 
0 0 1 0 1 0 0 0 0 0 
0 0 1 0 1 1 1 0 1 1 
0 0 0 0 0 0 1 0 0 1 
0 0 0 0 0 1 0 0 0 0 
1 0 1 0 0 1 1 1 0 0 
0 1 1 1 0 0 0 0 0 0 
Open stacks: 6
Took 7.95 seconds

buffer: HS problem 22 size 10 10 density  0.20
numCustomers: 10
numProducts: 10
0 1 0 1 0 0 0 0 1 0 
0 0 0 0 0 1 0 0 0 0 
0 1 0 0 1 0 1 0 0 0 
0 0 0 0 0 0 0 1 0 0 
1 0 0 0 0 0 1 0 0 1 
0 0 0 1 0 0 0 0 0 0 
0 0 0 0 0 1 0 0 0 0 
0 0 1 0 1 1 0 1 0 0 
1 0 0 0 0 0 0 0 0 0 
1 0 0 0 1 1 0 0 0 0 
numSequences: 3628800
minStacks: 4
Best sequence:
9 8 3 0 1 2 4 6 5 7 
0 1 1 0 1 0 0 0 0 0 
0 0 0 0 0 0 0 0 1 0 
0 0 0 0 1 0 1 1 0 0 
0 0 0 0 0 0 0 0 0 1 
1 0 0 1 0 0 0 1 0 0 
0 0 1 0 0 0 0 0 0 0 
0 0 0 0 0 0 0 0 1 0 
0 0 0 0 0 1 1 0 1 1 
0 0 0 1 0 0 0 0 0 0 
0 0 0 1 0 0 1 0 1 0 
Open stacks: 4
Took 7.93 seconds

buffer: HS problem 23 size 10 10 density  0.20
numCustomers: 10
numProducts: 10
0 0 0 1 0 0 0 1 0 1 
0 0 1 0 0 1 0 0 0 0 
1 1 0 1 0 0 1 0 0 1 
0 0 0 1 0 0 0 0 0 0 
0 0 0 0 0 1 0 0 1 1 
1 0 0 0 1 1 0 0 1 1 
0 1 1 0 1 0 0 1 1 0 
0 0 0 0 0 0 0 1 1 0 
0 0 0 0 0 0 0 0 0 1 
0 0 1 0 0 1 0 0 0 0 
numSequences: 3628800
minStacks: 5
Best sequence:
9 6 3 0 1 8 7 2 4 5 
1 0 1 0 0 0 1 0 0 0 
0 0 0 0 0 0 0 1 0 1 
1 1 1 1 1 0 0 0 0 0 
0 0 1 0 0 0 0 0 0 0 
1 0 0 0 0 1 0 0 0 1 
1 0 0 1 0 1 0 0 1 1 
0 0 0 0 1 1 1 1 1 0 
0 0 0 0 0 1 1 0 0 0 
1 0 0 0 0 0 0 0 0 0 
0 0 0 0 0 0 0 1 0 1 
Open stacks: 5
Took 7.94 seconds

buffer: HS problem 24 size 10 10 density  0.20
numCustomers: 10
numProducts: 10
0 0 0 0 0 0 1 1 0 0 
0 0 0 0 0 0 0 1 1 0 
1 0 0 1 0 1 0 0 1 0 
1 0 0 0 0 0 0 0 1 0 
0 1 1 0 1 1 0 1 0 0 
0 0 0 0 1 0 0 0 1 0 
0 0 0 0 0 0 0 1 0 0 
0 1 0 0 0 0 0 0 0 0 
0 0 0 1 0 0 0 0 0 1 
0 1 0 0 0 0 0 0 0 0 
numSequences: 3628800
minStacks: 4
Best sequence:
9 3 8 0 5 4 1 6 2 7 
0 0 0 0 0 0 0 1 0 1 
0 0 1 0 0 0 0 0 0 1 
0 1 1 1 1 0 0 0 0 0 
0 0 1 1 0 0 0 0 0 0 
0 0 0 0 1 1 1 0 1 1 
0 0 1 0 0 1 0 0 0 0 
0 0 0 0 0 0 0 0 0 1 
0 0 0 0 0 0 1 0 0 0 
1 1 0 0 0 0 0 0 0 0 
0 0 0 0 0 0 1 0 0 0 
Open stacks: 4
Took 7.94 seconds

buffer: HS problem 25 size 10 10 density  0.20
numCustomers: 10
numProducts: 10
1 0 0 0 1 0 0 1 1 0 
0 0 1 0 0 1 0 0 0 0 
0 1 0 1 0 0 0 0 0 0 
0 0 0 1 1 0 0 0 1 1 
0 0 0 1 0 0 0 0 0 1 
0 0 0 0 0 0 0 1 1 0 
0 0 0 0 0 1 0 0 1 0 
1 0 0 0 0 0 0 0 0 0 
0 1 0 0 0 0 1 0 0 0 
0 1 0 0 0 0 0 0 0 0 
numSequences: 3628800
minStacks: 4
Best sequence:
9 6 3 1 2 4 0 5 7 8 
0 0 0 0 0 1 1 0 1 1 
0 0 0 0 1 0 0 1 0 0 
0 0 1 1 0 0 0 0 0 0 
1 0 1 0 0 1 0 0 0 1 
1 0 1 0 0 0 0 0 0 0 
0 0 0 0 0 0 0 0 1 1 
0 0 0 0 0 0 0 1 0 1 
0 0 0 0 0 0 1 0 0 0 
0 1 0 1 0 0 0 0 0 0 
0 0 0 1 0 0 0 0 0 0 
Open stacks: 4
Took 7.93 seconds

buffer: HS problem 26 size 10 10 density  0.20
numCustomers: 10
numProducts: 10
1 0 0 0 1 0 1 0 0 0 
0 0 1 0 0 0 0 1 0 0 
0 1 0 0 0 0 0 0 0 0 
0 0 0 0 0 1 0 1 1 0 
1 1 0 0 0 0 0 0 0 0 
0 0 0 0 0 0 1 0 0 1 
0 0 0 1 1 0 0 0 0 0 
0 0 0 0 1 0 0 0 0 0 
0 0 0 0 0 1 0 0 0 1 
0 0 0 0 1 1 0 1 1 1 
numSequences: 3628800
minStacks: 4
Best sequence:
9 8 5 7 2 1 0 3 6 4 
0 0 0 0 0 0 1 0 1 1 
0 0 0 1 1 0 0 0 0 0 
0 0 0 0 0 1 0 0 0 0 
0 1 1 1 0 0 0 0 0 0 
0 0 0 0 0 1 1 0 0 0 
1 0 0 0 0 0 0 0 1 0 
0 0 0 0 0 0 0 1 0 1 
0 0 0 0 0 0 0 0 0 1 
1 0 1 0 0 0 0 0 0 0 
1 1 1 1 0 0 0 0 0 1 
Open stacks: 4
Took 7.95 seconds

buffer: HS problem 27 size 10 10 density  0.20
numCustomers: 10
numProducts: 10
1 1 0 0 0 0 0 0 0 0 
0 0 1 0 1 0 0 0 0 0 
0 1 0 0 0 0 0 0 0 0 
1 1 0 0 1 0 1 0 0 0 
0 0 0 1 0 1 0 0 0 1 
1 0 0 0 0 0 0 1 1 0 
0 0 0 1 0 1 1 0 0 0 
0 1 0 0 0 0 1 0 0 0 
0 0 0 1 1 0 0 0 0 0 
0 1 0 0 0 0 0 0 0 0 
numSequences: 3628800
minStacks: 5
Best sequence:
9 6 5 3 2 4 1 0 7 8 
0 0 0 0 0 0 1 1 0 0 
0 0 0 0 1 1 0 0 0 0 
0 0 0 0 0 0 1 0 0 0 
0 1 0 0 0 1 1 1 0 0 
1 0 1 1 0 0 0 0 0 0 
0 0 0 0 0 0 0 1 1 1 
0 1 1 1 0 0 0 0 0 0 
0 1 0 0 0 0 1 0 0 0 
0 0 0 1 0 1 0 0 0 0 
0 0 0 0 0 0 1 0 0 0 
Open stacks: 5
Took 7.93 seconds

buffer: HS problem 28 size 10 10 density  0.20
numCustomers: 10
numProducts: 10
0 0 1 1 1 1 0 0 0 0 
0 1 0 0 0 1 0 0 0 0 
0 0 1 1 0 0 0 1 0 0 
0 0 1 0 1 1 0 0 0 1 
0 1 0 1 1 0 0 1 0 0 
1 0 0 0 0 0 0 0 0 0 
0 0 0 0 0 0 0 0 1 0 
0 1 0 0 0 0 0 0 0 0 
0 0 1 0 0 0 0 0 0 1 
0 0 1 0 0 1 1 0 1 0 
numSequences: 3628800
minStacks: 5
Best sequence:
9 2 7 3 0 4 5 1 6 8 
0 1 0 1 0 1 1 0 0 0 
0 0 0 0 0 0 1 1 0 0 
0 1 1 1 0 0 0 0 0 0 
1 1 0 0 0 1 1 0 0 0 
0 0 1 1 0 1 0 1 0 0 
0 0 0 0 1 0 0 0 0 0 
0 0 0 0 0 0 0 0 0 1 
0 0 0 0 0 0 0 1 0 0 
1 1 0 0 0 0 0 0 0 0 
0 1 0 0 0 0 1 0 1 1 
Open stacks: 5
Took 7.94 seconds

buffer: HS problem 29 size 10 10 density  0.20
numCustomers: 10
numProducts: 10
0 0 0 0 0 1 0 1 1 1 
1 0 0 1 0 1 0 1 0 0 
0 1 0 0 0 1 0 0 0 0 
0 0 1 0 0 0 0 1 0 1 
0 0 1 0 0 0 1 1 0 0 
0 0 1 1 0 0 0 0 0 0 
1 0 1 0 1 0 0 0 0 0 
1 0 0 0 0 0 0 0 0 1 
0 0 0 0 0 0 1 0 0 0 
0 0 0 0 1 0 0 1 0 1 
numSequences: 3628800
minStacks: 6
Best sequence:
9 0 7 4 2 3 5 1 6 8 
1 0 1 0 0 0 1 0 0 1 
0 1 1 0 0 1 1 0 0 0 
0 0 0 0 0 0 1 1 0 0 
1 0 1 0 1 0 0 0 0 0 
0 0 1 0 1 0 0 0 1 0 
0 0 0 0 1 1 0 0 0 0 
0 1 0 1 1 0 0 0 0 0 
1 1 0 0 0 0 0 0 0 0 
0 0 0 0 0 0 0 0 1 0 
1 0 1 1 0 0 0 0 0 0 
Open stacks: 6
Took 7.94 seconds

buffer: HS problem 30 size 10 10 density  0.20
numCustomers: 10
numProducts: 10
0 1 1 0 0 0 0 0 1 0 
1 0 1 0 1 0 1 1 0 0 
0 0 1 0 0 0 0 0 1 1 
0 0 1 1 0 1 0 0 0 0 
0 0 0 0 1 1 0 0 0 0 
0 1 0 0 0 0 1 0 1 1 
0 0 0 0 0 0 1 0 0 0 
1 1 0 0 0 0 0 0 1 1 
0 1 1 1 0 0 0 0 0 0 
0 1 0 0 0 0 0 0 1 0 
numSequences: 3628800
minStacks: 6
Best sequence:
9 8 1 0 2 4 5 6 3 7 
0 1 1 0 1 0 0 0 0 0 
0 0 0 1 1 1 0 1 0 1 
1 1 0 0 1 0 0 0 0 0 
0 0 0 0 1 0 1 0 1 0 
0 0 0 0 0 1 1 0 0 0 
1 1 1 0 0 0 0 1 0 0 
0 0 0 0 0 0 0 1 0 0 
1 1 1 1 0 0 0 0 0 0 
0 0 1 0 1 0 0 0 1 0 
0 1 1 0 0 0 0 0 0 0 
Open stacks: 6
Took 7.93 seconds

buffer: HS problem 31 size 10 10 density  0.20
numCustomers: 10
numProducts: 10
1 0 0 0 0 1 0 0 0 1 
1 0 0 0 0 0 0 1 0 1 
0 0 0 0 0 0 0 1 0 0 
1 0 0 0 0 0 1 0 0 0 
0 0 0 1 0 0 1 1 0 0 
0 0 0 0 0 0 0 0 1 0 
0 0 0 0 1 0 0 0 0 0 
0 0 1 0 0 0 0 0 0 1 
0 1 1 1 0 0 1 0 1 0 
0 1 0 0 0 0 0 1 0 1 
numSequences: 3628800
minStacks: 5
Best sequence:
9 5 1 2 0 4 3 6 7 8 
1 1 0 0 1 0 0 0 0 0 
1 0 0 0 1 0 0 0 1 0 
0 0 0 0 0 0 0 0 1 0 
0 0 0 0 1 0 0 1 0 0 
0 0 0 0 0 0 1 1 1 0 
0 0 0 0 0 0 0 0 0 1 
0 0 0 0 0 1 0 0 0 0 
1 0 0 1 0 0 0 0 0 0 
0 0 1 1 0 0 1 1 0 1 
1 0 1 0 0 0 0 0 1 0 
Open stacks: 5
Took 7.94 seconds

buffer: HS problem 32 size 10 10 density  0.20
numCustomers: 10
numProducts: 10
0 0 0 0 0 1 1 0 0 0 
0 1 0 0 0 0 0 1 0 0 
0 0 0 0 0 0 1 0 0 1 
0 0 1 0 0 0 0 0 0 0 
1 1 0 0 1 0 0 0 1 0 
0 0 0 0 1 0 0 0 0 1 
0 0 1 0 0 0 0 0 0 0 
0 0 0 0 1 1 0 0 1 0 
0 0 0 1 0 0 1 0 0 0 
0 0 1 0 0 0 0 0 0 0 
numSequences: 3628800
minStacks: 3
Best sequence:
6 3 9 5 8 0 4 1 7 2 
1 0 0 1 0 0 0 0 0 0 
0 0 0 0 0 0 0 1 1 0 
1 0 1 0 0 0 0 0 0 0 
0 0 0 0 0 0 0 0 0 1 
0 0 0 0 1 1 1 1 0 0 
0 0 1 0 0 0 1 0 0 0 
0 0 0 0 0 0 0 0 0 1 
0 0 0 1 1 0 1 0 0 0 
1 1 0 0 0 0 0 0 0 0 
0 0 0 0 0 0 0 0 0 1 
Open stacks: 3
Took 7.93 seconds

buffer: HS problem 33 size 10 10 density  0.20
numCustomers: 10
numProducts: 10
0 0 0 0 0 0 0 1 0 0 
1 0 0 0 1 0 0 0 1 0 
0 0 0 0 0 0 0 0 1 0 
0 0 0 0 0 0 1 0 1 1 
0 0 0 0 0 1 0 1 0 0 
0 1 1 0 0 0 0 0 0 1 
0 1 0 0 0 1 0 0 1 0 
0 0 0 0 1 0 1 0 0 0 
0 0 0 0 0 0 0 1 0 1 
0 1 1 1 0 1 0 0 0 0 
numSequences: 3628800
minStacks: 4
Best sequence:
8 6 4 0 9 2 1 5 7 3 
0 0 0 0 0 0 0 0 1 0 
1 0 1 1 0 0 0 0 0 0 
1 0 0 0 0 0 0 0 0 0 
1 1 0 0 1 0 0 0 0 0 
0 0 0 0 0 0 0 1 1 0 
0 0 0 0 1 1 1 0 0 0 
1 0 0 0 0 0 1 1 0 0 
0 1 1 0 0 0 0 0 0 0 
0 0 0 0 1 0 0 0 1 0 
0 0 0 0 0 1 1 1 0 1 
Open stacks: 4
Took 7.91 seconds

buffer: HS problem 34 size 10 10 density  0.20
numCustomers: 10
numProducts: 10
0 0 1 0 0 0 1 0 0 1 
1 1 1 1 0 1 0 0 0 0 
1 1 0 0 0 0 0 0 0 1 
1 0 0 1 1 0 0 0 0 0 
1 0 0 0 0 0 0 0 0 1 
0 0 0 0 1 0 0 0 0 0 
0 0 1 0 0 1 0 0 0 1 
0 1 0 1 0 0 0 0 1 0 
0 1 0 0 0 0 0 0 0 0 
0 0 0 0 1 1 0 1 0 0 
numSequences: 3628800
minStacks: 5
Best sequence:
9 6 2 5 0 4 3 1 7 8 
1 1 1 0 0 0 0 0 0 0 
0 0 1 1 1 0 1 1 0 0 
1 0 0 0 1 0 0 1 0 0 
0 0 0 0 1 1 1 0 0 0 
1 0 0 0 1 0 0 0 0 0 
0 0 0 0 0 1 0 0 0 0 
1 0 1 1 0 0 0 0 0 0 
0 0 0 0 0 0 1 1 0 1 
0 0 0 0 0 0 0 1 0 0 
0 0 0 1 0 1 0 0 1 0 
Open stacks: 5
Took 7.94 seconds

buffer: HS problem 35 size 10 10 density  0.20
numCustomers: 10
numProducts: 10
1 1 1 0 0 1 1 1 1 0 
0 0 0 1 1 0 1 0 0 0 
0 1 1 0 0 0 0 0 0 0 
0 0 1 1 0 0 1 0 0 0 
0 0 0 0 0 1 1 0 0 1 
0 0 0 1 0 1 0 0 0 0 
0 0 0 0 0 1 0 0 0 0 
1 0 0 0 0 1 0 0 0 0 
1 0 0 0 0 0 1 0 0 1 
0 0 0 1 0 0 0 0 0 1 
numSequences: 3628800
minStacks: 6
Best sequence:
9 3 6 4 0 2 1 5 7 8 
0 0 1 0 1 1 1 1 1 1 
0 1 1 1 0 0 0 0 0 0 
0 0 0 0 0 1 1 0 0 0 
0 1 1 0 0 1 0 0 0 0 
1 0 1 0 0 0 0 1 0 0 
0 1 0 0 0 0 0 1 0 0 
0 0 0 0 0 0 0 1 0 0 
0 0 0 0 1 0 0 1 0 0 
1 0 1 0 1 0 0 0 0 0 
1 1 0 0 0 0 0 0 0 0 
Open stacks: 6
Took 7.93 seconds

buffer: HS problem 36 size 10 10 density  0.20
numCustomers: 10
numProducts: 10
0 0 1 0 0 0 0 0 0 1 
1 1 0 0 1 0 0 0 1 0 
0 1 0 0 1 0 1 1 0 1 
1 0 0 0 0 0 0 0 1 0 
1 0 0 1 0 0 0 0 0 1 
0 0 0 0 0 0 0 0 1 0 
0 1 0 0 0 1 1 0 0 0 
0 1 1 0 0 0 0 0 0 0 
0 0 0 0 0 0 0 1 1 0 
0 0 0 0 1 0 0 0 0 0 
numSequences: 3628800
minStacks: 4
Best sequence:
8 7 0 9 3 2 5 1 6 4 
0 0 0 1 0 1 0 0 0 0 
1 0 1 0 0 0 0 1 0 1 
0 1 0 1 0 0 0 1 1 1 
1 0 1 0 0 0 0 0 0 0 
0 0 1 1 1 0 0 0 0 0 
1 0 0 0 0 0 0 0 0 0 
0 0 0 0 0 0 1 1 1 0 
0 0 0 0 0 1 0 1 0 0 
1 1 0 0 0 0 0 0 0 0 
0 0 0 0 0 0 0 0 0 1 
Open stacks: 4
Took 7.94 seconds

buffer: HS problem 37 size 10 10 density  0.20
numCustomers: 10
numProducts: 10
0 0 1 1 1 1 0 0 0 1 
1 0 0 0 0 0 0 0 0 0 
1 0 1 0 1 0 0 1 1 0 
0 0 0 0 1 0 0 0 0 0 
0 1 1 0 1 1 1 0 0 1 
0 0 1 0 1 0 1 0 0 0 
1 0 0 0 0 0 1 0 1 1 
0 0 0 0 1 1 0 0 0 0 
0 0 0 1 0 1 0 0 0 0 
0 0 0 0 0 0 1 1 1 1 
numSequences: 3628800
minStacks: 6
Best sequence:
9 8 7 6 0 4 2 1 3 5 
1 0 0 0 0 1 1 0 1 1 
0 0 0 0 1 0 0 0 0 0 
0 1 1 0 1 1 1 0 0 0 
0 0 0 0 0 1 0 0 0 0 
1 0 0 1 0 1 1 1 0 1 
0 0 0 1 0 1 1 0 0 0 
1 1 0 1 1 0 0 0 0 0 
0 0 0 0 0 1 0 0 0 1 
0 0 0 0 0 0 0 0 1 1 
1 1 1 1 0 0 0 0 0 0 
Open stacks: 6
Took 7.96 seconds

buffer: HS problem 38 size 10 10 density  0.20
numCustomers: 10
numProducts: 10
0 1 0 0 0 1 0 1 1 0 
1 1 0 0 1 0 0 0 0 0 
1 0 0 0 1 0 0 0 0 0 
1 0 0 0 0 0 0 0 0 0 
0 0 1 1 0 0 0 0 0 0 
0 0 1 0 0 0 1 1 0 0 
0 0 1 0 1 0 0 0 0 1 
0 0 1 0 0 1 0 0 0 0 
0 0 0 1 0 0 1 0 0 0 
0 1 0 0 0 1 0 0 1 0 
numSequences: 3628800
minStacks: 4
Best sequence:
9 4 0 8 1 5 7 2 3 6 
0 0 0 1 1 1 1 0 0 0 
0 1 1 0 1 0 0 0 0 0 
0 1 1 0 0 0 0 0 0 0 
0 0 1 0 0 0 0 0 0 0 
0 0 0 0 0 0 0 1 1 0 
0 0 0 0 0 0 1 1 0 1 
1 1 0 0 0 0 0 1 0 0 
0 0 0 0 0 1 0 1 0 0 
0 0 0 0 0 0 0 0 1 1 
0 0 0 1 1 1 0 0 0 0 
Open stacks: 4
Took 7.92 seconds

buffer: HS problem 39 size 10 10 density  0.20
numCustomers: 10
numProducts: 10
0 0 1 0 1 0 0 0 0 0 
0 0 0 0 0 0 0 1 0 0 
0 1 1 0 1 0 1 1 1 0 
0 0 1 0 0 1 0 1 0 0 
0 0 0 1 1 0 0 0 1 0 
1 0 0 0 0 0 1 0 0 1 
0 1 0 0 0 1 1 0 0 0 
0 0 0 0 0 0 1 0 0 0 
0 0 1 0 0 1 0 0 0 0 
1 0 0 0 0 1 0 1 0 0 
numSequences: 3628800
minStacks: 5
Best sequence:
9 6 0 5 1 2 3 4 7 8 
0 0 0 0 0 1 0 1 0 0 
0 0 0 0 0 0 0 0 1 0 
0 1 0 0 1 1 0 1 1 1 
0 0 0 1 0 1 0 0 1 0 
0 0 0 0 0 0 1 1 0 1 
1 1 1 0 0 0 0 0 0 0 
0 1 0 1 1 0 0 0 0 0 
0 1 0 0 0 0 0 0 0 0 
0 0 0 1 0 1 0 0 0 0 
0 0 1 1 0 0 0 0 1 0 
Open stacks: 5
Took 7.94 seconds

buffer: HS problem 40 size 10 10 density  0.20
numCustomers: 10
numProducts: 10
0 0 1 1 0 1 0 0 0 0 
1 0 0 0 0 0 0 0 0 0 
0 0 0 0 0 1 0 0 0 0 
1 0 0 0 0 0 1 0 0 0 
1 1 0 0 0 1 0 0 0 0 
0 0 0 0 1 0 0 1 0 1 
0 1 0 0 0 0 0 0 1 0 
1 0 0 0 0 0 1 0 0 0 
0 0 1 0 0 0 0 1 1 0 
0 0 0 0 1 0 0 1 0 0 
numSequences: 3628800
minStacks: 4
Best sequence:
9 8 7 4 2 3 5 1 0 6 
0 0 0 0 1 1 1 0 0 0 
0 0 0 0 0 0 0 0 1 0 
0 0 0 0 0 0 1 0 0 0 
0 0 0 0 0 0 0 0 1 1 
0 0 0 0 0 0 1 1 1 0 
1 0 1 1 0 0 0 0 0 0 
0 1 0 0 0 0 0 1 0 0 
0 0 0 0 0 0 0 0 1 1 
0 1 1 0 1 0 0 0 0 0 
0 0 1 1 0 0 0 0 0 0 
Open stacks: 4
Took 7.93 seconds

buffer: HS problem 41 size 10 10 density  0.20
numCustomers: 10
numProducts: 10
1 1 0 0 1 1 0 0 0 0 
0 0 0 0 1 0 0 0 0 0 
1 0 0 0 0 0 0 0 0 0 
1 0 0 0 0 0 1 0 1 0 
1 1 1 0 1 0 0 0 1 0 
0 0 0 1 0 0 0 0 1 1 
1 0 0 0 0 0 0 0 0 0 
1 0 0 0 0 1 0 0 0 0 
1 1 0 0 0 0 0 0 0 0 
0 0 1 0 0 1 0 1 1 0 
numSequences: 3628800
minStacks: 7
Best sequence:
9 8 1 2 3 4 5 6 7 0 
0 0 1 0 0 1 1 0 0 1 
0 0 0 0 0 1 0 0 0 0 
0 0 0 0 0 0 0 0 0 1 
0 1 0 0 0 0 0 1 0 1 
0 1 1 1 0 1 0 0 0 1 
1 1 0 0 1 0 0 0 0 0 
0 0 0 0 0 0 0 0 0 1 
0 0 0 0 0 0 1 0 0 1 
0 0 1 0 0 0 0 0 0 1 
0 1 0 1 0 0 1 0 1 0 
Open stacks: 7
Took 7.94 seconds

buffer: HS problem 42 size 10 10 density  0.20
numCustomers: 10
numProducts: 10
1 0 0 0 0 0 1 0 1 0 
0 0 0 1 0 0 0 0 0 0 
0 0 0 0 1 0 0 1 1 0 
0 0 1 1 0 0 1 0 0 0 
0 0 0 0 0 1 1 0 0 1 
0 1 0 0 0 0 0 1 1 0 
0 1 0 0 0 0 0 1 0 0 
0 1 1 1 0 1 0 0 0 0 
0 1 0 0 0 0 0 1 1 0 
0 0 1 0 0 0 0 1 0 0 
numSequences: 3628800
minStacks: 6
Best sequence:
9 6 5 2 3 1 0 4 7 8 
0 1 0 0 0 0 1 0 0 1 
0 0 0 0 1 0 0 0 0 0 
0 0 0 0 0 0 0 1 1 1 
0 1 0 1 1 0 0 0 0 0 
1 1 1 0 0 0 0 0 0 0 
0 0 0 0 0 1 0 0 1 1 
0 0 0 0 0 1 0 0 1 0 
0 0 1 1 1 1 0 0 0 0 
0 0 0 0 0 1 0 0 1 1 
0 0 0 1 0 0 0 0 1 0 
Open stacks: 6
Took 7.93 seconds

buffer: HS problem 43 size 10 10 density  0.20
numCustomers: 10
numProducts: 10
0 0 0 0 0 0 1 0 1 1 
0 0 0 1 1 0 0 0 0 0 
0 1 0 0 0 0 0 0 1 0 
0 0 0 1 0 0 1 0 0 0 
0 0 0 1 0 0 0 0 1 0 
0 1 0 0 0 1 0 1 0 1 
0 0 1 0 0 0 0 1 0 0 
1 1 0 0 0 0 0 0 1 1 
0 1 0 0 0 0 0 0 1 0 
0 0 0 0 0 0 0 0 1 0 
numSequences: 3628800
minStacks: 6
Best sequence:
9 7 0 2 3 4 5 6 1 8 
1 0 0 0 0 0 0 1 0 1 
0 0 0 0 1 1 0 0 0 0 
0 0 0 0 0 0 0 0 1 1 
0 0 0 0 1 0 0 1 0 0 
0 0 0 0 1 0 0 0 0 1 
1 1 0 0 0 0 1 0 1 0 
0 1 0 1 0 0 0 0 0 0 
1 0 1 0 0 0 0 0 1 1 
0 0 0 0 0 0 0 0 1 1 
0 0 0 0 0 0 0 0 0 1 
Open stacks: 6
Took 7.93 seconds

buffer: HS problem 44 size 10 10 density  0.20
numCustomers: 10
numProducts: 10
1 0 0 1 1 0 0 0 0 0 
0 0 0 0 0 1 0 1 0 0 
0 0 1 0 0 0 0 0 1 0 
0 0 1 0 0 0 0 0 1 0 
0 0 1 1 0 1 1 0 1 0 
0 0 1 0 0 0 0 0 0 1 
0 0 0 0 1 0 1 0 0 0 
0 1 0 1 0 0 0 0 1 0 
0 0 0 0 1 0 0 0 0 0 
1 0 0 1 0 0 1 0 0 1 
numSequences: 3628800
minStacks: 5
Best sequence:
9 4 6 1 0 3 2 5 7 8 
0 1 0 0 1 1 0 0 0 0 
0 0 0 0 0 0 0 1 1 0 
0 0 0 0 0 0 1 0 0 1 
0 0 0 0 0 0 1 0 0 1 
0 0 1 0 0 1 1 1 0 1 
1 0 0 0 0 0 1 0 0 0 
0 1 1 0 0 0 0 0 0 0 
0 0 0 1 0 1 0 0 0 1 
0 1 0 0 0 0 0 0 0 0 
1 0 1 0 1 1 0 0 0 0 
Open stacks: 5
Took 7.94 seconds

buffer: HS problem 45 size 10 10 density  0.20
numCustomers: 10
numProducts: 10
1 0 0 0 0 0 0 1 0 0 
0 1 0 0 0 1 1 0 0 0 
0 0 0 0 1 1 1 0 0 1 
0 0 1 0 0 0 0 0 0 0 
0 1 0 0 1 0 0 0 0 0 
0 0 0 0 0 1 0 0 1 0 
1 1 0 0 0 0 0 0 0 0 
0 1 0 1 1 0 0 0 0 0 
0 1 0 0 0 0 0 0 0 0 
0 0 0 1 0 0 0 0 0 0 
numSequences: 3628800
minStacks: 5
Best sequence:
9 8 6 2 3 4 5 1 0 7 
0 0 0 0 0 0 0 0 1 1 
0 0 1 0 0 0 1 1 0 0 
1 0 1 0 0 1 1 0 0 0 
0 0 0 1 0 0 0 0 0 0 
0 0 0 0 0 1 0 1 0 0 
0 1 0 0 0 0 1 0 0 0 
0 0 0 0 0 0 0 1 1 0 
0 0 0 0 1 1 0 1 0 0 
0 0 0 0 0 0 0 1 0 0 
0 0 0 0 1 0 0 0 0 0 
Open stacks: 5
Took 7.93 seconds

buffer: HS problem 46 size 10 10 density  0.20
numCustomers: 10
numProducts: 10
1 0 0 0 0 0 0 0 0 1 
0 0 0 1 1 0 0 0 1 0 
0 1 0 1 0 0 0 1 0 1 
0 0 1 0 0 1 0 0 0 0 
0 0 0 0 0 0 1 0 1 0 
0 0 0 0 1 0 1 0 0 0 
0 1 0 0 0 0 1 0 0 0 
0 0 0 0 0 1 0 0 0 1 
0 1 0 0 0 1 0 0 0 0 
0 0 0 0 1 0 0 0 0 0 
numSequences: 3628800
minStacks: 4
Best sequence:
9 7 0 5 1 2 3 4 6 8 
1 0 1 0 0 0 0 0 0 0 
0 0 0 0 0 0 1 1 0 1 
1 1 0 0 1 0 1 0 0 0 
0 0 0 1 0 1 0 0 0 0 
0 0 0 0 0 0 0 0 1 1 
0 0 0 0 0 0 0 1 1 0 
0 0 0 0 1 0 0 0 1 0 
1 0 0 1 0 0 0 0 0 0 
0 0 0 1 1 0 0 0 0 0 
0 0 0 0 0 0 0 1 0 0 
Open stacks: 4
Took 7.93 seconds

buffer: HS problem 47 size 10 10 density  0.20
numCustomers: 10
numProducts: 10
0 0 0 0 0 1 0 0 0 1 
1 0 0 0 1 0 1 0 0 1 
0 0 1 0 0 0 0 1 0 1 
1 0 0 1 1 0 0 0 0 0 
0 0 0 0 0 0 0 1 1 0 
0 0 0 0 0 0 1 0 0 1 
0 0 0 0 0 0 0 0 1 0 
1 0 0 0 0 0 0 0 0 1 
0 1 0 0 1 1 0 0 0 0 
0 0 1 0 0 0 0 1 0 0 
numSequences: 3628800
minStacks: 5
Best sequence:
9 6 0 1 3 4 2 5 7 8 
1 0 0 0 0 0 0 1 0 0 
1 1 1 0 0 1 0 0 0 0 
1 0 0 0 0 0 1 0 1 0 
0 0 1 0 1 1 0 0 0 0 
0 0 0 0 0 0 0 0 1 1 
1 1 0 0 0 0 0 0 0 0 
0 0 0 0 0 0 0 0 0 1 
1 0 1 0 0 0 0 0 0 0 
0 0 0 1 0 1 0 1 0 0 
0 0 0 0 0 0 1 0 1 0 
Open stacks: 5
Took 7.93 seconds

buffer: HS problem 48 size 10 10 density  0.20
numCustomers: 10
numProducts: 10
0 0 0 0 1 0 0 0 0 0 
0 0 1 0 0 0 0 0 0 1 
0 1 0 0 0 0 0 0 1 0 
1 0 0 0 0 1 0 0 0 0 
0 0 0 0 0 0 1 1 0 0 
0 0 0 1 0 1 0 0 1 1 
1 0 0 0 0 0 0 0 0 0 
1 1 0 1 1 0 0 0 0 0 
0 0 0 1 0 0 0 0 0 0 
0 1 1 0 0 0 0 1 0 0 
numSequences: 3628800
minStacks: 4
Best sequence:
9 8 2 1 3 5 0 6 4 7 
0 0 0 0 0 0 0 0 1 0 
1 0 1 0 0 0 0 0 0 0 
0 1 0 1 0 0 0 0 0 0 
0 0 0 0 0 1 1 0 0 0 
0 0 0 0 0 0 0 1 0 1 
1 1 0 0 1 1 0 0 0 0 
0 0 0 0 0 0 1 0 0 0 
0 0 0 1 1 0 1 0 1 0 
0 0 0 0 1 0 0 0 0 0 
0 0 1 1 0 0 0 0 0 1 
Open stacks: 4
Took 7.93 seconds

buffer: HS problem 49 size 10 10 density  0.20
numCustomers: 10
numProducts: 10
1 0 0 1 0 0 0 0 0 1 
0 0 0 1 0 0 0 1 1 0 
0 0 0 0 0 0 1 0 1 1 
0 1 0 0 0 0 0 1 0 0 
0 1 0 0 0 0 0 1 0 0 
0 0 0 0 0 0 0 0 0 1 
0 1 1 1 0 1 0 0 0 0 
0 0 0 0 0 0 1 0 0 0 
0 1 1 0 1 0 0 0 0 0 
0 0 0 0 0 0 0 0 1 0 
numSequences: 3628800
minStacks: 4
Best sequence:
9 8 6 0 3 7 1 4 2 5 
1 0 0 1 1 0 0 0 0 0 
0 1 0 0 1 1 0 0 0 0 
1 1 1 0 0 0 0 0 0 0 
0 0 0 0 0 1 1 0 0 0 
0 0 0 0 0 1 1 0 0 0 
1 0 0 0 0 0 0 0 0 0 
0 0 0 0 1 0 1 0 1 1 
0 0 1 0 0 0 0 0 0 0 
0 0 0 0 0 0 1 1 1 0 
0 1 0 0 0 0 0 0 0 0 
Open stacks: 4
Took 7.94 seconds

buffer: HS problem 50 size 10 10 density  0.20
numCustomers: 10
numProducts: 10
0 0 0 1 0 1 0 0 0 0 
0 0 1 0 0 0 0 0 0 0 
1 1 0 0 1 1 1 0 0 0 
0 0 1 1 0 0 0 0 0 0 
0 0 0 0 1 0 1 1 0 0 
1 1 0 1 0 0 0 0 1 0 
0 0 1 0 1 1 0 0 0 1 
0 0 0 0 0 0 0 0 1 0 
0 0 0 0 0 0 1 0 0 0 
1 0 0 0 1 0 1 0 1 0 
numSequences: 3628800
minStacks: 5
Best sequence:
9 5 2 1 3 0 4 6 7 8 
0 1 0 0 1 0 0 0 0 0 
0 0 1 0 0 0 0 0 0 0 
0 1 0 1 0 1 1 1 0 0 
0 0 1 0 1 0 0 0 0 0 
0 0 0 0 0 0 1 1 1 0 
0 0 0 1 1 1 0 0 0 1 
1 1 1 0 0 0 1 0 0 0 
0 0 0 0 0 0 0 0 0 1 
0 0 0 0 0 0 0 1 0 0 
0 0 0 0 0 1 1 1 0 1 
Open stacks: 5
Took 7.93 seconds

buffer: HS problem 51 size 10 10 density  0.25
numCustomers: 10
numProducts: 10
0 0 0 0 0 0 1 0 1 0 
0 0 0 0 0 0 0 0 1 0 
1 1 0 1 0 0 0 0 0 1 
0 0 0 0 0 1 0 0 1 1 
1 0 0 0 1 1 0 1 0 1 
1 0 0 0 0 1 0 0 0 0 
0 1 0 0 0 0 1 0 1 0 
0 0 0 0 1 1 0 0 0 0 
0 0 1 0 0 1 0 0 0 0 
0 0 1 0 0 0 0 0 0 0 
numSequences: 3628800
minStacks: 5
Best sequence:
8 9 6 1 3 4 0 5 7 2 
1 0 1 0 0 0 0 0 0 0 
1 0 0 0 0 0 0 0 0 0 
0 1 0 1 1 0 1 0 0 0 
1 1 0 0 0 0 0 1 0 0 
0 1 0 0 0 1 1 1 1 0 
0 0 0 0 0 0 1 1 0 0 
1 0 1 1 0 0 0 0 0 0 
0 0 0 0 0 1 0 1 0 0 
0 0 0 0 0 0 0 1 0 1 
0 0 0 0 0 0 0 0 0 1 
Open stacks: 5
Took 7.93 seconds

buffer: HS problem 52 size 10 10 density  0.25
numCustomers: 10
numProducts: 10
0 1 0 0 0 1 0 0 1 0 
1 1 0 0 0 0 0 0 1 0 
0 0 0 1 0 0 1 1 0 0 
0 0 0 0 0 1 0 0 0 0 
0 0 1 0 1 0 0 0 0 0 
0 1 0 1 0 0 1 0 1 0 
1 1 0 0 1 0 1 0 1 0 
1 0 1 0 0 0 0 1 0 1 
0 1 0 0 0 0 1 1 0 0 
0 0 0 1 1 1 1 0 0 0 
numSequences: 3628800
minStacks: 6
Best sequence:
9 7 6 3 2 4 0 1 5 8 
0 0 0 0 0 0 0 1 1 1 
0 0 0 0 0 0 1 1 0 1 
0 1 1 1 0 0 0 0 0 0 
0 0 0 0 0 0 0 0 1 0 
0 0 0 0 1 1 0 0 0 0 
0 0 1 1 0 0 0 1 0 1 
0 0 1 0 0 1 1 1 0 1 
1 1 0 0 1 0 1 0 0 0 
0 1 1 0 0 0 0 1 0 0 
0 0 1 1 0 1 0 0 1 0 
Open stacks: 6
Took 7.95 seconds

buffer: HS problem 53 size 10 10 density  0.25
numCustomers: 10
numProducts: 10
1 0 0 0 1 1 0 1 0 0 
1 0 0 1 0 1 0 0 0 1 
0 0 0 1 0 0 0 0 0 0 
0 0 0 0 0 0 1 0 0 0 
0 1 0 0 0 0 1 0 0 0 
0 0 1 1 0 0 0 0 0 1 
0 0 0 0 0 0 0 0 1 0 
1 0 0 0 0 0 0 0 0 0 
0 1 0 0 0 0 0 1 0 0 
0 0 0 0 0 1 0 0 0 0 
numSequences: 3628800
minStacks: 3
Best sequence:
9 3 2 5 0 6 1 4 7 8 
0 0 0 1 1 0 0 1 1 0 
1 1 0 1 1 0 0 0 0 0 
0 1 0 0 0 0 0 0 0 0 
0 0 0 0 0 1 0 0 0 0 
0 0 0 0 0 1 1 0 0 0 
1 1 1 0 0 0 0 0 0 0 
0 0 0 0 0 0 0 0 0 1 
0 0 0 0 1 0 0 0 0 0 
0 0 0 0 0 0 1 0 1 0 
0 0 0 1 0 0 0 0 0 0 
Open stacks: 3
Took 7.92 seconds

buffer: HS problem 54 size 10 10 density  0.25
numCustomers: 10
numProducts: 10
0 1 0 1 1 0 0 0 0 1 
0 0 0 0 0 0 0 0 1 0 
0 0 0 0 0 1 1 0 1 0 
0 0 0 0 1 0 0 1 0 1 
0 0 1 0 0 0 0 0 1 1 
0 0 0 1 0 0 0 0 0 1 
1 0 1 1 0 0 1 1 0 0 
1 0 0 0 0 0 1 0 0 0 
0 0 1 0 0 0 0 0 0 1 
0 0 0 0 0 0 1 0 0 0 
numSequences: 3628800
minStacks: 6
Best sequence:
9 2 0 1 3 4 5 6 7 8 
1 0 0 1 1 1 0 0 0 0 
0 0 0 0 0 0 0 0 0 1 
0 0 0 0 0 0 1 1 0 1 
1 0 0 0 0 1 0 0 1 0 
1 1 0 0 0 0 0 0 0 1 
1 0 0 0 1 0 0 0 0 0 
0 1 1 0 1 0 0 1 1 0 
0 0 1 0 0 0 0 1 0 0 
1 1 0 0 0 0 0 0 0 0 
0 0 0 0 0 0 0 1 0 0 
Open stacks: 6
Took 7.92 seconds

buffer: HS problem 55 size 10 10 density  0.25
numCustomers: 10
numProducts: 10
0 1 1 0 0 1 0 0 0 0 
1 1 1 1 0 1 0 1 0 0 
0 0 1 1 0 0 1 1 1 0 
1 0 0 0 1 0 0 0 0 0 
0 0 1 1 0 0 0 1 0 0 
0 0 0 1 0 0 0 0 0 0 
0 0 0 1 0 0 0 0 0 1 
0 0 0 0 0 1 0 0 0 0 
1 0 0 0 0 0 0 1 0 0 
0 1 0 1 0 1 0 1 1 1 
numSequences: 3628800
minStacks: 6
Best sequence:
9 5 1 2 3 0 4 6 7 8 
0 1 1 1 0 0 0 0 0 0 
0 1 1 1 1 1 0 0 1 0 
0 0 0 1 1 0 0 1 1 1 
0 0 0 0 0 1 1 0 0 0 
0 0 0 1 1 0 0 0 1 0 
0 0 0 0 1 0 0 0 0 0 
1 0 0 0 1 0 0 0 0 0 
0 1 0 0 0 0 0 0 0 0 
0 0 0 0 0 1 0 0 1 0 
1 1 1 0 1 0 0 0 1 1 
Open stacks: 6
Took 7.94 seconds

buffer: HS problem 56 size 10 10 density  0.25
numCustomers: 10
numProducts: 10
1 1 0 0 1 1 0 0 0 0 
0 0 0 0 0 1 0 0 0 1 
1 0 1 1 0 0 1 0 0 0 
0 0 1 1 1 0 0 1 0 1 
0 0 0 0 0 0 0 1 1 0 
1 1 0 0 0 0 0 0 0 0 
0 0 0 0 1 0 1 1 0 0 
0 0 0 1 0 0 1 0 0 0 
0 0 0 0 1 1 1 0 1 0 
0 0 0 0 0 0 1 0 0 0 
numSequences: 3628800
minStacks: 5
Best sequence:
9 5 0 1 4 8 7 3 2 6 
0 1 1 1 1 0 0 0 0 0 
1 1 0 0 0 0 0 0 0 0 
0 0 1 0 0 0 0 1 1 1 
1 0 0 0 1 0 1 1 1 0 
0 0 0 0 0 1 1 0 0 0 
0 0 1 1 0 0 0 0 0 0 
0 0 0 0 1 0 1 0 0 1 
0 0 0 0 0 0 0 1 0 1 
0 1 0 0 1 1 0 0 0 1 
0 0 0 0 0 0 0 0 0 1 
Open stacks: 5
Took 7.94 seconds

buffer: HS problem 57 size 10 10 density  0.25
numCustomers: 10
numProducts: 10
0 0 0 0 0 0 0 1 0 0 
0 0 0 0 1 1 0 0 0 0 
0 0 1 0 0 0 0 0 0 0 
1 0 0 0 0 1 1 0 0 0 
0 0 0 0 0 0 1 0 0 0 
0 1 0 0 0 0 0 0 0 0 
0 0 1 0 0 1 1 0 0 0 
0 1 0 0 0 1 0 0 0 0 
0 0 1 1 0 0 0 0 1 1 
0 0 1 0 0 0 0 0 1 0 
numSequences: 3628800
minStacks: 4
Best sequence:
9 8 2 1 3 4 5 6 0 7 
0 0 0 0 0 0 0 0 0 1 
0 0 0 0 0 1 1 0 0 0 
0 0 1 0 0 0 0 0 0 0 
0 0 0 0 0 0 1 1 1 0 
0 0 0 0 0 0 0 1 0 0 
0 0 0 1 0 0 0 0 0 0 
0 0 1 0 0 0 1 1 0 0 
0 0 0 1 0 0 1 0 0 0 
1 1 1 0 1 0 0 0 0 0 
0 1 1 0 0 0 0 0 0 0 
Open stacks: 4
Took 7.92 seconds

buffer: HS problem 58 size 10 10 density  0.25
numCustomers: 10
numProducts: 10
1 1 0 1 1 0 0 0 0 1 
0 0 0 0 1 0 1 0 0 1 
0 1 0 0 0 1 1 0 0 0 
1 1 0 0 0 0 0 0 0 0 
1 1 0 0 0 1 0 0 0 0 
1 0 0 0 0 0 1 0 0 0 
1 0 1 0 0 0 0 1 0 1 
0 0 1 0 0 0 0 0 1 1 
0 0 0 0 1 0 0 1 0 0 
0 0 1 0 0 0 0 1 0 1 
numSequences: 3628800
minStacks: 6
Best sequence:
9 8 7 4 2 0 5 1 3 6 
1 0 0 1 0 1 0 1 1 0 
1 0 0 1 0 0 0 0 0 1 
0 0 0 0 0 0 1 1 0 1 
0 0 0 0 0 1 0 1 0 0 
0 0 0 0 0 1 1 1 0 0 
0 0 0 0 0 1 0 0 0 1 
1 0 1 0 1 1 0 0 0 0 
1 1 0 0 1 0 0 0 0 0 
0 0 1 1 0 0 0 0 0 0 
1 0 1 0 1 0 0 0 0 0 
Open stacks: 6
Took 7.95 seconds

buffer: HS problem 59 size 10 10 density  0.25
numCustomers: 10
numProducts: 10
1 0 1 0 1 1 0 0 0 0 
0 1 1 1 0 1 1 1 1 0 
0 0 1 0 0 1 0 0 1 1 
0 0 0 0 0 1 0 1 0 0 
0 1 1 0 0 1 0 0 0 0 
1 0 0 0 1 0 0 0 0 0 
0 0 0 1 1 1 0 0 0 1 
0 1 0 1 1 0 0 0 0 1 
0 0 0 0 0 0 0 0 0 1 
1 1 0 0 0 0 0 0 0 0 
numSequences: 3628800
minStacks: 7
Best sequence:
9 4 0 2 1 3 5 6 7 8 
0 1 1 1 0 0 1 0 0 0 
0 0 0 1 1 1 1 1 1 1 
1 0 0 1 0 0 1 0 0 1 
0 0 0 0 0 0 1 0 1 0 
0 0 0 1 1 0 1 0 0 0 
0 1 1 0 0 0 0 0 0 0 
1 1 0 0 0 1 1 0 0 0 
1 1 0 0 1 1 0 0 0 0 
1 0 0 0 0 0 0 0 0 0 
0 0 1 0 1 0 0 0 0 0 
Open stacks: 7
Took 7.94 seconds

buffer: HS problem 60 size 10 10 density  0.25
numCustomers: 10
numProducts: 10
0 0 0 1 0 0 0 0 1 0 
0 0 0 1 1 1 1 1 0 0 
0 0 0 1 0 1 0 0 0 0 
0 0 1 0 0 0 0 0 1 0 
0 0 1 0 0 0 0 0 1 1 
0 0 0 1 0 0 0 0 0 0 
1 0 0 0 0 0 0 0 0 0 
0 0 0 0 0 0 1 0 0 1 
1 0 0 1 0 1 0 0 0 0 
0 1 0 0 0 0 1 1 0 0 
numSequences: 3628800
minStacks: 5
Best sequence:
9 8 2 6 0 4 1 5 7 3 
0 1 0 0 0 0 0 0 0 1 
0 0 0 1 0 1 0 1 1 1 
0 0 0 0 0 0 0 1 0 1 
0 1 1 0 0 0 0 0 0 0 
1 1 1 0 0 0 0 0 0 0 
0 0 0 0 0 0 0 0 0 1 
0 0 0 0 1 0 0 0 0 0 
1 0 0 1 0 0 0 0 0 0 
0 0 0 0 1 0 0 1 0 1 
0 0 0 1 0 0 1 0 1 0 
Open stacks: 5
Took 7.93 seconds

buffer: HS problem 61 size 10 10 density  0.25
numCustomers: 10
numProducts: 10
1 0 0 1 0 0 0 0 1 0 
0 0 0 1 0 0 0 0 0 0 
0 0 0 0 0 0 0 1 0 1 
1 0 0 0 0 1 0 0 0 0 
0 0 0 0 0 1 0 0 1 0 
1 0 1 0 0 0 0 1 0 0 
0 0 0 0 1 0 0 0 0 0 
0 1 1 0 0 0 0 0 0 0 
0 1 0 0 0 0 0 0 1 1 
0 0 0 1 1 0 1 0 1 0 
numSequences: 3628800
minStacks: 4
Best sequence:
9 7 1 2 0 5 8 3 4 6 
0 0 0 0 1 0 1 1 0 0 
0 0 0 0 0 0 0 1 0 0 
1 1 0 0 0 0 0 0 0 0 
0 0 0 0 1 1 0 0 0 0 
0 0 0 0 0 1 1 0 0 0 
0 1 0 1 1 0 0 0 0 0 
0 0 0 0 0 0 0 0 1 0 
0 0 1 1 0 0 0 0 0 0 
1 0 1 0 0 0 1 0 0 0 
0 0 0 0 0 0 1 1 1 1 
Open stacks: 4
Took 7.91 seconds

buffer: HS problem 62 size 10 10 density  0.25
numCustomers: 10
numProducts: 10
0 0 0 0 1 0 1 1 0 0 
0 0 0 1 0 1 0 0 0 0 
1 0 0 1 0 0 0 0 0 0 
0 0 1 0 0 0 0 0 1 0 
0 0 0 0 0 1 0 0 0 0 
1 0 0 0 0 0 1 0 0 1 
1 1 0 0 1 1 0 0 0 0 
0 0 1 0 1 0 0 0 0 0 
0 0 1 0 0 1 0 0 1 1 
0 1 0 0 0 0 0 0 1 1 
numSequences: 3628800
minStacks: 5
Best sequence:
9 8 1 2 6 4 0 3 5 7 
0 0 0 0 1 1 0 0 0 1 
0 0 0 0 0 0 0 1 1 0 
0 0 0 0 0 0 1 1 0 0 
0 1 0 1 0 0 0 0 0 0 
0 0 0 0 0 0 0 0 1 0 
1 0 0 0 1 0 1 0 0 0 
0 0 1 0 0 1 1 0 1 0 
0 0 0 1 0 1 0 0 0 0 
1 1 0 1 0 0 0 0 1 0 
1 1 1 0 0 0 0 0 0 0 
Open stacks: 5
Took 7.94 seconds

buffer: HS problem 63 size 10 10 density  0.25
numCustomers: 10
numProducts: 10
1 0 0 1 1 0 0 0 0 0 
1 0 0 0 0 0 0 0 0 1 
0 0 1 1 0 0 0 0 0 0 
0 0 0 1 0 1 1 1 0 0 
0 0 0 0 1 0 0 1 0 0 
0 1 0 0 0 0 0 0 0 0 
1 0 1 0 0 1 0 1 1 1 
0 0 1 1 0 0 0 0 0 0 
0 0 1 1 1 0 1 0 0 1 
0 0 1 1 0 0 0 0 0 0 
numSequences: 3628800
minStacks: 7
Best sequence:
9 0 1 2 3 4 5 6 7 8 
0 1 0 0 1 1 0 0 0 0 
1 1 0 0 0 0 0 0 0 0 
0 0 0 1 1 0 0 0 0 0 
0 0 0 0 1 0 1 1 1 0 
0 0 0 0 0 1 0 0 1 0 
0 0 1 0 0 0 0 0 0 0 
1 1 0 1 0 0 1 0 1 1 
0 0 0 1 1 0 0 0 0 0 
1 0 0 1 1 1 0 1 0 0 
0 0 0 1 1 0 0 0 0 0 
Open stacks: 7
Took 7.94 seconds

buffer: HS problem 64 size 10 10 density  0.25
numCustomers: 10
numProducts: 10
0 0 0 0 1 1 0 0 0 1 
0 0 0 0 0 1 0 0 0 1 
0 1 1 1 0 0 1 0 1 0 
1 0 1 0 1 1 0 0 0 1 
0 0 1 0 0 0 0 0 1 0 
0 1 0 1 1 0 1 0 0 0 
1 0 1 0 0 1 0 1 0 0 
1 0 0 0 0 0 0 0 0 0 
0 0 0 0 1 1 0 1 0 0 
0 0 0 1 0 0 0 0 0 0 
numSequences: 3628800
minStacks: 5
Best sequence:
9 7 5 4 1 0 3 2 6 8 
1 0 1 1 0 0 0 0 0 0 
1 0 1 0 0 0 0 0 0 0 
0 0 0 0 1 0 1 1 1 1 
1 0 1 1 0 1 0 1 0 0 
0 0 0 0 0 0 0 1 0 1 
0 0 0 1 1 0 1 0 1 0 
0 1 1 0 0 1 0 1 0 0 
0 0 0 0 0 1 0 0 0 0 
0 1 1 1 0 0 0 0 0 0 
0 0 0 0 0 0 1 0 0 0 
Open stacks: 5
Took 7.95 seconds

buffer: HS problem 65 size 10 10 density  0.25
numCustomers: 10
numProducts: 10
0 0 0 0 0 0 0 1 0 0 
0 0 0 0 0 1 1 0 0 1 
1 0 0 0 0 0 1 0 1 0 
0 0 1 0 0 1 1 0 0 0 
0 0 0 0 0 0 0 0 0 1 
0 1 0 0 0 0 0 0 0 0 
0 0 0 0 1 0 0 1 0 0 
0 0 0 0 0 1 0 0 0 0 
0 0 0 1 0 0 0 0 0 0 
0 0 0 1 0 1 0 0 0 1 
numSequences: 3628800
minStacks: 4
Best sequence:
9 5 1 2 3 0 4 6 7 8 
0 0 0 0 0 0 0 0 1 0 
1 1 0 0 0 0 0 1 0 0 
0 0 0 0 0 1 0 1 0 1 
0 1 0 1 0 0 0 1 0 0 
1 0 0 0 0 0 0 0 0 0 
0 0 1 0 0 0 0 0 0 0 
0 0 0 0 0 0 1 0 1 0 
0 1 0 0 0 0 0 0 0 0 
0 0 0 0 1 0 0 0 0 0 
1 1 0 0 1 0 0 0 0 0 
Open stacks: 4
Took 7.93 seconds

buffer: HS problem 66 size 10 10 density  0.25
numCustomers: 10
numProducts: 10
0 0 0 1 0 1 0 0 0 0 
0 0 0 0 0 0 0 1 0 0 
0 0 0 0 0 1 0 0 0 0 
1 0 0 1 0 1 0 0 1 0 
0 1 0 1 1 0 0 0 0 0 
0 0 0 0 0 0 0 1 0 0 
1 0 1 0 0 0 0 1 1 0 
0 0 1 0 0 0 0 0 0 1 
0 0 0 1 0 0 1 0 1 0 
0 0 0 0 0 1 0 0 0 0 
numSequences: 3628800
minStacks: 4
Best sequence:
9 7 8 0 2 4 3 6 1 5 
0 0 0 0 0 0 1 0 0 1 
0 1 0 0 0 0 0 0 0 0 
0 0 0 0 0 0 0 0 0 1 
0 0 1 1 0 0 1 0 0 1 
0 0 0 0 0 1 1 0 1 0 
0 1 0 0 0 0 0 0 0 0 
0 1 1 1 1 0 0 0 0 0 
1 0 0 0 1 0 0 0 0 0 
0 0 1 0 0 0 1 1 0 0 
0 0 0 0 0 0 0 0 0 1 
Open stacks: 4
Took 7.93 seconds

buffer: HS problem 67 size 10 10 density  0.25
numCustomers: 10
numProducts: 10
0 1 1 0 0 0 0 0 0 0 
0 1 0 0 0 0 0 0 1 0 
0 0 1 0 0 0 1 0 0 0 
0 0 0 1 1 1 1 1 0 1 
0 0 1 0 0 1 0 0 0 0 
1 0 0 0 0 0 1 1 0 0 
0 0 0 0 0 1 0 0 1 0 
0 0 0 0 1 0 0 0 0 0 
0 0 0 0 0 1 0 1 0 0 
1 0 0 0 0 0 1 1 1 1 
numSequences: 3628800
minStacks: 6
Best sequence:
9 7 6 0 3 4 2 1 5 8 
0 0 0 0 0 0 1 1 0 0 
0 0 0 0 0 0 0 1 0 1 
0 0 1 0 0 0 1 0 0 0 
1 1 1 0 1 1 0 0 1 0 
0 0 0 0 0 0 1 0 1 0 
0 1 1 1 0 0 0 0 0 0 
0 0 0 0 0 0 0 0 1 1 
0 0 0 0 0 1 0 0 0 0 
0 1 0 0 0 0 0 0 1 0 
1 1 1 1 0 0 0 0 0 1 
Open stacks: 6
Took 7.94 seconds

buffer: HS problem 68 size 10 10 density  0.25
numCustomers: 10
numProducts: 10
1 0 0 0 0 1 1 0 0 0 
1 0 0 0 0 0 0 0 1 1 
1 0 1 1 0 0 0 0 0 0 
0 1 0 0 0 0 1 0 0 0 
0 0 0 0 1 0 1 0 0 1 
1 0 0 0 0 0 0 1 0 0 
0 0 1 0 1 0 1 1 0 0 
1 1 0 0 1 0 0 0 0 0 
0 0 0 0 1 1 1 0 0 0 
1 0 1 0 1 0 0 1 0 0 
numSequences: 3628800
minStacks: 7
Best sequence:
9 6 1 4 2 3 5 0 7 8 
0 1 0 0 0 0 1 1 0 0 
1 0 0 0 0 0 0 1 0 1 
0 0 0 0 1 1 0 1 0 0 
0 1 1 0 0 0 0 0 0 0 
1 1 0 1 0 0 0 0 0 0 
0 0 0 0 0 0 0 1 1 0 
0 1 0 1 1 0 0 0 1 0 
0 0 1 1 0 0 0 1 0 0 
0 1 0 1 0 0 1 0 0 0 
0 0 0 1 1 0 0 1 1 0 
Open stacks: 7
Took 7.93 seconds

buffer: HS problem 69 size 10 10 density  0.25
numCustomers: 10
numProducts: 10
0 0 1 0 1 1 1 0 0 0 
0 0 1 1 0 0 0 0 0 1 
1 0 0 0 0 0 0 0 0 1 
0 1 0 0 0 0 0 0 0 0 
0 0 1 0 0 0 0 0 0 0 
1 0 0 0 1 0 0 0 0 1 
0 1 1 0 0 0 0 1 0 0 
0 0 0 1 0 1 0 0 0 1 
0 0 0 0 0 0 0 1 1 0 
0 0 1 0 1 0 0 0 1 0 
numSequences: 3628800
minStacks: 5
Best sequence:
9 5 3 0 1 4 2 6 7 8 
0 1 0 0 0 1 1 1 0 0 
1 0 1 0 0 0 1 0 0 0 
1 0 0 1 0 0 0 0 0 0 
0 0 0 0 1 0 0 0 0 0 
0 0 0 0 0 0 1 0 0 0 
1 0 0 1 0 1 0 0 0 0 
0 0 0 0 1 0 1 0 1 0 
1 1 1 0 0 0 0 0 0 0 
0 0 0 0 0 0 0 0 1 1 
0 0 0 0 0 1 1 0 0 1 
Open stacks: 5
Took 7.93 seconds

buffer: HS problem 70 size 10 10 density  0.25
numCustomers: 10
numProducts: 10
0 0 0 0 0 0 1 0 0 1 
1 0 0 0 0 0 0 0 0 0 
0 0 0 0 1 0 0 0 0 0 
0 0 0 0 1 0 0 0 1 1 
0 0 0 1 0 1 0 1 1 0 
0 0 0 0 0 0 0 1 0 0 
0 1 0 1 0 0 0 0 0 0 
0 0 1 0 0 0 1 1 0 0 
1 0 0 0 0 0 0 0 0 0 
1 0 0 0 1 1 0 0 1 0 
numSequences: 3628800
minStacks: 3
Best sequence:
7 6 2 9 1 3 8 5 4 0 
0 1 0 1 0 0 0 0 0 0 
0 0 0 0 0 0 0 0 0 1 
0 0 0 0 0 0 0 0 1 0 
0 0 0 1 0 0 1 0 1 0 
1 0 0 0 0 1 1 1 0 0 
1 0 0 0 0 0 0 0 0 0 
0 0 0 0 1 1 0 0 0 0 
1 1 1 0 0 0 0 0 0 0 
0 0 0 0 0 0 0 0 0 1 
0 0 0 0 0 0 1 1 1 1 
Open stacks: 3
Took 7.94 seconds

buffer: HS problem 71 size 10 10 density  0.25
numCustomers: 10
numProducts: 10
1 1 1 1 0 0 1 1 0 0 
1 1 0 0 1 0 0 0 0 0 
0 0 0 0 0 1 1 0 1 0 
1 0 0 1 0 0 0 0 0 0 
0 1 0 0 0 1 0 0 0 0 
0 0 0 1 0 0 0 0 1 0 
1 0 1 0 0 0 0 0 0 0 
0 0 1 0 0 0 1 1 0 0 
0 1 1 1 0 0 1 0 0 1 
1 0 0 1 0 0 1 0 1 0 
numSequences: 3628800
minStacks: 7
Best sequence:
9 3 0 2 1 4 5 6 7 8 
0 1 1 1 1 0 0 1 1 0 
0 0 1 0 1 1 0 0 0 0 
0 0 0 0 0 0 1 1 0 1 
0 1 1 0 0 0 0 0 0 0 
0 0 0 0 1 0 1 0 0 0 
0 1 0 0 0 0 0 0 0 1 
0 0 1 1 0 0 0 0 0 0 
0 0 0 1 0 0 0 1 1 0 
1 1 0 1 1 0 0 1 0 0 
0 1 1 0 0 0 0 1 0 1 
Open stacks: 7
Took 7.94 seconds

buffer: HS problem 72 size 10 10 density  0.25
numCustomers: 10
numProducts: 10
1 0 1 0 1 0 1 0 0 0 
0 1 0 1 0 0 0 0 1 0 
0 0 0 0 0 1 1 0 0 0 
0 0 0 0 0 0 0 1 1 1 
0 0 0 1 0 0 0 0 0 0 
0 0 0 1 1 0 0 1 1 1 
1 0 1 0 1 1 0 0 0 1 
0 0 1 0 0 0 1 0 1 0 
0 0 1 0 0 1 0 0 1 0 
0 0 0 0 1 1 0 0 1 0 
numSequences: 3628800
minStacks: 6
Best sequence:
3 8 1 9 7 4 5 0 6 2 
0 0 0 0 0 1 0 1 1 1 
1 1 1 0 0 0 0 0 0 0 
0 0 0 0 0 0 1 0 1 0 
0 1 0 1 1 0 0 0 0 0 
1 0 0 0 0 0 0 0 0 0 
1 1 0 1 1 1 0 0 0 0 
0 0 0 1 0 1 1 1 0 1 
0 1 0 0 0 0 0 0 1 1 
0 1 0 0 0 0 1 0 0 1 
0 1 0 0 0 1 1 0 0 0 
Open stacks: 6
Took 7.95 seconds

buffer: HS problem 73 size 10 10 density  0.25
numCustomers: 10
numProducts: 10
0 0 0 0 0 0 1 1 0 1 
1 0 1 0 1 1 0 1 0 0 
1 0 1 0 0 0 0 0 0 0 
0 1 0 1 0 0 0 0 1 0 
1 0 0 0 0 0 0 0 0 1 
1 0 0 1 0 0 1 1 0 0 
0 0 1 0 1 1 1 0 1 1 
0 0 0 0 1 0 0 0 0 0 
0 0 1 0 0 0 0 1 1 0 
0 0 0 0 1 1 0 1 0 1 
numSequences: 3628800
minStacks: 7
Best sequence:
9 4 0 2 1 3 5 6 7 8 
1 0 0 0 0 0 0 1 1 0 
0 1 1 1 0 0 1 0 1 0 
0 0 1 1 0 0 0 0 0 0 
0 0 0 0 1 1 0 0 0 1 
1 0 1 0 0 0 0 0 0 0 
0 0 1 0 0 1 0 1 1 0 
1 1 0 1 0 0 1 1 0 1 
0 1 0 0 0 0 0 0 0 0 
0 0 0 1 0 0 0 0 1 1 
1 1 0 0 0 0 1 0 1 0 
Open stacks: 7
Took 7.94 seconds

buffer: HS problem 74 size 10 10 density  0.25
numCustomers: 10
numProducts: 10
0 0 0 0 0 0 0 0 1 0 
1 0 1 0 0 0 0 0 0 0 
0 0 1 1 0 0 0 0 0 0 
1 0 0 1 0 1 1 1 0 1 
1 0 0 1 0 0 0 0 1 0 
1 0 0 1 1 0 0 0 0 0 
0 0 0 0 1 1 0 0 0 1 
0 0 1 0 0 0 1 1 0 0 
0 1 0 0 0 1 0 0 1 0 
1 0 1 1 0 0 0 0 0 0 
numSequences: 3628800
minStacks: 6
Best sequence:
9 8 5 1 0 4 3 6 2 7 
0 1 0 0 0 0 0 0 0 0 
0 0 0 0 1 0 0 0 1 0 
0 0 0 0 0 0 1 0 1 0 
1 0 1 0 1 0 1 1 0 1 
0 1 0 0 1 0 1 0 0 0 
0 0 0 0 1 1 1 0 0 0 
1 0 1 0 0 1 0 0 0 0 
0 0 0 0 0 0 0 1 1 1 
0 1 1 1 0 0 0 0 0 0 
0 0 0 0 1 0 1 0 1 0 
Open stacks: 6
Took 7.93 seconds

buffer: HS problem 75 size 10 10 density  0.25
numCustomers: 10
numProducts: 10
1 1 1 0 0 0 0 0 0 0 
1 0 0 0 0 0 0 1 0 0 
0 0 0 0 1 1 0 1 0 0 
0 0 0 0 0 0 0 1 0 0 
1 0 1 0 0 0 0 0 0 1 
1 1 0 0 0 0 0 0 0 0 
0 0 0 1 1 0 0 1 1 1 
0 0 0 0 0 0 1 0 1 0 
0 0 1 1 0 1 0 0 0 0 
1 1 0 0 0 1 1 0 0 0 
numSequences: 3628800
minStacks: 5
Best sequence:
1 0 2 9 3 4 5 6 7 8 
1 1 1 0 0 0 0 0 0 0 
0 1 0 0 0 0 0 0 1 0 
0 0 0 0 0 1 1 0 1 0 
0 0 0 0 0 0 0 0 1 0 
0 1 1 1 0 0 0 0 0 0 
1 1 0 0 0 0 0 0 0 0 
0 0 0 1 1 1 0 0 1 1 
0 0 0 0 0 0 0 1 0 1 
0 0 1 0 1 0 1 0 0 0 
1 1 0 0 0 0 1 1 0 0 
Open stacks: 5
Took 7.94 seconds

buffer: HS problem 76 size 10 10 density  0.25
numCustomers: 10
numProducts: 10
0 0 0 1 1 1 0 0 1 0 
0 0 1 1 0 1 0 1 1 1 
1 0 0 0 0 0 1 1 1 0 
0 1 0 1 0 1 0 0 0 0 
0 0 0 0 0 0 0 0 0 1 
0 1 1 0 0 0 1 0 0 0 
1 1 0 0 0 0 1 0 1 0 
1 0 1 1 1 1 0 0 0 0 
0 0 1 0 0 0 0 0 0 1 
1 0 0 0 1 0 0 0 0 0 
numSequences: 3628800
