Solving by Dynamic Programming...
buffer: HS problem 2421 size 30 15 density  0.20
numCustomers: 30
numProducts: 15
1 0 0 0 1 1 0 0 1 0 0 0 0 1 1 
0 0 0 0 0 1 0 0 0 0 0 1 0 0 0 
1 0 0 0 0 0 0 0 0 0 1 1 0 0 0 
1 0 0 1 1 0 0 0 0 0 0 0 0 0 0 
0 0 0 0 0 0 0 0 0 0 1 0 0 0 0 
0 0 0 1 0 0 0 0 0 0 0 0 0 1 0 
0 0 0 0 0 0 0 0 1 0 0 1 0 0 1 
0 0 0 0 0 0 0 0 0 0 0 1 0 0 1 
0 0 1 0 0 0 0 0 0 0 0 0 0 0 1 
0 0 0 0 0 0 0 0 0 1 0 0 0 0 0 
0 0 0 0 0 0 1 1 0 0 0 0 1 0 0 
1 0 0 1 0 0 1 0 1 1 0 0 1 0 0 
0 0 0 0 1 0 0 0 0 0 0 0 0 0 0 
0 0 0 0 0 1 1 0 0 0 0 0 0 0 0 
1 0 0 1 0 0 0 0 0 0 0 0 0 1 0 
1 0 0 0 0 0 0 0 0 0 0 1 0 0 0 
0 1 0 0 0 0 0 0 1 0 0 0 0 0 1 
0 1 0 0 0 1 0 1 0 0 0 0 0 0 0 
0 0 1 0 0 1 0 0 0 0 0 0 1 1 0 
0 1 0 0 0 0 0 0 0 1 0 1 0 0 1 
0 0 0 0 0 0 1 0 0 0 0 1 1 0 0 
0 1 1 0 0 0 0 1 0 0 0 0 0 0 0 
0 0 0 0 0 0 0 0 0 1 0 1 0 0 0 
0 0 1 1 1 0 0 0 1 0 0 0 0 0 0 
1 0 0 0 1 0 0 0 0 0 0 0 0 1 0 
1 0 0 0 0 1 0 1 0 1 0 0 0 0 0 
0 0 0 1 1 0 0 0 1 0 0 0 1 0 1 
0 1 0 0 0 0 0 0 0 0 0 0 0 0 0 
0 0 1 0 0 1 0 0 0 0 0 0 0 0 0 
0 0 0 0 0 0 1 1 0 0 0 0 0 0 1 
Best Sequence: 
1 7 5 2 14 8 12 6 11 13 10 9 4 3 0 
0 0 1 0 1 1 0 0 0 1 0 0 1 0 1 
0 0 1 0 0 0 0 0 1 0 0 0 0 0 0 
0 0 0 0 0 0 0 0 1 0 1 0 0 0 1 
0 0 0 0 0 0 0 0 0 0 0 0 1 1 1 
0 0 0 0 0 0 0 0 0 0 1 0 0 0 0 
0 0 0 0 0 0 0 0 0 1 0 0 0 1 0 
0 0 0 0 1 1 0 0 1 0 0 0 0 0 0 
0 0 0 0 1 0 0 0 1 0 0 0 0 0 0 
0 0 0 1 1 0 0 0 0 0 0 0 0 0 0 
0 0 0 0 0 0 0 0 0 0 0 1 0 0 0 
0 1 0 0 0 0 1 1 0 0 0 0 0 0 0 
0 0 0 0 0 1 1 1 0 0 0 1 0 1 1 
0 0 0 0 0 0 0 0 0 0 0 0 1 0 0 
0 0 1 0 0 0 0 1 0 0 0 0 0 0 0 
0 0 0 0 0 0 0 0 0 1 0 0 0 1 1 
0 0 0 0 0 0 0 0 1 0 0 0 0 0 1 
1 0 0 0 1 1 0 0 0 0 0 0 0 0 0 
1 1 1 0 0 0 0 0 0 0 0 0 0 0 0 
0 0 1 1 0 0 1 0 0 1 0 0 0 0 0 
1 0 0 0 1 0 0 0 1 0 0 1 0 0 0 
0 0 0 0 0 0 1 1 1 0 0 0 0 0 0 
1 1 0 1 0 0 0 0 0 0 0 0 0 0 0 
0 0 0 0 0 0 0 0 1 0 0 1 0 0 0 
0 0 0 1 0 1 0 0 0 0 0 0 1 1 0 
0 0 0 0 0 0 0 0 0 1 0 0 1 0 1 
0 1 1 0 0 0 0 0 0 0 0 1 0 0 1 
0 0 0 0 1 1 1 0 0 0 0 0 1 1 0 
1 0 0 0 0 0 0 0 0 0 0 0 0 0 0 
0 0 1 1 0 0 0 0 0 0 0 0 0 0 0 
0 1 0 0 1 0 0 1 0 0 0 0 0 0 0 
OpenStacks: 14
Took 12.12 seconds

buffer: HS problem 2422 size 30 15 density  0.20
numCustomers: 30
numProducts: 15
0 0 1 0 0 0 0 0 0 0 1 0 0 0 0 
0 0 0 0 0 1 0 0 0 0 0 1 1 0 0 
1 0 1 0 0 0 1 1 0 0 0 0 1 0 0 
0 1 0 0 0 0 1 0 1 0 0 0 1 0 1 
0 0 1 0 0 0 0 0 0 0 0 1 1 0 0 
0 0 0 0 0 0 1 0 0 0 0 0 0 0 0 
0 1 0 0 0 0 0 0 0 0 0 0 1 1 0 
0 0 1 1 0 0 0 0 0 1 0 0 1 0 0 
0 0 0 0 0 0 0 1 0 0 1 0 1 0 0 
0 0 0 0 0 1 1 1 0 0 0 0 0 0 0 
0 1 0 0 0 0 0 0 1 1 0 1 0 0 0 
0 0 0 0 0 0 0 0 1 0 0 1 1 0 0 
0 0 0 1 0 0 0 1 0 0 0 0 1 0 0 
0 0 0 1 0 1 0 1 1 0 0 0 0 0 0 
1 1 0 1 0 0 0 0 0 0 0 0 0 0 0 
0 1 0 0 0 0 0 0 0 0 0 1 0 1 1 
0 0 0 1 0 1 1 0 0 0 0 1 0 1 0 
0 0 0 0 0 0 1 0 0 0 0 0 0 1 0 
0 0 0 0 0 0 0 1 0 1 0 0 0 1 0 
1 1 0 0 1 0 0 0 0 1 0 0 1 1 0 
0 0 0 0 0 0 0 0 0 0 0 0 0 1 1 
0 0 1 0 0 0 0 0 1 0 0 0 0 1 0 
0 1 0 0 0 0 0 0 1 0 0 1 0 0 0 
0 0 0 0 0 0 0 0 1 0 0 1 1 0 0 
0 0 0 1 0 0 0 0 0 1 0 0 1 0 0 
0 0 1 1 1 0 0 1 0 0 0 0 0 0 0 
0 0 0 0 1 0 0 0 0 0 0 1 0 0 0 
1 0 1 0 1 0 1 0 0 0 0 0 0 0 0 
0 0 1 1 0 1 1 1 0 0 0 0 0 0 0 
0 0 0 0 0 0 0 0 1 0 1 0 1 0 0 
Best Sequence: 
12 11 8 10 4 2 7 14 5 13 9 6 3 1 0 
0 0 0 1 0 1 0 0 0 0 0 0 0 0 0 
1 1 0 0 0 0 0 0 1 0 0 0 0 0 0 
1 0 0 0 0 1 1 0 0 0 0 1 0 0 1 
1 0 1 0 0 0 0 1 0 0 0 1 0 1 0 
1 1 0 0 0 1 0 0 0 0 0 0 0 0 0 
0 0 0 0 0 0 0 0 0 0 0 1 0 0 0 
1 0 0 0 0 0 0 0 0 1 0 0 0 1 0 
1 0 0 0 0 1 0 0 0 0 1 0 1 0 0 
1 0 0 1 0 0 1 0 0 0 0 0 0 0 0 
0 0 0 0 0 0 1 0 1 0 0 1 0 0 0 
0 1 1 0 0 0 0 0 0 0 1 0 0 1 0 
1 1 1 0 0 0 0 0 0 0 0 0 0 0 0 
1 0 0 0 0 0 1 0 0 0 0 0 1 0 0 
0 0 1 0 0 0 1 0 1 0 0 0 1 0 0 
0 0 0 0 0 0 0 0 0 0 0 0 1 1 1 
0 1 0 0 0 0 0 1 0 1 0 0 0 1 0 
0 1 0 0 0 0 0 0 1 1 0 1 1 0 0 
0 0 0 0 0 0 0 0 0 1 0 1 0 0 0 
0 0 0 0 0 0 1 0 0 1 1 0 0 0 0 
1 0 0 0 1 0 0 0 0 1 1 0 0 1 1 
0 0 0 0 0 0 0 1 0 1 0 0 0 0 0 
0 0 1 0 0 1 0 0 0 1 0 0 0 0 0 
0 1 1 0 0 0 0 0 0 0 0 0 0 1 0 
1 1 1 0 0 0 0 0 0 0 0 0 0 0 0 
1 0 0 0 0 0 0 0 0 0 1 0 1 0 0 
0 0 0 0 1 1 1 0 0 0 0 0 1 0 0 
0 1 0 0 1 0 0 0 0 0 0 0 0 0 0 
0 0 0 0 1 1 0 0 0 0 0 1 0 0 1 
0 0 0 0 0 1 1 0 1 0 0 1 1 0 0 
1 0 1 1 0 0 0 0 0 0 0 0 0 0 0 
OpenStacks: 20
Took 12.25 seconds

buffer: HS problem 2423 size 30 15 density  0.20
numCustomers: 30
numProducts: 15
0 1 0 0 0 1 0 1 0 1 0 0 0 0 1 
0 0 0 0 1 0 1 1 0 0 0 0 0 0 0 
0 0 1 0 0 0 0 0 1 0 0 0 0 0 1 
0 0 0 0 1 0 1 0 0 0 0 0 0 0 1 
0 0 0 0 0 1 1 0 0 0 0 1 0 1 0 
0 0 0 0 0 0 0 0 1 0 0 0 0 1 1 
0 0 0 0 0 0 0 0 0 0 0 1 0 0 1 
0 0 0 0 0 0 0 0 0 0 1 0 0 0 0 
0 0 0 0 0 0 0 1 1 0 1 1 0 1 0 
0 0 0 0 0 1 0 0 0 0 0 0 0 1 1 
0 0 0 0 0 0 0 0 0 0 0 0 0 0 1 
0 0 0 0 0 0 0 0 0 0 0 0 0 1 0 
1 0 1 0 0 0 0 0 0 0 0 0 0 1 0 
0 0 0 0 1 1 1 0 0 0 0 0 0 0 0 
0 1 0 0 1 0 0 0 0 0 0 0 0 0 0 
0 1 0 1 0 1 0 1 1 0 0 0 1 0 0 
1 1 0 0 1 0 0 0 1 1 0 0 0 0 0 
1 0 0 0 0 0 0 0 1 0 0 0 0 0 0 
0 0 0 0 1 0 0 0 0 0 0 1 0 0 0 
0 0 0 0 0 0 0 1 0 0 1 0 0 0 0 
1 0 0 0 0 0 1 1 0 0 0 0 1 0 0 
0 0 0 1 1 0 0 0 0 0 0 0 0 1 0 
0 0 0 0 0 0 0 0 0 0 1 0 0 0 1 
0 0 0 0 1 0 1 0 0 0 1 0 0 0 0 
0 1 1 0 0 0 1 1 0 0 0 0 1 0 0 
0 0 0 0 0 0 0 1 0 1 0 0 0 0 0 
0 0 0 0 0 0 0 0 0 0 1 0 0 0 0 
1 0 0 0 1 0 0 1 0 0 1 0 0 0 0 
0 1 1 1 1 0 0 0 0 0 0 0 0 0 1 
0 0 0 1 0 0 0 0 0 1 1 0 0 0 1 
Best Sequence: 
14 13 11 8 5 2 12 0 6 4 10 9 7 3 1 
1 0 0 0 1 0 0 0 0 0 0 1 1 0 1 
0 0 0 0 0 0 0 0 1 1 0 0 1 0 0 
1 0 0 1 0 1 0 0 0 0 0 0 0 0 0 
1 0 0 0 0 0 0 0 1 1 0 0 0 0 0 
0 1 1 0 1 0 0 0 1 0 0 0 0 0 0 
1 1 0 1 0 0 0 0 0 0 0 0 0 0 0 
1 0 1 0 0 0 0 0 0 0 0 0 0 0 0 
0 0 0 0 0 0 0 0 0 0 1 0 0 0 0 
0 1 1 1 0 0 0 0 0 0 1 0 1 0 0 
1 1 0 0 1 0 0 0 0 0 0 0 0 0 0 
1 0 0 0 0 0 0 0 0 0 0 0 0 0 0 
0 1 0 0 0 0 0 0 0 0 0 0 0 0 0 
0 1 0 0 0 1 0 1 0 0 0 0 0 0 0 
0 0 0 0 1 0 0 0 1 1 0 0 0 0 0 
0 0 0 0 0 0 0 0 0 1 0 0 0 0 1 
0 0 0 1 1 0 1 0 0 0 0 0 1 1 1 
0 0 0 1 0 0 0 1 0 1 0 1 0 0 1 
0 0 0 1 0 0 0 1 0 0 0 0 0 0 0 
0 0 1 0 0 0 0 0 0 1 0 0 0 0 0 
0 0 0 0 0 0 0 0 0 0 1 0 1 0 0 
0 0 0 0 0 0 1 1 1 0 0 0 1 0 0 
0 1 0 0 0 0 0 0 0 1 0 0 0 1 0 
1 0 0 0 0 0 0 0 0 0 1 0 0 0 0 
0 0 0 0 0 0 0 0 1 1 1 0 0 0 0 
0 0 0 0 0 1 1 0 1 0 0 0 1 0 1 
0 0 0 0 0 0 0 0 0 0 0 1 1 0 0 
0 0 0 0 0 0 0 0 0 0 1 0 0 0 0 
0 0 0 0 0 0 0 1 0 1 1 0 1 0 0 
1 0 0 0 0 1 0 0 0 1 0 0 0 1 1 
1 0 0 0 0 0 0 0 0 0 1 1 0 1 0 
OpenStacks: 17
Took 12.17 seconds

buffer: HS problem 2424 size 30 15 density  0.20
numCustomers: 30
numProducts: 15
0 0 0 0 0 0 0 0 0 0 0 0 1 0 0 
0 0 0 1 1 1 0 0 0 0 1 0 0 1 1 
1 1 0 0 0 0 0 0 0 0 1 0 0 0 0 
0 0 0 0 1 0 0 0 0 0 0 0 1 1 0 
0 0 0 0 0 0 1 0 0 0 0 1 0 1 0 
0 0 1 0 0 0 1 0 0 0 1 0 1 0 0 
0 1 0 0 0 0 0 1 0 0 0 0 1 1 1 
0 0 0 1 0 0 0 0 1 0 1 0 0 0 0 
0 0 1 0 0 0 0 0 0 0 0 1 0 0 1 
1 1 0 0 0 0 1 1 0 0 0 1 0 0 0 
0 0 0 0 0 0 0 0 0 0 0 1 0 0 0 
0 0 0 0 0 0 1 0 0 0 0 0 0 0 0 
1 0 0 1 1 0 1 0 1 0 0 0 0 0 0 
1 0 0 1 0 1 0 0 0 0 0 0 0 0 0 
1 0 0 0 0 0 0 0 0 1 0 0 0 0 1 
0 1 0 0 0 1 0 0 0 0 1 0 1 0 0 
0 0 0 0 0 1 0 1 0 0 0 0 1 0 0 
1 0 0 0 0 0 0 0 0 1 1 0 0 0 1 
0 1 0 0 1 1 0 0 0 0 0 0 0 1 1 
0 0 1 0 0 0 0 0 0 0 1 1 1 0 0 
0 0 0 0 1 1 0 0 0 1 0 0 1 0 1 
0 0 0 0 0 0 0 0 0 0 1 0 0 0 0 
0 0 0 0 0 0 1 1 0 1 0 0 0 1 0 
0 1 0 0 1 1 0 0 0 0 1 0 1 0 0 
1 0 1 0 0 1 0 0 0 1 0 0 0 0 1 
0 0 0 0 1 0 0 0 0 0 0 0 1 0 0 
0 0 1 0 0 0 0 0 0 0 0 0 0 0 0 
0 0 1 1 0 1 0 0 1 0 0 0 1 0 0 
1 0 0 0 0 0 0 0 0 0 0 0 0 0 0 
0 0 0 1 0 0 0 0 0 0 0 0 0 0 0 
Best Sequence: 
12 4 13 11 6 14 9 7 5 2 10 8 3 1 0 
1 0 0 0 0 0 0 0 0 0 0 0 0 0 0 
0 1 1 0 0 1 0 0 1 0 1 0 1 0 0 
0 0 0 0 0 0 0 0 0 0 1 0 0 1 1 
1 1 1 0 0 0 0 0 0 0 0 0 0 0 0 
0 0 1 1 1 0 0 0 0 0 0 0 0 0 0 
1 0 0 0 1 0 0 0 0 1 1 0 0 0 0 
1 0 1 0 0 1 0 1 0 0 0 0 0 1 0 
0 0 0 0 0 0 0 0 0 0 1 1 1 0 0 
0 0 0 1 0 1 0 0 0 1 0 0 0 0 0 
0 0 0 1 1 0 0 1 0 0 0 0 0 1 1 
0 0 0 1 0 0 0 0 0 0 0 0 0 0 0 
0 0 0 0 1 0 0 0 0 0 0 0 0 0 0 
0 1 0 0 1 0 0 0 0 0 0 1 1 0 1 
0 0 0 0 0 0 0 0 1 0 0 0 1 0 1 
0 0 0 0 0 1 1 0 0 0 0 0 0 0 1 
1 0 0 0 0 0 0 0 1 0 1 0 0 1 0 
1 0 0 0 0 0 0 1 1 0 0 0 0 0 0 
0 0 0 0 0 1 1 0 0 0 1 0 0 0 1 
0 1 1 0 0 1 0 0 1 0 0 0 0 1 0 
1 0 0 1 0 0 0 0 0 1 1 0 0 0 0 
1 1 0 0 0 1 1 0 1 0 0 0 0 0 0 
0 0 0 0 0 0 0 0 0 0 1 0 0 0 0 
0 0 1 0 1 0 1 1 0 0 0 0 0 0 0 
1 1 0 0 0 0 0 0 1 0 1 0 0 1 0 
0 0 0 0 0 1 1 0 1 1 0 0 0 0 1 
1 1 0 0 0 0 0 0 0 0 0 0 0 0 0 
0 0 0 0 0 0 0 0 0 1 0 0 0 0 0 
1 0 0 0 0 0 0 0 1 1 0 1 1 0 0 
0 0 0 0 0 0 0 0 0 0 0 0 0 0 1 
0 0 0 0 0 0 0 0 0 0 0 0 1 0 0 
OpenStacks: 17
Took 12.24 seconds

buffer: HS problem 2425 size 30 15 density  0.20
numCustomers: 30
numProducts: 15
0 0 0 0 0 0 0 0 0 0 1 0 0 0 1 
0 0 0 0 0 1 0 1 0 0 0 0 0 0 0 
0 0 0 0 0 1 0 0 0 1 1 0 1 0 0 
0 0 0 0 0 0 0 0 0 1 0 0 0 1 0 
0 0 0 0 1 0 0 0 0 0 1 1 1 1 0 
1 0 1 0 1 0 0 0 1 0 0 0 0 0 0 
0 0 0 0 1 0 0 0 0 0 0 0 0 0 1 
0 1 0 0 0 0 0 0 0 1 0 0 0 1 0 
0 0 0 0 0 0 0 0 1 0 0 0 0 0 0 
0 0 0 1 0 1 0 0 0 0 0 0 0 0 0 
1 0 0 0 0 0 0 0 0 0 0 1 0 0 0 
1 0 0 0 0 0 1 0 1 0 1 1 1 0 1 
0 0 0 1 1 0 0 1 0 1 0 0 0 1 0 
1 0 0 0 0 1 0 1 1 0 1 0 1 1 0 
0 0 0 0 1 0 1 0 0 0 0 0 0 0 0 
0 0 0 0 0 0 0 1 1 0 0 0 0 0 0 
0 0 0 0 0 1 0 0 0 1 0 0 1 0 0 
0 0 1 0 0 0 0 0 0 1 0 0 0 0 0 
0 0 0 0 0 0 0 0 1 0 0 0 0 0 1 
0 0 0 0 0 1 0 0 0 0 0 1 0 1 0 
1 1 1 1 1 0 0 0 0 0 0 1 1 0 1 
0 0 0 1 0 0 0 0 1 0 0 0 0 0 0 
0 1 0 1 1 0 1 0 1 1 0 0 0 0 0 
0 0 0 0 0 0 1 0 0 0 0 1 0 0 0 
1 0 0 0 0 0 0 0 0 0 0 0 1 1 0 
1 0 0 0 0 0 0 0 0 0 0 0 0 0 0 
0 0 0 1 0 0 0 0 0 1 1 0 0 0 0 
0 1 0 0 0 0 0 0 0 0 0 0 0 0 0 
0 0 0 0 0 0 0 0 1 0 0 1 0 0 1 
0 1 1 0 1 0 1 0 0 0 0 0 1 0 0 
Best Sequence: 
13 9 1 12 5 10 7 3 2 4 6 14 11 8 0 
0 0 0 0 0 1 0 0 0 0 0 1 0 0 0 
0 0 0 0 1 0 1 0 0 0 0 0 0 0 0 
0 1 0 1 1 1 0 0 0 0 0 0 0 0 0 
1 1 0 0 0 0 0 0 0 0 0 0 0 0 0 
1 0 0 1 0 1 0 0 0 1 0 0 1 0 0 
0 0 0 0 0 0 0 0 1 1 0 0 0 1 1 
0 0 0 0 0 0 0 0 0 1 0 1 0 0 0 
1 1 1 0 0 0 0 0 0 0 0 0 0 0 0 
0 0 0 0 0 0 0 0 0 0 0 0 0 1 0 
0 0 0 0 1 0 0 1 0 0 0 0 0 0 0 
0 0 0 0 0 0 0 0 0 0 0 0 1 0 1 
0 0 0 1 0 1 0 0 0 0 1 1 1 1 1 
1 1 0 0 0 0 1 1 0 1 0 0 0 0 0 
1 0 0 1 1 1 1 0 0 0 0 0 0 1 1 
0 0 0 0 0 0 0 0 0 1 1 0 0 0 0 
0 0 0 0 0 0 1 0 0 0 0 0 0 1 0 
0 1 0 1 1 0 0 0 0 0 0 0 0 0 0 
0 1 0 0 0 0 0 0 1 0 0 0 0 0 0 
0 0 0 0 0 0 0 0 0 0 0 1 0 1 0 
1 0 0 0 1 0 0 0 0 0 0 0 1 0 0 
0 0 1 1 0 0 0 1 1 1 0 1 1 0 1 
0 0 0 0 0 0 0 1 0 0 0 0 0 1 0 
0 1 1 0 0 0 0 1 0 1 1 0 0 1 0 
0 0 0 0 0 0 0 0 0 0 1 0 1 0 0 
1 0 0 1 0 0 0 0 0 0 0 0 0 0 1 
0 0 0 0 0 0 0 0 0 0 0 0 0 0 1 
0 1 0 0 0 1 0 1 0 0 0 0 0 0 0 
0 0 1 0 0 0 0 0 0 0 0 0 0 0 0 
0 0 0 0 0 0 0 0 0 0 0 1 1 1 0 
0 0 1 1 0 0 0 0 1 1 1 0 0 0 0 
OpenStacks: 15
Took 12.22 seconds

buffer: HS problem 2426 size 30 15 density  0.20
numCustomers: 30
numProducts: 15
1 0 0 1 1 1 1 0 0 1 0 1 0 0 0 
0 0 0 0 0 0 0 0 1 0 0 1 1 1 0 
0 0 0 1 1 0 0 0 0 0 0 0 0 0 0 
0 1 0 0 0 0 0 0 0 0 0 0 0 0 0 
0 0 1 1 0 0 0 0 1 0 0 0 0 0 0 
1 0 0 1 1 1 1 0 1 0 1 0 0 0 0 
0 0 0 0 0 1 1 0 0 0 0 0 0 0 0 
0 0 1 0 1 0 0 1 1 0 0 1 0 0 0 
0 0 0 0 0 0 0 1 0 0 0 0 0 0 0 
0 1 0 0 1 1 0 0 0 1 0 0 0 0 0 
0 1 0 0 0 0 0 1 1 0 0 0 0 0 0 
1 0 0 0 0 1 0 0 0 0 1 0 0 1 0 
1 0 0 0 0 1 0 0 0 0 0 0 0 0 0 
0 0 0 0 0 0 1 1 0 0 0 0 0 0 0 
1 0 0 1 0 0 1 0 0 0 1 0 0 1 1 
1 1 1 1 0 1 0 0 0 0 0 0 1 1 0 
0 0 0 0 0 0 0 0 0 0 0 1 0 0 0 
0 0 1 0 0 0 0 0 0 1 0 0 0 1 0 
0 0 0 0 0 0 0 0 0 0 0 1 0 0 0 
1 0 1 0 0 0 0 0 0 0 1 1 0 0 0 
0 0 0 0 0 0 0 0 0 0 0 0 1 0 0 
0 0 0 0 0 1 0 0 0 0 0 0 0 0 0 
0 0 0 0 1 0 0 0 0 0 0 0 0 0 0 
1 0 0 0 1 0 0 0 0 0 0 0 1 0 1 
0 1 0 1 0 0 1 0 0 1 0 0 1 0 0 
0 1 0 0 0 0 1 0 0 0 0 0 0 0 0 
0 1 0 0 0 0 1 0 0 0 0 1 0 0 0 
0 0 0 1 0 0 0 1 0 1 0 0 0 1 1 
0 0 0 1 0 0 1 0 0 0 0 0 0 0 0 
0 0 1 0 0 0 0 0 0 1 0 0 1 0 1 
Best Sequence: 
11 1 6 7 8 3 4 14 12 9 13 10 5 2 0 
1 0 1 0 0 1 1 0 0 1 0 0 1 0 1 
1 0 0 0 1 0 0 0 1 0 1 0 0 0 0 
0 0 0 0 0 1 1 0 0 0 0 0 0 0 0 
0 1 0 0 0 0 0 0 0 0 0 0 0 0 0 
0 0 0 0 1 1 0 0 0 0 0 0 0 1 0 
0 0 1 0 1 1 1 0 0 0 0 1 1 0 1 
0 0 1 0 0 0 0 0 0 0 0 0 1 0 0 
1 0 0 1 1 0 1 0 0 0 0 0 0 1 0 
0 0 0 1 0 0 0 0 0 0 0 0 0 0 0 
0 1 0 0 0 0 1 0 0 1 0 0 1 0 0 
0 1 0 1 1 0 0 0 0 0 0 0 0 0 0 
0 0 0 0 0 0 0 0 0 0 1 1 1 0 1 
0 0 0 0 0 0 0 0 0 0 0 0 1 0 1 
0 0 1 1 0 0 0 0 0 0 0 0 0 0 0 
0 0 1 0 0 1 0 1 0 0 1 1 0 0 1 
0 1 0 0 0 1 0 0 1 0 1 0 1 1 1 
1 0 0 0 0 0 0 0 0 0 0 0 0 0 0 
0 0 0 0 0 0 0 0 0 1 1 0 0 1 0 
1 0 0 0 0 0 0 0 0 0 0 0 0 0 0 
1 0 0 0 0 0 0 0 0 0 0 1 0 1 1 
0 0 0 0 0 0 0 0 1 0 0 0 0 0 0 
0 0 0 0 0 0 0 0 0 0 0 0 1 0 0 
0 0 0 0 0 0 1 0 0 0 0 0 0 0 0 
0 0 0 0 0 0 1 1 1 0 0 0 0 0 1 
0 1 1 0 0 1 0 0 1 1 0 0 0 0 0 
0 1 1 0 0 0 0 0 0 0 0 0 0 0 0 
1 1 1 0 0 0 0 0 0 0 0 0 0 0 0 
0 0 0 1 0 1 0 1 0 1 1 0 0 0 0 
0 0 1 0 0 1 0 0 0 0 0 0 0 0 0 
0 0 0 0 0 0 0 1 1 1 0 0 0 1 0 
OpenStacks: 15
Took 12.21 seconds

buffer: HS problem 2427 size 30 15 density  0.20
numCustomers: 30
numProducts: 15
0 0 0 0 0 0 0 0 0 1 0 0 0 0 0 
0 0 0 1 0 0 0 0 0 1 0 0 1 1 0 
1 0 0 1 0 0 0 0 0 0 0 0 0 0 1 
1 0 0 1 0 0 0 0 0 1 0 0 0 0 0 
1 0 1 0 0 0 1 0 1 0 0 1 0 0 1 
1 0 0 0 0 0 1 0 0 0 1 0 0 0 0 
0 0 0 0 0 0 0 0 1 0 0 0 0 0 0 
0 1 0 1 0 0 0 0 0 1 1 1 1 0 0 
1 1 0 1 1 0 0 0 0 0 0 1 1 0 1 
0 0 0 0 0 1 0 0 1 0 1 1 1 0 0 
0 0 0 0 0 0 1 0 0 1 0 0 0 0 0 
0 0 0 0 0 0 0 0 0 1 0 0 1 0 0 
1 0 0 0 1 1 0 0 0 0 1 0 1 0 0 
0 0 0 0 0 1 0 0 0 0 0 0 0 1 0 
0 1 0 0 0 1 1 0 0 0 1 1 0 0 0 
0 1 0 0 1 1 0 0 0 0 0 1 1 0 0 
0 1 0 0 1 0 0 0 0 0 0 0 0 1 1 
1 0 0 0 0 0 0 0 0 0 0 0 0 0 0 
0 0 0 1 0 0 0 1 0 0 0 0 0 0 0 
0 0 1 0 0 0 1 1 0 0 0 0 0 0 0 
1 0 1 1 0 1 0 0 0 0 0 0 0 0 0 
0 0 0 1 0 0 0 0 1 1 0 0 0 1 0 
0 0 0 0 0 0 0 0 0 0 0 1 0 0 0 
1 0 1 0 0 1 0 0 0 0 0 0 0 0 0 
1 0 0 0 0 0 0 0 0 0 1 0 0 0 1 
0 0 0 0 0 0 0 0 1 1 1 1 0 0 0 
1 0 0 0 0 0 0 0 0 0 0 0 0 0 0 
0 1 0 0 0 0 0 0 0 0 0 0 0 0 0 
0 0 0 0 1 0 0 0 0 0 0 0 0 0 1 
0 0 1 0 1 0 0 0 0 0 0 0 0 1 0 
Best Sequence: 
14 4 1 13 11 5 12 8 10 2 6 7 3 9 0 
0 0 0 0 0 0 0 0 0 0 0 0 0 1 0 
0 0 0 1 0 0 1 0 0 0 0 0 1 1 0 
1 0 0 0 0 0 0 0 0 0 0 0 1 0 1 
0 0 0 0 0 0 0 0 0 0 0 0 1 1 1 
1 0 0 0 1 0 0 1 0 1 1 0 0 0 1 
0 0 0 0 0 0 0 0 1 0 1 0 0 0 1 
0 0 0 0 0 0 0 1 0 0 0 0 0 0 0 
0 0 1 0 1 0 1 0 1 0 0 0 1 1 0 
1 1 1 0 1 0 1 0 0 0 0 0 1 0 1 
0 0 0 0 1 1 1 1 1 0 0 0 0 0 0 
0 0 0 0 0 0 0 0 0 0 1 0 0 1 0 
0 0 0 0 0 0 1 0 0 0 0 0 0 1 0 
0 1 0 0 0 1 1 0 1 0 0 0 0 0 1 
0 0 0 1 0 1 0 0 0 0 0 0 0 0 0 
0 0 1 0 1 1 0 0 1 0 1 0 0 0 0 
0 1 1 0 1 1 1 0 0 0 0 0 0 0 0 
1 1 1 1 0 0 0 0 0 0 0 0 0 0 0 
0 0 0 0 0 0 0 0 0 0 0 0 0 0 1 
0 0 0 0 0 0 0 0 0 0 0 1 1 0 0 
0 0 0 0 0 0 0 0 0 1 1 1 0 0 0 
0 0 0 0 0 1 0 0 0 1 0 0 1 0 1 
0 0 0 1 0 0 0 1 0 0 0 0 1 1 0 
0 0 0 0 1 0 0 0 0 0 0 0 0 0 0 
0 0 0 0 0 1 0 0 0 1 0 0 0 0 1 
1 0 0 0 0 0 0 0 1 0 0 0 0 0 1 
0 0 0 0 1 0 0 1 1 0 0 0 0 1 0 
0 0 0 0 0 0 0 0 0 0 0 0 0 0 1 
0 0 1 0 0 0 0 0 0 0 0 0 0 0 0 
1 1 0 0 0 0 0 0 0 0 0 0 0 0 0 
0 1 0 1 0 0 0 0 0 1 0 0 0 0 0 
OpenStacks: 16
Took 12.22 seconds

buffer: HS problem 2428 size 30 15 density  0.20
numCustomers: 30
numProducts: 15
0 0 0 0 1 0 0 0 0 0 0 0 0 1 0 
0 0 0 0 0 0 0 0 1 0 0 1 0 0 0 
1 0 1 0 0 1 0 0 0 1 0 0 0 0 0 
0 1 0 0 0 1 0 0 0 0 0 1 0 0 0 
1 0 1 0 1 0 0 0 1 0 0 0 0 0 0 
0 0 0 0 0 0 0 0 1 0 0 0 1 0 0 
0 0 0 0 0 0 0 0 0 0 0 1 0 1 1 
0 0 0 0 1 0 0 0 0 0 0 0 1 1 0 
0 0 0 0 1 0 0 0 0 0 0 0 0 0 1 
0 1 0 0 1 0 1 0 0 0 0 0 0 0 0 
0 0 1 1 0 0 0 0 0 0 0 1 0 0 0 
0 0 0 1 0 0 0 0 0 0 0 0 0 0 0 
0 0 0 1 0 1 1 0 0 0 0 1 0 0 0 
0 1 0 0 1 0 0 0 0 0 0 0 0 0 0 
0 0 0 0 0 0 0 0 1 0 0 0 0 0 0 
0 1 0 0 0 0 0 0 1 0 0 0 0 0 0 
0 0 0 0 0 0 0 0 0 0 0 0 0 1 1 
0 0 0 0 0 1 0 0 1 1 0 0 0 0 0 
0 0 0 1 0 0 0 1 0 0 0 0 0 0 1 
0 0 0 1 0 0 1 1 0 0 0 0 0 0 1 
1 0 0 0 0 0 0 1 0 0 0 0 0 0 1 
1 0 1 0 0 0 0 0 0 0 0 0 0 0 0 
0 0 0 1 0 0 0 0 0 0 1 0 1 0 0 
0 0 0 0 1 0 0 1 0 0 0 0 0 0 0 
0 0 0 1 0 1 0 0 0 0 1 0 0 1 0 
0 1 0 0 1 0 0 0 0 0 1 0 0 0 0 
1 0 0 0 0 0 1 0 0 0 1 0 0 0 0 
0 0 1 0 1 0 0 0 0 0 0 0 0 1 0 
1 0 0 0 0 0 0 0 0 0 0 0 0 0 0 
0 0 0 0 0 0 0 1 1 0 0 0 0 0 0 
Best Sequence: 
14 13 4 12 7 3 11 10 6 9 5 8 2 1 0 
0 1 1 0 0 0 0 0 0 0 0 0 0 0 0 
0 0 0 0 0 0 1 0 0 0 0 1 0 0 0 
0 0 0 0 0 0 0 0 0 1 1 0 1 0 1 
0 0 0 0 0 0 1 0 0 0 1 0 0 1 0 
0 0 1 0 0 0 0 0 0 0 0 1 1 0 1 
0 0 0 1 0 0 0 0 0 0 0 1 0 0 0 
1 1 0 0 0 0 1 0 0 0 0 0 0 0 0 
0 1 1 1 0 0 0 0 0 0 0 0 0 0 0 
1 0 1 0 0 0 0 0 0 0 0 0 0 0 0 
0 0 1 0 0 0 0 0 1 0 0 0 0 1 0 
0 0 0 0 0 1 1 0 0 0 0 0 1 0 0 
0 0 0 0 0 1 0 0 0 0 0 0 0 0 0 
0 0 0 0 0 1 1 0 1 0 1 0 0 0 0 
0 0 1 0 0 0 0 0 0 0 0 0 0 1 0 
0 0 0 0 0 0 0 0 0 0 0 1 0 0 0 
0 0 0 0 0 0 0 0 0 0 0 1 0 1 0 
1 1 0 0 0 0 0 0 0 0 0 0 0 0 0 
0 0 0 0 0 0 0 0 0 1 1 1 0 0 0 
1 0 0 0 1 1 0 0 0 0 0 0 0 0 0 
1 0 0 0 1 1 0 0 1 0 0 0 0 0 0 
1 0 0 0 1 0 0 0 0 0 0 0 0 0 1 
0 0 0 0 0 0 0 0 0 0 0 0 1 0 1 
0 0 0 1 0 1 0 1 0 0 0 0 0 0 0 
0 0 1 0 1 0 0 0 0 0 0 0 0 0 0 
0 1 0 0 0 1 0 1 0 0 1 0 0 0 0 
0 0 1 0 0 0 0 1 0 0 0 0 0 1 0 
0 0 0 0 0 0 0 1 1 0 0 0 0 0 1 
0 1 1 0 0 0 0 0 0 0 0 0 1 0 0 
0 0 0 0 0 0 0 0 0 0 0 0 0 0 1 
0 0 0 0 1 0 0 0 0 0 0 1 0 0 0 
OpenStacks: 16
Took 12.06 seconds

buffer: HS problem 2429 size 30 15 density  0.20
numCustomers: 30
numProducts: 15
0 0 0 0 0 1 0 0 0 1 0 0 0 0 0 
0 0 1 0 0 0 0 1 0 0 0 0 0 0 0 
0 0 0 0 0 0 0 0 0 1 0 1 0 1 0 
0 1 0 1 0 1 0 0 0 0 0 0 0 0 1 
0 0 0 0 0 0 0 0 0 1 0 0 1 0 0 
1 0 0 0 0 1 0 0 0 0 0 0 0 0 0 
0 0 0 0 0 0 0 0 0 1 0 0 0 0 1 
0 0 1 0 0 0 0 0 0 0 0 1 0 0 0 
1 0 0 0 0 0 0 0 0 0 0 1 0 0 1 
1 0 0 0 0 1 1 1 0 0 0 0 0 0 0 
0 0 0 1 0 0 1 0 0 0 1 0 1 0 0 
0 0 0 1 0 0 0 0 0 0 0 0 0 0 0 
1 0 1 0 1 0 0 0 0 0 0 0 0 0 0 
1 0 0 0 0 0 0 0 0 0 1 0 0 0 0 
0 1 0 0 0 0 1 0 0 0 0 1 0 0 0 
0 0 0 0 1 0 0 0 1 0 0 1 0 0 0 
0 0 0 1 0 0 0 1 0 1 1 1 0 0 0 
0 0 0 0 0 1 0 1 0 1 0 0 0 1 0 
0 0 0 1 0 0 1 0 0 0 1 1 1 0 0 
0 0 0 0 0 0 1 0 0 1 0 0 0 0 0 
0 0 1 0 0 0 0 0 0 0 0 0 0 0 0 
0 0 1 0 0 1 1 0 0 0 0 1 0 0 0 
0 0 1 0 0 0 0 1 0 0 0 0 0 0 0 
0 0 0 0 0 0 1 1 0 0 0 0 0 0 1 
0 0 0 0 0 0 0 0 0 0 0 0 1 0 1 
0 0 0 0 1 0 0 0 0 0 0 0 0 1 0 
1 0 0 0 0 0 0 0 0 0 0 0 0 0 0 
0 0 0 1 0 0 1 0 1 1 1 0 0 0 0 
0 0 0 0 0 0 1 0 1 1 0 0 1 0 0 
1 0 0 0 0 1 1 0 0 0 0 1 0 0 0 
Best Sequence: 
14 12 9 6 3 10 8 13 11 7 5 4 2 1 0 
0 0 1 0 0 0 0 0 0 0 1 0 0 0 0 
0 0 0 0 0 0 0 0 0 1 0 0 1 0 0 
0 0 1 0 0 0 0 1 1 0 0 0 0 0 0 
1 0 0 0 1 0 0 0 0 0 1 0 0 1 0 
0 1 1 0 0 0 0 0 0 0 0 0 0 0 0 
0 0 0 0 0 0 0 0 0 0 1 0 0 0 1 
1 0 1 0 0 0 0 0 0 0 0 0 0 0 0 
0 0 0 0 0 0 0 0 1 0 0 0 1 0 0 
1 0 0 0 0 0 0 0 1 0 0 0 0 0 1 
0 0 0 1 0 0 0 0 0 1 1 0 0 0 1 
0 1 0 1 1 1 0 0 0 0 0 0 0 0 0 
0 0 0 0 1 0 0 0 0 0 0 0 0 0 0 
0 0 0 0 0 0 0 0 0 0 0 1 1 0 1 
0 0 0 0 0 1 0 0 0 0 0 0 0 0 1 
0 0 0 1 0 0 0 0 1 0 0 0 0 1 0 
0 0 0 0 0 0 1 0 1 0 0 1 0 0 0 
0 0 1 0 1 1 0 0 1 1 0 0 0 0 0 
0 0 1 0 0 0 0 1 0 1 1 0 0 0 0 
0 1 0 1 1 1 0 0 1 0 0 0 0 0 0 
0 0 1 1 0 0 0 0 0 0 0 0 0 0 0 
0 0 0 0 0 0 0 0 0 0 0 0 1 0 0 
0 0 0 1 0 0 0 0 1 0 1 0 1 0 0 
0 0 0 0 0 0 0 0 0 1 0 0 1 0 0 
1 0 0 1 0 0 0 0 0 1 0 0 0 0 0 
1 1 0 0 0 0 0 0 0 0 0 0 0 0 0 
0 0 0 0 0 0 0 1 0 0 0 1 0 0 0 
0 0 0 0 0 0 0 0 0 0 0 0 0 0 1 
0 0 1 1 1 1 1 0 0 0 0 0 0 0 0 
0 1 1 1 0 0 1 0 0 0 0 0 0 0 0 
0 0 0 1 0 0 0 0 1 0 1 0 0 0 1 
OpenStacks: 16
Took 12.12 seconds

buffer: HS problem 2430 size 30 15 density  0.20
numCustomers: 30
numProducts: 15
0 1 0 0 0 1 0 0 1 0 0 0 0 0 0 
0 0 0 0 0 0 0 1 0 0 0 1 0 0 1 
1 0 0 0 1 0 0 0 0 0 0 0 0 1 0 
0 1 0 0 0 0 1 0 0 0 0 0 1 0 0 
0 0 1 0 0 1 0 0 0 0 1 0 0 0 1 
1 0 0 0 0 0 0 0 0 0 0 0 0 0 0 
0 0 0 0 1 0 0 0 0 0 0 0 0 1 0 
0 0 0 0 0 0 0 0 0 0 0 0 1 0 1 
0 0 1 0 1 0 0 0 0 0 0 0 0 1 0 
1 0 0 0 0 0 0 0 0 1 0 0 1 0 0 
0 0 1 0 0 0 0 1 1 0 1 0 0 0 0 
0 0 1 0 1 0 0 0 1 0 0 0 0 0 0 
0 0 0 0 1 0 0 0 0 0 0 0 0 0 0 
0 0 0 0 1 0 0 0 0 0 1 0 0 0 0 
0 0 0 0 0 1 1 0 1 0 0 1 0 0 0 
0 0 0 1 0 0 0 0 0 0 0 0 0 1 0 
0 0 1 1 0 0 0 0 0 0 0 0 0 0 0 
0 0 0 0 0 0 0 0 0 1 1 0 0 0 0 
0 1 0 1 1 0 0 0 1 1 0 0 0 0 0 
1 0 0 0 0 0 1 0 0 0 1 0 0 0 0 
0 1 1 1 0 0 0 0 0 0 0 0 0 0 0 
0 1 0 1 0 0 0 0 0 0 0 1 0 0 0 
0 0 0 1 1 1 0 0 0 0 0 0 0 0 0 
1 0 1 1 0 0 0 0 0 1 0 0 0 0 0 
0 0 1 1 0 0 0 0 0 0 0 0 0 0 0 
0 0 0 0 1 0 0 0 0 0 0 0 0 0 0 
0 0 0 0 0 0 0 1 0 0 0 0 1 0 0 
1 0 0 0 0 0 0 0 0 0 0 0 0 0 0 
0 0 0 1 0 1 1 0 0 0 0 0 0 0 0 
0 1 0 0 0 0 0 0 0 0 0 0 0 0 0 
Best Sequence: 
4 13 3 2 10 8 5 14 11 7 12 9 6 1 0 
0 0 0 0 0 1 1 0 0 0 0 0 0 1 0 
0 0 0 0 0 0 0 1 1 1 0 0 0 0 0 
1 1 0 0 0 0 0 0 0 0 0 0 0 0 1 
0 0 0 0 0 0 0 0 0 0 1 0 1 1 0 
0 0 0 1 1 0 1 1 0 0 0 0 0 0 0 
0 0 0 0 0 0 0 0 0 0 0 0 0 0 1 
1 1 0 0 0 0 0 0 0 0 0 0 0 0 0 
0 0 0 0 0 0 0 1 0 0 1 0 0 0 0 
1 1 0 1 0 0 0 0 0 0 0 0 0 0 0 
0 0 0 0 0 0 0 0 0 0 1 1 0 0 1 
0 0 0 1 1 1 0 0 0 1 0 0 0 0 0 
1 0 0 1 0 1 0 0 0 0 0 0 0 0 0 
1 0 0 0 0 0 0 0 0 0 0 0 0 0 0 
1 0 0 0 1 0 0 0 0 0 0 0 0 0 0 
0 0 0 0 0 1 1 0 1 0 0 0 1 0 0 
0 1 1 0 0 0 0 0 0 0 0 0 0 0 0 
0 0 1 1 0 0 0 0 0 0 0 0 0 0 0 
0 0 0 0 1 0 0 0 0 0 0 1 0 0 0 
1 0 1 0 0 1 0 0 0 0 0 1 0 1 0 
0 0 0 0 1 0 0 0 0 0 0 0 1 0 1 
0 0 1 1 0 0 0 0 0 0 0 0 0 1 0 
0 0 1 0 0 0 0 0 1 0 0 0 0 1 0 
1 0 1 0 0 0 1 0 0 0 0 0 0 0 0 
0 0 1 1 0 0 0 0 0 0 0 1 0 0 1 
0 0 1 1 0 0 0 0 0 0 0 0 0 0 0 
1 0 0 0 0 0 0 0 0 0 0 0 0 0 0 
0 0 0 0 0 0 0 0 0 1 1 0 0 0 0 
0 0 0 0 0 0 0 0 0 0 0 0 0 0 1 
0 0 1 0 0 0 1 0 0 0 0 0 1 0 0 
0 0 0 0 0 0 0 0 0 0 0 0 0 1 0 
OpenStacks: 14
Took 12.04 seconds

buffer: HS problem 2431 size 30 15 density  0.20
numCustomers: 30
numProducts: 15
0 0 0 0 0 0 0 0 0 1 1 0 0 0 0 
1 1 1 0 0 0 0 0 0 0 0 0 1 0 0 
0 1 1 1 0 1 0 0 0 0 0 1 0 0 0 
0 0 0 0 1 0 0 1 0 0 0 0 0 0 0 
0 0 0 0 1 0 0 0 0 0 1 0 0 0 0 
0 0 0 1 1 0 0 0 0 1 0 0 1 0 0 
0 0 0 0 0 0 0 0 1 0 0 1 1 1 1 
0 0 0 0 0 0 1 1 1 0 1 0 0 0 0 
0 0 0 0 1 0 0 1 0 0 0 0 0 1 0 
0 0 0 1 0 1 0 0 0 0 0 0 0 1 0 
0 0 0 1 0 0 0 0 0 0 0 0 0 0 0 
0 0 0 0 0 1 1 0 0 0 0 0 1 1 0 
0 0 1 0 0 0 1 0 0 0 1 0 0 0 1 
0 0 0 0 0 0 0 1 1 0 1 0 0 0 0 
1 0 0 0 0 0 0 0 1 0 0 0 0 0 0 
1 1 0 0 0 0 0 0 0 0 0 0 0 0 0 
0 0 0 0 0 0 0 0 1 0 0 1 0 0 0 
1 0 1 0 0 0 0 1 0 0 0 0 0 0 0 
0 1 0 0 0 1 0 0 0 0 0 0 1 1 0 
1 0 1 0 0 0 0 0 1 0 0 0 0 0 0 
0 0 0 0 1 0 0 0 0 0 0 1 0 0 0 
0 0 1 0 0 1 0 0 0 0 0 0 0 0 0 
0 0 0 0 0 0 0 0 1 0 1 0 0 1 0 
0 1 0 0 0 0 0 0 0 0 0 0 0 0 0 
0 0 0 1 0 0 0 0 0 0 1 1 0 0 0 
0 0 0 0 0 1 0 1 0 0 0 0 1 0 0 
0 0 0 0 0 0 1 0 0 0 0 0 0 1 0 
0 0 1 1 0 0 1 0 1 0 1 1 0 0 0 
1 0 0 1 0 0 0 1 0 0 0 0 0 1 0 
1 0 1 1 0 0 1 1 0 0 0 1 1 1 0 
Best Sequence: 
10 9 4 14 11 8 7 3 6 13 12 5 2 1 0 
1 1 0 0 0 0 0 0 0 0 0 0 0 0 0 
0 0 0 0 0 0 0 0 0 0 1 0 1 1 1 
0 0 0 0 1 0 0 1 0 0 0 1 1 1 0 
0 0 1 0 0 0 1 0 0 0 0 0 0 0 0 
1 0 1 0 0 0 0 0 0 0 0 0 0 0 0 
0 1 1 0 0 0 0 1 0 0 1 0 0 0 0 
0 0 0 1 1 1 0 0 0 1 1 0 0 0 0 
1 0 0 0 0 1 1 0 1 0 0 0 0 0 0 
0 0 1 0 0 0 1 0 0 1 0 0 0 0 0 
0 0 0 0 0 0 0 1 0 1 0 1 0 0 0 
0 0 0 0 0 0 0 1 0 0 0 0 0 0 0 
0 0 0 0 0 0 0 0 1 1 1 1 0 0 0 
1 0 0 1 0 0 0 0 1 0 0 0 1 0 0 
1 0 0 0 0 1 1 0 0 0 0 0 0 0 0 
0 0 0 0 0 1 0 0 0 0 0 0 0 0 1 
0 0 0 0 0 0 0 0 0 0 0 0 0 1 1 
0 0 0 0 1 1 0 0 0 0 0 0 0 0 0 
0 0 0 0 0 0 1 0 0 0 0 0 1 0 1 
0 0 0 0 0 0 0 0 0 1 1 1 0 1 0 
0 0 0 0 0 1 0 0 0 0 0 0 1 0 1 
0 0 1 0 1 0 0 0 0 0 0 0 0 0 0 
0 0 0 0 0 0 0 0 0 0 0 1 1 0 0 
1 0 0 0 0 1 0 0 0 1 0 0 0 0 0 
0 0 0 0 0 0 0 0 0 0 0 0 0 1 0 
1 0 0 0 1 0 0 1 0 0 0 0 0 0 0 
0 0 0 0 0 0 1 0 0 0 1 1 0 0 0 
0 0 0 0 0 0 0 0 1 1 0 0 0 0 0 
1 0 0 0 1 1 0 1 1 0 0 0 1 0 0 
0 0 0 0 0 0 1 1 0 1 0 0 0 0 1 
0 0 0 0 1 0 1 1 1 1 1 0 1 0 1 
OpenStacks: 17
Took 12.22 seconds

buffer: HS problem 2432 size 30 15 density  0.20
numCustomers: 30
numProducts: 15
1 0 1 0 1 0 0 0 0 0 1 0 0 0 0 
0 1 1 1 1 0 0 0 1 0 0 0 0 0 0 
0 0 0 0 0 0 0 0 0 0 0 0 0 1 0 
0 0 1 0 0 0 0 1 0 1 0 1 0 0 0 
0 0 0 0 1 0 1 0 0 0 0 0 0 0 0 
0 0 1 0 0 0 1 0 0 1 0 0 0 0 0 
0 0 1 0 0 1 0 0 0 0 0 0 0 0 1 
0 0 0 1 0 0 0 1 0 1 0 0 1 0 0 
0 0 0 0 0 1 0 0 0 0 0 0 0 0 0 
0 0 0 0 0 1 0 0 0 0 0 0 0 0 0 
1 0 0 0 0 0 0 0 0 0 0 0 0 0 1 
0 0 0 0 0 0 0 0 0 1 0 0 0 0 0 
0 1 1 0 0 1 0 0 1 1 0 0 0 1 0 
0 0 0 0 0 0 0 1 0 1 0 0 0 0 1 
0 0 0 0 0 0 0 1 0 0 1 0 0 0 1 
0 0 0 0 0 0 0 1 0 0 1 1 0 1 0 
0 0 1 0 0 0 0 0 0 0 0 0 0 0 0 
1 0 0 1 0 0 0 0 1 0 0 0 0 0 0 
1 1 1 0 0 1 0 0 0 0 0 1 0 0 0 
0 0 0 0 0 0 0 1 1 1 1 0 1 0 0 
0 1 0 0 1 0 1 0 1 0 0 0 0 1 0 
0 0 0 0 0 0 0 0 0 0 0 0 0 1 0 
1 1 0 0 0 0 0 0 0 1 1 0 0 0 0 
0 0 0 0 0 1 0 0 1 0 0 0 0 0 1 
0 0 0 0 1 0 0 0 0 1 0 0 0 0 0 
0 0 1 0 0 0 0 1 0 0 1 0 0 0 0 
1 1 0 0 0 1 1 0 1 1 0 0 0 0 1 
1 0 0 1 0 0 0 0 0 0 0 0 0 0 1 
0 0 0 0 0 1 1 0 0 0 0 0 0 1 0 
0 0 1 0 0 0 1 0 0 1 0 0 0 0 0 
Best Sequence: 
9 2 11 10 7 4 6 14 13 12 8 5 3 1 0 
0 1 0 1 0 1 0 0 0 0 0 0 0 0 1 
0 1 0 0 0 1 0 0 0 0 1 0 1 1 0 
0 0 0 0 0 0 0 0 1 0 0 0 0 0 0 
1 1 1 0 1 0 0 0 0 0 0 0 0 0 0 
0 0 0 0 0 1 1 0 0 0 0 0 0 0 0 
1 1 0 0 0 0 1 0 0 0 0 0 0 0 0 
0 1 0 0 0 0 0 1 0 0 0 1 0 0 0 
1 0 0 0 1 0 0 0 0 1 0 0 1 0 0 
0 0 0 0 0 0 0 0 0 0 0 1 0 0 0 
0 0 0 0 0 0 0 0 0 0 0 1 0 0 0 
0 0 0 0 0 0 0 1 0 0 0 0 0 0 1 
1 0 0 0 0 0 0 0 0 0 0 0 0 0 0 
1 1 0 0 0 0 0 0 1 0 1 1 0 1 0 
1 0 0 0 1 0 0 1 0 0 0 0 0 0 0 
0 0 0 1 1 0 0 1 0 0 0 0 0 0 0 
0 0 1 1 1 0 0 0 1 0 0 0 0 0 0 
0 1 0 0 0 0 0 0 0 0 0 0 0 0 0 
0 0 0 0 0 0 0 0 0 0 1 0 1 0 1 
0 1 1 0 0 0 0 0 0 0 0 1 0 1 1 
1 0 0 1 1 0 0 0 0 1 1 0 0 0 0 
0 0 0 0 0 1 1 0 1 0 1 0 0 1 0 
0 0 0 0 0 0 0 0 1 0 0 0 0 0 0 
1 0 0 1 0 0 0 0 0 0 0 0 0 1 1 
0 0 0 0 0 0 0 1 0 0 1 1 0 0 0 
1 0 0 0 0 1 0 0 0 0 0 0 0 0 0 
0 1 0 1 1 0 0 0 0 0 0 0 0 0 0 
1 0 0 0 0 0 1 1 0 0 1 1 0 1 1 
0 0 0 0 0 0 0 1 0 0 0 0 1 0 1 
0 0 0 0 0 0 1 0 1 0 0 1 0 0 0 
1 1 0 0 0 0 1 0 0 0 0 0 0 0 0 
OpenStacks: 17
Took 12.2 seconds

buffer: HS problem 2433 size 30 15 density  0.20
numCustomers: 30
numProducts: 15
0 0 1 1 0 1 0 0 0 1 1 0 0 1 0 
0 0 0 0 0 0 0 0 0 0 0 0 0 0 1 
0 1 0 0 0 0 0 0 0 0 0 0 0 0 0 
0 0 0 0 0 0 0 1 1 0 0 0 0 0 0 
0 1 0 1 0 0 0 0 0 0 1 0 0 0 0 
1 1 0 0 0 0 0 0 0 0 1 0 0 0 1 
1 1 0 0 0 0 1 0 0 0 0 0 0 0 0 
0 0 1 0 0 0 0 0 1 1 0 0 0 0 0 
0 0 0 1 0 0 1 1 0 0 1 0 1 0 0 
1 0 0 0 0 0 0 1 0 0 0 0 0 0 0 
0 0 1 1 0 0 1 0 0 0 0 1 0 1 0 
0 1 0 0 1 0 1 0 0 1 0 0 0 0 0 
1 0 0 0 1 0 0 0 0 1 0 0 0 0 1 
0 0 0 0 0 0 0 1 0 0 0 0 0 0 0 
1 1 0 0 0 0 0 0 0 0 0 0 0 0 0 
0 1 0 1 0 0 0 0 1 0 0 0 0 0 0 
0 0 0 0 0 0 0 1 1 1 1 0 0 0 0 
0 0 0 0 0 0 0 1 0 0 0 0 1 0 0 
0 0 1 0 1 0 0 0 1 0 0 0 1 0 0 
1 0 0 0 0 1 0 1 0 0 1 0 0 1 1 
0 0 0 0 0 0 0 0 0 1 0 0 0 1 0 
1 0 0 1 0 0 0 1 0 0 0 1 0 1 0 
1 0 1 0 0 1 0 0 0 0 0 0 0 0 0 
1 1 1 1 0 0 0 0 0 0 0 0 0 1 0 
1 0 0 1 0 0 0 0 0 0 0 0 1 0 1 
1 1 0 0 0 1 0 0 0 0 0 1 0 0 0 
0 0 0 0 0 0 0 0 1 0 0 0 0 0 0 
1 0 0 0 0 0 0 0 0 0 0 0 1 1 0 
0 0 1 0 0 0 1 1 0 1 0 0 0 1 1 
0 0 0 0 0 1 0 0 1 0 0 0 0 0 1 
Best Sequence: 
8 7 12 13 9 4 2 14 10 6 11 5 3 1 0 
0 0 0 1 1 0 1 0 1 0 0 1 1 0 0 
0 0 0 0 0 0 0 1 0 0 0 0 0 0 0 
0 0 0 0 0 0 0 0 0 0 0 0 0 1 0 
1 1 0 0 0 0 0 0 0 0 0 0 0 0 0 
0 0 0 0 0 0 0 0 1 0 0 0 1 1 0 
0 0 0 0 0 0 0 1 1 0 0 0 0 1 1 
0 0 0 0 0 0 0 0 0 1 0 0 0 1 1 
1 0 0 0 1 0 1 0 0 0 0 0 0 0 0 
0 1 1 0 0 0 0 0 1 1 0 0 1 0 0 
0 1 0 0 0 0 0 0 0 0 0 0 0 0 1 
0 0 0 1 0 0 1 0 0 1 1 0 1 0 0 
0 0 0 0 1 1 0 0 0 1 0 0 0 1 0 
0 0 0 0 1 1 0 1 0 0 0 0 0 0 1 
0 1 0 0 0 0 0 0 0 0 0 0 0 0 0 
0 0 0 0 0 0 0 0 0 0 0 0 0 1 1 
1 0 0 0 0 0 0 0 0 0 0 0 1 1 0 
1 1 0 0 1 0 0 0 1 0 0 0 0 0 0 
0 1 1 0 0 0 0 0 0 0 0 0 0 0 0 
1 0 1 0 0 1 1 0 0 0 0 0 0 0 0 
0 1 0 1 0 0 0 1 1 0 0 1 0 0 1 
0 0 0 1 1 0 0 0 0 0 0 0 0 0 0 
0 1 0 1 0 0 0 0 0 0 1 0 1 0 1 
0 0 0 0 0 0 1 0 0 0 0 1 0 0 1 
0 0 0 1 0 0 1 0 0 0 0 0 1 1 1 
0 0 1 0 0 0 0 1 0 0 0 0 1 0 1 
0 0 0 0 0 0 0 0 0 0 1 1 0 1 1 
1 0 0 0 0 0 0 0 0 0 0 0 0 0 0 
0 0 1 1 0 0 0 0 0 0 0 0 0 0 1 
0 1 0 1 1 0 1 1 0 1 0 0 0 0 0 
1 0 0 0 0 0 0 1 0 0 0 1 0 0 0 
OpenStacks: 18
Took 12.27 seconds

buffer: HS problem 2434 size 30 15 density  0.20
numCustomers: 30
numProducts: 15
0 0 1 0 0 0 1 1 0 0 0 0 1 0 0 
1 0 1 0 0 0 1 0 0 0 0 0 0 0 1 
0 0 0 1 0 0 0 0 0 1 0 1 1 0 1 
0 0 0 1 0 0 0 0 0 1 0 0 0 0 0 
0 0 0 0 0 0 0 0 0 0 0 1 0 0 1 
1 1 1 1 0 0 0 0 0 1 0 1 0 0 0 
0 0 0 0 1 0 0 0 0 1 0 0 0 0 0 
0 0 0 0 0 0 0 0 0 0 0 1 1 0 0 
0 1 1 0 0 0 0 0 0 0 0 0 0 0 0 
0 1 0 0 0 0 0 0 1 0 0 0 0 0 0 
0 0 0 0 0 0 0 0 1 1 0 0 0 0 1 
0 0 0 0 0 1 0 0 1 0 0 0 0 0 0 
0 0 0 0 0 0 0 0 0 0 0 1 1 0 0 
0 1 0 0 0 1 0 0 0 0 0 0 0 0 0 
0 0 0 0 0 1 1 1 0 1 0 0 0 1 0 
1 0 0 0 1 0 0 0 0 0 0 0 0 0 1 
0 0 0 0 0 0 1 0 1 1 0 0 0 0 1 
0 1 1 0 0 0 0 1 1 0 0 0 0 0 0 
0 1 0 0 1 0 0 0 0 0 0 0 1 1 0 
0 0 1 1 0 0 0 0 0 0 0 0 0 0 0 
0 0 0 0 0 0 0 0 0 0 0 1 0 0 0 
0 0 0 0 0 1 0 0 0 0 1 0 0 0 0 
0 0 0 0 1 0 1 0 0 0 0 0 1 1 0 
1 0 0 0 0 0 0 1 0 0 0 0 0 1 0 
0 0 0 0 0 0 0 0 1 1 0 0 1 0 0 
0 0 1 0 0 0 0 1 0 1 0 1 0 1 0 
0 0 0 1 1 1 0 0 0 1 1 0 0 0 0 
0 0 0 0 0 0 0 0 1 0 0 0 0 0 1 
0 0 1 1 0 0 0 1 0 1 0 0 0 0 0 
0 0 0 0 0 0 0 0 0 0 0 0 0 1 0 
Best Sequence: 
10 5 8 1 2 3 9 7 14 13 6 12 11 4 0 
0 0 0 0 1 0 0 1 0 0 1 1 0 0 0 
0 0 0 0 1 0 0 0 1 0 1 0 0 0 1 
0 0 0 0 0 1 1 0 1 0 0 1 1 0 0 
0 0 0 0 0 1 1 0 0 0 0 0 0 0 0 
0 0 0 0 0 0 0 0 1 0 0 0 1 0 0 
0 0 0 1 1 1 1 0 0 0 0 0 1 0 1 
0 0 0 0 0 0 1 0 0 0 0 0 0 1 0 
0 0 0 0 0 0 0 0 0 0 0 1 1 0 0 
0 0 0 1 1 0 0 0 0 0 0 0 0 0 0 
0 0 1 1 0 0 0 0 0 0 0 0 0 0 0 
0 0 1 0 0 0 1 0 1 0 0 0 0 0 0 
0 1 1 0 0 0 0 0 0 0 0 0 0 0 0 
0 0 0 0 0 0 0 0 0 0 0 1 1 0 0 
0 1 0 1 0 0 0 0 0 0 0 0 0 0 0 
0 1 0 0 0 0 1 1 0 1 1 0 0 0 0 
0 0 0 0 0 0 0 0 1 0 0 0 0 1 1 
0 0 1 0 0 0 1 0 1 0 1 0 0 0 0 
0 0 1 1 1 0 0 1 0 0 0 0 0 0 0 
0 0 0 1 0 0 0 0 0 1 0 1 0 1 0 
0 0 0 0 1 1 0 0 0 0 0 0 0 0 0 
0 0 0 0 0 0 0 0 0 0 0 0 1 0 0 
1 1 0 0 0 0 0 0 0 0 0 0 0 0 0 
0 0 0 0 0 0 0 0 0 1 1 1 0 1 0 
0 0 0 0 0 0 0 1 0 1 0 0 0 0 1 
0 0 1 0 0 0 1 0 0 0 0 1 0 0 0 
0 0 0 0 1 0 1 1 0 1 0 0 1 0 0 
1 1 0 0 0 1 1 0 0 0 0 0 0 1 0 
0 0 1 0 0 0 0 0 1 0 0 0 0 0 0 
0 0 0 0 1 1 1 1 0 0 0 0 0 0 0 
0 0 0 0 0 0 0 0 0 1 0 0 0 0 0 
OpenStacks: 16
Took 12.19 seconds

buffer: HS problem 2435 size 30 15 density  0.20
numCustomers: 30
numProducts: 15
0 1 0 0 0 0 0 0 0 0 0 0 1 0 0 
1 0 0 0 0 0 0 0 0 0 0 0 0 0 1 
0 0 0 0 0 0 0 0 0 0 0 1 0 0 0 
0 1 0 1 0 1 1 1 0 0 0 1 0 0 0 
0 0 0 1 0 0 1 1 0 0 0 0 0 0 0 
1 0 0 0 1 0 1 0 0 1 0 0 1 0 0 
0 0 0 0 0 0 1 0 0 1 0 1 0 0 0 
0 0 0 0 0 1 0 0 1 1 0 0 0 1 1 
0 0 0 0 0 0 1 0 0 0 0 0 0 1 1 
0 0 0 0 0 0 0 1 0 0 1 0 0 0 0 
0 0 0 0 0 1 1 0 0 0 0 0 0 0 0 
0 0 1 0 0 0 0 0 1 1 1 1 1 0 0 
0 0 1 1 0 0 0 0 0 0 1 0 0 0 0 
0 0 0 0 1 0 1 1 0 0 1 1 0 0 1 
1 0 0 0 1 1 0 0 0 0 0 1 0 1 0 
0 0 0 0 0 1 0 0 1 0 0 0 0 1 0 
0 0 0 0 0 0 0 1 0 0 0 0 0 0 1 
1 1 0 0 0 0 0 0 1 0 0 1 0 0 0 
1 0 0 1 0 1 1 1 1 0 0 1 0 0 0 
0 0 0 0 1 1 0 0 0 1 0 0 1 0 1 
0 0 1 0 0 0 1 0 0 0 0 0 0 0 0 
0 1 0 0 0 0 0 1 0 0 1 0 1 0 0 
1 1 0 1 0 0 0 0 0 1 0 0 0 0 0 
0 0 1 0 0 0 0 0 0 0 0 0 0 1 1 
0 0 0 0 0 0 1 1 0 0 0 1 0 0 0 
0 0 1 1 0 0 0 0 0 1 0 0 0 0 0 
1 0 0 0 0 1 0 0 0 1 0 1 0 0 0 
0 0 0 0 0 0 0 0 0 0 0 0 0 1 0 
0 0 0 0 0 0 0 0 0 1 0 1 0 0 0 
1 0 0 0 0 0 0 0 0 1 0 0 0 1 0 
Best Sequence: 
11 10 7 6 3 2 12 1 14 9 13 8 5 4 0 
0 0 0 0 0 0 1 1 0 0 0 0 0 0 0 
0 0 0 0 0 0 0 0 1 0 0 0 0 0 1 
1 0 0 0 0 0 0 0 0 0 0 0 0 0 0 
1 0 1 1 1 0 0 1 0 0 0 0 1 0 0 
0 0 1 1 1 0 0 0 0 0 0 0 0 0 0 
0 0 0 1 0 0 1 0 0 1 0 0 0 1 1 
1 0 0 1 0 0 0 0 0 1 0 0 0 0 0 
0 0 0 0 0 0 0 0 1 1 1 1 1 0 0 
0 0 0 1 0 0 0 0 1 0 1 0 0 0 0 
0 1 1 0 0 0 0 0 0 0 0 0 0 0 0 
0 0 0 1 0 0 0 0 0 0 0 0 1 0 0 
1 1 0 0 0 1 1 0 0 1 0 1 0 0 0 
0 1 0 0 1 1 0 0 0 0 0 0 0 0 0 
1 1 1 1 0 0 0 0 1 0 0 0 0 1 0 
1 0 0 0 0 0 0 0 0 0 1 0 1 1 1 
0 0 0 0 0 0 0 0 0 0 1 1 1 0 0 
0 0 1 0 0 0 0 0 1 0 0 0 0 0 0 
1 0 0 0 0 0 0 1 0 0 0 1 0 0 1 
1 0 1 1 1 0 0 0 0 0 0 1 1 0 1 
0 0 0 0 0 0 1 0 1 1 0 0 1 1 0 
0 0 0 1 0 1 0 0 0 0 0 0 0 0 0 
0 1 1 0 0 0 1 1 0 0 0 0 0 0 0 
0 0 0 0 1 0 0 1 0 1 0 0 0 0 1 
0 0 0 0 0 1 0 0 1 0 1 0 0 0 0 
1 0 1 1 0 0 0 0 0 0 0 0 0 0 0 
0 0 0 0 1 1 0 0 0 1 0 0 0 0 0 
1 0 0 0 0 0 0 0 0 1 0 0 1 0 1 
0 0 0 0 0 0 0 0 0 0 1 0 0 0 0 
1 0 0 0 0 0 0 0 0 1 0 0 0 0 0 
0 0 0 0 0 0 0 0 0 1 1 0 0 0 1 
OpenStacks: 19
Took 12.31 seconds

buffer: HS problem 2436 size 30 15 density  0.20
numCustomers: 30
numProducts: 15
0 0 0 0 0 0 0 1 0 0 0 0 0 0 0 
0 1 0 0 1 1 0 0 0 0 0 0 0 0 0 
0 0 1 0 0 0 0 1 0 1 0 0 1 0 0 
0 0 0 0 0 0 0 1 0 0 0 0 0 0 0 
0 0 0 0 0 0 0 0 0 0 0 1 1 0 0 
1 0 0 1 0 0 0 0 0 0 0 0 0 0 0 
0 1 0 1 0 0 1 1 0 0 0 1 0 0 0 
0 1 0 0 1 0 0 0 0 0 0 0 1 0 0 
0 1 0 0 0 0 0 0 0 0 0 1 0 1 0 
0 0 0 0 0 0 0 0 0 0 1 0 0 0 0 
0 0 0 0 0 0 0 1 0 1 0 1 1 0 0 
1 0 1 0 0 1 0 1 0 0 0 0 0 0 0 
0 0 1 1 0 0 1 1 1 0 0 0 0 0 0 
0 1 1 0 0 0 0 0 0 0 0 0 0 0 0 
0 1 1 0 0 1 0 0 0 1 1 0 0 0 1 
0 0 1 0 0 1 0 0 0 0 0 1 0 0 0 
0 1 0 1 1 0 0 0 1 0 0 0 0 0 0 
1 0 1 0 1 0 0 0 0 0 1 0 1 0 0 
0 1 1 0 0 0 1 0 0 0 0 0 1 1 0 
0 0 0 1 0 0 1 0 0 0 1 0 0 0 0 
0 0 1 1 0 0 1 0 0 0 0 1 0 0 0 
0 0 0 1 0 0 0 0 0 0 1 0 0 0 0 
0 0 0 0 0 0 1 0 0 0 0 0 1 1 0 
0 0 0 0 1 0 0 1 0 0 0 0 0 0 0 
0 0 0 0 0 1 1 0 0 0 0 0 0 0 0 
0 0 1 1 0 0 0 0 0 0 0 0 0 1 0 
0 0 0 0 0 0 0 0 0 0 0 0 1 1 1 
0 0 0 0 1 0 0 0 1 0 1 1 0 0 0 
0 0 0 0 0 0 0 0 0 0 1 1 0 1 0 
0 0 0 0 0 1 0 0 1 0 0 0 0 0 0 
Best Sequence: 
14 13 12 11 10 9 6 3 2 8 5 7 4 1 0 
0 0 0 0 0 0 0 0 0 0 0 1 0 0 0 
0 0 0 0 0 0 0 0 0 0 1 0 1 1 0 
0 0 1 0 0 1 0 0 1 0 0 1 0 0 0 
0 0 0 0 0 0 0 0 0 0 0 1 0 0 0 
0 0 1 1 0 0 0 0 0 0 0 0 0 0 0 
0 0 0 0 0 0 0 1 0 0 0 0 0 0 1 
0 0 0 1 0 0 1 1 0 0 0 1 0 1 0 
0 0 1 0 0 0 0 0 0 0 0 0 1 1 0 
0 1 0 1 0 0 0 0 0 0 0 0 0 1 0 
0 0 0 0 1 0 0 0 0 0 0 0 0 0 0 
0 0 1 1 0 1 0 0 0 0 0 1 0 0 0 
0 0 0 0 0 0 0 0 1 0 1 1 0 0 1 
0 0 0 0 0 0 1 1 1 1 0 1 0 0 0 
0 0 0 0 0 0 0 0 1 0 0 0 0 1 0 
1 0 0 0 1 1 0 0 1 0 1 0 0 1 0 
0 0 0 1 0 0 0 0 1 0 1 0 0 0 0 
0 0 0 0 0 0 0 1 0 1 0 0 1 1 0 
0 0 1 0 1 0 0 0 1 0 0 0 1 0 1 
0 1 1 0 0 0 1 0 1 0 0 0 0 1 0 
0 0 0 0 1 0 1 1 0 0 0 0 0 0 0 
0 0 0 1 0 0 1 1 1 0 0 0 0 0 0 
0 0 0 0 1 0 0 1 0 0 0 0 0 0 0 
0 1 1 0 0 0 1 0 0 0 0 0 0 0 0 
0 0 0 0 0 0 0 0 0 0 0 1 1 0 0 
0 0 0 0 0 0 1 0 0 0 1 0 0 0 0 
0 1 0 0 0 0 0 1 1 0 0 0 0 0 0 
1 1 1 0 0 0 0 0 0 0 0 0 0 0 0 
0 0 0 1 1 0 0 0 0 1 0 0 1 0 0 
0 1 0 1 1 0 0 0 0 0 0 0 0 0 0 
0 0 0 0 0 0 0 0 0 1 1 0 0 0 0 
OpenStacks: 18
Took 12.21 seconds

buffer: HS problem 2437 size 30 15 density  0.20
numCustomers: 30
numProducts: 15
1 0 1 0 0 0 0 0 0 0 0 1 1 0 0 
0 0 0 0 1 0 0 0 0 1 0 0 0 0 0 
0 0 0 0 1 1 0 0 0 0 1 0 1 0 1 
0 0 0 0 0 0 0 1 0 0 0 0 0 1 0 
0 1 0 0 1 0 0 1 0 0 0 0 1 0 0 
1 0 0 0 0 0 0 1 0 0 0 0 0 0 0 
0 0 1 0 1 0 0 1 0 0 0 0 0 1 0 
0 0 0 0 0 0 1 0 0 0 0 0 0 1 0 
1 0 0 0 0 0 1 0 1 0 0 1 0 0 1 
0 0 0 0 0 0 0 0 0 0 0 0 1 1 0 
0 0 0 0 0 0 0 0 0 0 0 1 1 1 0 
1 0 0 0 0 0 1 0 0 0 0 0 1 0 1 
0 0 0 0 0 0 1 1 1 0 0 0 1 0 0 
0 0 0 0 0 0 0 0 1 0 1 0 1 1 0 
0 0 0 0 0 0 0 1 1 0 1 0 0 0 0 
0 0 0 1 0 0 0 1 0 1 1 0 0 0 0 
1 0 1 0 1 1 0 0 1 0 0 0 0 1 0 
1 0 0 0 0 0 1 0 0 0 0 0 0 0 0 
0 0 0 1 0 0 0 0 0 0 0 1 0 0 0 
1 1 1 0 1 0 0 0 0 0 0 0 0 0 0 
0 1 1 0 0 0 1 0 0 0 1 1 0 0 0 
0 0 0 1 0 1 1 0 0 0 0 0 0 0 0 
0 0 1 0 0 0 0 0 1 0 0 0 0 0 0 
0 0 0 0 0 0 0 0 0 1 1 1 0 0 0 
1 0 0 1 0 0 0 1 0 0 0 0 1 0 0 
0 0 1 0 1 0 0 0 0 0 0 0 0 0 0 
0 0 1 1 0 0 0 0 1 0 1 1 0 0 0 
1 0 1 0 0 0 0 1 1 0 0 0 0 0 0 
0 0 0 1 0 0 0 0 0 1 1 0 0 0 1 
0 0 0 0 0 0 1 0 0 0 0 1 0 0 0 
Best Sequence: 
13 12 11 6 14 3 10 5 9 8 7 4 2 1 0 
0 1 1 0 0 0 0 0 0 0 0 0 1 0 1 
0 0 0 0 0 0 0 0 1 0 0 1 0 0 0 
0 1 0 0 1 0 1 1 0 0 0 1 0 0 0 
1 0 0 0 0 0 0 0 0 0 1 0 0 0 0 
0 1 0 0 0 0 0 0 0 0 1 1 0 1 0 
0 0 0 0 0 0 0 0 0 0 1 0 0 0 1 
1 0 0 0 0 0 0 0 0 0 1 1 1 0 0 
1 0 0 1 0 0 0 0 0 0 0 0 0 0 0 
0 0 1 1 1 0 0 0 0 1 0 0 0 0 1 
1 1 0 0 0 0 0 0 0 0 0 0 0 0 0 
1 1 1 0 0 0 0 0 0 0 0 0 0 0 0 
0 1 0 1 1 0 0 0 0 0 0 0 0 0 1 
0 1 0 1 0 0 0 0 0 1 1 0 0 0 0 
1 1 0 0 0 0 1 0 0 1 0 0 0 0 0 
0 0 0 0 0 0 1 0 0 1 1 0 0 0 0 
0 0 0 0 0 1 1 0 1 0 1 0 0 0 0 
1 0 0 0 0 0 0 1 0 1 0 1 1 0 1 
0 0 0 1 0 0 0 0 0 0 0 0 0 0 1 
0 0 1 0 0 1 0 0 0 0 0 0 0 0 0 
0 0 0 0 0 0 0 0 0 0 0 1 1 1 1 
0 0 1 1 0 0 1 0 0 0 0 0 1 1 0 
0 0 0 1 0 1 0 1 0 0 0 0 0 0 0 
0 0 0 0 0 0 0 0 0 1 0 0 1 0 0 
0 0 1 0 0 0 1 0 1 0 0 0 0 0 0 
0 1 0 0 0 1 0 0 0 0 1 0 0 0 1 
0 0 0 0 0 0 0 0 0 0 0 1 1 0 0 
0 0 1 0 0 1 1 0 0 1 0 0 1 0 0 
0 0 0 0 0 0 0 0 0 1 1 0 1 0 1 
0 0 0 0 1 1 1 0 1 0 0 0 0 0 0 
0 0 1 1 0 0 0 0 0 0 0 0 0 0 0 
OpenStacks: 19
Took 12.27 seconds

buffer: HS problem 2438 size 30 15 density  0.20
numCustomers: 30
numProducts: 15
1 0 0 0 0 1 0 0 0 0 0 0 0 0 0 
0 1 1 0 0 0 0 0 0 1 0 0 0 0 0 
1 1 1 1 0 0 0 0 0 0 0 1 0 0 0 
0 1 0 0 0 0 1 0 0 0 1 0 1 0 0 
0 0 0 0 0 0 0 0 1 1 0 0 0 0 0 
0 0 0 0 0 0 0 0 1 0 0 0 0 0 1 
0 0 0 0 0 0 0 0 0 0 1 0 0 0 1 
0 1 0 1 0 0 0 0 0 0 0 0 0 0 0 
0 0 0 0 0 0 0 0 1 0 0 0 0 1 0 
0 1 0 0 0 1 0 1 0 0 0 0 0 0 0 
0 0 0 0 0 0 0 1 1 0 0 0 0 0 1 
0 0 1 0 0 1 0 0 1 1 0 0 0 0 0 
0 0 0 0 0 0 0 0 0 0 1 0 0 0 0 
0 1 0 0 0 0 0 0 0 1 0 0 1 1 0 
0 0 0 0 0 0 0 0 0 0 0 0 0 0 1 
0 0 1 0 0 0 0 0 0 1 0 0 0 1 0 
0 1 0 0 0 0 0 0 0 0 0 0 0 0 0 
0 0 1 1 0 1 0 0 0 0 0 0 0 1 0 
0 0 0 1 1 0 0 0 0 0 0 1 0 0 0 
0 0 0 1 0 1 0 0 0 0 1 0 0 0 0 
0 0 0 0 0 1 1 1 0 1 1 0 0 0 0 
0 0 0 0 1 0 0 0 0 0 0 0 0 1 0 
0 0 0 0 0 1 1 0 0 0 0 0 1 0 0 
1 1 0 1 0 1 0 0 0 0 0 0 0 0 1 
0 0 0 0 0 1 1 0 0 0 0 0 0 0 0 
0 0 0 1 0 0 0 0 0 0 0 0 1 0 1 
0 0 0 0 0 0 1 1 0 1 0 0 0 0 1 
0 0 0 1 0 0 0 0 1 0 0 0 0 0 1 
0 0 0 1 1 0 0 1 0 0 0 0 1 0 0 
1 0 1 0 0 0 0 0 0 1 0 0 1 0 0 
Best Sequence: 
14 10 8 13 4 11 3 12 9 7 6 5 2 1 0 
0 0 0 0 0 0 0 0 0 0 0 1 0 0 1 
0 0 0 0 0 0 0 0 1 0 0 0 1 1 0 
0 0 0 0 0 1 1 0 0 0 0 0 1 1 1 
0 1 0 0 0 0 0 1 0 0 1 0 0 1 0 
0 0 1 0 0 0 0 0 1 0 0 0 0 0 0 
1 0 1 0 0 0 0 0 0 0 0 0 0 0 0 
1 1 0 0 0 0 0 0 0 0 0 0 0 0 0 
0 0 0 0 0 0 1 0 0 0 0 0 0 1 0 
0 0 1 1 0 0 0 0 0 0 0 0 0 0 0 
0 0 0 0 0 0 0 0 0 1 0 1 0 1 0 
1 0 1 0 0 0 0 0 0 1 0 0 0 0 0 
0 0 1 0 0 0 0 0 1 0 0 1 1 0 0 
0 1 0 0 0 0 0 0 0 0 0 0 0 0 0 
0 0 0 1 0 0 0 1 1 0 0 0 0 1 0 
1 0 0 0 0 0 0 0 0 0 0 0 0 0 0 
0 0 0 1 0 0 0 0 1 0 0 0 1 0 0 
0 0 0 0 0 0 0 0 0 0 0 0 0 1 0 
0 0 0 1 0 0 1 0 0 0 0 1 1 0 0 
0 0 0 0 1 1 1 0 0 0 0 0 0 0 0 
0 1 0 0 0 0 1 0 0 0 0 1 0 0 0 
0 1 0 0 0 0 0 0 1 1 1 1 0 0 0 
0 0 0 1 1 0 0 0 0 0 0 0 0 0 0 
0 0 0 0 0 0 0 1 0 0 1 1 0 0 0 
1 0 0 0 0 0 1 0 0 0 0 1 0 1 1 
0 0 0 0 0 0 0 0 0 0 1 1 0 0 0 
1 0 0 0 0 0 1 1 0 0 0 0 0 0 0 
1 0 0 0 0 0 0 0 1 1 1 0 0 0 0 
1 0 1 0 0 0 1 0 0 0 0 0 0 0 0 
0 0 0 0 1 0 1 1 0 1 0 0 0 0 0 
0 0 0 0 0 0 0 1 1 0 0 0 1 0 1 
OpenStacks: 17
Took 12.16 seconds

buffer: HS problem 2439 size 30 15 density  0.20
numCustomers: 30
numProducts: 15
0 0 0 0 0 0 1 0 0 0 0 0 0 1 0 
0 0 0 0 0 1 0 0 0 0 0 0 0 0 0 
0 0 1 1 0 0 0 1 0 1 0 0 0 0 0 
0 0 0 1 1 0 0 1 0 0 0 0 1 1 0 
0 0 1 0 0 0 0 1 0 0 0 0 1 0 0 
0 0 0 0 0 0 0 0 0 0 0 0 1 0 0 
0 1 0 0 0 0 1 1 0 0 0 0 0 0 0 
0 0 0 1 0 1 1 1 0 1 1 1 0 0 0 
0 1 0 1 0 1 0 0 1 0 0 0 0 0 1 
0 0 1 0 0 1 0 0 0 1 0 0 0 0 0 
0 0 0 0 0 0 1 0 0 0 0 0 0 0 0 
1 0 0 0 1 1 0 1 0 0 0 0 1 0 0 
0 1 0 1 0 0 0 0 1 0 0 0 0 1 1 
0 0 0 0 0 0 0 1 0 1 0 1 0 1 0 
1 1 1 0 1 0 1 0 0 0 0 0 0 0 0 
0 1 0 0 0 0 0 0 0 0 1 0 0 0 0 
0 0 0 0 0 0 1 0 1 0 1 0 0 0 1 
0 0 0 1 0 0 0 0 0 0 0 1 0 0 0 
1 1 0 0 0 0 0 0 0 0 0 0 0 1 0 
0 0 0 0 1 0 0 0 0 1 1 0 0 0 0 
0 0 0 0 0 0 1 0 0 1 0 0 0 0 0 
1 0 0 0 0 0 0 1 0 0 1 0 0 0 0 
0 0 0 0 0 0 1 0 1 0 0 0 0 0 0 
0 0 1 0 1 1 0 1 0 0 0 0 0 0 0 
0 0 0 1 0 0 0 0 1 0 0 0 1 0 0 
0 0 0 0 0 0 0 1 0 0 0 0 1 0 0 
1 0 0 0 0 0 0 0 1 0 0 0 0 1 0 
0 0 0 1 1 0 1 0 0 0 0 0 0 0 1 
0 0 0 0 1 0 1 0 0 0 1 0 0 0 0 
0 1 0 0 1 0 1 1 0 0 0 0 0 0 1 
Best Sequence: 
12 7 5 2 9 4 11 3 0 13 14 10 8 6 1 
0 0 0 0 0 0 0 0 0 1 0 0 0 1 0 
0 0 1 0 0 0 0 0 0 0 0 0 0 0 0 
0 1 0 1 1 0 0 1 0 0 0 0 0 0 0 
1 1 0 0 0 1 0 1 0 1 0 0 0 0 0 
1 1 0 1 0 0 0 0 0 0 0 0 0 0 0 
1 0 0 0 0 0 0 0 0 0 0 0 0 0 0 
0 1 0 0 0 0 0 0 0 0 0 0 0 1 1 
0 1 1 0 1 0 1 1 0 0 0 1 0 1 0 
0 0 1 0 0 0 0 1 0 0 1 0 1 0 1 
0 0 1 1 1 0 0 0 0 0 0 0 0 0 0 
0 0 0 0 0 0 0 0 0 0 0 0 0 1 0 
1 1 1 0 0 1 0 0 1 0 0 0 0 0 0 
0 0 0 0 0 0 0 1 0 1 1 0 1 0 1 
0 1 0 0 1 0 1 0 0 1 0 0 0 0 0 
0 0 0 1 0 1 0 0 1 0 0 0 0 1 1 
0 0 0 0 0 0 0 0 0 0 0 1 0 0 1 
0 0 0 0 0 0 0 0 0 0 1 1 1 1 0 
0 0 0 0 0 0 1 1 0 0 0 0 0 0 0 
0 0 0 0 0 0 0 0 1 1 0 0 0 0 1 
0 0 0 0 1 1 0 0 0 0 0 1 0 0 0 
0 0 0 0 1 0 0 0 0 0 0 0 0 1 0 
0 1 0 0 0 0 0 0 1 0 0 1 0 0 0 
0 0 0 0 0 0 0 0 0 0 0 0 1 1 0 
0 1 1 1 0 1 0 0 0 0 0 0 0 0 0 
1 0 0 0 0 0 0 1 0 0 0 0 1 0 0 
1 1 0 0 0 0 0 0 0 0 0 0 0 0 0 
0 0 0 0 0 0 0 0 1 1 0 0 1 0 0 
0 0 0 0 0 1 0 1 0 0 1 0 0 1 0 
0 0 0 0 0 1 0 0 0 0 0 1 0 1 0 
0 1 0 0 0 1 0 0 0 0 1 0 0 1 1 
OpenStacks: 17
Took 12.24 seconds

buffer: HS problem 2440 size 30 15 density  0.20
numCustomers: 30
numProducts: 15
0 0 0 0 0 0 1 0 0 0 1 1 0 1 0 
0 0 0 0 0 0 0 0 0 0 0 0 1 0 0 
1 0 0 0 0 0 0 0 0 0 0 1 0 0 0 
0 0 0 0 0 0 0 1 0 0 0 0 0 0 0 
0 0 0 0 0 0 1 1 0 0 1 0 0 1 0 
0 0 0 0 1 0 1 0 0 0 0 0 0 0 1 
1 0 0 0 0 0 1 0 0 0 0 1 0 0 0 
0 0 0 1 0 0 1 0 0 1 0 1 0 0 0 
0 1 0 0 0 0 0 0 0 0 0 0 0 0 0 
0 0 0 0 0 1 0 0 0 0 1 0 1 0 0 
0 0 0 0 0 0 0 0 1 0 1 0 0 0 0 
0 1 0 1 0 0 1 0 0 0 1 0 0 0 0 
0 1 0 0 0 0 0 0 0 0 0 1 0 0 1 
0 1 0 0 1 0 0 0 0 1 0 0 0 0 1 
0 0 0 1 0 1 0 0 0 1 0 1 0 1 0 
0 0 1 0 0 0 0 0 0 0 1 0 0 1 0 
0 0 0 0 1 0 0 1 0 1 0 0 0 0 1 
0 0 0 1 0 0 1 0 0 1 0 0 0 0 1 
0 0 1 0 1 0 0 0 0 0 0 0 0 0 0 
1 0 1 1 0 0 0 0 0 0 0 0 0 0 0 
0 0 1 0 0 0 0 0 0 0 0 0 0 0 0 
0 0 1 0 0 0 0 1 0 0 0 0 0 1 1 
0 0 0 0 0 0 1 0 1 0 0 0 1 0 0 
0 0 0 0 0 0 0 1 0 1 0 1 0 1 0 
0 1 1 0 0 1 0 1 0 0 0 0 1 0 0 
0 0 0 0 0 0 1 1 1 1 0 1 0 1 0 
0 0 0 0 0 0 0 0 0 0 0 1 0 0 1 
0 0 0 0 0 0 0 0 0 1 0 0 0 0 0 
0 0 0 0 0 1 1 0 0 0 0 0 0 0 0 
0 0 0 0 0 0 1 1 0 0 1 0 1 0 0 
Best Sequence: 
12 10 8 6 5 13 7 11 14 9 4 3 2 1 0 
0 1 0 1 0 1 0 1 0 0 0 0 0 0 0 
1 0 0 0 0 0 0 0 0 0 0 0 0 0 0 
0 0 0 0 0 0 0 1 0 0 0 0 0 0 1 
0 0 0 0 0 0 1 0 0 0 0 0 0 0 0 
0 1 0 1 0 1 1 0 0 0 0 0 0 0 0 
0 0 0 1 0 0 0 0 1 0 1 0 0 0 0 
0 0 0 1 0 0 0 1 0 0 0 0 0 0 1 
0 0 0 1 0 0 0 1 0 1 0 1 0 0 0 
0 0 0 0 0 0 0 0 0 0 0 0 0 1 0 
1 1 0 0 1 0 0 0 0 0 0 0 0 0 0 
0 1 1 0 0 0 0 0 0 0 0 0 0 0 0 
0 1 0 1 0 0 0 0 0 0 0 1 0 1 0 
0 0 0 0 0 0 0 1 1 0 0 0 0 1 0 
0 0 0 0 0 0 0 0 1 1 1 0 0 1 0 
0 0 0 0 1 1 0 1 0 1 0 1 0 0 0 
0 1 0 0 0 1 0 0 0 0 0 0 1 0 0 
0 0 0 0 0 0 1 0 1 1 1 0 0 0 0 
0 0 0 1 0 0 0 0 1 1 0 1 0 0 0 
0 0 0 0 0 0 0 0 0 0 1 0 1 0 0 
0 0 0 0 0 0 0 0 0 0 0 1 1 0 1 
0 0 0 0 0 0 0 0 0 0 0 0 1 0 0 
0 0 0 0 0 1 1 0 1 0 0 0 1 0 0 
1 0 1 1 0 0 0 0 0 0 0 0 0 0 0 
0 0 0 0 0 1 1 1 0 1 0 0 0 0 0 
1 0 0 0 1 0 1 0 0 0 0 0 1 1 0 
0 0 1 1 0 1 1 1 0 1 0 0 0 0 0 
0 0 0 0 0 0 0 1 1 0 0 0 0 0 0 
0 0 0 0 0 0 0 0 0 1 0 0 0 0 0 
0 0 0 1 1 0 0 0 0 0 0 0 0 0 0 
1 1 0 1 0 0 1 0 0 0 0 0 0 0 0 
OpenStacks: 16
Took 12.19 seconds

buffer: HS problem 2441 size 30 15 density  0.25
numCustomers: 30
numProducts: 15
0 0 0 0 1 0 0 0 0 1 0 1 0 0 1 
0 0 0 0 1 0 0 0 0 0 1 0 0 0 0 
0 0 1 0 0 0 1 0 0 1 0 0 1 0 0 
0 1 0 0 0 0 0 0 0 1 0 0 0 0 0 
0 1 0 0 1 1 1 0 0 0 1 0 1 1 0 
1 1 0 1 0 0 1 0 0 0 0 1 0 0 0 
0 0 0 0 0 0 1 0 0 0 0 0 0 0 0 
0 0 0 0 0 1 0 0 0 1 0 0 0 0 0 
0 1 0 0 0 0 0 0 0 0 1 0 0 0 1 
0 0 0 0 0 1 0 0 0 1 1 0 0 0 0 
0 0 0 0 0 1 0 0 1 0 1 0 0 0 1 
0 1 0 0 1 0 0 0 0 0 0 0 0 0 1 
0 0 0 0 1 0 0 0 1 0 1 1 0 0 0 
1 0 0 0 0 0 1 0 0 0 0 1 1 0 1 
0 1 0 1 1 1 0 1 0 0 0 0 0 0 1 
0 1 0 1 0 0 0 0 1 1 0 0 0 1 0 
1 0 1 0 0 1 1 0 0 1 0 0 0 0 1 
0 1 0 1 0 0 1 0 0 0 0 1 1 0 0 
1 0 0 0 0 0 1 0 0 0 0 0 0 1 1 
0 0 0 0 0 0 1 0 0 0 0 1 0 0 0 
0 1 1 0 0 0 0 0 0 0 0 0 1 0 1 
1 0 0 0 0 0 0 0 0 0 0 1 0 1 0 
0 0 0 1 1 0 1 0 0 1 0 0 0 1 0 
0 0 0 0 0 0 1 0 0 1 0 0 0 0 1 
0 1 0 0 1 0 0 0 0 0 0 0 0 1 0 
1 0 0 0 0 0 0 0 0 0 0 0 0 0 1 
0 1 1 0 1 0 0 1 1 0 0 1 0 0 0 
0 0 0 0 0 1 0 0 0 0 1 1 0 0 0 
0 0 0 0 1 0 0 0 1 0 0 0 1 0 0 
0 0 0 0 0 1 1 0 0 0 1 1 0 1 0 
Best Sequence: 
6 11 10 5 13 9 8 4 14 12 7 3 2 1 0 
0 1 0 0 0 1 0 1 1 0 0 0 0 0 0 
0 0 1 0 0 0 0 1 0 0 0 0 0 0 0 
1 0 0 0 0 1 0 0 0 1 0 0 1 0 0 
0 0 0 0 0 1 0 0 0 0 0 0 0 1 0 
1 0 1 1 1 0 0 1 0 1 0 0 0 1 0 
1 1 0 0 0 0 0 0 0 0 0 1 0 1 1 
1 0 0 0 0 0 0 0 0 0 0 0 0 0 0 
0 0 0 1 0 1 0 0 0 0 0 0 0 0 0 
0 0 1 0 0 0 0 0 1 0 0 0 0 1 0 
0 0 1 1 0 1 0 0 0 0 0 0 0 0 0 
0 0 1 1 0 0 1 0 1 0 0 0 0 0 0 
0 0 0 0 0 0 0 1 1 0 0 0 0 1 0 
0 1 1 0 0 0 1 1 0 0 0 0 0 0 0 
1 1 0 0 0 0 0 0 1 1 0 0 0 0 1 
0 0 0 1 0 0 0 1 1 0 1 1 0 1 0 
0 0 0 0 1 1 1 0 0 0 0 1 0 1 0 
1 0 0 1 0 1 0 0 1 0 0 0 1 0 1 
1 1 0 0 0 0 0 0 0 1 0 1 0 1 0 
1 0 0 0 1 0 0 0 1 0 0 0 0 0 1 
1 1 0 0 0 0 0 0 0 0 0 0 0 0 0 
0 0 0 0 0 0 0 0 1 1 0 0 1 1 0 
0 1 0 0 1 0 0 0 0 0 0 0 0 0 1 
1 0 0 0 1 1 0 1 0 0 0 1 0 0 0 
1 0 0 0 0 1 0 0 1 0 0 0 0 0 0 
0 0 0 0 1 0 0 1 0 0 0 0 0 1 0 
0 0 0 0 0 0 0 0 1 0 0 0 0 0 1 
0 1 0 0 0 0 1 1 0 0 1 0 1 1 0 
0 1 1 1 0 0 0 0 0 0 0 0 0 0 0 
0 0 0 0 0 0 1 1 0 1 0 0 0 0 0 
1 1 1 1 1 0 0 0 0 0 0 0 0 0 0 
OpenStacks: 22
Took 12.39 seconds

buffer: HS problem 2442 size 30 15 density  0.25
numCustomers: 30
numProducts: 15
1 0 0 0 1 0 0 0 0 0 0 0 1 1 0 
0 0 0 0 1 0 1 1 0 0 0 1 0 0 0 
0 0 0 0 0 0 0 0 0 0 0 0 0 1 1 
1 0 0 0 0 0 1 0 0 0 0 0 0 0 0 
1 1 0 0 0 0 0 1 0 0 0 1 1 1 0 
0 0 0 0 0 1 0 0 0 0 0 0 1 0 0 
0 0 1 0 1 1 0 1 0 0 1 0 1 0 0 
0 0 0 0 0 0 0 1 1 0 1 1 0 0 0 
0 0 1 1 0 1 0 0 1 0 0 0 0 0 1 
0 0 0 0 0 0 0 0 0 0 0 1 0 1 0 
1 1 1 0 0 0 0 0 0 1 0 0 0 0 0 
0 0 1 0 0 0 0 0 0 0 0 1 0 1 1 
0 0 0 0 0 0 1 0 0 0 1 1 1 0 0 
1 1 0 0 0 1 1 0 0 0 0 0 0 0 0 
0 0 0 0 1 0 0 1 0 0 0 0 0 0 1 
0 1 1 0 0 0 0 0 0 0 1 0 1 0 0 
0 0 0 1 0 0 1 1 0 0 0 0 0 1 0 
0 0 0 0 0 1 0 0 0 0 0 0 0 1 0 
0 0 0 0 0 0 1 0 1 0 0 0 1 0 0 
0 0 0 1 1 0 0 0 0 0 1 0 1 0 0 
0 0 0 0 0 0 0 0 0 1 0 0 0 0 0 
0 0 1 0 0 1 1 1 0 1 1 0 0 0 0 
1 0 0 0 0 1 1 0 0 0 0 1 0 0 0 
1 1 1 0 1 1 1 0 0 1 0 0 1 0 0 
0 0 0 0 1 0 1 0 0 0 1 0 0 1 0 
0 0 0 0 0 1 0 1 0 0 0 0 0 1 1 
1 0 1 1 1 0 0 0 0 0 0 0 1 0 0 
0 0 1 0 0 0 1 0 1 0 0 0 0 0 0 
0 0 0 1 0 0 0 0 1 0 0 0 0 1 0 
0 1 0 1 0 0 0 0 1 0 0 0 1 0 1 
Best Sequence: 
14 13 5 7 11 4 12 10 8 6 9 3 2 1 0 
0 1 0 0 0 1 1 0 0 0 0 0 0 0 1 
0 0 0 1 1 1 0 0 0 1 0 0 0 0 0 
1 1 0 0 0 0 0 0 0 0 0 0 0 0 0 
0 0 0 0 0 0 0 0 0 1 0 0 0 0 1 
0 1 0 1 1 0 1 0 0 0 0 0 0 1 1 
0 0 1 0 0 0 1 0 0 0 0 0 0 0 0 
0 0 1 1 0 1 1 1 0 0 0 0 1 0 0 
0 0 0 1 1 0 0 1 1 0 0 0 0 0 0 
1 0 1 0 0 0 0 0 1 0 0 1 1 0 0 
0 1 0 0 1 0 0 0 0 0 0 0 0 0 0 
0 0 0 0 0 0 0 0 0 0 1 0 1 1 1 
1 1 0 0 1 0 0 0 0 0 0 0 1 0 0 
0 0 0 0 1 0 1 1 0 1 0 0 0 0 0 
0 0 1 0 0 0 0 0 0 1 0 0 0 1 1 
1 0 0 1 0 1 0 0 0 0 0 0 0 0 0 
0 0 0 0 0 0 1 1 0 0 0 0 1 1 0 
0 1 0 1 0 0 0 0 0 1 0 1 0 0 0 
0 1 1 0 0 0 0 0 0 0 0 0 0 0 0 
0 0 0 0 0 0 1 0 1 1 0 0 0 0 0 
0 0 0 0 0 1 1 1 0 0 0 1 0 0 0 
0 0 0 0 0 0 0 0 0 0 1 0 0 0 0 
0 0 1 1 0 0 0 1 0 1 1 0 1 0 0 
0 0 1 0 1 0 0 0 0 1 0 0 0 0 1 
0 0 1 0 0 1 1 0 0 1 1 0 1 1 1 
0 1 0 0 0 1 0 1 0 1 0 0 0 0 0 
1 1 1 1 0 0 0 0 0 0 0 0 0 0 0 
0 0 0 0 0 1 1 0 0 0 0 1 1 0 1 
0 0 0 0 0 0 0 0 1 1 0 0 1 0 0 
0 1 0 0 0 0 0 0 1 0 0 1 0 0 0 
1 0 0 0 0 0 1 0 1 0 0 1 0 1 0 
OpenStacks: 21
Took 12.4 seconds

buffer: HS problem 2443 size 30 15 density  0.25
numCustomers: 30
numProducts: 15
0 1 0 1 0 0 0 0 1 1 0 0 0 0 0 
0 0 0 0 0 0 0 0 0 1 1 0 0 0 0 
1 1 1 1 0 0 0 1 0 0 0 0 1 0 1 
0 1 0 0 0 0 0 0 0 0 0 0 0 0 0 
0 0 0 1 1 0 0 0 1 1 1 0 1 0 0 
1 0 0 1 0 0 0 0 0 0 0 0 1 0 0 
0 0 0 0 0 0 0 0 1 0 0 0 0 1 1 
0 1 0 0 0 0 0 0 1 0 0 0 0 0 0 
1 0 0 1 1 1 0 1 0 0 0 0 0 0 0 
1 0 0 0 1 1 1 0 0 0 0 1 1 0 1 
0 0 1 0 0 0 0 0 0 0 0 0 0 0 0 
0 1 0 0 0 0 1 0 0 0 1 1 0 0 0 
1 0 0 0 0 0 1 1 0 0 0 0 1 0 0 
0 0 0 1 1 0 0 0 1 0 0 1 1 0 0 
0 0 0 1 0 0 1 1 1 0 0 0 0 1 0 
1 1 0 0 0 0 0 0 0 0 0 1 0 0 0 
1 1 1 1 1 0 0 1 1 0 0 0 0 1 0 
0 0 1 0 0 0 0 1 0 0 1 1 0 0 0 
0 0 0 0 0 0 0 1 0 1 0 0 0 1 0 
0 0 0 1 0 1 0 0 1 0 0 1 0 1 0 
0 0 0 0 0 0 0 0 0 0 0 0 0 0 1 
1 1 0 0 0 1 0 0 1 0 0 1 1 1 0 
0 0 0 1 0 1 0 0 0 0 0 0 1 0 0 
0 0 0 0 0 0 0 0 0 1 0 0 0 1 0 
0 1 1 1 1 1 0 0 0 0 0 0 0 1 0 
0 1 1 0 0 0 1 0 1 0 0 0 0 1 1 
1 0 1 1 0 1 0 0 0 0 0 0 0 1 0 
0 0 1 0 0 0 0 0 0 0 1 0 1 0 0 
0 0 0 0 0 0 1 0 0 0 0 0 0 1 1 
1 1 0 0 1 0 0 0 0 1 0 1 0 0 0 
Best Sequence: 
14 1 8 13 9 11 10 6 7 12 5 4 3 2 0 
0 1 1 0 1 0 0 0 0 0 0 0 1 0 0 
0 0 0 0 1 0 1 0 0 0 0 0 0 0 0 
1 1 0 0 0 0 0 0 1 1 0 0 1 1 1 
0 1 0 0 0 0 0 0 0 0 0 0 0 0 0 
0 0 1 0 1 0 1 0 0 1 0 1 1 0 0 
0 0 0 0 0 0 0 0 0 1 0 0 1 0 1 
1 0 1 1 0 0 0 0 0 0 0 0 0 0 0 
0 1 1 0 0 0 0 0 0 0 0 0 0 0 0 
0 0 0 0 0 0 0 0 1 0 1 1 1 0 1 
1 0 0 0 0 1 0 1 0 1 1 1 0 0 1 
0 0 0 0 0 0 0 0 0 0 0 0 0 1 0 
0 1 0 0 0 1 1 1 0 0 0 0 0 0 0 
0 0 0 0 0 0 0 1 1 1 0 0 0 0 1 
0 0 1 0 0 1 0 0 0 1 0 1 1 0 0 
0 0 1 1 0 0 0 1 1 0 0 0 1 0 0 
0 1 0 0 0 1 0 0 0 0 0 0 0 0 1 
0 1 1 1 0 0 0 0 1 0 0 1 1 1 1 
0 0 0 0 0 1 1 0 1 0 0 0 0 1 0 
0 0 0 1 1 0 0 0 1 0 0 0 0 0 0 
0 0 1 1 0 1 0 0 0 0 1 0 1 0 0 
1 0 0 0 0 0 0 0 0 0 0 0 0 0 0 
0 1 1 1 0 1 0 0 0 1 1 0 0 0 1 
0 0 0 0 0 0 0 0 0 1 1 0 1 0 0 
0 0 0 1 1 0 0 0 0 0 0 0 0 0 0 
0 1 0 1 0 0 0 0 0 0 1 1 1 1 0 
1 1 1 1 0 0 0 1 0 0 0 0 0 1 0 
0 0 0 1 0 0 0 0 0 0 1 0 1 1 1 
0 0 0 0 0 0 1 0 0 1 0 0 0 1 0 
1 0 0 1 0 0 0 1 0 0 0 0 0 0 0 
0 1 0 0 1 1 0 0 0 0 0 1 0 0 1 
OpenStacks: 20
Took 12.47 seconds

buffer: HS problem 2444 size 30 15 density  0.25
numCustomers: 30
numProducts: 15
0 1 0 1 0 1 1 1 0 0 0 0 0 0 1 
0 1 0 0 0 1 1 0 1 0 0 0 1 0 0 
0 1 1 1 0 0 0 0 1 0 0 1 1 0 0 
1 0 0 1 0 0 0 0 0 0 0 0 0 0 1 
0 0 0 1 0 0 1 0 0 0 0 1 1 0 1 
0 0 0 0 0 0 0 0 0 1 0 0 0 0 0 
0 0 0 0 0 0 0 1 0 0 0 0 0 0 0 
0 1 0 1 0 0 0 0 0 0 0 0 1 0 0 
1 0 0 0 0 0 1 0 0 1 0 1 0 0 1 
1 0 0 0 0 0 0 1 0 0 0 0 1 1 0 
0 0 0 0 0 0 1 0 0 0 0 1 1 1 0 
0 1 0 0 0 0 1 0 0 1 0 1 0 0 0 
0 0 1 1 0 0 1 0 0 0 0 0 0 0 0 
0 0 1 0 1 0 1 0 1 0 0 1 1 0 0 
0 0 0 0 0 0 1 1 0 0 0 0 0 0 1 
0 0 0 1 0 0 1 1 0 0 0 1 0 1 0 
0 0 0 0 0 0 1 0 0 0 1 0 1 0 0 
1 0 1 0 0 0 0 0 0 1 0 0 0 0 0 
1 0 0 0 1 0 0 0 0 0 0 0 1 0 1 
0 0 0 0 0 0 1 0 0 1 0 0 1 0 0 
0 0 1 0 1 1 0 0 0 0 1 0 0 0 0 
0 0 0 0 0 1 0 0 0 1 0 1 0 0 0 
0 0 0 1 0 0 0 0 1 1 0 1 0 0 0 
1 0 0 0 1 0 0 1 0 0 0 0 0 0 1 
0 0 0 0 1 0 0 0 1 0 0 0 1 0 1 
0 0 0 0 0 1 1 0 0 0 0 0 0 1 1 
0 0 0 1 0 1 0 0 0 1 0 1 0 1 1 
0 0 0 0 0 0 0 0 1 0 0 0 0 0 0 
1 0 0 0 1 0 0 0 0 0 1 0 1 0 1 
0 1 0 1 0 1 0 0 0 0 1 0 0 0 1 
Best Sequence: 
9 8 11 3 12 1 2 5 6 14 13 10 7 4 0 
0 0 0 1 0 1 0 1 1 1 0 0 1 0 0 
0 1 0 0 1 1 0 1 1 0 0 0 0 0 0 
0 1 1 1 1 1 1 0 0 0 0 0 0 0 0 
0 0 0 1 0 0 0 0 0 1 0 0 0 0 1 
0 0 1 1 1 0 0 0 1 1 0 0 0 0 0 
1 0 0 0 0 0 0 0 0 0 0 0 0 0 0 
0 0 0 0 0 0 0 0 0 0 0 0 1 0 0 
0 0 0 1 1 1 0 0 0 0 0 0 0 0 0 
1 0 1 0 0 0 0 0 1 1 0 0 0 0 1 
0 0 0 0 1 0 0 0 0 0 1 0 1 0 1 
0 0 1 0 1 0 0 0 1 0 1 0 0 0 0 
1 0 1 0 0 1 0 0 1 0 0 0 0 0 0 
0 0 0 1 0 0 1 0 1 0 0 0 0 0 0 
0 1 1 0 1 0 1 0 1 0 0 0 0 1 0 
0 0 0 0 0 0 0 0 1 1 0 0 1 0 0 
0 0 1 1 0 0 0 0 1 0 1 0 1 0 0 
0 0 0 0 1 0 0 0 1 0 0 1 0 0 0 
1 0 0 0 0 0 1 0 0 0 0 0 0 0 1 
0 0 0 0 1 0 0 0 0 1 0 0 0 1 1 
1 0 0 0 1 0 0 0 1 0 0 0 0 0 0 
0 0 0 0 0 0 1 1 0 0 0 1 0 1 0 
1 0 1 0 0 0 0 1 0 0 0 0 0 0 0 
1 1 1 1 0 0 0 0 0 0 0 0 0 0 0 
0 0 0 0 0 0 0 0 0 1 0 0 1 1 1 
0 1 0 0 1 0 0 0 0 1 0 0 0 1 0 
0 0 0 0 0 0 0 1 1 1 1 0 0 0 0 
1 0 1 1 0 0 0 1 0 1 1 0 0 0 0 
0 1 0 0 0 0 0 0 0 0 0 0 0 0 0 
0 0 0 0 1 0 0 0 0 1 0 1 0 1 1 
0 0 0 1 0 1 0 1 0 1 0 1 0 0 0 
OpenStacks: 22
Took 12.43 seconds

buffer: HS problem 2445 size 30 15 density  0.25
numCustomers: 30
numProducts: 15
0 1 1 0 1 0 0 0 1 0 0 0 1 1 0 
0 0 0 0 1 0 1 0 0 1 0 0 0 0 0 
0 1 0 0 0 0 1 1 0 0 0 1 0 0 0 
1 0 0 1 1 1 0 0 0 1 1 0 0 0 0 
0 0 0 0 1 0 0 1 0 0 0 0 0 0 1 
0 0 1 0 0 0 1 1 0 1 0 0 0 0 0 
1 0 0 1 1 0 0 0 1 0 1 0 0 0 0 
0 0 0 0 0 0 0 0 1 0 0 1 0 0 1 
0 1 0 0 0 0 0 0 0 0 0 0 0 0 0 
0 0 0 1 0 0 0 1 1 1 0 0 0 0 1 
1 0 0 1 0 0 0 0 0 0 0 0 0 1 0 
0 1 1 0 0 0 1 1 0 0 0 0 0 0 1 
0 0 0 0 0 0 1 0 0 0 0 1 1 0 0 
0 0 1 1 0 0 0 0 1 1 0 0 1 0 1 
0 1 0 0 0 0 0 0 0 0 0 0 1 0 0 
1 0 0 0 0 0 0 0 0 0 0 0 0 0 0 
0 0 1 0 0 1 0 0 0 0 1 0 0 0 0 
0 0 0 1 0 1 1 0 0 0 1 0 0 0 0 
0 0 0 0 0 0 1 0 1 0 0 0 0 1 0 
1 1 1 0 0 0 0 0 1 1 1 0 0 0 0 
0 0 1 1 0 0 1 0 1 0 0 0 0 0 0 
0 0 1 0 0 0 0 0 0 0 0 0 0 0 0 
0 0 1 0 0 1 0 0 0 1 0 0 0 0 0 
1 1 1 0 0 0 0 0 1 0 0 0 0 1 0 
0 0 1 1 1 0 1 0 0 0 1 1 1 1 1 
1 0 0 1 0 0 0 1 1 1 0 0 1 1 0 
1 0 0 0 0 0 0 1 0 0 0 0 1 0 0 
0 0 0 0 1 0 0 0 0 0 0 0 0 1 1 
0 1 0 1 1 0 0 0 0 1 0 0 1 0 0 
0 0 0 0 0 0 1 1 1 1 1 0 0 0 0 
Best Sequence: 
2 10 5 9 6 3 8 13 14 11 7 12 4 1 0 
1 0 0 0 0 0 1 1 0 0 0 1 1 1 0 
0 0 0 1 1 0 0 0 0 0 0 0 1 0 0 
0 0 0 0 1 0 0 0 0 1 1 0 0 1 0 
0 1 1 1 0 1 0 0 0 0 0 0 1 0 1 
0 0 0 0 0 0 0 0 1 0 1 0 1 0 0 
1 0 0 1 1 0 0 0 0 0 1 0 0 0 0 
0 1 0 0 0 1 1 0 0 0 0 0 1 0 1 
0 0 0 0 0 0 1 0 1 1 0 0 0 0 0 
0 0 0 0 0 0 0 0 0 0 0 0 0 1 0 
0 0 0 1 0 1 1 0 1 0 1 0 0 0 0 
0 0 0 0 0 1 0 1 0 0 0 0 0 0 1 
1 0 0 0 1 0 0 0 1 0 1 0 0 1 0 
0 0 0 0 1 0 0 0 0 1 0 1 0 0 0 
1 0 0 1 0 1 1 0 1 0 0 1 0 0 0 
0 0 0 0 0 0 0 0 0 0 0 1 0 1 0 
0 0 0 0 0 0 0 0 0 0 0 0 0 0 1 
1 1 1 0 0 0 0 0 0 0 0 0 0 0 0 
0 1 1 0 1 1 0 0 0 0 0 0 0 0 0 
0 0 0 0 1 0 1 1 0 0 0 0 0 0 0 
1 1 0 1 0 0 1 0 0 0 0 0 0 1 1 
1 0 0 0 1 1 1 0 0 0 0 0 0 0 0 
1 0 0 0 0 0 0 0 0 0 0 0 0 0 0 
1 0 1 1 0 0 0 0 0 0 0 0 0 0 0 
1 0 0 0 0 0 1 1 0 0 0 0 0 1 1 
1 1 0 0 1 1 0 1 1 1 0 1 1 0 0 
0 0 0 1 0 1 1 1 0 0 1 1 0 0 1 
0 0 0 0 0 0 0 0 0 0 1 1 0 0 1 
0 0 0 0 0 0 0 1 1 0 0 0 1 0 0 
0 0 0 1 0 1 0 0 0 0 0 1 1 1 0 
0 1 0 1 1 0 1 0 0 0 1 0 0 0 0 
OpenStacks: 20
Took 12.48 seconds

buffer: HS problem 2446 size 30 15 density  0.25
numCustomers: 30
numProducts: 15
0 0 0 1 0 0 0 0 0 0 0 0 1 0 0 
1 1 0 0 0 0 0 0 0 1 0 0 0 0 1 
0 0 0 1 0 0 1 0 0 0 0 0 0 0 0 
1 0 0 0 0 0 0 0 0 0 0 0 0 0 0 
0 0 0 1 0 0 1 1 1 0 1 0 0 0 0 
1 0 0 0 0 0 1 0 0 0 0 1 0 0 0 
0 0 1 0 0 0 0 0 0 0 1 0 0 1 0 
1 0 0 0 1 0 1 1 0 0 0 0 0 0 0 
0 0 0 0 0 0 1 1 0 0 0 0 0 1 0 
1 0 0 0 1 0 0 0 0 0 0 0 0 0 1 
1 1 0 1 0 1 0 1 1 0 0 0 1 1 0 
0 1 0 1 0 1 0 0 0 0 0 0 0 0 0 
1 0 0 0 0 0 0 1 0 0 0 0 0 0 0 
0 0 0 0 0 1 1 0 1 0 1 0 0 0 0 
0 0 1 0 0 0 0 0 0 1 0 1 0 0 0 
0 0 0 1 0 0 0 0 1 0 0 0 0 1 0 
0 1 0 1 1 0 1 0 0 1 1 0 0 0 0 
0 0 0 0 0 0 0 1 0 0 1 0 0 0 0 
0 0 0 1 0 1 0 0 0 1 1 0 0 0 1 
0 0 0 0 0 0 1 0 0 0 0 0 0 0 1 
0 1 1 0 0 1 0 0 1 0 0 0 1 1 1 
0 0 0 0 0 0 0 0 0 1 0 1 0 0 1 
0 0 0 0 0 0 1 1 1 0 0 0 1 1 0 
0 0 0 1 0 0 0 0 1 1 0 0 0 0 0 
0 0 0 1 1 0 0 1 0 0 0 0 1 0 0 
0 0 0 0 0 0 0 0 0 0 1 0 0 0 0 
0 0 1 1 0 0 0 0 0 0 0 1 0 0 0 
0 0 0 0 0 0 1 0 1 1 0 0 0 0 0 
0 1 0 0 0 1 0 1 0 1 0 1 0 0 1 
0 1 1 1 0 0 0 1 1 0 0 0 0 0 1 
Best Sequence: 
12 3 11 2 9 8 5 1 14 13 10 7 6 4 0 
1 1 0 0 0 0 0 0 0 0 0 0 0 0 0 
0 0 0 0 1 0 0 1 1 0 0 0 0 0 1 
0 1 0 0 0 0 0 0 0 0 0 0 1 0 0 
0 0 0 0 0 0 0 0 0 0 0 0 0 0 1 
0 1 0 0 0 1 0 0 0 0 1 1 1 0 0 
0 0 1 0 0 0 0 0 0 0 0 0 1 0 1 
0 0 0 1 0 0 0 0 0 1 1 0 0 0 0 
0 0 0 0 0 0 0 0 0 0 0 1 1 1 1 
0 0 0 0 0 0 0 0 0 1 0 1 1 0 0 
0 0 0 0 0 0 0 0 1 0 0 0 0 1 1 
1 1 0 0 0 1 1 1 0 1 0 1 0 0 1 
0 1 0 0 0 0 1 1 0 0 0 0 0 0 0 
0 0 0 0 0 0 0 0 0 0 0 1 0 0 1 
0 0 0 0 0 1 1 0 0 0 1 0 1 0 0 
0 0 1 1 1 0 0 0 0 0 0 0 0 0 0 
0 1 0 0 0 1 0 0 0 1 0 0 0 0 0 
0 1 0 0 1 0 0 1 0 0 1 0 1 1 0 
0 0 0 0 0 0 0 0 0 0 1 1 0 0 0 
0 1 0 0 1 0 1 0 1 0 1 0 0 0 0 
0 0 0 0 0 0 0 0 1 0 0 0 1 0 0 
1 0 0 1 0 1 1 1 1 1 0 0 0 0 0 
0 0 1 0 1 0 0 0 1 0 0 0 0 0 0 
1 0 0 0 0 1 0 0 0 1 0 1 1 0 0 
0 1 0 0 1 1 0 0 0 0 0 0 0 0 0 
1 1 0 0 0 0 0 0 0 0 0 1 0 1 0 
0 0 0 0 0 0 0 0 0 0 1 0 0 0 0 
0 1 1 1 0 0 0 0 0 0 0 0 0 0 0 
0 0 0 0 1 1 0 0 0 0 0 0 1 0 0 
0 0 1 0 1 0 1 1 1 0 0 1 0 0 0 
0 1 0 1 0 1 0 1 1 0 0 1 0 0 0 
OpenStacks: 19
Took 12.35 seconds

buffer: HS problem 2447 size 30 15 density  0.25
numCustomers: 30
numProducts: 15
0 0 1 0 0 0 0 0 1 0 0 0 0 0 1 
0 1 0 0 0 1 0 0 0 0 1 1 0 0 1 
0 0 1 0 1 0 0 0 0 0 0 0 0 0 0 
1 0 0 0 0 0 0 0 0 0 0 0 0 1 1 
0 0 1 0 0 0 0 0 0 0 1 1 0 1 0 
1 0 0 1 0 1 0 0 1 0 0 1 0 0 1 
1 1 1 0 0 0 0 0 0 0 0 0 0 0 0 
0 0 0 1 0 0 0 1 0 0 0 1 0 0 0 
0 1 1 0 0 0 1 0 0 1 0 1 0 0 0 
0 0 0 0 0 0 1 0 0 0 0 1 0 1 1 
1 0 0 0 0 1 0 0 1 1 0 0 1 0 0 
0 0 1 1 1 0 0 1 1 0 0 0 0 1 1 
1 1 0 0 0 0 0 1 0 1 1 0 0 0 1 
1 0 0 0 1 1 1 0 0 0 0 1 0 0 0 
0 0 0 0 0 0 0 1 0 1 0 0 0 0 0 
0 0 0 1 0 0 0 0 0 0 0 1 1 0 1 
0 0 1 0 0 0 1 0 0 0 0 0 0 0 0 
0 0 0 1 1 0 0 0 0 0 0 0 0 1 0 
1 0 0 0 0 1 0 0 0 0 0 1 0 0 0 
0 1 0 0 1 0 1 0 0 0 0 0 0 0 0 
1 0 0 0 0 0 0 0 0 1 0 1 0 1 0 
1 0 0 1 0 0 1 0 1 0 1 0 0 0 1 
0 1 0 0 0 0 0 0 0 0 0 0 0 0 0 
0 0 1 1 1 0 1 0 0 0 0 1 0 0 0 
0 0 0 1 0 1 0 0 1 1 0 0 0 0 0 
0 0 0 0 1 0 0 0 1 1 0 1 0 0 1 
0 0 1 0 0 0 0 1 1 1 0 0 1 0 0 
1 0 0 0 1 1 1 1 0 0 1 0 0 0 0 
0 0 0 0 1 0 0 0 0 0 0 1 0 1 0 
0 0 0 1 0 0 0 0 0 0 0 0 0 0 0 
Best Sequence: 
3 11 7 9 8 5 14 13 12 10 0 6 4 2 1 
0 0 0 0 1 0 1 0 0 0 0 0 0 1 0 
0 1 0 0 0 1 1 0 0 1 0 0 0 0 1 
0 0 0 0 0 0 0 0 0 0 0 0 1 1 0 
0 0 0 0 0 0 1 1 0 0 1 0 0 0 0 
0 1 0 0 0 0 0 1 0 1 0 0 0 1 0 
1 1 0 0 1 1 1 0 0 0 1 0 0 0 0 
0 0 0 0 0 0 0 0 0 0 1 0 0 1 1 
1 1 1 0 0 0 0 0 0 0 0 0 0 0 0 
0 1 0 1 0 0 0 0 0 0 0 1 0 1 1 
0 1 0 0 0 0 1 1 0 0 0 1 0 0 0 
0 0 0 1 1 1 0 0 1 0 1 0 0 0 0 
1 0 1 0 1 0 1 1 0 0 0 0 1 1 0 
0 0 1 1 0 0 1 0 0 1 1 0 0 0 1 
0 1 0 0 0 1 0 0 0 0 1 1 1 0 0 
0 0 1 1 0 0 0 0 0 0 0 0 0 0 0 
1 1 0 0 0 0 1 0 1 0 0 0 0 0 0 
0 0 0 0 0 0 0 0 0 0 0 1 0 1 0 
1 0 0 0 0 0 0 1 0 0 0 0 1 0 0 
0 1 0 0 0 1 0 0 0 0 1 0 0 0 0 
0 0 0 0 0 0 0 0 0 0 0 1 1 0 1 
0 1 0 1 0 0 0 1 0 0 1 0 0 0 0 
1 0 0 0 1 0 1 0 0 1 1 1 0 0 0 
0 0 0 0 0 0 0 0 0 0 0 0 0 0 1 
1 1 0 0 0 0 0 0 0 0 0 1 1 1 0 
1 0 0 1 1 1 0 0 0 0 0 0 0 0 0 
0 1 0 1 1 0 1 0 0 0 0 0 1 0 0 
0 0 1 1 1 0 0 0 1 0 0 0 0 1 0 
0 0 1 0 0 1 0 0 0 1 1 1 1 0 0 
0 1 0 0 0 0 0 1 0 0 0 0 1 0 0 
1 0 0 0 0 0 0 0 0 0 0 0 0 0 0 
OpenStacks: 21
Took 12.42 seconds

buffer: HS problem 2448 size 30 15 density  0.25
numCustomers: 30
numProducts: 15
0 0 0 0 0 0 1 0 0 0 1 0 1 0 0 
0 0 0 1 1 0 1 0 1 0 0 0 0 1 0 
0 0 1 0 0 0 0 1 0 1 0 0 0 1 1 
1 1 0 0 1 0 0 0 0 1 0 0 0 0 1 
0 0 0 0 1 0 0 1 1 0 0 0 0 0 0 
1 0 0 0 0 0 0 0 0 0 1 1 0 0 0 
0 0 0 0 1 0 0 0 0 0 0 0 0 0 1 
1 0 1 0 0 1 0 0 0 0 0 1 0 0 0 
0 0 0 0 0 1 0 1 0 0 1 0 0 0 0 
0 1 0 0 0 1 1 0 0 0 0 0 1 1 0 
0 0 0 0 0 0 0 0 1 0 1 0 1 1 0 
0 0 0 0 0 0 0 0 0 0 0 0 1 0 1 
0 0 0 0 1 0 1 1 0 0 0 1 0 0 0 
0 0 1 1 0 0 1 1 0 0 0 0 0 0 0 
0 0 1 0 0 0 1 1 0 0 0 1 0 0 1 
0 0 0 0 0 0 0 0 0 0 0 0 1 0 0 
1 1 1 0 0 0 1 0 0 0 0 0 0 0 0 
0 1 1 0 0 1 0 0 0 0 1 0 0 0 0 
0 0 0 1 0 1 0 0 0 1 1 0 1 0 1 
1 0 1 0 1 0 0 1 0 1 0 0 1 0 0 
0 0 1 0 1 1 0 0 1 0 1 0 0 0 0 
0 0 0 0 0 0 0 0 0 1 0 0 1 0 1 
0 0 0 0 0 1 0 1 0 0 0 0 0 0 0 
0 0 0 1 0 0 0 0 0 0 0 0 1 0 0 
0 1 0 1 0 1 0 0 1 0 0 0 0 0 1 
0 0 0 0 1 1 0 0 0 0 0 0 0 0 0 
0 0 0 0 0 0 0 1 0 0 0 0 0 1 1 
1 0 0 0 1 0 0 1 1 0 0 0 0 0 0 
0 0 0 0 1 0 0 1 0 0 0 0 0 1 0 
0 0 1 0 0 0 0 0 1 0 1 1 0 0 1 
Best Sequence: 
12 14 9 3 13 7 4 11 8 10 6 5 2 1 0 
1 0 0 0 0 0 0 0 0 1 1 0 0 0 0 
0 0 0 1 1 0 1 0 1 0 1 0 0 0 0 
0 1 1 0 1 1 0 0 0 0 0 0 1 0 0 
0 1 1 0 0 0 1 0 0 0 0 0 0 1 1 
0 0 0 0 0 1 1 0 1 0 0 0 0 0 0 
0 0 0 0 0 0 0 1 0 1 0 0 0 0 1 
0 1 0 0 0 0 1 0 0 0 0 0 0 0 0 
0 0 0 0 0 0 0 1 0 0 0 1 1 0 1 
0 0 0 0 0 1 0 0 0 1 0 1 0 0 0 
1 0 0 0 1 0 0 0 0 0 1 1 0 1 0 
1 0 0 0 1 0 0 0 1 1 0 0 0 0 0 
1 1 0 0 0 0 0 0 0 0 0 0 0 0 0 
0 0 0 0 0 1 1 1 0 0 1 0 0 0 0 
0 0 0 1 0 1 0 0 0 0 1 0 1 0 0 
0 1 0 0 0 1 0 1 0 0 1 0 1 0 0 
1 0 0 0 0 0 0 0 0 0 0 0 0 0 0 
0 0 0 0 0 0 0 0 0 0 1 0 1 1 1 
0 0 0 0 0 0 0 0 0 1 0 1 1 1 0 
1 1 1 1 0 0 0 0 0 1 0 1 0 0 0 
1 0 1 0 0 1 1 0 0 0 0 0 1 0 1 
0 0 0 0 0 0 1 0 1 1 0 1 1 0 0 
1 1 1 0 0 0 0 0 0 0 0 0 0 0 0 
0 0 0 0 0 1 0 0 0 0 0 1 0 0 0 
1 0 0 1 0 0 0 0 0 0 0 0 0 0 0 
0 1 0 1 0 0 0 0 1 0 0 1 0 1 0 
0 0 0 0 0 0 1 0 0 0 0 1 0 0 0 
0 1 0 0 1 1 0 0 0 0 0 0 0 0 0 
0 0 0 0 0 1 1 0 1 0 0 0 0 0 1 
0 0 0 0 1 1 1 0 0 0 0 0 0 0 0 
0 1 0 0 0 0 0 1 1 1 0 0 1 0 0 
OpenStacks: 21
Took 12.4 seconds

buffer: HS problem 2449 size 30 15 density  0.25
numCustomers: 30
numProducts: 15
0 1 0 0 0 0 1 0 0 0 1 1 0 0 0 
0 1 1 0 1 0 0 0 0 0 0 0 0 1 0 
1 0 1 0 1 0 1 0 0 0 0 0 0 0 0 
0 1 0 0 0 1 0 0 1 1 0 0 1 0 1 
0 0 0 0 0 0 1 0 0 0 0 0 0 1 1 
1 0 0 0 0 1 1 0 0 0 0 1 0 0 0 
0 0 0 1 1 0 0 0 0 1 0 0 0 0 0 
0 0 0 1 0 0 0 0 0 0 0 0 1 1 0 
0 0 1 0 0 0 0 0 1 0 0 0 0 0 0 
1 0 0 0 0 0 0 1 0 0 1 0 0 1 0 
0 0 0 0 0 0 1 0 0 1 0 0 0 1 0 
0 0 1 1 0 1 0 0 0 0 0 0 0 0 1 
1 1 1 1 0 0 0 1 0 0 1 1 0 0 0 
1 0 0 0 1 1 1 0 1 0 0 1 0 0 0 
0 0 0 0 1 1 1 1 1 0 0 1 1 0 0 
0 1 1 0 1 0 0 0 0 0 0 0 0 0 0 
1 0 0 0 1 0 0 0 0 0 0 0 1 1 1 
0 1 0 0 0 1 0 0 1 1 0 0 0 0 0 
0 1 0 0 0 0 0 0 0 0 0 0 0 0 1 
0 1 0 0 0 0 0 0 0 0 0 1 1 0 0 
1 1 0 0 0 1 1 0 0 1 1 0 1 1 0 
0 0 0 0 0 0 1 0 0 0 0 0 0 0 0 
1 0 0 0 1 1 0 0 1 0 0 0 0 0 0 
0 0 0 0 0 1 1 1 0 0 0 0 0 0 0 
0 0 0 1 0 0 0 0 0 1 0 0 1 1 0 
0 0 0 0 0 0 0 0 1 0 0 0 1 0 0 
1 0 0 0 0 0 0 1 1 0 0 0 1 0 0 
1 0 0 1 0 0 0 0 0 0 0 0 0 0 0 
0 0 0 0 0 1 0 0 0 0 0 0 0 0 1 
0 1 0 0 0 1 1 1 0 0 0 0 0 0 0 
Best Sequence: 
6 14 11 1 10 5 7 13 12 9 8 4 3 2 0 
1 0 1 1 1 0 0 0 0 0 0 0 0 0 0 
0 0 0 1 0 0 0 1 0 0 0 1 0 1 0 
1 0 0 0 0 0 0 0 0 0 0 1 0 1 1 
0 1 0 1 0 1 0 0 1 1 1 0 0 0 0 
1 1 0 0 0 0 0 1 0 0 0 0 0 0 0 
1 0 1 0 0 1 0 0 0 0 0 0 0 0 1 
0 0 0 0 0 0 0 0 0 1 0 1 1 0 0 
0 0 0 0 0 0 0 1 1 0 0 0 1 0 0 
0 0 0 0 0 0 0 0 0 0 1 0 0 1 0 
0 0 0 0 1 0 1 1 0 0 0 0 0 0 1 
1 0 0 0 0 0 0 1 0 1 0 0 0 0 0 
0 1 0 0 0 1 0 0 0 0 0 0 1 1 0 
0 0 1 1 1 0 1 0 0 0 0 0 1 1 1 
1 0 1 0 0 1 0 0 0 0 1 1 0 0 1 
1 0 1 0 0 1 1 0 1 0 1 1 0 0 0 
0 0 0 1 0 0 0 0 0 0 0 1 0 1 0 
0 1 0 0 0 0 0 1 1 0 0 1 0 0 1 
0 0 0 1 0 1 0 0 0 1 1 0 0 0 0 
0 1 0 1 0 0 0 0 0 0 0 0 0 0 0 
0 0 1 1 0 0 0 0 1 0 0 0 0 0 0 
1 0 0 1 1 1 0 1 1 1 0 0 0 0 1 
1 0 0 0 0 0 0 0 0 0 0 0 0 0 0 
0 0 0 0 0 1 0 0 0 0 1 1 0 0 1 
1 0 0 0 0 1 1 0 0 0 0 0 0 0 0 
0 0 0 0 0 0 0 1 1 1 0 0 1 0 0 
0 0 0 0 0 0 0 0 1 0 1 0 0 0 0 
0 0 0 0 0 0 1 0 1 0 1 0 0 0 1 
0 0 0 0 0 0 0 0 0 0 0 0 1 0 1 
0 1 0 0 0 1 0 0 0 0 0 0 0 0 0 
1 0 0 1 0 1 1 0 0 0 0 0 0 0 0 
OpenStacks: 20
Took 12.4 seconds

buffer: HS problem 2450 size 30 15 density  0.25
numCustomers: 30
numProducts: 15
0 0 0 0 0 1 1 0 1 0 0 0 0 1 0 
0 0 0 0 0 1 1 0 0 1 0 1 0 1 0 
1 0 0 0 0 1 1 0 1 0 0 0 0 0 0 
0 0 0 1 1 0 0 0 0 0 1 0 0 0 0 
0 1 1 0 1 0 1 0 1 1 0 0 0 0 1 
0 0 0 1 1 1 0 0 0 1 0 0 0 1 1 
0 1 0 0 1 0 0 0 0 0 1 0 0 0 0 
0 0 0 0 0 0 0 0 1 0 0 0 0 1 0 
1 0 0 0 0 0 0 1 1 0 1 0 0 1 0 
1 0 0 0 0 0 0 0 0 0 0 0 1 0 1 
0 0 0 0 0 0 1 0 1 0 0 0 0 1 0 
0 0 0 1 1 0 1 0 0 0 0 0 0 0 0 
0 0 0 0 0 0 0 0 0 0 1 0 1 1 0 
0 0 0 0 0 0 1 0 0 0 0 0 0 0 0 
1 0 0 0 0 1 0 0 1 1 0 0 1 0 0 
0 0 0 0 1 0 0 0 0 0 0 0 0 0 1 
1 0 1 1 0 0 0 0 0 0 0 0 0 0 0 
0 0 0 1 0 0 1 0 0 1 0 0 0 0 1 
1 0 0 0 0 1 0 0 0 0 0 1 0 0 1 
1 0 0 0 0 1 1 0 0 0 1 0 0 0 0 
0 1 1 1 0 1 0 0 0 0 1 0 0 0 0 
0 0 0 0 0 1 0 0 0 0 0 0 0 0 0 
1 1 0 1 0 1 0 0 0 0 1 0 1 0 0 
1 0 0 0 0 1 0 0 0 0 0 0 0 1 0 
0 0 1 0 0 1 0 0 1 0 0 0 0 0 0 
0 0 0 0 0 0 0 1 0 0 1 0 0 0 0 
0 0 1 0 1 0 0 0 1 0 0 0 0 1 0 
0 0 0 0 0 0 1 1 1 0 0 0 0 0 0 
0 1 0 0 0 0 1 1 0 0 0 0 0 1 1 
1 0 0 0 1 1 0 0 1 0 0 0 0 1 0 
Best Sequence: 
13 8 5 2 12 0 9 14 11 6 10 7 4 3 1 
1 1 1 0 0 0 0 0 0 1 0 0 0 0 0 
1 0 1 0 0 0 1 0 1 1 0 0 0 0 0 
0 1 1 0 0 1 0 0 0 1 0 0 0 0 0 
0 0 0 0 0 0 0 0 0 0 1 0 1 1 0 
0 1 0 1 0 0 1 1 0 1 0 0 1 0 1 
1 0 1 0 0 0 1 1 0 0 0 0 1 1 0 
0 0 0 0 0 0 0 0 0 0 1 0 1 0 1 
1 1 0 0 0 0 0 0 0 0 0 0 0 0 0 
1 1 0 0 0 1 0 0 0 0 1 1 0 0 0 
0 0 0 0 1 1 0 1 0 0 0 0 0 0 0 
1 1 0 0 0 0 0 0 0 1 0 0 0 0 0 
0 0 0 0 0 0 0 0 0 1 0 0 1 1 0 
1 0 0 0 1 0 0 0 0 0 1 0 0 0 0 
0 0 0 0 0 0 0 0 0 1 0 0 0 0 0 
0 1 1 0 1 1 1 0 0 0 0 0 0 0 0 
0 0 0 0 0 0 0 1 0 0 0 0 1 0 0 
0 0 0 1 0 1 0 0 0 0 0 0 0 1 0 
0 0 0 0 0 0 1 1 0 1 0 0 0 1 0 
0 0 1 0 0 1 0 1 1 0 0 0 0 0 0 
0 0 1 0 0 1 0 0 0 1 1 0 0 0 0 
0 0 1 1 0 0 0 0 0 0 1 0 0 1 1 
0 0 1 0 0 0 0 0 0 0 0 0 0 0 0 
0 0 1 0 1 1 0 0 0 0 1 0 0 1 1 
1 0 1 0 0 1 0 0 0 0 0 0 0 0 0 
0 1 1 1 0 0 0 0 0 0 0 0 0 0 0 
0 0 0 0 0 0 0 0 0 0 1 1 0 0 0 
1 1 0 1 0 0 0 0 0 0 0 0 1 0 0 
0 1 0 0 0 0 0 0 0 1 0 1 0 0 0 
1 0 0 0 0 0 0 1 0 1 0 1 0 0 1 
1 1 1 0 0 1 0 0 0 0 0 0 1 0 0 
OpenStacks: 20
Took 12.37 seconds

buffer: HS problem 2451 size 30 15 density  0.25
numCustomers: 30
numProducts: 15
0 0 1 0 1 1 1 1 0 0 0 0 1 0 0 
0 0 0 0 0 0 0 1 1 1 1 0 0 1 1 
0 1 0 0 0 0 0 0 0 0 1 0 0 0 1 
0 0 0 1 0 0 0 0 0 0 0 0 0 0 0 
0 0 0 0 1 0 1 0 1 0 0 1 0 1 0 
0 0 1 0 0 1 0 0 0 1 0 1 1 0 0 
0 0 0 0 0 0 0 0 1 0 0 1 0 0 1 
0 0 0 1 1 0 0 0 0 1 1 1 1 0 0 
1 1 1 0 1 1 1 1 0 0 1 0 1 0 0 
1 1 0 1 0 0 0 1 1 0 0 1 1 0 0 
1 0 0 0 0 1 0 1 0 0 1 1 1 0 1 
1 1 0 0 1 0 0 0 0 0 0 1 1 0 0 
1 0 0 0 0 0 0 0 0 0 0 1 1 0 1 
1 0 0 1 0 0 0 0 0 0 0 1 1 1 0 
0 0 1 0 0 1 0 0 0 0 0 1 0 1 0 
0 1 0 0 1 0 0 0 0 1 0 1 0 0 1 
0 1 0 0 0 0 0 0 0 1 0 0 0 0 0 
0 0 1 1 0 0 0 1 0 0 0 0 0 0 1 
0 1 0 1 0 0 0 0 0 0 1 1 1 0 1 
0 0 1 1 1 0 0 0 1 0 0 1 0 0 1 
0 0 0 1 0 0 0 0 0 0 0 0 0 0 0 
0 1 0 0 0 0 0 0 0 0 1 1 0 1 0 
0 0 0 0 0 0 0 0 1 0 0 0 0 0 1 
0 0 0 0 0 0 1 0 0 0 1 0 1 0 0 
0 1 1 0 0 0 0 0 0 0 0 0 0 0 0 
0 1 0 0 0 0 0 0 0 1 0 0 0 1 1 
0 0 0 1 0 0 0 1 1 0 1 0 0 1 0 
0 1 0 0 0 0 0 0 0 0 0 1 0 0 1 
0 1 0 0 0 0 1 0 1 0 1 0 1 0 0 
0 1 0 0 0 1 0 0 0 1 0 0 0 0 0 
Best Sequence: 
3 14 8 13 11 12 10 7 6 9 5 4 2 1 0 
0 0 0 0 0 1 0 1 1 0 1 1 1 0 0 
0 1 1 1 0 0 1 1 0 1 0 0 0 0 0 
0 1 0 0 0 0 1 0 0 0 0 0 0 1 0 
1 0 0 0 0 0 0 0 0 0 0 0 0 0 0 
0 0 1 1 1 0 0 0 1 0 0 1 0 0 0 
0 0 0 0 1 1 0 0 0 1 1 0 1 0 0 
0 1 1 0 1 0 0 0 0 0 0 0 0 0 0 
1 0 0 0 1 1 1 0 0 1 0 1 0 0 0 
0 0 0 0 0 1 1 1 1 0 1 1 1 1 1 
1 0 1 0 1 1 0 1 0 0 0 0 0 1 1 
0 1 0 0 1 1 1 1 0 0 1 0 0 0 1 
0 0 0 0 1 1 0 0 0 0 0 1 0 1 1 
0 1 0 0 1 1 0 0 0 0 0 0 0 0 1 
1 0 0 1 1 1 0 0 0 0 0 0 0 0 1 
0 0 0 1 1 0 0 0 0 0 1 0 1 0 0 
0 1 0 0 1 0 0 0 0 1 0 1 0 1 0 
0 0 0 0 0 0 0 0 0 1 0 0 0 1 0 
1 1 0 0 0 0 0 1 0 0 0 0 1 0 0 
1 1 0 0 1 1 1 0 0 0 0 0 0 1 0 
1 1 1 0 1 0 0 0 0 0 0 1 1 0 0 
1 0 0 0 0 0 0 0 0 0 0 0 0 0 0 
0 0 0 1 1 0 1 0 0 0 0 0 0 1 0 
0 1 1 0 0 0 0 0 0 0 0 0 0 0 0 
0 0 0 0 0 1 1 0 1 0 0 0 0 0 0 
0 0 0 0 0 0 0 0 0 0 0 0 1 1 0 
0 1 0 1 0 0 0 0 0 1 0 0 0 1 0 
1 0 1 1 0 0 1 1 0 0 0 0 0 0 0 
0 1 0 0 1 0 0 0 0 0 0 0 0 1 0 
0 0 1 0 0 1 1 0 1 0 0 0 0 1 0 
0 0 0 0 0 0 0 0 0 1 1 0 0 1 0 
OpenStacks: 23
Took 12.57 seconds

buffer: HS problem 2452 size 30 15 density  0.25
numCustomers: 30
numProducts: 15
0 0 0 1 0 0 0 0 0 0 1 0 0 1 1 
0 0 1 0 0 0 0 0 1 1 0 0 0 0 0 
0 0 0 0 0 0 0 0 0 0 1 0 0 0 0 
0 0 0 0 0 1 0 0 0 1 0 0 0 0 0 
0 0 1 0 1 0 0 0 0 0 0 0 0 1 1 
1 0 0 1 0 0 0 0 0 1 0 1 1 0 0 
1 0 0 0 0 1 1 1 0 0 0 1 1 0 0 
0 0 0 0 0 0 1 0 0 0 0 0 1 0 0 
1 0 0 0 1 0 1 0 0 0 0 0 0 1 0 
1 0 1 0 0 0 1 0 1 1 0 0 0 0 0 
1 0 0 0 0 0 1 0 0 1 0 1 1 1 1 
0 0 0 1 0 0 0 0 0 0 0 0 0 0 0 
0 0 1 0 1 0 0 0 0 0 0 0 0 0 0 
0 0 1 1 1 0 0 0 0 0 0 0 0 0 1 
0 0 1 1 1 0 0 0 0 0 0 0 0 0 0 
0 0 0 0 0 0 1 0 0 0 0 0 0 0 0 
0 1 1 0 1 0 1 0 0 0 0 0 0 0 0 
0 1 1 0 0 0 0 0 0 0 0 0 0 0 0 
1 0 0 1 0 0 0 1 0 0 0 0 0 0 0 
1 0 0 1 0 0 0 1 0 1 0 0 1 0 0 
0 0 0 1 0 0 0 1 0 1 0 1 1 0 0 
0 0 1 0 0 0 1 0 0 1 1 0 1 1 0 
0 0 0 0 1 0 0 0 0 1 0 0 0 0 0 
0 1 0 0 0 0 0 0 0 0 1 1 0 0 0 
1 1 0 0 0 1 0 0 1 0 0 0 1 1 0 
0 0 1 0 0 0 1 1 1 1 0 0 0 0 0 
1 0 1 0 1 1 0 0 0 1 0 0 0 1 0 
0 0 0 0 0 0 0 0 0 0 0 0 0 0 1 
1 0 1 1 1 0 0 0 0 0 1 0 0 1 0 
1 0 0 0 0 0 0 1 1 1 0 0 1 0 0 
Best Sequence: 
3 4 2 14 13 10 9 8 12 11 7 6 5 1 0 
1 0 0 1 1 1 0 0 0 0 0 0 0 0 0 
0 0 1 0 0 0 1 1 0 0 0 0 0 0 0 
0 0 0 0 0 1 0 0 0 0 0 0 0 0 0 
0 0 0 0 0 0 1 0 0 0 0 0 1 0 0 
0 1 1 1 1 0 0 0 0 0 0 0 0 0 0 
1 0 0 0 0 0 1 0 1 1 0 0 0 0 1 
0 0 0 0 0 0 0 0 1 1 1 1 1 0 1 
0 0 0 0 0 0 0 0 1 0 0 1 0 0 0 
0 1 0 0 1 0 0 0 0 0 0 1 0 0 1 
0 0 1 0 0 0 1 1 0 0 0 1 0 0 1 
0 0 0 1 1 0 1 0 1 1 0 1 0 0 1 
1 0 0 0 0 0 0 0 0 0 0 0 0 0 0 
0 1 1 0 0 0 0 0 0 0 0 0 0 0 0 
1 1 1 1 0 0 0 0 0 0 0 0 0 0 0 
1 1 1 0 0 0 0 0 0 0 0 0 0 0 0 
0 0 0 0 0 0 0 0 0 0 0 1 0 0 0 
0 1 1 0 0 0 0 0 0 0 0 1 0 1 0 
0 0 1 0 0 0 0 0 0 0 0 0 0 1 0 
1 0 0 0 0 0 0 0 0 0 1 0 0 0 1 
1 0 0 0 0 0 1 0 1 0 1 0 0 0 1 
1 0 0 0 0 0 1 0 1 1 1 0 0 0 0 
0 0 1 0 1 1 1 0 1 0 0 1 0 0 0 
0 1 0 0 0 0 1 0 0 0 0 0 0 0 0 
0 0 0 0 0 1 0 0 0 1 0 0 0 1 0 
0 0 0 0 1 0 0 1 1 0 0 0 1 1 1 
0 0 1 0 0 0 1 1 0 0 1 1 0 0 0 
0 1 1 0 1 0 1 0 0 0 0 0 1 0 1 
0 0 0 1 0 0 0 0 0 0 0 0 0 0 0 
1 1 1 0 1 1 0 0 0 0 0 0 0 0 1 
0 0 0 0 0 0 1 1 1 0 1 0 0 0 1 
OpenStacks: 19
Took 12.37 seconds

buffer: HS problem 2453 size 30 15 density  0.25
numCustomers: 30
numProducts: 15
0 0 0 1 0 0 0 0 0 1 0 0 0 0 0 
0 0 0 0 1 0 1 0 0 1 0 1 0 0 0 
0 1 0 0 1 0 0 1 0 0 1 0 0 0 1 
0 1 0 0 0 0 1 1 0 0 0 0 0 1 0 
1 1 0 0 0 1 0 0 0 0 1 0 0 0 1 
0 1 0 0 0 1 1 0 0 1 0 0 0 0 1 
0 0 1 1 1 0 0 1 0 0 1 0 1 0 0 
0 0 0 0 0 0 0 1 0 1 1 1 0 0 1 
0 1 0 0 1 0 0 0 0 0 0 0 1 0 0 
1 0 0 0 0 0 0 1 0 1 0 0 0 0 1 
0 1 0 1 1 0 0 0 0 0 0 0 0 0 0 
1 0 0 0 0 0 0 1 0 1 0 0 0 1 0 
0 0 1 1 1 0 0 0 0 1 0 0 1 0 0 
1 1 0 0 0 1 1 1 0 1 0 0 1 0 0 
0 0 0 1 0 1 0 0 1 0 0 0 1 0 0 
0 1 0 0 0 1 0 0 0 0 0 1 0 1 0 
0 0 0 0 0 0 1 0 0 0 0 0 1 1 0 
0 1 1 1 1 1 0 1 1 0 0 0 0 0 1 
1 1 1 0 0 1 0 0 1 0 0 0 0 0 0 
0 0 0 0 1 0 0 0 1 0 0 0 0 0 0 
0 1 1 0 1 0 0 0 0 0 0 0 0 0 0 
0 0 0 0 0 0 0 0 1 0 0 0 0 1 0 
0 0 0 0 1 0 0 1 0 0 0 0 0 1 1 
0 0 0 0 0 1 0 0 0 0 1 0 0 0 0 
0 0 1 0 0 0 0 0 1 0 0 1 0 0 0 
0 0 0 0 1 0 1 1 0 0 0 0 0 1 0 
0 0 1 1 0 0 0 0 1 0 0 0 0 1 0 
1 0 0 0 0 0 0 0 0 0 0 1 0 0 0 
0 0 0 0 0 0 0 1 0 0 0 1 0 0 0 
0 0 0 1 1 1 0 0 0 1 0 0 1 0 0 
Best Sequence: 
13 8 12 6 4 1 3 5 10 14 9 11 7 2 0 
0 0 0 0 0 0 1 0 0 0 1 0 0 0 0 
0 0 0 1 1 0 0 0 0 0 1 1 0 0 0 
0 0 0 0 1 1 0 0 1 1 0 0 1 0 0 
1 0 0 1 0 1 0 0 0 0 0 0 1 0 0 
0 0 0 0 0 1 0 1 1 1 0 0 0 0 1 
0 0 0 1 0 1 0 1 0 1 1 0 0 0 0 
0 0 1 0 1 0 1 0 1 0 0 0 1 1 0 
0 0 0 0 0 0 0 0 1 1 1 1 1 0 0 
0 0 1 0 1 1 0 0 0 0 0 0 0 0 0 
0 0 0 0 0 0 0 0 0 1 1 0 1 0 1 
0 0 0 0 1 1 1 0 0 0 0 0 0 0 0 
1 0 0 0 0 0 0 0 0 0 1 0 1 0 1 
0 0 1 0 1 0 1 0 0 0 1 0 0 1 0 
0 0 1 1 0 1 0 1 0 0 1 0 1 0 1 
0 1 1 0 0 0 1 1 0 0 0 0 0 0 0 
1 0 0 0 0 1 0 1 0 0 0 1 0 0 0 
1 0 1 1 0 0 0 0 0 0 0 0 0 0 0 
0 1 0 0 1 1 1 1 0 1 0 0 1 1 0 
0 1 0 0 0 1 0 1 0 0 0 0 0 1 1 
0 1 0 0 1 0 0 0 0 0 0 0 0 0 0 
0 0 0 0 1 1 0 0 0 0 0 0 0 1 0 
1 1 0 0 0 0 0 0 0 0 0 0 0 0 0 
1 0 0 0 1 0 0 0 0 1 0 0 1 0 0 
0 0 0 0 0 0 0 1 1 0 0 0 0 0 0 
0 1 0 0 0 0 0 0 0 0 0 1 0 1 0 
1 0 0 1 1 0 0 0 0 0 0 0 1 0 0 
1 1 0 0 0 0 1 0 0 0 0 0 0 1 0 
0 0 0 0 0 0 0 0 0 0 0 1 0 0 1 
0 0 0 0 0 0 0 0 0 0 0 1 1 0 0 
0 0 1 0 1 0 1 1 0 0 1 0 0 0 0 
OpenStacks: 21
Took 12.44 seconds

buffer: HS problem 2454 size 30 15 density  0.25
numCustomers: 30
numProducts: 15
0 0 1 0 1 0 0 0 0 0 0 0 1 0 0 
0 0 0 0 0 0 0 1 1 0 1 0 0 0 0 
1 0 0 0 0 0 0 0 0 0 0 0 0 0 0 
0 1 0 0 1 1 1 0 0 0 0 0 1 0 0 
1 0 1 1 0 0 1 0 0 0 0 0 0 0 0 
0 0 0 0 0 1 0 0 1 0 0 0 0 0 0 
0 0 1 1 0 0 0 0 1 0 0 0 1 0 0 
0 0 0 1 1 0 0 0 0 0 0 0 0 0 1 
1 0 1 0 0 0 0 0 0 0 0 1 0 0 1 
0 0 0 0 0 0 0 1 1 0 0 0 1 0 0 
0 0 0 0 0 1 0 0 0 0 0 0 0 1 0 
1 0 0 1 1 0 0 0 0 0 1 0 1 1 0 
0 0 1 1 0 0 1 0 0 0 1 1 0 0 0 
0 0 0 0 1 0 0 0 0 0 0 0 1 1 0 
0 1 1 0 0 0 0 0 0 1 0 0 0 0 1 
1 0 0 1 0 0 0 0 1 0 0 0 0 0 0 
0 0 0 0 0 0 1 1 1 1 0 0 0 0 0 
0 1 0 0 0 1 1 1 0 1 0 0 0 0 0 
0 0 0 0 0 0 0 1 0 1 1 0 0 0 1 
0 0 0 1 1 0 0 0 0 0 0 0 0 0 0 
1 1 1 0 1 0 0 0 0 1 1 1 1 0 0 
0 0 0 0 0 1 1 0 0 1 0 0 1 0 0 
0 1 0 0 0 0 0 0 0 0 0 0 0 0 0 
0 0 0 0 0 0 0 0 1 0 0 0 1 0 0 
1 0 1 1 0 0 0 0 0 0 0 1 0 1 0 
0 0 1 0 0 0 0 0 1 1 1 0 0 0 0 
0 0 0 0 0 0 1 0 0 0 0 0 0 0 1 
0 0 0 0 0 1 0 0 0 0 1 0 0 0 0 
0 0 0 0 0 0 0 0 0 0 0 0 0 1 0 
0 1 0 0 0 0 0 1 1 0 0 0 1 1 1 
Best Sequence: 
12 8 7 10 5 9 6 14 13 11 4 3 2 1 0 
1 0 0 0 0 0 0 0 0 0 1 0 1 0 0 
0 1 1 1 0 0 0 0 0 0 0 0 0 0 0 
0 0 0 0 0 0 0 0 0 0 0 0 0 0 1 
1 0 0 0 1 0 1 0 0 0 1 0 0 1 0 
0 0 0 0 0 0 1 0 0 0 0 1 1 0 1 
0 1 0 0 1 0 0 0 0 0 0 0 0 0 0 
1 1 0 0 0 0 0 0 0 0 0 1 1 0 0 
0 0 0 0 0 0 0 1 0 0 1 1 0 0 0 
0 0 0 0 0 0 0 1 0 1 0 0 1 0 1 
1 1 1 0 0 0 0 0 0 0 0 0 0 0 0 
0 0 0 0 1 0 0 0 1 0 0 0 0 0 0 
1 0 0 1 0 0 0 0 1 0 1 1 0 0 1 
0 0 0 1 0 0 1 0 0 1 0 1 1 0 0 
1 0 0 0 0 0 0 0 1 0 1 0 0 0 0 
0 0 0 0 0 1 0 1 0 0 0 0 1 1 0 
0 1 0 0 0 0 0 0 0 0 0 1 0 0 1 
0 1 1 0 0 1 1 0 0 0 0 0 0 0 0 
0 0 1 0 1 1 1 0 0 0 0 0 0 1 0 
0 0 1 1 0 1 0 1 0 0 0 0 0 0 0 
0 0 0 0 0 0 0 0 0 0 1 1 0 0 0 
1 0 0 1 0 1 0 0 0 1 1 0 1 1 1 
1 0 0 0 1 1 1 0 0 0 0 0 0 0 0 
0 0 0 0 0 0 0 0 0 0 0 0 0 1 0 
1 1 0 0 0 0 0 0 0 0 0 0 0 0 0 
0 0 0 0 0 0 0 0 1 1 0 1 1 0 1 
0 1 0 1 0 1 0 0 0 0 0 0 1 0 0 
0 0 0 0 0 0 1 1 0 0 0 0 0 0 0 
0 0 0 1 1 0 0 0 0 0 0 0 0 0 0 
0 0 0 0 0 0 0 0 1 0 0 0 0 0 0 
1 1 1 0 0 0 0 1 1 0 0 0 0 1 0 
OpenStacks: 18
Took 12.31 seconds

buffer: HS problem 2455 size 30 15 density  0.25
numCustomers: 30
numProducts: 15
1 0 0 0 1 0 1 0 1 0 0 0 0 0 1 
0 0 0 0 0 0 1 0 0 0 0 1 0 0 0 
0 0 1 0 0 0 0 1 0 0 0 1 0 1 0 
0 0 0 0 0 0 0 0 0 1 0 0 1 0 0 
0 0 0 1 0 0 1 1 0 1 1 1 0 0 0 
0 1 0 0 1 0 1 0 0 0 0 0 0 0 0 
0 0 1 1 0 0 0 1 1 0 1 0 0 0 0 
0 0 0 0 0 0 0 0 1 1 0 0 0 1 0 
0 1 1 0 0 0 0 0 0 0 1 0 0 1 0 
0 0 0 0 1 0 0 1 0 0 0 0 0 0 0 
0 1 1 0 0 0 0 0 1 0 1 0 1 1 0 
0 1 1 0 0 0 0 0 0 1 0 0 1 0 0 
0 0 0 0 0 0 0 0 0 0 0 0 0 0 1 
1 0 1 0 0 0 0 0 0 0 0 0 0 0 0 
1 0 0 1 0 0 0 0 0 0 0 0 0 0 0 
0 0 0 0 0 0 0 0 0 0 0 0 1 0 0 
0 0 0 0 0 0 1 0 0 0 0 0 0 1 0 
0 1 0 0 1 0 0 0 1 0 0 0 0 0 1 
1 0 0 0 0 0 0 0 1 1 0 0 0 1 0 
0 1 1 0 1 0 0 1 0 0 1 0 0 0 0 
0 0 0 0 1 1 1 1 0 0 0 0 1 0 0 
1 0 0 0 0 0 0 0 1 1 0 0 0 1 1 
1 0 0 0 0 0 0 1 0 0 0 0 0 1 0 
1 0 1 0 0 0 0 1 0 0 0 0 1 1 0 
1 0 0 1 0 0 0 0 0 0 0 0 0 0 1 
0 1 0 1 0 0 0 0 1 0 0 0 0 0 1 
1 0 1 1 1 1 1 1 0 0 0 0 1 1 1 
0 1 0 0 0 0 0 0 0 0 0 0 0 0 1 
0 1 0 0 0 0 0 1 0 0 0 0 1 0 0 
1 1 0 0 0 0 0 0 0 1 0 0 0 1 0 
Best Sequence: 
12 11 6 7 5 4 9 13 8 1 14 10 3 2 0 
0 0 1 0 0 1 0 0 1 0 1 0 0 0 1 
0 1 1 0 0 0 0 0 0 0 0 0 0 0 0 
0 1 0 1 0 0 0 1 0 0 0 0 0 1 0 
1 0 0 0 0 0 1 0 0 0 0 0 0 0 0 
0 1 1 1 0 0 1 0 0 0 0 1 1 0 0 
0 0 1 0 0 1 0 0 0 1 0 0 0 0 0 
0 0 0 1 0 0 0 0 1 0 0 1 1 1 0 
0 0 0 0 0 0 1 1 1 0 0 0 0 0 0 
0 0 0 0 0 0 0 1 0 1 0 1 0 1 0 
0 0 0 1 0 1 0 0 0 0 0 0 0 0 0 
1 0 0 0 0 0 0 1 1 1 0 1 0 1 0 
1 0 0 0 0 0 1 0 0 1 0 0 0 1 0 
0 0 0 0 0 0 0 0 0 0 1 0 0 0 0 
0 0 0 0 0 0 0 0 0 0 0 0 0 1 1 
0 0 0 0 0 0 0 0 0 0 0 0 1 0 1 
1 0 0 0 0 0 0 0 0 0 0 0 0 0 0 
0 0 1 0 0 0 0 1 0 0 0 0 0 0 0 
0 0 0 0 0 1 0 0 1 1 1 0 0 0 0 
0 0 0 0 0 0 1 1 1 0 0 0 0 0 1 
0 0 0 1 0 1 0 0 0 1 0 1 0 1 0 
1 0 1 1 1 1 0 0 0 0 0 0 0 0 0 
0 0 0 0 0 0 1 1 1 0 1 0 0 0 1 
0 0 0 1 0 0 0 1 0 0 0 0 0 0 1 
1 0 0 1 0 0 0 1 0 0 0 0 0 1 1 
0 0 0 0 0 0 0 0 0 0 1 0 1 0 1 
0 0 0 0 0 0 0 0 1 1 1 0 1 0 0 
1 0 1 1 1 1 0 1 0 0 1 0 1 1 1 
0 0 0 0 0 0 0 0 0 1 1 0 0 0 0 
1 0 0 1 0 0 0 0 0 1 0 0 0 0 0 
0 0 0 0 0 0 1 1 0 1 0 0 0 0 1 
OpenStacks: 19
Took 12.34 seconds

buffer: HS problem 2456 size 30 15 density  0.25
numCustomers: 30
numProducts: 15
1 0 0 1 0 0 0 0 1 0 0 0 0 0 0 
0 0 0 1 0 1 0 0 0 0 0 1 0 0 0 
0 0 0 0 0 0 1 0 0 0 0 1 0 0 1 
0 0 0 0 0 0 0 1 0 0 0 1 0 1 0 
0 1 1 0 0 0 0 1 0 0 1 0 1 1 0 
0 0 1 1 0 1 0 0 0 1 0 0 0 0 0 
0 0 1 0 1 0 0 0 0 0 1 1 0 1 0 
1 1 0 1 0 0 1 1 1 0 0 0 1 0 0 
0 0 1 1 0 0 0 0 1 1 0 0 0 0 1 
0 0 0 0 1 0 0 0 0 1 1 0 0 0 0 
1 0 0 1 0 1 0 0 1 0 0 0 0 1 0 
0 0 1 0 0 0 0 0 1 0 0 0 1 0 0 
1 1 0 0 0 1 0 0 1 0 0 0 0 0 0 
0 0 0 0 0 1 0 0 0 0 1 1 1 0 0 
0 0 1 1 0 0 1 1 0 0 0 0 1 0 0 
0 1 1 0 0 0 0 1 0 0 0 1 0 0 0 
0 0 0 1 0 0 0 1 0 0 0 0 0 1 0 
0 0 0 0 0 0 0 0 0 0 1 0 0 0 0 
1 0 0 1 0 0 0 0 0 0 0 1 0 0 0 
1 1 0 0 0 0 0 0 0 1 0 1 0 1 0 
0 0 0 1 0 0 0 1 1 0 1 0 0 0 1 
1 0 0 0 1 0 1 0 0 1 0 0 0 0 1 
1 0 0 0 0 0 1 0 0 0 0 1 0 0 0 
0 0 1 0 0 0 1 0 0 0 0 0 0 0 0 
0 1 0 0 0 1 0 0 0 0 1 1 0 1 0 
0 1 0 0 0 0 0 0 1 0 0 1 0 0 1 
0 0 0 1 1 0 1 0 1 0 0 0 0 0 0 
0 1 1 1 1 0 1 0 0 1 0 1 0 0 0 
0 0 0 0 0 0 0 0 0 0 1 0 0 0 1 
0 0 1 0 0 0 0 0 1 0 0 1 0 0 0 
Best Sequence: 
13 11 7 3 5 0 8 14 12 6 10 9 4 2 1 
0 0 0 1 0 1 1 0 0 0 0 0 0 0 0 
0 1 0 1 1 0 0 0 0 0 0 0 0 0 0 
0 1 0 0 0 0 0 1 0 1 0 0 0 0 0 
1 1 1 0 0 0 0 0 0 0 0 0 0 0 0 
1 0 1 0 0 0 0 0 1 0 1 0 0 1 1 
0 0 0 1 1 0 0 0 0 0 0 1 0 1 0 
1 1 0 0 0 0 0 0 0 0 1 0 1 1 0 
0 0 1 1 0 1 1 0 1 1 0 0 0 0 1 
0 0 0 1 0 0 1 1 0 0 0 1 0 1 0 
0 0 0 0 0 0 0 0 0 0 1 1 1 0 0 
1 0 0 1 1 1 1 0 0 0 0 0 0 0 0 
0 0 0 0 0 0 1 0 1 0 0 0 0 1 0 
0 0 0 0 1 1 1 0 0 0 0 0 0 0 1 
0 1 0 0 1 0 0 0 1 0 1 0 0 0 0 
0 0 1 1 0 0 0 0 1 1 0 0 0 1 0 
0 1 1 0 0 0 0 0 0 0 0 0 0 1 1 
1 0 1 1 0 0 0 0 0 0 0 0 0 0 0 
0 0 0 0 0 0 0 0 0 0 1 0 0 0 0 
0 1 0 1 0 1 0 0 0 0 0 0 0 0 0 
1 1 0 0 0 1 0 0 0 0 0 1 0 0 1 
0 0 1 1 0 0 1 1 0 0 1 0 0 0 0 
0 0 0 0 0 1 0 1 0 1 0 1 1 0 0 
0 1 0 0 0 1 0 0 0 1 0 0 0 0 0 
0 0 0 0 0 0 0 0 0 1 0 0 0 1 0 
1 1 0 0 1 0 0 0 0 0 1 0 0 0 1 
0 1 0 0 0 0 1 1 0 0 0 0 0 0 1 
0 0 0 1 0 0 1 0 0 1 0 0 1 0 0 
0 1 0 1 0 0 0 0 0 1 0 1 1 1 1 
0 0 0 0 0 0 0 1 0 0 1 0 0 0 0 
0 1 0 0 0 0 1 0 0 0 0 0 0 1 0 
OpenStacks: 22
Took 12.44 seconds

buffer: HS problem 2457 size 30 15 density  0.25
numCustomers: 30
numProducts: 15
0 1 0 1 0 0 0 1 1 0 0 0 0 0 1 
1 0 0 0 1 1 1 0 0 0 0 0 0 0 0 
1 0 0 0 1 1 0 0 1 0 1 1 0 1 0 
1 0 0 0 0 1 1 1 1 0 0 0 0 0 0 
1 0 0 1 1 1 0 0 1 0 1 0 0 0 0 
0 0 1 0 0 1 0 0 0 0 0 1 0 0 0 
0 1 0 1 0 0 0 0 1 1 0 0 0 0 0 
0 0 0 0 0 0 1 0 0 0 0 0 0 0 0 
0 0 1 1 1 0 1 0 0 1 0 1 1 1 0 
1 1 0 0 1 0 0 0 0 1 0 0 0 0 0 
1 0 0 0 0 0 0 0 0 0 0 1 0 0 1 
1 0 1 0 0 1 0 0 0 0 0 1 1 0 1 
0 1 0 0 0 1 0 0 1 0 0 1 0 0 0 
0 1 1 1 1 0 1 0 0 1 1 0 1 1 1 
0 0 1 0 1 0 0 0 0 1 0 0 0 0 1 
0 0 1 0 0 0 1 0 0 0 0 0 0 0 0 
1 0 1 0 0 0 0 0 0 0 0 0 0 0 0 
0 1 0 1 0 1 0 0 0 0 1 0 0 0 0 
1 1 0 0 1 1 0 0 1 0 0 0 0 0 0 
0 0 0 1 0 0 1 1 0 1 0 0 0 0 0 
1 0 0 0 0 1 0 0 0 0 0 0 1 0 0 
0 0 1 1 0 1 1 0 0 0 0 0 0 0 0 
1 0 0 1 0 0 0 0 1 0 0 0 1 0 0 
1 0 0 1 0 0 0 0 0 0 0 0 0 0 0 
0 0 0 0 0 0 0 0 1 0 0 0 0 1 0 
0 0 1 0 1 0 0 0 0 0 0 0 0 1 1 
0 0 1 0 0 1 1 0 0 0 0 0 0 0 1 
0 0 0 0 1 0 0 1 0 0 1 0 0 1 0 
0 0 0 0 0 0 0 0 0 0 0 0 1 1 0 
0 1 1 1 0 0 1 0 0 0 0 0 1 0 0 
Best Sequence: 
13 8 6 10 9 7 4 3 1 14 12 11 5 2 0 
0 1 0 0 0 1 0 1 1 1 0 0 0 0 0 
0 0 1 0 0 0 1 0 0 0 0 0 1 0 1 
1 1 0 1 0 0 1 0 0 0 0 1 1 0 1 
0 1 1 0 0 1 0 0 0 0 0 0 1 0 1 
0 1 0 1 0 0 1 1 0 0 0 0 1 0 1 
0 0 0 0 0 0 0 0 0 0 0 1 1 1 0 
0 1 0 0 1 0 0 1 1 0 0 0 0 0 0 
0 0 1 0 0 0 0 0 0 0 0 0 0 0 0 
1 0 1 0 1 0 1 1 0 0 1 1 0 1 0 
0 0 0 0 1 0 1 0 1 0 0 0 0 0 1 
0 0 0 0 0 0 0 0 0 1 0 1 0 0 1 
0 0 0 0 0 0 0 0 0 1 1 1 1 1 1 
0 1 0 0 0 0 0 0 1 0 0 1 1 0 0 
1 0 1 1 1 0 1 1 1 1 1 0 0 1 0 
0 0 0 0 1 0 1 0 0 1 0 0 0 1 0 
0 0 1 0 0 0 0 0 0 0 0 0 0 1 0 
0 0 0 0 0 0 0 0 0 0 0 0 0 1 1 
0 0 0 1 0 0 0 1 1 0 0 0 1 0 0 
0 1 0 0 0 0 1 0 1 0 0 0 1 0 1 
0 0 1 0 1 1 0 1 0 0 0 0 0 0 0 
0 0 0 0 0 0 0 0 0 0 1 0 1 0 1 
0 0 1 0 0 0 0 1 0 0 0 0 1 1 0 
0 1 0 0 0 0 0 1 0 0 1 0 0 0 1 
0 0 0 0 0 0 0 1 0 0 0 0 0 0 1 
1 1 0 0 0 0 0 0 0 0 0 0 0 0 0 
1 0 0 0 0 0 1 0 0 1 0 0 0 1 0 
0 0 1 0 0 0 0 0 0 1 0 0 1 1 0 
1 0 0 1 0 1 1 0 0 0 0 0 0 0 0 
1 0 0 0 0 0 0 0 0 0 1 0 0 0 0 
0 0 1 0 0 0 0 1 1 0 1 0 0 1 0 
OpenStacks: 22
Took 12.52 seconds

buffer: HS problem 2458 size 30 15 density  0.25
numCustomers: 30
numProducts: 15
0 1 0 1 1 1 1 0 0 0 0 0 1 0 0 
0 0 1 0 0 0 0 0 0 0 0 1 1 0 0 
0 0 0 0 1 0 0 0 1 0 0 0 0 0 0 
1 0 0 0 1 0 0 0 0 0 0 0 0 0 1 
1 1 0 0 0 1 0 0 0 0 1 0 0 0 0 
0 0 1 0 0 1 0 1 0 0 0 0 0 1 0 
0 0 0 0 0 1 0 0 0 0 0 0 0 0 0 
0 0 0 1 0 1 0 0 0 1 0 0 0 0 0 
1 0 0 0 1 1 0 0 0 0 0 0 0 0 0 
0 0 1 0 0 0 0 1 0 1 0 0 1 0 0 
0 0 1 1 0 1 0 1 0 0 0 1 1 0 0 
0 1 0 0 1 1 0 0 1 0 0 0 0 1 0 
0 0 1 0 0 0 0 1 0 0 0 1 0 0 0 
0 0 1 0 1 1 0 0 1 0 1 1 0 0 1 
0 1 0 0 0 1 1 0 0 0 0 0 0 0 1 
0 1 1 0 1 0 0 0 0 0 0 0 0 0 1 
0 0 0 0 0 0 0 0 0 0 0 1 0 0 0 
0 0 0 1 0 0 0 1 0 0 0 0 0 1 0 
1 0 1 1 0 1 1 0 0 0 0 1 0 1 0 
0 1 0 0 1 0 1 0 0 0 0 0 0 0 1 
0 1 0 1 0 1 0 0 0 1 0 0 0 0 0 
0 0 0 0 1 0 0 0 1 1 0 0 1 0 0 
1 1 0 1 0 0 0 1 0 0 1 1 0 0 1 
0 1 0 0 0 0 0 1 0 0 0 0 1 0 1 
1 0 0 0 0 0 0 0 1 1 1 1 1 0 1 
0 0 0 0 0 0 0 0 1 1 0 0 1 0 0 
0 0 0 1 0 0 0 0 0 0 1 0 0 1 0 
0 1 0 0 0 0 0 0 0 0 0 0 0 0 1 
0 1 0 0 0 0 0 0 0 0 1 0 1 0 0 
0 0 0 0 0 0 0 0 0 0 0 1 0 0 0 
Best Sequence: 
11 5 13 7 3 2 9 12 14 10 8 6 4 1 0 
0 1 0 0 1 0 0 1 0 0 0 1 1 1 0 
1 0 0 0 0 1 0 1 0 0 0 0 0 0 0 
0 0 0 0 0 0 0 0 0 0 1 0 1 0 0 
0 0 0 0 0 0 0 0 1 0 0 0 1 0 1 
0 1 0 0 0 0 0 0 0 1 0 0 0 1 1 
0 1 1 1 0 1 0 0 0 0 0 0 0 0 0 
0 1 0 0 0 0 0 0 0 0 0 0 0 0 0 
0 1 0 0 1 0 1 0 0 0 0 0 0 0 0 
0 1 0 0 0 0 0 0 0 0 0 0 1 0 1 
0 0 0 1 0 1 1 1 0 0 0 0 0 0 0 
1 1 0 1 1 1 0 1 0 0 0 0 0 0 0 
0 1 1 0 0 0 0 0 0 0 1 0 1 1 0 
1 0 0 1 0 1 0 0 0 0 0 0 0 0 0 
1 1 0 0 0 1 0 0 1 1 1 0 1 0 0 
0 1 0 0 0 0 0 0 1 0 0 1 0 1 0 
0 0 0 0 0 1 0 0 1 0 0 0 1 1 0 
1 0 0 0 0 0 0 0 0 0 0 0 0 0 0 
0 0 1 1 1 0 0 0 0 0 0 0 0 0 0 
1 1 1 0 1 1 0 0 0 0 0 1 0 0 1 
0 0 0 0 0 0 0 0 1 0 0 1 1 1 0 
0 1 0 0 1 0 1 0 0 0 0 0 0 1 0 
0 0 0 0 0 0 1 1 0 0 1 0 1 0 0 
1 0 0 1 1 0 0 0 1 1 0 0 0 1 1 
0 0 0 1 0 0 0 1 1 0 0 0 0 1 0 
1 0 0 0 0 0 1 1 1 1 1 0 0 0 1 
0 0 0 0 0 0 1 1 0 0 1 0 0 0 0 
0 0 1 0 1 0 0 0 0 1 0 0 0 0 0 
0 0 0 0 0 0 0 0 1 0 0 0 0 1 0 
0 0 0 0 0 0 0 1 0 1 0 0 0 1 0 
1 0 0 0 0 0 0 0 0 0 0 0 0 0 0 
OpenStacks: 19
Took 12.39 seconds

buffer: HS problem 2459 size 30 15 density  0.25
numCustomers: 30
numProducts: 15
0 0 0 1 0 0 0 0 0 0 0 0 0 0 0 
0 0 0 1 0 0 1 0 1 1 0 1 0 0 0 
0 0 1 0 0 0 0 1 0 0 0 0 0 0 1 
0 0 1 0 0 1 0 0 0 0 0 1 0 1 0 
1 0 1 1 1 0 0 1 1 0 0 0 1 0 0 
1 1 1 0 0 0 0 0 0 1 1 0 0 1 0 
1 0 1 0 0 0 0 0 1 0 0 1 1 0 0 
1 1 1 0 0 0 0 0 0 1 0 0 0 1 0 
0 0 0 0 0 0 0 0 0 0 1 0 1 0 0 
0 0 1 0 0 1 0 0 0 0 0 0 0 0 0 
1 0 1 0 0 0 1 0 1 0 0 1 0 0 0 
0 1 1 0 0 1 1 1 0 0 1 0 0 0 0 
0 1 0 0 0 0 0 1 0 1 0 0 0 1 0 
0 0 0 0 1 1 1 0 0 0 0 0 0 0 0 
0 0 0 0 1 0 0 0 0 0 0 1 0 0 1 
0 0 0 0 0 0 1 0 0 0 0 0 0 0 1 
1 1 0 0 0 0 0 0 1 1 0 0 0 0 0 
1 0 0 0 0 0 0 0 0 1 1 0 0 0 1 
1 0 0 1 0 0 0 1 1 0 1 1 0 0 1 
1 0 0 1 0 0 1 0 0 0 0 0 0 0 0 
1 0 0 0 0 0 0 0 0 0 1 0 0 0 0 
0 0 1 0 0 0 0 0 0 1 0 0 0 0 0 
0 0 0 1 0 1 0 0 1 0 1 0 0 1 0 
0 0 1 1 0 1 0 0 0 0 0 0 0 0 0 
1 1 1 0 1 1 0 0 0 0 0 0 0 0 0 
0 0 1 0 0 0 0 0 0 0 0 1 0 0 1 
0 0 0 0 0 0 0 0 1 1 0 0 1 0 0 
0 1 0 0 0 0 1 1 0 0 0 0 0 0 1 
0 1 0 0 0 0 1 0 0 1 0 0 0 0 0 
0 1 0 0 0 0 0 0 0 0 0 0 1 1 1 
Best Sequence: 
14 11 2 7 4 13 5 6 9 12 8 10 3 1 0 
0 0 0 0 0 0 0 0 0 0 0 0 1 0 0 
0 1 0 0 0 0 0 1 1 0 1 0 1 0 0 
1 0 1 1 0 0 0 0 0 0 0 0 0 0 0 
0 1 1 0 0 1 1 0 0 0 0 0 0 0 0 
0 0 1 1 1 0 0 0 0 1 1 0 1 0 1 
0 0 1 0 0 1 0 0 1 0 0 1 0 1 1 
0 1 1 0 0 0 0 0 0 1 1 0 0 0 1 
0 0 1 0 0 1 0 0 1 0 0 0 0 1 1 
0 0 0 0 0 0 0 0 0 1 0 1 0 0 0 
0 0 1 0 0 0 1 0 0 0 0 0 0 0 0 
0 1 1 0 0 0 0 1 0 0 1 0 0 0 1 
0 0 1 1 0 0 1 1 0 0 0 1 0 1 0 
0 0 0 1 0 1 0 0 1 0 0 0 0 1 0 
0 0 0 0 1 0 1 1 0 0 0 0 0 0 0 
1 1 0 0 1 0 0 0 0 0 0 0 0 0 0 
1 0 0 0 0 0 0 1 0 0 0 0 0 0 0 
0 0 0 0 0 0 0 0 1 0 1 0 0 1 1 
1 0 0 0 0 0 0 0 1 0 0 1 0 0 1 
1 1 0 1 0 0 0 0 0 0 1 1 1 0 1 
0 0 0 0 0 0 0 1 0 0 0 0 1 0 1 
0 0 0 0 0 0 0 0 0 0 0 1 0 0 1 
0 0 1 0 0 0 0 0 1 0 0 0 0 0 0 
0 0 0 0 0 1 1 0 0 0 1 1 1 0 0 
0 0 1 0 0 0 1 0 0 0 0 0 1 0 0 
0 0 1 0 1 0 1 0 0 0 0 0 0 1 1 
1 1 1 0 0 0 0 0 0 0 0 0 0 0 0 
0 0 0 0 0 0 0 0 1 1 1 0 0 0 0 
1 0 0 1 0 0 0 1 0 0 0 0 0 1 0 
0 0 0 0 0 0 0 1 1 0 0 0 0 1 0 
1 0 0 0 0 1 0 0 0 1 0 0 0 1 0 
OpenStacks: 20
Took 12.41 seconds

buffer: HS problem 2460 size 30 15 density  0.25
numCustomers: 30
numProducts: 15
0 0 1 0 1 1 0 0 0 0 0 0 0 0 0 
0 0 1 1 0 1 0 0 0 0 0 0 0 0 0 
0 0 0 1 0 0 0 0 0 0 0 0 0 0 0 
0 0 0 0 0 0 1 0 0 1 0 1 0 0 0 
0 0 0 0 0 0 0 0 0 1 1 0 0 0 1 
0 0 0 0 1 1 0 0 0 0 1 0 1 0 1 
1 1 0 1 0 0 0 1 1 1 1 0 0 0 0 
0 1 0 0 0 0 0 1 0 0 1 0 1 0 0 
0 0 0 0 0 0 0 0 0 0 0 0 1 1 0 
1 0 1 0 0 1 0 0 0 0 0 0 0 0 0 
1 1 0 1 1 0 0 1 0 0 1 0 0 0 0 
0 0 1 0 0 1 1 1 0 1 0 0 0 0 0 
0 0 0 0 0 0 0 0 1 0 0 0 0 1 0 
0 0 0 0 0 0 0 0 0 1 0 0 0 1 0 
1 0 1 0 0 0 0 1 0 0 0 0 1 0 1 
0 0 1 0 0 0 0 0 0 0 1 0 0 1 0 
0 0 1 0 0 1 0 0 0 0 0 0 0 0 0 
1 1 1 1 0 0 0 0 0 0 0 0 0 0 1 
0 0 1 0 0 0 0 1 0 0 0 0 0 1 0 
0 0 0 1 1 0 0 0 0 0 0 1 0 1 0 
1 0 0 0 0 0 0 1 0 0 0 0 0 1 0 
0 1 0 0 0 0 0 0 0 1 0 0 0 0 0 
1 1 0 0 0 0 0 0 1 1 0 0 0 0 1 
0 1 0 0 0 1 0 1 0 0 0 0 0 0 0 
0 0 1 0 0 0 0 1 0 0 1 0 1 0 0 
0 0 0 1 0 1 0 0 1 0 1 0 0 0 1 
0 0 0 0 1 0 0 0 0 0 0 0 0 0 0 
0 1 0 0 0 0 0 1 0 1 1 0 0 1 1 
0 0 1 1 0 0 0 0 0 0 1 0 0 0 0 
0 0 0 0 0 1 1 1 0 0 0 0 0 0 1 
Best Sequence: 
4 5 2 3 10 14 12 8 7 13 11 9 6 1 0 
1 1 1 0 0 0 0 0 0 0 0 0 0 0 0 
0 1 1 1 0 0 0 0 0 0 0 0 0 0 0 
0 0 0 1 0 0 0 0 0 0 0 0 0 0 0 
0 0 0 0 0 0 0 0 0 0 1 1 1 0 0 
0 0 0 0 1 1 0 0 0 0 0 1 0 0 0 
1 1 0 0 1 1 1 0 0 0 0 0 0 0 0 
0 0 0 1 1 0 0 1 1 0 0 1 0 1 1 
0 0 0 0 1 0 1 0 1 0 0 0 0 1 0 
0 0 0 0 0 0 1 0 0 1 0 0 0 0 0 
0 1 1 0 0 0 0 0 0 0 0 0 0 0 1 
1 0 0 1 1 0 0 0 1 0 0 0 0 1 1 
0 1 1 0 0 0 0 0 1 0 0 1 1 0 0 
0 0 0 0 0 0 0 1 0 1 0 0 0 0 0 
0 0 0 0 0 0 0 0 0 1 0 1 0 0 0 
0 0 1 0 0 1 1 0 1 0 0 0 0 0 1 
0 0 1 0 1 0 0 0 0 1 0 0 0 0 0 
0 1 1 0 0 0 0 0 0 0 0 0 0 0 0 
0 0 1 1 0 1 0 0 0 0 0 0 0 1 1 
0 0 1 0 0 0 0 0 1 1 0 0 0 0 0 
1 0 0 1 0 0 0 0 0 1 1 0 0 0 0 
0 0 0 0 0 0 0 0 1 1 0 0 0 0 1 
0 0 0 0 0 0 0 0 0 0 0 1 0 1 0 
0 0 0 0 0 1 0 1 0 0 0 1 0 1 1 
0 1 0 0 0 0 0 0 1 0 0 0 0 1 0 
0 0 1 0 1 0 1 0 1 0 0 0 0 0 0 
0 1 0 1 1 1 0 1 0 0 0 0 0 0 0 
1 0 0 0 0 0 0 0 0 0 0 0 0 0 0 
0 0 0 0 1 1 0 0 1 1 0 1 0 1 0 
0 0 1 1 1 0 0 0 0 0 0 0 0 0 0 
0 1 0 0 0 1 0 0 1 0 0 0 1 0 0 
OpenStacks: 19
Took 12.33 seconds

buffer: HS problem 2461 size 30 15 density  0.30
numCustomers: 30
numProducts: 15
0 0 0 0 1 0 0 0 0 0 0 1 0 0 0 
1 0 0 0 0 0 0 0 1 0 1 0 0 0 1 
0 0 0 0 1 1 1 0 1 1 1 1 0 0 0 
0 0 0 1 1 1 0 1 0 0 1 0 1 0 0 
1 0 1 0 0 0 1 0 0 0 1 0 0 0 1 
1 0 0 0 0 0 0 0 0 0 0 0 0 1 1 
1 1 0 1 1 1 0 0 0 0 0 0 0 1 1 
0 0 0 0 0 1 0 0 0 0 1 0 1 0 1 
0 0 1 0 1 1 0 0 1 0 0 0 0 0 0 
0 1 1 0 0 1 0 0 0 0 0 1 0 0 0 
0 1 0 0 0 0 1 1 0 0 0 0 0 1 1 
0 1 1 0 0 1 0 0 0 0 0 0 0 0 0 
0 1 0 1 0 1 0 1 0 1 0 0 0 0 0 
1 0 0 1 0 0 0 1 0 1 1 1 0 0 0 
1 1 1 0 1 0 0 0 1 1 1 0 1 0 0 
0 0 1 1 0 1 1 1 0 0 0 1 1 0 0 
1 0 0 0 0 1 0 0 0 0 1 0 0 0 0 
0 1 1 0 0 1 0 0 0 1 0 0 0 0 1 
0 0 0 0 0 0 0 1 0 1 0 0 1 0 1 
1 0 1 1 0 0 0 0 0 0 0 1 1 0 1 
0 0 0 0 1 0 1 0 0 0 1 1 0 1 0 
0 1 0 0 0 1 0 1 0 0 0 0 0 0 0 
0 0 0 1 1 1 0 0 0 1 0 1 0 0 0 
0 1 0 0 0 1 1 0 0 0 0 0 0 1 0 
0 0 1 0 1 1 0 0 0 0 1 1 0 0 1 
0 0 1 0 0 0 0 0 0 1 0 0 0 0 0 
1 1 0 1 0 0 0 0 0 0 0 0 1 0 0 
0 0 0 0 0 0 0 0 0 1 0 0 0 1 0 
1 1 0 0 0 0 0 0 0 0 1 0 1 1 0 
1 1 1 0 0 1 1 0 0 1 0 0 0 1 0 
Best Sequence: 
7 5 1 9 3 2 14 13 12 11 10 8 6 4 0 
0 0 0 0 0 0 0 0 0 1 0 0 0 1 0 
0 0 0 0 0 0 1 0 0 0 1 1 0 0 1 
0 1 0 1 0 0 0 0 0 1 1 1 1 1 0 
1 1 0 0 1 0 0 0 1 0 1 0 0 1 0 
0 0 0 0 0 1 1 0 0 0 1 0 1 0 1 
0 0 0 0 0 0 1 1 0 0 0 0 0 0 1 
0 1 1 0 1 0 1 1 0 0 0 0 0 1 1 
0 1 0 0 0 0 1 0 1 0 1 0 0 0 0 
0 1 0 0 0 1 0 0 0 0 0 1 0 1 0 
0 1 1 0 0 1 0 0 0 1 0 0 0 0 0 
1 0 1 0 0 0 1 1 0 0 0 0 1 0 0 
0 1 1 0 0 1 0 0 0 0 0 0 0 0 0 
1 1 1 1 1 0 0 0 0 0 0 0 0 0 0 
1 0 0 1 1 0 0 0 0 1 1 0 0 0 1 
0 0 1 1 0 1 0 0 1 0 1 1 0 1 1 
1 1 0 0 1 1 0 0 1 1 0 0 1 0 0 
0 1 0 0 0 0 0 0 0 0 1 0 0 0 1 
0 1 1 1 0 1 1 0 0 0 0 0 0 0 0 
1 0 0 1 0 0 1 0 1 0 0 0 0 0 0 
0 0 0 0 1 1 1 0 1 1 0 0 0 0 1 
0 0 0 0 0 0 0 1 0 1 1 0 1 1 0 
1 1 1 0 0 0 0 0 0 0 0 0 0 0 0 
0 1 0 1 1 0 0 0 0 1 0 0 0 1 0 
0 1 1 0 0 0 0 1 0 0 0 0 1 0 0 
0 1 0 0 0 1 1 0 0 1 1 0 0 1 0 
0 0 0 1 0 1 0 0 0 0 0 0 0 0 0 
0 0 1 0 1 0 0 0 1 0 0 0 0 0 1 
0 0 0 1 0 0 0 1 0 0 0 0 0 0 0 
0 0 1 0 0 0 0 1 1 0 1 0 0 0 1 
0 1 1 1 0 1 0 1 0 0 0 0 1 0 1 
OpenStacks: 24
Took 12.66 seconds

buffer: HS problem 2462 size 30 15 density  0.30
numCustomers: 30
numProducts: 15
1 0 0 0 0 1 0 0 0 0 1 0 0 0 0 
1 1 0 0 0 0 1 0 0 1 0 0 0 0 0 
0 0 0 1 0 1 0 1 0 0 0 0 0 0 0 
0 0 1 1 1 1 0 1 1 0 0 0 0 0 1 
0 0 1 0 1 1 0 0 0 0 0 0 0 0 0 
0 0 1 0 0 1 1 0 1 0 1 0 0 1 0 
0 0 0 0 0 1 0 1 0 0 0 0 0 0 0 
1 0 1 1 0 1 1 0 0 0 0 1 1 0 0 
0 0 0 0 1 1 0 1 0 1 0 1 0 0 0 
0 0 0 0 1 0 0 0 0 0 0 0 0 0 0 
0 1 0 1 0 1 1 0 0 0 0 1 0 1 0 
0 1 0 0 1 0 1 0 0 1 0 1 1 0 0 
1 0 0 0 0 0 0 0 0 1 0 1 0 0 0 
1 0 0 0 0 0 0 0 0 1 0 0 0 0 0 
0 1 0 0 0 1 1 0 0 1 0 1 1 0 1 
1 0 1 1 0 0 0 0 0 1 0 0 0 1 0 
1 0 0 0 1 0 0 0 0 0 0 0 0 0 0 
0 0 0 1 0 0 0 0 0 0 0 0 0 0 0 
0 0 0 0 0 1 0 0 0 0 0 1 1 0 1 
1 0 1 0 0 0 0 1 0 0 1 0 0 0 0 
0 0 0 0 0 0 1 0 0 1 0 0 0 1 1 
0 0 1 0 0 0 0 0 1 0 0 0 0 0 0 
1 0 1 0 0 0 0 1 0 0 0 0 0 0 1 
0 0 1 0 1 1 0 1 0 0 0 0 0 1 1 
0 0 1 1 0 1 0 1 0 0 1 0 0 0 0 
0 1 1 0 0 0 0 1 0 0 0 1 1 0 0 
0 0 0 0 1 0 0 0 0 0 0 1 1 0 1 
0 0 1 0 0 0 1 0 1 0 0 0 0 1 0 
0 0 1 0 0 1 0 0 1 0 0 0 0 0 1 
1 0 0 0 1 1 1 1 1 1 0 1 0 1 1 
Best Sequence: 
10 7 5 3 8 2 14 13 12 11 6 9 4 1 0 
1 0 1 0 0 0 0 0 0 0 0 0 0 0 1 
0 0 0 0 0 0 0 0 0 0 1 1 0 1 1 
0 1 1 1 0 0 0 0 0 0 0 0 0 0 0 
0 1 1 1 1 1 1 0 0 0 0 0 1 0 0 
0 0 1 0 0 1 0 0 0 0 0 0 1 0 0 
1 0 1 0 1 1 0 1 0 0 1 0 0 0 0 
0 1 1 0 0 0 0 0 0 0 0 0 0 0 0 
0 0 1 1 0 1 0 0 1 1 1 0 0 0 1 
0 1 1 0 0 0 0 0 0 1 0 1 1 0 0 
0 0 0 0 0 0 0 0 0 0 0 0 1 0 0 
0 0 1 1 0 0 0 1 0 1 1 0 0 1 0 
0 0 0 0 0 0 0 0 1 1 1 1 1 1 0 
0 0 0 0 0 0 0 0 0 1 0 1 0 0 1 
0 0 0 0 0 0 0 0 0 0 0 1 0 0 1 
0 0 1 0 0 0 1 0 1 1 1 1 0 1 0 
0 0 0 1 0 1 0 1 0 0 0 1 0 0 1 
0 0 0 0 0 0 0 0 0 0 0 0 1 0 1 
0 0 0 1 0 0 0 0 0 0 0 0 0 0 0 
0 0 1 0 0 0 1 0 1 1 0 0 0 0 0 
1 1 0 0 0 1 0 0 0 0 0 0 0 0 1 
0 0 0 0 0 0 1 1 0 0 1 1 0 0 0 
0 0 0 0 1 1 0 0 0 0 0 0 0 0 0 
0 1 0 0 0 1 1 0 0 0 0 0 0 0 1 
0 1 1 0 0 1 1 1 0 0 0 0 1 0 0 
1 1 1 1 0 1 0 0 0 0 0 0 0 0 0 
0 1 0 0 0 1 0 0 1 1 0 0 0 1 0 
0 0 0 0 0 0 1 0 1 1 0 0 1 0 0 
0 0 0 0 1 1 0 1 0 0 1 0 0 0 0 
0 0 1 0 1 1 1 0 0 0 0 0 0 0 0 
0 1 1 0 1 0 1 1 0 1 1 1 1 0 1 
OpenStacks: 20
Took 12.53 seconds

buffer: HS problem 2463 size 30 15 density  0.30
numCustomers: 30
numProducts: 15
1 0 1 0 1 0 0 0 0 0 0 0 1 1 1 
1 0 1 0 0 0 0 0 0 0 1 0 0 1 1 
1 0 0 0 0 0 0 0 1 1 1 0 0 0 0 
1 0 0 0 0 1 0 0 0 0 0 0 1 0 1 
0 0 0 0 0 1 1 0 0 0 0 0 0 0 1 
1 0 0 0 0 0 0 1 0 1 0 1 0 0 0 
0 0 1 0 0 0 1 1 0 1 0 0 0 0 0 
0 1 1 1 0 1 0 1 0 1 0 0 1 1 0 
0 0 0 0 0 0 0 1 1 1 1 1 1 0 1 
0 0 1 0 0 1 1 0 1 1 0 0 1 0 1 
1 0 1 1 0 0 1 0 0 1 0 0 0 0 0 
0 0 0 0 1 1 1 0 0 0 1 0 0 0 0 
0 0 1 0 0 1 1 0 0 1 0 1 0 0 1 
0 0 0 0 0 1 0 1 0 0 0 0 0 0 0 
0 0 0 0 1 0 1 0 1 0 1 0 0 0 0 
1 0 1 1 0 0 0 0 0 1 0 0 0 0 0 
1 0 1 1 1 0 1 0 0 0 0 1 0 0 1 
0 0 1 1 0 0 1 1 1 0 0 1 0 0 0 
0 0 0 0 1 0 0 0 0 1 0 0 0 0 0 
1 0 0 0 0 0 0 1 0 0 0 0 1 1 1 
0 1 0 0 1 0 1 0 1 0 0 1 1 0 0 
0 0 0 0 1 0 0 1 0 0 0 1 0 0 0 
0 0 0 1 1 0 0 0 0 0 0 1 0 1 1 
1 0 1 0 0 0 0 1 1 0 1 0 0 0 1 
0 0 1 0 0 0 0 0 1 1 1 1 0 0 1 
1 1 0 0 0 1 0 0 0 0 0 0 0 0 0 
0 1 0 0 0 0 0 1 0 1 0 0 0 0 0 
1 0 1 0 1 0 0 1 0 1 0 0 1 0 0 
0 1 0 1 0 1 0 0 0 1 1 0 0 0 0 
0 1 1 1 1 0 0 0 0 0 1 0 1 0 0 
Best Sequence: 
9 4 11 7 10 8 6 14 13 12 5 3 2 1 0 
0 1 0 0 0 0 0 1 1 1 0 0 1 0 1 
0 0 0 0 1 0 0 1 1 0 0 0 1 0 1 
1 0 0 0 1 1 0 0 0 0 0 0 0 0 1 
0 0 0 0 0 0 0 1 0 1 1 0 0 0 1 
0 0 0 0 0 0 1 1 0 0 1 0 0 0 0 
1 0 1 1 0 0 0 0 0 0 0 0 0 0 1 
1 0 0 1 0 0 1 0 0 0 0 0 1 0 0 
1 0 0 1 0 0 0 0 1 1 1 1 1 1 0 
1 0 1 1 1 1 0 1 0 1 0 0 0 0 0 
1 0 0 0 0 1 1 1 0 1 1 0 1 0 0 
1 0 0 0 0 0 1 0 0 0 0 1 1 0 1 
0 1 0 0 1 0 1 0 0 0 1 0 0 0 0 
1 0 1 0 0 0 1 1 0 0 1 0 1 0 0 
0 0 0 1 0 0 0 0 0 0 1 0 0 0 0 
0 1 0 0 1 1 1 0 0 0 0 0 0 0 0 
1 0 0 0 0 0 0 0 0 0 0 1 1 0 1 
0 1 1 0 0 0 1 1 0 0 0 1 1 0 1 
0 0 1 1 0 1 1 0 0 0 0 1 1 0 0 
1 1 0 0 0 0 0 0 0 0 0 0 0 0 0 
0 0 0 1 0 0 0 1 1 1 0 0 0 0 1 
0 1 1 0 0 1 1 0 0 1 0 0 0 1 0 
0 1 1 1 0 0 0 0 0 0 0 0 0 0 0 
0 1 1 0 0 0 0 1 1 0 0 1 0 0 0 
0 0 0 1 1 1 0 1 0 0 0 0 1 0 1 
1 0 1 0 1 1 0 1 0 0 0 0 1 0 0 
0 0 0 0 0 0 0 0 0 0 1 0 0 1 1 
1 0 0 1 0 0 0 0 0 0 0 0 0 1 0 
1 1 0 1 0 0 0 0 0 1 0 0 1 0 1 
1 0 0 0 1 0 0 0 0 0 1 1 0 1 0 
0 1 0 0 1 0 0 0 0 1 0 1 1 1 0 
OpenStacks: 26
Took 12.68 seconds

buffer: HS problem 2464 size 30 15 density  0.30
numCustomers: 30
numProducts: 15
0 0 0 0 0 1 0 0 0 0 0 0 0 0 0 
0 0 1 0 0 0 0 0 0 0 0 0 1 0 1 
0 0 0 0 1 0 0 0 0 0 0 1 0 0 0 
1 0 0 0 1 1 1 0 1 0 1 1 1 0 0 
0 0 1 1 1 0 0 0 0 1 1 0 0 1 1 
1 0 0 0 0 0 1 1 0 0 0 0 0 0 0 
0 0 0 0 1 0 1 1 0 0 0 0 0 1 0 
0 0 0 1 0 0 0 1 0 0 0 0 0 0 0 
0 0 0 0 0 0 1 0 0 1 0 1 0 0 0 
0 0 0 0 0 1 0 0 1 0 0 0 1 1 0 
0 0 0 0 1 0 1 0 0 1 0 0 1 1 0 
1 1 0 0 0 0 0 1 0 0 0 0 0 0 0 
0 0 0 0 1 0 0 0 1 1 0 0 0 0 0 
1 1 0 1 0 0 0 0 0 0 0 0 1 0 0 
1 0 1 0 0 0 0 0 0 0 1 1 0 1 0 
0 1 1 0 1 0 0 0 1 0 0 0 0 1 1 
0 0 0 0 0 1 0 0 0 1 0 0 0 1 1 
0 0 0 0 1 1 0 0 0 0 0 1 1 0 0 
0 1 1 0 1 0 0 0 0 0 0 0 0 0 0 
0 0 0 0 0 0 0 0 0 0 0 1 0 1 0 
0 0 1 0 0 0 0 0 0 0 1 0 0 0 0 
1 0 0 0 1 0 0 0 0 0 0 0 0 0 0 
0 0 0 0 1 0 0 0 0 0 0 1 0 0 1 
0 0 0 0 1 1 1 1 1 0 0 1 0 0 0 
0 0 1 1 1 0 0 0 0 0 0 0 1 0 0 
1 0 1 0 1 1 0 1 0 1 0 0 0 0 0 
0 0 0 0 0 0 1 0 0 0 0 0 1 0 0 
1 0 0 0 1 1 0 1 0 0 0 0 0 0 0 
0 0 0 1 0 0 0 0 1 0 1 0 0 0 0 
0 0 0 1 1 0 0 0 0 0 0 0 1 0 0 
Best Sequence: 
13 11 5 14 9 4 12 8 10 6 7 3 2 1 0 
0 0 1 0 0 0 0 0 0 0 0 0 0 0 0 
0 0 0 1 0 0 1 0 0 0 0 0 1 0 0 
0 1 0 0 0 1 0 0 0 0 0 0 0 0 0 
0 1 1 0 0 1 1 1 1 1 0 0 0 0 1 
1 0 0 1 1 1 0 0 1 0 0 1 1 0 0 
0 0 0 0 0 0 0 0 0 1 1 0 0 0 1 
1 0 0 0 0 1 0 0 0 1 1 0 0 0 0 
0 0 0 0 0 0 0 0 0 0 1 1 0 0 0 
0 1 0 0 1 0 0 0 0 1 0 0 0 0 0 
1 0 1 0 0 0 1 1 0 0 0 0 0 0 0 
1 0 0 0 1 1 1 0 0 1 0 0 0 0 0 
0 0 0 0 0 0 0 0 0 0 1 0 0 1 1 
0 0 0 0 1 1 0 1 0 0 0 0 0 0 0 
0 0 0 0 0 0 1 0 0 0 0 1 0 1 1 
1 1 0 0 0 0 0 0 1 0 0 0 1 0 1 
1 0 0 1 0 1 0 1 0 0 0 0 1 1 0 
1 0 1 1 1 0 0 0 0 0 0 0 0 0 0 
0 1 1 0 0 1 1 0 0 0 0 0 0 0 0 
0 0 0 0 0 1 0 0 0 0 0 0 1 1 0 
1 1 0 0 0 0 0 0 0 0 0 0 0 0 0 
0 0 0 0 0 0 0 0 1 0 0 0 1 0 0 
0 0 0 0 0 1 0 0 0 0 0 0 0 0 1 
0 1 0 1 0 1 0 0 0 0 0 0 0 0 0 
0 1 1 0 0 1 0 1 0 1 1 0 0 0 0 
0 0 0 0 0 1 1 0 0 0 0 1 1 0 0 
0 0 1 0 1 1 0 0 0 0 1 0 1 0 1 
0 0 0 0 0 0 1 0 0 1 0 0 0 0 0 
0 0 1 0 0 1 0 0 0 0 1 0 0 0 1 
0 0 0 0 0 0 0 1 1 0 0 1 0 0 0 
0 0 0 0 0 1 1 0 0 0 0 1 0 0 0 
OpenStacks: 20
Took 12.37 seconds

buffer: HS problem 2465 size 30 15 density  0.30
numCustomers: 30
numProducts: 15
0 1 0 1 0 0 0 0 1 0 1 0 1 1 0 
1 0 1 1 0 1 0 0 1 1 0 1 0 0 1 
1 0 0 0 0 0 0 0 0 0 0 0 0 0 0 
1 1 0 0 0 1 1 0 0 0 0 1 1 0 0 
1 0 0 0 0 0 0 0 0 0 0 1 1 0 0 
1 1 0 0 0 0 0 1 1 0 0 0 1 1 0 
0 0 1 1 1 0 1 0 0 0 0 0 0 0 0 
0 0 0 0 1 0 0 0 1 1 1 0 0 1 0 
0 0 0 1 0 0 1 0 0 0 0 0 0 1 1 
0 1 1 1 0 0 0 1 0 0 0 0 0 0 1 
0 1 0 1 1 0 0 0 0 0 0 0 1 0 1 
0 1 1 0 0 0 0 1 1 0 1 1 0 0 1 
1 1 0 1 1 0 0 0 0 0 1 0 0 0 0 
1 0 0 0 0 0 0 0 1 1 0 0 0 0 0 
0 1 0 0 1 0 0 0 0 1 1 0 0 0 0 
0 0 0 0 0 0 1 0 0 1 1 0 1 0 0 
0 1 0 0 1 0 0 0 1 0 0 0 1 1 0 
0 0 0 0 0 0 0 0 0 0 1 0 0 0 0 
0 0 0 1 0 0 0 0 0 0 1 1 0 0 0 
1 0 0 0 0 0 1 1 0 0 0 0 0 1 0 
0 0 1 1 1 0 1 0 1 0 0 0 1 0 0 
1 0 0 0 1 0 0 1 0 0 0 0 0 0 1 
1 0 0 0 1 1 0 0 1 0 0 0 1 0 0 
0 0 0 0 0 1 0 1 1 0 1 0 0 0 1 
0 0 0 0 0 0 0 1 1 0 0 1 1 0 0 
1 1 1 0 1 0 0 0 0 0 0 1 0 0 0 
0 0 0 0 0 0 0 1 0 1 1 0 0 0 0 
1 1 1 0 0 1 0 0 0 0 0 0 1 0 0 
0 0 0 1 0 0 0 0 0 0 0 0 1 1 0 
0 0 0 0 0 1 0 0 0 0 0 0 1 1 0 
Best Sequence: 
13 12 5 3 14 6 11 4 2 8 7 10 9 1 0 
1 1 0 1 0 0 0 0 0 1 0 1 0 1 0 
0 0 1 1 1 0 1 0 1 1 0 0 1 0 1 
0 0 0 0 0 0 0 0 0 0 0 0 0 0 1 
0 1 1 0 0 1 1 0 0 0 0 0 0 1 1 
0 1 0 0 0 0 1 0 0 0 0 0 0 0 1 
1 1 0 0 0 0 0 0 0 1 1 0 0 1 1 
0 0 0 1 0 1 0 1 1 0 0 0 0 0 0 
1 0 0 0 0 0 0 1 0 1 0 1 1 0 0 
1 0 0 1 1 1 0 0 0 0 0 0 0 0 0 
0 0 0 1 1 0 0 0 1 0 1 0 0 1 0 
0 1 0 1 1 0 0 1 0 0 0 0 0 1 0 
0 0 0 0 1 0 1 0 1 1 1 1 0 1 0 
0 0 0 1 0 0 0 1 0 0 0 1 0 1 1 
0 0 0 0 0 0 0 0 0 1 0 0 1 0 1 
0 0 0 0 0 0 0 1 0 0 0 1 1 1 0 
0 1 0 0 0 1 0 0 0 0 0 1 1 0 0 
1 1 0 0 0 0 0 1 0 1 0 0 0 1 0 
0 0 0 0 0 0 0 0 0 0 0 1 0 0 0 
0 0 0 1 0 0 1 0 0 0 0 1 0 0 0 
1 0 0 0 0 1 0 0 0 0 1 0 0 0 1 
0 1 0 1 0 1 0 1 1 1 0 0 0 0 0 
0 0 0 0 1 0 0 1 0 0 1 0 0 0 1 
0 1 1 0 0 0 0 1 0 1 0 0 0 0 1 
0 0 1 0 1 0 0 0 0 1 1 1 0 0 0 
0 1 0 0 0 0 1 0 0 1 1 0 0 0 0 
0 0 0 0 0 0 1 1 1 0 0 0 0 1 1 
0 0 0 0 0 0 0 0 0 0 1 1 1 0 0 
0 1 1 0 0 0 0 0 1 0 0 0 0 1 1 
1 1 0 1 0 0 0 0 0 0 0 0 0 0 0 
1 1 1 0 0 0 0 0 0 0 0 0 0 0 0 
OpenStacks: 23
Took 12.55 seconds

buffer: HS problem 2466 size 30 15 density  0.30
numCustomers: 30
numProducts: 15
1 1 0 1 0 1 1 0 0 0 0 0 1 1 1 
0 1 0 0 1 0 0 1 1 0 0 0 1 0 0 
0 1 1 0 1 0 0 0 0 0 0 0 0 0 1 
1 0 0 1 0 0 0 0 0 0 0 0 1 0 0 
0 0 1 0 1 1 0 0 0 0 0 1 0 0 0 
1 1 0 1 0 1 0 0 0 0 0 1 1 0 0 
0 0 1 1 0 0 1 0 0 0 1 0 0 0 1 
0 0 1 1 1 0 0 0 0 0 0 1 1 0 0 
0 0 0 1 1 0 1 1 0 0 0 0 0 0 0 
1 0 0 1 0 0 0 0 0 0 0 1 0 1 0 
1 0 1 1 0 0 0 0 0 1 1 0 1 0 1 
1 1 0 0 0 0 1 1 0 0 0 0 0 0 0 
0 1 1 0 0 0 0 0 1 1 0 0 1 1 1 
0 0 0 0 0 0 0 0 0 1 0 1 0 0 0 
0 1 0 0 0 0 0 0 0 0 0 0 1 0 0 
0 1 1 0 0 1 1 0 1 0 1 0 0 1 1 
0 0 1 0 0 0 0 0 0 0 0 0 0 0 0 
1 0 1 0 1 0 0 0 1 0 0 0 1 1 1 
0 0 1 0 0 1 1 0 0 0 0 0 0 0 0 
1 0 0 0 0 1 1 0 0 0 1 1 1 0 1 
0 1 1 0 1 0 1 1 0 0 0 1 0 1 0 
0 1 0 1 1 0 0 1 0 0 0 1 0 0 0 
0 0 0 0 1 0 0 0 0 0 1 0 0 0 0 
0 0 1 0 0 1 1 0 0 0 0 1 0 0 0 
1 0 1 1 0 0 1 0 0 0 0 0 0 1 1 
0 0 1 0 0 0 0 1 0 0 1 0 0 0 0 
0 0 0 0 0 0 0 0 1 0 0 0 0 0 1 
0 1 0 0 1 0 0 0 1 0 0 1 0 0 1 
0 0 1 0 0 0 1 1 0 0 1 0 0 1 0 
1 0 0 1 0 0 0 0 0 0 1 0 0 0 0 
Best Sequence: 
11 9 2 6 5 4 10 14 13 7 12 8 3 1 0 
0 0 0 1 1 0 0 1 1 0 1 0 1 1 1 
0 0 0 0 0 1 0 0 0 1 1 1 0 1 0 
0 0 1 0 0 1 0 1 0 0 0 0 0 1 0 
0 0 0 0 0 0 0 0 0 0 1 0 1 0 1 
1 0 1 0 1 1 0 0 0 0 0 0 0 0 0 
1 0 0 0 1 0 0 0 0 0 1 0 1 1 1 
0 0 1 1 0 0 1 1 0 0 0 0 1 0 0 
1 0 1 0 0 1 0 0 0 0 1 0 1 0 0 
0 0 0 1 0 1 0 0 0 1 0 0 1 0 0 
1 0 0 0 0 0 0 0 1 0 0 0 1 0 1 
0 1 1 0 0 0 1 1 0 0 1 0 1 0 1 
0 0 0 1 0 0 0 0 0 1 0 0 0 1 1 
0 1 1 0 0 0 0 1 1 0 1 1 0 1 0 
1 1 0 0 0 0 0 0 0 0 0 0 0 0 0 
0 0 0 0 0 0 0 0 0 0 1 0 0 1 0 
0 0 1 1 1 0 1 1 1 0 0 1 0 1 0 
0 0 1 0 0 0 0 0 0 0 0 0 0 0 0 
0 0 1 0 0 1 0 1 1 0 1 1 0 0 1 
0 0 1 1 1 0 0 0 0 0 0 0 0 0 0 
1 0 0 1 1 0 1 1 0 0 1 0 0 0 1 
1 0 1 1 0 1 0 0 1 1 0 0 0 1 0 
1 0 0 0 0 1 0 0 0 1 0 0 1 1 0 
0 0 0 0 0 1 1 0 0 0 0 0 0 0 0 
1 0 1 1 1 0 0 0 0 0 0 0 0 0 0 
0 0 1 1 0 0 0 1 1 0 0 0 1 0 1 
0 0 1 0 0 0 1 0 0 1 0 0 0 0 0 
0 0 0 0 0 0 0 1 0 0 0 1 0 0 0 
1 0 0 0 0 1 0 1 0 0 0 1 0 1 0 
0 0 1 1 0 0 1 0 1 1 0 0 0 0 0 
0 0 0 0 0 0 1 0 0 0 0 0 1 0 1 
OpenStacks: 22
Took 12.61 seconds

buffer: HS problem 2467 size 30 15 density  0.30
numCustomers: 30
numProducts: 15
0 1 1 0 0 0 0 1 1 1 0 0 1 0 0 
0 1 1 0 0 0 1 0 0 0 0 0 1 0 0 
1 1 1 0 1 0 0 0 0 0 0 0 1 1 0 
0 0 1 0 0 1 1 0 0 0 0 0 1 0 0 
1 0 0 0 0 1 0 0 0 0 1 0 0 0 0 
0 1 1 0 0 1 1 1 0 0 0 0 1 1 0 
0 1 0 0 0 0 0 0 0 0 0 1 0 0 0 
0 0 0 0 1 0 0 1 0 0 1 0 0 0 0 
0 0 1 0 0 1 0 0 0 0 1 0 1 0 0 
1 0 1 1 0 0 0 0 1 0 1 1 0 0 0 
0 0 1 0 0 0 0 1 1 1 0 1 0 0 1 
1 1 1 0 1 0 0 1 1 0 1 0 1 0 0 
0 0 0 1 0 0 0 0 1 0 0 0 1 0 0 
0 0 1 0 1 0 0 0 1 0 0 1 0 0 1 
1 0 0 1 0 1 1 0 0 0 1 0 1 0 0 
1 0 0 0 0 0 0 1 1 0 0 0 0 0 0 
0 1 0 1 1 1 1 0 1 0 0 0 0 0 1 
1 1 1 0 1 0 0 1 1 1 0 0 0 0 1 
0 1 0 0 1 0 0 1 1 1 1 1 0 0 1 
0 0 1 1 0 1 1 0 1 1 0 1 1 0 0 
1 1 0 0 0 0 0 0 0 1 1 1 1 0 0 
0 1 0 1 1 0 0 1 0 0 0 0 1 0 0 
0 0 0 0 1 0 0 0 0 1 1 0 0 0 0 
0 0 0 0 0 0 1 0 0 1 1 0 0 1 0 
1 0 0 0 0 1 0 0 0 0 1 0 1 0 0 
0 0 0 0 0 0 1 0 0 1 1 0 0 0 1 
0 1 0 0 1 0 0 0 0 0 0 0 0 0 1 
0 0 0 1 0 1 0 0 1 1 0 0 0 0 0 
0 0 1 0 0 1 0 0 0 0 0 0 0 1 1 
0 1 0 0 0 0 1 0 0 0 0 0 0 1 0 
Best Sequence: 
11 1 14 13 6 12 2 5 10 9 8 7 4 3 0 
0 1 0 0 0 1 1 0 0 1 1 1 0 0 0 
0 1 0 0 1 1 1 0 0 0 0 0 0 0 0 
0 1 0 1 0 1 1 0 0 0 0 0 1 0 1 
0 0 0 0 1 1 1 1 0 0 0 0 0 0 0 
0 0 0 0 0 0 0 1 1 0 0 0 0 0 1 
0 1 0 1 1 1 1 1 0 0 0 1 0 0 0 
1 1 0 0 0 0 0 0 0 0 0 0 0 0 0 
0 0 0 0 0 0 0 0 1 0 0 1 1 0 0 
0 0 0 0 0 1 1 1 1 0 0 0 0 0 0 
1 0 0 0 0 0 1 0 1 0 1 0 0 1 1 
1 0 1 0 0 0 1 0 0 1 1 1 0 0 0 
0 1 0 0 0 1 1 0 1 0 1 1 1 0 1 
0 0 0 0 0 1 0 0 0 0 1 0 0 1 0 
1 0 1 0 0 0 1 0 0 0 1 0 1 0 0 
0 0 0 0 1 1 0 1 1 0 0 0 0 1 1 
0 0 0 0 0 0 0 0 0 0 1 1 0 0 1 
0 1 1 0 1 0 0 1 0 0 1 0 1 1 0 
0 1 1 0 0 0 1 0 0 1 1 1 1 0 1 
1 1 1 0 0 0 0 0 1 1 1 1 1 0 0 
1 0 0 0 1 1 1 1 0 1 1 0 0 1 0 
1 1 0 0 0 1 0 0 1 1 0 0 0 0 1 
0 1 0 0 0 1 0 0 0 0 0 1 1 1 0 
0 0 0 0 0 0 0 0 1 1 0 0 1 0 0 
0 0 0 1 1 0 0 0 1 1 0 0 0 0 0 
0 0 0 0 0 1 0 1 1 0 0 0 0 0 1 
0 0 1 0 1 0 0 0 1 1 0 0 0 0 0 
0 1 1 0 0 0 0 0 0 0 0 0 1 0 0 
0 0 0 0 0 0 0 1 0 1 1 0 0 1 0 
0 0 1 1 0 0 1 1 0 0 0 0 0 0 0 
0 1 0 1 1 0 0 0 0 0 0 0 0 0 0 
OpenStacks: 24
Took 12.7 seconds

buffer: HS problem 2468 size 30 15 density  0.30
numCustomers: 30
numProducts: 15
1 1 0 0 0 0 0 0 0 0 0 1 0 0 0 
0 0 0 1 0 1 1 0 0 0 0 0 0 1 1 
1 0 1 0 0 0 0 0 0 0 0 0 1 0 0 
0 1 0 0 0 0 0 1 0 0 0 1 0 0 1 
1 0 0 1 0 0 0 0 0 1 0 0 0 0 1 
0 0 0 0 0 0 0 0 0 1 0 0 1 0 1 
0 1 1 1 0 0 0 1 1 1 0 0 1 0 0 
0 0 0 1 1 0 0 1 0 1 0 0 0 0 0 
1 1 0 1 0 1 0 0 0 0 0 0 1 1 0 
1 1 1 1 0 0 0 1 1 1 1 1 0 1 1 
0 0 0 1 0 0 0 0 0 0 0 0 0 1 0 
1 0 0 0 0 1 0 0 0 0 1 0 1 0 1 
1 1 1 0 0 1 0 0 0 1 1 0 1 0 0 
1 1 0 1 1 0 0 0 1 0 0 0 0 0 0 
1 1 0 0 1 0 1 1 0 0 0 0 0 1 0 
0 0 1 0 0 0 1 0 0 0 0 0 0 0 0 
0 1 0 0 0 1 0 0 1 0 0 0 0 0 0 
0 0 0 0 0 0 0 0 1 0 1 0 0 0 0 
0 1 0 1 1 0 1 0 0 0 0 1 1 0 0 
1 1 0 0 0 0 0 0 0 0 0 1 1 1 0 
1 1 1 0 1 0 0 1 1 0 0 0 0 0 0 
0 0 1 1 1 1 1 1 0 0 0 1 0 0 0 
1 1 0 0 1 1 0 1 0 1 1 0 0 0 0 
0 0 0 0 1 0 1 0 0 0 1 1 0 0 1 
0 0 1 0 0 0 0 0 0 1 0 0 0 0 0 
0 0 1 0 0 0 0 0 0 0 0 0 0 0 0 
1 1 0 1 0 0 1 1 0 1 0 0 1 0 1 
1 0 0 0 0 1 0 0 0 1 1 0 1 1 0 
1 0 0 0 0 0 0 1 0 0 1 0 1 1 0 
0 1 1 1 1 1 0 1 0 1 0 0 0 1 1 
Best Sequence: 
2 9 6 13 3 7 4 14 12 5 11 10 8 1 0 
0 0 0 0 0 0 0 0 0 0 1 0 0 1 1 
0 0 1 1 1 0 0 1 0 1 0 0 0 0 0 
1 0 0 0 0 0 0 0 1 0 0 0 0 0 1 
0 0 0 0 0 1 0 1 0 0 1 0 0 1 0 
0 1 0 0 1 0 0 1 0 0 0 0 0 0 1 
0 1 0 0 0 0 0 1 1 0 0 0 0 0 0 
1 1 0 0 1 1 0 0 1 0 0 0 1 1 0 
0 1 0 0 1 1 1 0 0 0 0 0 0 0 0 
0 0 0 1 1 0 0 0 1 1 0 0 0 1 1 
1 1 0 1 1 1 0 1 0 0 1 1 1 1 1 
0 0 0 1 1 0 0 0 0 0 0 0 0 0 0 
0 0 0 0 0 0 0 1 1 1 0 1 0 0 1 
1 1 0 0 0 0 0 0 1 1 0 1 0 1 1 
0 0 0 0 1 0 1 0 0 0 0 0 1 1 1 
0 0 1 1 0 1 1 0 0 0 0 0 0 1 1 
1 0 1 0 0 0 0 0 0 0 0 0 0 0 0 
0 0 0 0 0 0 0 0 0 1 0 0 1 1 0 
0 0 0 0 0 0 0 0 0 0 0 1 1 0 0 
0 0 1 0 1 0 1 0 1 0 1 0 0 1 0 
0 0 0 1 0 0 0 0 1 0 1 0 0 1 1 
1 0 0 0 0 1 1 0 0 0 0 0 1 1 1 
1 0 1 0 1 1 1 0 0 1 1 0 0 0 0 
0 1 0 0 0 1 1 0 0 1 0 1 0 1 1 
0 0 1 0 0 0 1 1 0 0 1 1 0 0 0 
1 1 0 0 0 0 0 0 0 0 0 0 0 0 0 
1 0 0 0 0 0 0 0 0 0 0 0 0 0 0 
0 1 1 0 1 1 0 1 1 0 0 0 0 1 1 
0 1 0 1 0 0 0 0 1 1 0 1 0 0 1 
0 0 0 1 0 1 0 0 1 0 0 1 0 0 1 
1 1 0 1 1 1 1 1 0 1 0 0 0 1 0 
OpenStacks: 22
Took 12.7 seconds

buffer: HS problem 2469 size 30 15 density  0.30
numCustomers: 30
numProducts: 15
0 0 0 0 1 0 0 1 0 0 1 1 0 0 1 
0 0 1 1 1 0 0 1 1 1 1 0 0 0 0 
0 0 1 1 0 0 0 0 0 0 0 0 0 0 1 
1 1 0 0 0 0 1 0 0 0 0 0 0 0 0 
1 0 0 0 0 1 0 0 0 0 0 0 0 1 0 
0 0 1 1 0 0 0 0 1 0 0 0 1 1 1 
0 0 0 0 0 1 0 0 0 0 0 1 0 0 0 
1 0 0 1 1 0 0 1 1 0 0 0 0 1 0 
0 1 0 0 0 0 0 0 1 1 1 0 0 0 0 
0 0 0 1 0 1 0 0 0 0 0 1 0 1 1 
1 0 1 0 1 0 0 0 0 0 0 1 0 0 0 
0 0 0 0 0 0 0 1 0 1 0 0 0 0 0 
0 0 0 0 0 1 1 1 0 1 0 1 0 0 0 
1 0 0 0 0 0 0 1 0 1 0 0 0 1 0 
0 0 0 0 0 0 0 0 0 0 1 0 0 0 0 
0 1 0 0 0 0 0 0 1 0 0 1 0 0 0 
1 0 0 0 0 1 0 1 0 1 1 0 0 0 0 
0 1 1 0 0 1 0 1 0 0 0 0 0 0 0 
1 0 1 1 0 0 0 0 0 1 0 0 1 0 0 
0 0 0 0 1 1 1 0 1 1 0 0 0 0 1 
0 0 0 0 0 0 1 0 0 0 0 0 0 0 0 
1 1 0 1 0 0 1 0 0 0 0 0 0 1 0 
0 1 1 0 0 0 1 0 1 0 0 1 0 0 1 
0 0 0 0 0 1 0 0 1 0 0 0 1 0 0 
0 1 1 0 0 1 0 1 0 0 1 0 0 0 0 
0 1 0 0 1 0 0 0 0 0 0 0 0 0 0 
0 0 0 1 0 1 0 0 0 0 1 0 1 0 1 
1 0 0 1 0 0 0 0 0 0 1 0 0 0 0 
1 0 0 1 0 0 1 0 1 0 0 1 0 0 0 
0 0 0 0 1 0 0 1 0 0 1 0 0 1 0 
