Solving by Dynamic Programming...
buffer: HS problem 1651 size 15 15 density  0.20
numCustomers: 15
numProducts: 15
0 0 0 0 0 0 0 0 0 0 0 0 0 1 0 
0 0 0 1 0 0 0 0 0 0 0 0 0 1 0 
0 0 0 0 1 0 0 0 0 1 0 0 0 0 0 
0 0 0 0 0 0 0 0 0 0 0 1 0 0 0 
0 0 0 1 0 0 0 0 0 1 0 0 0 0 0 
1 0 0 0 0 0 0 0 0 0 1 0 1 0 0 
0 1 0 0 0 1 1 0 0 0 1 0 1 0 1 
0 0 0 1 1 1 0 0 0 0 0 0 0 0 0 
0 0 0 1 0 0 0 1 0 0 1 0 0 0 0 
1 0 0 0 1 0 0 0 0 0 0 0 0 0 0 
0 0 0 0 0 0 0 1 1 1 0 1 0 0 0 
1 0 1 0 1 0 1 1 0 1 1 1 1 0 0 
1 0 0 0 0 0 0 0 0 0 0 0 0 0 0 
0 0 0 0 0 0 0 0 1 0 1 0 0 0 0 
0 0 0 0 0 0 0 0 1 0 0 1 0 1 0 
Best Sequence: 
13 11 3 9 8 14 7 12 10 6 5 4 2 1 0 
1 0 0 0 0 0 0 0 0 0 0 0 0 0 0 
1 0 1 0 0 0 0 0 0 0 0 0 0 0 0 
0 0 0 1 0 0 0 0 0 0 0 1 0 0 0 
0 1 0 0 0 0 0 0 0 0 0 0 0 0 0 
0 0 1 1 0 0 0 0 0 0 0 0 0 0 0 
0 0 0 0 0 0 0 1 1 0 0 0 0 0 1 
0 0 0 0 0 1 0 1 1 1 1 0 0 1 0 
0 0 1 0 0 0 0 0 0 0 1 1 0 0 0 
0 0 1 0 0 0 1 0 1 0 0 0 0 0 0 
0 0 0 0 0 0 0 0 0 0 0 1 0 0 1 
0 1 0 1 1 0 1 0 0 0 0 0 0 0 0 
0 1 0 1 0 0 1 1 1 1 0 1 1 0 1 
0 0 0 0 0 0 0 0 0 0 0 0 0 0 1 
0 0 0 0 1 0 0 0 1 0 0 0 0 0 0 
1 1 0 0 1 0 0 0 0 0 0 0 0 0 0 
OpenStacks: 7
Took 7.02 seconds

buffer: HS problem 1652 size 15 15 density  0.20
numCustomers: 15
numProducts: 15
0 0 0 0 0 1 0 0 1 0 0 0 1 0 1 
0 0 0 0 0 0 0 1 1 1 0 0 1 0 0 
0 0 0 0 0 0 0 0 0 1 0 0 1 0 0 
1 1 0 0 1 0 0 0 0 1 0 0 1 1 0 
0 0 0 0 1 0 0 1 0 1 1 0 1 0 0 
0 0 0 0 0 0 0 0 0 0 0 0 1 0 1 
0 0 1 0 0 0 0 0 0 1 0 1 1 0 0 
0 0 1 1 0 0 0 0 1 1 0 0 0 0 0 
0 0 1 0 0 1 0 0 1 1 1 0 0 0 0 
0 0 0 0 1 0 0 0 0 0 1 0 0 0 0 
1 1 0 1 0 0 0 1 0 0 0 0 0 0 0 
0 1 0 0 0 0 0 1 1 1 0 0 0 0 0 
0 0 0 0 0 0 0 0 0 1 0 0 0 0 0 
1 1 0 0 0 0 0 0 0 0 0 0 0 0 0 
0 0 1 0 0 0 1 0 0 0 1 0 0 0 0 
Best Sequence: 
14 13 12 11 8 5 9 7 10 6 4 3 2 1 0 
1 0 1 0 1 1 0 0 0 0 0 0 0 0 0 
0 0 1 0 1 0 1 1 0 0 0 0 0 0 0 
0 0 1 0 0 0 1 0 0 0 0 0 0 0 0 
0 1 1 0 0 0 1 0 0 0 1 0 0 1 1 
0 0 1 0 0 0 1 1 1 0 1 0 0 0 0 
1 0 1 0 0 0 0 0 0 0 0 0 0 0 0 
0 0 1 1 0 0 1 0 0 0 0 0 1 0 0 
0 0 0 0 1 0 1 0 0 0 0 1 1 0 0 
0 0 0 0 1 1 1 0 1 0 0 0 1 0 0 
0 0 0 0 0 0 0 0 1 0 1 0 0 0 0 
0 0 0 0 0 0 0 1 0 0 0 1 0 1 1 
0 0 0 0 1 0 1 1 0 0 0 0 0 1 0 
0 0 0 0 0 0 1 0 0 0 0 0 0 0 0 
0 0 0 0 0 0 0 0 0 0 0 0 0 1 1 
0 0 0 0 0 0 0 0 1 1 0 0 1 0 0 
OpenStacks: 9
Took 7.06 seconds

buffer: HS problem 1653 size 15 15 density  0.20
numCustomers: 15
numProducts: 15
0 0 0 1 0 0 0 0 0 0 0 1 0 0 0 
0 0 0 0 0 0 1 0 1 0 1 1 0 0 0 
1 1 1 0 0 0 0 0 0 0 0 0 0 0 0 
0 0 0 1 0 0 0 0 1 1 0 1 0 0 0 
0 0 0 0 0 1 0 0 0 0 0 0 1 0 0 
0 0 0 0 1 0 0 0 0 1 0 1 1 0 0 
0 0 1 0 0 0 0 0 0 0 0 0 0 0 1 
0 0 0 0 0 0 1 0 0 0 0 0 0 1 0 
0 0 0 1 1 0 0 0 0 1 0 1 0 0 0 
1 1 1 0 0 1 0 0 0 0 0 1 1 0 1 
0 0 0 0 0 0 0 0 0 1 0 0 0 0 0 
0 0 0 0 0 1 0 0 0 0 0 0 1 0 0 
1 0 0 0 0 1 1 1 1 0 0 1 1 0 0 
1 1 0 0 0 0 1 0 0 0 1 0 0 0 0 
1 0 0 0 0 0 0 1 0 0 0 0 0 0 0 
Best Sequence: 
12 5 9 11 3 13 8 6 14 10 7 4 2 1 0 
0 0 0 1 1 0 0 0 0 0 0 0 0 0 0 
0 0 0 1 0 0 1 1 0 1 0 0 0 0 0 
0 0 0 0 0 0 0 0 0 0 0 0 1 1 1 
0 0 1 1 1 0 1 0 0 0 0 0 0 0 0 
1 1 0 0 0 0 0 0 0 0 0 0 0 0 0 
1 0 1 1 0 0 0 0 0 0 0 1 0 0 0 
0 0 0 0 0 0 0 0 1 0 0 0 1 0 0 
0 0 0 0 0 1 0 1 0 0 0 0 0 0 0 
0 0 1 1 1 0 0 0 0 0 0 1 0 0 0 
1 1 0 1 0 0 0 0 1 0 0 0 1 1 1 
0 0 1 0 0 0 0 0 0 0 0 0 0 0 0 
1 1 0 0 0 0 0 0 0 0 0 0 0 0 0 
1 1 0 1 0 0 1 1 0 0 1 0 0 0 1 
0 0 0 0 0 0 0 1 0 1 0 0 0 1 1 
0 0 0 0 0 0 0 0 0 0 1 0 0 0 1 
OpenStacks: 7
Took 7.07 seconds

buffer: HS problem 1654 size 15 15 density  0.20
numCustomers: 15
numProducts: 15
0 0 0 0 0 0 1 0 0 0 0 0 0 0 0 
0 0 1 0 0 0 0 0 0 0 1 0 0 0 0 
0 1 1 0 0 0 0 0 0 1 0 0 1 0 0 
0 0 0 1 1 0 0 1 0 0 0 0 0 0 0 
0 0 0 0 0 0 0 0 0 0 1 0 1 1 1 
0 0 1 0 0 1 1 0 0 1 0 0 0 0 1 
0 0 0 0 0 0 1 0 0 0 0 1 1 0 0 
1 0 0 0 0 0 0 0 0 0 0 1 0 0 0 
0 1 0 0 0 0 1 0 0 1 0 0 0 0 1 
0 0 0 0 0 1 0 0 0 0 1 0 0 0 0 
0 0 1 0 0 0 0 0 0 1 0 1 1 0 0 
1 1 0 0 0 0 0 0 1 1 0 0 1 0 1 
0 0 0 0 0 0 0 0 0 0 0 0 0 1 0 
0 1 0 0 0 0 1 0 0 0 0 1 1 0 0 
0 0 1 0 1 0 0 0 0 0 0 0 0 1 0 
Best Sequence: 
13 10 5 7 4 3 2 14 12 11 9 8 6 1 0 
0 0 0 0 0 0 0 0 0 0 0 0 1 0 0 
0 1 0 0 0 0 1 0 0 0 0 0 0 0 0 
0 0 0 0 0 0 1 0 1 0 1 0 0 1 0 
0 0 0 1 1 1 0 0 0 0 0 0 0 0 0 
1 1 0 0 0 0 0 1 1 0 0 0 0 0 0 
0 0 1 0 0 0 1 1 0 0 1 0 1 0 0 
0 0 0 0 0 0 0 0 1 1 0 0 1 0 0 
0 0 0 0 0 0 0 0 0 1 0 0 0 0 1 
0 0 0 0 0 0 0 1 0 0 1 0 1 1 0 
0 1 1 0 0 0 0 0 0 0 0 0 0 0 0 
0 0 0 0 0 0 1 0 1 1 1 0 0 0 0 
0 0 0 0 0 0 0 1 1 0 1 1 0 1 1 
1 0 0 0 0 0 0 0 0 0 0 0 0 0 0 
0 0 0 0 0 0 0 0 1 1 0 0 1 1 0 
1 0 0 0 1 0 1 0 0 0 0 0 0 0 0 
OpenStacks: 8
Took 7.06 seconds

buffer: HS problem 1655 size 15 15 density  0.20
numCustomers: 15
numProducts: 15
1 0 1 0 0 1 0 0 0 0 0 0 0 1 0 
0 0 0 0 1 0 0 0 0 0 1 0 0 0 0 
0 0 0 1 1 1 0 0 0 1 0 0 0 0 0 
0 0 1 1 0 0 0 0 0 0 0 1 0 0 1 
0 0 0 0 0 1 0 1 1 1 0 1 1 0 0 
0 1 0 0 0 0 0 0 1 0 1 0 0 0 1 
0 0 1 0 0 0 0 0 0 0 0 0 0 1 0 
0 0 1 1 1 0 0 0 0 0 0 1 0 0 0 
0 1 0 0 0 0 0 0 1 0 0 0 0 0 0 
0 0 0 0 0 0 0 0 0 0 1 0 1 0 0 
0 0 0 0 0 0 0 1 0 0 0 0 0 0 0 
0 1 0 0 1 1 1 1 0 1 0 0 0 1 0 
0 0 0 1 0 0 0 0 0 0 0 1 0 0 0 
0 1 1 0 0 1 0 0 1 1 0 1 0 0 1 
0 0 0 0 0 0 0 0 0 0 1 0 0 0 0 
Best Sequence: 
10 12 8 1 14 7 4 11 9 3 5 13 6 2 0 
0 0 0 0 0 0 0 0 0 0 1 1 0 1 1 
1 0 0 0 0 0 1 0 0 0 0 0 0 0 0 
0 0 0 0 0 0 1 0 1 1 1 0 0 0 0 
0 0 0 0 1 0 0 1 0 1 0 0 0 1 0 
0 1 1 0 0 1 0 1 1 0 1 0 0 0 0 
1 0 1 1 1 0 0 0 0 0 0 0 0 0 0 
0 0 0 0 0 0 0 0 0 0 0 1 0 1 0 
0 0 0 0 0 0 1 1 0 1 0 0 0 1 0 
0 0 1 1 0 0 0 0 0 0 0 0 0 0 0 
1 1 0 0 0 0 0 0 0 0 0 0 0 0 0 
0 0 0 0 0 1 0 0 0 0 0 0 0 0 0 
0 0 0 1 0 1 1 0 1 0 1 1 1 0 0 
0 0 0 0 0 0 0 1 0 1 0 0 0 0 0 
0 0 1 1 1 0 0 1 1 0 1 0 0 1 0 
1 0 0 0 0 0 0 0 0 0 0 0 0 0 0 
OpenStacks: 7
Took 7.1 seconds

buffer: HS problem 1656 size 15 15 density  0.20
numCustomers: 15
numProducts: 15
0 0 0 0 0 1 0 0 0 1 0 0 0 0 1 
0 0 0 1 0 0 0 0 1 0 0 0 0 0 0 
0 0 0 1 1 1 0 0 0 0 0 1 0 0 0 
0 0 0 0 0 0 0 0 0 0 1 0 1 0 0 
0 0 0 1 0 0 0 0 0 1 1 0 1 1 0 
1 0 0 1 0 0 0 0 0 0 0 1 0 0 0 
0 0 0 0 0 0 0 0 0 0 1 0 0 0 0 
0 0 0 1 0 0 0 0 0 0 0 0 0 0 1 
0 1 1 0 1 0 0 0 0 1 0 0 0 0 0 
1 1 0 0 0 0 0 0 0 0 0 0 1 0 0 
0 1 0 0 0 0 0 0 0 0 0 0 0 0 0 
0 0 0 0 1 0 0 1 0 0 0 0 0 0 0 
0 0 0 0 0 0 1 0 0 0 0 0 0 0 0 
0 0 1 0 0 0 1 0 0 0 0 0 0 0 0 
1 0 0 0 0 0 0 0 0 0 0 0 0 0 0 
Best Sequence: 
8 3 14 13 11 9 5 7 4 10 12 6 2 1 0 
0 0 1 0 0 1 1 0 0 0 0 0 0 0 0 
1 1 0 0 0 0 0 0 0 0 0 0 0 0 0 
0 1 0 0 1 0 1 0 1 0 0 0 0 0 0 
0 0 0 0 0 0 0 0 0 1 1 0 0 0 0 
0 1 0 1 0 1 0 0 0 1 1 0 0 0 0 
0 1 0 0 1 0 0 0 0 0 0 0 0 0 1 
0 0 0 0 0 0 0 0 0 1 0 0 0 0 0 
0 1 1 0 0 0 0 0 0 0 0 0 0 0 0 
0 0 0 0 0 1 0 0 1 0 0 0 1 1 0 
0 0 0 0 0 0 0 0 0 0 1 0 0 1 1 
0 0 0 0 0 0 0 0 0 0 0 0 0 1 0 
0 0 0 0 0 0 0 1 1 0 0 0 0 0 0 
0 0 0 0 0 0 0 0 0 0 0 1 0 0 0 
0 0 0 0 0 0 0 0 0 0 0 1 1 0 0 
0 0 0 0 0 0 0 0 0 0 0 0 0 0 1 
OpenStacks: 5
Took 6.95 seconds

buffer: HS problem 1657 size 15 15 density  0.20
numCustomers: 15
numProducts: 15
0 0 0 1 0 0 0 0 1 0 1 0 0 0 0 
0 0 0 1 0 0 0 0 0 1 0 1 1 0 1 
0 0 0 0 0 0 0 0 0 0 0 0 0 1 0 
1 0 0 1 0 0 0 0 0 0 0 0 0 0 0 
1 1 0 0 0 0 0 1 0 0 0 0 0 1 0 
0 0 0 0 0 1 0 0 0 0 0 0 0 0 0 
0 1 1 0 1 0 0 0 0 0 0 0 1 0 0 
0 0 0 1 0 1 0 1 1 1 0 0 0 0 0 
0 0 0 0 0 0 0 1 0 1 0 0 0 1 0 
0 1 0 0 0 1 1 1 0 1 0 0 0 0 1 
0 0 1 1 1 0 1 0 1 0 0 0 0 0 0 
0 0 0 1 0 0 0 0 0 1 0 0 0 0 0 
0 0 0 0 0 1 0 0 0 1 0 0 0 0 0 
0 0 0 0 0 0 0 0 0 0 0 1 0 0 1 
0 0 0 0 0 1 0 1 0 0 0 0 1 0 0 
Best Sequence: 
14 11 10 8 3 9 6 4 2 12 5 13 7 1 0 
0 0 1 1 1 0 0 0 0 0 0 0 0 0 0 
1 1 0 0 1 1 0 0 0 1 0 0 0 0 0 
0 0 0 0 0 0 0 0 0 0 0 1 0 0 0 
0 0 0 0 1 0 0 0 0 0 0 0 0 0 1 
0 0 0 0 0 0 0 0 0 0 0 1 1 1 1 
0 0 0 0 0 0 0 0 0 0 1 0 0 0 0 
0 0 0 0 0 0 0 1 1 1 0 0 0 1 0 
0 0 0 1 1 1 0 0 0 0 1 0 1 0 0 
0 0 0 0 0 1 0 0 0 0 0 1 1 0 0 
1 0 0 0 0 1 1 0 0 0 1 0 1 1 0 
0 0 0 1 1 0 1 1 1 0 0 0 0 0 0 
0 0 0 0 1 1 0 0 0 0 0 0 0 0 0 
0 0 0 0 0 1 0 0 0 0 1 0 0 0 0 
1 1 0 0 0 0 0 0 0 0 0 0 0 0 0 
0 0 0 0 0 0 0 0 0 1 1 0 1 0 0 
OpenStacks: 8
Took 7.06 seconds

buffer: HS problem 1658 size 15 15 density  0.20
numCustomers: 15
numProducts: 15
0 0 0 0 0 0 0 0 0 0 0 0 1 0 0 
0 0 0 1 0 0 0 0 0 0 0 0 0 0 0 
0 0 0 0 1 0 1 0 0 0 0 0 0 0 0 
0 0 0 0 1 0 0 0 0 1 0 1 0 1 0 
0 0 0 0 0 0 1 0 0 0 0 0 0 0 0 
1 0 0 0 1 0 1 0 0 0 0 1 0 0 1 
0 1 1 0 1 0 0 0 1 1 0 0 0 0 0 
0 0 0 0 0 0 1 0 0 0 0 0 0 0 0 
0 0 0 0 0 1 0 0 0 1 0 0 0 0 0 
0 0 0 1 0 0 1 0 1 0 0 0 0 1 1 
0 0 0 1 0 0 0 0 0 0 0 1 0 0 1 
0 1 0 1 0 0 0 0 0 0 0 0 0 0 0 
0 0 1 1 0 0 0 0 0 0 1 0 1 0 0 
0 0 0 0 0 0 0 1 1 0 0 0 1 0 0 
0 0 0 1 0 0 0 0 0 0 0 0 1 0 1 
Best Sequence: 
12 3 14 13 11 10 8 7 9 5 4 2 6 1 0 
1 0 0 0 0 0 0 0 0 0 0 0 0 0 0 
0 1 0 0 0 0 0 0 0 0 0 0 0 0 0 
0 0 0 0 0 0 0 0 0 0 1 0 1 0 0 
0 0 0 1 1 0 0 0 1 0 1 0 0 0 0 
0 0 0 0 0 0 0 0 0 0 0 0 1 0 0 
0 0 1 0 1 0 0 0 0 0 1 0 1 0 1 
0 0 0 0 0 0 1 0 1 0 1 1 0 1 0 
0 0 0 0 0 0 0 0 0 0 0 0 1 0 0 
0 0 0 0 0 0 0 0 1 1 0 0 0 0 0 
0 1 1 1 0 0 1 0 0 0 0 0 1 0 0 
0 1 1 0 1 0 0 0 0 0 0 0 0 0 0 
0 1 0 0 0 0 0 0 0 0 0 0 0 1 0 
1 1 0 0 0 1 0 0 0 0 0 1 0 0 0 
1 0 0 0 0 0 1 1 0 0 0 0 0 0 0 
1 1 1 0 0 0 0 0 0 0 0 0 0 0 0 
OpenStacks: 7
Took 6.98 seconds

buffer: HS problem 1659 size 15 15 density  0.20
numCustomers: 15
numProducts: 15
0 0 0 0 0 1 0 1 0 0 0 0 0 0 1 
0 0 0 1 0 0 0 0 0 0 1 1 0 0 1 
0 0 1 0 0 0 1 0 0 0 0 0 0 0 0 
0 0 0 0 0 0 0 0 0 0 0 0 1 0 0 
0 1 0 1 1 1 1 0 1 0 0 1 1 0 1 
0 0 0 1 0 0 1 0 0 0 0 0 1 0 0 
0 0 0 1 0 0 0 0 0 0 1 1 1 0 1 
0 0 1 0 0 1 0 1 0 0 0 0 0 0 0 
1 0 0 0 0 0 0 0 0 0 0 0 1 0 1 
0 0 0 1 0 0 0 0 0 1 0 0 0 0 0 
0 1 0 1 0 0 0 0 0 0 0 0 0 0 0 
0 1 1 0 0 0 1 0 0 1 0 1 0 0 0 
1 0 1 0 0 0 0 0 0 0 0 0 0 0 1 
0 0 1 0 0 0 0 0 0 0 0 0 0 1 0 
1 0 0 1 0 0 0 0 0 0 0 0 0 0 0 
Best Sequence: 
13 2 7 5 14 6 12 11 10 0 9 8 4 3 1 
0 0 1 1 1 0 0 0 0 0 0 0 0 0 0 
0 0 0 0 1 0 0 1 1 0 0 0 0 1 0 
0 1 0 0 0 1 0 0 0 0 0 0 0 0 0 
0 0 0 0 0 0 1 0 0 0 0 0 0 0 0 
0 0 0 1 1 1 1 1 0 0 0 1 1 1 1 
0 0 0 0 0 1 1 0 0 0 0 0 0 1 0 
0 0 0 0 1 0 1 1 1 0 0 0 0 1 0 
0 1 1 1 0 0 0 0 0 0 0 0 0 0 0 
0 0 0 0 1 0 1 0 0 1 0 0 0 0 0 
0 0 0 0 0 0 0 0 0 0 1 0 0 1 0 
0 0 0 0 0 0 0 0 0 0 0 0 0 1 1 
0 1 0 0 0 1 0 1 0 0 1 0 0 0 1 
0 1 0 0 1 0 0 0 0 1 0 0 0 0 0 
1 1 0 0 0 0 0 0 0 0 0 0 0 0 0 
0 0 0 0 0 0 0 0 0 1 0 0 0 1 0 
OpenStacks: 8
Took 7.04 seconds

buffer: HS problem 1660 size 15 15 density  0.20
numCustomers: 15
numProducts: 15
0 0 0 0 0 0 1 1 0 0 0 0 0 1 0 
1 1 1 0 0 0 0 0 0 0 0 0 0 0 0 
0 0 0 0 1 0 0 0 0 0 0 1 0 0 1 
0 0 0 0 1 0 0 0 0 0 0 0 1 0 0 
1 0 0 0 0 0 1 0 0 0 0 1 0 0 0 
1 0 0 0 1 1 0 0 1 0 0 1 0 0 0 
0 1 0 0 0 0 0 0 0 1 0 0 1 0 0 
0 0 1 0 0 1 1 0 0 0 0 0 0 0 1 
0 0 1 1 0 0 1 0 0 0 0 0 0 0 0 
0 0 0 1 0 0 1 0 0 0 0 0 0 0 0 
0 0 0 1 1 0 0 1 1 0 0 1 0 0 0 
1 0 0 0 0 0 0 0 0 0 0 0 0 0 0 
0 0 0 0 0 0 0 1 0 0 1 1 0 0 0 
1 0 1 0 0 0 0 0 0 0 0 0 1 0 0 
0 0 0 0 0 0 0 1 1 0 0 0 0 1 0 
Best Sequence: 
6 3 13 7 8 14 11 10 4 12 9 5 2 1 0 
1 0 1 1 0 0 0 0 0 0 0 0 0 0 0 
0 0 0 0 0 0 0 0 0 0 0 0 1 1 1 
0 0 0 0 0 1 1 0 1 0 0 0 0 0 0 
0 0 0 0 0 0 0 0 1 1 0 0 0 0 0 
1 0 0 0 0 0 1 0 0 0 0 0 0 0 1 
0 0 0 0 1 0 1 0 1 0 0 1 0 0 1 
0 0 0 0 0 0 0 0 0 1 1 0 0 1 0 
1 0 0 0 0 1 0 0 0 0 0 1 1 0 0 
1 1 0 0 0 0 0 0 0 0 0 0 1 0 0 
1 1 0 0 0 0 0 0 0 0 0 0 0 0 0 
0 1 0 1 1 0 1 0 1 0 0 0 0 0 0 
0 0 0 0 0 0 0 0 0 0 0 0 0 0 1 
0 0 0 1 0 0 1 1 0 0 0 0 0 0 0 
0 0 0 0 0 0 0 0 0 1 0 0 1 0 1 
0 0 1 1 1 0 0 0 0 0 0 0 0 0 0 
OpenStacks: 7
Took 7.04 seconds

buffer: HS problem 1661 size 15 15 density  0.20
numCustomers: 15
numProducts: 15
0 0 1 1 1 0 0 1 0 1 0 1 0 0 1 
0 0 0 0 0 0 0 0 0 1 1 0 0 0 0 
0 0 0 1 0 0 0 0 0 0 0 0 0 0 1 
0 1 0 0 1 0 0 0 0 0 0 0 1 1 0 
0 0 1 0 0 0 1 1 0 0 1 0 1 0 0 
0 1 0 0 0 0 0 1 0 0 1 0 0 0 0 
0 1 1 0 1 0 0 0 0 0 0 0 0 1 1 
0 0 1 0 0 0 0 0 1 0 1 0 0 0 0 
1 0 0 0 0 1 0 0 1 0 0 1 1 0 0 
0 0 1 1 0 1 0 0 0 0 1 0 0 0 0 
1 0 0 1 1 0 0 0 0 0 0 1 0 1 0 
1 0 0 1 1 0 0 0 0 0 1 1 1 0 0 
0 0 0 0 0 1 1 0 0 0 0 0 0 0 0 
0 0 0 0 0 0 1 1 1 0 0 0 0 0 0 
0 1 0 0 0 0 0 0 0 0 0 0 0 0 0 
Best Sequence: 
8 7 6 5 10 9 2 12 1 14 13 11 4 3 0 
0 1 0 0 0 1 1 0 0 1 0 1 1 1 0 
0 0 0 0 1 1 0 0 0 0 0 0 0 0 0 
0 0 0 0 0 0 0 0 0 1 0 0 0 1 0 
0 0 0 0 0 0 0 1 1 0 1 0 1 0 0 
0 1 1 0 1 0 1 1 0 0 0 0 0 0 0 
0 1 0 0 1 0 0 0 1 0 0 0 0 0 0 
0 0 0 0 0 0 1 0 1 1 1 0 1 0 0 
1 0 0 0 1 0 1 0 0 0 0 0 0 0 0 
1 0 0 1 0 0 0 1 0 0 0 1 0 0 1 
0 0 0 1 1 0 1 0 0 0 0 0 0 1 0 
0 0 0 0 0 0 0 0 0 0 1 1 1 1 1 
0 0 0 0 1 0 0 1 0 0 0 1 1 1 1 
0 0 1 1 0 0 0 0 0 0 0 0 0 0 0 
1 1 1 0 0 0 0 0 0 0 0 0 0 0 0 
0 0 0 0 0 0 0 0 1 0 0 0 0 0 0 
OpenStacks: 8
Took 7.15 seconds

buffer: HS problem 1662 size 15 15 density  0.20
numCustomers: 15
numProducts: 15
0 0 0 0 0 1 0 0 0 0 0 1 0 0 0 
0 0 1 0 0 0 0 0 0 0 0 0 0 0 0 
0 0 1 0 0 0 0 0 0 0 0 0 0 0 0 
0 0 0 0 0 0 0 0 0 1 0 0 0 0 1 
0 0 0 0 0 0 0 0 0 0 0 1 0 0 1 
0 1 0 0 0 0 0 0 0 0 0 0 0 0 0 
1 1 0 0 0 1 1 0 0 0 1 1 0 0 0 
0 0 1 0 0 0 1 1 0 0 1 0 0 0 0 
0 0 0 0 0 0 1 1 0 1 1 0 0 0 0 
0 0 0 0 0 0 1 1 0 0 1 1 0 0 0 
0 0 1 0 1 0 1 0 0 0 0 0 1 1 0 
0 1 0 0 0 0 0 0 0 0 0 0 0 0 1 
0 1 0 0 0 0 1 0 1 1 0 0 0 0 0 
0 0 1 0 0 1 1 0 0 0 0 0 0 1 1 
1 0 0 1 0 0 1 0 0 0 0 0 0 1 0 
Best Sequence: 
2 13 12 10 7 6 9 4 14 11 8 5 3 1 0 
0 0 0 0 0 0 0 0 0 1 0 1 0 0 0 
1 0 0 0 0 0 0 0 0 0 0 0 0 0 0 
1 0 0 0 0 0 0 0 0 0 0 0 0 0 0 
0 0 0 0 0 0 1 0 1 0 0 0 0 0 0 
0 0 0 0 0 0 0 0 1 1 0 0 0 0 0 
0 0 0 0 0 0 0 0 0 0 0 0 0 1 0 
0 0 0 1 0 1 0 0 0 1 0 1 0 1 1 
1 0 0 1 1 1 0 0 0 0 0 0 0 0 0 
0 0 0 1 1 1 1 0 0 0 0 0 0 0 0 
0 0 0 1 1 1 0 0 0 1 0 0 0 0 0 
1 1 1 0 0 1 0 1 0 0 0 0 0 0 0 
0 0 0 0 0 0 0 0 1 0 0 0 0 1 0 
0 0 0 0 0 1 1 0 0 0 1 0 0 1 0 
1 1 0 0 0 1 0 0 1 0 0 1 0 0 0 
0 1 0 0 0 1 0 0 0 0 0 0 1 0 1 
OpenStacks: 8
Took 7 seconds

buffer: HS problem 1663 size 15 15 density  0.20
numCustomers: 15
numProducts: 15
0 1 0 1 0 0 0 0 0 0 0 0 0 0 0 
1 0 1 0 1 0 0 0 0 0 0 0 0 0 0 
0 1 1 0 1 1 1 0 0 0 1 0 0 0 0 
0 0 0 1 0 0 0 0 1 0 0 1 0 0 1 
0 1 0 0 0 1 0 0 1 0 0 0 0 0 0 
0 0 0 0 0 0 1 0 1 1 0 0 0 0 0 
0 0 0 0 0 1 0 0 0 0 0 1 0 0 0 
0 0 0 0 0 0 0 0 0 0 0 0 1 0 1 
0 0 0 1 0 0 0 0 1 0 0 0 0 0 1 
0 0 0 0 0 0 1 1 0 0 1 0 0 0 0 
0 0 0 0 0 0 1 0 0 0 0 1 0 0 0 
0 0 0 0 0 0 0 0 0 0 1 0 1 1 0 
0 0 0 0 1 1 0 1 0 0 0 0 1 1 0 
0 1 0 0 0 0 0 1 0 0 0 0 0 0 1 
1 1 0 0 0 1 0 1 0 0 0 0 0 1 0 
Best Sequence: 
14 12 13 10 7 6 11 9 8 5 4 3 2 1 0 
0 0 0 0 0 0 0 0 0 0 0 1 0 1 0 
0 0 0 0 0 0 0 0 0 0 1 0 1 0 1 
0 0 0 1 0 1 0 0 0 1 1 0 1 1 0 
1 0 0 0 0 0 1 0 1 0 0 1 0 0 0 
0 0 0 0 0 0 0 0 1 1 0 0 0 1 0 
0 0 0 0 0 1 0 1 1 0 0 0 0 0 0 
0 0 0 0 0 0 1 0 0 1 0 0 0 0 0 
1 1 0 0 0 0 0 0 0 0 0 0 0 0 0 
1 0 0 0 0 0 0 0 1 0 0 1 0 0 0 
0 0 0 1 1 1 0 0 0 0 0 0 0 0 0 
0 0 0 0 0 1 1 0 0 0 0 0 0 0 0 
0 1 1 1 0 0 0 0 0 0 0 0 0 0 0 
0 1 1 0 1 0 0 0 0 1 1 0 0 0 0 
1 0 0 0 1 0 0 0 0 0 0 0 0 1 0 
0 0 1 0 1 0 0 0 0 1 0 0 0 1 1 
OpenStacks: 9
Took 7.07 seconds

buffer: HS problem 1664 size 15 15 density  0.20
numCustomers: 15
numProducts: 15
1 0 0 0 1 0 0 0 1 0 0 0 0 0 0 
0 0 1 0 1 1 1 0 1 0 0 0 0 0 0 
0 1 0 0 0 0 0 1 0 0 0 0 0 0 0 
0 1 0 1 1 1 0 0 0 0 0 1 0 0 1 
0 0 0 0 0 0 0 0 1 0 0 0 1 0 0 
0 0 0 1 1 0 0 0 0 1 0 0 1 1 0 
0 0 0 0 1 0 0 0 0 0 1 0 0 0 0 
0 1 0 1 0 0 1 0 0 0 0 0 0 0 1 
0 0 0 0 0 0 0 0 0 0 1 1 0 0 0 
0 0 0 0 0 0 0 0 0 1 1 0 0 0 0 
1 0 0 0 0 1 0 0 0 0 0 0 0 0 0 
0 1 0 1 0 0 0 0 0 0 0 1 0 1 0 
0 1 1 0 1 0 0 1 0 0 1 0 0 0 0 
0 0 0 0 0 0 0 0 0 0 0 1 0 1 1 
0 0 0 0 0 1 0 0 0 0 0 0 0 1 1 
Best Sequence: 
11 10 9 14 13 7 1 12 3 6 8 5 4 2 0 
0 0 0 0 0 0 0 0 0 0 1 0 1 0 1 
0 0 0 0 0 0 0 0 0 1 1 1 1 1 0 
0 0 0 0 0 1 1 0 0 0 0 0 0 0 0 
1 0 0 1 0 0 1 0 1 0 0 1 1 0 0 
0 0 0 0 0 0 0 1 0 0 1 0 0 0 0 
0 0 1 0 1 0 0 1 1 0 0 0 1 0 0 
0 1 0 0 0 0 0 0 0 0 0 0 1 0 0 
0 0 0 1 0 0 1 0 1 1 0 0 0 0 0 
1 1 0 0 0 0 0 0 0 0 0 0 0 0 0 
0 1 1 0 0 0 0 0 0 0 0 0 0 0 0 
0 0 0 0 0 0 0 0 0 0 0 1 0 0 1 
1 0 0 0 1 0 1 0 1 0 0 0 0 0 0 
0 1 0 0 0 1 1 0 0 0 0 0 1 1 0 
1 0 0 1 1 0 0 0 0 0 0 0 0 0 0 
0 0 0 1 1 0 0 0 0 0 0 1 0 0 0 
OpenStacks: 8
Took 7.1 seconds

buffer: HS problem 1665 size 15 15 density  0.20
numCustomers: 15
numProducts: 15
1 0 0 0 0 1 1 0 1 0 0 0 1 0 0 
0 1 0 0 0 0 0 0 0 0 0 0 0 0 0 
0 0 1 0 0 0 0 0 0 0 0 1 0 0 0 
0 0 0 1 0 0 0 1 1 0 0 0 0 0 0 
1 0 1 0 1 0 1 0 0 0 1 0 0 0 0 
0 0 1 1 0 0 0 0 0 0 0 0 1 0 0 
0 0 0 0 0 0 0 0 0 0 0 0 1 1 0 
0 0 0 1 1 0 1 0 0 1 0 0 0 0 0 
0 0 1 0 0 0 0 0 0 0 0 0 0 0 1 
0 0 0 0 1 0 0 0 0 0 0 0 0 0 0 
1 0 0 0 0 0 1 0 0 0 0 0 0 1 0 
0 0 1 1 1 0 0 0 0 0 0 0 0 0 1 
0 1 0 1 0 0 0 0 0 0 0 1 0 0 1 
0 0 0 1 0 0 0 0 0 0 0 0 1 1 0 
0 0 0 0 1 1 0 0 0 0 0 0 0 1 0 
Best Sequence: 
14 11 2 4 3 8 7 12 13 10 9 6 5 1 0 
0 0 0 0 0 1 0 1 0 0 0 1 1 0 1 
0 0 0 0 0 0 0 0 0 0 0 0 0 1 0 
0 1 1 0 0 0 0 0 0 0 0 0 0 0 0 
0 0 0 0 1 1 1 0 0 0 0 0 0 0 0 
0 0 1 1 0 0 0 0 0 1 0 1 0 0 1 
0 0 1 0 1 0 0 1 0 0 0 0 0 0 0 
0 0 0 0 0 0 0 1 1 0 0 0 0 0 0 
0 0 0 1 1 0 0 0 0 0 1 1 0 0 0 
1 0 1 0 0 0 0 0 0 0 0 0 0 0 0 
0 0 0 1 0 0 0 0 0 0 0 0 0 0 0 
0 0 0 0 0 0 0 0 1 0 0 1 0 0 1 
1 0 1 1 1 0 0 0 0 0 0 0 0 0 0 
1 1 0 0 1 0 0 0 0 0 0 0 0 1 0 
0 0 0 0 1 0 0 1 1 0 0 0 0 0 0 
0 0 0 1 0 0 0 0 1 0 0 0 1 0 0 
OpenStacks: 8
Took 7.04 seconds

buffer: HS problem 1666 size 15 15 density  0.20
numCustomers: 15
numProducts: 15
0 0 1 1 0 1 0 0 0 0 0 1 0 0 0 
1 0 1 0 1 0 1 0 0 0 0 0 0 1 0 
1 0 0 0 0 0 0 0 0 0 1 0 0 0 0 
0 1 1 0 0 0 0 0 0 0 1 0 0 0 0 
1 0 0 0 0 1 1 0 0 0 0 0 1 0 1 
0 0 0 0 1 1 0 0 0 0 0 0 1 1 0 
1 0 0 0 0 0 0 0 1 0 0 0 1 0 0 
0 1 0 1 0 0 0 0 0 0 0 0 0 0 0 
0 0 0 0 0 1 0 0 0 1 0 0 1 0 0 
0 0 0 0 0 0 0 0 0 0 1 0 0 0 1 
0 0 0 0 0 0 0 1 1 0 0 1 0 0 0 
0 0 1 1 0 0 0 0 0 0 0 0 0 0 0 
0 0 0 1 0 0 0 0 0 0 1 0 1 1 0 
1 0 0 0 1 0 0 0 0 0 0 0 1 0 1 
0 0 1 0 0 0 0 0 0 0 0 0 0 0 1 
Best Sequence: 
11 8 7 12 9 5 13 4 0 14 10 6 3 2 1 
1 0 0 0 0 1 0 0 0 0 0 0 1 1 0 
0 0 0 0 0 0 1 1 1 0 0 1 0 1 0 
0 0 0 0 0 0 0 0 1 0 1 0 0 0 0 
0 0 0 0 0 0 0 0 0 0 1 0 0 1 1 
0 0 0 1 0 1 0 0 1 1 0 1 0 0 0 
0 0 0 1 0 1 1 1 0 0 0 0 0 0 0 
0 1 0 1 0 0 0 0 1 0 0 0 0 0 0 
0 0 0 0 0 0 0 0 0 0 0 0 1 0 1 
0 0 0 1 1 1 0 0 0 0 0 0 0 0 0 
0 0 0 0 0 0 0 0 0 1 1 0 0 0 0 
1 1 1 0 0 0 0 0 0 0 0 0 0 0 0 
0 0 0 0 0 0 0 0 0 0 0 0 1 1 0 
0 0 0 1 0 0 1 0 0 0 1 0 1 0 0 
0 0 0 1 0 0 0 1 1 1 0 0 0 0 0 
0 0 0 0 0 0 0 0 0 1 0 0 0 1 0 
OpenStacks: 8
Took 7.06 seconds

buffer: HS problem 1667 size 15 15 density  0.20
numCustomers: 15
numProducts: 15
0 1 0 0 0 1 0 0 1 0 0 1 0 0 0 
0 1 0 1 0 0 1 0 0 0 0 1 1 1 0 
1 0 0 0 0 1 0 0 0 0 0 0 1 0 0 
0 0 0 0 1 0 1 1 1 1 0 1 0 0 0 
0 0 0 0 0 0 0 0 0 0 1 0 0 0 1 
1 0 0 0 0 0 1 0 0 0 0 1 0 0 0 
0 1 0 0 1 0 0 0 0 0 0 0 0 1 0 
0 0 0 0 0 0 0 0 0 1 0 0 0 0 0 
0 0 0 1 0 0 1 0 0 0 1 1 0 0 0 
0 0 0 0 0 1 0 0 0 0 0 1 0 0 0 
0 0 0 0 0 0 0 0 0 0 1 0 0 1 1 
0 0 1 0 0 0 0 0 0 0 0 0 1 1 0 
1 0 0 0 0 0 0 0 0 0 0 0 1 0 0 
0 0 0 0 0 0 0 1 0 0 0 0 0 0 0 
1 1 1 0 1 1 0 1 0 1 1 0 0 1 0 
Best Sequence: 
14 10 9 7 11 8 6 3 4 13 5 12 2 1 0 
0 0 0 0 1 1 0 0 0 0 1 0 0 1 0 
0 0 0 0 1 0 1 1 0 1 0 1 0 1 0 
0 0 0 0 0 0 0 0 0 0 1 1 0 0 1 
0 0 1 1 1 1 1 0 1 0 0 0 0 0 0 
1 1 0 0 0 0 0 0 0 0 0 0 0 0 0 
0 0 0 0 1 0 1 0 0 0 0 0 0 0 1 
0 0 0 0 0 0 0 0 1 1 0 0 0 1 0 
0 0 1 0 0 0 0 0 0 0 0 0 0 0 0 
0 1 0 0 1 0 1 1 0 0 0 0 0 0 0 
0 0 0 0 1 0 0 0 0 0 1 0 0 0 0 
1 1 0 0 0 0 0 0 0 1 0 0 0 0 0 
0 0 0 0 0 0 0 0 0 1 0 1 1 0 0 
0 0 0 0 0 0 0 0 0 0 0 1 0 0 1 
0 0 0 1 0 0 0 0 0 0 0 0 0 0 0 
0 1 1 1 0 0 0 0 1 1 1 0 1 1 1 
OpenStacks: 8
Took 7.09 seconds

buffer: HS problem 1668 size 15 15 density  0.20
numCustomers: 15
numProducts: 15
0 0 1 0 0 0 0 0 0 0 0 1 0 0 0 
1 0 0 0 0 0 0 0 0 0 0 0 0 0 0 
0 1 0 1 0 0 0 0 0 0 0 0 0 0 0 
0 1 1 0 0 0 1 1 0 0 1 1 1 1 1 
0 0 0 0 0 0 1 0 0 1 0 1 1 0 1 
1 0 0 0 0 1 0 0 1 0 0 0 1 1 0 
0 0 0 1 0 0 0 0 0 0 0 0 1 0 0 
0 1 0 1 0 0 0 1 0 0 1 0 0 0 0 
0 0 0 0 0 1 0 0 0 0 0 0 1 0 0 
0 0 0 0 0 0 0 0 0 0 0 0 0 1 1 
0 0 0 0 0 1 0 1 0 0 1 0 1 0 0 
0 1 0 0 1 0 0 0 0 0 0 1 0 0 0 
0 0 0 0 1 0 1 0 0 0 0 0 0 0 0 
0 0 0 0 0 0 0 0 1 0 0 0 1 0 1 
1 1 0 0 0 0 0 0 1 0 1 0 0 0 0 
Best Sequence: 
14 13 12 5 8 10 7 3 1 11 9 6 4 2 0 
0 0 0 0 0 0 0 0 0 1 0 0 0 1 0 
0 0 0 0 0 0 0 0 0 0 0 0 0 0 1 
0 0 0 0 0 0 0 1 1 0 0 0 0 0 0 
1 1 1 0 0 1 1 0 1 1 0 1 0 1 0 
1 0 1 0 0 0 0 0 0 1 1 1 0 0 0 
0 1 1 1 1 0 0 0 0 0 0 0 0 0 1 
0 0 1 0 0 0 0 1 0 0 0 0 0 0 0 
0 0 0 0 0 1 1 1 1 0 0 0 0 0 0 
0 0 1 1 0 0 0 0 0 0 0 0 0 0 0 
1 1 0 0 0 0 0 0 0 0 0 0 0 0 0 
0 0 1 1 0 1 1 0 0 0 0 0 0 0 0 
0 0 0 0 0 0 0 0 1 1 0 0 1 0 0 
0 0 0 0 0 0 0 0 0 0 0 1 1 0 0 
1 0 1 0 1 0 0 0 0 0 0 0 0 0 0 
0 0 0 0 1 1 0 0 1 0 0 0 0 0 1 
OpenStacks: 7
Took 7.1 seconds

buffer: HS problem 1669 size 15 15 density  0.20
numCustomers: 15
numProducts: 15
0 0 1 0 0 0 0 0 0 1 0 0 1 0 0 
1 0 0 0 0 0 0 0 0 0 0 0 0 1 1 
0 0 1 0 0 0 0 1 1 0 0 0 0 0 0 
1 0 1 0 0 0 0 1 1 0 0 0 0 0 0 
0 0 0 0 1 0 0 0 0 0 1 0 0 0 1 
0 0 0 1 0 0 0 0 0 1 0 0 0 0 0 
1 0 0 1 0 0 1 1 0 0 1 0 0 0 0 
0 1 0 1 1 0 0 0 0 0 0 1 0 1 0 
0 0 0 0 0 0 0 0 0 0 0 1 1 1 1 
1 0 0 0 0 1 0 0 1 0 0 0 0 0 0 
0 0 0 0 1 0 0 0 0 0 0 0 0 0 0 
0 1 0 1 1 1 0 1 1 1 0 0 0 0 0 
0 0 0 0 0 1 0 0 0 0 0 0 1 0 0 
0 0 0 0 1 1 0 1 1 0 0 0 0 1 0 
0 0 0 0 1 0 0 1 0 0 0 1 1 0 0 
Best Sequence: 
8 7 2 0 5 12 9 3 14 13 11 10 6 4 1 
0 0 1 0 0 1 1 0 0 0 0 0 0 0 0 
0 0 0 1 0 0 0 0 1 1 0 0 0 0 0 
1 1 1 0 0 0 0 0 0 0 0 0 0 0 0 
1 1 1 1 0 0 0 0 0 0 0 0 0 0 0 
0 0 0 0 0 0 0 0 1 0 0 1 0 1 0 
0 0 0 0 0 0 1 1 0 0 0 0 0 0 0 
0 1 0 1 0 0 0 1 0 0 0 1 1 0 0 
0 0 0 0 0 0 0 1 0 1 1 0 0 1 1 
0 0 0 0 0 1 0 0 1 1 1 0 0 0 0 
1 0 0 1 1 0 0 0 0 0 0 0 0 0 0 
0 0 0 0 0 0 0 0 0 0 0 0 0 1 0 
1 1 0 0 1 0 1 1 0 0 0 0 0 1 1 
0 0 0 0 1 1 0 0 0 0 0 0 0 0 0 
1 1 0 0 1 0 0 0 0 1 0 0 0 1 0 
0 1 0 0 0 1 0 0 0 0 1 0 0 1 0 
OpenStacks: 8
Took 7.12 seconds

buffer: HS problem 1670 size 15 15 density  0.20
numCustomers: 15
numProducts: 15
0 0 0 0 0 1 0 0 0 0 0 1 0 0 1 
0 0 1 1 0 0 0 1 1 1 1 0 0 0 0 
0 1 0 0 1 1 0 0 0 1 0 0 0 0 1 
0 0 0 1 0 1 0 0 0 0 0 0 0 1 1 
0 0 0 0 0 0 0 1 0 0 0 0 0 1 0 
1 0 0 0 0 1 1 1 0 0 0 0 0 1 0 
0 0 1 0 0 0 1 1 0 0 0 0 1 0 1 
0 0 1 0 0 0 0 0 1 0 0 0 0 1 0 
0 0 1 0 0 0 0 0 0 1 0 0 0 0 0 
0 0 0 0 0 0 0 0 0 0 0 1 0 1 0 
0 0 0 0 0 1 0 1 0 0 0 0 0 0 1 
1 0 0 0 1 0 0 0 0 0 1 0 0 0 1 
0 0 0 0 1 0 1 0 0 1 0 0 1 0 1 
0 0 1 0 1 0 0 0 0 0 0 0 0 0 0 
0 0 1 0 1 0 0 0 0 0 1 1 0 0 0 
Best Sequence: 
13 11 7 14 12 10 5 9 8 6 4 3 2 1 0 
0 1 0 1 0 0 1 0 0 0 0 0 0 0 0 
0 0 1 0 0 1 0 1 1 0 0 1 1 0 0 
0 0 0 1 0 0 1 1 0 0 1 0 0 1 0 
1 0 0 1 0 0 1 0 0 0 0 1 0 0 0 
1 0 1 0 0 0 0 0 0 0 0 0 0 0 0 
1 0 1 0 0 0 1 0 0 1 0 0 0 0 1 
0 0 1 1 1 0 0 0 0 1 0 0 1 0 0 
1 0 0 0 0 0 0 0 1 0 0 0 1 0 0 
0 0 0 0 0 0 0 1 0 0 0 0 1 0 0 
1 1 0 0 0 0 0 0 0 0 0 0 0 0 0 
0 0 1 1 0 0 1 0 0 0 0 0 0 0 0 
0 0 0 1 0 1 0 0 0 0 1 0 0 0 1 
0 0 0 1 1 0 0 1 0 1 1 0 0 0 0 
0 0 0 0 0 0 0 0 0 0 1 0 1 0 0 
0 1 0 0 0 1 0 0 0 0 1 0 1 0 0 
OpenStacks: 11
Took 7.14 seconds

buffer: HS problem 1671 size 15 15 density  0.20
numCustomers: 15
numProducts: 15
0 1 0 1 0 0 0 1 0 1 0 1 0 1 0 
0 0 0 0 0 0 0 1 0 0 0 0 1 0 0 
0 1 0 1 0 0 0 1 0 0 1 0 0 0 0 
0 0 0 0 0 0 1 0 0 1 1 0 1 0 1 
0 0 0 0 0 0 1 1 0 1 1 0 0 0 0 
0 0 1 1 1 1 1 0 0 0 0 0 0 1 0 
0 0 0 0 1 0 0 1 0 0 0 0 0 0 0 
0 0 0 1 0 0 0 0 0 0 0 0 1 0 0 
0 0 0 1 0 1 0 1 0 1 0 0 0 1 0 
1 0 1 0 0 0 0 0 0 0 0 1 0 0 1 
0 0 0 1 0 0 0 1 0 0 1 0 0 0 0 
0 0 0 1 0 0 0 1 1 1 0 1 0 1 0 
0 0 0 1 0 0 0 1 0 0 0 0 1 1 0 
1 0 0 0 0 0 0 0 0 0 0 0 0 0 0 
0 0 0 0 0 0 0 0 0 0 1 0 0 0 1 
Best Sequence: 
7 4 10 9 6 14 13 12 11 8 5 3 2 1 0 
1 0 0 1 0 0 1 0 1 0 0 1 0 1 0 
1 0 0 0 0 0 0 1 0 0 0 0 0 0 0 
1 0 1 0 0 0 0 0 0 0 0 1 0 1 0 
0 0 1 1 1 1 0 1 0 0 0 0 0 0 0 
1 0 1 1 1 0 0 0 0 0 0 0 0 0 0 
0 1 0 0 1 0 1 0 0 0 1 1 1 0 0 
1 1 0 0 0 0 0 0 0 0 0 0 0 0 0 
0 0 0 0 0 0 0 1 0 0 0 1 0 0 0 
1 0 0 1 0 0 1 0 0 0 1 1 0 0 0 
0 0 0 0 0 1 0 0 1 0 0 0 1 0 1 
1 0 1 0 0 0 0 0 0 0 0 1 0 0 0 
1 0 0 1 0 0 1 0 1 1 0 1 0 0 0 
1 0 0 0 0 0 1 1 0 0 0 1 0 0 0 
0 0 0 0 0 0 0 0 0 0 0 0 0 0 1 
0 0 1 0 0 1 0 0 0 0 0 0 0 0 0 
OpenStacks: 11
Took 7.11 seconds

buffer: HS problem 1672 size 15 15 density  0.20
numCustomers: 15
numProducts: 15
1 1 1 0 0 1 0 0 0 0 0 0 0 1 0 
0 0 1 0 0 0 0 0 0 0 0 0 0 1 0 
0 0 0 0 0 0 1 0 1 1 0 0 0 0 0 
0 0 0 0 0 0 0 0 1 0 0 0 0 0 0 
1 0 0 1 0 0 1 0 0 0 0 0 1 1 1 
0 1 0 0 0 0 0 1 0 1 0 0 0 0 0 
0 1 0 0 0 0 0 0 0 0 0 0 0 0 0 
0 0 0 0 1 0 1 0 0 1 0 0 0 0 0 
0 0 0 0 0 1 0 0 0 0 1 0 0 0 0 
0 1 0 0 0 0 0 0 0 1 0 0 0 1 0 
0 0 0 0 0 1 1 0 0 0 0 0 0 1 1 
0 0 1 0 1 0 0 0 1 0 0 0 0 1 1 
0 0 1 1 0 1 0 0 0 0 0 1 0 0 0 
0 0 0 0 0 0 1 0 0 1 0 0 0 0 0 
0 0 0 0 1 0 0 0 1 1 0 1 1 0 0 
Best Sequence: 
9 6 14 12 4 8 11 10 5 13 7 3 2 1 0 
0 0 0 0 0 0 0 0 1 1 0 0 1 1 1 
0 0 0 0 0 0 0 0 0 1 0 0 1 0 0 
1 1 0 0 0 1 0 0 0 0 0 0 0 0 0 
0 0 0 0 0 1 0 0 0 0 0 0 0 0 0 
0 1 1 1 0 0 0 0 0 1 0 1 0 0 1 
1 0 0 0 0 0 0 0 0 0 1 0 0 1 0 
0 0 0 0 0 0 0 0 0 0 0 0 0 1 0 
1 1 0 0 1 0 0 0 0 0 0 0 0 0 0 
0 0 0 0 0 0 0 1 1 0 0 0 0 0 0 
1 0 0 0 0 0 0 0 0 1 0 0 0 1 0 
0 1 1 0 0 0 0 0 1 1 0 0 0 0 0 
0 0 1 0 1 1 0 0 0 1 0 0 1 0 0 
0 0 0 0 0 0 1 0 1 0 0 1 1 0 0 
1 1 0 0 0 0 0 0 0 0 0 0 0 0 0 
1 0 0 1 1 1 1 0 0 0 0 0 0 0 0 
OpenStacks: 8
Took 7.06 seconds

buffer: HS problem 1673 size 15 15 density  0.20
numCustomers: 15
numProducts: 15
1 0 0 0 1 0 1 1 0 1 0 0 0 0 0 
0 0 1 1 0 0 0 0 0 0 0 0 1 0 0 
0 0 0 0 0 1 0 0 0 1 0 0 0 1 0 
0 0 0 0 0 0 0 0 1 0 0 1 0 0 0 
0 0 0 0 0 0 0 0 0 1 0 0 0 0 0 
0 0 0 0 0 0 1 0 1 0 0 0 0 0 0 
0 0 0 0 0 0 0 0 0 0 0 1 0 0 0 
0 0 1 0 0 0 0 0 0 0 0 1 0 0 0 
0 1 0 0 1 0 1 1 1 0 0 0 0 1 0 
1 0 0 0 0 0 0 0 0 1 1 1 0 0 0 
0 0 0 0 0 0 0 1 0 1 0 1 0 0 0 
0 0 1 0 0 0 1 0 1 1 0 0 0 1 0 
1 1 1 0 0 0 0 0 0 1 0 0 0 0 0 
0 1 0 0 1 1 1 0 0 1 0 1 0 0 1 
0 1 0 0 0 1 0 0 1 0 0 0 0 0 0 
Best Sequence: 
14 11 12 3 2 9 13 10 7 5 8 6 4 1 0 
0 0 0 0 0 1 0 0 1 0 0 1 1 0 1 
0 0 1 1 1 0 0 0 0 0 0 0 0 0 0 
0 0 0 0 0 1 1 0 0 1 0 0 0 0 0 
0 1 0 0 0 0 0 0 0 0 1 0 0 0 0 
0 0 0 0 0 1 0 0 0 0 0 0 0 0 0 
0 0 0 0 0 0 0 0 0 0 1 1 0 0 0 
0 1 0 0 0 0 0 0 0 0 0 0 0 0 0 
0 1 0 0 1 0 0 0 0 0 0 0 0 0 0 
0 0 0 0 0 0 1 0 1 0 1 1 1 1 0 
0 1 0 0 0 1 0 1 0 0 0 0 0 0 1 
0 1 0 0 0 1 0 0 1 0 0 0 0 0 0 
0 0 0 0 1 1 1 0 0 0 1 1 0 0 0 
0 0 0 0 1 1 0 0 0 0 0 0 0 1 1 
1 1 0 0 0 1 0 0 0 1 0 1 1 1 0 
0 0 0 0 0 0 0 0 0 1 1 0 0 1 0 
OpenStacks: 9
Took 7.05 seconds

buffer: HS problem 1674 size 15 15 density  0.20
numCustomers: 15
numProducts: 15
1 0 0 0 0 0 1 0 0 0 0 0 0 0 1 
1 0 0 0 0 0 1 0 0 0 0 1 0 0 0 
0 1 0 1 1 0 0 0 0 0 1 0 0 0 0 
0 0 1 0 0 0 1 0 0 0 1 1 1 1 0 
1 0 0 0 0 0 0 0 0 0 0 0 0 1 0 
0 1 0 0 0 0 1 1 1 0 0 0 1 1 0 
0 0 1 1 1 0 0 0 0 0 0 0 1 0 0 
0 0 0 0 0 0 0 1 0 0 0 0 0 0 0 
0 0 0 1 0 1 0 0 0 0 0 0 0 1 0 
0 0 1 0 0 0 0 0 0 1 0 0 0 0 0 
0 0 0 0 0 0 0 1 1 0 0 0 0 0 0 
1 0 0 0 0 0 0 0 1 0 0 0 0 0 1 
0 0 0 0 0 0 1 0 0 0 0 0 1 0 0 
1 0 0 0 0 0 0 0 0 1 0 0 0 0 0 
0 0 0 1 0 0 0 1 1 0 0 1 0 0 0 
Best Sequence: 
7 8 10 4 3 1 11 14 12 6 13 5 9 2 0 
0 0 0 0 0 0 0 1 0 1 0 0 0 0 1 
0 0 0 0 0 0 1 0 0 1 0 0 0 0 1 
0 0 1 1 1 1 0 0 0 0 0 0 0 0 0 
0 0 1 0 0 0 1 0 1 1 1 0 0 1 0 
0 0 0 0 0 0 0 0 0 0 1 0 0 0 1 
1 1 0 0 0 1 0 0 1 1 1 0 0 0 0 
0 0 0 1 1 0 0 0 1 0 0 0 0 1 0 
1 0 0 0 0 0 0 0 0 0 0 0 0 0 0 
0 0 0 0 1 0 0 0 0 0 1 1 0 0 0 
0 0 0 0 0 0 0 0 0 0 0 0 1 1 0 
1 1 0 0 0 0 0 0 0 0 0 0 0 0 0 
0 1 0 0 0 0 0 1 0 0 0 0 0 0 1 
0 0 0 0 0 0 0 0 1 1 0 0 0 0 0 
0 0 0 0 0 0 0 0 0 0 0 0 1 0 1 
1 1 0 0 1 0 1 0 0 0 0 0 0 0 0 
OpenStacks: 8
Took 7.05 seconds

buffer: HS problem 1675 size 15 15 density  0.20
numCustomers: 15
numProducts: 15
0 0 0 0 0 1 1 0 0 0 0 1 0 0 0 
0 0 1 0 0 0 0 0 0 0 0 1 1 0 0 
0 1 0 0 0 0 1 1 0 1 1 0 0 0 0 
0 0 0 0 0 0 0 0 0 0 1 1 0 0 0 
0 0 0 0 0 0 0 0 0 0 0 0 1 0 0 
0 0 1 0 0 0 0 0 0 0 0 0 1 1 0 
0 0 0 0 0 0 0 0 1 0 0 0 0 1 0 
0 0 0 1 0 0 1 0 0 0 0 0 0 1 0 
0 0 0 0 0 0 0 0 1 0 0 0 1 0 0 
0 1 0 1 1 1 0 0 1 1 1 0 0 0 1 
0 0 0 0 0 0 0 0 0 0 0 1 0 0 1 
0 0 0 0 0 1 0 0 0 0 0 0 0 0 1 
0 1 0 0 1 0 0 0 1 0 0 0 0 0 1 
0 0 0 0 0 0 0 0 0 0 0 0 1 0 1 
1 0 0 0 0 0 1 0 0 0 0 0 0 0 0 
Best Sequence: 
12 8 13 2 14 5 11 10 9 7 6 4 3 1 0 
0 0 0 0 0 1 1 0 0 0 1 0 0 0 0 
1 0 0 1 0 0 1 0 0 0 0 0 0 0 0 
0 0 0 0 0 0 0 1 1 1 1 0 0 1 0 
0 0 0 0 0 0 1 1 0 0 0 0 0 0 0 
1 0 0 0 0 0 0 0 0 0 0 0 0 0 0 
1 0 1 1 0 0 0 0 0 0 0 0 0 0 0 
0 1 1 0 0 0 0 0 0 0 0 0 0 0 0 
0 0 1 0 0 0 0 0 0 0 1 0 1 0 0 
1 1 0 0 0 0 0 0 0 0 0 0 0 0 0 
0 1 0 0 1 1 0 1 1 0 0 1 1 1 0 
0 0 0 0 1 0 1 0 0 0 0 0 0 0 0 
0 0 0 0 1 1 0 0 0 0 0 0 0 0 0 
0 1 0 0 1 0 0 0 0 0 0 1 0 1 0 
1 0 0 0 1 0 0 0 0 0 0 0 0 0 0 
0 0 0 0 0 0 0 0 0 0 1 0 0 0 1 
OpenStacks: 7
Took 7.03 seconds

buffer: HS problem 1676 size 15 15 density  0.20
numCustomers: 15
numProducts: 15
0 0 0 0 0 0 0 0 1 0 0 0 0 0 0 
1 0 0 0 0 1 1 0 1 0 0 0 0 0 0 
0 1 0 0 0 0 0 1 1 0 0 0 0 0 0 
0 0 1 0 0 1 0 0 0 0 0 1 1 0 0 
0 1 0 0 0 0 0 0 0 0 0 0 0 0 0 
0 0 1 0 0 0 0 0 1 1 0 0 1 1 0 
1 0 0 0 0 0 1 0 0 0 1 0 0 0 1 
0 0 0 0 0 0 0 0 0 0 0 0 1 1 0 
0 0 1 1 0 0 0 0 0 0 1 0 0 0 0 
0 0 0 0 0 0 0 0 0 0 0 0 0 1 1 
0 0 1 0 1 0 0 0 0 0 0 0 0 0 0 
0 1 0 0 0 0 0 0 0 0 1 0 0 0 1 
0 0 0 0 0 0 0 0 0 0 0 0 0 0 1 
0 0 0 0 1 0 0 0 0 0 0 0 0 0 0 
0 0 0 1 0 0 0 0 0 0 0 0 1 0 1 
Best Sequence: 
14 13 12 11 10 9 3 2 5 4 8 7 6 1 0 
0 0 0 0 0 0 0 0 0 0 1 0 0 0 0 
0 0 0 0 0 0 0 0 1 0 1 0 1 0 1 
0 0 0 0 0 0 0 0 0 0 1 1 0 1 0 
0 0 1 1 0 0 0 1 1 0 0 0 0 0 0 
0 0 0 0 0 0 0 0 0 0 0 0 0 1 0 
0 1 1 0 0 1 0 1 0 0 1 0 0 0 0 
1 0 0 0 1 0 0 0 0 0 0 0 1 0 1 
0 1 1 0 0 0 0 0 0 0 0 0 0 0 0 
0 0 0 0 1 0 1 1 0 0 0 0 0 0 0 
1 1 0 0 0 0 0 0 0 0 0 0 0 0 0 
0 0 0 0 0 0 0 1 0 1 0 0 0 0 0 
1 0 0 0 1 0 0 0 0 0 0 0 0 1 0 
1 0 0 0 0 0 0 0 0 0 0 0 0 0 0 
0 0 0 0 0 0 0 0 0 1 0 0 0 0 0 
1 0 1 0 0 0 1 0 0 0 0 0 0 0 0 
OpenStacks: 6
Took 6.97 seconds

buffer: HS problem 1677 size 15 15 density  0.20
numCustomers: 15
numProducts: 15
0 0 0 1 0 0 0 0 0 0 0 0 1 0 0 
0 0 0 0 0 0 0 0 0 0 1 0 0 1 0 
0 0 0 0 1 0 1 1 0 0 0 0 0 0 1 
0 1 0 1 0 0 1 0 1 0 0 0 0 0 1 
0 0 0 0 1 0 0 0 0 1 0 0 0 0 1 
0 0 0 0 0 0 0 0 0 0 0 0 0 1 0 
0 1 1 0 0 0 0 0 0 0 0 0 1 0 1 
0 0 0 0 0 0 1 0 0 0 1 0 1 1 1 
0 0 1 0 0 1 1 0 0 1 1 1 0 0 0 
0 0 0 0 1 0 0 1 0 0 1 0 0 0 0 
0 0 0 0 0 0 0 0 0 0 0 0 1 0 0 
1 1 0 0 0 0 0 0 1 0 1 0 0 0 1 
0 0 1 0 0 0 1 1 0 1 0 0 0 1 0 
0 0 0 0 0 0 0 0 0 1 0 0 0 1 1 
1 0 1 1 1 0 0 0 1 1 0 0 1 1 0 
Best Sequence: 
13 10 7 4 14 9 12 11 8 6 5 3 2 1 0 
0 0 0 0 0 0 1 0 0 0 0 1 0 0 0 
1 1 0 0 0 0 0 0 0 0 0 0 0 0 0 
0 0 1 1 1 0 0 0 0 1 0 0 0 0 0 
0 0 0 0 1 0 0 0 1 1 0 1 0 1 0 
0 0 0 1 1 1 0 0 0 0 0 0 0 0 0 
1 0 0 0 0 0 0 0 0 0 0 0 0 0 0 
0 0 0 0 1 0 1 0 0 0 0 0 1 1 0 
1 1 0 0 1 0 1 0 0 1 0 0 0 0 0 
0 1 0 0 0 1 0 1 0 1 1 0 1 0 0 
0 1 1 1 0 0 0 0 0 0 0 0 0 0 0 
0 0 0 0 0 0 1 0 0 0 0 0 0 0 0 
0 1 0 0 1 0 0 0 1 0 0 0 0 1 1 
1 0 1 0 0 1 0 0 0 1 0 0 1 0 0 
1 0 0 0 1 1 0 0 0 0 0 0 0 0 0 
1 0 0 1 0 1 1 0 1 0 0 1 1 0 1 
OpenStacks: 10
Took 7.15 seconds

buffer: HS problem 1678 size 15 15 density  0.20
numCustomers: 15
numProducts: 15
0 0 0 0 0 0 1 0 0 0 0 1 0 0 0 
0 0 1 0 0 0 1 0 0 0 0 0 0 0 1 
0 0 0 1 0 0 0 0 1 0 0 0 0 0 0 
0 0 0 0 0 0 0 0 0 1 0 1 1 0 0 
0 0 0 0 1 0 1 0 0 1 0 0 0 0 0 
0 0 0 0 1 0 0 0 0 1 0 0 0 0 0 
1 0 0 0 0 0 1 0 0 0 0 0 0 0 0 
0 0 1 1 0 1 0 1 0 0 0 0 0 0 0 
1 1 0 0 0 0 0 0 0 0 0 0 0 1 0 
0 0 1 1 0 0 0 0 0 0 1 0 0 0 0 
1 0 0 0 0 0 0 0 0 0 1 0 0 0 0 
0 0 1 0 0 0 0 0 0 1 0 0 1 0 0 
0 1 0 0 0 0 0 0 0 0 0 1 0 1 1 
0 0 0 1 0 0 1 1 0 0 0 1 0 0 0 
1 0 0 0 0 0 0 0 0 0 0 0 0 0 1 
Best Sequence: 
12 9 4 11 6 2 14 8 3 10 13 7 5 1 0 
0 0 0 1 1 0 0 0 0 0 0 0 0 0 0 
0 0 0 0 1 1 1 0 0 0 0 0 0 0 0 
0 0 0 0 0 0 0 1 1 0 0 0 0 0 0 
1 1 0 1 0 0 0 0 0 0 0 0 0 0 0 
0 1 1 0 1 0 0 0 0 0 0 0 0 0 0 
0 1 1 0 0 0 0 0 0 0 0 0 0 0 0 
0 0 0 0 1 0 0 0 0 0 0 0 0 0 1 
0 0 0 0 0 1 0 0 1 0 0 1 1 0 0 
0 0 0 0 0 0 0 0 0 0 1 0 0 1 1 
0 0 0 0 0 1 0 0 1 1 0 0 0 0 0 
0 0 0 0 0 0 0 0 0 1 0 0 0 0 1 
1 1 0 0 0 1 0 0 0 0 0 0 0 0 0 
0 0 0 1 0 0 1 0 0 0 1 0 0 1 0 
0 0 0 1 1 0 0 0 1 0 0 1 0 0 0 
0 0 0 0 0 0 1 0 0 0 0 0 0 0 1 
OpenStacks: 7
Took 7.02 seconds

buffer: HS problem 1679 size 15 15 density  0.20
numCustomers: 15
numProducts: 15
0 0 1 1 1 0 0 1 0 0 0 0 1 0 0 
0 0 0 0 1 0 0 0 0 0 0 0 0 0 1 
0 0 0 1 0 0 0 0 1 1 1 0 0 0 0 
0 0 0 1 0 0 0 0 0 0 0 0 1 0 1 
0 0 0 0 0 1 0 0 1 1 0 1 0 0 0 
0 0 0 0 0 0 0 1 0 0 1 0 0 0 1 
0 0 0 0 0 0 0 0 1 0 0 0 1 0 0 
0 0 0 1 1 0 0 0 0 0 0 0 1 0 0 
0 0 0 0 1 1 0 0 0 0 0 0 0 1 1 
0 0 0 1 0 1 0 0 0 0 0 0 1 0 0 
0 1 0 0 0 1 0 0 0 0 0 0 0 1 1 
1 0 1 0 0 0 0 0 1 0 0 0 0 1 0 
0 0 0 0 0 1 1 1 1 0 0 0 0 0 0 
0 0 1 0 0 0 0 0 0 1 0 0 0 1 0 
0 0 0 0 0 0 0 0 1 0 0 0 1 1 0 
Best Sequence: 
14 10 7 4 12 3 8 13 11 9 6 5 2 1 0 
0 0 1 1 1 1 0 0 0 0 0 0 1 0 0 
1 0 0 1 0 0 0 0 0 0 0 0 0 0 0 
0 1 0 0 0 1 1 0 0 1 0 0 0 0 0 
1 0 0 0 1 1 0 0 0 0 0 0 0 0 0 
0 0 0 0 0 0 1 0 1 1 0 1 0 0 0 
1 1 1 0 0 0 0 0 0 0 0 0 0 0 0 
0 0 0 0 1 0 1 0 0 0 0 0 0 0 0 
0 0 0 1 1 1 0 0 0 0 0 0 0 0 0 
1 0 0 1 0 0 0 1 0 0 0 1 0 0 0 
0 0 0 0 1 1 0 0 0 0 0 1 0 0 0 
1 0 0 0 0 0 0 1 0 0 0 1 0 1 0 
0 0 0 0 0 0 1 1 0 0 0 0 1 0 1 
0 0 1 0 0 0 1 0 0 0 1 1 0 0 0 
0 0 0 0 0 0 0 1 0 1 0 0 1 0 0 
0 0 0 0 1 0 1 1 0 0 0 0 0 0 0 
OpenStacks: 10
Took 7.08 seconds

buffer: HS problem 1680 size 15 15 density  0.20
numCustomers: 15
numProducts: 15
1 0 0 1 0 1 0 0 1 0 0 0 0 0 0 
0 0 0 0 0 0 0 1 1 0 0 0 0 1 1 
0 0 0 0 0 0 0 0 0 0 0 1 0 0 0 
1 0 0 0 0 0 0 0 0 0 0 0 0 1 0 
0 0 1 0 0 0 0 1 0 1 0 0 0 0 1 
0 0 0 0 0 0 0 0 0 0 1 0 0 0 0 
0 0 0 0 0 0 0 0 0 0 1 1 0 0 0 
0 0 0 0 0 0 0 0 0 0 0 0 0 0 1 
0 0 0 1 1 0 1 0 0 1 0 1 0 1 0 
0 0 0 0 0 0 0 0 0 1 0 0 0 1 0 
1 0 1 0 1 0 0 0 0 0 0 0 0 0 0 
0 1 0 0 1 1 0 1 0 1 0 0 0 0 0 
0 0 0 0 0 0 0 0 0 0 0 0 1 1 0 
1 0 1 0 0 0 0 1 0 0 1 0 1 0 0 
0 0 0 1 0 0 0 1 1 0 0 0 0 0 1 
Best Sequence: 
11 10 14 13 12 9 8 7 6 5 4 3 2 1 0 
0 0 0 0 0 0 1 0 0 1 0 1 0 0 1 
0 0 1 1 0 0 1 1 0 0 0 0 0 0 0 
1 0 0 0 0 0 0 0 0 0 0 0 0 0 0 
0 0 0 1 0 0 0 0 0 0 0 0 0 0 1 
0 0 1 0 0 1 0 1 0 0 0 0 1 0 0 
0 1 0 0 0 0 0 0 0 0 0 0 0 0 0 
1 1 0 0 0 0 0 0 0 0 0 0 0 0 0 
0 0 1 0 0 0 0 0 0 0 0 0 0 0 0 
1 0 0 1 0 1 0 0 1 0 1 1 0 0 0 
0 0 0 1 0 1 0 0 0 0 0 0 0 0 0 
0 0 0 0 0 0 0 0 0 0 1 0 1 0 1 
0 0 0 0 0 1 0 1 0 1 1 0 0 1 0 
0 0 0 1 1 0 0 0 0 0 0 0 0 0 0 
0 1 0 0 1 0 0 1 0 0 0 0 1 0 1 
0 0 1 0 0 0 1 1 0 0 0 1 0 0 0 
OpenStacks: 8
Took 7.05 seconds

buffer: HS problem 1681 size 15 15 density  0.20
numCustomers: 15
numProducts: 15
0 0 1 1 0 0 1 0 0 0 0 0 0 0 0 
0 1 0 1 0 1 0 0 0 1 0 0 0 0 0 
1 0 1 0 1 1 1 0 0 0 0 0 0 0 0 
0 0 1 0 0 0 0 0 0 0 0 0 0 0 0 
0 0 0 0 0 0 1 1 1 0 0 1 0 0 0 
1 0 0 0 0 0 1 0 0 0 0 0 0 0 0 
0 1 0 1 0 0 0 0 0 0 0 1 0 0 0 
0 0 0 0 0 0 0 1 0 0 0 1 0 0 0 
0 0 0 0 0 0 1 0 1 0 1 0 0 0 1 
0 0 0 1 0 1 0 1 0 1 1 0 1 0 0 
0 0 0 1 1 1 0 0 0 0 0 0 0 1 0 
0 1 0 0 0 1 0 1 0 0 0 0 1 0 0 
1 0 0 0 0 1 0 0 0 0 0 0 1 0 1 
0 0 0 0 0 0 1 0 1 0 0 0 0 1 0 
0 1 0 1 0 0 1 0 0 1 0 0 1 0 1 
Best Sequence: 
11 7 12 5 1 3 14 9 13 10 8 6 4 2 0 
0 0 0 0 0 1 0 0 0 0 0 1 0 1 0 
0 0 0 1 1 1 0 1 0 0 0 0 0 0 0 
0 0 0 1 0 0 0 0 0 0 0 1 1 1 1 
0 0 0 0 0 0 0 0 0 0 0 0 0 1 0 
1 1 0 0 0 0 0 0 0 0 1 1 0 0 0 
0 0 0 0 0 0 0 0 0 0 0 1 0 0 1 
1 0 0 0 1 1 0 0 0 0 0 0 0 0 0 
1 1 0 0 0 0 0 0 0 0 0 0 0 0 0 
0 0 0 0 0 0 1 0 0 1 1 1 0 0 0 
0 1 1 1 0 1 0 1 0 1 0 0 0 0 0 
0 0 0 1 0 1 0 0 1 0 0 0 1 0 0 
0 1 1 1 1 0 0 0 0 0 0 0 0 0 0 
0 0 1 1 0 0 1 0 0 0 0 0 0 0 1 
0 0 0 0 0 0 0 0 1 0 1 1 0 0 0 
0 0 1 0 1 1 1 1 0 0 0 1 0 0 0 
OpenStacks: 9
Took 7.14 seconds

buffer: HS problem 1682 size 15 15 density  0.20
numCustomers: 15
numProducts: 15
0 1 0 1 0 0 0 0 1 0 0 0 0 0 0 
1 0 1 0 0 1 0 0 0 0 0 0 0 0 0 
1 0 0 0 0 0 1 0 1 1 0 0 0 1 0 
1 0 0 0 1 0 0 0 0 0 0 0 1 0 0 
0 0 1 0 0 1 0 0 1 0 0 0 1 0 0 
0 0 0 0 0 0 0 0 0 1 0 0 0 0 1 
0 1 0 0 0 0 0 0 1 0 1 1 1 1 0 
0 1 0 0 0 0 0 0 0 0 1 0 0 0 0 
0 0 0 0 1 0 0 0 0 0 0 0 1 0 0 
0 0 0 0 0 0 0 1 0 0 0 0 1 0 0 
0 0 0 0 0 0 0 0 0 0 0 0 1 0 1 
0 0 0 0 0 0 0 0 0 0 0 0 1 0 0 
0 0 0 0 0 0 1 0 0 1 1 0 0 0 0 
0 1 0 0 0 0 0 0 0 1 0 0 1 0 1 
0 1 0 0 1 0 0 0 0 0 0 1 0 0 0 
Best Sequence: 
12 14 13 7 9 10 6 11 4 8 1 5 3 2 0 
0 0 0 0 0 0 0 0 0 1 1 0 1 0 0 
0 0 0 0 0 0 0 0 0 0 0 1 0 1 1 
0 0 1 0 1 0 1 0 0 1 0 0 0 0 1 
1 0 0 0 0 0 0 0 1 0 0 0 0 0 1 
1 0 0 0 0 0 0 0 0 1 0 1 0 1 0 
0 1 0 0 1 0 0 0 0 0 0 0 0 0 0 
1 0 1 0 0 1 0 1 0 1 1 0 0 0 0 
0 0 0 0 0 1 0 0 0 0 1 0 0 0 0 
1 0 0 0 0 0 0 0 1 0 0 0 0 0 0 
1 0 0 1 0 0 0 0 0 0 0 0 0 0 0 
1 1 0 0 0 0 0 0 0 0 0 0 0 0 0 
1 0 0 0 0 0 0 0 0 0 0 0 0 0 0 
0 0 0 0 1 1 1 0 0 0 0 0 0 0 0 
1 1 0 0 1 0 0 0 0 0 1 0 0 0 0 
0 0 0 0 0 0 0 1 1 0 1 0 0 0 0 
OpenStacks: 8
Took 7.03 seconds

buffer: HS problem 1683 size 15 15 density  0.20
numCustomers: 15
numProducts: 15
0 0 1 0 0 0 1 1 0 0 1 0 1 1 1 
0 0 1 0 0 0 0 0 0 0 0 0 1 1 0 
0 1 1 0 1 1 1 0 0 0 0 0 0 0 0 
1 1 0 0 0 0 1 0 0 1 0 0 0 0 0 
0 0 0 0 0 0 1 0 0 0 0 0 1 1 0 
0 0 0 0 0 1 0 0 0 1 0 1 0 0 0 
0 0 0 0 0 0 0 0 0 0 0 1 0 0 1 
0 0 1 0 0 0 1 1 0 0 0 0 0 0 0 
0 0 0 0 0 0 0 0 0 1 0 0 1 0 0 
1 0 0 0 0 0 0 0 0 1 0 0 0 0 1 
0 0 0 0 0 0 0 0 0 0 0 1 0 1 0 
0 0 1 0 0 0 0 1 0 0 0 1 1 0 0 
0 0 0 0 1 0 1 0 0 0 0 0 1 0 0 
0 1 0 0 1 0 0 0 1 0 0 0 1 0 0 
0 0 0 1 0 0 0 1 0 0 0 1 1 0 1 
Best Sequence: 
7 6 2 12 4 13 11 14 10 9 8 5 3 1 0 
1 1 1 1 0 1 0 1 1 0 0 0 0 0 0 
0 0 1 1 0 1 0 0 0 0 0 0 0 0 0 
0 1 1 0 1 0 0 0 0 0 0 1 0 1 0 
0 1 0 0 0 0 0 0 0 1 0 0 0 1 1 
0 1 0 1 0 1 0 0 0 0 0 0 0 0 0 
0 0 0 0 0 0 1 0 0 1 0 1 0 0 0 
0 0 0 0 0 0 1 1 0 0 0 0 0 0 0 
1 1 1 0 0 0 0 0 0 0 0 0 0 0 0 
0 0 0 1 0 0 0 0 0 1 0 0 0 0 0 
0 0 0 0 0 0 0 1 0 1 0 0 0 0 1 
0 0 0 0 0 1 1 0 0 0 0 0 0 0 0 
1 0 1 1 0 0 1 0 0 0 0 0 0 0 0 
0 1 0 1 1 0 0 0 0 0 0 0 0 0 0 
0 0 0 1 1 0 0 0 0 0 1 0 0 1 0 
1 0 0 1 0 0 1 1 0 0 0 0 1 0 0 
OpenStacks: 10
Took 7.12 seconds

buffer: HS problem 1684 size 15 15 density  0.20
numCustomers: 15
numProducts: 15
0 0 0 0 0 0 1 0 0 0 0 1 0 1 1 
0 0 0 0 0 0 0 0 0 0 0 0 1 0 1 
0 0 0 1 0 0 0 0 0 1 0 0 0 0 0 
0 0 1 0 0 1 0 1 0 0 0 1 0 0 0 
1 0 1 0 0 0 0 0 0 0 0 0 0 0 0 
0 0 1 0 0 1 0 0 1 0 0 0 0 1 0 
0 0 0 0 0 0 1 0 0 0 0 0 0 0 0 
0 1 0 0 0 0 0 0 0 0 1 0 0 0 0 
0 0 1 1 0 1 0 0 0 1 1 0 0 0 1 
0 0 0 0 0 1 0 0 0 1 1 0 0 0 1 
0 0 0 0 0 0 0 0 0 0 0 0 0 1 0 
0 0 1 0 1 0 0 1 0 1 0 1 0 0 0 
1 0 0 0 0 1 0 0 1 0 0 0 0 0 0 
0 0 0 1 0 0 0 0 0 0 0 0 1 1 0 
0 0 0 1 1 0 0 1 0 0 0 0 0 0 0 
Best Sequence: 
13 14 12 3 9 6 11 10 7 4 8 5 2 1 0 
1 1 0 0 0 1 1 0 0 0 0 0 0 0 0 
0 1 1 0 0 0 0 0 0 0 0 0 0 0 0 
0 0 0 1 1 0 0 0 0 0 0 0 0 0 0 
0 0 0 0 0 0 1 0 1 0 0 1 1 0 0 
0 0 0 0 0 0 0 0 0 0 0 0 1 0 1 
1 0 0 0 0 0 0 0 0 0 1 1 1 0 0 
0 0 0 0 0 1 0 0 0 0 0 0 0 0 0 
0 0 0 0 0 0 0 1 0 0 0 0 0 1 0 
0 1 0 1 1 0 0 1 0 0 0 1 1 0 0 
0 1 0 0 1 0 0 1 0 0 0 1 0 0 0 
1 0 0 0 0 0 0 0 0 0 0 0 0 0 0 
0 0 0 0 1 0 1 0 1 1 0 0 1 0 0 
0 0 0 0 0 0 0 0 0 0 1 1 0 0 1 
1 0 1 1 0 0 0 0 0 0 0 0 0 0 0 
0 0 0 1 0 0 0 0 1 1 0 0 0 0 0 
OpenStacks: 7
Took 7.05 seconds

buffer: HS problem 1685 size 15 15 density  0.20
numCustomers: 15
numProducts: 15
0 1 0 0 0 0 0 0 0 1 0 1 0 0 0 
0 0 0 1 0 0 1 0 0 0 0 0 0 0 0 
0 0 0 0 0 0 1 1 0 0 0 0 0 0 0 
0 0 1 1 0 1 0 0 0 0 0 0 0 0 0 
0 0 1 0 1 0 1 0 0 0 0 0 0 1 0 
0 0 1 0 0 0 0 0 0 0 0 0 0 0 0 
0 1 0 0 0 1 0 0 0 0 0 0 0 0 0 
0 1 0 0 0 0 0 0 0 0 0 0 0 1 0 
0 0 0 0 0 0 0 0 0 0 0 0 1 0 0 
0 1 0 1 0 0 1 0 1 0 1 0 1 1 1 
0 0 1 0 1 0 0 0 0 0 1 1 1 0 0 
1 0 0 0 0 0 0 0 0 0 1 0 0 1 0 
0 0 0 0 0 0 0 1 0 1 0 0 1 0 0 
0 1 0 1 1 0 0 0 0 1 0 0 0 1 0 
0 0 0 0 1 0 1 0 0 0 0 0 0 0 0 
Best Sequence: 
14 12 7 6 4 11 9 3 2 10 13 8 5 1 0 
0 0 0 0 0 1 1 0 0 0 0 0 0 1 0 
0 0 0 1 0 0 0 1 0 0 0 0 0 0 0 
0 0 1 1 0 0 0 0 0 0 0 0 0 0 0 
0 0 0 0 0 0 0 1 1 0 0 0 1 0 0 
0 0 0 1 1 0 0 0 1 0 1 0 0 0 0 
0 0 0 0 0 0 0 0 1 0 0 0 0 0 0 
0 0 0 0 0 0 0 0 0 0 0 0 1 1 0 
0 0 0 0 0 0 0 0 0 0 1 0 0 1 0 
0 1 0 0 0 0 0 0 0 0 0 0 0 0 0 
1 1 0 1 0 0 0 1 0 1 1 1 0 1 0 
0 1 0 0 1 1 0 0 1 1 0 0 0 0 0 
0 0 0 0 0 0 0 0 0 1 1 0 0 0 1 
0 1 1 0 0 0 1 0 0 0 0 0 0 0 0 
0 0 0 0 1 0 1 1 0 0 1 0 0 1 0 
0 0 0 1 1 0 0 0 0 0 0 0 0 0 0 
OpenStacks: 7
Took 7.04 seconds

buffer: HS problem 1686 size 15 15 density  0.20
numCustomers: 15
numProducts: 15
0 0 0 0 1 0 0 1 0 0 0 0 0 0 0 
0 0 0 0 0 0 0 0 0 0 1 0 0 0 0 
0 0 0 0 1 0 0 1 1 1 0 0 0 0 0 
1 1 0 0 0 0 0 0 0 0 0 1 0 0 0 
0 0 0 0 0 0 0 0 0 1 0 0 0 0 0 
1 0 0 0 0 0 1 0 0 0 1 0 0 0 0 
0 1 1 0 0 0 0 1 0 0 0 0 0 1 0 
0 0 0 1 0 0 1 0 0 0 0 0 0 0 1 
0 0 1 0 1 0 0 1 0 1 0 0 1 1 0 
0 0 0 0 0 0 0 1 0 0 0 1 1 0 0 
1 0 0 0 0 0 0 0 0 1 1 0 0 0 0 
0 0 0 0 1 1 1 0 0 0 0 0 0 0 1 
1 0 0 0 0 0 0 0 0 0 0 1 0 0 1 
0 0 0 0 0 0 0 0 1 1 1 0 1 0 0 
0 0 0 0 0 0 0 1 0 0 0 0 0 0 1 
Best Sequence: 
7 4 14 13 6 5 12 3 11 2 1 10 9 8 0 
1 1 0 0 0 0 0 0 0 0 0 0 0 0 0 
0 0 0 0 0 0 0 0 0 0 0 1 0 0 0 
1 1 0 0 0 0 0 0 0 0 0 0 1 1 0 
0 0 0 0 0 0 0 0 1 0 1 0 0 0 1 
0 0 0 0 0 0 0 0 0 0 0 0 1 0 0 
0 0 0 0 1 0 0 0 0 0 0 1 0 0 1 
1 0 0 1 0 0 0 0 0 1 1 0 0 0 0 
0 0 1 0 1 0 0 1 0 0 0 0 0 0 0 
1 1 0 1 0 0 1 0 0 1 0 0 1 0 0 
1 0 0 0 0 0 1 0 1 0 0 0 0 0 0 
0 0 0 0 0 0 0 0 0 0 0 1 1 0 1 
0 1 1 0 1 1 0 0 0 0 0 0 0 0 0 
0 0 1 0 0 0 0 0 1 0 0 0 0 0 1 
0 0 0 0 0 0 1 0 0 0 0 1 1 1 0 
1 0 1 0 0 0 0 0 0 0 0 0 0 0 0 
OpenStacks: 8
Took 7.03 seconds

buffer: HS problem 1687 size 15 15 density  0.20
numCustomers: 15
numProducts: 15
0 1 0 0 0 0 0 0 0 0 1 0 0 1 1 
0 0 0 0 0 1 0 0 0 0 0 0 0 1 0 
0 0 0 0 0 0 0 0 0 0 0 0 1 0 0 
0 0 0 0 0 0 0 0 0 0 0 1 0 0 0 
0 0 0 0 0 1 0 1 0 0 0 1 0 0 0 
0 0 0 0 0 0 0 1 1 0 0 0 0 1 0 
0 0 1 0 0 0 1 0 0 0 0 0 0 0 1 
0 0 0 0 0 0 0 1 0 0 0 0 0 0 0 
0 0 0 1 0 0 0 1 1 0 0 0 0 0 0 
0 0 1 0 1 0 0 1 0 0 0 0 0 1 0 
0 1 1 0 1 0 0 0 1 1 0 0 0 0 1 
0 1 1 0 1 0 0 0 0 0 1 1 0 1 0 
1 0 0 0 0 1 1 0 0 0 0 0 0 1 0 
0 0 0 0 0 0 0 0 1 0 0 0 0 0 0 
0 0 0 1 0 0 0 0 0 0 0 0 0 0 0 
Best Sequence: 
8 7 3 11 5 13 14 12 10 9 6 4 2 1 0 
0 0 0 0 0 1 1 0 1 0 0 0 0 1 0 
0 0 0 0 1 1 0 0 0 0 0 0 0 0 0 
0 0 0 0 0 0 0 1 0 0 0 0 0 0 0 
0 0 0 1 0 0 0 0 0 0 0 0 0 0 0 
0 1 0 1 1 0 0 0 0 0 0 0 0 0 0 
1 1 0 0 0 1 0 0 0 0 0 0 0 0 0 
0 0 0 0 0 0 1 0 0 0 1 0 1 0 0 
0 1 0 0 0 0 0 0 0 0 0 0 0 0 0 
1 1 1 0 0 0 0 0 0 0 0 0 0 0 0 
0 1 0 0 0 1 0 0 0 0 0 1 1 0 0 
1 0 0 0 0 0 1 0 0 1 0 1 1 1 0 
0 0 0 1 0 1 0 0 1 0 0 1 1 1 0 
0 0 0 0 1 1 0 0 0 0 1 0 0 0 1 
1 0 0 0 0 0 0 0 0 0 0 0 0 0 0 
0 0 1 0 0 0 0 0 0 0 0 0 0 0 0 
OpenStacks: 7
Took 7 seconds

buffer: HS problem 1688 size 15 15 density  0.20
numCustomers: 15
numProducts: 15
0 0 0 0 0 1 0 0 0 1 1 0 0 0 0 
0 1 0 0 0 0 0 0 0 0 0 1 0 0 0 
0 0 0 1 0 0 1 0 0 0 0 1 0 1 0 
0 0 0 1 1 0 1 0 0 0 1 0 0 1 0 
0 1 0 0 0 0 0 0 0 0 1 0 0 0 0 
0 0 1 0 0 1 1 1 0 0 0 0 0 0 0 
0 0 0 0 1 0 0 0 0 0 1 0 0 0 1 
0 0 0 0 0 0 0 1 0 0 0 0 0 0 0 
0 0 0 0 0 1 0 0 0 0 0 0 0 0 0 
0 0 1 0 0 0 0 0 0 1 0 1 0 0 1 
0 0 0 0 0 1 0 0 0 1 0 0 0 0 0 
0 0 0 0 0 0 0 0 0 1 0 0 1 1 1 
1 0 1 0 0 0 0 1 0 0 0 0 0 0 0 
1 0 0 0 0 0 0 0 0 0 0 0 1 0 0 
0 0 1 0 0 0 1 1 1 0 0 0 0 1 1 
Best Sequence: 
5 9 10 14 4 13 6 3 12 11 8 2 7 1 0 
1 1 1 0 0 0 0 0 0 0 0 0 0 0 0 
0 0 0 0 0 0 0 0 0 1 0 0 0 1 0 
0 0 0 0 0 1 1 1 0 1 0 0 0 0 0 
0 0 1 0 1 1 1 1 0 0 0 0 0 0 0 
0 0 1 0 0 0 0 0 0 0 0 0 0 1 0 
1 0 0 0 0 0 1 0 0 0 0 1 1 0 0 
0 0 1 1 1 0 0 0 0 0 0 0 0 0 0 
0 0 0 0 0 0 0 0 0 0 0 0 1 0 0 
1 0 0 0 0 0 0 0 0 0 0 0 0 0 0 
0 1 0 1 0 0 0 0 0 1 0 1 0 0 0 
1 1 0 0 0 0 0 0 0 0 0 0 0 0 0 
0 1 0 1 0 1 0 0 1 0 0 0 0 0 0 
0 0 0 0 0 0 0 0 0 0 0 1 1 0 1 
0 0 0 0 0 0 0 0 1 0 0 0 0 0 1 
0 0 0 1 0 1 1 0 0 0 1 1 1 0 0 
OpenStacks: 7
Took 7.04 seconds

buffer: HS problem 1689 size 15 15 density  0.20
numCustomers: 15
numProducts: 15
0 0 1 1 0 1 0 0 0 1 0 0 1 0 0 
0 1 1 0 1 0 0 0 1 1 0 0 0 0 0 
1 0 0 0 1 0 0 0 1 0 0 1 1 0 0 
0 0 1 1 0 0 0 0 0 0 0 0 0 0 0 
0 0 0 1 0 0 0 0 0 0 0 0 1 0 0 
1 1 0 0 0 0 0 0 0 0 1 1 0 1 0 
0 0 0 0 0 0 1 0 1 0 0 0 0 1 0 
0 0 0 0 0 0 1 0 0 1 0 1 0 0 0 
0 0 0 0 1 0 0 0 0 0 0 1 0 1 0 
0 0 0 0 0 0 0 0 0 0 0 0 0 0 1 
0 0 0 0 0 0 0 0 0 0 0 0 1 0 0 
0 1 0 0 1 0 0 0 0 0 1 0 0 0 0 
1 1 0 0 1 0 1 1 0 0 0 0 0 0 1 
0 0 0 0 0 0 0 0 1 0 0 1 1 0 0 
0 0 0 1 0 0 0 0 1 0 1 1 1 1 1 
Best Sequence: 
12 3 2 9 5 11 8 6 14 13 10 7 4 1 0 
1 1 1 1 1 0 0 0 0 0 0 0 0 0 0 
0 0 1 1 0 0 1 0 0 0 0 0 1 1 0 
1 0 0 0 0 1 1 0 0 0 0 0 1 0 1 
0 1 1 0 0 0 0 0 0 0 0 0 0 0 0 
1 1 0 0 0 0 0 0 0 0 0 0 0 0 0 
0 0 0 0 0 1 0 0 0 1 1 0 0 1 1 
0 0 0 0 0 0 1 1 0 1 0 0 0 0 0 
0 0 0 1 0 1 0 1 0 0 0 0 0 0 0 
0 0 0 0 0 1 0 0 0 1 0 0 1 0 0 
0 0 0 0 0 0 0 0 1 0 0 0 0 0 0 
1 0 0 0 0 0 0 0 0 0 0 0 0 0 0 
0 0 0 0 0 0 0 0 0 0 1 0 1 1 0 
0 0 0 0 0 0 0 1 1 0 0 1 1 1 1 
1 0 0 0 0 1 1 0 0 0 0 0 0 0 0 
1 1 0 0 0 1 1 0 1 1 1 0 0 0 0 
OpenStacks: 8
Took 7.11 seconds

buffer: HS problem 1690 size 15 15 density  0.20
numCustomers: 15
numProducts: 15
0 0 0 0 1 0 0 0 1 1 0 0 0 0 1 
0 1 0 1 0 1 0 0 0 0 0 1 0 1 0 
1 0 0 0 0 1 0 0 0 0 0 0 0 0 1 
0 0 0 0 0 0 0 0 1 0 1 0 0 0 0 
0 1 0 0 0 0 0 1 1 0 0 1 0 0 1 
0 0 0 1 0 0 0 1 0 1 0 0 0 0 0 
0 1 0 0 0 0 1 0 1 0 0 0 1 0 0 
0 0 1 1 0 1 0 0 0 1 0 0 0 0 1 
0 0 0 0 0 1 1 0 0 1 1 0 0 0 0 
0 1 0 0 0 0 0 1 0 1 0 0 0 0 0 
0 0 0 0 0 1 0 1 0 1 0 0 1 1 1 
1 0 1 0 0 0 1 1 0 1 0 0 1 0 0 
0 0 0 0 0 0 0 1 1 1 0 0 0 1 1 
0 0 1 0 0 0 1 1 0 1 1 1 0 0 0 
0 0 0 0 0 0 0 1 0 0 0 1 0 0 0 
Best Sequence: 
11 7 9 3 14 13 5 2 12 10 8 6 4 1 0 
0 0 1 0 1 0 0 0 0 0 1 0 1 0 0 
1 0 0 1 0 1 1 0 0 0 0 0 0 1 0 
0 0 0 0 1 0 1 0 0 0 0 0 0 0 1 
0 0 0 0 0 0 0 0 0 1 1 0 0 0 0 
1 1 0 0 1 0 0 0 0 0 1 0 0 1 0 
0 1 1 1 0 0 0 0 0 0 0 0 0 0 0 
0 0 0 0 0 0 0 0 1 0 1 1 0 1 0 
0 0 1 1 1 0 1 1 0 0 0 0 0 0 0 
0 0 1 0 0 0 1 0 0 1 0 1 0 0 0 
0 1 1 0 0 0 0 0 0 0 0 0 0 1 0 
0 1 1 0 1 1 1 0 1 0 0 0 0 0 0 
0 1 1 0 0 0 0 1 1 0 0 1 0 0 1 
0 1 1 0 1 1 0 0 0 0 1 0 0 0 0 
1 1 1 0 0 0 0 1 0 1 0 1 0 0 0 
1 1 0 0 0 0 0 0 0 0 0 0 0 0 0 
OpenStacks: 11
Took 7.18 seconds

buffer: HS problem 1691 size 15 15 density  0.20
numCustomers: 15
numProducts: 15
0 0 0 1 0 0 1 0 0 0 0 1 0 0 0 
0 0 0 0 0 0 0 0 1 0 0 0 1 1 0 
0 0 1 1 0 1 0 1 1 1 0 1 0 0 1 
0 1 1 1 0 1 0 0 0 0 0 1 1 0 1 
1 0 1 0 0 0 0 0 0 1 1 0 0 0 0 
0 0 1 1 0 1 0 0 0 1 1 0 1 0 0 
0 0 0 0 1 0 1 0 0 0 0 0 0 0 1 
0 0 0 0 0 0 0 0 0 1 0 0 0 0 1 
0 0 1 0 0 0 0 0 1 0 0 1 0 0 0 
1 0 0 0 0 1 0 0 0 0 0 0 0 0 1 
0 0 0 0 0 0 1 0 0 1 0 0 0 0 0 
0 0 0 0 0 1 0 1 0 0 0 0 0 0 1 
0 1 0 0 1 0 1 0 0 0 0 0 0 0 0 
1 0 1 0 0 0 0 0 0 0 1 0 1 0 1 
0 0 0 0 0 0 1 1 0 1 1 1 0 0 0 
Best Sequence: 
6 4 1 11 3 13 12 8 10 2 9 7 14 5 0 
1 0 0 1 1 0 0 0 0 0 0 0 0 0 0 
0 0 0 0 0 1 1 1 0 0 0 0 0 0 0 
0 0 0 1 1 0 0 1 0 1 1 1 1 1 0 
0 0 1 1 1 0 1 0 0 1 0 0 1 1 0 
0 0 0 0 0 0 0 0 1 1 1 0 0 0 1 
0 0 0 0 1 0 1 0 1 1 1 0 0 1 0 
1 1 0 0 0 0 0 0 0 0 0 0 1 0 0 
0 0 0 0 0 0 0 0 0 0 1 0 1 0 0 
0 0 0 1 0 0 0 1 0 1 0 0 0 0 0 
0 0 0 0 0 0 0 0 0 0 0 0 1 1 1 
1 0 0 0 0 0 0 0 0 0 1 0 0 0 0 
0 0 0 0 0 0 0 0 0 0 0 1 1 1 0 
1 1 1 0 0 0 0 0 0 0 0 0 0 0 0 
0 0 0 0 0 0 1 0 1 1 0 0 1 0 1 
1 0 0 1 0 0 0 0 1 0 1 1 0 0 0 
OpenStacks: 9
Took 7.16 seconds

buffer: HS problem 1692 size 15 15 density  0.20
numCustomers: 15
numProducts: 15
0 0 0 1 0 0 0 0 1 0 0 0 1 0 0 
0 0 0 1 0 0 0 0 0 0 1 0 1 0 0 
0 0 1 0 0 1 0 0 0 0 0 0 0 1 1 
0 0 0 0 0 0 0 0 0 0 0 1 0 0 0 
0 0 0 0 0 0 0 0 0 0 0 0 0 1 0 
0 0 0 1 0 0 0 0 0 0 0 0 0 1 0 
0 0 1 0 0 1 0 0 0 0 0 0 1 0 0 
1 0 0 1 0 1 0 1 0 0 0 0 0 1 1 
0 0 0 0 0 0 1 0 0 1 0 0 0 0 0 
0 0 1 1 0 0 0 0 1 0 0 0 0 1 0 
1 0 0 0 0 0 0 0 0 0 0 0 1 0 0 
0 0 1 1 0 0 0 0 0 0 0 1 1 0 0 
0 0 0 1 0 0 0 0 1 1 0 0 0 0 0 
1 0 0 1 0 0 0 0 0 1 0 0 0 0 0 
0 1 0 0 1 0 0 0 0 1 1 0 0 0 0 
Best Sequence: 
14 13 5 2 12 11 0 3 10 9 8 7 6 4 1 
0 0 0 0 1 0 0 1 0 0 1 0 0 0 0 
0 0 0 0 1 0 0 1 1 0 0 0 0 0 0 
1 1 1 1 0 0 0 0 0 0 0 0 0 0 0 
0 0 0 0 0 1 0 0 0 0 0 0 0 0 0 
0 1 0 0 0 0 0 0 0 0 0 0 0 0 0 
0 1 0 0 0 0 0 1 0 0 0 0 0 0 0 
0 0 1 1 1 0 0 0 0 0 0 0 0 0 0 
1 1 1 0 0 0 1 1 0 0 0 1 0 0 0 
0 0 0 0 0 0 0 0 0 1 0 0 1 0 0 
0 1 0 1 0 0 0 1 0 0 1 0 0 0 0 
0 0 0 0 1 0 1 0 0 0 0 0 0 0 0 
0 0 0 1 1 1 0 1 0 0 0 0 0 0 0 
0 0 0 0 0 0 0 1 0 1 1 0 0 0 0 
0 0 0 0 0 0 1 1 0 1 0 0 0 0 0 
0 0 0 0 0 0 0 0 1 1 0 0 0 1 1 
OpenStacks: 8
Took 7.02 seconds

buffer: HS problem 1693 size 15 15 density  0.20
numCustomers: 15
numProducts: 15
0 0 0 0 1 0 0 1 1 0 0 0 0 0 0 
0 0 0 0 0 0 0 0 0 0 0 0 0 1 1 
1 0 0 1 0 0 0 0 0 0 0 1 0 1 0 
0 0 0 0 0 0 0 0 1 0 1 0 1 0 0 
1 0 0 0 1 0 1 1 0 0 0 0 1 0 0 
0 1 0 0 0 1 0 0 0 1 0 0 0 0 0 
0 0 0 0 1 0 1 0 0 0 0 1 0 0 0 
0 0 0 1 0 0 1 0 1 0 0 0 0 0 0 
1 0 0 0 0 0 0 0 0 0 0 0 0 0 0 
0 1 0 0 0 1 0 1 0 0 0 0 0 0 0 
0 0 0 0 0 1 0 0 0 0 1 0 0 0 0 
1 0 0 0 0 0 1 0 1 0 0 0 0 0 0 
0 0 0 0 0 0 1 0 0 0 0 0 1 0 0 
0 0 0 0 0 0 0 0 1 0 0 0 0 0 0 
0 0 1 0 1 0 0 0 0 0 0 0 0 0 0 
Best Sequence: 
9 5 1 10 8 7 12 6 4 11 14 13 3 2 0 
0 0 0 0 1 1 0 0 1 0 0 0 0 0 0 
0 0 0 0 0 0 0 0 0 0 1 1 0 0 0 
0 0 0 0 0 0 0 0 0 1 0 1 1 0 1 
0 0 0 1 1 0 1 0 0 0 0 0 0 0 0 
0 0 0 0 0 1 1 1 1 0 0 0 0 0 1 
1 1 1 0 0 0 0 0 0 0 0 0 0 0 0 
0 0 0 0 0 0 0 1 1 1 0 0 0 0 0 
0 0 0 0 1 0 0 1 0 0 0 0 1 0 0 
0 0 0 0 0 0 0 0 0 0 0 0 0 0 1 
0 1 1 0 0 1 0 0 0 0 0 0 0 0 0 
0 1 0 1 0 0 0 0 0 0 0 0 0 0 0 
0 0 0 0 1 0 0 1 0 0 0 0 0 0 1 
0 0 0 0 0 0 1 1 0 0 0 0 0 0 0 
0 0 0 0 1 0 0 0 0 0 0 0 0 0 0 
0 0 0 0 0 0 0 0 1 0 0 0 0 1 0 
OpenStacks: 6
Took 6.97 seconds

buffer: HS problem 1694 size 15 15 density  0.20
numCustomers: 15
numProducts: 15
0 1 1 1 0 1 0 1 0 0 0 0 0 0 0 
0 0 0 1 1 0 0 0 0 0 1 0 0 0 0 
0 0 0 1 1 0 0 0 0 1 0 1 0 0 0 
0 0 0 0 0 0 0 0 0 1 0 0 0 1 1 
0 0 0 1 0 0 0 0 0 0 0 0 0 0 0 
0 0 0 0 0 1 0 0 0 0 0 1 0 0 0 
1 0 1 1 0 0 0 0 1 0 0 0 1 1 0 
0 0 0 1 0 0 0 0 0 0 0 1 0 0 0 
0 1 0 0 0 0 0 0 0 0 0 0 0 0 0 
0 0 0 0 0 1 0 0 0 0 0 0 1 1 1 
0 0 0 1 1 1 0 0 0 0 0 0 0 0 1 
0 0 0 0 0 0 0 0 1 0 0 0 0 0 0 
0 0 0 1 0 0 1 0 0 1 0 0 0 0 1 
0 0 0 1 0 1 0 0 0 1 0 0 0 0 0 
0 0 0 1 0 1 1 0 0 0 0 1 0 0 0 
Best Sequence: 
13 10 4 11 9 14 13 12 8 7 6 5 2 0 49 
0 0 0 0 0 0 0 0 0 1 0 1 1 0 0 
0 1 1 0 0 0 0 0 0 0 0 0 0 0 0 
0 0 1 1 1 0 0 0 0 0 0 0 0 0 0 
1 0 0 0 1 1 1 0 0 0 0 0 0 0 0 
0 0 0 0 0 0 0 0 0 0 0 0 0 0 7 
0 0 0 1 0 0 0 0 0 0 0 1 0 0 0 
1 0 0 0 0 0 1 1 1 0 0 0 1 1 0 
0 0 0 1 0 0 0 0 0 0 0 0 0 0 0 
0 0 0 0 0 0 0 0 0 0 0 0 0 0 0 
1 0 0 0 0 1 1 1 0 0 0 1 0 0 0 
0 0 1 0 0 1 0 0 0 0 0 1 0 0 0 
0 0 0 0 0 0 0 0 1 0 0 0 0 0 0 
0 0 0 0 1 1 0 0 0 0 1 0 0 0 0 
0 0 0 0 1 0 0 0 0 0 0 1 0 0 0 
0 0 0 1 0 0 0 0 0 0 1 1 0 0 825688115 
OpenStacks: 9
Took 7.02 seconds

buffer: HS problem 1695 size 15 15 density  0.20
numCustomers: 15
numProducts: 15
1 0 0 1 0 1 1 0 0 0 0 0 0 0 0 
0 0 0 0 0 0 1 0 0 0 1 0 0 0 0 
0 0 0 0 0 0 0 0 0 0 0 0 1 0 0 
0 1 0 0 0 0 0 1 0 0 0 0 0 0 1 
0 0 1 0 1 0 0 0 0 0 0 0 0 0 0 
0 0 0 0 1 0 1 0 0 0 1 0 0 0 0 
0 1 0 0 1 0 0 0 1 1 0 0 0 1 0 
1 0 1 0 0 0 1 0 0 0 0 0 0 1 0 
0 0 0 0 0 1 1 0 0 0 0 0 0 1 0 
0 0 0 1 0 0 0 0 1 0 0 1 0 0 0 
1 0 0 1 0 0 1 0 0 0 1 0 0 0 0 
0 0 0 0 1 0 0 1 0 0 0 0 0 0 0 
1 0 1 1 0 1 0 1 0 1 0 0 0 1 0 
0 0 0 0 0 0 0 0 0 0 1 0 0 0 0 
0 0 0 0 1 1 1 0 0 0 0 0 1 0 0 
Best Sequence: 
12 14 7 1 4 2 13 11 9 8 3 6 5 10 0 
0 0 0 0 0 0 0 0 0 0 1 1 1 0 1 
0 0 0 0 0 0 0 0 0 0 0 1 0 1 0 
1 0 0 0 0 0 0 0 0 0 0 0 0 0 0 
0 1 1 1 0 0 0 0 0 0 0 0 0 0 0 
0 0 0 0 1 1 0 0 0 0 0 0 0 0 0 
0 0 0 0 1 0 0 0 0 0 0 1 0 1 0 
0 0 0 1 1 0 1 0 1 1 0 0 0 0 0 
0 0 0 0 0 1 1 0 0 0 0 1 0 0 1 
0 0 0 0 0 0 1 0 0 0 0 1 1 0 0 
0 0 0 0 0 0 0 1 0 1 1 0 0 0 0 
0 0 0 0 0 0 0 0 0 0 1 1 0 1 1 
0 0 1 0 1 0 0 0 0 0 0 0 0 0 0 
0 0 1 0 0 1 1 0 1 0 1 0 1 0 1 
0 0 0 0 0 0 0 0 0 0 0 0 0 1 0 
1 0 0 0 1 0 0 0 0 0 0 1 1 0 0 
OpenStacks: 8
Took 7.05 seconds

buffer: HS problem 1696 size 15 15 density  0.20
numCustomers: 15
numProducts: 15
0 0 1 0 0 1 0 0 0 0 0 0 0 1 1 
1 1 0 0 0 1 0 0 1 0 1 0 1 0 0 
1 0 0 1 0 0 0 1 1 0 1 1 0 0 0 
0 1 0 1 0 0 0 0 0 1 1 1 1 0 0 
1 0 0 0 0 0 1 1 1 0 1 0 0 1 0 
0 1 0 0 1 0 0 0 0 0 0 1 0 0 0 
0 0 1 0 0 1 1 1 0 0 0 1 0 1 0 
0 1 0 0 0 0 0 1 0 0 0 0 1 0 0 
0 0 0 0 1 0 1 1 1 0 0 0 0 0 0 
1 0 1 0 0 0 0 0 1 0 0 0 0 0 0 
1 0 0 0 0 1 0 0 0 1 0 0 0 0 0 
1 0 0 0 1 1 0 0 0 0 1 1 0 1 0 
0 0 0 0 0 0 0 0 0 1 1 0 0 0 0 
0 0 1 0 0 0 0 0 0 0 0 0 1 0 0 
0 0 0 0 1 0 0 1 1 0 0 0 0 1 0 
Best Sequence: 
8 7 6 4 14 13 11 1 12 10 2 9 5 3 0 
0 0 0 0 1 1 0 0 0 0 1 0 1 0 0 
1 0 0 0 0 0 0 1 1 1 0 0 1 0 1 
1 1 0 0 0 0 1 0 0 1 0 0 0 1 1 
0 0 0 0 0 0 1 1 1 1 0 1 0 1 0 
1 1 1 0 0 1 0 0 0 1 0 0 0 0 1 
0 0 0 1 0 0 1 1 0 0 0 0 0 0 0 
0 1 1 0 0 1 1 0 0 0 1 0 1 0 0 
0 1 0 0 0 0 0 1 1 0 0 0 0 0 0 
1 1 1 1 0 0 0 0 0 0 0 0 0 0 0 
1 0 0 0 0 0 0 0 0 0 1 0 0 0 1 
0 0 0 0 0 0 0 0 0 0 0 1 1 0 1 
0 0 0 1 0 1 1 0 0 1 0 0 1 0 1 
0 0 0 0 0 0 0 0 0 1 0 1 0 0 0 
0 0 0 0 0 0 0 0 1 0 1 0 0 0 0 
1 1 0 1 0 1 0 0 0 0 0 0 0 0 0 
OpenStacks: 10
Took 7.21 seconds

buffer: HS problem 1697 size 15 15 density  0.20
numCustomers: 15
numProducts: 15
0 0 1 0 0 1 1 0 1 1 1 0 1 0 0 
0 0 0 0 1 0 0 0 0 0 0 0 0 0 0 
0 0 0 0 0 0 0 1 1 0 0 0 0 0 0 
0 1 0 0 0 1 0 1 1 0 0 1 0 1 0 
1 0 0 1 0 0 0 0 0 1 1 0 0 1 0 
0 0 0 0 1 0 0 1 0 0 1 1 0 0 1 
0 0 0 0 0 0 0 0 0 1 1 0 0 0 0 
0 1 0 1 0 0 0 1 0 0 1 0 0 0 0 
1 0 0 0 0 0 0 0 0 0 0 0 0 0 0 
0 0 0 0 0 0 0 0 0 0 0 0 0 0 1 
0 0 0 0 1 0 1 0 0 0 1 0 0 0 0 
0 0 1 0 0 0 0 0 1 0 1 0 0 0 0 
0 0 0 1 1 0 0 0 0 0 0 0 0 0 1 
0 0 0 0 1 0 0 0 1 0 1 0 0 0 0 
0 0 1 0 0 0 0 0 0 0 1 0 1 0 0 
Best Sequence: 
14 4 3 10 9 13 12 11 6 8 7 5 2 1 0 
0 0 0 1 1 0 1 0 1 1 0 1 1 0 0 
0 1 0 0 0 0 0 0 0 0 0 0 0 0 0 
0 0 0 0 0 0 0 0 0 1 1 0 0 0 0 
0 0 0 0 0 1 0 1 0 1 1 1 0 1 0 
0 0 1 1 1 1 0 0 0 0 0 0 0 0 1 
1 1 0 1 0 0 0 1 0 0 1 0 0 0 0 
0 0 0 1 1 0 0 0 0 0 0 0 0 0 0 
0 0 1 1 0 0 0 0 0 0 1 0 0 1 0 
0 0 0 0 0 0 0 0 0 0 0 0 0 0 1 
1 0 0 0 0 0 0 0 0 0 0 0 0 0 0 
0 1 0 1 0 0 0 0 1 0 0 0 0 0 0 
0 0 0 1 0 0 0 0 0 1 0 0 1 0 0 
1 1 1 0 0 0 0 0 0 0 0 0 0 0 0 
0 1 0 1 0 0 0 0 0 1 0 0 0 0 0 
0 0 0 1 0 0 1 0 0 0 0 0 1 0 0 
OpenStacks: 9
Took 7.06 seconds

buffer: HS problem 1698 size 15 15 density  0.20
numCustomers: 15
numProducts: 15
0 0 0 0 0 0 0 0 0 1 0 0 0 0 1 
0 0 0 0 0 0 0 1 0 0 0 0 0 0 0 
1 1 0 0 0 0 0 0 0 0 0 0 1 0 0 
0 0 0 0 0 0 0 0 1 0 0 0 1 1 0 
0 0 0 0 0 1 0 0 0 0 0 0 0 0 1 
0 0 0 0 1 0 0 0 0 0 0 1 0 0 0 
0 0 1 0 1 0 0 0 0 0 1 0 0 0 0 
0 0 0 1 0 0 1 0 1 0 0 0 0 0 1 
1 0 0 0 0 0 0 0 0 0 1 0 0 0 1 
0 0 1 1 1 0 1 0 1 1 0 0 0 0 1 
0 0 0 0 1 0 0 1 0 1 1 0 0 0 0 
0 0 0 0 0 0 1 0 0 0 0 1 0 0 0 
0 0 0 0 0 0 0 1 0 0 0 0 0 0 1 
0 1 0 0 0 1 1 1 0 0 1 0 0 1 0 
0 0 0 0 0 0 0 0 1 0 0 0 0 1 0 
Best Sequence: 
14 9 5 7 11 6 10 4 13 8 12 3 2 1 0 
1 1 0 0 0 0 0 0 0 0 0 0 0 0 0 
0 0 0 1 0 0 0 0 0 0 0 0 0 0 0 
0 0 0 0 0 0 0 0 0 0 1 0 0 1 1 
0 0 0 0 0 0 0 0 1 1 1 0 0 0 0 
1 0 1 0 0 0 0 0 0 0 0 0 0 0 0 
0 0 0 0 1 0 0 1 0 0 0 0 0 0 0 
0 0 0 0 0 0 1 1 0 0 0 0 1 0 0 
1 0 0 0 0 1 0 0 0 1 0 1 0 0 0 
1 0 0 0 0 0 1 0 0 0 0 0 0 0 1 
1 1 0 0 0 1 0 1 0 1 0 1 1 0 0 
0 1 0 1 0 0 1 1 0 0 0 0 0 0 0 
0 0 0 0 1 1 0 0 0 0 0 0 0 0 0 
1 0 0 1 0 0 0 0 0 0 0 0 0 0 0 
0 0 1 1 0 1 1 0 1 0 0 0 0 1 0 
0 0 0 0 0 0 0 0 1 1 0 0 0 0 0 
OpenStacks: 7
Took 7.04 seconds

buffer: HS problem 1699 size 15 15 density  0.20
numCustomers: 15
numProducts: 15
0 0 0 0 0 0 1 0 0 0 0 0 0 1 0 
0 1 0 1 0 0 1 0 0 0 0 0 1 0 0 
0 1 0 0 1 0 0 0 0 0 0 0 0 0 1 
0 1 0 0 1 0 0 1 0 0 1 0 0 0 0 
1 1 0 0 0 0 1 1 0 0 0 0 0 0 0 
1 1 1 0 1 0 0 0 0 0 0 0 0 0 0 
1 0 0 0 1 1 0 0 0 0 0 0 0 0 0 
1 0 0 0 1 0 0 1 0 0 0 1 0 0 0 
0 0 0 0 0 1 0 0 0 0 0 1 0 0 0 
0 1 0 1 1 1 0 0 0 1 1 1 0 0 0 
1 0 0 0 1 1 0 0 0 0 0 0 0 0 0 
0 0 1 0 0 0 0 0 0 0 1 0 1 0 0 
0 0 1 1 0 0 0 0 0 0 0 0 0 1 0 
0 0 0 1 0 0 0 0 1 0 0 0 0 0 0 
0 0 0 0 0 0 0 0 1 0 0 0 0 0 0 
Best Sequence: 
8 3 13 12 2 10 6 14 1 4 11 9 7 5 0 
0 0 1 0 0 0 1 0 0 0 0 0 0 0 0 
0 1 0 1 0 0 1 0 1 0 0 0 0 0 0 
0 0 0 0 0 0 0 1 1 1 0 0 0 0 0 
0 0 0 0 0 1 0 0 1 1 0 0 1 0 0 
0 0 0 0 0 0 1 0 1 0 0 0 1 0 1 
0 0 0 0 1 0 0 0 1 1 0 0 0 0 1 
0 0 0 0 0 0 0 0 0 1 0 0 0 1 1 
0 0 0 0 0 0 0 0 0 1 1 0 1 0 1 
0 0 0 0 0 0 0 0 0 0 1 0 0 1 0 
0 1 0 0 0 1 0 0 1 1 1 1 0 1 0 
0 0 0 0 0 0 0 0 0 1 0 0 0 1 1 
0 0 0 1 1 1 0 0 0 0 0 0 0 0 0 
0 1 1 0 1 0 0 0 0 0 0 0 0 0 0 
1 1 0 0 0 0 0 0 0 0 0 0 0 0 0 
1 0 0 0 0 0 0 0 0 0 0 0 0 0 0 
OpenStacks: 8
Took 7.06 seconds

buffer: HS problem 1700 size 15 15 density  0.20
numCustomers: 15
numProducts: 15
0 0 0 0 0 1 0 0 0 1 0 0 1 0 0 
0 0 0 1 1 1 0 0 0 0 0 1 0 0 0 
0 0 0 0 0 1 0 0 0 0 1 0 0 0 0 
0 0 0 0 0 0 0 0 0 0 0 1 0 0 0 
0 0 0 0 1 0 0 0 0 0 0 0 0 0 1 
0 0 0 1 0 0 0 0 0 1 1 0 1 1 0 
0 0 0 0 0 0 0 1 0 1 0 1 0 0 1 
1 0 0 0 0 1 0 0 0 0 0 0 1 0 0 
0 0 0 0 0 0 1 0 0 0 0 0 0 1 0 
0 0 0 0 0 1 0 1 0 0 0 0 1 0 0 
0 0 1 0 0 0 1 0 0 0 0 0 0 0 1 
0 0 0 0 0 1 1 0 1 0 0 0 1 0 1 
0 0 0 0 0 0 1 0 0 0 0 0 1 0 0 
0 0 0 0 0 0 0 0 0 0 0 0 1 0 0 
1 1 0 0 0 1 0 1 1 0 0 0 0 0 1 
Best Sequence: 
12 10 5 9 11 7 14 13 8 6 4 3 2 1 0 
1 0 1 1 0 0 0 0 0 0 0 0 0 0 0 
0 0 1 0 1 0 0 0 0 0 1 1 0 0 0 
0 1 1 0 0 0 0 0 0 0 0 0 0 0 0 
0 0 0 0 1 0 0 0 0 0 0 0 0 0 0 
0 0 0 0 0 0 1 0 0 0 1 0 0 0 0 
1 1 0 1 0 0 0 1 0 0 0 1 0 0 0 
0 0 0 1 1 1 1 0 0 0 0 0 0 0 0 
1 0 1 0 0 0 0 0 0 0 0 0 0 0 1 
0 0 0 0 0 0 0 1 0 1 0 0 0 0 0 
1 0 1 0 0 1 0 0 0 0 0 0 0 0 0 
0 0 0 0 0 0 1 0 0 1 0 0 1 0 0 
1 0 1 0 0 0 1 0 1 1 0 0 0 0 0 
1 0 0 0 0 0 0 0 0 1 0 0 0 0 0 
1 0 0 0 0 0 0 0 0 0 0 0 0 0 0 
0 0 1 0 0 1 1 0 1 0 0 0 0 1 1 
OpenStacks: 9
Took 7.03 seconds

buffer: HS problem 1701 size 15 15 density  0.25
numCustomers: 15
numProducts: 15
0 0 0 0 1 1 0 0 1 0 1 0 0 0 0 
0 0 0 0 1 1 1 0 0 0 1 1 0 0 0 
0 1 0 1 0 1 1 1 0 0 0 0 0 0 0 
0 0 0 0 0 1 0 0 0 0 0 0 1 0 0 
0 0 0 0 0 0 0 1 0 1 0 0 0 0 0 
0 1 0 0 0 0 0 0 1 0 1 0 0 0 0 
1 0 1 1 0 0 1 0 0 0 0 0 0 0 1 
0 1 1 1 0 0 0 0 0 0 0 0 0 0 1 
0 0 0 1 0 0 0 0 0 0 0 1 0 0 0 
1 0 0 0 1 1 0 0 0 0 1 0 0 0 0 
1 0 1 0 0 0 1 1 1 0 0 1 0 0 1 
0 0 0 0 1 0 0 0 0 1 1 0 1 0 1 
0 0 0 1 0 0 0 0 0 0 0 0 0 0 0 
0 0 0 0 0 1 0 1 0 0 0 0 0 0 0 
1 0 0 0 1 0 0 0 0 0 0 1 0 1 1 
Best Sequence: 
12 5 7 10 9 8 4 1 14 13 11 6 3 2 0 
0 1 0 1 0 1 1 0 0 0 0 0 0 0 0 
0 1 0 1 0 0 1 0 0 0 1 1 0 0 0 
0 1 1 0 0 0 0 1 0 0 0 1 1 0 0 
1 1 0 0 0 0 0 0 0 0 0 0 0 0 0 
0 0 1 0 1 0 0 0 0 0 0 0 0 0 0 
0 0 0 1 0 1 0 1 0 0 0 0 0 0 0 
0 0 0 0 0 0 0 0 1 0 0 1 1 1 1 
0 0 0 0 0 0 0 1 1 0 0 0 1 1 0 
0 0 0 0 0 0 0 0 0 0 1 0 1 0 0 
0 1 0 1 0 0 1 0 0 0 0 0 0 0 1 
0 0 1 0 0 1 0 0 1 0 1 1 0 1 1 
1 0 0 1 1 0 1 0 1 0 0 0 0 0 0 
0 0 0 0 0 0 0 0 0 0 0 0 1 0 0 
0 1 1 0 0 0 0 0 0 0 0 0 0 0 0 
0 0 0 0 0 0 1 0 1 1 1 0 0 0 1 
OpenStacks: 8
Took 7.13 seconds

buffer: HS problem 1702 size 15 15 density  0.25
numCustomers: 15
numProducts: 15
0 0 0 0 0 0 0 1 1 0 0 1 0 1 0 
1 0 0 0 0 0 0 0 0 0 0 1 0 0 0 
0 0 0 1 0 1 0 0 1 0 1 1 1 0 0 
0 0 0 0 0 0 1 0 1 0 1 0 0 0 0 
1 1 0 0 0 1 0 1 0 0 0 0 1 0 0 
1 0 0 0 0 0 0 0 0 1 0 0 0 1 0 
1 0 1 0 0 0 1 0 1 0 1 1 0 0 0 
0 0 0 0 0 0 0 1 0 1 0 1 0 0 0 
0 0 0 1 0 0 0 0 1 0 1 1 0 1 0 
0 0 1 0 1 1 0 0 0 1 1 0 0 0 0 
0 0 1 0 0 1 0 0 0 0 0 0 0 0 1 
0 0 1 1 1 0 0 1 0 0 1 0 0 0 0 
0 0 1 0 0 0 0 0 0 0 1 0 0 0 1 
1 1 0 0 0 0 0 0 0 0 0 0 0 0 1 
1 1 0 1 1 1 0 0 1 0 0 1 0 1 0 
Best Sequence: 
10 8 6 14 2 12 5 7 4 3 11 13 9 1 0 
0 1 0 0 0 0 0 1 0 0 1 1 0 0 0 
0 0 0 0 0 0 0 0 0 0 1 0 0 0 1 
1 1 0 0 0 1 1 0 0 1 1 0 0 0 0 
1 1 1 0 0 0 0 0 0 0 0 0 0 0 0 
0 0 0 0 0 1 1 1 0 0 0 0 0 1 1 
0 0 0 0 0 0 0 0 0 0 0 1 1 0 1 
1 1 1 0 1 0 0 0 0 0 1 0 0 0 1 
0 0 0 0 0 0 0 1 0 0 1 0 1 0 0 
1 1 0 0 0 0 0 0 0 1 1 1 0 0 0 
1 0 0 0 1 0 1 0 1 0 0 0 1 0 0 
0 0 0 1 1 0 1 0 0 0 0 0 0 0 0 
1 0 0 0 1 0 0 1 1 1 0 0 0 0 0 
1 0 0 1 1 0 0 0 0 0 0 0 0 0 0 
0 0 0 1 0 0 0 0 0 0 0 0 0 1 1 
0 1 0 0 0 0 1 0 1 1 1 1 0 1 1 
OpenStacks: 10
Took 7.19 seconds

buffer: HS problem 1703 size 15 15 density  0.25
numCustomers: 15
numProducts: 15
1 1 0 0 0 1 0 1 0 0 1 0 0 0 0 
1 0 1 0 0 0 0 0 0 0 0 0 1 0 0 
0 0 0 0 0 0 1 1 0 0 1 0 0 0 0 
0 0 0 0 1 0 1 0 1 0 1 1 0 0 1 
0 1 0 0 1 1 0 0 1 0 1 0 0 0 0 
0 0 0 0 1 0 0 0 0 0 0 0 1 1 0 
0 0 0 0 0 1 0 0 0 0 1 0 0 0 0 
0 1 0 0 1 1 1 0 0 0 1 0 1 0 0 
0 0 0 0 0 1 0 0 0 0 1 1 0 0 0 
0 0 0 0 0 1 0 1 1 0 0 1 0 0 0 
0 0 0 1 0 1 1 0 0 0 1 0 1 0 0 
0 0 1 0 0 0 0 0 1 1 0 0 1 0 0 
1 0 0 0 0 0 0 0 0 0 0 0 0 1 0 
1 0 0 0 0 1 0 0 0 0 0 0 0 0 0 
0 1 1 0 0 0 0 0 0 1 1 1 1 1 0 
Best Sequence: 
14 11 10 7 6 5 8 13 4 12 9 3 2 1 0 
0 0 1 1 0 1 0 0 0 0 0 0 0 1 1 
0 0 0 0 0 0 0 0 0 1 0 0 1 0 1 
0 0 1 1 1 0 0 0 0 0 0 0 0 0 0 
1 1 1 0 1 0 1 0 1 0 0 0 0 0 0 
0 0 1 0 0 1 1 0 1 0 0 0 0 1 0 
0 0 0 0 0 0 0 1 1 1 0 0 0 0 0 
0 0 1 0 0 1 0 0 0 0 0 0 0 0 0 
0 0 1 0 1 1 0 0 1 1 0 0 0 1 0 
0 1 1 0 0 1 0 0 0 0 0 0 0 0 0 
0 1 0 1 0 1 1 0 0 0 0 0 0 0 0 
0 0 1 0 1 1 0 0 0 1 0 1 0 0 0 
0 0 0 0 0 0 1 0 0 1 1 0 1 0 0 
0 0 0 0 0 0 0 1 0 0 0 0 0 0 1 
0 0 0 0 0 1 0 0 0 0 0 0 0 0 1 
0 1 1 0 0 0 0 1 0 1 1 0 1 1 0 
OpenStacks: 10
Took 7.16 seconds

buffer: HS problem 1704 size 15 15 density  0.25
numCustomers: 15
numProducts: 15
0 0 0 1 0 1 0 0 0 0 1 0 0 0 0 
0 0 0 0 1 0 0 0 0 0 0 1 0 0 0 
0 0 0 0 0 0 0 0 1 1 0 1 0 0 0 
1 0 0 1 0 1 0 0 1 1 0 0 1 0 0 
0 0 0 0 1 0 1 0 1 0 0 0 0 0 0 
1 0 0 0 0 1 0 0 0 0 0 0 1 0 1 
0 1 0 0 0 0 0 0 0 1 0 0 1 0 1 
0 0 0 0 0 0 1 0 0 1 0 0 0 0 1 
0 0 0 0 0 0 0 0 0 1 0 0 1 1 0 
0 0 0 0 0 1 0 1 0 0 1 0 0 0 0 
0 0 0 0 0 1 0 0 0 1 0 1 1 0 0 
1 0 1 0 0 0 0 0 0 0 0 0 0 1 1 
0 0 0 0 0 0 0 0 1 1 0 1 0 0 0 
1 0 1 0 0 0 1 1 0 0 0 0 0 0 0 
0 0 0 0 0 0 0 0 0 1 0 0 0 0 0 
Best Sequence: 
9 11 8 14 13 12 6 4 10 7 5 3 2 1 0 
0 0 0 0 0 0 0 0 1 0 1 1 0 0 0 
0 1 0 0 0 0 0 1 0 0 0 0 0 0 0 
1 1 1 0 0 0 0 0 0 0 0 0 0 0 0 
1 0 1 0 0 1 0 0 0 0 1 1 0 0 1 
0 0 1 0 0 0 1 1 0 0 0 0 0 0 0 
0 0 0 1 0 1 0 0 0 0 1 0 0 0 1 
1 0 0 1 0 1 0 0 0 0 0 0 0 1 0 
1 0 0 1 0 0 1 0 0 0 0 0 0 0 0 
1 0 0 0 1 1 0 0 0 0 0 0 0 0 0 
0 0 0 0 0 0 0 0 1 1 1 0 0 0 0 
1 1 0 0 0 1 0 0 0 0 1 0 0 0 0 
0 0 0 1 1 0 0 0 0 0 0 0 1 0 1 
1 1 1 0 0 0 0 0 0 0 0 0 0 0 0 
0 0 0 0 0 0 1 0 0 1 0 0 1 0 1 
1 0 0 0 0 0 0 0 0 0 0 0 0 0 0 
OpenStacks: 9
Took 7.08 seconds

buffer: HS problem 1705 size 15 15 density  0.25
numCustomers: 15
numProducts: 15
0 0 1 0 0 0 0 0 0 0 0 0 1 0 1 
0 0 0 0 1 0 0 0 0 1 0 0 1 1 1 
0 0 0 0 0 0 0 1 1 0 1 0 0 0 0 
0 1 0 0 0 1 0 1 0 1 0 0 0 0 0 
0 0 0 1 0 1 0 0 1 0 0 1 1 0 0 
0 0 0 0 0 0 1 0 0 0 0 0 0 0 0 
0 0 0 0 0 0 0 0 0 0 0 1 0 0 0 
0 0 0 0 0 0 0 0 0 0 0 0 0 0 1 
1 0 1 1 0 0 0 1 1 0 0 0 0 0 0 
0 1 0 0 0 0 0 0 0 1 1 0 0 0 0 
1 0 0 1 0 0 0 0 0 1 0 0 0 0 0 
0 0 0 0 0 0 0 0 0 0 1 0 0 0 0 
1 0 0 1 0 0 0 0 0 0 0 0 0 0 0 
0 0 1 0 0 0 1 0 0 1 0 0 0 0 0 
0 0 0 0 0 1 0 1 0 0 0 1 0 0 0 
Best Sequence: 
11 10 8 7 5 14 13 12 2 6 9 4 3 1 0 
0 0 0 0 0 1 0 1 1 0 0 0 0 0 0 
0 0 0 0 0 1 1 1 0 0 1 1 0 0 0 
0 1 1 1 0 0 0 0 0 0 0 0 0 0 0 
0 0 0 1 1 0 0 0 0 0 1 0 0 1 0 
1 0 1 0 1 0 0 1 0 0 0 0 1 0 0 
0 0 0 0 0 0 0 0 0 1 0 0 0 0 0 
1 0 0 0 0 0 0 0 0 0 0 0 0 0 0 
0 0 0 0 0 1 0 0 0 0 0 0 0 0 0 
0 0 1 1 0 0 0 0 1 0 0 0 1 0 1 
0 1 0 0 0 0 0 0 0 0 1 0 0 1 0 
0 0 0 0 0 0 0 0 0 0 1 0 1 0 1 
0 1 0 0 0 0 0 0 0 0 0 0 0 0 0 
0 0 0 0 0 0 0 0 0 0 0 0 1 0 1 
0 0 0 0 0 0 0 0 1 1 1 0 0 0 0 
1 0 0 1 1 0 0 0 0 0 0 0 0 0 0 
OpenStacks: 7
Took 7.01 seconds

buffer: HS problem 1706 size 15 15 density  0.25
numCustomers: 15
numProducts: 15
0 0 1 0 0 0 1 0 0 0 0 0 0 1 0 
1 0 0 1 0 0 1 0 0 1 1 0 0 0 0 
1 0 0 0 0 0 0 0 0 0 0 0 0 0 0 
1 0 1 0 0 0 0 1 0 0 1 0 1 0 0 
1 0 0 0 0 0 0 0 0 0 0 0 0 1 0 
1 0 1 0 0 1 0 1 0 1 0 0 0 1 1 
0 1 0 0 1 0 1 0 1 1 0 0 1 0 0 
0 0 0 0 0 0 0 0 1 1 0 1 0 0 0 
0 0 0 0 0 0 1 0 0 0 0 0 1 0 0 
0 0 1 0 0 0 1 0 0 0 0 0 0 0 1 
0 1 1 1 0 1 1 0 1 0 0 0 0 0 0 
0 0 1 0 0 0 0 0 0 0 0 0 0 0 1 
1 1 1 1 0 1 1 0 0 0 0 1 0 0 0 
1 0 0 0 0 0 0 0 0 0 0 0 0 0 0 
0 0 1 0 0 0 0 0 1 0 0 1 0 0 0 
Best Sequence: 
14 2 11 8 9 6 13 12 10 7 5 4 3 1 0 
0 1 0 0 0 1 1 0 0 0 0 0 0 0 0 
0 0 0 0 1 1 0 0 1 0 0 0 1 0 1 
0 0 0 0 0 0 0 0 0 0 0 0 0 0 1 
0 1 0 0 0 0 0 1 1 1 0 0 0 0 1 
0 0 0 0 0 0 1 0 0 0 0 0 0 0 1 
1 1 0 0 1 0 1 0 0 1 1 0 0 0 1 
0 0 0 1 1 1 0 1 0 0 0 1 0 1 0 
0 0 1 1 1 0 0 0 0 0 0 0 0 0 0 
0 0 0 0 0 1 0 1 0 0 0 0 0 0 0 
1 1 0 0 0 1 0 0 0 0 0 0 0 0 0 
0 1 0 1 0 1 0 0 0 0 1 0 1 1 0 
1 1 0 0 0 0 0 0 0 0 0 0 0 0 0 
0 1 1 0 0 1 0 0 0 0 1 0 1 1 1 
0 0 0 0 0 0 0 0 0 0 0 0 0 0 1 
0 1 1 1 0 0 0 0 0 0 0 0 0 0 0 
OpenStacks: 9
Took 7.11 seconds

buffer: HS problem 1707 size 15 15 density  0.25
numCustomers: 15
numProducts: 15
0 0 1 1 0 1 0 0 0 0 1 1 0 1 0 
0 0 1 0 0 1 0 0 1 0 0 0 0 0 1 
0 1 1 0 1 1 0 0 1 1 0 0 0 0 0 
0 0 0 0 0 1 1 0 0 0 0 0 0 1 0 
0 1 0 0 1 0 0 0 1 0 1 0 0 1 0 
1 0 1 1 0 1 1 0 0 1 1 0 0 1 0 
0 0 0 1 1 0 1 0 0 1 0 0 1 0 0 
0 0 0 0 1 0 1 0 1 1 0 0 0 0 0 
0 0 0 0 0 1 1 0 1 0 0 1 0 0 1 
0 1 0 0 0 1 1 1 0 0 0 0 0 1 0 
1 0 0 0 1 1 1 0 0 0 0 0 0 0 0 
1 0 1 0 0 0 0 0 0 0 0 0 1 0 0 
0 0 1 1 1 0 0 0 0 1 0 0 0 0 0 
0 0 0 0 0 1 0 0 0 0 0 0 0 1 0 
0 1 1 0 0 0 0 1 0 0 0 0 0 0 0 
Best Sequence: 
14 13 5 6 12 11 10 8 9 4 7 3 2 1 0 
0 1 1 0 0 1 1 0 0 0 0 1 1 0 0 
1 0 1 0 0 0 0 1 0 0 0 0 1 0 0 
0 0 1 0 0 0 0 1 1 1 0 0 1 1 0 
0 1 1 1 0 0 0 0 0 0 0 0 0 0 0 
0 1 0 0 0 0 1 1 0 1 0 0 0 1 0 
0 1 1 1 0 0 1 0 1 0 0 1 1 0 1 
0 0 0 1 1 0 0 0 1 1 0 1 0 0 0 
0 0 0 1 0 0 0 1 1 1 0 0 0 0 0 
1 0 1 1 0 1 0 1 0 0 0 0 0 0 0 
0 1 1 1 0 0 0 0 0 0 1 0 0 1 0 
0 0 1 1 0 0 0 0 0 1 0 0 0 0 1 
0 0 0 0 1 0 0 0 0 0 0 0 1 0 1 
0 0 0 0 0 0 0 0 1 1 0 1 1 0 0 
0 1 1 0 0 0 0 0 0 0 0 0 0 0 0 
0 0 0 0 0 0 0 0 0 0 1 0 1 1 0 
OpenStacks: 11
Took 7.23 seconds

buffer: HS problem 1708 size 15 15 density  0.25
numCustomers: 15
numProducts: 15
0 1 1 0 1 0 0 0 0 0 0 0 0 0 1 
0 0 1 1 1 0 0 1 0 1 0 1 1 0 0 
0 1 1 1 1 0 0 0 1 1 0 0 0 0 0 
0 0 0 1 1 0 0 0 0 1 1 0 1 0 0 
0 0 0 0 0 1 0 1 0 0 0 1 0 1 0 
0 0 1 1 1 0 0 0 0 0 1 0 1 0 1 
0 0 1 1 0 0 0 1 0 1 0 0 0 0 0 
0 0 0 0 0 0 0 0 1 1 0 0 0 0 1 
0 0 0 0 1 0 0 0 0 0 1 0 0 1 0 
1 1 0 0 1 0 0 0 0 0 0 1 0 0 0 
0 0 0 0 1 0 0 0 0 0 0 0 0 1 1 
1 0 1 0 1 0 0 0 1 1 0 0 0 0 1 
0 0 0 0 0 0 1 1 0 0 0 1 0 0 0 
0 0 0 0 1 1 0 0 0 0 0 1 0 0 0 
1 0 0 1 0 0 1 0 0 0 0 0 0 1 0 
Best Sequence: 
14 9 8 4 2 1 3 13 12 11 10 7 6 5 0 
1 0 0 1 1 1 0 0 0 0 0 0 0 0 0 
0 1 0 1 1 0 1 0 1 1 0 1 0 0 0 
0 1 1 1 1 1 1 0 0 0 0 0 0 0 0 
0 1 0 1 0 0 1 0 1 0 1 0 0 0 0 
0 0 0 0 0 0 0 1 0 1 0 1 0 1 0 
1 0 0 1 1 0 1 0 1 0 1 0 0 0 0 
0 1 0 0 1 0 1 0 0 0 0 1 0 0 0 
1 1 1 0 0 0 0 0 0 0 0 0 0 0 0 
0 0 0 1 0 0 0 1 0 0 1 0 0 0 0 
0 0 0 1 0 1 0 0 0 1 0 0 0 0 1 
1 0 0 1 0 0 0 1 0 0 0 0 0 0 0 
1 1 1 1 1 0 0 0 0 0 0 0 0 0 1 
0 0 0 0 0 0 0 0 0 1 0 1 1 0 0 
0 0 0 1 0 0 0 0 0 1 0 0 0 1 0 
0 0 0 0 0 0 1 1 0 0 0 0 1 0 1 
OpenStacks: 11
Took 7.19 seconds

buffer: HS problem 1709 size 15 15 density  0.25
numCustomers: 15
numProducts: 15
1 1 1 1 0 0 0 0 0 1 0 0 0 0 0 
0 0 0 0 0 0 0 0 0 1 0 0 0 0 1 
1 0 1 0 1 0 0 0 0 1 0 1 0 0 1 
1 0 1 0 0 0 1 0 0 1 0 0 0 0 1 
0 0 1 0 1 1 0 0 0 0 1 0 0 0 0 
0 0 0 0 0 0 1 0 1 1 1 1 0 0 0 
1 0 0 0 0 0 0 1 0 0 1 0 0 0 0 
0 0 0 0 0 0 1 0 0 0 0 0 0 0 0 
0 0 0 0 1 1 1 0 0 0 0 0 1 0 0 
0 0 0 0 0 1 1 1 0 0 1 0 0 0 0 
0 1 0 1 1 0 1 1 0 0 0 0 0 0 0 
0 1 0 0 0 1 0 0 0 1 0 0 0 0 1 
0 1 1 0 0 0 0 0 0 1 0 0 0 0 0 
0 1 0 0 0 0 0 1 0 0 0 0 1 1 1 
0 0 0 0 0 1 0 0 0 1 0 0 1 0 0 
Best Sequence: 
6 12 10 7 5 4 0 2 14 13 11 9 8 3 1 
0 0 0 0 0 0 1 1 0 0 0 1 0 1 1 
0 0 0 0 0 0 0 0 1 0 0 1 0 0 0 
0 0 0 0 0 1 1 1 1 0 1 1 0 0 0 
1 0 0 0 0 0 1 1 1 0 0 1 0 0 0 
0 0 1 0 1 1 0 1 0 0 0 0 0 0 0 
1 0 1 0 0 0 0 0 0 0 1 1 1 0 0 
0 0 1 1 0 0 1 0 0 0 0 0 0 0 0 
1 0 0 0 0 0 0 0 0 0 0 0 0 0 0 
1 1 0 0 1 1 0 0 0 0 0 0 0 0 0 
1 0 1 1 1 0 0 0 0 0 0 0 0 0 0 
1 0 0 1 0 1 0 0 0 0 0 0 0 1 1 
0 0 0 0 1 0 0 0 1 0 0 1 0 0 1 
0 0 0 0 0 0 0 1 0 0 0 1 0 0 1 
0 1 0 1 0 0 0 0 1 1 0 0 0 0 1 
0 1 0 0 1 0 0 0 0 0 0 1 0 0 0 
OpenStacks: 10
Took 7.13 seconds

buffer: HS problem 1710 size 15 15 density  0.25
numCustomers: 15
numProducts: 15
0 0 0 0 0 1 0 0 0 0 0 0 0 0 0 
0 0 0 1 0 0 1 0 0 0 1 1 1 0 0 
1 0 0 0 0 0 0 0 0 0 0 0 0 0 0 
0 0 1 1 0 0 0 1 0 0 0 0 0 1 1 
1 0 0 1 0 0 1 0 0 0 0 0 0 0 0 
0 0 0 1 0 1 0 0 0 1 0 0 0 0 0 
0 0 1 0 0 1 1 1 0 0 0 1 0 1 1 
0 0 0 1 0 0 0 0 1 1 0 1 0 0 1 
1 0 1 0 0 0 1 0 0 0 1 0 0 1 0 
1 0 1 0 1 1 1 0 0 0 0 0 0 0 1 
0 0 0 0 0 1 1 0 0 0 0 0 0 0 0 
1 0 0 1 0 0 0 1 0 0 1 0 0 1 0 
1 1 1 0 1 0 0 0 0 0 1 1 0 0 0 
1 1 1 0 0 0 1 0 1 0 0 0 0 0 0 
1 0 1 1 0 1 0 1 1 1 0 1 1 0 1 
Best Sequence: 
5 14 9 3 11 8 13 12 10 7 6 4 2 1 0 
1 0 0 0 0 0 0 0 0 0 0 0 0 0 0 
0 0 0 1 1 0 0 1 1 0 1 0 0 0 0 
0 0 0 0 0 0 0 0 0 0 0 0 0 0 1 
0 1 0 1 0 0 1 0 0 1 0 0 1 0 0 
0 0 0 1 0 0 0 0 0 0 1 0 0 0 1 
1 0 1 1 0 0 0 0 0 0 0 0 0 0 0 
1 1 0 0 1 0 1 0 0 1 1 0 1 0 0 
0 1 1 1 1 1 0 0 0 0 0 0 0 0 0 
0 0 0 0 0 0 1 0 1 0 1 0 1 0 1 
1 1 0 0 0 0 0 0 0 0 1 1 1 0 1 
1 0 0 0 0 0 0 0 0 0 1 0 0 0 0 
0 0 0 1 0 0 1 0 1 1 0 0 0 0 1 
0 0 0 0 1 0 0 0 1 0 0 1 1 1 1 
0 0 0 0 0 1 0 0 0 0 1 0 1 1 1 
1 1 1 1 1 1 0 1 0 1 0 0 1 0 1 
OpenStacks: 11
Took 7.24 seconds

buffer: HS problem 1711 size 15 15 density  0.25
numCustomers: 15
numProducts: 15
0 0 0 1 0 0 0 0 0 0 0 0 0 0 1 
0 0 0 0 1 0 1 0 1 0 0 1 0 0 1 
0 0 0 1 1 1 1 0 0 0 0 1 0 0 0 
1 1 1 0 0 1 0 1 0 0 0 0 0 0 0 
1 0 0 0 0 0 0 0 0 1 1 1 0 1 0 
0 0 0 0 1 0 1 0 0 0 0 0 0 1 0 
0 1 0 1 0 0 0 1 0 0 1 0 0 1 0 
0 0 0 1 0 1 1 0 1 0 0 0 0 1 1 
0 0 1 0 0 0 0 0 0 0 0 1 0 0 0 
0 0 0 1 0 1 1 0 0 0 0 1 0 0 0 
1 0 0 1 1 0 0 0 1 0 0 0 0 0 0 
0 0 0 0 0 0 0 1 0 0 0 1 0 0 0 
0 1 0 0 0 0 0 1 0 0 1 0 1 0 0 
1 1 0 0 0 0 0 1 0 0 0 0 0 1 1 
0 0 0 0 0 0 0 0 0 1 0 0 0 0 0 
Best Sequence: 
13 6 4 14 8 3 5 0 11 12 10 9 7 2 1 
0 0 0 1 0 1 0 0 0 0 0 0 0 0 0 
0 1 1 1 1 0 0 0 1 0 0 0 0 0 0 
0 1 1 0 0 1 1 0 1 0 0 0 0 0 0 
0 0 0 0 0 0 1 1 0 0 0 0 1 1 1 
1 0 0 0 0 0 0 1 1 0 1 1 0 0 0 
1 1 1 0 0 0 0 0 0 0 0 0 0 0 0 
1 0 0 0 0 1 0 0 0 0 1 0 1 0 1 
1 1 0 1 1 1 1 0 0 0 0 0 0 0 0 
0 0 0 0 0 0 0 0 1 0 0 0 0 1 0 
0 1 0 0 0 1 1 0 1 0 0 0 0 0 0 
0 0 1 0 1 1 0 1 0 0 0 0 0 0 0 
0 0 0 0 0 0 0 0 1 0 0 0 1 0 0 
0 0 0 0 0 0 0 0 0 1 1 0 1 0 1 
1 0 0 1 0 0 0 1 0 0 0 0 1 0 1 
0 0 0 0 0 0 0 0 0 0 0 1 0 0 0 
OpenStacks: 9
Took 7.15 seconds

buffer: HS problem 1712 size 15 15 density  0.25
numCustomers: 15
numProducts: 15
0 0 1 0 0 1 0 1 1 0 0 0 0 0 0 
1 1 0 1 1 1 1 0 0 0 0 0 0 0 0 
1 0 0 0 0 0 0 0 0 0 0 0 0 1 0 
0 0 0 0 0 0 0 0 0 0 1 0 0 0 0 
0 0 0 0 0 0 0 0 0 0 0 1 0 0 1 
0 1 0 0 0 0 0 0 0 1 0 1 0 1 0 
0 0 0 0 0 0 0 1 0 0 0 0 1 0 0 
0 1 1 0 0 0 0 0 1 0 0 1 0 0 1 
0 1 0 1 0 1 0 0 0 0 1 0 0 0 0 
1 0 0 0 0 0 1 1 0 0 0 1 0 1 0 
0 0 0 0 0 0 0 1 0 0 0 0 0 0 0 
0 0 0 0 0 0 1 0 0 0 0 0 0 0 0 
0 0 0 0 0 0 1 1 0 0 0 0 0 0 0 
0 0 1 0 0 0 0 0 1 0 0 1 0 0 0 
1 0 0 0 0 1 1 0 0 0 0 0 1 0 0 
Best Sequence: 
7 12 6 13 0 5 10 3 1 14 4 11 9 8 2 
1 0 0 0 0 1 0 0 0 0 0 0 0 1 1 
0 0 1 0 1 1 0 1 1 0 1 0 0 0 0 
0 0 0 1 1 0 0 0 0 0 0 0 0 0 0 
0 0 0 0 0 0 1 0 0 0 0 0 0 0 0 
0 0 0 0 0 0 0 0 0 1 0 1 0 0 0 
0 0 0 1 0 0 0 0 1 0 0 1 1 0 0 
1 1 0 0 0 0 0 0 0 0 0 0 0 0 0 
0 0 0 0 0 0 0 0 1 1 0 1 0 1 1 
0 0 0 0 0 1 1 1 1 0 0 0 0 0 0 
1 0 1 1 1 0 0 0 0 0 0 1 0 0 0 
1 0 0 0 0 0 0 0 0 0 0 0 0 0 0 
0 0 1 0 0 0 0 0 0 0 0 0 0 0 0 
1 0 1 0 0 0 0 0 0 0 0 0 0 0 0 
0 0 0 0 0 0 0 0 0 0 0 1 0 1 1 
0 1 1 0 1 1 0 0 0 0 0 0 0 0 0 
OpenStacks: 6
Took 7.02 seconds

buffer: HS problem 1713 size 15 15 density  0.25
numCustomers: 15
numProducts: 15
0 0 1 1 0 0 0 1 0 0 0 1 1 0 0 
0 0 0 0 0 0 0 1 1 0 1 1 0 1 1 
0 0 0 0 0 0 0 0 0 0 0 1 0 0 1 
0 0 1 0 1 0 1 0 1 0 0 0 1 0 0 
0 0 1 0 0 1 0 1 1 1 0 0 0 1 0 
0 1 0 0 0 1 1 1 1 0 0 1 0 0 0 
0 0 0 0 0 0 1 1 0 0 0 0 1 0 1 
0 1 0 0 0 0 1 0 0 0 0 0 0 0 0 
1 0 0 0 0 0 0 0 0 1 0 0 0 0 0 
0 0 1 0 0 0 0 0 0 0 0 1 0 0 1 
1 0 1 1 0 0 0 0 1 0 0 0 1 1 0 
0 0 0 0 0 0 0 0 0 0 1 1 0 0 0 
0 1 1 0 0 0 1 0 1 1 1 0 0 0 0 
0 0 0 1 0 0 1 0 0 1 0 0 1 0 0 
0 0 0 0 1 0 0 0 1 0 0 0 0 0 0 
Best Sequence: 
14 11 10 13 2 8 7 12 4 6 9 5 3 1 0 
0 1 0 0 1 0 1 1 0 0 0 0 1 0 0 
1 1 1 1 0 1 1 0 0 0 0 0 0 0 0 
1 1 0 0 0 0 0 0 0 0 0 0 0 0 0 
0 0 0 0 1 1 0 1 1 1 0 0 0 0 0 
0 0 0 1 1 1 1 0 0 0 1 1 0 0 0 
0 1 0 0 0 1 1 0 0 1 0 1 0 1 0 
1 0 0 0 0 0 1 1 0 1 0 0 0 0 0 
0 0 0 0 0 0 0 0 0 1 0 0 0 1 0 
0 0 0 0 0 0 0 0 0 0 1 0 0 0 1 
1 1 0 0 1 0 0 0 0 0 0 0 0 0 0 
0 0 0 1 1 1 0 1 0 0 0 0 1 0 1 
0 1 1 0 0 0 0 0 0 0 0 0 0 0 0 
0 0 1 0 1 1 0 0 0 1 1 0 0 1 0 
0 0 0 0 0 0 0 1 0 1 1 0 1 0 0 
0 0 0 0 0 1 0 0 1 0 0 0 0 0 0 
OpenStacks: 9
Took 7.19 seconds

buffer: HS problem 1714 size 15 15 density  0.25
numCustomers: 15
numProducts: 15
0 0 0 0 0 0 0 0 0 0 0 0 0 0 1 
0 1 0 0 0 0 0 0 0 0 1 1 0 1 0 
1 0 1 0 0 1 0 0 0 1 0 1 0 0 1 
0 0 0 0 0 0 0 0 0 0 0 0 0 1 0 
1 0 0 1 1 1 0 1 0 0 0 0 0 0 1 
0 0 1 0 0 0 0 0 0 0 0 0 0 1 1 
0 1 1 0 1 0 1 0 0 0 0 1 0 0 0 
0 0 0 0 1 1 1 0 0 0 0 0 0 1 0 
0 1 1 0 0 0 0 1 0 1 0 0 0 0 1 
0 1 0 0 1 0 0 0 0 0 0 0 0 1 0 
0 0 0 1 0 1 0 1 0 0 0 0 0 0 0 
1 0 0 0 0 0 1 1 0 0 0 0 0 1 0 
1 1 0 0 0 0 1 0 1 0 0 0 1 0 0 
0 0 1 0 0 0 0 0 0 0 0 0 0 0 0 
0 0 0 0 0 0 0 1 0 0 1 1 0 0 0 
Best Sequence: 
14 13 12 12 4 11 10 9 8 7 6 5 3 0 49 
1 0 0 0 0 0 0 0 0 0 0 0 0 0 0 
0 1 0 0 0 1 1 0 0 0 0 0 0 0 0 
1 0 0 0 0 1 0 1 0 0 0 1 0 1 0 
0 1 0 0 0 0 0 0 0 0 0 0 0 0 0 
1 0 0 0 1 0 0 0 0 1 0 1 1 1 4 
1 1 0 0 0 0 0 0 0 0 0 0 0 0 0 
0 0 0 0 1 1 0 0 0 0 1 0 0 0 0 
0 1 0 0 1 0 0 0 0 0 1 1 0 0 0 
1 0 0 0 0 0 0 1 0 1 0 0 0 0 0 
0 1 0 0 1 0 0 0 0 0 0 0 0 0 0 
0 0 0 0 0 0 0 0 0 1 0 1 1 0 0 
0 1 0 0 0 0 0 0 0 1 1 0 0 1 0 
0 0 1 1 0 0 0 0 1 0 1 0 0 1 0 
0 0 0 0 0 0 0 0 0 0 0 0 0 0 0 
0 0 0 0 0 1 1 0 0 1 0 0 0 0 825767168 
OpenStacks: 9
Took 7.1 seconds

buffer: HS problem 1715 size 15 15 density  0.25
numCustomers: 15
numProducts: 15
0 0 0 0 0 0 1 1 0 0 0 0 1 0 0 
0 0 0 0 0 1 0 0 0 0 0 0 1 0 0 
0 0 1 1 1 0 0 0 0 0 0 1 0 0 0 
0 0 0 0 0 0 0 0 0 0 0 0 1 0 0 
0 0 0 1 0 0 0 0 0 0 0 0 0 0 1 
1 0 1 1 0 0 0 0 0 0 0 1 1 0 0 
0 1 0 0 0 0 0 0 0 1 0 1 1 1 1 
0 0 0 1 1 1 1 1 0 0 0 1 0 1 0 
0 1 1 1 0 1 1 0 0 0 0 0 1 0 1 
0 0 1 0 1 0 1 0 0 0 0 1 0 0 0 
1 1 1 0 0 0 0 1 0 0 1 0 0 0 1 
0 0 0 0 0 0 0 0 1 1 0 1 0 0 0 
1 0 0 0 1 0 0 0 0 0 0 1 1 1 0 
0 1 0 1 0 0 1 1 0 0 1 1 1 0 0 
1 0 0 0 0 0 0 1 0 0 1 0 0 0 1 
Best Sequence: 
12 5 11 9 8 6 4 2 7 14 13 10 3 1 0 
1 0 0 0 0 1 0 0 1 0 0 0 0 0 0 
1 1 0 0 0 0 0 0 0 0 0 0 0 0 0 
0 0 1 0 0 0 1 1 0 0 0 0 1 0 0 
1 0 0 0 0 0 0 0 0 0 0 0 0 0 0 
0 0 0 0 0 0 0 0 0 1 0 0 1 0 0 
1 0 1 0 0 0 0 1 0 0 0 0 1 0 1 
1 0 1 1 0 0 0 0 0 1 1 0 0 1 0 
0 1 1 0 0 1 1 0 1 0 1 0 1 0 0 
1 1 0 0 0 1 0 1 0 1 0 0 1 1 0 
0 0 1 0 0 1 1 1 0 0 0 0 0 0 0 
0 0 0 0 0 0 0 1 1 1 0 1 0 1 1 
0 0 1 1 1 0 0 0 0 0 0 0 0 0 0 
1 0 1 0 0 0 1 0 0 0 1 0 0 0 1 
1 0 1 0 0 1 0 0 1 0 0 1 1 1 0 
0 0 0 0 0 0 0 0 1 1 0 1 0 0 1 
OpenStacks: 10
Took 7.25 seconds

buffer: HS problem 1716 size 15 15 density  0.25
numCustomers: 15
numProducts: 15
0 0 0 0 0 0 0 0 0 0 0 1 0 1 1 
0 0 0 0 0 0 0 0 0 0 1 0 0 1 1 
0 0 0 0 0 1 1 0 0 0 0 0 1 0 0 
0 1 1 1 0 1 0 1 0 0 0 0 0 0 0 
0 1 1 0 0 0 0 0 0 1 0 0 0 0 0 
1 1 0 0 0 1 0 0 0 0 0 0 1 1 0 
0 1 1 1 0 0 0 0 0 1 1 0 0 0 1 
0 1 0 0 0 1 0 0 0 0 1 0 0 0 1 
0 1 1 0 0 0 1 0 0 1 1 1 0 0 0 
0 0 0 0 0 0 0 1 0 0 0 0 0 0 0 
0 0 0 0 0 0 0 0 1 0 0 0 1 0 0 
0 1 0 1 1 0 0 0 0 0 0 0 0 0 1 
1 0 0 0 0 1 1 0 0 1 0 0 0 1 0 
0 0 0 0 0 0 1 0 0 0 1 1 0 0 0 
0 1 0 0 0 0 0 0 0 0 0 0 0 0 0 
Best Sequence: 
14 13 11 10 12 8 6 7 9 5 4 3 2 1 0 
1 1 1 0 0 0 0 0 0 0 0 0 0 0 0 
1 1 0 1 0 0 0 0 0 0 0 0 0 0 0 
0 0 0 0 1 0 1 0 0 1 0 0 0 0 0 
0 0 0 0 0 0 0 1 0 1 0 1 1 1 0 
0 0 0 0 0 0 0 0 1 0 0 0 1 1 0 
0 1 0 0 1 0 0 0 0 1 0 0 0 1 1 
1 0 0 1 0 0 0 0 1 0 0 1 1 1 0 
1 0 0 1 0 0 0 0 0 1 0 0 0 1 0 
0 0 1 1 0 0 1 0 1 0 0 0 1 1 0 
0 0 0 0 0 0 0 1 0 0 0 0 0 0 0 
0 0 0 0 1 1 0 0 0 0 0 0 0 0 0 
1 0 0 0 0 0 0 0 0 0 1 1 0 1 0 
0 1 0 0 0 0 1 0 1 1 0 0 0 0 1 
0 0 1 1 0 0 1 0 0 0 0 0 0 0 0 
0 0 0 0 0 0 0 0 0 0 0 0 0 1 0 
OpenStacks: 9
Took 7.1 seconds

buffer: HS problem 1717 size 15 15 density  0.25
numCustomers: 15
numProducts: 15
0 0 0 0 0 0 0 0 0 0 0 1 0 0 0 
0 0 1 0 1 0 1 0 0 1 0 0 0 0 0 
1 0 1 1 0 0 0 0 1 1 1 0 1 0 0 
0 0 0 0 0 0 0 0 0 0 0 0 0 0 1 
0 0 1 0 0 0 1 0 0 0 0 0 0 1 0 
1 0 1 1 0 0 0 0 0 0 0 0 1 0 0 
0 0 1 0 0 1 0 0 0 0 0 1 0 0 1 
0 1 1 0 1 0 0 0 0 0 1 0 1 0 0 
0 0 0 0 0 1 0 1 1 0 0 1 0 0 1 
0 0 0 1 1 1 0 0 0 0 0 0 0 0 1 
0 0 0 1 0 1 1 0 0 1 0 0 1 0 0 
1 0 0 0 0 0 0 0 1 0 0 0 1 1 0 
0 0 1 0 0 0 0 0 0 0 1 1 0 0 0 
1 0 0 0 1 0 0 0 0 1 1 0 0 0 0 
0 0 0 1 0 0 0 1 1 1 1 0 1 0 0 
Best Sequence: 
14 11 5 2 13 6 12 8 7 10 9 4 3 1 0 
0 1 0 0 0 0 0 0 0 0 0 0 0 0 0 
0 0 0 1 0 1 0 0 0 0 1 1 0 0 0 
0 0 0 1 0 0 1 1 0 1 1 0 1 0 1 
1 0 0 0 0 0 0 0 0 0 0 0 0 0 0 
0 0 0 1 1 1 0 0 0 0 0 0 0 0 0 
0 0 0 1 0 0 1 0 0 0 0 0 1 0 1 
1 1 1 1 0 0 0 0 0 0 0 0 0 0 0 
0 0 0 1 0 0 1 0 0 1 0 1 0 1 0 
1 1 1 0 0 0 0 1 1 0 0 0 0 0 0 
1 0 1 0 0 0 0 0 0 0 0 1 1 0 0 
0 0 1 0 0 1 1 0 0 0 1 0 1 0 0 
0 0 0 0 1 0 1 1 0 0 0 0 0 0 1 
0 1 0 1 0 0 0 0 0 1 0 0 0 0 0 
0 0 0 0 0 0 0 0 0 1 1 1 0 0 1 
0 0 0 0 0 0 1 1 1 1 1 0 1 0 0 
OpenStacks: 10
Took 7.17 seconds

buffer: HS problem 1718 size 15 15 density  0.25
numCustomers: 15
numProducts: 15
0 0 0 0 0 0 0 1 0 1 0 0 0 0 0 
0 1 0 0 0 0 0 0 0 0 0 0 0 1 0 
1 0 0 0 0 0 0 1 0 1 1 1 0 0 0 
0 0 0 0 0 0 0 1 0 0 0 0 0 0 0 
0 0 0 0 0 0 1 0 0 0 0 0 0 1 0 
0 0 0 0 1 0 1 0 1 1 0 0 0 0 1 
0 0 0 0 1 1 0 0 1 0 0 0 0 0 0 
1 1 0 0 0 1 0 0 0 0 0 0 1 0 0 
0 0 0 0 0 0 0 1 0 0 0 0 0 0 0 
0 0 0 0 0 0 0 0 1 1 0 0 0 0 0 
0 0 0 0 0 0 1 0 0 1 0 0 0 0 0 
1 0 1 0 0 1 0 0 0 1 0 0 0 0 0 
0 0 1 1 0 0 0 1 0 0 0 0 0 1 0 
1 0 0 0 0 0 0 0 0 1 0 1 1 0 0 
0 0 1 0 0 0 0 0 1 1 0 0 0 1 0 
Best Sequence: 
7 14 9 6 13 8 12 11 10 5 4 3 2 1 0 
1 0 1 0 0 0 0 0 0 0 0 0 0 0 0 
0 0 0 0 1 0 0 0 0 0 0 0 0 1 0 
1 0 1 0 0 0 0 1 1 0 0 0 0 0 1 
1 0 0 0 0 0 0 0 0 0 0 0 0 0 0 
0 0 0 1 1 0 0 0 0 0 0 0 0 0 0 
0 1 1 1 0 1 0 0 0 0 1 0 0 0 0 
0 0 0 0 0 1 0 0 0 1 1 0 0 0 0 
0 0 0 0 0 0 1 0 0 1 0 0 0 1 1 
1 0 0 0 0 0 0 0 0 0 0 0 0 0 0 
0 0 1 0 0 1 0 0 0 0 0 0 0 0 0 
0 0 1 1 0 0 0 0 0 0 0 0 0 0 0 
0 0 1 0 0 0 0 0 0 1 0 0 1 0 1 
1 0 0 0 1 0 0 0 0 0 0 1 1 0 0 
0 0 1 0 0 0 1 1 0 0 0 0 0 0 1 
0 0 1 0 1 1 0 0 0 0 0 0 1 0 0 
OpenStacks: 9
Took 7.01 seconds

buffer: HS problem 1719 size 15 15 density  0.25
numCustomers: 15
numProducts: 15
0 0 0 0 0 1 1 1 0 1 0 0 0 1 0 
1 0 1 0 0 0 0 0 0 0 0 0 0 0 0 
0 0 0 1 0 0 0 0 0 1 1 0 0 0 0 
0 0 0 0 0 1 0 0 0 0 0 1 0 1 0 
1 0 0 0 0 0 0 0 0 1 1 0 0 0 0 
0 0 0 0 1 0 0 0 0 0 1 0 0 0 0 
0 0 0 1 1 0 0 0 0 0 0 1 0 1 1 
1 1 0 0 1 0 0 0 0 0 0 0 0 0 0 
0 1 0 0 1 0 0 0 1 1 0 0 0 0 0 
0 0 1 1 0 0 1 1 1 0 0 1 0 1 0 
0 0 0 0 0 0 1 0 0 0 0 0 1 0 0 
1 1 0 0 0 1 0 1 0 1 0 0 0 0 0 
0 1 0 1 0 1 0 0 0 0 1 0 0 0 0 
1 0 0 1 0 0 1 0 0 1 1 1 0 0 0 
1 0 0 0 0 0 1 0 1 0 1 0 1 1 0 
Best Sequence: 
12 6 14 13 11 5 9 7 10 8 3 4 2 1 0 
0 1 0 1 0 1 1 1 0 0 0 0 0 0 0 
0 0 0 0 0 0 0 0 0 0 0 0 1 0 1 
0 0 0 0 0 0 1 0 1 0 1 0 0 0 0 
0 0 0 1 1 1 0 0 0 0 0 0 0 0 0 
0 0 0 0 0 0 1 0 1 0 0 0 0 0 1 
0 0 0 0 0 0 0 0 1 0 0 1 0 0 0 
0 0 1 1 1 0 0 0 0 0 1 1 0 0 0 
0 0 0 0 0 0 0 0 0 0 0 1 0 1 1 
0 0 0 0 0 0 1 0 0 1 0 1 0 1 0 
0 1 0 1 1 0 0 1 0 1 1 0 1 0 0 
1 1 0 0 0 0 0 0 0 0 0 0 0 0 0 
0 0 0 0 0 1 1 1 0 0 0 0 0 1 1 
0 0 0 0 0 1 0 0 1 0 1 0 0 1 0 
0 1 0 0 1 0 1 0 1 0 1 0 0 0 1 
1 1 0 1 0 0 0 0 1 1 0 0 0 0 1 
OpenStacks: 10
Took 7.17 seconds

buffer: HS problem 1720 size 15 15 density  0.25
numCustomers: 15
numProducts: 15
1 0 1 0 0 0 0 0 0 0 0 0 0 0 0 
0 0 0 1 0 0 0 1 0 0 1 0 0 0 0 
0 1 0 0 0 1 0 0 0 1 1 0 0 0 0 
0 0 0 1 0 0 0 0 1 0 0 0 0 0 0 
0 0 1 0 1 0 0 0 0 1 1 0 0 0 0 
0 0 0 0 0 0 1 0 0 0 1 1 1 0 0 
0 0 1 1 1 0 0 1 0 0 0 0 0 0 0 
1 1 1 0 0 1 0 0 0 1 0 0 0 0 1 
0 1 0 0 0 1 0 0 0 0 0 1 1 0 0 
1 1 1 1 1 1 1 1 0 1 0 1 0 0 0 
0 1 1 0 0 0 1 0 1 0 0 0 0 1 1 
0 0 0 0 1 0 0 1 0 0 1 0 0 0 0 
0 1 0 0 0 1 0 1 1 1 1 0 1 1 0 
0 0 0 0 0 0 0 1 0 0 0 0 1 0 0 
0 0 0 0 0 0 0 0 0 0 0 0 0 1 0 
Best Sequence: 
10 7 4 3 8 13 12 14 11 9 6 5 2 1 0 
0 0 0 0 0 0 0 0 0 0 0 0 1 0 1 
1 1 0 1 0 0 0 0 0 0 0 0 0 0 0 
1 0 0 0 0 0 0 0 0 1 0 1 0 1 0 
0 0 0 1 1 0 0 0 0 0 0 0 0 0 0 
1 0 1 0 0 0 0 0 0 1 0 0 1 0 0 
1 0 0 0 0 0 1 0 1 0 1 0 0 0 0 
0 1 1 1 0 0 0 0 0 0 0 0 1 0 0 
0 0 0 0 0 0 0 1 0 1 0 1 1 1 1 
0 0 0 0 0 0 1 0 1 0 0 1 0 1 0 
0 1 1 1 0 0 0 0 1 1 1 1 1 1 1 
0 0 0 0 1 1 0 1 0 0 1 0 1 1 0 
1 1 1 0 0 0 0 0 0 0 0 0 0 0 0 
1 1 0 0 1 1 1 0 0 1 0 1 0 1 0 
0 1 0 0 0 0 1 0 0 0 0 0 0 0 0 
0 0 0 0 0 1 0 0 0 0 0 0 0 0 0 
OpenStacks: 9
Took 7.17 seconds

buffer: HS problem 1721 size 15 15 density  0.25
numCustomers: 15
numProducts: 15
0 0 1 0 0 0 0 0 0 0 1 1 1 0 0 
0 0 1 0 0 0 1 0 0 0 0 1 1 0 0 
0 0 0 0 0 0 0 0 0 0 1 0 0 0 1 
1 1 1 0 0 1 0 0 0 0 1 0 1 0 1 
1 0 1 0 0 0 0 0 0 0 0 0 1 0 0 
0 0 0 1 0 0 0 0 1 0 1 0 1 0 1 
0 0 0 0 0 1 1 0 1 0 0 0 0 1 1 
0 0 0 0 0 1 0 0 1 0 0 1 0 0 0 
0 0 0 0 1 0 0 1 1 0 0 0 0 0 0 
0 0 0 1 0 0 0 0 0 0 0 0 1 0 0 
0 0 0 0 0 0 0 1 1 0 0 0 0 0 0 
0 0 0 0 0 0 0 0 0 1 1 0 0 1 1 
0 0 1 0 0 0 0 0 0 0 1 0 0 0 0 
1 0 0 0 0 0 0 0 0 0 0 0 0 0 0 
0 0 0 0 1 1 0 0 0 0 0 0 0 0 0 
Best Sequence: 
8 7 4 5 11 14 13 6 10 9 12 3 2 1 0 
0 0 0 0 1 0 0 0 1 0 1 0 1 0 0 
0 0 0 0 1 0 0 1 0 0 1 0 1 0 0 
0 0 0 0 0 1 0 0 1 0 0 0 0 0 0 
0 0 0 1 0 1 0 0 1 0 1 0 1 1 1 
0 0 0 0 0 0 0 0 0 0 1 0 1 0 1 
1 0 0 0 0 1 0 0 1 0 1 1 0 0 0 
1 0 0 1 0 1 1 1 0 0 0 0 0 0 0 
1 0 0 1 1 0 0 0 0 0 0 0 0 0 0 
1 1 1 0 0 0 0 0 0 0 0 0 0 0 0 
0 0 0 0 0 0 0 0 0 0 1 1 0 0 0 
1 1 0 0 0 0 0 0 0 0 0 0 0 0 0 
0 0 0 0 0 1 1 0 1 1 0 0 0 0 0 
0 0 0 0 0 0 0 0 1 0 0 0 1 0 0 
0 0 0 0 0 0 0 0 0 0 0 0 0 0 1 
0 0 1 1 0 0 0 0 0 0 0 0 0 0 0 
OpenStacks: 7
Took 7.05 seconds

buffer: HS problem 1722 size 15 15 density  0.25
numCustomers: 15
numProducts: 15
1 0 0 1 0 1 1 1 1 0 1 0 0 1 0 
0 1 0 0 0 0 0 0 0 0 0 1 1 0 0 
1 0 0 0 0 0 0 0 0 0 0 0 1 0 0 
0 0 0 0 0 0 0 0 0 1 0 1 0 0 0 
0 0 0 1 1 1 0 1 0 0 0 0 0 1 1 
0 0 0 0 0 0 0 1 0 0 0 0 0 1 1 
0 1 0 1 1 0 0 1 0 1 0 0 0 0 1 
0 0 0 0 0 0 1 0 1 0 0 0 0 0 0 
0 0 0 0 1 1 1 0 0 0 0 1 0 1 0 
1 1 1 1 1 0 0 0 1 0 0 0 0 0 0 
0 1 0 1 0 0 1 1 0 1 0 0 0 0 0 
0 0 0 0 0 0 0 0 0 1 0 0 1 0 0 
0 0 0 0 0 0 0 0 0 0 1 0 0 1 1 
0 0 1 0 0 0 1 0 1 0 0 0 0 1 1 
0 1 0 0 0 0 1 0 0 0 0 0 0 0 0 
Best Sequence: 
14 13 10 7 5 4 3 8 6 2 11 9 12 1 0 
0 1 1 1 1 0 1 1 1 0 0 0 0 0 1 
0 0 0 0 0 0 0 0 0 0 1 0 1 1 0 
0 0 0 0 0 0 0 0 0 0 0 0 1 0 1 
0 0 0 0 0 0 0 0 0 0 1 1 0 0 0 
1 1 0 1 1 1 1 0 0 0 0 0 0 0 0 
1 1 0 1 0 0 0 0 0 0 0 0 0 0 0 
1 0 0 1 0 1 1 0 0 0 0 1 0 1 0 
0 0 0 0 0 0 0 1 1 0 0 0 0 0 0 
0 1 0 0 1 1 0 0 1 0 1 0 0 0 0 
0 0 0 0 0 1 1 1 0 1 0 0 0 1 1 
0 0 0 1 0 0 1 0 1 0 0 1 0 1 0 
0 0 0 0 0 0 0 0 0 0 0 1 1 0 0 
1 1 1 0 0 0 0 0 0 0 0 0 0 0 0 
1 1 0 0 0 0 0 1 1 1 0 0 0 0 0 
0 0 0 0 0 0 0 0 1 0 0 0 0 1 0 
OpenStacks: 8
Took 7.16 seconds

buffer: HS problem 1723 size 15 15 density  0.25
numCustomers: 15
numProducts: 15
1 0 0 0 1 0 0 0 0 0 0 1 0 0 0 
0 0 1 1 0 0 1 0 0 1 0 0 0 0 0 
0 1 0 0 1 0 0 0 0 0 0 1 1 1 0 
0 0 1 0 1 0 0 0 0 0 0 0 0 0 0 
1 0 0 0 1 0 0 0 0 0 1 0 0 1 0 
0 0 1 0 0 1 1 0 1 0 1 1 1 0 1 
0 1 1 0 1 1 0 0 1 1 0 0 0 0 0 
0 1 1 0 1 0 0 1 0 1 0 1 1 0 1 
1 0 0 1 0 0 1 0 0 0 0 0 1 0 1 
1 0 0 0 1 0 0 0 0 0 0 0 0 0 0 
1 0 0 1 0 1 0 0 1 0 1 0 1 0 1 
0 0 0 0 1 0 0 0 0 0 0 0 1 1 0 
0 1 1 1 1 0 0 0 0 0 0 1 0 0 0 
0 0 1 0 0 0 1 0 1 1 0 1 1 1 0 
0 0 1 0 0 0 0 0 1 0 0 0 0 0 0 
Best Sequence: 
8 2 14 9 6 3 13 12 11 10 7 5 4 1 0 
0 0 0 0 0 0 0 0 1 0 0 0 1 0 1 
0 1 0 1 1 1 0 0 0 0 0 0 0 0 0 
0 0 0 0 0 0 1 1 1 0 0 0 1 1 0 
0 1 0 0 0 0 0 0 0 0 0 0 1 0 0 
0 0 0 0 0 0 1 0 0 1 0 0 1 0 1 
1 1 1 0 1 0 0 1 1 1 0 1 0 0 0 
1 1 0 1 0 0 0 0 0 0 0 1 1 1 0 
0 1 1 1 0 0 0 1 1 0 1 0 1 1 0 
0 0 1 0 1 1 0 1 0 0 0 0 0 0 1 
0 0 0 0 0 0 0 0 0 0 0 0 1 0 1 
1 0 1 0 0 1 0 1 0 1 0 1 0 0 1 
0 0 0 0 0 0 1 1 0 0 0 0 1 0 0 
0 1 0 0 0 1 0 0 1 0 0 0 1 1 0 
1 1 0 1 1 0 1 1 1 0 0 0 0 0 0 
1 1 0 0 0 0 0 0 0 0 0 0 0 0 0 
OpenStacks: 12
Took 7.24 seconds

buffer: HS problem 1724 size 15 15 density  0.25
numCustomers: 15
numProducts: 15
1 0 0 0 1 0 0 0 0 1 0 0 1 1 0 
0 0 0 0 0 0 0 0 0 0 1 0 1 0 0 
0 0 1 0 1 0 0 0 0 0 1 0 0 0 1 
0 0 1 0 1 1 0 0 0 1 0 0 0 0 0 
1 0 0 1 1 0 1 0 0 0 0 1 0 0 1 
0 0 1 0 1 1 0 0 1 0 0 0 0 1 0 
1 0 1 0 0 0 0 1 0 0 0 0 0 0 0 
1 0 0 0 0 1 0 1 0 1 0 0 0 0 1 
0 1 0 0 0 1 1 0 1 0 0 0 0 0 0 
0 0 1 0 0 0 0 0 1 0 0 0 0 1 0 
0 1 0 1 0 0 1 0 0 1 1 0 0 1 1 
1 0 0 0 0 0 1 0 0 0 0 0 1 0 0 
1 1 1 0 0 0 0 1 0 1 0 0 0 1 1 
1 0 0 0 1 1 1 1 0 1 1 0 0 0 0 
0 1 0 0 0 0 0 0 1 0 0 0 0 0 1 
Best Sequence: 
13 8 2 14 1 5 4 10 12 11 9 7 6 3 0 
1 0 0 0 0 0 1 0 1 0 1 0 0 0 1 
0 0 0 0 0 0 0 1 1 0 0 0 0 0 0 
0 0 1 1 0 0 1 1 0 0 0 0 0 0 0 
0 0 1 0 0 1 1 0 0 0 1 0 0 0 0 
0 0 0 1 0 0 1 0 0 1 0 0 1 1 1 
1 1 1 0 0 1 1 0 0 0 0 0 0 0 0 
0 0 1 0 0 0 0 0 0 0 0 1 0 0 1 
0 0 0 1 0 1 0 0 0 0 1 1 0 0 1 
0 1 0 0 1 1 0 0 0 0 0 0 1 0 0 
1 1 1 0 0 0 0 0 0 0 0 0 0 0 0 
1 0 0 1 1 0 0 1 0 0 1 0 1 1 0 
0 0 0 0 0 0 0 0 1 0 0 0 1 0 1 
1 0 1 1 1 0 0 0 0 0 1 1 0 0 1 
0 0 0 0 0 1 1 1 0 0 1 1 1 0 1 
0 1 0 1 1 0 0 0 0 0 0 0 0 0 0 
OpenStacks: 11
Took 7.25 seconds

buffer: HS problem 1725 size 15 15 density  0.25
numCustomers: 15
numProducts: 15
0 0 0 0 0 0 1 1 0 1 1 0 0 0 0 
0 0 0 0 1 0 0 0 0 0 0 0 0 0 0 
1 1 0 0 1 1 0 0 0 0 0 1 0 0 0 
1 0 0 0 0 0 0 0 0 0 0 0 0 0 0 
0 0 0 0 0 1 0 0 1 1 0 0 0 0 0 
0 0 1 0 0 0 0 0 0 0 0 0 0 0 1 
0 0 1 0 0 0 0 0 0 1 0 1 0 0 0 
0 1 0 0 1 0 1 0 0 0 1 0 0 0 0 
0 0 1 1 0 0 0 0 0 0 0 1 0 0 0 
0 0 1 0 1 0 0 1 1 0 0 0 0 1 0 
0 1 0 0 0 1 0 0 0 1 1 1 0 0 0 
0 0 0 1 1 1 0 0 0 0 0 0 0 0 0 
1 0 0 1 0 1 0 0 1 0 1 0 1 1 0 
0 0 0 0 0 1 1 1 0 0 0 0 1 0 0 
1 0 0 0 0 0 0 0 0 0 0 0 0 0 0 
Best Sequence: 
14 2 11 9 13 3 12 8 5 10 7 6 4 1 0 
0 0 0 1 0 0 0 0 0 1 1 1 0 0 0 
0 0 0 0 0 0 0 0 0 0 0 0 1 0 0 
0 0 1 0 0 0 0 0 1 0 0 0 1 1 1 
0 0 0 0 0 0 0 0 0 0 0 0 0 0 1 
0 0 0 1 0 0 0 1 1 0 0 0 0 0 0 
1 1 0 0 0 0 0 0 0 0 0 0 0 0 0 
0 1 1 1 0 0 0 0 0 0 0 0 0 0 0 
0 0 0 0 0 0 0 0 0 1 0 1 1 1 0 
0 1 1 0 0 1 0 0 0 0 0 0 0 0 0 
0 1 0 0 1 0 0 1 0 0 1 0 1 0 0 
0 0 1 1 0 0 0 0 1 1 0 0 0 1 0 
0 0 0 0 0 1 0 0 1 0 0 0 1 0 0 
0 0 0 0 1 1 1 1 1 1 0 0 0 0 1 
0 0 0 0 0 0 1 0 1 0 1 1 0 0 0 
0 0 0 0 0 0 0 0 0 0 0 0 0 0 1 
OpenStacks: 8
Took 7.09 seconds

buffer: HS problem 1726 size 15 15 density  0.25
numCustomers: 15
numProducts: 15
1 1 0 0 0 0 1 0 1 0 1 1 1 1 0 
0 0 0 0 0 0 0 0 1 0 0 0 0 0 0 
0 0 1 0 0 0 0 1 0 1 0 0 0 1 0 
0 0 0 0 0 0 0 0 1 0 0 0 0 0 0 
0 0 0 0 0 1 0 0 0 1 0 0 0 0 0 
0 1 0 0 1 0 0 0 1 0 0 0 0 1 1 
0 1 1 1 1 0 0 0 0 0 0 1 0 1 0 
0 0 0 1 0 0 0 0 0 1 0 1 1 1 0 
0 1 0 1 0 0 0 0 0 0 0 0 0 0 1 
1 0 0 0 0 0 0 0 0 1 0 0 0 0 0 
0 0 0 0 1 0 0 0 0 1 0 0 0 0 0 
0 1 0 0 0 0 0 0 0 0 1 0 0 0 0 
1 0 0 0 0 0 0 0 1 1 1 1 1 0 0 
0 0 0 0 0 0 0 0 0 1 0 0 1 1 0 
1 0 1 0 1 0 1 0 0 0 0 0 1 0 0 
Best Sequence: 
9 5 4 13 12 7 2 8 14 11 10 6 3 1 0 
0 0 0 1 1 0 0 1 0 1 1 1 0 1 1 
0 0 0 0 0 0 0 1 0 0 0 0 0 0 0 
1 0 0 1 0 1 1 0 0 0 0 0 0 0 0 
0 0 0 0 0 0 0 1 0 0 0 0 0 0 0 
1 1 0 0 0 0 0 0 0 0 0 0 0 0 0 
0 0 1 1 0 0 0 1 1 0 0 0 0 1 0 
0 0 1 1 0 0 1 0 0 1 0 0 1 1 0 
1 0 0 1 1 0 0 0 0 1 0 0 1 0 0 
0 0 0 0 0 0 0 0 1 0 0 0 1 1 0 
1 0 0 0 0 0 0 0 0 0 0 0 0 0 1 
1 0 1 0 0 0 0 0 0 0 0 0 0 0 0 
0 0 0 0 0 0 0 0 0 0 1 0 0 1 0 
1 0 0 0 1 0 0 1 0 1 1 0 0 0 1 
1 0 0 1 1 0 0 0 0 0 0 0 0 0 0 
0 0 1 0 1 0 1 0 0 0 0 1 0 0 1 
OpenStacks: 9
Took 7.07 seconds

buffer: HS problem 1727 size 15 15 density  0.25
numCustomers: 15
numProducts: 15
0 0 0 0 0 0 0 0 1 1 1 1 0 0 0 
0 1 0 0 0 0 0 0 1 0 1 0 1 0 0 
0 0 0 1 0 0 0 0 1 1 0 0 0 0 0 
0 0 0 0 1 0 0 0 0 1 0 1 0 1 1 
1 0 0 0 0 0 0 0 0 0 0 0 0 0 1 
0 1 1 0 0 0 0 0 0 0 1 0 0 0 0 
0 0 1 0 0 0 0 1 1 0 1 1 0 1 0 
0 1 1 1 0 0 1 1 1 1 0 0 0 0 1 
1 0 0 0 1 1 0 1 0 0 0 0 0 0 0 
0 0 0 0 0 1 0 0 0 1 1 0 0 1 0 
0 0 0 1 0 0 0 0 0 0 1 0 0 1 0 
0 1 0 1 0 0 0 0 0 0 0 1 0 0 1 
0 0 0 0 0 0 0 1 1 0 0 0 0 0 0 
1 0 0 0 0 0 0 1 0 0 0 0 0 0 0 
0 1 0 0 0 0 0 0 0 0 1 0 1 1 0 
Best Sequence: 
10 2 1 13 12 3 14 11 9 8 7 6 5 4 0 
1 0 0 0 0 0 0 1 1 1 0 0 0 0 0 
1 0 1 0 1 0 0 0 0 1 0 0 0 0 0 
0 0 0 0 0 1 0 0 1 1 0 0 0 0 0 
0 0 0 1 0 0 1 1 1 0 0 0 0 1 0 
0 0 0 0 0 0 1 0 0 0 0 0 0 0 1 
1 1 1 0 0 0 0 0 0 0 0 0 0 0 0 
1 1 0 1 0 0 0 1 0 1 1 0 0 0 0 
0 1 1 0 0 1 1 0 1 1 1 1 0 0 0 
0 0 0 0 0 0 0 0 0 0 1 0 1 1 1 
1 0 0 1 0 0 0 0 1 0 0 0 1 0 0 
1 0 0 1 0 1 0 0 0 0 0 0 0 0 0 
0 0 1 0 0 1 1 1 0 0 0 0 0 0 0 
0 0 0 0 0 0 0 0 0 1 1 0 0 0 0 
0 0 0 0 0 0 0 0 0 0 1 0 0 0 1 
1 0 1 1 1 0 0 0 0 0 0 0 0 0 0 
OpenStacks: 9
Took 7.16 seconds

buffer: HS problem 1728 size 15 15 density  0.25
numCustomers: 15
numProducts: 15
1 1 0 0 0 1 0 0 0 0 1 0 1 1 0 
0 1 0 0 1 1 0 1 1 0 1 0 0 0 1 
1 0 0 1 0 0 0 0 0 0 0 1 0 1 0 
0 0 1 1 1 1 1 0 1 0 0 0 0 0 0 
0 0 0 1 1 0 0 0 1 1 0 0 1 0 0 
0 1 0 1 0 1 0 0 0 1 0 0 0 0 0 
0 0 0 0 1 1 0 0 0 0 0 1 0 0 0 
0 0 0 0 0 0 0 1 0 1 0 0 0 0 1 
0 0 0 0 1 0 1 0 0 1 0 1 1 0 0 
0 0 0 0 0 0 0 0 1 0 0 0 0 1 1 
0 0 0 0 0 0 0 0 0 1 0 1 0 0 0 
0 0 0 0 0 1 0 0 1 0 1 0 1 0 0 
0 0 1 1 0 0 0 1 1 0 0 0 0 0 1 
0 0 0 0 0 0 1 0 0 0 0 0 1 0 0 
0 1 0 0 0 0 0 0 0 0 0 0 0 0 0 
Best Sequence: 
11 9 12 6 5 4 14 13 10 8 7 3 2 1 0 
0 0 1 0 1 0 0 1 1 0 0 0 0 1 1 
0 0 0 0 1 1 1 0 1 1 1 0 0 1 0 
1 0 0 0 0 0 0 1 0 0 0 1 0 0 1 
0 0 0 1 1 1 0 0 0 1 0 1 1 0 0 
0 1 1 0 0 1 0 0 0 1 0 1 0 0 0 
0 1 0 0 1 0 0 0 0 0 0 1 0 1 0 
1 0 0 0 1 1 0 0 0 0 0 0 0 0 0 
0 1 0 0 0 0 1 0 0 0 1 0 0 0 0 
1 1 1 1 0 1 0 0 0 0 0 0 0 0 0 
0 0 0 0 0 0 1 1 0 1 0 0 0 0 0 
1 1 0 0 0 0 0 0 0 0 0 0 0 0 0 
0 0 1 0 1 0 0 0 1 1 0 0 0 0 0 
0 0 0 0 0 0 1 0 0 1 1 1 1 0 0 
0 0 1 1 0 0 0 0 0 0 0 0 0 0 0 
0 0 0 0 0 0 0 0 0 0 0 0 0 1 0 
OpenStacks: 10
Took 7.16 seconds

buffer: HS problem 1729 size 15 15 density  0.25
numCustomers: 15
numProducts: 15
0 0 1 0 0 0 0 1 0 0 0 0 0 0 0 
0 0 0 1 0 0 0 0 1 0 1 0 0 0 0 
0 0 0 1 0 0 0 1 0 0 0 0 0 0 0 
1 1 0 0 0 0 0 0 0 0 1 0 0 0 0 
1 0 0 1 1 1 1 1 0 0 1 0 1 0 0 
0 1 0 1 0 1 1 0 0 0 0 0 0 1 0 
0 1 0 0 1 1 1 0 0 0 0 0 0 0 1 
1 0 1 1 0 0 0 0 1 1 0 0 0 1 1 
1 0 0 0 0 0 0 1 0 0 0 0 0 0 0 
1 1 0 0 1 0 0 0 0 0 0 0 0 0 1 
0 0 0 0 0 0 0 0 0 0 0 0 0 1 0 
0 0 0 0 1 0 0 1 0 1 0 1 1 0 0 
0 0 0 0 0 0 0 1 0 0 0 1 1 0 0 
0 1 0 0 0 0 0 0 0 0 0 0 1 0 1 
0 1 0 0 0 0 0 0 0 0 0 0 0 1 0 
Best Sequence: 
12 11 7 2 3 10 8 0 14 9 6 5 4 13 1 
0 0 1 1 0 0 0 0 0 0 0 0 0 0 0 
0 0 0 0 1 1 1 0 0 0 0 0 0 0 0 
0 0 1 0 1 0 0 0 0 0 0 0 0 0 0 
0 0 0 0 0 1 0 1 0 0 0 0 0 0 1 
1 0 1 0 1 1 0 1 0 0 1 1 1 0 0 
0 0 0 0 1 0 0 0 0 0 1 1 0 1 1 
0 0 0 0 0 0 0 0 1 0 1 1 1 0 1 
0 0 0 1 1 0 1 1 1 1 0 0 0 1 0 
0 0 1 0 0 0 0 1 0 0 0 0 0 0 0 
0 0 0 0 0 0 0 1 1 0 0 0 1 0 1 
0 0 0 0 0 0 0 0 0 0 0 0 0 1 0 
1 1 1 0 0 0 0 0 0 1 0 0 1 0 0 
1 1 1 0 0 0 0 0 0 0 0 0 0 0 0 
1 0 0 0 0 0 0 0 1 0 0 0 0 0 1 
0 0 0 0 0 0 0 0 0 0 0 0 0 1 1 
OpenStacks: 8
Took 7.11 seconds

buffer: HS problem 1730 size 15 15 density  0.25
numCustomers: 15
numProducts: 15
0 1 0 0 0 0 0 0 1 0 0 1 0 0 0 
0 0 0 0 0 0 0 0 1 0 0 0 0 0 0 
0 1 0 0 0 0 1 0 0 1 0 1 1 0 0 
1 0 0 0 1 0 0 0 0 0 0 0 1 1 0 
1 1 0 0 0 0 0 1 0 1 0 0 1 0 1 
0 0 1 1 1 0 1 0 0 0 0 1 0 0 0 
0 0 0 1 0 0 1 0 0 0 1 1 0 1 0 
0 0 1 0 0 0 1 0 1 0 0 0 0 1 0 
1 0 0 0 0 0 0 0 0 0 0 0 0 0 0 
0 0 0 0 0 0 1 0 0 0 0 1 0 0 0 
1 0 0 0 0 0 1 1 0 0 1 1 0 1 0 
0 0 0 1 0 1 0 0 0 0 0 1 0 0 0 
0 1 0 0 0 0 0 0 0 0 0 0 0 0 0 
1 1 0 0 0 0 1 0 0 1 0 0 0 1 0 
1 0 1 0 0 1 1 0 0 0 0 0 0 1 1 
Best Sequence: 
11 5 3 6 13 10 8 14 12 9 7 4 2 1 0 
1 0 0 0 0 0 1 0 0 0 0 0 0 1 0 
0 0 0 0 0 0 1 0 0 0 0 0 0 0 0 
1 0 0 1 0 0 0 0 1 1 0 0 0 1 0 
0 0 0 0 1 0 0 0 1 0 0 1 0 0 1 
0 0 0 0 0 0 0 1 1 1 1 0 0 1 1 
1 0 1 1 0 0 0 0 0 0 0 1 1 0 0 
1 0 1 1 1 1 0 0 0 0 0 0 0 0 0 
0 0 0 1 1 0 1 0 0 0 0 0 1 0 0 
0 0 0 0 0 0 0 0 0 0 0 0 0 0 1 
1 0 0 1 0 0 0 0 0 0 0 0 0 0 0 
1 0 0 1 1 1 0 0 0 0 1 0 0 0 1 
1 1 1 0 0 0 0 0 0 0 0 0 0 0 0 
0 0 0 0 0 0 0 0 0 0 0 0 0 1 0 
0 0 0 1 1 0 0 0 0 1 0 0 0 1 1 
0 1 0 1 1 0 0 1 0 0 0 0 1 0 1 
OpenStacks: 9
Took 7.13 seconds

buffer: HS problem 1731 size 15 15 density  0.25
numCustomers: 15
numProducts: 15
0 0 1 0 1 1 0 0 0 0 0 0 1 0 1 
1 0 0 0 1 0 1 0 0 0 0 0 0 1 0 
0 0 0 0 0 0 0 1 0 0 0 1 0 1 0 
0 0 0 0 1 1 0 1 1 0 0 1 0 0 1 
1 0 1 1 1 0 0 0 0 0 1 1 0 0 1 
0 0 1 0 1 1 0 0 0 0 0 0 0 1 0 
0 0 0 0 0 1 0 1 1 0 0 1 0 1 0 
0 0 1 1 0 1 0 1 1 0 0 0 0 0 0 
0 0 0 0 0 0 1 0 0 0 0 0 0 0 0 
0 1 0 0 0 0 0 0 1 1 0 0 0 0 0 
0 0 0 0 0 0 0 0 1 1 1 1 1 0 0 
1 0 1 0 0 0 0 0 0 0 0 0 0 0 0 
0 1 0 0 0 0 0 0 0 0 0 1 0 0 0 
0 0 0 0 0 0 0 0 0 0 0 0 1 0 1 
0 1 0 0 0 0 1 1 0 1 0 0 1 0 0 
Best Sequence: 
14 12 11 10 9 1 8 13 7 6 5 4 3 2 0 
1 1 0 0 0 0 0 0 0 0 1 1 0 1 0 
0 0 0 0 0 0 0 1 0 1 0 1 0 0 1 
0 0 1 0 0 0 0 1 1 0 0 0 0 0 0 
1 0 1 0 0 0 1 0 1 0 1 1 0 0 0 
1 0 1 1 0 0 0 0 0 0 0 1 1 1 1 
0 0 0 0 0 0 0 1 0 0 1 1 0 1 0 
0 0 1 0 0 0 1 1 1 0 1 0 0 0 0 
0 0 0 0 0 0 1 0 1 0 1 0 1 1 0 
0 0 0 0 0 0 0 0 0 1 0 0 0 0 0 
0 0 0 0 1 1 1 0 0 0 0 0 0 0 0 
0 1 1 1 1 0 1 0 0 0 0 0 0 0 0 
0 0 0 0 0 0 0 0 0 0 0 0 0 1 1 
0 0 1 0 0 1 0 0 0 0 0 0 0 0 0 
1 1 0 0 0 0 0 0 0 0 0 0 0 0 0 
0 1 0 0 1 1 0 0 1 1 0 0 0 0 0 
OpenStacks: 9
Took 7.16 seconds

buffer: HS problem 1732 size 15 15 density  0.25
numCustomers: 15
numProducts: 15
1 0 1 0 1 0 0 0 0 0 0 0 0 0 1 
0 0 0 0 0 0 0 0 1 1 0 1 0 0 1 
0 0 0 0 0 0 0 0 0 0 1 0 0 1 0 
1 0 0 1 0 0 0 0 1 0 0 0 0 0 0 
0 0 1 0 0 0 0 0 1 0 0 0 1 0 0 
0 0 1 0 0 1 0 0 0 1 0 0 1 0 1 
0 1 0 0 0 0 0 0 1 0 0 0 0 0 0 
0 1 0 1 0 1 1 0 0 0 0 0 0 0 0 
0 0 1 0 0 0 0 1 0 1 0 0 0 0 0 
0 1 1 1 1 0 0 0 0 0 0 0 0 1 0 
0 0 0 0 0 0 0 0 1 1 1 0 0 0 1 
0 0 1 0 1 0 0 0 0 0 1 1 0 0 1 
0 0 0 0 0 0 1 1 0 0 0 0 0 0 0 
0 0 0 1 0 0 1 0 0 0 0 0 0 0 1 
0 0 1 0 0 1 0 0 0 0 0 0 0 0 0 
Best Sequence: 
14 11 9 8 10 13 12 2 7 6 5 4 3 1 0 
1 0 0 0 0 0 0 1 0 0 0 1 0 0 1 
1 1 1 1 0 0 0 0 0 0 0 0 0 0 0 
0 0 0 0 1 1 0 0 0 0 0 0 0 0 0 
0 0 0 1 0 0 0 0 0 0 0 0 1 0 1 
0 0 0 1 0 0 1 1 0 0 0 0 0 0 0 
1 0 1 0 0 0 1 1 0 0 1 0 0 0 0 
0 0 0 1 0 0 0 0 0 0 0 0 0 1 0 
0 0 0 0 0 0 0 0 0 1 1 0 1 1 0 
0 0 1 0 0 0 0 1 1 0 0 0 0 0 0 
0 0 0 0 0 1 0 1 0 0 0 1 1 1 0 
1 0 1 1 1 0 0 0 0 0 0 0 0 0 0 
1 1 0 0 1 0 0 1 0 0 0 1 0 0 0 
0 0 0 0 0 0 0 0 1 1 0 0 0 0 0 
1 0 0 0 0 0 0 0 0 1 0 0 1 0 0 
0 0 0 0 0 0 0 1 0 0 1 0 0 0 0 
OpenStacks: 10
Took 7.08 seconds

buffer: HS problem 1733 size 15 15 density  0.25
numCustomers: 15
numProducts: 15
1 1 1 0 0 0 0 1 0 0 0 0 1 0 0 
0 0 1 1 0 0 0 0 0 0 0 1 1 0 0 
1 0 0 1 1 0 0 0 0 0 0 0 0 0 1 
0 0 1 0 0 0 0 0 0 0 1 0 1 0 0 
0 0 0 1 1 0 0 0 0 0 1 0 0 0 0 
1 1 1 1 0 0 0 0 0 0 1 0 0 0 0 
0 1 0 0 0 0 1 0 0 0 0 0 1 1 0 
0 0 0 1 0 0 0 1 0 0 1 0 0 0 0 
0 1 0 0 1 0 0 0 1 0 1 0 0 0 0 
1 1 0 0 1 0 0 0 1 1 0 1 0 1 0 
0 0 0 0 0 1 0 0 0 0 1 0 0 0 1 
0 1 0 1 1 0 0 1 0 0 0 0 0 0 0 
1 0 1 0 0 1 1 0 1 1 0 0 1 0 0 
0 0 1 0 0 0 0 0 0 0 0 0 1 1 1 
0 1 1 0 1 1 1 0 0 0 0 0 1 0 0 
Best Sequence: 
10 7 3 4 1 8 14 13 12 11 9 6 5 2 0 
0 1 0 0 1 0 0 0 1 0 0 0 0 1 1 
0 0 1 0 0 0 0 0 1 1 0 0 0 1 0 
0 0 1 1 0 0 1 0 0 0 0 0 0 0 1 
1 0 0 0 0 0 0 0 1 0 0 0 0 1 0 
1 0 1 1 0 0 0 0 0 0 0 0 0 0 0 
1 0 1 0 1 0 0 0 0 0 0 0 0 1 1 
0 0 0 0 1 0 0 1 1 0 0 1 0 0 0 
1 1 1 0 0 0 0 0 0 0 0 0 0 0 0 
1 0 0 1 1 1 0 0 0 0 0 0 0 0 0 
0 0 0 1 1 1 0 1 0 1 1 0 0 0 1 
1 0 0 0 0 0 1 0 0 0 0 0 1 0 0 
0 1 1 1 1 0 0 0 0 0 0 0 0 0 0 
0 0 0 0 0 1 0 0 1 0 1 1 1 1 1 
0 0 0 0 0 0 1 1 1 0 0 0 0 1 0 
0 0 0 1 1 0 0 0 1 0 0 1 1 1 0 
OpenStacks: 11
Took 7.2 seconds

buffer: HS problem 1734 size 15 15 density  0.25
numCustomers: 15
numProducts: 15
1 0 1 0 0 0 1 0 0 0 0 0 0 0 1 
0 0 1 0 0 1 1 0 1 0 0 0 0 0 0 
0 0 1 0 0 0 0 1 0 1 1 0 1 0 0 
0 0 0 0 0 0 1 0 0 0 1 0 0 0 0 
0 0 0 0 1 0 0 0 1 0 0 0 0 0 0 
0 0 0 1 1 0 0 1 1 1 1 0 0 1 1 
0 0 0 0 0 1 0 0 0 1 1 0 0 0 0 
0 1 1 0 0 1 0 0 0 0 0 1 0 0 0 
0 0 0 0 1 0 0 0 1 1 0 0 0 0 0 
0 0 0 0 0 0 1 1 0 1 0 0 1 0 0 
0 0 0 0 0 1 0 0 0 0 1 1 0 0 0 
0 0 0 0 0 1 0 0 0 0 1 1 0 1 0 
0 0 1 0 1 0 1 0 0 1 0 0 0 1 0 
0 0 0 0 0 0 0 0 0 0 0 0 1 0 0 
0 0 0 1 0 0 0 1 1 0 0 0 0 0 0 
Best Sequence: 
11 10 5 13 14 2 1 6 12 9 7 8 4 3 0 
0 0 0 0 1 1 0 1 0 0 0 0 0 0 1 
0 0 1 0 0 1 0 1 0 0 0 1 0 0 0 
0 1 0 0 0 1 0 0 1 1 1 0 0 0 0 
0 1 0 0 0 0 0 1 0 0 0 0 0 0 0 
0 0 0 0 0 0 0 0 0 0 0 1 1 0 0 
0 1 0 1 1 0 0 0 0 1 1 1 1 1 0 
0 1 1 0 0 0 0 0 0 1 0 0 0 0 0 
1 0 1 0 0 1 1 0 0 0 0 0 0 0 0 
0 0 0 0 0 0 0 0 0 1 0 1 1 0 0 
0 0 0 0 0 0 0 1 1 1 1 0 0 0 0 
1 1 1 0 0 0 0 0 0 0 0 0 0 0 0 
1 1 1 1 0 0 0 0 0 0 0 0 0 0 0 
0 0 0 1 0 1 0 1 0 1 0 0 1 0 0 
0 0 0 0 0 0 0 0 1 0 0 0 0 0 0 
0 0 0 0 0 0 0 0 0 0 1 1 0 1 0 
OpenStacks: 8
Took 7.12 seconds

buffer: HS problem 1735 size 15 15 density  0.25
numCustomers: 15
numProducts: 15
1 0 0 1 0 0 0 0 0 0 0 0 1 0 0 
1 0 0 0 0 0 1 0 0 0 0 0 0 0 0 
0 0 0 0 0 1 0 0 0 0 0 0 0 0 1 
0 0 0 0 0 1 0 0 1 0 0 0 0 0 0 
0 0 0 0 1 0 0 1 0 0 0 0 0 0 0 
0 1 0 0 0 0 0 0 1 0 0 0 1 0 0 
0 0 1 0 0 0 0 0 0 1 1 0 1 0 1 
0 0 0 0 0 0 0 0 0 1 1 0 0 1 1 
0 0 0 0 0 0 1 0 0 1 0 0 0 0 0 
1 0 0 0 0 0 0 0 1 1 0 1 0 0 1 
0 0 0 0 1 1 0 1 0 1 1 0 1 0 0 
0 0 1 0 0 0 0 0 0 0 0 1 0 0 0 
0 0 0 0 1 1 0 0 0 0 0 0 0 0 0 
1 1 0 0 1 0 0 0 0 0 0 1 1 0 1 
1 0 0 1 1 0 0 1 0 0 0 0 0 0 0 
