Solving by Brute Force...
buffer: Warwick 121: balanced orders, 2 orders per product
numCustomers: 10
numProducts: 20
0 1 0 0 0 0 0 0 0 1 0 0 0 1 0 0 0 0 0 1 
1 0 0 0 0 0 0 0 1 0 1 0 0 0 1 0 0 0 0 0 
0 0 0 0 0 0 0 0 0 0 0 0 1 1 1 0 0 0 1 0 
0 0 0 0 1 0 0 1 0 0 0 0 0 0 0 0 0 0 0 1 
0 0 0 0 0 0 0 0 0 0 0 0 0 0 0 0 1 0 0 0 
0 0 0 1 1 1 0 0 0 1 0 0 0 0 0 0 0 0 0 0 
1 0 0 0 0 1 0 0 0 0 0 1 0 0 0 1 0 0 0 0 
0 0 1 0 0 0 1 0 0 0 0 0 0 0 0 0 1 1 0 0 
0 1 0 1 0 0 1 1 1 0 0 1 0 0 0 0 0 1 1 0 
0 0 1 0 0 0 0 0 0 0 1 0 1 0 0 1 0 0 0 0 
