Solving by Brute Force...
buffer: Warwick 1291: balanced orders, 6 orders per product
numCustomers: 30
numProducts: 10
1 1 0 0 1 1 0 0 1 0 
0 0 1 0 0 0 0 0 0 1 
0 0 0 0 0 0 1 0 1 0 
0 0 1 0 0 1 1 0 0 0 
0 0 0 0 0 1 0 1 0 0 
0 0 0 1 0 0 1 1 0 1 
1 0 0 0 0 0 0 0 0 0 
0 1 1 0 0 0 0 0 0 0 
0 0 0 0 0 0 0 1 0 0 
0 0 0 1 1 0 0 0 0 0 
0 0 0 1 1 0 0 0 0 0 
0 0 0 1 0 0 0 0 0 0 
1 1 0 0 1 0 0 0 0 1 
0 0 0 1 0 0 0 0 0 0 
0 0 0 0 0 0 0 0 1 0 
0 0 0 0 0 1 1 0 0 0 
1 0 0 0 0 0 0 0 0 1 
1 1 0 0 0 1 0 1 0 0 
0 0 0 0 1 0 1 0 0 0 
0 1 0 0 0 0 0 0 0 1 
0 0 0 0 1 0 0 0 0 0 
0 0 0 0 0 0 0 1 0 0 
0 0 0 0 0 1 0 0 0 0 
1 0 0 0 0 0 0 0 1 1 
0 0 1 0 0 0 0 0 0 0 
0 0 0 0 0 0 0 0 1 0 
0 0 1 0 0 0 1 1 1 0 
0 0 0 1 0 0 0 0 0 0 
0 1 0 0 0 0 0 0 0 0 
0 0 1 0 0 0 0 0 0 0 
Best Sequence: 
2 1 9 0 7 5 6 4 3 8 
0 1 0 1 0 1 0 1 0 1 
1 0 1 0 0 0 0 0 0 0 
0 0 0 0 0 0 1 0 0 1 
1 0 0 0 0 1 1 0 0 0 
0 0 0 0 1 1 0 0 0 0 
0 0 1 0 1 0 1 0 1 0 
0 0 0 1 0 0 0 0 0 0 
1 1 0 0 0 0 0 0 0 0 
0 0 0 0 1 0 0 0 0 0 
0 0 0 0 0 0 0 1 1 0 
0 0 0 0 0 0 0 1 1 0 
0 0 0 0 0 0 0 0 1 0 
0 1 1 1 0 0 0 1 0 0 
0 0 0 0 0 0 0 0 1 0 
0 0 0 0 0 0 0 0 0 1 
0 0 0 0 0 1 1 0 0 0 
0 0 1 1 0 0 0 0 0 0 
0 1 0 1 1 1 0 0 0 0 
0 0 0 0 0 0 1 1 0 0 
0 1 1 0 0 0 0 0 0 0 
0 0 0 0 0 0 0 1 0 0 
0 0 0 0 1 0 0 0 0 0 
0 0 0 0 0 1 0 0 0 0 
0 0 1 1 0 0 0 0 0 1 
1 0 0 0 0 0 0 0 0 0 
0 0 0 0 0 0 0 0 0 1 
1 0 0 0 1 0 1 0 0 1 
0 0 0 0 0 0 0 0 1 0 
0 1 0 0 0 0 0 0 0 0 
1 0 0 0 0 0 0 0 0 0 
OpenStacks: 10
Took 57.51 seconds

buffer: Warwick 1292: balanced orders, 6 orders per product
numCustomers: 30
numProducts: 10
0 1 0 0 0 0 0 0 0 0 
0 0 0 0 0 0 0 1 0 0 
0 1 1 0 0 0 0 0 0 0 
0 0 0 0 0 0 0 1 0 0 
0 0 0 1 1 0 0 0 0 0 
0 0 0 0 1 1 0 1 0 1 
0 0 1 0 1 0 0 0 0 0 
0 0 0 0 0 0 1 0 0 0 
0 0 1 0 0 0 0 0 1 0 
0 0 0 0 0 1 0 0 0 1 
1 0 0 1 0 0 0 0 1 1 
0 0 0 0 0 1 1 0 0 0 
0 1 0 0 1 0 0 0 1 0 
0 0 0 0 0 0 1 0 0 0 
0 0 1 0 1 0 0 0 1 0 
0 0 0 0 0 0 0 1 0 0 
0 0 0 0 0 1 1 0 0 0 
0 0 0 0 0 1 0 0 0 0 
0 0 0 1 0 0 1 0 1 0 
0 0 1 0 0 0 0 0 0 1 
1 0 0 0 0 0 0 0 0 0 
0 0 0 0 1 0 0 0 0 0 
0 0 0 1 0 0 0 0 0 0 
1 1 0 1 0 0 0 1 0 0 
0 0 0 0 0 0 1 0 0 1 
1 0 0 0 0 0 0 0 0 0 
0 1 1 1 0 1 0 0 0 0 
1 0 0 0 0 0 0 0 0 0 
1 0 0 0 0 0 0 0 0 0 
0 1 0 0 0 0 0 1 1 1 
Best Sequence: 
9 6 5 8 2 1 3 4 0 7 
0 0 0 0 0 1 0 0 0 0 
0 0 0 0 0 0 0 0 0 1 
0 0 0 0 1 1 0 0 0 0 
0 0 0 0 0 0 0 0 0 1 
0 0 0 0 0 0 1 1 0 0 
1 0 1 0 0 0 0 1 0 1 
0 0 0 0 1 0 0 1 0 0 
0 1 0 0 0 0 0 0 0 0 
0 0 0 1 1 0 0 0 0 0 
1 0 1 0 0 0 0 0 0 0 
1 0 0 1 0 0 1 0 1 0 
0 1 1 0 0 0 0 0 0 0 
0 0 0 1 0 1 0 1 0 0 
0 1 0 0 0 0 0 0 0 0 
0 0 0 1 1 0 0 1 0 0 
0 0 0 0 0 0 0 0 0 1 
0 1 1 0 0 0 0 0 0 0 
0 0 1 0 0 0 0 0 0 0 
0 1 0 1 0 0 1 0 0 0 
1 0 0 0 1 0 0 0 0 0 
0 0 0 0 0 0 0 0 1 0 
0 0 0 0 0 0 0 1 0 0 
0 0 0 0 0 0 1 0 0 0 
0 0 0 0 0 1 1 0 1 1 
1 1 0 0 0 0 0 0 0 0 
0 0 0 0 0 0 0 0 1 0 
0 0 1 0 1 1 1 0 0 0 
0 0 0 0 0 0 0 0 1 0 
0 0 0 0 0 0 0 0 1 0 
1 0 0 1 0 1 0 0 0 1 
OpenStacks: 11
Took 57.07 seconds

buffer: Warwick 1293: balanced orders, 6 orders per product
numCustomers: 30
numProducts: 10
0 0 0 1 0 0 0 1 0 0 
0 0 0 0 0 0 1 0 1 0 
0 0 0 0 1 0 0 0 0 0 
0 0 1 0 0 0 0 0 1 0 
1 0 0 0 0 1 0 0 0 0 
0 0 0 1 0 0 0 1 0 0 
1 0 0 0 0 0 0 0 0 0 
0 0 0 0 1 0 0 0 0 1 
0 0 0 0 1 1 0 0 0 0 
1 0 0 0 0 1 0 1 0 1 
0 0 0 0 1 0 0 0 0 0 
1 1 1 0 0 1 0 0 0 1 
0 0 0 0 1 0 0 0 0 0 
0 0 0 1 0 0 0 0 0 1 
0 1 0 0 0 0 0 0 0 0 
1 0 0 1 0 0 0 0 1 0 
0 0 1 0 0 0 0 0 0 1 
0 0 0 0 0 0 0 1 0 0 
0 1 0 0 0 1 0 0 1 0 
0 1 1 0 0 0 0 0 0 0 
0 0 0 0 0 0 1 0 0 0 
0 1 0 0 0 0 1 0 0 0 
0 0 0 0 0 0 1 0 0 0 
0 1 1 0 0 0 0 0 0 0 
0 0 0 1 0 1 0 0 0 0 
0 0 0 0 0 0 0 0 0 1 
1 0 0 0 0 0 1 1 0 0 
0 0 0 0 0 0 0 0 1 0 
0 0 1 0 1 0 1 0 0 0 
0 0 0 1 0 0 0 1 1 0 
Best Sequence: 
9 7 3 5 0 8 2 1 4 6 
0 1 1 0 0 0 0 0 0 0 
0 0 0 0 0 1 0 0 0 1 
0 0 0 0 0 0 0 0 1 0 
0 0 0 0 0 1 1 0 0 0 
0 0 0 1 1 0 0 0 0 0 
0 1 1 0 0 0 0 0 0 0 
0 0 0 0 1 0 0 0 0 0 
1 0 0 0 0 0 0 0 1 0 
0 0 0 1 0 0 0 0 1 0 
1 1 0 1 1 0 0 0 0 0 
0 0 0 0 0 0 0 0 1 0 
1 0 0 1 1 0 1 1 0 0 
0 0 0 0 0 0 0 0 1 0 
1 0 1 0 0 0 0 0 0 0 
0 0 0 0 0 0 0 1 0 0 
0 0 1 0 1 1 0 0 0 0 
1 0 0 0 0 0 1 0 0 0 
0 1 0 0 0 0 0 0 0 0 
0 0 0 1 0 1 0 1 0 0 
0 0 0 0 0 0 1 1 0 0 
0 0 0 0 0 0 0 0 0 1 
0 0 0 0 0 0 0 1 0 1 
0 0 0 0 0 0 0 0 0 1 
0 0 0 0 0 0 1 1 0 0 
0 0 1 1 0 0 0 0 0 0 
1 0 0 0 0 0 0 0 0 0 
0 1 0 0 1 0 0 0 0 1 
0 0 0 0 0 1 0 0 0 0 
0 0 0 0 0 0 1 0 1 1 
0 1 1 0 0 1 0 0 0 0 
OpenStacks: 11
Took 57.48 seconds

buffer: Warwick 1294: balanced orders, 6 orders per product
numCustomers: 30
numProducts: 10
1 0 0 1 0 0 0 0 1 0 
0 0 0 0 0 0 1 0 0 0 
0 0 1 1 0 0 0 0 0 0 
0 0 1 0 1 0 0 0 0 0 
0 0 0 0 0 0 1 0 0 0 
0 0 0 1 0 0 0 0 0 1 
0 0 1 0 0 0 0 1 0 0 
0 1 0 0 1 0 0 0 0 1 
0 0 1 0 0 0 0 0 1 0 
0 0 0 0 0 1 0 0 1 0 
0 0 0 1 0 0 1 1 0 1 
1 0 0 0 0 0 0 0 0 0 
0 0 0 0 1 0 1 0 0 0 
0 0 1 0 0 0 1 0 0 0 
0 0 0 0 0 0 0 0 0 1 
0 1 0 0 0 0 1 0 0 0 
0 0 1 0 0 1 0 0 0 0 
0 0 0 0 0 0 0 0 1 0 
0 0 0 0 0 0 0 0 1 0 
1 0 0 0 0 1 0 0 0 0 
1 0 0 1 1 0 0 0 0 0 
0 0 0 0 1 0 0 1 1 1 
1 0 0 0 0 1 0 0 0 0 
0 1 0 0 0 0 0 0 0 1 
0 1 0 0 0 0 0 1 0 0 
0 0 0 1 0 0 0 1 0 0 
1 0 0 0 0 1 0 0 0 0 
0 1 0 0 0 0 0 0 0 0 
0 1 0 0 0 0 0 0 0 0 
0 0 0 0 1 1 0 1 0 0 
Best Sequence: 
9 6 1 7 4 3 2 0 5 8 
0 0 0 0 0 1 0 1 0 1 
0 1 0 0 0 0 0 0 0 0 
0 0 0 0 0 1 1 0 0 0 
0 0 0 0 1 0 1 0 0 0 
0 1 0 0 0 0 0 0 0 0 
1 0 0 0 0 1 0 0 0 0 
0 0 0 1 0 0 1 0 0 0 
1 0 1 0 1 0 0 0 0 0 
0 0 0 0 0 0 1 0 0 1 
0 0 0 0 0 0 0 0 1 1 
1 1 0 1 0 1 0 0 0 0 
0 0 0 0 0 0 0 1 0 0 
0 1 0 0 1 0 0 0 0 0 
0 1 0 0 0 0 1 0 0 0 
1 0 0 0 0 0 0 0 0 0 
0 1 1 0 0 0 0 0 0 0 
0 0 0 0 0 0 1 0 1 0 
0 0 0 0 0 0 0 0 0 1 
0 0 0 0 0 0 0 0 0 1 
0 0 0 0 0 0 0 1 1 0 
0 0 0 0 1 1 0 1 0 0 
1 0 0 1 1 0 0 0 0 1 
0 0 0 0 0 0 0 1 1 0 
1 0 1 0 0 0 0 0 0 0 
0 0 1 1 0 0 0 0 0 0 
0 0 0 1 0 1 0 0 0 0 
0 0 0 0 0 0 0 1 1 0 
0 0 1 0 0 0 0 0 0 0 
0 0 1 0 0 0 0 0 0 0 
0 0 0 1 1 0 0 0 1 0 
OpenStacks: 11
Took 57.45 seconds

buffer: Warwick 1295: balanced orders, 6 orders per product
numCustomers: 30
numProducts: 10
0 0 0 0 0 1 1 0 0 0 
0 0 0 1 0 0 1 1 0 0 
0 0 0 0 0 0 1 0 0 0 
0 0 0 0 0 0 0 0 1 0 
0 0 1 1 1 0 0 0 0 0 
0 0 0 0 0 0 1 0 0 0 
1 0 1 1 0 0 0 0 0 0 
0 0 0 0 1 0 0 0 0 0 
0 0 0 0 0 0 0 0 0 1 
1 0 0 0 0 0 0 0 1 0 
1 0 0 0 0 0 0 0 0 0 
0 0 0 0 0 0 0 0 1 0 
0 1 0 0 0 0 0 0 0 0 
0 1 0 0 0 1 0 0 1 0 
1 1 0 1 1 0 0 1 0 0 
0 1 0 0 0 0 0 0 0 1 
0 0 0 0 1 0 1 1 0 1 
0 0 0 0 0 0 0 1 1 0 
1 0 0 0 0 0 1 0 0 1 
0 1 0 0 0 0 0 0 0 1 
0 0 1 0 0 1 0 0 0 0 
0 0 1 0 0 1 0 0 1 0 
0 0 1 0 1 0 0 0 0 0 
0 0 0 0 0 1 0 0 0 1 
0 0 1 1 0 0 0 0 0 0 
0 1 0 0 1 0 0 0 0 0 
1 0 0 0 0 0 0 0 0 0 
0 0 0 0 0 0 0 1 0 0 
0 0 0 0 0 1 0 1 0 0 
0 0 0 1 0 0 0 0 0 0 
Best Sequence: 
9 4 1 2 3 0 5 6 7 8 
0 0 0 0 0 0 1 1 0 0 
0 0 0 0 1 0 0 1 1 0 
0 0 0 0 0 0 0 1 0 0 
0 0 0 0 0 0 0 0 0 1 
0 1 0 1 1 0 0 0 0 0 
0 0 0 0 0 0 0 1 0 0 
0 0 0 1 1 1 0 0 0 0 
0 1 0 0 0 0 0 0 0 0 
1 0 0 0 0 0 0 0 0 0 
0 0 0 0 0 1 0 0 0 1 
0 0 0 0 0 1 0 0 0 0 
0 0 0 0 0 0 0 0 0 1 
0 0 1 0 0 0 0 0 0 0 
0 0 1 0 0 0 1 0 0 1 
0 1 1 0 1 1 0 0 1 0 
1 0 1 0 0 0 0 0 0 0 
1 1 0 0 0 0 0 1 1 0 
0 0 0 0 0 0 0 0 1 1 
1 0 0 0 0 1 0 1 0 0 
1 0 1 0 0 0 0 0 0 0 
0 0 0 1 0 0 1 0 0 0 
0 0 0 1 0 0 1 0 0 1 
0 1 0 1 0 0 0 0 0 0 
1 0 0 0 0 0 1 0 0 0 
0 0 0 1 1 0 0 0 0 0 
0 1 1 0 0 0 0 0 0 0 
0 0 0 0 0 1 0 0 0 0 
0 0 0 0 0 0 0 0 1 0 
0 0 0 0 0 0 1 0 1 0 
0 0 0 0 1 0 0 0 0 0 
OpenStacks: 12
Took 56.9 seconds

buffer: Warwick 1296: balanced orders, 6 orders per product
numCustomers: 30
numProducts: 10
1 0 0 0 0 0 0 0 0 1 
0 1 0 0 0 0 0 0 0 1 
0 0 0 1 0 0 0 0 0 0 
0 1 0 0 0 1 0 0 0 0 
0 1 1 0 1 0 0 1 0 0 
0 1 1 1 0 0 0 0 0 0 
0 1 1 0 0 1 0 0 0 1 
0 0 0 0 0 1 0 0 0 0 
0 0 1 0 0 0 0 1 0 0 
0 0 0 0 0 0 0 1 1 0 
0 0 0 0 1 0 0 0 0 0 
0 0 0 0 1 0 0 0 0 0 
1 0 0 0 0 0 1 0 0 0 
0 0 1 0 0 0 1 0 0 1 
0 0 0 0 1 1 0 0 0 0 
0 0 0 0 0 0 1 0 0 0 
0 1 0 0 0 0 0 0 0 0 
0 0 0 0 0 0 0 0 1 0 
0 0 0 0 0 0 0 1 0 0 
0 0 0 1 1 0 0 0 1 0 
1 0 0 1 0 0 0 1 0 0 
0 0 1 0 0 0 0 0 1 0 
0 0 0 1 0 0 0 0 0 0 
0 0 0 0 1 0 1 0 0 0 
0 0 0 0 0 0 0 0 0 1 
0 0 0 0 0 0 1 0 1 0 
1 0 0 0 0 1 0 0 0 0 
0 0 0 1 0 0 0 1 0 0 
1 0 0 0 0 1 1 0 1 1 
1 0 0 0 0 0 0 0 0 0 
Best Sequence: 
9 5 1 4 0 3 2 6 7 8 
1 0 0 0 1 0 0 0 0 0 
1 0 1 0 0 0 0 0 0 0 
0 0 0 0 0 1 0 0 0 0 
0 1 1 0 0 0 0 0 0 0 
0 0 1 1 0 0 1 0 1 0 
0 0 1 0 0 1 1 0 0 0 
1 1 1 0 0 0 1 0 0 0 
0 1 0 0 0 0 0 0 0 0 
0 0 0 0 0 0 1 0 1 0 
0 0 0 0 0 0 0 0 1 1 
0 0 0 1 0 0 0 0 0 0 
0 0 0 1 0 0 0 0 0 0 
0 0 0 0 1 0 0 1 0 0 
1 0 0 0 0 0 1 1 0 0 
0 1 0 1 0 0 0 0 0 0 
0 0 0 0 0 0 0 1 0 0 
0 0 1 0 0 0 0 0 0 0 
0 0 0 0 0 0 0 0 0 1 
0 0 0 0 0 0 0 0 1 0 
0 0 0 1 0 1 0 0 0 1 
0 0 0 0 1 1 0 0 1 0 
0 0 0 0 0 0 1 0 0 1 
0 0 0 0 0 1 0 0 0 0 
0 0 0 1 0 0 0 1 0 0 
1 0 0 0 0 0 0 0 0 0 
0 0 0 0 0 0 0 1 0 1 
0 1 0 0 1 0 0 0 0 0 
0 0 0 0 0 1 0 0 1 0 
1 1 0 0 1 0 0 1 0 1 
0 0 0 0 1 0 0 0 0 0 
OpenStacks: 12
Took 57.7 seconds

buffer: Warwick 1297: balanced orders, 6 orders per product
numCustomers: 30
numProducts: 10
0 0 0 0 0 0 1 0 0 0 
0 0 0 0 0 1 0 0 0 0 
1 0 0 0 0 0 0 1 0 0 
1 0 0 1 0 0 0 1 1 1 
1 0 0 0 0 0 0 0 0 0 
0 0 0 0 0 1 0 0 0 0 
0 0 0 1 0 0 0 0 0 0 
0 0 0 0 1 0 0 0 0 0 
0 1 0 0 0 1 1 1 0 0 
0 0 0 0 0 0 0 0 0 1 
0 1 0 1 1 0 0 0 0 0 
0 0 0 0 1 0 0 0 0 1 
0 1 0 0 0 1 0 0 0 0 
1 0 0 1 0 0 0 0 0 0 
1 1 0 0 0 0 0 0 0 1 
0 0 1 1 1 0 0 1 0 0 
0 0 0 1 0 0 0 0 1 1 
0 1 1 0 0 0 0 1 1 0 
0 0 0 0 0 0 1 0 0 0 
0 1 0 0 0 0 0 0 0 0 
0 0 1 0 0 0 0 0 0 1 
0 0 0 0 0 0 0 1 0 0 
0 0 0 0 1 1 1 0 1 0 
1 0 0 0 0 0 0 0 1 0 
0 0 0 0 0 0 1 0 0 0 
0 0 0 0 0 0 1 0 0 0 
0 0 0 0 0 1 0 0 0 0 
0 0 1 0 1 0 0 0 1 0 
0 0 1 0 0 0 0 0 0 0 
0 0 1 0 0 0 0 0 0 0 
Best Sequence: 
9 2 4 8 3 0 1 5 6 7 
0 0 0 0 0 0 0 0 1 0 
0 0 0 0 0 0 0 1 0 0 
0 0 0 0 0 1 0 0 0 1 
1 0 0 1 1 1 0 0 0 1 
0 0 0 0 0 1 0 0 0 0 
0 0 0 0 0 0 0 1 0 0 
0 0 0 0 1 0 0 0 0 0 
0 0 1 0 0 0 0 0 0 0 
0 0 0 0 0 0 1 1 1 1 
1 0 0 0 0 0 0 0 0 0 
0 0 1 0 1 0 1 0 0 0 
1 0 1 0 0 0 0 0 0 0 
0 0 0 0 0 0 1 1 0 0 
0 0 0 0 1 1 0 0 0 0 
1 0 0 0 0 1 1 0 0 0 
0 1 1 0 1 0 0 0 0 1 
1 0 0 1 1 0 0 0 0 0 
0 1 0 1 0 0 1 0 0 1 
0 0 0 0 0 0 0 0 1 0 
0 0 0 0 0 0 1 0 0 0 
1 1 0 0 0 0 0 0 0 0 
0 0 0 0 0 0 0 0 0 1 
0 0 1 1 0 0 0 1 1 0 
0 0 0 1 0 1 0 0 0 0 
0 0 0 0 0 0 0 0 1 0 
0 0 0 0 0 0 0 0 1 0 
0 0 0 0 0 0 0 1 0 0 
0 1 1 1 0 0 0 0 0 0 
0 1 0 0 0 0 0 0 0 0 
0 1 0 0 0 0 0 0 0 0 
OpenStacks: 10
Took 56.98 seconds

buffer: Warwick 1298: balanced orders, 6 orders per product
numCustomers: 30
numProducts: 10
0 0 0 1 0 0 0 1 0 0 
0 0 0 0 0 1 0 1 0 0 
0 0 0 0 0 0 0 0 1 0 
1 0 0 0 0 0 0 0 0 0 
1 0 0 1 0 0 1 1 0 0 
0 0 0 0 0 0 0 0 0 1 
0 1 0 0 0 0 0 0 0 0 
0 0 0 1 1 1 0 0 0 0 
0 0 0 1 0 0 0 0 0 0 
0 0 1 0 0 1 0 0 0 0 
1 0 0 0 1 0 0 1 0 1 
0 0 0 0 1 0 1 0 0 0 
0 0 0 0 1 0 0 0 0 1 
1 0 1 0 0 0 0 0 0 1 
0 0 0 0 0 0 0 0 1 0 
0 1 1 0 0 0 0 0 0 0 
1 0 0 0 1 0 0 0 0 1 
0 0 0 1 0 1 0 0 0 0 
0 1 0 0 0 1 0 0 0 0 
1 0 0 0 0 0 1 0 0 0 
0 0 0 0 0 0 0 0 1 0 
0 0 1 0 0 0 1 1 0 0 
0 0 1 0 0 0 0 0 0 0 
0 1 0 0 0 0 0 0 1 0 
0 0 0 0 0 0 0 0 1 1 
0 0 0 0 0 0 1 0 1 0 
0 1 1 1 0 0 1 0 0 0 
0 0 0 0 0 1 0 0 0 0 
0 1 0 0 0 0 0 0 0 0 
0 0 0 0 1 0 0 1 0 0 
Best Sequence: 
9 4 0 7 6 3 2 5 1 8 
0 0 0 1 0 1 0 0 0 0 
0 0 0 1 0 0 0 1 0 0 
0 0 0 0 0 0 0 0 0 1 
0 0 1 0 0 0 0 0 0 0 
0 0 1 1 1 1 0 0 0 0 
1 0 0 0 0 0 0 0 0 0 
0 0 0 0 0 0 0 0 1 0 
0 1 0 0 0 1 0 1 0 0 
0 0 0 0 0 1 0 0 0 0 
0 0 0 0 0 0 1 1 0 0 
1 1 1 1 0 0 0 0 0 0 
0 1 0 0 1 0 0 0 0 0 
1 1 0 0 0 0 0 0 0 0 
1 0 1 0 0 0 1 0 0 0 
0 0 0 0 0 0 0 0 0 1 
0 0 0 0 0 0 1 0 1 0 
1 1 1 0 0 0 0 0 0 0 
0 0 0 0 0 1 0 1 0 0 
0 0 0 0 0 0 0 1 1 0 
0 0 1 0 1 0 0 0 0 0 
0 0 0 0 0 0 0 0 0 1 
0 0 0 1 1 0 1 0 0 0 
0 0 0 0 0 0 1 0 0 0 
0 0 0 0 0 0 0 0 1 1 
1 0 0 0 0 0 0 0 0 1 
0 0 0 0 1 0 0 0 0 1 
0 0 0 0 1 1 1 0 1 0 
0 0 0 0 0 0 0 1 0 0 
0 0 0 0 0 0 0 0 1 0 
0 1 0 1 0 0 0 0 0 0 
OpenStacks: 11
Took 57.71 seconds

buffer: Warwick 1299: balanced orders, 6 orders per product
numCustomers: 30
numProducts: 10
0 0 0 0 0 0 0 0 0 1 
1 0 0 0 0 0 0 0 1 1 
0 0 0 0 0 1 0 0 0 0 
0 1 1 1 0 0 0 0 0 0 
0 0 0 1 0 0 0 0 0 1 
0 0 0 0 0 0 1 0 0 0 
1 1 0 1 0 0 0 0 1 0 
0 0 0 0 0 0 0 0 1 0 
0 1 0 0 1 0 0 0 0 0 
0 1 0 0 0 1 1 1 0 0 
0 0 0 1 0 1 0 0 0 0 
0 0 1 0 0 0 0 0 1 0 
0 0 0 0 1 0 0 1 0 0 
0 0 0 0 0 0 0 0 0 1 
0 0 0 1 0 0 0 1 0 0 
0 0 1 1 0 0 0 0 0 0 
0 0 0 0 0 0 0 0 0 1 
0 0 0 0 0 0 1 0 1 0 
0 0 0 0 0 1 1 0 0 0 
1 0 0 0 0 0 0 1 0 0 
0 0 1 0 1 0 0 0 0 0 
1 0 1 0 0 1 1 0 0 0 
0 1 0 0 0 0 1 0 0 0 
0 0 1 0 0 0 0 0 0 0 
1 0 0 0 0 0 0 1 0 0 
0 0 0 0 1 1 0 1 0 0 
0 0 0 0 1 0 0 0 0 0 
1 0 0 0 0 0 0 0 0 1 
0 0 0 0 1 0 0 0 0 0 
0 1 0 0 0 0 0 0 1 0 
Best Sequence: 
9 7 0 4 3 2 5 1 6 8 
1 0 0 0 0 0 0 0 0 0 
1 0 1 0 0 0 0 0 0 1 
0 0 0 0 0 0 1 0 0 0 
0 0 0 0 1 1 0 1 0 0 
1 0 0 0 1 0 0 0 0 0 
0 0 0 0 0 0 0 0 1 0 
0 0 1 0 1 0 0 1 0 1 
0 0 0 0 0 0 0 0 0 1 
0 0 0 1 0 0 0 1 0 0 
0 1 0 0 0 0 1 1 1 0 
0 0 0 0 1 0 1 0 0 0 
0 0 0 0 0 1 0 0 0 1 
0 1 0 1 0 0 0 0 0 0 
1 0 0 0 0 0 0 0 0 0 
0 1 0 0 1 0 0 0 0 0 
0 0 0 0 1 1 0 0 0 0 
1 0 0 0 0 0 0 0 0 0 
0 0 0 0 0 0 0 0 1 1 
0 0 0 0 0 0 1 0 1 0 
0 1 1 0 0 0 0 0 0 0 
0 0 0 1 0 1 0 0 0 0 
0 0 1 0 0 1 1 0 1 0 
0 0 0 0 0 0 0 1 1 0 
0 0 0 0 0 1 0 0 0 0 
0 1 1 0 0 0 0 0 0 0 
0 1 0 1 0 0 1 0 0 0 
0 0 0 1 0 0 0 0 0 0 
1 0 1 0 0 0 0 0 0 0 
0 0 0 1 0 0 0 0 0 0 
0 0 0 0 0 0 0 1 0 1 
OpenStacks: 12
Took 57.38 seconds

buffer: Warwick 1300: balanced orders, 6 orders per product
numCustomers: 30
numProducts: 10
0 0 0 0 0 0 0 0 1 0 
0 1 0 0 0 1 0 0 0 0 
0 0 0 0 0 0 0 1 0 0 
0 0 0 0 0 0 0 0 0 1 
0 0 0 1 0 0 0 0 0 0 
1 1 0 0 0 1 0 0 0 0 
0 1 0 0 0 0 0 0 0 0 
0 0 0 0 1 0 0 0 0 0 
0 0 0 0 0 0 0 1 0 0 
0 0 1 0 0 0 0 0 1 0 
0 0 0 0 0 0 1 0 1 1 
1 1 0 1 0 0 0 0 1 1 
0 0 0 1 0 1 0 1 0 0 
0 0 0 0 0 0 0 1 0 0 
1 0 0 0 1 0 1 0 0 0 
0 0 0 0 0 1 0 0 0 1 
0 0 0 0 1 1 0 0 0 0 
0 1 1 0 0 0 0 0 0 0 
0 0 1 0 0 0 1 0 0 0 
0 1 0 0 0 0 0 0 1 0 
0 0 0 0 1 0 0 0 0 0 
0 0 0 0 1 0 0 0 0 0 
0 0 0 1 0 0 1 0 0 1 
0 0 0 1 1 1 0 0 1 0 
1 0 1 0 0 0 0 1 0 0 
0 0 0 0 0 0 1 0 0 0 
0 0 0 0 0 0 0 1 0 0 
1 0 1 1 0 0 1 0 0 0 
0 0 1 0 0 0 0 0 0 0 
1 0 0 0 0 0 0 0 0 1 
Best Sequence: 
9 4 6 0 5 3 1 2 7 8 
0 0 0 0 0 0 0 0 0 1 
0 0 0 0 1 0 1 0 0 0 
0 0 0 0 0 0 0 0 1 0 
1 0 0 0 0 0 0 0 0 0 
0 0 0 0 0 1 0 0 0 0 
0 0 0 1 1 0 1 0 0 0 
0 0 0 0 0 0 1 0 0 0 
0 1 0 0 0 0 0 0 0 0 
0 0 0 0 0 0 0 0 1 0 
0 0 0 0 0 0 0 1 0 1 
1 0 1 0 0 0 0 0 0 1 
1 0 0 1 0 1 1 0 0 1 
0 0 0 0 1 1 0 0 1 0 
0 0 0 0 0 0 0 0 1 0 
0 1 1 1 0 0 0 0 0 0 
1 0 0 0 1 0 0 0 0 0 
0 1 0 0 1 0 0 0 0 0 
0 0 0 0 0 0 1 1 0 0 
0 0 1 0 0 0 0 1 0 0 
0 0 0 0 0 0 1 0 0 1 
0 1 0 0 0 0 0 0 0 0 
0 1 0 0 0 0 0 0 0 0 
1 0 1 0 0 1 0 0 0 0 
0 1 0 0 1 1 0 0 0 1 
0 0 0 1 0 0 0 1 1 0 
0 0 1 0 0 0 0 0 0 0 
0 0 0 0 0 0 0 0 1 0 
0 0 1 1 0 1 0 1 0 0 
0 0 0 0 0 0 0 1 0 0 
1 0 0 1 0 0 0 0 0 0 
OpenStacks: 12
Took 57.38 seconds

buffer: Warwick 1301: balanced orders, 7 orders per product
numCustomers: 30
numProducts: 10
0 0 0 1 1 1 0 1 1 0 
0 1 0 0 0 1 0 1 0 1 
0 0 1 0 1 0 0 0 0 0 
0 0 1 0 0 0 0 0 0 0 
0 0 0 0 0 0 1 0 0 0 
0 0 0 0 0 0 0 0 1 0 
0 0 0 1 0 1 1 1 0 0 
1 0 0 0 0 1 0 0 0 0 
0 1 0 1 0 1 0 0 0 1 
0 0 0 0 0 0 1 0 0 0 
0 0 0 0 0 0 0 0 1 1 
0 0 0 0 0 0 0 0 1 1 
0 0 0 0 0 0 0 1 0 0 
0 0 0 0 1 0 0 1 0 1 
1 1 0 0 0 0 0 0 0 0 
0 0 0 0 1 0 0 0 0 0 
0 0 0 1 0 1 1 0 1 0 
0 0 0 1 0 0 0 0 1 0 
0 0 1 0 0 0 0 0 0 0 
0 0 0 1 1 0 0 0 0 0 
0 0 0 0 0 0 1 0 0 1 
1 0 0 0 0 0 0 0 0 0 
0 0 1 0 1 0 0 0 0 0 
1 0 0 0 0 1 0 0 0 0 
0 0 1 0 1 0 0 1 0 0 
0 1 0 0 0 0 0 0 0 0 
0 1 0 0 0 0 1 1 0 0 
1 0 1 1 0 0 0 0 1 1 
1 1 1 0 0 0 1 0 0 0 
1 1 0 0 0 0 0 0 0 0 
