Solving by Dynamic Programming...
buffer: Warwick 451: balanced orders, 2 orders per product
numCustomers: 15
numProducts: 15
1 0 0 0 0 0 0 0 0 0 0 0 0 1 1 
0 1 0 0 0 0 1 0 0 0 0 0 0 0 0 
0 0 0 0 0 0 0 1 0 0 0 0 0 1 0 
0 0 0 0 0 0 0 0 0 0 1 0 0 0 0 
0 0 0 0 0 0 0 0 1 0 0 0 0 0 0 
0 0 1 0 0 0 0 0 0 0 0 0 0 0 0 
0 0 0 0 0 0 0 0 0 0 1 0 0 0 0 
0 1 0 0 0 0 0 0 0 0 0 1 0 0 0 
0 0 0 0 1 0 0 0 0 0 0 0 0 0 0 
0 0 0 0 0 0 0 0 1 0 0 0 0 0 0 
0 0 0 1 1 0 0 1 0 0 0 0 0 0 1 
1 0 0 0 0 0 1 0 0 1 0 0 0 0 0 
0 0 0 0 0 0 0 0 0 0 0 0 1 0 0 
0 0 1 0 0 1 0 0 0 1 0 1 0 0 0 
0 0 0 1 0 1 0 0 0 0 0 0 1 0 0 
Best Sequence: 
10 8 14 13 7 4 3 12 5 2 0 11 9 6 1 
0 0 1 1 0 0 0 0 0 0 1 0 0 0 0 
0 0 0 0 0 0 0 0 0 0 0 0 0 1 1 
0 0 0 1 1 0 0 0 0 0 0 0 0 0 0 
1 0 0 0 0 0 0 0 0 0 0 0 0 0 0 
0 1 0 0 0 0 0 0 0 0 0 0 0 0 0 
0 0 0 0 0 0 0 0 0 1 0 0 0 0 0 
1 0 0 0 0 0 0 0 0 0 0 0 0 0 0 
0 0 0 0 0 0 0 0 0 0 0 1 0 0 1 
0 0 0 0 0 1 0 0 0 0 0 0 0 0 0 
0 1 0 0 0 0 0 0 0 0 0 0 0 0 0 
0 0 1 0 1 1 1 0 0 0 0 0 0 0 0 
0 0 0 0 0 0 0 0 0 0 1 0 1 1 0 
0 0 0 0 0 0 0 1 0 0 0 0 0 0 0 
0 0 0 0 0 0 0 0 1 1 0 1 1 0 0 
0 0 0 0 0 0 1 1 1 0 0 0 0 0 0 
OpenStacks: 3
Took 6.85 seconds

buffer: Warwick 452: balanced orders, 2 orders per product
numCustomers: 15
numProducts: 15
0 0 0 0 0 1 1 0 0 0 0 0 0 0 1 
0 0 1 0 0 0 0 0 0 0 0 0 0 0 0 
1 1 0 1 0 0 0 0 0 0 0 0 1 0 0 
0 0 0 0 0 0 0 0 0 0 1 0 0 1 0 
0 0 0 0 1 0 0 0 0 1 0 0 0 0 0 
0 0 0 1 0 0 0 1 0 0 0 0 0 0 0 
0 0 0 0 1 0 0 0 0 0 0 0 0 0 0 
0 0 1 0 0 0 0 0 0 1 0 0 0 0 0 
0 0 0 0 0 0 0 0 0 0 0 1 1 0 0 
0 0 0 0 0 0 0 0 0 0 1 0 0 0 0 
0 0 0 0 0 0 0 0 0 0 0 1 0 0 0 
0 1 0 0 0 0 0 0 1 0 0 0 0 0 1 
0 0 0 0 0 0 0 0 1 0 0 0 0 0 0 
1 0 0 0 0 0 0 1 0 0 0 0 0 0 0 
0 0 0 0 0 1 1 0 0 0 0 0 0 1 0 
Best Sequence: 
4 9 2 10 13 6 5 14 11 12 8 1 7 3 0 
0 0 0 0 0 1 1 1 0 0 0 0 0 0 0 
0 0 1 0 0 0 0 0 0 0 0 0 0 0 0 
0 0 0 0 0 0 0 0 0 1 0 1 0 1 1 
0 0 0 1 1 0 0 0 0 0 0 0 0 0 0 
1 1 0 0 0 0 0 0 0 0 0 0 0 0 0 
0 0 0 0 0 0 0 0 0 0 0 0 1 1 0 
1 0 0 0 0 0 0 0 0 0 0 0 0 0 0 
0 1 1 0 0 0 0 0 0 0 0 0 0 0 0 
0 0 0 0 0 0 0 0 1 1 0 0 0 0 0 
0 0 0 1 0 0 0 0 0 0 0 0 0 0 0 
0 0 0 0 0 0 0 0 1 0 0 0 0 0 0 
0 0 0 0 0 0 0 1 0 0 1 1 0 0 0 
0 0 0 0 0 0 0 0 0 0 1 0 0 0 0 
0 0 0 0 0 0 0 0 0 0 0 0 1 0 1 
0 0 0 0 1 1 1 0 0 0 0 0 0 0 0 
OpenStacks: 3
Took 6.87 seconds

buffer: Warwick 453: balanced orders, 2 orders per product
numCustomers: 15
numProducts: 15
0 0 0 0 0 1 0 0 0 0 0 0 0 0 0 
0 0 0 0 0 0 0 0 1 0 0 1 0 0 1 
0 0 0 0 0 0 0 0 0 0 0 0 1 0 0 
0 0 0 0 0 0 0 0 1 0 0 0 0 0 0 
0 0 0 0 0 0 0 0 0 1 0 0 1 0 1 
0 0 0 1 0 0 1 0 0 0 0 0 0 0 0 
0 0 0 0 0 0 0 0 0 0 0 1 0 0 0 
0 0 1 0 0 0 0 0 0 0 0 0 0 0 0 
1 0 0 0 0 0 0 0 0 0 1 0 0 0 0 
1 0 0 0 0 1 1 0 0 1 0 0 0 0 0 
0 0 1 0 0 0 0 0 0 0 0 0 0 1 0 
0 1 0 0 1 0 0 1 0 0 0 0 0 1 0 
0 1 0 0 1 0 0 0 0 0 1 0 0 0 0 
0 0 0 0 0 0 0 1 0 0 0 0 0 0 0 
0 0 0 1 0 0 0 0 0 0 0 0 0 0 0 
Best Sequence: 
11 8 14 12 9 6 3 2 13 7 4 1 10 5 0 
0 0 0 0 0 0 0 0 0 0 0 0 0 1 0 
1 1 1 0 0 0 0 0 0 0 0 0 0 0 0 
0 0 0 1 0 0 0 0 0 0 0 0 0 0 0 
0 1 0 0 0 0 0 0 0 0 0 0 0 0 0 
0 0 1 1 1 0 0 0 0 0 0 0 0 0 0 
0 0 0 0 0 1 1 0 0 0 0 0 0 0 0 
1 0 0 0 0 0 0 0 0 0 0 0 0 0 0 
0 0 0 0 0 0 0 1 0 0 0 0 0 0 0 
0 0 0 0 0 0 0 0 0 0 0 0 1 0 1 
0 0 0 0 1 1 0 0 0 0 0 0 0 1 1 
0 0 0 0 0 0 0 1 1 0 0 0 0 0 0 
0 0 0 0 0 0 0 0 1 1 1 1 0 0 0 
0 0 0 0 0 0 0 0 0 0 1 1 1 0 0 
0 0 0 0 0 0 0 0 0 1 0 0 0 0 0 
0 0 0 0 0 0 1 0 0 0 0 0 0 0 0 
OpenStacks: 3
Took 6.87 seconds

buffer: Warwick 454: balanced orders, 2 orders per product
numCustomers: 15
numProducts: 15
0 1 0 0 0 0 0 0 0 0 0 0 0 0 0 
0 0 0 0 0 0 1 0 0 0 0 1 0 0 1 
0 0 0 0 0 0 0 0 0 0 1 0 0 0 1 
0 0 1 0 1 0 0 0 0 0 0 0 0 0 0 
0 0 0 0 0 1 0 0 0 0 0 0 0 0 0 
1 0 0 0 0 0 0 0 0 0 0 0 0 0 0 
0 1 1 0 0 0 0 0 0 0 0 0 0 1 0 
0 0 0 0 0 0 0 0 0 1 0 0 1 0 0 
0 0 0 1 0 0 1 0 1 0 0 0 1 0 0 
0 0 0 1 1 0 0 0 0 0 0 0 0 0 0 
0 0 0 0 0 0 0 0 1 0 0 0 0 1 0 
0 0 0 0 0 0 0 0 0 0 1 0 0 0 0 
0 0 0 0 0 0 0 1 0 0 0 0 0 0 0 
1 0 0 0 0 0 0 0 0 1 0 1 0 0 0 
0 0 0 0 0 1 0 1 0 0 0 0 0 0 0 
Best Sequence: 
4 3 2 13 8 1 10 14 12 6 11 9 7 5 0 
0 0 0 0 0 1 0 0 0 0 0 0 0 0 0 
0 0 0 0 0 0 0 1 0 1 1 0 0 0 0 
0 0 0 0 0 0 1 1 0 0 0 0 0 0 0 
1 0 1 0 0 0 0 0 0 0 0 0 0 0 0 
0 0 0 0 0 0 0 0 0 0 0 0 0 1 0 
0 0 0 0 0 0 0 0 0 0 0 0 0 0 1 
0 0 1 1 0 1 0 0 0 0 0 0 0 0 0 
0 0 0 0 0 0 0 0 1 0 0 1 0 0 0 
0 1 0 0 1 0 0 0 1 1 0 0 0 0 0 
1 1 0 0 0 0 0 0 0 0 0 0 0 0 0 
0 0 0 1 1 0 0 0 0 0 0 0 0 0 0 
0 0 0 0 0 0 1 0 0 0 0 0 0 0 0 
0 0 0 0 0 0 0 0 0 0 0 0 1 0 0 
0 0 0 0 0 0 0 0 0 0 1 1 0 0 1 
0 0 0 0 0 0 0 0 0 0 0 0 1 1 0 
OpenStacks: 3
Took 6.87 seconds

buffer: Warwick 455: balanced orders, 2 orders per product
numCustomers: 15
numProducts: 15
0 0 0 0 0 0 0 0 0 1 0 0 0 0 0 
0 0 0 0 0 0 0 0 0 1 0 0 0 0 0 
0 1 0 0 0 0 0 0 0 0 0 0 0 0 1 
0 0 0 0 0 0 0 1 0 0 0 0 0 0 0 
0 0 1 0 0 1 0 1 0 0 1 0 0 1 0 
0 0 0 0 0 0 0 0 0 0 0 0 0 1 0 
0 0 0 0 0 0 0 0 1 0 0 0 0 0 0 
0 0 0 0 0 0 0 0 0 0 1 1 0 0 0 
0 0 1 0 1 0 0 0 0 0 0 1 1 0 0 
0 0 0 1 0 1 0 0 1 0 0 0 0 0 0 
1 0 0 0 0 0 1 0 0 0 0 0 0 0 0 
1 0 0 0 0 0 0 0 0 0 0 0 1 0 1 
0 1 0 0 0 0 0 0 0 0 0 0 0 0 0 
0 0 0 0 0 0 1 0 0 0 0 0 0 0 0 
0 0 0 1 1 0 0 0 0 0 0 0 0 0 0 
Best Sequence: 
9 13 8 5 3 4 11 10 7 2 14 12 1 6 0 
1 0 0 0 0 0 0 0 0 0 0 0 0 0 0 
1 0 0 0 0 0 0 0 0 0 0 0 0 0 0 
0 0 0 0 0 0 0 0 0 0 1 0 1 0 0 
0 0 0 0 0 0 0 0 1 0 0 0 0 0 0 
0 1 0 1 0 0 0 1 1 1 0 0 0 0 0 
0 1 0 0 0 0 0 0 0 0 0 0 0 0 0 
0 0 1 0 0 0 0 0 0 0 0 0 0 0 0 
0 0 0 0 0 0 1 1 0 0 0 0 0 0 0 
0 0 0 0 0 1 1 0 0 1 0 1 0 0 0 
0 0 1 1 1 0 0 0 0 0 0 0 0 0 0 
0 0 0 0 0 0 0 0 0 0 0 0 0 1 1 
0 0 0 0 0 0 0 0 0 0 1 1 0 0 1 
0 0 0 0 0 0 0 0 0 0 0 0 1 0 0 
0 0 0 0 0 0 0 0 0 0 0 0 0 1 0 
0 0 0 0 1 1 0 0 0 0 0 0 0 0 0 
OpenStacks: 3
Took 6.87 seconds

buffer: Warwick 456: balanced orders, 2 orders per product
numCustomers: 15
numProducts: 15
0 0 0 0 0 0 0 0 0 0 0 1 0 0 1 
0 0 0 0 0 0 0 0 0 0 1 0 0 0 0 
0 0 0 0 0 0 0 0 0 1 0 0 0 0 0 
1 0 1 0 0 0 1 0 0 1 0 0 0 1 0 
0 0 0 1 0 0 0 0 0 0 0 0 0 0 0 
0 0 0 0 0 0 0 0 1 0 0 0 0 0 0 
1 0 0 0 0 0 0 0 0 0 0 0 0 0 1 
0 1 0 0 0 0 0 0 0 0 0 1 0 0 0 
0 0 0 0 0 0 0 0 1 0 0 0 0 0 0 
0 0 1 1 0 0 0 0 0 0 0 0 0 0 0 
0 0 0 0 0 1 0 1 0 0 0 0 1 1 0 
0 1 0 0 1 0 0 1 0 0 0 0 0 0 0 
0 0 0 0 0 1 0 0 0 0 0 0 1 0 0 
0 0 0 0 1 0 0 0 0 0 1 0 0 0 0 
0 0 0 0 0 0 1 0 0 0 0 0 0 0 0 
Best Sequence: 
8 10 4 11 1 14 7 12 5 13 9 6 0 3 2 
0 0 0 1 0 1 0 0 0 0 0 0 0 0 0 
0 1 0 0 0 0 0 0 0 0 0 0 0 0 0 
0 0 0 0 0 0 0 0 0 0 1 0 0 0 0 
0 0 0 0 0 0 0 0 0 1 1 1 1 0 1 
0 0 0 0 0 0 0 0 0 0 0 0 0 1 0 
1 0 0 0 0 0 0 0 0 0 0 0 0 0 0 
0 0 0 0 0 1 0 0 0 0 0 0 1 0 0 
0 0 0 1 1 0 0 0 0 0 0 0 0 0 0 
1 0 0 0 0 0 0 0 0 0 0 0 0 0 0 
0 0 0 0 0 0 0 0 0 0 0 0 0 1 1 
0 0 0 0 0 0 1 1 1 1 0 0 0 0 0 
0 0 1 0 1 0 1 0 0 0 0 0 0 0 0 
0 0 0 0 0 0 0 1 1 0 0 0 0 0 0 
0 1 1 0 0 0 0 0 0 0 0 0 0 0 0 
0 0 0 0 0 0 0 0 0 0 0 1 0 0 0 
OpenStacks: 3
Took 6.88 seconds

buffer: Warwick 457: balanced orders, 2 orders per product
numCustomers: 15
numProducts: 15
0 0 0 0 1 0 0 1 0 0 0 0 0 1 0 
0 0 0 0 0 1 0 0 0 0 0 1 1 0 0 
0 1 0 0 0 0 0 0 0 0 0 0 0 0 0 
0 0 0 1 0 0 0 0 0 0 1 0 0 0 0 
0 0 0 0 0 0 0 0 0 1 1 0 0 0 0 
1 0 1 1 0 0 0 0 1 0 0 0 0 0 1 
0 1 0 0 0 0 0 0 0 0 0 0 0 0 0 
0 0 0 0 0 0 1 0 0 0 0 0 0 0 0 
0 0 0 0 0 0 0 0 1 0 0 1 0 0 0 
1 0 0 0 0 0 0 0 0 0 0 0 0 0 0 
0 0 0 0 0 1 1 1 0 0 0 0 0 0 0 
0 0 0 0 1 0 0 0 0 0 0 0 0 1 0 
0 0 0 0 0 0 0 0 0 0 0 0 1 0 0 
0 0 0 0 0 0 0 0 0 1 0 0 0 0 1 
0 0 1 0 0 0 0 0 0 0 0 0 0 0 0 
Best Sequence: 
13 4 7 6 5 12 11 8 14 9 10 3 2 1 0 
1 1 1 0 0 0 0 0 0 0 0 0 0 0 0 
0 0 0 0 1 1 1 0 0 0 0 0 0 0 0 
0 0 0 0 0 0 0 0 0 0 0 0 0 1 0 
0 0 0 0 0 0 0 0 0 0 1 1 0 0 0 
0 0 0 0 0 0 0 0 0 1 1 0 0 0 0 
0 0 0 0 0 0 0 1 1 0 0 1 1 0 1 
0 0 0 0 0 0 0 0 0 0 0 0 0 1 0 
0 0 0 1 0 0 0 0 0 0 0 0 0 0 0 
0 0 0 0 0 0 1 1 0 0 0 0 0 0 0 
0 0 0 0 0 0 0 0 0 0 0 0 0 0 1 
0 0 1 1 1 0 0 0 0 0 0 0 0 0 0 
1 1 0 0 0 0 0 0 0 0 0 0 0 0 0 
0 0 0 0 0 1 0 0 0 0 0 0 0 0 0 
0 0 0 0 0 0 0 0 1 1 0 0 0 0 0 
0 0 0 0 0 0 0 0 0 0 0 0 1 0 0 
OpenStacks: 3
Took 6.87 seconds

buffer: Warwick 458: balanced orders, 2 orders per product
numCustomers: 15
numProducts: 15
0 0 0 0 1 0 0 0 0 1 0 0 0 0 0 
0 0 0 0 0 0 0 0 0 0 0 0 0 0 1 
0 0 0 1 0 0 0 0 0 0 1 0 0 0 0 
0 0 0 0 0 0 0 0 1 0 0 1 0 0 1 
1 0 0 0 0 0 0 0 0 0 0 1 1 0 0 
0 0 0 0 0 0 0 0 1 0 0 0 0 0 0 
0 1 0 0 0 0 0 0 0 0 0 0 0 1 0 
0 0 1 0 0 0 0 0 0 0 0 0 0 0 0 
0 1 0 0 0 0 0 1 0 0 0 0 0 0 0 
0 0 0 1 0 1 0 0 0 0 1 0 0 0 0 
0 0 0 0 0 0 0 1 0 1 0 0 0 1 0 
0 0 1 0 0 0 0 0 0 0 0 0 1 0 0 
0 0 0 0 0 0 1 0 0 0 0 0 0 0 0 
1 0 0 0 1 0 1 0 0 0 0 0 0 0 0 
0 0 0 0 0 1 0 0 0 0 0 0 0 0 0 
Best Sequence: 
5 10 3 14 8 11 12 2 6 4 0 13 9 7 1 
0 0 0 0 0 0 0 0 0 1 0 0 1 0 0 
0 0 0 1 0 0 0 0 0 0 0 0 0 0 0 
0 1 1 0 0 0 0 0 0 0 0 0 0 0 0 
0 0 0 1 1 1 0 0 0 0 0 0 0 0 0 
0 0 0 0 0 1 1 0 0 0 1 0 0 0 0 
0 0 0 0 1 0 0 0 0 0 0 0 0 0 0 
0 0 0 0 0 0 0 0 0 0 0 1 0 0 1 
0 0 0 0 0 0 0 1 0 0 0 0 0 0 0 
0 0 0 0 0 0 0 0 0 0 0 0 0 1 1 
1 1 1 0 0 0 0 0 0 0 0 0 0 0 0 
0 0 0 0 0 0 0 0 0 0 0 1 1 1 0 
0 0 0 0 0 0 1 1 0 0 0 0 0 0 0 
0 0 0 0 0 0 0 0 1 0 0 0 0 0 0 
0 0 0 0 0 0 0 0 1 1 1 0 0 0 0 
1 0 0 0 0 0 0 0 0 0 0 0 0 0 0 
OpenStacks: 3
Took 6.88 seconds

buffer: Warwick 459: balanced orders, 2 orders per product
numCustomers: 15
numProducts: 15
0 0 0 1 0 0 0 0 0 0 0 0 0 0 0 
0 0 1 1 0 0 1 0 0 0 0 0 0 0 1 
0 1 0 0 0 1 0 0 0 0 0 0 0 0 0 
0 0 0 0 1 0 0 0 0 0 0 0 0 0 0 
0 0 0 0 0 0 0 0 0 1 0 0 1 0 1 
0 0 1 0 0 0 0 0 0 0 0 0 0 0 0 
0 0 0 0 0 0 0 0 0 0 0 0 1 0 0 
0 1 0 0 0 1 0 0 0 0 0 0 0 0 0 
0 0 0 0 1 0 1 0 0 0 0 0 0 0 0 
1 0 0 0 0 0 0 1 0 0 0 0 0 0 0 
0 0 0 0 0 0 0 0 0 1 1 0 0 0 0 
0 0 0 0 0 0 0 0 0 0 0 0 0 1 0 
0 0 0 0 0 0 0 1 1 0 0 1 0 0 0 
1 0 0 0 0 0 0 0 0 0 1 1 0 0 0 
0 0 0 0 0 0 0 0 1 0 0 0 0 1 0 
Best Sequence: 
5 1 4 6 3 2 14 13 12 9 10 11 8 7 0 
0 0 0 0 1 0 0 0 0 0 0 0 0 0 0 
0 0 0 1 1 1 1 0 0 0 0 0 0 0 0 
1 1 0 0 0 0 0 0 0 0 0 0 0 0 0 
0 0 1 0 0 0 0 0 0 0 0 0 0 0 0 
0 0 0 0 0 0 1 0 1 1 0 0 0 0 0 
0 0 0 0 0 1 0 0 0 0 0 0 0 0 0 
0 0 0 0 0 0 0 0 1 0 0 0 0 0 0 
1 1 0 0 0 0 0 0 0 0 0 0 0 0 0 
0 0 1 1 0 0 0 0 0 0 0 0 0 0 0 
0 0 0 0 0 0 0 0 0 0 0 0 0 1 1 
0 0 0 0 0 0 0 0 0 1 1 0 0 0 0 
0 0 0 0 0 0 0 1 0 0 0 0 0 0 0 
0 0 0 0 0 0 0 0 0 0 0 1 1 1 0 
0 0 0 0 0 0 0 0 0 0 1 1 0 0 1 
0 0 0 0 0 0 0 1 0 0 0 0 1 0 0 
OpenStacks: 3
Took 6.88 seconds

buffer: Warwick 460: balanced orders, 2 orders per product
numCustomers: 15
numProducts: 15
0 0 0 0 0 0 0 0 1 0 0 0 0 0 0 
0 0 0 0 0 1 0 0 0 0 0 0 0 0 0 
0 0 0 0 0 0 0 0 0 0 0 1 1 0 0 
0 0 0 0 0 0 0 0 0 1 0 0 0 0 1 
1 0 0 0 1 0 1 1 0 0 1 0 0 0 0 
0 0 1 0 0 0 0 0 0 0 0 0 0 0 1 
1 0 0 1 0 0 0 0 0 0 0 0 0 0 0 
0 0 0 0 0 0 0 1 0 0 0 0 0 0 0 
0 0 0 0 0 0 0 0 0 0 0 1 0 0 0 
0 1 0 0 0 0 0 0 0 0 0 0 0 0 0 
0 1 0 0 1 1 1 0 1 0 0 0 1 0 0 
0 0 0 1 0 0 0 0 0 0 0 0 0 0 0 
0 0 0 0 0 0 0 0 0 0 0 0 0 1 0 
0 0 0 0 0 0 0 0 0 0 0 0 0 1 0 
0 0 1 0 0 0 0 0 0 1 1 0 0 0 0 
Best Sequence: 
13 14 9 2 11 12 10 8 7 6 5 4 1 3 0 
0 0 0 0 0 0 0 1 0 0 0 0 0 0 0 
0 0 0 0 0 0 0 0 0 0 1 0 0 0 0 
0 0 0 0 1 1 0 0 0 0 0 0 0 0 0 
0 1 1 0 0 0 0 0 0 0 0 0 0 0 0 
0 0 0 0 0 0 1 0 1 1 0 1 0 0 1 
0 1 0 1 0 0 0 0 0 0 0 0 0 0 0 
0 0 0 0 0 0 0 0 0 0 0 0 0 1 1 
0 0 0 0 0 0 0 0 1 0 0 0 0 0 0 
0 0 0 0 1 0 0 0 0 0 0 0 0 0 0 
0 0 0 0 0 0 0 0 0 0 0 0 1 0 0 
0 0 0 0 0 1 0 1 0 1 1 1 1 0 0 
0 0 0 0 0 0 0 0 0 0 0 0 0 1 0 
1 0 0 0 0 0 0 0 0 0 0 0 0 0 0 
1 0 0 0 0 0 0 0 0 0 0 0 0 0 0 
0 0 1 1 0 0 1 0 0 0 0 0 0 0 0 
OpenStacks: 3
Took 6.85 seconds

buffer: Warwick 461: balanced orders, 3 orders per product
numCustomers: 15
numProducts: 15
0 0 0 0 1 0 0 0 1 0 1 0 0 0 0 
1 1 0 0 0 0 0 0 0 0 0 0 0 0 0 
0 0 1 0 1 0 0 0 0 0 0 0 0 1 0 
0 0 0 0 0 0 0 0 0 0 1 1 0 0 0 
0 1 1 0 0 1 1 0 0 0 0 0 0 0 1 
0 1 0 0 0 0 0 0 1 0 0 1 0 0 0 
0 0 1 0 0 0 0 0 0 1 0 0 0 0 1 
0 0 0 1 0 0 0 0 0 0 0 0 1 0 0 
0 0 0 0 0 0 0 0 0 0 0 0 1 0 0 
0 0 0 0 0 0 0 0 0 0 1 1 0 0 0 
1 0 0 1 1 1 1 0 0 0 0 0 0 1 0 
0 0 0 0 0 0 0 1 0 0 0 0 0 0 0 
0 0 0 0 0 0 0 0 0 1 0 0 1 0 1 
1 0 0 0 0 0 1 1 0 1 0 0 0 0 0 
0 0 0 1 0 1 0 1 1 0 0 0 0 1 0 
Best Sequence: 
12 14 9 7 3 13 2 4 8 6 5 0 11 10 1 
0 0 0 0 0 0 0 1 1 0 0 0 0 1 0 
0 0 0 0 0 0 0 0 0 0 0 1 0 0 1 
0 0 0 0 0 1 1 1 0 0 0 0 0 0 0 
0 0 0 0 0 0 0 0 0 0 0 0 1 1 0 
0 1 0 0 0 0 1 0 0 1 1 0 0 0 1 
0 0 0 0 0 0 0 0 1 0 0 0 1 0 1 
0 1 1 0 0 0 1 0 0 0 0 0 0 0 0 
1 0 0 0 1 0 0 0 0 0 0 0 0 0 0 
1 0 0 0 0 0 0 0 0 0 0 0 0 0 0 
0 0 0 0 0 0 0 0 0 0 0 0 1 1 0 
0 0 0 0 1 1 0 1 0 1 1 1 0 0 0 
0 0 0 1 0 0 0 0 0 0 0 0 0 0 0 
1 1 1 0 0 0 0 0 0 0 0 0 0 0 0 
0 0 1 1 0 0 0 0 0 1 0 1 0 0 0 
0 0 0 1 1 1 0 0 1 0 1 0 0 0 0 
OpenStacks: 6
Took 7.04 seconds

buffer: Warwick 462: balanced orders, 3 orders per product
numCustomers: 15
numProducts: 15
1 0 0 0 0 0 0 0 0 0 1 0 0 0 0 
0 0 0 0 0 0 0 0 0 0 1 0 0 0 0 
0 1 0 0 1 1 0 0 0 0 0 0 0 1 0 
0 1 0 1 0 0 0 0 0 1 0 0 1 1 0 
1 0 0 0 0 0 1 0 1 0 0 0 0 0 0 
0 0 0 0 0 0 0 1 0 1 0 0 0 0 0 
0 0 0 0 0 0 1 0 0 0 0 0 0 0 0 
0 1 1 0 1 1 0 0 1 0 0 0 1 0 1 
0 0 0 0 0 0 0 1 0 0 0 0 0 0 0 
0 0 0 1 0 0 0 0 0 0 0 1 1 0 1 
0 0 1 0 0 1 0 1 0 0 1 0 0 0 0 
0 0 0 0 0 0 1 0 0 1 0 1 0 1 0 
1 0 1 0 0 0 0 0 0 0 0 1 0 0 1 
0 0 0 1 0 0 0 0 1 0 0 0 0 0 0 
0 0 0 0 1 0 0 0 0 0 0 0 0 0 0 
Best Sequence: 
7 9 13 4 12 5 1 3 14 11 8 6 10 2 0 
0 0 0 0 0 0 0 0 0 0 0 0 1 0 1 
0 0 0 0 0 0 0 0 0 0 0 0 1 0 0 
0 0 1 1 0 1 1 0 0 0 0 0 0 0 0 
0 1 1 0 1 0 1 1 0 0 0 0 0 0 0 
0 0 0 0 0 0 0 0 0 0 1 1 0 0 1 
1 1 0 0 0 0 0 0 0 0 0 0 0 0 0 
0 0 0 0 0 0 0 0 0 0 0 1 0 0 0 
0 0 0 1 1 1 1 0 1 0 1 0 0 1 0 
1 0 0 0 0 0 0 0 0 0 0 0 0 0 0 
0 0 0 0 1 0 0 1 1 1 0 0 0 0 0 
1 0 0 0 0 1 0 0 0 0 0 0 1 1 0 
0 1 1 0 0 0 0 0 0 1 0 1 0 0 0 
0 0 0 0 0 0 0 0 1 1 0 0 0 1 1 
0 0 0 0 0 0 0 1 0 0 1 0 0 0 0 
0 0 0 1 0 0 0 0 0 0 0 0 0 0 0 
OpenStacks: 6
Took 7.02 seconds

buffer: Warwick 463: balanced orders, 3 orders per product
numCustomers: 15
numProducts: 15
0 0 1 0 1 0 0 0 0 1 0 0 0 0 0 
0 0 1 0 0 0 0 0 0 1 0 0 0 0 0 
0 0 0 0 0 0 0 0 1 0 1 1 0 0 0 
0 0 1 0 0 0 0 0 0 0 0 0 0 0 0 
0 0 0 1 0 0 0 1 0 0 0 0 1 0 1 
0 0 0 0 1 0 0 0 0 0 1 0 0 0 0 
1 1 0 0 0 0 0 0 0 0 0 0 0 1 0 
0 1 0 0 0 1 0 0 0 1 0 0 0 0 0 
0 0 0 0 0 1 0 0 0 0 0 1 0 0 0 
0 0 0 1 0 0 0 0 1 0 0 1 0 0 0 
0 0 0 0 0 1 1 0 1 0 0 0 1 0 1 
1 1 0 0 0 0 0 1 0 0 0 0 0 1 0 
1 0 0 0 1 0 1 0 0 0 0 0 1 0 0 
0 0 0 0 0 0 1 1 0 0 0 0 0 1 0 
0 0 0 1 0 0 0 0 0 0 1 0 0 0 1 
Best Sequence: 
11 10 8 14 3 12 5 6 7 13 4 9 1 2 0 
0 0 0 0 0 0 0 0 0 0 1 1 0 1 0 
0 0 0 0 0 0 0 0 0 0 0 1 0 1 0 
1 1 1 0 0 0 0 0 0 0 0 0 0 0 0 
0 0 0 0 0 0 0 0 0 0 0 0 0 1 0 
0 0 0 1 1 1 0 0 1 0 0 0 0 0 0 
0 1 0 0 0 0 0 0 0 0 1 0 0 0 0 
0 0 0 0 0 0 0 0 0 1 0 0 1 0 1 
0 0 0 0 0 0 1 0 0 0 0 1 1 0 0 
1 0 0 0 0 0 1 0 0 0 0 0 0 0 0 
1 0 1 0 1 0 0 0 0 0 0 0 0 0 0 
0 0 1 1 0 1 1 1 0 0 0 0 0 0 0 
0 0 0 0 0 0 0 0 1 1 0 0 1 0 1 
0 0 0 0 0 1 0 1 0 0 1 0 0 0 1 
0 0 0 0 0 0 0 1 1 1 0 0 0 0 0 
0 1 0 1 1 0 0 0 0 0 0 0 0 0 0 
OpenStacks: 6
Took 7.03 seconds

buffer: Warwick 464: balanced orders, 3 orders per product
numCustomers: 15
numProducts: 15
0 0 0 0 0 0 1 0 0 0 0 1 0 0 0 
0 0 0 1 1 0 0 1 0 0 0 0 1 0 1 
0 1 0 0 1 1 0 0 0 0 0 0 0 0 0 
0 0 0 0 0 0 1 0 1 0 1 0 0 0 0 
0 0 0 0 0 0 0 0 0 0 0 1 0 0 0 
1 1 1 0 0 0 0 1 1 0 0 0 0 0 0 
0 1 1 0 0 0 0 0 0 0 0 0 0 0 0 
0 0 1 0 0 0 0 0 0 0 0 1 0 0 0 
0 0 0 0 0 0 0 0 0 1 1 0 1 0 1 
1 0 0 1 0 0 0 0 0 1 0 0 1 0 0 
0 0 0 0 0 1 0 0 0 0 1 0 0 0 0 
0 0 0 0 0 1 0 1 0 1 0 0 0 1 0 
1 0 0 1 0 0 0 0 0 0 0 0 0 1 0 
0 0 0 0 0 0 0 0 1 0 0 0 0 1 0 
0 0 0 0 1 0 1 0 0 0 0 0 0 0 1 
Best Sequence: 
11 6 2 1 14 4 5 12 10 9 13 8 7 3 0 
1 1 0 0 0 0 0 0 0 0 0 0 0 0 0 
0 0 0 0 1 1 0 1 0 0 0 0 1 1 0 
0 0 0 1 0 1 1 0 0 0 0 0 0 0 0 
0 1 0 0 0 0 0 0 1 0 0 1 0 0 0 
1 0 0 0 0 0 0 0 0 0 0 0 0 0 0 
0 0 1 1 0 0 0 0 0 0 0 1 1 0 1 
0 0 1 1 0 0 0 0 0 0 0 0 0 0 0 
1 0 1 0 0 0 0 0 0 0 0 0 0 0 0 
0 0 0 0 1 0 0 1 1 1 0 0 0 0 0 
0 0 0 0 0 0 0 1 0 1 0 0 0 1 1 
0 0 0 0 0 0 1 0 1 0 0 0 0 0 0 
0 0 0 0 0 0 1 0 0 1 1 0 1 0 0 
0 0 0 0 0 0 0 0 0 0 1 0 0 1 1 
0 0 0 0 0 0 0 0 0 0 1 1 0 0 0 
0 1 0 0 1 1 0 0 0 0 0 0 0 0 0 
OpenStacks: 7
Took 7.03 seconds

buffer: Warwick 465: balanced orders, 3 orders per product
numCustomers: 15
numProducts: 15
0 0 0 0 0 0 0 0 0 0 0 0 0 0 1 
0 1 0 0 0 1 1 0 0 0 0 0 1 0 0 
0 0 0 0 0 0 0 1 0 0 0 0 0 0 0 
1 0 1 0 0 0 1 0 0 0 1 0 0 0 0 
0 1 0 0 0 0 0 0 0 0 1 1 0 0 0 
0 0 0 0 0 0 0 1 1 0 0 0 0 1 0 
0 0 0 0 0 0 0 0 0 0 0 0 0 0 1 
0 0 0 1 0 0 1 0 0 0 0 0 0 0 0 
1 0 0 0 0 0 0 0 1 1 0 1 0 1 1 
0 0 0 0 1 0 0 1 0 1 0 0 1 0 0 
1 0 1 0 1 1 0 0 0 0 0 1 0 0 0 
0 1 0 0 0 0 0 0 1 0 0 0 1 1 0 
0 0 1 1 0 0 0 0 0 0 0 0 0 0 0 
0 0 0 1 0 1 0 0 0 1 1 0 0 0 0 
0 0 0 0 1 0 0 0 0 0 0 0 0 0 0 
Best Sequence: 
14 7 13 8 4 12 9 11 1 10 6 5 3 2 0 
1 0 0 0 0 0 0 0 0 0 0 0 0 0 0 
0 0 0 0 0 1 0 0 1 0 1 1 0 0 0 
0 1 0 0 0 0 0 0 0 0 0 0 0 0 0 
0 0 0 0 0 0 0 0 0 1 1 0 0 1 1 
0 0 0 0 0 0 0 1 1 1 0 0 0 0 0 
0 1 1 1 0 0 0 0 0 0 0 0 0 0 0 
1 0 0 0 0 0 0 0 0 0 0 0 0 0 0 
0 0 0 0 0 0 0 0 0 0 1 0 1 0 0 
1 0 1 1 0 0 1 1 0 0 0 0 0 0 1 
0 1 0 0 1 1 1 0 0 0 0 0 0 0 0 
0 0 0 0 1 0 0 1 0 0 0 1 0 1 1 
0 0 1 1 0 1 0 0 1 0 0 0 0 0 0 
0 0 0 0 0 0 0 0 0 0 0 0 1 1 0 
0 0 0 0 0 0 1 0 0 1 0 1 1 0 0 
0 0 0 0 1 0 0 0 0 0 0 0 0 0 0 
OpenStacks: 6
Took 7.03 seconds

buffer: Warwick 466: balanced orders, 3 orders per product
numCustomers: 15
numProducts: 15
0 0 0 0 0 1 0 0 1 0 0 0 0 0 1 
1 0 1 0 0 0 0 1 0 1 0 0 0 1 0 
0 0 0 1 1 0 0 0 0 0 0 0 0 0 0 
0 0 0 0 0 0 0 0 0 0 0 0 1 0 0 
0 0 0 0 0 0 0 0 1 1 0 0 0 0 0 
1 0 0 0 0 0 0 0 0 0 1 1 0 0 0 
0 0 0 1 0 1 0 0 0 0 1 0 0 0 0 
0 1 0 0 0 0 0 0 0 0 1 0 0 0 1 
1 1 0 0 0 0 0 0 1 0 0 0 1 0 0 
0 0 1 0 0 1 0 0 0 0 0 0 0 0 0 
0 0 0 0 1 0 0 0 0 1 0 0 0 0 0 
0 0 0 0 0 0 1 0 0 0 0 0 0 0 1 
0 1 0 1 0 0 0 1 0 0 0 0 0 1 0 
0 0 0 0 1 0 1 1 0 0 0 1 1 0 0 
0 0 1 0 0 0 1 0 0 0 0 1 0 1 0 
Best Sequence: 
12 14 6 8 5 2 9 4 13 3 11 10 7 1 0 
0 1 0 1 1 0 0 0 0 0 0 0 0 0 0 
0 0 0 0 0 1 1 0 1 0 0 0 1 0 1 
0 0 0 0 0 0 0 1 0 1 0 0 0 0 0 
1 0 0 0 0 0 0 0 0 0 0 0 0 0 0 
0 0 0 1 0 0 1 0 0 0 0 0 0 0 0 
0 0 0 0 0 0 0 0 0 0 1 1 0 0 1 
0 0 0 0 1 0 0 0 0 1 0 1 0 0 0 
0 1 0 0 0 0 0 0 0 0 0 1 0 1 0 
1 0 0 1 0 0 0 0 0 0 0 0 0 1 1 
0 0 0 0 1 1 0 0 0 0 0 0 0 0 0 
0 0 0 0 0 0 1 1 0 0 0 0 0 0 0 
0 1 1 0 0 0 0 0 0 0 0 0 0 0 0 
0 0 0 0 0 0 0 0 1 1 0 0 1 1 0 
1 0 1 0 0 0 0 1 0 0 1 0 1 0 0 
0 0 1 0 0 1 0 0 1 0 1 0 0 0 0 
OpenStacks: 8
Took 7.03 seconds

buffer: Warwick 467: balanced orders, 3 orders per product
numCustomers: 15
numProducts: 15
0 0 0 0 0 0 0 0 0 0 1 1 0 0 0 
0 0 0 0 0 0 0 0 0 0 1 0 0 0 0 
0 0 1 0 0 0 0 1 0 0 0 0 0 0 1 
0 0 0 0 0 1 0 0 1 0 0 0 0 1 1 
0 1 0 0 1 0 1 0 0 1 1 1 0 0 0 
0 1 0 1 1 1 0 1 0 0 0 0 0 0 0 
1 0 0 0 0 0 0 1 0 0 0 1 0 1 0 
0 0 0 0 0 0 0 0 0 1 0 0 0 0 0 
0 0 1 0 0 0 1 0 0 0 0 0 1 0 0 
0 0 1 1 0 1 0 0 1 0 0 0 0 0 0 
0 0 0 1 0 0 1 0 0 0 0 0 0 0 0 
0 0 0 0 1 0 0 0 0 0 0 0 1 1 0 
0 0 0 0 0 0 0 0 0 0 0 0 1 0 0 
1 0 0 0 0 0 0 0 0 0 0 0 0 0 1 
1 1 0 0 0 0 0 0 1 1 0 0 0 0 0 
Best Sequence: 
12 10 11 13 4 6 3 2 8 5 14 9 7 1 0 
0 1 1 0 0 0 0 0 0 0 0 0 0 0 0 
0 1 0 0 0 0 0 0 0 0 0 0 0 0 0 
0 0 0 0 0 0 0 1 0 0 1 0 1 0 0 
0 0 0 1 0 0 0 0 1 1 1 0 0 0 0 
0 1 1 0 1 1 0 0 0 0 0 1 0 1 0 
0 0 0 0 1 0 1 0 0 1 0 0 1 1 0 
0 0 1 1 0 0 0 0 0 0 0 0 1 0 1 
0 0 0 0 0 0 0 0 0 0 0 1 0 0 0 
1 0 0 0 0 1 0 1 0 0 0 0 0 0 0 
0 0 0 0 0 0 1 1 1 1 0 0 0 0 0 
0 0 0 0 0 1 1 0 0 0 0 0 0 0 0 
1 0 0 1 1 0 0 0 0 0 0 0 0 0 0 
1 0 0 0 0 0 0 0 0 0 0 0 0 0 0 
0 0 0 0 0 0 0 0 0 0 1 0 0 0 1 
0 0 0 0 0 0 0 0 1 0 0 1 0 1 1 
OpenStacks: 7
Took 7.03 seconds

buffer: Warwick 468: balanced orders, 3 orders per product
numCustomers: 15
numProducts: 15
0 0 0 1 0 0 1 1 0 0 0 0 0 1 1 
1 0 0 0 0 0 0 0 0 0 0 0 1 0 0 
0 1 0 0 0 1 0 0 0 0 0 0 0 1 0 
0 0 1 0 0 0 0 0 0 0 1 0 0 0 0 
0 0 0 0 1 0 0 0 1 0 0 0 1 0 0 
0 0 1 0 1 0 0 0 0 0 0 1 0 0 0 
0 0 0 0 0 0 0 0 0 1 0 0 0 0 1 
0 0 1 0 0 0 0 1 0 0 0 0 0 0 0 
0 0 0 0 0 1 1 0 0 0 1 0 1 1 0 
0 1 0 1 1 0 1 1 0 1 0 0 0 0 0 
0 0 0 0 0 1 0 0 0 0 0 0 0 0 0 
1 1 0 0 0 0 0 0 0 0 1 0 0 0 0 
0 0 0 0 0 0 0 0 1 0 0 1 0 0 0 
1 0 0 1 0 0 0 0 1 1 0 0 0 0 1 
0 0 0 0 0 0 0 0 0 0 0 1 0 0 0 
Best Sequence: 
11 8 12 4 2 10 7 14 9 13 6 3 5 1 0 
0 0 0 0 0 0 1 1 0 1 1 1 0 0 0 
0 0 1 0 0 0 0 0 0 0 0 0 0 0 1 
0 0 0 0 0 0 0 0 0 1 0 0 1 1 0 
0 0 0 0 1 1 0 0 0 0 0 0 0 0 0 
0 1 1 1 0 0 0 0 0 0 0 0 0 0 0 
1 0 0 1 1 0 0 0 0 0 0 0 0 0 0 
0 0 0 0 0 0 0 1 1 0 0 0 0 0 0 
0 0 0 0 1 0 1 0 0 0 0 0 0 0 0 
0 0 1 0 0 1 0 0 0 1 1 0 1 0 0 
0 0 0 1 0 0 1 0 1 0 1 1 0 1 0 
0 0 0 0 0 0 0 0 0 0 0 0 1 0 0 
0 0 0 0 0 1 0 0 0 0 0 0 0 1 1 
1 1 0 0 0 0 0 0 0 0 0 0 0 0 0 
0 1 0 0 0 0 0 1 1 0 0 1 0 0 1 
1 0 0 0 0 0 0 0 0 0 0 0 0 0 0 
OpenStacks: 7
Took 7.03 seconds

buffer: Warwick 469: balanced orders, 3 orders per product
numCustomers: 15
numProducts: 15
0 0 0 0 1 0 0 0 0 0 0 0 0 1 0 
0 0 0 0 0 0 0 0 0 1 0 0 0 0 0 
1 0 0 0 1 0 0 0 1 0 1 0 1 0 1 
0 0 0 0 0 1 0 0 0 0 0 0 0 0 0 
1 0 1 0 0 0 0 0 0 0 0 0 1 0 1 
0 0 0 0 0 0 1 1 0 0 0 1 0 1 0 
0 0 0 1 0 0 0 1 1 0 1 0 0 0 0 
0 0 0 0 0 0 0 0 0 1 0 1 0 0 0 
0 0 0 1 1 1 0 0 0 0 0 0 0 0 0 
0 0 0 0 0 1 0 1 1 1 0 0 0 1 0 
0 1 1 0 0 0 0 0 0 0 0 0 0 0 0 
0 1 0 0 0 0 1 0 0 0 0 0 0 0 0 
1 1 1 0 0 0 1 0 0 0 0 0 1 0 0 
0 0 0 0 0 0 0 0 0 0 0 1 0 0 0 
0 0 0 1 0 0 0 0 0 0 1 0 0 0 1 
Best Sequence: 
11 9 5 13 4 8 7 3 14 10 12 6 2 1 0 
0 0 0 1 1 0 0 0 0 0 0 0 0 0 0 
0 1 0 0 0 0 0 0 0 0 0 0 0 0 0 
0 0 0 0 1 1 0 0 1 1 1 0 0 0 1 
0 0 1 0 0 0 0 0 0 0 0 0 0 0 0 
0 0 0 0 0 0 0 0 1 0 1 0 1 0 1 
1 0 0 1 0 0 1 0 0 0 0 1 0 0 0 
0 0 0 0 0 1 1 1 0 1 0 0 0 0 0 
1 1 0 0 0 0 0 0 0 0 0 0 0 0 0 
0 0 1 0 1 0 0 1 0 0 0 0 0 0 0 
0 1 1 1 0 1 1 0 0 0 0 0 0 0 0 
0 0 0 0 0 0 0 0 0 0 0 0 1 1 0 
0 0 0 0 0 0 0 0 0 0 0 1 0 1 0 
0 0 0 0 0 0 0 0 0 0 1 1 1 1 1 
1 0 0 0 0 0 0 0 0 0 0 0 0 0 0 
0 0 0 0 0 0 0 1 1 1 0 0 0 0 0 
OpenStacks: 5
Took 7.01 seconds

buffer: Warwick 470: balanced orders, 3 orders per product
numCustomers: 15
numProducts: 15
1 1 0 0 0 0 0 0 1 0 0 0 0 0 0 
0 0 0 1 0 0 0 0 0 0 0 0 0 1 0 
0 0 0 0 1 0 0 0 0 0 0 1 0 0 0 
0 0 0 0 1 1 0 0 0 1 1 0 1 0 1 
1 0 0 0 0 0 0 0 0 0 0 0 0 0 0 
0 0 0 0 0 0 1 0 1 0 0 1 0 0 0 
0 0 0 1 0 0 0 0 0 0 0 0 0 0 0 
0 0 0 0 1 1 0 0 0 0 0 0 0 0 0 
0 0 1 0 0 0 0 0 0 1 0 0 0 0 1 
0 0 0 0 0 0 1 1 0 0 0 0 1 1 0 
0 1 0 1 0 0 0 1 0 0 1 0 0 0 0 
0 1 1 0 0 0 0 0 0 1 1 1 0 0 1 
0 0 0 0 0 1 0 0 0 0 0 0 1 0 0 
0 0 1 0 0 0 1 0 1 0 0 0 0 1 0 
1 0 0 0 0 0 0 1 0 0 0 0 0 0 0 
Best Sequence: 
12 5 4 11 8 6 14 9 2 13 10 7 3 1 0 
0 0 0 0 1 0 0 0 0 0 0 0 0 1 1 
0 0 0 0 0 0 0 0 0 1 0 0 1 0 0 
0 0 1 1 0 0 0 0 0 0 0 0 0 0 0 
1 1 1 0 0 0 1 1 0 0 1 0 0 0 0 
0 0 0 0 0 0 0 0 0 0 0 0 0 0 1 
0 0 0 1 1 1 0 0 0 0 0 0 0 0 0 
0 0 0 0 0 0 0 0 0 0 0 0 1 0 0 
0 1 1 0 0 0 0 0 0 0 0 0 0 0 0 
0 0 0 0 0 0 1 1 1 0 0 0 0 0 0 
1 0 0 0 0 1 0 0 0 1 0 1 0 0 0 
0 0 0 0 0 0 0 0 0 0 1 1 1 1 0 
0 0 0 1 0 0 1 1 1 0 1 0 0 1 0 
1 1 0 0 0 0 0 0 0 0 0 0 0 0 0 
0 0 0 0 1 1 0 0 1 1 0 0 0 0 0 
0 0 0 0 0 0 0 0 0 0 0 1 0 0 1 
OpenStacks: 6
Took 7.02 seconds

buffer: Warwick 471: balanced orders, 4 orders per product
numCustomers: 15
numProducts: 15
1 0 0 0 0 0 1 0 0 0 0 1 0 1 0 
0 1 0 0 1 0 0 0 1 0 0 1 0 0 0 
0 1 0 1 0 0 0 0 0 0 0 1 0 1 0 
0 0 0 0 0 0 0 0 0 1 0 0 0 1 0 
1 1 0 0 0 0 0 0 1 0 1 0 1 0 1 
1 0 1 0 1 0 0 0 0 0 0 0 1 0 0 
0 0 0 0 0 1 1 1 0 1 0 0 1 0 0 
0 0 1 1 0 1 1 0 1 0 0 0 0 1 1 
0 0 0 1 0 0 0 1 0 0 0 0 0 0 0 
0 0 0 0 0 0 0 0 0 1 1 0 0 0 1 
0 0 1 0 1 1 0 1 0 0 1 0 1 0 0 
0 0 0 1 0 1 0 1 1 0 0 1 0 0 0 
1 0 0 0 0 0 1 0 0 1 0 0 0 0 0 
0 0 1 0 1 0 0 0 0 0 1 0 0 0 1 
0 1 0 0 0 0 0 0 0 0 0 0 0 0 0 
Best Sequence: 
7 3 11 8 5 1 13 9 14 10 12 6 4 2 0 
0 0 1 0 0 0 1 0 0 0 0 1 0 0 1 
0 0 1 1 0 1 0 0 0 0 0 0 1 0 0 
0 1 1 0 0 1 1 0 0 0 0 0 0 0 0 
0 0 0 0 0 0 1 1 0 0 0 0 0 0 0 
0 0 0 1 0 1 0 0 1 1 1 0 0 0 1 
0 0 0 0 0 0 0 0 0 0 1 0 1 1 1 
1 0 0 0 1 0 0 1 0 0 1 1 0 0 0 
0 1 0 1 1 0 1 0 1 0 0 1 0 1 0 
1 1 0 0 0 0 0 0 0 0 0 0 0 0 0 
0 0 0 0 0 0 0 1 1 1 0 0 0 0 0 
1 0 0 0 1 0 0 0 0 1 1 0 1 1 0 
1 1 1 1 1 0 0 0 0 0 0 0 0 0 0 
0 0 0 0 0 0 0 1 0 0 0 1 0 0 1 
0 0 0 0 0 0 0 0 1 1 0 0 1 1 0 
0 0 0 0 0 1 0 0 0 0 0 0 0 0 0 
OpenStacks: 9
Took 7.18 seconds

buffer: Warwick 472: balanced orders, 4 orders per product
numCustomers: 15
numProducts: 15
0 0 0 0 0 1 0 0 0 0 0 1 0 0 1 
0 1 0 0 0 1 0 0 0 0 1 1 0 1 0 
0 1 0 1 1 0 1 1 1 0 0 0 0 0 0 
0 0 1 1 0 0 1 0 0 0 0 0 0 0 0 
0 0 0 0 0 1 1 0 0 1 0 0 0 1 1 
1 0 1 0 0 0 0 1 0 1 0 1 0 0 0 
1 0 0 0 0 0 1 0 0 0 1 0 1 0 0 
1 0 0 0 1 0 0 0 0 0 0 0 0 0 0 
1 1 1 0 0 1 0 1 1 0 0 0 0 0 1 
0 0 0 0 0 0 0 1 0 0 0 0 1 0 0 
0 0 0 1 0 0 0 0 1 0 1 0 0 0 0 
0 0 0 1 1 0 0 0 0 0 0 0 1 1 1 
0 0 0 0 1 0 0 0 0 1 0 0 0 0 0 
0 1 0 0 0 0 0 0 0 0 0 1 1 0 0 
0 0 1 0 0 0 0 0 1 1 1 0 0 1 0 
Best Sequence: 
10 8 3 13 6 2 9 14 5 11 12 7 4 1 0 
0 0 0 0 0 0 0 1 1 1 0 0 0 0 0 
1 0 0 1 0 0 0 0 1 1 0 0 0 1 0 
0 1 1 0 1 0 0 0 0 0 0 1 1 1 0 
0 0 1 0 1 1 0 0 0 0 0 0 0 0 0 
0 0 0 1 1 0 1 1 1 0 0 0 0 0 0 
0 0 0 0 0 1 1 0 0 1 0 1 0 0 1 
1 0 0 0 1 0 0 0 0 0 1 0 0 0 1 
0 0 0 0 0 0 0 0 0 0 0 0 1 0 1 
0 1 0 0 0 1 0 1 1 0 0 1 0 1 1 
0 0 0 0 0 0 0 0 0 0 1 1 0 0 0 
1 1 1 0 0 0 0 0 0 0 0 0 0 0 0 
0 0 1 1 0 0 0 1 0 0 1 0 1 0 0 
0 0 0 0 0 0 1 0 0 0 0 0 1 0 0 
0 0 0 0 0 0 0 0 0 1 1 0 0 1 0 
1 1 0 1 0 1 1 0 0 0 0 0 0 0 0 
OpenStacks: 9
Took 7.19 seconds

buffer: Warwick 473: balanced orders, 4 orders per product
numCustomers: 15
numProducts: 15
0 0 0 1 0 1 0 0 1 1 0 1 0 0 0 
0 0 0 0 0 0 0 0 0 0 1 0 0 0 0 
0 0 0 1 1 0 0 0 0 0 0 0 1 1 0 
1 0 0 1 1 1 0 1 0 0 1 0 0 0 0 
1 0 0 0 0 0 1 0 0 0 0 1 0 1 0 
0 1 1 1 0 1 1 0 0 0 1 0 1 0 0 
0 0 0 0 0 0 0 1 0 1 0 0 0 0 1 
0 0 1 0 1 0 0 0 0 0 0 0 0 0 0 
0 0 1 0 0 0 0 1 1 0 0 0 0 0 1 
0 1 0 0 0 0 0 0 0 1 1 0 0 0 0 
0 0 0 0 0 0 1 0 1 0 0 0 0 1 0 
1 0 0 0 0 0 0 0 0 0 0 1 1 1 0 
0 0 0 0 1 0 0 0 1 1 0 0 0 0 1 
1 1 1 0 0 1 0 0 0 0 0 0 1 0 0 
0 1 0 0 0 0 1 1 0 0 0 1 0 0 1 
Best Sequence: 
10 14 9 7 1 8 2 4 13 12 11 6 5 3 0 
0 0 1 0 0 1 0 0 0 0 1 0 1 1 0 
1 0 0 0 0 0 0 0 0 0 0 0 0 0 0 
0 0 0 0 0 0 0 1 1 1 0 0 0 1 0 
1 0 0 1 0 0 0 1 0 0 0 0 1 1 1 
0 0 0 0 0 0 0 0 1 0 1 1 0 0 1 
1 0 0 0 1 0 1 0 0 1 0 1 1 1 0 
0 1 1 1 0 0 0 0 0 0 0 0 0 0 0 
0 0 0 0 0 0 1 1 0 0 0 0 0 0 0 
0 1 0 1 0 1 1 0 0 0 0 0 0 0 0 
1 0 1 0 1 0 0 0 0 0 0 0 0 0 0 
0 0 0 0 0 1 0 0 1 0 0 1 0 0 0 
0 0 0 0 0 0 0 0 1 1 1 0 0 0 1 
0 1 1 0 0 1 0 1 0 0 0 0 0 0 0 
0 0 0 0 1 0 1 0 0 1 0 0 1 0 1 
0 1 0 1 1 0 0 0 0 0 1 1 0 0 0 
OpenStacks: 9
Took 7.19 seconds

buffer: Warwick 474: balanced orders, 4 orders per product
numCustomers: 15
numProducts: 15
0 0 0 0 0 0 0 0 0 1 0 1 0 0 1 
1 0 1 0 1 1 1 0 1 0 1 0 0 1 0 
0 0 0 0 0 0 0 1 0 0 1 0 1 0 0 
0 1 1 0 0 0 0 1 0 0 0 1 0 1 1 
0 1 0 0 1 0 0 1 0 0 0 0 0 0 0 
0 0 0 0 0 1 0 0 0 1 0 0 1 0 0 
1 0 0 0 1 1 1 0 1 1 0 0 0 0 0 
1 1 0 1 0 0 0 0 0 0 0 0 0 0 1 
0 0 0 1 0 0 0 0 0 0 0 1 0 0 1 
0 0 1 1 0 1 1 0 0 0 1 0 1 0 0 
0 1 1 0 0 0 0 0 0 0 1 0 0 0 0 
0 0 0 1 0 0 0 0 1 0 0 0 0 0 0 
0 0 0 0 1 0 0 0 1 0 0 0 0 1 0 
0 0 0 0 0 0 1 1 0 0 0 0 0 1 0 
1 0 0 0 0 0 0 0 0 1 0 1 1 0 0 
Best Sequence: 
13 7 6 10 4 2 1 12 9 5 14 11 8 3 0 
0 0 0 0 0 0 0 0 1 0 1 1 0 0 0 
1 0 1 1 1 1 0 0 0 1 0 0 1 0 1 
0 1 0 1 0 0 0 1 0 0 0 0 0 0 0 
1 1 0 0 0 1 1 0 0 0 1 1 0 0 0 
0 1 0 0 1 0 1 0 0 0 0 0 0 0 0 
0 0 0 0 0 0 0 1 1 1 0 0 0 0 0 
0 0 1 0 1 0 0 0 1 1 0 0 1 0 1 
0 0 0 0 0 0 1 0 0 0 1 0 0 1 1 
0 0 0 0 0 0 0 0 0 0 1 1 0 1 0 
0 0 1 1 0 1 0 1 0 1 0 0 0 1 0 
0 0 0 1 0 1 1 0 0 0 0 0 0 0 0 
0 0 0 0 0 0 0 0 0 0 0 0 1 1 0 
1 0 0 0 1 0 0 0 0 0 0 0 1 0 0 
1 1 1 0 0 0 0 0 0 0 0 0 0 0 0 
0 0 0 0 0 0 0 1 1 0 0 1 0 0 1 
OpenStacks: 9
Took 7.18 seconds

buffer: Warwick 475: balanced orders, 4 orders per product
numCustomers: 15
numProducts: 15
0 1 0 0 0 0 1 0 1 0 0 1 0 1 0 
0 0 0 0 1 0 0 0 0 0 0 0 0 0 0 
1 0 0 1 0 0 0 0 0 1 0 0 0 0 0 
0 0 1 0 0 1 0 1 0 0 0 0 0 0 0 
0 0 0 1 0 1 1 0 0 0 1 0 0 0 0 
0 0 0 1 0 0 0 0 1 1 0 1 1 0 0 
0 0 0 0 0 1 1 0 0 0 0 0 0 0 0 
0 0 0 0 0 0 0 1 1 0 1 0 0 0 1 
1 0 0 0 1 0 0 0 0 1 0 0 0 0 0 
0 0 1 0 0 0 1 0 0 0 1 0 1 1 0 
1 1 0 0 1 0 0 1 0 0 1 0 0 0 1 
0 1 1 0 1 0 0 0 0 1 0 0 0 1 1 
1 1 0 0 0 1 0 0 0 0 0 0 0 0 1 
0 0 1 0 0 0 0 0 1 0 0 1 1 1 0 
0 0 0 1 0 0 0 1 0 0 0 1 1 0 0 
Best Sequence: 
6 5 10 3 12 11 7 14 13 8 9 4 2 1 0 
1 0 0 0 0 1 0 0 1 1 0 0 0 1 0 
0 0 0 0 0 0 0 0 0 0 0 1 0 0 0 
0 0 0 1 0 0 0 0 0 0 1 0 0 0 1 
0 1 0 0 0 0 1 0 0 0 0 0 1 0 0 
1 1 1 1 0 0 0 0 0 0 0 0 0 0 0 
0 0 0 1 1 1 0 0 0 1 1 0 0 0 0 
1 1 0 0 0 0 0 0 0 0 0 0 0 0 0 
0 0 1 0 0 0 1 1 0 1 0 0 0 0 0 
0 0 0 0 0 0 0 0 0 0 1 1 0 0 1 
1 0 1 0 1 0 0 0 1 0 0 0 1 0 0 
0 0 1 0 0 0 1 1 0 0 0 1 0 1 1 
0 0 0 0 0 0 0 1 1 0 1 1 1 1 0 
0 1 0 0 0 0 0 1 0 0 0 0 0 1 1 
0 0 0 0 1 1 0 0 1 1 0 0 1 0 0 
0 0 0 1 1 1 1 0 0 0 0 0 0 0 0 
OpenStacks: 10
Took 7.17 seconds

buffer: Warwick 476: balanced orders, 4 orders per product
numCustomers: 15
numProducts: 15
0 0 1 0 1 0 0 0 1 0 1 0 0 1 1 
1 1 0 0 0 0 0 1 0 0 1 0 1 0 0 
0 0 0 0 0 0 1 0 0 1 0 1 0 0 0 
0 0 0 1 0 0 0 0 0 0 1 0 1 1 0 
0 0 0 0 0 0 0 0 0 1 0 0 0 1 1 
1 1 0 0 1 1 0 0 0 0 0 1 0 0 0 
0 1 1 0 0 0 0 0 0 0 0 0 0 0 0 
0 0 1 0 0 1 1 1 1 1 0 0 1 0 0 
1 0 0 1 1 0 0 0 0 0 0 0 1 0 0 
0 0 0 0 1 0 0 0 0 0 0 0 0 0 0 
0 1 0 0 0 1 1 0 1 0 1 0 0 1 1 
0 0 1 1 0 0 0 0 0 0 0 1 0 0 0 
0 0 0 0 0 1 0 1 0 0 0 0 0 0 1 
1 0 0 1 0 0 0 1 0 1 0 1 0 0 0 
0 0 0 0 0 0 1 0 1 0 0 0 0 0 0 
Best Sequence: 
14 13 9 8 6 11 7 5 12 10 3 4 2 1 0 
1 1 0 1 0 0 0 0 0 1 0 1 1 0 0 
0 0 0 0 0 0 1 0 1 1 0 0 0 1 1 
0 0 1 0 1 1 0 0 0 0 0 0 0 0 0 
0 1 0 0 0 0 0 0 1 1 1 0 0 0 0 
1 1 1 0 0 0 0 0 0 0 0 0 0 0 0 
0 0 0 0 0 1 0 1 0 0 0 1 0 1 1 
0 0 0 0 0 0 0 0 0 0 0 0 1 1 0 
0 0 1 1 1 0 1 1 1 0 0 0 1 0 0 
0 0 0 0 0 0 0 0 1 0 1 1 0 0 1 
0 0 0 0 0 0 0 0 0 0 0 1 0 0 0 
1 1 0 1 1 0 0 1 0 1 0 0 0 1 0 
0 0 0 0 0 1 0 0 0 0 1 0 1 0 0 
1 0 0 0 0 0 1 1 0 0 0 0 0 0 0 
0 0 1 0 0 1 1 0 0 0 1 0 0 0 1 
0 0 0 1 1 0 0 0 0 0 0 0 0 0 0 
OpenStacks: 9
Took 7.17 seconds

buffer: Warwick 477: balanced orders, 4 orders per product
numCustomers: 15
numProducts: 15
0 0 0 0 0 1 0 0 0 0 0 1 0 1 0 
0 0 0 1 0 1 1 0 0 0 0 1 0 0 0 
0 0 1 0 0 0 0 0 0 0 1 0 0 0 0 
1 1 0 1 1 0 0 0 1 0 1 0 0 0 0 
0 0 1 0 0 0 1 1 0 1 0 0 0 0 0 
0 0 1 0 0 0 0 0 0 0 0 0 1 1 0 
0 1 0 0 1 0 0 1 0 0 0 0 0 1 1 
1 0 0 0 0 0 1 0 1 1 0 0 1 0 1 
1 0 0 0 0 0 0 0 0 0 0 0 0 0 1 
0 1 0 0 1 0 1 0 0 0 1 0 0 0 1 
0 0 0 0 0 0 0 0 1 0 0 0 0 0 0 
1 0 1 1 1 0 0 1 1 0 0 1 1 0 0 
0 1 0 0 0 0 0 0 0 1 0 0 0 1 0 
0 0 0 0 0 1 0 0 0 1 0 1 0 0 0 
0 0 0 1 0 1 0 1 0 0 1 0 1 0 0 
Best Sequence: 
13 11 5 12 9 7 2 6 10 8 14 4 3 1 0 
1 1 1 0 0 0 0 0 0 0 0 0 0 0 0 
0 1 1 0 0 0 0 1 0 0 0 0 1 0 0 
0 0 0 0 0 0 1 0 1 0 0 0 0 0 0 
0 0 0 0 0 0 0 0 1 1 0 1 1 1 1 
0 0 0 0 1 1 1 1 0 0 0 0 0 0 0 
1 0 0 1 0 0 1 0 0 0 0 0 0 0 0 
1 0 0 0 0 1 0 0 0 0 1 1 0 1 0 
0 0 0 1 1 0 0 1 0 1 1 0 0 0 1 
0 0 0 0 0 0 0 0 0 0 1 0 0 0 1 
0 0 0 0 0 0 0 1 1 0 1 1 0 1 0 
0 0 0 0 0 0 0 0 0 1 0 0 0 0 0 
0 1 0 1 0 1 1 0 0 1 0 1 1 0 1 
1 0 0 0 1 0 0 0 0 0 0 0 0 1 0 
0 1 1 0 1 0 0 0 0 0 0 0 0 0 0 
0 0 1 1 0 1 0 0 1 0 0 0 1 0 0 
OpenStacks: 9
Took 7.19 seconds

buffer: Warwick 478: balanced orders, 4 orders per product
numCustomers: 15
numProducts: 15
0 0 0 0 0 0 1 0 0 0 0 0 0 0 0 
1 1 1 0 1 0 0 0 1 0 0 1 0 0 0 
0 0 0 0 0 0 0 0 0 1 1 0 0 0 0 
0 0 0 0 1 0 0 0 1 0 1 0 1 0 1 
1 1 1 0 0 0 0 0 0 1 1 1 0 0 0 
0 0 0 0 0 1 1 0 0 0 0 0 0 1 1 
0 0 1 1 0 1 0 0 0 0 0 0 1 0 1 
1 1 1 0 1 0 0 0 0 0 0 0 0 1 0 
0 0 0 1 0 0 0 1 0 0 0 1 0 0 0 
0 0 0 1 0 1 0 0 0 0 1 1 0 1 1 
1 0 0 0 0 1 0 1 1 1 0 0 0 0 0 
0 0 0 0 0 0 1 1 1 0 0 0 1 0 0 
0 0 0 0 1 0 0 0 0 0 0 0 0 0 0 
0 0 0 0 0 0 1 1 0 1 0 0 1 0 0 
0 1 0 1 0 0 0 0 0 0 0 0 0 1 0 
Best Sequence: 
10 9 6 14 12 7 11 8 3 13 5 4 2 1 0 
0 0 1 0 0 0 0 0 0 0 0 0 0 0 0 
0 0 0 0 0 0 1 1 0 0 0 1 1 1 1 
1 1 0 0 0 0 0 0 0 0 0 0 0 0 0 
1 0 0 1 1 0 0 1 0 0 0 1 0 0 0 
1 1 0 0 0 0 1 0 0 0 0 0 1 1 1 
0 0 1 1 0 0 0 0 0 1 1 0 0 0 0 
0 0 0 1 1 0 0 0 1 0 1 0 1 0 0 
0 0 0 0 0 0 0 0 0 1 0 1 1 1 1 
0 0 0 0 0 1 1 0 1 0 0 0 0 0 0 
1 0 0 1 0 0 1 0 1 1 1 0 0 0 0 
0 1 0 0 0 1 0 1 0 0 1 0 0 0 1 
0 0 1 0 1 1 0 1 0 0 0 0 0 0 0 
0 0 0 0 0 0 0 0 0 0 0 1 0 0 0 
0 1 1 0 1 1 0 0 0 0 0 0 0 0 0 
0 0 0 0 0 0 0 0 1 1 0 0 0 1 0 
OpenStacks: 9
Took 7.14 seconds

buffer: Warwick 479: balanced orders, 4 orders per product
numCustomers: 15
numProducts: 15
0 1 1 0 0 0 1 0 1 1 0 0 0 0 0 
1 0 1 1 0 0 0 1 0 1 0 0 0 1 0 
0 0 0 0 1 0 0 0 0 1 0 0 1 0 1 
0 0 0 0 0 0 1 0 1 0 0 0 0 0 0 
1 0 0 0 0 0 0 0 0 0 0 0 1 0 0 
0 0 0 0 0 0 0 1 0 0 0 0 0 0 0 
0 0 0 0 1 1 0 1 0 0 1 0 0 0 0 
0 0 1 0 0 0 0 0 0 0 0 0 1 1 1 
0 1 1 0 1 0 1 0 0 0 0 0 0 1 0 
0 0 0 0 1 0 0 0 0 0 0 1 1 0 1 
0 1 0 1 0 1 0 0 0 0 1 1 0 0 1 
0 0 0 0 0 0 0 0 0 0 1 1 0 1 0 
1 0 0 1 0 1 0 0 0 1 0 1 0 0 0 
0 0 0 1 0 0 1 0 1 0 1 0 0 0 0 
1 1 0 0 0 1 0 1 1 0 0 0 0 0 0 
Best Sequence: 
13 11 10 7 14 5 4 12 9 8 6 3 2 1 0 
0 0 0 0 0 0 0 0 1 1 1 0 1 1 0 
1 0 0 1 0 0 0 0 1 0 0 1 1 0 1 
0 0 0 0 1 0 1 1 1 0 0 0 0 0 0 
0 0 0 0 0 0 0 0 0 1 1 0 0 0 0 
0 0 0 0 0 0 0 1 0 0 0 0 0 0 1 
0 0 0 1 0 0 0 0 0 0 0 0 0 0 0 
0 0 1 1 0 1 1 0 0 0 0 0 0 0 0 
1 0 0 0 1 0 0 1 0 0 0 0 1 0 0 
1 0 0 0 0 0 1 0 0 0 1 0 1 1 0 
0 1 0 0 1 0 1 1 0 0 0 0 0 0 0 
0 1 1 0 1 1 0 0 0 0 0 1 0 1 0 
1 1 1 0 0 0 0 0 0 0 0 0 0 0 0 
0 1 0 0 0 1 0 0 1 0 0 1 0 0 1 
0 0 1 0 0 0 0 0 0 1 1 1 0 0 0 
0 0 0 1 0 1 0 0 0 1 0 0 0 1 1 
OpenStacks: 10
Took 7.19 seconds

buffer: Warwick 480: balanced orders, 4 orders per product
numCustomers: 15
numProducts: 15
0 1 1 0 0 0 0 1 0 0 0 0 0 0 0 
0 0 0 0 1 1 0 1 0 1 1 1 0 1 0 
0 0 1 1 0 0 0 0 0 0 0 1 0 1 0 
1 0 0 0 0 0 0 1 0 0 1 1 0 1 0 
0 0 0 0 1 1 0 0 0 0 0 0 0 0 1 
0 1 1 0 1 0 0 0 1 1 0 0 0 0 0 
0 0 0 1 0 0 0 0 0 0 1 1 0 0 0 
0 0 0 0 0 0 1 0 0 1 1 0 1 0 0 
1 0 1 0 0 1 0 0 0 0 0 0 0 0 0 
1 1 0 1 0 0 1 0 1 1 0 0 0 0 1 
0 0 0 0 0 0 1 0 1 0 0 0 0 0 0 
0 0 0 0 1 0 1 0 0 0 0 0 1 0 1 
0 0 0 0 0 0 0 0 0 0 0 0 1 1 0 
0 1 0 0 0 1 0 1 0 0 0 0 1 0 1 
1 0 0 1 0 0 0 0 1 0 0 0 0 0 0 
Best Sequence: 
13 12 10 9 6 8 14 11 4 5 7 3 2 1 0 
0 0 0 0 0 0 0 0 0 0 1 0 1 1 0 
1 0 1 1 0 0 0 1 1 1 1 0 0 0 0 
1 0 0 0 0 0 0 1 0 0 0 1 1 0 0 
1 0 1 0 0 0 0 1 0 0 1 0 0 0 1 
0 0 0 0 0 0 1 0 1 1 0 0 0 0 0 
0 0 0 1 0 1 0 0 1 0 0 0 1 1 0 
0 0 1 0 0 0 0 1 0 0 0 1 0 0 0 
0 1 1 1 1 0 0 0 0 0 0 0 0 0 0 
0 0 0 0 0 0 0 0 0 1 0 0 1 0 1 
0 0 0 1 1 1 1 0 0 0 0 1 0 1 1 
0 0 0 0 1 1 0 0 0 0 0 0 0 0 0 
0 1 0 0 1 0 1 0 1 0 0 0 0 0 0 
1 1 0 0 0 0 0 0 0 0 0 0 0 0 0 
0 1 0 0 0 0 1 0 0 1 1 0 0 1 0 
0 0 0 0 0 1 0 0 0 0 0 1 0 0 1 
OpenStacks: 10
Took 7.16 seconds

buffer: Warwick 481: balanced orders, 5 orders per product
numCustomers: 15
numProducts: 15
0 1 0 0 0 1 1 0 0 0 0 1 0 0 1 
1 0 0 1 0 0 1 0 0 0 0 0 0 0 0 
0 0 1 0 0 0 1 0 0 1 0 0 0 1 0 
0 1 0 1 0 0 0 0 0 0 0 1 1 0 0 
1 0 0 0 0 1 0 0 1 0 1 1 0 1 0 
0 0 0 1 1 0 0 0 0 1 1 0 0 0 0 
0 1 0 1 0 0 0 1 0 0 0 1 1 0 1 
1 1 1 0 0 1 1 1 1 0 0 0 1 1 0 
0 0 0 0 1 0 0 0 0 0 1 0 0 1 0 
0 0 0 0 1 0 0 0 1 1 0 1 1 0 1 
0 0 0 0 0 1 0 1 0 1 1 0 0 0 0 
1 0 1 1 0 1 1 1 1 0 1 0 0 1 0 
1 1 1 0 0 0 0 0 0 1 0 0 1 0 1 
0 0 1 0 1 0 0 1 0 0 0 0 0 0 0 
0 0 0 0 1 0 0 0 1 0 0 0 0 0 1 
Best Sequence: 
13 10 4 7 2 14 8 12 11 9 6 5 3 1 0 
0 0 0 0 0 1 0 0 1 0 1 1 0 1 0 
0 0 0 0 0 0 0 0 0 0 1 0 1 0 1 
1 0 0 0 1 0 0 0 0 1 1 0 0 0 0 
0 0 0 0 0 0 0 1 1 0 0 0 1 1 0 
1 1 0 0 0 0 1 0 1 0 0 1 0 0 1 
0 1 1 0 0 0 0 0 0 1 0 0 1 0 0 
0 0 0 1 0 1 0 1 1 0 0 0 1 1 0 
1 0 0 1 1 0 1 1 0 0 1 1 0 1 1 
1 1 1 0 0 0 0 0 0 0 0 0 0 0 0 
0 0 1 0 0 1 1 1 1 1 0 0 0 0 0 
0 1 0 1 0 0 0 0 0 1 0 1 0 0 0 
1 1 0 1 1 0 1 0 0 0 1 1 1 0 1 
0 0 0 0 1 1 0 1 0 1 0 0 0 1 1 
0 0 1 1 1 0 0 0 0 0 0 0 0 0 0 
0 0 1 0 0 1 1 0 0 0 0 0 0 0 0 
OpenStacks: 11
Took 7.3 seconds

buffer: Warwick 482: balanced orders, 5 orders per product
numCustomers: 15
numProducts: 15
0 0 0 0 0 0 1 0 0 1 1 1 0 0 1 
0 0 0 1 1 1 0 0 0 0 0 0 1 1 0 
1 1 1 1 0 0 0 0 0 0 1 0 0 0 0 
0 0 0 1 1 1 0 1 0 0 0 1 0 0 0 
0 0 0 0 1 0 0 0 1 0 1 1 0 1 0 
0 0 0 0 0 1 0 0 0 1 0 0 0 0 0 
1 1 1 0 0 0 1 1 1 1 0 0 1 1 0 
1 0 0 0 0 0 1 1 0 0 0 0 0 0 0 
0 0 0 0 0 0 0 1 1 0 1 0 0 1 1 
0 1 0 1 0 1 0 0 1 1 0 0 1 0 1 
1 1 0 0 1 0 0 0 0 0 0 0 1 0 0 
1 0 0 0 1 0 1 1 1 0 0 0 1 0 0 
0 0 1 0 0 0 0 0 0 1 0 0 0 1 1 
0 0 1 0 0 0 1 0 0 0 0 1 0 0 1 
0 1 1 1 0 1 0 0 0 0 1 1 0 0 0 
Best Sequence: 
9 5 14 13 11 10 3 2 1 12 8 7 6 4 0 
1 0 1 0 1 1 0 0 0 0 0 0 1 0 0 
0 1 0 1 0 0 1 0 0 1 0 0 0 1 0 
0 0 0 0 0 1 1 1 1 0 0 0 0 0 1 
0 1 0 0 1 0 1 0 0 0 0 1 0 1 0 
0 0 0 1 1 1 0 0 0 0 1 0 0 1 0 
1 1 0 0 0 0 0 0 0 0 0 0 0 0 0 
1 0 0 1 0 0 0 1 1 1 1 1 1 0 1 
0 0 0 0 0 0 0 0 0 0 0 1 1 0 1 
0 0 1 1 0 1 0 0 0 0 1 1 0 0 0 
1 1 1 0 0 0 1 0 1 1 1 0 0 0 0 
0 0 0 0 0 0 0 0 1 1 0 0 0 1 1 
0 0 0 0 0 0 0 0 0 1 1 1 1 1 1 
1 0 1 1 0 0 0 1 0 0 0 0 0 0 0 
0 0 1 0 1 0 0 1 0 0 0 0 1 0 0 
0 1 0 0 1 1 1 1 1 0 0 0 0 0 0 
OpenStacks: 11
Took 7.31 seconds

buffer: Warwick 483: balanced orders, 5 orders per product
numCustomers: 15
numProducts: 15
0 1 1 0 1 0 1 0 1 1 1 0 0 0 1 
0 0 1 0 0 0 0 1 0 0 0 0 0 0 0 
0 0 0 1 0 0 1 1 0 0 0 1 0 1 1 
0 0 0 1 1 0 1 0 0 0 0 1 0 0 0 
0 0 0 0 1 0 0 1 0 0 0 0 1 0 0 
0 1 0 0 0 1 0 0 1 0 1 1 0 0 0 
1 0 1 1 0 0 0 0 0 1 1 0 0 1 0 
0 0 0 0 0 0 1 0 1 0 0 0 0 1 0 
1 1 1 0 0 0 0 0 0 1 0 0 1 0 0 
0 0 0 0 0 0 1 1 0 0 0 1 0 1 1 
1 1 1 0 0 1 0 0 0 0 1 0 1 0 1 
0 0 0 0 0 1 0 0 1 1 1 0 0 0 0 
1 0 0 1 0 1 0 0 0 0 0 0 0 0 0 
0 1 0 1 1 1 0 1 0 0 0 1 1 1 1 
1 0 0 0 1 0 0 0 1 1 0 0 1 0 0 
Best Sequence: 
14 13 11 7 6 3 4 12 10 9 8 5 2 1 0 
1 0 0 0 1 0 1 0 1 1 1 0 1 1 0 
0 0 0 1 0 0 0 0 0 0 0 0 1 0 0 
1 1 1 1 1 1 0 0 0 0 0 0 0 0 0 
0 0 1 0 1 1 1 0 0 0 0 0 0 0 0 
0 0 0 1 0 0 1 1 0 0 0 0 0 0 0 
0 0 1 0 0 0 0 0 1 0 1 1 0 1 0 
0 1 0 0 0 1 0 0 1 1 0 0 1 0 1 
0 1 0 0 1 0 0 0 0 0 1 0 0 0 0 
0 0 0 0 0 0 0 1 0 1 0 0 1 1 1 
1 1 1 1 1 0 0 0 0 0 0 0 0 0 0 
1 0 0 0 0 0 0 1 1 0 0 1 1 1 1 
0 0 0 0 0 0 0 0 1 1 1 1 0 0 0 
0 0 0 0 0 1 0 0 0 0 0 1 0 0 1 
1 1 1 1 0 1 1 1 0 0 0 1 0 1 0 
0 0 0 0 0 0 1 1 0 1 1 0 0 0 1 
OpenStacks: 11
Took 7.31 seconds

buffer: Warwick 484: balanced orders, 5 orders per product
numCustomers: 15
numProducts: 15
0 0 0 1 1 0 1 1 0 0 0 1 1 0 0 
0 0 0 0 0 0 1 0 0 1 0 0 0 0 0 
1 0 0 0 0 0 0 0 1 1 0 0 0 1 0 
1 1 0 0 1 0 0 0 0 0 1 1 0 0 1 
0 1 0 0 1 0 0 1 1 0 0 0 0 0 1 
0 0 0 0 0 0 0 0 0 0 0 0 1 1 0 
0 1 0 0 1 1 0 1 0 1 0 0 1 1 0 
1 0 0 1 0 1 0 1 1 1 0 0 0 1 0 
1 0 0 0 0 0 1 0 1 0 0 0 0 0 0 
0 0 0 1 0 0 0 0 0 1 1 0 0 0 1 
1 0 1 0 0 1 0 0 0 0 0 0 0 0 1 
0 0 1 1 0 1 1 0 0 0 1 1 1 0 1 
0 1 1 1 1 0 1 0 0 0 0 1 1 0 0 
0 0 1 0 0 1 0 1 0 0 1 0 0 0 0 
0 1 1 0 0 0 0 0 1 0 1 1 0 1 0 
Best Sequence: 
13 12 9 6 11 7 4 3 14 10 8 5 2 1 0 
0 1 0 1 1 1 1 1 0 0 0 0 0 0 0 
0 0 1 1 0 0 0 0 0 0 0 0 0 0 0 
1 0 1 0 0 0 0 0 0 0 1 0 0 0 1 
0 0 0 0 1 0 1 0 1 1 0 0 0 1 1 
0 0 0 0 0 1 1 0 1 0 1 0 0 1 0 
1 1 0 0 0 0 0 0 0 0 0 0 0 0 0 
1 1 1 0 0 1 1 0 0 0 0 1 0 1 0 
1 0 1 0 0 1 0 1 0 0 1 1 0 0 1 
0 0 0 1 0 0 0 0 0 0 1 0 0 0 1 
0 0 1 0 0 0 0 1 1 1 0 0 0 0 0 
0 0 0 0 0 0 0 0 1 0 0 1 1 0 1 
0 1 0 1 1 0 0 1 1 1 0 1 1 0 0 
0 1 0 1 1 0 1 1 0 0 0 0 1 1 0 
0 0 0 0 0 1 0 0 0 1 0 1 1 0 0 
1 0 0 0 1 0 0 0 0 1 1 0 1 1 0 
OpenStacks: 12
Took 7.3 seconds

buffer: Warwick 485: balanced orders, 5 orders per product
numCustomers: 15
numProducts: 15
0 0 1 0 0 1 0 1 0 0 0 0 0 1 1 
0 0 1 0 1 0 0 1 0 1 0 0 1 0 1 
0 1 0 0 0 0 0 0 0 0 0 1 1 0 1 
0 0 0 0 1 1 1 0 0 1 0 0 1 0 0 
0 1 0 0 0 1 1 0 0 1 0 0 0 1 1 
0 0 1 0 0 1 0 1 0 0 1 1 0 0 0 
1 0 1 0 0 1 0 0 0 0 0 0 0 0 1 
0 0 0 1 1 0 0 0 1 0 1 1 0 0 0 
0 0 0 0 0 0 0 0 1 0 0 0 0 1 0 
1 0 0 1 0 0 0 0 1 1 0 0 0 1 0 
0 0 1 0 0 0 1 0 0 1 0 0 0 0 0 
1 0 0 1 0 0 0 0 0 0 1 0 1 0 0 
0 1 0 1 0 0 1 0 1 0 0 0 1 0 0 
1 1 0 1 1 0 0 1 0 0 1 1 0 0 0 
1 1 0 0 1 0 1 1 1 0 1 1 0 1 0 
Best Sequence: 
13 8 9 6 2 14 7 5 12 11 10 4 3 1 0 
1 0 0 0 1 1 1 1 0 0 0 0 0 0 0 
0 0 1 0 1 1 1 0 1 0 0 1 0 0 0 
0 0 0 0 0 1 0 0 1 1 0 0 0 1 0 
0 0 1 1 0 0 0 1 1 0 0 1 0 0 0 
1 0 1 1 0 1 0 1 0 0 0 0 0 1 0 
0 0 0 0 1 0 1 1 0 1 1 0 0 0 0 
0 0 0 0 1 1 0 1 0 0 0 0 0 0 1 
0 1 0 0 0 0 0 0 0 1 1 1 1 0 0 
1 1 0 0 0 0 0 0 0 0 0 0 0 0 0 
1 1 1 0 0 0 0 0 0 0 0 0 1 0 1 
0 0 1 1 1 0 0 0 0 0 0 0 0 0 0 
0 0 0 0 0 0 0 0 1 0 1 0 1 0 1 
0 1 0 1 0 0 0 0 1 0 0 0 1 1 0 
0 0 0 0 0 0 1 0 0 1 1 1 1 1 1 
1 1 0 1 0 0 1 0 0 1 1 1 0 1 1 
OpenStacks: 12
Took 7.31 seconds

buffer: Warwick 486: balanced orders, 5 orders per product
numCustomers: 15
numProducts: 15
1 0 0 0 0 0 0 0 0 0 0 1 0 0 0 
1 0 0 1 0 0 0 0 0 0 0 0 0 0 1 
0 0 0 0 1 1 0 1 0 0 1 0 0 0 0 
0 0 0 1 1 0 1 0 0 1 0 0 0 1 0 
0 1 0 1 0 1 0 0 0 0 1 1 0 0 0 
1 0 1 0 0 0 0 0 0 1 0 0 1 0 0 
0 0 0 0 0 0 0 1 0 1 1 1 1 0 1 
1 1 1 0 1 1 1 1 1 0 0 1 1 0 0 
1 1 1 0 0 0 0 0 1 0 0 0 0 0 0 
0 1 0 1 0 0 1 0 1 0 1 0 0 1 1 
0 0 1 0 1 0 1 0 0 0 0 0 1 1 0 
0 0 1 0 0 0 0 0 1 0 0 1 0 0 0 
0 1 0 0 1 0 1 0 1 0 0 0 1 1 0 
0 0 0 1 0 1 0 1 0 1 0 0 0 0 1 
0 0 0 0 0 1 0 1 0 1 1 0 0 1 1 
Best Sequence: 
10 7 5 4 14 13 12 9 3 11 8 6 2 1 0 
0 0 0 0 0 0 0 0 0 1 0 0 0 0 1 
0 0 0 0 1 0 0 0 1 0 0 0 0 0 1 
1 1 1 1 0 0 0 0 0 0 0 0 0 0 0 
0 0 0 1 0 1 0 1 1 0 0 1 0 0 0 
1 0 1 0 0 0 0 0 1 1 0 0 0 1 0 
0 0 0 0 0 0 1 1 0 0 0 0 1 0 1 
1 1 0 0 1 0 1 1 0 1 0 0 0 0 0 
0 1 1 1 0 0 1 0 0 1 1 1 1 1 1 
0 0 0 0 0 0 0 0 0 0 1 0 1 1 1 
1 0 0 0 1 1 0 0 1 0 1 1 0 1 0 
0 0 0 1 0 1 1 0 0 0 0 1 1 0 0 
0 0 0 0 0 0 0 0 0 1 1 0 1 0 0 
0 0 0 1 0 1 1 0 0 0 1 1 0 1 0 
0 1 1 0 1 0 0 1 1 0 0 0 0 0 0 
1 1 1 0 1 1 0 1 0 0 0 0 0 0 0 
OpenStacks: 11
Took 7.3 seconds

buffer: Warwick 487: balanced orders, 5 orders per product
numCustomers: 15
numProducts: 15
0 0 0 0 1 0 1 0 0 1 0 0 0 0 0 
0 0 0 0 0 0 0 0 1 0 0 0 0 0 1 
1 0 0 1 0 1 0 1 0 1 1 1 0 0 0 
1 1 0 0 1 1 0 0 1 0 0 0 0 0 0 
0 0 1 0 0 0 0 0 0 0 0 0 0 0 1 
0 0 0 1 0 0 1 0 0 0 1 0 0 1 0 
0 0 0 1 0 1 0 0 1 0 0 0 1 0 0 
1 1 0 0 0 0 0 1 0 1 0 1 1 1 1 
0 0 1 1 1 1 0 0 0 1 0 1 0 1 0 
1 0 0 0 0 0 1 0 0 0 0 0 0 0 0 
0 1 1 0 0 0 0 1 0 1 0 0 1 0 0 
0 0 0 1 1 0 1 1 0 0 1 1 1 0 0 
1 1 1 0 0 0 0 0 0 0 1 0 1 1 1 
0 1 1 0 1 1 0 0 1 0 0 0 0 0 1 
0 0 0 0 0 0 1 1 1 0 1 1 0 1 0 
Best Sequence: 
14 8 2 13 12 11 10 5 3 9 7 4 6 1 0 
0 0 0 0 0 0 0 0 0 1 0 1 1 0 0 
1 1 0 0 0 0 0 0 0 0 0 0 0 0 0 
0 0 0 0 0 1 1 1 1 1 1 0 0 0 1 
0 1 0 0 0 0 0 1 0 0 0 1 0 1 1 
1 0 1 0 0 0 0 0 0 0 0 0 0 0 0 
0 0 0 1 0 0 1 0 1 0 0 0 1 0 0 
0 1 0 0 1 0 0 1 1 0 0 0 0 0 0 
1 0 0 1 1 1 0 0 0 1 1 0 0 1 1 
0 0 1 1 0 1 0 1 1 1 0 1 0 0 0 
0 0 0 0 0 0 0 0 0 0 0 0 1 0 1 
0 0 1 0 1 0 0 0 0 1 1 0 0 1 0 
0 0 0 0 1 1 1 0 1 0 1 1 1 0 0 
1 0 1 1 1 0 1 0 0 0 0 0 0 1 1 
1 1 1 0 0 0 0 1 0 0 0 1 0 1 0 
0 1 0 1 0 1 1 0 0 0 1 0 1 0 0 
OpenStacks: 11
Took 7.29 seconds

buffer: Warwick 488: balanced orders, 5 orders per product
numCustomers: 15
numProducts: 15
0 0 0 0 0 0 1 0 0 0 1 1 1 1 0 
0 1 1 1 0 1 0 0 0 1 1 0 0 0 1 
1 1 0 1 1 1 0 1 1 0 0 0 0 0 1 
1 0 0 0 0 1 1 1 0 0 0 0 1 0 1 
0 1 0 0 1 0 0 0 0 0 0 0 0 0 0 
1 1 1 1 0 1 1 1 1 1 0 0 0 0 1 
0 0 0 0 0 0 1 1 1 0 0 0 0 1 0 
1 0 0 0 1 0 0 0 1 0 0 0 0 0 1 
0 0 0 1 0 0 0 0 0 0 0 0 1 0 0 
0 0 0 0 0 0 0 1 0 0 0 0 0 0 0 
0 0 0 0 0 0 0 0 0 0 0 1 1 0 0 
1 0 1 0 0 0 0 0 1 0 0 1 0 0 0 
0 0 0 0 0 0 0 0 0 1 1 1 0 1 0 
0 0 1 0 1 0 0 0 0 1 1 1 0 1 0 
0 1 1 1 1 1 1 0 0 1 1 0 1 1 0 
Best Sequence: 
12 11 13 10 9 6 7 14 8 5 4 3 2 1 0 
1 1 1 1 0 1 0 0 0 0 0 0 0 0 0 
0 0 0 1 1 0 0 1 0 1 0 1 1 1 0 
0 0 0 0 0 0 1 1 1 1 1 1 0 1 1 
1 0 0 0 0 1 1 1 0 1 0 0 0 0 1 
0 0 0 0 0 0 0 0 0 0 1 0 0 1 0 
0 0 0 0 1 1 1 1 1 1 0 1 1 1 1 
0 0 1 0 0 1 1 0 1 0 0 0 0 0 0 
0 0 0 0 0 0 0 1 1 0 1 0 0 0 1 
1 0 0 0 0 0 0 0 0 0 0 1 0 0 0 
0 0 0 0 0 0 1 0 0 0 0 0 0 0 0 
1 1 0 0 0 0 0 0 0 0 0 0 0 0 0 
0 1 0 0 0 0 0 0 1 0 0 0 1 0 1 
0 1 1 1 1 0 0 0 0 0 0 0 0 0 0 
0 1 1 1 1 0 0 0 0 0 1 0 1 0 0 
1 0 1 1 1 1 0 0 0 1 1 1 1 1 0 
OpenStacks: 10
Took 7.28 seconds

buffer: Warwick 489: balanced orders, 5 orders per product
numCustomers: 15
numProducts: 15
0 0 0 0 0 1 0 0 1 0 0 0 0 0 0 
1 0 1 1 1 0 0 1 0 0 1 0 1 0 0 
1 1 0 0 0 0 1 0 0 0 1 0 1 0 0 
0 0 1 0 0 0 1 1 0 0 0 1 0 1 1 
0 1 0 1 0 0 1 0 0 0 0 0 0 0 0 
1 0 0 0 1 0 0 0 0 1 0 1 1 1 1 
0 0 0 0 0 1 1 1 1 1 1 1 0 0 0 
1 0 0 0 0 1 0 1 0 0 0 0 0 1 1 
0 0 0 0 0 0 0 1 0 0 1 0 0 1 0 
0 1 1 0 0 0 0 0 0 1 1 0 0 1 1 
0 0 1 0 1 1 0 0 0 0 0 0 0 0 0 
0 1 0 0 0 0 0 0 1 1 0 1 1 0 0 
0 0 1 1 1 0 0 0 1 0 0 0 0 0 0 
1 1 0 1 1 0 1 0 1 1 0 0 1 0 0 
0 0 0 1 0 1 0 0 0 0 0 1 0 0 1 
Best Sequence: 
8 5 14 4 2 3 13 11 12 10 9 7 6 1 0 
1 1 0 0 0 0 0 0 0 0 0 0 0 0 0 
0 0 0 1 1 1 0 0 1 1 0 1 0 0 1 
0 0 0 0 0 0 0 0 1 1 0 0 1 1 1 
0 0 1 0 1 0 1 1 0 0 0 1 1 0 0 
0 0 0 0 0 1 0 0 0 0 0 0 1 1 0 
0 0 1 1 0 0 1 1 1 0 1 0 0 0 1 
1 1 0 0 0 0 0 1 0 1 1 1 1 0 0 
0 1 1 0 0 0 1 0 0 0 0 1 0 0 1 
0 0 0 0 0 0 1 0 0 1 0 1 0 0 0 
0 0 1 0 1 0 1 0 0 1 1 0 0 1 0 
0 1 0 1 1 0 0 0 0 0 0 0 0 0 0 
1 0 0 0 0 0 0 1 1 0 1 0 0 1 0 
1 0 0 1 1 1 0 0 0 0 0 0 0 0 0 
1 0 0 1 0 1 0 0 1 0 1 0 1 1 1 
0 1 1 0 0 1 0 1 0 0 0 0 0 0 0 
OpenStacks: 11
Took 7.3 seconds

buffer: Warwick 490: balanced orders, 5 orders per product
numCustomers: 15
numProducts: 15
0 0 0 0 1 0 0 0 1 1 0 0 1 0 1 
1 1 0 0 1 0 1 0 1 0 0 0 0 0 0 
0 0 0 0 1 1 1 1 0 0 0 0 0 0 0 
1 0 0 0 1 1 0 0 1 0 0 1 0 0 1 
0 0 0 0 0 1 0 1 1 1 0 1 0 1 0 
0 1 0 0 0 0 0 0 0 1 0 0 0 0 1 
0 0 1 0 0 0 0 0 0 0 1 1 0 1 0 
0 0 1 1 0 0 1 1 0 0 1 0 0 0 1 
1 1 1 1 0 0 1 0 0 0 0 0 1 0 0 
0 0 1 1 0 0 0 0 0 1 0 0 0 1 0 
1 1 0 0 0 0 0 0 0 0 1 0 1 1 0 
0 1 0 0 1 0 0 1 1 1 1 1 0 0 0 
1 0 1 1 0 1 0 1 0 0 1 0 0 1 0 
0 0 0 1 0 1 1 0 0 0 0 1 1 0 1 
0 0 0 0 0 0 0 0 0 0 0 0 1 0 0 
Best Sequence: 
12 14 9 8 1 4 7 6 5 13 11 10 3 2 0 
1 1 1 1 0 1 0 0 0 0 0 0 0 0 0 
0 0 0 1 1 1 0 1 0 0 0 0 0 0 1 
0 0 0 0 0 1 1 1 1 0 0 0 0 0 0 
0 1 0 1 0 1 0 0 1 0 1 0 0 0 1 
0 0 1 1 0 0 1 0 1 1 1 0 0 0 0 
0 1 1 0 1 0 0 0 0 0 0 0 0 0 0 
0 0 0 0 0 0 0 0 0 1 1 1 0 1 0 
0 1 0 0 0 0 1 1 0 0 0 1 1 1 0 
1 0 0 0 1 0 0 1 0 0 0 0 1 1 1 
0 0 1 0 0 0 0 0 0 1 0 0 1 1 0 
1 0 0 0 1 0 0 0 0 1 0 1 0 0 1 
0 0 1 1 1 1 1 0 0 0 1 1 0 0 0 
0 0 0 0 0 0 1 0 1 1 0 1 1 1 1 
1 1 0 0 0 0 0 1 1 0 1 0 1 0 0 
1 0 0 0 0 0 0 0 0 0 0 0 0 0 0 
OpenStacks: 11
Took 7.31 seconds

buffer: Warwick 491: balanced orders, 6 orders per product
numCustomers: 15
numProducts: 15
0 0 1 0 1 0 0 0 0 0 1 0 0 0 1 
0 0 0 0 1 1 1 1 1 0 0 0 0 1 0 
1 0 0 1 1 1 1 0 0 0 1 0 1 1 1 
0 0 0 1 0 0 1 0 1 1 0 1 1 0 1 
1 0 0 0 0 1 0 0 0 0 0 0 0 0 0 
0 1 1 0 1 0 0 0 0 1 0 1 0 1 0 
0 1 0 0 0 1 1 0 0 1 1 1 0 0 0 
0 1 0 0 1 0 0 1 0 1 1 1 0 1 1 
1 0 1 1 0 1 1 0 1 1 0 0 0 1 0 
0 0 1 1 0 0 1 1 0 0 0 0 1 0 1 
1 1 1 0 0 0 0 0 0 0 0 0 0 1 0 
1 1 1 1 0 0 0 1 1 0 1 1 1 0 1 
0 0 0 0 1 0 0 0 1 0 0 0 0 0 0 
1 1 0 1 0 1 0 1 0 0 1 1 1 0 0 
0 0 0 0 0 0 0 1 1 1 0 0 1 0 0 
Best Sequence: 
12 9 8 7 14 4 13 11 10 6 3 5 2 1 0 
0 0 0 0 1 1 0 0 1 0 0 0 1 0 0 
0 0 1 1 0 1 1 0 0 1 0 1 0 0 0 
1 0 0 0 1 1 1 0 1 1 1 1 0 0 1 
1 1 1 0 1 0 0 1 0 1 1 0 0 0 0 
0 0 0 0 0 0 0 0 0 0 0 1 0 0 1 
0 1 0 0 0 1 1 1 0 0 0 0 1 1 0 
0 1 0 0 0 0 0 1 1 1 0 1 0 1 0 
0 1 0 1 1 1 1 1 1 0 0 0 0 1 0 
0 1 1 0 0 0 1 0 0 1 1 1 1 0 1 
1 0 0 1 1 0 0 0 0 1 1 0 1 0 0 
0 0 0 0 0 0 1 0 0 0 0 0 1 1 1 
1 0 1 1 1 0 0 1 1 0 1 0 1 1 1 
0 0 1 0 0 1 0 0 0 0 0 0 0 0 0 
1 0 0 1 0 0 0 1 1 0 1 1 0 1 1 
1 1 1 1 0 0 0 0 0 0 0 0 0 0 0 
OpenStacks: 12
Took 7.45 seconds

buffer: Warwick 492: balanced orders, 6 orders per product
numCustomers: 15
numProducts: 15
1 1 0 1 0 1 0 1 1 0 1 0 1 1 0 
1 1 0 1 1 0 0 0 1 1 0 1 0 1 1 
0 1 1 1 0 0 1 0 0 0 0 0 0 0 1 
1 0 1 1 0 1 0 0 1 0 0 0 0 0 1 
0 0 1 0 0 0 0 1 0 1 0 0 0 0 1 
1 0 1 0 1 0 0 0 0 0 1 0 1 1 0 
0 0 0 0 0 1 0 1 0 1 1 1 1 1 0 
0 1 1 0 0 0 1 1 0 1 0 1 0 0 1 
0 0 0 1 1 1 1 0 1 1 0 1 1 0 0 
0 1 0 0 0 0 1 1 1 0 1 1 0 0 0 
1 0 1 0 1 1 0 0 0 0 0 0 0 0 1 
0 0 0 1 0 1 0 0 0 0 0 0 0 0 0 
0 0 0 0 1 0 0 1 0 0 1 1 1 1 0 
0 0 0 0 0 0 1 0 0 0 1 0 0 0 0 
1 1 0 0 1 0 1 0 1 1 0 0 1 1 0 
Best Sequence: 
10 6 13 12 11 7 4 14 9 8 2 5 3 1 0 
1 0 1 1 0 1 0 0 0 1 0 1 1 1 1 
0 0 1 0 1 0 1 1 1 1 0 0 1 1 1 
0 1 0 0 0 0 0 1 0 0 1 0 1 1 0 
0 0 0 0 0 0 0 1 0 1 1 1 1 0 1 
0 0 0 0 0 1 0 1 1 0 1 0 0 0 0 
1 0 1 1 0 0 1 0 0 0 1 0 0 0 1 
1 0 1 1 1 1 0 0 1 0 0 1 0 0 0 
0 1 0 0 1 1 0 1 1 0 1 0 0 1 0 
0 1 0 1 1 0 1 0 1 1 0 1 1 0 0 
1 1 0 0 1 1 0 0 0 1 0 0 0 1 0 
0 0 0 0 0 0 1 1 0 0 1 1 0 0 1 
0 0 0 0 0 0 0 0 0 0 0 1 1 0 0 
1 0 1 1 1 1 1 0 0 0 0 0 0 0 0 
1 1 0 0 0 0 0 0 0 0 0 0 0 0 0 
0 1 1 1 0 0 1 0 1 1 0 0 0 1 1 
OpenStacks: 12
Took 7.39 seconds

buffer: Warwick 493: balanced orders, 6 orders per product
numCustomers: 15
numProducts: 15
1 1 0 0 0 1 1 1 1 1 0 0 0 0 1 
0 0 0 1 0 1 0 1 0 1 1 1 1 0 0 
0 1 1 1 0 0 1 1 0 0 0 1 1 0 0 
0 1 0 0 0 1 0 0 0 0 0 1 0 0 1 
0 0 1 1 1 0 1 1 0 0 0 0 0 0 1 
1 0 0 0 1 0 1 0 0 0 0 0 0 1 0 
0 0 1 0 0 1 0 0 0 0 1 0 1 1 0 
1 0 1 0 0 1 0 0 0 1 0 0 1 1 0 
0 0 0 0 0 1 0 0 1 1 1 0 1 0 0 
1 1 1 1 1 0 1 1 0 0 1 0 0 1 0 
0 1 0 1 0 0 1 1 1 1 1 1 1 0 1 
0 0 0 0 1 0 0 0 1 1 0 1 0 1 1 
1 1 0 1 0 0 0 0 0 0 1 0 0 1 0 
0 0 0 0 1 0 0 0 1 0 0 1 0 0 1 
1 0 1 0 1 0 0 0 1 0 0 0 0 0 0 
Best Sequence: 
12 10 9 8 5 14 11 7 3 13 6 4 2 1 0 
0 0 1 1 1 1 0 1 0 0 1 0 0 1 1 
1 1 1 0 1 0 1 1 1 0 0 0 0 0 0 
1 0 0 0 0 0 1 1 1 0 1 0 1 1 0 
0 0 0 0 1 1 1 0 0 0 0 0 0 1 0 
0 0 0 0 0 1 0 1 1 0 1 1 1 0 0 
0 0 0 0 0 0 0 0 0 1 1 1 0 0 1 
1 1 0 0 1 0 0 0 0 1 0 0 1 0 0 
1 0 1 0 1 0 0 0 0 1 0 0 1 0 1 
1 1 1 1 1 0 0 0 0 0 0 0 0 0 0 
0 1 0 0 0 0 0 1 1 1 1 1 1 1 1 
1 1 1 1 0 1 1 1 1 0 1 0 0 1 0 
0 0 1 1 0 1 1 0 0 1 0 1 0 0 0 
0 1 0 0 0 0 0 0 1 1 0 0 0 1 1 
0 0 0 1 0 1 1 0 0 0 0 1 0 0 0 
0 0 0 1 0 0 0 0 0 0 0 1 1 0 1 
OpenStacks: 13
Took 7.39 seconds

buffer: Warwick 494: balanced orders, 6 orders per product
numCustomers: 15
numProducts: 15
1 1 1 1 0 0 1 0 1 0 0 0 0 1 1 
0 1 0 0 1 1 0 1 0 0 1 1 0 1 0 
1 0 0 0 1 1 1 0 1 0 0 1 1 0 0 
1 0 0 0 0 1 1 1 0 1 1 1 0 0 1 
1 1 0 0 0 1 1 0 1 1 0 0 1 0 0 
0 0 1 1 1 0 1 0 0 1 0 0 1 1 0 
0 0 1 0 1 0 0 1 0 0 0 0 1 1 1 
0 0 1 1 0 0 0 0 0 1 0 1 0 1 0 
1 1 1 1 0 1 0 0 0 0 1 0 0 0 1 
0 1 0 0 1 0 0 0 1 1 0 0 1 0 0 
0 0 1 0 1 0 0 1 1 0 0 0 0 0 0 
1 0 0 0 0 0 0 1 1 0 0 0 1 1 0 
0 0 0 0 0 0 0 1 0 0 1 1 0 0 1 
0 0 0 1 0 1 0 0 0 1 1 1 0 0 0 
0 1 0 1 0 0 1 0 0 0 1 0 0 0 1 
Best Sequence: 
8 7 4 2 14 13 12 11 10 9 6 5 3 1 0 
1 0 0 1 1 1 0 0 0 0 1 0 1 1 1 
0 1 1 0 0 1 0 1 1 0 0 1 0 1 0 
1 0 1 0 0 0 1 1 0 0 1 1 0 0 1 
0 1 0 0 1 0 0 1 1 1 1 1 0 0 1 
1 0 0 0 0 0 1 0 0 1 1 1 0 1 1 
0 0 1 1 0 1 1 0 0 1 1 0 1 0 0 
0 1 1 1 1 1 1 0 0 0 0 0 0 0 0 
0 0 0 1 0 1 0 1 0 1 0 0 1 0 0 
0 0 0 1 1 0 0 0 1 0 0 1 1 1 1 
1 0 1 0 0 0 1 0 0 1 0 0 0 1 0 
1 1 1 1 0 0 0 0 0 0 0 0 0 0 0 
1 1 0 0 0 1 1 0 0 0 0 0 0 0 1 
0 1 0 0 1 0 0 1 1 0 0 0 0 0 0 
0 0 0 0 0 0 0 1 1 1 0 1 1 0 0 
0 0 0 0 1 0 0 0 1 0 1 0 1 1 0 
OpenStacks: 13
Took 7.42 seconds

buffer: Warwick 495: balanced orders, 6 orders per product
numCustomers: 15
numProducts: 15
0 0 0 0 0 0 0 1 1 0 0 0 0 0 0 
1 0 1 1 0 0 1 0 0 0 0 0 0 1 0 
1 1 0 0 0 0 0 1 1 1 1 0 0 0 1 
0 1 0 0 1 1 1 0 1 0 0 0 0 1 0 
0 1 0 0 0 1 0 0 1 0 0 1 0 0 1 
0 1 0 1 1 1 1 0 0 0 1 1 1 0 0 
0 0 1 1 1 0 0 1 1 1 0 0 0 0 0 
0 1 1 1 1 1 0 1 1 1 1 1 1 0 1 
0 0 0 0 0 1 0 0 0 1 0 0 0 1 0 
1 0 1 1 0 0 1 0 0 1 1 0 1 0 0 
0 1 1 0 1 0 1 1 0 0 1 1 1 1 1 
1 0 1 0 1 1 0 0 0 0 0 1 0 1 1 
1 0 0 0 0 0 1 0 0 0 1 1 1 0 1 
0 0 0 0 0 0 0 0 0 0 0 0 1 0 0 
1 0 0 1 0 0 0 1 0 1 0 0 0 1 0 
Best Sequence: 
8 7 13 9 5 14 4 3 2 12 11 10 6 1 0 
1 1 0 0 0 0 0 0 0 0 0 0 0 0 0 
0 0 1 0 0 0 0 1 1 0 0 0 1 0 1 
1 1 0 1 0 1 0 0 0 0 0 1 0 1 1 
1 0 1 0 1 0 1 0 0 0 0 0 1 1 0 
1 0 0 0 1 1 0 0 0 0 1 0 0 1 0 
0 0 0 0 1 0 1 1 0 1 1 1 1 1 0 
1 1 0 1 0 0 1 1 1 0 0 0 0 0 0 
1 1 0 1 1 1 1 1 1 1 1 1 0 1 0 
0 0 1 1 1 0 0 0 0 0 0 0 0 0 0 
0 0 0 1 0 0 0 1 1 1 0 1 1 0 1 
0 1 1 0 0 1 1 0 1 1 1 1 1 1 0 
0 0 1 0 1 1 1 0 1 0 1 0 0 0 1 
0 0 0 0 0 1 0 0 0 1 1 1 1 0 1 
0 0 0 0 0 0 0 0 0 1 0 0 0 0 0 
0 1 1 1 0 0 0 1 0 0 0 0 0 0 1 
OpenStacks: 12
Took 7.39 seconds

buffer: Warwick 496: balanced orders, 6 orders per product
numCustomers: 15
numProducts: 15
0 0 0 0 1 1 1 0 0 1 0 0 1 1 0 
1 0 0 0 0 0 0 1 0 1 0 0 0 0 0 
0 1 1 1 0 1 0 0 0 0 1 0 0 0 1 
0 0 1 1 0 0 1 0 1 0 1 1 0 0 0 
1 0 1 1 0 0 0 0 1 1 1 0 0 1 0 
1 0 0 0 1 0 1 0 0 0 1 0 1 1 1 
0 1 0 1 0 0 0 1 0 0 0 0 0 1 0 
0 0 0 0 0 0 0 1 0 0 0 1 0 1 0 
0 0 1 0 1 0 1 0 1 0 0 1 1 0 0 
0 0 1 1 1 1 0 1 0 1 0 0 0 0 1 
0 1 0 0 1 0 1 0 1 0 0 0 0 0 1 
1 0 0 0 0 1 0 1 1 0 1 1 1 0 1 
1 1 0 0 0 1 0 1 0 0 0 1 1 0 0 
0 1 0 0 0 0 1 0 0 1 0 0 0 1 0 
1 1 1 1 1 1 0 0 1 1 1 1 1 0 1 
Best Sequence: 
14 12 11 8 6 4 2 13 10 3 9 7 5 1 0 
0 1 0 0 1 1 0 1 0 0 1 0 1 0 0 
0 0 0 0 0 0 0 0 0 0 1 1 0 0 1 
1 0 0 0 0 0 1 0 1 1 0 0 1 1 0 
0 0 1 1 1 0 1 0 1 1 0 0 0 0 0 
0 0 0 1 0 0 1 1 1 1 1 0 0 0 1 
1 1 0 0 1 1 0 1 1 0 0 0 0 0 1 
0 0 0 0 0 0 0 1 0 1 0 1 0 1 0 
0 0 1 0 0 0 0 1 0 0 0 1 0 0 0 
0 1 1 1 1 1 1 0 0 0 0 0 0 0 0 
1 0 0 0 0 1 1 0 0 1 1 1 1 0 0 
1 0 0 1 1 1 0 0 0 0 0 0 0 1 0 
1 1 1 1 0 0 0 0 1 0 0 1 1 0 1 
0 1 1 0 0 0 0 0 0 0 0 1 1 1 1 
0 0 0 0 1 0 0 1 0 0 1 0 0 1 0 
1 1 1 1 0 1 1 0 1 1 1 0 1 1 1 
OpenStacks: 13
Took 7.41 seconds

buffer: Warwick 497: balanced orders, 6 orders per product
numCustomers: 15
numProducts: 15
1 1 0 1 1 0 1 1 0 1 1 0 0 1 1 
0 0 1 0 1 0 0 1 0 0 0 0 1 0 1 
0 0 0 1 1 0 0 0 1 1 1 0 1 0 0 
1 0 0 1 0 0 1 0 0 0 1 0 1 0 0 
0 0 0 0 0 0 0 0 0 0 0 1 0 1 0 
0 1 0 0 0 1 1 0 0 0 1 0 0 0 1 
0 0 0 0 1 1 0 1 0 0 0 1 1 1 1 
1 1 1 0 1 1 0 0 0 0 0 0 0 0 0 
0 0 0 0 0 1 0 0 1 1 0 1 0 0 0 
1 1 1 1 0 1 0 1 1 1 0 0 0 1 0 
0 0 0 1 0 0 0 0 1 0 0 1 0 1 0 
0 0 1 0 0 0 1 1 1 1 1 0 1 0 1 
0 0 1 1 1 0 1 0 1 0 0 1 1 1 1 
1 1 0 0 0 0 0 1 0 1 1 0 0 0 0 
1 1 1 0 0 1 1 0 0 0 0 1 0 0 0 
Best Sequence: 
13 11 9 8 5 3 14 12 10 7 6 4 2 1 0 
1 0 1 0 0 1 1 0 1 1 1 1 0 1 1 
0 0 0 0 0 0 1 1 0 1 0 1 1 0 0 
0 0 1 1 0 1 0 1 1 0 0 1 0 0 0 
0 0 0 0 0 1 0 1 1 0 1 0 0 0 1 
1 1 0 0 0 0 0 0 0 0 0 0 0 0 0 
0 0 0 0 1 0 1 0 1 0 1 0 0 1 0 
1 1 0 0 1 0 1 1 0 1 0 1 0 0 0 
0 0 0 0 1 0 0 0 0 0 0 1 1 1 1 
0 1 1 1 1 0 0 0 0 0 0 0 0 0 0 
1 0 1 1 1 1 0 0 0 1 0 0 1 1 1 
1 1 0 1 0 1 0 0 0 0 0 0 0 0 0 
0 0 1 1 0 0 1 1 1 1 1 0 1 0 0 
1 1 0 1 0 1 1 1 0 0 1 1 1 0 0 
0 0 1 0 0 0 0 0 1 1 0 0 0 1 1 
0 1 0 0 1 0 0 0 0 0 1 0 1 1 1 
OpenStacks: 12
Took 7.4 seconds

buffer: Warwick 498: balanced orders, 6 orders per product
numCustomers: 15
numProducts: 15
0 0 0 0 1 0 0 0 0 1 0 1 0 1 1 
0 1 0 0 0 0 0 1 1 0 0 0 1 1 0 
1 0 0 0 0 0 1 0 1 0 0 1 0 0 0 
1 0 0 1 1 0 0 0 0 0 1 0 0 0 0 
0 0 1 0 0 0 1 0 0 0 1 1 1 0 1 
0 0 0 0 0 0 0 1 0 1 0 0 0 0 0 
1 0 1 0 1 1 1 1 0 1 0 0 0 1 0 
0 0 1 0 1 1 1 0 0 0 0 0 0 0 1 
0 1 0 0 1 0 1 0 0 1 0 0 1 1 0 
0 0 1 1 0 0 0 1 0 0 0 1 0 0 1 
1 1 1 1 0 1 0 0 1 0 1 0 1 0 0 
1 1 0 1 0 1 0 0 0 1 0 0 1 1 0 
0 1 0 1 0 1 0 1 1 0 1 1 0 0 1 
0 0 1 1 1 0 1 1 1 1 1 1 1 0 1 
1 1 0 0 0 1 0 0 1 0 1 0 0 1 0 
Best Sequence: 
9 7 14 13 11 4 12 10 8 6 5 3 2 1 0 
1 0 1 1 1 1 0 0 0 0 0 0 0 0 0 
0 1 0 1 0 0 1 0 1 0 0 0 0 1 0 
0 0 0 0 1 0 0 0 1 1 0 0 0 0 1 
0 0 0 0 0 1 0 1 0 0 0 1 0 0 1 
0 0 1 0 1 0 1 1 0 1 0 0 1 0 0 
1 1 0 0 0 0 0 0 0 0 0 0 0 0 0 
1 1 0 1 0 1 0 0 0 1 1 0 1 0 1 
0 0 1 0 0 1 0 0 0 1 1 0 1 0 0 
1 0 0 1 0 1 1 0 0 1 0 0 0 1 0 
0 1 1 0 1 0 0 0 0 0 0 1 1 0 0 
0 0 0 0 0 0 1 1 1 0 1 1 1 1 1 
1 0 0 1 0 0 1 0 0 0 1 1 0 1 1 
0 1 1 0 1 0 0 1 1 0 1 1 0 1 0 
1 1 1 0 1 1 1 1 1 1 0 1 1 0 0 
0 0 0 1 0 0 0 1 1 0 1 0 0 1 1 
OpenStacks: 13
Took 7.44 seconds

buffer: Warwick 499: balanced orders, 6 orders per product
numCustomers: 15
numProducts: 15
0 1 1 0 0 1 1 0 0 0 1 0 0 1 0 
0 0 0 1 0 1 0 0 0 0 0 0 0 0 0 
1 0 0 1 1 0 0 1 0 1 0 0 0 0 1 
0 0 1 0 0 1 0 0 1 1 0 0 1 1 1 
1 0 0 1 1 1 1 1 1 1 0 0 0 0 0 
0 1 0 1 0 0 0 0 0 0 0 1 1 0 0 
1 0 1 0 1 0 1 0 0 0 0 1 1 1 1 
1 0 1 0 1 1 0 0 1 0 1 0 0 0 0 
1 1 1 0 0 0 0 0 1 1 1 1 0 0 1 
0 0 0 1 0 0 0 1 0 1 0 0 0 0 0 
0 0 0 1 1 1 1 1 1 0 0 0 0 1 0 
0 1 0 0 0 0 1 1 0 0 0 1 0 1 0 
1 1 1 0 0 0 1 0 0 0 1 0 1 0 1 
0 0 0 0 0 0 0 1 0 0 1 1 1 1 0 
0 1 0 0 1 0 0 0 1 1 1 1 1 0 1 
Best Sequence: 
9 7 3 5 14 13 12 11 10 8 6 4 2 1 0 
0 0 0 1 0 1 0 0 1 0 1 0 1 1 0 
0 0 1 1 0 0 0 0 0 0 0 0 0 0 0 
1 1 1 0 1 0 0 0 0 0 0 1 0 0 1 
1 0 0 1 1 1 1 0 0 1 0 0 1 0 0 
1 1 1 1 0 0 0 0 0 1 1 1 0 0 1 
0 0 1 0 0 0 1 1 0 0 0 0 0 1 0 
0 0 0 0 1 1 1 1 0 0 1 1 1 0 1 
0 0 0 1 0 0 0 0 1 1 0 1 1 0 1 
1 0 0 0 1 0 0 1 1 1 0 0 1 1 1 
1 1 1 0 0 0 0 0 0 0 0 0 0 0 0 
0 1 1 1 0 1 0 0 0 1 1 1 0 0 0 
0 1 0 0 0 1 0 1 0 0 1 0 0 1 0 
0 0 0 0 1 0 1 0 1 0 1 0 1 1 1 
0 1 0 0 0 1 1 1 1 0 0 0 0 0 0 
1 0 0 0 1 0 1 1 1 1 0 1 0 1 0 
OpenStacks: 13
Took 7.39 seconds

buffer: Warwick 500: balanced orders, 6 orders per product
numCustomers: 15
numProducts: 15
0 0 1 0 1 0 1 1 0 0 0 0 1 0 0 
0 1 1 0 0 0 1 1 1 0 0 0 0 1 1 
0 1 1 0 1 0 0 0 1 1 1 1 1 1 0 
1 0 1 0 0 1 0 0 0 1 1 0 0 1 1 
0 0 0 0 1 0 0 0 0 0 1 0 0 0 0 
0 0 1 1 0 1 0 1 0 0 1 0 1 1 0 
1 1 0 0 0 0 0 1 1 0 0 0 0 0 1 
0 0 0 0 0 1 0 0 0 0 0 0 0 1 0 
1 0 0 1 1 0 0 1 1 0 0 1 0 0 1 
0 0 0 1 0 0 1 0 1 1 1 1 1 1 0 
1 1 0 0 0 1 1 1 0 0 0 0 0 0 1 
1 1 0 1 1 0 1 0 0 1 0 1 0 0 0 
1 1 0 0 1 1 1 0 0 1 0 1 1 0 0 
0 0 0 1 0 0 0 0 1 0 1 0 1 0 1 
0 0 1 1 0 1 0 0 0 1 0 1 0 0 0 
Best Sequence: 
13 5 11 9 3 2 10 4 14 12 8 7 6 1 0 
0 0 0 0 0 1 0 1 0 1 0 1 1 0 0 
1 0 0 0 0 1 0 0 1 0 1 1 1 1 0 
1 0 1 1 0 1 1 1 0 1 1 0 0 1 0 
1 1 0 1 0 1 1 0 1 0 0 0 0 0 1 
0 0 0 0 0 0 1 1 0 0 0 0 0 0 0 
1 1 0 0 1 1 1 0 0 1 0 1 0 0 0 
0 0 0 0 0 0 0 0 1 0 1 1 0 1 1 
1 1 0 0 0 0 0 0 0 0 0 0 0 0 0 
0 0 1 0 1 0 0 1 1 0 1 1 0 0 1 
1 0 1 1 1 0 1 0 0 1 1 0 1 0 0 
0 1 0 0 0 0 0 0 1 0 0 1 1 1 1 
0 0 1 1 1 0 0 1 0 0 0 0 1 1 1 
0 1 1 1 0 0 0 1 0 1 0 0 1 1 1 
0 0 0 0 1 0 1 0 1 1 1 0 0 0 0 
0 1 1 1 1 1 0 0 0 0 0 0 0 0 0 
OpenStacks: 12
Took 7.41 seconds

buffer: Warwick 501: balanced orders, 7 orders per product
numCustomers: 15
numProducts: 15
1 1 0 0 0 0 0 1 1 0 1 1 0 0 0 
1 1 1 1 1 0 0 1 0 1 0 1 0 1 0 
0 0 0 0 0 1 0 0 1 0 1 0 1 1 1 
0 0 1 1 0 0 1 0 1 1 0 1 0 1 0 
0 1 0 0 1 0 0 0 0 0 0 0 0 1 1 
1 0 0 1 1 0 1 1 0 0 0 1 1 0 0 
0 0 1 1 1 0 1 1 1 1 1 0 1 0 1 
1 0 0 0 0 1 0 0 1 1 1 0 0 1 0 
0 1 1 1 0 1 1 1 1 0 0 0 1 0 0 
0 1 1 1 1 1 1 0 0 1 0 1 1 0 1 
0 1 1 0 0 0 0 0 0 0 0 1 0 0 1 
1 0 0 0 1 1 1 0 1 0 1 1 1 0 1 
0 1 1 0 0 1 1 0 0 1 0 0 0 1 0 
1 0 0 0 0 1 0 1 0 1 1 0 1 0 0 
1 0 0 1 1 0 0 1 0 0 1 0 0 1 1 
Best Sequence: 
14 11 2 1 13 4 12 10 9 8 7 6 5 3 0 
0 1 0 1 0 0 0 1 0 1 1 0 0 0 1 
0 1 1 1 1 1 0 0 1 0 1 0 0 1 1 
1 0 0 0 1 0 1 1 0 1 0 0 1 0 0 
0 1 1 0 1 0 0 0 1 1 0 1 0 1 0 
1 0 0 1 1 1 0 0 0 0 0 0 0 0 0 
0 1 0 0 0 1 1 0 0 0 1 1 0 1 1 
1 0 1 0 0 1 1 1 1 1 1 1 0 1 0 
0 0 0 0 1 0 0 1 1 1 0 0 1 0 1 
0 0 1 1 0 0 1 0 0 1 1 1 1 1 0 
1 1 1 1 0 1 1 0 1 0 0 1 1 1 0 
1 1 1 1 0 0 0 0 0 0 0 0 0 0 0 
1 1 0 0 0 1 1 1 0 1 0 1 1 0 1 
0 0 1 1 1 0 0 0 1 0 0 1 1 0 0 
0 0 0 0 0 0 1 1 1 0 1 0 1 0 1 
1 0 0 0 1 1 0 1 0 0 1 0 0 1 1 
OpenStacks: 13
Took 7.51 seconds

buffer: Warwick 502: balanced orders, 7 orders per product
numCustomers: 15
numProducts: 15
0 0 0 1 0 1 0 0 1 1 0 1 0 1 0 
0 0 0 1 1 0 0 0 1 0 0 0 1 0 1 
0 1 0 0 0 1 1 1 1 1 0 0 0 0 0 
0 1 1 0 1 0 1 1 0 0 1 1 1 0 1 
0 0 1 0 0 0 0 1 1 0 0 1 0 0 0 
1 0 1 0 1 0 1 0 1 0 0 0 0 1 1 
1 0 1 0 0 0 1 1 0 0 0 1 0 1 1 
1 1 1 1 0 1 0 0 0 1 1 1 0 0 0 
1 0 1 0 0 1 0 1 0 0 0 0 1 0 0 
0 1 0 1 0 1 0 0 1 0 1 0 1 1 1 
1 0 1 0 1 0 1 1 0 1 1 0 1 0 0 
1 0 0 1 1 1 0 0 0 1 1 1 1 0 0 
0 1 0 1 1 0 1 0 0 0 1 1 1 1 1 
1 1 0 1 1 1 1 1 0 1 1 0 0 1 0 
0 1 0 0 0 0 0 0 1 1 0 0 0 1 1 
Best Sequence: 
14 13 9 8 1 12 11 10 7 6 5 4 3 2 0 
0 1 1 1 0 0 1 0 0 0 1 0 1 0 0 
1 0 0 1 0 1 0 0 0 0 0 1 1 0 0 
0 0 1 1 1 0 0 0 1 1 1 0 0 0 0 
1 0 0 0 1 1 1 1 1 1 0 1 0 1 0 
0 0 0 1 0 0 1 0 1 0 0 0 0 1 0 
1 1 0 1 0 0 0 0 0 1 0 1 0 1 1 
1 1 0 0 0 0 1 0 1 1 0 0 0 1 1 
0 0 1 0 1 0 1 1 0 0 1 0 1 1 1 
0 0 0 0 0 1 0 0 1 0 1 0 0 1 1 
1 1 0 1 1 1 0 1 0 0 1 0 1 0 0 
0 0 1 0 0 1 0 1 1 1 0 1 0 1 1 
0 0 1 0 0 1 1 1 0 0 1 1 1 0 1 
1 1 0 0 1 1 1 1 0 1 0 1 1 0 0 
0 1 1 0 1 0 0 1 1 1 1 1 1 0 1 
1 1 1 1 1 0 0 0 0 0 0 0 0 0 0 
OpenStacks: 14
Took 7.48 seconds

buffer: Warwick 503: balanced orders, 7 orders per product
numCustomers: 15
numProducts: 15
0 1 0 0 0 0 0 0 1 0 0 1 0 0 1 
0 1 1 1 0 1 1 0 0 0 1 0 0 1 1 
0 0 1 1 1 0 1 0 1 1 0 0 1 1 0 
0 0 1 0 0 0 0 1 1 0 0 0 1 1 0 
1 1 1 1 0 1 1 1 0 1 1 0 0 0 1 
1 1 1 0 0 0 0 1 1 0 1 0 0 0 1 
0 0 1 0 1 1 0 1 1 0 0 0 1 1 0 
0 0 0 0 1 1 1 0 0 0 1 1 1 1 1 
1 1 0 1 1 0 1 0 0 1 1 0 1 1 0 
1 0 0 1 0 1 1 0 1 0 1 1 1 0 0 
0 0 0 1 0 0 1 1 0 1 0 1 0 0 1 
1 0 0 0 1 0 0 1 0 0 0 1 0 1 0 
0 1 0 0 0 1 0 0 0 1 0 0 0 0 0 
1 1 1 0 1 1 0 1 1 1 1 1 0 0 1 
1 0 0 1 1 0 0 0 0 1 0 1 1 0 0 
Best Sequence: 
14 13 12 11 10 8 7 2 9 6 5 4 3 1 0 
1 0 0 1 0 1 0 0 0 0 0 0 0 1 0 
1 1 0 0 1 0 0 1 0 1 1 0 1 1 0 
0 1 1 0 0 1 0 1 1 1 0 1 1 0 0 
0 1 1 0 0 1 1 1 0 0 0 0 0 0 0 
1 0 0 0 1 0 1 1 1 1 1 0 1 1 1 
1 0 0 0 1 1 1 1 0 0 0 0 0 1 1 
0 1 1 0 0 1 1 1 0 0 1 1 0 0 0 
1 1 1 1 1 0 0 0 0 1 1 1 0 0 0 
0 1 1 0 1 0 0 0 1 1 0 1 1 1 1 
0 0 1 1 1 1 0 0 0 1 1 0 1 0 1 
1 0 0 1 0 0 1 0 1 1 0 0 1 0 0 
0 1 0 1 0 0 1 0 0 0 0 1 0 0 1 
0 0 0 0 0 0 0 0 1 0 1 0 0 1 0 
1 0 0 1 1 1 1 1 1 0 1 1 0 1 1 
0 0 1 1 0 0 0 0 1 0 0 1 1 0 1 
OpenStacks: 14
Took 7.51 seconds

buffer: Warwick 504: balanced orders, 7 orders per product
numCustomers: 15
numProducts: 15
0 0 1 0 1 0 1 0 1 1 1 0 0 0 0 
0 1 1 1 0 0 0 1 0 1 0 1 1 1 0 
0 0 0 1 1 1 0 0 1 0 0 0 1 0 1 
1 0 1 0 1 0 1 1 1 0 1 1 0 1 0 
0 0 1 0 0 0 0 1 1 1 0 0 0 0 0 
1 0 0 0 0 1 0 1 0 1 0 0 0 1 0 
0 1 1 1 0 0 0 1 0 0 0 1 0 1 1 
1 1 0 0 0 0 0 1 0 0 1 1 1 0 1 
1 0 0 1 1 0 1 0 0 1 0 0 1 0 1 
0 0 0 1 0 1 1 0 0 0 1 1 1 0 0 
1 1 0 0 1 1 0 0 1 1 1 0 1 1 0 
0 1 0 0 1 1 0 1 1 0 1 0 0 1 1 
1 0 1 1 0 1 1 0 0 0 0 0 1 0 1 
0 1 1 0 0 1 1 0 1 0 0 1 0 1 0 
1 1 0 1 1 0 1 0 0 1 1 1 0 0 1 
Best Sequence: 
14 13 12 11 10 6 5 3 9 8 7 4 2 1 0 
0 0 0 0 1 1 0 0 1 1 0 1 1 0 0 
0 1 1 1 0 0 0 1 1 0 1 0 1 1 0 
1 0 1 0 0 0 1 1 0 1 0 1 0 0 0 
0 1 0 1 1 1 0 0 0 1 1 1 1 0 1 
0 0 0 0 0 0 0 0 1 1 1 0 1 0 0 
0 1 0 0 0 0 1 0 1 0 1 0 0 0 1 
1 1 0 1 0 0 0 1 0 0 1 0 1 1 0 
1 0 1 1 1 0 0 0 0 0 1 0 0 1 1 
1 0 1 0 0 1 0 1 1 0 0 1 0 0 1 
0 0 1 1 1 1 1 1 0 0 0 0 0 0 0 
0 1 1 0 1 0 1 0 1 1 0 1 0 1 1 
1 1 0 0 1 0 1 0 0 1 1 1 0 1 0 
1 0 1 0 0 1 1 1 0 0 0 0 1 0 1 
0 1 0 1 0 1 1 0 0 1 0 0 1 1 0 
1 0 0 1 1 1 0 1 1 0 0 1 0 1 1 
OpenStacks: 14
Took 7.48 seconds

buffer: Warwick 505: balanced orders, 7 orders per product
numCustomers: 15
numProducts: 15
0 1 1 1 1 0 0 1 1 1 0 1 0 0 1 
0 0 1 0 0 1 1 1 0 0 1 1 0 1 0 
0 1 0 1 0 0 0 0 1 1 0 1 0 0 0 
1 1 0 1 0 1 0 1 0 0 0 0 0 1 0 
1 1 0 0 0 1 1 0 0 0 0 0 1 0 1 
1 0 1 0 1 0 0 0 1 0 1 0 1 1 1 
0 0 0 0 1 1 0 0 1 1 1 1 1 1 1 
0 1 1 0 1 0 1 0 1 1 1 0 1 0 0 
0 0 0 0 0 1 1 1 0 0 0 1 1 1 0 
1 0 0 1 0 1 1 0 0 0 1 0 1 1 0 
0 0 1 0 1 0 1 0 0 1 0 1 0 0 0 
1 1 1 1 0 0 0 1 0 0 1 1 0 0 1 
1 1 0 1 1 0 0 0 1 0 1 0 1 0 1 
0 0 1 0 0 0 0 1 0 1 0 0 0 0 0 
1 0 0 1 1 1 1 1 1 1 0 0 0 1 1 
Best Sequence: 
9 7 2 14 13 12 11 10 8 6 5 4 3 1 0 
1 1 1 1 0 0 1 0 1 0 0 1 1 1 0 
0 1 1 0 1 0 1 1 0 1 1 0 0 0 0 
1 0 0 0 0 0 1 0 1 0 0 0 1 1 0 
0 1 0 0 1 0 0 0 0 0 1 0 1 1 1 
0 0 0 1 0 1 0 0 0 1 1 0 0 1 1 
0 0 1 1 1 1 0 1 1 0 0 1 0 0 1 
1 0 0 1 1 1 1 1 1 0 1 1 0 0 0 
1 0 1 0 0 1 0 1 1 1 0 1 0 1 0 
0 1 0 0 1 1 1 0 0 1 1 0 0 0 0 
0 0 0 0 1 1 0 1 0 1 1 0 1 0 1 
1 0 1 0 0 0 1 0 0 1 0 1 0 0 0 
0 1 1 1 0 0 1 1 0 0 0 0 1 1 1 
0 0 0 1 0 1 0 1 1 0 0 1 1 1 1 
1 1 1 0 0 0 0 0 0 0 0 0 0 0 0 
1 1 0 1 1 0 0 0 1 1 1 1 1 0 1 
OpenStacks: 14
Took 7.51 seconds

buffer: Warwick 506: balanced orders, 7 orders per product
numCustomers: 15
numProducts: 15
1 1 1 0 0 0 0 0 1 1 1 0 1 1 0 
0 1 0 1 0 0 0 1 0 0 1 1 0 1 1 
1 0 1 0 0 0 1 1 1 0 1 0 0 0 1 
0 1 1 0 1 1 0 0 0 0 0 1 0 1 0 
1 1 0 1 0 1 0 0 0 1 1 0 1 0 1 
0 1 1 0 0 1 1 0 0 1 1 0 0 1 0 
1 0 0 1 1 1 1 0 0 0 0 1 0 0 0 
1 1 0 0 0 0 1 1 0 1 0 1 1 1 1 
0 0 1 0 1 1 1 0 1 1 1 0 0 1 0 
0 0 0 0 0 1 1 0 0 1 0 0 1 0 1 
0 0 1 1 1 0 0 1 1 0 0 0 0 0 1 
1 0 0 1 1 0 1 1 0 0 0 0 1 0 0 
0 1 0 1 1 0 0 0 1 1 1 1 0 0 0 
1 0 1 0 0 1 0 1 1 0 0 1 1 1 1 
0 0 0 1 1 0 0 1 1 0 0 1 1 0 0 
Best Sequence: 
14 12 11 8 7 4 3 13 10 9 6 5 2 1 0 
0 1 0 1 0 0 0 1 1 1 0 0 1 1 1 
1 0 1 0 1 0 1 1 1 0 0 0 0 1 0 
1 0 0 1 1 0 0 0 1 0 1 0 1 0 1 
0 0 1 0 0 1 0 1 0 0 0 1 1 1 0 
1 1 0 0 0 0 1 0 1 1 0 1 0 1 1 
0 0 0 0 0 0 0 1 1 1 1 1 1 1 0 
0 0 1 0 0 1 1 0 0 0 1 1 0 0 1 
1 1 1 0 1 0 0 1 0 1 1 0 0 1 1 
0 0 0 1 0 1 0 1 1 1 1 1 1 0 0 
1 1 0 0 0 0 0 0 0 1 1 1 0 0 0 
1 0 0 1 1 1 1 0 0 0 0 0 1 0 0 
0 1 0 0 1 1 1 0 0 0 1 0 0 0 1 
0 0 1 1 0 1 1 0 1 1 0 0 0 1 0 
1 1 1 1 1 0 0 1 0 0 0 1 1 0 1 
0 1 1 1 1 1 1 0 0 0 0 0 0 0 0 
OpenStacks: 14
Took 7.5 seconds

buffer: Warwick 507: balanced orders, 7 orders per product
numCustomers: 15
numProducts: 15
1 1 1 1 0 0 0 0 1 1 0 0 0 0 1 
0 0 0 0 0 0 0 1 0 0 1 0 0 0 0 
1 0 0 1 0 1 1 1 0 0 1 1 1 1 1 
0 0 1 1 0 0 1 0 0 1 0 1 0 1 1 
0 1 0 1 1 0 1 1 1 0 1 0 0 1 1 
1 0 1 0 1 0 0 0 1 0 0 1 1 0 0 
0 0 0 1 1 1 0 0 1 1 0 0 1 1 0 
0 1 1 0 0 1 1 0 1 0 0 0 1 0 1 
1 1 0 1 0 1 1 1 1 1 0 1 1 0 1 
0 0 0 1 1 0 0 1 0 1 1 0 1 1 0 
1 0 0 0 0 1 1 1 1 1 1 1 0 1 0 
1 1 1 0 0 0 0 0 0 0 0 1 0 0 0 
1 1 0 0 1 1 0 0 0 0 0 1 1 0 1 
0 0 1 0 1 0 0 0 0 1 1 0 0 0 0 
0 1 1 0 1 1 1 1 0 0 1 0 0 1 0 
Best Sequence: 
10 7 14 13 12 9 4 3 11 8 6 5 2 1 0 
0 0 1 0 0 1 0 1 0 1 0 0 1 1 1 
1 1 0 0 0 0 0 0 0 0 0 0 0 0 0 
1 1 1 1 1 0 0 1 1 0 1 1 0 0 1 
0 0 1 1 0 1 0 1 1 0 1 0 1 0 0 
1 1 1 1 0 0 1 1 0 1 1 0 0 1 0 
0 0 0 0 1 0 1 0 1 1 0 0 1 0 1 
0 0 0 1 1 1 1 1 0 1 0 1 0 0 0 
0 0 1 0 1 0 0 0 0 1 1 1 1 1 0 
0 1 1 0 1 1 0 1 1 1 1 1 0 1 1 
1 1 0 1 1 1 1 1 0 0 0 0 0 0 0 
1 1 0 1 0 1 0 0 1 1 1 1 0 0 1 
0 0 0 0 0 0 0 0 1 0 0 0 1 1 1 
0 0 1 0 1 0 1 0 1 0 0 1 0 1 1 
1 0 0 0 0 1 1 0 0 0 0 0 1 0 0 
1 1 0 1 0 0 1 0 0 0 1 1 1 1 0 
OpenStacks: 13
Took 7.53 seconds

buffer: Warwick 508: balanced orders, 7 orders per product
numCustomers: 15
numProducts: 15
1 1 1 1 0 1 1 1 0 0 0 0 1 0 1 
1 0 1 0 0 1 1 1 1 1 0 0 0 1 1 
0 0 1 1 0 0 0 1 0 0 1 0 0 1 0 
0 0 0 1 1 1 0 0 0 1 1 1 1 0 1 
1 1 0 0 0 1 0 0 0 1 0 0 1 1 0 
0 1 0 1 0 0 0 0 1 1 1 1 0 0 0 
0 1 0 1 0 0 1 1 1 0 1 0 0 0 0 
0 0 0 0 0 1 1 0 0 0 0 1 1 0 1 
0 0 1 1 1 0 1 0 0 1 1 0 1 1 1 
1 1 0 0 1 0 0 1 1 1 0 0 0 1 1 
1 0 1 0 1 1 0 0 1 0 1 1 1 1 0 
1 1 1 0 0 0 1 0 1 0 1 1 0 0 0 
0 1 0 1 1 0 0 1 0 1 0 1 0 1 0 
0 0 0 0 1 1 0 1 1 0 0 0 1 0 0 
1 0 1 0 1 0 1 0 0 0 0 1 0 0 1 
Best Sequence: 
14 12 11 6 5 13 10 9 8 7 4 3 2 1 0 
1 1 0 1 1 0 0 0 0 1 0 1 1 1 1 
1 0 0 1 1 1 0 1 1 1 0 0 1 0 1 
0 0 0 0 0 1 1 0 0 1 0 1 1 0 0 
1 1 1 0 1 0 1 1 0 0 1 1 0 0 0 
0 1 0 0 1 1 0 1 0 0 0 0 0 1 1 
0 0 1 0 0 0 1 1 1 0 0 1 0 1 0 
0 0 0 1 0 0 1 0 1 1 0 1 0 1 0 
1 1 1 1 1 0 0 0 0 0 0 0 0 0 0 
1 1 0 1 0 1 1 1 0 0 1 1 1 0 0 
1 0 0 0 0 1 0 1 1 1 1 0 0 1 1 
0 1 1 0 1 1 1 0 1 0 1 0 1 0 1 
0 0 1 1 0 0 1 0 1 0 0 0 1 1 1 
0 0 1 0 0 1 0 1 0 1 1 1 0 1 0 
0 1 0 0 1 0 0 0 1 1 1 0 0 0 0 
1 0 1 1 0 0 0 0 0 0 1 0 1 0 1 
OpenStacks: 14
Took 7.54 seconds

buffer: Warwick 509: balanced orders, 7 orders per product
numCustomers: 15
numProducts: 15
1 1 1 0 0 1 0 1 0 1 1 1 1 0 1 
0 0 1 1 1 0 0 1 0 0 1 0 0 1 1 
1 0 1 1 1 0 1 0 0 0 1 1 1 0 1 
0 1 1 1 0 0 0 1 0 1 0 0 1 0 1 
0 0 0 0 1 1 1 1 1 0 1 1 0 1 0 
0 0 0 0 0 0 1 0 1 1 1 0 0 1 0 
0 1 0 0 1 0 0 1 0 1 0 1 0 1 0 
1 1 0 0 0 0 0 0 0 1 0 1 1 0 1 
1 0 0 0 1 1 1 0 0 1 0 0 1 1 0 
0 0 1 1 0 0 0 0 0 1 1 1 0 0 0 
1 1 1 0 0 1 0 1 1 0 0 1 0 0 0 
0 0 0 1 1 1 1 1 1 0 1 0 0 0 1 
1 1 0 1 0 0 0 0 1 0 0 0 0 1 1 
1 0 1 1 0 1 1 0 1 0 0 0 1 0 0 
0 1 0 0 1 1 1 0 1 0 0 0 1 1 0 
Best Sequence: 
14 11 10 9 3 2 13 12 8 7 6 5 4 1 0 
1 1 1 1 0 1 0 1 0 1 0 1 0 1 1 
1 0 1 0 1 1 1 0 0 1 0 0 1 0 0 
1 1 1 0 1 1 0 1 0 0 1 0 1 0 1 
1 0 0 1 1 1 0 1 0 1 0 0 0 1 0 
0 1 1 0 0 0 1 0 1 1 1 1 1 0 0 
0 0 1 1 0 0 1 0 1 0 1 0 0 0 0 
0 1 0 1 0 0 1 0 0 1 0 0 1 1 0 
1 1 0 1 0 0 0 1 0 0 0 0 0 1 1 
0 0 0 1 0 0 1 1 0 0 1 1 1 0 1 
0 1 1 1 1 1 0 0 0 0 0 0 0 0 0 
0 1 0 0 0 1 0 0 1 1 0 1 0 1 1 
1 0 1 0 1 0 0 0 1 1 1 1 1 0 0 
1 0 0 0 1 0 1 0 1 0 0 0 0 1 1 
0 0 0 0 1 1 0 1 1 0 1 1 0 0 1 
0 0 0 0 0 0 1 1 1 0 1 1 1 1 0 
OpenStacks: 14
Took 7.49 seconds

buffer: Warwick 510: balanced orders, 7 orders per product
numCustomers: 15
numProducts: 15
0 1 0 0 1 1 1 0 0 1 0 0 0 1 0 
1 0 1 1 0 1 0 0 0 1 0 0 1 0 1 
1 0 0 1 0 1 0 1 0 0 0 1 0 0 0 
1 0 0 1 0 0 1 1 1 0 0 1 1 1 0 
0 1 0 0 0 0 1 1 0 1 0 0 1 0 1 
1 1 0 1 0 1 1 0 0 0 1 0 1 1 0 
0 1 1 1 0 1 0 0 1 0 0 1 1 0 1 
1 1 1 0 1 0 1 1 1 0 0 1 0 0 0 
0 0 0 1 0 0 1 0 1 1 1 1 1 0 0 
1 0 1 0 1 1 1 0 0 1 0 1 0 1 0 
0 0 0 0 1 0 0 0 1 1 1 0 0 1 1 
0 1 1 1 1 0 0 0 1 0 1 1 0 0 1 
0 0 0 0 0 0 0 1 0 0 1 0 1 0 1 
0 0 1 0 1 0 0 1 0 1 1 0 0 1 0 
1 1 1 0 1 1 0 1 1 0 1 0 0 1 1 
Best Sequence: 
14 12 10 7 13 11 9 8 6 5 4 3 2 1 0 
0 0 0 0 1 0 1 0 1 1 1 0 0 1 0 
1 1 0 0 0 0 1 0 0 1 0 1 1 0 1 
0 0 0 1 0 1 0 0 0 1 0 1 0 0 1 
0 1 0 1 1 1 0 1 1 0 0 1 0 0 1 
1 1 0 1 0 0 1 0 1 0 0 0 0 1 0 
0 1 1 0 1 0 0 0 1 1 0 1 0 1 1 
1 1 0 0 0 1 0 1 0 1 0 1 1 1 0 
0 0 0 1 0 1 0 1 1 0 1 0 1 1 1 
0 1 1 0 0 1 1 1 1 0 0 1 0 0 0 
0 0 0 0 1 1 1 0 1 1 1 0 1 0 1 
1 0 1 0 1 0 1 1 0 0 1 0 0 0 0 
1 0 1 0 0 1 0 1 0 0 1 1 1 1 0 
1 1 1 1 0 0 0 0 0 0 0 0 0 0 0 
0 0 1 1 1 0 1 0 0 0 1 0 1 0 0 
1 0 1 1 1 0 0 1 0 1 1 0 1 1 1 
OpenStacks: 14
Took 7.48 seconds

Solved: 60 instances
totalTime: 432.85 seconds
minTime: 6.85 seconds
maxTime: 7.54 seconds
Average: 7.21417 seconds
