Solving by Dynamic Programming...
buffer: Warwick 451: balanced orders, 2 orders per product
numCustomers: 15
numProducts: 15
1 0 0 0 0 0 0 0 0 0 0 0 0 1 1 
0 1 0 0 0 0 1 0 0 0 0 0 0 0 0 
0 0 0 0 0 0 0 1 0 0 0 0 0 1 0 
0 0 0 0 0 0 0 0 0 0 1 0 0 0 0 
0 0 0 0 0 0 0 0 1 0 0 0 0 0 0 
0 0 1 0 0 0 0 0 0 0 0 0 0 0 0 
0 0 0 0 0 0 0 0 0 0 1 0 0 0 0 
0 1 0 0 0 0 0 0 0 0 0 1 0 0 0 
0 0 0 0 1 0 0 0 0 0 0 0 0 0 0 
0 0 0 0 0 0 0 0 1 0 0 0 0 0 0 
0 0 0 1 1 0 0 1 0 0 0 0 0 0 1 
1 0 0 0 0 0 1 0 0 1 0 0 0 0 0 
0 0 0 0 0 0 0 0 0 0 0 0 1 0 0 
0 0 1 0 0 1 0 0 0 1 0 1 0 0 0 
0 0 0 1 0 1 0 0 0 0 0 0 1 0 0 
Best sequence:
1 6 9 11 0 2 5 12 3 4 7 13 14 8 10 
0 0 0 0 1 0 0 0 0 0 0 1 1 0 0 
1 1 0 0 0 0 0 0 0 0 0 0 0 0 0 
0 0 0 0 0 0 0 0 0 0 1 1 0 0 0 
0 0 0 0 0 0 0 0 0 0 0 0 0 0 1 
0 0 0 0 0 0 0 0 0 0 0 0 0 1 0 
0 0 0 0 0 1 0 0 0 0 0 0 0 0 0 
0 0 0 0 0 0 0 0 0 0 0 0 0 0 1 
1 0 0 1 0 0 0 0 0 0 0 0 0 0 0 
0 0 0 0 0 0 0 0 0 1 0 0 0 0 0 
0 0 0 0 0 0 0 0 0 0 0 0 0 1 0 
0 0 0 0 0 0 0 0 1 1 1 0 1 0 0 
0 1 1 0 1 0 0 0 0 0 0 0 0 0 0 
0 0 0 0 0 0 0 1 0 0 0 0 0 0 0 
0 0 1 1 0 1 1 0 0 0 0 0 0 0 0 
0 0 0 0 0 0 1 1 1 0 0 0 0 0 0 
OpenStacks: 3
Took 1.66 seconds

buffer: Warwick 452: balanced orders, 2 orders per product
numCustomers: 15
numProducts: 15
0 0 0 0 0 1 1 0 0 0 0 0 0 0 1 
0 0 1 0 0 0 0 0 0 0 0 0 0 0 0 
1 1 0 1 0 0 0 0 0 0 0 0 1 0 0 
0 0 0 0 0 0 0 0 0 0 1 0 0 1 0 
0 0 0 0 1 0 0 0 0 1 0 0 0 0 0 
0 0 0 1 0 0 0 1 0 0 0 0 0 0 0 
0 0 0 0 1 0 0 0 0 0 0 0 0 0 0 
0 0 1 0 0 0 0 0 0 1 0 0 0 0 0 
0 0 0 0 0 0 0 0 0 0 0 1 1 0 0 
0 0 0 0 0 0 0 0 0 0 1 0 0 0 0 
0 0 0 0 0 0 0 0 0 0 0 1 0 0 0 
0 1 0 0 0 0 0 0 1 0 0 0 0 0 1 
0 0 0 0 0 0 0 0 1 0 0 0 0 0 0 
1 0 0 0 0 0 0 1 0 0 0 0 0 0 0 
0 0 0 0 0 1 1 0 0 0 0 0 0 1 0 
Best sequence:
0 3 7 1 8 12 11 14 5 6 13 10 2 9 4 
0 0 0 0 0 0 0 1 1 1 0 0 0 0 0 
0 0 0 0 0 0 0 0 0 0 0 0 1 0 0 
1 1 0 1 0 1 0 0 0 0 0 0 0 0 0 
0 0 0 0 0 0 0 0 0 0 1 1 0 0 0 
0 0 0 0 0 0 0 0 0 0 0 0 0 1 1 
0 1 1 0 0 0 0 0 0 0 0 0 0 0 0 
0 0 0 0 0 0 0 0 0 0 0 0 0 0 1 
0 0 0 0 0 0 0 0 0 0 0 0 1 1 0 
0 0 0 0 0 1 1 0 0 0 0 0 0 0 0 
0 0 0 0 0 0 0 0 0 0 0 1 0 0 0 
0 0 0 0 0 0 1 0 0 0 0 0 0 0 0 
0 0 0 1 1 0 0 1 0 0 0 0 0 0 0 
0 0 0 0 1 0 0 0 0 0 0 0 0 0 0 
1 0 1 0 0 0 0 0 0 0 0 0 0 0 0 
0 0 0 0 0 0 0 0 1 1 1 0 0 0 0 
OpenStacks: 3
Took 0.6 seconds

buffer: Warwick 453: balanced orders, 2 orders per product
numCustomers: 15
numProducts: 15
0 0 0 0 0 1 0 0 0 0 0 0 0 0 0 
0 0 0 0 0 0 0 0 1 0 0 1 0 0 1 
0 0 0 0 0 0 0 0 0 0 0 0 1 0 0 
0 0 0 0 0 0 0 0 1 0 0 0 0 0 0 
0 0 0 0 0 0 0 0 0 1 0 0 1 0 1 
0 0 0 1 0 0 1 0 0 0 0 0 0 0 0 
0 0 0 0 0 0 0 0 0 0 0 1 0 0 0 
0 0 1 0 0 0 0 0 0 0 0 0 0 0 0 
1 0 0 0 0 0 0 0 0 0 1 0 0 0 0 
1 0 0 0 0 1 1 0 0 1 0 0 0 0 0 
0 0 1 0 0 0 0 0 0 0 0 0 0 1 0 
0 1 0 0 1 0 0 1 0 0 0 0 0 1 0 
0 1 0 0 1 0 0 0 0 0 1 0 0 0 0 
0 0 0 0 0 0 0 1 0 0 0 0 0 0 0 
0 0 0 1 0 0 0 0 0 0 0 0 0 0 0 
Best sequence:
0 5 10 1 4 7 13 2 3 6 9 12 14 8 11 
0 1 0 0 0 0 0 0 0 0 0 0 0 0 0 
0 0 0 0 0 0 0 0 0 0 0 0 1 1 1 
0 0 0 0 0 0 0 0 0 0 0 1 0 0 0 
0 0 0 0 0 0 0 0 0 0 0 0 0 1 0 
0 0 0 0 0 0 0 0 0 0 1 1 1 0 0 
0 0 0 0 0 0 0 0 1 1 0 0 0 0 0 
0 0 0 0 0 0 0 0 0 0 0 0 0 0 1 
0 0 0 0 0 0 0 1 0 0 0 0 0 0 0 
1 0 1 0 0 0 0 0 0 0 0 0 0 0 0 
1 1 0 0 0 0 0 0 0 1 1 0 0 0 0 
0 0 0 0 0 0 1 1 0 0 0 0 0 0 0 
0 0 0 1 1 1 1 0 0 0 0 0 0 0 0 
0 0 1 1 1 0 0 0 0 0 0 0 0 0 0 
0 0 0 0 0 1 0 0 0 0 0 0 0 0 0 
0 0 0 0 0 0 0 0 1 0 0 0 0 0 0 
OpenStacks: 3
Took 0.62 seconds

buffer: Warwick 454: balanced orders, 2 orders per product
numCustomers: 15
numProducts: 15
0 1 0 0 0 0 0 0 0 0 0 0 0 0 0 
0 0 0 0 0 0 1 0 0 0 0 1 0 0 1 
0 0 0 0 0 0 0 0 0 0 1 0 0 0 1 
0 0 1 0 1 0 0 0 0 0 0 0 0 0 0 
0 0 0 0 0 1 0 0 0 0 0 0 0 0 0 
1 0 0 0 0 0 0 0 0 0 0 0 0 0 0 
0 1 1 0 0 0 0 0 0 0 0 0 0 1 0 
0 0 0 0 0 0 0 0 0 1 0 0 1 0 0 
0 0 0 1 0 0 1 0 1 0 0 0 1 0 0 
0 0 0 1 1 0 0 0 0 0 0 0 0 0 0 
0 0 0 0 0 0 0 0 1 0 0 0 0 1 0 
0 0 0 0 0 0 0 0 0 0 1 0 0 0 0 
0 0 0 0 0 0 0 1 0 0 0 0 0 0 0 
1 0 0 0 0 0 0 0 0 1 0 1 0 0 0 
0 0 0 0 0 1 0 1 0 0 0 0 0 0 0 
Best sequence:
0 5 7 9 11 6 12 14 10 1 8 13 2 3 4 
0 0 0 0 0 0 0 0 0 1 0 0 0 0 0 
0 0 0 0 1 1 0 1 0 0 0 0 0 0 0 
0 0 0 0 0 0 0 1 1 0 0 0 0 0 0 
0 0 0 0 0 0 0 0 0 0 0 0 1 0 1 
0 1 0 0 0 0 0 0 0 0 0 0 0 0 0 
1 0 0 0 0 0 0 0 0 0 0 0 0 0 0 
0 0 0 0 0 0 0 0 0 1 0 1 1 0 0 
0 0 0 1 0 0 1 0 0 0 0 0 0 0 0 
0 0 0 0 0 1 1 0 0 0 1 0 0 1 0 
0 0 0 0 0 0 0 0 0 0 0 0 0 1 1 
0 0 0 0 0 0 0 0 0 0 1 1 0 0 0 
0 0 0 0 0 0 0 0 1 0 0 0 0 0 0 
0 0 1 0 0 0 0 0 0 0 0 0 0 0 0 
1 0 0 1 1 0 0 0 0 0 0 0 0 0 0 
0 1 1 0 0 0 0 0 0 0 0 0 0 0 0 
OpenStacks: 3
Took 0.6 seconds

buffer: Warwick 455: balanced orders, 2 orders per product
numCustomers: 15
numProducts: 15
0 0 0 0 0 0 0 0 0 1 0 0 0 0 0 
0 0 0 0 0 0 0 0 0 1 0 0 0 0 0 
0 1 0 0 0 0 0 0 0 0 0 0 0 0 1 
0 0 0 0 0 0 0 1 0 0 0 0 0 0 0 
0 0 1 0 0 1 0 1 0 0 1 0 0 1 0 
0 0 0 0 0 0 0 0 0 0 0 0 0 1 0 
0 0 0 0 0 0 0 0 1 0 0 0 0 0 0 
0 0 0 0 0 0 0 0 0 0 1 1 0 0 0 
0 0 1 0 1 0 0 0 0 0 0 1 1 0 0 
0 0 0 1 0 1 0 0 1 0 0 0 0 0 0 
1 0 0 0 0 0 1 0 0 0 0 0 0 0 0 
1 0 0 0 0 0 0 0 0 0 0 0 1 0 1 
0 1 0 0 0 0 0 0 0 0 0 0 0 0 0 
0 0 0 0 0 0 1 0 0 0 0 0 0 0 0 
0 0 0 1 1 0 0 0 0 0 0 0 0 0 0 
Best sequence:
0 6 1 12 14 2 7 10 11 4 3 5 8 13 9 
0 0 0 0 0 0 0 0 0 0 0 0 0 0 1 
0 0 0 0 0 0 0 0 0 0 0 0 0 0 1 
0 0 1 0 1 0 0 0 0 0 0 0 0 0 0 
0 0 0 0 0 0 1 0 0 0 0 0 0 0 0 
0 0 0 0 0 1 1 1 0 0 0 1 0 1 0 
0 0 0 0 0 0 0 0 0 0 0 0 0 1 0 
0 0 0 0 0 0 0 0 0 0 0 0 1 0 0 
0 0 0 0 0 0 0 1 1 0 0 0 0 0 0 
0 0 0 1 0 1 0 0 1 1 0 0 0 0 0 
0 0 0 0 0 0 0 0 0 0 1 1 1 0 0 
1 1 0 0 0 0 0 0 0 0 0 0 0 0 0 
1 0 0 1 1 0 0 0 0 0 0 0 0 0 0 
0 0 1 0 0 0 0 0 0 0 0 0 0 0 0 
0 1 0 0 0 0 0 0 0 0 0 0 0 0 0 
0 0 0 0 0 0 0 0 0 1 1 0 0 0 0 
OpenStacks: 3
Took 0.62 seconds

buffer: Warwick 456: balanced orders, 2 orders per product
numCustomers: 15
numProducts: 15
0 0 0 0 0 0 0 0 0 0 0 1 0 0 1 
0 0 0 0 0 0 0 0 0 0 1 0 0 0 0 
0 0 0 0 0 0 0 0 0 1 0 0 0 0 0 
1 0 1 0 0 0 1 0 0 1 0 0 0 1 0 
0 0 0 1 0 0 0 0 0 0 0 0 0 0 0 
0 0 0 0 0 0 0 0 1 0 0 0 0 0 0 
1 0 0 0 0 0 0 0 0 0 0 0 0 0 1 
0 1 0 0 0 0 0 0 0 0 0 1 0 0 0 
0 0 0 0 0 0 0 0 1 0 0 0 0 0 0 
0 0 1 1 0 0 0 0 0 0 0 0 0 0 0 
0 0 0 0 0 1 0 1 0 0 0 0 1 1 0 
0 1 0 0 1 0 0 1 0 0 0 0 0 0 0 
0 0 0 0 0 1 0 0 0 0 0 0 1 0 0 
0 0 0 0 1 0 0 0 0 0 1 0 0 0 0 
0 0 0 0 0 0 1 0 0 0 0 0 0 0 0 
Best sequence:
2 3 0 6 9 13 5 12 7 14 1 11 4 10 8 
0 0 0 0 0 0 0 0 0 1 0 1 0 0 0 
0 0 0 0 0 0 0 0 0 0 0 0 0 1 0 
0 0 0 0 1 0 0 0 0 0 0 0 0 0 0 
1 0 1 1 1 1 0 0 0 0 0 0 0 0 0 
0 1 0 0 0 0 0 0 0 0 0 0 0 0 0 
0 0 0 0 0 0 0 0 0 0 0 0 0 0 1 
0 0 1 0 0 0 0 0 0 1 0 0 0 0 0 
0 0 0 0 0 0 0 0 0 0 1 1 0 0 0 
0 0 0 0 0 0 0 0 0 0 0 0 0 0 1 
1 1 0 0 0 0 0 0 0 0 0 0 0 0 0 
0 0 0 0 0 1 1 1 1 0 0 0 0 0 0 
0 0 0 0 0 0 0 0 1 0 1 0 1 0 0 
0 0 0 0 0 0 1 1 0 0 0 0 0 0 0 
0 0 0 0 0 0 0 0 0 0 0 0 1 1 0 
0 0 0 1 0 0 0 0 0 0 0 0 0 0 0 
OpenStacks: 3
Took 0.6 seconds

buffer: Warwick 457: balanced orders, 2 orders per product
numCustomers: 15
numProducts: 15
0 0 0 0 1 0 0 1 0 0 0 0 0 1 0 
0 0 0 0 0 1 0 0 0 0 0 1 1 0 0 
0 1 0 0 0 0 0 0 0 0 0 0 0 0 0 
0 0 0 1 0 0 0 0 0 0 1 0 0 0 0 
0 0 0 0 0 0 0 0 0 1 1 0 0 0 0 
1 0 1 1 0 0 0 0 1 0 0 0 0 0 1 
0 1 0 0 0 0 0 0 0 0 0 0 0 0 0 
0 0 0 0 0 0 1 0 0 0 0 0 0 0 0 
0 0 0 0 0 0 0 0 1 0 0 1 0 0 0 
1 0 0 0 0 0 0 0 0 0 0 0 0 0 0 
0 0 0 0 0 1 1 1 0 0 0 0 0 0 0 
0 0 0 0 1 0 0 0 0 0 0 0 0 1 0 
0 0 0 0 0 0 0 0 0 0 0 0 1 0 0 
0 0 0 0 0 0 0 0 0 1 0 0 0 0 1 
0 0 1 0 0 0 0 0 0 0 0 0 0 0 0 
Best sequence:
0 1 2 3 10 9 14 8 11 12 5 6 7 4 13 
0 0 0 0 0 0 0 0 0 0 0 0 1 1 1 
0 0 0 0 0 0 0 0 1 1 1 0 0 0 0 
0 1 0 0 0 0 0 0 0 0 0 0 0 0 0 
0 0 0 1 1 0 0 0 0 0 0 0 0 0 0 
0 0 0 0 1 1 0 0 0 0 0 0 0 0 0 
1 0 1 1 0 0 1 1 0 0 0 0 0 0 0 
0 1 0 0 0 0 0 0 0 0 0 0 0 0 0 
0 0 0 0 0 0 0 0 0 0 0 1 0 0 0 
0 0 0 0 0 0 0 1 1 0 0 0 0 0 0 
1 0 0 0 0 0 0 0 0 0 0 0 0 0 0 
0 0 0 0 0 0 0 0 0 0 1 1 1 0 0 
0 0 0 0 0 0 0 0 0 0 0 0 0 1 1 
0 0 0 0 0 0 0 0 0 1 0 0 0 0 0 
0 0 0 0 0 1 1 0 0 0 0 0 0 0 0 
0 0 1 0 0 0 0 0 0 0 0 0 0 0 0 
OpenStacks: 3
Took 0.61 seconds

buffer: Warwick 458: balanced orders, 2 orders per product
numCustomers: 15
numProducts: 15
0 0 0 0 1 0 0 0 0 1 0 0 0 0 0 
0 0 0 0 0 0 0 0 0 0 0 0 0 0 1 
0 0 0 1 0 0 0 0 0 0 1 0 0 0 0 
0 0 0 0 0 0 0 0 1 0 0 1 0 0 1 
1 0 0 0 0 0 0 0 0 0 0 1 1 0 0 
0 0 0 0 0 0 0 0 1 0 0 0 0 0 0 
0 1 0 0 0 0 0 0 0 0 0 0 0 1 0 
0 0 1 0 0 0 0 0 0 0 0 0 0 0 0 
0 1 0 0 0 0 0 1 0 0 0 0 0 0 0 
0 0 0 1 0 1 0 0 0 0 1 0 0 0 0 
0 0 0 0 0 0 0 1 0 1 0 0 0 1 0 
0 0 1 0 0 0 0 0 0 0 0 0 1 0 0 
0 0 0 0 0 0 1 0 0 0 0 0 0 0 0 
1 0 0 0 1 0 1 0 0 0 0 0 0 0 0 
0 0 0 0 0 1 0 0 0 0 0 0 0 0 0 
Best sequence:
1 7 9 13 0 4 6 2 12 11 8 14 3 10 5 
0 0 1 0 0 1 0 0 0 0 0 0 0 0 0 
0 0 0 0 0 0 0 0 0 0 0 1 0 0 0 
0 0 0 0 0 0 0 0 0 0 0 0 1 1 0 
0 0 0 0 0 0 0 0 0 1 1 1 0 0 0 
0 0 0 0 1 0 0 0 1 1 0 0 0 0 0 
0 0 0 0 0 0 0 0 0 0 1 0 0 0 0 
1 0 0 1 0 0 0 0 0 0 0 0 0 0 0 
0 0 0 0 0 0 0 1 0 0 0 0 0 0 0 
1 1 0 0 0 0 0 0 0 0 0 0 0 0 0 
0 0 0 0 0 0 0 0 0 0 0 0 1 1 1 
0 1 1 1 0 0 0 0 0 0 0 0 0 0 0 
0 0 0 0 0 0 0 1 1 0 0 0 0 0 0 
0 0 0 0 0 0 1 0 0 0 0 0 0 0 0 
0 0 0 0 1 1 1 0 0 0 0 0 0 0 0 
0 0 0 0 0 0 0 0 0 0 0 0 0 0 1 
OpenStacks: 3
Took 0.61 seconds

buffer: Warwick 459: balanced orders, 2 orders per product
numCustomers: 15
numProducts: 15
0 0 0 1 0 0 0 0 0 0 0 0 0 0 0 
0 0 1 1 0 0 1 0 0 0 0 0 0 0 1 
0 1 0 0 0 1 0 0 0 0 0 0 0 0 0 
0 0 0 0 1 0 0 0 0 0 0 0 0 0 0 
0 0 0 0 0 0 0 0 0 1 0 0 1 0 1 
0 0 1 0 0 0 0 0 0 0 0 0 0 0 0 
0 0 0 0 0 0 0 0 0 0 0 0 1 0 0 
0 1 0 0 0 1 0 0 0 0 0 0 0 0 0 
0 0 0 0 1 0 1 0 0 0 0 0 0 0 0 
1 0 0 0 0 0 0 1 0 0 0 0 0 0 0 
0 0 0 0 0 0 0 0 0 1 1 0 0 0 0 
0 0 0 0 0 0 0 0 0 0 0 0 0 1 0 
0 0 0 0 0 0 0 1 1 0 0 1 0 0 0 
1 0 0 0 0 0 0 0 0 0 1 1 0 0 0 
0 0 0 0 0 0 0 0 1 0 0 0 0 1 0 
Best sequence:
0 7 8 11 10 9 12 13 14 2 3 6 4 1 5 
0 0 0 0 0 0 0 0 0 0 1 0 0 0 0 
0 0 0 0 0 0 0 0 1 1 1 1 0 0 0 
0 0 0 0 0 0 0 0 0 0 0 0 0 1 1 
0 0 0 0 0 0 0 0 0 0 0 0 1 0 0 
0 0 0 0 0 1 1 0 1 0 0 0 0 0 0 
0 0 0 0 0 0 0 0 0 1 0 0 0 0 0 
0 0 0 0 0 0 1 0 0 0 0 0 0 0 0 
0 0 0 0 0 0 0 0 0 0 0 0 0 1 1 
0 0 0 0 0 0 0 0 0 0 0 1 1 0 0 
1 1 0 0 0 0 0 0 0 0 0 0 0 0 0 
0 0 0 0 1 1 0 0 0 0 0 0 0 0 0 
0 0 0 0 0 0 0 1 0 0 0 0 0 0 0 
0 1 1 1 0 0 0 0 0 0 0 0 0 0 0 
1 0 0 1 1 0 0 0 0 0 0 0 0 0 0 
0 0 1 0 0 0 0 1 0 0 0 0 0 0 0 
OpenStacks: 3
Took 0.61 seconds

buffer: Warwick 460: balanced orders, 2 orders per product
numCustomers: 15
numProducts: 15
0 0 0 0 0 0 0 0 1 0 0 0 0 0 0 
0 0 0 0 0 1 0 0 0 0 0 0 0 0 0 
0 0 0 0 0 0 0 0 0 0 0 1 1 0 0 
0 0 0 0 0 0 0 0 0 1 0 0 0 0 1 
1 0 0 0 1 0 1 1 0 0 1 0 0 0 0 
0 0 1 0 0 0 0 0 0 0 0 0 0 0 1 
1 0 0 1 0 0 0 0 0 0 0 0 0 0 0 
0 0 0 0 0 0 0 1 0 0 0 0 0 0 0 
0 0 0 0 0 0 0 0 0 0 0 1 0 0 0 
0 1 0 0 0 0 0 0 0 0 0 0 0 0 0 
0 1 0 0 1 1 1 0 1 0 0 0 1 0 0 
0 0 0 1 0 0 0 0 0 0 0 0 0 0 0 
0 0 0 0 0 0 0 0 0 0 0 0 0 1 0 
0 0 0 0 0 0 0 0 0 0 0 0 0 1 0 
0 0 1 0 0 0 0 0 0 1 1 0 0 0 0 
Best sequence:
0 3 1 4 5 6 7 8 10 12 11 2 9 14 13 
0 0 0 0 0 0 0 1 0 0 0 0 0 0 0 
0 0 0 0 1 0 0 0 0 0 0 0 0 0 0 
0 0 0 0 0 0 0 0 0 1 1 0 0 0 0 
0 0 0 0 0 0 0 0 0 0 0 0 1 1 0 
1 0 0 1 0 1 1 0 1 0 0 0 0 0 0 
0 0 0 0 0 0 0 0 0 0 0 1 0 1 0 
1 1 0 0 0 0 0 0 0 0 0 0 0 0 0 
0 0 0 0 0 0 1 0 0 0 0 0 0 0 0 
0 0 0 0 0 0 0 0 0 0 1 0 0 0 0 
0 0 1 0 0 0 0 0 0 0 0 0 0 0 0 
0 0 1 1 1 1 0 1 0 1 0 0 0 0 0 
0 1 0 0 0 0 0 0 0 0 0 0 0 0 0 
0 0 0 0 0 0 0 0 0 0 0 0 0 0 1 
0 0 0 0 0 0 0 0 0 0 0 0 0 0 1 
0 0 0 0 0 0 0 0 1 0 0 1 1 0 0 
OpenStacks: 3
Took 0.61 seconds

buffer: Warwick 461: balanced orders, 3 orders per product
numCustomers: 15
numProducts: 15
0 0 0 0 1 0 0 0 1 0 1 0 0 0 0 
1 1 0 0 0 0 0 0 0 0 0 0 0 0 0 
0 0 1 0 1 0 0 0 0 0 0 0 0 1 0 
0 0 0 0 0 0 0 0 0 0 1 1 0 0 0 
0 1 1 0 0 1 1 0 0 0 0 0 0 0 1 
0 1 0 0 0 0 0 0 1 0 0 1 0 0 0 
0 0 1 0 0 0 0 0 0 1 0 0 0 0 1 
0 0 0 1 0 0 0 0 0 0 0 0 1 0 0 
0 0 0 0 0 0 0 0 0 0 0 0 1 0 0 
0 0 0 0 0 0 0 0 0 0 1 1 0 0 0 
1 0 0 1 1 1 1 0 0 0 0 0 0 1 0 
0 0 0 0 0 0 0 1 0 0 0 0 0 0 0 
0 0 0 0 0 0 0 0 0 1 0 0 1 0 1 
1 0 0 0 0 0 1 1 0 1 0 0 0 0 0 
0 0 0 1 0 1 0 1 1 0 0 0 0 1 0 
Best sequence:
1 10 11 0 5 6 8 4 2 13 3 7 9 14 12 
0 1 0 0 0 0 1 1 0 0 0 0 0 0 0 
1 0 0 1 0 0 0 0 0 0 0 0 0 0 0 
0 0 0 0 0 0 0 1 1 1 0 0 0 0 0 
0 1 1 0 0 0 0 0 0 0 0 0 0 0 0 
1 0 0 0 1 1 0 0 1 0 0 0 0 1 0 
1 0 1 0 0 0 1 0 0 0 0 0 0 0 0 
0 0 0 0 0 0 0 0 1 0 0 0 1 1 0 
0 0 0 0 0 0 0 0 0 0 1 0 0 0 1 
0 0 0 0 0 0 0 0 0 0 0 0 0 0 1 
0 1 1 0 0 0 0 0 0 0 0 0 0 0 0 
0 0 0 1 1 1 0 1 0 1 1 0 0 0 0 
0 0 0 0 0 0 0 0 0 0 0 1 0 0 0 
0 0 0 0 0 0 0 0 0 0 0 0 1 1 1 
0 0 0 1 0 1 0 0 0 0 0 1 1 0 0 
0 0 0 0 1 0 1 0 0 1 1 1 0 0 0 
OpenStacks: 6
Took 0.6 seconds

buffer: Warwick 462: balanced orders, 3 orders per product
numCustomers: 15
numProducts: 15
1 0 0 0 0 0 0 0 0 0 1 0 0 0 0 
0 0 0 0 0 0 0 0 0 0 1 0 0 0 0 
0 1 0 0 1 1 0 0 0 0 0 0 0 1 0 
0 1 0 1 0 0 0 0 0 1 0 0 1 1 0 
1 0 0 0 0 0 1 0 1 0 0 0 0 0 0 
0 0 0 0 0 0 0 1 0 1 0 0 0 0 0 
0 0 0 0 0 0 1 0 0 0 0 0 0 0 0 
0 1 1 0 1 1 0 0 1 0 0 0 1 0 1 
0 0 0 0 0 0 0 1 0 0 0 0 0 0 0 
0 0 0 1 0 0 0 0 0 0 0 1 1 0 1 
0 0 1 0 0 1 0 1 0 0 1 0 0 0 0 
0 0 0 0 0 0 1 0 0 1 0 1 0 1 0 
1 0 1 0 0 0 0 0 0 0 0 1 0 0 1 
0 0 0 1 0 0 0 0 1 0 0 0 0 0 0 
0 0 0 0 1 0 0 0 0 0 0 0 0 0 0 
Best sequence:
0 2 10 6 8 11 14 3 1 5 12 4 13 9 7 
1 0 1 0 0 0 0 0 0 0 0 0 0 0 0 
0 0 1 0 0 0 0 0 0 0 0 0 0 0 0 
0 0 0 0 0 0 0 0 1 1 0 1 1 0 0 
0 0 0 0 0 0 0 1 1 0 1 0 1 1 0 
1 0 0 1 1 0 0 0 0 0 0 0 0 0 0 
0 0 0 0 0 0 0 0 0 0 0 0 0 1 1 
0 0 0 1 0 0 0 0 0 0 0 0 0 0 0 
0 1 0 0 1 0 1 0 1 1 1 1 0 0 0 
0 0 0 0 0 0 0 0 0 0 0 0 0 0 1 
0 0 0 0 0 1 1 1 0 0 1 0 0 0 0 
0 1 1 0 0 0 0 0 0 1 0 0 0 0 1 
0 0 0 1 0 1 0 0 0 0 0 0 1 1 0 
1 1 0 0 0 1 1 0 0 0 0 0 0 0 0 
0 0 0 0 1 0 0 1 0 0 0 0 0 0 0 
0 0 0 0 0 0 0 0 0 0 0 1 0 0 0 
OpenStacks: 6
Took 0.62 seconds

buffer: Warwick 463: balanced orders, 3 orders per product
numCustomers: 15
numProducts: 15
0 0 1 0 1 0 0 0 0 1 0 0 0 0 0 
0 0 1 0 0 0 0 0 0 1 0 0 0 0 0 
0 0 0 0 0 0 0 0 1 0 1 1 0 0 0 
0 0 1 0 0 0 0 0 0 0 0 0 0 0 0 
0 0 0 1 0 0 0 1 0 0 0 0 1 0 1 
0 0 0 0 1 0 0 0 0 0 1 0 0 0 0 
1 1 0 0 0 0 0 0 0 0 0 0 0 1 0 
0 1 0 0 0 1 0 0 0 1 0 0 0 0 0 
0 0 0 0 0 1 0 0 0 0 0 1 0 0 0 
0 0 0 1 0 0 0 0 1 0 0 1 0 0 0 
0 0 0 0 0 1 1 0 1 0 0 0 1 0 1 
1 1 0 0 0 0 0 1 0 0 0 0 0 1 0 
1 0 0 0 1 0 1 0 0 0 0 0 1 0 0 
0 0 0 0 0 0 1 1 0 0 0 0 0 1 0 
0 0 0 1 0 0 0 0 0 0 1 0 0 0 1 
Best sequence:
0 2 1 9 4 13 7 6 5 12 3 14 8 10 11 
0 1 0 1 1 0 0 0 0 0 0 0 0 0 0 
0 1 0 1 0 0 0 0 0 0 0 0 0 0 0 
0 0 0 0 0 0 0 0 0 0 0 0 1 1 1 
0 1 0 0 0 0 0 0 0 0 0 0 0 0 0 
0 0 0 0 0 0 1 0 0 1 1 1 0 0 0 
0 0 0 0 1 0 0 0 0 0 0 0 0 1 0 
1 0 1 0 0 1 0 0 0 0 0 0 0 0 0 
0 0 1 1 0 0 0 0 1 0 0 0 0 0 0 
0 0 0 0 0 0 0 0 1 0 0 0 0 0 1 
0 0 0 0 0 0 0 0 0 0 1 0 1 0 1 
0 0 0 0 0 0 0 1 1 1 0 1 1 0 0 
1 0 1 0 0 1 1 0 0 0 0 0 0 0 0 
1 0 0 0 1 0 0 1 0 1 0 0 0 0 0 
0 0 0 0 0 1 1 1 0 0 0 0 0 0 0 
0 0 0 0 0 0 0 0 0 0 1 1 0 1 0 
OpenStacks: 6
Took 0.6 seconds

buffer: Warwick 464: balanced orders, 3 orders per product
numCustomers: 15
numProducts: 15
0 0 0 0 0 0 1 0 0 0 0 1 0 0 0 
0 0 0 1 1 0 0 1 0 0 0 0 1 0 1 
0 1 0 0 1 1 0 0 0 0 0 0 0 0 0 
0 0 0 0 0 0 1 0 1 0 1 0 0 0 0 
0 0 0 0 0 0 0 0 0 0 0 1 0 0 0 
1 1 1 0 0 0 0 1 1 0 0 0 0 0 0 
0 1 1 0 0 0 0 0 0 0 0 0 0 0 0 
0 0 1 0 0 0 0 0 0 0 0 1 0 0 0 
0 0 0 0 0 0 0 0 0 1 1 0 1 0 1 
1 0 0 1 0 0 0 0 0 1 0 0 1 0 0 
0 0 0 0 0 1 0 0 0 0 1 0 0 0 0 
0 0 0 0 0 1 0 1 0 1 0 0 0 1 0 
1 0 0 1 0 0 0 0 0 0 0 0 0 1 0 
0 0 0 0 0 0 0 0 1 0 0 0 0 1 0 
0 0 0 0 1 0 1 0 0 0 0 0 0 0 1 
Best sequence:
0 3 7 8 13 9 10 12 5 4 14 1 2 6 11 
0 0 0 0 0 0 0 0 0 0 0 0 0 1 1 
0 1 1 0 0 0 0 1 0 1 1 0 0 0 0 
0 0 0 0 0 0 0 0 1 1 0 1 0 0 0 
0 0 0 1 0 0 1 0 0 0 0 0 0 1 0 
0 0 0 0 0 0 0 0 0 0 0 0 0 0 1 
1 0 1 1 0 0 0 0 0 0 0 1 1 0 0 
0 0 0 0 0 0 0 0 0 0 0 1 1 0 0 
0 0 0 0 0 0 0 0 0 0 0 0 1 0 1 
0 0 0 0 0 1 1 1 0 0 1 0 0 0 0 
1 1 0 0 0 1 0 1 0 0 0 0 0 0 0 
0 0 0 0 0 0 1 0 1 0 0 0 0 0 0 
0 0 1 0 1 1 0 0 1 0 0 0 0 0 0 
1 1 0 0 1 0 0 0 0 0 0 0 0 0 0 
0 0 0 1 1 0 0 0 0 0 0 0 0 0 0 
0 0 0 0 0 0 0 0 0 1 1 0 0 1 0 
OpenStacks: 7
Took 0.61 seconds

buffer: Warwick 465: balanced orders, 3 orders per product
numCustomers: 15
numProducts: 15
0 0 0 0 0 0 0 0 0 0 0 0 0 0 1 
0 1 0 0 0 1 1 0 0 0 0 0 1 0 0 
0 0 0 0 0 0 0 1 0 0 0 0 0 0 0 
1 0 1 0 0 0 1 0 0 0 1 0 0 0 0 
0 1 0 0 0 0 0 0 0 0 1 1 0 0 0 
0 0 0 0 0 0 0 1 1 0 0 0 0 1 0 
0 0 0 0 0 0 0 0 0 0 0 0 0 0 1 
0 0 0 1 0 0 1 0 0 0 0 0 0 0 0 
1 0 0 0 0 0 0 0 1 1 0 1 0 1 1 
0 0 0 0 1 0 0 1 0 1 0 0 1 0 0 
1 0 1 0 1 1 0 0 0 0 0 1 0 0 0 
0 1 0 0 0 0 0 0 1 0 0 0 1 1 0 
0 0 1 1 0 0 0 0 0 0 0 0 0 0 0 
0 0 0 1 0 1 0 0 0 1 1 0 0 0 0 
0 0 0 0 1 0 0 0 0 0 0 0 0 0 0 
Best sequence:
0 2 3 5 6 10 1 11 9 12 4 8 13 7 14 
0 0 0 0 0 0 0 0 0 0 0 0 0 0 1 
0 0 0 1 1 0 1 0 0 1 0 0 0 0 0 
0 0 0 0 0 0 0 0 0 0 0 0 0 1 0 
1 1 0 0 1 1 0 0 0 0 0 0 0 0 0 
0 0 0 0 0 1 1 1 0 0 0 0 0 0 0 
0 0 0 0 0 0 0 0 0 0 0 1 1 1 0 
0 0 0 0 0 0 0 0 0 0 0 0 0 0 1 
0 0 1 0 1 0 0 0 0 0 0 0 0 0 0 
1 0 0 0 0 0 0 1 1 0 0 1 1 0 1 
0 0 0 0 0 0 0 0 1 1 1 0 0 1 0 
1 1 0 1 0 0 0 1 0 0 1 0 0 0 0 
0 0 0 0 0 0 1 0 0 1 0 1 1 0 0 
0 1 1 0 0 0 0 0 0 0 0 0 0 0 0 
0 0 1 1 0 1 0 0 1 0 0 0 0 0 0 
0 0 0 0 0 0 0 0 0 0 1 0 0 0 0 
OpenStacks: 6
Took 0.61 seconds

buffer: Warwick 466: balanced orders, 3 orders per product
numCustomers: 15
numProducts: 15
0 0 0 0 0 1 0 0 1 0 0 0 0 0 1 
1 0 1 0 0 0 0 1 0 1 0 0 0 1 0 
0 0 0 1 1 0 0 0 0 0 0 0 0 0 0 
0 0 0 0 0 0 0 0 0 0 0 0 1 0 0 
0 0 0 0 0 0 0 0 1 1 0 0 0 0 0 
1 0 0 0 0 0 0 0 0 0 1 1 0 0 0 
0 0 0 1 0 1 0 0 0 0 1 0 0 0 0 
0 1 0 0 0 0 0 0 0 0 1 0 0 0 1 
1 1 0 0 0 0 0 0 1 0 0 0 1 0 0 
0 0 1 0 0 1 0 0 0 0 0 0 0 0 0 
0 0 0 0 1 0 0 0 0 1 0 0 0 0 0 
0 0 0 0 0 0 1 0 0 0 0 0 0 0 1 
0 1 0 1 0 0 0 1 0 0 0 0 0 1 0 
0 0 0 0 1 0 1 1 0 0 0 1 1 0 0 
0 0 1 0 0 0 1 0 0 0 0 1 0 1 0 
Best sequence:
0 1 7 10 11 3 13 4 9 2 5 8 6 14 12 
0 0 0 0 0 0 0 0 0 0 1 1 0 1 0 
1 0 1 0 0 0 1 0 1 1 0 0 0 0 0 
0 0 0 0 0 1 0 1 0 0 0 0 0 0 0 
0 0 0 0 0 0 0 0 0 0 0 0 0 0 1 
0 0 0 0 0 0 0 0 1 0 0 1 0 0 0 
1 0 0 1 1 0 0 0 0 0 0 0 0 0 0 
0 0 0 1 0 1 0 0 0 0 1 0 0 0 0 
0 1 0 1 0 0 0 0 0 0 0 0 0 1 0 
1 1 0 0 0 0 0 0 0 0 0 1 0 0 1 
0 0 0 0 0 0 0 0 0 1 1 0 0 0 0 
0 0 0 0 0 0 0 1 1 0 0 0 0 0 0 
0 0 0 0 0 0 0 0 0 0 0 0 1 1 0 
0 1 1 0 0 1 1 0 0 0 0 0 0 0 0 
0 0 1 0 1 0 0 1 0 0 0 0 1 0 1 
0 0 0 0 1 0 1 0 0 1 0 0 1 0 0 
OpenStacks: 8
Took 0.61 seconds

buffer: Warwick 467: balanced orders, 3 orders per product
numCustomers: 15
numProducts: 15
0 0 0 0 0 0 0 0 0 0 1 1 0 0 0 
0 0 0 0 0 0 0 0 0 0 1 0 0 0 0 
0 0 1 0 0 0 0 1 0 0 0 0 0 0 1 
0 0 0 0 0 1 0 0 1 0 0 0 0 1 1 
0 1 0 0 1 0 1 0 0 1 1 1 0 0 0 
0 1 0 1 1 1 0 1 0 0 0 0 0 0 0 
1 0 0 0 0 0 0 1 0 0 0 1 0 1 0 
0 0 0 0 0 0 0 0 0 1 0 0 0 0 0 
0 0 1 0 0 0 1 0 0 0 0 0 1 0 0 
0 0 1 1 0 1 0 0 1 0 0 0 0 0 0 
0 0 0 1 0 0 1 0 0 0 0 0 0 0 0 
0 0 0 0 1 0 0 0 0 0 0 0 1 1 0 
0 0 0 0 0 0 0 0 0 0 0 0 1 0 0 
1 0 0 0 0 0 0 0 0 0 0 0 0 0 1 
1 1 0 0 0 0 0 0 1 1 0 0 0 0 0 
Best sequence:
0 1 7 9 14 5 8 2 3 6 4 13 11 10 12 
0 0 0 0 0 0 0 0 0 0 0 0 1 1 0 
0 0 0 0 0 0 0 0 0 0 0 0 0 1 0 
0 0 1 0 1 0 0 1 0 0 0 0 0 0 0 
0 0 0 0 1 1 1 0 0 0 0 1 0 0 0 
0 1 0 1 0 0 0 0 0 1 1 0 1 1 0 
0 1 1 0 0 1 0 0 1 0 1 0 0 0 0 
1 0 1 0 0 0 0 0 0 0 0 1 1 0 0 
0 0 0 1 0 0 0 0 0 0 0 0 0 0 0 
0 0 0 0 0 0 0 1 0 1 0 0 0 0 1 
0 0 0 0 0 1 1 1 1 0 0 0 0 0 0 
0 0 0 0 0 0 0 0 1 1 0 0 0 0 0 
0 0 0 0 0 0 0 0 0 0 1 1 0 0 1 
0 0 0 0 0 0 0 0 0 0 0 0 0 0 1 
1 0 0 0 1 0 0 0 0 0 0 0 0 0 0 
1 1 0 1 0 0 1 0 0 0 0 0 0 0 0 
OpenStacks: 7
Took 0.61 seconds

buffer: Warwick 468: balanced orders, 3 orders per product
numCustomers: 15
numProducts: 15
0 0 0 1 0 0 1 1 0 0 0 0 0 1 1 
1 0 0 0 0 0 0 0 0 0 0 0 1 0 0 
0 1 0 0 0 1 0 0 0 0 0 0 0 1 0 
0 0 1 0 0 0 0 0 0 0 1 0 0 0 0 
0 0 0 0 1 0 0 0 1 0 0 0 1 0 0 
0 0 1 0 1 0 0 0 0 0 0 1 0 0 0 
0 0 0 0 0 0 0 0 0 1 0 0 0 0 1 
0 0 1 0 0 0 0 1 0 0 0 0 0 0 0 
0 0 0 0 0 1 1 0 0 0 1 0 1 1 0 
0 1 0 1 1 0 1 1 0 1 0 0 0 0 0 
0 0 0 0 0 1 0 0 0 0 0 0 0 0 0 
1 1 0 0 0 0 0 0 0 0 1 0 0 0 0 
0 0 0 0 0 0 0 0 1 0 0 1 0 0 0 
1 0 0 1 0 0 0 0 1 1 0 0 0 0 1 
0 0 0 0 0 0 0 0 0 0 0 1 0 0 0 
Best sequence:
0 1 5 3 6 13 9 14 7 10 2 4 12 8 11 
0 0 0 1 1 1 0 1 1 0 0 0 0 0 0 
1 0 0 0 0 0 0 0 0 0 0 0 1 0 0 
0 1 1 0 0 1 0 0 0 0 0 0 0 0 0 
0 0 0 0 0 0 0 0 0 1 1 0 0 0 0 
0 0 0 0 0 0 0 0 0 0 0 1 1 1 0 
0 0 0 0 0 0 0 0 0 0 1 1 0 0 1 
0 0 0 0 0 0 1 1 0 0 0 0 0 0 0 
0 0 0 0 0 0 0 0 1 0 1 0 0 0 0 
0 0 1 0 1 1 0 0 0 1 0 0 1 0 0 
0 1 0 1 1 0 1 0 1 0 0 1 0 0 0 
0 0 1 0 0 0 0 0 0 0 0 0 0 0 0 
1 1 0 0 0 0 0 0 0 1 0 0 0 0 0 
0 0 0 0 0 0 0 0 0 0 0 0 0 1 1 
1 0 0 1 0 0 1 1 0 0 0 0 0 1 0 
0 0 0 0 0 0 0 0 0 0 0 0 0 0 1 
OpenStacks: 7
Took 0.6 seconds

buffer: Warwick 469: balanced orders, 3 orders per product
numCustomers: 15
numProducts: 15
0 0 0 0 1 0 0 0 0 0 0 0 0 1 0 
0 0 0 0 0 0 0 0 0 1 0 0 0 0 0 
1 0 0 0 1 0 0 0 1 0 1 0 1 0 1 
0 0 0 0 0 1 0 0 0 0 0 0 0 0 0 
1 0 1 0 0 0 0 0 0 0 0 0 1 0 1 
0 0 0 0 0 0 1 1 0 0 0 1 0 1 0 
0 0 0 1 0 0 0 1 1 0 1 0 0 0 0 
0 0 0 0 0 0 0 0 0 1 0 1 0 0 0 
0 0 0 1 1 1 0 0 0 0 0 0 0 0 0 
0 0 0 0 0 1 0 1 1 1 0 0 0 1 0 
0 1 1 0 0 0 0 0 0 0 0 0 0 0 0 
0 1 0 0 0 0 1 0 0 0 0 0 0 0 0 
1 1 1 0 0 0 1 0 0 0 0 0 1 0 0 
0 0 0 0 0 0 0 0 0 0 0 1 0 0 0 
0 0 0 1 0 0 0 0 0 0 1 0 0 0 1 
Best sequence:
0 1 2 6 12 10 14 3 7 8 4 13 5 9 11 
0 0 0 0 0 0 0 0 0 0 1 1 0 0 0 
0 0 0 0 0 0 0 0 0 0 0 0 0 1 0 
1 0 0 0 1 1 1 0 0 1 1 0 0 0 0 
0 0 0 0 0 0 0 0 0 0 0 0 1 0 0 
1 0 1 0 1 0 1 0 0 0 0 0 0 0 0 
0 0 0 1 0 0 0 0 1 0 0 1 0 0 1 
0 0 0 0 0 1 0 1 1 1 0 0 0 0 0 
0 0 0 0 0 0 0 0 0 0 0 0 0 1 1 
0 0 0 0 0 0 0 1 0 0 1 0 1 0 0 
0 0 0 0 0 0 0 0 1 1 0 1 1 1 0 
0 1 1 0 0 0 0 0 0 0 0 0 0 0 0 
0 1 0 1 0 0 0 0 0 0 0 0 0 0 0 
1 1 1 1 1 0 0 0 0 0 0 0 0 0 0 
0 0 0 0 0 0 0 0 0 0 0 0 0 0 1 
0 0 0 0 0 1 1 1 0 0 0 0 0 0 0 
OpenStacks: 5
Took 0.61 seconds

buffer: Warwick 470: balanced orders, 3 orders per product
numCustomers: 15
numProducts: 15
1 1 0 0 0 0 0 0 1 0 0 0 0 0 0 
0 0 0 1 0 0 0 0 0 0 0 0 0 1 0 
0 0 0 0 1 0 0 0 0 0 0 1 0 0 0 
0 0 0 0 1 1 0 0 0 1 1 0 1 0 1 
1 0 0 0 0 0 0 0 0 0 0 0 0 0 0 
0 0 0 0 0 0 1 0 1 0 0 1 0 0 0 
0 0 0 1 0 0 0 0 0 0 0 0 0 0 0 
0 0 0 0 1 1 0 0 0 0 0 0 0 0 0 
0 0 1 0 0 0 0 0 0 1 0 0 0 0 1 
0 0 0 0 0 0 1 1 0 0 0 0 1 1 0 
0 1 0 1 0 0 0 1 0 0 1 0 0 0 0 
0 1 1 0 0 0 0 0 0 1 1 1 0 0 1 
0 0 0 0 0 1 0 0 0 0 0 0 1 0 0 
0 0 1 0 0 0 1 0 1 0 0 0 0 1 0 
1 0 0 0 0 0 0 1 0 0 0 0 0 0 0 
Best sequence:
0 1 3 7 10 13 2 9 14 6 8 11 4 5 12 
1 1 0 0 0 0 0 0 0 0 1 0 0 0 0 
0 0 1 0 0 1 0 0 0 0 0 0 0 0 0 
0 0 0 0 0 0 0 0 0 0 0 1 1 0 0 
0 0 0 0 1 0 0 1 1 0 0 0 1 1 1 
1 0 0 0 0 0 0 0 0 0 0 0 0 0 0 
0 0 0 0 0 0 0 0 0 1 1 1 0 0 0 
0 0 1 0 0 0 0 0 0 0 0 0 0 0 0 
0 0 0 0 0 0 0 0 0 0 0 0 1 1 0 
0 0 0 0 0 0 1 1 1 0 0 0 0 0 0 
0 0 0 1 0 1 0 0 0 1 0 0 0 0 1 
0 1 1 1 1 0 0 0 0 0 0 0 0 0 0 
0 1 0 0 1 0 1 1 1 0 0 1 0 0 0 
0 0 0 0 0 0 0 0 0 0 0 0 0 1 1 
0 0 0 0 0 1 1 0 0 1 1 0 0 0 0 
1 0 0 1 0 0 0 0 0 0 0 0 0 0 0 
OpenStacks: 6
Took 0.61 seconds

buffer: Warwick 471: balanced orders, 4 orders per product
numCustomers: 15
numProducts: 15
1 0 0 0 0 0 1 0 0 0 0 1 0 1 0 
0 1 0 0 1 0 0 0 1 0 0 1 0 0 0 
0 1 0 1 0 0 0 0 0 0 0 1 0 1 0 
0 0 0 0 0 0 0 0 0 1 0 0 0 1 0 
1 1 0 0 0 0 0 0 1 0 1 0 1 0 1 
1 0 1 0 1 0 0 0 0 0 0 0 1 0 0 
0 0 0 0 0 1 1 1 0 1 0 0 1 0 0 
0 0 1 1 0 1 1 0 1 0 0 0 0 1 1 
0 0 0 1 0 0 0 1 0 0 0 0 0 0 0 
0 0 0 0 0 0 0 0 0 1 1 0 0 0 1 
0 0 1 0 1 1 0 1 0 0 1 0 1 0 0 
0 0 0 1 0 1 0 1 1 0 0 1 0 0 0 
1 0 0 0 0 0 1 0 0 1 0 0 0 0 0 
0 0 1 0 1 0 0 0 0 0 1 0 0 0 1 
0 1 0 0 0 0 0 0 0 0 0 0 0 0 0 
Best sequence:
0 2 4 6 12 10 14 9 13 1 5 8 11 3 7 
1 0 0 1 0 0 0 0 1 0 0 0 1 0 0 
0 0 1 0 0 0 0 0 0 1 0 1 1 0 0 
0 0 0 0 0 0 0 0 1 1 0 0 1 1 0 
0 0 0 0 0 0 0 1 1 0 0 0 0 0 0 
1 0 0 0 1 1 1 0 0 1 0 1 0 0 0 
1 1 1 0 1 0 0 0 0 0 0 0 0 0 0 
0 0 0 1 1 0 0 1 0 0 1 0 0 0 1 
0 1 0 1 0 0 1 0 1 0 1 1 0 1 0 
0 0 0 0 0 0 0 0 0 0 0 0 0 1 1 
0 0 0 0 0 1 1 1 0 0 0 0 0 0 0 
0 1 1 0 1 1 0 0 0 0 1 0 0 0 1 
0 0 0 0 0 0 0 0 0 0 1 1 1 1 1 
1 0 0 1 0 0 0 1 0 0 0 0 0 0 0 
0 1 1 0 0 1 1 0 0 0 0 0 0 0 0 
0 0 0 0 0 0 0 0 0 1 0 0 0 0 0 
OpenStacks: 9
Took 0.61 seconds

buffer: Warwick 472: balanced orders, 4 orders per product
numCustomers: 15
numProducts: 15
0 0 0 0 0 1 0 0 0 0 0 1 0 0 1 
0 1 0 0 0 1 0 0 0 0 1 1 0 1 0 
0 1 0 1 1 0 1 1 1 0 0 0 0 0 0 
0 0 1 1 0 0 1 0 0 0 0 0 0 0 0 
0 0 0 0 0 1 1 0 0 1 0 0 0 1 1 
1 0 1 0 0 0 0 1 0 1 0 1 0 0 0 
1 0 0 0 0 0 1 0 0 0 1 0 1 0 0 
1 0 0 0 1 0 0 0 0 0 0 0 0 0 0 
1 1 1 0 0 1 0 1 1 0 0 0 0 0 1 
0 0 0 0 0 0 0 1 0 0 0 0 1 0 0 
0 0 0 1 0 0 0 0 1 0 1 0 0 0 0 
0 0 0 1 1 0 0 0 0 0 0 0 1 1 1 
0 0 0 0 1 0 0 0 0 1 0 0 0 0 0 
0 1 0 0 0 0 0 0 0 0 0 1 1 0 0 
0 0 1 0 0 0 0 0 1 1 1 0 0 1 0 
Best sequence:
0 1 4 7 12 11 5 14 9 2 6 13 3 8 10 
0 0 0 0 0 1 1 1 0 0 0 0 0 0 0 
0 1 0 0 0 1 1 0 0 0 0 1 0 0 1 
0 1 1 1 0 0 0 0 0 0 1 0 1 1 0 
0 0 0 0 0 0 0 0 0 1 1 0 1 0 0 
0 0 0 0 0 0 1 1 1 0 1 1 0 0 0 
1 0 0 1 0 1 0 0 1 1 0 0 0 0 0 
1 0 0 0 1 0 0 0 0 0 1 0 0 0 1 
1 0 1 0 0 0 0 0 0 0 0 0 0 0 0 
1 1 0 1 0 0 1 1 0 1 0 0 0 1 0 
0 0 0 1 1 0 0 0 0 0 0 0 0 0 0 
0 0 0 0 0 0 0 0 0 0 0 0 1 1 1 
0 0 1 0 1 0 0 1 0 0 0 1 1 0 0 
0 0 1 0 0 0 0 0 1 0 0 0 0 0 0 
0 1 0 0 1 1 0 0 0 0 0 0 0 0 0 
0 0 0 0 0 0 0 0 1 1 0 1 0 1 1 
OpenStacks: 9
Took 0.61 seconds

buffer: Warwick 473: balanced orders, 4 orders per product
numCustomers: 15
numProducts: 15
0 0 0 1 0 1 0 0 1 1 0 1 0 0 0 
0 0 0 0 0 0 0 0 0 0 1 0 0 0 0 
0 0 0 1 1 0 0 0 0 0 0 0 1 1 0 
1 0 0 1 1 1 0 1 0 0 1 0 0 0 0 
1 0 0 0 0 0 1 0 0 0 0 1 0 1 0 
0 1 1 1 0 1 1 0 0 0 1 0 1 0 0 
0 0 0 0 0 0 0 1 0 1 0 0 0 0 1 
0 0 1 0 1 0 0 0 0 0 0 0 0 0 0 
0 0 1 0 0 0 0 1 1 0 0 0 0 0 1 
0 1 0 0 0 0 0 0 0 1 1 0 0 0 0 
0 0 0 0 0 0 1 0 1 0 0 0 0 1 0 
1 0 0 0 0 0 0 0 0 0 0 1 1 1 0 
0 0 0 0 1 0 0 0 1 1 0 0 0 0 1 
1 1 1 0 0 1 0 0 0 0 0 0 1 0 0 
0 1 0 0 0 0 1 1 0 0 0 1 0 0 1 
Best sequence:
0 3 5 6 11 12 13 4 2 8 1 7 9 14 10 
0 1 1 0 1 0 0 0 0 1 0 0 1 0 0 
0 0 0 0 0 0 0 0 0 0 0 0 0 0 1 
0 1 0 0 0 1 1 1 0 0 0 0 0 0 0 
1 1 1 0 0 0 0 1 0 0 0 1 0 0 1 
1 0 0 1 1 0 1 0 0 0 0 0 0 0 0 
0 1 1 1 0 1 0 0 1 0 1 0 0 0 1 
0 0 0 0 0 0 0 0 0 0 0 1 1 1 0 
0 0 0 0 0 0 0 1 1 0 0 0 0 0 0 
0 0 0 0 0 0 0 0 1 1 0 1 0 1 0 
0 0 0 0 0 0 0 0 0 0 1 0 1 0 1 
0 0 0 1 0 0 1 0 0 1 0 0 0 0 0 
1 0 0 0 1 1 1 0 0 0 0 0 0 0 0 
0 0 0 0 0 0 0 1 0 1 0 0 1 1 0 
1 0 1 0 0 1 0 0 1 0 1 0 0 0 0 
0 0 0 1 1 0 0 0 0 0 1 1 0 1 0 
OpenStacks: 9
Took 0.61 seconds

buffer: Warwick 474: balanced orders, 4 orders per product
numCustomers: 15
numProducts: 15
0 0 0 0 0 0 0 0 0 1 0 1 0 0 1 
1 0 1 0 1 1 1 0 1 0 1 0 0 1 0 
0 0 0 0 0 0 0 1 0 0 1 0 1 0 0 
0 1 1 0 0 0 0 1 0 0 0 1 0 1 1 
0 1 0 0 1 0 0 1 0 0 0 0 0 0 0 
0 0 0 0 0 1 0 0 0 1 0 0 1 0 0 
1 0 0 0 1 1 1 0 1 1 0 0 0 0 0 
1 1 0 1 0 0 0 0 0 0 0 0 0 0 1 
0 0 0 1 0 0 0 0 0 0 0 1 0 0 1 
0 0 1 1 0 1 1 0 0 0 1 0 1 0 0 
0 1 1 0 0 0 0 0 0 0 1 0 0 0 0 
0 0 0 1 0 0 0 0 1 0 0 0 0 0 0 
0 0 0 0 1 0 0 0 1 0 0 0 0 1 0 
0 0 0 0 0 0 1 1 0 0 0 0 0 1 0 
1 0 0 0 0 0 0 0 0 1 0 1 1 0 0 
Best sequence:
0 3 8 11 14 5 9 12 1 2 4 10 6 7 13 
0 0 0 1 1 0 1 0 0 0 0 0 0 0 0 
1 0 1 0 0 1 0 0 0 1 1 1 1 0 1 
0 0 0 0 0 0 0 1 0 0 0 1 0 1 0 
0 0 0 1 1 0 0 0 1 1 0 0 0 1 1 
0 0 0 0 0 0 0 0 1 0 1 0 0 1 0 
0 0 0 0 0 1 1 1 0 0 0 0 0 0 0 
1 0 1 0 0 1 1 0 0 0 1 0 1 0 0 
1 1 0 0 1 0 0 0 1 0 0 0 0 0 0 
0 1 0 1 1 0 0 0 0 0 0 0 0 0 0 
0 1 0 0 0 1 0 1 0 1 0 1 1 0 0 
0 0 0 0 0 0 0 0 1 1 0 1 0 0 0 
0 1 1 0 0 0 0 0 0 0 0 0 0 0 0 
0 0 1 0 0 0 0 0 0 0 1 0 0 0 1 
0 0 0 0 0 0 0 0 0 0 0 0 1 1 1 
1 0 0 1 0 0 1 1 0 0 0 0 0 0 0 
OpenStacks: 9
Took 0.61 seconds

buffer: Warwick 475: balanced orders, 4 orders per product
numCustomers: 15
numProducts: 15
0 1 0 0 0 0 1 0 1 0 0 1 0 1 0 
0 0 0 0 1 0 0 0 0 0 0 0 0 0 0 
1 0 0 1 0 0 0 0 0 1 0 0 0 0 0 
0 0 1 0 0 1 0 1 0 0 0 0 0 0 0 
0 0 0 1 0 1 1 0 0 0 1 0 0 0 0 
0 0 0 1 0 0 0 0 1 1 0 1 1 0 0 
0 0 0 0 0 1 1 0 0 0 0 0 0 0 0 
0 0 0 0 0 0 0 1 1 0 1 0 0 0 1 
1 0 0 0 1 0 0 0 0 1 0 0 0 0 0 
0 0 1 0 0 0 1 0 0 0 1 0 1 1 0 
1 1 0 0 1 0 0 1 0 0 1 0 0 0 1 
0 1 1 0 1 0 0 0 0 1 0 0 0 1 1 
1 1 0 0 0 1 0 0 0 0 0 0 0 0 1 
0 0 1 0 0 0 0 0 1 0 0 1 1 1 0 
0 0 0 1 0 0 0 1 0 0 0 1 1 0 0 
Best sequence:
0 1 2 4 9 8 13 14 7 11 12 3 10 5 6 
0 1 0 0 0 1 1 0 0 1 0 0 0 0 1 
0 0 0 1 0 0 0 0 0 0 0 0 0 0 0 
1 0 0 0 1 0 0 0 0 0 0 1 0 0 0 
0 0 1 0 0 0 0 0 1 0 0 0 0 1 0 
0 0 0 0 0 0 0 0 0 0 0 1 1 1 1 
0 0 0 0 1 1 0 0 0 1 1 1 0 0 0 
0 0 0 0 0 0 0 0 0 0 0 0 0 1 1 
0 0 0 0 0 1 0 1 1 0 0 0 1 0 0 
1 0 0 1 1 0 0 0 0 0 0 0 0 0 0 
0 0 1 0 0 0 1 0 0 0 1 0 1 0 1 
1 1 0 1 0 0 0 1 1 0 0 0 1 0 0 
0 1 1 1 1 0 1 1 0 0 0 0 0 0 0 
1 1 0 0 0 0 0 1 0 0 0 0 0 1 0 
0 0 1 0 0 1 1 0 0 1 1 0 0 0 0 
0 0 0 0 0 0 0 0 1 1 1 1 0 0 0 
OpenStacks: 10
Took 0.62 seconds

buffer: Warwick 476: balanced orders, 4 orders per product
numCustomers: 15
numProducts: 15
0 0 1 0 1 0 0 0 1 0 1 0 0 1 1 
1 1 0 0 0 0 0 1 0 0 1 0 1 0 0 
0 0 0 0 0 0 1 0 0 1 0 1 0 0 0 
0 0 0 1 0 0 0 0 0 0 1 0 1 1 0 
0 0 0 0 0 0 0 0 0 1 0 0 0 1 1 
1 1 0 0 1 1 0 0 0 0 0 1 0 0 0 
0 1 1 0 0 0 0 0 0 0 0 0 0 0 0 
0 0 1 0 0 1 1 1 1 1 0 0 1 0 0 
1 0 0 1 1 0 0 0 0 0 0 0 1 0 0 
0 0 0 0 1 0 0 0 0 0 0 0 0 0 0 
0 1 0 0 0 1 1 0 1 0 1 0 0 1 1 
0 0 1 1 0 0 0 0 0 0 0 1 0 0 0 
0 0 0 0 0 1 0 1 0 0 0 0 0 0 1 
1 0 0 1 0 0 0 1 0 1 0 1 0 0 0 
0 0 0 0 0 0 1 0 1 0 0 0 0 0 0 
Best sequence:
0 1 2 4 3 10 12 5 7 11 6 8 9 13 14 
0 0 1 1 0 1 0 0 0 0 0 1 0 1 1 
1 1 0 0 0 1 1 0 1 0 0 0 0 0 0 
0 0 0 0 0 0 0 0 0 1 1 0 1 0 0 
0 0 0 0 1 1 1 0 0 0 0 0 0 1 0 
0 0 0 0 0 0 0 0 0 0 0 0 1 1 1 
1 1 0 1 0 0 0 1 0 1 0 0 0 0 0 
0 1 1 0 0 0 0 0 0 0 0 0 0 0 0 
0 0 1 0 0 0 1 1 1 0 1 1 1 0 0 
1 0 0 1 1 0 1 0 0 0 0 0 0 0 0 
0 0 0 1 0 0 0 0 0 0 0 0 0 0 0 
0 1 0 0 0 1 0 1 0 0 1 1 0 1 1 
0 0 1 0 1 0 0 0 0 1 0 0 0 0 0 
0 0 0 0 0 0 0 1 1 0 0 0 0 0 1 
1 0 0 0 1 0 0 0 1 1 0 0 1 0 0 
0 0 0 0 0 0 0 0 0 0 1 1 0 0 0 
OpenStacks: 9
Took 0.6 seconds

buffer: Warwick 477: balanced orders, 4 orders per product
numCustomers: 15
numProducts: 15
0 0 0 0 0 1 0 0 0 0 0 1 0 1 0 
0 0 0 1 0 1 1 0 0 0 0 1 0 0 0 
0 0 1 0 0 0 0 0 0 0 1 0 0 0 0 
1 1 0 1 1 0 0 0 1 0 1 0 0 0 0 
0 0 1 0 0 0 1 1 0 1 0 0 0 0 0 
0 0 1 0 0 0 0 0 0 0 0 0 1 1 0 
0 1 0 0 1 0 0 1 0 0 0 0 0 1 1 
1 0 0 0 0 0 1 0 1 1 0 0 1 0 1 
1 0 0 0 0 0 0 0 0 0 0 0 0 0 1 
0 1 0 0 1 0 1 0 0 0 1 0 0 0 1 
0 0 0 0 0 0 0 0 1 0 0 0 0 0 0 
1 0 1 1 1 0 0 1 1 0 0 1 1 0 0 
0 1 0 0 0 0 0 0 0 1 0 0 0 1 0 
0 0 0 0 0 1 0 0 0 1 0 1 0 0 0 
0 0 0 1 0 1 0 1 0 0 1 0 1 0 0 
Best sequence:
0 1 3 4 14 8 10 6 2 7 9 12 5 11 13 
0 0 0 0 0 0 0 0 0 0 0 0 1 1 1 
0 0 1 0 0 0 0 1 0 0 0 0 1 1 0 
0 0 0 0 0 0 1 0 1 0 0 0 0 0 0 
1 1 1 1 0 1 1 0 0 0 0 0 0 0 0 
0 0 0 0 0 0 0 1 1 1 1 0 0 0 0 
0 0 0 0 0 0 0 0 1 0 0 1 0 0 1 
0 1 0 1 1 0 0 0 0 1 0 0 0 0 1 
1 0 0 0 1 1 0 1 0 0 1 1 0 0 0 
1 0 0 0 1 0 0 0 0 0 0 0 0 0 0 
0 1 0 1 1 0 1 1 0 0 0 0 0 0 0 
0 0 0 0 0 1 0 0 0 0 0 0 0 0 0 
1 0 1 1 0 1 0 0 1 1 0 1 0 1 0 
0 1 0 0 0 0 0 0 0 0 1 0 0 0 1 
0 0 0 0 0 0 0 0 0 0 1 0 1 1 0 
0 0 1 0 0 0 1 0 0 1 0 1 1 0 0 
OpenStacks: 9
Took 0.61 seconds

buffer: Warwick 478: balanced orders, 4 orders per product
numCustomers: 15
numProducts: 15
0 0 0 0 0 0 1 0 0 0 0 0 0 0 0 
1 1 1 0 1 0 0 0 1 0 0 1 0 0 0 
0 0 0 0 0 0 0 0 0 1 1 0 0 0 0 
0 0 0 0 1 0 0 0 1 0 1 0 1 0 1 
1 1 1 0 0 0 0 0 0 1 1 1 0 0 0 
0 0 0 0 0 1 1 0 0 0 0 0 0 1 1 
0 0 1 1 0 1 0 0 0 0 0 0 1 0 1 
1 1 1 0 1 0 0 0 0 0 0 0 0 1 0 
0 0 0 1 0 0 0 1 0 0 0 1 0 0 0 
0 0 0 1 0 1 0 0 0 0 1 1 0 1 1 
1 0 0 0 0 1 0 1 1 1 0 0 0 0 0 
0 0 0 0 0 0 1 1 1 0 0 0 1 0 0 
0 0 0 0 1 0 0 0 0 0 0 0 0 0 0 
0 0 0 0 0 0 1 1 0 1 0 0 1 0 0 
0 1 0 1 0 0 0 0 0 0 0 0 0 1 0 
Best sequence:
0 1 2 4 5 13 3 8 11 7 12 14 6 9 10 
0 0 0 0 0 0 0 0 0 0 0 0 1 0 0 
1 1 1 1 0 0 0 1 1 0 0 0 0 0 0 
0 0 0 0 0 0 0 0 0 0 0 0 0 1 1 
0 0 0 1 0 0 0 1 0 0 1 1 0 0 1 
1 1 1 0 0 0 0 0 1 0 0 0 0 1 1 
0 0 0 0 1 1 0 0 0 0 0 1 1 0 0 
0 0 1 0 1 0 1 0 0 0 1 1 0 0 0 
1 1 1 1 0 1 0 0 0 0 0 0 0 0 0 
0 0 0 0 0 0 1 0 1 1 0 0 0 0 0 
0 0 0 0 1 1 1 0 1 0 0 1 0 0 1 
1 0 0 0 1 0 0 1 0 1 0 0 0 1 0 
0 0 0 0 0 0 0 1 0 1 1 0 1 0 0 
0 0 0 1 0 0 0 0 0 0 0 0 0 0 0 
0 0 0 0 0 0 0 0 0 1 1 0 1 1 0 
0 1 0 0 0 1 1 0 0 0 0 0 0 0 0 
OpenStacks: 9
Took 0.61 seconds

buffer: Warwick 479: balanced orders, 4 orders per product
numCustomers: 15
numProducts: 15
0 1 1 0 0 0 1 0 1 1 0 0 0 0 0 
1 0 1 1 0 0 0 1 0 1 0 0 0 1 0 
0 0 0 0 1 0 0 0 0 1 0 0 1 0 1 
0 0 0 0 0 0 1 0 1 0 0 0 0 0 0 
1 0 0 0 0 0 0 0 0 0 0 0 1 0 0 
0 0 0 0 0 0 0 1 0 0 0 0 0 0 0 
0 0 0 0 1 1 0 1 0 0 1 0 0 0 0 
0 0 1 0 0 0 0 0 0 0 0 0 1 1 1 
0 1 1 0 1 0 1 0 0 0 0 0 0 1 0 
0 0 0 0 1 0 0 0 0 0 0 1 1 0 1 
0 1 0 1 0 1 0 0 0 0 1 1 0 0 1 
0 0 0 0 0 0 0 0 0 0 1 1 0 1 0 
1 0 0 1 0 1 0 0 0 1 0 1 0 0 0 
0 0 0 1 0 0 1 0 1 0 1 0 0 0 0 
1 1 0 0 0 1 0 1 1 0 0 0 0 0 0 
Best sequence:
0 1 2 3 6 8 9 12 4 5 14 7 10 11 13 
0 1 1 0 1 1 1 0 0 0 0 0 0 0 0 
1 0 1 1 0 0 1 0 0 0 0 1 0 0 1 
0 0 0 0 0 0 1 1 1 0 1 0 0 0 0 
0 0 0 0 1 1 0 0 0 0 0 0 0 0 0 
1 0 0 0 0 0 0 1 0 0 0 0 0 0 0 
0 0 0 0 0 0 0 0 0 0 0 1 0 0 0 
0 0 0 0 0 0 0 0 1 1 0 1 1 0 0 
0 0 1 0 0 0 0 1 0 0 1 0 0 0 1 
0 1 1 0 1 0 0 0 1 0 0 0 0 0 1 
0 0 0 0 0 0 0 1 1 0 1 0 0 1 0 
0 1 0 1 0 0 0 0 0 1 1 0 1 1 0 
0 0 0 0 0 0 0 0 0 0 0 0 1 1 1 
1 0 0 1 0 0 1 0 0 1 0 0 0 1 0 
0 0 0 1 1 1 0 0 0 0 0 0 1 0 0 
1 1 0 0 0 1 0 0 0 1 0 1 0 0 0 
OpenStacks: 10
Took 0.61 seconds

buffer: Warwick 480: balanced orders, 4 orders per product
numCustomers: 15
numProducts: 15
0 1 1 0 0 0 0 1 0 0 0 0 0 0 0 
0 0 0 0 1 1 0 1 0 1 1 1 0 1 0 
0 0 1 1 0 0 0 0 0 0 0 1 0 1 0 
1 0 0 0 0 0 0 1 0 0 1 1 0 1 0 
0 0 0 0 1 1 0 0 0 0 0 0 0 0 1 
0 1 1 0 1 0 0 0 1 1 0 0 0 0 0 
0 0 0 1 0 0 0 0 0 0 1 1 0 0 0 
0 0 0 0 0 0 1 0 0 1 1 0 1 0 0 
1 0 1 0 0 1 0 0 0 0 0 0 0 0 0 
1 1 0 1 0 0 1 0 1 1 0 0 0 0 1 
0 0 0 0 0 0 1 0 1 0 0 0 0 0 0 
0 0 0 0 1 0 1 0 0 0 0 0 1 0 1 
0 0 0 0 0 0 0 0 0 0 0 0 1 1 0 
0 1 0 0 0 1 0 1 0 0 0 0 1 0 1 
1 0 0 1 0 0 0 0 1 0 0 0 0 0 0 
Best sequence:
0 1 2 3 7 5 4 11 14 8 6 9 10 12 13 
0 1 1 0 1 0 0 0 0 0 0 0 0 0 0 
0 0 0 0 1 1 1 1 0 0 0 1 1 0 1 
0 0 1 1 0 0 0 1 0 0 0 0 0 0 1 
1 0 0 0 1 0 0 1 0 0 0 0 1 0 1 
0 0 0 0 0 1 1 0 1 0 0 0 0 0 0 
0 1 1 0 0 0 1 0 0 1 0 1 0 0 0 
0 0 0 1 0 0 0 1 0 0 0 0 1 0 0 
0 0 0 0 0 0 0 0 0 0 1 1 1 1 0 
1 0 1 0 0 1 0 0 0 0 0 0 0 0 0 
1 1 0 1 0 0 0 0 1 1 1 1 0 0 0 
0 0 0 0 0 0 0 0 0 1 1 0 0 0 0 
0 0 0 0 0 0 1 0 1 0 1 0 0 1 0 
0 0 0 0 0 0 0 0 0 0 0 0 0 1 1 
0 1 0 0 1 1 0 0 1 0 0 0 0 1 0 
1 0 0 1 0 0 0 0 0 1 0 0 0 0 0 
OpenStacks: 10
Took 0.6 seconds

buffer: Warwick 481: balanced orders, 5 orders per product
numCustomers: 15
numProducts: 15
0 1 0 0 0 1 1 0 0 0 0 1 0 0 1 
1 0 0 1 0 0 1 0 0 0 0 0 0 0 0 
0 0 1 0 0 0 1 0 0 1 0 0 0 1 0 
0 1 0 1 0 0 0 0 0 0 0 1 1 0 0 
1 0 0 0 0 1 0 0 1 0 1 1 0 1 0 
0 0 0 1 1 0 0 0 0 1 1 0 0 0 0 
0 1 0 1 0 0 0 1 0 0 0 1 1 0 1 
1 1 1 0 0 1 1 1 1 0 0 0 1 1 0 
0 0 0 0 1 0 0 0 0 0 1 0 0 1 0 
0 0 0 0 1 0 0 0 1 1 0 1 1 0 1 
0 0 0 0 0 1 0 1 0 1 1 0 0 0 0 
1 0 1 1 0 1 1 1 1 0 1 0 0 1 0 
1 1 1 0 0 0 0 0 0 1 0 0 1 0 1 
0 0 1 0 1 0 0 1 0 0 0 0 0 0 0 
0 0 0 0 1 0 0 0 1 0 0 0 0 0 1 
Best sequence:
0 1 3 5 6 9 11 12 8 14 2 7 4 10 13 
0 1 0 1 1 0 1 0 0 1 0 0 0 0 0 
1 0 1 0 1 0 0 0 0 0 0 0 0 0 0 
0 0 0 0 1 1 0 0 0 0 1 0 0 0 1 
0 1 1 0 0 0 1 1 0 0 0 0 0 0 0 
1 0 0 1 0 0 1 0 1 0 0 0 0 1 1 
0 0 1 0 0 1 0 0 0 0 0 0 1 1 0 
0 1 1 0 0 0 1 1 0 1 0 1 0 0 0 
1 1 0 1 1 0 0 1 1 0 1 1 0 0 1 
0 0 0 0 0 0 0 0 0 0 0 0 1 1 1 
0 0 0 0 0 1 1 1 1 1 0 0 1 0 0 
0 0 0 1 0 1 0 0 0 0 0 1 0 1 0 
1 0 1 1 1 0 0 0 1 0 1 1 0 1 1 
1 1 0 0 0 1 0 1 0 1 1 0 0 0 0 
0 0 0 0 0 0 0 0 0 0 1 1 1 0 0 
0 0 0 0 0 0 0 0 1 1 0 0 1 0 0 
OpenStacks: 11
Took 0.61 seconds

buffer: Warwick 482: balanced orders, 5 orders per product
numCustomers: 15
numProducts: 15
0 0 0 0 0 0 1 0 0 1 1 1 0 0 1 
0 0 0 1 1 1 0 0 0 0 0 0 1 1 0 
1 1 1 1 0 0 0 0 0 0 1 0 0 0 0 
0 0 0 1 1 1 0 1 0 0 0 1 0 0 0 
0 0 0 0 1 0 0 0 1 0 1 1 0 1 0 
0 0 0 0 0 1 0 0 0 1 0 0 0 0 0 
1 1 1 0 0 0 1 1 1 1 0 0 1 1 0 
1 0 0 0 0 0 1 1 0 0 0 0 0 0 0 
0 0 0 0 0 0 0 1 1 0 1 0 0 1 1 
0 1 0 1 0 1 0 0 1 1 0 0 1 0 1 
1 1 0 0 1 0 0 0 0 0 0 0 1 0 0 
1 0 0 0 1 0 1 1 1 0 0 0 1 0 0 
0 0 1 0 0 0 0 0 0 1 0 0 0 1 1 
0 0 1 0 0 0 1 0 0 0 0 1 0 0 1 
0 1 1 1 0 1 0 0 0 0 1 1 0 0 0 
Best sequence:
0 4 6 7 8 12 1 2 3 10 11 13 14 5 9 
0 0 1 0 0 0 0 0 0 1 1 0 1 0 1 
0 1 0 0 0 1 0 0 1 0 0 1 0 1 0 
1 0 0 0 0 0 1 1 1 1 0 0 0 0 0 
0 1 0 1 0 0 0 0 1 0 1 0 0 1 0 
0 1 0 0 1 0 0 0 0 1 1 1 0 0 0 
0 0 0 0 0 0 0 0 0 0 0 0 0 1 1 
1 0 1 1 1 1 1 1 0 0 0 1 0 0 1 
1 0 1 1 0 0 0 0 0 0 0 0 0 0 0 
0 0 0 1 1 0 0 0 0 1 0 1 1 0 0 
0 0 0 0 1 1 1 0 1 0 0 0 1 1 1 
1 1 0 0 0 1 1 0 0 0 0 0 0 0 0 
1 1 1 1 1 1 0 0 0 0 0 0 0 0 0 
0 0 0 0 0 0 0 1 0 0 0 1 1 0 1 
0 0 1 0 0 0 0 1 0 0 1 0 1 0 0 
0 0 0 0 0 0 1 1 1 1 1 0 0 1 0 
OpenStacks: 11
Took 0.61 seconds

buffer: Warwick 483: balanced orders, 5 orders per product
numCustomers: 15
numProducts: 15
0 1 1 0 1 0 1 0 1 1 1 0 0 0 1 
0 0 1 0 0 0 0 1 0 0 0 0 0 0 0 
0 0 0 1 0 0 1 1 0 0 0 1 0 1 1 
0 0 0 1 1 0 1 0 0 0 0 1 0 0 0 
0 0 0 0 1 0 0 1 0 0 0 0 1 0 0 
0 1 0 0 0 1 0 0 1 0 1 1 0 0 0 
1 0 1 1 0 0 0 0 0 1 1 0 0 1 0 
0 0 0 0 0 0 1 0 1 0 0 0 0 1 0 
1 1 1 0 0 0 0 0 0 1 0 0 1 0 0 
0 0 0 0 0 0 1 1 0 0 0 1 0 1 1 
1 1 1 0 0 1 0 0 0 0 1 0 1 0 1 
0 0 0 0 0 1 0 0 1 1 1 0 0 0 0 
1 0 0 1 0 1 0 0 0 0 0 0 0 0 0 
0 1 0 1 1 1 0 1 0 0 0 1 1 1 1 
1 0 0 0 1 0 0 0 1 1 0 0 1 0 0 
Best sequence:
0 1 2 5 8 9 10 12 4 3 6 7 11 13 14 
0 1 1 0 1 1 1 0 1 0 1 0 0 0 1 
0 0 1 0 0 0 0 0 0 0 0 1 0 0 0 
0 0 0 0 0 0 0 0 0 1 1 1 1 1 1 
0 0 0 0 0 0 0 0 1 1 1 0 1 0 0 
0 0 0 0 0 0 0 1 1 0 0 1 0 0 0 
0 1 0 1 1 0 1 0 0 0 0 0 1 0 0 
1 0 1 0 0 1 1 0 0 1 0 0 0 1 0 
0 0 0 0 1 0 0 0 0 0 1 0 0 1 0 
1 1 1 0 0 1 0 1 0 0 0 0 0 0 0 
0 0 0 0 0 0 0 0 0 0 1 1 1 1 1 
1 1 1 1 0 0 1 1 0 0 0 0 0 0 1 
0 0 0 1 1 1 1 0 0 0 0 0 0 0 0 
1 0 0 1 0 0 0 0 0 1 0 0 0 0 0 
0 1 0 1 0 0 0 1 1 1 0 1 1 1 1 
1 0 0 0 1 1 0 1 1 0 0 0 0 0 0 
OpenStacks: 11
Took 0.61 seconds

buffer: Warwick 484: balanced orders, 5 orders per product
numCustomers: 15
numProducts: 15
0 0 0 1 1 0 1 1 0 0 0 1 1 0 0 
0 0 0 0 0 0 1 0 0 1 0 0 0 0 0 
1 0 0 0 0 0 0 0 1 1 0 0 0 1 0 
1 1 0 0 1 0 0 0 0 0 1 1 0 0 1 
0 1 0 0 1 0 0 1 1 0 0 0 0 0 1 
0 0 0 0 0 0 0 0 0 0 0 0 1 1 0 
0 1 0 0 1 1 0 1 0 1 0 0 1 1 0 
1 0 0 1 0 1 0 1 1 1 0 0 0 1 0 
1 0 0 0 0 0 1 0 1 0 0 0 0 0 0 
0 0 0 1 0 0 0 0 0 1 1 0 0 0 1 
1 0 1 0 0 1 0 0 0 0 0 0 0 0 1 
0 0 1 1 0 1 1 0 0 0 1 1 1 0 1 
0 1 1 1 1 0 1 0 0 0 0 1 1 0 0 
0 0 1 0 0 1 0 1 0 0 1 0 0 0 0 
0 1 1 0 0 0 0 0 1 0 1 1 0 1 0 
Best sequence:
0 1 2 5 8 10 14 3 4 7 11 6 9 12 13 
0 0 0 0 0 0 0 1 1 1 1 1 0 1 0 
0 0 0 0 0 0 0 0 0 0 0 1 1 0 0 
1 0 0 0 1 0 0 0 0 0 0 0 1 0 1 
1 1 0 0 0 1 1 0 1 0 1 0 0 0 0 
0 1 0 0 1 0 1 0 1 1 0 0 0 0 0 
0 0 0 0 0 0 0 0 0 0 0 0 0 1 1 
0 1 0 1 0 0 0 0 1 1 0 0 1 1 1 
1 0 0 1 1 0 0 1 0 1 0 0 1 0 1 
1 0 0 0 1 0 0 0 0 0 0 1 0 0 0 
0 0 0 0 0 1 1 1 0 0 0 0 1 0 0 
1 0 1 1 0 0 1 0 0 0 0 0 0 0 0 
0 0 1 1 0 1 1 1 0 0 1 1 0 1 0 
0 1 1 0 0 0 0 1 1 0 1 1 0 1 0 
0 0 1 1 0 1 0 0 0 1 0 0 0 0 0 
0 1 1 0 1 1 0 0 0 0 1 0 0 0 1 
OpenStacks: 12
Took 0.61 seconds

buffer: Warwick 485: balanced orders, 5 orders per product
numCustomers: 15
numProducts: 15
0 0 1 0 0 1 0 1 0 0 0 0 0 1 1 
0 0 1 0 1 0 0 1 0 1 0 0 1 0 1 
0 1 0 0 0 0 0 0 0 0 0 1 1 0 1 
0 0 0 0 1 1 1 0 0 1 0 0 1 0 0 
0 1 0 0 0 1 1 0 0 1 0 0 0 1 1 
0 0 1 0 0 1 0 1 0 0 1 1 0 0 0 
1 0 1 0 0 1 0 0 0 0 0 0 0 0 1 
0 0 0 1 1 0 0 0 1 0 1 1 0 0 0 
0 0 0 0 0 0 0 0 1 0 0 0 0 1 0 
1 0 0 1 0 0 0 0 1 1 0 0 0 1 0 
0 0 1 0 0 0 1 0 0 1 0 0 0 0 0 
1 0 0 1 0 0 0 0 0 0 1 0 1 0 0 
0 1 0 1 0 0 1 0 1 0 0 0 1 0 0 
1 1 0 1 1 0 0 1 0 0 1 1 0 0 0 
1 1 0 0 1 0 1 1 1 0 1 1 0 1 0 
Best sequence:
0 1 3 4 10 11 12 5 7 14 2 6 9 8 13 
0 0 0 0 0 0 0 1 1 1 1 0 0 0 1 
0 0 0 1 0 0 1 0 1 1 1 0 1 0 0 
0 1 0 0 0 1 1 0 0 1 0 0 0 0 0 
0 0 0 1 0 0 1 1 0 0 0 1 1 0 0 
0 1 0 0 0 0 0 1 0 1 0 1 1 0 1 
0 0 0 0 1 1 0 1 1 0 1 0 0 0 0 
1 0 0 0 0 0 0 1 0 1 1 0 0 0 0 
0 0 1 1 1 1 0 0 0 0 0 0 0 1 0 
0 0 0 0 0 0 0 0 0 0 0 0 0 1 1 
1 0 1 0 0 0 0 0 0 0 0 0 1 1 1 
0 0 0 0 0 0 0 0 0 0 1 1 1 0 0 
1 0 1 0 1 0 1 0 0 0 0 0 0 0 0 
0 1 1 0 0 0 1 0 0 0 0 1 0 1 0 
1 1 1 1 1 1 0 0 1 0 0 0 0 0 0 
1 1 0 1 1 1 0 0 1 0 0 1 0 1 1 
OpenStacks: 12
Took 0.61 seconds

buffer: Warwick 486: balanced orders, 5 orders per product
numCustomers: 15
numProducts: 15
1 0 0 0 0 0 0 0 0 0 0 1 0 0 0 
1 0 0 1 0 0 0 0 0 0 0 0 0 0 1 
0 0 0 0 1 1 0 1 0 0 1 0 0 0 0 
0 0 0 1 1 0 1 0 0 1 0 0 0 1 0 
0 1 0 1 0 1 0 0 0 0 1 1 0 0 0 
1 0 1 0 0 0 0 0 0 1 0 0 1 0 0 
0 0 0 0 0 0 0 1 0 1 1 1 1 0 1 
1 1 1 0 1 1 1 1 1 0 0 1 1 0 0 
1 1 1 0 0 0 0 0 1 0 0 0 0 0 0 
0 1 0 1 0 0 1 0 1 0 1 0 0 1 1 
0 0 1 0 1 0 1 0 0 0 0 0 1 1 0 
0 0 1 0 0 0 0 0 1 0 0 1 0 0 0 
0 1 0 0 1 0 1 0 1 0 0 0 1 1 0 
0 0 0 1 0 1 0 1 0 1 0 0 0 0 1 
0 0 0 0 0 1 0 1 0 1 1 0 0 1 1 
Best sequence:
0 1 2 6 8 11 3 9 12 13 14 4 5 7 10 
1 0 0 0 0 1 0 0 0 0 0 0 0 0 0 
1 0 0 0 0 0 1 0 0 0 1 0 0 0 0 
0 0 0 0 0 0 0 0 0 0 0 1 1 1 1 
0 0 0 1 0 0 1 1 0 1 0 1 0 0 0 
0 1 0 0 0 1 1 0 0 0 0 0 1 0 1 
1 0 1 0 0 0 0 1 1 0 0 0 0 0 0 
0 0 0 0 0 1 0 1 1 0 1 0 0 1 1 
1 1 1 1 1 1 0 0 1 0 0 1 1 1 0 
1 1 1 0 1 0 0 0 0 0 0 0 0 0 0 
0 1 0 1 1 0 1 0 0 1 1 0 0 0 1 
0 0 1 1 0 0 0 0 1 1 0 1 0 0 0 
0 0 1 0 1 1 0 0 0 0 0 0 0 0 0 
0 1 0 1 1 0 0 0 1 1 0 1 0 0 0 
0 0 0 0 0 0 1 1 0 0 1 0 1 1 0 
0 0 0 0 0 0 0 1 0 1 1 0 1 1 1 
OpenStacks: 11
Took 0.61 seconds

buffer: Warwick 487: balanced orders, 5 orders per product
numCustomers: 15
numProducts: 15
0 0 0 0 1 0 1 0 0 1 0 0 0 0 0 
0 0 0 0 0 0 0 0 1 0 0 0 0 0 1 
1 0 0 1 0 1 0 1 0 1 1 1 0 0 0 
1 1 0 0 1 1 0 0 1 0 0 0 0 0 0 
0 0 1 0 0 0 0 0 0 0 0 0 0 0 1 
0 0 0 1 0 0 1 0 0 0 1 0 0 1 0 
0 0 0 1 0 1 0 0 1 0 0 0 1 0 0 
1 1 0 0 0 0 0 1 0 1 0 1 1 1 1 
0 0 1 1 1 1 0 0 0 1 0 1 0 1 0 
1 0 0 0 0 0 1 0 0 0 0 0 0 0 0 
0 1 1 0 0 0 0 1 0 1 0 0 1 0 0 
0 0 0 1 1 0 1 1 0 0 1 1 1 0 0 
1 1 1 0 0 0 0 0 0 0 1 0 1 1 1 
0 1 1 0 1 1 0 0 1 0 0 0 0 0 1 
0 0 0 0 0 0 1 1 1 0 1 1 0 1 0 
Best sequence:
0 1 6 4 7 9 3 5 10 11 12 13 2 8 14 
0 0 1 1 0 1 0 0 0 0 0 0 0 0 0 
0 0 0 0 0 0 0 0 0 0 0 0 0 1 1 
1 0 0 0 1 1 1 1 1 1 0 0 0 0 0 
1 1 0 1 0 0 0 1 0 0 0 0 0 1 0 
0 0 0 0 0 0 0 0 0 0 0 0 1 0 1 
0 0 1 0 0 0 1 0 1 0 0 1 0 0 0 
0 0 0 0 0 0 1 1 0 0 1 0 0 1 0 
1 1 0 0 1 1 0 0 0 1 1 1 0 0 1 
0 0 0 1 0 1 1 1 0 1 0 1 1 0 0 
1 0 1 0 0 0 0 0 0 0 0 0 0 0 0 
0 1 0 0 1 1 0 0 0 0 1 0 1 0 0 
0 0 1 1 1 0 1 0 1 1 1 0 0 0 0 
1 1 0 0 0 0 0 0 1 0 1 1 1 0 1 
0 1 0 1 0 0 0 1 0 0 0 0 1 1 1 
0 0 1 0 1 0 0 0 1 1 0 1 0 1 0 
OpenStacks: 11
Took 0.61 seconds

buffer: Warwick 488: balanced orders, 5 orders per product
numCustomers: 15
numProducts: 15
0 0 0 0 0 0 1 0 0 0 1 1 1 1 0 
0 1 1 1 0 1 0 0 0 1 1 0 0 0 1 
1 1 0 1 1 1 0 1 1 0 0 0 0 0 1 
1 0 0 0 0 1 1 1 0 0 0 0 1 0 1 
0 1 0 0 1 0 0 0 0 0 0 0 0 0 0 
1 1 1 1 0 1 1 1 1 1 0 0 0 0 1 
0 0 0 0 0 0 1 1 1 0 0 0 0 1 0 
1 0 0 0 1 0 0 0 1 0 0 0 0 0 1 
0 0 0 1 0 0 0 0 0 0 0 0 1 0 0 
0 0 0 0 0 0 0 1 0 0 0 0 0 0 0 
0 0 0 0 0 0 0 0 0 0 0 1 1 0 0 
1 0 1 0 0 0 0 0 1 0 0 1 0 0 0 
0 0 0 0 0 0 0 0 0 1 1 1 0 1 0 
0 0 1 0 1 0 0 0 0 1 1 1 0 1 0 
0 1 1 1 1 1 1 0 0 1 1 0 1 1 0 
Best sequence:
0 1 2 3 4 5 8 14 7 6 9 10 13 11 12 
0 0 0 0 0 0 0 0 0 1 0 1 1 1 1 
0 1 1 1 0 1 0 1 0 0 1 1 0 0 0 
1 1 0 1 1 1 1 1 1 0 0 0 0 0 0 
1 0 0 0 0 1 0 1 1 1 0 0 0 0 1 
0 1 0 0 1 0 0 0 0 0 0 0 0 0 0 
1 1 1 1 0 1 1 1 1 1 1 0 0 0 0 
0 0 0 0 0 0 1 0 1 1 0 0 1 0 0 
1 0 0 0 1 0 1 1 0 0 0 0 0 0 0 
0 0 0 1 0 0 0 0 0 0 0 0 0 0 1 
0 0 0 0 0 0 0 0 1 0 0 0 0 0 0 
0 0 0 0 0 0 0 0 0 0 0 0 0 1 1 
1 0 1 0 0 0 1 0 0 0 0 0 0 1 0 
0 0 0 0 0 0 0 0 0 0 1 1 1 1 0 
0 0 1 0 1 0 0 0 0 0 1 1 1 1 0 
0 1 1 1 1 1 0 0 0 1 1 1 1 0 1 
OpenStacks: 10
Took 0.61 seconds

buffer: Warwick 489: balanced orders, 5 orders per product
numCustomers: 15
numProducts: 15
0 0 0 0 0 1 0 0 1 0 0 0 0 0 0 
1 0 1 1 1 0 0 1 0 0 1 0 1 0 0 
1 1 0 0 0 0 1 0 0 0 1 0 1 0 0 
0 0 1 0 0 0 1 1 0 0 0 1 0 1 1 
0 1 0 1 0 0 1 0 0 0 0 0 0 0 0 
1 0 0 0 1 0 0 0 0 1 0 1 1 1 1 
0 0 0 0 0 1 1 1 1 1 1 1 0 0 0 
1 0 0 0 0 1 0 1 0 0 0 0 0 1 1 
0 0 0 0 0 0 0 1 0 0 1 0 0 1 0 
0 1 1 0 0 0 0 0 0 1 1 0 0 1 1 
0 0 1 0 1 1 0 0 0 0 0 0 0 0 0 
0 1 0 0 0 0 0 0 1 1 0 1 1 0 0 
0 0 1 1 1 0 0 0 1 0 0 0 0 0 0 
1 1 0 1 1 0 1 0 1 1 0 0 1 0 0 
0 0 0 1 0 1 0 0 0 0 0 1 0 0 1 
Best sequence:
0 1 6 7 9 10 12 11 13 3 2 4 14 5 8 
0 0 0 0 0 0 0 0 0 0 0 0 0 1 1 
1 0 0 1 0 1 1 0 0 1 1 1 0 0 0 
1 1 1 0 0 1 1 0 0 0 0 0 0 0 0 
0 0 1 1 0 0 0 1 1 0 1 0 1 0 0 
0 1 1 0 0 0 0 0 0 1 0 0 0 0 0 
1 0 0 0 1 0 1 1 1 0 0 1 1 0 0 
0 0 1 1 1 1 0 1 0 0 0 0 0 1 1 
1 0 0 1 0 0 0 0 1 0 0 0 1 1 0 
0 0 0 1 0 1 0 0 1 0 0 0 0 0 0 
0 1 0 0 1 1 0 0 1 0 1 0 1 0 0 
0 0 0 0 0 0 0 0 0 0 1 1 0 1 0 
0 1 0 0 1 0 1 1 0 0 0 0 0 0 1 
0 0 0 0 0 0 0 0 0 1 1 1 0 0 1 
1 1 1 0 1 0 1 0 0 1 0 1 0 0 1 
0 0 0 0 0 0 0 1 0 1 0 0 1 1 0 
OpenStacks: 11
Took 0.6 seconds

buffer: Warwick 490: balanced orders, 5 orders per product
numCustomers: 15
numProducts: 15
0 0 0 0 1 0 0 0 1 1 0 0 1 0 1 
1 1 0 0 1 0 1 0 1 0 0 0 0 0 0 
0 0 0 0 1 1 1 1 0 0 0 0 0 0 0 
1 0 0 0 1 1 0 0 1 0 0 1 0 0 1 
0 0 0 0 0 1 0 1 1 1 0 1 0 1 0 
0 1 0 0 0 0 0 0 0 1 0 0 0 0 1 
0 0 1 0 0 0 0 0 0 0 1 1 0 1 0 
0 0 1 1 0 0 1 1 0 0 1 0 0 0 1 
1 1 1 1 0 0 1 0 0 0 0 0 1 0 0 
0 0 1 1 0 0 0 0 0 1 0 0 0 1 0 
1 1 0 0 0 0 0 0 0 0 1 0 1 1 0 
0 1 0 0 1 0 0 1 1 1 1 1 0 0 0 
1 0 1 1 0 1 0 1 0 0 1 0 0 1 0 
0 0 0 1 0 1 1 0 0 0 0 1 1 0 1 
0 0 0 0 0 0 0 0 0 0 0 0 1 0 0 
Best sequence:
0 2 3 10 11 13 5 6 7 4 1 8 9 14 12 
0 0 0 0 0 0 0 0 0 1 0 1 1 1 1 
1 0 0 0 0 0 0 1 0 1 1 1 0 0 0 
0 0 0 0 0 0 1 1 1 1 0 0 0 0 0 
1 0 0 0 1 0 1 0 0 1 0 1 0 1 0 
0 0 0 0 1 1 1 0 1 0 0 1 1 0 0 
0 0 0 0 0 0 0 0 0 0 1 0 1 1 0 
0 1 0 1 1 1 0 0 0 0 0 0 0 0 0 
0 1 1 1 0 0 0 1 1 0 0 0 0 1 0 
1 1 1 0 0 0 0 1 0 0 1 0 0 0 1 
0 1 1 0 0 1 0 0 0 0 0 0 1 0 0 
1 0 0 1 0 1 0 0 0 0 1 0 0 0 1 
0 0 0 1 1 0 0 0 1 1 1 1 1 0 0 
1 1 1 1 0 1 1 0 1 0 0 0 0 0 0 
0 0 1 0 1 0 1 1 0 0 0 0 0 1 1 
0 0 0 0 0 0 0 0 0 0 0 0 0 0 1 
OpenStacks: 11
Took 0.62 seconds

buffer: Warwick 491: balanced orders, 6 orders per product
numCustomers: 15
numProducts: 15
0 0 1 0 1 0 0 0 0 0 1 0 0 0 1 
0 0 0 0 1 1 1 1 1 0 0 0 0 1 0 
1 0 0 1 1 1 1 0 0 0 1 0 1 1 1 
0 0 0 1 0 0 1 0 1 1 0 1 1 0 1 
1 0 0 0 0 1 0 0 0 0 0 0 0 0 0 
0 1 1 0 1 0 0 0 0 1 0 1 0 1 0 
0 1 0 0 0 1 1 0 0 1 1 1 0 0 0 
0 1 0 0 1 0 0 1 0 1 1 1 0 1 1 
1 0 1 1 0 1 1 0 1 1 0 0 0 1 0 
0 0 1 1 0 0 1 1 0 0 0 0 1 0 1 
1 1 1 0 0 0 0 0 0 0 0 0 0 1 0 
1 1 1 1 0 0 0 1 1 0 1 1 1 0 1 
0 0 0 0 1 0 0 0 1 0 0 0 0 0 0 
1 1 0 1 0 1 0 1 0 0 1 1 1 0 0 
0 0 0 0 0 0 0 1 1 1 0 0 1 0 0 
Best sequence:
0 1 2 5 3 6 10 11 13 4 14 7 8 9 12 
0 0 1 0 0 0 1 0 0 1 1 0 0 0 0 
0 0 0 1 0 1 0 0 1 1 0 1 1 0 0 
1 0 0 1 1 1 1 0 1 1 1 0 0 0 1 
0 0 0 0 1 1 0 1 0 0 1 0 1 1 1 
1 0 0 1 0 0 0 0 0 0 0 0 0 0 0 
0 1 1 0 0 0 0 1 1 1 0 0 0 1 0 
0 1 0 1 0 1 1 1 0 0 0 0 0 1 0 
0 1 0 0 0 0 1 1 1 1 1 1 0 1 0 
1 0 1 1 1 1 0 0 1 0 0 0 1 1 0 
0 0 1 0 1 1 0 0 0 0 1 1 0 0 1 
1 1 1 0 0 0 0 0 1 0 0 0 0 0 0 
1 1 1 0 1 0 1 1 0 0 1 1 1 0 1 
0 0 0 0 0 0 0 0 0 1 0 0 1 0 0 
1 1 0 1 1 0 1 1 0 0 0 1 0 0 1 
0 0 0 0 0 0 0 0 0 0 0 1 1 1 1 
OpenStacks: 12
Took 0.61 seconds

buffer: Warwick 492: balanced orders, 6 orders per product
numCustomers: 15
numProducts: 15
1 1 0 1 0 1 0 1 1 0 1 0 1 1 0 
1 1 0 1 1 0 0 0 1 1 0 1 0 1 1 
0 1 1 1 0 0 1 0 0 0 0 0 0 0 1 
1 0 1 1 0 1 0 0 1 0 0 0 0 0 1 
0 0 1 0 0 0 0 1 0 1 0 0 0 0 1 
1 0 1 0 1 0 0 0 0 0 1 0 1 1 0 
0 0 0 0 0 1 0 1 0 1 1 1 1 1 0 
0 1 1 0 0 0 1 1 0 1 0 1 0 0 1 
0 0 0 1 1 1 1 0 1 1 0 1 1 0 0 
0 1 0 0 0 0 1 1 1 0 1 1 0 0 0 
1 0 1 0 1 1 0 0 0 0 0 0 0 0 1 
0 0 0 1 0 1 0 0 0 0 0 0 0 0 0 
0 0 0 0 1 0 0 1 0 0 1 1 1 1 0 
0 0 0 0 0 0 1 0 0 0 1 0 0 0 0 
1 1 0 0 1 0 1 0 1 1 0 0 1 1 0 
Best sequence:
0 1 3 5 2 8 9 14 4 7 11 12 13 6 10 
1 1 1 1 0 1 0 0 0 1 0 1 1 0 1 
1 1 1 0 0 1 1 1 1 0 1 0 1 0 0 
0 1 1 0 1 0 0 1 0 0 0 0 0 1 0 
1 0 1 1 1 1 0 1 0 0 0 0 0 0 0 
0 0 0 0 1 0 1 1 0 1 0 0 0 0 0 
1 0 0 0 1 0 0 0 1 0 0 1 1 0 1 
0 0 0 1 0 0 1 0 0 1 1 1 1 0 1 
0 1 0 0 1 0 1 1 0 1 1 0 0 1 0 
0 0 1 1 0 1 1 0 1 0 1 1 0 1 0 
0 1 0 0 0 1 0 0 0 1 1 0 0 1 1 
1 0 0 1 1 0 0 1 1 0 0 0 0 0 0 
0 0 1 1 0 0 0 0 0 0 0 0 0 0 0 
0 0 0 0 0 0 0 0 1 1 1 1 1 0 1 
0 0 0 0 0 0 0 0 0 0 0 0 0 1 1 
1 1 0 0 0 1 1 0 1 0 0 1 1 1 0 
OpenStacks: 12
Took 0.61 seconds

buffer: Warwick 493: balanced orders, 6 orders per product
numCustomers: 15
numProducts: 15
1 1 0 0 0 1 1 1 1 1 0 0 0 0 1 
0 0 0 1 0 1 0 1 0 1 1 1 1 0 0 
0 1 1 1 0 0 1 1 0 0 0 1 1 0 0 
0 1 0 0 0 1 0 0 0 0 0 1 0 0 1 
0 0 1 1 1 0 1 1 0 0 0 0 0 0 1 
1 0 0 0 1 0 1 0 0 0 0 0 0 1 0 
0 0 1 0 0 1 0 0 0 0 1 0 1 1 0 
1 0 1 0 0 1 0 0 0 1 0 0 1 1 0 
0 0 0 0 0 1 0 0 1 1 1 0 1 0 0 
1 1 1 1 1 0 1 1 0 0 1 0 0 1 0 
0 1 0 1 0 0 1 1 1 1 1 1 1 0 1 
0 0 0 0 1 0 0 0 1 1 0 1 0 1 1 
1 1 0 1 0 0 0 0 0 0 1 0 0 1 0 
0 0 0 0 1 0 0 0 1 0 0 1 0 0 1 
1 0 1 0 1 0 0 0 1 0 0 0 0 0 0 
Best sequence:
0 1 2 4 6 13 3 7 11 14 5 8 9 10 12 
1 1 0 0 1 0 0 1 0 1 1 1 1 0 0 
0 0 0 0 0 0 1 1 1 0 1 0 1 1 1 
0 1 1 0 1 0 1 1 1 0 0 0 0 0 1 
0 1 0 0 0 0 0 0 1 1 1 0 0 0 0 
0 0 1 1 1 0 1 1 0 1 0 0 0 0 0 
1 0 0 1 1 1 0 0 0 0 0 0 0 0 0 
0 0 1 0 0 1 0 0 0 0 1 0 0 1 1 
1 0 1 0 0 1 0 0 0 0 1 0 1 0 1 
0 0 0 0 0 0 0 0 0 0 1 1 1 1 1 
1 1 1 1 1 1 1 1 0 0 0 0 0 1 0 
0 1 0 0 1 0 1 1 1 1 0 1 1 1 1 
0 0 0 1 0 1 0 0 1 1 0 1 1 0 0 
1 1 0 0 0 1 1 0 0 0 0 0 0 1 0 
0 0 0 1 0 0 0 0 1 1 0 1 0 0 0 
1 0 1 1 0 0 0 0 0 0 0 1 0 0 0 
OpenStacks: 13
Took 0.61 seconds

buffer: Warwick 494: balanced orders, 6 orders per product
numCustomers: 15
numProducts: 15
1 1 1 1 0 0 1 0 1 0 0 0 0 1 1 
0 1 0 0 1 1 0 1 0 0 1 1 0 1 0 
1 0 0 0 1 1 1 0 1 0 0 1 1 0 0 
1 0 0 0 0 1 1 1 0 1 1 1 0 0 1 
1 1 0 0 0 1 1 0 1 1 0 0 1 0 0 
0 0 1 1 1 0 1 0 0 1 0 0 1 1 0 
0 0 1 0 1 0 0 1 0 0 0 0 1 1 1 
0 0 1 1 0 0 0 0 0 1 0 1 0 1 0 
1 1 1 1 0 1 0 0 0 0 1 0 0 0 1 
0 1 0 0 1 0 0 0 1 1 0 0 1 0 0 
0 0 1 0 1 0 0 1 1 0 0 0 0 0 0 
1 0 0 0 0 0 0 1 1 0 0 0 1 1 0 
0 0 0 0 0 0 0 1 0 0 1 1 0 0 1 
0 0 0 1 0 1 0 0 0 1 1 1 0 0 0 
0 1 0 1 0 0 1 0 0 0 1 0 0 0 1 
Best sequence:
0 1 3 5 6 9 10 11 12 13 14 2 4 7 8 
1 1 1 0 1 0 0 0 0 1 1 1 0 0 1 
0 1 0 1 0 0 1 1 0 1 0 0 1 1 0 
1 0 0 1 1 0 0 1 1 0 0 0 1 0 1 
1 0 0 1 1 1 1 1 0 0 1 0 0 1 0 
1 1 0 1 1 1 0 0 1 0 0 0 0 0 1 
0 0 1 0 1 1 0 0 1 1 0 1 1 0 0 
0 0 0 0 0 0 0 0 1 1 1 1 1 1 0 
0 0 1 0 0 1 0 1 0 1 0 1 0 0 0 
1 1 1 1 0 0 1 0 0 0 1 1 0 0 0 
0 1 0 0 0 1 0 0 1 0 0 0 1 0 1 
0 0 0 0 0 0 0 0 0 0 0 1 1 1 1 
1 0 0 0 0 0 0 0 1 1 0 0 0 1 1 
0 0 0 0 0 0 1 1 0 0 1 0 0 1 0 
0 0 1 1 0 1 1 1 0 0 0 0 0 0 0 
0 1 1 0 1 0 1 0 0 0 1 0 0 0 0 
OpenStacks: 13
Took 0.61 seconds

buffer: Warwick 495: balanced orders, 6 orders per product
numCustomers: 15
numProducts: 15
0 0 0 0 0 0 0 1 1 0 0 0 0 0 0 
1 0 1 1 0 0 1 0 0 0 0 0 0 1 0 
1 1 0 0 0 0 0 1 1 1 1 0 0 0 1 
0 1 0 0 1 1 1 0 1 0 0 0 0 1 0 
0 1 0 0 0 1 0 0 1 0 0 1 0 0 1 
0 1 0 1 1 1 1 0 0 0 1 1 1 0 0 
0 0 1 1 1 0 0 1 1 1 0 0 0 0 0 
0 1 1 1 1 1 0 1 1 1 1 1 1 0 1 
0 0 0 0 0 1 0 0 0 1 0 0 0 1 0 
1 0 1 1 0 0 1 0 0 1 1 0 1 0 0 
0 1 1 0 1 0 1 1 0 0 1 1 1 1 1 
1 0 1 0 1 1 0 0 0 0 0 1 0 1 1 
1 0 0 0 0 0 1 0 0 0 1 1 1 0 1 
0 0 0 0 0 0 0 0 0 0 0 0 1 0 0 
1 0 0 1 0 0 0 1 0 1 0 0 0 1 0 
Best sequence:
0 1 6 10 11 12 2 3 4 14 5 9 13 7 8 
0 0 0 0 0 0 0 0 0 0 0 0 0 1 1 
1 0 1 0 0 0 1 1 0 0 0 0 1 0 0 
1 1 0 1 0 0 0 0 0 1 0 1 0 1 1 
0 1 1 0 0 0 0 0 1 0 1 0 1 0 1 
0 1 0 0 1 0 0 0 0 1 1 0 0 0 1 
0 1 1 1 1 1 0 1 1 0 1 0 0 0 0 
0 0 0 0 0 0 1 1 1 0 0 1 0 1 1 
0 1 0 1 1 1 1 1 1 1 1 1 0 1 1 
0 0 0 0 0 0 0 0 0 0 1 1 1 0 0 
1 0 1 1 0 1 1 1 0 0 0 1 0 0 0 
0 1 1 1 1 1 1 0 1 1 0 0 1 1 0 
1 0 0 0 1 0 1 0 1 1 1 0 1 0 0 
1 0 1 1 1 1 0 0 0 1 0 0 0 0 0 
0 0 0 0 0 1 0 0 0 0 0 0 0 0 0 
1 0 0 0 0 0 0 1 0 0 0 1 1 1 0 
OpenStacks: 12
Took 0.6 seconds

buffer: Warwick 496: balanced orders, 6 orders per product
numCustomers: 15
numProducts: 15
0 0 0 0 1 1 1 0 0 1 0 0 1 1 0 
1 0 0 0 0 0 0 1 0 1 0 0 0 0 0 
0 1 1 1 0 1 0 0 0 0 1 0 0 0 1 
0 0 1 1 0 0 1 0 1 0 1 1 0 0 0 
1 0 1 1 0 0 0 0 1 1 1 0 0 1 0 
1 0 0 0 1 0 1 0 0 0 1 0 1 1 1 
0 1 0 1 0 0 0 1 0 0 0 0 0 1 0 
0 0 0 0 0 0 0 1 0 0 0 1 0 1 0 
0 0 1 0 1 0 1 0 1 0 0 1 1 0 0 
0 0 1 1 1 1 0 1 0 1 0 0 0 0 1 
0 1 0 0 1 0 1 0 1 0 0 0 0 0 1 
1 0 0 0 0 1 0 1 1 0 1 1 1 0 1 
1 1 0 0 0 1 0 1 0 0 0 1 1 0 0 
0 1 0 0 0 0 1 0 0 1 0 0 0 1 0 
1 1 1 1 1 1 0 0 1 1 1 1 1 0 1 
Best sequence:
0 1 5 7 9 3 10 13 2 4 6 8 11 12 14 
0 0 1 0 1 0 0 1 0 1 1 0 0 1 0 
1 0 0 1 1 0 0 0 0 0 0 0 0 0 0 
0 1 1 0 0 1 1 0 1 0 0 0 0 0 1 
0 0 0 0 0 1 1 0 1 0 1 1 1 0 0 
1 0 0 0 1 1 1 1 1 0 0 1 0 0 0 
1 0 0 0 0 0 1 1 0 1 1 0 0 1 1 
0 1 0 1 0 1 0 1 0 0 0 0 0 0 0 
0 0 0 1 0 0 0 1 0 0 0 0 1 0 0 
0 0 0 0 0 0 0 0 1 1 1 1 1 1 0 
0 0 1 1 1 1 0 0 1 1 0 0 0 0 1 
0 1 0 0 0 0 0 0 0 1 1 1 0 0 1 
1 0 1 1 0 0 1 0 0 0 0 1 1 1 1 
1 1 1 1 0 0 0 0 0 0 0 0 1 1 0 
0 1 0 0 1 0 0 1 0 0 1 0 0 0 0 
1 1 1 0 1 1 1 0 1 1 0 1 1 1 1 
OpenStacks: 13
Took 0.62 seconds

buffer: Warwick 497: balanced orders, 6 orders per product
numCustomers: 15
numProducts: 15
1 1 0 1 1 0 1 1 0 1 1 0 0 1 1 
0 0 1 0 1 0 0 1 0 0 0 0 1 0 1 
0 0 0 1 1 0 0 0 1 1 1 0 1 0 0 
1 0 0 1 0 0 1 0 0 0 1 0 1 0 0 
0 0 0 0 0 0 0 0 0 0 0 1 0 1 0 
0 1 0 0 0 1 1 0 0 0 1 0 0 0 1 
0 0 0 0 1 1 0 1 0 0 0 1 1 1 1 
1 1 1 0 1 1 0 0 0 0 0 0 0 0 0 
0 0 0 0 0 1 0 0 1 1 0 1 0 0 0 
1 1 1 1 0 1 0 1 1 1 0 0 0 1 0 
0 0 0 1 0 0 0 0 1 0 0 1 0 1 0 
0 0 1 0 0 0 1 1 1 1 1 0 1 0 1 
0 0 1 1 1 0 1 0 1 0 0 1 1 1 1 
1 1 0 0 0 0 0 1 0 1 1 0 0 0 0 
1 1 1 0 0 1 1 0 0 0 0 1 0 0 0 
Best sequence:
0 1 2 4 6 7 10 12 14 3 5 8 9 11 13 
1 1 0 1 1 1 1 0 1 1 0 0 1 0 1 
0 0 1 1 0 1 0 1 1 0 0 0 0 0 0 
0 0 0 1 0 0 1 1 0 1 0 1 1 0 0 
1 0 0 0 1 0 1 1 0 1 0 0 0 0 0 
0 0 0 0 0 0 0 0 0 0 0 0 0 1 1 
0 1 0 0 1 0 1 0 1 0 1 0 0 0 0 
0 0 0 1 0 1 0 1 1 0 1 0 0 1 1 
1 1 1 1 0 0 0 0 0 0 1 0 0 0 0 
0 0 0 0 0 0 0 0 0 0 1 1 1 1 0 
1 1 1 0 0 1 0 0 0 1 1 1 1 0 1 
0 0 0 0 0 0 0 0 0 1 0 1 0 1 1 
0 0 1 0 1 1 1 1 1 0 0 1 1 0 0 
0 0 1 1 1 0 0 1 1 1 0 1 0 1 1 
1 1 0 0 0 1 1 0 0 0 0 0 1 0 0 
1 1 1 0 1 0 0 0 0 0 1 0 0 1 0 
OpenStacks: 12
Took 0.61 seconds

buffer: Warwick 498: balanced orders, 6 orders per product
numCustomers: 15
numProducts: 15
0 0 0 0 1 0 0 0 0 1 0 1 0 1 1 
0 1 0 0 0 0 0 1 1 0 0 0 1 1 0 
1 0 0 0 0 0 1 0 1 0 0 1 0 0 0 
1 0 0 1 1 0 0 0 0 0 1 0 0 0 0 
0 0 1 0 0 0 1 0 0 0 1 1 1 0 1 
0 0 0 0 0 0 0 1 0 1 0 0 0 0 0 
1 0 1 0 1 1 1 1 0 1 0 0 0 1 0 
0 0 1 0 1 1 1 0 0 0 0 0 0 0 1 
0 1 0 0 1 0 1 0 0 1 0 0 1 1 0 
0 0 1 1 0 0 0 1 0 0 0 1 0 0 1 
1 1 1 1 0 1 0 0 1 0 1 0 1 0 0 
1 1 0 1 0 1 0 0 0 1 0 0 1 1 0 
0 1 0 1 0 1 0 1 1 0 1 1 0 0 1 
0 0 1 1 1 0 1 1 1 1 1 1 1 0 1 
1 1 0 0 0 1 0 0 1 0 1 0 0 1 0 
Best sequence:
0 1 2 3 5 6 8 10 12 4 11 13 14 7 9 
0 0 0 0 0 0 0 0 0 1 1 1 1 0 1 
0 1 0 0 0 0 1 0 1 0 0 1 0 1 0 
1 0 0 0 0 1 1 0 0 0 1 0 0 0 0 
1 0 0 1 0 0 0 1 0 1 0 0 0 0 0 
0 0 1 0 0 1 0 1 1 0 1 0 1 0 0 
0 0 0 0 0 0 0 0 0 0 0 0 0 1 1 
1 0 1 0 1 1 0 0 0 1 0 1 0 1 1 
0 0 1 0 1 1 0 0 0 1 0 0 1 0 0 
0 1 0 0 0 1 0 0 1 1 0 1 0 0 1 
0 0 1 1 0 0 0 0 0 0 1 0 1 1 0 
1 1 1 1 1 0 1 1 1 0 0 0 0 0 0 
1 1 0 1 1 0 0 0 1 0 0 1 0 0 1 
0 1 0 1 1 0 1 1 0 0 1 0 1 1 0 
0 0 1 1 0 1 1 1 1 1 1 0 1 1 1 
1 1 0 0 1 0 1 1 0 0 0 1 0 0 0 
OpenStacks: 13
Took 0.6 seconds

buffer: Warwick 499: balanced orders, 6 orders per product
numCustomers: 15
numProducts: 15
0 1 1 0 0 1 1 0 0 0 1 0 0 1 0 
0 0 0 1 0 1 0 0 0 0 0 0 0 0 0 
1 0 0 1 1 0 0 1 0 1 0 0 0 0 1 
0 0 1 0 0 1 0 0 1 1 0 0 1 1 1 
1 0 0 1 1 1 1 1 1 1 0 0 0 0 0 
0 1 0 1 0 0 0 0 0 0 0 1 1 0 0 
1 0 1 0 1 0 1 0 0 0 0 1 1 1 1 
1 0 1 0 1 1 0 0 1 0 1 0 0 0 0 
1 1 1 0 0 0 0 0 1 1 1 1 0 0 1 
0 0 0 1 0 0 0 1 0 1 0 0 0 0 0 
0 0 0 1 1 1 1 1 1 0 0 0 0 1 0 
0 1 0 0 0 0 1 1 0 0 0 1 0 1 0 
1 1 1 0 0 0 1 0 0 0 1 0 1 0 1 
0 0 0 0 0 0 0 1 0 0 1 1 1 1 0 
0 1 0 0 1 0 0 0 1 1 1 1 1 0 1 
Best sequence:
0 1 2 4 6 8 10 11 12 13 14 5 3 7 9 
0 1 1 0 1 0 1 0 0 1 0 1 0 0 0 
0 0 0 0 0 0 0 0 0 0 0 1 1 0 0 
1 0 0 1 0 0 0 0 0 0 1 0 1 1 1 
0 0 1 0 0 1 0 0 1 1 1 1 0 0 1 
1 0 0 1 1 1 0 0 0 0 0 1 1 1 1 
0 1 0 0 0 0 0 1 1 0 0 0 1 0 0 
1 0 1 1 1 0 0 1 1 1 1 0 0 0 0 
1 0 1 1 0 1 1 0 0 0 0 1 0 0 0 
1 1 1 0 0 1 1 1 0 0 1 0 0 0 1 
0 0 0 0 0 0 0 0 0 0 0 0 1 1 1 
0 0 0 1 1 1 0 0 0 1 0 1 1 1 0 
0 1 0 0 1 0 0 1 0 1 0 0 0 1 0 
1 1 1 0 1 0 1 0 1 0 1 0 0 0 0 
0 0 0 0 0 0 1 1 1 1 0 0 0 1 0 
0 1 0 1 0 1 1 1 1 0 1 0 0 0 1 
OpenStacks: 13
Took 0.62 seconds

buffer: Warwick 500: balanced orders, 6 orders per product
numCustomers: 15
numProducts: 15
0 0 1 0 1 0 1 1 0 0 0 0 1 0 0 
0 1 1 0 0 0 1 1 1 0 0 0 0 1 1 
0 1 1 0 1 0 0 0 1 1 1 1 1 1 0 
1 0 1 0 0 1 0 0 0 1 1 0 0 1 1 
0 0 0 0 1 0 0 0 0 0 1 0 0 0 0 
0 0 1 1 0 1 0 1 0 0 1 0 1 1 0 
1 1 0 0 0 0 0 1 1 0 0 0 0 0 1 
0 0 0 0 0 1 0 0 0 0 0 0 0 1 0 
1 0 0 1 1 0 0 1 1 0 0 1 0 0 1 
0 0 0 1 0 0 1 0 1 1 1 1 1 1 0 
1 1 0 0 0 1 1 1 0 0 0 0 0 0 1 
1 1 0 1 1 0 1 0 0 1 0 1 0 0 0 
1 1 0 0 1 1 1 0 0 1 0 1 1 0 0 
0 0 0 1 0 0 0 0 1 0 1 0 1 0 1 
0 0 1 1 0 1 0 0 0 1 0 1 0 0 0 
Best sequence:
0 1 6 7 8 12 14 4 10 2 3 9 11 5 13 
0 0 1 1 0 1 0 1 0 1 0 0 0 0 0 
0 1 1 1 1 0 1 0 0 1 0 0 0 0 1 
0 1 0 0 1 1 0 1 1 1 0 1 1 0 1 
1 0 0 0 0 0 1 0 1 1 0 1 0 1 1 
0 0 0 0 0 0 0 1 1 0 0 0 0 0 0 
0 0 0 1 0 1 0 0 1 1 1 0 0 1 1 
1 1 0 1 1 0 1 0 0 0 0 0 0 0 0 
0 0 0 0 0 0 0 0 0 0 0 0 0 1 1 
1 0 0 1 1 0 1 1 0 0 1 0 1 0 0 
0 0 1 0 1 1 0 0 1 0 1 1 1 0 1 
1 1 1 1 0 0 1 0 0 0 0 0 0 1 0 
1 1 1 0 0 0 0 1 0 0 1 1 1 0 0 
1 1 1 0 0 1 0 1 0 0 0 1 1 1 0 
0 0 0 0 1 1 1 0 1 0 1 0 0 0 0 
0 0 0 0 0 0 0 0 0 1 1 1 1 1 0 
OpenStacks: 12
Took 0.6 seconds

buffer: Warwick 501: balanced orders, 7 orders per product
numCustomers: 15
numProducts: 15
1 1 0 0 0 0 0 1 1 0 1 1 0 0 0 
1 1 1 1 1 0 0 1 0 1 0 1 0 1 0 
0 0 0 0 0 1 0 0 1 0 1 0 1 1 1 
0 0 1 1 0 0 1 0 1 1 0 1 0 1 0 
0 1 0 0 1 0 0 0 0 0 0 0 0 1 1 
1 0 0 1 1 0 1 1 0 0 0 1 1 0 0 
0 0 1 1 1 0 1 1 1 1 1 0 1 0 1 
1 0 0 0 0 1 0 0 1 1 1 0 0 1 0 
0 1 1 1 0 1 1 1 1 0 0 0 1 0 0 
0 1 1 1 1 1 1 0 0 1 0 1 1 0 1 
0 1 1 0 0 0 0 0 0 0 0 1 0 0 1 
1 0 0 0 1 1 1 0 1 0 1 1 1 0 1 
0 1 1 0 0 1 1 0 0 1 0 0 0 1 0 
1 0 0 0 0 1 0 1 0 1 1 0 1 0 0 
1 0 0 1 1 0 0 1 0 0 1 0 0 1 1 
Best sequence:
0 3 5 6 7 8 9 10 12 4 13 1 2 11 14 
1 0 0 0 1 1 0 1 0 0 0 1 0 1 0 
1 1 0 0 1 0 1 0 0 1 1 1 1 1 0 
0 0 1 0 0 1 0 1 1 0 1 0 0 0 1 
0 1 0 1 0 1 1 0 0 0 1 0 1 1 0 
0 0 0 0 0 0 0 0 0 1 1 1 0 0 1 
1 1 0 1 1 0 0 0 1 1 0 0 0 1 0 
0 1 0 1 1 1 1 1 1 1 0 0 1 0 1 
1 0 1 0 0 1 1 1 0 0 1 0 0 0 0 
0 1 1 1 1 1 0 0 1 0 0 1 1 0 0 
0 1 1 1 0 0 1 0 1 1 0 1 1 1 1 
0 0 0 0 0 0 0 0 0 0 0 1 1 1 1 
1 0 1 1 0 1 0 1 1 1 0 0 0 1 1 
0 0 1 1 0 0 1 0 0 0 1 1 1 0 0 
1 0 1 0 1 0 1 1 1 0 0 0 0 0 0 
1 1 0 0 1 0 0 1 0 1 1 0 0 0 1 
OpenStacks: 13
Took 0.61 seconds

buffer: Warwick 502: balanced orders, 7 orders per product
numCustomers: 15
numProducts: 15
0 0 0 1 0 1 0 0 1 1 0 1 0 1 0 
0 0 0 1 1 0 0 0 1 0 0 0 1 0 1 
0 1 0 0 0 1 1 1 1 1 0 0 0 0 0 
0 1 1 0 1 0 1 1 0 0 1 1 1 0 1 
0 0 1 0 0 0 0 1 1 0 0 1 0 0 0 
1 0 1 0 1 0 1 0 1 0 0 0 0 1 1 
1 0 1 0 0 0 1 1 0 0 0 1 0 1 1 
1 1 1 1 0 1 0 0 0 1 1 1 0 0 0 
1 0 1 0 0 1 0 1 0 0 0 0 1 0 0 
0 1 0 1 0 1 0 0 1 0 1 0 1 1 1 
1 0 1 0 1 0 1 1 0 1 1 0 1 0 0 
1 0 0 1 1 1 0 0 0 1 1 1 1 0 0 
0 1 0 1 1 0 1 0 0 0 1 1 1 1 1 
1 1 0 1 1 1 1 1 0 1 1 0 0 1 0 
0 1 0 0 0 0 0 0 1 1 0 0 0 1 1 
Best sequence:
0 2 3 4 5 6 7 10 11 12 1 8 9 13 14 
0 0 1 0 1 0 0 0 1 0 0 1 1 1 0 
0 0 1 1 0 0 0 0 0 1 0 1 0 0 1 
0 0 0 0 1 1 1 0 0 0 1 1 1 0 0 
0 1 0 1 0 1 1 1 1 1 1 0 0 0 1 
0 1 0 0 0 0 1 0 1 0 0 1 0 0 0 
1 1 0 1 0 1 0 0 0 0 0 1 0 1 1 
1 1 0 0 0 1 1 0 1 0 0 0 0 1 1 
1 1 1 0 1 0 0 1 1 0 1 0 1 0 0 
1 1 0 0 1 0 1 0 0 1 0 0 0 0 0 
0 0 1 0 1 0 0 1 0 1 1 1 0 1 1 
1 1 0 1 0 1 1 1 0 1 0 0 1 0 0 
1 0 1 1 1 0 0 1 1 1 0 0 1 0 0 
0 0 1 1 0 1 0 1 1 1 1 0 0 1 1 
1 0 1 1 1 1 1 1 0 0 1 0 1 1 0 
0 0 0 0 0 0 0 0 0 0 1 1 1 1 1 
OpenStacks: 14
Took 0.61 seconds

buffer: Warwick 503: balanced orders, 7 orders per product
numCustomers: 15
numProducts: 15
0 1 0 0 0 0 0 0 1 0 0 1 0 0 1 
0 1 1 1 0 1 1 0 0 0 1 0 0 1 1 
0 0 1 1 1 0 1 0 1 1 0 0 1 1 0 
0 0 1 0 0 0 0 1 1 0 0 0 1 1 0 
1 1 1 1 0 1 1 1 0 1 1 0 0 0 1 
1 1 1 0 0 0 0 1 1 0 1 0 0 0 1 
0 0 1 0 1 1 0 1 1 0 0 0 1 1 0 
0 0 0 0 1 1 1 0 0 0 1 1 1 1 1 
1 1 0 1 1 0 1 0 0 1 1 0 1 1 0 
1 0 0 1 0 1 1 0 1 0 1 1 1 0 0 
0 0 0 1 0 0 1 1 0 1 0 1 0 0 1 
1 0 0 0 1 0 0 1 0 0 0 1 0 1 0 
0 1 0 0 0 1 0 0 0 1 0 0 0 0 0 
1 1 1 0 1 1 0 1 1 1 1 1 0 0 1 
1 0 0 1 1 0 0 0 0 1 0 1 1 0 0 
Best sequence:
0 1 3 4 5 6 9 2 7 8 10 11 12 13 14 
0 1 0 0 0 0 0 0 0 1 0 1 0 0 1 
0 1 1 0 1 1 0 1 0 0 1 0 0 1 1 
0 0 1 1 0 1 1 1 0 1 0 0 1 1 0 
0 0 0 0 0 0 0 1 1 1 0 0 1 1 0 
1 1 1 0 1 1 1 1 1 0 1 0 0 0 1 
1 1 0 0 0 0 0 1 1 1 1 0 0 0 1 
0 0 0 1 1 0 0 1 1 1 0 0 1 1 0 
0 0 0 1 1 1 0 0 0 0 1 1 1 1 1 
1 1 1 1 0 1 1 0 0 0 1 0 1 1 0 
1 0 1 0 1 1 0 0 0 1 1 1 1 0 0 
0 0 1 0 0 1 1 0 1 0 0 1 0 0 1 
1 0 0 1 0 0 0 0 1 0 0 1 0 1 0 
0 1 0 0 1 0 1 0 0 0 0 0 0 0 0 
1 1 0 1 1 0 1 1 1 1 1 1 0 0 1 
1 0 1 1 0 0 1 0 0 0 0 1 1 0 0 
OpenStacks: 14
Took 0.61 seconds

buffer: Warwick 504: balanced orders, 7 orders per product
numCustomers: 15
numProducts: 15
0 0 1 0 1 0 1 0 1 1 1 0 0 0 0 
0 1 1 1 0 0 0 1 0 1 0 1 1 1 0 
0 0 0 1 1 1 0 0 1 0 0 0 1 0 1 
1 0 1 0 1 0 1 1 1 0 1 1 0 1 0 
0 0 1 0 0 0 0 1 1 1 0 0 0 0 0 
1 0 0 0 0 1 0 1 0 1 0 0 0 1 0 
0 1 1 1 0 0 0 1 0 0 0 1 0 1 1 
1 1 0 0 0 0 0 1 0 0 1 1 1 0 1 
1 0 0 1 1 0 1 0 0 1 0 0 1 0 1 
0 0 0 1 0 1 1 0 0 0 1 1 1 0 0 
1 1 0 0 1 1 0 0 1 1 1 0 1 1 0 
0 1 0 0 1 1 0 1 1 0 1 0 0 1 1 
1 0 1 1 0 1 1 0 0 0 0 0 1 0 1 
0 1 1 0 0 1 1 0 1 0 0 1 0 1 0 
1 1 0 1 1 0 1 0 0 1 1 1 0 0 1 
Best sequence:
0 1 2 4 7 8 9 3 5 6 10 11 12 13 14 
0 0 1 1 0 1 1 0 0 1 1 0 0 0 0 
0 1 1 0 1 0 1 1 0 0 0 1 1 1 0 
0 0 0 1 0 1 0 1 1 0 0 0 1 0 1 
1 0 1 1 1 1 0 0 0 1 1 1 0 1 0 
0 0 1 0 1 1 1 0 0 0 0 0 0 0 0 
1 0 0 0 1 0 1 0 1 0 0 0 0 1 0 
0 1 1 0 1 0 0 1 0 0 0 1 0 1 1 
1 1 0 0 1 0 0 0 0 0 1 1 1 0 1 
1 0 0 1 0 0 1 1 0 1 0 0 1 0 1 
0 0 0 0 0 0 0 1 1 1 1 1 1 0 0 
1 1 0 1 0 1 1 0 1 0 1 0 1 1 0 
0 1 0 1 1 1 0 0 1 0 1 0 0 1 1 
1 0 1 0 0 0 0 1 1 1 0 0 1 0 1 
0 1 1 0 0 1 0 0 1 1 0 1 0 1 0 
1 1 0 1 0 0 1 1 0 1 1 1 0 0 1 
OpenStacks: 14
Took 0.61 seconds

buffer: Warwick 505: balanced orders, 7 orders per product
numCustomers: 15
numProducts: 15
0 1 1 1 1 0 0 1 1 1 0 1 0 0 1 
0 0 1 0 0 1 1 1 0 0 1 1 0 1 0 
0 1 0 1 0 0 0 0 1 1 0 1 0 0 0 
1 1 0 1 0 1 0 1 0 0 0 0 0 1 0 
1 1 0 0 0 1 1 0 0 0 0 0 1 0 1 
1 0 1 0 1 0 0 0 1 0 1 0 1 1 1 
0 0 0 0 1 1 0 0 1 1 1 1 1 1 1 
0 1 1 0 1 0 1 0 1 1 1 0 1 0 0 
0 0 0 0 0 1 1 1 0 0 0 1 1 1 0 
1 0 0 1 0 1 1 0 0 0 1 0 1 1 0 
0 0 1 0 1 0 1 0 0 1 0 1 0 0 0 
1 1 1 1 0 0 0 1 0 0 1 1 0 0 1 
1 1 0 1 1 0 0 0 1 0 1 0 1 0 1 
0 0 1 0 0 0 0 1 0 1 0 0 0 0 0 
1 0 0 1 1 1 1 1 1 1 0 0 0 1 1 
Best sequence:
0 1 3 4 5 6 8 10 11 12 13 14 2 7 9 
0 1 1 1 0 0 1 0 1 0 0 1 1 1 1 
0 0 0 0 1 1 0 1 1 0 1 0 1 1 0 
0 1 1 0 0 0 1 0 1 0 0 0 0 0 1 
1 1 1 0 1 0 0 0 0 0 1 0 0 1 0 
1 1 0 0 1 1 0 0 0 1 0 1 0 0 0 
1 0 0 1 0 0 1 1 0 1 1 1 1 0 0 
0 0 0 1 1 0 1 1 1 1 1 1 0 0 1 
0 1 0 1 0 1 1 1 0 1 0 0 1 0 1 
0 0 0 0 1 1 0 0 1 1 1 0 0 1 0 
1 0 1 0 1 1 0 1 0 1 1 0 0 0 0 
0 0 0 1 0 1 0 0 1 0 0 0 1 0 1 
1 1 1 0 0 0 0 1 1 0 0 1 1 1 0 
1 1 1 1 0 0 1 1 0 1 0 1 0 0 0 
0 0 0 0 0 0 0 0 0 0 0 0 1 1 1 
1 0 1 1 1 1 1 0 0 0 1 1 0 1 1 
OpenStacks: 14
Took 0.6 seconds

buffer: Warwick 506: balanced orders, 7 orders per product
numCustomers: 15
numProducts: 15
1 1 1 0 0 0 0 0 1 1 1 0 1 1 0 
0 1 0 1 0 0 0 1 0 0 1 1 0 1 1 
1 0 1 0 0 0 1 1 1 0 1 0 0 0 1 
0 1 1 0 1 1 0 0 0 0 0 1 0 1 0 
1 1 0 1 0 1 0 0 0 1 1 0 1 0 1 
0 1 1 0 0 1 1 0 0 1 1 0 0 1 0 
1 0 0 1 1 1 1 0 0 0 0 1 0 0 0 
1 1 0 0 0 0 1 1 0 1 0 1 1 1 1 
0 0 1 0 1 1 1 0 1 1 1 0 0 1 0 
0 0 0 0 0 1 1 0 0 1 0 0 1 0 1 
0 0 1 1 1 0 0 1 1 0 0 0 0 0 1 
1 0 0 1 1 0 1 1 0 0 0 0 1 0 0 
0 1 0 1 1 0 0 0 1 1 1 1 0 0 0 
1 0 1 0 0 1 0 1 1 0 0 1 1 1 1 
0 0 0 1 1 0 0 1 1 0 0 1 1 0 0 
Best sequence:
0 1 2 5 6 9 10 13 3 4 7 8 11 12 14 
1 1 1 0 0 1 1 1 0 0 0 1 0 1 0 
0 1 0 0 0 0 1 1 1 0 1 0 1 0 1 
1 0 1 0 1 0 1 0 0 0 1 1 0 0 1 
0 1 1 1 0 0 0 1 0 1 0 0 1 0 0 
1 1 0 1 0 1 1 0 1 0 0 0 0 1 1 
0 1 1 1 1 1 1 1 0 0 0 0 0 0 0 
1 0 0 1 1 0 0 0 1 1 0 0 1 0 0 
1 1 0 0 1 1 0 1 0 0 1 0 1 1 1 
0 0 1 1 1 1 1 1 0 1 0 1 0 0 0 
0 0 0 1 1 1 0 0 0 0 0 0 0 1 1 
0 0 1 0 0 0 0 0 1 1 1 1 0 0 1 
1 0 0 0 1 0 0 0 1 1 1 0 0 1 0 
0 1 0 0 0 1 1 0 1 1 0 1 1 0 0 
1 0 1 1 0 0 0 1 0 0 1 1 1 1 1 
0 0 0 0 0 0 0 0 1 1 1 1 1 1 0 
OpenStacks: 14
Took 0.61 seconds

buffer: Warwick 507: balanced orders, 7 orders per product
numCustomers: 15
numProducts: 15
1 1 1 1 0 0 0 0 1 1 0 0 0 0 1 
0 0 0 0 0 0 0 1 0 0 1 0 0 0 0 
1 0 0 1 0 1 1 1 0 0 1 1 1 1 1 
0 0 1 1 0 0 1 0 0 1 0 1 0 1 1 
0 1 0 1 1 0 1 1 1 0 1 0 0 1 1 
1 0 1 0 1 0 0 0 1 0 0 1 1 0 0 
0 0 0 1 1 1 0 0 1 1 0 0 1 1 0 
0 1 1 0 0 1 1 0 1 0 0 0 1 0 1 
1 1 0 1 0 1 1 1 1 1 0 1 1 0 1 
0 0 0 1 1 0 0 1 0 1 1 0 1 1 0 
1 0 0 0 0 1 1 1 1 1 1 1 0 1 0 
1 1 1 0 0 0 0 0 0 0 0 1 0 0 0 
1 1 0 0 1 1 0 0 0 0 0 1 1 0 1 
0 0 1 0 1 0 0 0 0 1 1 0 0 0 0 
0 1 1 0 1 1 1 1 0 0 1 0 0 1 0 
Best sequence:
0 1 2 5 6 8 11 3 4 9 12 13 14 7 10 
1 1 1 0 0 1 0 1 0 1 0 0 1 0 0 
0 0 0 0 0 0 0 0 0 0 0 0 0 1 1 
1 0 0 1 1 0 1 1 0 0 1 1 1 1 1 
0 0 1 0 1 0 1 1 0 1 0 1 1 0 0 
0 1 0 0 1 1 0 1 1 0 0 1 1 1 1 
1 0 1 0 0 1 1 0 1 0 1 0 0 0 0 
0 0 0 1 0 1 0 1 1 1 1 1 0 0 0 
0 1 1 1 1 1 0 0 0 0 1 0 1 0 0 
1 1 0 1 1 1 1 1 0 1 1 0 1 1 0 
0 0 0 0 0 0 0 1 1 1 1 1 0 1 1 
1 0 0 1 1 1 1 0 0 1 0 1 0 1 1 
1 1 1 0 0 0 1 0 0 0 0 0 0 0 0 
1 1 0 1 0 0 1 0 1 0 1 0 1 0 0 
0 0 1 0 0 0 0 0 1 1 0 0 0 0 1 
0 1 1 1 1 0 0 0 1 0 0 1 0 1 1 
OpenStacks: 13
Took 0.61 seconds

buffer: Warwick 508: balanced orders, 7 orders per product
numCustomers: 15
numProducts: 15
1 1 1 1 0 1 1 1 0 0 0 0 1 0 1 
1 0 1 0 0 1 1 1 1 1 0 0 0 1 1 
0 0 1 1 0 0 0 1 0 0 1 0 0 1 0 
0 0 0 1 1 1 0 0 0 1 1 1 1 0 1 
1 1 0 0 0 1 0 0 0 1 0 0 1 1 0 
0 1 0 1 0 0 0 0 1 1 1 1 0 0 0 
0 1 0 1 0 0 1 1 1 0 1 0 0 0 0 
0 0 0 0 0 1 1 0 0 0 0 1 1 0 1 
0 0 1 1 1 0 1 0 0 1 1 0 1 1 1 
1 1 0 0 1 0 0 1 1 1 0 0 0 1 1 
1 0 1 0 1 1 0 0 1 0 1 1 1 1 0 
1 1 1 0 0 0 1 0 1 0 1 1 0 0 0 
0 1 0 1 1 0 0 1 0 1 0 1 0 1 0 
0 0 0 0 1 1 0 1 1 0 0 0 1 0 0 
1 0 1 0 1 0 1 0 0 0 0 1 0 0 1 
Best sequence:
0 1 2 3 4 7 8 9 10 13 5 6 11 12 14 
1 1 1 1 0 1 0 0 0 0 1 1 0 1 1 
1 0 1 0 0 1 1 1 0 1 1 1 0 0 1 
0 0 1 1 0 1 0 0 1 1 0 0 0 0 0 
0 0 0 1 1 0 0 1 1 0 1 0 1 1 1 
1 1 0 0 0 0 0 1 0 1 1 0 0 1 0 
0 1 0 1 0 0 1 1 1 0 0 0 1 0 0 
0 1 0 1 0 1 1 0 1 0 0 1 0 0 0 
0 0 0 0 0 0 0 0 0 0 1 1 1 1 1 
0 0 1 1 1 0 0 1 1 1 0 1 0 1 1 
1 1 0 0 1 1 1 1 0 1 0 0 0 0 1 
1 0 1 0 1 0 1 0 1 1 1 0 1 1 0 
1 1 1 0 0 0 1 0 1 0 0 1 1 0 0 
0 1 0 1 1 1 0 1 0 1 0 0 1 0 0 
0 0 0 0 1 1 1 0 0 0 1 0 0 1 0 
1 0 1 0 1 0 0 0 0 0 0 1 1 0 1 
OpenStacks: 14
Took 0.61 seconds

buffer: Warwick 509: balanced orders, 7 orders per product
numCustomers: 15
numProducts: 15
1 1 1 0 0 1 0 1 0 1 1 1 1 0 1 
0 0 1 1 1 0 0 1 0 0 1 0 0 1 1 
1 0 1 1 1 0 1 0 0 0 1 1 1 0 1 
0 1 1 1 0 0 0 1 0 1 0 0 1 0 1 
0 0 0 0 1 1 1 1 1 0 1 1 0 1 0 
0 0 0 0 0 0 1 0 1 1 1 0 0 1 0 
0 1 0 0 1 0 0 1 0 1 0 1 0 1 0 
1 1 0 0 0 0 0 0 0 1 0 1 1 0 1 
1 0 0 0 1 1 1 0 0 1 0 0 1 1 0 
0 0 1 1 0 0 0 0 0 1 1 1 0 0 0 
1 1 1 0 0 1 0 1 1 0 0 1 0 0 0 
0 0 0 1 1 1 1 1 1 0 1 0 0 0 1 
1 1 0 1 0 0 0 0 1 0 0 0 0 1 1 
1 0 1 1 0 1 1 0 1 0 0 0 1 0 0 
0 1 0 0 1 1 1 0 1 0 0 0 1 1 0 
Best sequence:
0 1 4 5 6 7 8 12 13 2 3 9 10 11 14 
1 1 0 1 0 1 0 1 0 1 0 1 1 1 1 
0 0 1 0 0 1 0 0 1 1 1 0 1 0 1 
1 0 1 0 1 0 0 1 0 1 1 0 1 1 1 
0 1 0 0 0 1 0 1 0 1 1 1 0 0 1 
0 0 1 1 1 1 1 0 1 0 0 0 1 1 0 
0 0 0 0 1 0 1 0 1 0 0 1 1 0 0 
0 1 1 0 0 1 0 0 1 0 0 1 0 1 0 
1 1 0 0 0 0 0 1 0 0 0 1 0 1 1 
1 0 1 1 1 0 0 1 1 0 0 1 0 0 0 
0 0 0 0 0 0 0 0 0 1 1 1 1 1 0 
1 1 0 1 0 1 1 0 0 1 0 0 0 1 0 
0 0 1 1 1 1 1 0 0 0 1 0 1 0 1 
1 1 0 0 0 0 1 0 1 0 1 0 0 0 1 
1 0 0 1 1 0 1 1 0 1 1 0 0 0 0 
0 1 1 1 1 0 1 1 1 0 0 0 0 0 0 
OpenStacks: 14
Took 0.61 seconds

buffer: Warwick 510: balanced orders, 7 orders per product
numCustomers: 15
numProducts: 15
0 1 0 0 1 1 1 0 0 1 0 0 0 1 0 
1 0 1 1 0 1 0 0 0 1 0 0 1 0 1 
1 0 0 1 0 1 0 1 0 0 0 1 0 0 0 
1 0 0 1 0 0 1 1 1 0 0 1 1 1 0 
0 1 0 0 0 0 1 1 0 1 0 0 1 0 1 
1 1 0 1 0 1 1 0 0 0 1 0 1 1 0 
0 1 1 1 0 1 0 0 1 0 0 1 1 0 1 
1 1 1 0 1 0 1 1 1 0 0 1 0 0 0 
0 0 0 1 0 0 1 0 1 1 1 1 1 0 0 
1 0 1 0 1 1 1 0 0 1 0 1 0 1 0 
0 0 0 0 1 0 0 0 1 1 1 0 0 1 1 
0 1 1 1 1 0 0 0 1 0 1 1 0 0 1 
0 0 0 0 0 0 0 1 0 0 1 0 1 0 1 
0 0 1 0 1 0 0 1 0 1 1 0 0 1 0 
1 1 1 0 1 1 0 1 1 0 1 0 0 1 1 
Best sequence:
0 1 2 3 4 5 6 8 9 11 13 7 10 12 14 
0 1 0 0 1 1 1 0 1 0 1 0 0 0 0 
1 0 1 1 0 1 0 0 1 0 0 0 0 1 1 
1 0 0 1 0 1 0 0 0 1 0 1 0 0 0 
1 0 0 1 0 0 1 1 0 1 1 1 0 1 0 
0 1 0 0 0 0 1 0 1 0 0 1 0 1 1 
1 1 0 1 0 1 1 0 0 0 1 0 1 1 0 
0 1 1 1 0 1 0 1 0 1 0 0 0 1 1 
1 1 1 0 1 0 1 1 0 1 0 1 0 0 0 
0 0 0 1 0 0 1 1 1 1 0 0 1 1 0 
1 0 1 0 1 1 1 0 1 1 1 0 0 0 0 
0 0 0 0 1 0 0 1 1 0 1 0 1 0 1 
0 1 1 1 1 0 0 1 0 1 0 0 1 0 1 
0 0 0 0 0 0 0 0 0 0 0 1 1 1 1 
0 0 1 0 1 0 0 0 1 0 1 1 1 0 0 
1 1 1 0 1 1 0 1 0 0 1 1 1 0 1 
OpenStacks: 14
Took 0.61 seconds

Solved: 60 instances
totalTime: 37.59 seconds
minTime: 0.6 seconds
maxTime: 1.66 seconds
Average: 0.6265 seconds
