Solving by Brute Force...
buffer: Warwick 871: balanced orders, 4 orders per product
numCustomers: 20
numProducts: 10
0 1 0 1 0 1 1 0 1 0 
0 0 0 0 0 0 1 0 0 0 
0 1 1 1 0 0 0 1 0 0 
1 0 0 0 0 0 0 0 0 1 
0 0 0 0 0 1 1 0 0 0 
0 0 0 0 1 0 0 0 0 0 
0 0 1 0 0 0 0 0 0 0 
0 0 0 0 0 1 0 1 1 1 
1 0 0 0 1 0 0 0 0 0 
0 1 0 1 0 0 0 0 1 0 
1 0 0 0 1 0 0 0 0 1 
0 1 0 0 0 0 0 0 0 0 
0 0 0 0 0 0 1 0 0 0 
0 0 0 0 0 0 0 1 0 0 
0 0 0 1 0 0 0 0 0 0 
0 0 1 0 0 0 0 0 0 0 
1 0 0 0 0 0 0 0 0 0 
0 0 1 0 1 1 0 0 0 1 
0 0 0 0 0 0 0 1 0 0 
0 0 0 0 0 0 0 0 1 0 
Best Sequence: 
9 4 0 6 5 2 1 3 7 8 
0 0 0 1 1 0 1 1 0 1 
0 0 0 1 0 0 0 0 0 0 
0 0 0 0 0 1 1 1 1 0 
1 0 1 0 0 0 0 0 0 0 
0 0 0 1 1 0 0 0 0 0 
0 1 0 0 0 0 0 0 0 0 
0 0 0 0 0 1 0 0 0 0 
1 0 0 0 1 0 0 0 1 1 
0 1 1 0 0 0 0 0 0 0 
0 0 0 0 0 0 1 1 0 1 
1 1 1 0 0 0 0 0 0 0 
0 0 0 0 0 0 1 0 0 0 
0 0 0 1 0 0 0 0 0 0 
0 0 0 0 0 0 0 0 1 0 
0 0 0 0 0 0 0 1 0 0 
0 0 0 0 0 1 0 0 0 0 
0 0 1 0 0 0 0 0 0 0 
1 1 0 0 1 1 0 0 0 0 
0 0 0 0 0 0 0 0 1 0 
0 0 0 0 0 0 0 0 0 1 
OpenStacks: 6
Took 39.62 seconds

buffer: Warwick 872: balanced orders, 4 orders per product
numCustomers: 20
numProducts: 10
1 1 0 1 0 1 0 0 0 0 
0 0 0 1 0 0 1 1 0 0 
0 0 0 0 0 0 1 0 0 0 
0 1 1 0 0 0 0 0 0 0 
0 0 1 0 0 0 0 0 0 0 
0 0 0 0 1 0 0 0 0 0 
1 0 0 0 0 0 0 1 0 0 
0 0 0 0 0 0 0 0 0 1 
0 0 0 1 0 1 0 0 0 0 
0 0 0 0 0 1 1 0 1 0 
0 1 0 0 0 0 0 0 1 1 
1 0 1 0 0 0 0 0 1 0 
0 0 0 0 0 0 1 0 0 0 
0 0 0 1 1 0 0 0 0 0 
0 0 0 0 0 0 0 0 0 1 
0 0 0 0 0 0 0 1 1 0 
0 0 0 0 0 0 0 1 0 1 
0 0 0 0 1 0 0 0 0 0 
0 1 1 0 0 0 0 0 0 0 
1 0 0 0 1 1 0 0 0 0 
Best Sequence: 
9 8 7 6 0 5 3 1 2 4 
0 0 0 0 1 1 1 1 0 0 
0 0 1 1 0 0 1 0 0 0 
0 0 0 1 0 0 0 0 0 0 
0 0 0 0 0 0 0 1 1 0 
0 0 0 0 0 0 0 0 1 0 
0 0 0 0 0 0 0 0 0 1 
0 0 1 0 1 0 0 0 0 0 
1 0 0 0 0 0 0 0 0 0 
0 0 0 0 0 1 1 0 0 0 
0 1 0 1 0 1 0 0 0 0 
1 1 0 0 0 0 0 1 0 0 
0 1 0 0 1 0 0 0 1 0 
0 0 0 1 0 0 0 0 0 0 
0 0 0 0 0 0 1 0 0 1 
1 0 0 0 0 0 0 0 0 0 
0 1 1 0 0 0 0 0 0 0 
1 0 1 0 0 0 0 0 0 0 
0 0 0 0 0 0 0 0 0 1 
0 0 0 0 0 0 0 1 1 0 
0 0 0 0 1 1 0 0 0 1 
OpenStacks: 7
Took 39.76 seconds

buffer: Warwick 873: balanced orders, 4 orders per product
numCustomers: 20
numProducts: 10
0 0 0 0 0 0 1 0 0 0 
0 1 0 1 0 0 1 0 0 0 
0 0 0 0 0 0 0 0 0 1 
0 0 0 0 0 0 0 1 0 0 
0 0 0 0 0 0 1 0 0 0 
0 0 0 0 0 0 0 1 1 0 
0 0 0 0 0 0 0 0 0 1 
1 1 1 0 1 0 0 0 0 0 
1 0 0 0 0 0 0 0 0 0 
0 0 0 0 0 0 0 0 1 0 
0 0 0 0 0 1 0 1 1 0 
1 0 0 0 0 1 0 0 1 0 
0 1 1 1 0 0 0 0 0 1 
0 0 1 0 1 0 0 0 0 0 
0 0 0 0 1 0 0 0 0 0 
0 0 0 1 0 0 0 0 0 0 
1 0 0 0 0 1 1 0 0 0 
0 1 0 0 0 0 0 1 0 1 
0 0 1 1 0 0 0 0 0 0 
0 0 0 0 1 1 0 0 0 0 
Best Sequence: 
9 6 3 1 2 4 0 5 7 8 
0 1 0 0 0 0 0 0 0 0 
0 1 1 1 0 0 0 0 0 0 
1 0 0 0 0 0 0 0 0 0 
0 0 0 0 0 0 0 0 1 0 
0 1 0 0 0 0 0 0 0 0 
0 0 0 0 0 0 0 0 1 1 
1 0 0 0 0 0 0 0 0 0 
0 0 0 1 1 1 1 0 0 0 
0 0 0 0 0 0 1 0 0 0 
0 0 0 0 0 0 0 0 0 1 
0 0 0 0 0 0 0 1 1 1 
0 0 0 0 0 0 1 1 0 1 
1 0 1 1 1 0 0 0 0 0 
0 0 0 0 1 1 0 0 0 0 
0 0 0 0 0 1 0 0 0 0 
0 0 1 0 0 0 0 0 0 0 
0 1 0 0 0 0 1 1 0 0 
1 0 0 1 0 0 0 0 1 0 
0 0 1 0 1 0 0 0 0 0 
0 0 0 0 0 1 0 1 0 0 
OpenStacks: 6
Took 39.56 seconds

buffer: Warwick 874: balanced orders, 4 orders per product
numCustomers: 20
numProducts: 10
0 0 0 0 0 0 0 1 0 0 
0 1 0 0 0 0 0 0 0 0 
0 0 1 0 0 0 0 1 0 0 
0 0 0 0 0 0 0 1 0 0 
0 0 0 0 0 1 0 0 1 1 
1 1 1 0 1 0 0 0 0 0 
0 0 0 0 0 0 1 0 0 0 
0 1 1 0 0 0 0 0 1 1 
1 1 0 1 0 0 0 0 1 0 
0 0 0 0 1 0 0 0 0 0 
0 0 0 1 0 1 0 0 0 0 
0 0 0 0 0 0 1 0 0 0 
0 0 0 0 1 0 0 0 0 0 
0 0 0 0 1 0 1 1 0 0 
0 0 0 0 0 1 0 0 0 0 
1 0 1 0 0 0 0 0 0 0 
0 0 0 0 0 0 0 0 0 1 
1 0 0 1 0 1 0 0 0 0 
0 0 0 1 0 0 1 0 1 0 
0 0 0 0 0 0 0 0 0 1 
Best Sequence: 
9 5 8 3 1 0 2 6 4 7 
0 0 0 0 0 0 0 0 0 1 
0 0 0 0 1 0 0 0 0 0 
0 0 0 0 0 0 1 0 0 1 
0 0 0 0 0 0 0 0 0 1 
1 1 1 0 0 0 0 0 0 0 
0 0 0 0 1 1 1 0 1 0 
0 0 0 0 0 0 0 1 0 0 
1 0 1 0 1 0 1 0 0 0 
0 0 1 1 1 1 0 0 0 0 
0 0 0 0 0 0 0 0 1 0 
0 1 0 1 0 0 0 0 0 0 
0 0 0 0 0 0 0 1 0 0 
0 0 0 0 0 0 0 0 1 0 
0 0 0 0 0 0 0 1 1 1 
0 1 0 0 0 0 0 0 0 0 
0 0 0 0 0 1 1 0 0 0 
1 0 0 0 0 0 0 0 0 0 
0 1 0 1 0 1 0 0 0 0 
0 0 1 1 0 0 0 1 0 0 
1 0 0 0 0 0 0 0 0 0 
OpenStacks: 6
Took 38.98 seconds

buffer: Warwick 875: balanced orders, 4 orders per product
numCustomers: 20
numProducts: 10
0 0 0 0 0 0 0 0 1 1 
0 1 0 1 0 1 0 0 0 1 
0 0 1 0 1 0 0 0 0 1 
0 1 0 0 0 0 0 0 0 0 
0 0 0 0 0 0 0 0 1 0 
1 0 1 0 0 0 0 0 0 0 
0 1 0 0 0 0 0 0 0 0 
0 0 0 0 0 0 0 1 1 0 
1 0 0 0 0 1 1 0 0 0 
0 0 0 0 1 1 0 1 0 0 
0 0 1 1 0 0 0 0 0 0 
1 0 0 0 0 0 0 0 0 0 
0 1 0 0 0 1 1 0 0 0 
0 0 0 0 1 0 0 0 0 1 
0 0 0 1 0 0 1 1 0 0 
0 0 0 1 0 0 0 0 0 0 
0 0 1 0 0 0 1 0 1 0 
0 0 0 0 0 0 0 1 0 0 
0 0 0 0 1 0 0 0 0 0 
1 0 0 0 0 0 0 0 0 0 
Best Sequence: 
9 8 4 7 3 2 5 6 0 1 
1 1 0 0 0 0 0 0 0 0 
1 0 0 0 1 0 1 0 0 1 
1 0 1 0 0 1 0 0 0 0 
0 0 0 0 0 0 0 0 0 1 
0 1 0 0 0 0 0 0 0 0 
0 0 0 0 0 1 0 0 1 0 
0 0 0 0 0 0 0 0 0 1 
0 1 0 1 0 0 0 0 0 0 
0 0 0 0 0 0 1 1 1 0 
0 0 1 1 0 0 1 0 0 0 
0 0 0 0 1 1 0 0 0 0 
0 0 0 0 0 0 0 0 1 0 
0 0 0 0 0 0 1 1 0 1 
1 0 1 0 0 0 0 0 0 0 
0 0 0 1 1 0 0 1 0 0 
0 0 0 0 1 0 0 0 0 0 
0 1 0 0 0 1 0 1 0 0 
0 0 0 1 0 0 0 0 0 0 
0 0 1 0 0 0 0 0 0 0 
0 0 0 0 0 0 0 0 1 0 
OpenStacks: 7
Took 40.39 seconds

buffer: Warwick 876: balanced orders, 4 orders per product
numCustomers: 20
numProducts: 10
0 1 0 0 0 0 0 0 0 0 
0 1 0 0 0 0 0 1 0 0 
0 0 1 1 0 0 0 1 1 1 
0 0 0 0 1 1 0 0 0 0 
1 0 0 0 0 0 1 0 0 0 
0 0 0 0 0 0 0 1 0 0 
0 0 0 0 0 0 1 0 0 0 
0 0 1 1 0 0 0 0 0 0 
0 0 1 0 0 1 1 0 0 0 
0 0 0 1 0 0 0 0 0 0 
0 1 0 0 0 0 0 0 0 0 
0 1 0 0 0 0 0 0 0 1 
1 0 0 1 0 0 0 0 0 0 
0 0 0 0 1 0 0 0 0 0 
0 0 0 0 0 1 0 0 1 0 
1 0 0 0 1 0 1 0 0 0 
0 0 0 0 0 0 0 1 0 0 
1 0 0 0 0 1 0 0 1 1 
0 0 0 0 1 0 0 0 1 1 
0 0 1 0 0 0 0 0 0 0 
Best Sequence: 
1 9 7 4 8 5 0 6 2 3 
1 0 0 0 0 0 0 0 0 0 
1 0 1 0 0 0 0 0 0 0 
0 1 1 0 1 0 0 0 1 1 
0 0 0 1 0 1 0 0 0 0 
0 0 0 0 0 0 1 1 0 0 
0 0 1 0 0 0 0 0 0 0 
0 0 0 0 0 0 0 1 0 0 
0 0 0 0 0 0 0 0 1 1 
0 0 0 0 0 1 0 1 1 0 
0 0 0 0 0 0 0 0 0 1 
1 0 0 0 0 0 0 0 0 0 
1 1 0 0 0 0 0 0 0 0 
0 0 0 0 0 0 1 0 0 1 
0 0 0 1 0 0 0 0 0 0 
0 0 0 0 1 1 0 0 0 0 
0 0 0 1 0 0 1 1 0 0 
0 0 1 0 0 0 0 0 0 0 
0 1 0 0 1 1 1 0 0 0 
0 1 0 1 1 0 0 0 0 0 
0 0 0 0 0 0 0 0 1 0 
OpenStacks: 6
Took 39.56 seconds

buffer: Warwick 877: balanced orders, 4 orders per product
numCustomers: 20
numProducts: 10
0 0 0 0 0 0 0 1 0 0 
0 0 0 0 0 0 1 0 0 0 
0 1 1 0 0 0 0 0 1 0 
0 0 1 0 0 1 0 0 0 1 
0 1 0 0 1 0 1 1 0 0 
0 0 0 0 0 0 1 0 0 0 
0 0 0 0 0 1 0 0 0 0 
0 0 1 0 0 0 0 0 1 0 
0 0 0 0 0 0 0 1 0 0 
0 0 0 1 0 0 0 0 1 0 
0 1 0 0 0 0 0 0 0 0 
1 0 0 0 0 0 0 0 0 0 
0 0 0 0 0 1 0 0 0 1 
1 0 0 0 1 0 0 0 0 0 
0 0 1 1 1 0 0 0 0 0 
1 1 0 1 0 0 0 0 0 0 
0 0 0 1 0 1 1 0 0 1 
0 0 0 0 0 0 0 1 0 0 
0 0 0 0 1 0 0 0 0 1 
1 0 0 0 0 0 0 0 1 0 
Best Sequence: 
9 5 4 0 1 2 3 6 7 8 
0 0 0 0 0 0 0 0 1 0 
0 0 0 0 0 0 0 1 0 0 
0 0 0 0 1 1 0 0 0 1 
1 1 0 0 0 1 0 0 0 0 
0 0 1 0 1 0 0 1 1 0 
0 0 0 0 0 0 0 1 0 0 
0 1 0 0 0 0 0 0 0 0 
0 0 0 0 0 1 0 0 0 1 
0 0 0 0 0 0 0 0 1 0 
0 0 0 0 0 0 1 0 0 1 
0 0 0 0 1 0 0 0 0 0 
0 0 0 1 0 0 0 0 0 0 
1 1 0 0 0 0 0 0 0 0 
0 0 1 1 0 0 0 0 0 0 
0 0 1 0 0 1 1 0 0 0 
0 0 0 1 1 0 1 0 0 0 
1 1 0 0 0 0 1 1 0 0 
0 0 0 0 0 0 0 0 1 0 
1 0 1 0 0 0 0 0 0 0 
0 0 0 1 0 0 0 0 0 1 
OpenStacks: 8
Took 40.12 seconds

buffer: Warwick 878: balanced orders, 4 orders per product
numCustomers: 20
numProducts: 10
1 0 0 0 0 0 1 0 0 0 
0 0 1 0 0 0 0 1 1 0 
0 0 0 1 1 1 0 0 0 0 
0 0 0 0 0 0 1 0 1 0 
0 1 0 1 0 1 0 0 0 1 
0 1 0 0 0 0 0 0 1 0 
0 0 0 0 0 0 1 0 0 0 
0 0 1 0 1 0 0 0 1 0 
0 0 0 0 1 0 0 0 0 0 
0 0 0 0 0 1 0 0 0 0 
0 0 1 1 0 0 0 0 0 0 
1 0 0 0 0 0 0 1 0 0 
0 0 0 1 0 0 0 0 0 0 
1 0 0 0 0 0 0 0 0 1 
0 0 0 0 0 0 0 1 0 0 
0 0 1 0 0 0 0 0 0 0 
0 0 0 0 1 0 1 0 0 1 
0 1 0 0 0 1 0 1 0 1 
0 1 0 0 0 0 0 0 0 0 
1 0 0 0 0 0 0 0 0 0 
Best Sequence: 
9 0 7 6 8 1 2 4 3 5 
0 1 0 1 0 0 0 0 0 0 
0 0 1 0 1 0 1 0 0 0 
0 0 0 0 0 0 0 1 1 1 
0 0 0 1 1 0 0 0 0 0 
1 0 0 0 0 1 0 0 1 1 
0 0 0 0 1 1 0 0 0 0 
0 0 0 1 0 0 0 0 0 0 
0 0 0 0 1 0 1 1 0 0 
0 0 0 0 0 0 0 1 0 0 
0 0 0 0 0 0 0 0 0 1 
0 0 0 0 0 0 1 0 1 0 
0 1 1 0 0 0 0 0 0 0 
0 0 0 0 0 0 0 0 1 0 
1 1 0 0 0 0 0 0 0 0 
0 0 1 0 0 0 0 0 0 0 
0 0 0 0 0 0 1 0 0 0 
1 0 0 1 0 0 0 1 0 0 
1 0 1 0 0 1 0 0 0 1 
0 0 0 0 0 1 0 0 0 0 
0 1 0 0 0 0 0 0 0 0 
OpenStacks: 7
Took 39.75 seconds

buffer: Warwick 879: balanced orders, 4 orders per product
numCustomers: 20
numProducts: 10
0 0 0 0 0 1 0 0 0 0 
0 0 0 0 0 0 0 1 1 1 
1 0 1 0 0 0 0 0 0 0 
0 0 1 0 1 0 0 0 0 0 
0 0 0 1 0 0 0 0 0 1 
0 0 0 0 0 1 0 1 0 0 
0 0 0 0 1 0 0 0 0 0 
0 1 0 0 0 0 1 0 0 0 
0 0 0 0 0 0 0 1 1 0 
0 0 1 0 0 0 0 0 0 0 
1 0 0 1 0 0 1 0 0 0 
1 1 0 0 0 0 0 0 1 0 
0 0 0 0 0 0 0 1 0 0 
0 0 0 0 0 0 1 0 1 0 
0 0 0 1 0 0 0 0 0 1 
1 0 1 0 1 1 0 0 0 0 
0 1 0 0 0 1 0 0 0 0 
0 0 0 0 0 0 1 0 0 0 
0 1 0 0 0 0 0 0 0 1 
0 0 0 1 1 0 0 0 0 0 
Best Sequence: 
9 4 3 0 2 1 5 6 7 8 
0 0 0 0 0 0 1 0 0 0 
1 0 0 0 0 0 0 0 1 1 
0 0 0 1 1 0 0 0 0 0 
0 1 0 0 1 0 0 0 0 0 
1 0 1 0 0 0 0 0 0 0 
0 0 0 0 0 0 1 0 1 0 
0 1 0 0 0 0 0 0 0 0 
0 0 0 0 0 1 0 1 0 0 
0 0 0 0 0 0 0 0 1 1 
0 0 0 0 1 0 0 0 0 0 
0 0 1 1 0 0 0 1 0 0 
0 0 0 1 0 1 0 0 0 1 
0 0 0 0 0 0 0 0 1 0 
0 0 0 0 0 0 0 1 0 1 
1 0 1 0 0 0 0 0 0 0 
0 1 0 1 1 0 1 0 0 0 
0 0 0 0 0 1 1 0 0 0 
0 0 0 0 0 0 0 1 0 0 
1 0 0 0 0 1 0 0 0 0 
0 1 1 0 0 0 0 0 0 0 
OpenStacks: 8
Took 40.65 seconds

buffer: Warwick 880: balanced orders, 4 orders per product
numCustomers: 20
numProducts: 10
0 0 1 0 0 0 0 0 0 0 
1 0 0 0 0 0 1 1 0 0 
1 0 0 0 0 0 0 0 1 0 
0 0 0 0 1 0 0 0 0 0 
0 0 1 0 0 1 0 0 0 0 
0 0 1 1 0 0 1 0 0 0 
0 0 0 0 0 1 0 0 0 0 
0 1 0 0 0 0 0 1 0 0 
0 0 0 0 0 1 0 0 0 0 
0 0 1 1 0 0 1 0 0 0 
1 1 0 1 0 0 0 0 1 1 
0 0 0 0 0 0 0 0 1 0 
1 0 0 0 1 1 0 0 0 0 
0 1 0 0 0 0 1 0 0 1 
0 0 0 1 1 0 0 1 0 0 
0 1 0 0 0 0 0 0 0 0 
0 0 0 0 0 0 0 0 0 1 
0 0 0 0 1 0 0 0 0 1 
0 0 0 0 0 0 0 1 0 0 
0 0 0 0 0 0 0 0 1 0 
Best Sequence: 
9 7 1 4 6 3 2 0 5 8 
0 0 0 0 0 0 1 0 0 0 
0 1 0 0 1 0 0 1 0 0 
0 0 0 0 0 0 0 1 0 1 
0 0 0 1 0 0 0 0 0 0 
0 0 0 0 0 0 1 0 1 0 
0 0 0 0 1 1 1 0 0 0 
0 0 0 0 0 0 0 0 1 0 
0 1 1 0 0 0 0 0 0 0 
0 0 0 0 0 0 0 0 1 0 
0 0 0 0 1 1 1 0 0 0 
1 0 1 0 0 1 0 1 0 1 
0 0 0 0 0 0 0 0 0 1 
0 0 0 1 0 0 0 1 1 0 
1 0 1 0 1 0 0 0 0 0 
0 1 0 1 0 1 0 0 0 0 
0 0 1 0 0 0 0 0 0 0 
1 0 0 0 0 0 0 0 0 0 
1 0 0 1 0 0 0 0 0 0 
0 1 0 0 0 0 0 0 0 0 
0 0 0 0 0 0 0 0 0 1 
OpenStacks: 7
Took 39.41 seconds

buffer: Warwick 881: balanced orders, 5 orders per product
numCustomers: 20
numProducts: 10
1 0 0 0 0 0 0 0 0 0 
0 1 0 0 0 0 0 0 0 0 
0 0 0 0 0 0 1 0 0 0 
0 0 0 1 0 0 1 0 0 0 
0 0 0 0 0 1 0 0 0 1 
0 0 1 0 1 0 0 0 0 0 
0 0 0 0 0 1 0 0 0 1 
0 0 1 0 0 1 0 1 1 0 
0 0 0 0 1 0 0 1 1 1 
0 1 0 1 0 0 1 0 0 0 
0 0 0 1 0 0 0 0 0 0 
0 0 0 0 0 0 1 1 0 0 
1 0 0 0 0 0 0 1 0 0 
0 0 0 0 1 1 0 0 1 0 
1 1 1 0 0 1 1 0 1 0 
1 1 0 0 0 0 0 0 0 1 
0 1 0 0 0 0 0 0 1 0 
1 0 1 1 1 0 0 0 0 0 
0 0 0 0 1 0 0 0 0 1 
0 0 1 1 0 0 0 1 0 0 
Best Sequence: 
9 8 5 4 2 1 0 3 6 7 
0 0 0 0 0 0 1 0 0 0 
0 0 0 0 0 1 0 0 0 0 
0 0 0 0 0 0 0 0 1 0 
0 0 0 0 0 0 0 1 1 0 
1 0 1 0 0 0 0 0 0 0 
0 0 0 1 1 0 0 0 0 0 
1 0 1 0 0 0 0 0 0 0 
0 1 1 0 1 0 0 0 0 1 
1 1 0 1 0 0 0 0 0 1 
0 0 0 0 0 1 0 1 1 0 
0 0 0 0 0 0 0 1 0 0 
0 0 0 0 0 0 0 0 1 1 
0 0 0 0 0 0 1 0 0 1 
0 1 1 1 0 0 0 0 0 0 
0 1 1 0 1 1 1 0 1 0 
1 0 0 0 0 1 1 0 0 0 
0 1 0 0 0 1 0 0 0 0 
0 0 0 1 1 0 1 1 0 0 
1 0 0 1 0 0 0 0 0 0 
0 0 0 0 1 0 0 1 0 1 
OpenStacks: 9
Took 40.25 seconds

buffer: Warwick 882: balanced orders, 5 orders per product
numCustomers: 20
numProducts: 10
1 0 0 1 1 0 0 0 0 0 
1 0 1 0 0 0 0 1 1 0 
0 1 0 0 0 0 0 0 1 0 
0 0 1 0 0 0 1 1 1 0 
0 0 0 0 1 1 0 0 0 0 
1 0 1 0 0 1 0 0 0 0 
0 0 0 1 0 1 1 0 0 0 
0 0 0 1 1 0 0 0 0 0 
0 0 0 1 0 0 0 1 0 0 
0 1 0 0 0 0 0 0 0 0 
0 1 0 1 0 0 0 0 0 1 
0 0 0 0 0 0 1 0 0 0 
0 0 1 0 0 0 0 0 0 1 
0 1 0 0 0 0 0 0 0 1 
0 0 0 0 0 0 0 1 0 0 
0 0 1 0 0 0 0 0 1 0 
1 1 0 0 0 1 0 1 1 1 
0 0 0 0 1 0 1 0 0 0 
1 0 0 0 0 0 0 0 0 1 
0 0 0 0 1 1 1 0 0 0 
Best Sequence: 
9 1 8 2 7 0 3 5 4 6 
0 0 0 0 0 1 1 0 1 0 
0 0 1 1 1 1 0 0 0 0 
0 1 1 0 0 0 0 0 0 0 
0 0 1 1 1 0 0 0 0 1 
0 0 0 0 0 0 0 1 1 0 
0 0 0 1 0 1 0 1 0 0 
0 0 0 0 0 0 1 1 0 1 
0 0 0 0 0 0 1 0 1 0 
0 0 0 0 1 0 1 0 0 0 
0 1 0 0 0 0 0 0 0 0 
1 1 0 0 0 0 1 0 0 0 
0 0 0 0 0 0 0 0 0 1 
1 0 0 1 0 0 0 0 0 0 
1 1 0 0 0 0 0 0 0 0 
0 0 0 0 1 0 0 0 0 0 
0 0 1 1 0 0 0 0 0 0 
1 1 1 0 1 1 0 1 0 0 
0 0 0 0 0 0 0 0 1 1 
1 0 0 0 0 1 0 0 0 0 
0 0 0 0 0 0 0 1 1 1 
OpenStacks: 8
Took 39.78 seconds

buffer: Warwick 883: balanced orders, 5 orders per product
numCustomers: 20
numProducts: 10
0 1 1 0 0 0 0 0 0 0 
1 0 0 0 0 0 0 0 0 0 
0 0 1 1 0 0 0 1 0 0 
0 0 0 0 0 0 1 0 0 1 
1 0 1 1 0 0 0 1 0 0 
0 1 0 0 0 1 0 0 0 0 
0 0 0 0 1 0 1 0 0 0 
0 0 1 1 0 0 0 0 1 0 
0 1 0 0 0 1 0 0 0 1 
1 0 0 1 0 0 0 0 1 0 
0 0 0 0 1 0 0 0 0 0 
0 0 0 0 0 1 0 0 0 1 
0 0 0 1 1 1 0 0 1 1 
1 0 0 0 0 1 0 0 0 0 
0 0 0 0 0 0 1 1 0 0 
0 0 0 0 1 0 0 0 0 0 
0 1 0 0 0 0 0 0 1 0 
1 1 1 0 0 0 0 1 0 0 
0 0 0 0 0 0 1 0 0 0 
0 0 0 0 1 0 1 1 1 1 
Best Sequence: 
9 6 5 4 1 7 2 3 0 8 
0 0 0 0 1 0 1 0 0 0 
0 0 0 0 0 0 0 0 1 0 
0 0 0 0 0 1 1 1 0 0 
1 1 0 0 0 0 0 0 0 0 
0 0 0 0 0 1 1 1 1 0 
0 0 1 0 1 0 0 0 0 0 
0 1 0 1 0 0 0 0 0 0 
0 0 0 0 0 0 1 1 0 1 
1 0 1 0 1 0 0 0 0 0 
0 0 0 0 0 0 0 1 1 1 
0 0 0 1 0 0 0 0 0 0 
1 0 1 0 0 0 0 0 0 0 
1 0 1 1 0 0 0 1 0 1 
0 0 1 0 0 0 0 0 1 0 
0 1 0 0 0 1 0 0 0 0 
0 0 0 1 0 0 0 0 0 0 
0 0 0 0 1 0 0 0 0 1 
0 0 0 0 1 1 1 0 1 0 
0 1 0 0 0 0 0 0 0 0 
1 1 0 1 0 1 0 0 0 1 
OpenStacks: 9
Took 40.47 seconds

buffer: Warwick 884: balanced orders, 5 orders per product
numCustomers: 20
numProducts: 10
1 0 0 0 1 1 0 0 0 1 
0 1 0 0 0 0 0 0 0 0 
0 1 0 0 0 0 1 0 0 0 
1 0 0 0 0 0 0 0 0 0 
1 0 0 0 0 0 0 1 1 0 
0 1 0 1 0 0 0 0 0 0 
0 0 1 0 0 0 0 0 0 0 
0 0 0 0 0 1 0 1 1 1 
0 0 0 0 0 1 1 0 0 0 
0 0 0 0 1 0 0 0 1 0 
0 0 0 1 1 0 1 0 0 0 
1 0 0 0 0 0 1 0 1 1 
0 0 0 0 0 0 0 1 0 0 
0 0 1 1 0 0 0 0 0 0 
1 0 1 1 0 0 0 0 0 0 
0 0 0 0 1 1 0 0 0 0 
0 1 1 0 1 0 0 1 0 1 
0 1 0 0 0 0 1 1 0 0 
0 0 1 1 0 0 0 0 1 1 
0 0 0 0 0 1 0 0 0 0 
Best Sequence: 
9 8 5 4 0 2 3 6 1 7 
1 0 1 1 1 0 0 0 0 0 
0 0 0 0 0 0 0 0 1 0 
0 0 0 0 0 0 0 1 1 0 
0 0 0 0 1 0 0 0 0 0 
0 1 0 0 1 0 0 0 0 1 
0 0 0 0 0 0 1 0 1 0 
0 0 0 0 0 1 0 0 0 0 
1 1 1 0 0 0 0 0 0 1 
0 0 1 0 0 0 0 1 0 0 
0 1 0 1 0 0 0 0 0 0 
0 0 0 1 0 0 1 1 0 0 
1 1 0 0 1 0 0 1 0 0 
0 0 0 0 0 0 0 0 0 1 
0 0 0 0 0 1 1 0 0 0 
0 0 0 0 1 1 1 0 0 0 
0 0 1 1 0 0 0 0 0 0 
1 0 0 1 0 1 0 0 1 1 
0 0 0 0 0 0 0 1 1 1 
1 1 0 0 0 1 1 0 0 0 
0 0 1 0 0 0 0 0 0 0 
OpenStacks: 10
Took 39.72 seconds

buffer: Warwick 885: balanced orders, 5 orders per product
numCustomers: 20
numProducts: 10
0 1 0 0 0 1 1 0 1 0 
0 0 1 1 0 0 0 0 0 0 
0 1 0 0 1 0 1 0 0 1 
1 0 1 0 0 0 0 0 1 0 
0 0 0 1 0 0 0 1 0 0 
0 0 1 0 0 0 0 0 1 1 
1 0 0 0 0 0 0 0 0 1 
0 0 1 0 0 1 1 0 0 0 
0 1 0 1 1 0 0 0 0 0 
0 0 0 1 0 1 0 1 0 0 
0 0 0 0 0 0 0 0 0 1 
0 1 0 0 0 1 1 0 1 0 
0 1 1 0 0 0 0 1 1 0 
1 0 0 0 0 0 0 1 0 0 
0 0 0 0 0 0 0 1 0 0 
0 0 0 0 0 0 0 0 0 1 
0 0 0 0 0 1 1 0 0 0 
0 0 0 1 1 0 0 0 0 0 
1 0 0 0 1 0 0 0 0 0 
1 0 0 0 1 0 0 0 0 0 
Best Sequence: 
9 7 0 4 2 3 5 1 6 8 
0 0 0 0 0 0 1 1 1 1 
0 0 0 0 1 1 0 0 0 0 
1 0 0 1 0 0 0 1 1 0 
0 0 1 0 1 0 0 0 0 1 
0 1 0 0 0 1 0 0 0 0 
1 0 0 0 1 0 0 0 0 1 
1 0 1 0 0 0 0 0 0 0 
0 0 0 0 1 0 1 0 1 0 
0 0 0 1 0 1 0 1 0 0 
0 1 0 0 0 1 1 0 0 0 
1 0 0 0 0 0 0 0 0 0 
0 0 0 0 0 0 1 1 1 1 
0 1 0 0 1 0 0 1 0 1 
0 1 1 0 0 0 0 0 0 0 
0 1 0 0 0 0 0 0 0 0 
1 0 0 0 0 0 0 0 0 0 
0 0 0 0 0 0 1 0 1 0 
0 0 0 1 0 1 0 0 0 0 
0 0 1 1 0 0 0 0 0 0 
0 0 1 1 0 0 0 0 0 0 
OpenStacks: 10
Took 40.35 seconds

buffer: Warwick 886: balanced orders, 5 orders per product
numCustomers: 20
numProducts: 10
0 0 0 1 0 0 0 0 0 1 
0 1 0 0 0 1 0 0 0 1 
0 0 0 0 0 0 0 0 1 1 
1 0 0 0 0 0 1 0 0 0 
1 0 0 0 1 0 0 0 0 0 
0 0 0 0 0 0 0 1 1 0 
0 0 1 0 1 0 1 0 0 0 
0 1 0 0 1 1 0 0 0 1 
0 0 0 1 0 0 1 0 0 0 
0 0 0 0 0 1 0 1 1 0 
1 0 0 0 0 0 0 0 0 0 
0 1 1 0 0 0 0 0 0 0 
0 0 0 0 0 1 0 0 0 0 
0 0 0 1 0 0 1 1 0 0 
0 1 1 1 0 0 0 0 1 0 
0 0 1 0 0 0 0 1 0 0 
0 0 0 0 1 0 0 0 0 0 
1 0 0 0 1 0 1 0 0 0 
0 0 0 1 0 0 0 0 0 0 
1 1 1 0 0 1 0 1 1 1 
