Solving by Dynamic Programming...
buffer: Warwick 871: balanced orders, 4 orders per product
numCustomers: 20
numProducts: 10
0 1 0 1 0 1 1 0 1 0 
0 0 0 0 0 0 1 0 0 0 
0 1 1 1 0 0 0 1 0 0 
1 0 0 0 0 0 0 0 0 1 
0 0 0 0 0 1 1 0 0 0 
0 0 0 0 1 0 0 0 0 0 
0 0 1 0 0 0 0 0 0 0 
0 0 0 0 0 1 0 1 1 1 
1 0 0 0 1 0 0 0 0 0 
0 1 0 1 0 0 0 0 1 0 
1 0 0 0 1 0 0 0 0 1 
0 1 0 0 0 0 0 0 0 0 
0 0 0 0 0 0 1 0 0 0 
0 0 0 0 0 0 0 1 0 0 
0 0 0 1 0 0 0 0 0 0 
0 0 1 0 0 0 0 0 0 0 
1 0 0 0 0 0 0 0 0 0 
0 0 1 0 1 1 0 0 0 1 
0 0 0 0 0 0 0 1 0 0 
0 0 0 0 0 0 0 0 1 0 
Best Sequence: 
7 6 8 5 3 1 9 2 4 0 
0 1 1 1 1 1 0 0 0 0 
0 1 0 0 0 0 0 0 0 0 
1 0 0 0 1 1 0 1 0 0 
0 0 0 0 0 0 1 0 0 1 
0 1 0 1 0 0 0 0 0 0 
0 0 0 0 0 0 0 0 1 0 
0 0 0 0 0 0 0 1 0 0 
1 0 1 1 0 0 1 0 0 0 
0 0 0 0 0 0 0 0 1 1 
0 0 1 0 1 1 0 0 0 0 
0 0 0 0 0 0 1 0 1 1 
0 0 0 0 0 1 0 0 0 0 
0 1 0 0 0 0 0 0 0 0 
1 0 0 0 0 0 0 0 0 0 
0 0 0 0 1 0 0 0 0 0 
0 0 0 0 0 0 0 1 0 0 
0 0 0 0 0 0 0 0 0 1 
0 0 0 1 0 0 1 1 1 0 
1 0 0 0 0 0 0 0 0 0 
0 0 1 0 0 0 0 0 0 0 
OpenStacks: 6
Took 0.13 seconds

buffer: Warwick 872: balanced orders, 4 orders per product
numCustomers: 20
numProducts: 10
1 1 0 1 0 1 0 0 0 0 
0 0 0 1 0 0 1 1 0 0 
0 0 0 0 0 0 1 0 0 0 
0 1 1 0 0 0 0 0 0 0 
0 0 1 0 0 0 0 0 0 0 
0 0 0 0 1 0 0 0 0 0 
1 0 0 0 0 0 0 1 0 0 
0 0 0 0 0 0 0 0 0 1 
0 0 0 1 0 1 0 0 0 0 
0 0 0 0 0 1 1 0 1 0 
0 1 0 0 0 0 0 0 1 1 
1 0 1 0 0 0 0 0 1 0 
0 0 0 0 0 0 1 0 0 0 
0 0 0 1 1 0 0 0 0 0 
0 0 0 0 0 0 0 0 0 1 
0 0 0 0 0 0 0 1 1 0 
0 0 0 0 0 0 0 1 0 1 
0 0 0 0 1 0 0 0 0 0 
0 1 1 0 0 0 0 0 0 0 
1 0 0 0 1 1 0 0 0 0 
Best Sequence: 
9 2 1 8 7 6 5 3 4 0 
0 0 1 0 0 0 1 1 0 1 
0 0 0 0 1 1 0 1 0 0 
0 0 0 0 0 1 0 0 0 0 
0 1 1 0 0 0 0 0 0 0 
0 1 0 0 0 0 0 0 0 0 
0 0 0 0 0 0 0 0 1 0 
0 0 0 0 1 0 0 0 0 1 
1 0 0 0 0 0 0 0 0 0 
0 0 0 0 0 0 1 1 0 0 
0 0 0 1 0 1 1 0 0 0 
1 0 1 1 0 0 0 0 0 0 
0 1 0 1 0 0 0 0 0 1 
0 0 0 0 0 1 0 0 0 0 
0 0 0 0 0 0 0 1 1 0 
1 0 0 0 0 0 0 0 0 0 
0 0 0 1 1 0 0 0 0 0 
1 0 0 0 1 0 0 0 0 0 
0 0 0 0 0 0 0 0 1 0 
0 1 1 0 0 0 0 0 0 0 
0 0 0 0 0 0 1 0 1 1 
OpenStacks: 7
Took 0.13 seconds

buffer: Warwick 873: balanced orders, 4 orders per product
numCustomers: 20
numProducts: 10
0 0 0 0 0 0 1 0 0 0 
0 1 0 1 0 0 1 0 0 0 
0 0 0 0 0 0 0 0 0 1 
0 0 0 0 0 0 0 1 0 0 
0 0 0 0 0 0 1 0 0 0 
0 0 0 0 0 0 0 1 1 0 
0 0 0 0 0 0 0 0 0 1 
1 1 1 0 1 0 0 0 0 0 
1 0 0 0 0 0 0 0 0 0 
0 0 0 0 0 0 0 0 1 0 
0 0 0 0 0 1 0 1 1 0 
1 0 0 0 0 1 0 0 1 0 
0 1 1 1 0 0 0 0 0 1 
0 0 1 0 1 0 0 0 0 0 
0 0 0 0 1 0 0 0 0 0 
0 0 0 1 0 0 0 0 0 0 
1 0 0 0 0 1 1 0 0 0 
0 1 0 0 0 0 0 1 0 1 
0 0 1 1 0 0 0 0 0 0 
0 0 0 0 1 1 0 0 0 0 
Best Sequence: 
8 7 5 0 4 2 1 3 9 6 
0 0 0 0 0 0 0 0 0 1 
0 0 0 0 0 0 1 1 0 1 
0 0 0 0 0 0 0 0 1 0 
0 1 0 0 0 0 0 0 0 0 
0 0 0 0 0 0 0 0 0 1 
1 1 0 0 0 0 0 0 0 0 
0 0 0 0 0 0 0 0 1 0 
0 0 0 1 1 1 1 0 0 0 
0 0 0 1 0 0 0 0 0 0 
1 0 0 0 0 0 0 0 0 0 
1 1 1 0 0 0 0 0 0 0 
1 0 1 1 0 0 0 0 0 0 
0 0 0 0 0 1 1 1 1 0 
0 0 0 0 1 1 0 0 0 0 
0 0 0 0 1 0 0 0 0 0 
0 0 0 0 0 0 0 1 0 0 
0 0 1 1 0 0 0 0 0 1 
0 1 0 0 0 0 1 0 1 0 
0 0 0 0 0 1 0 1 0 0 
0 0 1 0 1 0 0 0 0 0 
OpenStacks: 6
Took 0.14 seconds

buffer: Warwick 874: balanced orders, 4 orders per product
numCustomers: 20
numProducts: 10
0 0 0 0 0 0 0 1 0 0 
0 1 0 0 0 0 0 0 0 0 
0 0 1 0 0 0 0 1 0 0 
0 0 0 0 0 0 0 1 0 0 
0 0 0 0 0 1 0 0 1 1 
1 1 1 0 1 0 0 0 0 0 
0 0 0 0 0 0 1 0 0 0 
0 1 1 0 0 0 0 0 1 1 
1 1 0 1 0 0 0 0 1 0 
0 0 0 0 1 0 0 0 0 0 
0 0 0 1 0 1 0 0 0 0 
0 0 0 0 0 0 1 0 0 0 
0 0 0 0 1 0 0 0 0 0 
0 0 0 0 1 0 1 1 0 0 
0 0 0 0 0 1 0 0 0 0 
1 0 1 0 0 0 0 0 0 0 
0 0 0 0 0 0 0 0 0 1 
1 0 0 1 0 1 0 0 0 0 
0 0 0 1 0 0 1 0 1 0 
0 0 0 0 0 0 0 0 0 1 
Best Sequence: 
9 5 8 3 0 2 1 7 6 4 
0 0 0 0 0 0 0 1 0 0 
0 0 0 0 0 0 1 0 0 0 
0 0 0 0 0 1 0 1 0 0 
0 0 0 0 0 0 0 1 0 0 
1 1 1 0 0 0 0 0 0 0 
0 0 0 0 1 1 1 0 0 1 
0 0 0 0 0 0 0 0 1 0 
1 0 1 0 0 1 1 0 0 0 
0 0 1 1 1 0 1 0 0 0 
0 0 0 0 0 0 0 0 0 1 
0 1 0 1 0 0 0 0 0 0 
0 0 0 0 0 0 0 0 1 0 
0 0 0 0 0 0 0 0 0 1 
0 0 0 0 0 0 0 1 1 1 
0 1 0 0 0 0 0 0 0 0 
0 0 0 0 1 1 0 0 0 0 
1 0 0 0 0 0 0 0 0 0 
0 1 0 1 1 0 0 0 0 0 
0 0 1 1 0 0 0 0 1 0 
1 0 0 0 0 0 0 0 0 0 
OpenStacks: 6
Took 0.13 seconds

buffer: Warwick 875: balanced orders, 4 orders per product
numCustomers: 20
numProducts: 10
0 0 0 0 0 0 0 0 1 1 
0 1 0 1 0 1 0 0 0 1 
0 0 1 0 1 0 0 0 0 1 
0 1 0 0 0 0 0 0 0 0 
0 0 0 0 0 0 0 0 1 0 
1 0 1 0 0 0 0 0 0 0 
0 1 0 0 0 0 0 0 0 0 
0 0 0 0 0 0 0 1 1 0 
1 0 0 0 0 1 1 0 0 0 
0 0 0 0 1 1 0 1 0 0 
0 0 1 1 0 0 0 0 0 0 
1 0 0 0 0 0 0 0 0 0 
0 1 0 0 0 1 1 0 0 0 
0 0 0 0 1 0 0 0 0 1 
0 0 0 1 0 0 1 1 0 0 
0 0 0 1 0 0 0 0 0 0 
0 0 1 0 0 0 1 0 1 0 
0 0 0 0 0 0 0 1 0 0 
0 0 0 0 1 0 0 0 0 0 
1 0 0 0 0 0 0 0 0 0 
Best Sequence: 
8 7 9 4 3 2 6 5 1 0 
1 0 1 0 0 0 0 0 0 0 
0 0 1 0 1 0 0 1 1 0 
0 0 1 1 0 1 0 0 0 0 
0 0 0 0 0 0 0 0 1 0 
1 0 0 0 0 0 0 0 0 0 
0 0 0 0 0 1 0 0 0 1 
0 0 0 0 0 0 0 0 1 0 
1 1 0 0 0 0 0 0 0 0 
0 0 0 0 0 0 1 1 0 1 
0 1 0 1 0 0 0 1 0 0 
0 0 0 0 1 1 0 0 0 0 
0 0 0 0 0 0 0 0 0 1 
0 0 0 0 0 0 1 1 1 0 
0 0 1 1 0 0 0 0 0 0 
0 1 0 0 1 0 1 0 0 0 
0 0 0 0 1 0 0 0 0 0 
1 0 0 0 0 1 1 0 0 0 
0 1 0 0 0 0 0 0 0 0 
0 0 0 1 0 0 0 0 0 0 
0 0 0 0 0 0 0 0 0 1 
OpenStacks: 7
Took 0.13 seconds

buffer: Warwick 876: balanced orders, 4 orders per product
numCustomers: 20
numProducts: 10
0 1 0 0 0 0 0 0 0 0 
0 1 0 0 0 0 0 1 0 0 
0 0 1 1 0 0 0 1 1 1 
0 0 0 0 1 1 0 0 0 0 
1 0 0 0 0 0 1 0 0 0 
0 0 0 0 0 0 0 1 0 0 
0 0 0 0 0 0 1 0 0 0 
0 0 1 1 0 0 0 0 0 0 
0 0 1 0 0 1 1 0 0 0 
0 0 0 1 0 0 0 0 0 0 
0 1 0 0 0 0 0 0 0 0 
0 1 0 0 0 0 0 0 0 1 
1 0 0 1 0 0 0 0 0 0 
0 0 0 0 1 0 0 0 0 0 
0 0 0 0 0 1 0 0 1 0 
1 0 0 0 1 0 1 0 0 0 
0 0 0 0 0 0 0 1 0 0 
1 0 0 0 0 1 0 0 1 1 
0 0 0 0 1 0 0 0 1 1 
0 0 1 0 0 0 0 0 0 0 
Best Sequence: 
3 2 6 0 5 8 9 4 7 1 
0 0 0 0 0 0 0 0 0 1 
0 0 0 0 0 0 0 0 1 1 
1 1 0 0 0 1 1 0 1 0 
0 0 0 0 1 0 0 1 0 0 
0 0 1 1 0 0 0 0 0 0 
0 0 0 0 0 0 0 0 1 0 
0 0 1 0 0 0 0 0 0 0 
1 1 0 0 0 0 0 0 0 0 
0 1 1 0 1 0 0 0 0 0 
1 0 0 0 0 0 0 0 0 0 
0 0 0 0 0 0 0 0 0 1 
0 0 0 0 0 0 1 0 0 1 
1 0 0 1 0 0 0 0 0 0 
0 0 0 0 0 0 0 1 0 0 
0 0 0 0 1 1 0 0 0 0 
0 0 1 1 0 0 0 1 0 0 
0 0 0 0 0 0 0 0 1 0 
0 0 0 1 1 1 1 0 0 0 
0 0 0 0 0 1 1 1 0 0 
0 1 0 0 0 0 0 0 0 0 
OpenStacks: 6
Took 0.14 seconds

buffer: Warwick 877: balanced orders, 4 orders per product
numCustomers: 20
numProducts: 10
0 0 0 0 0 0 0 1 0 0 
0 0 0 0 0 0 1 0 0 0 
0 1 1 0 0 0 0 0 1 0 
0 0 1 0 0 1 0 0 0 1 
0 1 0 0 1 0 1 1 0 0 
0 0 0 0 0 0 1 0 0 0 
0 0 0 0 0 1 0 0 0 0 
0 0 1 0 0 0 0 0 1 0 
0 0 0 0 0 0 0 1 0 0 
0 0 0 1 0 0 0 0 1 0 
0 1 0 0 0 0 0 0 0 0 
1 0 0 0 0 0 0 0 0 0 
0 0 0 0 0 1 0 0 0 1 
1 0 0 0 1 0 0 0 0 0 
0 0 1 1 1 0 0 0 0 0 
1 1 0 1 0 0 0 0 0 0 
0 0 0 1 0 1 1 0 0 1 
0 0 0 0 0 0 0 1 0 0 
0 0 0 0 1 0 0 0 0 1 
1 0 0 0 0 0 0 0 1 0 
Best Sequence: 
7 6 5 9 2 8 4 3 1 0 
1 0 0 0 0 0 0 0 0 0 
0 1 0 0 0 0 0 0 0 0 
0 0 0 0 1 1 0 0 1 0 
0 0 1 1 1 0 0 0 0 0 
1 1 0 0 0 0 1 0 1 0 
0 1 0 0 0 0 0 0 0 0 
0 0 1 0 0 0 0 0 0 0 
0 0 0 0 1 1 0 0 0 0 
1 0 0 0 0 0 0 0 0 0 
0 0 0 0 0 1 0 1 0 0 
0 0 0 0 0 0 0 0 1 0 
0 0 0 0 0 0 0 0 0 1 
0 0 1 1 0 0 0 0 0 0 
0 0 0 0 0 0 1 0 0 1 
0 0 0 0 1 0 1 1 0 0 
0 0 0 0 0 0 0 1 1 1 
0 1 1 1 0 0 0 1 0 0 
1 0 0 0 0 0 0 0 0 0 
0 0 0 1 0 0 1 0 0 0 
0 0 0 0 0 1 0 0 0 1 
OpenStacks: 8
Took 0.13 seconds

buffer: Warwick 878: balanced orders, 4 orders per product
numCustomers: 20
numProducts: 10
1 0 0 0 0 0 1 0 0 0 
0 0 1 0 0 0 0 1 1 0 
0 0 0 1 1 1 0 0 0 0 
0 0 0 0 0 0 1 0 1 0 
0 1 0 1 0 1 0 0 0 1 
0 1 0 0 0 0 0 0 1 0 
0 0 0 0 0 0 1 0 0 0 
0 0 1 0 1 0 0 0 1 0 
0 0 0 0 1 0 0 0 0 0 
0 0 0 0 0 1 0 0 0 0 
0 0 1 1 0 0 0 0 0 0 
1 0 0 0 0 0 0 1 0 0 
0 0 0 1 0 0 0 0 0 0 
1 0 0 0 0 0 0 0 0 1 
0 0 0 0 0 0 0 1 0 0 
0 0 1 0 0 0 0 0 0 0 
0 0 0 0 1 0 1 0 0 1 
0 1 0 0 0 1 0 1 0 1 
0 1 0 0 0 0 0 0 0 0 
1 0 0 0 0 0 0 0 0 0 
Best Sequence: 
5 4 3 2 1 9 8 7 6 0 
0 0 0 0 0 0 0 0 1 1 
0 0 0 1 0 0 1 1 0 0 
1 1 1 0 0 0 0 0 0 0 
0 0 0 0 0 0 1 0 1 0 
1 0 1 0 1 1 0 0 0 0 
0 0 0 0 1 0 1 0 0 0 
0 0 0 0 0 0 0 0 1 0 
0 1 0 1 0 0 1 0 0 0 
0 1 0 0 0 0 0 0 0 0 
1 0 0 0 0 0 0 0 0 0 
0 0 1 1 0 0 0 0 0 0 
0 0 0 0 0 0 0 1 0 1 
0 0 1 0 0 0 0 0 0 0 
0 0 0 0 0 1 0 0 0 1 
0 0 0 0 0 0 0 1 0 0 
0 0 0 1 0 0 0 0 0 0 
0 1 0 0 0 1 0 0 1 0 
1 0 0 0 1 1 0 1 0 0 
0 0 0 0 1 0 0 0 0 0 
0 0 0 0 0 0 0 0 0 1 
OpenStacks: 7
Took 0.13 seconds

buffer: Warwick 879: balanced orders, 4 orders per product
numCustomers: 20
numProducts: 10
0 0 0 0 0 1 0 0 0 0 
0 0 0 0 0 0 0 1 1 1 
1 0 1 0 0 0 0 0 0 0 
0 0 1 0 1 0 0 0 0 0 
0 0 0 1 0 0 0 0 0 1 
0 0 0 0 0 1 0 1 0 0 
0 0 0 0 1 0 0 0 0 0 
0 1 0 0 0 0 1 0 0 0 
0 0 0 0 0 0 0 1 1 0 
0 0 1 0 0 0 0 0 0 0 
1 0 0 1 0 0 1 0 0 0 
1 1 0 0 0 0 0 0 1 0 
0 0 0 0 0 0 0 1 0 0 
0 0 0 0 0 0 1 0 1 0 
0 0 0 1 0 0 0 0 0 1 
1 0 1 0 1 1 0 0 0 0 
0 1 0 0 0 1 0 0 0 0 
0 0 0 0 0 0 1 0 0 0 
0 1 0 0 0 0 0 0 0 1 
0 0 0 1 1 0 0 0 0 0 
Best Sequence: 
7 8 6 9 1 5 4 3 2 0 
0 0 0 0 0 1 0 0 0 0 
1 1 0 1 0 0 0 0 0 0 
0 0 0 0 0 0 0 0 1 1 
0 0 0 0 0 0 1 0 1 0 
0 0 0 1 0 0 0 1 0 0 
1 0 0 0 0 1 0 0 0 0 
0 0 0 0 0 0 1 0 0 0 
0 0 1 0 1 0 0 0 0 0 
1 1 0 0 0 0 0 0 0 0 
0 0 0 0 0 0 0 0 1 0 
0 0 1 0 0 0 0 1 0 1 
0 1 0 0 1 0 0 0 0 1 
1 0 0 0 0 0 0 0 0 0 
0 1 1 0 0 0 0 0 0 0 
0 0 0 1 0 0 0 1 0 0 
0 0 0 0 0 1 1 0 1 1 
0 0 0 0 1 1 0 0 0 0 
0 0 1 0 0 0 0 0 0 0 
0 0 0 1 1 0 0 0 0 0 
0 0 0 0 0 0 1 1 0 0 
OpenStacks: 8
Took 0.14 seconds

buffer: Warwick 880: balanced orders, 4 orders per product
numCustomers: 20
numProducts: 10
0 0 1 0 0 0 0 0 0 0 
1 0 0 0 0 0 1 1 0 0 
1 0 0 0 0 0 0 0 1 0 
0 0 0 0 1 0 0 0 0 0 
0 0 1 0 0 1 0 0 0 0 
0 0 1 1 0 0 1 0 0 0 
0 0 0 0 0 1 0 0 0 0 
0 1 0 0 0 0 0 1 0 0 
0 0 0 0 0 1 0 0 0 0 
0 0 1 1 0 0 1 0 0 0 
1 1 0 1 0 0 0 0 1 1 
0 0 0 0 0 0 0 0 1 0 
1 0 0 0 1 1 0 0 0 0 
0 1 0 0 0 0 1 0 0 1 
0 0 0 1 1 0 0 1 0 0 
0 1 0 0 0 0 0 0 0 0 
0 0 0 0 0 0 0 0 0 1 
0 0 0 0 1 0 0 0 0 1 
0 0 0 0 0 0 0 1 0 0 
0 0 0 0 0 0 0 0 1 0 
Best Sequence: 
9 4 7 1 6 3 2 8 5 0 
0 0 0 0 0 0 1 0 0 0 
0 0 1 0 1 0 0 0 0 1 
0 0 0 0 0 0 0 1 0 1 
0 1 0 0 0 0 0 0 0 0 
0 0 0 0 0 0 1 0 1 0 
0 0 0 0 1 1 1 0 0 0 
0 0 0 0 0 0 0 0 1 0 
0 0 1 1 0 0 0 0 0 0 
0 0 0 0 0 0 0 0 1 0 
0 0 0 0 1 1 1 0 0 0 
1 0 0 1 0 1 0 1 0 1 
0 0 0 0 0 0 0 1 0 0 
0 1 0 0 0 0 0 0 1 1 
1 0 0 1 1 0 0 0 0 0 
0 1 1 0 0 1 0 0 0 0 
0 0 0 1 0 0 0 0 0 0 
1 0 0 0 0 0 0 0 0 0 
1 1 0 0 0 0 0 0 0 0 
0 0 1 0 0 0 0 0 0 0 
0 0 0 0 0 0 0 1 0 0 
OpenStacks: 7
Took 0.13 seconds

buffer: Warwick 881: balanced orders, 5 orders per product
numCustomers: 20
numProducts: 10
1 0 0 0 0 0 0 0 0 0 
0 1 0 0 0 0 0 0 0 0 
0 0 0 0 0 0 1 0 0 0 
0 0 0 1 0 0 1 0 0 0 
0 0 0 0 0 1 0 0 0 1 
0 0 1 0 1 0 0 0 0 0 
0 0 0 0 0 1 0 0 0 1 
0 0 1 0 0 1 0 1 1 0 
0 0 0 0 1 0 0 1 1 1 
0 1 0 1 0 0 1 0 0 0 
0 0 0 1 0 0 0 0 0 0 
0 0 0 0 0 0 1 1 0 0 
1 0 0 0 0 0 0 1 0 0 
0 0 0 0 1 1 0 0 1 0 
1 1 1 0 0 1 1 0 1 0 
1 1 0 0 0 0 0 0 0 1 
0 1 0 0 0 0 0 0 1 0 
1 0 1 1 1 0 0 0 0 0 
0 0 0 0 1 0 0 0 0 1 
0 0 1 1 0 0 0 1 0 0 
Best Sequence: 
9 5 4 8 2 7 1 6 3 0 
0 0 0 0 0 0 0 0 0 1 
0 0 0 0 0 0 1 0 0 0 
0 0 0 0 0 0 0 1 0 0 
0 0 0 0 0 0 0 1 1 0 
1 1 0 0 0 0 0 0 0 0 
0 0 1 0 1 0 0 0 0 0 
1 1 0 0 0 0 0 0 0 0 
0 1 0 1 1 1 0 0 0 0 
1 0 1 1 0 1 0 0 0 0 
0 0 0 0 0 0 1 1 1 0 
0 0 0 0 0 0 0 0 1 0 
0 0 0 0 0 1 0 1 0 0 
0 0 0 0 0 1 0 0 0 1 
0 1 1 1 0 0 0 0 0 0 
0 1 0 1 1 0 1 1 0 1 
1 0 0 0 0 0 1 0 0 1 
0 0 0 1 0 0 1 0 0 0 
0 0 1 0 1 0 0 0 1 1 
1 0 1 0 0 0 0 0 0 0 
0 0 0 0 1 1 0 0 1 0 
OpenStacks: 9
Took 0.14 seconds

buffer: Warwick 882: balanced orders, 5 orders per product
numCustomers: 20
numProducts: 10
1 0 0 1 1 0 0 0 0 0 
1 0 1 0 0 0 0 1 1 0 
0 1 0 0 0 0 0 0 1 0 
0 0 1 0 0 0 1 1 1 0 
0 0 0 0 1 1 0 0 0 0 
1 0 1 0 0 1 0 0 0 0 
0 0 0 1 0 1 1 0 0 0 
0 0 0 1 1 0 0 0 0 0 
0 0 0 1 0 0 0 1 0 0 
0 1 0 0 0 0 0 0 0 0 
0 1 0 1 0 0 0 0 0 1 
0 0 0 0 0 0 1 0 0 0 
0 0 1 0 0 0 0 0 0 1 
0 1 0 0 0 0 0 0 0 1 
0 0 0 0 0 0 0 1 0 0 
0 0 1 0 0 0 0 0 1 0 
1 1 0 0 0 1 0 1 1 1 
0 0 0 0 1 0 1 0 0 0 
1 0 0 0 0 0 0 0 0 1 
0 0 0 0 1 1 1 0 0 0 
Best Sequence: 
6 4 5 3 7 0 9 2 8 1 
0 1 0 1 0 1 0 0 0 0 
0 0 0 0 1 1 0 1 1 0 
0 0 0 0 0 0 0 0 1 1 
1 0 0 0 1 0 0 1 1 0 
0 1 1 0 0 0 0 0 0 0 
0 0 1 0 0 1 0 1 0 0 
1 0 1 1 0 0 0 0 0 0 
0 1 0 1 0 0 0 0 0 0 
0 0 0 1 1 0 0 0 0 0 
0 0 0 0 0 0 0 0 0 1 
0 0 0 1 0 0 1 0 0 1 
1 0 0 0 0 0 0 0 0 0 
0 0 0 0 0 0 1 1 0 0 
0 0 0 0 0 0 1 0 0 1 
0 0 0 0 1 0 0 0 0 0 
0 0 0 0 0 0 0 1 1 0 
0 0 1 0 1 1 1 0 1 1 
1 1 0 0 0 0 0 0 0 0 
0 0 0 0 0 1 1 0 0 0 
1 1 1 0 0 0 0 0 0 0 
OpenStacks: 8
Took 0.13 seconds

buffer: Warwick 883: balanced orders, 5 orders per product
numCustomers: 20
numProducts: 10
0 1 1 0 0 0 0 0 0 0 
1 0 0 0 0 0 0 0 0 0 
0 0 1 1 0 0 0 1 0 0 
0 0 0 0 0 0 1 0 0 1 
1 0 1 1 0 0 0 1 0 0 
0 1 0 0 0 1 0 0 0 0 
0 0 0 0 1 0 1 0 0 0 
0 0 1 1 0 0 0 0 1 0 
0 1 0 0 0 1 0 0 0 1 
1 0 0 1 0 0 0 0 1 0 
0 0 0 0 1 0 0 0 0 0 
0 0 0 0 0 1 0 0 0 1 
0 0 0 1 1 1 0 0 1 1 
1 0 0 0 0 1 0 0 0 0 
0 0 0 0 0 0 1 1 0 0 
0 0 0 0 1 0 0 0 0 0 
0 1 0 0 0 0 0 0 1 0 
1 1 1 0 0 0 0 1 0 0 
0 0 0 0 0 0 1 0 0 0 
0 0 0 0 1 0 1 1 1 1 
Best Sequence: 
4 6 9 5 1 7 2 8 3 0 
0 0 0 0 1 0 1 0 0 0 
0 0 0 0 0 0 0 0 0 1 
0 0 0 0 0 1 1 0 1 0 
0 1 1 0 0 0 0 0 0 0 
0 0 0 0 0 1 1 0 1 1 
0 0 0 1 1 0 0 0 0 0 
1 1 0 0 0 0 0 0 0 0 
0 0 0 0 0 0 1 1 1 0 
0 0 1 1 1 0 0 0 0 0 
0 0 0 0 0 0 0 1 1 1 
1 0 0 0 0 0 0 0 0 0 
0 0 1 1 0 0 0 0 0 0 
1 0 1 1 0 0 0 1 1 0 
0 0 0 1 0 0 0 0 0 1 
0 1 0 0 0 1 0 0 0 0 
1 0 0 0 0 0 0 0 0 0 
0 0 0 0 1 0 0 1 0 0 
0 0 0 0 1 1 1 0 0 1 
0 1 0 0 0 0 0 0 0 0 
1 1 1 0 0 1 0 1 0 0 
OpenStacks: 9
Took 0.14 seconds

buffer: Warwick 884: balanced orders, 5 orders per product
numCustomers: 20
numProducts: 10
1 0 0 0 1 1 0 0 0 1 
0 1 0 0 0 0 0 0 0 0 
0 1 0 0 0 0 1 0 0 0 
1 0 0 0 0 0 0 0 0 0 
1 0 0 0 0 0 0 1 1 0 
0 1 0 1 0 0 0 0 0 0 
0 0 1 0 0 0 0 0 0 0 
0 0 0 0 0 1 0 1 1 1 
0 0 0 0 0 1 1 0 0 0 
0 0 0 0 1 0 0 0 1 0 
0 0 0 1 1 0 1 0 0 0 
1 0 0 0 0 0 1 0 1 1 
0 0 0 0 0 0 0 1 0 0 
0 0 1 1 0 0 0 0 0 0 
1 0 1 1 0 0 0 0 0 0 
0 0 0 0 1 1 0 0 0 0 
0 1 1 0 1 0 0 1 0 1 
0 1 0 0 0 0 1 1 0 0 
0 0 1 1 0 0 0 0 1 1 
0 0 0 0 0 1 0 0 0 0 
Best Sequence: 
7 5 9 8 4 6 1 3 2 0 
0 1 1 0 1 0 0 0 0 1 
0 0 0 0 0 0 1 0 0 0 
0 0 0 0 0 1 1 0 0 0 
0 0 0 0 0 0 0 0 0 1 
1 0 0 1 0 0 0 0 0 1 
0 0 0 0 0 0 1 1 0 0 
0 0 0 0 0 0 0 0 1 0 
1 1 1 1 0 0 0 0 0 0 
0 1 0 0 0 1 0 0 0 0 
0 0 0 1 1 0 0 0 0 0 
0 0 0 0 1 1 0 1 0 0 
0 0 1 1 0 1 0 0 0 1 
1 0 0 0 0 0 0 0 0 0 
0 0 0 0 0 0 0 1 1 0 
0 0 0 0 0 0 0 1 1 1 
0 1 0 0 1 0 0 0 0 0 
1 0 1 0 1 0 1 0 1 0 
1 0 0 0 0 1 1 0 0 0 
0 0 1 1 0 0 0 1 1 0 
0 1 0 0 0 0 0 0 0 0 
OpenStacks: 10
Took 0.13 seconds

buffer: Warwick 885: balanced orders, 5 orders per product
numCustomers: 20
numProducts: 10
0 1 0 0 0 1 1 0 1 0 
0 0 1 1 0 0 0 0 0 0 
0 1 0 0 1 0 1 0 0 1 
1 0 1 0 0 0 0 0 1 0 
0 0 0 1 0 0 0 1 0 0 
0 0 1 0 0 0 0 0 1 1 
1 0 0 0 0 0 0 0 0 1 
0 0 1 0 0 1 1 0 0 0 
0 1 0 1 1 0 0 0 0 0 
0 0 0 1 0 1 0 1 0 0 
0 0 0 0 0 0 0 0 0 1 
0 1 0 0 0 1 1 0 1 0 
0 1 1 0 0 0 0 1 1 0 
1 0 0 0 0 0 0 1 0 0 
0 0 0 0 0 0 0 1 0 0 
0 0 0 0 0 0 0 0 0 1 
0 0 0 0 0 1 1 0 0 0 
0 0 0 1 1 0 0 0 0 0 
1 0 0 0 1 0 0 0 0 0 
1 0 0 0 1 0 0 0 0 0 
Best Sequence: 
9 6 5 8 2 1 7 3 4 0 
0 1 1 1 0 1 0 0 0 0 
0 0 0 0 1 0 0 1 0 0 
1 1 0 0 0 1 0 0 1 0 
0 0 0 1 1 0 0 0 0 1 
0 0 0 0 0 0 1 1 0 0 
1 0 0 1 1 0 0 0 0 0 
1 0 0 0 0 0 0 0 0 1 
0 1 1 0 1 0 0 0 0 0 
0 0 0 0 0 1 0 1 1 0 
0 0 1 0 0 0 1 1 0 0 
1 0 0 0 0 0 0 0 0 0 
0 1 1 1 0 1 0 0 0 0 
0 0 0 1 1 1 1 0 0 0 
0 0 0 0 0 0 1 0 0 1 
0 0 0 0 0 0 1 0 0 0 
1 0 0 0 0 0 0 0 0 0 
0 1 1 0 0 0 0 0 0 0 
0 0 0 0 0 0 0 1 1 0 
0 0 0 0 0 0 0 0 1 1 
0 0 0 0 0 0 0 0 1 1 
OpenStacks: 10
Took 0.13 seconds

buffer: Warwick 886: balanced orders, 5 orders per product
numCustomers: 20
numProducts: 10
0 0 0 1 0 0 0 0 0 1 
0 1 0 0 0 1 0 0 0 1 
0 0 0 0 0 0 0 0 1 1 
1 0 0 0 0 0 1 0 0 0 
1 0 0 0 1 0 0 0 0 0 
0 0 0 0 0 0 0 1 1 0 
0 0 1 0 1 0 1 0 0 0 
0 1 0 0 1 1 0 0 0 1 
0 0 0 1 0 0 1 0 0 0 
0 0 0 0 0 1 0 1 1 0 
1 0 0 0 0 0 0 0 0 0 
0 1 1 0 0 0 0 0 0 0 
0 0 0 0 0 1 0 0 0 0 
0 0 0 1 0 0 1 1 0 0 
0 1 1 1 0 0 0 0 1 0 
0 0 1 0 0 0 0 1 0 0 
0 0 0 0 1 0 0 0 0 0 
1 0 0 0 1 0 1 0 0 0 
0 0 0 1 0 0 0 0 0 0 
1 1 1 0 0 1 0 1 1 1 
Best Sequence: 
9 8 7 5 2 1 4 6 3 0 
1 0 0 0 0 0 0 0 1 0 
1 0 0 1 0 1 0 0 0 0 
1 1 0 0 0 0 0 0 0 0 
0 0 0 0 0 0 0 1 0 1 
0 0 0 0 0 0 1 0 0 1 
0 1 1 0 0 0 0 0 0 0 
0 0 0 0 1 0 1 1 0 0 
1 0 0 1 0 1 1 0 0 0 
0 0 0 0 0 0 0 1 1 0 
0 1 1 1 0 0 0 0 0 0 
0 0 0 0 0 0 0 0 0 1 
0 0 0 0 1 1 0 0 0 0 
0 0 0 1 0 0 0 0 0 0 
0 0 1 0 0 0 0 1 1 0 
0 1 0 0 1 1 0 0 1 0 
0 0 1 0 1 0 0 0 0 0 
0 0 0 0 0 0 1 0 0 0 
0 0 0 0 0 0 1 1 0 1 
0 0 0 0 0 0 0 0 1 0 
1 1 1 1 1 1 0 0 0 1 
OpenStacks: 9
Took 0.14 seconds

buffer: Warwick 887: balanced orders, 5 orders per product
numCustomers: 20
numProducts: 10
0 0 1 0 0 0 0 1 0 0 
1 0 0 1 0 0 1 0 0 0 
1 0 0 1 1 0 0 0 0 0 
0 1 0 0 0 1 0 0 1 0 
0 0 0 1 0 1 0 0 0 1 
0 0 1 0 0 1 1 0 0 1 
0 0 0 0 0 0 0 1 1 0 
1 0 0 0 0 0 0 0 0 0 
0 1 0 0 0 0 0 0 1 0 
0 0 0 0 0 0 0 1 0 0 
0 1 1 0 1 1 0 0 0 0 
0 0 0 0 0 0 0 0 1 0 
0 1 1 0 0 0 0 1 0 1 
0 0 0 0 0 0 1 0 1 0 
0 0 0 0 1 0 0 0 0 0 
1 0 0 0 1 0 1 0 0 0 
0 1 1 1 1 1 0 0 0 1 
0 0 0 0 0 0 1 0 0 0 
0 0 0 1 0 0 0 1 0 0 
1 0 0 0 0 0 0 0 0 1 
Best Sequence: 
8 7 1 2 5 9 3 6 4 0 
0 1 0 1 0 0 0 0 0 0 
0 0 0 0 0 0 1 1 0 1 
0 0 0 0 0 0 1 0 1 1 
1 0 1 0 1 0 0 0 0 0 
0 0 0 0 1 1 1 0 0 0 
0 0 0 1 1 1 0 1 0 0 
1 1 0 0 0 0 0 0 0 0 
0 0 0 0 0 0 0 0 0 1 
1 0 1 0 0 0 0 0 0 0 
0 1 0 0 0 0 0 0 0 0 
0 0 1 1 1 0 0 0 1 0 
1 0 0 0 0 0 0 0 0 0 
0 1 1 1 0 1 0 0 0 0 
1 0 0 0 0 0 0 1 0 0 
0 0 0 0 0 0 0 0 1 0 
0 0 0 0 0 0 0 1 1 1 
0 0 1 1 1 1 1 0 1 0 
0 0 0 0 0 0 0 1 0 0 
0 1 0 0 0 0 1 0 0 0 
0 0 0 0 0 1 0 0 0 1 
OpenStacks: 9
Took 0.13 seconds

buffer: Warwick 888: balanced orders, 5 orders per product
numCustomers: 20
numProducts: 10
0 1 0 0 0 0 0 0 0 0 
0 0 0 0 0 1 1 1 0 0 
1 0 0 0 1 1 0 1 0 1 
1 0 0 0 0 0 0 0 1 0 
0 1 0 0 0 0 0 1 0 0 
1 0 0 0 0 0 0 0 1 0 
0 0 0 0 0 1 0 1 0 1 
0 0 1 1 0 0 0 0 0 0 
0 1 0 0 1 0 1 1 0 0 
0 1 1 1 0 0 0 0 0 0 
0 0 0 0 0 0 1 0 0 1 
0 0 0 1 0 0 0 0 0 0 
1 1 0 0 0 1 1 0 0 0 
0 0 1 0 0 0 0 0 0 0 
0 0 0 0 0 1 0 0 1 0 
0 0 0 0 1 0 0 0 0 0 
1 0 0 0 1 0 1 0 1 0 
0 0 0 1 1 0 0 0 1 0 
0 0 1 0 0 0 0 0 0 1 
0 0 1 1 0 0 0 0 0 1 
Best Sequence: 
3 2 9 1 7 6 5 8 4 0 
0 0 0 1 0 0 0 0 0 0 
0 0 0 0 1 1 1 0 0 0 
0 0 1 0 1 0 1 0 1 1 
0 0 0 0 0 0 0 1 0 1 
0 0 0 1 1 0 0 0 0 0 
0 0 0 0 0 0 0 1 0 1 
0 0 1 0 1 0 1 0 0 0 
1 1 0 0 0 0 0 0 0 0 
0 0 0 1 1 1 0 0 1 0 
1 1 0 1 0 0 0 0 0 0 
0 0 1 0 0 1 0 0 0 0 
1 0 0 0 0 0 0 0 0 0 
0 0 0 1 0 1 1 0 0 1 
0 1 0 0 0 0 0 0 0 0 
0 0 0 0 0 0 1 1 0 0 
0 0 0 0 0 0 0 0 1 0 
0 0 0 0 0 1 0 1 1 1 
1 0 0 0 0 0 0 1 1 0 
0 1 1 0 0 0 0 0 0 0 
1 1 1 0 0 0 0 0 0 0 
OpenStacks: 9
Took 0.14 seconds

buffer: Warwick 889: balanced orders, 5 orders per product
numCustomers: 20
numProducts: 10
1 1 0 0 0 0 0 0 0 0 
0 0 0 0 1 0 0 0 1 1 
0 0 0 0 0 1 1 0 0 1 
1 0 1 1 0 1 1 0 0 0 
1 0 0 0 0 1 1 1 0 0 
1 1 0 0 0 0 0 1 1 1 
0 0 0 0 0 1 1 0 0 0 
0 1 0 0 0 0 0 0 0 0 
0 0 0 0 0 0 0 1 0 0 
1 1 0 0 0 0 0 0 0 1 
0 0 0 0 1 0 0 0 0 0 
0 0 0 1 1 0 0 1 0 1 
0 0 0 0 0 0 0 0 1 0 
0 1 1 0 0 0 0 0 0 0 
0 0 0 0 1 0 0 0 0 0 
0 0 0 1 0 0 0 1 1 0 
0 0 1 0 0 0 0 0 0 0 
0 0 1 1 1 1 0 0 0 0 
0 0 1 1 0 0 1 0 0 0 
0 0 0 0 0 0 0 0 1 0 
Best Sequence: 
8 4 9 7 3 6 5 2 1 0 
0 0 0 0 0 0 0 0 1 1 
1 1 1 0 0 0 0 0 0 0 
0 0 1 0 0 1 1 0 0 0 
0 0 0 0 1 1 1 1 0 1 
0 0 0 1 0 1 1 0 0 1 
1 0 1 1 0 0 0 0 1 1 
0 0 0 0 0 1 1 0 0 0 
0 0 0 0 0 0 0 0 1 0 
0 0 0 1 0 0 0 0 0 0 
0 0 1 0 0 0 0 0 1 1 
0 1 0 0 0 0 0 0 0 0 
0 1 1 1 1 0 0 0 0 0 
1 0 0 0 0 0 0 0 0 0 
0 0 0 0 0 0 0 1 1 0 
0 1 0 0 0 0 0 0 0 0 
1 0 0 1 1 0 0 0 0 0 
0 0 0 0 0 0 0 1 0 0 
0 1 0 0 1 0 1 1 0 0 
0 0 0 0 1 1 0 1 0 0 
1 0 0 0 0 0 0 0 0 0 
OpenStacks: 9
Took 0.13 seconds

buffer: Warwick 890: balanced orders, 5 orders per product
numCustomers: 20
numProducts: 10
0 0 1 0 1 0 0 0 0 0 
0 0 0 0 0 0 0 0 1 0 
1 0 1 0 0 0 0 1 1 0 
0 0 0 0 0 0 0 0 0 1 
0 0 1 0 0 0 0 0 0 0 
0 1 0 1 0 1 1 0 0 0 
1 0 0 0 0 0 1 1 0 0 
0 0 0 1 0 0 0 0 0 0 
0 0 0 0 0 0 0 0 0 1 
0 1 0 1 1 0 1 0 0 1 
0 0 0 0 1 0 0 0 0 0 
0 0 0 0 0 0 0 1 0 0 
0 0 0 0 0 1 0 0 0 1 
0 0 0 1 0 0 0 0 0 0 
0 1 0 0 0 0 0 1 0 0 
0 0 1 1 0 1 0 0 1 0 
1 1 0 0 1 1 0 0 1 0 
1 0 0 0 1 0 1 0 0 0 
0 1 1 0 0 0 0 0 0 1 
1 0 0 0 0 1 1 1 1 0 
Best Sequence: 
9 3 5 8 2 1 7 6 4 0 
0 0 0 0 1 0 0 0 1 0 
0 0 0 1 0 0 0 0 0 0 
0 0 0 1 1 0 1 0 0 1 
1 0 0 0 0 0 0 0 0 0 
0 0 0 0 1 0 0 0 0 0 
0 1 1 0 0 1 0 1 0 0 
0 0 0 0 0 0 1 1 0 1 
0 1 0 0 0 0 0 0 0 0 
1 0 0 0 0 0 0 0 0 0 
1 1 0 0 0 1 0 1 1 0 
0 0 0 0 0 0 0 0 1 0 
0 0 0 0 0 0 1 0 0 0 
1 0 1 0 0 0 0 0 0 0 
0 1 0 0 0 0 0 0 0 0 
0 0 0 0 0 1 1 0 0 0 
0 1 1 1 1 0 0 0 0 0 
0 0 1 1 0 1 0 0 1 1 
0 0 0 0 0 0 0 1 1 1 
1 0 0 0 1 1 0 0 0 0 
0 0 1 1 0 0 1 1 0 1 
OpenStacks: 9
Took 0.14 seconds

buffer: Warwick 891: balanced orders, 6 orders per product
numCustomers: 20
numProducts: 10
0 0 0 1 0 0 1 0 0 0 
1 0 0 1 1 0 0 0 0 0 
1 0 0 0 0 1 0 0 0 0 
0 0 1 0 0 0 0 1 0 1 
0 0 0 0 1 0 0 1 0 0 
0 1 1 0 1 1 0 1 0 0 
0 0 1 1 0 0 0 0 0 0 
0 0 1 1 1 0 1 1 0 0 
0 0 0 1 1 0 0 0 0 1 
0 1 1 0 0 1 0 0 0 0 
1 0 0 0 0 1 0 0 0 0 
1 1 0 1 1 1 0 0 1 0 
1 1 0 0 0 0 1 1 0 0 
0 0 0 0 0 0 0 0 1 0 
0 0 0 0 0 0 1 0 0 0 
1 0 0 0 0 0 0 0 0 1 
0 1 1 0 0 0 0 0 1 0 
0 0 0 0 0 0 1 0 1 1 
0 0 0 0 0 0 0 0 1 1 
0 1 0 0 0 1 1 1 1 1 
Best Sequence: 
8 9 6 7 4 3 2 5 1 0 
0 0 1 0 0 1 0 0 0 0 
0 0 0 0 1 1 0 0 0 1 
0 0 0 0 0 0 0 1 0 1 
0 1 0 1 0 0 1 0 0 0 
0 0 0 1 1 0 0 0 0 0 
0 0 0 1 1 0 1 1 1 0 
0 0 0 0 0 1 1 0 0 0 
0 0 1 1 1 1 1 0 0 0 
0 1 0 0 1 1 0 0 0 0 
0 0 0 0 0 0 1 1 1 0 
0 0 0 0 0 0 0 1 0 1 
1 0 0 0 1 1 0 1 1 1 
0 0 1 1 0 0 0 0 1 1 
1 0 0 0 0 0 0 0 0 0 
0 0 1 0 0 0 0 0 0 0 
0 1 0 0 0 0 0 0 0 1 
1 0 0 0 0 0 1 0 1 0 
1 1 1 0 0 0 0 0 0 0 
1 1 0 0 0 0 0 0 0 0 
1 1 1 1 0 0 0 1 1 0 
OpenStacks: 12
Took 0.14 seconds

buffer: Warwick 892: balanced orders, 6 orders per product
numCustomers: 20
numProducts: 10
0 0 1 0 0 0 1 0 0 0 
0 0 1 1 0 0 1 0 0 0 
0 0 0 0 1 0 1 1 0 1 
0 0 0 0 0 1 0 0 0 0 
0 0 0 1 0 1 0 0 0 0 
0 1 0 1 1 0 0 0 0 0 
1 1 0 0 1 0 0 1 1 0 
1 0 0 0 0 0 0 1 0 0 
0 0 0 0 0 1 1 0 1 1 
1 1 0 0 0 0 0 0 0 0 
0 0 0 1 0 0 0 0 1 1 
0 1 0 0 1 0 0 0 0 1 
1 0 0 0 0 1 0 0 0 0 
0 0 1 1 1 0 0 0 0 0 
0 0 1 1 0 0 1 0 1 0 
0 0 0 0 0 0 0 1 1 1 
0 0 0 0 0 0 1 0 1 0 
1 1 0 0 1 0 0 1 0 1 
1 0 1 0 0 1 0 1 0 0 
0 1 1 0 0 1 0 0 0 0 
Best Sequence: 
8 6 2 3 5 9 7 4 1 0 
0 1 1 0 0 0 0 0 0 0 
0 1 1 1 0 0 0 0 0 0 
0 1 0 0 0 1 1 1 0 0 
0 0 0 0 1 0 0 0 0 0 
0 0 0 1 1 0 0 0 0 0 
0 0 0 1 0 0 0 1 1 0 
1 0 0 0 0 0 1 1 1 1 
0 0 0 0 0 0 1 0 0 1 
1 1 0 0 1 1 0 0 0 0 
0 0 0 0 0 0 0 0 1 1 
1 0 0 1 0 1 0 0 0 0 
0 0 0 0 0 1 0 1 1 0 
0 0 0 0 1 0 0 0 0 1 
0 0 1 1 0 0 0 1 0 0 
1 1 1 1 0 0 0 0 0 0 
1 0 0 0 0 1 1 0 0 0 
1 1 0 0 0 0 0 0 0 0 
0 0 0 0 0 1 1 1 1 1 
0 0 1 0 1 0 1 0 0 1 
0 0 1 0 1 0 0 0 1 0 
OpenStacks: 12
Took 0.14 seconds

buffer: Warwick 893: balanced orders, 6 orders per product
numCustomers: 20
numProducts: 10
1 0 0 1 1 1 1 0 0 1 
0 1 0 1 1 0 0 0 0 0 
0 1 0 0 0 0 1 0 1 0 
0 0 0 0 0 0 0 0 0 1 
1 0 1 1 0 1 0 0 0 1 
0 0 0 0 0 0 1 0 1 0 
1 1 1 0 0 0 0 0 0 0 
0 1 1 0 0 0 0 0 1 0 
1 0 0 0 0 0 0 1 0 0 
1 0 0 0 0 0 0 0 0 1 
0 1 1 0 1 1 1 1 0 0 
0 0 0 0 0 1 0 0 1 0 
0 0 0 1 0 1 0 1 0 0 
0 0 1 1 0 0 0 0 0 0 
1 0 0 1 1 0 1 0 0 1 
0 0 0 0 0 0 0 0 1 0 
0 1 0 0 1 1 0 0 0 1 
0 0 1 0 0 0 0 1 0 0 
0 0 0 0 1 0 1 1 0 0 
0 0 0 0 0 0 0 1 1 0 
Best Sequence: 
8 7 6 5 4 3 2 9 1 0 
0 0 1 1 1 1 0 1 0 1 
0 0 0 0 1 1 0 0 1 0 
1 0 1 0 0 0 0 0 1 0 
0 0 0 0 0 0 0 1 0 0 
0 0 0 1 0 1 1 1 0 1 
1 0 1 0 0 0 0 0 0 0 
0 0 0 0 0 0 1 0 1 1 
1 0 0 0 0 0 1 0 1 0 
0 1 0 0 0 0 0 0 0 1 
0 0 0 0 0 0 0 1 0 1 
0 1 1 1 1 0 1 0 1 0 
1 0 0 1 0 0 0 0 0 0 
0 1 0 1 0 1 0 0 0 0 
0 0 0 0 0 1 1 0 0 0 
0 0 1 0 1 1 0 1 0 1 
1 0 0 0 0 0 0 0 0 0 
0 0 0 1 1 0 0 1 1 0 
0 1 0 0 0 0 1 0 0 0 
0 1 1 0 1 0 0 0 0 0 
1 1 0 0 0 0 0 0 0 0 
OpenStacks: 12
Took 0.13 seconds

buffer: Warwick 894: balanced orders, 6 orders per product
numCustomers: 20
numProducts: 10
0 0 0 1 0 1 1 1 0 1 
0 0 1 0 0 1 0 0 0 0 
0 0 0 0 1 1 1 0 0 0 
0 1 0 0 0 0 0 1 0 1 
1 0 0 1 0 0 0 0 0 0 
1 0 1 0 0 0 0 1 0 0 
0 0 1 0 1 1 0 0 0 0 
1 0 0 0 0 1 0 0 0 1 
1 0 0 1 0 0 0 0 1 0 
0 1 0 0 0 0 1 1 0 0 
0 1 0 0 0 0 1 1 0 0 
0 0 1 0 0 0 1 0 1 0 
0 0 0 1 0 0 1 0 0 1 
1 1 0 0 0 0 0 1 0 0 
0 0 1 1 0 0 0 0 1 0 
0 0 1 0 0 0 0 0 0 1 
0 1 0 0 1 1 0 0 0 1 
0 0 0 0 1 0 0 0 1 0 
0 1 0 0 1 0 0 0 1 0 
1 0 0 1 1 0 0 0 1 0 
Best Sequence: 
7 6 1 9 5 2 4 8 3 0 
1 1 0 1 1 0 0 0 1 0 
0 0 0 0 1 1 0 0 0 0 
0 1 0 0 1 0 1 0 0 0 
1 0 1 1 0 0 0 0 0 0 
0 0 0 0 0 0 0 0 1 1 
1 0 0 0 0 1 0 0 0 1 
0 0 0 0 1 1 1 0 0 0 
0 0 0 1 1 0 0 0 0 1 
0 0 0 0 0 0 0 1 1 1 
1 1 1 0 0 0 0 0 0 0 
1 1 1 0 0 0 0 0 0 0 
0 1 0 0 0 1 0 1 0 0 
0 1 0 1 0 0 0 0 1 0 
1 0 1 0 0 0 0 0 0 1 
0 0 0 0 0 1 0 1 1 0 
0 0 0 1 0 1 0 0 0 0 
0 0 1 1 1 0 1 0 0 0 
0 0 0 0 0 0 1 1 0 0 
0 0 1 0 0 0 1 1 0 0 
0 0 0 0 0 0 1 1 1 1 
OpenStacks: 13
Took 0.14 seconds

buffer: Warwick 895: balanced orders, 6 orders per product
numCustomers: 20
numProducts: 10
1 0 0 0 0 1 1 1 1 1 
1 1 0 0 1 0 0 0 0 0 
0 0 1 0 1 0 0 0 0 0 
0 0 0 0 1 0 0 0 0 0 
0 0 1 0 0 0 1 0 0 0 
0 0 0 1 0 0 0 0 0 0 
0 0 0 0 0 0 1 0 1 0 
1 0 1 0 0 0 0 1 0 0 
1 0 0 0 1 0 1 0 1 0 
0 1 1 1 0 0 0 1 0 0 
0 0 1 1 0 1 0 0 0 0 
0 0 0 1 0 0 1 0 0 0 
0 0 0 0 1 0 0 0 0 1 
0 1 0 1 1 1 0 0 0 1 
0 1 0 0 0 0 1 0 1 1 
0 1 0 0 0 1 0 1 1 1 
1 1 1 0 0 0 0 0 0 0 
1 0 0 1 0 0 0 1 1 0 
0 0 0 0 0 1 0 0 0 0 
0 0 0 0 0 1 0 1 0 1 
Best Sequence: 
4 9 5 7 1 0 8 2 6 3 
0 1 1 1 0 1 1 0 1 0 
1 0 0 0 1 1 0 0 0 0 
1 0 0 0 0 0 0 1 0 0 
1 0 0 0 0 0 0 0 0 0 
0 0 0 0 0 0 0 1 1 0 
0 0 0 0 0 0 0 0 0 1 
0 0 0 0 0 0 1 0 1 0 
0 0 0 1 0 1 0 1 0 0 
1 0 0 0 0 1 1 0 1 0 
0 0 0 1 1 0 0 1 0 1 
0 0 1 0 0 0 0 1 0 1 
0 0 0 0 0 0 0 0 1 1 
1 1 0 0 0 0 0 0 0 0 
1 1 1 0 1 0 0 0 0 1 
0 1 0 0 1 0 1 0 1 0 
0 1 1 1 1 0 1 0 0 0 
0 0 0 0 1 1 0 1 0 0 
0 0 0 1 0 1 1 0 0 1 
0 0 1 0 0 0 0 0 0 0 
0 1 1 1 0 0 0 0 0 0 
OpenStacks: 12
Took 0.14 seconds

buffer: Warwick 896: balanced orders, 6 orders per product
numCustomers: 20
numProducts: 10
0 0 0 0 1 0 1 0 0 0 
0 0 0 0 0 0 0 0 1 0 
0 0 0 0 0 0 1 0 0 1 
0 1 0 0 0 0 0 0 0 1 
0 0 1 0 0 0 0 0 0 0 
0 1 0 0 0 1 0 1 0 0 
0 0 0 0 1 1 0 0 1 0 
1 1 1 0 0 0 1 0 1 0 
0 0 0 0 0 0 0 0 0 1 
0 1 0 1 0 0 0 0 0 0 
0 0 1 1 0 1 0 0 1 1 
1 1 0 1 1 0 0 1 0 0 
0 0 0 0 1 1 0 0 0 0 
0 1 0 1 0 0 1 0 0 1 
1 0 1 0 0 0 1 1 0 0 
0 0 1 0 1 0 0 1 0 0 
1 0 1 0 0 0 0 1 1 0 
1 0 0 1 1 0 0 0 0 0 
1 0 0 1 0 1 0 0 0 0 
0 0 0 0 0 1 1 1 1 1 
Best Sequence: 
9 6 1 3 5 4 8 7 2 0 
0 1 0 0 0 1 0 0 0 0 
0 0 0 0 0 0 1 0 0 0 
1 1 0 0 0 0 0 0 0 0 
1 0 1 0 0 0 0 0 0 0 
0 0 0 0 0 0 0 0 1 0 
0 0 1 0 1 0 0 1 0 0 
0 0 0 0 1 1 1 0 0 0 
0 1 1 0 0 0 1 0 1 1 
1 0 0 0 0 0 0 0 0 0 
0 0 1 1 0 0 0 0 0 0 
1 0 0 1 1 0 1 0 1 0 
0 0 1 1 0 1 0 1 0 1 
0 0 0 0 1 1 0 0 0 0 
1 1 1 1 0 0 0 0 0 0 
0 1 0 0 0 0 0 1 1 1 
0 0 0 0 0 1 0 1 1 0 
0 0 0 0 0 0 1 1 1 1 
0 0 0 1 0 1 0 0 0 1 
0 0 0 1 1 0 0 0 0 1 
1 1 0 0 1 0 1 1 0 0 
OpenStacks: 12
Took 0.14 seconds

buffer: Warwick 897: balanced orders, 6 orders per product
numCustomers: 20
numProducts: 10
0 1 0 1 0 1 0 0 0 0 
0 0 0 0 1 0 0 1 0 0 
0 1 0 1 0 0 1 0 1 1 
1 1 1 0 0 1 0 0 0 1 
1 0 1 1 0 0 0 0 1 0 
0 0 0 0 1 0 1 0 1 0 
0 0 0 0 0 0 0 0 0 1 
0 1 1 0 0 1 0 1 1 1 
0 0 0 0 1 0 0 0 0 0 
0 0 0 0 0 0 0 0 1 0 
0 0 0 0 0 1 0 1 1 0 
0 0 0 1 0 1 0 1 0 0 
1 0 1 1 1 0 0 0 0 0 
0 0 0 0 0 0 1 1 0 1 
1 0 0 1 0 0 0 0 0 0 
0 0 0 0 1 0 1 0 0 0 
1 0 0 0 0 0 1 1 0 1 
0 0 1 0 0 0 0 0 0 0 
0 1 1 0 1 1 0 0 0 0 
1 1 0 0 0 0 1 0 0 0 
Best Sequence: 
8 4 6 9 7 5 3 2 1 0 
0 0 0 0 0 1 1 0 1 0 
0 1 0 0 1 0 0 0 0 0 
1 0 1 1 0 0 1 0 1 0 
0 0 0 1 0 1 0 1 1 1 
1 0 0 0 0 0 1 1 0 1 
1 1 1 0 0 0 0 0 0 0 
0 0 0 1 0 0 0 0 0 0 
1 0 0 1 1 1 0 1 1 0 
0 1 0 0 0 0 0 0 0 0 
1 0 0 0 0 0 0 0 0 0 
1 0 0 0 1 1 0 0 0 0 
0 0 0 0 1 1 1 0 0 0 
0 1 0 0 0 0 1 1 0 1 
0 0 1 1 1 0 0 0 0 0 
0 0 0 0 0 0 1 0 0 1 
0 1 1 0 0 0 0 0 0 0 
0 0 1 1 1 0 0 0 0 1 
0 0 0 0 0 0 0 1 0 0 
0 1 0 0 0 1 0 1 1 0 
0 0 1 0 0 0 0 0 1 1 
OpenStacks: 12
Took 0.14 seconds

buffer: Warwick 898: balanced orders, 6 orders per product
numCustomers: 20
numProducts: 10
0 0 0 1 0 0 0 0 0 0 
0 0 0 0 0 0 1 1 0 0 
0 1 0 1 1 0 0 0 0 0 
1 1 0 0 1 0 0 0 0 0 
0 0 0 0 0 0 1 0 0 0 
0 0 0 0 1 0 0 1 0 0 
0 0 1 0 0 0 1 0 0 0 
0 0 0 0 0 1 0 1 0 1 
0 0 0 1 0 1 1 0 0 1 
1 0 1 0 1 1 1 1 0 0 
1 0 1 1 0 1 0 0 1 1 
1 0 1 0 0 0 0 0 1 0 
0 1 0 1 1 0 1 0 0 0 
0 0 1 0 0 1 0 0 0 1 
1 0 0 1 1 0 0 1 1 0 
0 0 0 0 0 0 0 0 1 0 
0 1 1 0 0 0 0 0 0 0 
0 1 0 0 0 0 0 0 0 0 
0 1 0 0 0 0 0 1 1 1 
1 0 0 0 0 1 0 0 1 1 
Best Sequence: 
6 7 9 5 3 8 4 2 1 0 
0 0 0 0 1 0 0 0 0 0 
1 1 0 0 0 0 0 0 0 0 
0 0 0 0 1 0 1 0 1 0 
0 0 0 0 0 0 1 0 1 1 
1 0 0 0 0 0 0 0 0 0 
0 1 0 0 0 0 1 0 0 0 
1 0 0 0 0 0 0 1 0 0 
0 1 1 1 0 0 0 0 0 0 
1 0 1 1 1 0 0 0 0 0 
1 1 0 1 0 0 1 1 0 1 
0 0 1 1 1 1 0 1 0 1 
0 0 0 0 0 1 0 1 0 1 
1 0 0 0 1 0 1 0 1 0 
0 0 1 1 0 0 0 1 0 0 
0 1 0 0 1 1 1 0 0 1 
0 0 0 0 0 1 0 0 0 0 
0 0 0 0 0 0 0 1 1 0 
0 0 0 0 0 0 0 0 1 0 
0 1 1 0 0 1 0 0 1 0 
0 0 1 1 0 1 0 0 0 1 
OpenStacks: 12
Took 0.13 seconds

buffer: Warwick 899: balanced orders, 6 orders per product
numCustomers: 20
numProducts: 10
1 1 1 0 1 0 0 0 0 1 
0 0 0 1 0 0 1 1 0 0 
0 1 0 0 0 0 0 0 1 0 
0 1 1 1 0 0 0 0 0 0 
1 0 0 0 0 1 1 1 1 0 
0 0 0 0 0 0 1 1 1 0 
1 0 1 0 1 0 0 0 0 0 
0 0 1 1 1 0 0 0 1 1 
0 0 0 0 0 0 0 0 1 0 
1 1 0 0 1 0 1 0 0 0 
0 0 0 1 1 1 0 1 0 0 
0 0 0 0 0 0 1 0 1 0 
0 0 0 0 1 0 0 0 0 1 
0 1 0 0 0 1 0 0 0 0 
0 0 0 0 0 0 0 1 0 1 
1 0 0 0 0 1 0 0 0 0 
1 0 0 0 0 0 1 0 0 0 
0 0 1 1 0 0 0 0 0 1 
0 1 1 1 0 1 0 1 0 0 
0 0 0 0 0 1 0 0 0 1 
Best Sequence: 
9 5 4 0 2 3 7 6 8 1 
1 0 1 1 1 0 0 0 0 1 
0 0 0 0 0 1 1 1 0 0 
0 0 0 0 0 0 0 0 1 1 
0 0 0 0 1 1 0 0 0 1 
0 1 0 1 0 0 1 1 1 0 
0 0 0 0 0 0 1 1 1 0 
0 0 1 1 1 0 0 0 0 0 
1 0 1 0 1 1 0 0 1 0 
0 0 0 0 0 0 0 0 1 0 
0 0 1 1 0 0 0 1 0 1 
0 1 1 0 0 1 1 0 0 0 
0 0 0 0 0 0 0 1 1 0 
1 0 1 0 0 0 0 0 0 0 
0 1 0 0 0 0 0 0 0 1 
1 0 0 0 0 0 1 0 0 0 
0 1 0 1 0 0 0 0 0 0 
0 0 0 1 0 0 0 1 0 0 
1 0 0 0 1 1 0 0 0 0 
0 1 0 0 1 1 1 0 0 1 
1 1 0 0 0 0 0 0 0 0 
OpenStacks: 12
Took 0.14 seconds

buffer: Warwick 900: balanced orders, 6 orders per product
numCustomers: 20
numProducts: 10
0 1 0 0 0 0 0 0 1 0 
0 0 1 0 0 0 0 0 0 1 
0 0 0 1 0 0 1 0 0 0 
1 0 1 0 0 1 0 1 0 0 
1 0 1 0 1 0 1 1 0 1 
0 0 0 1 0 0 0 1 0 1 
0 0 0 0 1 1 1 0 0 0 
0 1 0 1 1 0 0 0 1 0 
0 0 0 0 1 1 0 0 0 0 
0 0 0 0 0 0 0 1 0 1 
0 0 0 0 0 1 1 0 0 0 
0 1 0 0 0 0 0 0 0 0 
0 0 0 0 0 0 0 0 1 1 
1 0 1 1 0 0 0 0 1 0 
0 1 0 1 0 0 0 1 0 0 
1 1 1 0 0 0 1 0 1 0 
1 0 0 0 1 1 0 0 0 0 
1 1 1 0 1 0 1 0 1 1 
0 0 0 1 0 0 0 0 0 0 
0 0 0 0 0 1 0 1 0 0 
Best Sequence: 
1 8 9 2 7 3 6 5 4 0 
1 1 0 0 0 0 0 0 0 0 
0 0 1 1 0 0 0 0 0 0 
0 0 0 0 0 1 1 0 0 0 
0 0 0 1 1 0 0 1 0 1 
0 0 1 1 1 0 1 0 1 1 
0 0 1 0 1 1 0 0 0 0 
0 0 0 0 0 0 1 1 1 0 
1 1 0 0 0 1 0 0 1 0 
0 0 0 0 0 0 0 1 1 0 
0 0 1 0 1 0 0 0 0 0 
0 0 0 0 0 0 1 1 0 0 
1 0 0 0 0 0 0 0 0 0 
0 1 1 0 0 0 0 0 0 0 
0 1 0 1 0 1 0 0 0 1 
1 0 0 0 1 1 0 0 0 0 
1 1 0 1 0 0 1 0 0 1 
0 0 0 0 0 0 0 1 1 1 
1 1 1 1 0 0 1 0 1 1 
0 0 0 0 0 1 0 0 0 0 
0 0 0 0 1 0 0 1 0 0 
OpenStacks: 11
Took 0.14 seconds

buffer: Warwick 901: balanced orders, 7 orders per product
numCustomers: 20
numProducts: 10
0 1 0 0 0 0 0 0 0 1 
0 1 1 0 0 1 0 1 0 1 
1 0 0 0 0 1 1 0 1 0 
1 0 1 0 1 0 1 1 0 0 
1 0 1 0 0 0 0 0 0 1 
0 0 1 1 1 0 0 1 0 1 
0 1 0 0 1 0 0 0 0 0 
0 0 0 1 0 0 0 0 1 0 
0 0 0 0 1 0 0 0 0 0 
1 1 1 0 0 0 0 1 1 0 
0 1 0 0 0 1 1 0 0 0 
1 0 1 1 1 1 0 0 1 0 
0 0 0 1 1 0 0 0 0 1 
0 1 0 0 1 0 0 1 0 0 
1 0 0 0 0 1 1 0 0 0 
0 0 0 1 0 1 0 1 1 0 
0 0 1 0 0 0 1 1 0 1 
0 0 0 1 0 0 1 0 0 0 
0 1 0 0 0 0 1 0 1 1 
1 0 0 1 0 1 0 0 1 0 
Best Sequence: 
4 1 9 7 3 8 6 5 2 0 
0 1 1 0 0 0 0 0 0 0 
0 1 1 1 0 0 0 1 1 0 
0 0 0 0 0 1 1 1 0 1 
1 0 0 1 0 0 1 0 1 1 
0 0 1 0 0 0 0 0 1 1 
1 0 1 1 1 0 0 0 1 0 
1 1 0 0 0 0 0 0 0 0 
0 0 0 0 1 1 0 0 0 0 
1 0 0 0 0 0 0 0 0 0 
0 1 0 1 0 1 0 0 1 1 
0 1 0 0 0 0 1 1 0 0 
1 0 0 0 1 1 0 1 1 1 
1 0 1 0 1 0 0 0 0 0 
1 1 0 1 0 0 0 0 0 0 
0 0 0 0 0 0 1 1 0 1 
0 0 0 1 1 1 0 1 0 0 
0 0 1 1 0 0 1 0 1 0 
0 0 0 0 1 0 1 0 0 0 
0 1 1 0 0 1 1 0 0 0 
0 0 0 0 1 1 0 1 0 1 
OpenStacks: 14
Took 0.14 seconds

buffer: Warwick 902: balanced orders, 7 orders per product
numCustomers: 20
numProducts: 10
0 1 0 1 1 0 0 0 0 1 
1 0 0 1 0 0 1 0 1 0 
0 0 1 1 1 0 0 0 1 0 
1 0 0 0 1 1 0 0 0 0 
0 0 1 0 0 0 1 0 1 0 
0 0 0 0 0 1 0 1 0 0 
1 1 0 1 0 0 0 1 0 0 
1 1 1 1 0 0 0 0 1 1 
1 0 0 0 0 1 1 0 0 0 
0 0 1 1 0 1 0 0 0 0 
1 1 1 0 0 0 1 1 0 0 
0 1 0 0 0 0 0 1 1 1 
0 0 0 0 0 1 1 1 0 0 
0 0 1 0 1 1 1 0 0 1 
0 0 0 0 1 0 0 1 0 1 
0 0 0 0 0 0 0 1 0 0 
0 1 0 0 1 0 0 0 1 1 
0 1 0 0 1 1 0 0 0 0 
0 0 0 0 0 0 1 0 0 1 
1 0 1 1 0 0 0 0 1 0 
Best Sequence: 
7 5 6 9 4 8 3 2 1 0 
0 0 0 1 1 0 1 0 1 0 
0 0 1 0 0 1 1 0 0 1 
0 0 0 0 1 1 1 1 0 0 
0 1 0 0 1 0 0 0 0 1 
0 0 1 0 0 1 0 1 0 0 
1 1 0 0 0 0 0 0 0 0 
1 0 0 0 0 0 1 0 1 1 
0 0 0 1 0 1 1 1 1 1 
0 1 1 0 0 0 0 0 0 1 
0 1 0 0 0 0 1 1 0 0 
1 0 1 0 0 0 0 1 1 1 
1 0 0 1 0 1 0 0 1 0 
1 1 1 0 0 0 0 0 0 0 
0 1 1 1 1 0 0 1 0 0 
1 0 0 1 1 0 0 0 0 0 
1 0 0 0 0 0 0 0 0 0 
0 0 0 1 1 1 0 0 1 0 
0 1 0 0 1 0 0 0 1 0 
0 0 1 1 0 0 0 0 0 0 
0 0 0 0 0 1 1 1 0 1 
OpenStacks: 15
Took 0.14 seconds

buffer: Warwick 903: balanced orders, 7 orders per product
numCustomers: 20
numProducts: 10
0 1 1 0 1 1 0 0 1 0 
0 0 0 1 1 0 1 1 1 0 
0 1 0 1 1 1 0 0 0 1 
1 0 0 0 0 1 0 0 0 1 
0 0 1 0 0 0 0 1 0 1 
0 0 0 0 0 0 1 0 1 0 
1 0 0 0 0 0 1 1 1 0 
1 1 0 0 0 0 1 0 0 0 
1 0 0 0 1 0 1 1 0 0 
0 0 0 0 0 1 0 0 0 0 
1 0 0 1 0 0 0 0 0 0 
0 1 0 0 0 1 1 0 1 0 
1 0 1 1 0 0 1 0 0 1 
0 0 0 1 1 0 0 1 1 1 
0 0 0 0 0 0 0 0 0 1 
0 1 1 1 0 0 0 1 0 0 
1 1 0 0 0 0 0 1 0 1 
0 0 1 0 1 1 0 0 0 0 
0 1 1 0 1 1 0 0 0 0 
0 0 1 1 0 0 0 0 1 0 
Best Sequence: 
9 5 4 2 7 1 8 6 3 0 
0 1 1 1 0 1 1 0 0 0 
0 0 1 0 1 0 1 1 1 0 
1 1 1 0 0 1 0 0 1 0 
1 1 0 0 0 0 0 0 0 1 
1 0 0 1 1 0 0 0 0 0 
0 0 0 0 0 0 1 1 0 0 
0 0 0 0 1 0 1 1 0 1 
0 0 0 0 0 1 0 1 0 1 
0 0 1 0 1 0 0 1 0 1 
0 1 0 0 0 0 0 0 0 0 
0 0 0 0 0 0 0 0 1 1 
0 1 0 0 0 1 1 1 0 0 
1 0 0 1 0 0 0 1 1 1 
1 0 1 0 1 0 1 0 1 0 
1 0 0 0 0 0 0 0 0 0 
0 0 0 1 1 1 0 0 1 0 
1 0 0 0 1 1 0 0 0 1 
0 1 1 1 0 0 0 0 0 0 
0 1 1 1 0 1 0 0 0 0 
0 0 0 1 0 0 1 0 1 0 
OpenStacks: 14
Took 0.14 seconds

buffer: Warwick 904: balanced orders, 7 orders per product
numCustomers: 20
numProducts: 10
0 0 0 1 0 1 0 0 0 0 
1 0 0 0 1 0 1 0 1 0 
0 0 1 0 1 0 1 0 0 1 
0 0 0 1 1 0 0 0 1 1 
1 0 0 0 1 1 0 0 1 1 
1 0 1 0 0 1 1 0 0 0 
0 0 1 0 0 0 1 1 1 1 
1 0 0 1 0 0 0 1 0 0 
0 1 1 0 0 0 0 1 0 0 
0 1 1 0 0 1 0 1 0 0 
1 0 0 0 1 0 0 0 1 0 
1 0 0 1 0 0 0 0 0 1 
0 1 0 1 0 0 0 0 1 0 
1 1 0 0 0 0 0 0 0 0 
0 1 0 1 0 1 0 1 0 1 
0 0 0 1 0 0 1 1 0 1 
0 0 0 0 1 0 0 0 0 0 
0 1 1 0 1 0 1 0 1 0 
0 0 1 0 0 1 1 0 0 0 
0 1 0 0 0 1 0 1 0 0 
Best Sequence: 
7 5 1 2 9 3 8 6 4 0 
0 1 0 0 0 1 0 0 0 0 
0 0 0 0 0 0 1 1 1 1 
0 0 0 1 1 0 0 1 1 0 
0 0 0 0 1 1 1 0 1 0 
0 1 0 0 1 0 1 0 1 1 
0 1 0 1 0 0 0 1 0 1 
1 0 0 1 1 0 1 1 0 0 
1 0 0 0 0 1 0 0 0 1 
1 0 1 1 0 0 0 0 0 0 
1 1 1 1 0 0 0 0 0 0 
0 0 0 0 0 0 1 0 1 1 
0 0 0 0 1 1 0 0 0 1 
0 0 1 0 0 1 1 0 0 0 
0 0 1 0 0 0 0 0 0 1 
1 1 1 0 1 1 0 0 0 0 
1 0 0 0 1 1 0 1 0 0 
0 0 0 0 0 0 0 0 1 0 
0 0 1 1 0 0 1 1 1 0 
0 1 0 1 0 0 0 1 0 0 
1 1 1 0 0 0 0 0 0 0 
OpenStacks: 14
Took 0.14 seconds

buffer: Warwick 905: balanced orders, 7 orders per product
numCustomers: 20
numProducts: 10
0 0 0 0 1 0 0 0 0 0 
0 0 0 1 0 1 1 1 1 0 
0 0 1 1 1 1 1 0 0 0 
1 0 1 1 0 1 0 0 0 0 
0 0 1 0 0 0 0 1 1 0 
1 0 0 0 0 0 0 0 1 1 
0 0 0 0 0 0 1 0 0 1 
0 1 0 0 1 0 1 0 0 0 
1 1 0 0 0 0 0 0 0 0 
0 0 1 1 0 0 1 0 0 1 
1 0 0 1 1 0 0 0 0 1 
0 1 0 0 0 0 0 1 0 0 
1 0 1 1 1 1 0 1 0 0 
1 1 0 1 0 1 0 0 1 1 
0 1 1 0 0 1 0 0 1 1 
1 0 0 0 0 0 0 1 1 0 
0 1 0 0 0 0 0 1 0 0 
0 1 1 0 1 0 1 0 1 0 
0 0 0 0 1 1 1 0 0 0 
0 0 0 0 0 0 0 1 0 1 
Best Sequence: 
9 6 4 5 3 2 8 0 7 1 
0 0 1 0 0 0 0 0 0 0 
0 1 0 1 1 0 1 0 1 0 
0 1 1 1 1 1 0 0 0 0 
0 0 0 1 1 1 0 1 0 0 
0 0 0 0 0 1 1 0 1 0 
1 0 0 0 0 0 1 1 0 0 
1 1 0 0 0 0 0 0 0 0 
0 1 1 0 0 0 0 0 0 1 
0 0 0 0 0 0 0 1 0 1 
1 1 0 0 1 1 0 0 0 0 
1 0 1 0 1 0 0 1 0 0 
0 0 0 0 0 0 0 0 1 1 
0 0 1 1 1 1 0 1 1 0 
1 0 0 1 1 0 1 1 0 1 
1 0 0 1 0 1 1 0 0 1 
0 0 0 0 0 0 1 1 1 0 
0 0 0 0 0 0 0 0 1 1 
0 1 1 0 0 1 1 0 0 1 
0 1 1 1 0 0 0 0 0 0 
1 0 0 0 0 0 0 0 1 0 
OpenStacks: 13
Took 0.14 seconds

buffer: Warwick 906: balanced orders, 7 orders per product
numCustomers: 20
numProducts: 10
0 0 0 0 0 1 0 0 0 0 
0 0 1 1 0 1 0 0 0 0 
1 1 0 1 0 0 0 1 0 0 
1 0 1 0 0 0 1 0 0 0 
0 1 0 0 1 0 0 0 0 1 
1 0 0 0 1 1 1 1 1 0 
1 0 1 1 0 1 0 1 0 0 
0 1 1 0 1 0 0 0 1 0 
0 0 0 1 0 0 0 1 1 0 
0 1 1 0 0 0 1 0 0 1 
0 1 0 1 0 0 1 0 0 0 
0 1 0 0 1 0 1 0 1 1 
0 1 0 1 0 0 0 1 0 0 
1 0 0 0 0 1 1 1 0 1 
0 0 0 0 0 1 0 0 0 1 
1 0 0 0 0 0 0 0 0 0 
0 0 1 0 1 0 0 0 1 0 
0 0 0 0 0 0 1 0 0 1 
1 0 1 0 1 0 0 0 1 1 
0 0 0 1 1 1 0 1 1 0 
Best Sequence: 
5 8 7 3 4 1 9 6 2 0 
1 0 0 0 0 0 0 0 0 0 
1 0 0 1 0 0 0 0 1 0 
0 0 1 1 0 1 0 0 0 1 
0 0 0 0 0 0 0 1 1 1 
0 0 0 0 1 1 1 0 0 0 
1 1 1 0 1 0 0 1 0 1 
1 0 1 1 0 0 0 0 1 1 
0 1 0 0 1 1 0 0 1 0 
0 1 1 1 0 0 0 0 0 0 
0 0 0 0 0 1 1 1 1 0 
0 0 0 1 0 1 0 1 0 0 
0 1 0 0 1 1 1 1 0 0 
0 0 1 1 0 1 0 0 0 0 
1 0 1 0 0 0 1 1 0 1 
1 0 0 0 0 0 1 0 0 0 
0 0 0 0 0 0 0 0 0 1 
0 1 0 0 1 0 0 0 1 0 
0 0 0 0 0 0 1 1 0 0 
0 1 0 0 1 0 1 0 1 1 
1 1 1 1 1 0 0 0 0 0 
OpenStacks: 14
Took 0.14 seconds

buffer: Warwick 907: balanced orders, 7 orders per product
numCustomers: 20
numProducts: 10
0 0 1 0 0 0 0 0 0 0 
0 0 0 0 1 0 1 1 0 0 
0 0 0 0 1 0 0 0 0 1 
0 1 0 0 1 0 0 0 1 1 
0 1 0 0 0 1 1 0 0 0 
1 0 0 0 0 0 0 0 0 0 
0 0 1 0 0 0 0 0 1 1 
0 0 0 0 0 1 0 1 0 0 
1 0 0 1 0 0 0 1 1 0 
0 1 1 0 0 0 1 1 1 0 
1 0 1 0 0 1 0 0 1 1 
0 1 1 1 0 1 0 0 0 0 
0 0 0 0 0 1 0 1 0 1 
0 0 0 0 1 1 1 1 0 0 
0 0 0 1 1 1 1 0 0 0 
1 0 1 1 0 0 0 1 0 0 
1 1 1 1 1 0 0 0 1 1 
1 1 0 1 1 0 0 0 0 1 
0 0 0 1 0 0 1 0 1 0 
1 1 0 0 0 0 1 0 0 0 
Best Sequence: 
7 5 9 8 4 6 3 2 1 0 
0 0 0 0 0 0 0 1 0 0 
1 0 0 0 1 1 0 0 0 0 
0 0 1 0 1 0 0 0 0 0 
0 0 1 1 1 0 0 0 1 0 
0 1 0 0 0 1 0 0 1 0 
0 0 0 0 0 0 0 0 0 1 
0 0 1 1 0 0 0 1 0 0 
1 1 0 0 0 0 0 0 0 0 
1 0 0 1 0 0 1 0 0 1 
1 0 0 1 0 1 0 1 1 0 
0 1 1 1 0 0 0 1 0 1 
0 1 0 0 0 0 1 1 1 0 
1 1 1 0 0 0 0 0 0 0 
1 1 0 0 1 1 0 0 0 0 
0 1 0 0 1 1 1 0 0 0 
1 0 0 0 0 0 1 1 0 1 
0 0 1 1 1 0 1 1 1 1 
0 0 1 0 1 0 1 0 1 1 
0 0 0 1 0 1 1 0 0 0 
0 0 0 0 0 1 0 0 1 1 
OpenStacks: 15
Took 0.14 seconds

buffer: Warwick 908: balanced orders, 7 orders per product
numCustomers: 20
numProducts: 10
1 0 1 0 0 1 0 1 1 0 
0 0 0 0 0 0 0 0 1 0 
1 0 0 1 1 0 0 0 0 0 
0 1 1 1 1 1 1 0 0 1 
0 1 0 0 0 1 1 1 1 1 
0 0 0 0 0 0 0 0 1 1 
1 1 1 0 0 0 1 1 1 0 
0 1 1 1 1 1 1 0 0 1 
0 0 0 0 0 1 0 0 1 0 
1 0 0 1 1 0 0 1 0 0 
0 0 1 0 0 0 0 0 0 1 
0 0 0 0 0 0 0 1 0 0 
1 0 0 0 0 0 1 1 1 0 
1 0 1 0 1 0 1 0 0 0 
0 1 0 1 0 1 0 0 0 1 
0 1 1 0 1 0 0 0 0 0 
0 0 0 1 0 0 0 0 0 1 
0 0 0 0 0 0 1 0 0 0 
0 0 0 1 1 1 0 0 0 0 
1 1 0 0 0 0 0 1 0 0 
Best Sequence: 
8 9 5 3 4 2 7 6 1 0 
1 0 1 0 0 1 1 0 0 1 
1 0 0 0 0 0 0 0 0 0 
0 0 0 1 1 0 0 0 0 1 
0 1 1 1 1 1 0 1 1 0 
1 1 1 0 0 0 1 1 1 0 
1 1 0 0 0 0 0 0 0 0 
1 0 0 0 0 1 1 1 1 1 
0 1 1 1 1 1 0 1 1 0 
1 0 1 0 0 0 0 0 0 0 
0 0 0 1 1 0 1 0 0 1 
0 1 0 0 0 1 0 0 0 0 
0 0 0 0 0 0 1 0 0 0 
1 0 0 0 0 0 1 1 0 1 
0 0 0 0 1 1 0 1 0 1 
0 1 1 1 0 0 0 0 1 0 
0 0 0 0 1 1 0 0 1 0 
0 1 0 1 0 0 0 0 0 0 
0 0 0 0 0 0 0 1 0 0 
0 0 1 1 1 0 0 0 0 0 
0 0 0 0 0 0 1 0 1 1 
OpenStacks: 13
Took 0.14 seconds

buffer: Warwick 909: balanced orders, 7 orders per product
numCustomers: 20
numProducts: 10
1 1 0 0 1 0 0 1 0 0 
0 0 0 1 0 0 0 0 1 0 
0 1 0 1 1 0 0 0 0 0 
0 1 1 0 0 0 0 1 0 0 
1 0 1 0 0 0 1 0 1 1 
0 1 0 0 0 1 1 0 0 1 
1 0 1 0 0 1 0 1 0 0 
0 0 1 0 0 1 1 1 0 0 
1 0 1 0 0 0 0 0 1 1 
0 0 0 0 1 0 0 1 0 1 
0 0 0 1 0 0 0 1 0 0 
1 0 0 0 0 0 1 0 1 1 
1 0 0 0 1 1 0 0 0 0 
0 0 0 0 0 0 1 0 0 0 
1 0 0 1 0 0 0 0 0 0 
0 1 0 0 0 1 1 0 1 0 
0 1 1 0 1 0 1 1 1 0 
0 0 0 1 1 1 0 0 0 1 
0 1 0 1 0 0 0 0 1 1 
0 0 1 1 1 1 0 0 0 0 
Best Sequence: 
6 7 5 2 0 4 9 8 3 1 
0 1 0 0 1 1 0 0 0 1 
0 0 0 0 0 0 0 1 1 0 
0 0 0 0 0 1 0 0 1 1 
0 1 0 1 0 0 0 0 0 1 
1 0 0 1 1 0 1 1 0 0 
1 0 1 0 0 0 1 0 0 1 
0 1 1 1 1 0 0 0 0 0 
1 1 1 1 0 0 0 0 0 0 
0 0 0 1 1 0 1 1 0 0 
0 1 0 0 0 1 1 0 0 0 
0 1 0 0 0 0 0 0 1 0 
1 0 0 0 1 0 1 1 0 0 
0 0 1 0 1 1 0 0 0 0 
1 0 0 0 0 0 0 0 0 0 
0 0 0 0 1 0 0 0 1 0 
1 0 1 0 0 0 0 1 0 1 
1 1 0 1 0 1 0 1 0 1 
0 0 1 0 0 1 1 0 1 0 
0 0 0 0 0 0 1 1 1 1 
0 0 1 1 0 1 0 0 1 0 
OpenStacks: 15
Took 0.14 seconds

buffer: Warwick 910: balanced orders, 7 orders per product
numCustomers: 20
numProducts: 10
0 1 1 0 0 0 0 0 0 1 
0 0 1 0 1 0 1 1 0 0 
0 1 1 0 1 0 0 0 1 0 
1 0 1 0 1 1 0 0 1 0 
1 0 0 0 1 1 1 0 0 0 
1 0 0 0 0 1 0 1 0 0 
0 0 0 0 1 1 0 1 0 0 
1 1 0 0 0 0 1 0 0 0 
0 0 0 1 0 0 0 0 0 1 
0 0 0 0 0 0 0 0 0 1 
1 1 0 1 0 0 0 0 1 1 
0 0 0 1 0 1 1 1 0 0 
1 1 0 0 0 0 1 0 1 0 
0 1 0 1 1 0 0 0 0 0 
0 0 0 0 0 0 0 1 1 0 
1 0 1 0 0 0 0 1 0 0 
0 0 0 1 0 0 1 1 0 1 
0 0 1 0 0 0 0 0 0 0 
0 1 0 1 0 1 0 0 1 1 
0 0 1 1 1 1 1 0 1 1 
Best Sequence: 
9 3 2 1 4 8 7 6 5 0 
1 0 1 1 0 0 0 0 0 0 
0 0 1 0 1 0 1 1 0 0 
0 0 1 1 1 1 0 0 0 0 
0 0 1 0 1 1 0 0 1 1 
0 0 0 0 1 0 0 1 1 1 
0 0 0 0 0 0 1 0 1 1 
0 0 0 0 1 0 1 0 1 0 
0 0 0 1 0 0 0 1 0 1 
1 1 0 0 0 0 0 0 0 0 
1 0 0 0 0 0 0 0 0 0 
1 1 0 1 0 1 0 0 0 1 
0 1 0 0 0 0 1 1 1 0 
0 0 0 1 0 1 0 1 0 1 
0 1 0 1 1 0 0 0 0 0 
0 0 0 0 0 1 1 0 0 0 
0 0 1 0 0 0 1 0 0 1 
1 1 0 0 0 0 1 1 0 0 
0 0 1 0 0 0 0 0 0 0 
1 1 0 1 0 1 0 0 1 0 
1 1 1 0 1 1 0 1 1 0 
OpenStacks: 14
Took 0.14 seconds

buffer: Warwick 911: balanced orders, 8 orders per product
numCustomers: 20
numProducts: 10
0 1 0 0 0 1 1 0 1 0 
0 0 0 0 0 0 0 0 0 1 
1 0 0 0 0 1 0 0 0 0 
0 1 1 0 0 0 1 1 0 0 
1 0 1 0 0 1 1 1 1 0 
0 0 0 0 1 0 0 1 0 0 
0 0 1 0 0 0 0 0 0 1 
1 1 0 0 0 0 1 1 0 1 
0 1 0 0 1 1 0 0 1 1 
0 0 0 1 0 0 0 0 0 0 
0 1 0 1 0 0 1 1 0 0 
1 0 0 1 0 1 0 0 0 1 
0 1 0 1 1 0 0 0 1 0 
1 1 0 0 1 0 0 1 0 0 
1 0 1 1 1 0 1 1 0 1 
1 1 1 1 1 1 1 0 1 0 
0 0 1 1 1 0 1 0 1 1 
1 0 1 0 1 0 0 1 1 0 
0 0 1 1 0 1 0 0 1 0 
0 0 0 0 0 1 0 0 0 1 
Best Sequence: 
7 4 3 8 6 1 2 9 5 0 
0 0 0 1 1 1 0 0 1 0 
0 0 0 0 0 0 0 1 0 0 
0 0 0 0 0 0 0 0 1 1 
1 0 0 0 1 1 1 0 0 0 
1 0 0 1 1 0 1 0 1 1 
1 1 0 0 0 0 0 0 0 0 
0 0 0 0 0 0 1 1 0 0 
1 0 0 0 1 1 0 1 0 1 
0 1 0 1 0 1 0 1 1 0 
0 0 1 0 0 0 0 0 0 0 
1 0 1 0 1 1 0 0 0 0 
0 0 1 0 0 0 0 1 1 1 
0 1 1 1 0 1 0 0 0 0 
1 1 0 0 0 1 0 0 0 1 
1 1 1 0 1 0 1 1 0 1 
0 1 1 1 1 1 1 0 1 1 
0 1 1 1 1 0 1 1 0 0 
1 1 0 1 0 0 1 0 0 1 
0 0 1 1 0 0 1 0 1 0 
0 0 0 0 0 0 0 1 1 0 
OpenStacks: 14
Took 0.14 seconds

buffer: Warwick 912: balanced orders, 8 orders per product
numCustomers: 20
numProducts: 10
1 0 0 1 1 1 0 0 1 0 
0 1 0 1 0 0 0 1 0 1 
0 0 1 0 0 0 1 0 0 0 
1 1 0 0 0 0 1 0 1 1 
0 1 0 1 0 0 0 0 0 1 
0 0 1 0 0 0 0 0 0 1 
1 0 1 1 0 0 1 0 0 0 
0 0 0 0 0 0 0 1 1 0 
0 0 0 0 1 1 1 0 0 1 
0 0 0 0 1 1 1 0 0 0 
0 0 0 0 0 1 0 0 0 0 
0 0 1 0 0 0 0 1 0 0 
1 0 1 1 1 1 0 1 0 1 
1 0 1 0 1 0 0 0 0 0 
1 1 0 1 1 0 0 0 1 0 
0 1 0 0 1 1 1 1 1 0 
1 1 1 1 1 1 0 1 0 0 
1 0 0 0 0 0 0 1 1 0 
0 1 1 0 0 1 1 1 1 1 
0 1 0 1 0 0 1 0 1 1 
Best Sequence: 
5 6 4 9 2 8 7 3 1 0 
1 0 1 0 0 1 0 1 0 1 
0 0 0 1 0 0 1 1 1 0 
0 1 0 0 1 0 0 0 0 0 
0 1 0 1 0 1 0 0 1 1 
0 0 0 1 0 0 0 1 1 0 
0 0 0 1 1 0 0 0 0 0 
0 1 0 0 1 0 0 1 0 1 
0 0 0 0 0 1 1 0 0 0 
1 1 1 1 0 0 0 0 0 0 
1 1 1 0 0 0 0 0 0 0 
1 0 0 0 0 0 0 0 0 0 
0 0 0 0 1 0 1 0 0 0 
1 0 1 1 1 0 1 1 0 1 
0 0 1 0 1 0 0 0 0 1 
0 0 1 0 0 1 0 1 1 1 
1 1 1 0 0 1 1 0 1 0 
1 0 1 0 1 0 1 1 1 1 
0 0 0 0 0 1 1 0 0 1 
1 1 0 1 1 1 1 0 1 0 
0 1 0 1 0 1 0 1 1 0 
OpenStacks: 15
Took 0.14 seconds

buffer: Warwick 913: balanced orders, 8 orders per product
numCustomers: 20
numProducts: 10
0 1 0 0 0 1 0 1 1 0 
0 1 0 1 1 0 0 0 0 0 
0 0 1 1 1 0 0 1 0 0 
0 1 1 0 0 1 1 1 1 1 
1 1 1 0 0 1 0 0 0 1 
0 0 0 0 0 1 1 0 0 1 
0 1 0 1 0 0 0 1 0 1 
1 0 0 1 0 0 1 0 1 1 
0 0 1 0 0 1 0 1 0 1 
1 1 0 0 1 0 1 1 0 0 
1 0 1 0 0 0 1 0 1 0 
0 0 1 0 0 1 0 0 0 1 
1 0 0 1 0 1 0 0 0 0 
0 0 0 0 1 0 0 0 1 0 
0 1 0 0 1 0 1 1 1 0 
1 0 1 1 1 0 1 1 1 0 
0 0 1 0 0 0 0 0 0 1 
1 1 0 1 1 0 0 0 0 0 
0 0 0 1 1 0 1 0 0 0 
1 0 0 0 0 1 0 0 1 0 
Best Sequence: 
8 4 6 3 1 7 5 9 2 0 
1 0 0 0 1 1 1 0 0 0 
0 1 0 1 1 0 0 0 0 0 
0 1 0 1 0 1 0 0 1 0 
1 0 1 0 1 1 1 1 1 0 
0 0 0 0 1 0 1 1 1 1 
0 0 1 0 0 0 1 1 0 0 
0 0 0 1 1 1 0 1 0 0 
1 0 1 1 0 0 0 1 0 1 
0 0 0 0 0 1 1 1 1 0 
0 1 1 0 1 1 0 0 0 1 
1 0 1 0 0 0 0 0 1 1 
0 0 0 0 0 0 1 1 1 0 
0 0 0 1 0 0 1 0 0 1 
1 1 0 0 0 0 0 0 0 0 
1 1 1 0 1 1 0 0 0 0 
1 1 1 1 0 1 0 0 1 1 
0 0 0 0 0 0 0 1 1 0 
0 1 0 1 1 0 0 0 0 1 
0 1 1 1 0 0 0 0 0 0 
1 0 0 0 0 0 1 0 0 1 
OpenStacks: 15
Took 0.15 seconds

buffer: Warwick 914: balanced orders, 8 orders per product
numCustomers: 20
numProducts: 10
1 0 0 0 0 0 0 0 0 1 
1 0 1 0 1 1 1 0 1 1 
1 0 0 0 0 1 1 1 0 1 
1 0 0 0 0 0 0 0 0 1 
0 0 1 0 0 1 0 1 0 0 
0 1 1 1 1 1 0 0 0 1 
1 0 1 0 1 0 0 0 0 0 
0 0 0 0 0 0 1 1 1 0 
1 0 1 1 0 0 0 0 0 0 
0 0 1 0 0 0 1 1 1 0 
1 1 1 1 1 0 0 1 0 0 
0 0 0 0 0 0 1 1 1 0 
0 1 0 1 0 0 0 1 1 1 
0 1 0 1 1 0 1 0 0 0 
0 0 1 0 0 1 0 0 1 0 
1 0 0 1 1 1 1 0 0 0 
0 1 0 1 0 0 0 1 1 1 
0 1 0 0 1 0 0 0 1 0 
0 1 0 0 1 1 0 0 0 0 
0 1 0 1 0 1 1 0 0 1 
Best Sequence: 
8 7 6 2 5 9 4 3 1 0 
0 0 0 0 0 1 0 0 0 1 
1 0 1 1 1 1 1 0 0 1 
0 1 1 0 1 1 0 0 0 1 
0 0 0 0 0 1 0 0 0 1 
0 1 0 1 1 0 0 0 0 0 
0 0 0 1 1 1 1 1 1 0 
0 0 0 1 0 0 1 0 0 1 
1 1 1 0 0 0 0 0 0 0 
0 0 0 1 0 0 0 1 0 1 
1 1 1 1 0 0 0 0 0 0 
0 1 0 1 0 0 1 1 1 1 
1 1 1 0 0 0 0 0 0 0 
1 1 0 0 0 1 0 1 1 0 
0 0 1 0 0 0 1 1 1 0 
1 0 0 1 1 0 0 0 0 0 
0 0 1 0 1 0 1 1 0 1 
1 1 0 0 0 1 0 1 1 0 
1 0 0 0 0 0 1 0 1 0 
0 0 0 0 1 0 1 0 1 0 
0 0 1 0 1 1 0 1 1 0 
OpenStacks: 15
Took 0.14 seconds

buffer: Warwick 915: balanced orders, 8 orders per product
numCustomers: 20
numProducts: 10
0 1 0 0 0 1 1 0 0 0 
1 1 0 1 1 1 0 0 1 1 
1 0 0 0 0 1 0 1 1 1 
1 1 1 0 0 1 1 0 0 1 
1 0 1 0 0 1 1 1 0 0 
0 1 1 0 0 0 0 0 0 1 
0 0 1 0 1 0 0 0 0 0 
1 0 1 0 0 0 1 1 0 0 
0 0 0 1 1 0 0 1 1 0 
1 0 0 0 0 0 1 1 1 1 
1 0 0 0 0 1 0 1 0 0 
0 0 1 0 0 0 0 0 0 1 
1 1 0 1 0 1 0 0 0 0 
0 1 0 1 1 0 1 0 1 0 
0 0 0 1 1 1 1 0 0 0 
0 0 0 1 0 0 0 1 1 0 
0 1 1 0 1 0 1 0 0 1 
0 0 0 1 0 0 0 0 1 1 
0 1 1 1 1 0 0 0 1 0 
0 0 0 0 1 0 0 1 0 0 
Best Sequence: 
7 4 8 3 6 5 1 9 2 0 
0 0 0 0 1 1 1 0 0 0 
0 1 1 1 0 1 1 1 0 1 
1 0 1 0 0 1 0 1 0 1 
0 0 0 0 1 1 1 1 1 1 
1 0 0 0 1 1 0 0 1 1 
0 0 0 0 0 0 1 1 1 0 
0 1 0 0 0 0 0 0 1 0 
1 0 0 0 1 0 0 0 1 1 
1 1 1 1 0 0 0 0 0 0 
1 0 1 0 1 0 0 1 0 1 
1 0 0 0 0 1 0 0 0 1 
0 0 0 0 0 0 0 1 1 0 
0 0 0 1 0 1 1 0 0 1 
0 1 1 1 1 0 1 0 0 0 
0 1 0 1 1 1 0 0 0 0 
1 0 1 1 0 0 0 0 0 0 
0 1 0 0 1 0 1 1 1 0 
0 0 1 1 0 0 0 1 0 0 
0 1 1 1 0 0 1 0 1 0 
1 1 0 0 0 0 0 0 0 0 
OpenStacks: 15
Took 0.14 seconds

buffer: Warwick 916: balanced orders, 8 orders per product
numCustomers: 20
numProducts: 10
0 1 1 0 1 0 1 0 1 0 
1 0 0 0 1 1 0 1 1 0 
0 1 0 1 0 0 0 0 0 0 
1 0 1 1 1 1 0 0 0 1 
0 1 0 0 0 1 1 1 0 0 
1 1 0 1 0 0 1 1 1 1 
0 0 1 0 0 1 0 1 0 1 
1 0 1 1 1 1 0 0 0 1 
1 0 0 0 0 0 1 0 1 1 
0 0 0 1 1 1 1 1 1 0 
0 1 1 0 0 0 1 1 0 0 
0 0 0 0 0 1 0 0 0 1 
1 1 1 0 1 0 1 0 1 1 
0 0 0 1 0 0 0 0 0 1 
1 1 0 1 0 0 0 1 0 0 
1 0 0 0 0 0 0 0 0 0 
0 0 0 0 0 1 1 0 0 0 
0 0 0 0 1 0 0 0 0 0 
0 0 1 1 0 0 0 0 1 0 
0 1 1 0 1 0 0 1 1 0 
Best Sequence: 
9 5 6 4 8 7 2 3 1 0 
0 0 1 1 1 0 1 0 1 0 
0 1 0 1 1 1 0 0 0 1 
0 0 0 0 0 0 0 1 1 0 
1 1 0 1 0 0 1 1 0 1 
0 1 1 0 0 1 0 0 1 0 
1 0 1 0 1 1 0 1 1 1 
1 1 0 0 0 1 1 0 0 0 
1 1 0 1 0 0 1 1 0 1 
1 0 1 0 1 0 0 0 0 1 
0 1 1 1 1 1 0 1 0 0 
0 0 1 0 0 1 1 0 1 0 
1 1 0 0 0 0 0 0 0 0 
1 0 1 1 1 0 1 0 1 1 
1 0 0 0 0 0 0 1 0 0 
0 0 0 0 0 1 0 1 1 1 
0 0 0 0 0 0 0 0 0 1 
0 1 1 0 0 0 0 0 0 0 
0 0 0 1 0 0 0 0 0 0 
0 0 0 0 1 0 1 1 0 0 
0 0 0 1 1 1 1 0 1 0 
OpenStacks: 15
Took 0.14 seconds

buffer: Warwick 917: balanced orders, 8 orders per product
numCustomers: 20
numProducts: 10
0 0 0 0 0 1 0 1 0 0 
1 0 1 0 0 0 1 0 1 1 
0 1 0 0 1 0 1 1 0 1 
0 0 0 1 0 0 0 0 0 1 
0 0 0 1 1 1 1 0 1 0 
1 1 0 0 0 0 0 0 1 0 
0 0 1 0 1 1 0 0 0 0 
0 1 1 0 0 0 0 1 0 0 
0 0 0 1 1 1 1 1 1 0 
0 1 1 1 1 1 0 1 1 0 
0 0 1 0 0 0 1 1 0 0 
1 1 1 0 0 0 0 0 1 0 
1 0 0 0 0 0 0 0 0 0 
0 0 0 0 1 0 1 0 0 1 
1 1 0 1 0 1 0 0 0 1 
0 0 0 1 1 0 0 0 0 0 
1 0 0 0 0 0 1 1 1 1 
0 0 1 0 1 1 0 1 0 0 
1 1 0 1 0 1 0 0 1 1 
1 1 1 1 0 0 1 0 0 1 
Best Sequence: 
9 3 4 6 7 5 2 8 1 0 
0 0 0 0 1 1 0 0 0 0 
1 0 0 1 0 0 1 1 0 1 
1 0 1 1 1 0 0 0 1 0 
1 1 0 0 0 0 0 0 0 0 
0 1 1 1 0 1 0 1 0 0 
0 0 0 0 0 0 0 1 1 1 
0 0 1 0 0 1 1 0 0 0 
0 0 0 0 1 0 1 0 1 0 
0 1 1 1 1 1 0 1 0 0 
0 1 1 0 1 1 1 1 1 0 
0 0 0 1 1 0 1 0 0 0 
0 0 0 0 0 0 1 1 1 1 
0 0 0 0 0 0 0 0 0 1 
1 0 1 1 0 0 0 0 0 0 
1 1 0 0 0 1 0 0 1 1 
0 1 1 0 0 0 0 0 0 0 
1 0 0 1 1 0 0 1 0 1 
0 0 1 0 1 1 1 0 0 0 
1 1 0 0 0 1 0 1 1 1 
1 1 0 1 0 0 1 0 1 1 
OpenStacks: 14
Took 0.14 seconds

buffer: Warwick 918: balanced orders, 8 orders per product
numCustomers: 20
numProducts: 10
0 0 1 0 1 0 0 0 0 0 
0 0 0 0 0 1 1 0 0 0 
0 1 1 1 1 0 0 1 0 1 
1 0 1 0 1 0 0 0 1 0 
0 0 1 0 0 0 0 0 0 1 
0 0 1 0 0 0 1 0 1 0 
1 1 0 1 0 0 1 0 0 0 
0 1 0 0 1 1 0 1 0 1 
0 1 0 0 0 0 1 0 1 1 
0 0 0 0 0 0 1 1 0 1 
1 0 0 1 0 0 0 1 0 0 
0 1 0 1 0 1 0 0 0 0 
0 0 0 0 0 1 0 1 0 0 
0 1 1 1 0 0 0 0 1 1 
0 0 1 0 1 0 0 0 0 1 
1 0 0 1 1 1 1 1 1 1 
1 0 0 0 0 1 0 1 1 0 
1 0 0 1 0 1 1 0 0 0 
1 1 0 0 1 0 0 0 1 0 
1 1 1 1 1 1 1 1 1 0 
Best Sequence: 
9 2 4 8 6 1 5 7 3 0 
0 1 1 0 0 0 0 0 0 0 
0 0 0 0 1 0 1 0 0 0 
1 1 1 0 0 1 0 1 1 0 
0 1 1 1 0 0 0 0 0 1 
1 1 0 0 0 0 0 0 0 0 
0 1 0 1 1 0 0 0 0 0 
0 0 0 0 1 1 0 0 1 1 
1 0 1 0 0 1 1 1 0 0 
1 0 0 1 1 1 0 0 0 0 
1 0 0 0 1 0 0 1 0 0 
0 0 0 0 0 0 0 1 1 1 
0 0 0 0 0 1 1 0 1 0 
0 0 0 0 0 0 1 1 0 0 
1 1 0 1 0 1 0 0 1 0 
1 1 1 0 0 0 0 0 0 0 
1 0 1 1 1 0 1 1 1 1 
0 0 0 1 0 0 1 1 0 1 
0 0 0 0 1 0 1 0 1 1 
0 0 1 1 0 1 0 0 0 1 
0 1 1 1 1 1 1 1 1 1 
OpenStacks: 14
Took 0.14 seconds

buffer: Warwick 919: balanced orders, 8 orders per product
numCustomers: 20
numProducts: 10
0 0 0 0 0 1 0 1 0 0 
0 0 0 0 0 0 1 1 0 0 
0 0 0 0 0 0 0 0 1 0 
0 0 0 0 0 1 0 0 0 1 
1 1 1 0 0 1 1 1 1 1 
1 1 1 0 1 0 1 0 0 1 
1 0 0 0 1 0 0 1 0 0 
1 0 1 0 0 0 1 1 0 0 
0 0 0 0 1 0 1 0 0 0 
1 0 0 1 0 0 0 0 1 0 
1 1 1 0 1 0 0 0 1 1 
0 1 0 1 0 1 1 0 1 1 
0 1 1 1 0 0 0 1 1 0 
0 0 1 1 1 0 1 1 1 1 
1 0 0 0 1 1 0 0 0 1 
0 1 0 1 1 1 0 0 1 0 
0 1 1 0 0 0 0 0 0 1 
0 1 1 1 1 1 1 1 0 0 
0 0 0 1 0 0 0 0 0 0 
1 0 0 1 0 1 0 0 0 0 
Best Sequence: 
7 6 5 4 9 2 1 8 3 0 
1 0 1 0 0 0 0 0 0 0 
1 1 0 0 0 0 0 0 0 0 
0 0 0 0 0 0 0 1 0 0 
0 0 1 0 1 0 0 0 0 0 
1 1 1 0 1 1 1 1 0 1 
0 1 0 1 1 1 1 0 0 1 
1 0 0 1 0 0 0 0 0 1 
1 1 0 0 0 1 0 0 0 1 
0 1 0 1 0 0 0 0 0 0 
0 0 0 0 0 0 0 1 1 1 
0 0 0 1 1 1 1 1 0 1 
0 1 1 0 1 0 1 1 1 0 
1 0 0 0 0 1 1 1 1 0 
1 1 0 1 1 1 0 1 1 0 
0 0 1 1 1 0 0 0 0 1 
0 0 1 1 0 0 1 1 1 0 
0 0 0 0 1 1 1 0 0 0 
1 1 1 1 0 1 1 0 1 0 
0 0 0 0 0 0 0 0 1 0 
0 0 1 0 0 0 0 0 1 1 
OpenStacks: 14
Took 0.14 seconds

buffer: Warwick 920: balanced orders, 8 orders per product
numCustomers: 20
numProducts: 10
1 0 1 0 1 1 1 0 0 1 
0 0 1 1 0 1 1 0 1 0 
1 0 0 1 0 0 0 0 1 1 
1 0 0 0 1 1 0 0 0 1 
0 0 0 1 1 1 0 1 0 0 
0 1 0 0 0 1 1 1 0 0 
0 1 1 0 1 0 1 0 1 0 
0 1 1 1 0 1 0 1 0 0 
0 1 0 0 0 1 1 1 1 1 
0 0 0 0 1 0 0 1 0 1 
0 1 0 1 0 1 0 0 1 1 
0 0 0 0 1 0 0 1 1 0 
1 0 0 0 1 0 1 1 0 1 
1 1 1 1 0 0 1 0 0 0 
1 0 1 0 0 0 0 0 0 0 
0 1 0 1 0 0 0 0 0 0 
0 1 0 0 1 0 0 1 0 0 
0 0 1 0 0 0 1 0 1 0 
1 0 1 1 0 0 0 0 1 1 
1 0 0 0 0 0 0 0 0 0 
Best Sequence: 
9 7 4 1 3 8 6 5 2 0 
1 0 1 0 0 0 1 1 1 1 
0 0 0 0 1 1 1 1 1 0 
1 0 0 0 1 1 0 0 0 1 
1 0 1 0 0 0 0 1 0 1 
0 1 1 0 1 0 0 1 0 0 
0 1 0 1 0 0 1 1 0 0 
0 0 1 1 0 1 1 0 1 0 
0 1 0 1 1 0 0 1 1 0 
1 1 0 1 0 1 1 1 0 0 
1 1 1 0 0 0 0 0 0 0 
1 0 0 1 1 1 0 1 0 0 
0 1 1 0 0 1 0 0 0 0 
1 1 1 0 0 0 1 0 0 1 
0 0 0 1 1 0 1 0 1 1 
0 0 0 0 0 0 0 0 1 1 
0 0 0 1 1 0 0 0 0 0 
0 1 1 1 0 0 0 0 0 0 
0 0 0 0 0 1 1 0 1 0 
1 0 0 0 1 1 0 0 1 1 
0 0 0 0 0 0 0 0 0 1 
OpenStacks: 15
Took 0.15 seconds

buffer: Warwick 921: balanced orders, 9 orders per product
numCustomers: 20
numProducts: 10
0 1 0 0 0 0 1 0 0 0 
0 0 1 1 1 1 0 0 1 1 
0 1 1 1 1 0 1 1 0 1 
0 0 0 1 0 0 1 0 1 0 
0 1 0 1 0 1 1 1 0 1 
1 0 0 0 0 0 1 0 1 0 
0 1 1 0 0 0 1 0 0 1 
1 0 0 0 1 1 0 0 0 0 
1 0 1 1 1 0 0 1 0 0 
0 0 1 0 1 0 0 0 0 0 
1 1 0 0 1 1 0 0 1 1 
0 0 1 0 0 0 1 0 1 1 
1 1 0 0 0 1 0 1 0 0 
1 1 1 1 0 1 0 1 0 0 
0 1 0 1 0 1 0 0 1 0 
0 0 1 1 1 0 0 0 1 0 
0 1 0 0 1 1 1 1 1 1 
1 0 1 1 0 0 1 1 0 0 
1 0 0 0 1 1 0 1 1 1 
1 0 0 0 0 0 0 1 0 1 
Best Sequence: 
4 2 8 3 6 9 7 5 1 0 
0 0 0 0 1 0 0 0 1 0 
1 1 1 1 0 1 0 1 0 0 
1 1 0 1 1 1 1 0 1 0 
0 0 1 1 1 0 0 0 0 0 
0 0 0 1 1 1 1 1 1 0 
0 0 1 0 1 0 0 0 0 1 
0 1 0 0 1 1 0 0 1 0 
1 0 0 0 0 0 0 1 0 1 
1 1 0 1 0 0 1 0 0 1 
1 1 0 0 0 0 0 0 0 0 
1 0 1 0 0 1 0 1 1 1 
0 1 1 0 1 1 0 0 0 0 
0 0 0 0 0 0 1 1 1 1 
0 1 0 1 0 0 1 1 1 1 
0 0 1 1 0 0 0 1 1 0 
1 1 1 1 0 0 0 0 0 0 
1 0 1 0 1 1 1 1 1 0 
0 1 0 1 1 0 1 0 0 1 
1 0 1 0 0 1 1 1 0 1 
0 0 0 0 0 1 1 0 0 1 
OpenStacks: 16
Took 0.14 seconds

buffer: Warwick 922: balanced orders, 9 orders per product
numCustomers: 20
numProducts: 10
0 1 1 0 0 1 0 0 1 0 
1 0 1 0 1 1 0 0 0 1 
0 0 1 1 0 0 0 0 1 0 
1 1 1 1 1 0 0 1 0 1 
0 1 0 0 1 1 1 0 1 1 
1 0 0 0 0 0 0 0 0 0 
0 0 0 1 0 1 1 1 0 0 
0 0 0 0 0 1 0 1 0 0 
1 0 0 0 0 0 0 1 1 1 
0 1 0 0 1 1 1 0 1 1 
1 0 0 1 1 0 0 0 0 1 
0 1 1 1 0 0 0 1 1 0 
1 1 1 0 0 1 1 0 1 0 
1 1 0 1 0 0 1 0 0 1 
0 0 1 1 0 0 1 0 0 1 
0 1 1 0 1 0 0 1 1 1 
1 1 0 0 1 0 1 1 0 0 
1 0 0 1 1 1 1 0 0 0 
0 0 0 1 1 0 0 1 1 0 
0 0 1 0 0 1 1 1 0 0 
Best Sequence: 
7 5 6 2 9 8 4 3 1 0 
0 1 0 1 0 1 0 0 1 0 
0 1 0 1 1 0 1 0 0 1 
0 0 0 1 0 1 0 1 0 0 
1 0 0 1 1 0 1 1 1 1 
0 1 1 0 1 1 1 0 1 0 
0 0 0 0 0 0 0 0 0 1 
1 1 1 0 0 0 0 1 0 0 
1 1 0 0 0 0 0 0 0 0 
1 0 0 0 1 1 0 0 0 1 
0 1 1 0 1 1 1 0 1 0 
0 0 0 0 1 0 1 1 0 1 
1 0 0 1 0 1 0 1 1 0 
0 1 1 1 0 1 0 0 1 1 
0 0 1 0 1 0 0 1 1 1 
0 0 1 1 1 0 0 1 0 0 
1 0 0 1 1 1 1 0 1 0 
1 0 1 0 0 0 1 0 1 1 
0 1 1 0 0 0 1 1 0 1 
1 0 0 0 0 1 1 1 0 0 
1 1 1 1 0 0 0 0 0 0 
OpenStacks: 17
Took 0.14 seconds

buffer: Warwick 923: balanced orders, 9 orders per product
numCustomers: 20
numProducts: 10
1 1 0 0 1 0 0 0 1 0 
0 1 1 1 1 1 0 0 1 1 
0 1 0 1 1 0 0 0 0 1 
0 1 1 0 0 0 0 1 0 0 
1 1 0 0 0 0 1 0 0 0 
1 0 1 0 1 1 0 0 0 1 
0 0 0 0 0 1 1 1 0 1 
0 0 1 1 0 1 0 1 0 0 
1 0 0 0 1 0 1 0 1 1 
1 1 0 0 0 1 1 1 0 1 
0 0 1 1 1 0 0 0 1 0 
0 0 0 0 1 1 0 1 1 0 
1 0 0 1 0 0 1 0 1 1 
1 1 1 1 1 0 1 0 1 0 
0 1 1 0 0 1 1 1 0 0 
0 1 0 0 0 1 0 1 1 0 
0 0 1 0 1 0 0 1 0 0 
1 0 0 1 0 1 0 1 0 1 
1 0 0 1 0 0 1 0 1 0 
0 0 1 1 0 0 1 0 0 1 
Best Sequence: 
8 7 5 4 9 2 6 3 1 0 
1 0 0 1 0 0 0 0 1 1 
1 0 1 1 1 1 0 1 1 0 
0 0 0 1 1 0 0 1 1 0 
0 1 0 0 0 1 0 0 1 0 
0 0 0 0 0 0 1 0 1 1 
0 0 1 1 1 1 0 0 0 1 
0 1 1 0 1 0 1 0 0 0 
0 1 1 0 0 1 0 1 0 0 
1 0 0 1 1 0 1 0 0 1 
0 1 1 0 1 0 1 0 1 1 
1 0 0 1 0 1 0 1 0 0 
1 1 1 1 0 0 0 0 0 0 
1 0 0 0 1 0 1 1 0 1 
1 0 0 1 0 1 1 1 1 1 
0 1 1 0 0 1 1 0 1 0 
1 1 1 0 0 0 0 0 1 0 
0 1 0 1 0 1 0 0 0 0 
0 1 1 0 1 0 0 1 0 1 
1 0 0 0 0 0 1 1 0 1 
0 0 0 0 1 1 1 1 0 0 
OpenStacks: 18
Took 0.14 seconds

buffer: Warwick 924: balanced orders, 9 orders per product
numCustomers: 20
numProducts: 10
0 1 1 1 1 1 0 0 1 0 
1 0 1 1 1 0 1 0 1 0 
1 0 0 0 1 0 0 0 0 0 
1 0 1 0 0 0 1 0 1 1 
0 0 0 0 0 0 1 1 0 0 
0 1 1 1 1 0 1 0 0 1 
1 0 1 1 0 1 0 1 0 1 
1 1 1 0 0 1 0 0 1 0 
0 1 0 1 0 1 1 0 1 1 
0 0 0 0 1 1 1 1 0 0 
1 1 1 0 1 0 0 1 1 1 
0 0 0 0 0 0 0 0 1 1 
0 0 1 1 0 0 0 0 0 0 
1 0 0 0 1 0 0 1 1 0 
1 0 0 1 0 0 1 1 0 1 
0 1 1 0 0 1 0 1 0 1 
0 0 0 0 1 0 0 0 0 1 
0 1 0 0 0 1 1 1 0 0 
1 1 0 1 1 1 0 1 0 0 
0 1 0 1 0 1 1 0 1 0 
Best Sequence: 
7 6 5 1 3 2 8 9 4 0 
0 0 1 1 1 1 1 0 1 0 
0 1 0 0 1 1 1 0 1 1 
0 0 0 0 0 0 0 0 1 1 
0 1 0 0 0 1 1 1 0 1 
1 1 0 0 0 0 0 0 0 0 
0 1 0 1 1 1 0 1 1 0 
1 0 1 0 1 1 0 1 0 1 
0 0 1 1 0 1 1 0 0 1 
0 1 1 1 1 0 1 1 0 0 
1 1 1 0 0 0 0 0 1 0 
1 0 0 1 0 1 1 1 1 1 
0 0 0 0 0 0 1 1 0 0 
0 0 0 0 1 1 0 0 0 0 
1 0 0 0 0 0 1 0 1 1 
1 1 0 0 1 0 0 1 0 1 
1 0 1 1 0 1 0 1 0 0 
0 0 0 0 0 0 0 1 1 0 
1 1 1 1 0 0 0 0 0 0 
1 0 1 1 1 0 0 0 1 1 
0 1 1 1 1 0 1 0 0 0 
OpenStacks: 15
Took 0.15 seconds

buffer: Warwick 925: balanced orders, 9 orders per product
numCustomers: 20
numProducts: 10
1 0 1 1 0 0 1 0 1 1 
1 0 0 1 0 1 0 0 1 1 
0 1 0 1 1 0 0 1 0 0 
1 0 0 0 0 1 1 0 0 0 
0 0 0 0 0 0 1 0 1 0 
1 1 1 0 0 1 0 0 1 1 
1 0 1 0 0 1 0 1 0 1 
0 1 0 1 1 0 1 1 1 0 
0 1 0 1 1 1 0 1 1 1 
0 0 0 0 0 0 1 0 1 0 
1 0 0 1 0 1 0 0 1 0 
0 1 0 1 1 0 1 1 0 0 
0 0 1 0 1 0 1 1 0 1 
0 1 1 1 1 0 0 1 0 1 
0 1 1 1 0 0 0 0 1 1 
0 1 0 0 1 1 0 0 0 1 
0 0 1 0 1 0 1 1 0 0 
1 0 1 0 0 1 0 1 0 0 
1 0 0 0 0 1 0 0 0 0 
1 1 1 0 1 0 1 0 0 0 
Best Sequence: 
9 7 4 3 2 1 8 6 5 0 
1 0 0 1 1 0 1 1 0 1 
1 0 0 1 0 0 1 0 1 1 
0 1 1 1 0 1 0 0 0 0 
0 0 0 0 0 0 0 1 1 1 
0 0 0 0 0 0 1 1 0 0 
1 0 0 0 1 1 1 0 1 1 
1 1 0 0 1 0 0 0 1 1 
0 1 1 1 0 1 1 1 0 0 
1 1 1 1 0 1 1 0 1 0 
0 0 0 0 0 0 1 1 0 0 
0 0 0 1 0 0 1 0 1 1 
0 1 1 1 0 1 0 1 0 0 
1 1 1 0 1 0 0 1 0 0 
1 1 1 1 1 1 0 0 0 0 
1 0 0 1 1 1 1 0 0 0 
1 0 1 0 0 1 0 0 1 0 
0 1 1 0 1 0 0 1 0 0 
0 1 0 0 1 0 0 0 1 1 
0 0 0 0 0 0 0 0 1 1 
0 0 1 0 1 1 0 1 0 1 
OpenStacks: 16
Took 0.14 seconds

buffer: Warwick 926: balanced orders, 9 orders per product
numCustomers: 20
numProducts: 10
1 0 0 0 1 0 0 0 1 1 
0 0 0 1 0 0 1 0 0 0 
1 1 1 0 1 0 1 1 0 0 
1 0 1 1 1 1 1 0 0 0 
0 1 0 0 1 1 0 1 0 1 
0 1 1 0 1 1 0 0 1 0 
0 1 0 1 1 0 1 1 1 0 
0 0 1 1 0 0 1 0 0 1 
1 1 1 0 0 0 1 1 1 0 
1 0 1 0 0 0 1 1 0 1 
0 1 0 1 0 1 0 0 0 0 
0 1 1 1 1 1 0 0 0 1 
1 1 0 0 0 1 0 0 0 0 
1 0 0 0 0 1 1 0 1 1 
0 1 0 1 0 1 0 1 1 0 
0 0 0 0 0 0 0 1 0 0 
1 0 1 0 0 0 0 0 0 1 
0 0 1 1 0 0 0 1 1 1 
1 0 0 0 1 1 0 1 1 1 
0 0 0 1 1 0 1 0 1 0 
Best Sequence: 
7 6 3 8 4 9 2 5 1 0 
0 0 0 1 1 1 0 0 0 1 
0 1 1 0 0 0 0 0 0 0 
1 1 0 0 1 0 1 0 1 1 
0 1 1 0 1 0 1 1 0 1 
1 0 0 0 1 1 0 1 1 0 
0 0 0 1 1 0 1 1 1 0 
1 1 1 1 1 0 0 0 1 0 
0 1 1 0 0 1 1 0 0 0 
1 1 0 1 0 0 1 0 1 1 
1 1 0 0 0 1 1 0 0 1 
0 0 1 0 0 0 0 1 1 0 
0 0 1 0 1 1 1 1 1 0 
0 0 0 0 0 0 0 1 1 1 
0 1 0 1 0 1 0 1 0 1 
1 0 1 1 0 0 0 1 1 0 
1 0 0 0 0 0 0 0 0 0 
0 0 0 0 0 1 1 0 0 1 
1 0 1 1 0 1 1 0 0 0 
1 0 0 1 1 1 0 1 0 1 
0 1 1 1 1 0 0 0 0 0 
OpenStacks: 16
Took 0.14 seconds

buffer: Warwick 927: balanced orders, 9 orders per product
numCustomers: 20
numProducts: 10
1 0 0 0 1 0 0 1 1 1 
1 0 0 1 0 0 0 0 1 0 
1 1 1 0 1 0 0 0 0 1 
0 0 0 0 0 1 0 0 1 1 
1 0 0 0 0 1 1 0 1 0 
1 1 0 0 0 0 0 1 1 1 
1 0 0 0 1 0 1 0 0 0 
1 1 1 0 1 1 0 1 1 1 
0 1 1 1 1 0 1 1 1 0 
0 1 1 1 0 0 1 1 0 1 
1 0 1 1 0 1 1 1 0 1 
0 0 0 1 1 0 0 0 0 0 
1 1 0 0 0 0 0 0 1 1 
0 0 0 1 0 1 1 1 0 0 
0 1 0 1 1 1 0 0 0 0 
0 0 1 1 0 1 1 1 0 1 
0 0 0 0 1 1 0 0 0 0 
0 1 1 0 1 0 1 1 0 0 
0 0 1 0 0 0 1 0 1 0 
0 1 1 1 0 1 0 0 0 0 
Best Sequence: 
5 4 3 7 6 9 8 2 1 0 
0 1 0 1 0 1 1 0 0 1 
0 0 1 0 0 0 1 0 0 1 
0 1 0 0 0 1 0 1 1 1 
1 0 0 0 0 1 1 0 0 0 
1 0 0 0 1 0 1 0 0 1 
0 0 0 1 0 1 1 0 1 1 
0 1 0 0 1 0 0 0 0 1 
1 1 0 1 0 1 1 1 1 1 
0 1 1 1 1 0 1 1 1 0 
0 0 1 1 1 1 0 1 1 0 
1 0 1 1 1 1 0 1 0 1 
0 1 1 0 0 0 0 0 0 0 
0 0 0 0 0 1 1 0 1 1 
1 0 1 1 1 0 0 0 0 0 
1 1 1 0 0 0 0 0 1 0 
1 0 1 1 1 1 0 1 0 0 
1 1 0 0 0 0 0 0 0 0 
0 1 0 1 1 0 0 1 1 0 
0 0 0 0 1 0 1 1 0 0 
1 0 1 0 0 0 0 1 1 0 
OpenStacks: 17
Took 0.14 seconds

buffer: Warwick 928: balanced orders, 9 orders per product
numCustomers: 20
numProducts: 10
1 0 1 1 1 0 1 1 1 0 
0 1 0 1 1 1 1 1 1 0 
0 1 1 0 1 1 0 0 1 0 
1 0 0 0 0 0 0 0 1 0 
0 0 0 0 0 1 1 0 0 0 
1 1 0 0 0 0 0 1 1 1 
1 1 0 1 0 1 0 0 0 1 
1 1 0 0 1 1 0 0 0 1 
1 1 0 1 0 0 1 1 1 1 
1 0 1 1 1 1 0 0 1 0 
0 1 1 0 1 1 0 0 0 1 
0 0 1 0 0 0 1 0 0 1 
0 1 0 0 0 1 1 1 0 0 
0 1 1 0 1 0 0 0 0 1 
0 0 1 1 1 0 0 0 1 1 
1 0 0 1 0 0 1 1 0 0 
1 0 0 0 0 0 1 1 1 0 
0 0 1 1 0 0 1 1 0 0 
0 0 0 1 0 1 0 1 0 1 
0 0 1 0 1 0 0 0 0 0 
Best Sequence: 
4 2 9 1 5 8 7 6 3 0 
1 1 0 0 0 1 1 1 1 1 
1 0 0 1 1 1 1 1 1 0 
1 1 0 1 1 1 0 0 0 0 
0 0 0 0 0 1 0 0 0 1 
0 0 0 0 1 0 0 1 0 0 
0 0 1 1 0 1 1 0 0 1 
0 0 1 1 1 0 0 0 1 1 
1 0 1 1 1 0 0 0 0 1 
0 0 1 1 0 1 1 1 1 1 
1 1 0 0 1 1 0 0 1 1 
1 1 1 1 1 0 0 0 0 0 
0 1 1 0 0 0 0 1 0 0 
0 0 0 1 1 0 1 1 0 0 
1 1 1 1 0 0 0 0 0 0 
1 1 1 0 0 1 0 0 1 0 
0 0 0 0 0 0 1 1 1 1 
0 0 0 0 0 1 1 1 0 1 
0 1 0 0 0 0 1 1 1 0 
0 0 1 0 1 0 1 0 1 0 
1 1 0 0 0 0 0 0 0 0 
OpenStacks: 16
Took 0.15 seconds

buffer: Warwick 929: balanced orders, 9 orders per product
numCustomers: 20
numProducts: 10
0 1 0 0 0 0 0 1 0 0 
1 1 1 1 1 0 0 1 1 1 
1 0 1 0 1 0 1 0 1 0 
1 0 0 1 1 0 1 1 1 0 
0 0 1 1 0 0 1 1 1 1 
0 1 0 0 0 0 1 0 0 0 
0 1 0 0 0 1 1 0 0 0 
1 1 1 0 0 1 0 1 1 0 
1 0 0 0 1 0 0 0 0 1 
1 0 1 0 1 0 1 1 0 0 
0 0 0 0 0 1 1 0 0 1 
0 0 0 0 0 1 1 1 0 0 
1 0 0 0 0 0 0 0 0 0 
1 0 1 1 1 1 1 0 0 1 
0 1 0 1 1 0 0 0 1 1 
0 1 1 1 1 0 0 0 0 1 
0 1 0 1 0 1 0 1 1 1 
0 0 1 1 1 1 0 1 0 1 
1 0 1 0 0 1 0 0 1 0 
0 1 0 1 0 1 0 0 1 0 
Best Sequence: 
7 1 6 5 9 8 4 3 2 0 
1 1 0 0 0 0 0 0 0 0 
1 1 0 0 1 1 1 1 1 1 
0 0 1 0 0 1 1 0 1 1 
1 0 1 0 0 1 1 1 0 1 
1 0 1 0 1 1 0 1 1 0 
0 1 1 0 0 0 0 0 0 0 
0 1 1 1 0 0 0 0 0 0 
1 1 0 1 0 1 0 0 1 1 
0 0 0 0 1 0 1 0 0 1 
1 0 1 0 0 0 1 0 1 1 
0 0 1 1 1 0 0 0 0 0 
1 0 1 1 0 0 0 0 0 0 
0 0 0 0 0 0 0 0 0 1 
0 0 1 1 1 0 1 1 1 1 
0 1 0 0 1 1 1 1 0 0 
0 1 0 0 1 0 1 1 1 0 
1 1 0 1 1 1 0 1 0 0 
1 0 0 1 1 0 1 1 1 0 
0 0 0 1 0 1 0 0 1 1 
0 1 0 1 0 1 0 1 0 0 
OpenStacks: 16
Took 0.14 seconds

buffer: Warwick 930: balanced orders, 9 orders per product
numCustomers: 20
numProducts: 10
0 0 1 1 0 0 0 0 0 1 
0 1 0 0 1 0 1 0 0 0 
0 1 1 0 1 0 1 1 0 0 
0 0 1 0 0 0 1 0 1 1 
1 0 0 0 0 1 0 1 1 1 
0 1 0 1 1 1 1 0 0 0 
0 0 0 1 1 0 1 1 0 1 
0 0 0 1 0 0 0 0 0 1 
1 0 1 1 0 1 0 0 1 1 
0 0 0 0 1 0 0 1 0 0 
1 0 1 1 1 1 0 1 0 0 
1 1 1 1 0 1 1 1 0 0 
1 0 0 1 0 1 0 1 1 0 
1 1 0 0 0 0 1 0 1 1 
0 0 0 0 0 1 0 0 1 0 
1 1 1 0 1 0 0 1 1 0 
1 0 0 0 0 0 0 0 0 0 
0 1 0 1 1 1 0 0 0 1 
0 1 1 0 0 0 1 0 1 1 
1 1 1 0 1 1 1 1 1 0 
Best Sequence: 
8 5 9 3 2 6 7 4 1 0 
0 0 1 1 1 0 0 0 0 0 
0 0 0 0 0 1 0 1 1 0 
0 0 0 0 1 1 1 1 1 0 
1 0 1 0 1 1 0 0 0 0 
1 1 1 0 0 0 1 0 0 1 
0 1 0 1 0 1 0 1 1 0 
0 0 1 1 0 1 1 1 0 0 
0 0 1 1 0 0 0 0 0 0 
1 1 1 1 1 0 0 0 0 1 
0 0 0 0 0 0 1 1 0 0 
0 1 0 1 1 0 1 1 0 1 
0 1 0 1 1 1 1 0 1 1 
1 1 0 1 0 0 1 0 0 1 
1 0 1 0 0 1 0 0 1 1 
1 1 0 0 0 0 0 0 0 0 
1 0 0 0 1 0 1 1 1 1 
0 0 0 0 0 0 0 0 0 1 
0 1 1 1 0 0 0 1 1 0 
1 0 1 0 1 1 0 0 1 0 
1 1 0 0 1 1 1 1 1 1 
OpenStacks: 15
Took 0.14 seconds

buffer: Warwick 931: balanced orders, 10 orders per product
numCustomers: 20
numProducts: 10
0 0 1 0 0 1 0 1 0 0 
0 0 1 0 0 1 1 0 1 0 
0 1 1 0 1 0 1 0 0 0 
1 1 0 1 0 1 1 1 0 1 
0 0 0 0 1 1 0 0 1 0 
1 0 1 1 1 0 0 1 1 0 
0 0 0 0 1 0 1 1 1 1 
0 1 1 1 1 0 1 0 0 0 
0 1 0 0 1 0 1 0 0 1 
0 0 1 0 0 0 0 1 0 0 
1 1 0 1 0 0 0 1 0 0 
0 1 1 1 0 0 0 1 1 1 
1 0 0 0 0 1 1 0 1 0 
0 1 0 1 1 0 0 0 1 1 
1 1 1 1 1 1 0 0 1 1 
1 0 1 0 0 1 1 1 0 1 
1 1 1 1 1 1 1 0 0 0 
1 0 0 0 0 0 0 0 1 1 
1 0 0 1 0 1 0 1 0 1 
1 1 0 1 1 1 1 1 1 1 
Best Sequence: 
7 2 5 6 4 1 9 8 3 0 
1 1 1 0 0 0 0 0 0 0 
0 1 1 1 0 0 0 1 0 0 
0 1 0 1 1 1 0 0 0 0 
1 0 1 1 0 1 1 0 1 1 
0 0 1 0 1 0 0 1 0 0 
1 1 0 0 1 0 0 1 1 1 
1 0 0 1 1 0 1 1 0 0 
0 1 0 1 1 1 0 0 1 0 
0 0 0 1 1 1 1 0 0 0 
1 1 0 0 0 0 0 0 0 0 
1 0 0 0 0 1 0 0 1 1 
1 1 0 0 0 1 1 1 1 0 
0 0 1 1 0 0 0 1 0 1 
0 0 0 0 1 1 1 1 1 0 
0 1 1 0 1 1 1 1 1 1 
1 1 1 1 0 0 1 0 0 1 
0 1 1 1 1 1 0 0 1 1 
0 0 0 0 0 0 1 1 0 1 
1 0 1 0 0 0 1 0 1 1 
1 0 1 1 1 1 1 1 1 1 
OpenStacks: 17
Took 0.15 seconds

buffer: Warwick 932: balanced orders, 10 orders per product
numCustomers: 20
numProducts: 10
1 0 0 1 0 1 0 0 0 1 
0 0 0 0 1 1 0 1 1 0 
0 0 1 1 1 1 1 1 1 0 
0 0 1 1 0 1 1 1 0 1 
1 1 1 1 1 1 1 1 0 0 
0 1 0 0 0 1 0 0 1 0 
0 1 0 0 1 1 1 0 0 0 
0 0 0 1 0 0 1 0 0 0 
1 1 0 1 1 0 0 1 0 1 
1 1 1 1 1 1 1 1 1 1 
0 1 1 1 0 0 1 0 0 1 
1 0 0 0 0 0 0 0 1 1 
1 1 1 0 0 1 0 0 0 0 
1 0 1 0 0 0 0 0 0 1 
1 1 0 0 0 0 0 1 1 1 
0 0 1 1 0 0 0 1 1 0 
1 0 1 0 1 0 0 1 1 1 
0 0 0 0 1 0 1 0 1 0 
1 1 1 0 1 1 1 0 1 1 
0 1 0 1 1 0 1 1 0 0 
Best Sequence: 
8 7 6 4 3 5 9 2 1 0 
0 0 0 0 1 1 1 0 0 1 
1 1 0 1 0 1 0 0 0 0 
1 1 1 1 1 1 0 1 0 0 
0 1 1 0 1 1 1 1 0 0 
0 1 1 1 1 1 0 1 1 1 
1 0 0 0 0 1 0 0 1 0 
0 0 1 1 0 1 0 0 1 0 
0 0 1 0 1 0 0 0 0 0 
0 1 0 1 1 0 1 0 1 1 
1 1 1 1 1 1 1 1 1 1 
0 0 1 0 1 0 1 1 1 0 
1 0 0 0 0 0 1 0 0 1 
0 0 0 0 0 1 0 1 1 1 
0 0 0 0 0 0 1 1 0 1 
1 1 0 0 0 0 1 0 1 1 
1 1 0 0 1 0 0 1 0 0 
1 1 0 1 0 0 1 1 0 1 
1 0 1 1 0 0 0 0 0 0 
1 0 1 1 0 1 1 1 1 1 
0 1 1 1 1 0 0 0 1 0 
OpenStacks: 17
Took 0.14 seconds

buffer: Warwick 933: balanced orders, 10 orders per product
numCustomers: 20
numProducts: 10
1 1 0 0 1 1 1 0 1 0 
0 1 0 1 0 0 1 0 1 0 
0 0 1 1 1 0 0 0 0 0 
0 1 1 0 0 1 1 0 1 0 
1 0 1 1 0 0 1 1 1 0 
1 0 1 0 0 0 0 1 0 0 
0 0 1 0 1 0 0 0 0 0 
1 0 0 0 0 1 1 1 1 1 
1 1 0 0 1 1 1 1 0 1 
0 1 0 1 0 0 0 1 0 1 
1 0 0 1 0 0 0 1 0 1 
0 0 1 0 1 1 0 0 1 1 
0 0 0 1 1 1 1 1 1 1 
0 1 1 1 1 0 1 0 0 1 
1 1 1 1 0 1 0 0 0 1 
1 1 1 0 1 1 1 1 1 1 
1 1 0 1 1 1 0 0 0 1 
0 1 0 0 0 1 0 0 1 0 
1 0 0 0 1 0 1 1 0 0 
0 0 1 1 0 0 0 1 1 0 
Best Sequence: 
8 5 1 9 6 3 7 4 2 0 
1 1 1 0 1 0 0 1 0 1 
1 0 1 0 1 1 0 0 0 0 
0 0 0 0 0 1 0 1 1 0 
1 1 1 0 1 0 0 0 1 0 
1 0 0 0 1 1 1 0 1 1 
0 0 0 0 0 0 1 0 1 1 
0 0 0 0 0 0 0 1 1 0 
1 1 0 1 1 0 1 0 0 1 
0 1 1 1 1 0 1 1 0 1 
0 0 1 1 0 1 1 0 0 0 
0 0 0 1 0 1 1 0 0 1 
1 1 0 1 0 0 0 1 1 0 
1 1 0 1 1 1 1 1 0 0 
0 0 1 1 1 1 0 1 1 0 
0 1 1 1 0 1 0 0 1 1 
1 1 1 1 1 0 1 1 1 1 
0 1 1 1 0 1 0 1 0 1 
1 1 1 0 0 0 0 0 0 0 
0 0 0 0 1 0 1 1 0 1 
1 0 0 0 0 1 1 0 1 0 
OpenStacks: 17
Took 0.14 seconds

buffer: Warwick 934: balanced orders, 10 orders per product
numCustomers: 20
numProducts: 10
0 0 1 0 1 0 1 1 0 0 
0 0 0 1 0 1 1 1 1 1 
1 0 0 0 0 1 1 0 1 0 
0 1 1 1 0 0 0 1 0 1 
1 1 1 0 0 1 0 0 0 1 
0 1 0 1 0 0 1 1 0 1 
0 0 1 0 1 1 0 1 1 1 
1 1 0 1 0 1 1 0 1 0 
1 0 0 0 1 0 0 0 0 0 
1 1 1 1 0 1 1 0 1 0 
0 1 1 1 0 0 0 1 1 1 
1 0 1 0 1 0 0 0 0 0 
1 1 1 1 1 1 1 1 0 0 
0 0 0 0 1 1 1 1 0 1 
0 0 0 1 1 0 1 0 1 0 
0 1 1 1 1 0 0 0 1 1 
1 1 0 0 0 1 0 0 0 0 
0 1 1 0 0 0 0 0 1 1 
1 0 0 0 1 0 0 1 1 0 
1 0 0 1 1 1 1 1 0 1 
Best Sequence: 
8 6 4 3 9 7 2 5 1 0 
0 1 1 0 0 1 1 0 0 0 
1 1 0 1 1 1 0 1 0 0 
1 1 0 0 0 0 0 1 0 1 
0 0 0 1 1 1 1 0 1 0 
0 0 0 0 1 0 1 1 1 1 
0 1 0 1 1 1 0 0 1 0 
1 0 1 0 1 1 1 1 0 0 
1 1 0 1 0 0 0 1 1 1 
0 0 1 0 0 0 0 0 0 1 
1 1 0 1 0 0 1 1 1 1 
1 0 0 1 1 1 1 0 1 0 
0 0 1 0 0 0 1 0 0 1 
0 1 1 1 0 1 1 1 1 1 
0 1 1 0 1 1 0 1 0 0 
1 1 1 1 0 0 0 0 0 0 
1 0 1 1 1 0 1 0 1 0 
0 0 0 0 0 0 0 1 1 1 
1 0 0 0 1 0 1 0 1 0 
1 0 1 0 0 1 0 0 0 1 
0 1 1 1 1 1 0 1 0 1 
OpenStacks: 18
Took 0.14 seconds

buffer: Warwick 935: balanced orders, 10 orders per product
numCustomers: 20
numProducts: 10
1 1 1 1 1 1 0 0 1 1 
0 0 1 0 1 0 1 0 0 1 
1 0 1 1 0 0 0 0 0 0 
0 0 1 0 0 1 1 1 1 0 
1 0 0 1 1 0 1 1 1 1 
1 0 1 0 1 0 1 0 1 1 
1 1 1 0 0 1 1 1 0 1 
1 0 0 0 1 1 1 1 1 1 
0 1 0 1 0 1 0 0 1 1 
1 0 0 0 0 0 1 1 0 0 
1 1 1 0 0 1 0 1 0 0 
1 1 0 1 1 0 1 0 1 0 
0 1 1 1 0 0 0 0 0 1 
0 1 0 1 1 0 0 0 1 0 
0 1 1 0 1 1 1 1 1 0 
0 0 1 0 0 1 0 1 0 0 
0 0 0 1 1 0 0 1 0 1 
0 0 0 1 0 1 0 1 0 0 
0 1 0 1 0 1 0 0 1 0 
1 1 0 0 1 0 1 0 0 1 
Best Sequence: 
7 5 3 2 9 8 6 4 1 0 
0 1 1 1 1 1 0 1 1 1 
0 0 0 1 1 0 1 1 0 0 
0 0 1 1 0 0 0 0 0 1 
1 1 0 1 0 1 1 0 0 0 
1 0 1 0 1 1 1 1 0 1 
0 0 0 1 1 1 1 1 0 1 
1 1 0 1 1 0 1 0 1 1 
1 1 0 0 1 1 1 1 0 1 
0 1 1 0 1 1 0 0 1 0 
1 0 0 0 0 0 1 0 0 1 
1 1 0 1 0 0 0 0 1 1 
0 0 1 0 0 1 1 1 1 1 
0 0 1 1 1 0 0 0 1 0 
0 0 1 0 0 1 0 1 1 0 
1 1 0 1 0 1 1 1 1 0 
1 1 0 1 0 0 0 0 0 0 
1 0 1 0 1 0 0 1 0 0 
1 1 1 0 0 0 0 0 0 0 
0 1 1 0 0 1 0 0 1 0 
0 0 0 0 1 0 1 1 1 1 
OpenStacks: 18
Took 0.14 seconds

buffer: Warwick 936: balanced orders, 10 orders per product
numCustomers: 20
numProducts: 10
1 1 0 0 0 1 1 1 1 1 
1 0 1 1 0 0 1 1 0 1 
1 1 1 0 1 0 0 0 0 0 
0 1 0 0 1 0 0 0 1 0 
0 0 1 0 0 1 0 0 0 0 
0 1 0 1 0 1 0 0 0 1 
0 0 0 1 1 1 1 0 0 0 
1 0 1 0 1 0 1 1 0 1 
1 0 1 0 0 1 0 0 1 0 
1 1 0 1 1 0 1 1 1 1 
1 1 1 0 0 0 0 1 0 1 
0 0 1 1 1 1 0 0 0 0 
1 0 0 0 0 1 1 1 1 1 
0 1 0 0 1 0 0 1 1 0 
1 0 1 1 0 1 0 1 1 1 
0 0 1 1 1 0 1 1 0 0 
0 1 0 1 0 0 1 1 1 0 
1 0 0 1 0 0 0 0 1 1 
0 1 1 0 1 1 1 0 0 0 
0 1 0 1 1 1 1 0 1 1 
Best Sequence: 
8 4 1 9 7 6 5 3 2 0 
1 0 1 1 1 1 1 0 0 1 
0 0 0 1 1 1 0 1 1 1 
0 1 1 0 0 0 0 0 1 1 
1 1 1 0 0 0 0 0 0 0 
0 0 0 0 0 0 1 0 1 0 
0 0 1 1 0 0 1 1 0 0 
0 1 0 0 0 1 1 1 0 0 
0 1 0 1 1 1 0 0 1 1 
1 0 0 0 0 0 1 0 1 1 
1 1 1 1 1 1 0 1 0 1 
0 0 1 1 1 0 0 0 1 1 
0 1 0 0 0 0 1 1 1 0 
1 0 0 1 1 1 1 0 0 1 
1 1 1 0 1 0 0 0 0 0 
1 0 0 1 1 0 1 1 1 1 
0 1 0 0 1 1 0 1 1 0 
1 0 1 0 1 1 0 1 0 0 
1 0 0 1 0 0 0 1 0 1 
0 1 1 0 0 1 1 0 1 0 
1 1 1 1 0 1 1 1 0 0 
OpenStacks: 18
Took 0.15 seconds

buffer: Warwick 937: balanced orders, 10 orders per product
numCustomers: 20
numProducts: 10
1 1 0 1 0 0 1 0 1 0 
1 0 0 0 1 0 0 1 0 1 
1 1 1 1 0 1 1 0 1 1 
1 1 1 1 1 0 0 1 0 0 
0 0 0 1 0 1 0 1 1 0 
0 1 1 0 0 1 0 0 1 0 
1 0 1 0 1 1 1 1 1 1 
1 1 1 0 0 1 0 1 0 0 
0 0 0 0 0 0 0 0 0 1 
1 1 0 1 1 1 0 0 0 1 
1 0 1 1 1 1 1 1 0 0 
1 0 0 0 0 0 0 0 1 0 
0 0 1 1 1 0 1 1 0 1 
0 0 0 0 0 1 1 1 0 1 
0 0 1 1 1 0 1 1 0 1 
1 1 0 0 0 0 0 0 1 1 
0 1 1 0 1 1 0 1 1 0 
0 0 0 1 1 0 1 0 1 0 
0 1 1 1 0 1 1 0 0 0 
0 1 0 0 1 0 1 0 1 1 
Best Sequence: 
6 5 3 2 1 8 7 9 4 0 
1 0 1 0 1 1 0 0 0 1 
0 0 0 0 0 0 1 1 1 1 
1 1 1 1 1 1 0 1 0 1 
0 0 1 1 1 0 1 0 1 1 
0 1 1 0 0 1 1 0 0 0 
0 1 0 1 1 1 0 0 0 0 
1 1 0 1 0 1 1 1 1 1 
0 1 0 1 1 0 1 0 0 1 
0 0 0 0 0 0 0 1 0 0 
0 1 1 0 1 0 0 1 1 1 
1 1 1 1 0 0 1 0 1 1 
0 0 0 0 0 1 0 0 0 1 
1 0 1 1 0 0 1 1 1 0 
1 1 0 0 0 0 1 1 0 0 
1 0 1 1 0 0 1 1 1 0 
0 0 0 0 1 1 0 1 0 1 
0 1 0 1 1 1 1 0 1 0 
1 0 1 0 0 1 0 0 1 0 
1 1 1 1 1 0 0 0 0 0 
1 0 0 0 1 1 0 1 1 0 
OpenStacks: 17
Took 0.14 seconds

buffer: Warwick 938: balanced orders, 10 orders per product
numCustomers: 20
numProducts: 10
0 0 1 0 1 0 1 1 0 1 
0 0 0 1 1 1 1 0 0 0 
1 1 1 0 0 0 1 0 0 1 
0 1 0 1 1 1 0 0 1 1 
1 0 0 1 0 1 0 0 0 1 
1 1 0 1 1 0 1 0 0 1 
1 1 0 0 1 0 0 0 0 1 
0 1 1 0 0 1 1 0 0 0 
1 0 1 1 0 0 0 1 1 0 
1 1 0 0 0 1 0 1 1 0 
0 1 1 1 1 1 1 0 1 0 
1 0 1 0 0 0 0 1 1 1 
1 0 1 0 0 1 0 1 1 1 
1 0 1 1 0 0 1 0 0 0 
0 0 1 1 0 1 1 1 1 0 
1 1 0 0 1 1 1 1 1 0 
0 1 0 1 1 1 0 0 1 0 
0 0 0 0 1 0 1 1 0 1 
0 1 1 1 0 0 0 1 0 1 
0 0 0 0 1 0 0 1 1 0 
Best Sequence: 
8 7 4 9 6 5 3 2 1 0 
0 1 1 1 1 0 0 1 0 0 
0 0 1 0 1 1 1 0 0 0 
0 0 0 1 1 0 0 1 1 1 
1 0 1 1 0 1 1 0 1 0 
0 0 0 1 0 1 1 0 0 1 
0 0 1 1 1 0 1 0 1 1 
0 0 1 1 0 0 0 0 1 1 
0 0 0 0 1 1 0 1 1 0 
1 1 0 0 0 0 1 1 0 1 
1 1 0 0 0 1 0 0 1 1 
1 0 1 0 1 1 1 1 1 0 
1 1 0 1 0 0 0 1 0 1 
1 1 0 1 0 1 0 1 0 1 
0 0 0 0 1 0 1 1 0 1 
1 1 0 0 1 1 1 1 0 0 
1 1 1 0 1 1 0 0 1 1 
1 0 1 0 0 1 1 0 1 0 
0 1 1 1 1 0 0 0 0 0 
0 1 0 1 0 0 1 1 1 0 
1 1 1 0 0 0 0 0 0 0 
OpenStacks: 19
Took 0.14 seconds

buffer: Warwick 939: balanced orders, 10 orders per product
numCustomers: 20
numProducts: 10
0 1 1 0 1 1 1 1 0 0 
0 1 0 1 0 1 1 1 1 1 
0 1 1 0 0 1 0 1 0 0 
1 0 0 0 1 0 0 0 0 1 
1 0 0 1 0 0 0 0 1 1 
1 0 1 1 1 0 0 1 1 0 
1 1 1 0 0 0 0 0 0 1 
0 0 1 0 1 1 1 0 1 0 
1 0 0 0 0 0 1 1 1 1 
1 1 1 1 1 0 1 1 0 0 
0 1 0 1 0 0 1 1 0 1 
0 0 0 1 1 0 0 0 0 1 
1 0 1 1 0 1 0 0 0 1 
0 1 0 0 1 1 1 0 1 1 
0 0 1 0 1 1 1 1 0 0 
1 1 1 1 0 1 1 0 1 1 
1 1 0 0 1 1 1 1 0 0 
0 1 0 0 0 0 0 1 1 0 
1 0 0 1 1 0 0 0 1 0 
0 0 1 1 0 1 0 0 1 0 
Best Sequence: 
8 7 1 5 2 3 9 6 4 0 
0 1 1 1 1 0 0 1 1 0 
1 1 1 1 0 1 1 1 0 0 
0 1 1 1 1 0 0 0 0 0 
0 0 0 0 0 0 1 0 1 1 
1 0 0 0 0 1 1 0 0 1 
1 1 0 0 1 1 0 0 1 1 
0 0 1 0 1 0 1 0 0 1 
1 0 0 1 1 0 0 1 1 0 
1 1 0 0 0 0 1 1 0 1 
0 1 1 0 1 1 0 1 1 1 
0 1 1 0 0 1 1 1 0 0 
0 0 0 0 0 1 1 0 1 0 
0 0 0 1 1 1 1 0 0 1 
1 0 1 1 0 0 1 1 1 0 
0 1 0 1 1 0 0 1 1 0 
1 0 1 1 1 1 1 1 0 1 
0 1 1 1 0 0 0 1 1 1 
1 1 1 0 0 0 0 0 0 0 
1 0 0 0 0 1 0 0 1 1 
1 0 0 1 1 1 0 0 0 0 
OpenStacks: 17
Took 0.15 seconds

buffer: Warwick 940: balanced orders, 10 orders per product
numCustomers: 20
numProducts: 10
1 1 1 0 0 0 1 1 0 1 
1 1 0 1 1 0 0 1 1 0 
1 1 1 1 0 0 0 0 0 1 
0 1 0 1 0 0 1 1 0 1 
0 1 0 1 0 0 0 0 1 0 
0 1 1 1 1 0 1 0 1 1 
1 1 0 1 1 1 1 1 1 1 
0 0 1 0 1 1 0 1 1 0 
1 0 1 0 1 1 1 0 0 0 
1 0 0 1 0 1 0 1 0 0 
0 1 0 0 0 1 1 1 1 1 
0 0 1 0 1 0 1 0 1 0 
0 1 1 1 1 0 0 1 0 0 
0 0 1 0 0 1 1 0 0 0 
1 0 0 0 1 1 0 1 0 1 
0 0 0 0 0 1 0 0 1 1 
0 0 0 1 0 0 0 1 1 0 
1 0 1 0 1 1 0 0 0 1 
1 1 0 1 1 1 1 0 0 1 
1 0 1 0 0 0 1 0 1 0 
Best Sequence: 
9 6 5 2 4 0 8 7 3 1 
1 1 0 1 0 1 0 1 0 1 
0 0 0 0 1 1 1 1 1 1 
1 0 0 1 0 1 0 0 1 1 
1 1 0 0 0 0 0 1 1 1 
0 0 0 0 0 0 1 0 1 1 
1 1 0 1 1 0 1 0 1 1 
1 1 1 0 1 1 1 1 1 1 
0 0 1 1 1 0 1 1 0 0 
0 1 1 1 1 1 0 0 0 0 
0 0 1 0 0 1 0 1 1 0 
1 1 1 0 0 0 1 1 0 1 
0 1 0 1 1 0 1 0 0 0 
0 0 0 1 1 0 0 1 1 1 
0 1 1 1 0 0 0 0 0 0 
1 0 1 0 1 1 0 1 0 0 
1 0 1 0 0 0 1 0 0 0 
0 0 0 0 0 0 1 1 1 0 
1 0 1 1 1 1 0 0 0 0 
1 1 1 0 1 1 0 0 1 1 
0 1 0 1 0 1 1 0 0 0 
OpenStacks: 17
Took 0.14 seconds

Solved: 70 instances
totalTime: 9.73 seconds
minTime: 0.13 seconds
maxTime: 0.15 seconds
Average: 0.139 seconds
