Solving by Dynamic Programming...
buffer: Warwick 871: balanced orders, 4 orders per product
numCustomers: 20
numProducts: 10
0 1 0 1 0 1 1 0 1 0 
0 0 0 0 0 0 1 0 0 0 
0 1 1 1 0 0 0 1 0 0 
1 0 0 0 0 0 0 0 0 1 
0 0 0 0 0 1 1 0 0 0 
0 0 0 0 1 0 0 0 0 0 
0 0 1 0 0 0 0 0 0 0 
0 0 0 0 0 1 0 1 1 1 
1 0 0 0 1 0 0 0 0 0 
0 1 0 1 0 0 0 0 1 0 
1 0 0 0 1 0 0 0 0 1 
0 1 0 0 0 0 0 0 0 0 
0 0 0 0 0 0 1 0 0 0 
0 0 0 0 0 0 0 1 0 0 
0 0 0 1 0 0 0 0 0 0 
0 0 1 0 0 0 0 0 0 0 
1 0 0 0 0 0 0 0 0 0 
0 0 1 0 1 1 0 0 0 1 
0 0 0 0 0 0 0 1 0 0 
0 0 0 0 0 0 0 0 1 0 
Best sequence:
0 4 2 9 1 3 5 8 6 7 
0 0 0 0 1 1 1 1 1 0 
0 0 0 0 0 0 0 0 1 0 
0 0 1 0 1 1 0 0 0 1 
1 0 0 1 0 0 0 0 0 0 
0 0 0 0 0 0 1 0 1 0 
0 1 0 0 0 0 0 0 0 0 
0 0 1 0 0 0 0 0 0 0 
0 0 0 1 0 0 1 1 0 1 
1 1 0 0 0 0 0 0 0 0 
0 0 0 0 1 1 0 1 0 0 
1 1 0 1 0 0 0 0 0 0 
0 0 0 0 1 0 0 0 0 0 
0 0 0 0 0 0 0 0 1 0 
0 0 0 0 0 0 0 0 0 1 
0 0 0 0 0 1 0 0 0 0 
0 0 1 0 0 0 0 0 0 0 
1 0 0 0 0 0 0 0 0 0 
0 1 1 1 0 0 1 0 0 0 
0 0 0 0 0 0 0 0 0 1 
0 0 0 0 0 0 0 1 0 0 
OpenStacks: 6
Took 0.9 seconds

buffer: Warwick 872: balanced orders, 4 orders per product
numCustomers: 20
numProducts: 10
1 1 0 1 0 1 0 0 0 0 
0 0 0 1 0 0 1 1 0 0 
0 0 0 0 0 0 1 0 0 0 
0 1 1 0 0 0 0 0 0 0 
0 0 1 0 0 0 0 0 0 0 
0 0 0 0 1 0 0 0 0 0 
1 0 0 0 0 0 0 1 0 0 
0 0 0 0 0 0 0 0 0 1 
0 0 0 1 0 1 0 0 0 0 
0 0 0 0 0 1 1 0 1 0 
0 1 0 0 0 0 0 0 1 1 
1 0 1 0 0 0 0 0 1 0 
0 0 0 0 0 0 1 0 0 0 
0 0 0 1 1 0 0 0 0 0 
0 0 0 0 0 0 0 0 0 1 
0 0 0 0 0 0 0 1 1 0 
0 0 0 0 0 0 0 1 0 1 
0 0 0 0 1 0 0 0 0 0 
0 1 1 0 0 0 0 0 0 0 
1 0 0 0 1 1 0 0 0 0 
Best sequence:
0 4 3 5 6 7 8 1 2 9 
1 0 1 1 0 0 0 1 0 0 
0 0 1 0 1 1 0 0 0 0 
0 0 0 0 1 0 0 0 0 0 
0 0 0 0 0 0 0 1 1 0 
0 0 0 0 0 0 0 0 1 0 
0 1 0 0 0 0 0 0 0 0 
1 0 0 0 0 1 0 0 0 0 
0 0 0 0 0 0 0 0 0 1 
0 0 1 1 0 0 0 0 0 0 
0 0 0 1 1 0 1 0 0 0 
0 0 0 0 0 0 1 1 0 1 
1 0 0 0 0 0 1 0 1 0 
0 0 0 0 1 0 0 0 0 0 
0 1 1 0 0 0 0 0 0 0 
0 0 0 0 0 0 0 0 0 1 
0 0 0 0 0 1 1 0 0 0 
0 0 0 0 0 1 0 0 0 1 
0 1 0 0 0 0 0 0 0 0 
0 0 0 0 0 0 0 1 1 0 
1 1 0 1 0 0 0 0 0 0 
OpenStacks: 7
Took 0.03 seconds

buffer: Warwick 873: balanced orders, 4 orders per product
numCustomers: 20
numProducts: 10
0 0 0 0 0 0 1 0 0 0 
0 1 0 1 0 0 1 0 0 0 
0 0 0 0 0 0 0 0 0 1 
0 0 0 0 0 0 0 1 0 0 
0 0 0 0 0 0 1 0 0 0 
0 0 0 0 0 0 0 1 1 0 
0 0 0 0 0 0 0 0 0 1 
1 1 1 0 1 0 0 0 0 0 
1 0 0 0 0 0 0 0 0 0 
0 0 0 0 0 0 0 0 1 0 
0 0 0 0 0 1 0 1 1 0 
1 0 0 0 0 1 0 0 1 0 
0 1 1 1 0 0 0 0 0 1 
0 0 1 0 1 0 0 0 0 0 
0 0 0 0 1 0 0 0 0 0 
0 0 0 1 0 0 0 0 0 0 
1 0 0 0 0 1 1 0 0 0 
0 1 0 0 0 0 0 1 0 1 
0 0 1 1 0 0 0 0 0 0 
0 0 0 0 1 1 0 0 0 0 
Best sequence:
6 9 3 1 2 4 0 5 7 8 
1 0 0 0 0 0 0 0 0 0 
1 0 1 1 0 0 0 0 0 0 
0 1 0 0 0 0 0 0 0 0 
0 0 0 0 0 0 0 0 1 0 
1 0 0 0 0 0 0 0 0 0 
0 0 0 0 0 0 0 0 1 1 
0 1 0 0 0 0 0 0 0 0 
0 0 0 1 1 1 1 0 0 0 
0 0 0 0 0 0 1 0 0 0 
0 0 0 0 0 0 0 0 0 1 
0 0 0 0 0 0 0 1 1 1 
0 0 0 0 0 0 1 1 0 1 
0 1 1 1 1 0 0 0 0 0 
0 0 0 0 1 1 0 0 0 0 
0 0 0 0 0 1 0 0 0 0 
0 0 1 0 0 0 0 0 0 0 
1 0 0 0 0 0 1 1 0 0 
0 1 0 1 0 0 0 0 1 0 
0 0 1 0 1 0 0 0 0 0 
0 0 0 0 0 1 0 1 0 0 
OpenStacks: 6
Took 0.04 seconds

buffer: Warwick 874: balanced orders, 4 orders per product
numCustomers: 20
numProducts: 10
0 0 0 0 0 0 0 1 0 0 
0 1 0 0 0 0 0 0 0 0 
0 0 1 0 0 0 0 1 0 0 
0 0 0 0 0 0 0 1 0 0 
0 0 0 0 0 1 0 0 1 1 
1 1 1 0 1 0 0 0 0 0 
0 0 0 0 0 0 1 0 0 0 
0 1 1 0 0 0 0 0 1 1 
1 1 0 1 0 0 0 0 1 0 
0 0 0 0 1 0 0 0 0 0 
0 0 0 1 0 1 0 0 0 0 
0 0 0 0 0 0 1 0 0 0 
0 0 0 0 1 0 0 0 0 0 
0 0 0 0 1 0 1 1 0 0 
0 0 0 0 0 1 0 0 0 0 
1 0 1 0 0 0 0 0 0 0 
0 0 0 0 0 0 0 0 0 1 
1 0 0 1 0 1 0 0 0 0 
0 0 0 1 0 0 1 0 1 0 
0 0 0 0 0 0 0 0 0 1 
Best sequence:
4 6 7 1 2 0 3 8 5 9 
0 0 1 0 0 0 0 0 0 0 
0 0 0 1 0 0 0 0 0 0 
0 0 1 0 1 0 0 0 0 0 
0 0 1 0 0 0 0 0 0 0 
0 0 0 0 0 0 0 1 1 1 
1 0 0 1 1 1 0 0 0 0 
0 1 0 0 0 0 0 0 0 0 
0 0 0 1 1 0 0 1 0 1 
0 0 0 1 0 1 1 1 0 0 
1 0 0 0 0 0 0 0 0 0 
0 0 0 0 0 0 1 0 1 0 
0 1 0 0 0 0 0 0 0 0 
1 0 0 0 0 0 0 0 0 0 
1 1 1 0 0 0 0 0 0 0 
0 0 0 0 0 0 0 0 1 0 
0 0 0 0 1 1 0 0 0 0 
0 0 0 0 0 0 0 0 0 1 
0 0 0 0 0 1 1 0 1 0 
0 1 0 0 0 0 1 1 0 0 
0 0 0 0 0 0 0 0 0 1 
OpenStacks: 6
Took 0.02 seconds

buffer: Warwick 875: balanced orders, 4 orders per product
numCustomers: 20
numProducts: 10
0 0 0 0 0 0 0 0 1 1 
0 1 0 1 0 1 0 0 0 1 
0 0 1 0 1 0 0 0 0 1 
0 1 0 0 0 0 0 0 0 0 
0 0 0 0 0 0 0 0 1 0 
1 0 1 0 0 0 0 0 0 0 
0 1 0 0 0 0 0 0 0 0 
0 0 0 0 0 0 0 1 1 0 
1 0 0 0 0 1 1 0 0 0 
0 0 0 0 1 1 0 1 0 0 
0 0 1 1 0 0 0 0 0 0 
1 0 0 0 0 0 0 0 0 0 
0 1 0 0 0 1 1 0 0 0 
0 0 0 0 1 0 0 0 0 1 
0 0 0 1 0 0 1 1 0 0 
0 0 0 1 0 0 0 0 0 0 
0 0 1 0 0 0 1 0 1 0 
0 0 0 0 0 0 0 1 0 0 
0 0 0 0 1 0 0 0 0 0 
1 0 0 0 0 0 0 0 0 0 
Best sequence:
0 1 5 6 2 3 4 9 7 8 
0 0 0 0 0 0 0 1 0 1 
0 1 1 0 0 1 0 1 0 0 
0 0 0 0 1 0 1 1 0 0 
0 1 0 0 0 0 0 0 0 0 
0 0 0 0 0 0 0 0 0 1 
1 0 0 0 1 0 0 0 0 0 
0 1 0 0 0 0 0 0 0 0 
0 0 0 0 0 0 0 0 1 1 
1 0 1 1 0 0 0 0 0 0 
0 0 1 0 0 0 1 0 1 0 
0 0 0 0 1 1 0 0 0 0 
1 0 0 0 0 0 0 0 0 0 
0 1 1 1 0 0 0 0 0 0 
0 0 0 0 0 0 1 1 0 0 
0 0 0 1 0 1 0 0 1 0 
0 0 0 0 0 1 0 0 0 0 
0 0 0 1 1 0 0 0 0 1 
0 0 0 0 0 0 0 0 1 0 
0 0 0 0 0 0 1 0 0 0 
1 0 0 0 0 0 0 0 0 0 
OpenStacks: 7
Took 0.03 seconds

buffer: Warwick 876: balanced orders, 4 orders per product
numCustomers: 20
numProducts: 10
0 1 0 0 0 0 0 0 0 0 
0 1 0 0 0 0 0 1 0 0 
0 0 1 1 0 0 0 1 1 1 
0 0 0 0 1 1 0 0 0 0 
1 0 0 0 0 0 1 0 0 0 
0 0 0 0 0 0 0 1 0 0 
0 0 0 0 0 0 1 0 0 0 
0 0 1 1 0 0 0 0 0 0 
0 0 1 0 0 1 1 0 0 0 
0 0 0 1 0 0 0 0 0 0 
0 1 0 0 0 0 0 0 0 0 
0 1 0 0 0 0 0 0 0 1 
1 0 0 1 0 0 0 0 0 0 
0 0 0 0 1 0 0 0 0 0 
0 0 0 0 0 1 0 0 1 0 
1 0 0 0 1 0 1 0 0 0 
0 0 0 0 0 0 0 1 0 0 
1 0 0 0 0 1 0 0 1 1 
0 0 0 0 1 0 0 0 1 1 
0 0 1 0 0 0 0 0 0 0 
Best sequence:
1 7 4 9 8 5 0 6 2 3 
1 0 0 0 0 0 0 0 0 0 
1 1 0 0 0 0 0 0 0 0 
0 1 0 1 1 0 0 0 1 1 
0 0 1 0 0 1 0 0 0 0 
0 0 0 0 0 0 1 1 0 0 
0 1 0 0 0 0 0 0 0 0 
0 0 0 0 0 0 0 1 0 0 
0 0 0 0 0 0 0 0 1 1 
0 0 0 0 0 1 0 1 1 0 
0 0 0 0 0 0 0 0 0 1 
1 0 0 0 0 0 0 0 0 0 
1 0 0 1 0 0 0 0 0 0 
0 0 0 0 0 0 1 0 0 1 
0 0 1 0 0 0 0 0 0 0 
0 0 0 0 1 1 0 0 0 0 
0 0 1 0 0 0 1 1 0 0 
0 1 0 0 0 0 0 0 0 0 
0 0 0 1 1 1 1 0 0 0 
0 0 1 1 1 0 0 0 0 0 
0 0 0 0 0 0 0 0 1 0 
OpenStacks: 6
Took 0.04 seconds

buffer: Warwick 877: balanced orders, 4 orders per product
numCustomers: 20
numProducts: 10
0 0 0 0 0 0 0 1 0 0 
0 0 0 0 0 0 1 0 0 0 
0 1 1 0 0 0 0 0 1 0 
0 0 1 0 0 1 0 0 0 1 
0 1 0 0 1 0 1 1 0 0 
0 0 0 0 0 0 1 0 0 0 
0 0 0 0 0 1 0 0 0 0 
0 0 1 0 0 0 0 0 1 0 
0 0 0 0 0 0 0 1 0 0 
0 0 0 1 0 0 0 0 1 0 
0 1 0 0 0 0 0 0 0 0 
1 0 0 0 0 0 0 0 0 0 
0 0 0 0 0 1 0 0 0 1 
1 0 0 0 1 0 0 0 0 0 
0 0 1 1 1 0 0 0 0 0 
1 1 0 1 0 0 0 0 0 0 
0 0 0 1 0 1 1 0 0 1 
0 0 0 0 0 0 0 1 0 0 
0 0 0 0 1 0 0 0 0 1 
1 0 0 0 0 0 0 0 1 0 
Best sequence:
0 1 3 4 8 2 9 5 6 7 
0 0 0 0 0 0 0 0 0 1 
0 0 0 0 0 0 0 0 1 0 
0 1 0 0 1 1 0 0 0 0 
0 0 0 0 0 1 1 1 0 0 
0 1 0 1 0 0 0 0 1 1 
0 0 0 0 0 0 0 0 1 0 
0 0 0 0 0 0 0 1 0 0 
0 0 0 0 1 1 0 0 0 0 
0 0 0 0 0 0 0 0 0 1 
0 0 1 0 1 0 0 0 0 0 
0 1 0 0 0 0 0 0 0 0 
1 0 0 0 0 0 0 0 0 0 
0 0 0 0 0 0 1 1 0 0 
1 0 0 1 0 0 0 0 0 0 
0 0 1 1 0 1 0 0 0 0 
1 1 1 0 0 0 0 0 0 0 
0 0 1 0 0 0 1 1 1 0 
0 0 0 0 0 0 0 0 0 1 
0 0 0 1 0 0 1 0 0 0 
1 0 0 0 1 0 0 0 0 0 
OpenStacks: 8
Took 0.03 seconds

buffer: Warwick 878: balanced orders, 4 orders per product
numCustomers: 20
numProducts: 10
1 0 0 0 0 0 1 0 0 0 
0 0 1 0 0 0 0 1 1 0 
0 0 0 1 1 1 0 0 0 0 
0 0 0 0 0 0 1 0 1 0 
0 1 0 1 0 1 0 0 0 1 
0 1 0 0 0 0 0 0 1 0 
0 0 0 0 0 0 1 0 0 0 
0 0 1 0 1 0 0 0 1 0 
0 0 0 0 1 0 0 0 0 0 
0 0 0 0 0 1 0 0 0 0 
0 0 1 1 0 0 0 0 0 0 
1 0 0 0 0 0 0 1 0 0 
0 0 0 1 0 0 0 0 0 0 
1 0 0 0 0 0 0 0 0 1 
0 0 0 0 0 0 0 1 0 0 
0 0 1 0 0 0 0 0 0 0 
0 0 0 0 1 0 1 0 0 1 
0 1 0 0 0 1 0 1 0 1 
0 1 0 0 0 0 0 0 0 0 
1 0 0 0 0 0 0 0 0 0 
Best sequence:
0 6 7 8 9 1 2 3 4 5 
1 1 0 0 0 0 0 0 0 0 
0 0 1 1 0 0 1 0 0 0 
0 0 0 0 0 0 0 1 1 1 
0 1 0 1 0 0 0 0 0 0 
0 0 0 0 1 1 0 1 0 1 
0 0 0 1 0 1 0 0 0 0 
0 1 0 0 0 0 0 0 0 0 
0 0 0 1 0 0 1 0 1 0 
0 0 0 0 0 0 0 0 1 0 
0 0 0 0 0 0 0 0 0 1 
0 0 0 0 0 0 1 1 0 0 
1 0 1 0 0 0 0 0 0 0 
0 0 0 0 0 0 0 1 0 0 
1 0 0 0 1 0 0 0 0 0 
0 0 1 0 0 0 0 0 0 0 
0 0 0 0 0 0 1 0 0 0 
0 1 0 0 1 0 0 0 1 0 
0 0 1 0 1 1 0 0 0 1 
0 0 0 0 0 1 0 0 0 0 
1 0 0 0 0 0 0 0 0 0 
OpenStacks: 7
Took 0.03 seconds

buffer: Warwick 879: balanced orders, 4 orders per product
numCustomers: 20
numProducts: 10
0 0 0 0 0 1 0 0 0 0 
0 0 0 0 0 0 0 1 1 1 
1 0 1 0 0 0 0 0 0 0 
0 0 1 0 1 0 0 0 0 0 
0 0 0 1 0 0 0 0 0 1 
0 0 0 0 0 1 0 1 0 0 
0 0 0 0 1 0 0 0 0 0 
0 1 0 0 0 0 1 0 0 0 
0 0 0 0 0 0 0 1 1 0 
0 0 1 0 0 0 0 0 0 0 
1 0 0 1 0 0 1 0 0 0 
1 1 0 0 0 0 0 0 1 0 
0 0 0 0 0 0 0 1 0 0 
0 0 0 0 0 0 1 0 1 0 
0 0 0 1 0 0 0 0 0 1 
1 0 1 0 1 1 0 0 0 0 
0 1 0 0 0 1 0 0 0 0 
0 0 0 0 0 0 1 0 0 0 
0 1 0 0 0 0 0 0 0 1 
0 0 0 1 1 0 0 0 0 0 
Best sequence:
0 2 3 4 5 1 9 6 8 7 
0 0 0 0 1 0 0 0 0 0 
0 0 0 0 0 0 1 0 1 1 
1 1 0 0 0 0 0 0 0 0 
0 1 0 1 0 0 0 0 0 0 
0 0 1 0 0 0 1 0 0 0 
0 0 0 0 1 0 0 0 0 1 
0 0 0 1 0 0 0 0 0 0 
0 0 0 0 0 1 0 1 0 0 
0 0 0 0 0 0 0 0 1 1 
0 1 0 0 0 0 0 0 0 0 
1 0 1 0 0 0 0 1 0 0 
1 0 0 0 0 1 0 0 1 0 
0 0 0 0 0 0 0 0 0 1 
0 0 0 0 0 0 0 1 1 0 
0 0 1 0 0 0 1 0 0 0 
1 1 0 1 1 0 0 0 0 0 
0 0 0 0 1 1 0 0 0 0 
0 0 0 0 0 0 0 1 0 0 
0 0 0 0 0 1 1 0 0 0 
0 0 1 1 0 0 0 0 0 0 
OpenStacks: 8
Took 0.03 seconds

buffer: Warwick 880: balanced orders, 4 orders per product
numCustomers: 20
numProducts: 10
0 0 1 0 0 0 0 0 0 0 
1 0 0 0 0 0 1 1 0 0 
1 0 0 0 0 0 0 0 1 0 
0 0 0 0 1 0 0 0 0 0 
0 0 1 0 0 1 0 0 0 0 
0 0 1 1 0 0 1 0 0 0 
0 0 0 0 0 1 0 0 0 0 
0 1 0 0 0 0 0 1 0 0 
0 0 0 0 0 1 0 0 0 0 
0 0 1 1 0 0 1 0 0 0 
1 1 0 1 0 0 0 0 1 1 
0 0 0 0 0 0 0 0 1 0 
1 0 0 0 1 1 0 0 0 0 
0 1 0 0 0 0 1 0 0 1 
0 0 0 1 1 0 0 1 0 0 
0 1 0 0 0 0 0 0 0 0 
0 0 0 0 0 0 0 0 0 1 
0 0 0 0 1 0 0 0 0 1 
0 0 0 0 0 0 0 1 0 0 
0 0 0 0 0 0 0 0 1 0 
Best sequence:
0 5 8 2 3 6 1 7 4 9 
0 0 0 1 0 0 0 0 0 0 
1 0 0 0 0 1 0 1 0 0 
1 0 1 0 0 0 0 0 0 0 
0 0 0 0 0 0 0 0 1 0 
0 1 0 1 0 0 0 0 0 0 
0 0 0 1 1 1 0 0 0 0 
0 1 0 0 0 0 0 0 0 0 
0 0 0 0 0 0 1 1 0 0 
0 1 0 0 0 0 0 0 0 0 
0 0 0 1 1 1 0 0 0 0 
1 0 1 0 1 0 1 0 0 1 
0 0 1 0 0 0 0 0 0 0 
1 1 0 0 0 0 0 0 1 0 
0 0 0 0 0 1 1 0 0 1 
0 0 0 0 1 0 0 1 1 0 
0 0 0 0 0 0 1 0 0 0 
0 0 0 0 0 0 0 0 0 1 
0 0 0 0 0 0 0 0 1 1 
0 0 0 0 0 0 0 1 0 0 
0 0 1 0 0 0 0 0 0 0 
OpenStacks: 7
Took 0.03 seconds

buffer: Warwick 881: balanced orders, 5 orders per product
numCustomers: 20
numProducts: 10
1 0 0 0 0 0 0 0 0 0 
0 1 0 0 0 0 0 0 0 0 
0 0 0 0 0 0 1 0 0 0 
0 0 0 1 0 0 1 0 0 0 
0 0 0 0 0 1 0 0 0 1 
0 0 1 0 1 0 0 0 0 0 
0 0 0 0 0 1 0 0 0 1 
0 0 1 0 0 1 0 1 1 0 
0 0 0 0 1 0 0 1 1 1 
0 1 0 1 0 0 1 0 0 0 
0 0 0 1 0 0 0 0 0 0 
0 0 0 0 0 0 1 1 0 0 
1 0 0 0 0 0 0 1 0 0 
0 0 0 0 1 1 0 0 1 0 
1 1 1 0 0 1 1 0 1 0 
1 1 0 0 0 0 0 0 0 1 
0 1 0 0 0 0 0 0 1 0 
1 0 1 1 1 0 0 0 0 0 
0 0 0 0 1 0 0 0 0 1 
0 0 1 1 0 0 0 1 0 0 
Best sequence:
0 3 6 1 7 2 8 4 5 9 
1 0 0 0 0 0 0 0 0 0 
0 0 0 1 0 0 0 0 0 0 
0 0 1 0 0 0 0 0 0 0 
0 1 1 0 0 0 0 0 0 0 
0 0 0 0 0 0 0 0 1 1 
0 0 0 0 0 1 0 1 0 0 
0 0 0 0 0 0 0 0 1 1 
0 0 0 0 1 1 1 0 1 0 
0 0 0 0 1 0 1 1 0 1 
0 1 1 1 0 0 0 0 0 0 
0 1 0 0 0 0 0 0 0 0 
0 0 1 0 1 0 0 0 0 0 
1 0 0 0 1 0 0 0 0 0 
0 0 0 0 0 0 1 1 1 0 
1 0 1 1 0 1 1 0 1 0 
1 0 0 1 0 0 0 0 0 1 
0 0 0 1 0 0 1 0 0 0 
1 1 0 0 0 1 0 1 0 0 
0 0 0 0 0 0 0 1 0 1 
0 1 0 0 1 1 0 0 0 0 
OpenStacks: 9
Took 0.04 seconds

buffer: Warwick 882: balanced orders, 5 orders per product
numCustomers: 20
numProducts: 10
1 0 0 1 1 0 0 0 0 0 
1 0 1 0 0 0 0 1 1 0 
0 1 0 0 0 0 0 0 1 0 
0 0 1 0 0 0 1 1 1 0 
0 0 0 0 1 1 0 0 0 0 
1 0 1 0 0 1 0 0 0 0 
0 0 0 1 0 1 1 0 0 0 
0 0 0 1 1 0 0 0 0 0 
0 0 0 1 0 0 0 1 0 0 
0 1 0 0 0 0 0 0 0 0 
0 1 0 1 0 0 0 0 0 1 
0 0 0 0 0 0 1 0 0 0 
0 0 1 0 0 0 0 0 0 1 
0 1 0 0 0 0 0 0 0 1 
0 0 0 0 0 0 0 1 0 0 
0 0 1 0 0 0 0 0 1 0 
1 1 0 0 0 1 0 1 1 1 
0 0 0 0 1 0 1 0 0 0 
1 0 0 0 0 0 0 0 0 1 
0 0 0 0 1 1 1 0 0 0 
Best sequence:
1 8 2 9 0 7 3 5 4 6 
0 0 0 0 1 0 1 0 1 0 
0 1 1 0 1 1 0 0 0 0 
1 1 0 0 0 0 0 0 0 0 
0 1 1 0 0 1 0 0 0 1 
0 0 0 0 0 0 0 1 1 0 
0 0 1 0 1 0 0 1 0 0 
0 0 0 0 0 0 1 1 0 1 
0 0 0 0 0 0 1 0 1 0 
0 0 0 0 0 1 1 0 0 0 
1 0 0 0 0 0 0 0 0 0 
1 0 0 1 0 0 1 0 0 0 
0 0 0 0 0 0 0 0 0 1 
0 0 1 1 0 0 0 0 0 0 
1 0 0 1 0 0 0 0 0 0 
0 0 0 0 0 1 0 0 0 0 
0 1 1 0 0 0 0 0 0 0 
1 1 0 1 1 1 0 1 0 0 
0 0 0 0 0 0 0 0 1 1 
0 0 0 1 1 0 0 0 0 0 
0 0 0 0 0 0 0 1 1 1 
OpenStacks: 8
Took 0.03 seconds

buffer: Warwick 883: balanced orders, 5 orders per product
numCustomers: 20
numProducts: 10
0 1 1 0 0 0 0 0 0 0 
1 0 0 0 0 0 0 0 0 0 
0 0 1 1 0 0 0 1 0 0 
0 0 0 0 0 0 1 0 0 1 
1 0 1 1 0 0 0 1 0 0 
0 1 0 0 0 1 0 0 0 0 
0 0 0 0 1 0 1 0 0 0 
0 0 1 1 0 0 0 0 1 0 
0 1 0 0 0 1 0 0 0 1 
1 0 0 1 0 0 0 0 1 0 
0 0 0 0 1 0 0 0 0 0 
0 0 0 0 0 1 0 0 0 1 
0 0 0 1 1 1 0 0 1 1 
1 0 0 0 0 1 0 0 0 0 
0 0 0 0 0 0 1 1 0 0 
0 0 0 0 1 0 0 0 0 0 
0 1 0 0 0 0 0 0 1 0 
1 1 1 0 0 0 0 1 0 0 
0 0 0 0 0 0 1 0 0 0 
0 0 0 0 1 0 1 1 1 1 
Best sequence:
0 3 8 2 7 1 5 9 6 4 
0 0 0 1 0 1 0 0 0 0 
1 0 0 0 0 0 0 0 0 0 
0 1 0 1 1 0 0 0 0 0 
0 0 0 0 0 0 0 1 1 0 
1 1 0 1 1 0 0 0 0 0 
0 0 0 0 0 1 1 0 0 0 
0 0 0 0 0 0 0 0 1 1 
0 1 1 1 0 0 0 0 0 0 
0 0 0 0 0 1 1 1 0 0 
1 1 1 0 0 0 0 0 0 0 
0 0 0 0 0 0 0 0 0 1 
0 0 0 0 0 0 1 1 0 0 
0 1 1 0 0 0 1 1 0 1 
1 0 0 0 0 0 1 0 0 0 
0 0 0 0 1 0 0 0 1 0 
0 0 0 0 0 0 0 0 0 1 
0 0 1 0 0 1 0 0 0 0 
1 0 0 1 1 1 0 0 0 0 
0 0 0 0 0 0 0 0 1 0 
0 0 1 0 1 0 0 1 1 1 
OpenStacks: 9
Took 0.02 seconds

buffer: Warwick 884: balanced orders, 5 orders per product
numCustomers: 20
numProducts: 10
1 0 0 0 1 1 0 0 0 1 
0 1 0 0 0 0 0 0 0 0 
0 1 0 0 0 0 1 0 0 0 
1 0 0 0 0 0 0 0 0 0 
1 0 0 0 0 0 0 1 1 0 
0 1 0 1 0 0 0 0 0 0 
0 0 1 0 0 0 0 0 0 0 
0 0 0 0 0 1 0 1 1 1 
0 0 0 0 0 1 1 0 0 0 
0 0 0 0 1 0 0 0 1 0 
0 0 0 1 1 0 1 0 0 0 
1 0 0 0 0 0 1 0 1 1 
0 0 0 0 0 0 0 1 0 0 
0 0 1 1 0 0 0 0 0 0 
1 0 1 1 0 0 0 0 0 0 
0 0 0 0 1 1 0 0 0 0 
0 1 1 0 1 0 0 1 0 1 
0 1 0 0 0 0 1 1 0 0 
0 0 1 1 0 0 0 0 1 1 
0 0 0 0 0 1 0 0 0 0 
Best sequence:
0 2 3 1 6 4 8 9 5 7 
1 0 0 0 0 1 0 1 1 0 
0 0 0 1 0 0 0 0 0 0 
0 0 0 1 1 0 0 0 0 0 
1 0 0 0 0 0 0 0 0 0 
1 0 0 0 0 0 1 0 0 1 
0 0 1 1 0 0 0 0 0 0 
0 1 0 0 0 0 0 0 0 0 
0 0 0 0 0 0 1 1 1 1 
0 0 0 0 1 0 0 0 1 0 
0 0 0 0 0 1 1 0 0 0 
0 0 1 0 1 1 0 0 0 0 
1 0 0 0 1 0 1 1 0 0 
0 0 0 0 0 0 0 0 0 1 
0 1 1 0 0 0 0 0 0 0 
1 1 1 0 0 0 0 0 0 0 
0 0 0 0 0 1 0 0 1 0 
0 1 0 1 0 1 0 1 0 1 
0 0 0 1 1 0 0 0 0 1 
0 1 1 0 0 0 1 1 0 0 
0 0 0 0 0 0 0 0 1 0 
OpenStacks: 10
Took 0.04 seconds

buffer: Warwick 885: balanced orders, 5 orders per product
numCustomers: 20
numProducts: 10
0 1 0 0 0 1 1 0 1 0 
0 0 1 1 0 0 0 0 0 0 
0 1 0 0 1 0 1 0 0 1 
1 0 1 0 0 0 0 0 1 0 
0 0 0 1 0 0 0 1 0 0 
0 0 1 0 0 0 0 0 1 1 
1 0 0 0 0 0 0 0 0 1 
0 0 1 0 0 1 1 0 0 0 
0 1 0 1 1 0 0 0 0 0 
0 0 0 1 0 1 0 1 0 0 
0 0 0 0 0 0 0 0 0 1 
0 1 0 0 0 1 1 0 1 0 
0 1 1 0 0 0 0 1 1 0 
1 0 0 0 0 0 0 1 0 0 
0 0 0 0 0 0 0 1 0 0 
0 0 0 0 0 0 0 0 0 1 
0 0 0 0 0 1 1 0 0 0 
0 0 0 1 1 0 0 0 0 0 
1 0 0 0 1 0 0 0 0 0 
1 0 0 0 1 0 0 0 0 0 
Best sequence:
0 4 3 7 1 2 8 5 6 9 
0 0 0 0 1 0 1 1 1 0 
0 0 1 0 0 1 0 0 0 0 
0 1 0 0 1 0 0 0 1 1 
1 0 0 0 0 1 1 0 0 0 
0 0 1 1 0 0 0 0 0 0 
0 0 0 0 0 1 1 0 0 1 
1 0 0 0 0 0 0 0 0 1 
0 0 0 0 0 1 0 1 1 0 
0 1 1 0 1 0 0 0 0 0 
0 0 1 1 0 0 0 1 0 0 
0 0 0 0 0 0 0 0 0 1 
0 0 0 0 1 0 1 1 1 0 
0 0 0 1 1 1 1 0 0 0 
1 0 0 1 0 0 0 0 0 0 
0 0 0 1 0 0 0 0 0 0 
0 0 0 0 0 0 0 0 0 1 
0 0 0 0 0 0 0 1 1 0 
0 1 1 0 0 0 0 0 0 0 
1 1 0 0 0 0 0 0 0 0 
1 1 0 0 0 0 0 0 0 0 
OpenStacks: 10
Took 0.03 seconds

buffer: Warwick 886: balanced orders, 5 orders per product
numCustomers: 20
numProducts: 10
0 0 0 1 0 0 0 0 0 1 
0 1 0 0 0 1 0 0 0 1 
0 0 0 0 0 0 0 0 1 1 
1 0 0 0 0 0 1 0 0 0 
1 0 0 0 1 0 0 0 0 0 
0 0 0 0 0 0 0 1 1 0 
0 0 1 0 1 0 1 0 0 0 
0 1 0 0 1 1 0 0 0 1 
0 0 0 1 0 0 1 0 0 0 
0 0 0 0 0 1 0 1 1 0 
1 0 0 0 0 0 0 0 0 0 
0 1 1 0 0 0 0 0 0 0 
0 0 0 0 0 1 0 0 0 0 
0 0 0 1 0 0 1 1 0 0 
0 1 1 1 0 0 0 0 1 0 
0 0 1 0 0 0 0 1 0 0 
0 0 0 0 1 0 0 0 0 0 
1 0 0 0 1 0 1 0 0 0 
0 0 0 1 0 0 0 0 0 0 
1 1 1 0 0 1 0 1 1 1 
Best sequence:
0 3 6 4 1 2 5 7 8 9 
0 1 0 0 0 0 0 0 0 1 
0 0 0 0 1 0 1 0 0 1 
0 0 0 0 0 0 0 0 1 1 
1 0 1 0 0 0 0 0 0 0 
1 0 0 1 0 0 0 0 0 0 
0 0 0 0 0 0 0 1 1 0 
0 0 1 1 0 1 0 0 0 0 
0 0 0 1 1 0 1 0 0 1 
0 1 1 0 0 0 0 0 0 0 
0 0 0 0 0 0 1 1 1 0 
1 0 0 0 0 0 0 0 0 0 
0 0 0 0 1 1 0 0 0 0 
0 0 0 0 0 0 1 0 0 0 
0 1 1 0 0 0 0 1 0 0 
0 1 0 0 1 1 0 0 1 0 
0 0 0 0 0 1 0 1 0 0 
0 0 0 1 0 0 0 0 0 0 
1 0 1 1 0 0 0 0 0 0 
0 1 0 0 0 0 0 0 0 0 
1 0 0 0 1 1 1 1 1 1 
OpenStacks: 9
Took 0.03 seconds

buffer: Warwick 887: balanced orders, 5 orders per product
numCustomers: 20
numProducts: 10
0 0 1 0 0 0 0 1 0 0 
1 0 0 1 0 0 1 0 0 0 
1 0 0 1 1 0 0 0 0 0 
0 1 0 0 0 1 0 0 1 0 
0 0 0 1 0 1 0 0 0 1 
0 0 1 0 0 1 1 0 0 1 
0 0 0 0 0 0 0 1 1 0 
1 0 0 0 0 0 0 0 0 0 
0 1 0 0 0 0 0 0 1 0 
0 0 0 0 0 0 0 1 0 0 
0 1 1 0 1 1 0 0 0 0 
0 0 0 0 0 0 0 0 1 0 
0 1 1 0 0 0 0 1 0 1 
0 0 0 0 0 0 1 0 1 0 
0 0 0 0 1 0 0 0 0 0 
1 0 0 0 1 0 1 0 0 0 
0 1 1 1 1 1 0 0 0 1 
0 0 0 0 0 0 1 0 0 0 
0 0 0 1 0 0 0 1 0 0 
1 0 0 0 0 0 0 0 0 1 
Best sequence:
0 4 6 3 9 5 2 1 7 8 
0 0 0 0 0 0 1 0 1 0 
1 0 1 1 0 0 0 0 0 0 
1 1 0 1 0 0 0 0 0 0 
0 0 0 0 0 1 0 1 0 1 
0 0 0 1 1 1 0 0 0 0 
0 0 1 0 1 1 1 0 0 0 
0 0 0 0 0 0 0 0 1 1 
1 0 0 0 0 0 0 0 0 0 
0 0 0 0 0 0 0 1 0 1 
0 0 0 0 0 0 0 0 1 0 
0 1 0 0 0 1 1 1 0 0 
0 0 0 0 0 0 0 0 0 1 
0 0 0 0 1 0 1 1 1 0 
0 0 1 0 0 0 0 0 0 1 
0 1 0 0 0 0 0 0 0 0 
1 1 1 0 0 0 0 0 0 0 
0 1 0 1 1 1 1 1 0 0 
0 0 1 0 0 0 0 0 0 0 
0 0 0 1 0 0 0 0 1 0 
1 0 0 0 1 0 0 0 0 0 
OpenStacks: 9
Took 0.03 seconds

buffer: Warwick 888: balanced orders, 5 orders per product
numCustomers: 20
numProducts: 10
0 1 0 0 0 0 0 0 0 0 
0 0 0 0 0 1 1 1 0 0 
1 0 0 0 1 1 0 1 0 1 
1 0 0 0 0 0 0 0 1 0 
0 1 0 0 0 0 0 1 0 0 
1 0 0 0 0 0 0 0 1 0 
0 0 0 0 0 1 0 1 0 1 
0 0 1 1 0 0 0 0 0 0 
0 1 0 0 1 0 1 1 0 0 
0 1 1 1 0 0 0 0 0 0 
0 0 0 0 0 0 1 0 0 1 
0 0 0 1 0 0 0 0 0 0 
1 1 0 0 0 1 1 0 0 0 
0 0 1 0 0 0 0 0 0 0 
0 0 0 0 0 1 0 0 1 0 
0 0 0 0 1 0 0 0 0 0 
1 0 0 0 1 0 1 0 1 0 
0 0 0 1 1 0 0 0 1 0 
0 0 1 0 0 0 0 0 0 1 
0 0 1 1 0 0 0 0 0 1 
Best sequence:
0 4 8 5 6 7 1 9 2 3 
0 0 0 0 0 0 1 0 0 0 
0 0 0 1 1 1 0 0 0 0 
1 1 0 1 0 1 0 1 0 0 
1 0 1 0 0 0 0 0 0 0 
0 0 0 0 0 1 1 0 0 0 
1 0 1 0 0 0 0 0 0 0 
0 0 0 1 0 1 0 1 0 0 
0 0 0 0 0 0 0 0 1 1 
0 1 0 0 1 1 1 0 0 0 
0 0 0 0 0 0 1 0 1 1 
0 0 0 0 1 0 0 1 0 0 
0 0 0 0 0 0 0 0 0 1 
1 0 0 1 1 0 1 0 0 0 
0 0 0 0 0 0 0 0 1 0 
0 0 1 1 0 0 0 0 0 0 
0 1 0 0 0 0 0 0 0 0 
1 1 1 0 1 0 0 0 0 0 
0 1 1 0 0 0 0 0 0 1 
0 0 0 0 0 0 0 1 1 0 
0 0 0 0 0 0 0 1 1 1 
OpenStacks: 9
Took 0.03 seconds

buffer: Warwick 889: balanced orders, 5 orders per product
numCustomers: 20
numProducts: 10
1 1 0 0 0 0 0 0 0 0 
0 0 0 0 1 0 0 0 1 1 
0 0 0 0 0 1 1 0 0 1 
1 0 1 1 0 1 1 0 0 0 
1 0 0 0 0 1 1 1 0 0 
1 1 0 0 0 0 0 1 1 1 
0 0 0 0 0 1 1 0 0 0 
0 1 0 0 0 0 0 0 0 0 
0 0 0 0 0 0 0 1 0 0 
1 1 0 0 0 0 0 0 0 1 
0 0 0 0 1 0 0 0 0 0 
0 0 0 1 1 0 0 1 0 1 
0 0 0 0 0 0 0 0 1 0 
0 1 1 0 0 0 0 0 0 0 
0 0 0 0 1 0 0 0 0 0 
0 0 0 1 0 0 0 1 1 0 
0 0 1 0 0 0 0 0 0 0 
0 0 1 1 1 1 0 0 0 0 
0 0 1 1 0 0 1 0 0 0 
0 0 0 0 0 0 0 0 1 0 
Best sequence:
0 1 2 5 6 3 7 9 4 8 
1 1 0 0 0 0 0 0 0 0 
0 0 0 0 0 0 0 1 1 1 
0 0 0 1 1 0 0 1 0 0 
1 0 1 1 1 1 0 0 0 0 
1 0 0 1 1 0 1 0 0 0 
1 1 0 0 0 0 1 1 0 1 
0 0 0 1 1 0 0 0 0 0 
0 1 0 0 0 0 0 0 0 0 
0 0 0 0 0 0 1 0 0 0 
1 1 0 0 0 0 0 1 0 0 
0 0 0 0 0 0 0 0 1 0 
0 0 0 0 0 1 1 1 1 0 
0 0 0 0 0 0 0 0 0 1 
0 1 1 0 0 0 0 0 0 0 
0 0 0 0 0 0 0 0 1 0 
0 0 0 0 0 1 1 0 0 1 
0 0 1 0 0 0 0 0 0 0 
0 0 1 1 0 1 0 0 1 0 
0 0 1 0 1 1 0 0 0 0 
0 0 0 0 0 0 0 0 0 1 
OpenStacks: 9
Took 0.03 seconds

buffer: Warwick 890: balanced orders, 5 orders per product
numCustomers: 20
numProducts: 10
0 0 1 0 1 0 0 0 0 0 
0 0 0 0 0 0 0 0 1 0 
1 0 1 0 0 0 0 1 1 0 
0 0 0 0 0 0 0 0 0 1 
0 0 1 0 0 0 0 0 0 0 
0 1 0 1 0 1 1 0 0 0 
1 0 0 0 0 0 1 1 0 0 
0 0 0 1 0 0 0 0 0 0 
0 0 0 0 0 0 0 0 0 1 
0 1 0 1 1 0 1 0 0 1 
0 0 0 0 1 0 0 0 0 0 
0 0 0 0 0 0 0 1 0 0 
0 0 0 0 0 1 0 0 0 1 
0 0 0 1 0 0 0 0 0 0 
0 1 0 0 0 0 0 1 0 0 
0 0 1 1 0 1 0 0 1 0 
1 1 0 0 1 1 0 0 1 0 
1 0 0 0 1 0 1 0 0 0 
0 1 1 0 0 0 0 0 0 1 
1 0 0 0 0 1 1 1 1 0 
Best sequence:
0 4 6 7 1 2 8 5 3 9 
0 1 0 0 0 1 0 0 0 0 
0 0 0 0 0 0 1 0 0 0 
1 0 0 1 0 1 1 0 0 0 
0 0 0 0 0 0 0 0 0 1 
0 0 0 0 0 1 0 0 0 0 
0 0 1 0 1 0 0 1 1 0 
1 0 1 1 0 0 0 0 0 0 
0 0 0 0 0 0 0 0 1 0 
0 0 0 0 0 0 0 0 0 1 
0 1 1 0 1 0 0 0 1 1 
0 1 0 0 0 0 0 0 0 0 
0 0 0 1 0 0 0 0 0 0 
0 0 0 0 0 0 0 1 0 1 
0 0 0 0 0 0 0 0 1 0 
0 0 0 1 1 0 0 0 0 0 
0 0 0 0 0 1 1 1 1 0 
1 1 0 0 1 0 1 1 0 0 
1 1 1 0 0 0 0 0 0 0 
0 0 0 0 1 1 0 0 0 1 
1 0 1 1 0 0 1 1 0 0 
OpenStacks: 9
Took 0.04 seconds

buffer: Warwick 891: balanced orders, 6 orders per product
numCustomers: 20
numProducts: 10
0 0 0 1 0 0 1 0 0 0 
1 0 0 1 1 0 0 0 0 0 
1 0 0 0 0 1 0 0 0 0 
0 0 1 0 0 0 0 1 0 1 
0 0 0 0 1 0 0 1 0 0 
0 1 1 0 1 1 0 1 0 0 
0 0 1 1 0 0 0 0 0 0 
0 0 1 1 1 0 1 1 0 0 
0 0 0 1 1 0 0 0 0 1 
0 1 1 0 0 1 0 0 0 0 
1 0 0 0 0 1 0 0 0 0 
1 1 0 1 1 1 0 0 1 0 
1 1 0 0 0 0 1 1 0 0 
0 0 0 0 0 0 0 0 1 0 
0 0 0 0 0 0 1 0 0 0 
1 0 0 0 0 0 0 0 0 1 
0 1 1 0 0 0 0 0 1 0 
0 0 0 0 0 0 1 0 1 1 
0 0 0 0 0 0 0 0 1 1 
0 1 0 0 0 1 1 1 1 1 
Best sequence:
0 1 5 2 3 4 7 6 9 8 
0 0 0 0 1 0 0 1 0 0 
1 0 0 0 1 1 0 0 0 0 
1 0 1 0 0 0 0 0 0 0 
0 0 0 1 0 0 1 0 1 0 
0 0 0 0 0 1 1 0 0 0 
0 1 1 1 0 1 1 0 0 0 
0 0 0 1 1 0 0 0 0 0 
0 0 0 1 1 1 1 1 0 0 
0 0 0 0 1 1 0 0 1 0 
0 1 1 1 0 0 0 0 0 0 
1 0 1 0 0 0 0 0 0 0 
1 1 1 0 1 1 0 0 0 1 
1 1 0 0 0 0 1 1 0 0 
0 0 0 0 0 0 0 0 0 1 
0 0 0 0 0 0 0 1 0 0 
1 0 0 0 0 0 0 0 1 0 
0 1 0 1 0 0 0 0 0 1 
0 0 0 0 0 0 0 1 1 1 
0 0 0 0 0 0 0 0 1 1 
0 1 1 0 0 0 1 1 1 1 
OpenStacks: 12
Took 0.03 seconds

buffer: Warwick 892: balanced orders, 6 orders per product
numCustomers: 20
numProducts: 10
0 0 1 0 0 0 1 0 0 0 
0 0 1 1 0 0 1 0 0 0 
0 0 0 0 1 0 1 1 0 1 
0 0 0 0 0 1 0 0 0 0 
0 0 0 1 0 1 0 0 0 0 
0 1 0 1 1 0 0 0 0 0 
1 1 0 0 1 0 0 1 1 0 
1 0 0 0 0 0 0 1 0 0 
0 0 0 0 0 1 1 0 1 1 
1 1 0 0 0 0 0 0 0 0 
0 0 0 1 0 0 0 0 1 1 
0 1 0 0 1 0 0 0 0 1 
1 0 0 0 0 1 0 0 0 0 
0 0 1 1 1 0 0 0 0 0 
0 0 1 1 0 0 1 0 1 0 
0 0 0 0 0 0 0 1 1 1 
0 0 0 0 0 0 1 0 1 0 
1 1 0 0 1 0 0 1 0 1 
1 0 1 0 0 1 0 1 0 0 
0 1 1 0 0 1 0 0 0 0 
Best sequence:
0 1 4 7 9 5 3 2 6 8 
0 0 0 0 0 0 0 1 1 0 
0 0 0 0 0 0 1 1 1 0 
0 0 1 1 1 0 0 0 1 0 
0 0 0 0 0 1 0 0 0 0 
0 0 0 0 0 1 1 0 0 0 
0 1 1 0 0 0 1 0 0 0 
1 1 1 1 0 0 0 0 0 1 
1 0 0 1 0 0 0 0 0 0 
0 0 0 0 1 1 0 0 1 1 
1 1 0 0 0 0 0 0 0 0 
0 0 0 0 1 0 1 0 0 1 
0 1 1 0 1 0 0 0 0 0 
1 0 0 0 0 1 0 0 0 0 
0 0 1 0 0 0 1 1 0 0 
0 0 0 0 0 0 1 1 1 1 
0 0 0 1 1 0 0 0 0 1 
0 0 0 0 0 0 0 0 1 1 
1 1 1 1 1 0 0 0 0 0 
1 0 0 1 0 1 0 1 0 0 
0 1 0 0 0 1 0 1 0 0 
OpenStacks: 12
Took 0.02 seconds

buffer: Warwick 893: balanced orders, 6 orders per product
numCustomers: 20
numProducts: 10
1 0 0 1 1 1 1 0 0 1 
0 1 0 1 1 0 0 0 0 0 
0 1 0 0 0 0 1 0 1 0 
0 0 0 0 0 0 0 0 0 1 
1 0 1 1 0 1 0 0 0 1 
0 0 0 0 0 0 1 0 1 0 
1 1 1 0 0 0 0 0 0 0 
0 1 1 0 0 0 0 0 1 0 
1 0 0 0 0 0 0 1 0 0 
1 0 0 0 0 0 0 0 0 1 
0 1 1 0 1 1 1 1 0 0 
0 0 0 0 0 1 0 0 1 0 
0 0 0 1 0 1 0 1 0 0 
0 0 1 1 0 0 0 0 0 0 
1 0 0 1 1 0 1 0 0 1 
0 0 0 0 0 0 0 0 1 0 
0 1 0 0 1 1 0 0 0 1 
0 0 1 0 0 0 0 1 0 0 
0 0 0 0 1 0 1 1 0 0 
0 0 0 0 0 0 0 1 1 0 
Best sequence:
0 1 9 2 3 4 5 6 7 8 
1 0 1 0 1 1 1 1 0 0 
0 1 0 0 1 1 0 0 0 0 
0 1 0 0 0 0 0 1 0 1 
0 0 1 0 0 0 0 0 0 0 
1 0 1 1 1 0 1 0 0 0 
0 0 0 0 0 0 0 1 0 1 
1 1 0 1 0 0 0 0 0 0 
0 1 0 1 0 0 0 0 0 1 
1 0 0 0 0 0 0 0 1 0 
1 0 1 0 0 0 0 0 0 0 
0 1 0 1 0 1 1 1 1 0 
0 0 0 0 0 0 1 0 0 1 
0 0 0 0 1 0 1 0 1 0 
0 0 0 1 1 0 0 0 0 0 
1 0 1 0 1 1 0 1 0 0 
0 0 0 0 0 0 0 0 0 1 
0 1 1 0 0 1 1 0 0 0 
0 0 0 1 0 0 0 0 1 0 
0 0 0 0 0 1 0 1 1 0 
0 0 0 0 0 0 0 0 1 1 
OpenStacks: 12
Took 0.04 seconds

buffer: Warwick 894: balanced orders, 6 orders per product
numCustomers: 20
numProducts: 10
0 0 0 1 0 1 1 1 0 1 
0 0 1 0 0 1 0 0 0 0 
0 0 0 0 1 1 1 0 0 0 
0 1 0 0 0 0 0 1 0 1 
1 0 0 1 0 0 0 0 0 0 
1 0 1 0 0 0 0 1 0 0 
0 0 1 0 1 1 0 0 0 0 
1 0 0 0 0 1 0 0 0 1 
1 0 0 1 0 0 0 0 1 0 
0 1 0 0 0 0 1 1 0 0 
0 1 0 0 0 0 1 1 0 0 
0 0 1 0 0 0 1 0 1 0 
0 0 0 1 0 0 1 0 0 1 
1 1 0 0 0 0 0 1 0 0 
0 0 1 1 0 0 0 0 1 0 
0 0 1 0 0 0 0 0 0 1 
0 1 0 0 1 1 0 0 0 1 
0 0 0 0 1 0 0 0 1 0 
0 1 0 0 1 0 0 0 1 0 
1 0 0 1 1 0 0 0 1 0 
Best sequence:
0 3 8 4 2 5 9 1 6 7 
0 1 0 0 0 1 1 0 1 1 
0 0 0 0 1 1 0 0 0 0 
0 0 0 1 0 1 0 0 1 0 
0 0 0 0 0 0 1 1 0 1 
1 1 0 0 0 0 0 0 0 0 
1 0 0 0 1 0 0 0 0 1 
0 0 0 1 1 1 0 0 0 0 
1 0 0 0 0 1 1 0 0 0 
1 1 1 0 0 0 0 0 0 0 
0 0 0 0 0 0 0 1 1 1 
0 0 0 0 0 0 0 1 1 1 
0 0 1 0 1 0 0 0 1 0 
0 1 0 0 0 0 1 0 1 0 
1 0 0 0 0 0 0 1 0 1 
0 1 1 0 1 0 0 0 0 0 
0 0 0 0 1 0 1 0 0 0 
0 0 0 1 0 1 1 1 0 0 
0 0 1 1 0 0 0 0 0 0 
0 0 1 1 0 0 0 1 0 0 
1 1 1 1 0 0 0 0 0 0 
OpenStacks: 13
Took 0.03 seconds

buffer: Warwick 895: balanced orders, 6 orders per product
numCustomers: 20
numProducts: 10
1 0 0 0 0 1 1 1 1 1 
1 1 0 0 1 0 0 0 0 0 
0 0 1 0 1 0 0 0 0 0 
0 0 0 0 1 0 0 0 0 0 
0 0 1 0 0 0 1 0 0 0 
0 0 0 1 0 0 0 0 0 0 
0 0 0 0 0 0 1 0 1 0 
1 0 1 0 0 0 0 1 0 0 
1 0 0 0 1 0 1 0 1 0 
0 1 1 1 0 0 0 1 0 0 
0 0 1 1 0 1 0 0 0 0 
0 0 0 1 0 0 1 0 0 0 
0 0 0 0 1 0 0 0 0 1 
0 1 0 1 1 1 0 0 0 1 
0 1 0 0 0 0 1 0 1 1 
0 1 0 0 0 1 0 1 1 1 
1 1 1 0 0 0 0 0 0 0 
1 0 0 1 0 0 0 1 1 0 
0 0 0 0 0 1 0 0 0 0 
0 0 0 0 0 1 0 1 0 1 
Best sequence:
3 6 2 8 0 1 7 5 9 4 
0 1 0 1 1 0 1 1 1 0 
0 0 0 0 1 1 0 0 0 1 
0 0 1 0 0 0 0 0 0 1 
0 0 0 0 0 0 0 0 0 1 
0 1 1 0 0 0 0 0 0 0 
1 0 0 0 0 0 0 0 0 0 
0 1 0 1 0 0 0 0 0 0 
0 0 1 0 1 0 1 0 0 0 
0 1 0 1 1 0 0 0 0 1 
1 0 1 0 0 1 1 0 0 0 
1 0 1 0 0 0 0 1 0 0 
1 1 0 0 0 0 0 0 0 0 
0 0 0 0 0 0 0 0 1 1 
1 0 0 0 0 1 0 1 1 1 
0 1 0 1 0 1 0 0 1 0 
0 0 0 1 0 1 1 1 1 0 
0 0 1 0 1 1 0 0 0 0 
1 0 0 1 1 0 1 0 0 0 
0 0 0 0 0 0 0 1 0 0 
0 0 0 0 0 0 1 1 1 0 
OpenStacks: 12
Took 0.03 seconds

buffer: Warwick 896: balanced orders, 6 orders per product
numCustomers: 20
numProducts: 10
0 0 0 0 1 0 1 0 0 0 
0 0 0 0 0 0 0 0 1 0 
0 0 0 0 0 0 1 0 0 1 
0 1 0 0 0 0 0 0 0 1 
0 0 1 0 0 0 0 0 0 0 
0 1 0 0 0 1 0 1 0 0 
0 0 0 0 1 1 0 0 1 0 
1 1 1 0 0 0 1 0 1 0 
0 0 0 0 0 0 0 0 0 1 
0 1 0 1 0 0 0 0 0 0 
0 0 1 1 0 1 0 0 1 1 
1 1 0 1 1 0 0 1 0 0 
0 0 0 0 1 1 0 0 0 0 
0 1 0 1 0 0 1 0 0 1 
1 0 1 0 0 0 1 1 0 0 
0 0 1 0 1 0 0 1 0 0 
1 0 1 0 0 0 0 1 1 0 
1 0 0 1 1 0 0 0 0 0 
1 0 0 1 0 1 0 0 0 0 
0 0 0 0 0 1 1 1 1 1 
Best sequence:
0 2 7 8 4 5 3 1 6 9 
0 0 0 0 1 0 0 0 1 0 
0 0 0 1 0 0 0 0 0 0 
0 0 0 0 0 0 0 0 1 1 
0 0 0 0 0 0 0 1 0 1 
0 1 0 0 0 0 0 0 0 0 
0 0 1 0 0 1 0 1 0 0 
0 0 0 1 1 1 0 0 0 0 
1 1 0 1 0 0 0 1 1 0 
0 0 0 0 0 0 0 0 0 1 
0 0 0 0 0 0 1 1 0 0 
0 1 0 1 0 1 1 0 0 1 
1 0 1 0 1 0 1 1 0 0 
0 0 0 0 1 1 0 0 0 0 
0 0 0 0 0 0 1 1 1 1 
1 1 1 0 0 0 0 0 1 0 
0 1 1 0 1 0 0 0 0 0 
1 1 1 1 0 0 0 0 0 0 
1 0 0 0 1 0 1 0 0 0 
1 0 0 0 0 1 1 0 0 0 
0 0 1 1 0 1 0 0 1 1 
OpenStacks: 12
Took 0.03 seconds

buffer: Warwick 897: balanced orders, 6 orders per product
numCustomers: 20
numProducts: 10
0 1 0 1 0 1 0 0 0 0 
0 0 0 0 1 0 0 1 0 0 
0 1 0 1 0 0 1 0 1 1 
1 1 1 0 0 1 0 0 0 1 
1 0 1 1 0 0 0 0 1 0 
0 0 0 0 1 0 1 0 1 0 
0 0 0 0 0 0 0 0 0 1 
0 1 1 0 0 1 0 1 1 1 
0 0 0 0 1 0 0 0 0 0 
0 0 0 0 0 0 0 0 1 0 
0 0 0 0 0 1 0 1 1 0 
0 0 0 1 0 1 0 1 0 0 
1 0 1 1 1 0 0 0 0 0 
0 0 0 0 0 0 1 1 0 1 
1 0 0 1 0 0 0 0 0 0 
0 0 0 0 1 0 1 0 0 0 
1 0 0 0 0 0 1 1 0 1 
0 0 1 0 0 0 0 0 0 0 
0 1 1 0 1 1 0 0 0 0 
1 1 0 0 0 0 1 0 0 0 
Best sequence:
0 1 2 3 5 7 9 6 4 8 
0 1 0 1 1 0 0 0 0 0 
0 0 0 0 0 1 0 0 1 0 
0 1 0 1 0 0 1 1 0 1 
1 1 1 0 1 0 1 0 0 0 
1 0 1 1 0 0 0 0 0 1 
0 0 0 0 0 0 0 1 1 1 
0 0 0 0 0 0 1 0 0 0 
0 1 1 0 1 1 1 0 0 1 
0 0 0 0 0 0 0 0 1 0 
0 0 0 0 0 0 0 0 0 1 
0 0 0 0 1 1 0 0 0 1 
0 0 0 1 1 1 0 0 0 0 
1 0 1 1 0 0 0 0 1 0 
0 0 0 0 0 1 1 1 0 0 
1 0 0 1 0 0 0 0 0 0 
0 0 0 0 0 0 0 1 1 0 
1 0 0 0 0 1 1 1 0 0 
0 0 1 0 0 0 0 0 0 0 
0 1 1 0 1 0 0 0 1 0 
1 1 0 0 0 0 0 1 0 0 
OpenStacks: 12
Took 0.04 seconds

buffer: Warwick 898: balanced orders, 6 orders per product
numCustomers: 20
numProducts: 10
0 0 0 1 0 0 0 0 0 0 
0 0 0 0 0 0 1 1 0 0 
0 1 0 1 1 0 0 0 0 0 
1 1 0 0 1 0 0 0 0 0 
0 0 0 0 0 0 1 0 0 0 
0 0 0 0 1 0 0 1 0 0 
0 0 1 0 0 0 1 0 0 0 
0 0 0 0 0 1 0 1 0 1 
0 0 0 1 0 1 1 0 0 1 
1 0 1 0 1 1 1 1 0 0 
1 0 1 1 0 1 0 0 1 1 
1 0 1 0 0 0 0 0 1 0 
0 1 0 1 1 0 1 0 0 0 
0 0 1 0 0 1 0 0 0 1 
1 0 0 1 1 0 0 1 1 0 
0 0 0 0 0 0 0 0 1 0 
0 1 1 0 0 0 0 0 0 0 
0 1 0 0 0 0 0 0 0 0 
0 1 0 0 0 0 0 1 1 1 
1 0 0 0 0 1 0 0 1 1 
Best sequence:
0 1 2 4 8 3 5 9 7 6 
0 0 0 0 0 1 0 0 0 0 
0 0 0 0 0 0 0 0 1 1 
0 1 0 1 0 1 0 0 0 0 
1 1 0 1 0 0 0 0 0 0 
0 0 0 0 0 0 0 0 0 1 
0 0 0 1 0 0 0 0 1 0 
0 0 1 0 0 0 0 0 0 1 
0 0 0 0 0 0 1 1 1 0 
0 0 0 0 0 1 1 1 0 1 
1 0 1 1 0 0 1 0 1 1 
1 0 1 0 1 1 1 1 0 0 
1 0 1 0 1 0 0 0 0 0 
0 1 0 1 0 1 0 0 0 1 
0 0 1 0 0 0 1 1 0 0 
1 0 0 1 1 1 0 0 1 0 
0 0 0 0 1 0 0 0 0 0 
0 1 1 0 0 0 0 0 0 0 
0 1 0 0 0 0 0 0 0 0 
0 1 0 0 1 0 0 1 1 0 
1 0 0 0 1 0 1 1 0 0 
OpenStacks: 12
Took 0.03 seconds

buffer: Warwick 899: balanced orders, 6 orders per product
numCustomers: 20
numProducts: 10
1 1 1 0 1 0 0 0 0 1 
0 0 0 1 0 0 1 1 0 0 
0 1 0 0 0 0 0 0 1 0 
0 1 1 1 0 0 0 0 0 0 
1 0 0 0 0 1 1 1 1 0 
0 0 0 0 0 0 1 1 1 0 
1 0 1 0 1 0 0 0 0 0 
0 0 1 1 1 0 0 0 1 1 
0 0 0 0 0 0 0 0 1 0 
1 1 0 0 1 0 1 0 0 0 
0 0 0 1 1 1 0 1 0 0 
0 0 0 0 0 0 1 0 1 0 
0 0 0 0 1 0 0 0 0 1 
0 1 0 0 0 1 0 0 0 0 
0 0 0 0 0 0 0 1 0 1 
1 0 0 0 0 1 0 0 0 0 
1 0 0 0 0 0 1 0 0 0 
0 0 1 1 0 0 0 0 0 1 
0 1 1 1 0 1 0 1 0 0 
0 0 0 0 0 1 0 0 0 1 
Best sequence:
1 8 6 7 3 2 0 4 5 9 
1 0 0 0 0 1 1 1 0 1 
0 0 1 1 1 0 0 0 0 0 
1 1 0 0 0 0 0 0 0 0 
1 0 0 0 1 1 0 0 0 0 
0 1 1 1 0 0 1 0 1 0 
0 1 1 1 0 0 0 0 0 0 
0 0 0 0 0 1 1 1 0 0 
0 1 0 0 1 1 0 1 0 1 
0 1 0 0 0 0 0 0 0 0 
1 0 1 0 0 0 1 1 0 0 
0 0 0 1 1 0 0 1 1 0 
0 1 1 0 0 0 0 0 0 0 
0 0 0 0 0 0 0 1 0 1 
1 0 0 0 0 0 0 0 1 0 
0 0 0 1 0 0 0 0 0 1 
0 0 0 0 0 0 1 0 1 0 
0 0 1 0 0 0 1 0 0 0 
0 0 0 0 1 1 0 0 0 1 
1 0 0 1 1 1 0 0 1 0 
0 0 0 0 0 0 0 0 1 1 
OpenStacks: 12
Took 0.03 seconds

buffer: Warwick 900: balanced orders, 6 orders per product
numCustomers: 20
numProducts: 10
0 1 0 0 0 0 0 0 1 0 
0 0 1 0 0 0 0 0 0 1 
0 0 0 1 0 0 1 0 0 0 
1 0 1 0 0 1 0 1 0 0 
1 0 1 0 1 0 1 1 0 1 
0 0 0 1 0 0 0 1 0 1 
0 0 0 0 1 1 1 0 0 0 
0 1 0 1 1 0 0 0 1 0 
0 0 0 0 1 1 0 0 0 0 
0 0 0 0 0 0 0 1 0 1 
0 0 0 0 0 1 1 0 0 0 
0 1 0 0 0 0 0 0 0 0 
0 0 0 0 0 0 0 0 1 1 
1 0 1 1 0 0 0 0 1 0 
0 1 0 1 0 0 0 1 0 0 
1 1 1 0 0 0 1 0 1 0 
1 0 0 0 1 1 0 0 0 0 
1 1 1 0 1 0 1 0 1 1 
0 0 0 1 0 0 0 0 0 0 
0 0 0 0 0 1 0 1 0 0 
Best sequence:
0 4 5 6 3 7 2 9 8 1 
0 0 0 0 0 0 0 0 1 1 
0 0 0 0 0 0 1 1 0 0 
0 0 0 1 1 0 0 0 0 0 
1 0 1 0 0 1 1 0 0 0 
1 1 0 1 0 1 1 1 0 0 
0 0 0 0 1 1 0 1 0 0 
0 1 1 1 0 0 0 0 0 0 
0 1 0 0 1 0 0 0 1 1 
0 1 1 0 0 0 0 0 0 0 
0 0 0 0 0 1 0 1 0 0 
0 0 1 1 0 0 0 0 0 0 
0 0 0 0 0 0 0 0 0 1 
0 0 0 0 0 0 0 1 1 0 
1 0 0 0 1 0 1 0 1 0 
0 0 0 0 1 1 0 0 0 1 
1 0 0 1 0 0 1 0 1 1 
1 1 1 0 0 0 0 0 0 0 
1 1 0 1 0 0 1 1 1 1 
0 0 0 0 1 0 0 0 0 0 
0 0 1 0 0 1 0 0 0 0 
OpenStacks: 11
Took 0.02 seconds

buffer: Warwick 901: balanced orders, 7 orders per product
numCustomers: 20
numProducts: 10
0 1 0 0 0 0 0 0 0 1 
0 1 1 0 0 1 0 1 0 1 
1 0 0 0 0 1 1 0 1 0 
1 0 1 0 1 0 1 1 0 0 
1 0 1 0 0 0 0 0 0 1 
0 0 1 1 1 0 0 1 0 1 
0 1 0 0 1 0 0 0 0 0 
0 0 0 1 0 0 0 0 1 0 
0 0 0 0 1 0 0 0 0 0 
1 1 1 0 0 0 0 1 1 0 
0 1 0 0 0 1 1 0 0 0 
1 0 1 1 1 1 0 0 1 0 
0 0 0 1 1 0 0 0 0 1 
0 1 0 0 1 0 0 1 0 0 
1 0 0 0 0 1 1 0 0 0 
0 0 0 1 0 1 0 1 1 0 
0 0 1 0 0 0 1 1 0 1 
0 0 0 1 0 0 1 0 0 0 
0 1 0 0 0 0 1 0 1 1 
1 0 0 1 0 1 0 0 1 0 
Best sequence:
0 2 5 6 8 3 7 9 1 4 
0 0 0 0 0 0 0 1 1 0 
0 1 1 0 0 0 1 1 1 0 
1 0 1 1 1 0 0 0 0 0 
1 1 0 1 0 0 1 0 0 1 
1 1 0 0 0 0 0 1 0 0 
0 1 0 0 0 1 1 1 0 1 
0 0 0 0 0 0 0 0 1 1 
0 0 0 0 1 1 0 0 0 0 
0 0 0 0 0 0 0 0 0 1 
1 1 0 0 1 0 1 0 1 0 
0 0 1 1 0 0 0 0 1 0 
1 1 1 0 1 1 0 0 0 1 
0 0 0 0 0 1 0 1 0 1 
0 0 0 0 0 0 1 0 1 1 
1 0 1 1 0 0 0 0 0 0 
0 0 1 0 1 1 1 0 0 0 
0 1 0 1 0 0 1 1 0 0 
0 0 0 1 0 1 0 0 0 0 
0 0 0 1 1 0 0 1 1 0 
1 0 1 0 1 1 0 0 0 0 
OpenStacks: 14
Took 0.03 seconds

buffer: Warwick 902: balanced orders, 7 orders per product
numCustomers: 20
numProducts: 10
0 1 0 1 1 0 0 0 0 1 
1 0 0 1 0 0 1 0 1 0 
0 0 1 1 1 0 0 0 1 0 
1 0 0 0 1 1 0 0 0 0 
0 0 1 0 0 0 1 0 1 0 
0 0 0 0 0 1 0 1 0 0 
1 1 0 1 0 0 0 1 0 0 
1 1 1 1 0 0 0 0 1 1 
1 0 0 0 0 1 1 0 0 0 
0 0 1 1 0 1 0 0 0 0 
1 1 1 0 0 0 1 1 0 0 
0 1 0 0 0 0 0 1 1 1 
0 0 0 0 0 1 1 1 0 0 
0 0 1 0 1 1 1 0 0 1 
0 0 0 0 1 0 0 1 0 1 
0 0 0 0 0 0 0 1 0 0 
0 1 0 0 1 0 0 0 1 1 
0 1 0 0 1 1 0 0 0 0 
0 0 0 0 0 0 1 0 0 1 
1 0 1 1 0 0 0 0 1 0 
Best sequence:
0 1 2 3 8 4 9 6 5 7 
0 1 0 1 0 1 1 0 0 0 
1 0 0 1 1 0 0 1 0 0 
0 0 1 1 1 1 0 0 0 0 
1 0 0 0 0 1 0 0 1 0 
0 0 1 0 1 0 0 1 0 0 
0 0 0 0 0 0 0 0 1 1 
1 1 0 1 0 0 0 0 0 1 
1 1 1 1 1 0 1 0 0 0 
1 0 0 0 0 0 0 1 1 0 
0 0 1 1 0 0 0 0 1 0 
1 1 1 0 0 0 0 1 0 1 
0 1 0 0 1 0 1 0 0 1 
0 0 0 0 0 0 0 1 1 1 
0 0 1 0 0 1 1 1 1 0 
0 0 0 0 0 1 1 0 0 1 
0 0 0 0 0 0 0 0 0 1 
0 1 0 0 1 1 1 0 0 0 
0 1 0 0 0 1 0 0 1 0 
0 0 0 0 0 0 1 1 0 0 
1 0 1 1 1 0 0 0 0 0 
OpenStacks: 15
Took 0.04 seconds

buffer: Warwick 903: balanced orders, 7 orders per product
numCustomers: 20
numProducts: 10
0 1 1 0 1 1 0 0 1 0 
0 0 0 1 1 0 1 1 1 0 
0 1 0 1 1 1 0 0 0 1 
1 0 0 0 0 1 0 0 0 1 
0 0 1 0 0 0 0 1 0 1 
0 0 0 0 0 0 1 0 1 0 
1 0 0 0 0 0 1 1 1 0 
1 1 0 0 0 0 1 0 0 0 
1 0 0 0 1 0 1 1 0 0 
0 0 0 0 0 1 0 0 0 0 
1 0 0 1 0 0 0 0 0 0 
0 1 0 0 0 1 1 0 1 0 
1 0 1 1 0 0 1 0 0 1 
0 0 0 1 1 0 0 1 1 1 
0 0 0 0 0 0 0 0 0 1 
0 1 1 1 0 0 0 1 0 0 
1 1 0 0 0 0 0 1 0 1 
0 0 1 0 1 1 0 0 0 0 
0 1 1 0 1 1 0 0 0 0 
0 0 1 1 0 0 0 0 1 0 
Best sequence:
0 3 6 8 1 7 2 4 5 9 
0 0 0 1 1 0 1 1 1 0 
0 1 1 1 0 1 0 1 0 0 
0 1 0 0 1 0 0 1 1 1 
1 0 0 0 0 0 0 0 1 1 
0 0 0 0 0 1 1 0 0 1 
0 0 1 1 0 0 0 0 0 0 
1 0 1 1 0 1 0 0 0 0 
1 0 1 0 1 0 0 0 0 0 
1 0 1 0 0 1 0 1 0 0 
0 0 0 0 0 0 0 0 1 0 
1 1 0 0 0 0 0 0 0 0 
0 0 1 1 1 0 0 0 1 0 
1 1 1 0 0 0 1 0 0 1 
0 1 0 1 0 1 0 1 0 1 
0 0 0 0 0 0 0 0 0 1 
0 1 0 0 1 1 1 0 0 0 
1 0 0 0 1 1 0 0 0 1 
0 0 0 0 0 0 1 1 1 0 
0 0 0 0 1 0 1 1 1 0 
0 1 0 1 0 0 1 0 0 0 
OpenStacks: 14
Took 0.03 seconds

buffer: Warwick 904: balanced orders, 7 orders per product
numCustomers: 20
numProducts: 10
0 0 0 1 0 1 0 0 0 0 
1 0 0 0 1 0 1 0 1 0 
0 0 1 0 1 0 1 0 0 1 
0 0 0 1 1 0 0 0 1 1 
1 0 0 0 1 1 0 0 1 1 
1 0 1 0 0 1 1 0 0 0 
0 0 1 0 0 0 1 1 1 1 
1 0 0 1 0 0 0 1 0 0 
0 1 1 0 0 0 0 1 0 0 
0 1 1 0 0 1 0 1 0 0 
1 0 0 0 1 0 0 0 1 0 
1 0 0 1 0 0 0 0 0 1 
0 1 0 1 0 0 0 0 1 0 
1 1 0 0 0 0 0 0 0 0 
0 1 0 1 0 1 0 1 0 1 
0 0 0 1 0 0 1 1 0 1 
0 0 0 0 1 0 0 0 0 0 
0 1 1 0 1 0 1 0 1 0 
0 0 1 0 0 1 1 0 0 0 
0 1 0 0 0 1 0 1 0 0 
Best sequence:
0 4 6 8 3 9 2 1 5 7 
0 0 0 0 1 0 0 0 1 0 
1 1 1 1 0 0 0 0 0 0 
0 1 1 0 0 1 1 0 0 0 
0 1 0 1 1 1 0 0 0 0 
1 1 0 1 0 1 0 0 1 0 
1 0 1 0 0 0 1 0 1 0 
0 0 1 1 0 1 1 0 0 1 
1 0 0 0 1 0 0 0 0 1 
0 0 0 0 0 0 1 1 0 1 
0 0 0 0 0 0 1 1 1 1 
1 1 0 1 0 0 0 0 0 0 
1 0 0 0 1 1 0 0 0 0 
0 0 0 1 1 0 0 1 0 0 
1 0 0 0 0 0 0 1 0 0 
0 0 0 0 1 1 0 1 1 1 
0 0 1 0 1 1 0 0 0 1 
0 1 0 0 0 0 0 0 0 0 
0 1 1 1 0 0 1 1 0 0 
0 0 1 0 0 0 1 0 1 0 
0 0 0 0 0 0 0 1 1 1 
OpenStacks: 14
Took 0.03 seconds

buffer: Warwick 905: balanced orders, 7 orders per product
numCustomers: 20
numProducts: 10
0 0 0 0 1 0 0 0 0 0 
0 0 0 1 0 1 1 1 1 0 
0 0 1 1 1 1 1 0 0 0 
1 0 1 1 0 1 0 0 0 0 
0 0 1 0 0 0 0 1 1 0 
1 0 0 0 0 0 0 0 1 1 
0 0 0 0 0 0 1 0 0 1 
0 1 0 0 1 0 1 0 0 0 
1 1 0 0 0 0 0 0 0 0 
0 0 1 1 0 0 1 0 0 1 
1 0 0 1 1 0 0 0 0 1 
0 1 0 0 0 0 0 1 0 0 
1 0 1 1 1 1 0 1 0 0 
1 1 0 1 0 1 0 0 1 1 
0 1 1 0 0 1 0 0 1 1 
1 0 0 0 0 0 0 1 1 0 
0 1 0 0 0 0 0 1 0 0 
0 1 1 0 1 0 1 0 1 0 
0 0 0 0 1 1 1 0 0 0 
0 0 0 0 0 0 0 1 0 1 
Best sequence:
1 7 0 8 2 3 5 4 6 9 
0 0 0 0 0 0 0 1 0 0 
0 1 0 1 0 1 1 0 1 0 
0 0 0 0 1 1 1 1 1 0 
0 0 1 0 1 1 1 0 0 0 
0 1 0 1 1 0 0 0 0 0 
0 0 1 1 0 0 0 0 0 1 
0 0 0 0 0 0 0 0 1 1 
1 0 0 0 0 0 0 1 1 0 
1 0 1 0 0 0 0 0 0 0 
0 0 0 0 1 1 0 0 1 1 
0 0 1 0 0 1 0 1 0 1 
1 1 0 0 0 0 0 0 0 0 
0 1 1 0 1 1 1 1 0 0 
1 0 1 1 0 1 1 0 0 1 
1 0 0 1 1 0 1 0 0 1 
0 1 1 1 0 0 0 0 0 0 
1 1 0 0 0 0 0 0 0 0 
1 0 0 1 1 0 0 1 1 0 
0 0 0 0 0 0 1 1 1 0 
0 1 0 0 0 0 0 0 0 1 
OpenStacks: 13
Took 0.04 seconds

buffer: Warwick 906: balanced orders, 7 orders per product
numCustomers: 20
numProducts: 10
0 0 0 0 0 1 0 0 0 0 
0 0 1 1 0 1 0 0 0 0 
1 1 0 1 0 0 0 1 0 0 
1 0 1 0 0 0 1 0 0 0 
0 1 0 0 1 0 0 0 0 1 
1 0 0 0 1 1 1 1 1 0 
1 0 1 1 0 1 0 1 0 0 
0 1 1 0 1 0 0 0 1 0 
0 0 0 1 0 0 0 1 1 0 
0 1 1 0 0 0 1 0 0 1 
0 1 0 1 0 0 1 0 0 0 
0 1 0 0 1 0 1 0 1 1 
0 1 0 1 0 0 0 1 0 0 
1 0 0 0 0 1 1 1 0 1 
0 0 0 0 0 1 0 0 0 1 
1 0 0 0 0 0 0 0 0 0 
0 0 1 0 1 0 0 0 1 0 
0 0 0 0 0 0 1 0 0 1 
1 0 1 0 1 0 0 0 1 1 
0 0 0 1 1 1 0 1 1 0 
Best sequence:
0 2 6 9 1 4 3 7 8 5 
0 0 0 0 0 0 0 0 0 1 
0 1 0 0 0 0 1 0 0 1 
1 0 0 0 1 0 1 1 0 0 
1 1 1 0 0 0 0 0 0 0 
0 0 0 1 1 1 0 0 0 0 
1 0 1 0 0 1 0 1 1 1 
1 1 0 0 0 0 1 1 0 1 
0 1 0 0 1 1 0 0 1 0 
0 0 0 0 0 0 1 1 1 0 
0 1 1 1 1 0 0 0 0 0 
0 0 1 0 1 0 1 0 0 0 
0 0 1 1 1 1 0 0 1 0 
0 0 0 0 1 0 1 1 0 0 
1 0 1 1 0 0 0 1 0 1 
0 0 0 1 0 0 0 0 0 1 
1 0 0 0 0 0 0 0 0 0 
0 1 0 0 0 1 0 0 1 0 
0 0 1 1 0 0 0 0 0 0 
1 1 0 1 0 1 0 0 1 0 
0 0 0 0 0 1 1 1 1 1 
OpenStacks: 14
Took 0.02 seconds

buffer: Warwick 907: balanced orders, 7 orders per product
numCustomers: 20
numProducts: 10
0 0 1 0 0 0 0 0 0 0 
0 0 0 0 1 0 1 1 0 0 
0 0 0 0 1 0 0 0 0 1 
0 1 0 0 1 0 0 0 1 1 
0 1 0 0 0 1 1 0 0 0 
1 0 0 0 0 0 0 0 0 0 
0 0 1 0 0 0 0 0 1 1 
0 0 0 0 0 1 0 1 0 0 
1 0 0 1 0 0 0 1 1 0 
0 1 1 0 0 0 1 1 1 0 
1 0 1 0 0 1 0 0 1 1 
0 1 1 1 0 1 0 0 0 0 
0 0 0 0 0 1 0 1 0 1 
0 0 0 0 1 1 1 1 0 0 
0 0 0 1 1 1 1 0 0 0 
1 0 1 1 0 0 0 1 0 0 
1 1 1 1 1 0 0 0 1 1 
1 1 0 1 1 0 0 0 0 1 
0 0 0 1 0 0 1 0 1 0 
1 1 0 0 0 0 1 0 0 0 
Best sequence:
0 1 2 3 6 4 8 9 5 7 
0 0 1 0 0 0 0 0 0 0 
0 0 0 0 1 1 0 0 0 1 
0 0 0 0 0 1 0 1 0 0 
0 1 0 0 0 1 1 1 0 0 
0 1 0 0 1 0 0 0 1 0 
1 0 0 0 0 0 0 0 0 0 
0 0 1 0 0 0 1 1 0 0 
0 0 0 0 0 0 0 0 1 1 
1 0 0 1 0 0 1 0 0 1 
0 1 1 0 1 0 1 0 0 1 
1 0 1 0 0 0 1 1 1 0 
0 1 1 1 0 0 0 0 1 0 
0 0 0 0 0 0 0 1 1 1 
0 0 0 0 1 1 0 0 1 1 
0 0 0 1 1 1 0 0 1 0 
1 0 1 1 0 0 0 0 0 1 
1 1 1 1 0 1 1 1 0 0 
1 1 0 1 0 1 0 1 0 0 
0 0 0 1 1 0 1 0 0 0 
1 1 0 0 1 0 0 0 0 0 
OpenStacks: 15
Took 0.03 seconds

buffer: Warwick 908: balanced orders, 7 orders per product
numCustomers: 20
numProducts: 10
1 0 1 0 0 1 0 1 1 0 
0 0 0 0 0 0 0 0 1 0 
1 0 0 1 1 0 0 0 0 0 
0 1 1 1 1 1 1 0 0 1 
0 1 0 0 0 1 1 1 1 1 
0 0 0 0 0 0 0 0 1 1 
1 1 1 0 0 0 1 1 1 0 
0 1 1 1 1 1 1 0 0 1 
0 0 0 0 0 1 0 0 1 0 
1 0 0 1 1 0 0 1 0 0 
0 0 1 0 0 0 0 0 0 1 
0 0 0 0 0 0 0 1 0 0 
1 0 0 0 0 0 1 1 1 0 
1 0 1 0 1 0 1 0 0 0 
0 1 0 1 0 1 0 0 0 1 
0 1 1 0 1 0 0 0 0 0 
0 0 0 1 0 0 0 0 0 1 
0 0 0 0 0 0 1 0 0 0 
0 0 0 1 1 1 0 0 0 0 
1 1 0 0 0 0 0 1 0 0 
Best sequence:
0 1 6 7 2 4 3 5 9 8 
1 0 0 1 1 0 0 1 0 1 
0 0 0 0 0 0 0 0 0 1 
1 0 0 0 0 1 1 0 0 0 
0 1 1 0 1 1 1 1 1 0 
0 1 1 1 0 0 0 1 1 1 
0 0 0 0 0 0 0 0 1 1 
1 1 1 1 1 0 0 0 0 1 
0 1 1 0 1 1 1 1 1 0 
0 0 0 0 0 0 0 1 0 1 
1 0 0 1 0 1 1 0 0 0 
0 0 0 0 1 0 0 0 1 0 
0 0 0 1 0 0 0 0 0 0 
1 0 1 1 0 0 0 0 0 1 
1 0 1 0 1 1 0 0 0 0 
0 1 0 0 0 0 1 1 1 0 
0 1 0 0 1 1 0 0 0 0 
0 0 0 0 0 0 1 0 1 0 
0 0 1 0 0 0 0 0 0 0 
0 0 0 0 0 1 1 1 0 0 
1 1 0 1 0 0 0 0 0 0 
OpenStacks: 13
Took 0.04 seconds

buffer: Warwick 909: balanced orders, 7 orders per product
numCustomers: 20
numProducts: 10
1 1 0 0 1 0 0 1 0 0 
0 0 0 1 0 0 0 0 1 0 
0 1 0 1 1 0 0 0 0 0 
0 1 1 0 0 0 0 1 0 0 
1 0 1 0 0 0 1 0 1 1 
0 1 0 0 0 1 1 0 0 1 
1 0 1 0 0 1 0 1 0 0 
0 0 1 0 0 1 1 1 0 0 
1 0 1 0 0 0 0 0 1 1 
0 0 0 0 1 0 0 1 0 1 
0 0 0 1 0 0 0 1 0 0 
1 0 0 0 0 0 1 0 1 1 
1 0 0 0 1 1 0 0 0 0 
0 0 0 0 0 0 1 0 0 0 
1 0 0 1 0 0 0 0 0 0 
0 1 0 0 0 1 1 0 1 0 
0 1 1 0 1 0 1 1 1 0 
0 0 0 1 1 1 0 0 0 1 
0 1 0 1 0 0 0 0 1 1 
0 0 1 1 1 1 0 0 0 0 
Best sequence:
1 3 8 9 4 0 2 5 7 6 
1 0 0 0 1 1 0 0 1 0 
0 1 1 0 0 0 0 0 0 0 
1 1 0 0 1 0 0 0 0 0 
1 0 0 0 0 0 1 0 1 0 
0 0 1 1 0 1 1 0 0 1 
1 0 0 1 0 0 0 1 0 1 
0 0 0 0 0 1 1 1 1 0 
0 0 0 0 0 0 1 1 1 1 
0 0 1 1 0 1 1 0 0 0 
0 0 0 1 1 0 0 0 1 0 
0 1 0 0 0 0 0 0 1 0 
0 0 1 1 0 1 0 0 0 1 
0 0 0 0 1 1 0 1 0 0 
0 0 0 0 0 0 0 0 0 1 
0 1 0 0 0 1 0 0 0 0 
1 0 1 0 0 0 0 1 0 1 
1 0 1 0 1 0 1 0 1 1 
0 1 0 1 1 0 0 1 0 0 
1 1 1 1 0 0 0 0 0 0 
0 1 0 0 1 0 1 1 0 0 
OpenStacks: 15
Took 0.03 seconds

buffer: Warwick 910: balanced orders, 7 orders per product
numCustomers: 20
numProducts: 10
0 1 1 0 0 0 0 0 0 1 
0 0 1 0 1 0 1 1 0 0 
0 1 1 0 1 0 0 0 1 0 
1 0 1 0 1 1 0 0 1 0 
1 0 0 0 1 1 1 0 0 0 
1 0 0 0 0 1 0 1 0 0 
0 0 0 0 1 1 0 1 0 0 
1 1 0 0 0 0 1 0 0 0 
0 0 0 1 0 0 0 0 0 1 
0 0 0 0 0 0 0 0 0 1 
1 1 0 1 0 0 0 0 1 1 
0 0 0 1 0 1 1 1 0 0 
1 1 0 0 0 0 1 0 1 0 
0 1 0 1 1 0 0 0 0 0 
0 0 0 0 0 0 0 1 1 0 
1 0 1 0 0 0 0 1 0 0 
0 0 0 1 0 0 1 1 0 1 
0 0 1 0 0 0 0 0 0 0 
0 1 0 1 0 1 0 0 1 1 
0 0 1 1 1 1 1 0 1 1 
Best sequence:
0 5 6 7 8 4 1 2 3 9 
0 0 0 0 0 0 1 1 0 1 
0 0 1 1 0 1 0 1 0 0 
0 0 0 0 1 1 1 1 0 0 
1 1 0 0 1 1 0 1 0 0 
1 1 1 0 0 1 0 0 0 0 
1 1 0 1 0 0 0 0 0 0 
0 1 0 1 0 1 0 0 0 0 
1 0 1 0 0 0 1 0 0 0 
0 0 0 0 0 0 0 0 1 1 
0 0 0 0 0 0 0 0 0 1 
1 0 0 0 1 0 1 0 1 1 
0 1 1 1 0 0 0 0 1 0 
1 0 1 0 1 0 1 0 0 0 
0 0 0 0 0 1 1 0 1 0 
0 0 0 1 1 0 0 0 0 0 
1 0 0 1 0 0 0 1 0 0 
0 0 1 1 0 0 0 0 1 1 
0 0 0 0 0 0 0 1 0 0 
0 1 0 0 1 0 1 0 1 1 
0 1 1 0 1 1 0 1 1 1 
OpenStacks: 14
Took 0.03 seconds

buffer: Warwick 911: balanced orders, 8 orders per product
numCustomers: 20
numProducts: 10
0 1 0 0 0 1 1 0 1 0 
0 0 0 0 0 0 0 0 0 1 
1 0 0 0 0 1 0 0 0 0 
0 1 1 0 0 0 1 1 0 0 
1 0 1 0 0 1 1 1 1 0 
0 0 0 0 1 0 0 1 0 0 
0 0 1 0 0 0 0 0 0 1 
1 1 0 0 0 0 1 1 0 1 
0 1 0 0 1 1 0 0 1 1 
0 0 0 1 0 0 0 0 0 0 
0 1 0 1 0 0 1 1 0 0 
1 0 0 1 0 1 0 0 0 1 
0 1 0 1 1 0 0 0 1 0 
1 1 0 0 1 0 0 1 0 0 
1 0 1 1 1 0 1 1 0 1 
1 1 1 1 1 1 1 0 1 0 
0 0 1 1 1 0 1 0 1 1 
1 0 1 0 1 0 0 1 1 0 
0 0 1 1 0 1 0 0 1 0 
0 0 0 0 0 1 0 0 0 1 
Best sequence:
0 5 9 2 1 6 8 3 4 7 
0 1 0 0 1 1 1 0 0 0 
0 0 1 0 0 0 0 0 0 0 
1 1 0 0 0 0 0 0 0 0 
0 0 0 1 1 1 0 0 0 1 
1 1 0 1 0 1 1 0 0 1 
0 0 0 0 0 0 0 0 1 1 
0 0 1 1 0 0 0 0 0 0 
1 0 1 0 1 1 0 0 0 1 
0 1 1 0 1 0 1 0 1 0 
0 0 0 0 0 0 0 1 0 0 
0 0 0 0 1 1 0 1 0 1 
1 1 1 0 0 0 0 1 0 0 
0 0 0 0 1 0 1 1 1 0 
1 0 0 0 1 0 0 0 1 1 
1 0 1 1 0 1 0 1 1 1 
1 1 0 1 1 1 1 1 1 0 
0 0 1 1 0 1 1 1 1 0 
1 0 0 1 0 0 1 0 1 1 
0 1 0 1 0 0 1 1 0 0 
0 1 1 0 0 0 0 0 0 0 
OpenStacks: 14
Took 0.03 seconds

buffer: Warwick 912: balanced orders, 8 orders per product
numCustomers: 20
numProducts: 10
1 0 0 1 1 1 0 0 1 0 
0 1 0 1 0 0 0 1 0 1 
0 0 1 0 0 0 1 0 0 0 
1 1 0 0 0 0 1 0 1 1 
0 1 0 1 0 0 0 0 0 1 
0 0 1 0 0 0 0 0 0 1 
1 0 1 1 0 0 1 0 0 0 
0 0 0 0 0 0 0 1 1 0 
0 0 0 0 1 1 1 0 0 1 
0 0 0 0 1 1 1 0 0 0 
0 0 0 0 0 1 0 0 0 0 
0 0 1 0 0 0 0 1 0 0 
1 0 1 1 1 1 0 1 0 1 
1 0 1 0 1 0 0 0 0 0 
1 1 0 1 1 0 0 0 1 0 
0 1 0 0 1 1 1 1 1 0 
1 1 1 1 1 1 0 1 0 0 
1 0 0 0 0 0 0 1 1 0 
0 1 1 0 0 1 1 1 1 1 
0 1 0 1 0 0 1 0 1 1 
Best sequence:
0 1 3 7 8 2 9 4 6 5 
1 0 1 0 1 0 0 1 0 1 
0 1 1 1 0 0 1 0 0 0 
0 0 0 0 0 1 0 0 1 0 
1 1 0 0 1 0 1 0 1 0 
0 1 1 0 0 0 1 0 0 0 
0 0 0 0 0 1 1 0 0 0 
1 0 1 0 0 1 0 0 1 0 
0 0 0 1 1 0 0 0 0 0 
0 0 0 0 0 0 1 1 1 1 
0 0 0 0 0 0 0 1 1 1 
0 0 0 0 0 0 0 0 0 1 
0 0 0 1 0 1 0 0 0 0 
1 0 1 1 0 1 1 1 0 1 
1 0 0 0 0 1 0 1 0 0 
1 1 1 0 1 0 0 1 0 0 
0 1 0 1 1 0 0 1 1 1 
1 1 1 1 0 1 0 1 0 1 
1 0 0 1 1 0 0 0 0 0 
0 1 0 1 1 1 1 0 1 1 
0 1 1 0 1 0 1 0 1 0 
OpenStacks: 15
Took 0.03 seconds

buffer: Warwick 913: balanced orders, 8 orders per product
numCustomers: 20
numProducts: 10
0 1 0 0 0 1 0 1 1 0 
0 1 0 1 1 0 0 0 0 0 
0 0 1 1 1 0 0 1 0 0 
0 1 1 0 0 1 1 1 1 1 
1 1 1 0 0 1 0 0 0 1 
0 0 0 0 0 1 1 0 0 1 
0 1 0 1 0 0 0 1 0 1 
1 0 0 1 0 0 1 0 1 1 
0 0 1 0 0 1 0 1 0 1 
1 1 0 0 1 0 1 1 0 0 
1 0 1 0 0 0 1 0 1 0 
0 0 1 0 0 1 0 0 0 1 
1 0 0 1 0 1 0 0 0 0 
0 0 0 0 1 0 0 0 1 0 
0 1 0 0 1 0 1 1 1 0 
1 0 1 1 1 0 1 1 1 0 
0 0 1 0 0 0 0 0 0 1 
1 1 0 1 1 0 0 0 0 0 
0 0 0 1 1 0 1 0 0 0 
1 0 0 0 0 1 0 0 1 0 
Best sequence:
0 2 9 5 7 1 3 6 4 8 
0 0 0 1 1 1 0 0 0 1 
0 0 0 0 0 1 1 0 1 0 
0 1 0 0 1 0 1 0 1 0 
0 1 1 1 1 1 0 1 0 1 
1 1 1 1 0 1 0 0 0 0 
0 0 1 1 0 0 0 1 0 0 
0 0 1 0 1 1 1 0 0 0 
1 0 1 0 0 0 1 1 0 1 
0 1 1 1 1 0 0 0 0 0 
1 0 0 0 1 1 0 1 1 0 
1 1 0 0 0 0 0 1 0 1 
0 1 1 1 0 0 0 0 0 0 
1 0 0 1 0 0 1 0 0 0 
0 0 0 0 0 0 0 0 1 1 
0 0 0 0 1 1 0 1 1 1 
1 1 0 0 1 0 1 1 1 1 
0 1 1 0 0 0 0 0 0 0 
1 0 0 0 0 1 1 0 1 0 
0 0 0 0 0 0 1 1 1 0 
1 0 0 1 0 0 0 0 0 1 
OpenStacks: 15
Took 0.04 seconds

buffer: Warwick 914: balanced orders, 8 orders per product
numCustomers: 20
numProducts: 10
1 0 0 0 0 0 0 0 0 1 
1 0 1 0 1 1 1 0 1 1 
1 0 0 0 0 1 1 1 0 1 
1 0 0 0 0 0 0 0 0 1 
0 0 1 0 0 1 0 1 0 0 
0 1 1 1 1 1 0 0 0 1 
1 0 1 0 1 0 0 0 0 0 
0 0 0 0 0 0 1 1 1 0 
1 0 1 1 0 0 0 0 0 0 
0 0 1 0 0 0 1 1 1 0 
1 1 1 1 1 0 0 1 0 0 
0 0 0 0 0 0 1 1 1 0 
0 1 0 1 0 0 0 1 1 1 
0 1 0 1 1 0 1 0 0 0 
0 0 1 0 0 1 0 0 1 0 
1 0 0 1 1 1 1 0 0 0 
0 1 0 1 0 0 0 1 1 1 
0 1 0 0 1 0 0 0 1 0 
0 1 0 0 1 1 0 0 0 0 
0 1 0 1 0 1 1 0 0 1 
Best sequence:
0 1 3 4 9 5 2 6 7 8 
1 0 0 0 1 0 0 0 0 0 
1 0 0 1 1 1 1 1 0 1 
1 0 0 0 1 1 0 1 1 0 
1 0 0 0 1 0 0 0 0 0 
0 0 0 0 0 1 1 0 1 0 
0 1 1 1 1 1 1 0 0 0 
1 0 0 1 0 0 1 0 0 0 
0 0 0 0 0 0 0 1 1 1 
1 0 1 0 0 0 1 0 0 0 
0 0 0 0 0 0 1 1 1 1 
1 1 1 1 0 0 1 0 1 0 
0 0 0 0 0 0 0 1 1 1 
0 1 1 0 1 0 0 0 1 1 
0 1 1 1 0 0 0 1 0 0 
0 0 0 0 0 1 1 0 0 1 
1 0 1 1 0 1 0 1 0 0 
0 1 1 0 1 0 0 0 1 1 
0 1 0 1 0 0 0 0 0 1 
0 1 0 1 0 1 0 0 0 0 
0 1 1 0 1 1 0 1 0 0 
OpenStacks: 15
Took 0.02 seconds

buffer: Warwick 915: balanced orders, 8 orders per product
numCustomers: 20
numProducts: 10
0 1 0 0 0 1 1 0 0 0 
1 1 0 1 1 1 0 0 1 1 
1 0 0 0 0 1 0 1 1 1 
1 1 1 0 0 1 1 0 0 1 
1 0 1 0 0 1 1 1 0 0 
0 1 1 0 0 0 0 0 0 1 
0 0 1 0 1 0 0 0 0 0 
1 0 1 0 0 0 1 1 0 0 
0 0 0 1 1 0 0 1 1 0 
1 0 0 0 0 0 1 1 1 1 
1 0 0 0 0 1 0 1 0 0 
0 0 1 0 0 0 0 0 0 1 
1 1 0 1 0 1 0 0 0 0 
0 1 0 1 1 0 1 0 1 0 
0 0 0 1 1 1 1 0 0 0 
0 0 0 1 0 0 0 1 1 0 
0 1 1 0 1 0 1 0 0 1 
0 0 0 1 0 0 0 0 1 1 
0 1 1 1 1 0 0 0 1 0 
0 0 0 0 1 0 0 1 0 0 
Best sequence:
0 2 9 1 5 6 3 8 4 7 
0 0 0 1 1 1 0 0 0 0 
1 0 1 1 1 0 1 1 1 0 
1 0 1 0 1 0 0 1 0 1 
1 1 1 1 1 1 0 0 0 0 
1 1 0 0 1 1 0 0 0 1 
0 1 1 1 0 0 0 0 0 0 
0 1 0 0 0 0 0 0 1 0 
1 1 0 0 0 1 0 0 0 1 
0 0 0 0 0 0 1 1 1 1 
1 0 1 0 0 1 0 1 0 1 
1 0 0 0 1 0 0 0 0 1 
0 1 1 0 0 0 0 0 0 0 
1 0 0 1 1 0 1 0 0 0 
0 0 0 1 0 1 1 1 1 0 
0 0 0 0 1 1 1 0 1 0 
0 0 0 0 0 0 1 1 0 1 
0 1 1 1 0 1 0 0 1 0 
0 0 1 0 0 0 1 1 0 0 
0 1 0 1 0 0 1 1 1 0 
0 0 0 0 0 0 0 0 1 1 
OpenStacks: 15
Took 0.03 seconds

buffer: Warwick 916: balanced orders, 8 orders per product
numCustomers: 20
numProducts: 10
0 1 1 0 1 0 1 0 1 0 
1 0 0 0 1 1 0 1 1 0 
0 1 0 1 0 0 0 0 0 0 
1 0 1 1 1 1 0 0 0 1 
0 1 0 0 0 1 1 1 0 0 
1 1 0 1 0 0 1 1 1 1 
0 0 1 0 0 1 0 1 0 1 
1 0 1 1 1 1 0 0 0 1 
1 0 0 0 0 0 1 0 1 1 
0 0 0 1 1 1 1 1 1 0 
0 1 1 0 0 0 1 1 0 0 
0 0 0 0 0 1 0 0 0 1 
1 1 1 0 1 0 1 0 1 1 
0 0 0 1 0 0 0 0 0 1 
1 1 0 1 0 0 0 1 0 0 
1 0 0 0 0 0 0 0 0 0 
0 0 0 0 0 1 1 0 0 0 
0 0 0 0 1 0 0 0 0 0 
0 0 1 1 0 0 0 0 1 0 
0 1 1 0 1 0 0 1 1 0 
Best sequence:
0 1 3 2 7 8 4 6 5 9 
0 1 0 1 0 1 1 1 0 0 
1 0 0 0 1 1 1 0 1 0 
0 1 1 0 0 0 0 0 0 0 
1 0 1 1 0 0 1 0 1 1 
0 1 0 0 1 0 0 1 1 0 
1 1 1 0 1 1 0 1 0 1 
0 0 0 1 1 0 0 0 1 1 
1 0 1 1 0 0 1 0 1 1 
1 0 0 0 0 1 0 1 0 1 
0 0 1 0 1 1 1 1 1 0 
0 1 0 1 1 0 0 1 0 0 
0 0 0 0 0 0 0 0 1 1 
1 1 0 1 0 1 1 1 0 1 
0 0 1 0 0 0 0 0 0 1 
1 1 1 0 1 0 0 0 0 0 
1 0 0 0 0 0 0 0 0 0 
0 0 0 0 0 0 0 1 1 0 
0 0 0 0 0 0 1 0 0 0 
0 0 1 1 0 1 0 0 0 0 
0 1 0 1 1 1 1 0 0 0 
OpenStacks: 15
Took 0.03 seconds

buffer: Warwick 917: balanced orders, 8 orders per product
numCustomers: 20
numProducts: 10
0 0 0 0 0 1 0 1 0 0 
1 0 1 0 0 0 1 0 1 1 
0 1 0 0 1 0 1 1 0 1 
0 0 0 1 0 0 0 0 0 1 
0 0 0 1 1 1 1 0 1 0 
1 1 0 0 0 0 0 0 1 0 
0 0 1 0 1 1 0 0 0 0 
0 1 1 0 0 0 0 1 0 0 
0 0 0 1 1 1 1 1 1 0 
0 1 1 1 1 1 0 1 1 0 
0 0 1 0 0 0 1 1 0 0 
1 1 1 0 0 0 0 0 1 0 
1 0 0 0 0 0 0 0 0 0 
0 0 0 0 1 0 1 0 0 1 
1 1 0 1 0 1 0 0 0 1 
0 0 0 1 1 0 0 0 0 0 
1 0 0 0 0 0 1 1 1 1 
0 0 1 0 1 1 0 1 0 0 
1 1 0 1 0 1 0 0 1 1 
1 1 1 1 0 0 1 0 0 1 
Best sequence:
0 1 8 2 5 7 6 4 3 9 
0 0 0 0 1 1 0 0 0 0 
1 0 1 1 0 0 1 0 0 1 
0 1 0 0 0 1 1 1 0 1 
0 0 0 0 0 0 0 0 1 1 
0 0 1 0 1 0 1 1 1 0 
1 1 1 0 0 0 0 0 0 0 
0 0 0 1 1 0 0 1 0 0 
0 1 0 1 0 1 0 0 0 0 
0 0 1 0 1 1 1 1 1 0 
0 1 1 1 1 1 0 1 1 0 
0 0 0 1 0 1 1 0 0 0 
1 1 1 1 0 0 0 0 0 0 
1 0 0 0 0 0 0 0 0 0 
0 0 0 0 0 0 1 1 0 1 
1 1 0 0 1 0 0 0 1 1 
0 0 0 0 0 0 0 1 1 0 
1 0 1 0 0 1 1 0 0 1 
0 0 0 1 1 1 0 1 0 0 
1 1 1 0 1 0 0 0 1 1 
1 1 0 1 0 0 1 0 1 1 
OpenStacks: 14
Took 0.04 seconds

buffer: Warwick 918: balanced orders, 8 orders per product
numCustomers: 20
numProducts: 10
0 0 1 0 1 0 0 0 0 0 
0 0 0 0 0 1 1 0 0 0 
0 1 1 1 1 0 0 1 0 1 
1 0 1 0 1 0 0 0 1 0 
0 0 1 0 0 0 0 0 0 1 
0 0 1 0 0 0 1 0 1 0 
1 1 0 1 0 0 1 0 0 0 
0 1 0 0 1 1 0 1 0 1 
0 1 0 0 0 0 1 0 1 1 
0 0 0 0 0 0 1 1 0 1 
1 0 0 1 0 0 0 1 0 0 
0 1 0 1 0 1 0 0 0 0 
0 0 0 0 0 1 0 1 0 0 
0 1 1 1 0 0 0 0 1 1 
0 0 1 0 1 0 0 0 0 1 
1 0 0 1 1 1 1 1 1 1 
1 0 0 0 0 1 0 1 1 0 
1 0 0 1 0 1 1 0 0 0 
1 1 0 0 1 0 0 0 1 0 
1 1 1 1 1 1 1 1 1 0 
Best sequence:
0 3 7 5 1 6 8 4 2 9 
0 0 0 0 0 0 0 1 1 0 
0 0 0 1 0 1 0 0 0 0 
0 1 1 0 1 0 0 1 1 1 
1 0 0 0 0 0 1 1 1 0 
0 0 0 0 0 0 0 0 1 1 
0 0 0 0 0 1 1 0 1 0 
1 1 0 0 1 1 0 0 0 0 
0 0 1 1 1 0 0 1 0 1 
0 0 0 0 1 1 1 0 0 1 
0 0 1 0 0 1 0 0 0 1 
1 1 1 0 0 0 0 0 0 0 
0 1 0 1 1 0 0 0 0 0 
0 0 1 1 0 0 0 0 0 0 
0 1 0 0 1 0 1 0 1 1 
0 0 0 0 0 0 0 1 1 1 
1 1 1 1 0 1 1 1 0 1 
1 0 1 1 0 0 1 0 0 0 
1 1 0 1 0 1 0 0 0 0 
1 0 0 0 1 0 1 1 0 0 
1 1 1 1 1 1 1 1 1 0 
OpenStacks: 14
Took 0.03 seconds

buffer: Warwick 919: balanced orders, 8 orders per product
numCustomers: 20
numProducts: 10
0 0 0 0 0 1 0 1 0 0 
0 0 0 0 0 0 1 1 0 0 
0 0 0 0 0 0 0 0 1 0 
0 0 0 0 0 1 0 0 0 1 
1 1 1 0 0 1 1 1 1 1 
1 1 1 0 1 0 1 0 0 1 
1 0 0 0 1 0 0 1 0 0 
1 0 1 0 0 0 1 1 0 0 
0 0 0 0 1 0 1 0 0 0 
1 0 0 1 0 0 0 0 1 0 
1 1 1 0 1 0 0 0 1 1 
0 1 0 1 0 1 1 0 1 1 
0 1 1 1 0 0 0 1 1 0 
0 0 1 1 1 0 1 1 1 1 
1 0 0 0 1 1 0 0 0 1 
0 1 0 1 1 1 0 0 1 0 
0 1 1 0 0 0 0 0 0 1 
0 1 1 1 1 1 1 1 0 0 
0 0 0 1 0 0 0 0 0 0 
1 0 0 1 0 1 0 0 0 0 
Best sequence:
0 3 8 1 2 9 4 5 6 7 
0 0 0 0 0 0 0 1 0 1 
0 0 0 0 0 0 0 0 1 1 
0 0 1 0 0 0 0 0 0 0 
0 0 0 0 0 1 0 1 0 0 
1 0 1 1 1 1 0 1 1 1 
1 0 0 1 1 1 1 0 1 0 
1 0 0 0 0 0 1 0 0 1 
1 0 0 0 1 0 0 0 1 1 
0 0 0 0 0 0 1 0 1 0 
1 1 1 0 0 0 0 0 0 0 
1 0 1 1 1 1 1 0 0 0 
0 1 1 1 0 1 0 1 1 0 
0 1 1 1 1 0 0 0 0 1 
0 1 1 0 1 1 1 0 1 1 
1 0 0 0 0 1 1 1 0 0 
0 1 1 1 0 0 1 1 0 0 
0 0 0 1 1 1 0 0 0 0 
0 1 0 1 1 0 1 1 1 1 
0 1 0 0 0 0 0 0 0 0 
1 1 0 0 0 0 0 1 0 0 
OpenStacks: 14
Took 0.03 seconds

buffer: Warwick 920: balanced orders, 8 orders per product
numCustomers: 20
numProducts: 10
1 0 1 0 1 1 1 0 0 1 
0 0 1 1 0 1 1 0 1 0 
1 0 0 1 0 0 0 0 1 1 
1 0 0 0 1 1 0 0 0 1 
0 0 0 1 1 1 0 1 0 0 
0 1 0 0 0 1 1 1 0 0 
0 1 1 0 1 0 1 0 1 0 
0 1 1 1 0 1 0 1 0 0 
0 1 0 0 0 1 1 1 1 1 
0 0 0 0 1 0 0 1 0 1 
0 1 0 1 0 1 0 0 1 1 
0 0 0 0 1 0 0 1 1 0 
1 0 0 0 1 0 1 1 0 1 
1 1 1 1 0 0 1 0 0 0 
1 0 1 0 0 0 0 0 0 0 
0 1 0 1 0 0 0 0 0 0 
0 1 0 0 1 0 0 1 0 0 
0 0 1 0 0 0 1 0 1 0 
1 0 1 1 0 0 0 0 1 1 
1 0 0 0 0 0 0 0 0 0 
Best sequence:
0 2 5 6 8 3 1 4 7 9 
1 1 1 1 0 0 0 1 0 1 
0 1 1 1 1 1 0 0 0 0 
1 0 0 0 1 1 0 0 0 1 
1 0 1 0 0 0 0 1 0 1 
0 0 1 0 0 1 0 1 1 0 
0 0 1 1 0 0 1 0 1 0 
0 1 0 1 1 0 1 1 0 0 
0 1 1 0 0 1 1 0 1 0 
0 0 1 1 1 0 1 0 1 1 
0 0 0 0 0 0 0 1 1 1 
0 0 1 0 1 1 1 0 0 1 
0 0 0 0 1 0 0 1 1 0 
1 0 0 1 0 0 0 1 1 1 
1 1 0 1 0 1 1 0 0 0 
1 1 0 0 0 0 0 0 0 0 
0 0 0 0 0 1 1 0 0 0 
0 0 0 0 0 0 1 1 1 0 
0 1 0 1 1 0 0 0 0 0 
1 1 0 0 1 1 0 0 0 1 
1 0 0 0 0 0 0 0 0 0 
OpenStacks: 15
Took 0.03 seconds

buffer: Warwick 921: balanced orders, 9 orders per product
numCustomers: 20
numProducts: 10
0 1 0 0 0 0 1 0 0 0 
0 0 1 1 1 1 0 0 1 1 
0 1 1 1 1 0 1 1 0 1 
0 0 0 1 0 0 1 0 1 0 
0 1 0 1 0 1 1 1 0 1 
1 0 0 0 0 0 1 0 1 0 
0 1 1 0 0 0 1 0 0 1 
1 0 0 0 1 1 0 0 0 0 
1 0 1 1 1 0 0 1 0 0 
0 0 1 0 1 0 0 0 0 0 
1 1 0 0 1 1 0 0 1 1 
0 0 1 0 0 0 1 0 1 1 
1 1 0 0 0 1 0 1 0 0 
1 1 1 1 0 1 0 1 0 0 
0 1 0 1 0 1 0 0 1 0 
0 0 1 1 1 0 0 0 1 0 
0 1 0 0 1 1 1 1 1 1 
1 0 1 1 0 0 1 1 0 0 
1 0 0 0 1 1 0 1 1 1 
1 0 0 0 0 0 0 1 0 1 
Best sequence:
0 1 5 7 9 6 3 8 2 4 
0 1 0 0 0 1 0 0 0 0 
0 0 1 0 1 0 1 1 1 1 
0 1 0 1 1 1 1 0 1 1 
0 0 0 0 0 1 1 1 0 0 
0 1 1 1 1 1 1 0 0 0 
1 0 0 0 0 1 0 1 0 0 
0 1 0 0 1 1 0 0 1 0 
1 0 1 0 0 0 0 0 0 1 
1 0 0 1 0 0 1 0 1 1 
0 0 0 0 0 0 0 0 1 1 
1 1 1 0 1 0 0 1 0 1 
0 0 0 0 1 1 0 1 1 0 
1 1 1 1 0 0 0 0 0 0 
1 1 1 1 0 0 1 0 1 0 
0 1 1 0 0 0 1 1 0 0 
0 0 0 0 0 0 1 1 1 1 
0 1 1 1 1 1 0 1 0 1 
1 0 0 1 0 1 1 0 1 0 
1 0 1 1 1 0 0 1 0 1 
1 0 0 1 1 0 0 0 0 0 
OpenStacks: 16
Took 0.04 seconds

buffer: Warwick 922: balanced orders, 9 orders per product
numCustomers: 20
numProducts: 10
0 1 1 0 0 1 0 0 1 0 
1 0 1 0 1 1 0 0 0 1 
0 0 1 1 0 0 0 0 1 0 
1 1 1 1 1 0 0 1 0 1 
0 1 0 0 1 1 1 0 1 1 
1 0 0 0 0 0 0 0 0 0 
0 0 0 1 0 1 1 1 0 0 
0 0 0 0 0 1 0 1 0 0 
1 0 0 0 0 0 0 1 1 1 
0 1 0 0 1 1 1 0 1 1 
1 0 0 1 1 0 0 0 0 1 
0 1 1 1 0 0 0 1 1 0 
1 1 1 0 0 1 1 0 1 0 
1 1 0 1 0 0 1 0 0 1 
0 0 1 1 0 0 1 0 0 1 
0 1 1 0 1 0 0 1 1 1 
1 1 0 0 1 0 1 1 0 0 
1 0 0 1 1 1 1 0 0 0 
0 0 0 1 1 0 0 1 1 0 
0 0 1 0 0 1 1 1 0 0 
Best sequence:
0 1 3 4 8 9 2 6 5 7 
0 1 0 0 1 0 1 0 1 0 
1 0 0 1 0 1 1 0 1 0 
0 0 1 0 1 0 1 0 0 0 
1 1 1 1 0 1 1 0 0 1 
0 1 0 1 1 1 0 1 1 0 
1 0 0 0 0 0 0 0 0 0 
0 0 1 0 0 0 0 1 1 1 
0 0 0 0 0 0 0 0 1 1 
1 0 0 0 1 1 0 0 0 1 
0 1 0 1 1 1 0 1 1 0 
1 0 1 1 0 1 0 0 0 0 
0 1 1 0 1 0 1 0 0 1 
1 1 0 0 1 0 1 1 1 0 
1 1 1 0 0 1 0 1 0 0 
0 0 1 0 0 1 1 1 0 0 
0 1 0 1 1 1 1 0 0 1 
1 1 0 1 0 0 0 1 0 1 
1 0 1 1 0 0 0 1 1 0 
0 0 1 1 1 0 0 0 0 1 
0 0 0 0 0 0 1 1 1 1 
OpenStacks: 17
Took 0.03 seconds

buffer: Warwick 923: balanced orders, 9 orders per product
numCustomers: 20
numProducts: 10
1 1 0 0 1 0 0 0 1 0 
0 1 1 1 1 1 0 0 1 1 
0 1 0 1 1 0 0 0 0 1 
0 1 1 0 0 0 0 1 0 0 
1 1 0 0 0 0 1 0 0 0 
1 0 1 0 1 1 0 0 0 1 
0 0 0 0 0 1 1 1 0 1 
0 0 1 1 0 1 0 1 0 0 
1 0 0 0 1 0 1 0 1 1 
1 1 0 0 0 1 1 1 0 1 
0 0 1 1 1 0 0 0 1 0 
0 0 0 0 1 1 0 1 1 0 
1 0 0 1 0 0 1 0 1 1 
1 1 1 1 1 0 1 0 1 0 
0 1 1 0 0 1 1 1 0 0 
0 1 0 0 0 1 0 1 1 0 
0 0 1 0 1 0 0 1 0 0 
1 0 0 1 0 1 0 1 0 1 
1 0 0 1 0 0 1 0 1 0 
0 0 1 1 0 0 1 0 0 1 
Best sequence:
0 1 3 6 2 9 4 5 7 8 
1 1 0 0 0 0 1 0 0 1 
0 1 1 0 1 1 1 1 0 1 
0 1 1 0 0 1 1 0 0 0 
0 1 0 0 1 0 0 0 1 0 
1 1 0 1 0 0 0 0 0 0 
1 0 0 0 1 1 1 1 0 0 
0 0 0 1 0 1 0 1 1 0 
0 0 1 0 1 0 0 1 1 0 
1 0 0 1 0 1 1 0 0 1 
1 1 0 1 0 1 0 1 1 0 
0 0 1 0 1 0 1 0 0 1 
0 0 0 0 0 0 1 1 1 1 
1 0 1 1 0 1 0 0 0 1 
1 1 1 1 1 0 1 0 0 1 
0 1 0 1 1 0 0 1 1 0 
0 1 0 0 0 0 0 1 1 1 
0 0 0 0 1 0 1 0 1 0 
1 0 1 0 0 1 0 1 1 0 
1 0 1 1 0 0 0 0 0 1 
0 0 1 1 1 1 0 0 0 0 
OpenStacks: 18
Took 0.02 seconds

buffer: Warwick 924: balanced orders, 9 orders per product
numCustomers: 20
numProducts: 10
0 1 1 1 1 1 0 0 1 0 
1 0 1 1 1 0 1 0 1 0 
1 0 0 0 1 0 0 0 0 0 
1 0 1 0 0 0 1 0 1 1 
0 0 0 0 0 0 1 1 0 0 
0 1 1 1 1 0 1 0 0 1 
1 0 1 1 0 1 0 1 0 1 
1 1 1 0 0 1 0 0 1 0 
0 1 0 1 0 1 1 0 1 1 
0 0 0 0 1 1 1 1 0 0 
1 1 1 0 1 0 0 1 1 1 
0 0 0 0 0 0 0 0 1 1 
0 0 1 1 0 0 0 0 0 0 
1 0 0 0 1 0 0 1 1 0 
1 0 0 1 0 0 1 1 0 1 
0 1 1 0 0 1 0 1 0 1 
0 0 0 0 1 0 0 0 0 1 
0 1 0 0 0 1 1 1 0 0 
1 1 0 1 1 1 0 1 0 0 
0 1 0 1 0 1 1 0 1 0 
Best sequence:
0 4 9 8 2 3 1 5 6 7 
0 1 0 1 1 1 1 1 0 0 
1 1 0 1 1 1 0 0 1 0 
1 1 0 0 0 0 0 0 0 0 
1 0 1 1 1 0 0 0 1 0 
0 0 0 0 0 0 0 0 1 1 
0 1 1 0 1 1 1 0 1 0 
1 0 1 0 1 1 0 1 0 1 
1 0 0 1 1 0 1 1 0 0 
0 0 1 1 0 1 1 1 1 0 
0 1 0 0 0 0 0 1 1 1 
1 1 1 1 1 0 1 0 0 1 
0 0 1 1 0 0 0 0 0 0 
0 0 0 0 1 1 0 0 0 0 
1 1 0 1 0 0 0 0 0 1 
1 0 1 0 0 1 0 0 1 1 
0 0 1 0 1 0 1 1 0 1 
0 1 1 0 0 0 0 0 0 0 
0 0 0 0 0 0 1 1 1 1 
1 1 0 0 0 1 1 1 0 1 
0 0 0 1 0 1 1 1 1 0 
OpenStacks: 15
Took 0.04 seconds

buffer: Warwick 925: balanced orders, 9 orders per product
numCustomers: 20
numProducts: 10
1 0 1 1 0 0 1 0 1 1 
1 0 0 1 0 1 0 0 1 1 
0 1 0 1 1 0 0 1 0 0 
1 0 0 0 0 1 1 0 0 0 
0 0 0 0 0 0 1 0 1 0 
1 1 1 0 0 1 0 0 1 1 
1 0 1 0 0 1 0 1 0 1 
0 1 0 1 1 0 1 1 1 0 
0 1 0 1 1 1 0 1 1 1 
0 0 0 0 0 0 1 0 1 0 
1 0 0 1 0 1 0 0 1 0 
0 1 0 1 1 0 1 1 0 0 
0 0 1 0 1 0 1 1 0 1 
0 1 1 1 1 0 0 1 0 1 
0 1 1 1 0 0 0 0 1 1 
0 1 0 0 1 1 0 0 0 1 
0 0 1 0 1 0 1 1 0 0 
1 0 1 0 0 1 0 1 0 0 
1 0 0 0 0 1 0 0 0 0 
1 1 1 0 1 0 1 0 0 0 
Best sequence:
0 5 6 8 1 2 3 4 7 9 
1 0 1 1 0 1 1 0 0 1 
1 1 0 1 0 0 1 0 0 1 
0 0 0 0 1 0 1 1 1 0 
1 1 1 0 0 0 0 0 0 0 
0 0 1 1 0 0 0 0 0 0 
1 1 0 1 1 1 0 0 0 1 
1 1 0 0 0 1 0 0 1 1 
0 0 1 1 1 0 1 1 1 0 
0 1 0 1 1 0 1 1 1 1 
0 0 1 1 0 0 0 0 0 0 
1 1 0 1 0 0 1 0 0 0 
0 0 1 0 1 0 1 1 1 0 
0 0 1 0 0 1 0 1 1 1 
0 0 0 0 1 1 1 1 1 1 
0 0 0 1 1 1 1 0 0 1 
0 1 0 0 1 0 0 1 0 1 
0 0 1 0 0 1 0 1 1 0 
1 1 0 0 0 1 0 0 1 0 
1 1 0 0 0 0 0 0 0 0 
1 0 1 0 1 1 0 1 0 0 
OpenStacks: 16
Took 0.03 seconds

buffer: Warwick 926: balanced orders, 9 orders per product
numCustomers: 20
numProducts: 10
1 0 0 0 1 0 0 0 1 1 
0 0 0 1 0 0 1 0 0 0 
1 1 1 0 1 0 1 1 0 0 
1 0 1 1 1 1 1 0 0 0 
0 1 0 0 1 1 0 1 0 1 
0 1 1 0 1 1 0 0 1 0 
0 1 0 1 1 0 1 1 1 0 
0 0 1 1 0 0 1 0 0 1 
1 1 1 0 0 0 1 1 1 0 
1 0 1 0 0 0 1 1 0 1 
0 1 0 1 0 1 0 0 0 0 
0 1 1 1 1 1 0 0 0 1 
1 1 0 0 0 1 0 0 0 0 
1 0 0 0 0 1 1 0 1 1 
0 1 0 1 0 1 0 1 1 0 
0 0 0 0 0 0 0 1 0 0 
1 0 1 0 0 0 0 0 0 1 
0 0 1 1 0 0 0 1 1 1 
1 0 0 0 1 1 0 1 1 1 
0 0 0 1 1 0 1 0 1 0 
Best sequence:
0 1 5 2 9 4 8 3 6 7 
1 0 0 0 1 1 1 0 0 0 
0 0 0 0 0 0 0 1 1 0 
1 1 0 1 0 1 0 0 1 1 
1 0 1 1 0 1 0 1 1 0 
0 1 1 0 1 1 0 0 0 1 
0 1 1 1 0 1 1 0 0 0 
0 1 0 0 0 1 1 1 1 1 
0 0 0 1 1 0 0 1 1 0 
1 1 0 1 0 0 1 0 1 1 
1 0 0 1 1 0 0 0 1 1 
0 1 1 0 0 0 0 1 0 0 
0 1 1 1 1 1 0 1 0 0 
1 1 1 0 0 0 0 0 0 0 
1 0 1 0 1 0 1 0 1 0 
0 1 1 0 0 0 1 1 0 1 
0 0 0 0 0 0 0 0 0 1 
1 0 0 1 1 0 0 0 0 0 
0 0 0 1 1 0 1 1 0 1 
1 0 1 0 1 1 1 0 0 1 
0 0 0 0 0 1 1 1 1 0 
OpenStacks: 16
Took 0.02 seconds

buffer: Warwick 927: balanced orders, 9 orders per product
numCustomers: 20
numProducts: 10
1 0 0 0 1 0 0 1 1 1 
1 0 0 1 0 0 0 0 1 0 
1 1 1 0 1 0 0 0 0 1 
0 0 0 0 0 1 0 0 1 1 
1 0 0 0 0 1 1 0 1 0 
1 1 0 0 0 0 0 1 1 1 
1 0 0 0 1 0 1 0 0 0 
1 1 1 0 1 1 0 1 1 1 
0 1 1 1 1 0 1 1 1 0 
0 1 1 1 0 0 1 1 0 1 
1 0 1 1 0 1 1 1 0 1 
0 0 0 1 1 0 0 0 0 0 
1 1 0 0 0 0 0 0 1 1 
0 0 0 1 0 1 1 1 0 0 
0 1 0 1 1 1 0 0 0 0 
0 0 1 1 0 1 1 1 0 1 
0 0 0 0 1 1 0 0 0 0 
0 1 1 0 1 0 1 1 0 0 
0 0 1 0 0 0 1 0 1 0 
0 1 1 1 0 1 0 0 0 0 
Best sequence:
0 1 2 8 9 6 7 3 4 5 
1 0 0 1 1 0 1 0 1 0 
1 0 0 1 0 0 0 1 0 0 
1 1 1 0 1 0 0 0 1 0 
0 0 0 1 1 0 0 0 0 1 
1 0 0 1 0 1 0 0 0 1 
1 1 0 1 1 0 1 0 0 0 
1 0 0 0 0 1 0 0 1 0 
1 1 1 1 1 0 1 0 1 1 
0 1 1 1 0 1 1 1 1 0 
0 1 1 0 1 1 1 1 0 0 
1 0 1 0 1 1 1 1 0 1 
0 0 0 0 0 0 0 1 1 0 
1 1 0 1 1 0 0 0 0 0 
0 0 0 0 0 1 1 1 0 1 
0 1 0 0 0 0 0 1 1 1 
0 0 1 0 1 1 1 1 0 1 
0 0 0 0 0 0 0 0 1 1 
0 1 1 0 0 1 1 0 1 0 
0 0 1 1 0 1 0 0 0 0 
0 1 1 0 0 0 0 1 0 1 
OpenStacks: 17
Took 0.04 seconds

buffer: Warwick 928: balanced orders, 9 orders per product
numCustomers: 20
numProducts: 10
1 0 1 1 1 0 1 1 1 0 
0 1 0 1 1 1 1 1 1 0 
0 1 1 0 1 1 0 0 1 0 
1 0 0 0 0 0 0 0 1 0 
0 0 0 0 0 1 1 0 0 0 
1 1 0 0 0 0 0 1 1 1 
1 1 0 1 0 1 0 0 0 1 
1 1 0 0 1 1 0 0 0 1 
1 1 0 1 0 0 1 1 1 1 
1 0 1 1 1 1 0 0 1 0 
0 1 1 0 1 1 0 0 0 1 
0 0 1 0 0 0 1 0 0 1 
0 1 0 0 0 1 1 1 0 0 
0 1 1 0 1 0 0 0 0 1 
0 0 1 1 1 0 0 0 1 1 
1 0 0 1 0 0 1 1 0 0 
1 0 0 0 0 0 1 1 1 0 
0 0 1 1 0 0 1 1 0 0 
0 0 0 1 0 1 0 1 0 1 
0 0 1 0 1 0 0 0 0 0 
Best sequence:
0 3 6 7 8 5 1 9 2 4 
1 1 1 1 1 0 0 0 1 1 
0 1 1 1 1 1 1 0 0 1 
0 0 0 0 1 1 1 0 1 1 
1 0 0 0 1 0 0 0 0 0 
0 0 1 0 0 1 0 0 0 0 
1 0 0 1 1 0 1 1 0 0 
1 1 0 0 0 1 1 1 0 0 
1 0 0 0 0 1 1 1 0 1 
1 1 1 1 1 0 1 1 0 0 
1 1 0 0 1 1 0 0 1 1 
0 0 0 0 0 1 1 1 1 1 
0 0 1 0 0 0 0 1 1 0 
0 0 1 1 0 1 1 0 0 0 
0 0 0 0 0 0 1 1 1 1 
0 1 0 0 1 0 0 1 1 1 
1 1 1 1 0 0 0 0 0 0 
1 0 1 1 1 0 0 0 0 0 
0 1 1 1 0 0 0 0 1 0 
0 1 0 1 0 1 0 1 0 0 
0 0 0 0 0 0 0 0 1 1 
OpenStacks: 16
Took 0.03 seconds

buffer: Warwick 929: balanced orders, 9 orders per product
numCustomers: 20
numProducts: 10
0 1 0 0 0 0 0 1 0 0 
1 1 1 1 1 0 0 1 1 1 
1 0 1 0 1 0 1 0 1 0 
1 0 0 1 1 0 1 1 1 0 
0 0 1 1 0 0 1 1 1 1 
0 1 0 0 0 0 1 0 0 0 
0 1 0 0 0 1 1 0 0 0 
1 1 1 0 0 1 0 1 1 0 
1 0 0 0 1 0 0 0 0 1 
1 0 1 0 1 0 1 1 0 0 
0 0 0 0 0 1 1 0 0 1 
0 0 0 0 0 1 1 1 0 0 
1 0 0 0 0 0 0 0 0 0 
1 0 1 1 1 1 1 0 0 1 
0 1 0 1 1 0 0 0 1 1 
0 1 1 1 1 0 0 0 0 1 
0 1 0 1 0 1 0 1 1 1 
0 0 1 1 1 1 0 1 0 1 
1 0 1 0 0 1 0 0 1 0 
0 1 0 1 0 1 0 0 1 0 
Best sequence:
0 2 3 4 8 9 5 6 1 7 
0 0 0 0 0 0 0 0 1 1 
1 1 1 1 1 1 0 0 1 1 
1 1 0 1 1 0 0 1 0 0 
1 0 1 1 1 0 0 1 0 1 
0 1 1 0 1 1 0 1 0 1 
0 0 0 0 0 0 0 1 1 0 
0 0 0 0 0 0 1 1 1 0 
1 1 0 0 1 0 1 0 1 1 
1 0 0 1 0 1 0 0 0 0 
1 1 0 1 0 0 0 1 0 1 
0 0 0 0 0 1 1 1 0 0 
0 0 0 0 0 0 1 1 0 1 
1 0 0 0 0 0 0 0 0 0 
1 1 1 1 0 1 1 1 0 0 
0 0 1 1 1 1 0 0 1 0 
0 1 1 1 0 1 0 0 1 0 
0 0 1 0 1 1 1 0 1 1 
0 1 1 1 0 1 1 0 0 1 
1 1 0 0 1 0 1 0 0 0 
0 0 1 0 1 0 1 0 1 0 
OpenStacks: 16
Took 0.03 seconds

buffer: Warwick 930: balanced orders, 9 orders per product
numCustomers: 20
numProducts: 10
0 0 1 1 0 0 0 0 0 1 
0 1 0 0 1 0 1 0 0 0 
0 1 1 0 1 0 1 1 0 0 
0 0 1 0 0 0 1 0 1 1 
1 0 0 0 0 1 0 1 1 1 
0 1 0 1 1 1 1 0 0 0 
0 0 0 1 1 0 1 1 0 1 
0 0 0 1 0 0 0 0 0 1 
1 0 1 1 0 1 0 0 1 1 
0 0 0 0 1 0 0 1 0 0 
1 0 1 1 1 1 0 1 0 0 
1 1 1 1 0 1 1 1 0 0 
1 0 0 1 0 1 0 1 1 0 
1 1 0 0 0 0 1 0 1 1 
0 0 0 0 0 1 0 0 1 0 
1 1 1 0 1 0 0 1 1 0 
1 0 0 0 0 0 0 0 0 0 
0 1 0 1 1 1 0 0 0 1 
0 1 1 0 0 0 1 0 1 1 
1 1 1 0 1 1 1 1 1 0 
Best sequence:
0 1 4 7 6 2 3 9 5 8 
0 0 0 0 0 1 1 1 0 0 
0 1 1 0 1 0 0 0 0 0 
0 1 1 1 1 1 0 0 0 0 
0 0 0 0 1 1 0 1 0 1 
1 0 0 1 0 0 0 1 1 1 
0 1 1 0 1 0 1 0 1 0 
0 0 1 1 1 0 1 1 0 0 
0 0 0 0 0 0 1 1 0 0 
1 0 0 0 0 1 1 1 1 1 
0 0 1 1 0 0 0 0 0 0 
1 0 1 1 0 1 1 0 1 0 
1 1 0 1 1 1 1 0 1 0 
1 0 0 1 0 0 1 0 1 1 
1 1 0 0 1 0 0 1 0 1 
0 0 0 0 0 0 0 0 1 1 
1 1 1 1 0 1 0 0 0 1 
1 0 0 0 0 0 0 0 0 0 
0 1 1 0 0 0 1 1 1 0 
0 1 0 0 1 1 0 1 0 1 
1 1 1 1 1 1 0 0 1 1 
OpenStacks: 15
Took 0.03 seconds

buffer: Warwick 931: balanced orders, 10 orders per product
numCustomers: 20
numProducts: 10
0 0 1 0 0 1 0 1 0 0 
0 0 1 0 0 1 1 0 1 0 
0 1 1 0 1 0 1 0 0 0 
1 1 0 1 0 1 1 1 0 1 
0 0 0 0 1 1 0 0 1 0 
1 0 1 1 1 0 0 1 1 0 
0 0 0 0 1 0 1 1 1 1 
0 1 1 1 1 0 1 0 0 0 
0 1 0 0 1 0 1 0 0 1 
0 0 1 0 0 0 0 1 0 0 
1 1 0 1 0 0 0 1 0 0 
0 1 1 1 0 0 0 1 1 1 
1 0 0 0 0 1 1 0 1 0 
0 1 0 1 1 0 0 0 1 1 
1 1 1 1 1 1 0 0 1 1 
1 0 1 0 0 1 1 1 0 1 
1 1 1 1 1 1 1 0 0 0 
1 0 0 0 0 0 0 0 1 1 
1 0 0 1 0 1 0 1 0 1 
1 1 0 1 1 1 1 1 1 1 
Best sequence:
0 3 8 9 1 4 6 5 2 7 
0 0 0 0 0 0 0 1 1 1 
0 0 1 0 0 0 1 1 1 0 
0 0 0 0 1 1 1 0 1 0 
1 1 0 1 1 0 1 1 0 1 
0 0 1 0 0 1 0 1 0 0 
1 1 1 0 0 1 0 0 1 1 
0 0 1 1 0 1 1 0 0 1 
0 1 0 0 1 1 1 0 1 0 
0 0 0 1 1 1 1 0 0 0 
0 0 0 0 0 0 0 0 1 1 
1 1 0 0 1 0 0 0 0 1 
0 1 1 1 1 0 0 0 1 1 
1 0 1 0 0 0 1 1 0 0 
0 1 1 1 1 1 0 0 0 0 
1 1 1 1 1 1 0 1 1 0 
1 0 0 1 0 0 1 1 1 1 
1 1 0 0 1 1 1 1 1 0 
1 0 1 1 0 0 0 0 0 0 
1 1 0 1 0 0 0 1 0 1 
1 1 1 1 1 1 1 1 0 1 
OpenStacks: 17
Took 0.04 seconds

buffer: Warwick 932: balanced orders, 10 orders per product
numCustomers: 20
numProducts: 10
1 0 0 1 0 1 0 0 0 1 
0 0 0 0 1 1 0 1 1 0 
0 0 1 1 1 1 1 1 1 0 
0 0 1 1 0 1 1 1 0 1 
1 1 1 1 1 1 1 1 0 0 
0 1 0 0 0 1 0 0 1 0 
0 1 0 0 1 1 1 0 0 0 
0 0 0 1 0 0 1 0 0 0 
1 1 0 1 1 0 0 1 0 1 
1 1 1 1 1 1 1 1 1 1 
0 1 1 1 0 0 1 0 0 1 
1 0 0 0 0 0 0 0 1 1 
1 1 1 0 0 1 0 0 0 0 
1 0 1 0 0 0 0 0 0 1 
1 1 0 0 0 0 0 1 1 1 
0 0 1 1 0 0 0 1 1 0 
1 0 1 0 1 0 0 1 1 1 
0 0 0 0 1 0 1 0 1 0 
1 1 1 0 1 1 1 0 1 1 
0 1 0 1 1 0 1 1 0 0 
Best sequence:
0 1 2 9 5 3 4 6 7 8 
1 0 0 1 1 1 0 0 0 0 
0 0 0 0 1 0 1 0 1 1 
0 0 1 0 1 1 1 1 1 1 
0 0 1 1 1 1 0 1 1 0 
1 1 1 0 1 1 1 1 1 0 
0 1 0 0 1 0 0 0 0 1 
0 1 0 0 1 0 1 1 0 0 
0 0 0 0 0 1 0 1 0 0 
1 1 0 1 0 1 1 0 1 0 
1 1 1 1 1 1 1 1 1 1 
0 1 1 1 0 1 0 1 0 0 
1 0 0 1 0 0 0 0 0 1 
1 1 1 0 1 0 0 0 0 0 
1 0 1 1 0 0 0 0 0 0 
1 1 0 1 0 0 0 0 1 1 
0 0 1 0 0 1 0 0 1 1 
1 0 1 1 0 0 1 0 1 1 
0 0 0 0 0 0 1 1 0 1 
1 1 1 1 1 0 1 1 0 1 
0 1 0 0 0 1 1 1 1 0 
OpenStacks: 17
Took 0.03 seconds

buffer: Warwick 933: balanced orders, 10 orders per product
numCustomers: 20
numProducts: 10
1 1 0 0 1 1 1 0 1 0 
0 1 0 1 0 0 1 0 1 0 
0 0 1 1 1 0 0 0 0 0 
0 1 1 0 0 1 1 0 1 0 
1 0 1 1 0 0 1 1 1 0 
1 0 1 0 0 0 0 1 0 0 
0 0 1 0 1 0 0 0 0 0 
1 0 0 0 0 1 1 1 1 1 
1 1 0 0 1 1 1 1 0 1 
0 1 0 1 0 0 0 1 0 1 
1 0 0 1 0 0 0 1 0 1 
0 0 1 0 1 1 0 0 1 1 
0 0 0 1 1 1 1 1 1 1 
0 1 1 1 1 0 1 0 0 1 
1 1 1 1 0 1 0 0 0 1 
1 1 1 0 1 1 1 1 1 1 
1 1 0 1 1 1 0 0 0 1 
0 1 0 0 0 1 0 0 1 0 
1 0 0 0 1 0 1 1 0 0 
0 0 1 1 0 0 0 1 1 0 
Best sequence:
0 2 4 7 3 6 9 1 5 8 
1 0 1 0 0 1 0 1 1 1 
0 0 0 0 1 1 0 1 0 1 
0 1 1 0 1 0 0 0 0 0 
0 1 0 0 0 1 0 1 1 1 
1 1 0 1 1 1 0 0 0 1 
1 1 0 1 0 0 0 0 0 0 
0 1 1 0 0 0 0 0 0 0 
1 0 0 1 0 1 1 0 1 1 
1 0 1 1 0 1 1 1 1 0 
0 0 0 1 1 0 1 1 0 0 
1 0 0 1 1 0 1 0 0 0 
0 1 1 0 0 0 1 0 1 1 
0 0 1 1 1 1 1 0 1 1 
0 1 1 0 1 1 1 1 0 0 
1 1 0 0 1 0 1 1 1 0 
1 1 1 1 0 1 1 1 1 1 
1 0 1 0 1 0 1 1 1 0 
0 0 0 0 0 0 0 1 1 1 
1 0 1 1 0 1 0 0 0 0 
0 1 0 1 1 0 0 0 0 1 
OpenStacks: 17
Took 0.03 seconds

buffer: Warwick 934: balanced orders, 10 orders per product
numCustomers: 20
numProducts: 10
0 0 1 0 1 0 1 1 0 0 
0 0 0 1 0 1 1 1 1 1 
1 0 0 0 0 1 1 0 1 0 
0 1 1 1 0 0 0 1 0 1 
1 1 1 0 0 1 0 0 0 1 
0 1 0 1 0 0 1 1 0 1 
0 0 1 0 1 1 0 1 1 1 
1 1 0 1 0 1 1 0 1 0 
1 0 0 0 1 0 0 0 0 0 
1 1 1 1 0 1 1 0 1 0 
0 1 1 1 0 0 0 1 1 1 
1 0 1 0 1 0 0 0 0 0 
1 1 1 1 1 1 1 1 0 0 
0 0 0 0 1 1 1 1 0 1 
0 0 0 1 1 0 1 0 1 0 
0 1 1 1 1 0 0 0 1 1 
1 1 0 0 0 1 0 0 0 0 
0 1 1 0 0 0 0 0 1 1 
1 0 0 0 1 0 0 1 1 0 
1 0 0 1 1 1 1 1 0 1 
Best sequence:
0 1 5 2 7 9 3 4 6 8 
0 0 0 1 1 0 0 1 1 0 
0 0 1 0 1 1 1 0 1 1 
1 0 1 0 0 0 0 0 1 1 
0 1 0 1 1 1 1 0 0 0 
1 1 1 1 0 1 0 0 0 0 
0 1 0 0 1 1 1 0 1 0 
0 0 1 1 1 1 0 1 0 1 
1 1 1 0 0 0 1 0 1 1 
1 0 0 0 0 0 0 1 0 0 
1 1 1 1 0 0 1 0 1 1 
0 1 0 1 1 1 1 0 0 1 
1 0 0 1 0 0 0 1 0 0 
1 1 1 1 1 0 1 1 1 0 
0 0 1 0 1 1 0 1 1 0 
0 0 0 0 0 0 1 1 1 1 
0 1 0 1 0 1 1 1 0 1 
1 1 1 0 0 0 0 0 0 0 
0 1 0 1 0 1 0 0 0 1 
1 0 0 0 1 0 0 1 0 1 
1 0 1 0 1 1 1 1 1 0 
OpenStacks: 18
Took 0.02 seconds

buffer: Warwick 935: balanced orders, 10 orders per product
numCustomers: 20
numProducts: 10
1 1 1 1 1 1 0 0 1 1 
0 0 1 0 1 0 1 0 0 1 
1 0 1 1 0 0 0 0 0 0 
0 0 1 0 0 1 1 1 1 0 
1 0 0 1 1 0 1 1 1 1 
1 0 1 0 1 0 1 0 1 1 
1 1 1 0 0 1 1 1 0 1 
1 0 0 0 1 1 1 1 1 1 
0 1 0 1 0 1 0 0 1 1 
1 0 0 0 0 0 1 1 0 0 
1 1 1 0 0 1 0 1 0 0 
1 1 0 1 1 0 1 0 1 0 
0 1 1 1 0 0 0 0 0 1 
0 1 0 1 1 0 0 0 1 0 
0 1 1 0 1 1 1 1 1 0 
0 0 1 0 0 1 0 1 0 0 
0 0 0 1 1 0 0 1 0 1 
0 0 0 1 0 1 0 1 0 0 
0 1 0 1 0 1 0 0 1 0 
1 1 0 0 1 0 1 0 0 1 
Best sequence:
0 1 4 6 8 9 2 3 5 7 
1 1 1 0 1 1 1 1 1 0 
0 0 1 1 0 1 1 0 0 0 
1 0 0 0 0 0 1 1 0 0 
0 0 0 1 1 0 1 0 1 1 
1 0 1 1 1 1 0 1 0 1 
1 0 1 1 1 1 1 0 0 0 
1 1 0 1 0 1 1 0 1 1 
1 0 1 1 1 1 0 0 1 1 
0 1 0 0 1 1 0 1 1 0 
1 0 0 1 0 0 0 0 0 1 
1 1 0 0 0 0 1 0 1 1 
1 1 1 1 1 0 0 1 0 0 
0 1 0 0 0 1 1 1 0 0 
0 1 1 0 1 0 0 1 0 0 
0 1 1 1 1 0 1 0 1 1 
0 0 0 0 0 0 1 0 1 1 
0 0 1 0 0 1 0 1 0 1 
0 0 0 0 0 0 0 1 1 1 
0 1 0 0 1 0 0 1 1 0 
1 1 1 1 0 1 0 0 0 0 
OpenStacks: 18
Took 0.04 seconds

buffer: Warwick 936: balanced orders, 10 orders per product
numCustomers: 20
numProducts: 10
1 1 0 0 0 1 1 1 1 1 
1 0 1 1 0 0 1 1 0 1 
1 1 1 0 1 0 0 0 0 0 
0 1 0 0 1 0 0 0 1 0 
0 0 1 0 0 1 0 0 0 0 
0 1 0 1 0 1 0 0 0 1 
0 0 0 1 1 1 1 0 0 0 
1 0 1 0 1 0 1 1 0 1 
1 0 1 0 0 1 0 0 1 0 
1 1 0 1 1 0 1 1 1 1 
1 1 1 0 0 0 0 1 0 1 
0 0 1 1 1 1 0 0 0 0 
1 0 0 0 0 1 1 1 1 1 
0 1 0 0 1 0 0 1 1 0 
1 0 1 1 0 1 0 1 1 1 
0 0 1 1 1 0 1 1 0 0 
0 1 0 1 0 0 1 1 1 0 
1 0 0 1 0 0 0 0 1 1 
0 1 1 0 1 1 1 0 0 0 
0 1 0 1 1 1 1 0 1 1 
Best sequence:
0 2 3 5 6 7 9 1 4 8 
1 0 0 1 1 1 1 1 0 1 
1 1 1 0 1 1 1 0 0 0 
1 1 0 0 0 0 0 1 1 0 
0 0 0 0 0 0 0 1 1 1 
0 1 0 1 0 0 0 0 0 0 
0 0 1 1 0 0 1 1 0 0 
0 0 1 1 1 0 0 0 1 0 
1 1 0 0 1 1 1 0 1 0 
1 1 0 1 0 0 0 0 0 1 
1 0 1 0 1 1 1 1 1 1 
1 1 0 0 0 1 1 1 0 0 
0 1 1 1 0 0 0 0 1 0 
1 0 0 1 1 1 1 0 0 1 
0 0 0 0 0 1 0 1 1 1 
1 1 1 1 0 1 1 0 0 1 
0 1 1 0 1 1 0 0 1 0 
0 0 1 0 1 1 0 1 0 1 
1 0 1 0 0 0 1 0 0 1 
0 1 0 1 1 0 0 1 1 0 
0 0 1 1 1 0 1 1 1 1 
OpenStacks: 18
Took 0.03 seconds

buffer: Warwick 937: balanced orders, 10 orders per product
numCustomers: 20
numProducts: 10
1 1 0 1 0 0 1 0 1 0 
1 0 0 0 1 0 0 1 0 1 
1 1 1 1 0 1 1 0 1 1 
1 1 1 1 1 0 0 1 0 0 
0 0 0 1 0 1 0 1 1 0 
0 1 1 0 0 1 0 0 1 0 
1 0 1 0 1 1 1 1 1 1 
1 1 1 0 0 1 0 1 0 0 
0 0 0 0 0 0 0 0 0 1 
1 1 0 1 1 1 0 0 0 1 
1 0 1 1 1 1 1 1 0 0 
1 0 0 0 0 0 0 0 1 0 
0 0 1 1 1 0 1 1 0 1 
0 0 0 0 0 1 1 1 0 1 
0 0 1 1 1 0 1 1 0 1 
1 1 0 0 0 0 0 0 1 1 
0 1 1 0 1 1 0 1 1 0 
0 0 0 1 1 0 1 0 1 0 
0 1 1 1 0 1 1 0 0 0 
0 1 0 0 1 0 1 0 1 1 
Best sequence:
0 4 9 7 8 1 2 3 5 6 
1 0 0 0 1 1 0 1 0 1 
1 1 1 1 0 0 0 0 0 0 
1 0 1 0 1 1 1 1 1 1 
1 1 0 1 0 1 1 1 0 0 
0 0 0 1 1 0 0 1 1 0 
0 0 0 0 1 1 1 0 1 0 
1 1 1 1 1 0 1 0 1 1 
1 0 0 1 0 1 1 0 1 0 
0 0 1 0 0 0 0 0 0 0 
1 1 1 0 0 1 0 1 1 0 
1 1 0 1 0 0 1 1 1 1 
1 0 0 0 1 0 0 0 0 0 
0 1 1 1 0 0 1 1 0 1 
0 0 1 1 0 0 0 0 1 1 
0 1 1 1 0 0 1 1 0 1 
1 0 1 0 1 1 0 0 0 0 
0 1 0 1 1 1 1 0 1 0 
0 1 0 0 1 0 0 1 0 1 
0 0 0 0 0 1 1 1 1 1 
0 1 1 0 1 1 0 0 0 1 
OpenStacks: 17
Took 0.03 seconds

buffer: Warwick 938: balanced orders, 10 orders per product
numCustomers: 20
numProducts: 10
0 0 1 0 1 0 1 1 0 1 
0 0 0 1 1 1 1 0 0 0 
1 1 1 0 0 0 1 0 0 1 
0 1 0 1 1 1 0 0 1 1 
1 0 0 1 0 1 0 0 0 1 
1 1 0 1 1 0 1 0 0 1 
1 1 0 0 1 0 0 0 0 1 
0 1 1 0 0 1 1 0 0 0 
1 0 1 1 0 0 0 1 1 0 
1 1 0 0 0 1 0 1 1 0 
0 1 1 1 1 1 1 0 1 0 
1 0 1 0 0 0 0 1 1 1 
1 0 1 0 0 1 0 1 1 1 
1 0 1 1 0 0 1 0 0 0 
0 0 1 1 0 1 1 1 1 0 
1 1 0 0 1 1 1 1 1 0 
0 1 0 1 1 1 0 0 1 0 
0 0 0 0 1 0 1 1 0 1 
0 1 1 1 0 0 0 1 0 1 
0 0 0 0 1 0 0 1 1 0 
Best sequence:
0 1 2 3 5 6 9 4 7 8 
0 0 1 0 0 1 1 1 1 0 
0 0 0 1 1 1 0 1 0 0 
1 1 1 0 0 1 1 0 0 0 
0 1 0 1 1 0 1 1 0 1 
1 0 0 1 1 0 1 0 0 0 
1 1 0 1 0 1 1 1 0 0 
1 1 0 0 0 0 1 1 0 0 
0 1 1 0 1 1 0 0 0 0 
1 0 1 1 0 0 0 0 1 1 
1 1 0 0 1 0 0 0 1 1 
0 1 1 1 1 1 0 1 0 1 
1 0 1 0 0 0 1 0 1 1 
1 0 1 0 1 0 1 0 1 1 
1 0 1 1 0 1 0 0 0 0 
0 0 1 1 1 1 0 0 1 1 
1 1 0 0 1 1 0 1 1 1 
0 1 0 1 1 0 0 1 0 1 
0 0 0 0 0 1 1 1 1 0 
0 1 1 1 0 0 1 0 1 0 
0 0 0 0 0 0 0 1 1 1 
OpenStacks: 19
Took 0.04 seconds

buffer: Warwick 939: balanced orders, 10 orders per product
numCustomers: 20
numProducts: 10
0 1 1 0 1 1 1 1 0 0 
0 1 0 1 0 1 1 1 1 1 
0 1 1 0 0 1 0 1 0 0 
1 0 0 0 1 0 0 0 0 1 
1 0 0 1 0 0 0 0 1 1 
1 0 1 1 1 0 0 1 1 0 
1 1 1 0 0 0 0 0 0 1 
0 0 1 0 1 1 1 0 1 0 
1 0 0 0 0 0 1 1 1 1 
1 1 1 1 1 0 1 1 0 0 
0 1 0 1 0 0 1 1 0 1 
0 0 0 1 1 0 0 0 0 1 
1 0 1 1 0 1 0 0 0 1 
0 1 0 0 1 1 1 0 1 1 
0 0 1 0 1 1 1 1 0 0 
1 1 1 1 0 1 1 0 1 1 
1 1 0 0 1 1 1 1 0 0 
0 1 0 0 0 0 0 1 1 0 
1 0 0 1 1 0 0 0 1 0 
0 0 1 1 0 1 0 0 1 0 
Best sequence:
0 4 6 9 3 2 5 1 7 8 
0 1 1 0 0 1 1 1 1 0 
0 0 1 1 1 0 1 1 1 1 
0 0 0 0 0 1 1 1 1 0 
1 1 0 1 0 0 0 0 0 0 
1 0 0 1 1 0 0 0 0 1 
1 1 0 0 1 1 0 0 1 1 
1 0 0 1 0 1 0 1 0 0 
0 1 1 0 0 1 1 0 0 1 
1 0 1 1 0 0 0 0 1 1 
1 1 1 0 1 1 0 1 1 0 
0 0 1 1 1 0 0 1 1 0 
0 1 0 1 1 0 0 0 0 0 
1 0 0 1 1 1 1 0 0 0 
0 1 1 1 0 0 1 1 0 1 
0 1 1 0 0 1 1 0 1 0 
1 0 1 1 1 1 1 1 0 1 
1 1 1 0 0 0 1 1 1 0 
0 0 0 0 0 0 0 1 1 1 
1 1 0 0 1 0 0 0 0 1 
0 0 0 0 1 1 1 0 0 1 
OpenStacks: 17
Took 0.02 seconds

buffer: Warwick 940: balanced orders, 10 orders per product
numCustomers: 20
numProducts: 10
1 1 1 0 0 0 1 1 0 1 
1 1 0 1 1 0 0 1 1 0 
1 1 1 1 0 0 0 0 0 1 
0 1 0 1 0 0 1 1 0 1 
0 1 0 1 0 0 0 0 1 0 
0 1 1 1 1 0 1 0 1 1 
1 1 0 1 1 1 1 1 1 1 
0 0 1 0 1 1 0 1 1 0 
1 0 1 0 1 1 1 0 0 0 
1 0 0 1 0 1 0 1 0 0 
0 1 0 0 0 1 1 1 1 1 
0 0 1 0 1 0 1 0 1 0 
0 1 1 1 1 0 0 1 0 0 
0 0 1 0 0 1 1 0 0 0 
1 0 0 0 1 1 0 1 0 1 
0 0 0 0 0 1 0 0 1 1 
0 0 0 1 0 0 0 1 1 0 
1 0 1 0 1 1 0 0 0 1 
1 1 0 1 1 1 1 0 0 1 
1 0 1 0 0 0 1 0 1 0 
Best sequence:
1 3 7 8 0 4 2 5 6 9 
1 0 1 0 1 0 1 0 1 1 
1 1 1 1 1 1 0 0 0 0 
1 1 0 0 1 0 1 0 0 1 
1 1 1 0 0 0 0 0 1 1 
1 1 0 1 0 0 0 0 0 0 
1 1 0 1 0 1 1 0 1 1 
1 1 1 1 1 1 0 1 1 1 
0 0 1 1 0 1 1 1 0 0 
0 0 0 0 1 1 1 1 1 0 
0 1 1 0 1 0 0 1 0 0 
1 0 1 1 0 0 0 1 1 1 
0 0 0 1 0 1 1 0 1 0 
1 1 1 0 0 1 1 0 0 0 
0 0 0 0 0 0 1 1 1 0 
0 0 1 0 1 1 0 1 0 1 
0 0 0 1 0 0 0 1 0 1 
0 1 1 1 0 0 0 0 0 0 
0 0 0 0 1 1 1 1 0 1 
1 1 0 0 1 1 0 1 1 1 
0 0 0 1 1 0 1 0 1 0 
OpenStacks: 17
Took 0.04 seconds

Solved: 70 instances
totalTime: 3.06 seconds
minTime: 0.02 seconds
maxTime: 0.9 seconds
Average: 0.0437143 seconds
