Solving by Brute Force...
buffer: Warwick 871: balanced orders, 4 orders per product
numCustomers: 20
numProducts: 10
0 1 0 1 0 1 1 0 1 0 
0 0 0 0 0 0 1 0 0 0 
0 1 1 1 0 0 0 1 0 0 
1 0 0 0 0 0 0 0 0 1 
0 0 0 0 0 1 1 0 0 0 
0 0 0 0 1 0 0 0 0 0 
0 0 1 0 0 0 0 0 0 0 
0 0 0 0 0 1 0 1 1 1 
1 0 0 0 1 0 0 0 0 0 
0 1 0 1 0 0 0 0 1 0 
1 0 0 0 1 0 0 0 0 1 
0 1 0 0 0 0 0 0 0 0 
0 0 0 0 0 0 1 0 0 0 
0 0 0 0 0 0 0 1 0 0 
0 0 0 1 0 0 0 0 0 0 
0 0 1 0 0 0 0 0 0 0 
1 0 0 0 0 0 0 0 0 0 
0 0 1 0 1 1 0 0 0 1 
0 0 0 0 0 0 0 1 0 0 
0 0 0 0 0 0 0 0 1 0 
numSequences: 3628800
minStacks: 6
Best sequence:
9 4 0 6 5 2 1 3 7 8 
0 0 0 1 1 0 1 1 0 1 
0 0 0 1 0 0 0 0 0 0 
0 0 0 0 0 1 1 1 1 0 
1 0 1 0 0 0 0 0 0 0 
0 0 0 1 1 0 0 0 0 0 
0 1 0 0 0 0 0 0 0 0 
0 0 0 0 0 1 0 0 0 0 
1 0 0 0 1 0 0 0 1 1 
0 1 1 0 0 0 0 0 0 0 
0 0 0 0 0 0 1 1 0 1 
1 1 1 0 0 0 0 0 0 0 
0 0 0 0 0 0 1 0 0 0 
0 0 0 1 0 0 0 0 0 0 
0 0 0 0 0 0 0 0 1 0 
0 0 0 0 0 0 0 1 0 0 
0 0 0 0 0 1 0 0 0 0 
0 0 1 0 0 0 0 0 0 0 
1 1 0 0 1 1 0 0 0 0 
0 0 0 0 0 0 0 0 1 0 
0 0 0 0 0 0 0 0 0 1 
Open stacks: 6
Took 9.15 seconds

buffer: Warwick 872: balanced orders, 4 orders per product
numCustomers: 20
numProducts: 10
1 1 0 1 0 1 0 0 0 0 
0 0 0 1 0 0 1 1 0 0 
0 0 0 0 0 0 1 0 0 0 
0 1 1 0 0 0 0 0 0 0 
0 0 1 0 0 0 0 0 0 0 
0 0 0 0 1 0 0 0 0 0 
1 0 0 0 0 0 0 1 0 0 
0 0 0 0 0 0 0 0 0 1 
0 0 0 1 0 1 0 0 0 0 
0 0 0 0 0 1 1 0 1 0 
0 1 0 0 0 0 0 0 1 1 
1 0 1 0 0 0 0 0 1 0 
0 0 0 0 0 0 1 0 0 0 
0 0 0 1 1 0 0 0 0 0 
0 0 0 0 0 0 0 0 0 1 
0 0 0 0 0 0 0 1 1 0 
0 0 0 0 0 0 0 1 0 1 
0 0 0 0 1 0 0 0 0 0 
0 1 1 0 0 0 0 0 0 0 
1 0 0 0 1 1 0 0 0 0 
numSequences: 3628800
minStacks: 7
Best sequence:
9 8 7 6 0 5 3 1 2 4 
0 0 0 0 1 1 1 1 0 0 
0 0 1 1 0 0 1 0 0 0 
0 0 0 1 0 0 0 0 0 0 
0 0 0 0 0 0 0 1 1 0 
0 0 0 0 0 0 0 0 1 0 
0 0 0 0 0 0 0 0 0 1 
0 0 1 0 1 0 0 0 0 0 
1 0 0 0 0 0 0 0 0 0 
0 0 0 0 0 1 1 0 0 0 
0 1 0 1 0 1 0 0 0 0 
1 1 0 0 0 0 0 1 0 0 
0 1 0 0 1 0 0 0 1 0 
0 0 0 1 0 0 0 0 0 0 
0 0 0 0 0 0 1 0 0 1 
1 0 0 0 0 0 0 0 0 0 
0 1 1 0 0 0 0 0 0 0 
1 0 1 0 0 0 0 0 0 0 
0 0 0 0 0 0 0 0 0 1 
0 0 0 0 0 0 0 1 1 0 
0 0 0 0 1 1 0 0 0 1 
Open stacks: 7
Took 8.23 seconds

buffer: Warwick 873: balanced orders, 4 orders per product
numCustomers: 20
numProducts: 10
0 0 0 0 0 0 1 0 0 0 
0 1 0 1 0 0 1 0 0 0 
0 0 0 0 0 0 0 0 0 1 
0 0 0 0 0 0 0 1 0 0 
0 0 0 0 0 0 1 0 0 0 
0 0 0 0 0 0 0 1 1 0 
0 0 0 0 0 0 0 0 0 1 
1 1 1 0 1 0 0 0 0 0 
1 0 0 0 0 0 0 0 0 0 
0 0 0 0 0 0 0 0 1 0 
0 0 0 0 0 1 0 1 1 0 
1 0 0 0 0 1 0 0 1 0 
0 1 1 1 0 0 0 0 0 1 
0 0 1 0 1 0 0 0 0 0 
0 0 0 0 1 0 0 0 0 0 
0 0 0 1 0 0 0 0 0 0 
1 0 0 0 0 1 1 0 0 0 
0 1 0 0 0 0 0 1 0 1 
0 0 1 1 0 0 0 0 0 0 
0 0 0 0 1 1 0 0 0 0 
numSequences: 3628800
minStacks: 6
Best sequence:
9 6 3 1 2 4 0 5 7 8 
0 1 0 0 0 0 0 0 0 0 
0 1 1 1 0 0 0 0 0 0 
1 0 0 0 0 0 0 0 0 0 
0 0 0 0 0 0 0 0 1 0 
0 1 0 0 0 0 0 0 0 0 
0 0 0 0 0 0 0 0 1 1 
1 0 0 0 0 0 0 0 0 0 
0 0 0 1 1 1 1 0 0 0 
0 0 0 0 0 0 1 0 0 0 
0 0 0 0 0 0 0 0 0 1 
0 0 0 0 0 0 0 1 1 1 
0 0 0 0 0 0 1 1 0 1 
1 0 1 1 1 0 0 0 0 0 
0 0 0 0 1 1 0 0 0 0 
0 0 0 0 0 1 0 0 0 0 
0 0 1 0 0 0 0 0 0 0 
0 1 0 0 0 0 1 1 0 0 
1 0 0 1 0 0 0 0 1 0 
0 0 1 0 1 0 0 0 0 0 
0 0 0 0 0 1 0 1 0 0 
Open stacks: 6
Took 8.24 seconds

buffer: Warwick 874: balanced orders, 4 orders per product
numCustomers: 20
numProducts: 10
0 0 0 0 0 0 0 1 0 0 
0 1 0 0 0 0 0 0 0 0 
0 0 1 0 0 0 0 1 0 0 
0 0 0 0 0 0 0 1 0 0 
0 0 0 0 0 1 0 0 1 1 
1 1 1 0 1 0 0 0 0 0 
0 0 0 0 0 0 1 0 0 0 
0 1 1 0 0 0 0 0 1 1 
1 1 0 1 0 0 0 0 1 0 
0 0 0 0 1 0 0 0 0 0 
0 0 0 1 0 1 0 0 0 0 
0 0 0 0 0 0 1 0 0 0 
0 0 0 0 1 0 0 0 0 0 
0 0 0 0 1 0 1 1 0 0 
0 0 0 0 0 1 0 0 0 0 
1 0 1 0 0 0 0 0 0 0 
0 0 0 0 0 0 0 0 0 1 
1 0 0 1 0 1 0 0 0 0 
0 0 0 1 0 0 1 0 1 0 
0 0 0 0 0 0 0 0 0 1 
numSequences: 3628800
minStacks: 6
Best sequence:
9 5 8 3 1 0 2 6 4 7 
0 0 0 0 0 0 0 0 0 1 
0 0 0 0 1 0 0 0 0 0 
0 0 0 0 0 0 1 0 0 1 
0 0 0 0 0 0 0 0 0 1 
1 1 1 0 0 0 0 0 0 0 
0 0 0 0 1 1 1 0 1 0 
0 0 0 0 0 0 0 1 0 0 
1 0 1 0 1 0 1 0 0 0 
0 0 1 1 1 1 0 0 0 0 
0 0 0 0 0 0 0 0 1 0 
0 1 0 1 0 0 0 0 0 0 
0 0 0 0 0 0 0 1 0 0 
0 0 0 0 0 0 0 0 1 0 
0 0 0 0 0 0 0 1 1 1 
0 1 0 0 0 0 0 0 0 0 
0 0 0 0 0 1 1 0 0 0 
1 0 0 0 0 0 0 0 0 0 
0 1 0 1 0 1 0 0 0 0 
0 0 1 1 0 0 0 1 0 0 
1 0 0 0 0 0 0 0 0 0 
Open stacks: 6
Took 8.25 seconds

buffer: Warwick 875: balanced orders, 4 orders per product
numCustomers: 20
numProducts: 10
0 0 0 0 0 0 0 0 1 1 
0 1 0 1 0 1 0 0 0 1 
0 0 1 0 1 0 0 0 0 1 
0 1 0 0 0 0 0 0 0 0 
0 0 0 0 0 0 0 0 1 0 
1 0 1 0 0 0 0 0 0 0 
0 1 0 0 0 0 0 0 0 0 
0 0 0 0 0 0 0 1 1 0 
1 0 0 0 0 1 1 0 0 0 
0 0 0 0 1 1 0 1 0 0 
0 0 1 1 0 0 0 0 0 0 
1 0 0 0 0 0 0 0 0 0 
0 1 0 0 0 1 1 0 0 0 
0 0 0 0 1 0 0 0 0 1 
0 0 0 1 0 0 1 1 0 0 
0 0 0 1 0 0 0 0 0 0 
0 0 1 0 0 0 1 0 1 0 
0 0 0 0 0 0 0 1 0 0 
0 0 0 0 1 0 0 0 0 0 
1 0 0 0 0 0 0 0 0 0 
numSequences: 3628800
minStacks: 7
Best sequence:
9 8 4 7 3 2 5 6 0 1 
1 1 0 0 0 0 0 0 0 0 
1 0 0 0 1 0 1 0 0 1 
1 0 1 0 0 1 0 0 0 0 
0 0 0 0 0 0 0 0 0 1 
0 1 0 0 0 0 0 0 0 0 
0 0 0 0 0 1 0 0 1 0 
0 0 0 0 0 0 0 0 0 1 
0 1 0 1 0 0 0 0 0 0 
0 0 0 0 0 0 1 1 1 0 
0 0 1 1 0 0 1 0 0 0 
0 0 0 0 1 1 0 0 0 0 
0 0 0 0 0 0 0 0 1 0 
0 0 0 0 0 0 1 1 0 1 
1 0 1 0 0 0 0 0 0 0 
0 0 0 1 1 0 0 1 0 0 
0 0 0 0 1 0 0 0 0 0 
0 1 0 0 0 1 0 1 0 0 
0 0 0 1 0 0 0 0 0 0 
0 0 1 0 0 0 0 0 0 0 
0 0 0 0 0 0 0 0 1 0 
Open stacks: 7
Took 8.24 seconds

buffer: Warwick 876: balanced orders, 4 orders per product
numCustomers: 20
numProducts: 10
0 1 0 0 0 0 0 0 0 0 
0 1 0 0 0 0 0 1 0 0 
0 0 1 1 0 0 0 1 1 1 
0 0 0 0 1 1 0 0 0 0 
1 0 0 0 0 0 1 0 0 0 
0 0 0 0 0 0 0 1 0 0 
0 0 0 0 0 0 1 0 0 0 
0 0 1 1 0 0 0 0 0 0 
0 0 1 0 0 1 1 0 0 0 
0 0 0 1 0 0 0 0 0 0 
0 1 0 0 0 0 0 0 0 0 
0 1 0 0 0 0 0 0 0 1 
1 0 0 1 0 0 0 0 0 0 
0 0 0 0 1 0 0 0 0 0 
0 0 0 0 0 1 0 0 1 0 
1 0 0 0 1 0 1 0 0 0 
0 0 0 0 0 0 0 1 0 0 
1 0 0 0 0 1 0 0 1 1 
0 0 0 0 1 0 0 0 1 1 
0 0 1 0 0 0 0 0 0 0 
numSequences: 3628800
minStacks: 6
Best sequence:
1 9 7 4 8 5 0 6 2 3 
1 0 0 0 0 0 0 0 0 0 
1 0 1 0 0 0 0 0 0 0 
0 1 1 0 1 0 0 0 1 1 
0 0 0 1 0 1 0 0 0 0 
0 0 0 0 0 0 1 1 0 0 
0 0 1 0 0 0 0 0 0 0 
0 0 0 0 0 0 0 1 0 0 
0 0 0 0 0 0 0 0 1 1 
0 0 0 0 0 1 0 1 1 0 
0 0 0 0 0 0 0 0 0 1 
1 0 0 0 0 0 0 0 0 0 
1 1 0 0 0 0 0 0 0 0 
0 0 0 0 0 0 1 0 0 1 
0 0 0 1 0 0 0 0 0 0 
0 0 0 0 1 1 0 0 0 0 
0 0 0 1 0 0 1 1 0 0 
0 0 1 0 0 0 0 0 0 0 
0 1 0 0 1 1 1 0 0 0 
0 1 0 1 1 0 0 0 0 0 
0 0 0 0 0 0 0 0 1 0 
Open stacks: 6
Took 8.24 seconds

buffer: Warwick 877: balanced orders, 4 orders per product
numCustomers: 20
numProducts: 10
0 0 0 0 0 0 0 1 0 0 
0 0 0 0 0 0 1 0 0 0 
0 1 1 0 0 0 0 0 1 0 
0 0 1 0 0 1 0 0 0 1 
0 1 0 0 1 0 1 1 0 0 
0 0 0 0 0 0 1 0 0 0 
0 0 0 0 0 1 0 0 0 0 
0 0 1 0 0 0 0 0 1 0 
0 0 0 0 0 0 0 1 0 0 
0 0 0 1 0 0 0 0 1 0 
0 1 0 0 0 0 0 0 0 0 
1 0 0 0 0 0 0 0 0 0 
0 0 0 0 0 1 0 0 0 1 
1 0 0 0 1 0 0 0 0 0 
0 0 1 1 1 0 0 0 0 0 
1 1 0 1 0 0 0 0 0 0 
0 0 0 1 0 1 1 0 0 1 
0 0 0 0 0 0 0 1 0 0 
0 0 0 0 1 0 0 0 0 1 
1 0 0 0 0 0 0 0 1 0 
numSequences: 3628800
minStacks: 8
Best sequence:
9 5 4 0 1 2 3 6 7 8 
0 0 0 0 0 0 0 0 1 0 
0 0 0 0 0 0 0 1 0 0 
0 0 0 0 1 1 0 0 0 1 
1 1 0 0 0 1 0 0 0 0 
0 0 1 0 1 0 0 1 1 0 
0 0 0 0 0 0 0 1 0 0 
0 1 0 0 0 0 0 0 0 0 
0 0 0 0 0 1 0 0 0 1 
0 0 0 0 0 0 0 0 1 0 
0 0 0 0 0 0 1 0 0 1 
0 0 0 0 1 0 0 0 0 0 
0 0 0 1 0 0 0 0 0 0 
1 1 0 0 0 0 0 0 0 0 
0 0 1 1 0 0 0 0 0 0 
0 0 1 0 0 1 1 0 0 0 
0 0 0 1 1 0 1 0 0 0 
1 1 0 0 0 0 1 1 0 0 
0 0 0 0 0 0 0 0 1 0 
1 0 1 0 0 0 0 0 0 0 
0 0 0 1 0 0 0 0 0 1 
Open stacks: 8
Took 8.24 seconds

buffer: Warwick 878: balanced orders, 4 orders per product
numCustomers: 20
numProducts: 10
1 0 0 0 0 0 1 0 0 0 
0 0 1 0 0 0 0 1 1 0 
0 0 0 1 1 1 0 0 0 0 
0 0 0 0 0 0 1 0 1 0 
0 1 0 1 0 1 0 0 0 1 
0 1 0 0 0 0 0 0 1 0 
0 0 0 0 0 0 1 0 0 0 
0 0 1 0 1 0 0 0 1 0 
0 0 0 0 1 0 0 0 0 0 
0 0 0 0 0 1 0 0 0 0 
0 0 1 1 0 0 0 0 0 0 
1 0 0 0 0 0 0 1 0 0 
0 0 0 1 0 0 0 0 0 0 
1 0 0 0 0 0 0 0 0 1 
0 0 0 0 0 0 0 1 0 0 
0 0 1 0 0 0 0 0 0 0 
0 0 0 0 1 0 1 0 0 1 
0 1 0 0 0 1 0 1 0 1 
0 1 0 0 0 0 0 0 0 0 
1 0 0 0 0 0 0 0 0 0 
numSequences: 3628800
minStacks: 7
Best sequence:
9 0 7 6 8 1 2 4 3 5 
0 1 0 1 0 0 0 0 0 0 
0 0 1 0 1 0 1 0 0 0 
0 0 0 0 0 0 0 1 1 1 
0 0 0 1 1 0 0 0 0 0 
1 0 0 0 0 1 0 0 1 1 
0 0 0 0 1 1 0 0 0 0 
0 0 0 1 0 0 0 0 0 0 
0 0 0 0 1 0 1 1 0 0 
0 0 0 0 0 0 0 1 0 0 
0 0 0 0 0 0 0 0 0 1 
0 0 0 0 0 0 1 0 1 0 
0 1 1 0 0 0 0 0 0 0 
0 0 0 0 0 0 0 0 1 0 
1 1 0 0 0 0 0 0 0 0 
0 0 1 0 0 0 0 0 0 0 
0 0 0 0 0 0 1 0 0 0 
1 0 0 1 0 0 0 1 0 0 
1 0 1 0 0 1 0 0 0 1 
0 0 0 0 0 1 0 0 0 0 
0 1 0 0 0 0 0 0 0 0 
Open stacks: 7
Took 8.24 seconds

buffer: Warwick 879: balanced orders, 4 orders per product
numCustomers: 20
numProducts: 10
0 0 0 0 0 1 0 0 0 0 
0 0 0 0 0 0 0 1 1 1 
1 0 1 0 0 0 0 0 0 0 
0 0 1 0 1 0 0 0 0 0 
0 0 0 1 0 0 0 0 0 1 
0 0 0 0 0 1 0 1 0 0 
0 0 0 0 1 0 0 0 0 0 
0 1 0 0 0 0 1 0 0 0 
0 0 0 0 0 0 0 1 1 0 
0 0 1 0 0 0 0 0 0 0 
1 0 0 1 0 0 1 0 0 0 
1 1 0 0 0 0 0 0 1 0 
0 0 0 0 0 0 0 1 0 0 
0 0 0 0 0 0 1 0 1 0 
0 0 0 1 0 0 0 0 0 1 
1 0 1 0 1 1 0 0 0 0 
0 1 0 0 0 1 0 0 0 0 
0 0 0 0 0 0 1 0 0 0 
0 1 0 0 0 0 0 0 0 1 
0 0 0 1 1 0 0 0 0 0 
numSequences: 3628800
minStacks: 8
Best sequence:
9 4 3 0 2 1 5 6 7 8 
0 0 0 0 0 0 1 0 0 0 
1 0 0 0 0 0 0 0 1 1 
0 0 0 1 1 0 0 0 0 0 
0 1 0 0 1 0 0 0 0 0 
1 0 1 0 0 0 0 0 0 0 
0 0 0 0 0 0 1 0 1 0 
0 1 0 0 0 0 0 0 0 0 
0 0 0 0 0 1 0 1 0 0 
0 0 0 0 0 0 0 0 1 1 
0 0 0 0 1 0 0 0 0 0 
0 0 1 1 0 0 0 1 0 0 
0 0 0 1 0 1 0 0 0 1 
0 0 0 0 0 0 0 0 1 0 
0 0 0 0 0 0 0 1 0 1 
1 0 1 0 0 0 0 0 0 0 
0 1 0 1 1 0 1 0 0 0 
0 0 0 0 0 1 1 0 0 0 
0 0 0 0 0 0 0 1 0 0 
1 0 0 0 0 1 0 0 0 0 
0 1 1 0 0 0 0 0 0 0 
Open stacks: 8
Took 8.23 seconds

buffer: Warwick 880: balanced orders, 4 orders per product
numCustomers: 20
numProducts: 10
0 0 1 0 0 0 0 0 0 0 
1 0 0 0 0 0 1 1 0 0 
1 0 0 0 0 0 0 0 1 0 
0 0 0 0 1 0 0 0 0 0 
0 0 1 0 0 1 0 0 0 0 
0 0 1 1 0 0 1 0 0 0 
0 0 0 0 0 1 0 0 0 0 
0 1 0 0 0 0 0 1 0 0 
0 0 0 0 0 1 0 0 0 0 
0 0 1 1 0 0 1 0 0 0 
1 1 0 1 0 0 0 0 1 1 
0 0 0 0 0 0 0 0 1 0 
1 0 0 0 1 1 0 0 0 0 
0 1 0 0 0 0 1 0 0 1 
0 0 0 1 1 0 0 1 0 0 
0 1 0 0 0 0 0 0 0 0 
0 0 0 0 0 0 0 0 0 1 
0 0 0 0 1 0 0 0 0 1 
0 0 0 0 0 0 0 1 0 0 
0 0 0 0 0 0 0 0 1 0 
numSequences: 3628800
minStacks: 7
Best sequence:
9 7 1 4 6 3 2 0 5 8 
0 0 0 0 0 0 1 0 0 0 
0 1 0 0 1 0 0 1 0 0 
0 0 0 0 0 0 0 1 0 1 
0 0 0 1 0 0 0 0 0 0 
0 0 0 0 0 0 1 0 1 0 
0 0 0 0 1 1 1 0 0 0 
0 0 0 0 0 0 0 0 1 0 
0 1 1 0 0 0 0 0 0 0 
0 0 0 0 0 0 0 0 1 0 
0 0 0 0 1 1 1 0 0 0 
1 0 1 0 0 1 0 1 0 1 
0 0 0 0 0 0 0 0 0 1 
0 0 0 1 0 0 0 1 1 0 
1 0 1 0 1 0 0 0 0 0 
0 1 0 1 0 1 0 0 0 0 
0 0 1 0 0 0 0 0 0 0 
1 0 0 0 0 0 0 0 0 0 
1 0 0 1 0 0 0 0 0 0 
0 1 0 0 0 0 0 0 0 0 
0 0 0 0 0 0 0 0 0 1 
Open stacks: 7
Took 8.24 seconds

buffer: Warwick 881: balanced orders, 5 orders per product
numCustomers: 20
numProducts: 10
1 0 0 0 0 0 0 0 0 0 
0 1 0 0 0 0 0 0 0 0 
0 0 0 0 0 0 1 0 0 0 
0 0 0 1 0 0 1 0 0 0 
0 0 0 0 0 1 0 0 0 1 
0 0 1 0 1 0 0 0 0 0 
0 0 0 0 0 1 0 0 0 1 
0 0 1 0 0 1 0 1 1 0 
0 0 0 0 1 0 0 1 1 1 
0 1 0 1 0 0 1 0 0 0 
0 0 0 1 0 0 0 0 0 0 
0 0 0 0 0 0 1 1 0 0 
1 0 0 0 0 0 0 1 0 0 
0 0 0 0 1 1 0 0 1 0 
1 1 1 0 0 1 1 0 1 0 
1 1 0 0 0 0 0 0 0 1 
0 1 0 0 0 0 0 0 1 0 
1 0 1 1 1 0 0 0 0 0 
0 0 0 0 1 0 0 0 0 1 
0 0 1 1 0 0 0 1 0 0 
numSequences: 3628800
minStacks: 9
Best sequence:
9 8 5 4 2 1 0 3 6 7 
0 0 0 0 0 0 1 0 0 0 
0 0 0 0 0 1 0 0 0 0 
0 0 0 0 0 0 0 0 1 0 
0 0 0 0 0 0 0 1 1 0 
1 0 1 0 0 0 0 0 0 0 
0 0 0 1 1 0 0 0 0 0 
1 0 1 0 0 0 0 0 0 0 
0 1 1 0 1 0 0 0 0 1 
1 1 0 1 0 0 0 0 0 1 
0 0 0 0 0 1 0 1 1 0 
0 0 0 0 0 0 0 1 0 0 
0 0 0 0 0 0 0 0 1 1 
0 0 0 0 0 0 1 0 0 1 
0 1 1 1 0 0 0 0 0 0 
0 1 1 0 1 1 1 0 1 0 
1 0 0 0 0 1 1 0 0 0 
0 1 0 0 0 1 0 0 0 0 
0 0 0 1 1 0 1 1 0 0 
1 0 0 1 0 0 0 0 0 0 
0 0 0 0 1 0 0 1 0 1 
Open stacks: 9
Took 8.26 seconds

buffer: Warwick 882: balanced orders, 5 orders per product
numCustomers: 20
numProducts: 10
1 0 0 1 1 0 0 0 0 0 
1 0 1 0 0 0 0 1 1 0 
0 1 0 0 0 0 0 0 1 0 
0 0 1 0 0 0 1 1 1 0 
0 0 0 0 1 1 0 0 0 0 
1 0 1 0 0 1 0 0 0 0 
0 0 0 1 0 1 1 0 0 0 
0 0 0 1 1 0 0 0 0 0 
0 0 0 1 0 0 0 1 0 0 
0 1 0 0 0 0 0 0 0 0 
0 1 0 1 0 0 0 0 0 1 
0 0 0 0 0 0 1 0 0 0 
0 0 1 0 0 0 0 0 0 1 
0 1 0 0 0 0 0 0 0 1 
0 0 0 0 0 0 0 1 0 0 
0 0 1 0 0 0 0 0 1 0 
1 1 0 0 0 1 0 1 1 1 
0 0 0 0 1 0 1 0 0 0 
1 0 0 0 0 0 0 0 0 1 
0 0 0 0 1 1 1 0 0 0 
numSequences: 3628800
minStacks: 8
Best sequence:
9 1 8 2 7 0 3 5 4 6 
0 0 0 0 0 1 1 0 1 0 
0 0 1 1 1 1 0 0 0 0 
0 1 1 0 0 0 0 0 0 0 
0 0 1 1 1 0 0 0 0 1 
0 0 0 0 0 0 0 1 1 0 
0 0 0 1 0 1 0 1 0 0 
0 0 0 0 0 0 1 1 0 1 
0 0 0 0 0 0 1 0 1 0 
0 0 0 0 1 0 1 0 0 0 
0 1 0 0 0 0 0 0 0 0 
1 1 0 0 0 0 1 0 0 0 
0 0 0 0 0 0 0 0 0 1 
1 0 0 1 0 0 0 0 0 0 
1 1 0 0 0 0 0 0 0 0 
0 0 0 0 1 0 0 0 0 0 
0 0 1 1 0 0 0 0 0 0 
1 1 1 0 1 1 0 1 0 0 
0 0 0 0 0 0 0 0 1 1 
1 0 0 0 0 1 0 0 0 0 
0 0 0 0 0 0 0 1 1 1 
Open stacks: 8
Took 8.25 seconds

buffer: Warwick 883: balanced orders, 5 orders per product
numCustomers: 20
numProducts: 10
0 1 1 0 0 0 0 0 0 0 
1 0 0 0 0 0 0 0 0 0 
0 0 1 1 0 0 0 1 0 0 
0 0 0 0 0 0 1 0 0 1 
1 0 1 1 0 0 0 1 0 0 
0 1 0 0 0 1 0 0 0 0 
0 0 0 0 1 0 1 0 0 0 
0 0 1 1 0 0 0 0 1 0 
0 1 0 0 0 1 0 0 0 1 
1 0 0 1 0 0 0 0 1 0 
0 0 0 0 1 0 0 0 0 0 
0 0 0 0 0 1 0 0 0 1 
0 0 0 1 1 1 0 0 1 1 
1 0 0 0 0 1 0 0 0 0 
0 0 0 0 0 0 1 1 0 0 
0 0 0 0 1 0 0 0 0 0 
0 1 0 0 0 0 0 0 1 0 
1 1 1 0 0 0 0 1 0 0 
0 0 0 0 0 0 1 0 0 0 
0 0 0 0 1 0 1 1 1 1 
numSequences: 3628800
minStacks: 9
Best sequence:
9 6 5 4 1 7 2 3 0 8 
0 0 0 0 1 0 1 0 0 0 
0 0 0 0 0 0 0 0 1 0 
0 0 0 0 0 1 1 1 0 0 
1 1 0 0 0 0 0 0 0 0 
0 0 0 0 0 1 1 1 1 0 
0 0 1 0 1 0 0 0 0 0 
0 1 0 1 0 0 0 0 0 0 
0 0 0 0 0 0 1 1 0 1 
1 0 1 0 1 0 0 0 0 0 
0 0 0 0 0 0 0 1 1 1 
0 0 0 1 0 0 0 0 0 0 
1 0 1 0 0 0 0 0 0 0 
1 0 1 1 0 0 0 1 0 1 
0 0 1 0 0 0 0 0 1 0 
0 1 0 0 0 1 0 0 0 0 
0 0 0 1 0 0 0 0 0 0 
0 0 0 0 1 0 0 0 0 1 
0 0 0 0 1 1 1 0 1 0 
0 1 0 0 0 0 0 0 0 0 
1 1 0 1 0 1 0 0 0 1 
Open stacks: 9
Took 8.25 seconds

buffer: Warwick 884: balanced orders, 5 orders per product
numCustomers: 20
numProducts: 10
1 0 0 0 1 1 0 0 0 1 
0 1 0 0 0 0 0 0 0 0 
0 1 0 0 0 0 1 0 0 0 
1 0 0 0 0 0 0 0 0 0 
1 0 0 0 0 0 0 1 1 0 
0 1 0 1 0 0 0 0 0 0 
0 0 1 0 0 0 0 0 0 0 
0 0 0 0 0 1 0 1 1 1 
0 0 0 0 0 1 1 0 0 0 
0 0 0 0 1 0 0 0 1 0 
0 0 0 1 1 0 1 0 0 0 
1 0 0 0 0 0 1 0 1 1 
0 0 0 0 0 0 0 1 0 0 
0 0 1 1 0 0 0 0 0 0 
1 0 1 1 0 0 0 0 0 0 
0 0 0 0 1 1 0 0 0 0 
0 1 1 0 1 0 0 1 0 1 
0 1 0 0 0 0 1 1 0 0 
0 0 1 1 0 0 0 0 1 1 
0 0 0 0 0 1 0 0 0 0 
numSequences: 3628800
minStacks: 10
Best sequence:
9 8 5 4 0 2 3 6 1 7 
1 0 1 1 1 0 0 0 0 0 
0 0 0 0 0 0 0 0 1 0 
0 0 0 0 0 0 0 1 1 0 
0 0 0 0 1 0 0 0 0 0 
0 1 0 0 1 0 0 0 0 1 
0 0 0 0 0 0 1 0 1 0 
0 0 0 0 0 1 0 0 0 0 
1 1 1 0 0 0 0 0 0 1 
0 0 1 0 0 0 0 1 0 0 
0 1 0 1 0 0 0 0 0 0 
0 0 0 1 0 0 1 1 0 0 
1 1 0 0 1 0 0 1 0 0 
0 0 0 0 0 0 0 0 0 1 
0 0 0 0 0 1 1 0 0 0 
0 0 0 0 1 1 1 0 0 0 
0 0 1 1 0 0 0 0 0 0 
1 0 0 1 0 1 0 0 1 1 
0 0 0 0 0 0 0 1 1 1 
1 1 0 0 0 1 1 0 0 0 
0 0 1 0 0 0 0 0 0 0 
Open stacks: 10
Took 8.26 seconds

buffer: Warwick 885: balanced orders, 5 orders per product
numCustomers: 20
numProducts: 10
0 1 0 0 0 1 1 0 1 0 
0 0 1 1 0 0 0 0 0 0 
0 1 0 0 1 0 1 0 0 1 
1 0 1 0 0 0 0 0 1 0 
0 0 0 1 0 0 0 1 0 0 
0 0 1 0 0 0 0 0 1 1 
1 0 0 0 0 0 0 0 0 1 
0 0 1 0 0 1 1 0 0 0 
0 1 0 1 1 0 0 0 0 0 
0 0 0 1 0 1 0 1 0 0 
0 0 0 0 0 0 0 0 0 1 
0 1 0 0 0 1 1 0 1 0 
0 1 1 0 0 0 0 1 1 0 
1 0 0 0 0 0 0 1 0 0 
0 0 0 0 0 0 0 1 0 0 
0 0 0 0 0 0 0 0 0 1 
0 0 0 0 0 1 1 0 0 0 
0 0 0 1 1 0 0 0 0 0 
1 0 0 0 1 0 0 0 0 0 
1 0 0 0 1 0 0 0 0 0 
numSequences: 3628800
minStacks: 10
Best sequence:
9 7 0 4 2 3 5 1 6 8 
0 0 0 0 0 0 1 1 1 1 
0 0 0 0 1 1 0 0 0 0 
1 0 0 1 0 0 0 1 1 0 
0 0 1 0 1 0 0 0 0 1 
0 1 0 0 0 1 0 0 0 0 
1 0 0 0 1 0 0 0 0 1 
1 0 1 0 0 0 0 0 0 0 
0 0 0 0 1 0 1 0 1 0 
0 0 0 1 0 1 0 1 0 0 
0 1 0 0 0 1 1 0 0 0 
1 0 0 0 0 0 0 0 0 0 
0 0 0 0 0 0 1 1 1 1 
0 1 0 0 1 0 0 1 0 1 
0 1 1 0 0 0 0 0 0 0 
0 1 0 0 0 0 0 0 0 0 
1 0 0 0 0 0 0 0 0 0 
0 0 0 0 0 0 1 0 1 0 
0 0 0 1 0 1 0 0 0 0 
0 0 1 1 0 0 0 0 0 0 
0 0 1 1 0 0 0 0 0 0 
Open stacks: 10
Took 8.25 seconds

buffer: Warwick 886: balanced orders, 5 orders per product
numCustomers: 20
numProducts: 10
0 0 0 1 0 0 0 0 0 1 
0 1 0 0 0 1 0 0 0 1 
0 0 0 0 0 0 0 0 1 1 
1 0 0 0 0 0 1 0 0 0 
1 0 0 0 1 0 0 0 0 0 
0 0 0 0 0 0 0 1 1 0 
0 0 1 0 1 0 1 0 0 0 
0 1 0 0 1 1 0 0 0 1 
0 0 0 1 0 0 1 0 0 0 
0 0 0 0 0 1 0 1 1 0 
1 0 0 0 0 0 0 0 0 0 
0 1 1 0 0 0 0 0 0 0 
0 0 0 0 0 1 0 0 0 0 
0 0 0 1 0 0 1 1 0 0 
0 1 1 1 0 0 0 0 1 0 
0 0 1 0 0 0 0 1 0 0 
0 0 0 0 1 0 0 0 0 0 
1 0 0 0 1 0 1 0 0 0 
0 0 0 1 0 0 0 0 0 0 
1 1 1 0 0 1 0 1 1 1 
numSequences: 3628800
minStacks: 9
Best sequence:
9 8 7 5 2 1 4 0 3 6 
1 0 0 0 0 0 0 0 1 0 
1 0 0 1 0 1 0 0 0 0 
1 1 0 0 0 0 0 0 0 0 
0 0 0 0 0 0 0 1 0 1 
0 0 0 0 0 0 1 1 0 0 
0 1 1 0 0 0 0 0 0 0 
0 0 0 0 1 0 1 0 0 1 
1 0 0 1 0 1 1 0 0 0 
0 0 0 0 0 0 0 0 1 1 
0 1 1 1 0 0 0 0 0 0 
0 0 0 0 0 0 0 1 0 0 
0 0 0 0 1 1 0 0 0 0 
0 0 0 1 0 0 0 0 0 0 
0 0 1 0 0 0 0 0 1 1 
0 1 0 0 1 1 0 0 1 0 
0 0 1 0 1 0 0 0 0 0 
0 0 0 0 0 0 1 0 0 0 
0 0 0 0 0 0 1 1 0 1 
0 0 0 0 0 0 0 0 1 0 
1 1 1 1 1 1 0 1 0 0 
Open stacks: 9
Took 8.26 seconds

buffer: Warwick 887: balanced orders, 5 orders per product
numCustomers: 20
numProducts: 10
0 0 1 0 0 0 0 1 0 0 
1 0 0 1 0 0 1 0 0 0 
1 0 0 1 1 0 0 0 0 0 
0 1 0 0 0 1 0 0 1 0 
0 0 0 1 0 1 0 0 0 1 
0 0 1 0 0 1 1 0 0 1 
0 0 0 0 0 0 0 1 1 0 
1 0 0 0 0 0 0 0 0 0 
0 1 0 0 0 0 0 0 1 0 
0 0 0 0 0 0 0 1 0 0 
0 1 1 0 1 1 0 0 0 0 
0 0 0 0 0 0 0 0 1 0 
0 1 1 0 0 0 0 1 0 1 
0 0 0 0 0 0 1 0 1 0 
0 0 0 0 1 0 0 0 0 0 
1 0 0 0 1 0 1 0 0 0 
0 1 1 1 1 1 0 0 0 1 
0 0 0 0 0 0 1 0 0 0 
0 0 0 1 0 0 0 1 0 0 
1 0 0 0 0 0 0 0 0 1 
numSequences: 3628800
minStacks: 9
Best sequence:
6 4 0 9 3 2 5 1 7 8 
0 0 0 0 0 1 0 0 1 0 
1 0 1 0 1 0 0 0 0 0 
0 1 1 0 1 0 0 0 0 0 
0 0 0 0 0 0 1 1 0 1 
0 0 0 1 1 0 1 0 0 0 
1 0 0 1 0 1 1 0 0 0 
0 0 0 0 0 0 0 0 1 1 
0 0 1 0 0 0 0 0 0 0 
0 0 0 0 0 0 0 1 0 1 
0 0 0 0 0 0 0 0 1 0 
0 1 0 0 0 1 1 1 0 0 
0 0 0 0 0 0 0 0 0 1 
0 0 0 1 0 1 0 1 1 0 
1 0 0 0 0 0 0 0 0 1 
0 1 0 0 0 0 0 0 0 0 
1 1 1 0 0 0 0 0 0 0 
0 1 0 1 1 1 1 1 0 0 
1 0 0 0 0 0 0 0 0 0 
0 0 0 0 1 0 0 0 1 0 
0 0 1 1 0 0 0 0 0 0 
Open stacks: 9
Took 8.25 seconds

buffer: Warwick 888: balanced orders, 5 orders per product
numCustomers: 20
numProducts: 10
0 1 0 0 0 0 0 0 0 0 
0 0 0 0 0 1 1 1 0 0 
1 0 0 0 1 1 0 1 0 1 
1 0 0 0 0 0 0 0 1 0 
0 1 0 0 0 0 0 1 0 0 
1 0 0 0 0 0 0 0 1 0 
0 0 0 0 0 1 0 1 0 1 
0 0 1 1 0 0 0 0 0 0 
0 1 0 0 1 0 1 1 0 0 
0 1 1 1 0 0 0 0 0 0 
0 0 0 0 0 0 1 0 0 1 
0 0 0 1 0 0 0 0 0 0 
1 1 0 0 0 1 1 0 0 0 
0 0 1 0 0 0 0 0 0 0 
0 0 0 0 0 1 0 0 1 0 
0 0 0 0 1 0 0 0 0 0 
1 0 0 0 1 0 1 0 1 0 
0 0 0 1 1 0 0 0 1 0 
0 0 1 0 0 0 0 0 0 1 
0 0 1 1 0 0 0 0 0 1 
numSequences: 3628800
minStacks: 9
Best sequence:
9 3 2 1 7 4 5 6 0 8 
0 0 0 1 0 0 0 0 0 0 
0 0 0 0 1 0 1 1 0 0 
1 0 0 0 1 1 1 0 1 0 
0 0 0 0 0 0 0 0 1 1 
0 0 0 1 1 0 0 0 0 0 
0 0 0 0 0 0 0 0 1 1 
1 0 0 0 1 0 1 0 0 0 
0 1 1 0 0 0 0 0 0 0 
0 0 0 1 1 1 0 1 0 0 
0 1 1 1 0 0 0 0 0 0 
1 0 0 0 0 0 0 1 0 0 
0 1 0 0 0 0 0 0 0 0 
0 0 0 1 0 0 1 1 1 0 
0 0 1 0 0 0 0 0 0 0 
0 0 0 0 0 0 1 0 0 1 
0 0 0 0 0 1 0 0 0 0 
0 0 0 0 0 1 0 1 1 1 
0 1 0 0 0 1 0 0 0 1 
1 0 1 0 0 0 0 0 0 0 
1 1 1 0 0 0 0 0 0 0 
Open stacks: 9
Took 8.25 seconds

buffer: Warwick 889: balanced orders, 5 orders per product
numCustomers: 20
numProducts: 10
1 1 0 0 0 0 0 0 0 0 
0 0 0 0 1 0 0 0 1 1 
0 0 0 0 0 1 1 0 0 1 
1 0 1 1 0 1 1 0 0 0 
1 0 0 0 0 1 1 1 0 0 
1 1 0 0 0 0 0 1 1 1 
0 0 0 0 0 1 1 0 0 0 
0 1 0 0 0 0 0 0 0 0 
0 0 0 0 0 0 0 1 0 0 
1 1 0 0 0 0 0 0 0 1 
0 0 0 0 1 0 0 0 0 0 
0 0 0 1 1 0 0 1 0 1 
0 0 0 0 0 0 0 0 1 0 
0 1 1 0 0 0 0 0 0 0 
0 0 0 0 1 0 0 0 0 0 
0 0 0 1 0 0 0 1 1 0 
0 0 1 0 0 0 0 0 0 0 
0 0 1 1 1 1 0 0 0 0 
0 0 1 1 0 0 1 0 0 0 
0 0 0 0 0 0 0 0 1 0 
numSequences: 3628800
minStacks: 9
Best sequence:
9 8 4 7 3 2 5 0 6 1 
0 0 0 0 0 0 0 1 0 1 
1 1 1 0 0 0 0 0 0 0 
1 0 0 0 0 0 1 0 1 0 
0 0 0 0 1 1 1 1 1 0 
0 0 0 1 0 0 1 1 1 0 
1 1 0 1 0 0 0 1 0 1 
0 0 0 0 0 0 1 0 1 0 
0 0 0 0 0 0 0 0 0 1 
0 0 0 1 0 0 0 0 0 0 
1 0 0 0 0 0 0 1 0 1 
0 0 1 0 0 0 0 0 0 0 
1 0 1 1 1 0 0 0 0 0 
0 1 0 0 0 0 0 0 0 0 
0 0 0 0 0 1 0 0 0 1 
0 0 1 0 0 0 0 0 0 0 
0 1 0 1 1 0 0 0 0 0 
0 0 0 0 0 1 0 0 0 0 
0 0 1 0 1 1 1 0 0 0 
0 0 0 0 1 1 0 0 1 0 
0 1 0 0 0 0 0 0 0 0 
Open stacks: 9
Took 8.26 seconds

buffer: Warwick 890: balanced orders, 5 orders per product
numCustomers: 20
numProducts: 10
0 0 1 0 1 0 0 0 0 0 
0 0 0 0 0 0 0 0 1 0 
1 0 1 0 0 0 0 1 1 0 
0 0 0 0 0 0 0 0 0 1 
0 0 1 0 0 0 0 0 0 0 
0 1 0 1 0 1 1 0 0 0 
1 0 0 0 0 0 1 1 0 0 
0 0 0 1 0 0 0 0 0 0 
0 0 0 0 0 0 0 0 0 1 
0 1 0 1 1 0 1 0 0 1 
0 0 0 0 1 0 0 0 0 0 
0 0 0 0 0 0 0 1 0 0 
0 0 0 0 0 1 0 0 0 1 
0 0 0 1 0 0 0 0 0 0 
0 1 0 0 0 0 0 1 0 0 
0 0 1 1 0 1 0 0 1 0 
1 1 0 0 1 1 0 0 1 0 
1 0 0 0 1 0 1 0 0 0 
0 1 1 0 0 0 0 0 0 1 
1 0 0 0 0 1 1 1 1 0 
numSequences: 3628800
minStacks: 9
Best sequence:
9 4 2 5 6 0 1 7 3 8 
0 1 1 0 0 0 0 0 0 0 
0 0 0 0 0 0 0 0 0 1 
0 0 1 0 0 1 0 1 0 1 
1 0 0 0 0 0 0 0 0 0 
0 0 1 0 0 0 0 0 0 0 
0 0 0 1 1 0 1 0 1 0 
0 0 0 0 1 1 0 1 0 0 
0 0 0 0 0 0 0 0 1 0 
1 0 0 0 0 0 0 0 0 0 
1 1 0 0 1 0 1 0 1 0 
0 1 0 0 0 0 0 0 0 0 
0 0 0 0 0 0 0 1 0 0 
1 0 0 1 0 0 0 0 0 0 
0 0 0 0 0 0 0 0 1 0 
0 0 0 0 0 0 1 1 0 0 
0 0 1 1 0 0 0 0 1 1 
0 1 0 1 0 1 1 0 0 1 
0 1 0 0 1 1 0 0 0 0 
1 0 1 0 0 0 1 0 0 0 
0 0 0 1 1 1 0 1 0 1 
Open stacks: 9
Took 8.29 seconds

buffer: Warwick 891: balanced orders, 6 orders per product
numCustomers: 20
numProducts: 10
0 0 0 1 0 0 1 0 0 0 
1 0 0 1 1 0 0 0 0 0 
1 0 0 0 0 1 0 0 0 0 
0 0 1 0 0 0 0 1 0 1 
0 0 0 0 1 0 0 1 0 0 
0 1 1 0 1 1 0 1 0 0 
0 0 1 1 0 0 0 0 0 0 
0 0 1 1 1 0 1 1 0 0 
0 0 0 1 1 0 0 0 0 1 
0 1 1 0 0 1 0 0 0 0 
1 0 0 0 0 1 0 0 0 0 
1 1 0 1 1 1 0 0 1 0 
1 1 0 0 0 0 1 1 0 0 
0 0 0 0 0 0 0 0 1 0 
0 0 0 0 0 0 1 0 0 0 
1 0 0 0 0 0 0 0 0 1 
0 1 1 0 0 0 0 0 1 0 
0 0 0 0 0 0 1 0 1 1 
0 0 0 0 0 0 0 0 1 1 
0 1 0 0 0 1 1 1 1 1 
numSequences: 3628800
minStacks: 12
Best sequence:
9 8 0 5 1 2 3 6 4 7 
0 0 0 0 0 0 1 1 0 0 
0 0 1 0 0 0 1 0 1 0 
0 0 1 1 0 0 0 0 0 0 
1 0 0 0 0 1 0 0 0 1 
0 0 0 0 0 0 0 0 1 1 
0 0 0 1 1 1 0 0 1 1 
0 0 0 0 0 1 1 0 0 0 
0 0 0 0 0 1 1 1 1 1 
1 0 0 0 0 0 1 0 1 0 
0 0 0 1 1 1 0 0 0 0 
0 0 1 1 0 0 0 0 0 0 
0 1 1 1 1 0 1 0 1 0 
0 0 1 0 1 0 0 1 0 1 
0 1 0 0 0 0 0 0 0 0 
0 0 0 0 0 0 0 1 0 0 
1 0 1 0 0 0 0 0 0 0 
0 1 0 0 1 1 0 0 0 0 
1 1 0 0 0 0 0 1 0 0 
1 1 0 0 0 0 0 0 0 0 
1 1 0 1 1 0 0 1 0 1 
Open stacks: 12
Took 8.27 seconds

buffer: Warwick 892: balanced orders, 6 orders per product
numCustomers: 20
numProducts: 10
0 0 1 0 0 0 1 0 0 0 
0 0 1 1 0 0 1 0 0 0 
0 0 0 0 1 0 1 1 0 1 
0 0 0 0 0 1 0 0 0 0 
0 0 0 1 0 1 0 0 0 0 
0 1 0 1 1 0 0 0 0 0 
1 1 0 0 1 0 0 1 1 0 
1 0 0 0 0 0 0 1 0 0 
0 0 0 0 0 1 1 0 1 1 
1 1 0 0 0 0 0 0 0 0 
0 0 0 1 0 0 0 0 1 1 
0 1 0 0 1 0 0 0 0 1 
1 0 0 0 0 1 0 0 0 0 
0 0 1 1 1 0 0 0 0 0 
0 0 1 1 0 0 1 0 1 0 
0 0 0 0 0 0 0 1 1 1 
0 0 0 0 0 0 1 0 1 0 
1 1 0 0 1 0 0 1 0 1 
1 0 1 0 0 1 0 1 0 0 
0 1 1 0 0 1 0 0 0 0 
numSequences: 3628800
minStacks: 12
Best sequence:
9 7 0 1 4 5 3 2 6 8 
0 0 0 0 0 0 0 1 1 0 
0 0 0 0 0 0 1 1 1 0 
1 1 0 0 1 0 0 0 1 0 
0 0 0 0 0 1 0 0 0 0 
0 0 0 0 0 1 1 0 0 0 
0 0 0 1 1 0 1 0 0 0 
0 1 1 1 1 0 0 0 0 1 
0 1 1 0 0 0 0 0 0 0 
1 0 0 0 0 1 0 0 1 1 
0 0 1 1 0 0 0 0 0 0 
1 0 0 0 0 0 1 0 0 1 
1 0 0 1 1 0 0 0 0 0 
0 0 1 0 0 1 0 0 0 0 
0 0 0 0 1 0 1 1 0 0 
0 0 0 0 0 0 1 1 1 1 
1 1 0 0 0 0 0 0 0 1 
0 0 0 0 0 0 0 0 1 1 
1 1 1 1 1 0 0 0 0 0 
0 1 1 0 0 1 0 1 0 0 
0 0 0 1 0 1 0 1 0 0 
Open stacks: 12
Took 8.27 seconds

buffer: Warwick 893: balanced orders, 6 orders per product
numCustomers: 20
numProducts: 10
1 0 0 1 1 1 1 0 0 1 
0 1 0 1 1 0 0 0 0 0 
0 1 0 0 0 0 1 0 1 0 
0 0 0 0 0 0 0 0 0 1 
1 0 1 1 0 1 0 0 0 1 
0 0 0 0 0 0 1 0 1 0 
1 1 1 0 0 0 0 0 0 0 
0 1 1 0 0 0 0 0 1 0 
1 0 0 0 0 0 0 1 0 0 
1 0 0 0 0 0 0 0 0 1 
0 1 1 0 1 1 1 1 0 0 
0 0 0 0 0 1 0 0 1 0 
0 0 0 1 0 1 0 1 0 0 
0 0 1 1 0 0 0 0 0 0 
1 0 0 1 1 0 1 0 0 1 
0 0 0 0 0 0 0 0 1 0 
0 1 0 0 1 1 0 0 0 1 
0 0 1 0 0 0 0 1 0 0 
0 0 0 0 1 0 1 1 0 0 
0 0 0 0 0 0 0 1 1 0 
numSequences: 3628800
minStacks: 12
Best sequence:
9 0 1 2 3 4 5 6 7 8 
1 1 0 0 1 1 1 1 0 0 
0 0 1 0 1 1 0 0 0 0 
0 0 1 0 0 0 0 1 0 1 
1 0 0 0 0 0 0 0 0 0 
1 1 0 1 1 0 1 0 0 0 
0 0 0 0 0 0 0 1 0 1 
0 1 1 1 0 0 0 0 0 0 
0 0 1 1 0 0 0 0 0 1 
0 1 0 0 0 0 0 0 1 0 
1 1 0 0 0 0 0 0 0 0 
0 0 1 1 0 1 1 1 1 0 
0 0 0 0 0 0 1 0 0 1 
0 0 0 0 1 0 1 0 1 0 
0 0 0 1 1 0 0 0 0 0 
1 1 0 0 1 1 0 1 0 0 
0 0 0 0 0 0 0 0 0 1 
1 0 1 0 0 1 1 0 0 0 
0 0 0 1 0 0 0 0 1 0 
0 0 0 0 0 1 0 1 1 0 
0 0 0 0 0 0 0 0 1 1 
Open stacks: 12
Took 8.28 seconds

buffer: Warwick 894: balanced orders, 6 orders per product
numCustomers: 20
numProducts: 10
0 0 0 1 0 1 1 1 0 1 
0 0 1 0 0 1 0 0 0 0 
0 0 0 0 1 1 1 0 0 0 
0 1 0 0 0 0 0 1 0 1 
1 0 0 1 0 0 0 0 0 0 
1 0 1 0 0 0 0 1 0 0 
0 0 1 0 1 1 0 0 0 0 
1 0 0 0 0 1 0 0 0 1 
1 0 0 1 0 0 0 0 1 0 
0 1 0 0 0 0 1 1 0 0 
0 1 0 0 0 0 1 1 0 0 
0 0 1 0 0 0 1 0 1 0 
0 0 0 1 0 0 1 0 0 1 
1 1 0 0 0 0 0 1 0 0 
0 0 1 1 0 0 0 0 1 0 
0 0 1 0 0 0 0 0 0 1 
0 1 0 0 1 1 0 0 0 1 
0 0 0 0 1 0 0 0 1 0 
0 1 0 0 1 0 0 0 1 0 
1 0 0 1 1 0 0 0 1 0 
numSequences: 3628800
minStacks: 13
Best sequence:
9 7 6 1 0 3 2 4 5 8 
1 1 1 0 0 1 0 0 1 0 
0 0 0 0 0 0 1 0 1 0 
0 0 1 0 0 0 0 1 1 0 
1 1 0 1 0 0 0 0 0 0 
0 0 0 0 1 1 0 0 0 0 
0 1 0 0 1 0 1 0 0 0 
0 0 0 0 0 0 1 1 1 0 
1 0 0 0 1 0 0 0 1 0 
0 0 0 0 1 1 0 0 0 1 
0 1 1 1 0 0 0 0 0 0 
0 1 1 1 0 0 0 0 0 0 
0 0 1 0 0 0 1 0 0 1 
1 0 1 0 0 1 0 0 0 0 
0 1 0 1 1 0 0 0 0 0 
0 0 0 0 0 1 1 0 0 1 
1 0 0 0 0 0 1 0 0 0 
1 0 0 1 0 0 0 1 1 0 
0 0 0 0 0 0 0 1 0 1 
0 0 0 1 0 0 0 1 0 1 
0 0 0 0 1 1 0 1 0 1 
Open stacks: 13
Took 8.26 seconds

buffer: Warwick 895: balanced orders, 6 orders per product
numCustomers: 20
numProducts: 10
1 0 0 0 0 1 1 1 1 1 
1 1 0 0 1 0 0 0 0 0 
0 0 1 0 1 0 0 0 0 0 
0 0 0 0 1 0 0 0 0 0 
0 0 1 0 0 0 1 0 0 0 
0 0 0 1 0 0 0 0 0 0 
0 0 0 0 0 0 1 0 1 0 
1 0 1 0 0 0 0 1 0 0 
1 0 0 0 1 0 1 0 1 0 
0 1 1 1 0 0 0 1 0 0 
0 0 1 1 0 1 0 0 0 0 
0 0 0 1 0 0 1 0 0 0 
0 0 0 0 1 0 0 0 0 1 
0 1 0 1 1 1 0 0 0 1 
0 1 0 0 0 0 1 0 1 1 
0 1 0 0 0 1 0 1 1 1 
1 1 1 0 0 0 0 0 0 0 
1 0 0 1 0 0 0 1 1 0 
0 0 0 0 0 1 0 0 0 0 
0 0 0 0 0 1 0 1 0 1 
numSequences: 3628800
minStacks: 12
Best sequence:
9 5 4 7 1 0 2 3 6 8 
1 1 0 1 0 1 0 0 1 1 
0 0 1 0 1 1 0 0 0 0 
0 0 1 0 0 0 1 0 0 0 
0 0 1 0 0 0 0 0 0 0 
0 0 0 0 0 0 1 0 1 0 
0 0 0 0 0 0 0 1 0 0 
0 0 0 0 0 0 0 0 1 1 
0 0 0 1 0 1 1 0 0 0 
0 0 1 0 0 1 0 0 1 1 
0 0 0 1 1 0 1 1 0 0 
0 1 0 0 0 0 1 1 0 0 
0 0 0 0 0 0 0 1 1 0 
1 0 1 0 0 0 0 0 0 0 
1 1 1 0 1 0 0 1 0 0 
1 0 0 0 1 0 0 0 1 1 
1 1 0 1 1 0 0 0 0 1 
0 0 0 0 1 1 1 0 0 0 
0 0 0 1 0 1 0 1 0 1 
0 1 0 0 0 0 0 0 0 0 
1 1 0 1 0 0 0 0 0 0 
Open stacks: 12
Took 8.28 seconds

buffer: Warwick 896: balanced orders, 6 orders per product
numCustomers: 20
numProducts: 10
0 0 0 0 1 0 1 0 0 0 
0 0 0 0 0 0 0 0 1 0 
0 0 0 0 0 0 1 0 0 1 
0 1 0 0 0 0 0 0 0 1 
0 0 1 0 0 0 0 0 0 0 
0 1 0 0 0 1 0 1 0 0 
0 0 0 0 1 1 0 0 1 0 
1 1 1 0 0 0 1 0 1 0 
0 0 0 0 0 0 0 0 0 1 
0 1 0 1 0 0 0 0 0 0 
0 0 1 1 0 1 0 0 1 1 
1 1 0 1 1 0 0 1 0 0 
0 0 0 0 1 1 0 0 0 0 
0 1 0 1 0 0 1 0 0 1 
1 0 1 0 0 0 1 1 0 0 
0 0 1 0 1 0 0 1 0 0 
1 0 1 0 0 0 0 1 1 0 
1 0 0 1 1 0 0 0 0 0 
1 0 0 1 0 1 0 0 0 0 
0 0 0 0 0 1 1 1 1 1 
numSequences: 3628800
minStacks: 12
Best sequence:
9 6 3 1 4 0 2 5 7 8 
0 1 0 0 1 0 0 0 0 0 
0 0 0 0 0 0 0 0 0 1 
1 1 0 0 0 0 0 0 0 0 
1 0 0 1 0 0 0 0 0 0 
0 0 0 0 0 0 1 0 0 0 
0 0 0 1 0 0 0 1 1 0 
0 0 0 0 1 0 0 1 0 1 
0 1 0 1 0 1 1 0 0 1 
1 0 0 0 0 0 0 0 0 0 
0 0 1 1 0 0 0 0 0 0 
1 0 1 0 0 0 1 1 0 1 
0 0 1 1 1 1 0 0 1 0 
0 0 0 0 1 0 0 1 0 0 
1 1 1 1 0 0 0 0 0 0 
0 1 0 0 0 1 1 0 1 0 
0 0 0 0 1 0 1 0 1 0 
0 0 0 0 0 1 1 0 1 1 
0 0 1 0 1 1 0 0 0 0 
0 0 1 0 0 1 0 1 0 0 
1 1 0 0 0 0 0 1 1 1 
Open stacks: 12
Took 8.29 seconds

buffer: Warwick 897: balanced orders, 6 orders per product
numCustomers: 20
numProducts: 10
0 1 0 1 0 1 0 0 0 0 
0 0 0 0 1 0 0 1 0 0 
0 1 0 1 0 0 1 0 1 1 
1 1 1 0 0 1 0 0 0 1 
1 0 1 1 0 0 0 0 1 0 
0 0 0 0 1 0 1 0 1 0 
0 0 0 0 0 0 0 0 0 1 
0 1 1 0 0 1 0 1 1 1 
0 0 0 0 1 0 0 0 0 0 
0 0 0 0 0 0 0 0 1 0 
0 0 0 0 0 1 0 1 1 0 
0 0 0 1 0 1 0 1 0 0 
1 0 1 1 1 0 0 0 0 0 
0 0 0 0 0 0 1 1 0 1 
1 0 0 1 0 0 0 0 0 0 
0 0 0 0 1 0 1 0 0 0 
1 0 0 0 0 0 1 1 0 1 
0 0 1 0 0 0 0 0 0 0 
0 1 1 0 1 1 0 0 0 0 
1 1 0 0 0 0 1 0 0 0 
numSequences: 3628800
minStacks: 12
Best sequence:
9 4 7 6 0 3 2 1 5 8 
0 0 0 0 0 1 0 1 1 0 
0 1 1 0 0 0 0 0 0 0 
1 0 0 1 0 1 0 1 0 1 
1 0 0 0 1 0 1 1 1 0 
0 0 0 0 1 1 1 0 0 1 
0 1 0 1 0 0 0 0 0 1 
1 0 0 0 0 0 0 0 0 0 
1 0 1 0 0 0 1 1 1 1 
0 1 0 0 0 0 0 0 0 0 
0 0 0 0 0 0 0 0 0 1 
0 0 1 0 0 0 0 0 1 1 
0 0 1 0 0 1 0 0 1 0 
0 1 0 0 1 1 1 0 0 0 
1 0 1 1 0 0 0 0 0 0 
0 0 0 0 1 1 0 0 0 0 
0 1 0 1 0 0 0 0 0 0 
1 0 1 1 1 0 0 0 0 0 
0 0 0 0 0 0 1 0 0 0 
0 1 0 0 0 0 1 1 1 0 
0 0 0 1 1 0 0 1 0 0 
Open stacks: 12
Took 8.28 seconds

buffer: Warwick 898: balanced orders, 6 orders per product
numCustomers: 20
numProducts: 10
0 0 0 1 0 0 0 0 0 0 
0 0 0 0 0 0 1 1 0 0 
0 1 0 1 1 0 0 0 0 0 
1 1 0 0 1 0 0 0 0 0 
0 0 0 0 0 0 1 0 0 0 
0 0 0 0 1 0 0 1 0 0 
0 0 1 0 0 0 1 0 0 0 
0 0 0 0 0 1 0 1 0 1 
0 0 0 1 0 1 1 0 0 1 
1 0 1 0 1 1 1 1 0 0 
1 0 1 1 0 1 0 0 1 1 
1 0 1 0 0 0 0 0 1 0 
0 1 0 1 1 0 1 0 0 0 
0 0 1 0 0 1 0 0 0 1 
1 0 0 1 1 0 0 1 1 0 
0 0 0 0 0 0 0 0 1 0 
0 1 1 0 0 0 0 0 0 0 
0 1 0 0 0 0 0 0 0 0 
0 1 0 0 0 0 0 1 1 1 
1 0 0 0 0 1 0 0 1 1 
numSequences: 3628800
minStacks: 12
Best sequence:
9 7 5 6 3 2 1 0 4 8 
0 0 0 0 1 0 0 0 0 0 
0 1 0 1 0 0 0 0 0 0 
0 0 0 0 1 0 1 0 1 0 
0 0 0 0 0 0 1 1 1 0 
0 0 0 1 0 0 0 0 0 0 
0 1 0 0 0 0 0 0 1 0 
0 0 0 1 0 1 0 0 0 0 
1 1 1 0 0 0 0 0 0 0 
1 0 1 1 1 0 0 0 0 0 
0 1 1 1 0 1 0 1 1 0 
1 0 1 0 1 1 0 1 0 1 
0 0 0 0 0 1 0 1 0 1 
0 0 0 1 1 0 1 0 1 0 
1 0 1 0 0 1 0 0 0 0 
0 1 0 0 1 0 0 1 1 1 
0 0 0 0 0 0 0 0 0 1 
0 0 0 0 0 1 1 0 0 0 
0 0 0 0 0 0 1 0 0 0 
1 1 0 0 0 0 1 0 0 1 
1 0 1 0 0 0 0 1 0 1 
Open stacks: 12
Took 8.29 seconds

buffer: Warwick 899: balanced orders, 6 orders per product
numCustomers: 20
numProducts: 10
1 1 1 0 1 0 0 0 0 1 
0 0 0 1 0 0 1 1 0 0 
0 1 0 0 0 0 0 0 1 0 
0 1 1 1 0 0 0 0 0 0 
1 0 0 0 0 1 1 1 1 0 
0 0 0 0 0 0 1 1 1 0 
1 0 1 0 1 0 0 0 0 0 
0 0 1 1 1 0 0 0 1 1 
0 0 0 0 0 0 0 0 1 0 
1 1 0 0 1 0 1 0 0 0 
0 0 0 1 1 1 0 1 0 0 
0 0 0 0 0 0 1 0 1 0 
0 0 0 0 1 0 0 0 0 1 
0 1 0 0 0 1 0 0 0 0 
0 0 0 0 0 0 0 1 0 1 
1 0 0 0 0 1 0 0 0 0 
1 0 0 0 0 0 1 0 0 0 
0 0 1 1 0 0 0 0 0 1 
0 1 1 1 0 1 0 1 0 0 
0 0 0 0 0 1 0 0 0 1 
numSequences: 3628800
minStacks: 12
Best sequence:
9 5 4 0 2 1 3 6 7 8 
1 0 1 1 1 1 0 0 0 0 
0 0 0 0 0 0 1 1 1 0 
0 0 0 0 0 1 0 0 0 1 
0 0 0 0 1 1 1 0 0 0 
0 1 0 1 0 0 0 1 1 1 
0 0 0 0 0 0 0 1 1 1 
0 0 1 1 1 0 0 0 0 0 
1 0 1 0 1 0 1 0 0 1 
0 0 0 0 0 0 0 0 0 1 
0 0 1 1 0 1 0 1 0 0 
0 1 1 0 0 0 1 0 1 0 
0 0 0 0 0 0 0 1 0 1 
1 0 1 0 0 0 0 0 0 0 
0 1 0 0 0 1 0 0 0 0 
1 0 0 0 0 0 0 0 1 0 
0 1 0 1 0 0 0 0 0 0 
0 0 0 1 0 0 0 1 0 0 
1 0 0 0 1 0 1 0 0 0 
0 1 0 0 1 1 1 0 1 0 
1 1 0 0 0 0 0 0 0 0 
Open stacks: 12
Took 8.26 seconds

buffer: Warwick 900: balanced orders, 6 orders per product
numCustomers: 20
numProducts: 10
0 1 0 0 0 0 0 0 1 0 
0 0 1 0 0 0 0 0 0 1 
0 0 0 1 0 0 1 0 0 0 
1 0 1 0 0 1 0 1 0 0 
1 0 1 0 1 0 1 1 0 1 
0 0 0 1 0 0 0 1 0 1 
0 0 0 0 1 1 1 0 0 0 
0 1 0 1 1 0 0 0 1 0 
0 0 0 0 1 1 0 0 0 0 
0 0 0 0 0 0 0 1 0 1 
0 0 0 0 0 1 1 0 0 0 
0 1 0 0 0 0 0 0 0 0 
0 0 0 0 0 0 0 0 1 1 
1 0 1 1 0 0 0 0 1 0 
0 1 0 1 0 0 0 1 0 0 
1 1 1 0 0 0 1 0 1 0 
1 0 0 0 1 1 0 0 0 0 
1 1 1 0 1 0 1 0 1 1 
0 0 0 1 0 0 0 0 0 0 
0 0 0 0 0 1 0 1 0 0 
numSequences: 3628800
minStacks: 11
Best sequence:
9 8 1 7 2 3 4 0 5 6 
0 1 1 0 0 0 0 0 0 0 
1 0 0 0 1 0 0 0 0 0 
0 0 0 0 0 1 0 0 0 1 
0 0 0 1 1 0 0 1 1 0 
1 0 0 1 1 0 1 1 0 1 
1 0 0 1 0 1 0 0 0 0 
0 0 0 0 0 0 1 0 1 1 
0 1 1 0 0 1 1 0 0 0 
0 0 0 0 0 0 1 0 1 0 
1 0 0 1 0 0 0 0 0 0 
0 0 0 0 0 0 0 0 1 1 
0 0 1 0 0 0 0 0 0 0 
1 1 0 0 0 0 0 0 0 0 
0 1 0 0 1 1 0 1 0 0 
0 0 1 1 0 1 0 0 0 0 
0 1 1 0 1 0 0 1 0 1 
0 0 0 0 0 0 1 1 1 0 
1 1 1 0 1 0 1 1 0 1 
0 0 0 0 0 1 0 0 0 0 
0 0 0 1 0 0 0 0 1 0 
Open stacks: 11
Took 8.28 seconds

buffer: Warwick 901: balanced orders, 7 orders per product
numCustomers: 20
numProducts: 10
0 1 0 0 0 0 0 0 0 1 
0 1 1 0 0 1 0 1 0 1 
1 0 0 0 0 1 1 0 1 0 
1 0 1 0 1 0 1 1 0 0 
1 0 1 0 0 0 0 0 0 1 
0 0 1 1 1 0 0 1 0 1 
0 1 0 0 1 0 0 0 0 0 
0 0 0 1 0 0 0 0 1 0 
0 0 0 0 1 0 0 0 0 0 
1 1 1 0 0 0 0 1 1 0 
0 1 0 0 0 1 1 0 0 0 
1 0 1 1 1 1 0 0 1 0 
0 0 0 1 1 0 0 0 0 1 
0 1 0 0 1 0 0 1 0 0 
1 0 0 0 0 1 1 0 0 0 
0 0 0 1 0 1 0 1 1 0 
0 0 1 0 0 0 1 1 0 1 
0 0 0 1 0 0 1 0 0 0 
0 1 0 0 0 0 1 0 1 1 
1 0 0 1 0 1 0 0 1 0 
numSequences: 3628800
minStacks: 14
Best sequence:
9 7 4 2 1 3 5 0 6 8 
1 0 0 0 1 0 0 0 0 0 
1 1 0 1 1 0 1 0 0 0 
0 0 0 0 0 0 1 1 1 1 
0 1 1 1 0 0 0 1 1 0 
1 0 0 1 0 0 0 1 0 0 
1 1 1 1 0 1 0 0 0 0 
0 0 1 0 1 0 0 0 0 0 
0 0 0 0 0 1 0 0 0 1 
0 0 1 0 0 0 0 0 0 0 
0 1 0 1 1 0 0 1 0 1 
0 0 0 0 1 0 1 0 1 0 
0 0 1 1 0 1 1 1 0 1 
1 0 1 0 0 1 0 0 0 0 
0 1 1 0 1 0 0 0 0 0 
0 0 0 0 0 0 1 1 1 0 
0 1 0 0 0 1 1 0 0 1 
1 1 0 1 0 0 0 0 1 0 
0 0 0 0 0 1 0 0 1 0 
1 0 0 0 1 0 0 0 1 1 
0 0 0 0 0 1 1 1 0 1 
Open stacks: 14
Took 8.31 seconds

buffer: Warwick 902: balanced orders, 7 orders per product
numCustomers: 20
numProducts: 10
0 1 0 1 1 0 0 0 0 1 
1 0 0 1 0 0 1 0 1 0 
0 0 1 1 1 0 0 0 1 0 
1 0 0 0 1 1 0 0 0 0 
0 0 1 0 0 0 1 0 1 0 
0 0 0 0 0 1 0 1 0 0 
1 1 0 1 0 0 0 1 0 0 
1 1 1 1 0 0 0 0 1 1 
1 0 0 0 0 1 1 0 0 0 
0 0 1 1 0 1 0 0 0 0 
1 1 1 0 0 0 1 1 0 0 
0 1 0 0 0 0 0 1 1 1 
0 0 0 0 0 1 1 1 0 0 
0 0 1 0 1 1 1 0 0 1 
0 0 0 0 1 0 0 1 0 1 
0 0 0 0 0 0 0 1 0 0 
0 1 0 0 1 0 0 0 1 1 
0 1 0 0 1 1 0 0 0 0 
0 0 0 0 0 0 1 0 0 1 
1 0 1 1 0 0 0 0 1 0 
numSequences: 3628800
minStacks: 15
Best sequence:
9 7 5 4 1 0 3 2 6 8 
1 0 0 1 1 0 1 0 0 0 
0 0 0 0 0 1 1 0 1 1 
0 0 0 1 0 0 1 1 0 1 
0 0 1 1 0 1 0 0 0 0 
0 0 0 0 0 0 0 1 1 1 
0 1 1 0 0 0 0 0 0 0 
0 1 0 0 1 1 1 0 0 0 
1 0 0 0 1 1 1 1 0 1 
0 0 1 0 0 1 0 0 1 0 
0 0 1 0 0 0 1 1 0 0 
0 1 0 0 1 1 0 1 1 0 
1 1 0 0 1 0 0 0 0 1 
0 1 1 0 0 0 0 0 1 0 
1 0 1 1 0 0 0 1 1 0 
1 1 0 1 0 0 0 0 0 0 
0 1 0 0 0 0 0 0 0 0 
1 0 0 1 1 0 0 0 0 1 
0 0 1 1 1 0 0 0 0 0 
1 0 0 0 0 0 0 0 1 0 
0 0 0 0 0 1 1 1 0 1 
Open stacks: 15
Took 8.3 seconds

buffer: Warwick 903: balanced orders, 7 orders per product
numCustomers: 20
numProducts: 10
0 1 1 0 1 1 0 0 1 0 
0 0 0 1 1 0 1 1 1 0 
0 1 0 1 1 1 0 0 0 1 
1 0 0 0 0 1 0 0 0 1 
0 0 1 0 0 0 0 1 0 1 
0 0 0 0 0 0 1 0 1 0 
1 0 0 0 0 0 1 1 1 0 
1 1 0 0 0 0 1 0 0 0 
1 0 0 0 1 0 1 1 0 0 
0 0 0 0 0 1 0 0 0 0 
1 0 0 1 0 0 0 0 0 0 
0 1 0 0 0 1 1 0 1 0 
1 0 1 1 0 0 1 0 0 1 
0 0 0 1 1 0 0 1 1 1 
0 0 0 0 0 0 0 0 0 1 
0 1 1 1 0 0 0 1 0 0 
1 1 0 0 0 0 0 1 0 1 
0 0 1 0 1 1 0 0 0 0 
0 1 1 0 1 1 0 0 0 0 
0 0 1 1 0 0 0 0 1 0 
numSequences: 3628800
minStacks: 14
Best sequence:
9 5 4 2 1 3 0 6 7 8 
0 1 1 1 1 0 0 0 0 1 
0 0 1 0 0 1 0 1 1 1 
1 1 1 0 1 1 0 0 0 0 
1 1 0 0 0 0 1 0 0 0 
1 0 0 1 0 0 0 0 1 0 
0 0 0 0 0 0 0 1 0 1 
0 0 0 0 0 0 1 1 1 1 
0 0 0 0 1 0 1 1 0 0 
0 0 1 0 0 0 1 1 1 0 
0 1 0 0 0 0 0 0 0 0 
0 0 0 0 0 1 1 0 0 0 
0 1 0 0 1 0 0 1 0 1 
1 0 0 1 0 1 1 1 0 0 
1 0 1 0 0 1 0 0 1 1 
1 0 0 0 0 0 0 0 0 0 
0 0 0 1 1 1 0 0 1 0 
1 0 0 0 1 0 1 0 1 0 
0 1 1 1 0 0 0 0 0 0 
0 1 1 1 1 0 0 0 0 0 
0 0 0 1 0 1 0 0 0 1 
Open stacks: 14
Took 8.3 seconds

buffer: Warwick 904: balanced orders, 7 orders per product
numCustomers: 20
numProducts: 10
0 0 0 1 0 1 0 0 0 0 
1 0 0 0 1 0 1 0 1 0 
0 0 1 0 1 0 1 0 0 1 
0 0 0 1 1 0 0 0 1 1 
1 0 0 0 1 1 0 0 1 1 
1 0 1 0 0 1 1 0 0 0 
0 0 1 0 0 0 1 1 1 1 
1 0 0 1 0 0 0 1 0 0 
0 1 1 0 0 0 0 1 0 0 
0 1 1 0 0 1 0 1 0 0 
1 0 0 0 1 0 0 0 1 0 
1 0 0 1 0 0 0 0 0 1 
0 1 0 1 0 0 0 0 1 0 
1 1 0 0 0 0 0 0 0 0 
0 1 0 1 0 1 0 1 0 1 
0 0 0 1 0 0 1 1 0 1 
0 0 0 0 1 0 0 0 0 0 
0 1 1 0 1 0 1 0 1 0 
0 0 1 0 0 1 1 0 0 0 
0 1 0 0 0 1 0 1 0 0 
numSequences: 3628800
minStacks: 14
Best sequence:
9 8 4 0 6 3 2 5 1 7 
0 0 0 0 0 1 0 1 0 0 
0 1 1 1 1 0 0 0 0 0 
1 0 1 0 1 0 1 0 0 0 
1 1 1 0 0 1 0 0 0 0 
1 1 1 1 0 0 0 1 0 0 
0 0 0 1 1 0 1 1 0 0 
1 1 0 0 1 0 1 0 0 1 
0 0 0 1 0 1 0 0 0 1 
0 0 0 0 0 0 1 0 1 1 
0 0 0 0 0 0 1 1 1 1 
0 1 1 1 0 0 0 0 0 0 
1 0 0 1 0 1 0 0 0 0 
0 1 0 0 0 1 0 0 1 0 
0 0 0 1 0 0 0 0 1 0 
1 0 0 0 0 1 0 1 1 1 
1 0 0 0 1 1 0 0 0 1 
0 0 1 0 0 0 0 0 0 0 
0 1 1 0 1 0 1 0 1 0 
0 0 0 0 1 0 1 1 0 0 
0 0 0 0 0 0 0 1 1 1 
Open stacks: 14
Took 8.3 seconds

buffer: Warwick 905: balanced orders, 7 orders per product
numCustomers: 20
numProducts: 10
0 0 0 0 1 0 0 0 0 0 
0 0 0 1 0 1 1 1 1 0 
0 0 1 1 1 1 1 0 0 0 
1 0 1 1 0 1 0 0 0 0 
0 0 1 0 0 0 0 1 1 0 
1 0 0 0 0 0 0 0 1 1 
0 0 0 0 0 0 1 0 0 1 
0 1 0 0 1 0 1 0 0 0 
1 1 0 0 0 0 0 0 0 0 
0 0 1 1 0 0 1 0 0 1 
1 0 0 1 1 0 0 0 0 1 
0 1 0 0 0 0 0 1 0 0 
1 0 1 1 1 1 0 1 0 0 
1 1 0 1 0 1 0 0 1 1 
0 1 1 0 0 1 0 0 1 1 
1 0 0 0 0 0 0 1 1 0 
0 1 0 0 0 0 0 1 0 0 
0 1 1 0 1 0 1 0 1 0 
0 0 0 0 1 1 1 0 0 0 
0 0 0 0 0 0 0 1 0 1 
numSequences: 3628800
minStacks: 13
Best sequence:
9 6 4 5 3 2 0 1 7 8 
0 0 1 0 0 0 0 0 0 0 
0 1 0 1 1 0 0 0 1 1 
0 1 1 1 1 1 0 0 0 0 
0 0 0 1 1 1 1 0 0 0 
0 0 0 0 0 1 0 0 1 1 
1 0 0 0 0 0 1 0 0 1 
1 1 0 0 0 0 0 0 0 0 
0 1 1 0 0 0 0 1 0 0 
0 0 0 0 0 0 1 1 0 0 
1 1 0 0 1 1 0 0 0 0 
1 0 1 0 1 0 1 0 0 0 
0 0 0 0 0 0 0 1 1 0 
0 0 1 1 1 1 1 0 1 0 
1 0 0 1 1 0 1 1 0 1 
1 0 0 1 0 1 0 1 0 1 
0 0 0 0 0 0 1 0 1 1 
0 0 0 0 0 0 0 1 1 0 
0 1 1 0 0 1 0 1 0 1 
0 1 1 1 0 0 0 0 0 0 
1 0 0 0 0 0 0 0 1 0 
Open stacks: 13
Took 8.31 seconds

buffer: Warwick 906: balanced orders, 7 orders per product
numCustomers: 20
numProducts: 10
0 0 0 0 0 1 0 0 0 0 
0 0 1 1 0 1 0 0 0 0 
1 1 0 1 0 0 0 1 0 0 
1 0 1 0 0 0 1 0 0 0 
0 1 0 0 1 0 0 0 0 1 
1 0 0 0 1 1 1 1 1 0 
1 0 1 1 0 1 0 1 0 0 
0 1 1 0 1 0 0 0 1 0 
0 0 0 1 0 0 0 1 1 0 
0 1 1 0 0 0 1 0 0 1 
0 1 0 1 0 0 1 0 0 0 
0 1 0 0 1 0 1 0 1 1 
0 1 0 1 0 0 0 1 0 0 
1 0 0 0 0 1 1 1 0 1 
0 0 0 0 0 1 0 0 0 1 
1 0 0 0 0 0 0 0 0 0 
0 0 1 0 1 0 0 0 1 0 
0 0 0 0 0 0 1 0 0 1 
1 0 1 0 1 0 0 0 1 1 
0 0 0 1 1 1 0 1 1 0 
numSequences: 3628800
minStacks: 14
Best sequence:
9 6 0 2 1 4 3 5 7 8 
0 0 0 0 0 0 0 1 0 0 
0 0 0 1 0 0 1 1 0 0 
0 0 1 0 1 0 1 0 1 0 
0 1 1 1 0 0 0 0 0 0 
1 0 0 0 1 1 0 0 0 0 
0 1 1 0 0 1 0 1 1 1 
0 0 1 1 0 0 1 1 1 0 
0 0 0 1 1 1 0 0 0 1 
0 0 0 0 0 0 1 0 1 1 
1 1 0 1 1 0 0 0 0 0 
0 1 0 0 1 0 1 0 0 0 
1 1 0 0 1 1 0 0 0 1 
0 0 0 0 1 0 1 0 1 0 
1 1 1 0 0 0 0 1 1 0 
1 0 0 0 0 0 0 1 0 0 
0 0 1 0 0 0 0 0 0 0 
0 0 0 1 0 1 0 0 0 1 
1 1 0 0 0 0 0 0 0 0 
1 0 1 1 0 1 0 0 0 1 
0 0 0 0 0 1 1 1 1 1 
Open stacks: 14
Took 8.3 seconds

buffer: Warwick 907: balanced orders, 7 orders per product
numCustomers: 20
numProducts: 10
0 0 1 0 0 0 0 0 0 0 
0 0 0 0 1 0 1 1 0 0 
0 0 0 0 1 0 0 0 0 1 
0 1 0 0 1 0 0 0 1 1 
0 1 0 0 0 1 1 0 0 0 
1 0 0 0 0 0 0 0 0 0 
0 0 1 0 0 0 0 0 1 1 
0 0 0 0 0 1 0 1 0 0 
1 0 0 1 0 0 0 1 1 0 
0 1 1 0 0 0 1 1 1 0 
1 0 1 0 0 1 0 0 1 1 
0 1 1 1 0 1 0 0 0 0 
0 0 0 0 0 1 0 1 0 1 
0 0 0 0 1 1 1 1 0 0 
0 0 0 1 1 1 1 0 0 0 
1 0 1 1 0 0 0 1 0 0 
1 1 1 1 1 0 0 0 1 1 
1 1 0 1 1 0 0 0 0 1 
0 0 0 1 0 0 1 0 1 0 
1 1 0 0 0 0 1 0 0 0 
numSequences: 3628800
minStacks: 15
Best sequence:
9 7 4 5 1 2 3 0 6 8 
0 0 0 0 0 1 0 0 0 0 
0 1 1 0 0 0 0 0 1 0 
1 0 1 0 0 0 0 0 0 0 
1 0 1 0 1 0 0 0 0 1 
0 0 0 1 1 0 0 0 1 0 
0 0 0 0 0 0 0 1 0 0 
1 0 0 0 0 1 0 0 0 1 
0 1 0 1 0 0 0 0 0 0 
0 1 0 0 0 0 1 1 0 1 
0 1 0 0 1 1 0 0 1 1 
1 0 0 1 0 1 0 1 0 1 
0 0 0 1 1 1 1 0 0 0 
1 1 0 1 0 0 0 0 0 0 
0 1 1 1 0 0 0 0 1 0 
0 0 1 1 0 0 1 0 1 0 
0 1 0 0 0 1 1 1 0 0 
1 0 1 0 1 1 1 1 0 1 
1 0 1 0 1 0 1 1 0 0 
0 0 0 0 0 0 1 0 1 1 
0 0 0 0 1 0 0 1 1 0 
Open stacks: 15
Took 8.31 seconds

buffer: Warwick 908: balanced orders, 7 orders per product
numCustomers: 20
numProducts: 10
1 0 1 0 0 1 0 1 1 0 
0 0 0 0 0 0 0 0 1 0 
1 0 0 1 1 0 0 0 0 0 
0 1 1 1 1 1 1 0 0 1 
0 1 0 0 0 1 1 1 1 1 
0 0 0 0 0 0 0 0 1 1 
1 1 1 0 0 0 1 1 1 0 
0 1 1 1 1 1 1 0 0 1 
0 0 0 0 0 1 0 0 1 0 
1 0 0 1 1 0 0 1 0 0 
0 0 1 0 0 0 0 0 0 1 
0 0 0 0 0 0 0 1 0 0 
1 0 0 0 0 0 1 1 1 0 
1 0 1 0 1 0 1 0 0 0 
0 1 0 1 0 1 0 0 0 1 
0 1 1 0 1 0 0 0 0 0 
0 0 0 1 0 0 0 0 0 1 
0 0 0 0 0 0 1 0 0 0 
0 0 0 1 1 1 0 0 0 0 
1 1 0 0 0 0 0 1 0 0 
numSequences: 3628800
minStacks: 13
Best sequence:
9 4 3 2 1 0 5 6 7 8 
0 0 0 1 0 1 1 0 1 1 
0 0 0 0 0 0 0 0 0 1 
0 1 1 0 0 1 0 0 0 0 
1 1 1 1 1 0 1 1 0 0 
1 0 0 0 1 0 1 1 1 1 
1 0 0 0 0 0 0 0 0 1 
0 0 0 1 1 1 0 1 1 1 
1 1 1 1 1 0 1 1 0 0 
0 0 0 0 0 0 1 0 0 1 
0 1 1 0 0 1 0 0 1 0 
1 0 0 1 0 0 0 0 0 0 
0 0 0 0 0 0 0 0 1 0 
0 0 0 0 0 1 0 1 1 1 
0 1 0 1 0 1 0 1 0 0 
1 0 1 0 1 0 1 0 0 0 
0 1 0 1 1 0 0 0 0 0 
1 0 1 0 0 0 0 0 0 0 
0 0 0 0 0 0 0 1 0 0 
0 1 1 0 0 0 1 0 0 0 
0 0 0 0 1 1 0 0 1 0 
Open stacks: 13
Took 8.32 seconds

buffer: Warwick 909: balanced orders, 7 orders per product
numCustomers: 20
numProducts: 10
1 1 0 0 1 0 0 1 0 0 
0 0 0 1 0 0 0 0 1 0 
0 1 0 1 1 0 0 0 0 0 
0 1 1 0 0 0 0 1 0 0 
1 0 1 0 0 0 1 0 1 1 
0 1 0 0 0 1 1 0 0 1 
1 0 1 0 0 1 0 1 0 0 
0 0 1 0 0 1 1 1 0 0 
1 0 1 0 0 0 0 0 1 1 
0 0 0 0 1 0 0 1 0 1 
0 0 0 1 0 0 0 1 0 0 
1 0 0 0 0 0 1 0 1 1 
1 0 0 0 1 1 0 0 0 0 
0 0 0 0 0 0 1 0 0 0 
1 0 0 1 0 0 0 0 0 0 
0 1 0 0 0 1 1 0 1 0 
0 1 1 0 1 0 1 1 1 0 
0 0 0 1 1 1 0 0 0 1 
0 1 0 1 0 0 0 0 1 1 
0 0 1 1 1 1 0 0 0 0 
numSequences: 3628800
minStacks: 15
Best sequence:
9 8 3 1 4 0 5 6 2 7 
0 0 0 1 1 1 0 0 0 1 
0 1 1 0 0 0 0 0 0 0 
0 0 1 1 1 0 0 0 0 0 
0 0 0 1 0 0 0 0 1 1 
1 1 0 0 0 1 0 1 1 0 
1 0 0 1 0 0 1 1 0 0 
0 0 0 0 0 1 1 0 1 1 
0 0 0 0 0 0 1 1 1 1 
1 1 0 0 0 1 0 0 1 0 
1 0 0 0 1 0 0 0 0 1 
0 0 1 0 0 0 0 0 0 1 
1 1 0 0 0 1 0 1 0 0 
0 0 0 0 1 1 1 0 0 0 
0 0 0 0 0 0 0 1 0 0 
0 0 1 0 0 1 0 0 0 0 
0 1 0 1 0 0 1 1 0 0 
0 1 0 1 1 0 0 1 1 1 
1 0 1 0 1 0 1 0 0 0 
1 1 1 1 0 0 0 0 0 0 
0 0 1 0 1 0 1 0 1 0 
Open stacks: 15
Took 8.3 seconds

buffer: Warwick 910: balanced orders, 7 orders per product
numCustomers: 20
numProducts: 10
0 1 1 0 0 0 0 0 0 1 
0 0 1 0 1 0 1 1 0 0 
0 1 1 0 1 0 0 0 1 0 
1 0 1 0 1 1 0 0 1 0 
1 0 0 0 1 1 1 0 0 0 
1 0 0 0 0 1 0 1 0 0 
0 0 0 0 1 1 0 1 0 0 
1 1 0 0 0 0 1 0 0 0 
0 0 0 1 0 0 0 0 0 1 
0 0 0 0 0 0 0 0 0 1 
1 1 0 1 0 0 0 0 1 1 
0 0 0 1 0 1 1 1 0 0 
1 1 0 0 0 0 1 0 1 0 
0 1 0 1 1 0 0 0 0 0 
0 0 0 0 0 0 0 1 1 0 
1 0 1 0 0 0 0 1 0 0 
0 0 0 1 0 0 1 1 0 1 
0 0 1 0 0 0 0 0 0 0 
0 1 0 1 0 1 0 0 1 1 
0 0 1 1 1 1 1 0 1 1 
numSequences: 3628800
minStacks: 14
Best sequence:
9 3 1 2 4 0 5 6 7 8 
1 0 1 1 0 0 0 0 0 0 
0 0 0 1 1 0 0 1 1 0 
0 0 1 1 1 0 0 0 0 1 
0 0 0 1 1 1 1 0 0 1 
0 0 0 0 1 1 1 1 0 0 
0 0 0 0 0 1 1 0 1 0 
0 0 0 0 1 0 1 0 1 0 
0 0 1 0 0 1 0 1 0 0 
1 1 0 0 0 0 0 0 0 0 
1 0 0 0 0 0 0 0 0 0 
1 1 1 0 0 1 0 0 0 1 
0 1 0 0 0 0 1 1 1 0 
0 0 1 0 0 1 0 1 0 1 
0 1 1 0 1 0 0 0 0 0 
0 0 0 0 0 0 0 0 1 1 
0 0 0 1 0 1 0 0 1 0 
1 1 0 0 0 0 0 1 1 0 
0 0 0 1 0 0 0 0 0 0 
1 1 1 0 0 0 1 0 0 1 
1 1 0 1 1 0 1 1 0 1 
Open stacks: 14
Took 8.32 seconds

buffer: Warwick 911: balanced orders, 8 orders per product
numCustomers: 20
numProducts: 10
0 1 0 0 0 1 1 0 1 0 
0 0 0 0 0 0 0 0 0 1 
1 0 0 0 0 1 0 0 0 0 
0 1 1 0 0 0 1 1 0 0 
1 0 1 0 0 1 1 1 1 0 
0 0 0 0 1 0 0 1 0 0 
0 0 1 0 0 0 0 0 0 1 
1 1 0 0 0 0 1 1 0 1 
0 1 0 0 1 1 0 0 1 1 
0 0 0 1 0 0 0 0 0 0 
0 1 0 1 0 0 1 1 0 0 
1 0 0 1 0 1 0 0 0 1 
0 1 0 1 1 0 0 0 1 0 
1 1 0 0 1 0 0 1 0 0 
1 0 1 1 1 0 1 1 0 1 
1 1 1 1 1 1 1 0 1 0 
0 0 1 1 1 0 1 0 1 1 
1 0 1 0 1 0 0 1 1 0 
0 0 1 1 0 1 0 0 1 0 
0 0 0 0 0 1 0 0 0 1 
numSequences: 3628800
minStacks: 14
Best sequence:
9 8 5 0 2 6 1 4 3 7 
0 1 1 0 0 1 1 0 0 0 
1 0 0 0 0 0 0 0 0 0 
0 0 1 1 0 0 0 0 0 0 
0 0 0 0 1 1 1 0 0 1 
0 1 1 1 1 1 0 0 0 1 
0 0 0 0 0 0 0 1 0 1 
1 0 0 0 1 0 0 0 0 0 
1 0 0 1 0 1 1 0 0 1 
1 1 1 0 0 0 1 1 0 0 
0 0 0 0 0 0 0 0 1 0 
0 0 0 0 0 1 1 0 1 1 
1 0 1 1 0 0 0 0 1 0 
0 1 0 0 0 0 1 1 1 0 
0 0 0 1 0 0 1 1 0 1 
1 0 0 1 1 1 0 1 1 1 
0 1 1 1 1 1 1 1 1 0 
1 1 0 0 1 1 0 1 1 0 
0 1 0 1 1 0 0 1 0 1 
0 1 1 0 1 0 0 0 1 0 
1 0 1 0 0 0 0 0 0 0 
Open stacks: 14
Took 8.35 seconds

buffer: Warwick 912: balanced orders, 8 orders per product
numCustomers: 20
numProducts: 10
1 0 0 1 1 1 0 0 1 0 
0 1 0 1 0 0 0 1 0 1 
0 0 1 0 0 0 1 0 0 0 
1 1 0 0 0 0 1 0 1 1 
0 1 0 1 0 0 0 0 0 1 
0 0 1 0 0 0 0 0 0 1 
1 0 1 1 0 0 1 0 0 0 
0 0 0 0 0 0 0 1 1 0 
0 0 0 0 1 1 1 0 0 1 
0 0 0 0 1 1 1 0 0 0 
0 0 0 0 0 1 0 0 0 0 
0 0 1 0 0 0 0 1 0 0 
1 0 1 1 1 1 0 1 0 1 
1 0 1 0 1 0 0 0 0 0 
1 1 0 1 1 0 0 0 1 0 
0 1 0 0 1 1 1 1 1 0 
1 1 1 1 1 1 0 1 0 0 
1 0 0 0 0 0 0 1 1 0 
0 1 1 0 0 1 1 1 1 1 
0 1 0 1 0 0 1 0 1 1 
numSequences: 3628800
minStacks: 15
Best sequence:
9 6 2 1 3 4 0 5 7 8 
0 0 0 0 1 1 1 1 0 1 
1 0 0 1 1 0 0 0 1 0 
0 1 1 0 0 0 0 0 0 0 
1 1 0 1 0 0 1 0 0 1 
1 0 0 1 1 0 0 0 0 0 
1 0 1 0 0 0 0 0 0 0 
0 1 1 0 1 0 1 0 0 0 
0 0 0 0 0 0 0 0 1 1 
1 1 0 0 0 1 0 1 0 0 
0 1 0 0 0 1 0 1 0 0 
0 0 0 0 0 0 0 1 0 0 
0 0 1 0 0 0 0 0 1 0 
1 0 1 0 1 1 1 1 1 0 
0 0 1 0 0 1 1 0 0 0 
0 0 0 1 1 1 1 0 0 1 
0 1 0 1 0 1 0 1 1 1 
0 0 1 1 1 1 1 1 1 0 
0 0 0 0 0 0 1 0 1 1 
1 1 1 1 0 0 0 1 1 1 
1 1 0 1 1 0 0 0 0 1 
Open stacks: 15
Took 8.35 seconds

buffer: Warwick 913: balanced orders, 8 orders per product
numCustomers: 20
numProducts: 10
0 1 0 0 0 1 0 1 1 0 
0 1 0 1 1 0 0 0 0 0 
0 0 1 1 1 0 0 1 0 0 
0 1 1 0 0 1 1 1 1 1 
1 1 1 0 0 1 0 0 0 1 
0 0 0 0 0 1 1 0 0 1 
0 1 0 1 0 0 0 1 0 1 
1 0 0 1 0 0 1 0 1 1 
0 0 1 0 0 1 0 1 0 1 
1 1 0 0 1 0 1 1 0 0 
1 0 1 0 0 0 1 0 1 0 
0 0 1 0 0 1 0 0 0 1 
1 0 0 1 0 1 0 0 0 0 
0 0 0 0 1 0 0 0 1 0 
0 1 0 0 1 0 1 1 1 0 
1 0 1 1 1 0 1 1 1 0 
0 0 1 0 0 0 0 0 0 1 
1 1 0 1 1 0 0 0 0 0 
0 0 0 1 1 0 1 0 0 0 
1 0 0 0 0 1 0 0 1 0 
numSequences: 3628800
minStacks: 15
Best sequence:
9 7 2 5 0 1 3 4 6 8 
0 1 0 1 0 1 0 0 0 1 
0 0 0 0 0 1 1 1 0 0 
0 1 1 0 0 0 1 1 0 0 
1 1 1 1 0 1 0 0 1 1 
1 0 1 1 1 1 0 0 0 0 
1 0 0 1 0 0 0 0 1 0 
1 1 0 0 0 1 1 0 0 0 
1 0 0 0 1 0 1 0 1 1 
1 1 1 1 0 0 0 0 0 0 
0 1 0 0 1 1 0 1 1 0 
0 0 1 0 1 0 0 0 1 1 
1 0 1 1 0 0 0 0 0 0 
0 0 0 1 1 0 1 0 0 0 
0 0 0 0 0 0 0 1 0 1 
0 1 0 0 0 1 0 1 1 1 
0 1 1 0 1 0 1 1 1 1 
1 0 1 0 0 0 0 0 0 0 
0 0 0 0 1 1 1 1 0 0 
0 0 0 0 0 0 1 1 1 0 
0 0 0 1 1 0 0 0 0 1 
Open stacks: 15
Took 8.33 seconds

buffer: Warwick 914: balanced orders, 8 orders per product
numCustomers: 20
numProducts: 10
1 0 0 0 0 0 0 0 0 1 
1 0 1 0 1 1 1 0 1 1 
1 0 0 0 0 1 1 1 0 1 
1 0 0 0 0 0 0 0 0 1 
0 0 1 0 0 1 0 1 0 0 
0 1 1 1 1 1 0 0 0 1 
1 0 1 0 1 0 0 0 0 0 
0 0 0 0 0 0 1 1 1 0 
1 0 1 1 0 0 0 0 0 0 
0 0 1 0 0 0 1 1 1 0 
1 1 1 1 1 0 0 1 0 0 
0 0 0 0 0 0 1 1 1 0 
0 1 0 1 0 0 0 1 1 1 
0 1 0 1 1 0 1 0 0 0 
0 0 1 0 0 1 0 0 1 0 
1 0 0 1 1 1 1 0 0 0 
0 1 0 1 0 0 0 1 1 1 
0 1 0 0 1 0 0 0 1 0 
0 1 0 0 1 1 0 0 0 0 
0 1 0 1 0 1 1 0 0 1 
numSequences: 3628800
minStacks: 15
Best sequence:
9 3 0 2 1 4 5 6 7 8 
1 0 1 0 0 0 0 0 0 0 
1 0 1 1 0 1 1 1 0 1 
1 0 1 0 0 0 1 1 1 0 
1 0 1 0 0 0 0 0 0 0 
0 0 0 1 0 0 1 0 1 0 
1 1 0 1 1 1 1 0 0 0 
0 0 1 1 0 1 0 0 0 0 
0 0 0 0 0 0 0 1 1 1 
0 1 1 1 0 0 0 0 0 0 
0 0 0 1 0 0 0 1 1 1 
0 1 1 1 1 1 0 0 1 0 
0 0 0 0 0 0 0 1 1 1 
1 1 0 0 1 0 0 0 1 1 
0 1 0 0 1 1 0 1 0 0 
0 0 0 1 0 0 1 0 0 1 
0 1 1 0 0 1 1 1 0 0 
1 1 0 0 1 0 0 0 1 1 
0 0 0 0 1 1 0 0 0 1 
0 0 0 0 1 1 1 0 0 0 
1 1 0 0 1 0 1 1 0 0 
Open stacks: 15
Took 8.33 seconds

buffer: Warwick 915: balanced orders, 8 orders per product
numCustomers: 20
numProducts: 10
0 1 0 0 0 1 1 0 0 0 
1 1 0 1 1 1 0 0 1 1 
1 0 0 0 0 1 0 1 1 1 
1 1 1 0 0 1 1 0 0 1 
1 0 1 0 0 1 1 1 0 0 
0 1 1 0 0 0 0 0 0 1 
0 0 1 0 1 0 0 0 0 0 
1 0 1 0 0 0 1 1 0 0 
0 0 0 1 1 0 0 1 1 0 
1 0 0 0 0 0 1 1 1 1 
1 0 0 0 0 1 0 1 0 0 
0 0 1 0 0 0 0 0 0 1 
1 1 0 1 0 1 0 0 0 0 
0 1 0 1 1 0 1 0 1 0 
0 0 0 1 1 1 1 0 0 0 
0 0 0 1 0 0 0 1 1 0 
0 1 1 0 1 0 1 0 0 1 
0 0 0 1 0 0 0 0 1 1 
0 1 1 1 1 0 0 0 1 0 
0 0 0 0 1 0 0 1 0 0 
numSequences: 3628800
minStacks: 15
Best sequence:
9 6 2 1 5 0 3 4 7 8 
0 1 0 1 1 0 0 0 0 0 
1 0 0 1 1 1 1 1 0 1 
1 0 0 0 1 1 0 0 1 1 
1 1 1 1 1 1 0 0 0 0 
0 1 1 0 1 1 0 0 1 0 
1 0 1 1 0 0 0 0 0 0 
0 0 1 0 0 0 0 1 0 0 
0 1 1 0 0 1 0 0 1 0 
0 0 0 0 0 0 1 1 1 1 
1 1 0 0 0 1 0 0 1 1 
0 0 0 0 1 1 0 0 1 0 
1 0 1 0 0 0 0 0 0 0 
0 0 0 1 1 1 1 0 0 0 
0 1 0 1 0 0 1 1 0 1 
0 1 0 0 1 0 1 1 0 0 
0 0 0 0 0 0 1 0 1 1 
1 1 1 1 0 0 0 1 0 0 
1 0 0 0 0 0 1 0 0 1 
0 0 1 1 0 0 1 1 0 1 
0 0 0 0 0 0 0 1 1 0 
Open stacks: 15
Took 8.34 seconds

buffer: Warwick 916: balanced orders, 8 orders per product
numCustomers: 20
numProducts: 10
0 1 1 0 1 0 1 0 1 0 
1 0 0 0 1 1 0 1 1 0 
0 1 0 1 0 0 0 0 0 0 
1 0 1 1 1 1 0 0 0 1 
0 1 0 0 0 1 1 1 0 0 
1 1 0 1 0 0 1 1 1 1 
0 0 1 0 0 1 0 1 0 1 
1 0 1 1 1 1 0 0 0 1 
1 0 0 0 0 0 1 0 1 1 
0 0 0 1 1 1 1 1 1 0 
0 1 1 0 0 0 1 1 0 0 
0 0 0 0 0 1 0 0 0 1 
1 1 1 0 1 0 1 0 1 1 
0 0 0 1 0 0 0 0 0 1 
1 1 0 1 0 0 0 1 0 0 
1 0 0 0 0 0 0 0 0 0 
0 0 0 0 0 1 1 0 0 0 
0 0 0 0 1 0 0 0 0 0 
0 0 1 1 0 0 0 0 1 0 
0 1 1 0 1 0 0 1 1 0 
numSequences: 3628800
minStacks: 15
Best sequence:
9 6 5 0 3 1 2 4 7 8 
0 1 0 0 0 1 1 1 0 1 
0 0 1 1 0 0 0 1 1 1 
0 0 0 0 1 1 0 0 0 0 
1 0 1 1 1 0 1 1 0 0 
0 1 1 0 0 1 0 0 1 0 
1 1 0 1 1 1 0 0 1 1 
1 0 1 0 0 0 1 0 1 0 
1 0 1 1 1 0 1 1 0 0 
1 1 0 1 0 0 0 0 0 1 
0 1 1 0 1 0 0 1 1 1 
0 1 0 0 0 1 1 0 1 0 
1 0 1 0 0 0 0 0 0 0 
1 1 0 1 0 1 1 1 0 1 
1 0 0 0 1 0 0 0 0 0 
0 0 0 1 1 1 0 0 1 0 
0 0 0 1 0 0 0 0 0 0 
0 1 1 0 0 0 0 0 0 0 
0 0 0 0 0 0 0 1 0 0 
0 0 0 0 1 0 1 0 0 1 
0 0 0 0 0 1 1 1 1 1 
Open stacks: 15
Took 8.35 seconds

buffer: Warwick 917: balanced orders, 8 orders per product
numCustomers: 20
numProducts: 10
0 0 0 0 0 1 0 1 0 0 
1 0 1 0 0 0 1 0 1 1 
0 1 0 0 1 0 1 1 0 1 
0 0 0 1 0 0 0 0 0 1 
0 0 0 1 1 1 1 0 1 0 
1 1 0 0 0 0 0 0 1 0 
0 0 1 0 1 1 0 0 0 0 
0 1 1 0 0 0 0 1 0 0 
0 0 0 1 1 1 1 1 1 0 
0 1 1 1 1 1 0 1 1 0 
0 0 1 0 0 0 1 1 0 0 
1 1 1 0 0 0 0 0 1 0 
1 0 0 0 0 0 0 0 0 0 
0 0 0 0 1 0 1 0 0 1 
1 1 0 1 0 1 0 0 0 1 
0 0 0 1 1 0 0 0 0 0 
1 0 0 0 0 0 1 1 1 1 
0 0 1 0 1 1 0 1 0 0 
1 1 0 1 0 1 0 0 1 1 
1 1 1 1 0 0 1 0 0 1 
numSequences: 3628800
minStacks: 14
Best sequence:
9 6 3 4 7 5 2 0 1 8 
0 0 0 0 1 1 0 0 0 0 
1 1 0 0 0 0 1 1 0 1 
1 1 0 1 1 0 0 0 1 0 
1 0 1 0 0 0 0 0 0 0 
0 1 1 1 0 1 0 0 0 1 
0 0 0 0 0 0 0 1 1 1 
0 0 0 1 0 1 1 0 0 0 
0 0 0 0 1 0 1 0 1 0 
0 1 1 1 1 1 0 0 0 1 
0 0 1 1 1 1 1 0 1 1 
0 1 0 0 1 0 1 0 0 0 
0 0 0 0 0 0 1 1 1 1 
0 0 0 0 0 0 0 1 0 0 
1 1 0 1 0 0 0 0 0 0 
1 0 1 0 0 1 0 1 1 0 
0 0 1 1 0 0 0 0 0 0 
1 1 0 0 1 0 0 1 0 1 
0 0 0 1 1 1 1 0 0 0 
1 0 1 0 0 1 0 1 1 1 
1 1 1 0 0 0 1 1 1 0 
Open stacks: 14
Took 8.35 seconds

buffer: Warwick 918: balanced orders, 8 orders per product
numCustomers: 20
numProducts: 10
0 0 1 0 1 0 0 0 0 0 
0 0 0 0 0 1 1 0 0 0 
0 1 1 1 1 0 0 1 0 1 
1 0 1 0 1 0 0 0 1 0 
0 0 1 0 0 0 0 0 0 1 
0 0 1 0 0 0 1 0 1 0 
1 1 0 1 0 0 1 0 0 0 
0 1 0 0 1 1 0 1 0 1 
0 1 0 0 0 0 1 0 1 1 
0 0 0 0 0 0 1 1 0 1 
1 0 0 1 0 0 0 1 0 0 
0 1 0 1 0 1 0 0 0 0 
0 0 0 0 0 1 0 1 0 0 
0 1 1 1 0 0 0 0 1 1 
0 0 1 0 1 0 0 0 0 1 
1 0 0 1 1 1 1 1 1 1 
1 0 0 0 0 1 0 1 1 0 
1 0 0 1 0 1 1 0 0 0 
1 1 0 0 1 0 0 0 1 0 
1 1 1 1 1 1 1 1 1 0 
numSequences: 3628800
minStacks: 14
Best sequence:
9 8 4 2 0 1 3 6 5 7 
0 0 1 1 0 0 0 0 0 0 
0 0 0 0 0 0 0 1 1 0 
1 0 1 1 0 1 1 0 0 1 
0 1 1 1 1 0 0 0 0 0 
1 0 0 1 0 0 0 0 0 0 
0 1 0 1 0 0 0 1 0 0 
0 0 0 0 1 1 1 1 0 0 
1 0 1 0 0 1 0 0 1 1 
1 1 0 0 0 1 0 1 0 0 
1 0 0 0 0 0 0 1 0 1 
0 0 0 0 1 0 1 0 0 1 
0 0 0 0 0 1 1 0 1 0 
0 0 0 0 0 0 0 0 1 1 
1 1 0 1 0 1 1 0 0 0 
1 0 1 1 0 0 0 0 0 0 
1 1 1 0 1 0 1 1 1 1 
0 1 0 0 1 0 0 0 1 1 
0 0 0 0 1 0 1 1 1 0 
0 1 1 0 1 1 0 0 0 0 
0 1 1 1 1 1 1 1 1 1 
Open stacks: 14
Took 8.34 seconds

buffer: Warwick 919: balanced orders, 8 orders per product
numCustomers: 20
numProducts: 10
0 0 0 0 0 1 0 1 0 0 
0 0 0 0 0 0 1 1 0 0 
0 0 0 0 0 0 0 0 1 0 
0 0 0 0 0 1 0 0 0 1 
1 1 1 0 0 1 1 1 1 1 
1 1 1 0 1 0 1 0 0 1 
1 0 0 0 1 0 0 1 0 0 
1 0 1 0 0 0 1 1 0 0 
0 0 0 0 1 0 1 0 0 0 
1 0 0 1 0 0 0 0 1 0 
1 1 1 0 1 0 0 0 1 1 
0 1 0 1 0 1 1 0 1 1 
0 1 1 1 0 0 0 1 1 0 
0 0 1 1 1 0 1 1 1 1 
1 0 0 0 1 1 0 0 0 1 
0 1 0 1 1 1 0 0 1 0 
0 1 1 0 0 0 0 0 0 1 
0 1 1 1 1 1 1 1 0 0 
0 0 0 1 0 0 0 0 0 0 
1 0 0 1 0 1 0 0 0 0 
numSequences: 3628800
minStacks: 14
Best sequence:
9 5 1 2 3 0 4 6 7 8 
0 1 0 0 0 0 0 0 1 0 
0 0 0 0 0 0 0 1 1 0 
0 0 0 0 0 0 0 0 0 1 
1 1 0 0 0 0 0 0 0 0 
1 1 1 1 0 1 0 1 1 1 
1 0 1 1 0 1 1 1 0 0 
0 0 0 0 0 1 1 0 1 0 
0 0 0 1 0 1 0 1 1 0 
0 0 0 0 0 0 1 1 0 0 
0 0 0 0 1 1 0 0 0 1 
1 0 1 1 0 1 1 0 0 1 
1 1 1 0 1 0 0 1 0 1 
0 0 1 1 1 0 0 0 1 1 
1 0 0 1 1 0 1 1 1 1 
1 1 0 0 0 1 1 0 0 0 
0 1 1 0 1 0 1 0 0 1 
1 0 1 1 0 0 0 0 0 0 
0 1 1 1 1 0 1 1 1 0 
0 0 0 0 1 0 0 0 0 0 
0 1 0 0 1 1 0 0 0 0 
Open stacks: 14
Took 8.35 seconds

buffer: Warwick 920: balanced orders, 8 orders per product
numCustomers: 20
numProducts: 10
1 0 1 0 1 1 1 0 0 1 
0 0 1 1 0 1 1 0 1 0 
1 0 0 1 0 0 0 0 1 1 
1 0 0 0 1 1 0 0 0 1 
0 0 0 1 1 1 0 1 0 0 
0 1 0 0 0 1 1 1 0 0 
0 1 1 0 1 0 1 0 1 0 
0 1 1 1 0 1 0 1 0 0 
0 1 0 0 0 1 1 1 1 1 
0 0 0 0 1 0 0 1 0 1 
0 1 0 1 0 1 0 0 1 1 
0 0 0 0 1 0 0 1 1 0 
1 0 0 0 1 0 1 1 0 1 
1 1 1 1 0 0 1 0 0 0 
1 0 1 0 0 0 0 0 0 0 
0 1 0 1 0 0 0 0 0 0 
0 1 0 0 1 0 0 1 0 0 
0 0 1 0 0 0 1 0 1 0 
1 0 1 1 0 0 0 0 1 1 
1 0 0 0 0 0 0 0 0 0 
numSequences: 3628800
minStacks: 15
Best sequence:
9 7 4 1 5 3 2 0 6 8 
1 0 1 0 1 0 1 1 1 0 
0 0 0 0 1 1 1 0 1 1 
1 0 0 0 0 1 0 1 0 1 
1 0 1 0 1 0 0 1 0 0 
0 1 1 0 1 1 0 0 0 0 
0 1 0 1 1 0 0 0 1 0 
0 0 1 1 0 0 1 0 1 1 
0 1 0 1 1 1 1 0 0 0 
1 1 0 1 1 0 0 0 1 1 
1 1 1 0 0 0 0 0 0 0 
1 0 0 1 1 1 0 0 0 1 
0 1 1 0 0 0 0 0 0 1 
1 1 1 0 0 0 0 1 1 0 
0 0 0 1 0 1 1 1 1 0 
0 0 0 0 0 0 1 1 0 0 
0 0 0 1 0 1 0 0 0 0 
0 1 1 1 0 0 0 0 0 0 
0 0 0 0 0 0 1 0 1 1 
1 0 0 0 0 1 1 1 0 1 
0 0 0 0 0 0 0 1 0 0 
Open stacks: 15
Took 8.33 seconds

buffer: Warwick 921: balanced orders, 9 orders per product
numCustomers: 20
numProducts: 10
0 1 0 0 0 0 1 0 0 0 
0 0 1 1 1 1 0 0 1 1 
0 1 1 1 1 0 1 1 0 1 
0 0 0 1 0 0 1 0 1 0 
0 1 0 1 0 1 1 1 0 1 
1 0 0 0 0 0 1 0 1 0 
0 1 1 0 0 0 1 0 0 1 
1 0 0 0 1 1 0 0 0 0 
1 0 1 1 1 0 0 1 0 0 
0 0 1 0 1 0 0 0 0 0 
1 1 0 0 1 1 0 0 1 1 
0 0 1 0 0 0 1 0 1 1 
1 1 0 0 0 1 0 1 0 0 
1 1 1 1 0 1 0 1 0 0 
0 1 0 1 0 1 0 0 1 0 
0 0 1 1 1 0 0 0 1 0 
0 1 0 0 1 1 1 1 1 1 
1 0 1 1 0 0 1 1 0 0 
1 0 0 0 1 1 0 1 1 1 
1 0 0 0 0 0 0 1 0 1 
numSequences: 3628800
minStacks: 16
Best sequence:
9 7 4 2 0 5 3 1 6 8 
0 0 0 0 0 0 0 1 1 0 
1 0 1 1 0 1 1 0 0 1 
1 1 1 1 0 0 1 1 1 0 
0 0 0 0 0 0 1 0 1 1 
1 1 0 0 0 1 1 1 1 0 
0 0 0 0 1 0 0 0 1 1 
1 0 0 1 0 0 0 1 1 0 
0 0 1 0 1 1 0 0 0 0 
0 1 1 1 1 0 1 0 0 0 
0 0 1 1 0 0 0 0 0 0 
1 0 1 0 1 1 0 1 0 1 
1 0 0 1 0 0 0 0 1 1 
0 1 0 0 1 1 0 1 0 0 
0 1 0 1 1 1 1 1 0 0 
0 0 0 0 0 1 1 1 0 1 
0 0 1 1 0 0 1 0 0 1 
1 1 1 0 0 1 0 1 1 1 
0 1 0 1 1 0 1 0 1 0 
1 1 1 0 1 1 0 0 0 1 
1 1 0 0 1 0 0 0 0 0 
Open stacks: 16
Took 8.37 seconds

buffer: Warwick 922: balanced orders, 9 orders per product
numCustomers: 20
numProducts: 10
0 1 1 0 0 1 0 0 1 0 
1 0 1 0 1 1 0 0 0 1 
0 0 1 1 0 0 0 0 1 0 
1 1 1 1 1 0 0 1 0 1 
0 1 0 0 1 1 1 0 1 1 
1 0 0 0 0 0 0 0 0 0 
0 0 0 1 0 1 1 1 0 0 
0 0 0 0 0 1 0 1 0 0 
1 0 0 0 0 0 0 1 1 1 
0 1 0 0 1 1 1 0 1 1 
1 0 0 1 1 0 0 0 0 1 
0 1 1 1 0 0 0 1 1 0 
1 1 1 0 0 1 1 0 1 0 
1 1 0 1 0 0 1 0 0 1 
0 0 1 1 0 0 1 0 0 1 
0 1 1 0 1 0 0 1 1 1 
1 1 0 0 1 0 1 1 0 0 
1 0 0 1 1 1 1 0 0 0 
0 0 0 1 1 0 0 1 1 0 
0 0 1 0 0 1 1 1 0 0 
numSequences: 3628800
minStacks: 17
Best sequence:
9 6 4 0 3 2 1 5 7 8 
0 0 0 0 0 1 1 1 0 1 
1 0 1 1 0 1 0 1 0 0 
0 0 0 0 1 1 0 0 0 1 
1 0 1 1 1 1 1 0 1 0 
1 1 1 0 0 0 1 1 0 1 
0 0 0 1 0 0 0 0 0 0 
0 1 0 0 1 0 0 1 1 0 
0 0 0 0 0 0 0 1 1 0 
1 0 0 1 0 0 0 0 1 1 
1 1 1 0 0 0 1 1 0 1 
1 0 1 1 1 0 0 0 0 0 
0 0 0 0 1 1 1 0 1 1 
0 1 0 1 0 1 1 1 0 1 
1 1 0 1 1 0 1 0 0 0 
1 1 0 0 1 1 0 0 0 0 
1 0 1 0 0 1 1 0 1 1 
0 1 1 1 0 0 1 0 1 0 
0 1 1 1 1 0 0 1 0 0 
0 0 1 0 1 0 0 0 1 1 
0 1 0 0 0 1 0 1 1 0 
Open stacks: 17
Took 8.37 seconds

buffer: Warwick 923: balanced orders, 9 orders per product
numCustomers: 20
numProducts: 10
1 1 0 0 1 0 0 0 1 0 
0 1 1 1 1 1 0 0 1 1 
0 1 0 1 1 0 0 0 0 1 
0 1 1 0 0 0 0 1 0 0 
1 1 0 0 0 0 1 0 0 0 
1 0 1 0 1 1 0 0 0 1 
0 0 0 0 0 1 1 1 0 1 
0 0 1 1 0 1 0 1 0 0 
1 0 0 0 1 0 1 0 1 1 
1 1 0 0 0 1 1 1 0 1 
0 0 1 1 1 0 0 0 1 0 
0 0 0 0 1 1 0 1 1 0 
1 0 0 1 0 0 1 0 1 1 
1 1 1 1 1 0 1 0 1 0 
0 1 1 0 0 1 1 1 0 0 
0 1 0 0 0 1 0 1 1 0 
0 0 1 0 1 0 0 1 0 0 
1 0 0 1 0 1 0 1 0 1 
1 0 0 1 0 0 1 0 1 0 
0 0 1 1 0 0 1 0 0 1 
numSequences: 3628800
minStacks: 18
Best sequence:
9 6 0 1 2 3 4 5 7 8 
0 0 1 1 0 0 1 0 0 1 
1 0 0 1 1 1 1 1 0 1 
1 0 0 1 0 1 1 0 0 0 
0 0 0 1 1 0 0 0 1 0 
0 1 1 1 0 0 0 0 0 0 
1 0 1 0 1 0 1 1 0 0 
1 1 0 0 0 0 0 1 1 0 
0 0 0 0 1 1 0 1 1 0 
1 1 1 0 0 0 1 0 0 1 
1 1 1 1 0 0 0 1 1 0 
0 0 0 0 1 1 1 0 0 1 
0 0 0 0 0 0 1 1 1 1 
1 1 1 0 0 1 0 0 0 1 
0 1 1 1 1 1 1 0 0 1 
0 1 0 1 1 0 0 1 1 0 
0 0 0 1 0 0 0 1 1 1 
0 0 0 0 1 0 1 0 1 0 
1 0 1 0 0 1 0 1 1 0 
0 1 1 0 0 1 0 0 0 1 
1 1 0 0 1 1 0 0 0 0 
Open stacks: 18
Took 8.37 seconds

buffer: Warwick 924: balanced orders, 9 orders per product
numCustomers: 20
numProducts: 10
0 1 1 1 1 1 0 0 1 0 
1 0 1 1 1 0 1 0 1 0 
1 0 0 0 1 0 0 0 0 0 
1 0 1 0 0 0 1 0 1 1 
0 0 0 0 0 0 1 1 0 0 
0 1 1 1 1 0 1 0 0 1 
1 0 1 1 0 1 0 1 0 1 
1 1 1 0 0 1 0 0 1 0 
0 1 0 1 0 1 1 0 1 1 
0 0 0 0 1 1 1 1 0 0 
1 1 1 0 1 0 0 1 1 1 
0 0 0 0 0 0 0 0 1 1 
0 0 1 1 0 0 0 0 0 0 
1 0 0 0 1 0 0 1 1 0 
1 0 0 1 0 0 1 1 0 1 
0 1 1 0 0 1 0 1 0 1 
0 0 0 0 1 0 0 0 0 1 
0 1 0 0 0 1 1 1 0 0 
1 1 0 1 1 1 0 1 0 0 
0 1 0 1 0 1 1 0 1 0 
numSequences: 3628800
minStacks: 15
Best sequence:
9 4 0 8 2 3 1 5 6 7 
0 1 0 1 1 1 1 1 0 0 
0 1 1 1 1 1 0 0 1 0 
0 1 1 0 0 0 0 0 0 0 
1 0 1 1 1 0 0 0 1 0 
0 0 0 0 0 0 0 0 1 1 
1 1 0 0 1 1 1 0 1 0 
1 0 1 0 1 1 0 1 0 1 
0 0 1 1 1 0 1 1 0 0 
1 0 0 1 0 1 1 1 1 0 
0 1 0 0 0 0 0 1 1 1 
1 1 1 1 1 0 1 0 0 1 
1 0 0 1 0 0 0 0 0 0 
0 0 0 0 1 1 0 0 0 0 
0 1 1 1 0 0 0 0 0 1 
1 0 1 0 0 1 0 0 1 1 
1 0 0 0 1 0 1 1 0 1 
1 1 0 0 0 0 0 0 0 0 
0 0 0 0 0 0 1 1 1 1 
0 1 1 0 0 1 1 1 0 1 
0 0 0 1 0 1 1 1 1 0 
Open stacks: 15
Took 8.38 seconds

buffer: Warwick 925: balanced orders, 9 orders per product
numCustomers: 20
numProducts: 10
1 0 1 1 0 0 1 0 1 1 
1 0 0 1 0 1 0 0 1 1 
0 1 0 1 1 0 0 1 0 0 
1 0 0 0 0 1 1 0 0 0 
0 0 0 0 0 0 1 0 1 0 
1 1 1 0 0 1 0 0 1 1 
1 0 1 0 0 1 0 1 0 1 
0 1 0 1 1 0 1 1 1 0 
0 1 0 1 1 1 0 1 1 1 
0 0 0 0 0 0 1 0 1 0 
1 0 0 1 0 1 0 0 1 0 
0 1 0 1 1 0 1 1 0 0 
0 0 1 0 1 0 1 1 0 1 
0 1 1 1 1 0 0 1 0 1 
0 1 1 1 0 0 0 0 1 1 
0 1 0 0 1 1 0 0 0 1 
0 0 1 0 1 0 1 1 0 0 
1 0 1 0 0 1 0 1 0 0 
1 0 0 0 0 1 0 0 0 0 
1 1 1 0 1 0 1 0 0 0 
numSequences: 3628800
minStacks: 16
Best sequence:
9 7 1 2 3 4 5 0 6 8 
1 0 0 1 1 0 0 1 1 1 
1 0 0 0 1 0 1 1 0 1 
0 1 1 0 1 1 0 0 0 0 
0 0 0 0 0 0 1 1 1 0 
0 0 0 0 0 0 0 0 1 1 
1 0 1 1 0 0 1 1 0 1 
1 1 0 1 0 0 1 1 0 0 
0 1 1 0 1 1 0 0 1 1 
1 1 1 0 1 1 1 0 0 1 
0 0 0 0 0 0 0 0 1 1 
0 0 0 0 1 0 1 1 0 1 
0 1 1 0 1 1 0 0 1 0 
1 1 0 1 0 1 0 0 1 0 
1 1 1 1 1 1 0 0 0 0 
1 0 1 1 1 0 0 0 0 1 
1 0 1 0 0 1 1 0 0 0 
0 1 0 1 0 1 0 0 1 0 
0 1 0 1 0 0 1 1 0 0 
0 0 0 0 0 0 1 1 0 0 
0 0 1 1 0 1 0 1 1 0 
Open stacks: 16
Took 8.37 seconds

buffer: Warwick 926: balanced orders, 9 orders per product
numCustomers: 20
numProducts: 10
1 0 0 0 1 0 0 0 1 1 
0 0 0 1 0 0 1 0 0 0 
1 1 1 0 1 0 1 1 0 0 
1 0 1 1 1 1 1 0 0 0 
0 1 0 0 1 1 0 1 0 1 
0 1 1 0 1 1 0 0 1 0 
0 1 0 1 1 0 1 1 1 0 
0 0 1 1 0 0 1 0 0 1 
1 1 1 0 0 0 1 1 1 0 
1 0 1 0 0 0 1 1 0 1 
0 1 0 1 0 1 0 0 0 0 
0 1 1 1 1 1 0 0 0 1 
1 1 0 0 0 1 0 0 0 0 
1 0 0 0 0 1 1 0 1 1 
0 1 0 1 0 1 0 1 1 0 
0 0 0 0 0 0 0 1 0 0 
1 0 1 0 0 0 0 0 0 1 
0 0 1 1 0 0 0 1 1 1 
1 0 0 0 1 1 0 1 1 1 
0 0 0 1 1 0 1 0 1 0 
numSequences: 3628800
minStacks: 16
Best sequence:
9 7 0 2 5 1 4 3 6 8 
1 0 1 0 0 0 1 0 0 1 
0 0 0 0 0 0 0 1 1 0 
0 1 1 1 0 1 1 0 1 0 
0 0 1 1 1 0 1 1 1 0 
1 1 0 0 1 1 1 0 0 0 
0 0 0 1 1 1 1 0 0 1 
0 1 0 0 0 1 1 1 1 1 
1 0 0 1 0 0 0 1 1 0 
0 1 1 1 0 1 0 0 1 1 
1 1 1 1 0 0 0 0 1 0 
0 0 0 0 1 1 0 1 0 0 
1 0 0 1 1 1 1 1 0 0 
0 0 1 0 1 1 0 0 0 0 
1 0 1 0 1 0 0 0 1 1 
0 1 0 0 1 1 0 1 0 1 
0 1 0 0 0 0 0 0 0 0 
1 0 1 1 0 0 0 0 0 0 
1 1 0 1 0 0 0 1 0 1 
1 1 1 0 1 0 1 0 0 1 
0 0 0 0 0 0 1 1 1 1 
Open stacks: 16
Took 8.37 seconds

buffer: Warwick 927: balanced orders, 9 orders per product
numCustomers: 20
numProducts: 10
1 0 0 0 1 0 0 1 1 1 
1 0 0 1 0 0 0 0 1 0 
1 1 1 0 1 0 0 0 0 1 
0 0 0 0 0 1 0 0 1 1 
1 0 0 0 0 1 1 0 1 0 
1 1 0 0 0 0 0 1 1 1 
1 0 0 0 1 0 1 0 0 0 
1 1 1 0 1 1 0 1 1 1 
0 1 1 1 1 0 1 1 1 0 
0 1 1 1 0 0 1 1 0 1 
1 0 1 1 0 1 1 1 0 1 
0 0 0 1 1 0 0 0 0 0 
1 1 0 0 0 0 0 0 1 1 
0 0 0 1 0 1 1 1 0 0 
0 1 0 1 1 1 0 0 0 0 
0 0 1 1 0 1 1 1 0 1 
0 0 0 0 1 1 0 0 0 0 
0 1 1 0 1 0 1 1 0 0 
0 0 1 0 0 0 1 0 1 0 
0 1 1 1 0 1 0 0 0 0 
numSequences: 3628800
minStacks: 17
Best sequence:
9 8 6 0 2 1 3 5 4 7 
1 1 0 1 0 0 0 0 1 1 
0 1 0 1 0 0 1 0 0 0 
1 0 0 1 1 1 0 0 1 0 
1 1 0 0 0 0 0 1 0 0 
0 1 1 1 0 0 0 1 0 0 
1 1 0 1 0 1 0 0 0 1 
0 0 1 1 0 0 0 0 1 0 
1 1 0 1 1 1 0 1 1 1 
0 1 1 0 1 1 1 0 1 1 
1 0 1 0 1 1 1 0 0 1 
1 0 1 1 1 0 1 1 0 1 
0 0 0 0 0 0 1 0 1 0 
1 1 0 1 0 1 0 0 0 0 
0 0 1 0 0 0 1 1 0 1 
0 0 0 0 0 1 1 1 1 0 
1 0 1 0 1 0 1 1 0 1 
0 0 0 0 0 0 0 1 1 0 
0 0 1 0 1 1 0 0 1 1 
0 1 1 0 1 0 0 0 0 0 
0 0 0 0 1 1 1 1 0 0 
Open stacks: 17
Took 8.38 seconds

buffer: Warwick 928: balanced orders, 9 orders per product
numCustomers: 20
numProducts: 10
1 0 1 1 1 0 1 1 1 0 
0 1 0 1 1 1 1 1 1 0 
0 1 1 0 1 1 0 0 1 0 
1 0 0 0 0 0 0 0 1 0 
0 0 0 0 0 1 1 0 0 0 
1 1 0 0 0 0 0 1 1 1 
1 1 0 1 0 1 0 0 0 1 
1 1 0 0 1 1 0 0 0 1 
1 1 0 1 0 0 1 1 1 1 
1 0 1 1 1 1 0 0 1 0 
0 1 1 0 1 1 0 0 0 1 
0 0 1 0 0 0 1 0 0 1 
0 1 0 0 0 1 1 1 0 0 
0 1 1 0 1 0 0 0 0 1 
0 0 1 1 1 0 0 0 1 1 
1 0 0 1 0 0 1 1 0 0 
1 0 0 0 0 0 1 1 1 0 
0 0 1 1 0 0 1 1 0 0 
0 0 0 1 0 1 0 1 0 1 
0 0 1 0 1 0 0 0 0 0 
numSequences: 3628800
minStacks: 16
Best sequence:
9 4 2 5 1 6 0 3 7 8 
0 1 1 0 0 1 1 1 1 1 
0 1 0 1 1 1 0 1 1 1 
0 1 1 1 1 0 0 0 0 1 
0 0 0 0 0 0 1 0 0 1 
0 0 0 1 0 1 0 0 0 0 
1 0 0 0 1 0 1 0 1 1 
1 0 0 1 1 0 1 1 0 0 
1 1 0 1 1 0 1 0 0 0 
1 0 0 0 1 1 1 1 1 1 
0 1 1 1 0 0 1 1 0 1 
1 1 1 1 1 0 0 0 0 0 
1 0 1 0 0 1 0 0 0 0 
0 0 0 1 1 1 0 0 1 0 
1 1 1 0 1 0 0 0 0 0 
1 1 1 0 0 0 0 1 0 1 
0 0 0 0 0 1 1 1 1 0 
0 0 0 0 0 1 1 0 1 1 
0 0 1 0 0 1 0 1 1 0 
1 0 0 1 0 0 0 1 1 0 
0 1 1 0 0 0 0 0 0 0 
Open stacks: 16
Took 8.37 seconds

buffer: Warwick 929: balanced orders, 9 orders per product
numCustomers: 20
numProducts: 10
0 1 0 0 0 0 0 1 0 0 
1 1 1 1 1 0 0 1 1 1 
1 0 1 0 1 0 1 0 1 0 
1 0 0 1 1 0 1 1 1 0 
0 0 1 1 0 0 1 1 1 1 
0 1 0 0 0 0 1 0 0 0 
0 1 0 0 0 1 1 0 0 0 
1 1 1 0 0 1 0 1 1 0 
1 0 0 0 1 0 0 0 0 1 
1 0 1 0 1 0 1 1 0 0 
0 0 0 0 0 1 1 0 0 1 
0 0 0 0 0 1 1 1 0 0 
1 0 0 0 0 0 0 0 0 0 
1 0 1 1 1 1 1 0 0 1 
0 1 0 1 1 0 0 0 1 1 
0 1 1 1 1 0 0 0 0 1 
0 1 0 1 0 1 0 1 1 1 
0 0 1 1 1 1 0 1 0 1 
1 0 1 0 0 1 0 0 1 0 
0 1 0 1 0 1 0 0 1 0 
numSequences: 3628800
minStacks: 16
Best sequence:
9 8 0 2 3 4 5 6 1 7 
0 0 0 0 0 0 0 0 1 1 
1 1 1 1 1 1 0 0 1 1 
0 1 1 1 0 1 0 1 0 0 
0 1 1 0 1 1 0 1 0 1 
1 1 0 1 1 0 0 1 0 1 
0 0 0 0 0 0 0 1 1 0 
0 0 0 0 0 0 1 1 1 0 
0 1 1 1 0 0 1 0 1 1 
1 0 1 0 0 1 0 0 0 0 
0 0 1 1 0 1 0 1 0 1 
1 0 0 0 0 0 1 1 0 0 
0 0 0 0 0 0 1 1 0 1 
0 0 1 0 0 0 0 0 0 0 
1 0 1 1 1 1 1 1 0 0 
1 1 0 0 1 1 0 0 1 0 
1 0 0 1 1 1 0 0 1 0 
1 1 0 0 1 0 1 0 1 1 
1 0 0 1 1 1 1 0 0 1 
0 1 1 1 0 0 1 0 0 0 
0 1 0 0 1 0 1 0 1 0 
Open stacks: 16
Took 8.38 seconds

buffer: Warwick 930: balanced orders, 9 orders per product
numCustomers: 20
numProducts: 10
0 0 1 1 0 0 0 0 0 1 
0 1 0 0 1 0 1 0 0 0 
0 1 1 0 1 0 1 1 0 0 
0 0 1 0 0 0 1 0 1 1 
1 0 0 0 0 1 0 1 1 1 
0 1 0 1 1 1 1 0 0 0 
0 0 0 1 1 0 1 1 0 1 
0 0 0 1 0 0 0 0 0 1 
1 0 1 1 0 1 0 0 1 1 
0 0 0 0 1 0 0 1 0 0 
1 0 1 1 1 1 0 1 0 0 
1 1 1 1 0 1 1 1 0 0 
1 0 0 1 0 1 0 1 1 0 
1 1 0 0 0 0 1 0 1 1 
0 0 0 0 0 1 0 0 1 0 
1 1 1 0 1 0 0 1 1 0 
1 0 0 0 0 0 0 0 0 0 
0 1 0 1 1 1 0 0 0 1 
0 1 1 0 0 0 1 0 1 1 
1 1 1 0 1 1 1 1 1 0 
numSequences: 3628800
minStacks: 15
Best sequence:
9 3 8 5 2 0 4 6 1 7 
1 1 0 0 1 0 0 0 0 0 
0 0 0 0 0 0 1 1 1 0 
0 0 0 0 1 0 1 1 1 1 
1 0 1 0 1 0 0 1 0 0 
1 0 1 1 0 1 0 0 0 1 
0 1 0 1 0 0 1 1 1 0 
1 1 0 0 0 0 1 1 0 1 
1 1 0 0 0 0 0 0 0 0 
1 1 1 1 1 1 0 0 0 0 
0 0 0 0 0 0 1 0 0 1 
0 1 0 1 1 1 1 0 0 1 
0 1 0 1 1 1 0 1 1 1 
0 1 1 1 0 1 0 0 0 1 
1 0 1 0 0 1 0 1 1 0 
0 0 1 1 0 0 0 0 0 0 
0 0 1 0 1 1 1 0 1 1 
0 0 0 0 0 1 0 0 0 0 
1 1 0 1 0 0 1 0 1 0 
1 0 1 0 1 0 0 1 1 0 
0 0 1 1 1 1 1 1 1 1 
Open stacks: 15
Took 8.38 seconds

buffer: Warwick 931: balanced orders, 10 orders per product
numCustomers: 20
numProducts: 10
0 0 1 0 0 1 0 1 0 0 
0 0 1 0 0 1 1 0 1 0 
0 1 1 0 1 0 1 0 0 0 
1 1 0 1 0 1 1 1 0 1 
0 0 0 0 1 1 0 0 1 0 
1 0 1 1 1 0 0 1 1 0 
0 0 0 0 1 0 1 1 1 1 
0 1 1 1 1 0 1 0 0 0 
0 1 0 0 1 0 1 0 0 1 
0 0 1 0 0 0 0 1 0 0 
1 1 0 1 0 0 0 1 0 0 
0 1 1 1 0 0 0 1 1 1 
1 0 0 0 0 1 1 0 1 0 
0 1 0 1 1 0 0 0 1 1 
1 1 1 1 1 1 0 0 1 1 
1 0 1 0 0 1 1 1 0 1 
1 1 1 1 1 1 1 0 0 0 
1 0 0 0 0 0 0 0 1 1 
1 0 0 1 0 1 0 1 0 1 
1 1 0 1 1 1 1 1 1 1 
numSequences: 3628800
minStacks: 17
Best sequence:
9 8 0 1 3 4 5 6 2 7 
0 0 0 0 0 0 1 0 1 1 
0 1 0 0 0 0 1 1 1 0 
0 0 0 1 0 1 0 1 1 0 
1 0 1 1 1 0 1 1 0 1 
0 1 0 0 0 1 1 0 0 0 
0 1 1 0 1 1 0 0 1 1 
1 1 0 0 0 1 0 1 0 1 
0 0 0 1 1 1 0 1 1 0 
1 0 0 1 0 1 0 1 0 0 
0 0 0 0 0 0 0 0 1 1 
0 0 1 1 1 0 0 0 0 1 
1 1 0 1 1 0 0 0 1 1 
0 1 1 0 0 0 1 1 0 0 
1 1 0 1 1 1 0 0 0 0 
1 1 1 1 1 1 1 0 1 0 
1 0 1 0 0 0 1 1 1 1 
0 0 1 1 1 1 1 1 1 0 
1 1 1 0 0 0 0 0 0 0 
1 0 1 0 1 0 1 0 0 1 
1 1 1 1 1 1 1 1 0 1 
Open stacks: 17
Took 8.41 seconds

buffer: Warwick 932: balanced orders, 10 orders per product
numCustomers: 20
numProducts: 10
1 0 0 1 0 1 0 0 0 1 
0 0 0 0 1 1 0 1 1 0 
0 0 1 1 1 1 1 1 1 0 
0 0 1 1 0 1 1 1 0 1 
1 1 1 1 1 1 1 1 0 0 
0 1 0 0 0 1 0 0 1 0 
0 1 0 0 1 1 1 0 0 0 
0 0 0 1 0 0 1 0 0 0 
1 1 0 1 1 0 0 1 0 1 
1 1 1 1 1 1 1 1 1 1 
0 1 1 1 0 0 1 0 0 1 
1 0 0 0 0 0 0 0 1 1 
1 1 1 0 0 1 0 0 0 0 
1 0 1 0 0 0 0 0 0 1 
1 1 0 0 0 0 0 1 1 1 
0 0 1 1 0 0 0 1 1 0 
1 0 1 0 1 0 0 1 1 1 
0 0 0 0 1 0 1 0 1 0 
1 1 1 0 1 1 1 0 1 1 
0 1 0 1 1 0 1 1 0 0 
numSequences: 3628800
minStacks: 17
Best sequence:
9 5 0 2 1 3 4 6 7 8 
1 1 1 0 0 1 0 0 0 0 
0 1 0 0 0 0 1 0 1 1 
0 1 0 1 0 1 1 1 1 1 
1 1 0 1 0 1 0 1 1 0 
0 1 1 1 1 1 1 1 1 0 
0 1 0 0 1 0 0 0 0 1 
0 1 0 0 1 0 1 1 0 0 
0 0 0 0 0 1 0 1 0 0 
1 0 1 0 1 1 1 0 1 0 
1 1 1 1 1 1 1 1 1 1 
1 0 0 1 1 1 0 1 0 0 
1 0 1 0 0 0 0 0 0 1 
0 1 1 1 1 0 0 0 0 0 
1 0 1 1 0 0 0 0 0 0 
1 0 1 0 1 0 0 0 1 1 
0 0 0 1 0 1 0 0 1 1 
1 0 1 1 0 0 1 0 1 1 
0 0 0 0 0 0 1 1 0 1 
1 1 1 1 1 0 1 1 0 1 
0 0 0 0 1 1 1 1 1 0 
Open stacks: 17
Took 8.42 seconds

buffer: Warwick 933: balanced orders, 10 orders per product
numCustomers: 20
numProducts: 10
1 1 0 0 1 1 1 0 1 0 
0 1 0 1 0 0 1 0 1 0 
0 0 1 1 1 0 0 0 0 0 
0 1 1 0 0 1 1 0 1 0 
1 0 1 1 0 0 1 1 1 0 
1 0 1 0 0 0 0 1 0 0 
0 0 1 0 1 0 0 0 0 0 
1 0 0 0 0 1 1 1 1 1 
1 1 0 0 1 1 1 1 0 1 
0 1 0 1 0 0 0 1 0 1 
1 0 0 1 0 0 0 1 0 1 
0 0 1 0 1 1 0 0 1 1 
0 0 0 1 1 1 1 1 1 1 
0 1 1 1 1 0 1 0 0 1 
1 1 1 1 0 1 0 0 0 1 
1 1 1 0 1 1 1 1 1 1 
1 1 0 1 1 1 0 0 0 1 
0 1 0 0 0 1 0 0 1 0 
1 0 0 0 1 0 1 1 0 0 
0 0 1 1 0 0 0 1 1 0 
numSequences: 3628800
minStacks: 17
Best sequence:
9 8 5 1 7 6 0 3 2 4 
0 1 1 1 0 1 1 0 0 1 
0 1 0 1 0 1 0 1 0 0 
0 0 0 0 0 0 0 1 1 1 
0 1 1 1 0 1 0 0 1 0 
0 1 0 0 1 1 1 1 1 0 
0 0 0 0 1 0 1 0 1 0 
0 0 0 0 0 0 0 0 1 1 
1 1 1 0 1 1 1 0 0 0 
1 0 1 1 1 1 1 0 0 1 
1 0 0 1 1 0 0 1 0 0 
1 0 0 0 1 0 1 1 0 0 
1 1 1 0 0 0 0 0 1 1 
1 1 1 0 1 1 0 1 0 1 
1 0 0 1 0 1 0 1 1 1 
1 0 1 1 0 0 1 1 1 0 
1 1 1 1 1 1 1 0 1 1 
1 0 1 1 0 0 1 1 0 1 
0 1 1 1 0 0 0 0 0 0 
0 0 0 0 1 1 1 0 0 1 
0 1 0 0 1 0 0 1 1 0 
Open stacks: 17
Took 8.42 seconds

buffer: Warwick 934: balanced orders, 10 orders per product
numCustomers: 20
numProducts: 10
0 0 1 0 1 0 1 1 0 0 
0 0 0 1 0 1 1 1 1 1 
1 0 0 0 0 1 1 0 1 0 
0 1 1 1 0 0 0 1 0 1 
1 1 1 0 0 1 0 0 0 1 
0 1 0 1 0 0 1 1 0 1 
0 0 1 0 1 1 0 1 1 1 
1 1 0 1 0 1 1 0 1 0 
1 0 0 0 1 0 0 0 0 0 
1 1 1 1 0 1 1 0 1 0 
0 1 1 1 0 0 0 1 1 1 
1 0 1 0 1 0 0 0 0 0 
1 1 1 1 1 1 1 1 0 0 
0 0 0 0 1 1 1 1 0 1 
0 0 0 1 1 0 1 0 1 0 
0 1 1 1 1 0 0 0 1 1 
1 1 0 0 0 1 0 0 0 0 
0 1 1 0 0 0 0 0 1 1 
1 0 0 0 1 0 0 1 1 0 
1 0 0 1 1 1 1 1 0 1 
numSequences: 3628800
minStacks: 18
Best sequence:
9 5 1 0 2 3 4 6 7 8 
0 0 0 0 1 0 1 1 1 0 
1 1 0 0 0 1 0 1 1 1 
0 1 0 1 0 0 0 1 0 1 
1 0 1 0 1 1 0 0 1 0 
1 1 1 1 1 0 0 0 0 0 
1 0 1 0 0 1 0 1 1 0 
1 1 0 0 1 0 1 0 1 1 
0 1 1 1 0 1 0 1 0 1 
0 0 0 1 0 0 1 0 0 0 
0 1 1 1 1 1 0 1 0 1 
1 0 1 0 1 1 0 0 1 1 
0 0 0 1 1 0 1 0 0 0 
0 1 1 1 1 1 1 1 1 0 
1 1 0 0 0 0 1 1 1 0 
0 0 0 0 0 1 1 1 0 1 
1 0 1 0 1 1 1 0 0 1 
0 1 1 1 0 0 0 0 0 0 
1 0 1 0 1 0 0 0 0 1 
0 0 0 1 0 0 1 0 1 1 
1 1 0 1 0 1 1 1 1 0 
Open stacks: 18
Took 8.41 seconds

buffer: Warwick 935: balanced orders, 10 orders per product
numCustomers: 20
numProducts: 10
1 1 1 1 1 1 0 0 1 1 
0 0 1 0 1 0 1 0 0 1 
1 0 1 1 0 0 0 0 0 0 
0 0 1 0 0 1 1 1 1 0 
1 0 0 1 1 0 1 1 1 1 
1 0 1 0 1 0 1 0 1 1 
1 1 1 0 0 1 1 1 0 1 
1 0 0 0 1 1 1 1 1 1 
0 1 0 1 0 1 0 0 1 1 
1 0 0 0 0 0 1 1 0 0 
1 1 1 0 0 1 0 1 0 0 
1 1 0 1 1 0 1 0 1 0 
0 1 1 1 0 0 0 0 0 1 
0 1 0 1 1 0 0 0 1 0 
0 1 1 0 1 1 1 1 1 0 
0 0 1 0 0 1 0 1 0 0 
0 0 0 1 1 0 0 1 0 1 
0 0 0 1 0 1 0 1 0 0 
0 1 0 1 0 1 0 0 1 0 
1 1 0 0 1 0 1 0 0 1 
numSequences: 3628800
minStacks: 18
Best sequence:
9 6 4 0 1 2 3 5 7 8 
1 0 1 1 1 1 1 1 0 1 
1 1 1 0 0 1 0 0 0 0 
0 0 0 1 0 1 1 0 0 0 
0 1 0 0 0 1 0 1 1 1 
1 1 1 1 0 0 1 0 1 1 
1 1 1 1 0 1 0 0 0 1 
1 1 0 1 1 1 0 1 1 0 
1 1 1 1 0 0 0 1 1 1 
1 0 0 0 1 0 1 1 0 1 
0 1 0 1 0 0 0 0 1 0 
0 0 0 1 1 1 0 1 1 0 
0 1 1 1 1 0 1 0 0 1 
1 0 0 0 1 1 1 0 0 0 
0 0 1 0 1 0 1 0 0 1 
0 1 1 0 1 1 0 1 1 1 
0 0 0 0 0 1 0 1 1 0 
1 0 1 0 0 0 1 0 1 0 
0 0 0 0 0 0 1 1 1 0 
0 0 0 0 1 0 1 1 0 1 
1 1 1 1 1 0 0 0 0 0 
Open stacks: 18
Took 8.41 seconds

buffer: Warwick 936: balanced orders, 10 orders per product
numCustomers: 20
numProducts: 10
1 1 0 0 0 1 1 1 1 1 
1 0 1 1 0 0 1 1 0 1 
1 1 1 0 1 0 0 0 0 0 
0 1 0 0 1 0 0 0 1 0 
0 0 1 0 0 1 0 0 0 0 
0 1 0 1 0 1 0 0 0 1 
0 0 0 1 1 1 1 0 0 0 
1 0 1 0 1 0 1 1 0 1 
1 0 1 0 0 1 0 0 1 0 
1 1 0 1 1 0 1 1 1 1 
1 1 1 0 0 0 0 1 0 1 
0 0 1 1 1 1 0 0 0 0 
1 0 0 0 0 1 1 1 1 1 
0 1 0 0 1 0 0 1 1 0 
1 0 1 1 0 1 0 1 1 1 
0 0 1 1 1 0 1 1 0 0 
0 1 0 1 0 0 1 1 1 0 
1 0 0 1 0 0 0 0 1 1 
0 1 1 0 1 1 1 0 0 0 
0 1 0 1 1 1 1 0 1 1 
numSequences: 3628800
minStacks: 18
Best sequence:
9 5 2 7 6 0 3 1 4 8 
1 1 0 1 1 1 0 1 0 1 
1 0 1 1 1 1 1 0 0 0 
0 0 1 0 0 1 0 1 1 0 
0 0 0 0 0 0 0 1 1 1 
0 1 1 0 0 0 0 0 0 0 
1 1 0 0 0 0 1 1 0 0 
0 1 0 0 1 0 1 0 1 0 
1 0 1 1 1 1 0 0 1 0 
0 1 1 0 0 1 0 0 0 1 
1 0 0 1 1 1 1 1 1 1 
1 0 1 1 0 1 0 1 0 0 
0 1 1 0 0 0 1 0 1 0 
1 1 0 1 1 1 0 0 0 1 
0 0 0 1 0 0 0 1 1 1 
1 1 1 1 0 1 1 0 0 1 
0 0 1 1 1 0 1 0 1 0 
0 0 0 1 1 0 1 1 0 1 
1 0 0 0 0 1 1 0 0 1 
0 1 1 0 1 0 0 1 1 0 
1 1 0 0 1 0 1 1 1 1 
Open stacks: 18
Took 8.42 seconds

buffer: Warwick 937: balanced orders, 10 orders per product
numCustomers: 20
numProducts: 10
1 1 0 1 0 0 1 0 1 0 
1 0 0 0 1 0 0 1 0 1 
1 1 1 1 0 1 1 0 1 1 
1 1 1 1 1 0 0 1 0 0 
0 0 0 1 0 1 0 1 1 0 
0 1 1 0 0 1 0 0 1 0 
1 0 1 0 1 1 1 1 1 1 
1 1 1 0 0 1 0 1 0 0 
0 0 0 0 0 0 0 0 0 1 
1 1 0 1 1 1 0 0 0 1 
1 0 1 1 1 1 1 1 0 0 
1 0 0 0 0 0 0 0 1 0 
0 0 1 1 1 0 1 1 0 1 
0 0 0 0 0 1 1 1 0 1 
0 0 1 1 1 0 1 1 0 1 
1 1 0 0 0 0 0 0 1 1 
0 1 1 0 1 1 0 1 1 0 
0 0 0 1 1 0 1 0 1 0 
0 1 1 1 0 1 1 0 0 0 
0 1 0 0 1 0 1 0 1 1 
numSequences: 3628800
minStacks: 17
Best sequence:
9 7 4 0 8 3 5 2 1 6 
0 0 0 1 1 1 0 0 1 1 
1 1 1 1 0 0 0 0 0 0 
1 0 0 1 1 1 1 1 1 1 
0 1 1 1 0 1 0 1 1 0 
0 1 0 0 1 1 1 0 0 0 
0 0 0 0 1 0 1 1 1 0 
1 1 1 1 1 0 1 1 0 1 
0 1 0 1 0 0 1 1 1 0 
1 0 0 0 0 0 0 0 0 0 
1 0 1 1 0 1 1 0 1 0 
0 1 1 1 0 1 1 1 0 1 
0 0 0 1 1 0 0 0 0 0 
1 1 1 0 0 1 0 1 0 1 
1 1 0 0 0 0 1 0 0 1 
1 1 1 0 0 1 0 1 0 1 
1 0 0 1 1 0 0 0 1 0 
0 1 1 0 1 0 1 1 1 0 
0 0 1 0 1 1 0 0 0 1 
0 0 0 0 0 1 1 1 1 1 
1 0 1 0 1 0 0 0 1 1 
Open stacks: 17
Took 8.42 seconds

buffer: Warwick 938: balanced orders, 10 orders per product
numCustomers: 20
numProducts: 10
0 0 1 0 1 0 1 1 0 1 
0 0 0 1 1 1 1 0 0 0 
1 1 1 0 0 0 1 0 0 1 
0 1 0 1 1 1 0 0 1 1 
1 0 0 1 0 1 0 0 0 1 
1 1 0 1 1 0 1 0 0 1 
1 1 0 0 1 0 0 0 0 1 
0 1 1 0 0 1 1 0 0 0 
1 0 1 1 0 0 0 1 1 0 
1 1 0 0 0 1 0 1 1 0 
0 1 1 1 1 1 1 0 1 0 
1 0 1 0 0 0 0 1 1 1 
1 0 1 0 0 1 0 1 1 1 
1 0 1 1 0 0 1 0 0 0 
0 0 1 1 0 1 1 1 1 0 
1 1 0 0 1 1 1 1 1 0 
0 1 0 1 1 1 0 0 1 0 
0 0 0 0 1 0 1 1 0 1 
0 1 1 1 0 0 0 1 0 1 
0 0 0 0 1 0 0 1 1 0 
numSequences: 3628800
minStacks: 19
Best sequence:
9 4 0 1 2 3 5 6 7 8 
1 1 0 0 1 0 0 1 1 0 
0 1 0 0 0 1 1 1 0 0 
1 0 1 1 1 0 0 1 0 0 
1 1 0 1 0 1 1 0 0 1 
1 0 1 0 0 1 1 0 0 0 
1 1 1 1 0 1 0 1 0 0 
1 1 1 1 0 0 0 0 0 0 
0 0 0 1 1 0 1 1 0 0 
0 0 1 0 1 1 0 0 1 1 
0 0 1 1 0 0 1 0 1 1 
0 1 0 1 1 1 1 1 0 1 
1 0 1 0 1 0 0 0 1 1 
1 0 1 0 1 0 1 0 1 1 
0 0 1 0 1 1 0 1 0 0 
0 0 0 0 1 1 1 1 1 1 
0 1 1 1 0 0 1 1 1 1 
0 1 0 1 0 1 1 0 0 1 
1 1 0 0 0 0 0 1 1 0 
1 0 0 1 1 1 0 0 1 0 
0 1 0 0 0 0 0 0 1 1 
Open stacks: 19
Took 8.4 seconds

buffer: Warwick 939: balanced orders, 10 orders per product
numCustomers: 20
numProducts: 10
0 1 1 0 1 1 1 1 0 0 
0 1 0 1 0 1 1 1 1 1 
0 1 1 0 0 1 0 1 0 0 
1 0 0 0 1 0 0 0 0 1 
1 0 0 1 0 0 0 0 1 1 
1 0 1 1 1 0 0 1 1 0 
1 1 1 0 0 0 0 0 0 1 
0 0 1 0 1 1 1 0 1 0 
1 0 0 0 0 0 1 1 1 1 
1 1 1 1 1 0 1 1 0 0 
0 1 0 1 0 0 1 1 0 1 
0 0 0 1 1 0 0 0 0 1 
1 0 1 1 0 1 0 0 0 1 
0 1 0 0 1 1 1 0 1 1 
0 0 1 0 1 1 1 1 0 0 
1 1 1 1 0 1 1 0 1 1 
1 1 0 0 1 1 1 1 0 0 
0 1 0 0 0 0 0 1 1 0 
1 0 0 1 1 0 0 0 1 0 
0 0 1 1 0 1 0 0 1 0 
numSequences: 3628800
minStacks: 17
Best sequence:
9 4 0 3 5 2 1 6 7 8 
0 1 0 0 1 1 1 1 1 0 
1 0 0 1 1 0 1 1 1 1 
0 0 0 0 1 1 1 0 1 0 
1 1 1 0 0 0 0 0 0 0 
1 0 1 1 0 0 0 0 0 1 
0 1 1 1 0 1 0 0 1 1 
1 0 1 0 0 1 1 0 0 0 
0 1 0 0 1 1 0 1 0 1 
1 0 1 0 0 0 0 1 1 1 
0 1 1 1 0 1 1 1 1 0 
1 0 0 1 0 0 1 1 1 0 
1 1 0 1 0 0 0 0 0 0 
1 0 1 1 1 1 0 0 0 0 
1 1 0 0 1 0 1 1 0 1 
0 1 0 0 1 1 0 1 1 0 
1 0 1 1 1 1 1 1 0 1 
0 1 1 0 1 0 1 1 1 0 
0 0 0 0 0 0 1 0 1 1 
0 1 1 1 0 0 0 0 0 1 
0 0 0 1 1 1 0 0 0 1 
Open stacks: 17
Took 8.41 seconds

buffer: Warwick 940: balanced orders, 10 orders per product
numCustomers: 20
numProducts: 10
1 1 1 0 0 0 1 1 0 1 
1 1 0 1 1 0 0 1 1 0 
1 1 1 1 0 0 0 0 0 1 
0 1 0 1 0 0 1 1 0 1 
0 1 0 1 0 0 0 0 1 0 
0 1 1 1 1 0 1 0 1 1 
1 1 0 1 1 1 1 1 1 1 
0 0 1 0 1 1 0 1 1 0 
1 0 1 0 1 1 1 0 0 0 
1 0 0 1 0 1 0 1 0 0 
0 1 0 0 0 1 1 1 1 1 
0 0 1 0 1 0 1 0 1 0 
0 1 1 1 1 0 0 1 0 0 
0 0 1 0 0 1 1 0 0 0 
1 0 0 0 1 1 0 1 0 1 
0 0 0 0 0 1 0 0 1 1 
0 0 0 1 0 0 0 1 1 0 
1 0 1 0 1 1 0 0 0 1 
1 1 0 1 1 1 1 0 0 1 
1 0 1 0 0 0 1 0 1 0 
numSequences: 3628800
minStacks: 17
Best sequence:
9 6 5 2 0 4 1 3 7 8 
1 1 0 1 1 0 1 0 1 0 
0 0 0 0 1 1 1 1 1 1 
1 0 0 1 1 0 1 1 0 0 
1 1 0 0 0 0 1 1 1 0 
0 0 0 0 0 0 1 1 0 1 
1 1 0 1 0 1 1 1 0 1 
1 1 1 0 1 1 1 1 1 1 
0 0 1 1 0 1 0 0 1 1 
0 1 1 1 1 1 0 0 0 0 
0 0 1 0 1 0 0 1 1 0 
1 1 1 0 0 0 1 0 1 1 
0 1 0 1 0 1 0 0 0 1 
0 0 0 1 0 1 1 1 1 0 
0 1 1 1 0 0 0 0 0 0 
1 0 1 0 1 1 0 0 1 0 
1 0 1 0 0 0 0 0 0 1 
0 0 0 0 0 0 0 1 1 1 
1 0 1 1 1 1 0 0 0 0 
1 1 1 0 1 1 1 1 0 0 
0 1 0 1 1 0 0 0 0 1 
Open stacks: 17
Took 8.41 seconds

Solved: 70 instances
totalTime: 583 seconds
minTime: 8.23 seconds
maxTime: 9.15 seconds
Average: 8.32857 seconds
