Solving by Brute Force...
buffer: Warwick 451: balanced orders, 2 orders per product
numCustomers: 15
numProducts: 15
1 0 0 0 0 0 0 0 0 0 0 0 0 1 1 
0 1 0 0 0 0 1 0 0 0 0 0 0 0 0 
0 0 0 0 0 0 0 1 0 0 0 0 0 1 0 
0 0 0 0 0 0 0 0 0 0 1 0 0 0 0 
0 0 0 0 0 0 0 0 1 0 0 0 0 0 0 
0 0 1 0 0 0 0 0 0 0 0 0 0 0 0 
0 0 0 0 0 0 0 0 0 0 1 0 0 0 0 
0 1 0 0 0 0 0 0 0 0 0 1 0 0 0 
0 0 0 0 1 0 0 0 0 0 0 0 0 0 0 
0 0 0 0 0 0 0 0 1 0 0 0 0 0 0 
0 0 0 1 1 0 0 1 0 0 0 0 0 0 1 
1 0 0 0 0 0 1 0 0 1 0 0 0 0 0 
0 0 0 0 0 0 0 0 0 0 0 0 1 0 0 
0 0 1 0 0 1 0 0 0 1 0 1 0 0 0 
0 0 0 1 0 1 0 0 0 0 0 0 1 0 0 
