Solving by Dynamic Programming...
buffer: Warwick 121: balanced orders, 2 orders per product
numCustomers: 10
numProducts: 20
0 1 0 0 0 0 0 0 0 1 0 0 0 1 0 0 0 0 0 1 
1 0 0 0 0 0 0 0 1 0 1 0 0 0 1 0 0 0 0 0 
0 0 0 0 0 0 0 0 0 0 0 0 1 1 1 0 0 0 1 0 
0 0 0 0 1 0 0 1 0 0 0 0 0 0 0 0 0 0 0 1 
0 0 0 0 0 0 0 0 0 0 0 0 0 0 0 0 1 0 0 0 
0 0 0 1 1 1 0 0 0 1 0 0 0 0 0 0 0 0 0 0 
1 0 0 0 0 1 0 0 0 0 0 1 0 0 0 1 0 0 0 0 
0 0 1 0 0 0 1 0 0 0 0 0 0 0 0 0 1 1 0 0 
0 1 0 1 0 0 1 1 1 0 0 1 0 0 0 0 0 1 1 0 
0 0 1 0 0 0 0 0 0 0 1 0 1 0 0 1 0 0 0 0 
Best sequence:
1 3 4 7 9 19 5 0 0 0 0 0 0 0 0 0 0 0 0 0 
1 0 0 0 1 1 0 0 0 0 0 0 0 0 0 0 0 0 0 0 
0 0 0 0 0 0 0 1 1 1 1 1 1 1 1 1 1 1 1 1 
0 0 0 0 0 0 0 0 0 0 0 0 0 0 0 0 0 0 0 0 
0 0 1 1 0 1 0 0 0 0 0 0 0 0 0 0 0 0 0 0 
0 0 0 0 0 0 0 0 0 0 0 0 0 0 0 0 0 0 0 0 
0 1 1 0 1 0 1 0 0 0 0 0 0 0 0 0 0 0 0 0 
0 0 0 0 0 0 1 1 1 1 1 1 1 1 1 1 1 1 1 1 
0 0 0 0 0 0 0 0 0 0 0 0 0 0 0 0 0 0 0 0 
1 1 0 1 0 0 0 0 0 0 0 0 0 0 0 0 0 0 0 0 
0 0 0 0 0 0 0 0 0 0 0 0 0 0 0 0 0 0 0 0 
OpenStacks: 4
Took 3.76 seconds

buffer: Warwick 122: balanced orders, 2 orders per product
numCustomers: 10
numProducts: 20
1 0 0 0 0 0 0 0 0 0 0 0 0 0 0 0 0 0 0 0 
0 1 1 0 0 0 0 0 1 1 0 0 0 1 1 1 0 0 0 0 
0 1 0 0 0 0 1 0 1 0 0 0 0 1 0 0 0 0 0 1 
0 0 1 0 0 0 0 1 0 1 1 0 1 0 0 0 0 0 0 0 
0 0 0 1 0 0 1 0 0 0 0 0 0 0 0 0 0 0 0 0 
0 0 0 0 0 0 0 0 0 0 0 0 0 0 0 1 0 1 0 1 
1 0 0 0 0 1 0 0 0 0 1 1 0 0 1 0 0 0 0 0 
0 0 0 0 1 0 0 1 0 0 0 1 0 0 0 0 1 0 1 0 
0 0 0 0 1 0 0 0 0 0 0 0 1 0 0 0 1 1 1 0 
0 0 0 1 0 1 0 0 0 0 0 0 0 0 0 0 0 0 0 0 
Best sequence:
0 3 5 6 1 8 13 0 0 0 0 0 0 0 0 0 0 0 0 0 
1 0 0 0 0 0 0 1 1 1 1 1 1 1 1 1 1 1 1 1 
0 0 0 0 1 1 1 0 0 0 0 0 0 0 0 0 0 0 0 0 
0 0 0 1 1 1 1 0 0 0 0 0 0 0 0 0 0 0 0 0 
0 0 0 0 0 0 0 0 0 0 0 0 0 0 0 0 0 0 0 0 
0 1 0 1 0 0 0 0 0 0 0 0 0 0 0 0 0 0 0 0 
0 0 0 0 0 0 0 0 0 0 0 0 0 0 0 0 0 0 0 0 
1 0 1 0 0 0 0 1 1 1 1 1 1 1 1 1 1 1 1 1 
0 0 0 0 0 0 0 0 0 0 0 0 0 0 0 0 0 0 0 0 
0 0 0 0 0 0 0 0 0 0 0 0 0 0 0 0 0 0 0 0 
0 1 1 0 0 0 0 0 0 0 0 0 0 0 0 0 0 0 0 0 
OpenStacks: 3
Took 3 seconds

buffer: Warwick 123: balanced orders, 2 orders per product
numCustomers: 10
numProducts: 20
0 0 0 0 0 0 0 0 0 0 0 1 0 0 0 0 0 0 0 0 
1 0 0 1 1 0 0 0 0 1 0 0 0 1 0 0 0 0 1 0 
0 0 0 0 0 0 0 0 0 0 0 0 1 0 0 1 0 1 0 0 
1 1 1 0 0 0 1 0 1 0 1 0 0 0 1 0 0 0 0 0 
0 0 0 1 0 0 0 0 0 0 1 0 0 0 0 0 0 0 0 0 
0 0 1 0 0 1 0 0 0 0 0 0 1 0 0 0 0 0 0 1 
0 0 0 0 0 0 1 0 0 1 0 0 0 0 0 0 1 0 0 0 
0 0 0 0 1 0 0 1 1 0 0 0 0 0 0 0 1 1 1 0 
0 0 0 0 0 1 0 1 0 0 0 0 0 0 1 1 0 0 0 0 
0 1 0 0 0 0 0 0 0 0 0 1 0 1 0 0 0 0 0 1 
Best sequence:
0 1 3 10 2 13 19 0 0 0 0 0 0 0 0 0 0 0 0 0 
0 0 0 0 0 0 0 0 0 0 0 0 0 0 0 0 0 0 0 0 
1 0 1 0 0 1 0 1 1 1 1 1 1 1 1 1 1 1 1 1 
0 0 0 0 0 0 0 0 0 0 0 0 0 0 0 0 0 0 0 0 
1 1 0 1 1 0 0 1 1 1 1 1 1 1 1 1 1 1 1 1 
0 0 1 1 0 0 0 0 0 0 0 0 0 0 0 0 0 0 0 0 
0 0 0 0 1 0 1 0 0 0 0 0 0 0 0 0 0 0 0 0 
0 0 0 0 0 0 0 0 0 0 0 0 0 0 0 0 0 0 0 0 
0 0 0 0 0 0 0 0 0 0 0 0 0 0 0 0 0 0 0 0 
0 0 0 0 0 0 0 0 0 0 0 0 0 0 0 0 0 0 0 0 
0 1 0 0 0 1 1 0 0 0 0 0 0 0 0 0 0 0 0 0 
OpenStacks: 4
Took 2.98 seconds

buffer: Warwick 124: balanced orders, 2 orders per product
numCustomers: 10
numProducts: 20
0 1 0 0 0 0 0 1 1 0 0 0 1 1 0 1 0 0 0 0 
0 1 0 0 0 1 0 1 0 1 0 0 0 0 0 0 0 0 0 0 
0 0 1 0 1 0 0 0 0 1 0 0 1 0 0 0 0 0 1 0 
0 0 0 0 0 0 0 0 1 0 0 1 0 0 0 0 0 1 0 0 
0 0 0 1 0 0 0 0 0 0 1 0 0 0 0 0 0 1 1 0 
1 0 0 0 0 0 0 0 0 0 0 0 0 0 1 0 0 0 0 1 
0 0 1 0 1 0 0 0 0 0 0 0 0 0 0 0 0 0 0 0 
0 0 0 0 0 0 1 0 0 0 0 1 0 1 1 0 1 0 0 0 
1 0 0 1 0 1 1 0 0 0 1 0 0 0 0 0 0 0 0 1 
0 0 0 0 0 0 0 0 0 0 0 0 0 0 0 1 1 0 0 0 
Best sequence:
0 2 4 3 10 18 19 0 0 0 0 0 0 0 0 0 0 0 0 0 
0 0 0 0 0 0 0 0 0 0 0 0 0 0 0 0 0 0 0 0 
0 0 0 0 0 0 0 0 0 0 0 0 0 0 0 0 0 0 0 0 
0 1 1 0 0 1 0 0 0 0 0 0 0 0 0 0 0 0 0 0 
0 0 0 0 0 0 0 0 0 0 0 0 0 0 0 0 0 0 0 0 
0 0 0 1 1 1 0 0 0 0 0 0 0 0 0 0 0 0 0 0 
1 0 0 0 0 0 1 1 1 1 1 1 1 1 1 1 1 1 1 1 
0 1 1 0 0 0 0 0 0 0 0 0 0 0 0 0 0 0 0 0 
0 0 0 0 0 0 0 0 0 0 0 0 0 0 0 0 0 0 0 0 
1 0 0 1 1 0 1 1 1 1 1 1 1 1 1 1 1 1 1 1 
0 0 0 0 0 0 0 0 0 0 0 0 0 0 0 0 0 0 0 0 
OpenStacks: 4
Took 3 seconds

buffer: Warwick 125: balanced orders, 2 orders per product
numCustomers: 10
numProducts: 20
0 0 0 1 0 0 0 0 0 0 0 0 0 0 0 1 0 0 0 0 
0 0 0 0 0 1 0 0 1 0 1 1 0 1 0 0 1 1 1 1 
0 0 1 0 0 0 0 0 0 1 0 0 0 0 0 0 0 0 0 1 
1 1 0 0 1 0 0 0 0 1 0 0 0 0 0 1 1 0 0 0 
0 0 0 0 0 0 0 0 0 0 0 0 0 0 1 0 0 0 1 0 
0 0 0 0 0 0 1 0 1 0 0 0 1 1 0 0 0 0 0 0 
0 0 0 0 1 0 0 0 0 0 0 0 1 0 1 0 0 0 0 0 
1 1 0 0 0 0 1 0 0 0 1 0 0 0 0 0 0 1 0 0 
0 0 1 0 0 1 0 1 0 0 0 1 0 0 0 0 0 0 0 0 
0 0 0 1 0 0 0 1 0 0 0 0 0 0 0 0 0 0 0 0 
Best sequence:
0 1 3 15 7 2 9 0 0 0 0 0 0 0 0 0 0 0 0 0 
0 0 1 1 0 0 0 0 0 0 0 0 0 0 0 0 0 0 0 0 
0 0 0 0 0 0 0 0 0 0 0 0 0 0 0 0 0 0 0 0 
0 0 0 0 0 1 1 0 0 0 0 0 0 0 0 0 0 0 0 0 
1 1 0 1 0 0 1 1 1 1 1 1 1 1 1 1 1 1 1 1 
0 0 0 0 0 0 0 0 0 0 0 0 0 0 0 0 0 0 0 0 
0 0 0 0 0 0 0 0 0 0 0 0 0 0 0 0 0 0 0 0 
0 0 0 0 0 0 0 0 0 0 0 0 0 0 0 0 0 0 0 0 
1 1 0 0 0 0 0 1 1 1 1 1 1 1 1 1 1 1 1 1 
0 0 0 0 1 1 0 0 0 0 0 0 0 0 0 0 0 0 0 0 
0 0 1 0 1 0 0 0 0 0 0 0 0 0 0 0 0 0 0 0 
OpenStacks: 4
Took 2.99 seconds

buffer: Warwick 126: balanced orders, 2 orders per product
numCustomers: 10
numProducts: 20
0 0 0 0 0 0 0 0 0 0 1 0 1 0 0 1 0 0 0 0 
0 0 1 0 1 0 0 0 0 1 0 0 0 0 0 0 1 0 0 0 
0 0 0 1 0 0 0 0 0 0 0 0 0 1 0 0 0 0 0 0 
0 1 0 0 0 0 0 0 0 0 0 0 0 1 0 0 0 1 0 0 
1 0 0 0 0 0 0 1 1 0 0 0 0 0 0 0 0 0 0 0 
0 0 0 0 0 0 1 0 0 0 0 0 1 0 1 1 0 1 0 0 
0 0 0 1 1 1 0 0 0 0 1 0 0 0 0 0 0 0 0 1 
1 0 0 0 0 0 0 0 0 0 0 1 0 0 0 0 0 0 0 0 
0 1 0 0 0 1 0 0 0 1 0 1 0 0 1 0 1 0 1 0 
0 0 1 0 0 0 1 1 1 0 0 0 0 0 0 0 0 0 1 1 
Best sequence:
0 7 8 11 2 9 16 0 0 0 0 0 0 0 0 0 0 0 0 0 
0 0 0 0 0 0 0 0 0 0 0 0 0 0 0 0 0 0 0 0 
0 0 0 0 1 1 1 0 0 0 0 0 0 0 0 0 0 0 0 0 
0 0 0 0 0 0 0 0 0 0 0 0 0 0 0 0 0 0 0 0 
0 0 0 0 0 0 0 0 0 0 0 0 0 0 0 0 0 0 0 0 
1 1 1 0 0 0 0 1 1 1 1 1 1 1 1 1 1 1 1 1 
0 0 0 0 0 0 0 0 0 0 0 0 0 0 0 0 0 0 0 0 
0 0 0 0 0 0 0 0 0 0 0 0 0 0 0 0 0 0 0 0 
1 0 0 1 0 0 0 1 1 1 1 1 1 1 1 1 1 1 1 1 
0 0 0 1 0 1 1 0 0 0 0 0 0 0 0 0 0 0 0 0 
0 1 1 0 1 0 0 0 0 0 0 0 0 0 0 0 0 0 0 0 
OpenStacks: 3
Took 2.99 seconds

buffer: Warwick 127: balanced orders, 2 orders per product
numCustomers: 10
numProducts: 20
1 0 0 0 0 0 0 0 0 1 1 0 0 1 1 0 1 1 0 1 
0 0 0 0 0 0 0 0 1 0 0 0 1 0 0 1 0 0 0 0 
0 0 0 0 0 0 0 1 0 0 1 0 1 0 0 1 0 0 0 0 
0 0 1 0 0 1 0 0 0 0 0 0 0 0 0 0 0 0 1 0 
0 0 0 0 1 0 0 1 1 0 0 1 0 1 0 0 0 0 0 1 
1 1 0 0 0 0 0 0 0 1 0 0 0 0 0 0 0 0 1 0 
0 0 0 0 0 0 0 0 0 0 0 0 0 0 0 0 1 0 0 0 
0 0 0 1 0 1 1 0 0 0 0 0 0 0 1 0 0 1 0 0 
0 1 0 0 1 0 0 0 0 0 0 1 0 0 0 0 0 0 0 0 
0 0 1 1 0 0 1 0 0 0 0 0 0 0 0 0 0 0 0 0 
Best sequence:
1 4 11 0 9 13 19 0 0 0 0 0 0 0 0 0 0 0 0 0 
0 0 0 1 1 1 1 1 1 1 1 1 1 1 1 1 1 1 1 1 
0 0 0 0 0 0 0 0 0 0 0 0 0 0 0 0 0 0 0 0 
0 0 0 0 0 0 0 0 0 0 0 0 0 0 0 0 0 0 0 0 
0 0 0 0 0 0 0 0 0 0 0 0 0 0 0 0 0 0 0 0 
0 1 1 0 0 1 1 0 0 0 0 0 0 0 0 0 0 0 0 0 
1 0 0 1 1 0 0 1 1 1 1 1 1 1 1 1 1 1 1 1 
0 0 0 0 0 0 0 0 0 0 0 0 0 0 0 0 0 0 0 0 
0 0 0 0 0 0 0 0 0 0 0 0 0 0 0 0 0 0 0 0 
1 1 1 0 0 0 0 0 0 0 0 0 0 0 0 0 0 0 0 0 
0 0 0 0 0 0 0 0 0 0 0 0 0 0 0 0 0 0 0 0 
OpenStacks: 3
Took 3 seconds

buffer: Warwick 128: balanced orders, 2 orders per product
numCustomers: 10
numProducts: 20
1 0 0 0 0 0 0 0 0 0 0 0 0 1 0 0 0 0 0 1 
0 0 0 0 0 1 0 0 0 0 0 1 0 0 0 0 0 0 0 0 
0 1 0 0 1 0 0 0 0 0 0 0 0 0 0 1 0 1 0 0 
0 0 1 0 0 0 1 0 0 1 0 1 1 0 0 1 0 0 0 0 
0 0 0 1 0 0 1 1 1 0 0 0 0 0 1 0 0 0 1 0 
1 0 0 1 0 0 0 0 1 0 0 0 0 0 0 0 0 0 0 0 
0 0 0 0 0 0 0 1 0 0 0 0 1 0 0 0 0 0 0 0 
0 1 0 0 1 1 0 0 0 0 0 0 0 1 0 0 0 1 0 1 
0 0 0 0 0 0 0 0 0 0 1 0 0 0 1 0 1 0 0 0 
0 0 1 0 0 0 0 0 0 1 1 0 0 0 0 0 1 0 1 0 
Best sequence:
0 3 8 13 19 1 4 0 0 0 0 0 0 0 0 0 0 0 0 0 
1 0 0 1 1 0 0 1 1 1 1 1 1 1 1 1 1 1 1 1 
0 0 0 0 0 0 0 0 0 0 0 0 0 0 0 0 0 0 0 0 
0 0 0 0 0 1 1 0 0 0 0 0 0 0 0 0 0 0 0 0 
0 0 0 0 0 0 0 0 0 0 0 0 0 0 0 0 0 0 0 0 
0 1 1 0 0 0 0 0 0 0 0 0 0 0 0 0 0 0 0 0 
1 1 1 0 0 0 0 1 1 1 1 1 1 1 1 1 1 1 1 1 
0 0 0 0 0 0 0 0 0 0 0 0 0 0 0 0 0 0 0 0 
0 0 0 1 1 1 1 0 0 0 0 0 0 0 0 0 0 0 0 0 
0 0 0 0 0 0 0 0 0 0 0 0 0 0 0 0 0 0 0 0 
0 0 0 0 0 0 0 0 0 0 0 0 0 0 0 0 0 0 0 0 
OpenStacks: 3
Took 2.99 seconds

buffer: Warwick 129: balanced orders, 2 orders per product
numCustomers: 10
numProducts: 20
1 0 0 0 0 1 0 0 0 0 0 1 0 0 0 1 1 0 0 0 
0 1 0 0 0 0 1 0 1 0 0 0 0 1 0 0 0 1 0 0 
0 0 0 1 0 0 0 0 0 1 0 0 0 0 1 0 0 0 0 0 
1 0 0 0 0 0 0 0 0 0 0 1 1 0 0 0 0 0 0 0 
0 0 0 0 0 0 0 0 0 0 0 0 0 1 0 1 1 0 1 0 
0 0 1 0 1 0 0 1 0 1 1 0 0 0 0 0 0 0 0 0 
0 0 0 0 0 0 0 1 0 0 0 0 0 0 0 0 0 0 1 0 
0 0 0 0 1 0 0 0 1 0 0 0 0 0 0 0 0 1 0 0 
0 0 1 1 0 1 0 0 0 0 1 0 1 0 1 0 0 0 0 1 
0 1 0 0 0 0 1 0 0 0 0 0 0 0 0 0 0 0 0 1 
Best sequence:
0 5 11 12 15 16 2 0 0 0 0 0 0 0 0 0 0 0 0 0 
1 1 1 0 1 1 0 1 1 1 1 1 1 1 1 1 1 1 1 1 
0 0 0 0 0 0 0 0 0 0 0 0 0 0 0 0 0 0 0 0 
0 0 0 0 0 0 0 0 0 0 0 0 0 0 0 0 0 0 0 0 
1 0 1 1 0 0 0 1 1 1 1 1 1 1 1 1 1 1 1 1 
0 0 0 0 1 1 0 0 0 0 0 0 0 0 0 0 0 0 0 0 
0 0 0 0 0 0 1 0 0 0 0 0 0 0 0 0 0 0 0 0 
0 0 0 0 0 0 0 0 0 0 0 0 0 0 0 0 0 0 0 0 
0 0 0 0 0 0 0 0 0 0 0 0 0 0 0 0 0 0 0 0 
0 1 0 1 0 0 1 0 0 0 0 0 0 0 0 0 0 0 0 0 
0 0 0 0 0 0 0 0 0 0 0 0 0 0 0 0 0 0 0 0 
OpenStacks: 3
Took 2.99 seconds

buffer: Warwick 130: balanced orders, 2 orders per product
numCustomers: 10
numProducts: 20
0 0 0 0 0 0 0 0 0 1 0 0 0 1 0 0 0 0 0 1 
0 0 0 0 1 0 0 0 1 0 0 0 1 0 1 0 1 0 0 0 
0 0 0 0 0 1 0 0 0 0 0 0 0 0 0 0 0 0 0 0 
0 0 1 1 0 0 0 0 0 0 0 1 0 0 0 0 0 0 0 0 
1 0 0 1 0 0 0 1 0 0 1 1 0 0 0 1 0 0 0 0 
0 0 0 0 1 0 0 1 0 0 0 0 0 0 0 0 0 1 0 0 
1 1 0 0 0 1 0 0 1 0 0 0 1 0 0 0 1 0 1 0 
0 0 1 0 0 0 1 0 0 0 0 0 0 0 1 1 0 1 0 0 
0 1 0 0 0 0 1 0 0 1 0 0 0 1 0 0 0 0 0 1 
0 0 0 0 0 0 0 0 0 0 1 0 0 0 0 0 0 0 1 0 
Best sequence:
0 5 10 18 8 12 16 0 0 0 0 0 0 0 0 0 0 0 0 0 
0 0 0 0 0 0 0 0 0 0 0 0 0 0 0 0 0 0 0 0 
0 0 0 0 1 1 1 0 0 0 0 0 0 0 0 0 0 0 0 0 
0 1 0 0 0 0 0 0 0 0 0 0 0 0 0 0 0 0 0 0 
0 0 0 0 0 0 0 0 0 0 0 0 0 0 0 0 0 0 0 0 
1 0 1 0 0 0 0 1 1 1 1 1 1 1 1 1 1 1 1 1 
0 0 0 0 0 0 0 0 0 0 0 0 0 0 0 0 0 0 0 0 
1 1 0 1 1 1 1 1 1 1 1 1 1 1 1 1 1 1 1 1 
0 0 0 0 0 0 0 0 0 0 0 0 0 0 0 0 0 0 0 0 
0 0 0 0 0 0 0 0 0 0 0 0 0 0 0 0 0 0 0 0 
0 0 1 1 0 0 0 0 0 0 0 0 0 0 0 0 0 0 0 0 
OpenStacks: 3
Took 2.99 seconds

buffer: Warwick 131: balanced orders, 3 orders per product
numCustomers: 10
numProducts: 20
0 0 0 0 1 0 0 0 0 0 1 0 0 1 0 0 0 0 1 0 
1 0 0 1 0 1 1 0 0 0 1 0 1 1 1 0 1 1 0 0 
1 0 1 0 1 1 1 0 1 1 0 1 0 0 1 1 0 1 0 0 
1 0 0 0 0 0 1 1 0 0 0 0 0 0 0 1 0 0 1 1 
0 1 1 0 1 1 0 1 1 0 0 0 1 0 0 0 0 0 0 0 
0 0 0 0 0 0 0 0 0 0 0 1 0 0 0 0 1 0 0 0 
0 1 0 0 0 0 0 0 0 0 1 0 1 0 0 0 0 0 0 0 
0 0 0 1 0 0 0 1 0 0 0 0 0 0 0 1 1 1 1 0 
0 0 1 1 0 0 0 0 1 1 0 1 0 0 0 0 0 0 0 1 
0 1 0 0 0 0 0 0 0 1 0 0 0 1 1 0 0 0 0 1 
Best sequence:
1 10 12 4 5 13 14 0 0 0 0 0 0 0 0 0 0 0 0 0 
0 1 0 1 0 1 0 0 0 0 0 0 0 0 0 0 0 0 0 0 
0 1 1 0 1 1 1 1 1 1 1 1 1 1 1 1 1 1 1 1 
0 0 0 1 1 0 1 1 1 1 1 1 1 1 1 1 1 1 1 1 
0 0 0 0 0 0 0 1 1 1 1 1 1 1 1 1 1 1 1 1 
1 0 1 1 1 0 0 0 0 0 0 0 0 0 0 0 0 0 0 0 
0 0 0 0 0 0 0 0 0 0 0 0 0 0 0 0 0 0 0 0 
1 1 1 0 0 0 0 0 0 0 0 0 0 0 0 0 0 0 0 0 
0 0 0 0 0 0 0 0 0 0 0 0 0 0 0 0 0 0 0 0 
0 0 0 0 0 0 0 0 0 0 0 0 0 0 0 0 0 0 0 0 
1 0 0 0 0 1 1 0 0 0 0 0 0 0 0 0 0 0 0 0 
OpenStacks: 5
Took 3 seconds

buffer: Warwick 132: balanced orders, 3 orders per product
numCustomers: 10
numProducts: 20
0 0 1 0 0 0 0 0 0 1 0 0 1 0 0 0 0 1 0 0 
0 0 0 0 0 1 0 0 0 0 0 0 0 1 0 0 0 1 0 1 
1 1 0 1 0 1 0 0 0 1 1 0 0 0 1 0 0 1 1 0 
1 0 0 0 0 1 0 0 0 0 0 1 0 0 0 0 0 0 1 1 
0 0 0 0 0 0 1 1 0 0 0 0 0 0 1 1 0 0 0 0 
0 1 1 0 0 0 0 1 1 0 1 1 1 0 0 1 1 0 1 0 
0 1 0 1 1 0 1 0 0 0 0 0 0 1 0 0 0 0 0 0 
0 0 1 1 1 0 0 0 1 1 1 1 0 0 0 0 0 0 0 0 
1 0 0 0 1 0 1 1 1 0 0 0 0 0 0 1 1 0 0 1 
0 0 0 0 0 0 0 0 0 0 0 0 1 1 1 0 1 0 0 0 
Best sequence:
0 1 3 4 8 10 11 0 0 0 0 0 0 0 0 0 0 0 0 0 
0 0 0 0 0 0 0 0 0 0 0 0 0 0 0 0 0 0 0 0 
0 0 0 0 0 0 0 0 0 0 0 0 0 0 0 0 0 0 0 0 
1 1 1 0 0 1 0 1 1 1 1 1 1 1 1 1 1 1 1 1 
1 0 0 0 0 0 1 1 1 1 1 1 1 1 1 1 1 1 1 1 
0 0 0 0 0 0 0 0 0 0 0 0 0 0 0 0 0 0 0 0 
0 1 0 0 1 1 1 0 0 0 0 0 0 0 0 0 0 0 0 0 
0 1 1 1 0 0 0 0 0 0 0 0 0 0 0 0 0 0 0 0 
0 0 1 1 1 1 1 0 0 0 0 0 0 0 0 0 0 0 0 0 
1 0 0 1 1 0 0 1 1 1 1 1 1 1 1 1 1 1 1 1 
0 0 0 0 0 0 0 0 0 0 0 0 0 0 0 0 0 0 0 0 
OpenStacks: 6
Took 2.99 seconds

buffer: Warwick 133: balanced orders, 3 orders per product
numCustomers: 10
numProducts: 20
0 0 0 0 1 0 0 0 1 1 0 0 0 0 0 0 0 0 1 0 
0 0 1 0 0 1 0 0 0 1 0 0 1 0 1 1 0 0 0 0 
0 0 1 1 0 0 0 0 0 1 1 0 0 1 1 0 1 0 0 1 
0 1 0 1 0 0 0 0 0 0 1 1 0 0 0 0 0 1 0 0 
0 0 0 0 0 1 0 1 1 0 1 1 0 1 0 0 1 0 1 1 
1 1 0 1 1 1 1 1 1 0 0 0 0 0 0 1 1 0 1 1 
0 1 0 0 0 0 0 0 0 0 0 1 0 0 0 0 0 0 0 0 
1 0 0 0 0 0 1 0 0 0 0 0 1 0 0 0 0 1 0 0 
1 0 1 0 0 0 0 0 0 0 0 0 0 1 1 0 0 0 0 0 
0 0 0 0 1 0 1 1 0 0 0 0 1 0 0 1 0 1 0 0 
Best sequence:
1 3 10 11 5 16 19 0 0 0 0 0 0 0 0 0 0 0 0 0 
0 0 0 0 0 0 0 0 0 0 0 0 0 0 0 0 0 0 0 0 
0 0 0 0 1 0 0 0 0 0 0 0 0 0 0 0 0 0 0 0 
0 1 1 0 0 1 1 0 0 0 0 0 0 0 0 0 0 0 0 0 
1 1 1 1 0 0 0 0 0 0 0 0 0 0 0 0 0 0 0 0 
0 0 1 1 1 1 1 0 0 0 0 0 0 0 0 0 0 0 0 0 
1 1 0 0 1 1 1 1 1 1 1 1 1 1 1 1 1 1 1 1 
1 0 0 1 0 0 0 0 0 0 0 0 0 0 0 0 0 0 0 0 
0 0 0 0 0 0 0 1 1 1 1 1 1 1 1 1 1 1 1 1 
0 0 0 0 0 0 0 1 1 1 1 1 1 1 1 1 1 1 1 1 
0 0 0 0 0 0 0 0 0 0 0 0 0 0 0 0 0 0 0 0 
OpenStacks: 5
Took 3 seconds

buffer: Warwick 134: balanced orders, 3 orders per product
numCustomers: 10
numProducts: 20
0 0 0 1 0 1 0 0 0 0 1 0 1 0 1 1 0 0 1 0 
1 0 0 1 0 0 0 0 1 1 0 1 0 1 0 0 0 1 0 0 
1 0 0 0 0 0 0 0 0 0 0 0 0 0 0 1 0 0 0 0 
0 1 0 0 0 0 0 0 0 1 1 1 1 1 1 0 1 0 1 1 
0 0 1 0 0 0 0 0 0 0 0 0 0 0 1 0 0 1 0 0 
1 0 0 0 0 0 1 0 0 0 0 0 0 0 0 0 0 0 0 0 
0 1 0 0 0 1 1 1 1 1 0 0 0 0 0 0 1 0 1 1 
0 1 0 0 1 0 0 0 0 0 0 0 1 1 0 0 0 0 0 0 
0 0 1 1 1 0 0 1 1 0 1 0 0 0 0 0 1 1 0 1 
0 0 1 0 1 1 1 1 0 0 0 1 0 0 0 1 0 0 0 0 
Best sequence:
0 6 5 15 3 7 8 0 0 0 0 0 0 0 0 0 0 0 0 0 
0 0 1 1 1 0 0 0 0 0 0 0 0 0 0 0 0 0 0 0 
1 0 0 0 1 0 1 1 1 1 1 1 1 1 1 1 1 1 1 1 
1 0 0 1 0 0 0 1 1 1 1 1 1 1 1 1 1 1 1 1 
0 0 0 0 0 0 0 0 0 0 0 0 0 0 0 0 0 0 0 0 
0 0 0 0 0 0 0 0 0 0 0 0 0 0 0 0 0 0 0 0 
1 1 0 0 0 0 0 1 1 1 1 1 1 1 1 1 1 1 1 1 
0 1 1 0 0 1 1 0 0 0 0 0 0 0 0 0 0 0 0 0 
0 0 0 0 0 0 0 0 0 0 0 0 0 0 0 0 0 0 0 0 
0 0 0 0 1 1 1 0 0 0 0 0 0 0 0 0 0 0 0 0 
0 1 1 1 0 1 0 0 0 0 0 0 0 0 0 0 0 0 0 0 
OpenStacks: 5
Took 2.99 seconds

buffer: Warwick 135: balanced orders, 3 orders per product
numCustomers: 10
numProducts: 20
0 0 1 0 0 0 1 0 0 0 1 1 1 0 0 0 0 1 0 0 
0 0 0 0 0 1 0 1 0 0 1 1 0 0 1 0 0 0 0 1 
0 0 0 1 0 0 1 0 1 0 1 0 0 0 0 1 1 1 0 0 
1 0 0 0 0 0 1 0 1 1 0 0 0 0 0 0 0 0 0 0 
0 1 0 0 0 0 0 0 0 0 0 0 0 1 0 0 0 0 1 0 
1 0 0 0 0 1 0 0 1 1 0 0 0 0 0 0 0 0 0 0 
0 0 1 0 1 0 0 1 0 0 0 0 1 1 1 1 0 0 1 1 
1 1 1 1 1 0 0 0 0 0 0 0 1 0 1 0 0 0 0 0 
0 0 0 0 1 0 0 0 0 0 0 0 0 1 0 1 1 0 0 1 
0 1 0 1 0 1 0 1 0 1 0 1 0 0 0 0 1 1 1 0 
Best sequence:
1 4 13 18 3 15 16 0 0 0 0 0 0 0 0 0 0 0 0 0 
0 0 0 0 0 0 0 0 0 0 0 0 0 0 0 0 0 0 0 0 
0 0 0 0 0 0 0 0 0 0 0 0 0 0 0 0 0 0 0 0 
0 0 0 0 1 1 1 0 0 0 0 0 0 0 0 0 0 0 0 0 
0 0 0 0 0 0 0 1 1 1 1 1 1 1 1 1 1 1 1 1 
1 0 1 1 0 0 0 0 0 0 0 0 0 0 0 0 0 0 0 0 
0 0 0 0 0 0 0 1 1 1 1 1 1 1 1 1 1 1 1 1 
0 1 1 1 0 1 0 0 0 0 0 0 0 0 0 0 0 0 0 0 
1 1 0 0 1 0 0 1 1 1 1 1 1 1 1 1 1 1 1 1 
0 1 1 0 0 1 1 0 0 0 0 0 0 0 0 0 0 0 0 0 
1 0 0 1 1 0 1 0 0 0 0 0 0 0 0 0 0 0 0 0 
OpenStacks: 5
Took 2.99 seconds

buffer: Warwick 136: balanced orders, 3 orders per product
numCustomers: 10
numProducts: 20
0 0 0 0 0 0 0 0 0 1 1 0 1 1 0 0 1 0 1 1 
0 0 0 1 0 0 0 1 0 1 1 0 0 0 0 0 0 0 0 1 
0 0 0 0 0 1 1 1 0 0 1 0 0 1 0 0 1 0 0 0 
1 0 1 1 0 0 1 0 0 1 0 0 0 1 0 0 0 1 0 1 
1 1 0 0 1 0 0 0 1 0 0 0 0 0 1 1 0 0 1 0 
0 0 1 1 0 0 1 0 1 0 0 1 1 0 0 0 0 0 0 0 
0 0 0 0 1 0 0 0 0 0 0 1 0 0 0 1 0 0 0 0 
1 1 0 0 0 1 0 1 1 0 0 1 0 0 0 0 1 1 0 0 
0 1 1 0 0 0 0 0 0 0 0 0 0 0 1 0 0 0 0 0 
0 0 0 0 1 1 0 0 0 0 0 0 1 0 1 1 0 1 1 0 
Best sequence:
0 1 2 8 14 3 17 0 0 0 0 0 0 0 0 0 0 0 0 0 
0 0 0 0 0 0 0 0 0 0 0 0 0 0 0 0 0 0 0 0 
0 0 0 0 0 1 0 0 0 0 0 0 0 0 0 0 0 0 0 0 
0 0 0 0 0 0 0 0 0 0 0 0 0 0 0 0 0 0 0 0 
1 0 1 0 0 1 1 1 1 1 1 1 1 1 1 1 1 1 1 1 
1 1 0 1 1 0 0 1 1 1 1 1 1 1 1 1 1 1 1 1 
0 0 1 1 0 1 0 0 0 0 0 0 0 0 0 0 0 0 0 0 
0 0 0 0 0 0 0 0 0 0 0 0 0 0 0 0 0 0 0 0 
1 1 0 1 0 0 1 1 1 1 1 1 1 1 1 1 1 1 1 1 
0 1 1 0 1 0 0 0 0 0 0 0 0 0 0 0 0 0 0 0 
0 0 0 0 1 0 1 0 0 0 0 0 0 0 0 0 0 0 0 0 
OpenStacks: 6
Took 2.99 seconds

buffer: Warwick 137: balanced orders, 3 orders per product
numCustomers: 10
numProducts: 20
0 0 0 0 0 0 0 0 0 0 1 0 0 0 0 0 1 0 1 0 
0 0 0 1 0 0 0 0 0 1 0 1 0 0 1 1 1 0 0 0 
1 1 0 0 1 0 0 0 0 0 0 0 0 1 0 1 0 0 0 0 
0 0 0 0 1 0 0 0 0 0 0 1 0 1 0 0 0 0 1 0 
0 1 1 1 0 0 1 0 1 0 1 0 1 0 0 0 0 1 0 0 
0 0 0 0 0 1 0 1 1 0 0 0 1 0 0 0 0 1 1 1 
1 1 1 0 0 1 1 1 0 1 1 0 0 0 1 0 1 0 0 1 
0 0 1 0 0 0 1 1 1 0 0 0 0 0 0 1 0 1 0 0 
0 0 0 1 0 1 0 0 0 0 0 0 0 1 0 0 0 0 0 1 
1 0 0 0 1 0 0 0 0 1 0 1 1 0 1 0 0 0 0 0 
Best sequence:
2 5 6 7 8 17 19 0 0 0 0 0 0 0 0 0 0 0 0 0 
0 0 0 0 0 0 0 0 0 0 0 0 0 0 0 0 0 0 0 0 
0 0 0 0 0 0 0 0 0 0 0 0 0 0 0 0 0 0 0 0 
0 0 0 0 0 0 0 1 1 1 1 1 1 1 1 1 1 1 1 1 
0 0 0 0 0 0 0 0 0 0 0 0 0 0 0 0 0 0 0 0 
1 0 1 0 1 1 0 0 0 0 0 0 0 0 0 0 0 0 0 0 
0 1 0 1 1 1 1 0 0 0 0 0 0 0 0 0 0 0 0 0 
1 1 1 1 0 0 1 1 1 1 1 1 1 1 1 1 1 1 1 1 
1 0 1 1 1 1 0 0 0 0 0 0 0 0 0 0 0 0 0 0 
0 1 0 0 0 0 1 0 0 0 0 0 0 0 0 0 0 0 0 0 
0 0 0 0 0 0 0 1 1 1 1 1 1 1 1 1 1 1 1 1 
OpenStacks: 5
Took 3 seconds

buffer: Warwick 138: balanced orders, 3 orders per product
numCustomers: 10
numProducts: 20
1 0 0 0 0 1 0 0 0 0 0 0 0 0 0 1 0 0 0 1 
0 0 1 1 0 1 1 0 0 1 1 0 1 0 1 0 0 1 0 0 
0 0 0 1 1 0 0 0 1 0 1 0 0 1 1 0 0 0 0 0 
1 1 0 0 0 0 0 0 0 0 0 0 0 1 0 0 0 0 1 0 
0 1 0 0 0 0 1 0 0 1 0 1 0 0 1 0 0 0 0 0 
0 0 0 0 1 0 1 0 0 0 0 0 0 0 0 1 1 0 1 1 
0 0 0 0 0 0 0 0 1 0 0 0 1 0 0 0 0 0 0 0 
1 1 1 0 0 0 0 1 0 1 0 0 1 1 0 0 0 1 0 0 
0 0 0 1 1 0 0 1 0 0 1 1 0 0 0 1 1 0 1 0 
0 0 1 0 0 1 0 1 1 0 0 1 0 0 0 0 1 1 0 1 
Best sequence:
2 8 12 3 7 10 17 0 0 0 0 0 0 0 0 0 0 0 0 0 
0 0 0 0 0 0 0 1 1 1 1 1 1 1 1 1 1 1 1 1 
1 0 1 1 0 1 1 0 0 0 0 0 0 0 0 0 0 0 0 0 
0 1 0 1 0 1 0 0 0 0 0 0 0 0 0 0 0 0 0 0 
0 0 0 0 0 0 0 1 1 1 1 1 1 1 1 1 1 1 1 1 
0 0 0 0 0 0 0 0 0 0 0 0 0 0 0 0 0 0 0 0 
0 0 0 0 0 0 0 0 0 0 0 0 0 0 0 0 0 0 0 0 
0 1 1 0 0 0 0 0 0 0 0 0 0 0 0 0 0 0 0 0 
1 0 1 0 1 0 1 1 1 1 1 1 1 1 1 1 1 1 1 1 
0 0 0 1 1 1 0 0 0 0 0 0 0 0 0 0 0 0 0 0 
1 1 0 0 1 0 1 0 0 0 0 0 0 0 0 0 0 0 0 0 
OpenStacks: 5
Took 2.98 seconds

buffer: Warwick 139: balanced orders, 3 orders per product
numCustomers: 10
numProducts: 20
0 0 1 0 0 0 1 0 1 0 0 0 0 0 0 1 0 0 0 0 
0 1 0 0 1 0 1 0 1 0 1 1 0 0 1 1 0 0 0 1 
0 0 1 0 0 1 0 0 0 0 0 0 0 0 1 0 0 1 0 0 
1 0 1 1 1 0 0 1 0 0 0 1 1 0 0 0 0 0 0 1 
0 0 0 0 0 0 0 0 0 1 1 0 1 0 0 0 0 1 1 0 
1 0 0 1 0 0 0 0 0 1 0 0 0 0 0 0 0 0 0 1 
0 1 0 1 0 1 1 0 1 0 0 1 0 1 0 0 1 0 0 0 
1 0 0 0 1 0 0 1 0 0 1 0 0 1 0 1 1 0 0 0 
0 0 0 0 0 0 0 0 0 0 0 0 0 0 1 0 0 0 1 0 
0 1 0 0 0 1 0 1 0 1 0 0 1 1 0 0 1 1 1 0 
Best sequence:
0 1 3 4 7 11 13 0 0 0 0 0 0 0 0 0 0 0 0 0 
0 0 0 0 0 0 0 0 0 0 0 0 0 0 0 0 0 0 0 0 
0 1 0 1 0 1 0 0 0 0 0 0 0 0 0 0 0 0 0 0 
0 0 0 0 0 0 0 0 0 0 0 0 0 0 0 0 0 0 0 0 
1 0 1 1 1 1 0 1 1 1 1 1 1 1 1 1 1 1 1 1 
0 0 0 0 0 0 0 0 0 0 0 0 0 0 0 0 0 0 0 0 
1 0 1 0 0 0 0 1 1 1 1 1 1 1 1 1 1 1 1 1 
0 1 1 0 0 1 1 0 0 0 0 0 0 0 0 0 0 0 0 0 
1 0 0 1 1 0 1 1 1 1 1 1 1 1 1 1 1 1 1 1 
0 0 0 0 0 0 0 0 0 0 0 0 0 0 0 0 0 0 0 0 
0 1 0 0 1 0 1 0 0 0 0 0 0 0 0 0 0 0 0 0 
OpenStacks: 6
Took 2.99 seconds

buffer: Warwick 140: balanced orders, 3 orders per product
numCustomers: 10
numProducts: 20
0 0 0 0 1 0 1 0 1 0 0 0 1 0 0 0 1 0 0 0 
0 0 0 1 1 0 0 0 0 0 1 1 1 0 1 1 1 0 0 0 
1 0 0 0 0 1 0 1 0 0 1 0 0 1 0 0 0 0 0 0 
1 0 0 0 0 1 0 0 0 1 0 1 0 0 0 0 0 1 0 1 
0 1 0 0 0 0 0 0 1 1 0 0 1 0 1 1 0 1 1 0 
0 0 1 0 0 0 1 1 0 0 0 0 0 1 0 0 1 1 0 0 
0 1 1 1 0 0 0 0 1 1 0 1 0 0 0 0 0 0 0 0 
0 0 0 0 1 0 0 0 0 0 0 0 0 0 0 0 0 0 1 1 
1 0 1 0 0 1 1 1 0 0 1 0 0 0 0 1 0 0 1 1 
0 1 0 1 0 0 0 0 0 0 0 0 0 1 1 0 0 0 0 0 
Best sequence:
0 5 7 10 13 2 3 0 0 0 0 0 0 0 0 0 0 0 0 0 
0 0 0 0 0 0 0 0 0 0 0 0 0 0 0 0 0 0 0 0 
0 0 0 1 0 0 1 0 0 0 0 0 0 0 0 0 0 0 0 0 
1 1 1 1 1 0 0 1 1 1 1 1 1 1 1 1 1 1 1 1 
1 1 0 0 0 0 0 1 1 1 1 1 1 1 1 1 1 1 1 1 
0 0 0 0 0 0 0 0 0 0 0 0 0 0 0 0 0 0 0 0 
0 0 1 0 1 1 0 0 0 0 0 0 0 0 0 0 0 0 0 0 
0 0 0 0 0 1 1 0 0 0 0 0 0 0 0 0 0 0 0 0 
0 0 0 0 0 0 0 0 0 0 0 0 0 0 0 0 0 0 0 0 
1 1 1 1 0 1 0 1 1 1 1 1 1 1 1 1 1 1 1 1 
0 0 0 0 1 0 1 0 0 0 0 0 0 0 0 0 0 0 0 0 
OpenStacks: 6
Took 3.01 seconds

buffer: Warwick 141: balanced orders, 4 orders per product
numCustomers: 10
numProducts: 20
1 1 1 1 0 0 0 0 0 0 1 0 1 0 0 1 0 1 0 0 
0 0 0 0 1 0 0 1 0 1 0 0 0 0 0 0 0 1 1 0 
1 0 1 0 0 0 0 0 0 0 0 1 1 1 1 1 0 1 1 0 
0 0 1 1 1 0 1 0 0 0 0 0 0 1 0 1 1 1 1 1 
0 1 1 0 0 1 1 1 0 0 0 1 1 0 1 0 0 0 0 0 
0 0 0 1 0 0 1 0 1 0 0 0 0 0 0 0 1 0 0 0 
1 1 0 0 1 0 0 0 1 1 1 0 1 0 0 0 0 0 0 0 
0 0 0 1 1 1 1 1 1 1 0 0 0 0 1 0 0 0 1 1 
0 1 0 0 0 1 0 0 1 0 1 1 0 1 1 1 1 0 0 1 
1 0 0 0 0 1 0 1 0 1 1 1 0 1 0 0 1 0 0 1 
Best sequence:
0 1 2 10 11 12 13 0 0 0 0 0 0 0 0 0 0 0 0 0 
1 1 1 1 0 1 0 1 1 1 1 1 1 1 1 1 1 1 1 1 
0 0 0 0 0 0 0 0 0 0 0 0 0 0 0 0 0 0 0 0 
1 0 1 0 1 1 1 1 1 1 1 1 1 1 1 1 1 1 1 1 
0 0 1 0 0 0 1 0 0 0 0 0 0 0 0 0 0 0 0 0 
0 1 1 0 1 1 0 0 0 0 0 0 0 0 0 0 0 0 0 0 
0 0 0 0 0 0 0 0 0 0 0 0 0 0 0 0 0 0 0 0 
1 1 0 1 0 1 0 1 1 1 1 1 1 1 1 1 1 1 1 1 
0 0 0 0 0 0 0 0 0 0 0 0 0 0 0 0 0 0 0 0 
0 1 0 1 1 0 1 0 0 0 0 0 0 0 0 0 0 0 0 0 
1 0 0 1 1 0 1 1 1 1 1 1 1 1 1 1 1 1 1 1 
OpenStacks: 7
Took 2.99 seconds

buffer: Warwick 142: balanced orders, 4 orders per product
numCustomers: 10
numProducts: 20
1 1 0 1 0 0 1 1 0 0 0 0 0 0 0 0 0 1 1 0 
0 1 1 1 0 0 1 0 0 1 0 0 0 1 0 1 0 1 0 1 
1 1 0 1 0 1 0 1 1 0 0 0 0 0 1 1 0 0 0 0 
0 0 1 0 0 0 1 0 1 0 1 1 1 1 0 1 0 0 0 1 
0 0 1 0 1 0 0 1 0 0 0 1 1 0 0 0 1 0 0 0 
0 0 0 0 0 0 0 1 0 0 1 0 1 0 1 0 1 0 0 0 
1 0 0 1 1 1 1 0 1 1 0 0 0 0 1 0 1 0 1 1 
0 0 1 0 1 1 0 0 0 1 1 1 0 1 0 0 0 1 1 0 
1 0 0 0 0 1 0 0 0 1 0 1 0 0 0 0 1 1 1 1 
0 1 0 0 1 0 0 0 1 0 1 0 1 1 1 1 0 0 0 0 
Best sequence:
0 1 3 5 9 17 18 0 0 0 0 0 0 0 0 0 0 0 0 0 
1 1 1 0 0 1 1 1 1 1 1 1 1 1 1 1 1 1 1 1 
0 1 1 0 1 1 0 0 0 0 0 0 0 0 0 0 0 0 0 0 
1 1 1 1 0 0 0 1 1 1 1 1 1 1 1 1 1 1 1 1 
0 0 0 0 0 0 0 0 0 0 0 0 0 0 0 0 0 0 0 0 
0 0 0 0 0 0 0 0 0 0 0 0 0 0 0 0 0 0 0 0 
0 0 0 0 0 0 0 0 0 0 0 0 0 0 0 0 0 0 0 0 
1 0 1 1 1 0 1 1 1 1 1 1 1 1 1 1 1 1 1 1 
0 0 0 1 1 1 1 0 0 0 0 0 0 0 0 0 0 0 0 0 
1 0 0 1 1 1 1 1 1 1 1 1 1 1 1 1 1 1 1 1 
0 1 0 0 0 0 0 0 0 0 0 0 0 0 0 0 0 0 0 0 
OpenStacks: 7
Took 3 seconds

buffer: Warwick 143: balanced orders, 4 orders per product
numCustomers: 10
numProducts: 20
0 0 1 0 0 0 1 0 0 0 0 0 1 1 1 1 0 1 0 1 
0 0 0 0 0 0 0 0 0 0 1 0 0 0 0 1 0 1 1 0 
1 0 0 0 0 0 0 1 0 1 0 0 0 0 0 0 1 0 0 0 
0 0 0 1 0 0 1 1 1 0 1 0 0 0 0 1 0 1 1 1 
1 1 0 0 1 1 0 1 0 1 0 1 1 0 1 0 1 1 0 1 
0 1 1 0 0 0 1 1 1 0 0 0 1 1 0 0 1 0 1 0 
0 1 0 1 0 1 0 0 0 0 0 1 0 1 0 1 0 0 1 0 
0 0 1 0 1 1 0 0 0 0 1 0 0 1 0 0 0 0 0 1 
1 0 1 1 1 0 1 0 1 1 1 1 1 0 1 0 0 0 0 0 
1 1 0 1 1 1 0 0 1 1 0 1 0 0 1 0 1 0 0 0 
Best sequence:
0 7 8 9 16 1 3 0 0 0 0 0 0 0 0 0 0 0 0 0 
0 0 0 0 0 0 0 0 0 0 0 0 0 0 0 0 0 0 0 0 
0 0 0 0 0 0 0 0 0 0 0 0 0 0 0 0 0 0 0 0 
1 1 0 1 1 0 0 1 1 1 1 1 1 1 1 1 1 1 1 1 
0 1 1 0 0 0 1 0 0 0 0 0 0 0 0 0 0 0 0 0 
1 1 0 1 1 1 0 1 1 1 1 1 1 1 1 1 1 1 1 1 
0 1 1 0 1 1 0 0 0 0 0 0 0 0 0 0 0 0 0 0 
0 0 0 0 0 1 1 0 0 0 0 0 0 0 0 0 0 0 0 0 
0 0 0 0 0 0 0 0 0 0 0 0 0 0 0 0 0 0 0 0 
1 0 1 1 0 0 1 1 1 1 1 1 1 1 1 1 1 1 1 1 
1 0 1 1 1 1 1 1 1 1 1 1 1 1 1 1 1 1 1 1 
OpenStacks: 6
Took 2.99 seconds

buffer: Warwick 144: balanced orders, 4 orders per product
numCustomers: 10
numProducts: 20
1 1 0 1 1 0 0 0 0 0 1 0 0 0 0 0 1 0 0 0 
0 0 0 1 1 1 0 1 0 1 1 1 1 0 0 1 1 1 0 1 
1 1 0 0 0 0 1 1 1 0 0 0 0 0 1 1 0 1 0 0 
0 0 1 1 1 1 0 0 0 1 0 0 0 1 1 1 0 0 1 0 
0 0 0 0 0 0 0 0 0 0 0 0 1 1 1 0 1 1 1 1 
0 0 0 0 0 0 1 1 0 0 1 1 1 0 0 0 0 0 0 0 
1 1 1 0 0 0 0 0 1 1 1 1 1 0 0 0 1 1 0 1 
0 0 0 1 0 0 0 1 0 1 0 0 0 1 0 1 0 0 0 0 
1 0 1 0 0 1 1 0 1 0 0 1 0 1 1 0 0 0 1 0 
0 1 1 0 1 1 1 0 1 0 0 0 0 0 0 0 0 0 1 1 
Best sequence:
2 5 8 14 17 18 19 0 0 0 0 0 0 0 0 0 0 0 0 0 
0 0 0 0 0 0 0 1 1 1 1 1 1 1 1 1 1 1 1 1 
0 1 0 0 1 0 1 0 0 0 0 0 0 0 0 0 0 0 0 0 
0 0 1 1 1 0 0 1 1 1 1 1 1 1 1 1 1 1 1 1 
1 1 0 1 0 1 0 0 0 0 0 0 0 0 0 0 0 0 0 0 
0 0 0 1 1 1 1 0 0 0 0 0 0 0 0 0 0 0 0 0 
0 0 0 0 0 0 0 0 0 0 0 0 0 0 0 0 0 0 0 0 
1 0 1 0 1 0 1 1 1 1 1 1 1 1 1 1 1 1 1 1 
0 0 0 0 0 0 0 0 0 0 0 0 0 0 0 0 0 0 0 0 
1 1 1 1 0 1 0 1 1 1 1 1 1 1 1 1 1 1 1 1 
1 1 1 0 0 1 1 0 0 0 0 0 0 0 0 0 0 0 0 0 
OpenStacks: 7
Took 2.99 seconds

buffer: Warwick 145: balanced orders, 4 orders per product
numCustomers: 10
numProducts: 20
1 0 0 1 1 0 1 1 1 1 1 0 0 0 0 1 0 0 1 1 
1 0 1 1 0 1 0 0 1 1 0 0 0 0 0 0 0 0 0 0 
0 1 0 0 0 1 0 1 0 0 0 0 0 0 0 1 0 0 0 1 
0 0 1 1 0 0 1 0 0 0 0 0 0 0 0 1 0 1 0 0 
0 0 0 0 1 1 1 0 0 1 1 1 1 1 1 0 1 1 0 0 
1 1 1 0 0 0 0 0 0 0 1 1 1 1 1 0 1 1 0 0 
0 1 1 1 1 0 0 1 0 0 0 1 1 1 1 1 1 0 1 0 
0 0 0 0 0 0 1 1 1 1 0 0 0 1 1 0 0 1 1 0 
1 1 0 0 0 0 0 0 0 0 0 1 1 0 0 0 0 0 1 1 
0 0 0 0 1 1 0 0 1 0 1 0 0 0 0 0 1 0 0 1 
Best sequence:
0 9 11 12 13 14 18 0 0 0 0 0 0 0 0 0 0 0 0 0 
1 1 0 0 0 0 1 1 1 1 1 1 1 1 1 1 1 1 1 1 
1 1 0 0 0 0 0 1 1 1 1 1 1 1 1 1 1 1 1 1 
0 0 0 0 0 0 0 0 0 0 0 0 0 0 0 0 0 0 0 0 
0 0 0 0 0 0 0 0 0 0 0 0 0 0 0 0 0 0 0 0 
0 1 1 1 1 1 0 0 0 0 0 0 0 0 0 0 0 0 0 0 
1 0 1 1 1 1 0 1 1 1 1 1 1 1 1 1 1 1 1 1 
0 0 1 1 1 1 1 0 0 0 0 0 0 0 0 0 0 0 0 0 
0 1 0 0 1 1 1 0 0 0 0 0 0 0 0 0 0 0 0 0 
1 0 1 1 0 0 1 1 1 1 1 1 1 1 1 1 1 1 1 1 
0 0 0 0 0 0 0 0 0 0 0 0 0 0 0 0 0 0 0 0 
OpenStacks: 7
Took 3 seconds

buffer: Warwick 146: balanced orders, 4 orders per product
numCustomers: 10
numProducts: 20
0 0 1 0 0 1 0 0 1 0 1 0 0 1 1 0 0 1 0 1 
0 0 1 1 0 0 0 1 1 0 0 1 1 0 1 0 1 0 1 0 
0 0 1 0 0 1 1 1 0 1 1 0 0 1 0 0 0 0 0 1 
0 0 0 1 0 0 0 0 1 0 0 1 0 1 0 1 0 0 0 1 
1 1 1 0 1 0 1 1 1 1 1 0 0 0 1 1 0 1 1 0 
1 0 0 0 0 1 1 0 0 1 0 0 1 0 0 0 1 1 1 0 
0 1 0 0 1 0 1 0 0 1 1 1 0 0 0 1 0 0 1 0 
1 1 0 0 1 0 0 0 0 0 0 1 1 0 0 1 1 1 0 0 
0 1 0 1 1 1 0 1 0 0 0 0 0 1 0 0 1 0 0 0 
1 0 0 1 0 0 0 0 0 0 0 0 1 0 1 0 0 0 0 1 
Best sequence:
1 4 5 6 9 10 17 0 0 0 0 0 0 0 0 0 0 0 0 0 
0 0 1 0 0 1 1 0 0 0 0 0 0 0 0 0 0 0 0 0 
0 0 0 0 0 0 0 0 0 0 0 0 0 0 0 0 0 0 0 0 
0 0 1 1 1 1 0 0 0 0 0 0 0 0 0 0 0 0 0 0 
0 0 0 0 0 0 0 0 0 0 0 0 0 0 0 0 0 0 0 0 
1 1 0 1 1 1 1 1 1 1 1 1 1 1 1 1 1 1 1 1 
0 0 1 1 1 0 1 1 1 1 1 1 1 1 1 1 1 1 1 1 
1 1 0 1 1 1 0 0 0 0 0 0 0 0 0 0 0 0 0 0 
1 1 0 0 0 0 1 1 1 1 1 1 1 1 1 1 1 1 1 1 
1 1 1 0 0 0 0 0 0 0 0 0 0 0 0 0 0 0 0 0 
0 0 0 0 0 0 0 1 1 1 1 1 1 1 1 1 1 1 1 1 
OpenStacks: 7
Took 3 seconds

buffer: Warwick 147: balanced orders, 4 orders per product
numCustomers: 10
numProducts: 20
0 1 0 1 1 0 0 0 0 1 0 0 0 1 1 0 0 0 1 0 
0 0 1 0 1 0 0 0 1 0 0 1 1 1 1 1 0 0 1 0 
0 1 0 0 1 1 0 0 0 1 1 1 0 0 0 1 1 1 0 0 
1 1 0 1 0 0 0 1 1 1 0 0 1 0 1 0 0 0 0 1 
0 0 0 0 0 1 1 0 0 1 0 0 0 0 0 0 0 0 1 1 
1 0 0 0 1 0 0 0 0 0 0 0 0 1 1 0 0 1 0 0 
0 0 0 1 0 1 1 1 1 0 1 0 1 0 0 0 1 0 1 0 
1 0 1 0 0 0 1 1 0 0 1 0 0 1 0 0 1 1 0 1 
1 1 1 1 0 1 0 0 0 0 1 1 1 0 0 1 1 0 0 0 
0 0 1 0 0 0 1 1 1 0 0 1 0 0 0 1 0 1 0 1 
Best sequence:
2 5 6 10 11 15 16 0 0 0 0 0 0 0 0 0 0 0 0 0 
0 0 0 0 0 0 0 0 0 0 0 0 0 0 0 0 0 0 0 0 
1 0 0 0 1 1 0 0 0 0 0 0 0 0 0 0 0 0 0 0 
0 1 0 1 1 1 1 0 0 0 0 0 0 0 0 0 0 0 0 0 
0 0 0 0 0 0 0 1 1 1 1 1 1 1 1 1 1 1 1 1 
0 1 1 0 0 0 0 0 0 0 0 0 0 0 0 0 0 0 0 0 
0 0 0 0 0 0 0 1 1 1 1 1 1 1 1 1 1 1 1 1 
0 1 1 1 0 0 1 0 0 0 0 0 0 0 0 0 0 0 0 0 
1 0 1 1 0 0 1 1 1 1 1 1 1 1 1 1 1 1 1 1 
1 1 0 1 1 1 1 1 1 1 1 1 1 1 1 1 1 1 1 1 
1 0 1 0 1 1 0 0 0 0 0 0 0 0 0 0 0 0 0 0 
OpenStacks: 7
Took 2.99 seconds

buffer: Warwick 148: balanced orders, 4 orders per product
numCustomers: 10
numProducts: 20
1 0 1 0 0 0 0 1 1 0 1 0 0 1 1 0 0 1 1 0 
0 1 1 0 0 0 0 0 1 0 1 1 0 0 0 1 1 0 0 0 
1 0 1 1 1 1 0 1 0 1 0 0 1 1 0 1 1 1 1 1 
0 1 1 0 0 1 0 0 0 0 1 0 0 0 0 0 0 0 1 1 
1 0 0 0 1 1 1 0 0 1 0 0 1 1 1 1 1 0 1 0 
0 0 0 1 0 0 0 1 0 0 0 1 0 0 1 0 0 0 0 0 
0 1 0 0 1 0 1 1 1 0 0 1 1 0 0 0 0 0 0 0 
0 0 0 0 1 0 0 0 1 1 0 0 0 0 0 0 0 1 0 1 
0 1 0 1 0 0 1 0 0 1 0 0 0 0 0 1 0 0 0 0 
1 0 0 1 0 1 1 0 0 0 1 1 1 1 1 0 1 1 0 1 
Best sequence:
0 2 5 10 13 16 18 0 0 0 0 0 0 0 0 0 0 0 0 0 
1 1 0 1 1 0 1 1 1 1 1 1 1 1 1 1 1 1 1 1 
0 1 0 1 0 1 0 0 0 0 0 0 0 0 0 0 0 0 0 0 
1 1 1 0 1 1 1 1 1 1 1 1 1 1 1 1 1 1 1 1 
0 1 1 1 0 0 1 0 0 0 0 0 0 0 0 0 0 0 0 0 
1 0 1 0 1 1 1 1 1 1 1 1 1 1 1 1 1 1 1 1 
0 0 0 0 0 0 0 0 0 0 0 0 0 0 0 0 0 0 0 0 
0 0 0 0 0 0 0 0 0 0 0 0 0 0 0 0 0 0 0 0 
0 0 0 0 0 0 0 0 0 0 0 0 0 0 0 0 0 0 0 0 
0 0 0 0 0 0 0 0 0 0 0 0 0 0 0 0 0 0 0 0 
1 0 1 1 1 1 0 1 1 1 1 1 1 1 1 1 1 1 1 1 
OpenStacks: 6
Took 2.99 seconds

buffer: Warwick 149: balanced orders, 4 orders per product
numCustomers: 10
numProducts: 20
0 0 0 0 0 0 0 0 1 0 0 1 0 0 0 0 0 0 1 0 
0 1 1 1 1 0 0 0 0 0 0 0 0 0 0 0 0 0 0 0 
1 0 0 1 1 1 0 1 1 1 1 1 1 0 0 0 0 1 0 0 
0 0 1 1 1 0 1 0 0 0 1 0 0 0 0 1 1 0 0 1 
1 0 0 0 0 1 0 1 1 0 0 1 1 0 0 1 1 0 1 1 
0 1 1 0 1 0 1 1 0 0 0 0 0 1 1 0 0 0 0 1 
1 1 1 0 0 1 0 0 1 1 0 0 0 1 0 1 1 1 1 1 
0 0 0 0 0 1 1 1 0 1 1 0 0 1 1 0 0 1 0 0 
0 0 0 1 0 0 1 0 0 0 0 1 1 0 1 1 1 1 1 0 
1 1 0 0 0 0 0 0 0 1 1 0 1 1 1 0 0 0 0 0 
Best sequence:
0 8 11 12 18 5 9 0 0 0 0 0 0 0 0 0 0 0 0 0 
0 1 1 0 1 0 0 0 0 0 0 0 0 0 0 0 0 0 0 0 
0 0 0 0 0 0 0 0 0 0 0 0 0 0 0 0 0 0 0 0 
1 1 1 1 0 1 1 1 1 1 1 1 1 1 1 1 1 1 1 1 
0 0 0 0 0 0 0 0 0 0 0 0 0 0 0 0 0 0 0 0 
1 1 1 1 1 1 0 1 1 1 1 1 1 1 1 1 1 1 1 1 
0 0 0 0 0 0 0 0 0 0 0 0 0 0 0 0 0 0 0 0 
1 1 0 0 1 1 1 1 1 1 1 1 1 1 1 1 1 1 1 1 
0 0 0 0 0 1 1 0 0 0 0 0 0 0 0 0 0 0 0 0 
0 0 1 1 1 0 0 0 0 0 0 0 0 0 0 0 0 0 0 0 
1 0 0 1 0 0 1 1 1 1 1 1 1 1 1 1 1 1 1 1 
OpenStacks: 6
Took 2.99 seconds

buffer: Warwick 150: balanced orders, 4 orders per product
numCustomers: 10
numProducts: 20
1 1 0 1 0 0 1 0 0 0 1 0 1 0 1 0 0 0 1 1 
0 0 1 0 1 1 1 0 0 0 0 0 1 1 1 0 0 1 1 0 
1 0 1 0 0 1 0 0 1 0 0 0 0 0 1 0 1 0 0 0 
1 0 0 1 0 0 1 1 1 1 0 1 1 0 0 0 0 0 1 1 
0 1 1 0 0 0 0 0 0 1 1 0 0 0 0 1 0 1 0 1 
0 0 1 1 1 0 1 1 1 1 0 0 1 0 0 1 1 1 0 0 
1 1 0 1 0 1 0 0 0 1 1 0 0 1 0 0 1 0 0 0 
0 0 0 0 1 0 0 0 0 0 0 1 0 1 1 0 1 0 1 1 
0 0 0 0 0 1 0 1 0 0 1 1 0 1 0 1 0 1 0 0 
0 1 0 0 1 0 0 1 1 0 0 1 0 0 0 1 0 0 0 0 
Best sequence:
0 3 6 12 14 16 18 0 0 0 0 0 0 0 0 0 0 0 0 0 
1 1 1 1 1 0 1 1 1 1 1 1 1 1 1 1 1 1 1 1 
0 0 1 1 1 0 1 0 0 0 0 0 0 0 0 0 0 0 0 0 
1 0 0 0 1 1 0 1 1 1 1 1 1 1 1 1 1 1 1 1 
1 1 1 1 0 0 1 1 1 1 1 1 1 1 1 1 1 1 1 1 
0 0 0 0 0 0 0 0 0 0 0 0 0 0 0 0 0 0 0 0 
0 1 1 1 0 1 0 0 0 0 0 0 0 0 0 0 0 0 0 0 
1 1 0 0 0 1 0 1 1 1 1 1 1 1 1 1 1 1 1 1 
0 0 0 0 1 1 1 0 0 0 0 0 0 0 0 0 0 0 0 0 
0 0 0 0 0 0 0 0 0 0 0 0 0 0 0 0 0 0 0 0 
0 0 0 0 0 0 0 0 0 0 0 0 0 0 0 0 0 0 0 0 
OpenStacks: 7
Took 3 seconds

buffer: Warwick 151: balanced orders, 5 orders per product
numCustomers: 10
numProducts: 20
0 1 1 1 1 1 0 0 1 1 0 0 1 1 1 1 1 0 1 0 
1 0 0 1 0 1 0 0 0 1 1 1 0 0 0 1 1 0 0 1 
0 0 0 0 1 0 1 1 0 1 1 1 1 0 0 1 1 0 0 1 
1 1 1 0 0 0 1 1 1 0 0 1 0 0 1 0 1 0 1 0 
1 1 1 1 1 1 0 0 0 0 1 0 1 1 0 1 1 1 0 1 
1 1 0 1 0 1 1 1 1 1 0 0 0 1 0 0 0 1 1 0 
1 1 1 0 0 0 0 0 1 0 1 1 0 0 1 0 0 1 0 0 
0 0 0 0 1 0 1 1 1 1 0 0 0 0 0 0 0 1 1 0 
0 0 1 0 0 1 0 0 0 0 0 1 1 1 1 0 0 1 1 1 
0 0 0 1 1 0 1 1 0 0 1 0 1 1 1 1 0 0 0 1 
Best sequence:
0 1 2 3 5 13 14 0 0 0 0 0 0 0 0 0 0 0 0 0 
0 1 1 1 1 1 1 0 0 0 0 0 0 0 0 0 0 0 0 0 
1 0 0 1 1 0 0 1 1 1 1 1 1 1 1 1 1 1 1 1 
0 0 0 0 0 0 0 0 0 0 0 0 0 0 0 0 0 0 0 0 
1 1 1 0 0 0 1 1 1 1 1 1 1 1 1 1 1 1 1 1 
1 1 1 1 1 1 0 1 1 1 1 1 1 1 1 1 1 1 1 1 
1 1 0 1 1 1 0 1 1 1 1 1 1 1 1 1 1 1 1 1 
1 1 1 0 0 0 1 1 1 1 1 1 1 1 1 1 1 1 1 1 
0 0 0 0 0 0 0 0 0 0 0 0 0 0 0 0 0 0 0 0 
0 0 1 0 1 1 1 0 0 0 0 0 0 0 0 0 0 0 0 0 
0 0 0 1 0 1 1 0 0 0 0 0 0 0 0 0 0 0 0 0 
OpenStacks: 8
Took 3 seconds

buffer: Warwick 152: balanced orders, 5 orders per product
numCustomers: 10
numProducts: 20
0 1 0 1 1 0 1 1 0 0 0 0 1 1 1 0 0 0 0 1 
0 1 0 0 1 1 0 1 0 0 1 0 0 1 1 1 0 1 0 0 
0 0 1 1 1 1 0 1 1 1 1 0 0 1 0 1 1 0 1 0 
0 1 0 1 1 1 0 0 1 1 1 1 1 1 1 1 0 1 1 1 
1 1 1 0 0 1 0 0 0 0 1 0 1 0 0 1 1 0 0 0 
1 1 0 0 0 0 1 0 0 1 0 1 0 0 0 1 0 1 0 0 
1 0 1 1 0 0 0 0 0 1 1 1 1 0 0 0 1 0 1 1 
0 0 0 0 0 1 1 1 1 0 0 1 0 0 0 0 1 1 1 1 
1 0 1 1 0 0 1 0 1 1 0 1 1 1 1 0 1 1 1 1 
1 0 1 0 1 0 1 1 1 0 0 0 0 0 1 0 0 0 0 0 
Best sequence:
0 2 8 9 11 16 18 0 0 0 0 0 0 0 0 0 0 0 0 0 
0 0 0 0 0 0 0 0 0 0 0 0 0 0 0 0 0 0 0 0 
0 0 0 0 0 0 0 0 0 0 0 0 0 0 0 0 0 0 0 0 
0 1 1 1 0 1 1 0 0 0 0 0 0 0 0 0 0 0 0 0 
0 0 1 1 1 0 1 0 0 0 0 0 0 0 0 0 0 0 0 0 
1 1 0 0 0 1 0 1 1 1 1 1 1 1 1 1 1 1 1 1 
1 0 0 1 1 0 0 1 1 1 1 1 1 1 1 1 1 1 1 1 
1 1 0 1 1 1 1 1 1 1 1 1 1 1 1 1 1 1 1 1 
0 0 1 0 1 1 1 0 0 0 0 0 0 0 0 0 0 0 0 0 
1 1 1 1 1 1 1 1 1 1 1 1 1 1 1 1 1 1 1 1 
1 1 1 0 0 0 0 1 1 1 1 1 1 1 1 1 1 1 1 1 
OpenStacks: 8
Took 2.99 seconds

buffer: Warwick 153: balanced orders, 5 orders per product
numCustomers: 10
numProducts: 20
1 0 1 1 1 1 1 0 0 1 0 0 0 0 1 1 0 0 1 1 
1 0 1 0 1 0 1 1 0 1 1 0 0 1 0 1 0 1 0 0 
0 0 1 0 1 1 0 0 1 0 0 0 1 1 1 1 0 1 1 0 
0 0 0 0 1 1 0 0 1 0 1 1 1 0 0 1 1 0 1 0 
0 1 1 1 0 0 1 1 0 1 1 0 0 0 1 0 0 0 1 0 
0 0 1 1 1 1 1 1 0 0 0 0 1 0 0 0 0 1 0 0 
1 1 0 1 0 0 0 1 1 0 0 1 1 1 1 0 1 0 0 1 
0 1 0 0 0 1 0 0 1 1 1 1 1 1 1 0 1 1 0 1 
1 1 0 0 0 0 0 1 0 1 0 1 0 0 0 0 1 1 0 1 
1 1 0 1 0 0 1 0 1 0 1 1 0 1 0 1 1 0 1 1 
Best sequence:
0 1 3 6 7 9 19 0 0 0 0 0 0 0 0 0 0 0 0 0 
1 0 1 1 0 1 1 1 1 1 1 1 1 1 1 1 1 1 1 1 
1 0 0 1 1 1 0 1 1 1 1 1 1 1 1 1 1 1 1 1 
0 0 0 0 0 0 0 0 0 0 0 0 0 0 0 0 0 0 0 0 
0 0 0 0 0 0 0 0 0 0 0 0 0 0 0 0 0 0 0 0 
0 1 1 1 1 1 0 0 0 0 0 0 0 0 0 0 0 0 0 0 
0 0 1 1 1 0 0 0 0 0 0 0 0 0 0 0 0 0 0 0 
1 1 1 0 1 0 1 1 1 1 1 1 1 1 1 1 1 1 1 1 
0 1 0 0 0 1 1 0 0 0 0 0 0 0 0 0 0 0 0 0 
1 1 0 0 1 1 1 1 1 1 1 1 1 1 1 1 1 1 1 1 
1 1 1 1 0 0 1 1 1 1 1 1 1 1 1 1 1 1 1 1 
OpenStacks: 8
Took 3 seconds

buffer: Warwick 154: balanced orders, 5 orders per product
numCustomers: 10
numProducts: 20
1 1 1 1 1 1 0 0 1 0 1 0 1 1 0 0 1 1 0 1 
0 0 1 1 0 0 1 0 1 1 1 1 0 1 0 0 1 1 0 0 
1 1 0 0 1 0 0 1 0 1 1 1 1 0 1 0 0 0 0 0 
1 0 1 0 1 1 1 1 1 1 0 1 1 0 1 1 1 0 0 1 
0 1 1 1 1 0 1 1 0 0 0 1 1 1 1 1 1 0 0 1 
1 0 0 1 0 1 0 0 1 1 0 0 0 0 0 0 0 0 1 0 
0 0 0 1 0 1 0 1 0 0 0 0 0 1 1 1 1 1 1 1 
0 1 1 0 0 0 1 0 0 1 0 0 0 1 1 1 0 1 1 0 
0 0 0 0 0 0 0 1 0 0 1 1 1 0 0 0 0 0 1 1 
1 1 0 0 1 1 1 0 1 0 1 0 0 0 0 1 0 1 1 0 
Best sequence:
0 1 2 4 6 8 9 0 0 0 0 0 0 0 0 0 0 0 0 0 
1 1 1 1 0 1 0 1 1 1 1 1 1 1 1 1 1 1 1 1 
0 0 1 0 1 1 1 0 0 0 0 0 0 0 0 0 0 0 0 0 
1 1 0 1 0 0 1 1 1 1 1 1 1 1 1 1 1 1 1 1 
1 0 1 1 1 1 1 1 1 1 1 1 1 1 1 1 1 1 1 1 
0 1 1 1 1 0 0 0 0 0 0 0 0 0 0 0 0 0 0 0 
1 0 0 0 0 1 1 1 1 1 1 1 1 1 1 1 1 1 1 1 
0 0 0 0 0 0 0 0 0 0 0 0 0 0 0 0 0 0 0 0 
0 1 1 0 1 0 1 0 0 0 0 0 0 0 0 0 0 0 0 0 
0 0 0 0 0 0 0 0 0 0 0 0 0 0 0 0 0 0 0 0 
1 1 0 1 1 1 0 1 1 1 1 1 1 1 1 1 1 1 1 1 
OpenStacks: 8
Took 2.99 seconds

buffer: Warwick 155: balanced orders, 5 orders per product
numCustomers: 10
numProducts: 20
1 1 1 0 0 0 1 0 0 1 1 0 1 1 1 1 0 0 0 1 
0 1 1 1 1 1 1 0 0 1 1 1 0 0 0 0 0 1 1 0 
1 0 1 0 0 1 0 1 1 0 0 1 1 0 0 0 1 1 0 0 
0 1 0 0 1 0 1 1 0 0 1 0 0 1 1 1 1 0 1 1 
1 0 1 1 0 1 1 1 0 1 0 0 0 0 1 0 0 0 0 1 
0 0 0 1 1 1 0 0 1 0 1 1 1 1 0 1 1 1 0 0 
1 1 0 0 1 0 1 1 1 1 1 1 0 1 0 0 0 1 0 1 
0 1 1 0 0 0 0 1 1 0 0 0 0 0 0 1 1 1 1 1 
0 0 0 1 0 0 0 0 0 0 0 1 1 1 1 1 1 0 1 0 
1 0 0 1 1 1 0 0 1 1 0 0 1 0 1 0 0 0 1 0 
Best sequence:
0 1 2 6 7 9 19 0 0 0 0 0 0 0 0 0 0 0 0 0 
1 1 1 1 0 1 1 1 1 1 1 1 1 1 1 1 1 1 1 1 
0 1 1 1 0 1 0 0 0 0 0 0 0 0 0 0 0 0 0 0 
1 0 1 0 1 0 0 1 1 1 1 1 1 1 1 1 1 1 1 1 
0 1 0 1 1 0 1 0 0 0 0 0 0 0 0 0 0 0 0 0 
1 0 1 1 1 1 1 1 1 1 1 1 1 1 1 1 1 1 1 1 
0 0 0 0 0 0 0 0 0 0 0 0 0 0 0 0 0 0 0 0 
1 1 0 1 1 1 1 1 1 1 1 1 1 1 1 1 1 1 1 1 
0 1 1 0 1 0 1 0 0 0 0 0 0 0 0 0 0 0 0 0 
0 0 0 0 0 0 0 0 0 0 0 0 0 0 0 0 0 0 0 0 
1 0 0 0 0 1 0 1 1 1 1 1 1 1 1 1 1 1 1 1 
OpenStacks: 8
Took 3.01 seconds

buffer: Warwick 156: balanced orders, 5 orders per product
numCustomers: 10
numProducts: 20
0 0 1 0 0 0 1 0 0 0 1 1 0 0 1 0 1 1 0 1 
0 0 0 1 0 1 0 0 0 1 1 0 0 0 1 0 0 0 1 0 
1 1 0 0 1 1 0 1 1 1 0 1 1 0 1 1 1 0 0 1 
1 1 1 0 1 0 0 1 1 0 0 0 0 1 1 1 1 0 1 0 
0 1 1 0 1 1 1 1 1 0 0 0 0 1 0 0 1 1 0 0 
1 1 1 1 0 0 0 1 0 0 0 1 1 1 0 1 0 0 1 1 
0 0 0 1 0 0 1 0 1 1 1 0 1 1 0 0 0 0 0 0 
0 0 0 1 1 1 1 1 1 1 1 0 0 0 1 1 1 1 1 1 
1 1 1 1 1 0 0 0 0 0 1 1 1 0 0 0 0 1 1 0 
1 0 0 0 0 1 1 0 0 1 0 1 1 1 0 1 0 1 0 1 
Best sequence:
0 1 2 4 7 11 15 0 0 0 0 0 0 0 0 0 0 0 0 0 
0 0 1 0 0 1 0 0 0 0 0 0 0 0 0 0 0 0 0 0 
0 0 0 0 0 0 0 0 0 0 0 0 0 0 0 0 0 0 0 0 
1 1 0 1 1 1 1 1 1 1 1 1 1 1 1 1 1 1 1 1 
1 1 1 1 1 0 1 1 1 1 1 1 1 1 1 1 1 1 1 1 
0 1 1 1 1 0 0 0 0 0 0 0 0 0 0 0 0 0 0 0 
1 1 1 0 1 1 1 1 1 1 1 1 1 1 1 1 1 1 1 1 
0 0 0 0 0 0 0 0 0 0 0 0 0 0 0 0 0 0 0 0 
0 0 0 1 1 0 1 0 0 0 0 0 0 0 0 0 0 0 0 0 
1 1 1 1 0 1 0 1 1 1 1 1 1 1 1 1 1 1 1 1 
1 0 0 0 0 1 1 1 1 1 1 1 1 1 1 1 1 1 1 1 
OpenStacks: 8
Took 2.98 seconds

buffer: Warwick 157: balanced orders, 5 orders per product
numCustomers: 10
numProducts: 20
1 1 1 1 0 0 0 0 0 1 1 1 0 0 0 1 0 0 0 1 
0 0 0 1 0 1 1 0 1 1 0 0 0 1 1 1 1 0 0 0 
0 1 0 1 1 1 1 1 1 1 1 0 1 0 1 0 1 1 1 0 
1 1 1 1 1 1 0 0 0 0 1 0 0 0 1 0 0 1 1 0 
0 1 0 0 1 0 0 1 1 1 1 0 1 1 0 1 1 1 0 1 
0 0 1 0 0 1 0 0 0 0 0 1 1 1 1 0 0 1 1 1 
1 0 0 0 1 0 1 1 0 1 0 1 0 1 0 0 0 1 1 0 
1 0 0 0 0 1 0 1 1 0 1 1 1 0 1 1 1 0 1 1 
1 1 1 0 1 0 1 0 1 0 0 1 1 1 0 1 1 0 0 0 
0 0 1 1 0 0 1 1 0 0 0 0 0 0 0 0 0 0 0 1 
Best sequence:
0 1 4 8 9 10 15 0 0 0 0 0 0 0 0 0 0 0 0 0 
1 1 0 0 1 1 1 1 1 1 1 1 1 1 1 1 1 1 1 1 
0 0 0 1 1 0 1 0 0 0 0 0 0 0 0 0 0 0 0 0 
0 1 1 1 1 1 0 0 0 0 0 0 0 0 0 0 0 0 0 0 
1 1 1 0 0 1 0 1 1 1 1 1 1 1 1 1 1 1 1 1 
0 1 1 1 1 1 1 0 0 0 0 0 0 0 0 0 0 0 0 0 
0 0 0 0 0 0 0 0 0 0 0 0 0 0 0 0 0 0 0 0 
1 0 1 0 1 0 0 1 1 1 1 1 1 1 1 1 1 1 1 1 
1 0 0 1 0 1 1 1 1 1 1 1 1 1 1 1 1 1 1 1 
1 1 1 1 0 0 1 1 1 1 1 1 1 1 1 1 1 1 1 1 
0 0 0 0 0 0 0 0 0 0 0 0 0 0 0 0 0 0 0 0 
OpenStacks: 8
Took 2.99 seconds

buffer: Warwick 158: balanced orders, 5 orders per product
numCustomers: 10
numProducts: 20
1 1 0 0 1 1 1 1 0 0 1 1 0 1 0 0 0 1 1 1 
1 0 1 1 1 1 1 0 0 0 0 1 0 1 1 1 1 1 1 1 
1 1 0 0 1 1 0 0 1 1 1 1 1 0 1 1 1 0 0 1 
0 1 0 1 0 0 1 1 1 0 0 0 0 1 0 1 1 0 0 0 
0 1 1 0 1 1 1 1 1 0 0 1 1 1 1 0 0 1 0 0 
0 0 0 1 0 0 1 0 0 1 1 0 1 1 1 1 0 0 1 0 
0 0 1 1 1 0 0 0 0 1 0 1 0 0 0 0 0 0 0 0 
0 0 1 1 0 0 0 1 1 1 1 0 0 0 0 0 1 0 1 1 
1 0 1 0 0 1 0 0 1 0 1 0 1 0 1 0 0 1 1 1 
1 1 0 0 0 0 0 1 0 1 0 0 1 0 0 1 1 1 0 0 
Best sequence:
0 1 5 6 12 13 14 0 0 0 0 0 0 0 0 0 0 0 0 0 
1 1 1 1 0 1 0 1 1 1 1 1 1 1 1 1 1 1 1 1 
1 0 1 1 0 1 1 1 1 1 1 1 1 1 1 1 1 1 1 1 
1 1 1 0 1 0 1 1 1 1 1 1 1 1 1 1 1 1 1 1 
0 1 0 1 0 1 0 0 0 0 0 0 0 0 0 0 0 0 0 0 
0 1 1 1 1 1 1 0 0 0 0 0 0 0 0 0 0 0 0 0 
0 0 0 1 1 1 1 0 0 0 0 0 0 0 0 0 0 0 0 0 
0 0 0 0 0 0 0 0 0 0 0 0 0 0 0 0 0 0 0 0 
0 0 0 0 0 0 0 0 0 0 0 0 0 0 0 0 0 0 0 0 
1 0 1 0 1 0 1 1 1 1 1 1 1 1 1 1 1 1 1 1 
1 1 0 0 1 0 0 1 1 1 1 1 1 1 1 1 1 1 1 1 
OpenStacks: 8
Took 3 seconds

buffer: Warwick 159: balanced orders, 5 orders per product
numCustomers: 10
numProducts: 20
1 0 0 0 1 1 1 1 1 0 1 0 0 1 0 1 1 1 1 0 
1 0 1 1 1 1 0 1 0 1 0 1 1 0 1 0 1 0 1 0 
0 1 1 0 1 0 1 0 0 0 1 1 0 0 1 0 1 1 0 1 
0 1 0 1 1 1 1 0 1 1 1 1 1 1 0 0 0 0 1 0 
0 1 1 1 0 1 0 0 1 0 0 0 1 1 0 0 0 1 0 0 
0 1 0 0 0 1 0 1 0 1 0 0 1 0 1 0 0 1 1 1 
1 0 1 1 0 0 1 1 0 1 0 0 0 1 0 1 0 0 0 0 
0 1 0 0 1 0 0 1 1 0 1 1 0 1 1 1 1 0 1 1 
1 0 0 1 0 0 1 0 1 1 1 1 1 0 1 1 0 0 0 1 
1 0 1 0 0 0 0 0 0 0 0 0 0 0 0 1 1 1 0 1 
Best sequence:
0 4 6 10 11 15 16 0 0 0 0 0 0 0 0 0 0 0 0 0 
1 1 1 1 0 1 1 1 1 1 1 1 1 1 1 1 1 1 1 1 
1 1 0 0 1 0 1 1 1 1 1 1 1 1 1 1 1 1 1 1 
0 1 1 1 1 0 1 0 0 0 0 0 0 0 0 0 0 0 0 0 
0 1 1 1 1 0 0 0 0 0 0 0 0 0 0 0 0 0 0 0 
0 0 0 0 0 0 0 0 0 0 0 0 0 0 0 0 0 0 0 0 
0 0 0 0 0 0 0 0 0 0 0 0 0 0 0 0 0 0 0 0 
1 0 1 0 0 1 0 1 1 1 1 1 1 1 1 1 1 1 1 1 
0 1 0 1 1 1 1 0 0 0 0 0 0 0 0 0 0 0 0 0 
1 0 1 1 1 1 0 1 1 1 1 1 1 1 1 1 1 1 1 1 
1 0 0 0 0 1 1 1 1 1 1 1 1 1 1 1 1 1 1 1 
OpenStacks: 8
Took 2.99 seconds

buffer: Warwick 160: balanced orders, 5 orders per product
numCustomers: 10
numProducts: 20
1 1 1 1 0 1 1 1 1 0 0 1 0 1 1 0 1 0 0 0 
0 1 1 0 1 1 0 1 1 1 0 1 1 0 1 0 0 0 1 0 
1 0 0 1 0 0 0 0 0 1 0 1 0 1 1 1 0 0 0 1 
0 1 0 1 0 0 1 1 0 1 0 1 0 0 0 1 1 1 1 1 
0 0 1 0 0 0 0 0 0 0 1 0 0 0 0 0 1 0 0 1 
1 0 0 0 1 0 0 0 1 0 0 1 1 1 1 1 0 1 1 0 
1 1 1 1 1 1 0 1 0 0 1 0 0 1 0 1 1 1 1 1 
0 1 0 0 1 1 1 1 1 1 1 0 1 0 0 1 0 0 0 1 
1 0 0 1 0 1 1 0 1 0 1 0 1 0 0 0 1 1 0 0 
0 0 1 0 1 0 1 0 0 1 1 0 1 1 1 0 0 1 1 0 
Best sequence:
0 1 3 5 7 8 11 0 0 0 0 0 0 0 0 0 0 0 0 0 
1 1 1 1 1 1 1 1 1 1 1 1 1 1 1 1 1 1 1 1 
0 1 0 1 1 1 1 0 0 0 0 0 0 0 0 0 0 0 0 0 
1 0 1 0 0 0 1 1 1 1 1 1 1 1 1 1 1 1 1 1 
0 1 1 0 1 0 1 0 0 0 0 0 0 0 0 0 0 0 0 0 
0 0 0 0 0 0 0 0 0 0 0 0 0 0 0 0 0 0 0 0 
1 0 0 0 0 1 1 1 1 1 1 1 1 1 1 1 1 1 1 1 
1 1 1 1 1 0 0 1 1 1 1 1 1 1 1 1 1 1 1 1 
0 1 0 1 1 1 0 0 0 0 0 0 0 0 0 0 0 0 0 0 
1 0 1 1 0 1 0 1 1 1 1 1 1 1 1 1 1 1 1 1 
0 0 0 0 0 0 0 0 0 0 0 0 0 0 0 0 0 0 0 0 
OpenStacks: 8
Took 2.99 seconds

Solved: 40 instances
totalTime: 120.51 seconds
minTime: 2.98 seconds
maxTime: 3.76 seconds
Average: 3.01275 seconds
