Solving by Brute Force...
buffer: Warwick 1291: balanced orders, 6 orders per product
numCustomers: 30
numProducts: 10
1 1 0 0 1 1 0 0 1 0 
0 0 1 0 0 0 0 0 0 1 
0 0 0 0 0 0 1 0 1 0 
0 0 1 0 0 1 1 0 0 0 
0 0 0 0 0 1 0 1 0 0 
0 0 0 1 0 0 1 1 0 1 
1 0 0 0 0 0 0 0 0 0 
0 1 1 0 0 0 0 0 0 0 
0 0 0 0 0 0 0 1 0 0 
0 0 0 1 1 0 0 0 0 0 
0 0 0 1 1 0 0 0 0 0 
0 0 0 1 0 0 0 0 0 0 
1 1 0 0 1 0 0 0 0 1 
0 0 0 1 0 0 0 0 0 0 
0 0 0 0 0 0 0 0 1 0 
0 0 0 0 0 1 1 0 0 0 
1 0 0 0 0 0 0 0 0 1 
1 1 0 0 0 1 0 1 0 0 
0 0 0 0 1 0 1 0 0 0 
0 1 0 0 0 0 0 0 0 1 
0 0 0 0 1 0 0 0 0 0 
0 0 0 0 0 0 0 1 0 0 
0 0 0 0 0 1 0 0 0 0 
1 0 0 0 0 0 0 0 1 1 
0 0 1 0 0 0 0 0 0 0 
0 0 0 0 0 0 0 0 1 0 
0 0 1 0 0 0 1 1 1 0 
0 0 0 1 0 0 0 0 0 0 
0 1 0 0 0 0 0 0 0 0 
0 0 1 0 0 0 0 0 0 0 
numSequences: 3628800
minStacks: 10
Best sequence:
2 1 9 0 7 5 6 4 3 8 
0 1 0 1 0 1 0 1 0 1 
1 0 1 0 0 0 0 0 0 0 
0 0 0 0 0 0 1 0 0 1 
1 0 0 0 0 1 1 0 0 0 
0 0 0 0 1 1 0 0 0 0 
0 0 1 0 1 0 1 0 1 0 
0 0 0 1 0 0 0 0 0 0 
1 1 0 0 0 0 0 0 0 0 
0 0 0 0 1 0 0 0 0 0 
0 0 0 0 0 0 0 1 1 0 
0 0 0 0 0 0 0 1 1 0 
0 0 0 0 0 0 0 0 1 0 
0 1 1 1 0 0 0 1 0 0 
0 0 0 0 0 0 0 0 1 0 
0 0 0 0 0 0 0 0 0 1 
0 0 0 0 0 1 1 0 0 0 
0 0 1 1 0 0 0 0 0 0 
0 1 0 1 1 1 0 0 0 0 
0 0 0 0 0 0 1 1 0 0 
0 1 1 0 0 0 0 0 0 0 
0 0 0 0 0 0 0 1 0 0 
0 0 0 0 1 0 0 0 0 0 
0 0 0 0 0 1 0 0 0 0 
0 0 1 1 0 0 0 0 0 1 
1 0 0 0 0 0 0 0 0 0 
0 0 0 0 0 0 0 0 0 1 
1 0 0 0 1 0 1 0 0 1 
0 0 0 0 0 0 0 0 1 0 
0 1 0 0 0 0 0 0 0 0 
1 0 0 0 0 0 0 0 0 0 
Open stacks: 10
Took 11.49 seconds

buffer: Warwick 1292: balanced orders, 6 orders per product
numCustomers: 30
numProducts: 10
0 1 0 0 0 0 0 0 0 0 
0 0 0 0 0 0 0 1 0 0 
0 1 1 0 0 0 0 0 0 0 
0 0 0 0 0 0 0 1 0 0 
0 0 0 1 1 0 0 0 0 0 
0 0 0 0 1 1 0 1 0 1 
0 0 1 0 1 0 0 0 0 0 
0 0 0 0 0 0 1 0 0 0 
0 0 1 0 0 0 0 0 1 0 
0 0 0 0 0 1 0 0 0 1 
1 0 0 1 0 0 0 0 1 1 
0 0 0 0 0 1 1 0 0 0 
0 1 0 0 1 0 0 0 1 0 
0 0 0 0 0 0 1 0 0 0 
0 0 1 0 1 0 0 0 1 0 
0 0 0 0 0 0 0 1 0 0 
0 0 0 0 0 1 1 0 0 0 
0 0 0 0 0 1 0 0 0 0 
0 0 0 1 0 0 1 0 1 0 
0 0 1 0 0 0 0 0 0 1 
1 0 0 0 0 0 0 0 0 0 
0 0 0 0 1 0 0 0 0 0 
0 0 0 1 0 0 0 0 0 0 
1 1 0 1 0 0 0 1 0 0 
0 0 0 0 0 0 1 0 0 1 
1 0 0 0 0 0 0 0 0 0 
0 1 1 1 0 1 0 0 0 0 
1 0 0 0 0 0 0 0 0 0 
1 0 0 0 0 0 0 0 0 0 
0 1 0 0 0 0 0 1 1 1 
numSequences: 3628800
minStacks: 11
Best sequence:
9 6 5 8 2 1 3 4 0 7 
0 0 0 0 0 1 0 0 0 0 
0 0 0 0 0 0 0 0 0 1 
0 0 0 0 1 1 0 0 0 0 
0 0 0 0 0 0 0 0 0 1 
0 0 0 0 0 0 1 1 0 0 
1 0 1 0 0 0 0 1 0 1 
0 0 0 0 1 0 0 1 0 0 
0 1 0 0 0 0 0 0 0 0 
0 0 0 1 1 0 0 0 0 0 
1 0 1 0 0 0 0 0 0 0 
1 0 0 1 0 0 1 0 1 0 
0 1 1 0 0 0 0 0 0 0 
0 0 0 1 0 1 0 1 0 0 
0 1 0 0 0 0 0 0 0 0 
0 0 0 1 1 0 0 1 0 0 
0 0 0 0 0 0 0 0 0 1 
0 1 1 0 0 0 0 0 0 0 
0 0 1 0 0 0 0 0 0 0 
0 1 0 1 0 0 1 0 0 0 
1 0 0 0 1 0 0 0 0 0 
0 0 0 0 0 0 0 0 1 0 
0 0 0 0 0 0 0 1 0 0 
0 0 0 0 0 0 1 0 0 0 
0 0 0 0 0 1 1 0 1 1 
1 1 0 0 0 0 0 0 0 0 
0 0 0 0 0 0 0 0 1 0 
0 0 1 0 1 1 1 0 0 0 
0 0 0 0 0 0 0 0 1 0 
0 0 0 0 0 0 0 0 1 0 
1 0 0 1 0 1 0 0 0 1 
Open stacks: 11
Took 10.61 seconds

buffer: Warwick 1293: balanced orders, 6 orders per product
numCustomers: 30
numProducts: 10
0 0 0 1 0 0 0 1 0 0 
0 0 0 0 0 0 1 0 1 0 
0 0 0 0 1 0 0 0 0 0 
0 0 1 0 0 0 0 0 1 0 
1 0 0 0 0 1 0 0 0 0 
0 0 0 1 0 0 0 1 0 0 
1 0 0 0 0 0 0 0 0 0 
0 0 0 0 1 0 0 0 0 1 
0 0 0 0 1 1 0 0 0 0 
1 0 0 0 0 1 0 1 0 1 
0 0 0 0 1 0 0 0 0 0 
1 1 1 0 0 1 0 0 0 1 
0 0 0 0 1 0 0 0 0 0 
0 0 0 1 0 0 0 0 0 1 
0 1 0 0 0 0 0 0 0 0 
1 0 0 1 0 0 0 0 1 0 
0 0 1 0 0 0 0 0 0 1 
0 0 0 0 0 0 0 1 0 0 
0 1 0 0 0 1 0 0 1 0 
0 1 1 0 0 0 0 0 0 0 
0 0 0 0 0 0 1 0 0 0 
0 1 0 0 0 0 1 0 0 0 
0 0 0 0 0 0 1 0 0 0 
0 1 1 0 0 0 0 0 0 0 
0 0 0 1 0 1 0 0 0 0 
0 0 0 0 0 0 0 0 0 1 
1 0 0 0 0 0 1 1 0 0 
0 0 0 0 0 0 0 0 1 0 
0 0 1 0 1 0 1 0 0 0 
0 0 0 1 0 0 0 1 1 0 
numSequences: 3628800
minStacks: 11
Best sequence:
9 7 3 5 0 8 2 1 4 6 
0 1 1 0 0 0 0 0 0 0 
0 0 0 0 0 1 0 0 0 1 
0 0 0 0 0 0 0 0 1 0 
0 0 0 0 0 1 1 0 0 0 
0 0 0 1 1 0 0 0 0 0 
0 1 1 0 0 0 0 0 0 0 
0 0 0 0 1 0 0 0 0 0 
1 0 0 0 0 0 0 0 1 0 
0 0 0 1 0 0 0 0 1 0 
1 1 0 1 1 0 0 0 0 0 
0 0 0 0 0 0 0 0 1 0 
1 0 0 1 1 0 1 1 0 0 
0 0 0 0 0 0 0 0 1 0 
1 0 1 0 0 0 0 0 0 0 
0 0 0 0 0 0 0 1 0 0 
0 0 1 0 1 1 0 0 0 0 
1 0 0 0 0 0 1 0 0 0 
0 1 0 0 0 0 0 0 0 0 
0 0 0 1 0 1 0 1 0 0 
0 0 0 0 0 0 1 1 0 0 
0 0 0 0 0 0 0 0 0 1 
0 0 0 0 0 0 0 1 0 1 
0 0 0 0 0 0 0 0 0 1 
0 0 0 0 0 0 1 1 0 0 
0 0 1 1 0 0 0 0 0 0 
1 0 0 0 0 0 0 0 0 0 
0 1 0 0 1 0 0 0 0 1 
0 0 0 0 0 1 0 0 0 0 
0 0 0 0 0 0 1 0 1 1 
0 1 1 0 0 1 0 0 0 0 
Open stacks: 11
Took 10.6 seconds

buffer: Warwick 1294: balanced orders, 6 orders per product
numCustomers: 30
numProducts: 10
1 0 0 1 0 0 0 0 1 0 
0 0 0 0 0 0 1 0 0 0 
0 0 1 1 0 0 0 0 0 0 
0 0 1 0 1 0 0 0 0 0 
0 0 0 0 0 0 1 0 0 0 
0 0 0 1 0 0 0 0 0 1 
0 0 1 0 0 0 0 1 0 0 
0 1 0 0 1 0 0 0 0 1 
0 0 1 0 0 0 0 0 1 0 
0 0 0 0 0 1 0 0 1 0 
0 0 0 1 0 0 1 1 0 1 
1 0 0 0 0 0 0 0 0 0 
0 0 0 0 1 0 1 0 0 0 
0 0 1 0 0 0 1 0 0 0 
0 0 0 0 0 0 0 0 0 1 
0 1 0 0 0 0 1 0 0 0 
0 0 1 0 0 1 0 0 0 0 
0 0 0 0 0 0 0 0 1 0 
0 0 0 0 0 0 0 0 1 0 
1 0 0 0 0 1 0 0 0 0 
1 0 0 1 1 0 0 0 0 0 
0 0 0 0 1 0 0 1 1 1 
1 0 0 0 0 1 0 0 0 0 
0 1 0 0 0 0 0 0 0 1 
0 1 0 0 0 0 0 1 0 0 
0 0 0 1 0 0 0 1 0 0 
1 0 0 0 0 1 0 0 0 0 
0 1 0 0 0 0 0 0 0 0 
0 1 0 0 0 0 0 0 0 0 
0 0 0 0 1 1 0 1 0 0 
numSequences: 3628800
minStacks: 11
Best sequence:
9 6 1 7 4 3 2 0 5 8 
0 0 0 0 0 1 0 1 0 1 
0 1 0 0 0 0 0 0 0 0 
0 0 0 0 0 1 1 0 0 0 
0 0 0 0 1 0 1 0 0 0 
0 1 0 0 0 0 0 0 0 0 
1 0 0 0 0 1 0 0 0 0 
0 0 0 1 0 0 1 0 0 0 
1 0 1 0 1 0 0 0 0 0 
0 0 0 0 0 0 1 0 0 1 
0 0 0 0 0 0 0 0 1 1 
1 1 0 1 0 1 0 0 0 0 
0 0 0 0 0 0 0 1 0 0 
0 1 0 0 1 0 0 0 0 0 
0 1 0 0 0 0 1 0 0 0 
1 0 0 0 0 0 0 0 0 0 
0 1 1 0 0 0 0 0 0 0 
0 0 0 0 0 0 1 0 1 0 
0 0 0 0 0 0 0 0 0 1 
0 0 0 0 0 0 0 0 0 1 
0 0 0 0 0 0 0 1 1 0 
0 0 0 0 1 1 0 1 0 0 
1 0 0 1 1 0 0 0 0 1 
0 0 0 0 0 0 0 1 1 0 
1 0 1 0 0 0 0 0 0 0 
0 0 1 1 0 0 0 0 0 0 
0 0 0 1 0 1 0 0 0 0 
0 0 0 0 0 0 0 1 1 0 
0 0 1 0 0 0 0 0 0 0 
0 0 1 0 0 0 0 0 0 0 
0 0 0 1 1 0 0 0 1 0 
Open stacks: 11
Took 10.59 seconds

buffer: Warwick 1295: balanced orders, 6 orders per product
numCustomers: 30
numProducts: 10
0 0 0 0 0 1 1 0 0 0 
0 0 0 1 0 0 1 1 0 0 
0 0 0 0 0 0 1 0 0 0 
0 0 0 0 0 0 0 0 1 0 
0 0 1 1 1 0 0 0 0 0 
0 0 0 0 0 0 1 0 0 0 
1 0 1 1 0 0 0 0 0 0 
0 0 0 0 1 0 0 0 0 0 
0 0 0 0 0 0 0 0 0 1 
1 0 0 0 0 0 0 0 1 0 
1 0 0 0 0 0 0 0 0 0 
0 0 0 0 0 0 0 0 1 0 
0 1 0 0 0 0 0 0 0 0 
0 1 0 0 0 1 0 0 1 0 
1 1 0 1 1 0 0 1 0 0 
0 1 0 0 0 0 0 0 0 1 
0 0 0 0 1 0 1 1 0 1 
0 0 0 0 0 0 0 1 1 0 
1 0 0 0 0 0 1 0 0 1 
0 1 0 0 0 0 0 0 0 1 
0 0 1 0 0 1 0 0 0 0 
0 0 1 0 0 1 0 0 1 0 
0 0 1 0 1 0 0 0 0 0 
0 0 0 0 0 1 0 0 0 1 
0 0 1 1 0 0 0 0 0 0 
0 1 0 0 1 0 0 0 0 0 
1 0 0 0 0 0 0 0 0 0 
0 0 0 0 0 0 0 1 0 0 
0 0 0 0 0 1 0 1 0 0 
0 0 0 1 0 0 0 0 0 0 
numSequences: 3628800
minStacks: 12
Best sequence:
9 4 1 2 3 0 5 6 7 8 
0 0 0 0 0 0 1 1 0 0 
0 0 0 0 1 0 0 1 1 0 
0 0 0 0 0 0 0 1 0 0 
0 0 0 0 0 0 0 0 0 1 
0 1 0 1 1 0 0 0 0 0 
0 0 0 0 0 0 0 1 0 0 
0 0 0 1 1 1 0 0 0 0 
0 1 0 0 0 0 0 0 0 0 
1 0 0 0 0 0 0 0 0 0 
0 0 0 0 0 1 0 0 0 1 
0 0 0 0 0 1 0 0 0 0 
0 0 0 0 0 0 0 0 0 1 
0 0 1 0 0 0 0 0 0 0 
0 0 1 0 0 0 1 0 0 1 
0 1 1 0 1 1 0 0 1 0 
1 0 1 0 0 0 0 0 0 0 
1 1 0 0 0 0 0 1 1 0 
0 0 0 0 0 0 0 0 1 1 
1 0 0 0 0 1 0 1 0 0 
1 0 1 0 0 0 0 0 0 0 
0 0 0 1 0 0 1 0 0 0 
0 0 0 1 0 0 1 0 0 1 
0 1 0 1 0 0 0 0 0 0 
1 0 0 0 0 0 1 0 0 0 
0 0 0 1 1 0 0 0 0 0 
0 1 1 0 0 0 0 0 0 0 
0 0 0 0 0 1 0 0 0 0 
0 0 0 0 0 0 0 0 1 0 
0 0 0 0 0 0 1 0 1 0 
0 0 0 0 1 0 0 0 0 0 
Open stacks: 12
Took 10.61 seconds

buffer: Warwick 1296: balanced orders, 6 orders per product
numCustomers: 30
numProducts: 10
1 0 0 0 0 0 0 0 0 1 
0 1 0 0 0 0 0 0 0 1 
0 0 0 1 0 0 0 0 0 0 
0 1 0 0 0 1 0 0 0 0 
0 1 1 0 1 0 0 1 0 0 
0 1 1 1 0 0 0 0 0 0 
0 1 1 0 0 1 0 0 0 1 
0 0 0 0 0 1 0 0 0 0 
0 0 1 0 0 0 0 1 0 0 
0 0 0 0 0 0 0 1 1 0 
0 0 0 0 1 0 0 0 0 0 
0 0 0 0 1 0 0 0 0 0 
1 0 0 0 0 0 1 0 0 0 
0 0 1 0 0 0 1 0 0 1 
0 0 0 0 1 1 0 0 0 0 
0 0 0 0 0 0 1 0 0 0 
0 1 0 0 0 0 0 0 0 0 
0 0 0 0 0 0 0 0 1 0 
0 0 0 0 0 0 0 1 0 0 
0 0 0 1 1 0 0 0 1 0 
1 0 0 1 0 0 0 1 0 0 
0 0 1 0 0 0 0 0 1 0 
0 0 0 1 0 0 0 0 0 0 
0 0 0 0 1 0 1 0 0 0 
0 0 0 0 0 0 0 0 0 1 
0 0 0 0 0 0 1 0 1 0 
1 0 0 0 0 1 0 0 0 0 
0 0 0 1 0 0 0 1 0 0 
1 0 0 0 0 1 1 0 1 1 
1 0 0 0 0 0 0 0 0 0 
numSequences: 3628800
minStacks: 12
Best sequence:
9 5 1 4 0 3 2 6 7 8 
1 0 0 0 1 0 0 0 0 0 
1 0 1 0 0 0 0 0 0 0 
0 0 0 0 0 1 0 0 0 0 
0 1 1 0 0 0 0 0 0 0 
0 0 1 1 0 0 1 0 1 0 
0 0 1 0 0 1 1 0 0 0 
1 1 1 0 0 0 1 0 0 0 
0 1 0 0 0 0 0 0 0 0 
0 0 0 0 0 0 1 0 1 0 
0 0 0 0 0 0 0 0 1 1 
0 0 0 1 0 0 0 0 0 0 
0 0 0 1 0 0 0 0 0 0 
0 0 0 0 1 0 0 1 0 0 
1 0 0 0 0 0 1 1 0 0 
0 1 0 1 0 0 0 0 0 0 
0 0 0 0 0 0 0 1 0 0 
0 0 1 0 0 0 0 0 0 0 
0 0 0 0 0 0 0 0 0 1 
0 0 0 0 0 0 0 0 1 0 
0 0 0 1 0 1 0 0 0 1 
0 0 0 0 1 1 0 0 1 0 
0 0 0 0 0 0 1 0 0 1 
0 0 0 0 0 1 0 0 0 0 
0 0 0 1 0 0 0 1 0 0 
1 0 0 0 0 0 0 0 0 0 
0 0 0 0 0 0 0 1 0 1 
0 1 0 0 1 0 0 0 0 0 
0 0 0 0 0 1 0 0 1 0 
1 1 0 0 1 0 0 1 0 1 
0 0 0 0 1 0 0 0 0 0 
Open stacks: 12
Took 10.6 seconds

buffer: Warwick 1297: balanced orders, 6 orders per product
numCustomers: 30
numProducts: 10
0 0 0 0 0 0 1 0 0 0 
0 0 0 0 0 1 0 0 0 0 
1 0 0 0 0 0 0 1 0 0 
1 0 0 1 0 0 0 1 1 1 
1 0 0 0 0 0 0 0 0 0 
0 0 0 0 0 1 0 0 0 0 
0 0 0 1 0 0 0 0 0 0 
0 0 0 0 1 0 0 0 0 0 
0 1 0 0 0 1 1 1 0 0 
0 0 0 0 0 0 0 0 0 1 
0 1 0 1 1 0 0 0 0 0 
0 0 0 0 1 0 0 0 0 1 
0 1 0 0 0 1 0 0 0 0 
1 0 0 1 0 0 0 0 0 0 
1 1 0 0 0 0 0 0 0 1 
0 0 1 1 1 0 0 1 0 0 
0 0 0 1 0 0 0 0 1 1 
0 1 1 0 0 0 0 1 1 0 
0 0 0 0 0 0 1 0 0 0 
0 1 0 0 0 0 0 0 0 0 
0 0 1 0 0 0 0 0 0 1 
0 0 0 0 0 0 0 1 0 0 
0 0 0 0 1 1 1 0 1 0 
1 0 0 0 0 0 0 0 1 0 
0 0 0 0 0 0 1 0 0 0 
0 0 0 0 0 0 1 0 0 0 
0 0 0 0 0 1 0 0 0 0 
0 0 1 0 1 0 0 0 1 0 
0 0 1 0 0 0 0 0 0 0 
0 0 1 0 0 0 0 0 0 0 
numSequences: 3628800
minStacks: 10
Best sequence:
9 2 4 8 3 0 1 5 6 7 
0 0 0 0 0 0 0 0 1 0 
0 0 0 0 0 0 0 1 0 0 
0 0 0 0 0 1 0 0 0 1 
1 0 0 1 1 1 0 0 0 1 
0 0 0 0 0 1 0 0 0 0 
0 0 0 0 0 0 0 1 0 0 
0 0 0 0 1 0 0 0 0 0 
0 0 1 0 0 0 0 0 0 0 
0 0 0 0 0 0 1 1 1 1 
1 0 0 0 0 0 0 0 0 0 
0 0 1 0 1 0 1 0 0 0 
1 0 1 0 0 0 0 0 0 0 
0 0 0 0 0 0 1 1 0 0 
0 0 0 0 1 1 0 0 0 0 
1 0 0 0 0 1 1 0 0 0 
0 1 1 0 1 0 0 0 0 1 
1 0 0 1 1 0 0 0 0 0 
0 1 0 1 0 0 1 0 0 1 
0 0 0 0 0 0 0 0 1 0 
0 0 0 0 0 0 1 0 0 0 
1 1 0 0 0 0 0 0 0 0 
0 0 0 0 0 0 0 0 0 1 
0 0 1 1 0 0 0 1 1 0 
0 0 0 1 0 1 0 0 0 0 
0 0 0 0 0 0 0 0 1 0 
0 0 0 0 0 0 0 0 1 0 
0 0 0 0 0 0 0 1 0 0 
0 1 1 1 0 0 0 0 0 0 
0 1 0 0 0 0 0 0 0 0 
0 1 0 0 0 0 0 0 0 0 
Open stacks: 10
Took 10.63 seconds

buffer: Warwick 1298: balanced orders, 6 orders per product
numCustomers: 30
numProducts: 10
0 0 0 1 0 0 0 1 0 0 
0 0 0 0 0 1 0 1 0 0 
0 0 0 0 0 0 0 0 1 0 
1 0 0 0 0 0 0 0 0 0 
1 0 0 1 0 0 1 1 0 0 
0 0 0 0 0 0 0 0 0 1 
0 1 0 0 0 0 0 0 0 0 
0 0 0 1 1 1 0 0 0 0 
0 0 0 1 0 0 0 0 0 0 
0 0 1 0 0 1 0 0 0 0 
1 0 0 0 1 0 0 1 0 1 
0 0 0 0 1 0 1 0 0 0 
0 0 0 0 1 0 0 0 0 1 
1 0 1 0 0 0 0 0 0 1 
0 0 0 0 0 0 0 0 1 0 
0 1 1 0 0 0 0 0 0 0 
1 0 0 0 1 0 0 0 0 1 
0 0 0 1 0 1 0 0 0 0 
0 1 0 0 0 1 0 0 0 0 
1 0 0 0 0 0 1 0 0 0 
0 0 0 0 0 0 0 0 1 0 
0 0 1 0 0 0 1 1 0 0 
0 0 1 0 0 0 0 0 0 0 
0 1 0 0 0 0 0 0 1 0 
0 0 0 0 0 0 0 0 1 1 
0 0 0 0 0 0 1 0 1 0 
0 1 1 1 0 0 1 0 0 0 
0 0 0 0 0 1 0 0 0 0 
0 1 0 0 0 0 0 0 0 0 
0 0 0 0 1 0 0 1 0 0 
numSequences: 3628800
minStacks: 11
Best sequence:
9 4 0 7 6 3 2 5 1 8 
0 0 0 1 0 1 0 0 0 0 
0 0 0 1 0 0 0 1 0 0 
0 0 0 0 0 0 0 0 0 1 
0 0 1 0 0 0 0 0 0 0 
0 0 1 1 1 1 0 0 0 0 
1 0 0 0 0 0 0 0 0 0 
0 0 0 0 0 0 0 0 1 0 
0 1 0 0 0 1 0 1 0 0 
0 0 0 0 0 1 0 0 0 0 
0 0 0 0 0 0 1 1 0 0 
1 1 1 1 0 0 0 0 0 0 
0 1 0 0 1 0 0 0 0 0 
1 1 0 0 0 0 0 0 0 0 
1 0 1 0 0 0 1 0 0 0 
0 0 0 0 0 0 0 0 0 1 
0 0 0 0 0 0 1 0 1 0 
1 1 1 0 0 0 0 0 0 0 
0 0 0 0 0 1 0 1 0 0 
0 0 0 0 0 0 0 1 1 0 
0 0 1 0 1 0 0 0 0 0 
0 0 0 0 0 0 0 0 0 1 
0 0 0 1 1 0 1 0 0 0 
0 0 0 0 0 0 1 0 0 0 
0 0 0 0 0 0 0 0 1 1 
1 0 0 0 0 0 0 0 0 1 
0 0 0 0 1 0 0 0 0 1 
0 0 0 0 1 1 1 0 1 0 
0 0 0 0 0 0 0 1 0 0 
0 0 0 0 0 0 0 0 1 0 
0 1 0 1 0 0 0 0 0 0 
Open stacks: 11
Took 10.59 seconds

buffer: Warwick 1299: balanced orders, 6 orders per product
numCustomers: 30
numProducts: 10
0 0 0 0 0 0 0 0 0 1 
1 0 0 0 0 0 0 0 1 1 
0 0 0 0 0 1 0 0 0 0 
0 1 1 1 0 0 0 0 0 0 
0 0 0 1 0 0 0 0 0 1 
0 0 0 0 0 0 1 0 0 0 
1 1 0 1 0 0 0 0 1 0 
0 0 0 0 0 0 0 0 1 0 
0 1 0 0 1 0 0 0 0 0 
0 1 0 0 0 1 1 1 0 0 
0 0 0 1 0 1 0 0 0 0 
0 0 1 0 0 0 0 0 1 0 
0 0 0 0 1 0 0 1 0 0 
0 0 0 0 0 0 0 0 0 1 
0 0 0 1 0 0 0 1 0 0 
0 0 1 1 0 0 0 0 0 0 
0 0 0 0 0 0 0 0 0 1 
0 0 0 0 0 0 1 0 1 0 
0 0 0 0 0 1 1 0 0 0 
1 0 0 0 0 0 0 1 0 0 
0 0 1 0 1 0 0 0 0 0 
1 0 1 0 0 1 1 0 0 0 
0 1 0 0 0 0 1 0 0 0 
0 0 1 0 0 0 0 0 0 0 
1 0 0 0 0 0 0 1 0 0 
0 0 0 0 1 1 0 1 0 0 
0 0 0 0 1 0 0 0 0 0 
1 0 0 0 0 0 0 0 0 1 
0 0 0 0 1 0 0 0 0 0 
0 1 0 0 0 0 0 0 1 0 
numSequences: 3628800
minStacks: 12
Best sequence:
9 7 0 4 3 2 5 1 6 8 
1 0 0 0 0 0 0 0 0 0 
1 0 1 0 0 0 0 0 0 1 
0 0 0 0 0 0 1 0 0 0 
0 0 0 0 1 1 0 1 0 0 
1 0 0 0 1 0 0 0 0 0 
0 0 0 0 0 0 0 0 1 0 
0 0 1 0 1 0 0 1 0 1 
0 0 0 0 0 0 0 0 0 1 
0 0 0 1 0 0 0 1 0 0 
0 1 0 0 0 0 1 1 1 0 
0 0 0 0 1 0 1 0 0 0 
0 0 0 0 0 1 0 0 0 1 
0 1 0 1 0 0 0 0 0 0 
1 0 0 0 0 0 0 0 0 0 
0 1 0 0 1 0 0 0 0 0 
0 0 0 0 1 1 0 0 0 0 
1 0 0 0 0 0 0 0 0 0 
0 0 0 0 0 0 0 0 1 1 
0 0 0 0 0 0 1 0 1 0 
0 1 1 0 0 0 0 0 0 0 
0 0 0 1 0 1 0 0 0 0 
0 0 1 0 0 1 1 0 1 0 
0 0 0 0 0 0 0 1 1 0 
0 0 0 0 0 1 0 0 0 0 
0 1 1 0 0 0 0 0 0 0 
0 1 0 1 0 0 1 0 0 0 
0 0 0 1 0 0 0 0 0 0 
1 0 1 0 0 0 0 0 0 0 
0 0 0 1 0 0 0 0 0 0 
0 0 0 0 0 0 0 1 0 1 
Open stacks: 12
Took 10.6 seconds

buffer: Warwick 1300: balanced orders, 6 orders per product
numCustomers: 30
numProducts: 10
0 0 0 0 0 0 0 0 1 0 
0 1 0 0 0 1 0 0 0 0 
0 0 0 0 0 0 0 1 0 0 
0 0 0 0 0 0 0 0 0 1 
0 0 0 1 0 0 0 0 0 0 
1 1 0 0 0 1 0 0 0 0 
0 1 0 0 0 0 0 0 0 0 
0 0 0 0 1 0 0 0 0 0 
0 0 0 0 0 0 0 1 0 0 
0 0 1 0 0 0 0 0 1 0 
0 0 0 0 0 0 1 0 1 1 
1 1 0 1 0 0 0 0 1 1 
0 0 0 1 0 1 0 1 0 0 
0 0 0 0 0 0 0 1 0 0 
1 0 0 0 1 0 1 0 0 0 
0 0 0 0 0 1 0 0 0 1 
0 0 0 0 1 1 0 0 0 0 
0 1 1 0 0 0 0 0 0 0 
0 0 1 0 0 0 1 0 0 0 
0 1 0 0 0 0 0 0 1 0 
0 0 0 0 1 0 0 0 0 0 
0 0 0 0 1 0 0 0 0 0 
0 0 0 1 0 0 1 0 0 1 
0 0 0 1 1 1 0 0 1 0 
1 0 1 0 0 0 0 1 0 0 
0 0 0 0 0 0 1 0 0 0 
0 0 0 0 0 0 0 1 0 0 
1 0 1 1 0 0 1 0 0 0 
0 0 1 0 0 0 0 0 0 0 
1 0 0 0 0 0 0 0 0 1 
numSequences: 3628800
minStacks: 12
Best sequence:
9 4 6 0 5 3 1 2 7 8 
0 0 0 0 0 0 0 0 0 1 
0 0 0 0 1 0 1 0 0 0 
0 0 0 0 0 0 0 0 1 0 
1 0 0 0 0 0 0 0 0 0 
0 0 0 0 0 1 0 0 0 0 
0 0 0 1 1 0 1 0 0 0 
0 0 0 0 0 0 1 0 0 0 
0 1 0 0 0 0 0 0 0 0 
0 0 0 0 0 0 0 0 1 0 
0 0 0 0 0 0 0 1 0 1 
1 0 1 0 0 0 0 0 0 1 
1 0 0 1 0 1 1 0 0 1 
0 0 0 0 1 1 0 0 1 0 
0 0 0 0 0 0 0 0 1 0 
0 1 1 1 0 0 0 0 0 0 
1 0 0 0 1 0 0 0 0 0 
0 1 0 0 1 0 0 0 0 0 
0 0 0 0 0 0 1 1 0 0 
0 0 1 0 0 0 0 1 0 0 
0 0 0 0 0 0 1 0 0 1 
0 1 0 0 0 0 0 0 0 0 
0 1 0 0 0 0 0 0 0 0 
1 0 1 0 0 1 0 0 0 0 
0 1 0 0 1 1 0 0 0 1 
0 0 0 1 0 0 0 1 1 0 
0 0 1 0 0 0 0 0 0 0 
0 0 0 0 0 0 0 0 1 0 
0 0 1 1 0 1 0 1 0 0 
0 0 0 0 0 0 0 1 0 0 
1 0 0 1 0 0 0 0 0 0 
Open stacks: 12
Took 10.61 seconds

buffer: Warwick 1301: balanced orders, 7 orders per product
numCustomers: 30
numProducts: 10
0 0 0 1 1 1 0 1 1 0 
0 1 0 0 0 1 0 1 0 1 
0 0 1 0 1 0 0 0 0 0 
0 0 1 0 0 0 0 0 0 0 
0 0 0 0 0 0 1 0 0 0 
0 0 0 0 0 0 0 0 1 0 
0 0 0 1 0 1 1 1 0 0 
1 0 0 0 0 1 0 0 0 0 
0 1 0 1 0 1 0 0 0 1 
0 0 0 0 0 0 1 0 0 0 
0 0 0 0 0 0 0 0 1 1 
0 0 0 0 0 0 0 0 1 1 
0 0 0 0 0 0 0 1 0 0 
0 0 0 0 1 0 0 1 0 1 
1 1 0 0 0 0 0 0 0 0 
0 0 0 0 1 0 0 0 0 0 
0 0 0 1 0 1 1 0 1 0 
0 0 0 1 0 0 0 0 1 0 
0 0 1 0 0 0 0 0 0 0 
0 0 0 1 1 0 0 0 0 0 
0 0 0 0 0 0 1 0 0 1 
1 0 0 0 0 0 0 0 0 0 
0 0 1 0 1 0 0 0 0 0 
1 0 0 0 0 1 0 0 0 0 
0 0 1 0 1 0 0 1 0 0 
0 1 0 0 0 0 0 0 0 0 
0 1 0 0 0 0 1 1 0 0 
1 0 1 1 0 0 0 0 1 1 
1 1 1 0 0 0 1 0 0 0 
1 1 0 0 0 0 0 0 0 0 
numSequences: 3628800
minStacks: 12
Best sequence:
4 2 8 3 9 7 5 6 0 1 
1 0 1 1 0 1 1 0 0 0 
0 0 0 0 1 1 1 0 0 1 
1 1 0 0 0 0 0 0 0 0 
0 1 0 0 0 0 0 0 0 0 
0 0 0 0 0 0 0 1 0 0 
0 0 1 0 0 0 0 0 0 0 
0 0 0 1 0 1 1 1 0 0 
0 0 0 0 0 0 1 0 1 0 
0 0 0 1 1 0 1 0 0 1 
0 0 0 0 0 0 0 1 0 0 
0 0 1 0 1 0 0 0 0 0 
0 0 1 0 1 0 0 0 0 0 
0 0 0 0 0 1 0 0 0 0 
1 0 0 0 1 1 0 0 0 0 
0 0 0 0 0 0 0 0 1 1 
1 0 0 0 0 0 0 0 0 0 
0 0 1 1 0 0 1 1 0 0 
0 0 1 1 0 0 0 0 0 0 
0 1 0 0 0 0 0 0 0 0 
1 0 0 1 0 0 0 0 0 0 
0 0 0 0 1 0 0 1 0 0 
0 0 0 0 0 0 0 0 1 0 
1 1 0 0 0 0 0 0 0 0 
0 0 0 0 0 0 1 0 1 0 
1 1 0 0 0 1 0 0 0 0 
0 0 0 0 0 0 0 0 0 1 
0 0 0 0 0 1 0 1 0 1 
0 1 1 1 1 0 0 0 1 0 
0 1 0 0 0 0 0 1 1 1 
0 0 0 0 0 0 0 0 1 1 
Open stacks: 12
Took 10.63 seconds

buffer: Warwick 1302: balanced orders, 7 orders per product
numCustomers: 30
numProducts: 10
0 0 0 0 1 0 0 0 0 0 
0 0 1 0 1 0 0 0 0 0 
0 0 1 0 0 0 0 1 0 0 
1 0 0 1 0 0 0 0 1 0 
0 0 1 0 1 0 0 0 0 0 
0 1 0 0 0 0 1 0 1 0 
1 1 0 0 1 0 0 0 0 0 
0 0 0 1 0 0 1 1 0 0 
0 0 0 0 0 0 0 0 0 1 
0 0 0 1 0 0 0 0 0 1 
1 1 0 1 0 1 0 1 1 0 
0 0 0 0 1 0 0 0 0 0 
0 1 0 0 0 0 1 1 1 0 
0 0 1 0 0 0 1 0 0 0 
0 1 0 0 0 0 1 0 0 0 
0 0 0 0 0 1 0 1 0 0 
0 1 0 0 0 0 1 0 0 1 
1 0 1 0 0 0 1 0 1 0 
0 0 0 0 0 1 0 0 0 0 
0 0 0 1 0 0 0 0 0 0 
0 0 0 0 1 1 0 0 0 1 
0 0 0 1 0 1 0 0 0 0 
1 0 0 0 0 0 0 0 1 0 
0 0 1 0 0 0 0 0 0 0 
0 0 0 0 0 0 0 1 0 1 
1 0 0 0 0 0 0 1 1 1 
1 1 0 0 1 0 0 0 0 0 
0 0 0 0 0 1 0 0 0 0 
0 0 0 1 0 1 0 0 0 1 
0 0 1 0 0 0 0 0 0 0 
numSequences: 3628800
minStacks: 13
Best sequence:
9 5 3 8 7 0 1 6 2 4 
0 0 0 0 0 0 0 0 0 1 
0 0 0 0 0 0 0 0 1 1 
0 0 0 0 1 0 0 0 1 0 
0 0 1 1 0 1 0 0 0 0 
0 0 0 0 0 0 0 0 1 1 
0 0 0 1 0 0 1 1 0 0 
0 0 0 0 0 1 1 0 0 1 
0 0 1 0 1 0 0 1 0 0 
1 0 0 0 0 0 0 0 0 0 
1 0 1 0 0 0 0 0 0 0 
0 1 1 1 1 1 1 0 0 0 
0 0 0 0 0 0 0 0 0 1 
0 0 0 1 1 0 1 1 0 0 
0 0 0 0 0 0 0 1 1 0 
0 0 0 0 0 0 1 1 0 0 
0 1 0 0 1 0 0 0 0 0 
1 0 0 0 0 0 1 1 0 0 
0 0 0 1 0 1 0 1 1 0 
0 1 0 0 0 0 0 0 0 0 
0 0 1 0 0 0 0 0 0 0 
1 1 0 0 0 0 0 0 0 1 
0 1 1 0 0 0 0 0 0 0 
0 0 0 1 0 1 0 0 0 0 
0 0 0 0 0 0 0 0 1 0 
1 0 0 0 1 0 0 0 0 0 
1 0 0 1 1 1 0 0 0 0 
0 0 0 0 0 1 1 0 0 1 
0 1 0 0 0 0 0 0 0 0 
1 1 1 0 0 0 0 0 0 0 
0 0 0 0 0 0 0 0 1 0 
Open stacks: 13
Took 10.62 seconds

buffer: Warwick 1303: balanced orders, 7 orders per product
numCustomers: 30
numProducts: 10
0 0 0 0 0 0 0 1 0 1 
0 0 0 0 0 0 1 1 0 0 
0 0 1 0 0 0 1 1 1 0 
0 0 0 0 1 0 0 0 0 0 
0 1 0 0 0 1 0 0 1 0 
1 0 1 0 0 0 0 0 0 0 
0 1 0 0 0 0 1 0 0 0 
0 0 0 0 1 0 0 0 0 0 
1 1 0 1 0 0 1 0 1 0 
0 1 0 1 0 0 0 0 1 1 
0 0 0 1 1 0 0 0 1 0 
0 0 0 1 0 0 0 0 0 0 
1 0 1 0 0 0 1 1 0 0 
0 0 0 0 0 0 0 0 1 0 
0 0 1 0 0 0 0 1 0 0 
0 1 0 0 0 1 0 0 0 1 
1 0 0 0 0 1 0 0 0 0 
0 0 0 1 1 0 0 0 0 1 
1 0 0 0 0 1 0 0 0 0 
1 0 0 0 0 0 0 0 0 1 
0 0 0 0 0 0 1 0 0 1 
1 1 0 0 0 0 0 0 0 0 
0 0 1 0 0 1 0 0 0 0 
0 0 1 0 0 1 0 0 0 0 
0 0 0 0 0 0 0 1 0 0 
0 1 0 0 0 0 0 0 0 0 
0 0 0 0 1 0 0 0 0 0 
0 0 0 1 1 0 0 0 1 0 
0 0 0 1 0 0 1 0 0 0 
0 0 1 0 1 1 0 1 0 1 
numSequences: 3628800
minStacks: 13
Best sequence:
9 4 3 8 6 1 0 5 2 7 
1 0 0 0 0 0 0 0 0 1 
0 0 0 0 1 0 0 0 0 1 
0 0 0 1 1 0 0 0 1 1 
0 1 0 0 0 0 0 0 0 0 
0 0 0 1 0 1 0 1 0 0 
0 0 0 0 0 0 1 0 1 0 
0 0 0 0 1 1 0 0 0 0 
0 1 0 0 0 0 0 0 0 0 
0 0 1 1 1 1 1 0 0 0 
1 0 1 1 0 1 0 0 0 0 
0 1 1 1 0 0 0 0 0 0 
0 0 1 0 0 0 0 0 0 0 
0 0 0 0 1 0 1 0 1 1 
0 0 0 1 0 0 0 0 0 0 
0 0 0 0 0 0 0 0 1 1 
1 0 0 0 0 1 0 1 0 0 
0 0 0 0 0 0 1 1 0 0 
1 1 1 0 0 0 0 0 0 0 
0 0 0 0 0 0 1 1 0 0 
1 0 0 0 0 0 1 0 0 0 
1 0 0 0 1 0 0 0 0 0 
0 0 0 0 0 1 1 0 0 0 
0 0 0 0 0 0 0 1 1 0 
0 0 0 0 0 0 0 1 1 0 
0 0 0 0 0 0 0 0 0 1 
0 0 0 0 0 1 0 0 0 0 
0 1 0 0 0 0 0 0 0 0 
0 1 1 1 0 0 0 0 0 0 
0 0 1 0 1 0 0 0 0 0 
1 1 0 0 0 0 0 1 1 1 
Open stacks: 13
Took 10.61 seconds

buffer: Warwick 1304: balanced orders, 7 orders per product
numCustomers: 30
numProducts: 10
0 0 0 0 1 0 0 1 0 0 
0 0 0 0 0 0 1 0 0 1 
0 0 1 0 0 1 0 0 1 0 
0 1 0 0 0 0 0 0 0 1 
0 1 0 0 0 0 0 0 0 0 
0 0 1 0 0 1 0 0 0 0 
0 0 0 0 0 0 0 1 1 0 
1 0 1 1 0 1 0 1 0 0 
0 0 0 1 0 0 0 0 0 0 
1 0 0 0 0 0 0 0 0 0 
0 1 1 0 0 0 0 1 0 1 
0 0 0 0 1 0 0 0 0 1 
0 0 0 1 1 0 1 0 0 0 
0 0 0 0 0 0 0 1 0 0 
1 1 0 1 0 1 0 0 1 1 
0 0 0 0 1 0 0 0 0 0 
0 0 0 0 0 1 1 0 0 0 
1 0 0 0 0 0 0 0 0 0 
1 0 0 0 0 1 1 1 0 0 
0 1 0 0 0 0 1 0 1 1 
0 0 0 1 0 0 0 0 1 1 
1 0 0 0 0 0 0 0 0 0 
0 1 0 0 0 0 0 1 0 0 
0 0 0 0 1 0 1 0 1 0 
1 1 0 0 0 0 0 0 1 0 
0 0 1 0 0 0 0 0 0 0 
0 0 0 1 1 1 0 0 0 0 
0 0 1 0 1 0 0 0 0 0 
0 0 0 0 0 0 1 0 0 0 
0 0 1 1 0 0 0 0 0 0 
numSequences: 3628800
minStacks: 14
Best sequence:
9 0 1 8 7 6 4 3 2 5 
0 0 0 0 1 0 1 0 0 0 
1 0 0 0 0 1 0 0 0 0 
0 0 0 1 0 0 0 0 1 1 
1 0 1 0 0 0 0 0 0 0 
0 0 1 0 0 0 0 0 0 0 
0 0 0 0 0 0 0 0 1 1 
0 0 0 1 1 0 0 0 0 0 
0 1 0 0 1 0 0 1 1 1 
0 0 0 0 0 0 0 1 0 0 
0 1 0 0 0 0 0 0 0 0 
1 0 1 0 1 0 0 0 1 0 
1 0 0 0 0 0 1 0 0 0 
0 0 0 0 0 1 1 1 0 0 
0 0 0 0 1 0 0 0 0 0 
1 1 1 1 0 0 0 1 0 1 
0 0 0 0 0 0 1 0 0 0 
0 0 0 0 0 1 0 0 0 1 
0 1 0 0 0 0 0 0 0 0 
0 1 0 0 1 1 0 0 0 1 
1 0 1 1 0 1 0 0 0 0 
1 0 0 1 0 0 0 1 0 0 
0 1 0 0 0 0 0 0 0 0 
0 0 1 0 1 0 0 0 0 0 
0 0 0 1 0 1 1 0 0 0 
0 1 1 1 0 0 0 0 0 0 
0 0 0 0 0 0 0 0 1 0 
0 0 0 0 0 0 1 1 0 1 
0 0 0 0 0 0 1 0 1 0 
0 0 0 0 0 1 0 0 0 0 
0 0 0 0 0 0 0 1 1 0 
Open stacks: 14
Took 10.64 seconds

buffer: Warwick 1305: balanced orders, 7 orders per product
numCustomers: 30
numProducts: 10
1 1 0 0 0 0 0 0 1 0 
0 0 1 1 0 0 0 0 0 0 
0 0 1 1 1 1 1 0 0 1 
1 1 0 0 0 0 0 0 0 0 
0 1 1 0 1 0 0 0 1 1 
0 0 1 1 0 0 0 0 0 0 
0 0 0 0 0 0 0 1 0 0 
1 0 0 0 0 0 0 0 0 0 
0 0 1 0 0 0 0 0 0 0 
0 0 0 0 1 1 0 0 0 0 
0 0 0 0 0 1 0 0 0 0 
1 0 0 0 0 0 0 1 0 0 
0 0 0 0 1 0 0 0 1 1 
1 0 0 0 0 1 0 0 0 0 
0 0 0 1 0 1 0 0 1 0 
0 0 0 0 0 0 1 1 0 1 
0 1 0 0 0 0 1 0 0 0 
0 0 0 0 0 0 1 0 0 0 
0 1 0 1 1 0 0 1 0 0 
0 0 0 0 1 0 0 1 0 0 
0 0 0 0 0 0 0 0 0 1 
1 0 0 0 0 0 0 0 0 0 
0 1 0 0 0 1 0 0 1 0 
1 0 0 0 0 0 0 1 1 1 
0 0 0 1 0 0 0 1 0 0 
0 0 0 0 0 0 0 0 1 1 
0 0 0 0 0 1 1 0 0 0 
0 1 1 0 0 0 1 0 0 0 
0 0 1 0 1 0 1 0 0 0 
0 0 0 1 0 0 0 0 0 0 
numSequences: 3628800
minStacks: 14
Best sequence:
9 0 7 8 1 4 5 3 2 6 
0 1 0 1 1 0 0 0 0 0 
0 0 0 0 0 0 0 1 1 0 
1 0 0 0 0 1 1 1 1 1 
0 1 0 0 1 0 0 0 0 0 
1 0 0 1 1 1 0 0 1 0 
0 0 0 0 0 0 0 1 1 0 
0 0 1 0 0 0 0 0 0 0 
0 1 0 0 0 0 0 0 0 0 
0 0 0 0 0 0 0 0 1 0 
0 0 0 0 0 1 1 0 0 0 
0 0 0 0 0 0 1 0 0 0 
0 1 1 0 0 0 0 0 0 0 
1 0 0 1 0 1 0 0 0 0 
0 1 0 0 0 0 1 0 0 0 
0 0 0 1 0 0 1 1 0 0 
1 0 1 0 0 0 0 0 0 1 
0 0 0 0 1 0 0 0 0 1 
0 0 0 0 0 0 0 0 0 1 
0 0 1 0 1 1 0 1 0 0 
0 0 1 0 0 1 0 0 0 0 
1 0 0 0 0 0 0 0 0 0 
0 1 0 0 0 0 0 0 0 0 
0 0 0 1 1 0 1 0 0 0 
1 1 1 1 0 0 0 0 0 0 
0 0 1 0 0 0 0 1 0 0 
1 0 0 1 0 0 0 0 0 0 
0 0 0 0 0 0 1 0 0 1 
0 0 0 0 1 0 0 0 1 1 
0 0 0 0 0 1 0 0 1 1 
0 0 0 0 0 0 0 1 0 0 
Open stacks: 14
Took 10.62 seconds

buffer: Warwick 1306: balanced orders, 7 orders per product
numCustomers: 30
numProducts: 10
0 0 1 0 0 0 0 0 0 1 
1 1 0 1 0 0 0 0 0 0 
0 0 1 0 0 0 0 0 0 0 
0 0 0 0 0 1 1 0 0 0 
1 0 1 1 0 0 0 0 0 0 
0 0 0 1 0 1 0 0 0 0 
0 1 0 0 0 0 1 0 0 0 
0 1 1 1 1 1 1 0 0 0 
1 0 1 0 0 0 0 0 0 1 
0 1 0 0 0 0 0 0 1 0 
0 0 1 0 0 0 0 1 1 0 
0 0 0 0 0 1 0 1 0 0 
0 0 0 0 0 0 0 0 1 0 
1 0 0 0 1 0 0 0 0 1 
0 0 0 0 1 0 0 0 0 1 
1 0 0 0 1 0 0 0 0 0 
0 0 0 1 1 0 0 0 0 0 
1 0 0 0 0 0 0 1 1 0 
0 0 0 0 0 1 1 1 1 0 
0 0 0 0 1 0 0 0 0 0 
0 0 0 1 0 0 0 0 0 0 
0 0 0 0 1 0 0 0 0 0 
0 0 1 0 0 0 0 0 0 0 
0 1 0 0 0 1 0 1 1 0 
1 0 0 1 0 0 0 0 0 1 
0 1 0 0 0 0 1 1 0 0 
0 0 0 0 0 0 0 1 1 0 
0 0 0 0 0 0 1 0 0 1 
0 1 0 0 0 0 1 0 0 1 
0 0 0 0 0 1 0 0 0 0 
numSequences: 3628800
minStacks: 12
Best sequence:
9 4 0 3 2 6 1 5 7 8 
1 0 0 0 1 0 0 0 0 0 
0 0 1 1 0 0 1 0 0 0 
0 0 0 0 1 0 0 0 0 0 
0 0 0 0 0 1 0 1 0 0 
0 0 1 1 1 0 0 0 0 0 
0 0 0 1 0 0 0 1 0 0 
0 0 0 0 0 1 1 0 0 0 
0 1 0 1 1 1 1 1 0 0 
1 0 1 0 1 0 0 0 0 0 
0 0 0 0 0 0 1 0 0 1 
0 0 0 0 1 0 0 0 1 1 
0 0 0 0 0 0 0 1 1 0 
0 0 0 0 0 0 0 0 0 1 
1 1 1 0 0 0 0 0 0 0 
1 1 0 0 0 0 0 0 0 0 
0 1 1 0 0 0 0 0 0 0 
0 1 0 1 0 0 0 0 0 0 
0 0 1 0 0 0 0 0 1 1 
0 0 0 0 0 1 0 1 1 1 
0 1 0 0 0 0 0 0 0 0 
0 0 0 1 0 0 0 0 0 0 
0 1 0 0 0 0 0 0 0 0 
0 0 0 0 1 0 0 0 0 0 
0 0 0 0 0 0 1 1 1 1 
1 0 1 1 0 0 0 0 0 0 
0 0 0 0 0 1 1 0 1 0 
0 0 0 0 0 0 0 0 1 1 
1 0 0 0 0 1 0 0 0 0 
1 0 0 0 0 1 1 0 0 0 
0 0 0 0 0 0 0 1 0 0 
Open stacks: 12
Took 10.62 seconds

buffer: Warwick 1307: balanced orders, 7 orders per product
numCustomers: 30
numProducts: 10
0 0 0 1 0 0 0 0 1 0 
0 1 0 0 0 0 0 0 1 0 
0 1 0 0 0 0 1 0 0 0 
0 0 0 0 0 0 1 0 0 0 
0 0 0 0 0 0 1 0 0 0 
0 0 0 0 1 0 0 0 0 0 
1 0 1 1 0 0 0 1 0 1 
0 0 0 0 0 1 0 0 0 1 
0 0 1 0 0 0 0 0 0 0 
0 0 0 1 0 0 0 0 0 0 
0 1 0 1 0 0 1 0 0 0 
0 0 1 0 0 0 1 0 0 1 
0 0 0 0 0 1 1 0 0 0 
0 0 1 1 1 0 0 0 1 0 
0 0 1 0 0 1 0 1 0 1 
0 0 0 0 0 1 0 1 1 0 
0 0 0 0 0 0 0 1 1 0 
0 1 0 0 1 0 0 0 0 0 
0 1 0 0 0 0 0 1 0 1 
1 1 0 0 0 0 0 0 0 0 
0 0 0 1 1 0 0 0 0 0 
1 0 0 0 1 0 0 0 0 0 
1 1 0 0 0 0 0 0 0 0 
1 0 1 0 0 0 0 0 1 1 
0 0 0 0 0 1 0 1 0 0 
1 0 0 0 0 1 0 0 0 1 
0 0 0 0 1 0 0 0 1 0 
1 0 1 1 1 0 0 1 0 0 
0 0 0 0 0 1 0 0 0 0 
0 0 0 0 0 0 1 0 0 0 
numSequences: 3628800
minStacks: 14
Best sequence:
9 6 5 7 2 1 0 3 4 8 
0 0 0 0 0 0 0 1 0 1 
0 0 0 0 0 1 0 0 0 1 
0 1 0 0 0 1 0 0 0 0 
0 1 0 0 0 0 0 0 0 0 
0 1 0 0 0 0 0 0 0 0 
0 0 0 0 0 0 0 0 1 0 
1 0 0 1 1 0 1 1 0 0 
1 0 1 0 0 0 0 0 0 0 
0 0 0 0 1 0 0 0 0 0 
0 0 0 0 0 0 0 1 0 0 
0 1 0 0 0 1 0 1 0 0 
1 1 0 0 1 0 0 0 0 0 
0 1 1 0 0 0 0 0 0 0 
0 0 0 0 1 0 0 1 1 1 
1 0 1 1 1 0 0 0 0 0 
0 0 1 1 0 0 0 0 0 1 
0 0 0 1 0 0 0 0 0 1 
0 0 0 0 0 1 0 0 1 0 
1 0 0 1 0 1 0 0 0 0 
0 0 0 0 0 1 1 0 0 0 
0 0 0 0 0 0 0 1 1 0 
0 0 0 0 0 0 1 0 1 0 
0 0 0 0 0 1 1 0 0 0 
1 0 0 0 1 0 1 0 0 1 
0 0 1 1 0 0 0 0 0 0 
1 0 1 0 0 0 1 0 0 0 
0 0 0 0 0 0 0 0 1 1 
0 0 0 1 1 0 1 1 1 0 
0 0 1 0 0 0 0 0 0 0 
0 1 0 0 0 0 0 0 0 0 
Open stacks: 14
Took 10.62 seconds

buffer: Warwick 1308: balanced orders, 7 orders per product
numCustomers: 30
numProducts: 10
1 1 0 1 1 0 1 1 1 0 
1 0 0 1 1 0 0 0 0 0 
1 1 1 0 0 1 0 0 0 0 
0 0 0 0 0 0 0 0 0 1 
0 0 0 0 0 0 0 1 0 0 
0 0 0 1 0 0 0 1 0 1 
0 0 0 0 0 1 0 0 0 1 
0 0 0 1 0 0 0 0 1 0 
1 0 0 0 1 0 0 0 0 0 
0 0 0 0 0 1 0 0 0 0 
0 0 1 0 0 0 0 0 0 0 
0 1 0 0 1 1 1 0 0 0 
0 0 0 0 1 0 0 0 0 0 
0 0 0 0 0 0 1 1 0 0 
0 0 1 0 0 0 0 0 0 0 
1 1 0 0 0 1 0 0 0 0 
0 0 0 0 0 0 1 0 0 0 
0 0 0 0 1 0 0 0 1 0 
0 0 0 0 1 0 1 0 0 0 
0 1 0 0 0 0 1 0 0 0 
0 0 1 0 0 0 0 1 0 0 
0 0 1 0 0 0 0 0 0 0 
0 0 0 0 0 0 0 0 1 1 
0 1 0 1 0 0 0 0 0 0 
0 0 1 0 0 1 1 1 1 1 
0 1 0 1 0 0 0 0 1 0 
0 0 0 1 0 0 0 0 1 0 
1 0 0 0 0 0 0 1 0 1 
0 0 0 0 0 1 0 0 0 0 
1 0 1 0 0 0 0 0 0 1 
numSequences: 3628800
minStacks: 13
Best sequence:
9 7 2 5 0 1 3 6 4 8 
0 1 0 0 1 1 1 1 1 1 
0 0 0 0 1 0 1 0 1 0 
0 0 1 1 1 1 0 0 0 0 
1 0 0 0 0 0 0 0 0 0 
0 1 0 0 0 0 0 0 0 0 
1 1 0 0 0 0 1 0 0 0 
1 0 0 1 0 0 0 0 0 0 
0 0 0 0 0 0 1 0 0 1 
0 0 0 0 1 0 0 0 1 0 
0 0 0 1 0 0 0 0 0 0 
0 0 1 0 0 0 0 0 0 0 
0 0 0 1 0 1 0 1 1 0 
0 0 0 0 0 0 0 0 1 0 
0 1 0 0 0 0 0 1 0 0 
0 0 1 0 0 0 0 0 0 0 
0 0 0 1 1 1 0 0 0 0 
0 0 0 0 0 0 0 1 0 0 
0 0 0 0 0 0 0 0 1 1 
0 0 0 0 0 0 0 1 1 0 
0 0 0 0 0 1 0 1 0 0 
0 1 1 0 0 0 0 0 0 0 
0 0 1 0 0 0 0 0 0 0 
1 0 0 0 0 0 0 0 0 1 
0 0 0 0 0 1 1 0 0 0 
1 1 1 1 0 0 0 1 0 1 
0 0 0 0 0 1 1 0 0 1 
0 0 0 0 0 0 1 0 0 1 
1 1 0 0 1 0 0 0 0 0 
0 0 0 1 0 0 0 0 0 0 
1 0 1 0 1 0 0 0 0 0 
Open stacks: 13
Took 10.64 seconds

buffer: Warwick 1309: balanced orders, 7 orders per product
numCustomers: 30
numProducts: 10
0 0 0 0 1 0 0 0 1 0 
1 1 0 0 0 0 1 1 0 0 
0 0 1 0 0 0 0 0 0 1 
0 0 0 0 0 0 1 0 1 0 
1 0 0 0 0 1 1 1 1 0 
0 0 1 0 0 1 1 0 0 0 
0 0 1 0 0 0 1 0 0 0 
0 0 1 0 0 0 0 0 0 0 
0 1 0 1 0 0 0 0 0 0 
0 0 1 0 0 1 0 0 0 1 
1 0 0 1 1 1 0 0 0 0 
0 1 0 0 0 0 0 0 0 0 
0 0 0 0 0 0 0 0 0 1 
0 0 0 0 0 0 0 1 0 1 
0 1 0 1 1 0 1 0 1 0 
0 0 0 0 0 0 0 1 0 0 
0 0 0 1 0 0 1 0 0 0 
1 0 0 0 1 0 0 0 0 1 
0 0 1 0 1 0 0 1 0 0 
1 0 0 1 0 1 0 0 0 0 
0 0 1 0 0 0 0 0 1 1 
0 1 0 0 0 0 0 0 0 0 
0 0 0 0 1 0 0 0 0 0 
0 1 0 1 0 1 0 0 1 0 
0 0 0 1 0 0 0 0 0 1 
0 0 0 0 1 0 0 1 0 0 
0 0 0 0 0 0 0 1 1 0 
1 1 0 0 0 0 0 0 0 0 
1 0 0 0 0 0 0 0 0 0 
0 0 0 0 0 1 0 0 0 0 
numSequences: 3628800
minStacks: 15
Best sequence:
9 1 0 5 3 2 4 6 7 8 
0 0 0 0 0 0 1 0 0 1 
0 1 1 0 0 0 0 1 1 0 
1 0 0 0 0 1 0 0 0 0 
0 0 0 0 0 0 0 1 0 1 
0 0 1 1 0 0 0 1 1 1 
0 0 0 1 0 1 0 1 0 0 
0 0 0 0 0 1 0 1 0 0 
0 0 0 0 0 1 0 0 0 0 
0 1 0 0 1 0 0 0 0 0 
1 0 0 1 0 1 0 0 0 0 
0 0 1 1 1 0 1 0 0 0 
0 1 0 0 0 0 0 0 0 0 
1 0 0 0 0 0 0 0 0 0 
1 0 0 0 0 0 0 0 1 0 
0 1 0 0 1 0 1 1 0 1 
0 0 0 0 0 0 0 0 1 0 
0 0 0 0 1 0 0 1 0 0 
1 0 1 0 0 0 1 0 0 0 
0 0 0 0 0 1 1 0 1 0 
0 0 1 1 1 0 0 0 0 0 
1 0 0 0 0 1 0 0 0 1 
0 1 0 0 0 0 0 0 0 0 
0 0 0 0 0 0 1 0 0 0 
0 1 0 1 1 0 0 0 0 1 
1 0 0 0 1 0 0 0 0 0 
0 0 0 0 0 0 1 0 1 0 
0 0 0 0 0 0 0 0 1 1 
0 1 1 0 0 0 0 0 0 0 
0 0 1 0 0 0 0 0 0 0 
0 0 0 1 0 0 0 0 0 0 
Open stacks: 15
Took 10.63 seconds

buffer: Warwick 1310: balanced orders, 7 orders per product
numCustomers: 30
numProducts: 10
1 0 1 0 1 1 0 0 0 0 
0 1 0 0 1 1 0 0 0 0 
1 0 1 0 0 0 1 0 0 0 
0 0 0 1 0 0 1 0 0 0 
0 1 0 0 0 0 0 0 1 1 
0 0 1 0 0 1 0 0 0 0 
1 0 0 0 0 1 0 0 0 0 
0 0 0 0 0 0 1 0 0 0 
0 1 0 0 0 0 0 0 0 0 
1 1 0 0 0 1 0 0 0 0 
0 0 0 0 0 0 1 0 0 1 
0 0 0 0 1 0 0 1 1 0 
0 0 0 0 0 1 0 0 0 0 
0 1 0 0 0 1 1 1 0 0 
0 0 0 1 0 0 0 0 1 1 
0 0 0 1 0 0 0 0 0 0 
0 0 1 0 0 0 0 0 0 0 
1 0 1 0 0 0 0 0 0 0 
0 0 0 0 0 0 0 1 1 1 
0 0 0 0 1 0 0 0 0 0 
0 0 0 0 0 0 1 0 0 0 
0 0 0 1 0 0 0 0 0 1 
0 0 0 1 1 0 0 0 1 0 
0 0 0 0 0 0 0 1 0 0 
0 1 1 0 1 0 0 0 0 0 
0 1 0 1 0 0 0 0 1 0 
1 0 0 0 0 0 1 0 0 0 
0 0 1 0 0 0 0 1 0 0 
1 0 0 1 1 0 0 1 1 1 
0 0 0 0 0 0 0 1 0 1 
numSequences: 3628800
minStacks: 13
Best sequence:
9 8 7 3 1 4 5 0 2 6 
0 0 0 0 0 1 1 1 1 0 
0 0 0 0 1 1 1 0 0 0 
0 0 0 0 0 0 0 1 1 1 
0 0 0 1 0 0 0 0 0 1 
1 1 0 0 1 0 0 0 0 0 
0 0 0 0 0 0 1 0 1 0 
0 0 0 0 0 0 1 1 0 0 
0 0 0 0 0 0 0 0 0 1 
0 0 0 0 1 0 0 0 0 0 
0 0 0 0 1 0 1 1 0 0 
1 0 0 0 0 0 0 0 0 1 
0 1 1 0 0 1 0 0 0 0 
0 0 0 0 0 0 1 0 0 0 
0 0 1 0 1 0 1 0 0 1 
1 1 0 1 0 0 0 0 0 0 
0 0 0 1 0 0 0 0 0 0 
0 0 0 0 0 0 0 0 1 0 
0 0 0 0 0 0 0 1 1 0 
1 1 1 0 0 0 0 0 0 0 
0 0 0 0 0 1 0 0 0 0 
0 0 0 0 0 0 0 0 0 1 
1 0 0 1 0 0 0 0 0 0 
0 1 0 1 0 1 0 0 0 0 
0 0 1 0 0 0 0 0 0 0 
0 0 0 0 1 1 0 0 1 0 
0 1 0 1 1 0 0 0 0 0 
0 0 0 0 0 0 0 1 0 1 
0 0 1 0 0 0 0 0 1 0 
1 1 1 1 0 1 0 1 0 0 
1 0 1 0 0 0 0 0 0 0 
Open stacks: 13
Took 10.62 seconds

buffer: Warwick 1311: balanced orders, 8 orders per product
numCustomers: 30
numProducts: 10
0 0 0 0 0 1 0 1 0 0 
0 0 1 0 0 0 1 0 0 0 
0 1 0 1 1 0 1 0 0 0 
0 0 0 0 1 1 0 0 1 0 
0 1 0 0 0 0 0 0 0 0 
0 1 0 0 0 0 1 0 0 0 
0 1 1 0 0 1 0 0 0 1 
0 1 0 0 0 0 0 1 0 1 
1 0 0 0 0 0 0 1 0 0 
0 0 0 0 0 0 0 1 0 0 
0 0 0 0 0 0 0 1 1 0 
0 1 0 0 1 0 0 0 0 0 
0 0 0 0 1 1 0 0 0 0 
0 1 0 0 1 0 0 0 0 0 
0 0 0 0 0 0 0 1 1 0 
0 0 0 0 1 0 1 1 0 0 
0 0 0 1 1 0 0 0 0 1 
0 0 1 0 0 0 0 0 0 1 
1 0 1 1 0 0 0 0 1 1 
1 0 0 1 0 1 0 0 0 0 
0 0 1 0 0 1 0 0 1 0 
0 0 0 0 0 0 1 0 0 1 
1 0 1 0 0 1 1 0 0 0 
0 0 0 0 0 0 0 0 0 1 
0 0 0 1 0 1 0 0 1 0 
1 0 0 1 0 0 1 0 0 0 
0 0 0 1 0 0 0 0 1 1 
1 0 0 0 0 0 0 0 0 0 
1 0 1 0 0 0 1 1 0 0 
1 1 1 1 1 0 0 0 1 0 
numSequences: 3628800
minStacks: 16
Best sequence:
9 6 2 1 4 3 0 5 7 8 
0 0 0 0 0 0 0 1 1 0 
0 1 1 0 0 0 0 0 0 0 
0 1 0 1 1 1 0 0 0 0 
0 0 0 0 1 0 0 1 0 1 
0 0 0 1 0 0 0 0 0 0 
0 1 0 1 0 0 0 0 0 0 
1 0 1 1 0 0 0 1 0 0 
1 0 0 1 0 0 0 0 1 0 
0 0 0 0 0 0 1 0 1 0 
0 0 0 0 0 0 0 0 1 0 
0 0 0 0 0 0 0 0 1 1 
0 0 0 1 1 0 0 0 0 0 
0 0 0 0 1 0 0 1 0 0 
0 0 0 1 1 0 0 0 0 0 
0 0 0 0 0 0 0 0 1 1 
0 1 0 0 1 0 0 0 1 0 
1 0 0 0 1 1 0 0 0 0 
1 0 1 0 0 0 0 0 0 0 
1 0 1 0 0 1 1 0 0 1 
0 0 0 0 0 1 1 1 0 0 
0 0 1 0 0 0 0 1 0 1 
1 1 0 0 0 0 0 0 0 0 
0 1 1 0 0 0 1 1 0 0 
1 0 0 0 0 0 0 0 0 0 
0 0 0 0 0 1 0 1 0 1 
0 1 0 0 0 1 1 0 0 0 
1 0 0 0 0 1 0 0 0 1 
0 0 0 0 0 0 1 0 0 0 
0 1 1 0 0 0 1 0 1 0 
0 0 1 1 1 1 1 0 0 1 
Open stacks: 16
Took 10.64 seconds

buffer: Warwick 1312: balanced orders, 8 orders per product
numCustomers: 30
numProducts: 10
0 0 0 0 1 0 0 0 0 0 
1 1 0 0 0 0 1 1 0 1 
0 1 0 0 1 0 0 0 0 0 
1 0 0 0 0 0 0 0 0 0 
0 0 0 1 1 1 0 0 0 0 
0 0 0 0 0 0 0 0 1 0 
0 1 0 0 0 1 0 1 0 0 
0 1 0 0 0 0 0 1 0 0 
1 0 0 1 1 0 0 0 0 1 
0 0 1 0 0 1 1 0 0 1 
1 0 1 0 1 0 1 1 0 0 
0 0 0 1 0 0 0 0 0 0 
0 1 0 0 1 1 0 0 1 0 
0 0 1 0 0 0 0 0 0 1 
0 0 1 0 0 0 0 0 1 0 
0 0 1 0 0 0 1 0 0 0 
0 1 0 0 0 0 1 1 0 0 
1 0 1 1 0 0 0 0 0 0 
0 0 0 1 0 0 0 0 0 1 
1 0 0 1 0 1 0 0 1 0 
0 0 0 0 0 1 1 0 1 0 
0 1 1 0 1 0 1 0 0 0 
1 1 0 0 0 1 0 0 1 0 
0 0 0 1 1 0 0 0 0 0 
1 0 0 0 0 0 0 1 1 1 
0 0 0 1 0 0 0 0 1 1 
0 0 0 0 0 0 1 1 0 1 
0 0 0 0 0 0 0 1 0 0 
0 0 1 0 0 0 0 0 0 0 
0 0 0 0 0 1 0 0 0 0 
numSequences: 3628800
minStacks: 17
Best sequence:
9 4 3 0 2 5 1 6 7 8 
0 1 0 0 0 0 0 0 0 0 
1 0 0 1 0 0 1 1 1 0 
0 1 0 0 0 0 1 0 0 0 
0 0 0 1 0 0 0 0 0 0 
0 1 1 0 0 1 0 0 0 0 
0 0 0 0 0 0 0 0 0 1 
0 0 0 0 0 1 1 0 1 0 
0 0 0 0 0 0 1 0 1 0 
1 1 1 1 0 0 0 0 0 0 
1 0 0 0 1 1 0 1 0 0 
0 1 0 1 1 0 0 1 1 0 
0 0 1 0 0 0 0 0 0 0 
0 1 0 0 0 1 1 0 0 1 
1 0 0 0 1 0 0 0 0 0 
0 0 0 0 1 0 0 0 0 1 
0 0 0 0 1 0 0 1 0 0 
0 0 0 0 0 0 1 1 1 0 
0 0 1 1 1 0 0 0 0 0 
1 0 1 0 0 0 0 0 0 0 
0 0 1 1 0 1 0 0 0 1 
0 0 0 0 0 1 0 1 0 1 
0 1 0 0 1 0 1 1 0 0 
0 0 0 1 0 1 1 0 0 1 
0 1 1 0 0 0 0 0 0 0 
1 0 0 1 0 0 0 0 1 1 
1 0 1 0 0 0 0 0 0 1 
1 0 0 0 0 0 0 1 1 0 
0 0 0 0 0 0 0 0 1 0 
0 0 0 0 1 0 0 0 0 0 
0 0 0 0 0 1 0 0 0 0 
Open stacks: 17
Took 10.65 seconds

buffer: Warwick 1313: balanced orders, 8 orders per product
numCustomers: 30
numProducts: 10
1 0 1 0 0 1 0 0 0 0 
0 0 0 0 0 1 0 0 1 0 
0 0 0 0 0 1 0 0 0 0 
0 0 1 0 1 0 0 0 0 0 
0 0 0 0 0 1 0 0 0 1 
1 0 1 1 1 0 1 0 1 0 
1 0 0 1 0 0 0 0 0 0 
0 0 0 0 0 0 0 1 0 1 
0 0 0 1 0 1 0 1 0 0 
0 0 0 1 0 0 0 1 1 1 
0 1 0 0 0 0 1 0 1 0 
1 0 0 0 0 0 1 0 0 0 
1 1 0 0 0 0 0 1 0 0 
0 1 0 0 0 0 0 0 1 0 
0 0 0 0 1 0 1 1 0 0 
1 0 1 0 0 0 0 0 0 1 
1 0 1 0 1 0 1 0 0 0 
0 0 1 1 0 0 0 0 0 1 
0 1 0 0 0 0 0 0 0 0 
1 1 0 1 1 0 1 0 0 0 
0 0 1 0 0 0 0 0 0 0 
0 1 0 1 0 0 0 1 0 0 
0 0 0 0 1 0 0 0 0 1 
0 0 0 0 0 1 0 0 1 0 
0 0 1 0 0 1 0 1 0 0 
0 1 0 1 1 0 0 0 0 1 
0 1 0 0 0 1 0 1 0 0 
0 0 0 0 0 0 1 0 1 0 
0 0 0 0 1 0 0 0 1 1 
0 0 0 0 0 0 1 0 0 0 
numSequences: 3628800
minStacks: 17
Best sequence:
6 4 0 2 9 3 7 5 1 8 
0 0 1 1 0 0 0 1 0 0 
0 0 0 0 0 0 0 1 0 1 
0 0 0 0 0 0 0 1 0 0 
0 1 0 1 0 0 0 0 0 0 
0 0 0 0 1 0 0 1 0 0 
1 1 1 1 0 1 0 0 0 1 
0 0 1 0 0 1 0 0 0 0 
0 0 0 0 1 0 1 0 0 0 
0 0 0 0 0 1 1 1 0 0 
0 0 0 0 1 1 1 0 0 1 
1 0 0 0 0 0 0 0 1 1 
1 0 1 0 0 0 0 0 0 0 
0 0 1 0 0 0 1 0 1 0 
0 0 0 0 0 0 0 0 1 1 
1 1 0 0 0 0 1 0 0 0 
0 0 1 1 1 0 0 0 0 0 
1 1 1 1 0 0 0 0 0 0 
0 0 0 1 1 1 0 0 0 0 
0 0 0 0 0 0 0 0 1 0 
1 1 1 0 0 1 0 0 1 0 
0 0 0 1 0 0 0 0 0 0 
0 0 0 0 0 1 1 0 1 0 
0 1 0 0 1 0 0 0 0 0 
0 0 0 0 0 0 0 1 0 1 
0 0 0 1 0 0 1 1 0 0 
0 1 0 0 1 1 0 0 1 0 
0 0 0 0 0 0 1 1 1 0 
1 0 0 0 0 0 0 0 0 1 
0 1 0 0 1 0 0 0 0 1 
1 0 0 0 0 0 0 0 0 0 
Open stacks: 17
Took 10.64 seconds

buffer: Warwick 1314: balanced orders, 8 orders per product
numCustomers: 30
numProducts: 10
0 0 0 1 1 0 0 1 0 0 
0 0 1 0 0 1 0 1 0 0 
0 1 0 0 0 0 1 0 0 0 
0 0 0 0 0 1 1 1 1 1 
1 0 0 0 1 0 1 0 0 0 
0 0 0 0 0 0 1 1 1 1 
0 0 1 1 0 1 0 0 1 0 
0 1 0 0 1 1 1 0 1 0 
0 0 0 0 0 0 0 1 0 1 
0 1 0 0 1 0 1 0 0 0 
0 0 0 0 0 0 0 0 0 1 
0 0 1 1 0 0 0 0 0 0 
1 0 0 0 0 0 0 0 1 0 
0 0 0 0 0 0 0 0 0 1 
1 1 0 0 0 0 0 0 0 0 
1 0 0 0 0 1 1 0 0 0 
0 0 1 0 1 0 0 0 0 0 
1 0 0 0 0 0 1 0 0 0 
0 1 0 1 0 0 0 0 1 0 
0 0 0 0 0 0 0 0 0 1 
0 0 0 0 1 0 0 1 1 0 
1 0 1 0 0 0 0 1 0 0 
1 0 0 0 0 0 0 0 0 0 
1 1 0 1 0 0 0 0 0 1 
0 0 0 1 0 0 0 0 0 0 
0 0 1 0 0 0 0 0 0 0 
0 1 1 1 0 1 0 1 0 0 
0 1 0 0 0 0 0 0 0 0 
0 0 1 1 1 1 0 0 1 0 
0 0 0 0 1 1 0 0 0 1 
numSequences: 3628800
minStacks: 16
Best sequence:
9 7 5 2 3 4 1 6 0 8 
0 1 0 0 1 1 0 0 0 0 
0 1 1 1 0 0 0 0 0 0 
0 0 0 0 0 0 1 1 0 0 
1 1 1 0 0 0 0 1 0 1 
0 0 0 0 0 1 0 1 1 0 
1 1 0 0 0 0 0 1 0 1 
0 0 1 1 1 0 0 0 0 1 
0 0 1 0 0 1 1 1 0 1 
1 1 0 0 0 0 0 0 0 0 
0 0 0 0 0 1 1 1 0 0 
1 0 0 0 0 0 0 0 0 0 
0 0 0 1 1 0 0 0 0 0 
0 0 0 0 0 0 0 0 1 1 
1 0 0 0 0 0 0 0 0 0 
0 0 0 0 0 0 1 0 1 0 
0 0 1 0 0 0 0 1 1 0 
0 0 0 1 0 1 0 0 0 0 
0 0 0 0 0 0 0 1 1 0 
0 0 0 0 1 0 1 0 0 1 
1 0 0 0 0 0 0 0 0 0 
0 1 0 0 0 1 0 0 0 1 
0 1 0 1 0 0 0 0 1 0 
0 0 0 0 0 0 0 0 1 0 
1 0 0 0 1 0 1 0 1 0 
0 0 0 0 1 0 0 0 0 0 
0 0 0 1 0 0 0 0 0 0 
0 1 1 1 1 0 1 0 0 0 
0 0 0 0 0 0 1 0 0 0 
0 0 1 1 1 1 0 0 0 1 
1 0 1 0 0 1 0 0 0 0 
Open stacks: 16
Took 10.65 seconds

buffer: Warwick 1315: balanced orders, 8 orders per product
numCustomers: 30
numProducts: 10
0 0 0 0 0 0 0 0 1 0 
0 1 0 0 0 0 1 0 1 0 
0 1 1 0 0 0 0 1 0 0 
1 0 0 0 1 0 1 0 1 0 
0 1 0 0 0 0 0 0 0 0 
1 0 0 1 0 1 0 0 0 0 
1 0 0 0 1 0 0 0 0 1 
0 1 0 0 0 1 0 0 0 0 
0 0 0 0 0 0 0 1 1 1 
0 0 1 1 0 0 1 1 1 0 
1 0 0 0 0 0 0 0 0 0 
0 0 1 0 0 0 0 1 0 0 
1 1 0 0 0 0 0 0 1 0 
0 0 1 0 0 0 0 1 0 0 
0 0 0 0 0 1 0 0 0 0 
0 1 0 1 0 0 0 1 0 0 
0 0 0 0 1 0 0 0 1 0 
0 0 0 1 1 0 0 0 0 0 
0 0 0 0 0 0 1 1 0 0 
1 0 0 1 0 0 1 0 0 1 
0 0 0 0 1 1 1 0 0 0 
0 0 0 1 1 0 1 0 1 1 
0 0 1 0 0 0 0 0 0 1 
1 0 1 0 0 1 0 0 0 0 
0 0 0 1 0 1 0 0 0 1 
0 0 0 1 1 0 0 0 0 1 
1 0 0 0 0 1 1 0 0 0 
0 0 1 0 1 0 0 1 0 0 
0 1 0 0 0 0 0 0 0 0 
0 1 1 0 0 1 0 0 0 1 
numSequences: 3628800
minStacks: 18
Best sequence:
9 5 3 0 6 4 1 2 7 8 
0 0 0 0 0 0 0 0 0 1 
0 0 0 0 1 0 1 0 0 1 
0 0 0 0 0 0 1 1 1 0 
0 0 0 1 1 1 0 0 0 1 
0 0 0 0 0 0 1 0 0 0 
0 1 1 1 0 0 0 0 0 0 
1 0 0 1 0 1 0 0 0 0 
0 1 0 0 0 0 1 0 0 0 
1 0 0 0 0 0 0 0 1 1 
0 0 1 0 1 0 0 1 1 1 
0 0 0 1 0 0 0 0 0 0 
0 0 0 0 0 0 0 1 1 0 
0 0 0 1 0 0 1 0 0 1 
0 0 0 0 0 0 0 1 1 0 
0 1 0 0 0 0 0 0 0 0 
0 0 1 0 0 0 1 0 1 0 
0 0 0 0 0 1 0 0 0 1 
0 0 1 0 0 1 0 0 0 0 
0 0 0 0 1 0 0 0 1 0 
1 0 1 1 1 0 0 0 0 0 
0 1 0 0 1 1 0 0 0 0 
1 0 1 0 1 1 0 0 0 1 
1 0 0 0 0 0 0 1 0 0 
0 1 0 1 0 0 0 1 0 0 
1 1 1 0 0 0 0 0 0 0 
1 0 1 0 0 1 0 0 0 0 
0 1 0 1 1 0 0 0 0 0 
0 0 0 0 0 1 0 1 1 0 
0 0 0 0 0 0 1 0 0 0 
1 1 0 0 0 0 1 1 0 0 
Open stacks: 18
Took 10.63 seconds

buffer: Warwick 1316: balanced orders, 8 orders per product
numCustomers: 30
numProducts: 10
1 0 0 0 0 0 0 0 0 0 
0 1 1 0 0 1 0 0 0 0 
1 0 0 0 0 0 1 0 0 0 
1 0 1 1 0 0 0 1 1 0 
0 0 1 0 0 0 0 0 1 1 
0 0 1 1 0 0 1 0 0 1 
1 1 0 0 0 1 0 0 0 0 
0 0 0 0 0 0 0 1 0 1 
1 0 0 0 1 0 1 0 0 0 
0 0 0 0 1 0 1 0 0 0 
0 1 0 0 0 1 1 1 0 0 
0 0 0 1 1 0 1 0 0 1 
0 0 0 0 0 0 0 0 1 0 
0 0 0 0 0 0 0 0 1 0 
1 1 0 0 0 0 0 1 1 1 
0 0 1 1 0 0 1 0 0 0 
0 1 1 1 0 0 0 0 0 0 
0 0 0 0 0 0 0 0 0 1 
1 0 0 0 0 1 0 1 0 0 
0 1 0 0 1 0 0 1 0 0 
0 0 0 0 0 0 0 0 0 1 
0 0 0 0 0 1 0 0 0 0 
0 0 0 0 1 1 0 0 0 0 
0 0 1 0 0 0 0 0 0 0 
0 1 0 0 1 0 0 0 0 0 
0 1 0 0 1 0 0 0 1 0 
1 0 1 1 0 0 0 1 1 0 
0 0 0 1 1 1 0 0 0 0 
0 0 0 1 0 0 0 1 0 0 
0 0 0 0 0 1 1 0 1 1 
numSequences: 3628800
minStacks: 17
Best sequence:
9 7 3 2 6 0 1 4 5 8 
0 0 0 0 0 1 0 0 0 0 
0 0 0 1 0 0 1 0 1 0 
0 0 0 0 1 1 0 0 0 0 
0 1 1 1 0 1 0 0 0 1 
1 0 0 1 0 0 0 0 0 1 
1 0 1 1 1 0 0 0 0 0 
0 0 0 0 0 1 1 0 1 0 
1 1 0 0 0 0 0 0 0 0 
0 0 0 0 1 1 0 1 0 0 
0 0 0 0 1 0 0 1 0 0 
0 1 0 0 1 0 1 0 1 0 
1 0 1 0 1 0 0 1 0 0 
0 0 0 0 0 0 0 0 0 1 
0 0 0 0 0 0 0 0 0 1 
1 1 0 0 0 1 1 0 0 1 
0 0 1 1 1 0 0 0 0 0 
0 0 1 1 0 0 1 0 0 0 
1 0 0 0 0 0 0 0 0 0 
0 1 0 0 0 1 0 0 1 0 
0 1 0 0 0 0 1 1 0 0 
1 0 0 0 0 0 0 0 0 0 
0 0 0 0 0 0 0 0 1 0 
0 0 0 0 0 0 0 1 1 0 
0 0 0 1 0 0 0 0 0 0 
0 0 0 0 0 0 1 1 0 0 
0 0 0 0 0 0 1 1 0 1 
0 1 1 1 0 1 0 0 0 1 
0 0 1 0 0 0 0 1 1 0 
0 1 1 0 0 0 0 0 0 0 
1 0 0 0 1 0 0 0 1 1 
Open stacks: 17
Took 10.64 seconds

buffer: Warwick 1317: balanced orders, 8 orders per product
numCustomers: 30
numProducts: 10
0 0 0 0 0 1 0 0 0 0 
0 0 1 0 0 0 0 0 0 0 
1 0 0 0 0 1 0 0 1 0 
0 0 0 0 0 0 0 1 0 0 
0 1 1 0 0 1 0 1 0 0 
0 0 1 0 0 1 0 0 0 1 
0 1 0 0 0 0 1 1 0 0 
0 0 0 1 1 0 0 0 1 0 
0 1 0 0 0 0 1 0 0 1 
0 0 1 0 0 0 0 0 0 1 
0 0 0 0 0 0 1 0 0 0 
0 0 0 0 1 0 0 0 0 0 
1 0 0 0 0 0 0 0 0 0 
1 0 0 0 0 0 0 0 1 0 
0 0 0 0 1 0 0 0 0 0 
1 0 0 0 0 0 1 1 0 0 
0 0 1 1 0 0 0 0 1 1 
1 1 0 0 1 1 0 0 0 0 
0 1 0 1 0 1 0 1 1 1 
0 1 1 0 0 0 0 1 0 0 
0 0 0 0 0 0 1 0 0 0 
0 0 0 1 0 1 1 1 0 0 
1 0 1 1 0 0 0 0 0 0 
0 0 0 0 1 0 0 0 1 1 
1 0 0 0 1 1 0 0 0 0 
0 0 0 0 1 0 1 1 0 1 
0 1 1 1 0 0 1 0 1 0 
0 0 0 0 1 0 0 0 1 0 
0 1 0 1 0 0 0 0 0 1 
1 0 0 1 0 0 0 0 0 0 
numSequences: 3628800
minStacks: 15
Best sequence:
9 6 7 1 2 5 3 0 4 8 
0 0 0 0 0 1 0 0 0 0 
0 0 0 0 1 0 0 0 0 0 
0 0 0 0 0 1 0 1 0 1 
0 0 1 0 0 0 0 0 0 0 
0 0 1 1 1 1 0 0 0 0 
1 0 0 0 1 1 0 0 0 0 
0 1 1 1 0 0 0 0 0 0 
0 0 0 0 0 0 1 0 1 1 
1 1 0 1 0 0 0 0 0 0 
1 0 0 0 1 0 0 0 0 0 
0 1 0 0 0 0 0 0 0 0 
0 0 0 0 0 0 0 0 1 0 
0 0 0 0 0 0 0 1 0 0 
0 0 0 0 0 0 0 1 0 1 
0 0 0 0 0 0 0 0 1 0 
0 1 1 0 0 0 0 1 0 0 
1 0 0 0 1 0 1 0 0 1 
0 0 0 1 0 1 0 1 1 0 
1 0 1 1 0 1 1 0 0 1 
0 0 1 1 1 0 0 0 0 0 
0 1 0 0 0 0 0 0 0 0 
0 1 1 0 0 1 1 0 0 0 
0 0 0 0 1 0 1 1 0 0 
1 0 0 0 0 0 0 0 1 1 
0 0 0 0 0 1 0 1 1 0 
1 1 1 0 0 0 0 0 1 0 
0 1 0 1 1 0 1 0 0 1 
0 0 0 0 0 0 0 0 1 1 
1 0 0 1 0 0 1 0 0 0 
0 0 0 0 0 0 1 1 0 0 
Open stacks: 15
Took 10.66 seconds

buffer: Warwick 1318: balanced orders, 8 orders per product
numCustomers: 30
numProducts: 10
0 1 1 0 0 0 0 0 0 1 
1 0 1 0 0 0 0 0 0 1 
1 0 0 0 0 0 0 0 0 0 
1 0 0 1 0 1 0 0 1 0 
0 0 0 0 0 0 0 1 0 0 
0 0 0 1 0 0 0 0 0 0 
0 0 1 1 0 0 0 1 0 0 
0 0 0 0 0 0 0 0 1 0 
1 0 0 0 0 0 0 1 1 0 
0 1 0 1 1 0 0 0 0 0 
0 0 0 1 0 1 1 0 0 1 
1 0 0 0 0 0 0 0 0 1 
0 1 1 0 0 0 0 0 0 1 
0 0 0 0 0 0 0 0 1 0 
0 0 1 1 0 1 0 0 0 0 
1 0 0 1 0 0 1 0 0 0 
0 0 1 0 0 0 1 0 0 1 
0 0 0 0 0 0 1 1 1 1 
1 1 0 0 0 0 1 1 0 0 
0 0 0 0 0 1 1 0 1 0 
0 1 0 0 1 0 0 0 0 0 
0 0 1 0 1 1 0 0 0 0 
0 1 1 0 1 0 0 1 0 0 
0 0 0 0 1 0 0 0 0 0 
0 0 0 1 1 1 0 0 0 0 
0 0 0 0 1 0 0 0 0 0 
0 0 0 0 1 1 1 1 1 0 
1 0 0 0 0 0 0 0 0 0 
0 1 0 0 0 1 0 1 0 0 
0 1 0 0 0 0 1 0 1 1 
numSequences: 3628800
minStacks: 16
Best sequence:
8 7 0 9 6 2 1 4 5 3 
0 0 0 1 0 1 1 0 0 0 
0 0 1 1 0 1 0 0 0 0 
0 0 1 0 0 0 0 0 0 0 
1 0 1 0 0 0 0 0 1 1 
0 1 0 0 0 0 0 0 0 0 
0 0 0 0 0 0 0 0 0 1 
0 1 0 0 0 1 0 0 0 1 
1 0 0 0 0 0 0 0 0 0 
1 1 1 0 0 0 0 0 0 0 
0 0 0 0 0 0 1 1 0 1 
0 0 0 1 1 0 0 0 1 1 
0 0 1 1 0 0 0 0 0 0 
0 0 0 1 0 1 1 0 0 0 
1 0 0 0 0 0 0 0 0 0 
0 0 0 0 0 1 0 0 1 1 
0 0 1 0 1 0 0 0 0 1 
0 0 0 1 1 1 0 0 0 0 
1 1 0 1 1 0 0 0 0 0 
0 1 1 0 1 0 1 0 0 0 
1 0 0 0 1 0 0 0 1 0 
0 0 0 0 0 0 1 1 0 0 
0 0 0 0 0 1 0 1 1 0 
0 1 0 0 0 1 1 1 0 0 
0 0 0 0 0 0 0 1 0 0 
0 0 0 0 0 0 0 1 1 1 
0 0 0 0 0 0 0 1 0 0 
1 1 0 0 1 0 0 1 1 0 
0 0 1 0 0 0 0 0 0 0 
0 1 0 0 0 0 1 0 1 0 
1 0 0 1 1 0 1 0 0 0 
Open stacks: 16
Took 10.65 seconds

buffer: Warwick 1319: balanced orders, 8 orders per product
numCustomers: 30
numProducts: 10
0 0 0 0 0 0 1 0 0 1 
0 1 0 0 0 1 1 0 0 0 
0 0 0 0 0 0 0 1 0 0 
0 1 0 1 0 0 0 0 0 0 
0 0 1 0 0 1 0 0 1 1 
1 0 0 0 0 1 0 0 0 0 
0 0 0 0 0 1 0 0 0 0 
1 0 0 1 0 0 1 1 0 0 
0 0 0 1 0 0 0 1 0 0 
0 0 0 0 0 0 1 1 0 0 
0 1 1 0 0 0 0 1 0 0 
0 1 0 0 0 0 0 0 0 0 
0 0 0 0 1 0 0 0 0 1 
1 0 0 1 1 0 0 0 1 0 
1 0 0 0 0 0 1 0 0 1 
0 0 0 0 0 0 0 0 1 1 
0 0 1 1 0 0 1 0 0 0 
0 0 0 0 1 1 0 0 0 1 
0 0 1 0 0 0 0 0 0 0 
1 1 0 0 1 1 0 0 0 0 
0 0 0 0 0 0 1 0 0 0 
0 1 0 1 1 0 0 0 1 0 
0 0 0 0 0 0 0 0 0 1 
0 0 1 1 0 0 0 1 1 0 
1 0 0 0 1 0 0 1 1 0 
0 1 1 0 0 0 0 1 1 0 
1 0 0 1 1 0 0 0 1 0 
1 0 1 0 0 0 1 0 0 1 
0 1 1 0 0 1 0 0 0 0 
0 0 0 0 1 1 0 0 0 0 
numSequences: 3628800
minStacks: 16
Best sequence:
9 5 4 0 6 8 2 3 1 7 
1 0 0 0 1 0 0 0 0 0 
0 1 0 0 1 0 0 0 1 0 
0 0 0 0 0 0 0 0 0 1 
0 0 0 0 0 0 0 1 1 0 
1 1 0 0 0 1 1 0 0 0 
0 1 0 1 0 0 0 0 0 0 
0 1 0 0 0 0 0 0 0 0 
0 0 0 1 1 0 0 1 0 1 
0 0 0 0 0 0 0 1 0 1 
0 0 0 0 1 0 0 0 0 1 
0 0 0 0 0 0 1 0 1 1 
0 0 0 0 0 0 0 0 1 0 
1 0 1 0 0 0 0 0 0 0 
0 0 1 1 0 1 0 1 0 0 
1 0 0 1 1 0 0 0 0 0 
1 0 0 0 0 1 0 0 0 0 
0 0 0 0 1 0 1 1 0 0 
1 1 1 0 0 0 0 0 0 0 
0 0 0 0 0 0 1 0 0 0 
0 1 1 1 0 0 0 0 1 0 
0 0 0 0 1 0 0 0 0 0 
0 0 1 0 0 1 0 1 1 0 
1 0 0 0 0 0 0 0 0 0 
0 0 0 0 0 1 1 1 0 1 
0 0 1 1 0 1 0 0 0 1 
0 0 0 0 0 1 1 0 1 1 
0 0 1 1 0 1 0 1 0 0 
1 0 0 1 1 0 1 0 0 0 
0 1 0 0 0 0 1 0 1 0 
0 1 1 0 0 0 0 0 0 0 
Open stacks: 16
Took 10.65 seconds

buffer: Warwick 1320: balanced orders, 8 orders per product
numCustomers: 30
numProducts: 10
0 0 0 0 0 0 1 0 0 0 
1 0 1 1 0 0 0 0 0 0 
0 0 0 0 0 1 0 1 1 0 
0 0 0 1 0 1 0 0 0 1 
0 0 1 0 0 0 0 0 1 0 
0 1 0 0 1 0 1 0 1 0 
1 0 0 0 0 1 0 0 0 0 
1 1 0 0 1 0 0 0 0 1 
0 1 0 1 0 0 0 0 0 0 
0 0 0 0 0 1 0 0 0 0 
0 0 0 1 1 0 0 0 0 0 
0 0 0 0 0 0 0 0 0 1 
0 1 1 1 1 0 0 1 1 0 
0 0 0 0 1 0 0 0 0 0 
0 0 0 1 0 0 0 1 1 0 
0 0 0 0 1 1 0 0 0 0 
0 1 0 0 0 0 1 0 0 1 
1 0 0 0 0 0 1 0 0 0 
1 0 1 0 0 1 0 0 0 1 
1 1 0 0 0 0 0 1 1 0 
0 0 0 0 0 0 1 0 1 0 
1 1 0 0 1 1 0 1 0 0 
0 0 0 0 0 1 0 1 0 0 
0 0 1 0 0 0 0 1 0 1 
0 0 1 0 0 0 0 0 0 0 
0 0 1 0 1 0 1 0 0 0 
0 0 0 0 0 0 1 1 1 1 
0 0 1 1 0 0 1 0 0 1 
1 0 0 1 0 0 0 0 0 0 
0 1 0 0 0 0 0 0 0 0 
numSequences: 3628800
minStacks: 17
Best sequence:
9 8 6 2 7 1 0 3 4 5 
0 0 1 0 0 0 0 0 0 0 
0 0 0 1 0 0 1 1 0 0 
0 1 0 0 1 0 0 0 0 1 
1 0 0 0 0 0 0 1 0 1 
0 1 0 1 0 0 0 0 0 0 
0 1 1 0 0 1 0 0 1 0 
0 0 0 0 0 0 1 0 0 1 
1 0 0 0 0 1 1 0 1 0 
0 0 0 0 0 1 0 1 0 0 
0 0 0 0 0 0 0 0 0 1 
0 0 0 0 0 0 0 1 1 0 
1 0 0 0 0 0 0 0 0 0 
0 1 0 1 1 1 0 1 1 0 
0 0 0 0 0 0 0 0 1 0 
0 1 0 0 1 0 0 1 0 0 
0 0 0 0 0 0 0 0 1 1 
1 0 1 0 0 1 0 0 0 0 
0 0 1 0 0 0 1 0 0 0 
1 0 0 1 0 0 1 0 0 1 
0 1 0 0 1 1 1 0 0 0 
0 1 1 0 0 0 0 0 0 0 
0 0 0 0 1 1 1 0 1 1 
0 0 0 0 1 0 0 0 0 1 
1 0 0 1 1 0 0 0 0 0 
0 0 0 1 0 0 0 0 0 0 
0 0 1 1 0 0 0 0 1 0 
1 1 1 0 1 0 0 0 0 0 
1 0 1 1 0 0 0 1 0 0 
0 0 0 0 0 0 1 1 0 0 
0 0 0 0 0 1 0 0 0 0 
Open stacks: 17
Took 10.65 seconds

buffer: Warwick 1321: balanced orders, 9 orders per product
numCustomers: 30
numProducts: 10
0 0 0 1 0 0 0 0 0 0 
1 0 0 0 0 1 1 0 0 1 
0 0 0 0 0 0 0 0 1 0 
1 0 1 0 1 1 0 0 0 0 
1 0 0 0 0 0 1 0 0 0 
0 0 0 0 0 0 0 0 0 1 
0 0 0 0 0 0 0 0 0 1 
0 0 1 0 0 0 0 0 1 0 
0 1 0 0 1 0 0 1 0 1 
0 0 1 0 1 0 1 1 1 1 
0 0 1 0 1 1 1 0 1 0 
0 0 1 0 1 0 0 1 1 0 
0 1 0 0 0 0 0 0 1 1 
0 1 0 0 0 1 0 0 1 0 
1 0 0 1 0 0 0 0 0 0 
0 1 0 1 1 1 0 0 0 0 
1 0 0 1 0 0 0 0 0 0 
0 0 0 0 0 0 1 1 0 1 
0 1 0 1 0 0 1 1 1 0 
0 0 0 0 1 1 0 0 0 0 
0 1 1 0 0 0 0 0 0 1 
0 0 0 0 0 1 0 0 0 0 
0 0 1 0 0 0 0 1 0 0 
1 0 1 1 1 1 1 1 0 0 
0 0 0 0 0 0 0 0 0 1 
0 1 0 0 0 0 1 0 0 0 
1 1 0 1 0 0 0 1 0 0 
1 0 0 1 0 1 1 0 1 0 
1 0 0 1 0 0 0 1 0 0 
0 1 1 0 1 0 0 0 0 0 
numSequences: 3628800
minStacks: 17
Best sequence:
9 3 0 7 6 2 1 4 5 8 
0 1 0 0 0 0 0 0 0 0 
1 0 1 0 1 0 0 0 1 0 
0 0 0 0 0 0 0 0 0 1 
0 0 1 0 0 1 0 1 1 0 
0 0 1 0 1 0 0 0 0 0 
1 0 0 0 0 0 0 0 0 0 
1 0 0 0 0 0 0 0 0 0 
0 0 0 0 0 1 0 0 0 1 
1 0 0 1 0 0 1 1 0 0 
1 0 0 1 1 1 0 1 0 1 
0 0 0 0 1 1 0 1 1 1 
0 0 0 1 0 1 0 1 0 1 
1 0 0 0 0 0 1 0 0 1 
0 0 0 0 0 0 1 0 1 1 
0 1 1 0 0 0 0 0 0 0 
0 1 0 0 0 0 1 1 1 0 
0 1 1 0 0 0 0 0 0 0 
1 0 0 1 1 0 0 0 0 0 
0 1 0 1 1 0 1 0 0 1 
0 0 0 0 0 0 0 1 1 0 
1 0 0 0 0 1 1 0 0 0 
0 0 0 0 0 0 0 0 1 0 
0 0 0 1 0 1 0 0 0 0 
0 1 1 1 1 1 0 1 1 0 
1 0 0 0 0 0 0 0 0 0 
0 0 0 0 1 0 1 0 0 0 
0 1 1 1 0 0 1 0 0 0 
0 1 1 0 1 0 0 0 1 1 
0 1 1 1 0 0 0 0 0 0 
0 0 0 0 0 1 1 1 0 0 
Open stacks: 17
Took 10.69 seconds

buffer: Warwick 1322: balanced orders, 9 orders per product
numCustomers: 30
numProducts: 10
0 0 1 0 1 0 0 0 1 1 
0 0 0 1 0 1 0 0 0 1 
1 0 1 0 0 0 0 0 0 1 
1 0 0 0 0 0 0 0 0 0 
1 1 0 0 0 1 0 0 0 0 
0 0 1 0 1 1 0 0 1 0 
0 0 0 0 0 1 0 0 0 1 
0 0 0 1 1 0 0 0 1 0 
1 1 0 0 0 1 0 0 0 0 
0 0 0 1 1 1 1 1 0 0 
0 1 1 0 0 0 0 0 0 0 
0 0 0 1 1 0 0 1 1 0 
1 0 1 0 1 0 1 0 0 0 
0 1 0 0 0 0 0 0 0 1 
0 0 1 0 1 1 1 0 0 0 
0 0 0 1 0 0 1 0 0 0 
0 0 1 0 0 0 1 1 0 0 
0 0 0 1 0 0 1 1 1 0 
0 0 1 0 0 1 0 0 0 0 
0 0 0 0 0 0 0 1 1 1 
0 0 0 0 0 0 1 0 0 0 
1 1 0 0 0 0 0 0 0 1 
1 0 1 0 0 0 0 1 0 0 
1 0 0 0 0 0 1 0 0 1 
0 0 0 0 0 0 0 0 1 0 
0 1 0 0 0 0 0 0 1 0 
0 1 0 1 0 0 0 0 0 1 
0 0 0 0 0 0 0 1 1 0 
1 1 0 1 1 1 1 1 0 0 
0 1 0 1 1 0 0 1 0 0 
numSequences: 3628800
minStacks: 19
Best sequence:
9 5 0 2 1 3 4 6 7 8 
1 0 0 1 0 0 1 0 0 1 
1 1 0 0 0 1 0 0 0 0 
1 0 1 1 0 0 0 0 0 0 
0 0 1 0 0 0 0 0 0 0 
0 1 1 0 1 0 0 0 0 0 
0 1 0 1 0 0 1 0 0 1 
1 1 0 0 0 0 0 0 0 0 
0 0 0 0 0 1 1 0 0 1 
0 1 1 0 1 0 0 0 0 0 
0 1 0 0 0 1 1 1 1 0 
0 0 0 1 1 0 0 0 0 0 
0 0 0 0 0 1 1 0 1 1 
0 0 1 1 0 0 1 1 0 0 
1 0 0 0 1 0 0 0 0 0 
0 1 0 1 0 0 1 1 0 0 
0 0 0 0 0 1 0 1 0 0 
0 0 0 1 0 0 0 1 1 0 
0 0 0 0 0 1 0 1 1 1 
0 1 0 1 0 0 0 0 0 0 
1 0 0 0 0 0 0 0 1 1 
0 0 0 0 0 0 0 1 0 0 
1 0 1 0 1 0 0 0 0 0 
0 0 1 1 0 0 0 0 1 0 
1 0 1 0 0 0 0 1 0 0 
0 0 0 0 0 0 0 0 0 1 
0 0 0 0 1 0 0 0 0 1 
1 0 0 0 1 1 0 0 0 0 
0 0 0 0 0 0 0 0 1 1 
0 1 1 0 1 1 1 1 1 0 
0 0 0 0 1 1 1 0 1 0 
Open stacks: 19
Took 10.66 seconds

buffer: Warwick 1323: balanced orders, 9 orders per product
numCustomers: 30
numProducts: 10
0 1 1 0 0 0 1 1 1 0 
0 0 1 0 0 0 0 0 1 1 
1 0 0 1 0 1 0 0 0 1 
0 0 0 0 0 0 1 0 0 0 
0 0 0 0 0 0 0 0 1 1 
1 0 0 0 0 0 0 0 0 1 
0 0 0 0 1 1 0 0 1 1 
1 0 0 1 0 0 0 0 0 1 
1 0 0 0 0 1 0 1 0 0 
0 0 0 1 0 0 1 0 0 0 
0 1 1 0 0 0 0 0 0 0 
1 0 0 0 0 1 1 1 0 1 
0 0 1 0 1 0 1 0 0 0 
0 0 0 0 0 0 0 0 0 1 
0 0 0 1 0 1 0 0 0 0 
0 0 0 0 1 1 0 0 0 0 
0 0 1 0 0 1 0 1 1 0 
0 1 0 1 0 0 0 0 0 0 
1 0 0 0 1 0 0 0 0 0 
0 0 0 0 0 0 0 1 0 0 
0 0 1 0 0 0 1 1 0 0 
0 1 0 0 1 0 0 1 1 0 
0 0 0 1 1 0 1 1 0 0 
0 1 1 0 0 1 0 0 1 0 
0 1 0 1 1 0 1 0 0 0 
1 0 1 0 0 0 0 0 0 1 
1 1 0 0 1 0 0 1 1 0 
0 1 0 0 0 0 0 0 0 0 
0 1 1 1 1 0 1 0 1 0 
1 0 0 1 0 1 0 0 0 0 
numSequences: 3628800
minStacks: 19
Best sequence:
9 3 0 5 4 1 2 6 7 8 
0 0 0 0 0 1 1 1 1 1 
1 0 0 0 0 0 1 0 0 1 
1 1 1 1 0 0 0 0 0 0 
0 0 0 0 0 0 0 1 0 0 
1 0 0 0 0 0 0 0 0 1 
1 0 1 0 0 0 0 0 0 0 
1 0 0 1 1 0 0 0 0 1 
1 1 1 0 0 0 0 0 0 0 
0 0 1 1 0 0 0 0 1 0 
0 1 0 0 0 0 0 1 0 0 
0 0 0 0 0 1 1 0 0 0 
1 0 1 1 0 0 0 1 1 0 
0 0 0 0 1 0 1 1 0 0 
1 0 0 0 0 0 0 0 0 0 
0 1 0 1 0 0 0 0 0 0 
0 0 0 1 1 0 0 0 0 0 
0 0 0 1 0 0 1 0 1 1 
0 1 0 0 0 1 0 0 0 0 
0 0 1 0 1 0 0 0 0 0 
0 0 0 0 0 0 0 0 1 0 
0 0 0 0 0 0 1 1 1 0 
0 0 0 0 1 1 0 0 1 1 
0 1 0 0 1 0 0 1 1 0 
0 0 0 1 0 1 1 0 0 1 
0 1 0 0 1 1 0 1 0 0 
1 0 1 0 0 0 1 0 0 0 
0 0 1 0 1 1 0 0 1 1 
0 0 0 0 0 1 0 0 0 0 
0 1 0 0 1 1 1 1 0 1 
0 1 1 1 0 0 0 0 0 0 
Open stacks: 19
Took 10.68 seconds

buffer: Warwick 1324: balanced orders, 9 orders per product
numCustomers: 30
numProducts: 10
0 0 0 0 0 0 1 0 0 0 
0 0 0 1 0 1 0 1 0 0 
0 0 1 1 1 0 1 1 0 0 
0 1 0 0 0 0 0 0 1 1 
1 0 0 0 0 0 0 0 0 0 
1 0 0 0 0 0 1 0 1 0 
1 0 0 0 1 0 1 0 0 1 
1 0 0 0 0 1 0 0 0 0 
0 0 1 0 1 0 0 0 0 0 
0 0 0 0 0 0 1 0 1 1 
1 1 0 1 0 1 1 0 0 0 
1 1 1 1 0 0 0 1 0 1 
0 0 0 0 0 1 0 0 0 0 
0 1 0 0 1 1 0 1 1 1 
1 0 0 0 1 0 0 0 0 0 
0 0 0 1 0 0 1 1 0 0 
0 0 1 0 0 0 1 1 0 0 
1 0 1 0 0 0 0 0 1 0 
0 0 0 0 1 0 0 0 0 1 
1 1 1 0 1 0 0 0 1 1 
0 1 1 0 0 0 0 1 0 0 
0 0 0 0 0 1 0 1 0 0 
0 0 0 0 0 1 0 0 0 0 
0 0 0 1 1 0 0 0 1 1 
0 1 0 0 0 1 0 0 0 0 
0 1 0 1 0 1 0 1 0 0 
0 1 1 0 1 0 0 0 0 0 
0 0 0 0 0 0 0 0 1 1 
0 0 1 1 0 0 1 0 0 0 
0 0 0 1 0 0 0 0 1 0 
numSequences: 3628800
minStacks: 18
Best sequence:
9 8 4 0 2 1 3 6 5 7 
0 0 0 0 0 0 0 1 0 0 
0 0 0 0 0 0 1 0 1 1 
0 0 1 0 1 0 1 1 0 1 
1 1 0 0 0 1 0 0 0 0 
0 0 0 1 0 0 0 0 0 0 
0 1 0 1 0 0 0 1 0 0 
1 0 1 1 0 0 0 1 0 0 
0 0 0 1 0 0 0 0 1 0 
0 0 1 0 1 0 0 0 0 0 
1 1 0 0 0 0 0 1 0 0 
0 0 0 1 0 1 1 1 1 0 
1 0 0 1 1 1 1 0 0 1 
0 0 0 0 0 0 0 0 1 0 
1 1 1 0 0 1 0 0 1 1 
0 0 1 1 0 0 0 0 0 0 
0 0 0 0 0 0 1 1 0 1 
0 0 0 0 1 0 0 1 0 1 
0 1 0 1 1 0 0 0 0 0 
1 0 1 0 0 0 0 0 0 0 
1 1 1 1 1 1 0 0 0 0 
0 0 0 0 1 1 0 0 0 1 
0 0 0 0 0 0 0 0 1 1 
0 0 0 0 0 0 0 0 1 0 
1 1 1 0 0 0 1 0 0 0 
0 0 0 0 0 1 0 0 1 0 
0 0 0 0 0 1 1 0 1 1 
0 0 1 0 1 1 0 0 0 0 
1 1 0 0 0 0 0 0 0 0 
0 0 0 0 1 0 1 1 0 0 
0 1 0 0 0 0 1 0 0 0 
Open stacks: 18
Took 10.68 seconds

buffer: Warwick 1325: balanced orders, 9 orders per product
numCustomers: 30
numProducts: 10
0 0 0 1 0 0 0 0 0 1 
0 1 0 1 0 1 0 0 1 0 
1 0 1 0 1 1 0 0 0 0 
0 0 0 1 0 0 1 0 0 0 
1 1 0 0 1 0 0 0 0 1 
1 1 1 0 0 0 0 0 1 0 
1 1 0 0 1 1 0 0 1 0 
0 1 0 0 0 0 0 1 1 0 
0 0 0 1 1 0 1 1 1 1 
1 0 0 0 0 1 1 0 0 0 
0 0 1 1 1 1 0 1 0 0 
0 0 0 1 1 0 0 1 0 1 
1 0 1 0 0 0 0 1 0 0 
1 0 0 0 0 0 1 0 1 1 
0 0 0 0 0 0 0 0 1 1 
0 0 0 0 0 0 1 0 0 1 
0 1 0 0 1 0 0 1 0 0 
0 0 0 1 0 0 0 0 0 0 
0 0 0 1 0 0 0 0 0 0 
0 0 1 0 1 1 0 0 0 0 
0 0 1 0 0 0 1 1 0 1 
0 0 0 0 1 0 1 0 0 0 
1 1 1 0 0 1 0 0 0 0 
0 0 0 0 0 0 0 1 1 0 
0 1 0 0 0 1 0 0 0 0 
0 0 0 0 0 0 1 0 0 1 
0 0 0 0 0 0 0 1 0 0 
1 1 1 0 0 0 0 0 1 0 
0 0 0 0 0 1 0 0 0 0 
0 0 1 1 0 0 1 0 0 0 
numSequences: 3628800
minStacks: 18
Best sequence:
9 3 8 6 0 2 4 1 5 7 
1 1 0 0 0 0 0 0 0 0 
0 1 1 0 0 0 0 1 1 0 
0 0 0 0 1 1 1 0 1 0 
0 1 0 1 0 0 0 0 0 0 
1 0 0 0 1 0 1 1 0 0 
0 0 1 0 1 1 0 1 0 0 
0 0 1 0 1 0 1 1 1 0 
0 0 1 0 0 0 0 1 0 1 
1 1 1 1 0 0 1 0 0 1 
0 0 0 1 1 0 0 0 1 0 
0 1 0 0 0 1 1 0 1 1 
1 1 0 0 0 0 1 0 0 1 
0 0 0 0 1 1 0 0 0 1 
1 0 1 1 1 0 0 0 0 0 
1 0 1 0 0 0 0 0 0 0 
1 0 0 1 0 0 0 0 0 0 
0 0 0 0 0 0 1 1 0 1 
0 1 0 0 0 0 0 0 0 0 
0 1 0 0 0 0 0 0 0 0 
0 0 0 0 0 1 1 0 1 0 
1 0 0 1 0 1 0 0 0 1 
0 0 0 1 0 0 1 0 0 0 
0 0 0 0 1 1 0 1 1 0 
0 0 1 0 0 0 0 0 0 1 
0 0 0 0 0 0 0 1 1 0 
1 0 0 1 0 0 0 0 0 0 
0 0 0 0 0 0 0 0 0 1 
0 0 1 0 1 1 0 1 0 0 
0 0 0 0 0 0 0 0 1 0 
0 1 0 1 0 1 0 0 0 0 
Open stacks: 18
Took 10.67 seconds

buffer: Warwick 1326: balanced orders, 9 orders per product
numCustomers: 30
numProducts: 10
1 0 0 0 0 0 0 0 0 1 
0 0 0 0 1 1 1 1 0 0 
0 1 0 1 0 1 1 0 1 0 
0 0 0 1 0 0 0 0 0 1 
0 1 1 1 0 1 0 0 0 1 
1 1 0 0 0 0 0 1 0 1 
1 0 0 1 0 0 0 1 0 1 
0 0 0 1 0 0 0 1 0 0 
0 0 1 0 0 1 0 1 1 0 
0 1 0 1 0 0 0 0 1 1 
1 0 1 0 0 1 1 0 0 1 
1 0 1 0 0 1 0 0 0 0 
0 0 1 0 1 0 0 0 0 0 
0 1 0 0 1 1 1 0 0 0 
0 0 0 1 0 0 1 0 1 0 
0 0 0 0 1 0 1 0 1 0 
0 0 0 0 1 0 0 0 1 0 
1 0 0 0 0 0 0 0 0 0 
0 1 1 1 0 1 0 0 1 0 
1 0 0 0 1 0 0 1 0 0 
0 0 0 0 0 0 1 0 0 0 
0 1 1 0 0 0 0 0 0 0 
0 0 0 0 1 0 0 0 1 0 
1 0 0 1 0 0 0 1 0 1 
0 1 0 0 0 0 1 0 0 0 
0 0 1 0 0 0 1 0 0 1 
0 0 1 0 1 0 0 1 0 0 
1 0 0 0 1 0 0 0 1 0 
0 0 0 0 0 0 0 1 0 0 
0 1 0 0 0 1 0 0 0 0 
numSequences: 3628800
minStacks: 18
Best sequence:
9 7 3 0 1 2 5 4 6 8 
1 0 0 1 0 0 0 0 0 0 
0 1 0 0 0 0 1 1 1 0 
0 0 1 0 1 0 1 0 1 1 
1 0 1 0 0 0 0 0 0 0 
1 0 1 0 1 1 1 0 0 0 
1 1 0 1 1 0 0 0 0 0 
1 1 1 1 0 0 0 0 0 0 
0 1 1 0 0 0 0 0 0 0 
0 1 0 0 0 1 1 0 0 1 
1 0 1 0 1 0 0 0 0 1 
1 0 0 1 0 1 1 0 1 0 
0 0 0 1 0 1 1 0 0 0 
0 0 0 0 0 1 0 1 0 0 
0 0 0 0 1 0 1 1 1 0 
0 0 1 0 0 0 0 0 1 1 
0 0 0 0 0 0 0 1 1 1 
0 0 0 0 0 0 0 1 0 1 
0 0 0 1 0 0 0 0 0 0 
0 0 1 0 1 1 1 0 0 1 
0 1 0 1 0 0 0 1 0 0 
0 0 0 0 0 0 0 0 1 0 
0 0 0 0 1 1 0 0 0 0 
0 0 0 0 0 0 0 1 0 1 
1 1 1 1 0 0 0 0 0 0 
0 0 0 0 1 0 0 0 1 0 
1 0 0 0 0 1 0 0 1 0 
0 1 0 0 0 1 0 1 0 0 
0 0 0 1 0 0 0 1 0 1 
0 1 0 0 0 0 0 0 0 0 
0 0 0 0 1 0 1 0 0 0 
Open stacks: 18
Took 10.68 seconds

buffer: Warwick 1327: balanced orders, 9 orders per product
numCustomers: 30
numProducts: 10
1 0 0 0 1 0 0 1 0 0 
0 1 1 1 1 0 1 1 1 0 
0 1 0 1 0 1 0 0 0 1 
1 0 0 0 0 1 0 0 1 0 
0 0 0 1 0 0 0 0 0 0 
0 0 1 1 0 0 0 1 0 0 
0 0 0 0 0 0 0 1 1 1 
1 0 1 0 0 1 1 0 1 0 
0 1 1 0 0 0 0 0 1 0 
0 1 0 0 0 0 0 0 0 0 
1 0 0 0 0 1 0 1 1 1 
0 1 0 0 1 1 0 1 1 1 
0 1 0 1 0 0 1 0 0 0 
1 0 0 1 1 0 1 0 0 1 
1 0 1 0 0 0 0 0 0 1 
1 0 0 0 0 0 0 0 0 0 
0 0 0 1 0 0 1 1 0 0 
0 0 0 0 0 1 1 0 0 0 
0 0 0 1 0 0 0 0 1 1 
0 0 0 0 0 0 0 1 0 0 
1 1 0 0 0 1 1 0 0 0 
0 1 0 1 0 0 1 1 0 0 
0 0 0 0 1 0 0 0 0 0 
0 0 1 0 0 1 0 0 1 0 
1 0 1 0 1 0 0 0 0 0 
0 0 1 0 0 0 0 0 0 0 
0 0 1 0 0 0 0 0 0 0 
0 1 0 0 1 1 1 0 0 1 
0 0 0 0 1 0 0 0 0 1 
0 0 0 0 1 0 0 0 0 0 
numSequences: 3628800
minStacks: 17
Best sequence:
4 2 0 9 8 5 1 6 3 7 
1 0 1 0 0 0 0 0 0 1 
1 1 0 0 1 0 1 1 1 1 
0 0 0 1 0 1 1 0 1 0 
0 0 1 0 1 1 0 0 0 0 
0 0 0 0 0 0 0 0 1 0 
0 1 0 0 0 0 0 0 1 1 
0 0 0 1 1 0 0 0 0 1 
0 1 1 0 1 1 0 1 0 0 
0 1 0 0 1 0 1 0 0 0 
0 0 0 0 0 0 1 0 0 0 
0 0 1 1 1 1 0 0 0 1 
1 0 0 1 1 1 1 0 0 1 
0 0 0 0 0 0 1 1 1 0 
1 0 1 1 0 0 0 1 1 0 
0 1 1 1 0 0 0 0 0 0 
0 0 1 0 0 0 0 0 0 0 
0 0 0 0 0 0 0 1 1 1 
0 0 0 0 0 1 0 1 0 0 
0 0 0 1 1 0 0 0 1 0 
0 0 0 0 0 0 0 0 0 1 
0 0 1 0 0 1 1 1 0 0 
0 0 0 0 0 0 1 1 1 1 
1 0 0 0 0 0 0 0 0 0 
0 1 0 0 1 1 0 0 0 0 
1 1 1 0 0 0 0 0 0 0 
0 1 0 0 0 0 0 0 0 0 
0 1 0 0 0 0 0 0 0 0 
1 0 0 1 0 1 1 1 0 0 
1 0 0 1 0 0 0 0 0 0 
1 0 0 0 0 0 0 0 0 0 
Open stacks: 17
Took 10.69 seconds

buffer: Warwick 1328: balanced orders, 9 orders per product
numCustomers: 30
numProducts: 10
0 1 0 0 0 0 1 1 0 0 
0 0 0 0 0 1 0 0 0 0 
0 1 0 1 0 0 0 0 0 0 
0 0 0 0 0 1 1 1 1 1 
0 0 1 1 1 1 0 0 0 0 
0 0 0 1 0 0 0 1 0 1 
1 1 0 0 1 1 1 1 1 0 
1 0 1 0 1 0 0 0 0 0 
0 0 0 0 0 1 1 0 0 0 
0 0 1 0 0 0 1 1 1 1 
1 0 1 0 0 1 1 0 0 1 
0 0 1 0 1 0 0 1 1 0 
0 1 1 0 0 0 0 0 1 0 
0 0 0 0 1 0 0 0 0 0 
0 1 0 0 0 0 0 0 0 0 
0 0 1 0 0 0 0 0 1 1 
1 1 1 0 0 1 1 1 0 0 
0 0 0 0 0 0 0 1 0 0 
1 0 0 1 0 1 0 0 0 1 
0 1 0 0 0 0 0 0 1 0 
0 0 1 1 0 0 0 0 0 0 
0 0 0 1 0 0 1 0 0 1 
0 0 0 0 0 0 0 0 0 1 
0 0 0 0 1 0 1 0 0 0 
1 1 0 0 0 0 0 0 1 0 
0 0 0 1 0 0 0 0 0 0 
1 0 0 0 1 0 0 1 0 0 
0 1 0 0 0 0 0 0 0 0 
1 0 0 1 1 1 0 0 0 1 
1 0 0 1 1 0 0 0 1 0 
numSequences: 3628800
minStacks: 18
Best sequence:
9 7 6 5 4 0 2 3 1 8 
0 1 1 0 0 0 0 0 1 0 
0 0 0 1 0 0 0 0 0 0 
0 0 0 0 0 0 0 1 1 0 
1 1 1 1 0 0 0 0 0 1 
0 0 0 1 1 0 1 1 0 0 
1 1 0 0 0 0 0 1 0 0 
0 1 1 1 1 1 0 0 1 1 
0 0 0 0 1 1 1 0 0 0 
0 0 1 1 0 0 0 0 0 0 
1 1 1 0 0 0 1 0 0 1 
1 0 1 1 0 1 1 0 0 0 
0 1 0 0 1 0 1 0 0 1 
0 0 0 0 0 0 1 0 1 1 
0 0 0 0 1 0 0 0 0 0 
0 0 0 0 0 0 0 0 1 0 
1 0 0 0 0 0 1 0 0 1 
0 1 1 1 0 1 1 0 1 0 
0 1 0 0 0 0 0 0 0 0 
1 0 0 1 0 1 0 1 0 0 
0 0 0 0 0 0 0 0 1 1 
0 0 0 0 0 0 1 1 0 0 
1 0 1 0 0 0 0 1 0 0 
1 0 0 0 0 0 0 0 0 0 
0 0 1 0 1 0 0 0 0 0 
0 0 0 0 0 1 0 0 1 1 
0 0 0 0 0 0 0 1 0 0 
0 1 0 0 1 1 0 0 0 0 
0 0 0 0 0 0 0 0 1 0 
1 0 0 1 1 1 0 1 0 0 
0 0 0 0 1 1 0 1 0 1 
Open stacks: 18
Took 10.7 seconds

buffer: Warwick 1329: balanced orders, 9 orders per product
numCustomers: 30
numProducts: 10
0 1 1 0 0 0 0 0 0 0 
1 0 0 0 1 0 0 0 0 0 
0 0 1 1 0 0 0 0 0 0 
0 0 0 0 0 0 0 0 1 1 
1 1 0 0 0 0 0 0 0 0 
0 0 1 0 1 0 0 1 0 0 
0 0 0 0 0 1 1 0 1 0 
0 0 1 0 0 0 0 0 0 0 
1 0 0 0 1 0 1 1 1 0 
0 0 1 0 0 0 0 1 0 1 
1 1 0 1 0 1 0 1 0 1 
0 0 1 0 1 0 0 0 1 0 
1 0 1 0 0 0 1 0 0 0 
1 0 0 1 0 0 1 1 0 0 
0 1 0 1 0 1 1 0 0 0 
0 0 1 0 0 1 0 0 1 0 
0 0 0 1 0 0 1 0 1 1 
1 1 0 1 0 0 0 0 0 0 
1 0 0 1 1 0 0 0 1 0 
0 1 0 0 0 1 1 0 0 1 
0 0 0 0 0 1 0 1 0 0 
0 1 1 0 1 0 0 1 1 1 
0 0 0 0 1 0 0 0 0 0 
0 1 0 0 0 0 1 0 1 0 
0 1 0 1 1 1 0 1 0 0 
1 0 0 0 0 0 0 0 0 1 
0 0 0 0 1 0 0 0 0 1 
0 0 0 0 0 1 0 0 0 1 
0 0 0 0 0 1 1 1 0 0 
0 0 0 1 0 0 0 0 0 0 
numSequences: 3628800
minStacks: 19
Best sequence:
9 8 5 7 6 4 0 2 1 3 
0 0 0 0 0 0 0 1 1 0 
0 0 0 0 0 1 1 0 0 0 
0 0 0 0 0 0 0 1 0 1 
1 1 0 0 0 0 0 0 0 0 
0 0 0 0 0 0 1 0 1 0 
0 0 0 1 0 1 0 1 0 0 
0 1 1 0 1 0 0 0 0 0 
0 0 0 0 0 0 0 1 0 0 
0 1 0 1 1 1 1 0 0 0 
1 0 0 1 0 0 0 1 0 0 
1 0 1 1 0 0 1 0 1 1 
0 1 0 0 0 1 0 1 0 0 
0 0 0 0 1 0 1 1 0 0 
0 0 0 1 1 0 1 0 0 1 
0 0 1 0 1 0 0 0 1 1 
0 1 1 0 0 0 0 1 0 0 
1 1 0 0 1 0 0 0 0 1 
0 0 0 0 0 0 1 0 1 1 
0 1 0 0 0 1 1 0 0 1 
1 0 1 0 1 0 0 0 1 0 
0 0 1 1 0 0 0 0 0 0 
1 1 0 1 0 1 0 1 1 0 
0 0 0 0 0 1 0 0 0 0 
0 1 0 0 1 0 0 0 1 0 
0 0 1 1 0 1 0 0 1 1 
1 0 0 0 0 0 1 0 0 0 
1 0 0 0 0 1 0 0 0 0 
1 0 1 0 0 0 0 0 0 0 
0 0 1 1 1 0 0 0 0 0 
0 0 0 0 0 0 0 0 0 1 
Open stacks: 19
Took 10.67 seconds

buffer: Warwick 1330: balanced orders, 9 orders per product
numCustomers: 30
numProducts: 10
0 0 1 0 1 1 1 1 1 0 
0 0 0 1 0 0 0 0 0 0 
0 0 0 0 1 0 1 0 1 0 
0 1 0 0 1 0 0 0 0 0 
0 0 1 0 0 1 1 0 0 0 
1 0 0 0 0 0 0 0 0 0 
0 0 1 0 0 0 1 1 1 0 
0 0 0 0 1 0 0 0 0 1 
0 1 0 0 0 0 1 0 0 0 
0 0 0 0 0 1 0 0 0 1 
0 0 0 0 1 0 0 0 0 0 
0 0 0 0 0 0 0 0 0 1 
0 0 1 1 0 0 1 1 0 0 
0 1 1 0 0 0 0 0 0 0 
1 1 0 0 0 1 1 0 0 1 
1 0 0 0 1 0 0 1 1 0 
0 1 0 1 0 0 0 1 1 1 
0 1 0 1 0 1 0 0 0 1 
1 1 0 1 0 0 0 0 0 0 
0 0 0 0 0 1 0 0 0 1 
1 0 0 0 1 0 0 0 0 1 
1 1 0 1 0 1 0 0 1 0 
0 0 1 1 1 0 0 1 0 0 
0 0 0 1 0 1 0 0 1 0 
1 0 0 0 0 0 0 1 0 0 
0 0 1 0 0 0 1 0 0 0 
1 1 1 0 0 0 0 0 0 0 
0 0 0 0 0 0 0 1 1 1 
0 0 1 1 0 1 0 0 0 0 
1 0 0 0 1 0 1 1 1 0 
numSequences: 3628800
minStacks: 18
Best sequence:
9 4 0 7 8 3 5 2 1 6 
0 1 0 1 1 0 1 1 0 1 
0 0 0 0 0 1 0 0 0 0 
0 1 0 0 1 0 0 0 0 1 
0 1 0 0 0 0 0 0 1 0 
0 0 0 0 0 0 1 1 0 1 
0 0 1 0 0 0 0 0 0 0 
0 0 0 1 1 0 0 1 0 1 
1 1 0 0 0 0 0 0 0 0 
0 0 0 0 0 0 0 0 1 1 
1 0 0 0 0 0 1 0 0 0 
0 1 0 0 0 0 0 0 0 0 
1 0 0 0 0 0 0 0 0 0 
0 0 0 1 0 1 0 1 0 1 
0 0 0 0 0 0 0 1 1 0 
1 0 1 0 0 0 1 0 1 1 
0 1 1 1 1 0 0 0 0 0 
1 0 0 1 1 1 0 0 1 0 
1 0 0 0 0 1 1 0 1 0 
0 0 1 0 0 1 0 0 1 0 
1 0 0 0 0 0 1 0 0 0 
1 1 1 0 0 0 0 0 0 0 
0 0 1 0 1 1 1 0 1 0 
0 1 0 1 0 1 0 1 0 0 
0 0 0 0 1 1 1 0 0 0 
0 0 1 1 0 0 0 0 0 0 
0 0 0 0 0 0 0 1 0 1 
0 0 1 0 0 0 0 1 1 0 
1 0 0 1 1 0 0 0 0 0 
0 0 0 0 0 1 1 1 0 0 
0 1 1 1 1 0 0 0 0 1 
Open stacks: 18
Took 10.67 seconds

buffer: Warwick 1331: balanced orders, 10 orders per product
numCustomers: 30
numProducts: 10
0 0 0 0 0 0 1 0 0 1 
0 0 0 0 0 0 0 0 1 0 
0 0 1 0 0 1 1 1 0 1 
1 0 0 0 0 0 0 0 1 0 
1 0 0 1 0 1 0 0 1 0 
1 0 0 0 0 0 1 0 1 1 
0 0 1 0 0 0 0 1 0 1 
0 0 0 1 1 1 0 1 0 0 
1 1 0 1 1 1 0 0 0 0 
0 1 0 1 0 0 0 0 1 1 
0 0 0 0 1 1 0 0 1 0 
1 1 1 0 0 1 0 0 0 0 
0 1 0 1 0 1 1 1 1 0 
0 1 0 1 0 0 0 0 1 0 
0 0 1 0 1 0 1 0 1 0 
0 0 1 0 0 0 0 0 0 0 
0 0 0 0 1 1 1 0 0 0 
0 1 1 0 0 0 0 1 0 0 
0 0 0 0 1 1 0 1 0 0 
1 0 1 1 0 0 0 1 0 0 
0 1 0 0 1 0 1 0 0 0 
0 1 0 0 1 0 1 0 0 0 
0 0 0 1 1 0 0 1 0 1 
1 0 1 0 0 0 0 0 0 0 
0 1 0 0 0 0 0 0 0 1 
0 0 0 0 0 0 0 1 0 1 
0 0 1 1 0 1 0 1 0 1 
1 0 0 0 0 0 1 0 1 0 
1 1 0 0 1 0 0 0 0 1 
1 0 1 1 0 0 1 0 0 0 
numSequences: 3628800
minStacks: 21
Best sequence:
9 7 2 1 6 4 3 0 5 8 
1 0 0 0 1 0 0 0 0 0 
0 0 0 0 0 0 0 0 0 1 
1 1 1 0 1 0 0 0 1 0 
0 0 0 0 0 0 0 1 0 1 
0 0 0 0 0 0 1 1 1 1 
1 0 0 0 1 0 0 1 0 1 
1 1 1 0 0 0 0 0 0 0 
0 1 0 0 0 1 1 0 1 0 
0 0 0 1 0 1 1 1 1 0 
1 0 0 1 0 0 1 0 0 1 
0 0 0 0 0 1 0 0 1 1 
0 0 1 1 0 0 0 1 1 0 
0 1 0 1 1 0 1 0 1 1 
0 0 0 1 0 0 1 0 0 1 
0 0 1 0 1 1 0 0 0 1 
0 0 1 0 0 0 0 0 0 0 
0 0 0 0 1 1 0 0 1 0 
0 1 1 1 0 0 0 0 0 0 
0 1 0 0 0 1 0 0 1 0 
0 1 1 0 0 0 1 1 0 0 
0 0 0 1 1 1 0 0 0 0 
0 0 0 1 1 1 0 0 0 0 
1 1 0 0 0 1 1 0 0 0 
0 0 1 0 0 0 0 1 0 0 
1 0 0 1 0 0 0 0 0 0 
1 1 0 0 0 0 0 0 0 0 
1 1 1 0 0 0 1 0 1 0 
0 0 0 0 1 0 0 1 0 1 
1 0 0 1 0 1 0 1 0 0 
0 0 1 0 1 0 1 1 0 0 
Open stacks: 21
Took 10.7 seconds

buffer: Warwick 1332: balanced orders, 10 orders per product
numCustomers: 30
numProducts: 10
0 0 0 0 0 0 1 0 0 1 
1 1 0 1 1 0 0 1 1 0 
1 0 0 0 0 1 0 1 1 1 
1 1 1 0 0 0 1 0 1 0 
1 0 0 1 0 0 0 1 0 0 
0 0 1 0 0 0 0 0 0 0 
0 0 0 0 0 1 1 0 1 0 
0 1 0 0 0 0 0 0 0 0 
0 0 1 1 1 1 1 0 0 0 
0 0 1 0 0 1 0 0 0 0 
0 0 0 0 1 0 1 0 0 0 
1 0 1 1 0 0 0 0 0 1 
0 0 0 1 1 1 0 0 0 0 
0 0 0 0 1 0 1 0 1 0 
1 0 0 1 0 0 0 1 0 1 
0 0 0 0 1 0 0 1 0 0 
1 1 0 0 0 0 1 0 1 0 
1 0 0 0 0 0 1 1 0 0 
0 1 0 0 0 1 0 0 0 0 
0 0 0 0 0 0 0 0 0 1 
1 1 1 1 0 1 0 1 1 0 
0 1 1 0 1 0 0 1 0 0 
0 1 0 0 1 0 0 0 0 1 
0 1 1 1 1 1 0 1 1 1 
0 0 1 0 0 0 1 0 1 0 
0 0 0 1 1 1 0 0 0 1 
0 0 0 1 0 0 0 0 0 0 
0 0 0 0 0 0 0 0 1 1 
0 0 0 0 0 0 1 0 0 0 
1 1 1 0 0 1 0 1 0 1 
numSequences: 3628800
minStacks: 20
Best sequence:
9 7 3 0 1 4 5 2 6 8 
1 0 0 0 0 0 0 0 1 0 
0 1 1 1 1 1 0 0 0 1 
1 1 0 1 0 0 1 0 0 1 
0 0 0 1 1 0 0 1 1 1 
0 1 1 1 0 0 0 0 0 0 
0 0 0 0 0 0 0 1 0 0 
0 0 0 0 0 0 1 0 1 1 
0 0 0 0 1 0 0 0 0 0 
0 0 1 0 0 1 1 1 1 0 
0 0 0 0 0 0 1 1 0 0 
0 0 0 0 0 1 0 0 1 0 
1 0 1 1 0 0 0 1 0 0 
0 0 1 0 0 1 1 0 0 0 
0 0 0 0 0 1 0 0 1 1 
1 1 1 1 0 0 0 0 0 0 
0 1 0 0 0 1 0 0 0 0 
0 0 0 1 1 0 0 0 1 1 
0 1 0 1 0 0 0 0 1 0 
0 0 0 0 1 0 1 0 0 0 
1 0 0 0 0 0 0 0 0 0 
0 1 1 1 1 0 1 1 0 1 
0 1 0 0 1 1 0 1 0 0 
1 0 0 0 1 1 0 0 0 0 
1 1 1 0 1 1 1 1 0 1 
0 0 0 0 0 0 0 1 1 1 
1 0 1 0 0 1 1 0 0 0 
0 0 1 0 0 0 0 0 0 0 
1 0 0 0 0 0 0 0 0 1 
0 0 0 0 0 0 0 0 1 0 
1 1 0 1 1 0 1 1 0 0 
Open stacks: 20
Took 10.73 seconds

buffer: Warwick 1333: balanced orders, 10 orders per product
numCustomers: 30
numProducts: 10
1 0 1 0 0 0 1 1 0 0 
0 0 0 0 0 0 0 0 1 0 
1 0 0 0 0 0 0 0 0 1 
1 0 0 0 1 1 0 0 0 0 
0 0 0 0 0 1 0 1 0 1 
1 1 0 0 1 0 0 1 0 1 
1 0 0 1 1 0 1 0 0 0 
0 1 0 0 0 0 1 1 0 0 
1 1 0 0 0 1 0 1 1 0 
0 0 0 0 0 0 1 0 0 1 
0 0 1 0 0 0 0 0 0 1 
1 1 1 0 1 0 0 0 0 1 
0 0 0 1 1 0 0 0 1 0 
0 1 0 0 0 0 0 0 1 0 
0 0 1 1 0 1 0 0 0 0 
0 0 0 0 0 1 0 1 0 1 
0 0 0 1 1 0 1 0 1 1 
0 1 1 1 0 1 1 0 0 0 
1 0 0 0 0 0 1 1 0 0 
1 1 1 0 0 0 1 0 0 0 
0 0 1 0 0 1 0 0 0 0 
0 0 1 1 1 0 1 0 0 0 
0 0 0 1 1 0 0 0 1 0 
0 0 1 1 0 1 0 0 1 0 
0 1 1 0 0 0 0 1 0 0 
0 0 0 1 1 0 1 1 1 0 
0 0 0 1 0 0 0 0 0 0 
0 0 0 0 0 1 0 0 0 0 
1 1 0 0 1 1 0 0 1 1 
0 1 0 0 0 0 0 1 1 1 
numSequences: 3628800
minStacks: 21
Best sequence:
9 7 6 1 0 2 3 4 5 8 
0 1 1 0 1 1 0 0 0 0 
0 0 0 0 0 0 0 0 0 1 
1 0 0 0 1 0 0 0 0 0 
0 0 0 0 1 0 0 1 1 0 
1 1 0 0 0 0 0 0 1 0 
1 1 0 1 1 0 0 1 0 0 
0 0 1 0 1 0 1 1 0 0 
0 1 1 1 0 0 0 0 0 0 
0 1 0 1 1 0 0 0 1 1 
1 0 1 0 0 0 0 0 0 0 
1 0 0 0 0 1 0 0 0 0 
1 0 0 1 1 1 0 1 0 0 
0 0 0 0 0 0 1 1 0 1 
0 0 0 1 0 0 0 0 0 1 
0 0 0 0 0 1 1 0 1 0 
1 1 0 0 0 0 0 0 1 0 
1 0 1 0 0 0 1 1 0 1 
0 0 1 1 0 1 1 0 1 0 
0 1 1 0 1 0 0 0 0 0 
0 0 1 1 1 1 0 0 0 0 
0 0 0 0 0 1 0 0 1 0 
0 0 1 0 0 1 1 1 0 0 
0 0 0 0 0 0 1 1 0 1 
0 0 0 0 0 1 1 0 1 1 
0 1 0 1 0 1 0 0 0 0 
0 1 1 0 0 0 1 1 0 1 
0 0 0 0 0 0 1 0 0 0 
0 0 0 0 0 0 0 0 1 0 
1 0 0 1 1 0 0 1 1 1 
1 1 0 1 0 0 0 0 0 1 
Open stacks: 21
Took 10.7 seconds

buffer: Warwick 1334: balanced orders, 10 orders per product
numCustomers: 30
numProducts: 10
0 1 1 0 0 0 0 0 0 0 
0 0 1 1 0 1 1 0 0 1 
0 0 1 0 0 0 1 0 0 1 
1 1 0 0 1 1 1 0 1 0 
1 0 0 0 1 0 1 0 1 0 
1 0 0 1 1 0 0 0 0 0 
1 1 0 1 1 0 0 1 1 1 
1 0 0 0 0 0 0 0 0 0 
0 0 1 0 0 1 0 0 1 1 
0 0 0 0 1 0 1 0 0 0 
1 0 1 1 1 1 1 0 0 1 
0 0 0 0 0 0 0 1 1 0 
0 1 1 0 0 1 0 1 0 0 
1 0 0 1 0 0 0 1 1 1 
0 0 0 0 1 1 0 0 1 1 
0 1 0 1 1 0 0 0 0 0 
1 0 0 1 0 1 0 0 0 0 
0 0 1 0 1 0 0 0 0 0 
0 0 0 1 0 0 0 0 0 0 
1 0 0 0 0 0 0 1 1 0 
0 0 0 0 0 0 1 1 0 0 
0 1 0 0 0 1 1 1 0 1 
0 0 0 0 0 0 0 1 0 0 
0 1 1 0 1 0 0 0 1 0 
0 1 0 0 0 0 0 0 0 0 
0 0 0 0 0 1 1 0 1 1 
0 1 1 0 0 1 0 0 0 0 
1 0 0 1 0 0 0 1 0 0 
0 1 0 1 0 0 1 0 0 0 
0 0 1 0 0 0 0 1 0 1 
numSequences: 3628800
minStacks: 20
Best sequence:
9 2 1 6 5 4 3 0 7 8 
0 1 1 0 0 0 0 0 0 0 
1 1 0 1 1 0 1 0 0 0 
1 1 0 1 0 0 0 0 0 0 
0 0 1 1 1 1 0 1 0 1 
0 0 0 1 0 1 0 1 0 1 
0 0 0 0 0 1 1 1 0 0 
1 0 1 0 0 1 1 1 1 1 
0 0 0 0 0 0 0 1 0 0 
1 1 0 0 1 0 0 0 0 1 
0 0 0 1 0 1 0 0 0 0 
1 1 0 1 1 1 1 1 0 0 
0 0 0 0 0 0 0 0 1 1 
0 1 1 0 1 0 0 0 1 0 
1 0 0 0 0 0 1 1 1 1 
1 0 0 0 1 1 0 0 0 1 
0 0 1 0 0 1 1 0 0 0 
0 0 0 0 1 0 1 1 0 0 
0 1 0 0 0 1 0 0 0 0 
0 0 0 0 0 0 1 0 0 0 
0 0 0 0 0 0 0 1 1 1 
0 0 0 1 0 0 0 0 1 0 
1 0 1 1 1 0 0 0 1 0 
0 0 0 0 0 0 0 0 1 0 
0 1 1 0 0 1 0 0 0 1 
0 0 1 0 0 0 0 0 0 0 
1 0 0 1 1 0 0 0 0 1 
0 1 1 0 1 0 0 0 0 0 
0 0 0 0 0 0 1 1 1 0 
0 0 1 1 0 0 1 0 0 0 
1 1 0 0 0 0 0 0 1 0 
Open stacks: 20
Took 10.72 seconds

buffer: Warwick 1335: balanced orders, 10 orders per product
numCustomers: 30
numProducts: 10
0 1 0 1 1 0 1 1 0 1 
1 0 1 0 1 0 0 1 0 0 
1 0 1 0 0 1 0 0 0 0 
1 0 0 1 1 1 0 1 1 0 
0 0 0 1 0 0 1 0 0 0 
0 0 1 0 1 0 0 0 0 0 
0 1 0 0 0 0 0 0 0 1 
0 0 1 0 0 0 0 0 1 0 
1 0 0 0 0 0 0 1 0 1 
0 0 1 1 0 1 0 0 1 1 
1 0 0 0 1 0 1 0 0 0 
0 0 1 0 0 1 1 1 0 0 
0 0 1 0 0 1 0 0 0 0 
0 1 0 0 0 0 1 0 0 1 
0 0 1 1 0 0 1 0 1 1 
0 0 0 0 0 0 0 0 1 0 
1 0 0 0 0 0 0 0 1 0 
0 1 1 0 1 1 0 0 0 0 
1 0 0 0 0 0 0 0 0 0 
0 1 0 0 0 1 0 0 0 0 
0 0 0 0 1 0 0 1 0 1 
1 0 0 0 1 0 0 0 0 0 
1 1 0 0 0 1 0 0 1 0 
0 1 0 1 0 0 1 0 1 1 
0 1 0 1 0 0 0 0 0 0 
0 0 0 0 0 0 1 0 0 1 
0 0 0 1 1 0 0 1 1 0 
1 1 0 0 0 0 1 1 0 0 
0 1 1 1 0 1 1 1 0 1 
0 0 0 1 1 1 0 1 1 0 
numSequences: 3628800
minStacks: 19
Best sequence:
9 6 1 7 3 4 5 2 0 8 
1 1 1 1 1 1 0 0 0 0 
0 0 0 1 0 1 0 1 1 0 
0 0 0 0 0 0 1 1 1 0 
0 0 0 1 1 1 1 0 1 1 
0 1 0 0 1 0 0 0 0 0 
0 0 0 0 0 1 0 1 0 0 
1 0 1 0 0 0 0 0 0 0 
0 0 0 0 0 0 0 1 0 1 
1 0 0 1 0 0 0 0 1 0 
1 0 0 0 1 0 1 1 0 1 
0 1 0 0 0 1 0 0 1 0 
0 1 0 1 0 0 1 1 0 0 
0 0 0 0 0 0 1 1 0 0 
1 1 1 0 0 0 0 0 0 0 
1 1 0 0 1 0 0 1 0 1 
0 0 0 0 0 0 0 0 0 1 
0 0 0 0 0 0 0 0 1 1 
0 0 1 0 0 1 1 1 0 0 
0 0 0 0 0 0 0 0 1 0 
0 0 1 0 0 0 1 0 0 0 
1 0 0 1 0 1 0 0 0 0 
0 0 0 0 0 1 0 0 1 0 
0 0 1 0 0 0 1 0 1 1 
1 1 1 0 1 0 0 0 0 1 
0 0 1 0 1 0 0 0 0 0 
1 1 0 0 0 0 0 0 0 0 
0 0 0 1 1 1 0 0 0 1 
0 1 1 1 0 0 0 0 1 0 
1 1 1 1 1 0 1 1 0 0 
0 0 0 1 1 1 1 0 0 1 
Open stacks: 19
Took 10.71 seconds

buffer: Warwick 1336: balanced orders, 10 orders per product
numCustomers: 30
numProducts: 10
0 0 0 0 1 0 0 1 0 1 
0 1 0 1 0 0 0 0 1 0 
0 0 1 1 1 1 1 1 0 1 
0 0 0 0 0 1 0 0 0 0 
1 1 0 1 0 1 0 0 0 0 
0 0 0 0 0 0 0 1 0 1 
1 0 0 1 0 0 1 1 0 0 
1 0 0 0 0 0 0 0 1 0 
0 1 1 0 1 1 0 0 1 1 
0 1 0 0 0 0 1 0 0 0 
0 1 1 0 0 0 1 0 1 1 
0 0 1 0 0 0 1 0 1 1 
0 0 1 0 0 0 1 1 0 1 
1 0 0 0 1 0 0 1 1 0 
1 0 1 0 0 0 0 0 0 0 
0 0 1 0 1 0 0 1 0 1 
0 0 0 1 1 1 1 1 0 1 
0 0 1 0 0 0 0 0 0 0 
1 0 0 0 0 1 0 0 0 0 
0 0 0 0 1 0 0 0 0 0 
1 1 0 1 0 0 0 1 1 0 
0 0 0 0 1 1 0 0 0 0 
0 1 0 0 0 1 0 0 1 0 
0 0 1 0 0 0 0 0 0 0 
1 0 0 0 1 0 0 0 0 1 
0 1 0 1 0 0 0 0 0 0 
0 1 0 1 0 0 1 0 1 0 
1 1 0 1 0 1 1 1 0 0 
0 0 0 0 1 1 0 0 0 0 
1 0 1 1 0 0 1 0 1 0 
numSequences: 3628800
minStacks: 18
Best sequence:
9 7 4 5 0 2 3 1 6 8 
1 1 1 0 0 0 0 0 0 0 
0 0 0 0 0 0 1 1 0 1 
1 1 1 1 0 1 1 0 1 0 
0 0 0 1 0 0 0 0 0 0 
0 0 0 1 1 0 1 1 0 0 
1 1 0 0 0 0 0 0 0 0 
0 1 0 0 1 0 1 0 1 0 
0 0 0 0 1 0 0 0 0 1 
1 0 1 1 0 1 0 1 0 1 
0 0 0 0 0 0 0 1 1 0 
1 0 0 0 0 1 0 1 1 1 
1 0 0 0 0 1 0 0 1 1 
1 1 0 0 0 1 0 0 1 0 
0 1 1 0 1 0 0 0 0 1 
0 0 0 0 1 1 0 0 0 0 
1 1 1 0 0 1 0 0 0 0 
1 1 1 1 0 0 1 0 1 0 
0 0 0 0 0 1 0 0 0 0 
0 0 0 1 1 0 0 0 0 0 
0 0 1 0 0 0 0 0 0 0 
0 1 0 0 1 0 1 1 0 1 
0 0 1 1 0 0 0 0 0 0 
0 0 0 1 0 0 0 1 0 1 
0 0 0 0 0 1 0 0 0 0 
1 0 1 0 1 0 0 0 0 0 
0 0 0 0 0 0 1 1 0 0 
0 0 0 0 0 0 1 1 1 1 
0 1 0 1 1 0 1 1 1 0 
0 0 1 1 0 0 0 0 0 0 
0 0 0 0 1 1 1 0 1 1 
Open stacks: 18
Took 10.72 seconds

buffer: Warwick 1337: balanced orders, 10 orders per product
numCustomers: 30
numProducts: 10
0 1 0 1 0 0 1 0 1 0 
0 1 0 0 1 0 1 0 0 1 
1 0 1 1 0 1 0 0 1 1 
0 0 1 1 1 0 0 0 0 0 
1 0 0 1 0 1 0 1 0 0 
0 0 0 0 1 0 0 0 1 1 
0 0 0 1 0 0 0 1 0 0 
1 1 0 1 0 0 1 1 1 0 
0 0 1 0 1 1 1 0 1 1 
0 1 0 0 0 0 0 1 1 1 
1 1 0 0 0 0 1 1 0 0 
0 0 0 0 0 0 0 0 1 0 
1 0 0 0 0 0 0 0 0 1 
1 1 0 1 0 0 0 0 0 0 
0 0 0 1 1 0 0 0 1 0 
0 0 1 0 0 0 0 0 0 0 
0 0 0 1 1 1 0 0 0 0 
1 1 1 0 0 0 0 1 0 1 
1 0 0 0 0 1 1 1 0 0 
0 0 1 0 0 0 0 0 0 0 
0 0 0 0 0 1 0 0 1 0 
1 0 1 0 0 0 0 0 0 0 
1 0 0 0 1 1 0 1 0 0 
0 1 0 0 0 1 1 0 0 0 
0 1 0 1 1 0 0 0 0 1 
0 0 1 0 0 0 1 1 0 0 
0 0 0 0 0 0 0 1 0 1 
0 1 0 0 0 1 1 0 1 0 
0 0 1 0 1 1 1 0 0 0 
0 0 1 0 1 0 0 0 0 1 
numSequences: 3628800
minStacks: 20
Best sequence:
9 2 7 0 4 3 1 5 6 8 
0 0 0 0 0 1 1 0 1 1 
1 0 0 0 1 0 1 0 1 0 
1 1 0 1 0 1 0 1 0 1 
0 1 0 0 1 1 0 0 0 0 
0 0 1 1 0 1 0 1 0 0 
1 0 0 0 1 0 0 0 0 1 
0 0 1 0 0 1 0 0 0 0 
0 0 1 1 0 1 1 0 1 1 
1 1 0 0 1 0 0 1 1 1 
1 0 1 0 0 0 1 0 0 1 
0 0 1 1 0 0 1 0 1 0 
0 0 0 0 0 0 0 0 0 1 
1 0 0 1 0 0 0 0 0 0 
0 0 0 1 0 1 1 0 0 0 
0 0 0 0 1 1 0 0 0 1 
0 1 0 0 0 0 0 0 0 0 
0 0 0 0 1 1 0 1 0 0 
1 1 1 1 0 0 1 0 0 0 
0 0 1 1 0 0 0 1 1 0 
0 1 0 0 0 0 0 0 0 0 
0 0 0 0 0 0 0 1 0 1 
0 1 0 1 0 0 0 0 0 0 
0 0 1 1 1 0 0 1 0 0 
0 0 0 0 0 0 1 1 1 0 
1 0 0 0 1 1 1 0 0 0 
0 1 1 0 0 0 0 0 1 0 
1 0 1 0 0 0 0 0 0 0 
0 0 0 0 0 0 1 1 1 1 
0 1 0 0 1 0 0 1 1 0 
1 1 0 0 1 0 0 0 0 0 
Open stacks: 20
Took 10.71 seconds

buffer: Warwick 1338: balanced orders, 10 orders per product
numCustomers: 30
numProducts: 10
1 1 1 0 1 0 0 1 1 1 
0 0 1 0 0 0 0 0 1 0 
1 1 0 0 0 1 0 0 1 0 
1 1 1 0 0 0 0 0 0 0 
1 0 0 1 0 1 0 0 1 0 
1 1 0 0 0 0 0 0 0 1 
0 0 1 0 1 0 0 0 0 0 
0 0 0 0 1 0 1 0 1 0 
0 1 0 0 1 1 1 1 0 1 
0 0 0 0 0 0 0 1 0 0 
1 0 1 0 0 0 1 0 0 1 
0 1 0 0 0 1 1 1 0 0 
0 0 0 1 1 0 0 0 1 0 
0 0 0 0 0 1 0 0 0 1 
0 0 1 0 1 1 0 1 0 0 
1 0 0 1 0 1 0 1 0 0 
0 0 0 0 1 0 0 1 0 0 
0 0 0 0 0 1 1 0 1 1 
0 0 0 0 1 0 0 0 0 0 
0 0 0 1 0 0 0 1 1 0 
0 1 0 1 0 0 1 0 0 1 
0 0 1 0 1 0 0 0 0 1 
1 0 1 1 1 0 0 0 0 0 
1 0 0 1 0 1 1 0 0 1 
0 0 1 1 0 0 0 1 0 0 
0 1 0 0 0 0 0 0 0 0 
0 0 0 0 0 0 1 0 1 0 
1 1 0 1 0 0 1 0 1 0 
0 1 0 1 0 0 1 0 0 0 
0 0 1 0 0 1 0 1 0 1 
numSequences: 3628800
minStacks: 21
Best sequence:
9 7 4 2 5 1 3 0 6 8 
1 1 1 1 0 1 0 1 0 1 
0 0 0 1 0 0 0 0 0 1 
0 0 0 0 1 1 0 1 0 1 
0 0 0 1 0 1 0 1 0 0 
0 0 0 0 1 0 1 1 0 1 
1 0 0 0 0 1 0 1 0 0 
0 0 1 1 0 0 0 0 0 0 
0 0 1 0 0 0 0 0 1 1 
1 1 1 0 1 1 0 0 1 0 
0 1 0 0 0 0 0 0 0 0 
1 0 0 1 0 0 0 1 1 0 
0 1 0 0 1 1 0 0 1 0 
0 0 1 0 0 0 1 0 0 1 
1 0 0 0 1 0 0 0 0 0 
0 1 1 1 1 0 0 0 0 0 
0 1 0 0 1 0 1 1 0 0 
0 1 1 0 0 0 0 0 0 0 
1 0 0 0 1 0 0 0 1 1 
0 0 1 0 0 0 0 0 0 0 
0 1 0 0 0 0 1 0 0 1 
1 0 0 0 0 1 1 0 1 0 
1 0 1 1 0 0 0 0 0 0 
0 0 1 1 0 0 1 1 0 0 
1 0 0 0 1 0 1 1 1 0 
0 1 0 1 0 0 1 0 0 0 
0 0 0 0 0 1 0 0 0 0 
0 0 0 0 0 0 0 0 1 1 
0 0 0 0 0 1 1 1 1 1 
0 0 0 0 0 1 1 0 1 0 
1 1 0 1 1 0 0 0 0 0 
Open stacks: 21
Took 10.71 seconds

buffer: Warwick 1339: balanced orders, 10 orders per product
numCustomers: 30
numProducts: 10
0 0 0 0 1 0 0 1 0 0 
0 0 1 0 1 0 0 0 0 0 
1 1 1 1 0 0 1 0 1 1 
0 0 0 0 0 0 0 1 1 0 
0 1 0 1 1 1 0 0 1 0 
1 0 1 1 1 0 1 0 1 1 
0 1 0 1 0 0 1 0 0 0 
0 1 1 0 0 0 1 1 0 1 
0 0 0 1 0 1 0 0 1 0 
0 0 1 0 0 0 0 1 1 0 
1 0 0 0 0 1 0 0 0 0 
0 1 1 0 0 1 1 0 0 1 
1 0 1 0 0 0 0 1 0 0 
1 0 0 1 0 0 0 0 0 0 
0 0 0 0 1 0 0 0 0 0 
1 0 0 0 0 0 1 0 0 0 
1 0 0 0 0 0 0 1 0 1 
0 0 0 1 1 0 0 0 0 0 
0 0 0 1 1 0 0 0 0 1 
0 0 1 1 1 0 1 0 1 0 
0 1 0 0 0 0 1 0 1 0 
0 0 0 0 0 1 0 0 1 0 
0 0 0 0 0 1 0 1 0 0 
0 0 0 0 1 0 1 1 0 0 
1 1 1 0 1 0 0 0 0 0 
1 0 0 0 0 1 1 1 0 1 
0 1 0 0 0 0 0 1 0 1 
0 1 0 1 0 1 0 0 0 1 
1 0 0 0 0 1 0 0 0 0 
0 1 1 0 0 1 0 0 1 1 
numSequences: 3628800
minStacks: 21
Best sequence:
9 4 7 2 1 6 3 0 5 8 
0 1 1 0 0 0 0 0 0 0 
0 1 0 1 0 0 0 0 0 0 
1 0 0 1 1 1 1 1 0 1 
0 0 1 0 0 0 0 0 0 1 
0 1 0 0 1 0 1 0 1 1 
1 1 0 1 0 1 1 1 0 1 
0 0 0 0 1 1 1 0 0 0 
1 0 1 1 1 1 0 0 0 0 
0 0 0 0 0 0 1 0 1 1 
0 0 1 1 0 0 0 0 0 1 
0 0 0 0 0 0 0 1 1 0 
1 0 0 1 1 1 0 0 1 0 
0 0 1 1 0 0 0 1 0 0 
0 0 0 0 0 0 1 1 0 0 
0 1 0 0 0 0 0 0 0 0 
0 0 0 0 0 1 0 1 0 0 
1 0 1 0 0 0 0 1 0 0 
0 1 0 0 0 0 1 0 0 0 
1 1 0 0 0 0 1 0 0 0 
0 1 0 1 0 1 1 0 0 1 
0 0 0 0 1 1 0 0 0 1 
0 0 0 0 0 0 0 0 1 1 
0 0 1 0 0 0 0 0 1 0 
0 1 1 0 0 1 0 0 0 0 
0 1 0 1 1 0 0 1 0 0 
1 0 1 0 0 1 0 1 1 0 
1 0 1 0 1 0 0 0 0 0 
1 0 0 0 1 0 1 0 1 0 
0 0 0 0 0 0 0 1 1 0 
1 0 0 1 1 0 0 0 1 1 
Open stacks: 21
Took 10.7 seconds

buffer: Warwick 1340: balanced orders, 10 orders per product
numCustomers: 30
numProducts: 10
0 0 0 0 0 0 0 1 1 0 
1 1 0 0 1 1 0 0 1 0 
1 1 0 0 1 0 0 0 1 1 
0 0 1 0 1 0 0 1 1 0 
0 0 0 1 0 0 0 0 0 0 
0 0 0 1 0 1 0 0 0 0 
0 0 1 0 0 1 1 0 0 0 
0 0 0 1 0 0 1 0 0 1 
1 0 1 1 0 0 1 0 0 0 
1 1 0 1 0 0 0 0 0 1 
1 1 0 0 0 1 0 0 0 0 
0 0 0 1 1 1 0 0 0 1 
0 0 1 0 0 0 0 1 1 1 
0 0 0 0 1 0 1 1 0 0 
1 1 1 0 1 1 1 0 1 1 
0 0 0 0 0 0 0 1 0 1 
1 1 1 1 1 0 1 1 0 0 
1 0 0 0 0 1 0 0 1 0 
1 0 0 1 0 0 0 1 0 1 
0 1 1 0 0 0 0 0 0 1 
0 0 0 1 1 0 1 0 0 0 
0 0 0 0 0 1 1 1 1 0 
0 1 1 0 1 1 0 0 0 0 
0 0 0 0 0 0 0 0 1 0 
0 0 1 0 1 0 0 0 0 0 
0 0 1 0 0 0 0 0 0 0 
1 0 0 0 0 0 1 1 0 1 
0 0 0 1 0 0 0 0 1 0 
0 1 0 0 0 1 0 1 0 0 
0 1 0 0 0 0 1 0 0 0 
numSequences: 3628800
minStacks: 21
Best sequence:
9 7 2 4 6 1 0 5 3 8 
0 1 0 0 0 0 0 0 0 1 
0 0 0 1 0 1 1 1 0 1 
1 0 0 1 0 1 1 0 0 1 
0 1 1 1 0 0 0 0 0 1 
0 0 0 0 0 0 0 0 1 0 
0 0 0 0 0 0 0 1 1 0 
0 0 1 0 1 0 0 1 0 0 
1 0 0 0 1 0 0 0 1 0 
0 0 1 0 1 0 1 0 1 0 
1 0 0 0 0 1 1 0 1 0 
0 0 0 0 0 1 1 1 0 0 
1 0 0 1 0 0 0 1 1 0 
1 1 1 0 0 0 0 0 0 1 
0 1 0 1 1 0 0 0 0 0 
1 0 1 1 1 1 1 1 0 1 
1 1 0 0 0 0 0 0 0 0 
0 1 1 1 1 1 1 0 1 0 
0 0 0 0 0 0 1 1 0 1 
1 1 0 0 0 0 1 0 1 0 
1 0 1 0 0 1 0 0 0 0 
0 0 0 1 1 0 0 0 1 0 
0 1 0 0 1 0 0 1 0 1 
0 0 1 1 0 1 0 1 0 0 
0 0 0 0 0 0 0 0 0 1 
0 0 1 1 0 0 0 0 0 0 
0 0 1 0 0 0 0 0 0 0 
1 1 0 0 1 0 1 0 0 0 
0 0 0 0 0 0 0 0 1 1 
0 1 0 0 0 1 0 1 0 0 
0 0 0 0 1 1 0 0 0 0 
Open stacks: 21
Took 10.71 seconds

buffer: Warwick 1341: balanced orders, 11 orders per product
numCustomers: 30
numProducts: 10
1 0 1 0 1 1 1 0 0 0 
1 1 0 0 0 1 0 0 1 1 
0 1 0 0 0 0 0 0 0 1 
1 0 0 1 0 0 0 0 0 0 
0 1 1 0 0 0 0 0 0 0 
1 1 0 0 0 1 0 0 0 0 
0 0 0 1 1 0 0 1 0 0 
0 0 0 0 0 0 0 1 0 0 
0 0 0 0 0 1 0 0 0 1 
0 1 0 0 0 1 1 0 0 0 
0 0 1 1 0 1 0 1 0 1 
1 1 1 0 0 1 1 0 0 0 
1 1 0 1 1 1 1 1 1 0 
0 0 0 0 0 0 0 1 0 1 
1 0 1 1 1 0 0 1 0 0 
1 0 0 1 0 0 0 1 1 1 
0 0 0 0 1 0 1 1 0 0 
0 0 1 0 0 1 1 0 0 1 
0 1 0 1 1 0 0 0 1 1 
1 0 1 0 1 0 0 1 1 0 
1 0 0 1 0 0 1 0 1 0 
0 1 0 0 0 1 1 0 1 1 
0 1 0 1 1 0 0 0 1 0 
0 0 0 0 0 0 1 0 0 0 
0 0 1 0 1 0 0 0 0 0 
0 1 0 0 0 1 0 1 1 1 
0 0 1 1 1 0 1 0 0 0 
0 0 0 1 0 0 1 1 1 0 
1 0 1 0 1 0 0 0 1 1 
0 0 1 0 0 0 0 0 0 0 
numSequences: 3628800
minStacks: 21
Best sequence:
9 6 5 1 8 0 2 4 3 7 
0 1 1 0 0 1 1 1 0 0 
1 0 1 1 1 1 0 0 0 0 
1 0 0 1 0 0 0 0 0 0 
0 0 0 0 0 1 0 0 1 0 
0 0 0 1 0 0 1 0 0 0 
0 0 1 1 0 1 0 0 0 0 
0 0 0 0 0 0 0 1 1 1 
0 0 0 0 0 0 0 0 0 1 
1 0 1 0 0 0 0 0 0 0 
0 1 1 1 0 0 0 0 0 0 
1 0 1 0 0 0 1 0 1 1 
0 1 1 1 0 1 1 0 0 0 
0 1 1 1 1 1 0 1 1 1 
1 0 0 0 0 0 0 0 0 1 
0 0 0 0 0 1 1 1 1 1 
1 0 0 0 1 1 0 0 1 1 
0 1 0 0 0 0 0 1 0 1 
1 1 1 0 0 0 1 0 0 0 
1 0 0 1 1 0 0 1 1 0 
0 0 0 0 1 1 1 1 0 1 
0 1 0 0 1 1 0 0 1 0 
1 1 1 1 1 0 0 0 0 0 
0 0 0 1 1 0 0 1 1 0 
0 1 0 0 0 0 0 0 0 0 
0 0 0 0 0 0 1 1 0 0 
1 0 1 1 1 0 0 0 0 1 
0 1 0 0 0 0 1 1 1 0 
0 1 0 0 1 0 0 0 1 1 
1 0 0 0 1 1 1 1 0 0 
0 0 0 0 0 0 1 0 0 0 
Open stacks: 21
Took 10.76 seconds

buffer: Warwick 1342: balanced orders, 11 orders per product
numCustomers: 30
numProducts: 10
0 0 0 0 1 0 1 0 1 0 
0 0 1 1 0 1 1 1 0 1 
0 1 0 1 0 0 1 1 1 0 
0 0 0 1 0 0 1 0 1 0 
0 0 1 0 0 0 0 0 0 0 
0 0 0 0 0 1 1 1 0 0 
0 1 0 1 0 1 0 1 0 1 
0 0 0 0 1 0 0 1 0 1 
1 0 0 0 1 0 0 0 0 0 
0 0 0 0 1 1 0 0 1 0 
0 1 0 1 1 0 1 1 0 0 
1 1 0 1 1 0 0 0 0 1 
1 0 0 0 1 0 1 1 1 0 
0 1 1 1 0 1 0 0 0 1 
0 1 0 0 1 1 0 0 1 0 
0 0 0 0 0 0 0 0 0 1 
1 0 1 0 1 0 1 0 1 1 
0 1 1 0 1 1 1 0 1 0 
0 0 0 0 0 0 0 0 1 1 
1 1 0 0 0 1 0 0 0 0 
1 1 0 0 0 1 0 0 0 0 
1 1 1 0 1 0 0 1 0 0 
1 0 1 0 0 0 0 0 0 0 
1 0 0 0 0 0 0 1 1 0 
0 1 1 1 0 1 1 0 1 0 
0 0 1 0 0 0 0 0 0 0 
1 0 0 0 0 0 0 0 0 1 
0 0 1 1 0 0 0 1 0 0 
0 0 0 1 0 0 1 1 0 1 
1 0 1 1 0 1 0 0 0 1 
numSequences: 3628800
minStacks: 21
Best sequence:
9 8 6 3 7 4 1 0 2 5 
0 1 1 0 0 1 0 0 0 0 
1 0 1 1 1 0 0 0 1 1 
0 1 1 1 1 0 1 0 0 0 
0 1 1 1 0 0 0 0 0 0 
0 0 0 0 0 0 0 0 1 0 
0 0 1 0 1 0 0 0 0 1 
1 0 0 1 1 0 1 0 0 1 
1 0 0 0 1 1 0 0 0 0 
0 0 0 0 0 1 0 1 0 0 
0 1 0 0 0 1 0 0 0 1 
0 0 1 1 1 1 1 0 0 0 
1 0 0 1 0 1 1 1 0 0 
0 1 1 0 1 1 0 1 0 0 
1 0 0 1 0 0 1 0 1 1 
0 1 0 0 0 1 1 0 0 1 
1 0 0 0 0 0 0 0 0 0 
1 1 1 0 0 1 0 1 1 0 
0 1 1 0 0 1 1 0 1 1 
1 1 0 0 0 0 0 0 0 0 
0 0 0 0 0 0 1 1 0 1 
0 0 0 0 0 0 1 1 0 1 
0 0 0 0 1 1 1 1 1 0 
0 0 0 0 0 0 0 1 1 0 
0 1 0 0 1 0 0 1 0 0 
0 1 1 1 0 0 1 0 1 1 
0 0 0 0 0 0 0 0 1 0 
1 0 0 0 0 0 0 1 0 0 
0 0 0 1 1 0 0 0 1 0 
1 0 1 1 1 0 0 0 0 0 
1 0 0 1 0 0 0 1 1 1 
Open stacks: 21
Took 10.76 seconds

buffer: Warwick 1343: balanced orders, 11 orders per product
numCustomers: 30
numProducts: 10
0 0 0 1 1 0 1 0 0 1 
0 0 0 0 0 1 1 1 0 0 
1 0 0 1 0 0 0 0 0 0 
0 1 0 0 0 0 1 0 0 0 
1 0 0 1 1 0 0 0 0 0 
0 1 0 1 1 1 1 0 1 0 
1 1 0 1 0 0 1 1 0 0 
0 1 0 0 0 1 0 0 0 1 
1 0 0 0 1 0 0 0 1 1 
0 1 1 0 0 0 1 0 0 0 
0 0 1 1 0 1 0 1 1 0 
0 1 1 1 0 1 0 0 1 1 
0 1 1 0 0 1 1 0 0 0 
1 0 1 0 1 0 1 0 0 1 
1 0 0 0 1 0 0 0 0 0 
0 0 0 1 1 0 0 1 0 1 
1 1 0 0 0 1 0 0 0 1 
1 0 1 1 1 0 0 0 1 0 
0 0 0 1 1 0 0 0 0 1 
0 0 1 0 0 0 0 1 0 0 
0 0 1 1 0 0 1 1 1 0 
1 0 1 0 0 0 1 1 1 1 
0 0 1 0 0 0 1 1 1 0 
1 0 0 0 0 0 0 0 1 0 
0 0 0 0 0 1 0 1 0 0 
0 1 1 0 1 0 0 0 1 0 
0 1 0 0 0 1 0 1 0 0 
0 0 0 0 0 1 0 0 1 1 
0 0 0 0 0 1 0 0 0 0 
1 1 0 0 1 0 0 1 0 1 
numSequences: 3628800
minStacks: 20
Best sequence:
9 4 3 0 8 2 1 6 5 7 
1 1 1 0 0 0 0 1 0 0 
0 0 0 0 0 0 0 1 1 1 
0 0 1 1 0 0 0 0 0 0 
0 0 0 0 0 0 1 1 0 0 
0 1 1 1 0 0 0 0 0 0 
0 1 1 0 1 0 1 1 1 0 
0 0 1 1 0 0 1 1 0 1 
1 0 0 0 0 0 1 0 1 0 
1 1 0 1 1 0 0 0 0 0 
0 0 0 0 0 1 1 1 0 0 
0 0 1 0 1 1 0 0 1 1 
1 0 1 0 1 1 1 0 1 0 
0 0 0 0 0 1 1 1 1 0 
1 1 0 1 0 1 0 1 0 0 
0 1 0 1 0 0 0 0 0 0 
1 1 1 0 0 0 0 0 0 1 
1 0 0 1 0 0 1 0 1 0 
0 1 1 1 1 1 0 0 0 0 
1 1 1 0 0 0 0 0 0 0 
0 0 0 0 0 1 0 0 0 1 
0 0 1 0 1 1 0 1 0 1 
1 0 0 1 1 1 0 1 0 1 
0 0 0 0 1 1 0 1 0 1 
0 0 0 1 1 0 0 0 0 0 
0 0 0 0 0 0 0 0 1 1 
0 1 0 0 1 1 1 0 0 0 
0 0 0 0 0 0 1 0 1 1 
1 0 0 0 1 0 0 0 1 0 
0 0 0 0 0 0 0 0 1 0 
1 1 0 1 0 0 1 0 0 1 
Open stacks: 20
Took 10.73 seconds

buffer: Warwick 1344: balanced orders, 11 orders per product
numCustomers: 30
numProducts: 10
0 1 0 1 1 0 1 0 0 0 
0 0 0 0 0 1 0 1 0 1 
1 0 1 0 1 1 1 1 0 0 
1 0 0 0 0 0 0 0 1 1 
0 0 1 0 1 1 0 0 0 1 
0 0 1 1 0 1 1 0 0 0 
1 1 0 0 0 1 1 1 0 0 
0 0 0 0 0 1 0 0 1 0 
1 1 1 0 1 1 0 1 1 0 
1 0 0 0 0 1 1 0 0 0 
0 1 0 1 0 0 0 0 0 0 
1 0 0 1 1 1 1 1 1 0 
0 0 0 1 0 0 0 0 1 0 
1 0 1 0 0 0 0 0 0 1 
0 0 1 1 1 0 0 0 0 0 
0 1 1 0 0 0 0 0 1 1 
0 0 0 0 0 0 1 0 0 1 
0 0 0 0 0 0 0 1 0 1 
0 0 0 1 1 1 1 0 1 0 
0 1 1 0 0 0 0 1 1 1 
0 0 0 0 1 0 0 0 0 1 
1 1 0 1 0 0 0 0 1 0 
0 1 0 1 0 0 0 0 0 0 
0 0 1 0 1 0 0 0 0 1 
1 0 0 1 0 0 1 1 0 1 
0 1 1 0 1 0 1 1 1 0 
1 1 0 0 0 0 1 0 0 0 
0 0 0 0 0 0 0 1 1 0 
1 1 0 1 1 1 0 1 0 0 
0 0 1 0 0 0 0 0 0 0 
numSequences: 3628800
minStacks: 21
Best sequence:
9 4 2 6 5 0 1 3 7 8 
0 1 0 1 0 0 1 1 0 0 
1 0 0 0 1 0 0 0 1 0 
0 1 1 1 1 1 0 0 1 0 
1 0 0 0 0 1 0 0 0 1 
1 1 1 0 1 0 0 0 0 0 
0 0 1 1 1 0 0 1 0 0 
0 0 0 1 1 1 1 0 1 0 
0 0 0 0 1 0 0 0 0 1 
0 1 1 0 1 1 1 0 1 1 
0 0 0 1 1 1 0 0 0 0 
0 0 0 0 0 0 1 1 0 0 
0 1 0 1 1 1 0 1 1 1 
0 0 0 0 0 0 0 1 0 1 
1 0 1 0 0 1 0 0 0 0 
0 1 1 0 0 0 0 1 0 0 
1 0 1 0 0 0 1 0 0 1 
1 0 0 1 0 0 0 0 0 0 
1 0 0 0 0 0 0 0 1 0 
0 1 0 1 1 0 0 1 0 1 
1 0 1 0 0 0 1 0 1 1 
1 1 0 0 0 0 0 0 0 0 
0 0 0 0 0 1 1 1 0 1 
0 0 0 0 0 0 1 1 0 0 
1 1 1 0 0 0 0 0 0 0 
1 0 0 1 0 1 0 1 1 0 
0 1 1 1 0 0 1 0 1 1 
0 0 0 1 0 1 1 0 0 0 
0 0 0 0 0 0 0 0 1 1 
0 1 0 0 1 1 1 1 1 0 
0 0 1 0 0 0 0 0 0 0 
Open stacks: 21
Took 10.75 seconds

buffer: Warwick 1345: balanced orders, 11 orders per product
numCustomers: 30
numProducts: 10
0 0 0 0 0 0 1 1 0 0 
1 0 0 1 0 1 1 1 0 0 
1 0 0 0 0 0 1 0 1 0 
0 0 1 1 0 0 1 1 0 0 
0 0 0 1 0 1 1 1 0 0 
0 0 0 1 0 1 1 1 1 0 
0 1 0 0 1 0 1 0 0 1 
0 1 1 1 1 0 0 0 1 0 
0 0 0 0 0 0 0 1 0 0 
0 0 0 1 1 0 0 1 0 1 
0 0 0 0 1 0 0 0 0 0 
1 1 1 0 0 0 0 0 1 1 
1 0 1 0 1 1 0 0 1 1 
1 0 0 0 0 1 0 0 0 0 
0 0 0 0 0 1 0 0 0 0 
0 1 0 1 0 1 0 0 1 1 
0 1 1 0 0 0 0 0 0 0 
0 1 1 0 1 1 1 1 0 0 
0 1 0 0 1 1 0 0 0 0 
0 1 1 1 0 0 0 0 0 0 
0 0 0 0 1 1 1 1 1 1 
1 1 1 0 0 0 0 0 0 0 
0 1 1 0 1 0 1 0 0 1 
0 0 0 0 0 0 0 0 1 0 
1 0 0 1 1 0 0 0 0 0 
1 0 0 1 1 1 1 1 0 0 
1 0 1 0 0 0 0 0 1 1 
0 0 0 1 0 0 0 0 1 1 
1 1 1 0 0 0 0 0 1 1 
1 0 0 0 0 0 0 1 0 1 
numSequences: 3628800
minStacks: 22
Best sequence:
9 7 6 5 0 3 1 2 4 8 
0 1 1 0 0 0 0 0 0 0 
0 1 1 1 1 1 0 0 0 0 
0 0 1 0 1 0 0 0 0 1 
0 1 1 0 0 1 0 1 0 0 
0 1 1 1 0 1 0 0 0 0 
0 1 1 1 0 1 0 0 0 1 
1 0 1 0 0 0 1 0 1 0 
0 0 0 0 0 1 1 1 1 1 
0 1 0 0 0 0 0 0 0 0 
1 1 0 0 0 1 0 0 1 0 
0 0 0 0 0 0 0 0 1 0 
1 0 0 0 1 0 1 1 0 1 
1 0 0 1 1 0 0 1 1 1 
0 0 0 1 1 0 0 0 0 0 
0 0 0 1 0 0 0 0 0 0 
1 0 0 1 0 1 1 0 0 1 
0 0 0 0 0 0 1 1 0 0 
0 1 1 1 0 0 1 1 1 0 
0 0 0 1 0 0 1 0 1 0 
0 0 0 0 0 1 1 1 0 0 
1 1 1 1 0 0 0 0 1 1 
0 0 0 0 1 0 1 1 0 0 
1 0 1 0 0 0 1 1 1 0 
0 0 0 0 0 0 0 0 0 1 
0 0 0 0 1 1 0 0 1 0 
0 1 1 1 1 1 0 0 1 0 
1 0 0 0 1 0 0 1 0 1 
1 0 0 0 0 1 0 0 0 1 
1 0 0 0 1 0 1 1 0 1 
1 1 0 0 1 0 0 0 0 0 
Open stacks: 22
Took 10.76 seconds

buffer: Warwick 1346: balanced orders, 11 orders per product
numCustomers: 30
numProducts: 10
1 1 0 0 1 1 1 1 1 0 
0 0 1 0 0 1 1 0 1 0 
0 1 1 0 1 0 0 0 0 0 
0 0 0 1 0 1 1 0 0 0 
1 0 1 0 0 0 1 1 0 0 
0 1 0 0 0 1 1 0 0 0 
1 0 1 0 1 1 0 1 0 0 
0 0 0 0 1 0 1 0 0 1 
0 0 0 1 0 0 1 0 1 0 
0 1 1 1 1 0 0 1 1 0 
0 0 1 0 0 0 1 0 1 1 
1 0 1 1 0 1 0 0 0 0 
0 0 0 0 0 0 1 0 0 0 
1 0 0 0 1 1 0 0 0 0 
0 0 1 1 0 0 0 1 0 1 
0 0 0 0 1 0 0 1 0 1 
0 0 1 0 0 1 0 0 0 0 
0 0 0 0 1 0 0 0 0 1 
1 1 0 1 0 1 1 1 1 1 
0 0 0 0 1 0 0 0 1 1 
0 0 0 1 0 0 0 1 0 1 
1 1 0 0 0 1 0 0 0 0 
1 1 0 1 1 0 0 0 0 0 
0 0 0 0 1 0 0 1 1 1 
0 0 0 0 0 0 0 0 1 0 
1 0 1 0 0 0 1 1 1 0 
0 1 0 1 0 0 0 0 0 0 
1 1 0 1 0 1 0 0 0 1 
0 1 0 0 0 0 0 0 0 0 
1 1 1 1 0 0 0 1 1 1 
numSequences: 3628800
minStacks: 20
Best sequence:
9 8 4 7 6 3 1 2 0 5 
0 1 1 1 1 0 1 0 1 1 
0 1 0 0 1 0 0 1 0 1 
0 0 1 0 0 0 1 1 0 0 
0 0 0 0 1 1 0 0 0 1 
0 0 0 1 1 0 0 1 1 0 
0 0 0 0 1 0 1 0 0 1 
0 0 1 1 0 0 0 1 1 1 
1 0 1 0 1 0 0 0 0 0 
0 1 0 0 1 1 0 0 0 0 
0 1 1 1 0 1 1 1 0 0 
1 1 0 0 1 0 0 1 0 0 
0 0 0 0 0 1 0 1 1 1 
0 0 0 0 1 0 0 0 0 0 
0 0 1 0 0 0 0 0 1 1 
1 0 0 1 0 1 0 1 0 0 
1 0 1 1 0 0 0 0 0 0 
0 0 0 0 0 0 0 1 0 1 
1 0 1 0 0 0 0 0 0 0 
1 1 0 1 1 1 1 0 1 1 
1 1 1 0 0 0 0 0 0 0 
1 0 0 1 0 1 0 0 0 0 
0 0 0 0 0 0 1 0 1 1 
0 0 1 0 0 1 1 0 1 0 
1 1 1 1 0 0 0 0 0 0 
0 1 0 0 0 0 0 0 0 0 
0 1 0 1 1 0 0 1 1 0 
0 0 0 0 0 1 1 0 0 0 
1 0 0 0 0 1 1 0 1 1 
0 0 0 0 0 0 1 0 0 0 
1 1 0 1 0 1 1 1 1 0 
Open stacks: 20
Took 10.75 seconds

buffer: Warwick 1347: balanced orders, 11 orders per product
numCustomers: 30
numProducts: 10
0 1 0 1 0 0 1 1 1 1 
1 0 0 0 0 1 1 0 0 1 
1 1 1 0 1 1 0 0 0 1 
1 1 0 0 0 1 1 0 1 0 
0 0 0 1 0 0 0 0 0 1 
0 1 0 1 0 0 1 1 0 0 
0 1 1 0 0 1 0 0 1 0 
1 1 0 0 1 0 0 0 1 1 
0 0 1 0 0 0 0 0 1 1 
0 0 0 0 1 0 0 1 0 0 
1 1 0 1 0 1 1 1 0 0 
1 0 1 0 0 0 0 0 0 0 
0 0 0 0 1 0 0 1 1 1 
0 0 1 0 0 0 0 0 1 1 
0 0 0 1 0 0 1 1 1 0 
0 0 0 0 0 0 0 1 0 0 
0 0 1 0 0 1 1 1 0 0 
0 1 1 1 0 0 1 1 0 0 
1 1 1 1 0 1 0 0 0 0 
0 0 0 1 0 0 0 0 0 0 
0 1 0 0 0 0 1 0 1 0 
0 0 0 0 0 1 0 0 0 1 
0 0 1 0 1 0 0 0 0 0 
0 0 0 0 1 0 0 1 0 0 
0 1 1 0 0 0 0 0 0 1 
1 0 0 0 1 1 1 0 1 0 
1 0 0 1 1 1 1 1 0 1 
1 0 0 1 1 0 0 0 1 0 
1 0 1 1 1 0 0 0 0 0 
0 0 0 0 1 1 0 0 0 0 
numSequences: 3628800
