Solving by Dynamic Programming...
buffer: Warwick 121: balanced orders, 2 orders per product
numCustomers: 10
numProducts: 20
0 1 0 0 0 0 0 0 0 1 0 0 0 1 0 0 0 0 0 1 
1 0 0 0 0 0 0 0 1 0 1 0 0 0 1 0 0 0 0 0 
0 0 0 0 0 0 0 0 0 0 0 0 1 1 1 0 0 0 1 0 
0 0 0 0 1 0 0 1 0 0 0 0 0 0 0 0 0 0 0 1 
0 0 0 0 0 0 0 0 0 0 0 0 0 0 0 0 1 0 0 0 
0 0 0 1 1 1 0 0 0 1 0 0 0 0 0 0 0 0 0 0 
1 0 0 0 0 1 0 0 0 0 0 1 0 0 0 1 0 0 0 0 
0 0 1 0 0 0 1 0 0 0 0 0 0 0 0 0 1 1 0 0 
0 1 0 1 0 0 1 1 1 0 0 1 0 0 0 0 0 1 1 0 
0 0 1 0 0 0 0 0 0 0 1 0 1 0 0 1 0 0 0 0 
Best Sequence: 
16 19 9 7 4 5 3 18 17 13 11 1 8 6 15 14 12 10 2 0 
0 1 1 0 0 0 0 0 0 1 0 1 0 0 0 0 0 0 0 0 
0 0 0 0 0 0 0 0 0 0 0 0 1 0 0 1 0 1 0 1 
0 0 0 0 0 0 0 1 0 1 0 0 0 0 0 1 1 0 0 0 
0 1 0 1 1 0 0 0 0 0 0 0 0 0 0 0 0 0 0 0 
1 0 0 0 0 0 0 0 0 0 0 0 0 0 0 0 0 0 0 0 
0 0 1 0 1 1 1 0 0 0 0 0 0 0 0 0 0 0 0 0 
0 0 0 0 0 1 0 0 0 0 1 0 0 0 1 0 0 0 0 1 
1 0 0 0 0 0 0 0 1 0 0 0 0 1 0 0 0 0 1 0 
0 0 0 1 0 0 1 1 1 0 1 1 1 1 0 0 0 0 0 0 
0 0 0 0 0 0 0 0 0 0 0 0 0 0 1 0 1 1 1 0 
OpenStacks: 5
Took 286.92 seconds

buffer: Warwick 122: balanced orders, 2 orders per product
numCustomers: 10
numProducts: 20
1 0 0 0 0 0 0 0 0 0 0 0 0 0 0 0 0 0 0 0 
0 1 1 0 0 0 0 0 1 1 0 0 0 1 1 1 0 0 0 0 
0 1 0 0 0 0 1 0 1 0 0 0 0 1 0 0 0 0 0 1 
0 0 1 0 0 0 0 1 0 1 1 0 1 0 0 0 0 0 0 0 
0 0 0 1 0 0 1 0 0 0 0 0 0 0 0 0 0 0 0 0 
0 0 0 0 0 0 0 0 0 0 0 0 0 0 0 1 0 1 0 1 
1 0 0 0 0 1 0 0 0 0 1 1 0 0 1 0 0 0 0 0 
0 0 0 0 1 0 0 1 0 0 0 1 0 0 0 0 1 0 1 0 
0 0 0 0 1 0 0 0 0 0 0 0 1 0 0 0 1 1 1 0 
0 0 0 1 0 1 0 0 0 0 0 0 0 0 0 0 0 0 0 0 
Best Sequence: 
18 17 16 12 4 11 10 7 9 2 19 15 14 13 8 6 1 5 3 0 
0 0 0 0 0 0 0 0 0 0 0 0 0 0 0 0 0 0 0 1 
0 0 0 0 0 0 0 0 1 1 0 1 1 1 1 0 1 0 0 0 
0 0 0 0 0 0 0 0 0 0 1 0 0 1 1 1 1 0 0 0 
0 0 0 1 0 0 1 1 1 1 0 0 0 0 0 0 0 0 0 0 
0 0 0 0 0 0 0 0 0 0 0 0 0 0 0 1 0 0 1 0 
0 1 0 0 0 0 0 0 0 0 1 1 0 0 0 0 0 0 0 0 
0 0 0 0 0 1 1 0 0 0 0 0 1 0 0 0 0 1 0 1 
1 0 1 0 1 1 0 1 0 0 0 0 0 0 0 0 0 0 0 0 
1 1 1 1 1 0 0 0 0 0 0 0 0 0 0 0 0 0 0 0 
0 0 0 0 0 0 0 0 0 0 0 0 0 0 0 0 0 1 1 0 
OpenStacks: 4
Took 288.02 seconds

buffer: Warwick 123: balanced orders, 2 orders per product
numCustomers: 10
numProducts: 20
0 0 0 0 0 0 0 0 0 0 0 1 0 0 0 0 0 0 0 0 
1 0 0 1 1 0 0 0 0 1 0 0 0 1 0 0 0 0 1 0 
0 0 0 0 0 0 0 0 0 0 0 0 1 0 0 1 0 1 0 0 
1 1 1 0 0 0 1 0 1 0 1 0 0 0 1 0 0 0 0 0 
0 0 0 1 0 0 0 0 0 0 1 0 0 0 0 0 0 0 0 0 
0 0 1 0 0 1 0 0 0 0 0 0 1 0 0 0 0 0 0 1 
0 0 0 0 0 0 1 0 0 1 0 0 0 0 0 0 1 0 0 0 
0 0 0 0 1 0 0 1 1 0 0 0 0 0 0 0 1 1 1 0 
0 0 0 0 0 1 0 1 0 0 0 0 0 0 1 1 0 0 0 0 
0 1 0 0 0 0 0 0 0 0 0 1 0 1 0 0 0 0 0 1 
