Solving by Brute Force...
buffer: Warwick 1431: balanced orders and products, 2 products per order
numCustomers: 30
numProducts: 10
0 0 0 0 0 0 0 1 0 1 
1 0 0 0 0 0 0 0 1 0 
0 1 0 1 0 0 0 0 0 0 
0 0 0 0 0 0 1 1 0 0 
0 0 0 0 1 0 0 0 0 1 
0 0 0 0 1 0 0 0 1 0 
0 0 0 0 1 0 0 0 0 1 
0 0 0 0 1 0 0 0 1 0 
0 1 0 0 0 1 0 0 0 0 
0 1 1 0 0 0 0 0 0 0 
0 0 0 1 0 0 0 0 0 1 
0 1 0 0 0 0 0 1 0 0 
0 0 1 0 0 1 0 0 0 0 
0 0 0 0 0 1 1 0 0 0 
1 0 1 0 0 0 0 0 0 0 
0 0 0 0 1 1 0 0 0 0 
1 0 0 0 0 0 0 1 0 0 
0 0 0 0 0 0 1 0 0 1 
1 0 0 0 0 0 0 1 0 0 
0 0 0 0 0 1 0 0 0 1 
0 1 0 1 0 0 0 0 0 0 
0 0 1 0 0 0 0 0 1 0 
0 0 0 1 0 0 0 0 1 0 
0 1 0 0 0 0 0 1 0 0 
0 0 1 0 0 0 1 0 0 0 
0 0 0 1 0 0 1 0 0 0 
0 0 0 1 0 1 0 0 0 0 
0 0 1 0 0 0 1 0 0 0 
1 0 0 0 1 0 0 0 0 0 
1 0 0 0 0 0 0 0 1 0 
Best Sequence: 
9 8 4 0 7 1 3 2 5 6 
1 0 0 0 1 0 0 0 0 0 
0 1 0 1 0 0 0 0 0 0 
0 0 0 0 0 1 1 0 0 0 
0 0 0 0 1 0 0 0 0 1 
1 0 1 0 0 0 0 0 0 0 
0 1 1 0 0 0 0 0 0 0 
1 0 1 0 0 0 0 0 0 0 
0 1 1 0 0 0 0 0 0 0 
0 0 0 0 0 1 0 0 1 0 
0 0 0 0 0 1 0 1 0 0 
1 0 0 0 0 0 1 0 0 0 
0 0 0 0 1 1 0 0 0 0 
0 0 0 0 0 0 0 1 1 0 
0 0 0 0 0 0 0 0 1 1 
0 0 0 1 0 0 0 1 0 0 
0 0 1 0 0 0 0 0 1 0 
0 0 0 1 1 0 0 0 0 0 
1 0 0 0 0 0 0 0 0 1 
0 0 0 1 1 0 0 0 0 0 
1 0 0 0 0 0 0 0 1 0 
0 0 0 0 0 1 1 0 0 0 
0 1 0 0 0 0 0 1 0 0 
0 1 0 0 0 0 1 0 0 0 
0 0 0 0 1 1 0 0 0 0 
0 0 0 0 0 0 0 1 0 1 
0 0 0 0 0 0 1 0 0 1 
0 0 0 0 0 0 1 0 1 0 
0 0 0 0 0 0 0 1 0 1 
0 0 1 1 0 0 0 0 0 0 
0 1 0 1 0 0 0 0 0 0 
OpenStacks: 14
Took 57.61 seconds

buffer: Warwick 1432: balanced orders and products, 2 products per order
numCustomers: 30
numProducts: 10
0 0 0 0 1 0 0 1 0 0 
0 0 0 1 0 0 0 0 0 1 
1 0 1 0 0 0 0 0 0 0 
1 0 0 0 0 0 0 0 0 1 
0 0 1 0 0 1 0 0 0 0 
0 0 0 0 1 0 1 0 0 0 
0 0 1 0 0 0 0 0 0 1 
1 0 0 0 0 0 0 1 0 0 
0 0 0 0 0 1 0 1 0 0 
0 0 0 1 0 0 0 1 0 0 
0 1 0 0 0 0 0 1 0 0 
0 0 0 0 1 0 0 1 0 0 
0 0 0 1 0 0 0 0 1 0 
1 0 0 0 0 0 1 0 0 0 
0 0 0 0 1 0 0 0 0 1 
0 1 1 0 0 0 0 0 0 0 
0 1 1 0 0 0 0 0 0 0 
0 0 1 0 0 0 1 0 0 0 
1 0 0 0 1 0 0 0 0 0 
1 1 0 0 0 0 0 0 0 0 
0 1 0 0 0 0 0 0 1 0 
0 0 0 0 0 0 1 0 1 0 
0 0 0 0 0 1 0 0 1 0 
0 0 0 0 0 1 0 0 1 0 
0 1 0 1 0 0 0 0 0 0 
0 0 0 1 0 0 1 0 0 0 
0 0 0 0 0 0 0 0 1 1 
0 0 0 1 0 1 0 0 0 0 
0 0 0 0 1 0 0 0 0 1 
0 0 0 0 0 1 1 0 0 0 
Best Sequence: 
9 7 4 0 1 2 5 3 6 8 
0 1 1 0 0 0 0 0 0 0 
1 0 0 0 0 0 0 1 0 0 
0 0 0 1 0 1 0 0 0 0 
1 0 0 1 0 0 0 0 0 0 
0 0 0 0 0 1 1 0 0 0 
0 0 1 0 0 0 0 0 1 0 
1 0 0 0 0 1 0 0 0 0 
0 1 0 1 0 0 0 0 0 0 
0 1 0 0 0 0 1 0 0 0 
0 1 0 0 0 0 0 1 0 0 
0 1 0 0 1 0 0 0 0 0 
0 1 1 0 0 0 0 0 0 0 
0 0 0 0 0 0 0 1 0 1 
0 0 0 1 0 0 0 0 1 0 
1 0 1 0 0 0 0 0 0 0 
0 0 0 0 1 1 0 0 0 0 
0 0 0 0 1 1 0 0 0 0 
0 0 0 0 0 1 0 0 1 0 
0 0 1 1 0 0 0 0 0 0 
0 0 0 1 1 0 0 0 0 0 
0 0 0 0 1 0 0 0 0 1 
0 0 0 0 0 0 0 0 1 1 
0 0 0 0 0 0 1 0 0 1 
0 0 0 0 0 0 1 0 0 1 
0 0 0 0 1 0 0 1 0 0 
0 0 0 0 0 0 0 1 1 0 
1 0 0 0 0 0 0 0 0 1 
0 0 0 0 0 0 1 1 0 0 
1 0 1 0 0 0 0 0 0 0 
0 0 0 0 0 0 1 0 1 0 
OpenStacks: 14
Took 58.83 seconds

buffer: Warwick 1433: balanced orders and products, 2 products per order
numCustomers: 30
numProducts: 10
0 0 0 1 0 0 0 0 1 0 
0 0 1 0 0 1 0 0 0 0 
0 0 1 0 0 0 0 0 0 1 
1 0 0 0 0 0 0 1 0 0 
0 0 0 1 0 1 0 0 0 0 
0 0 1 0 0 0 0 0 0 1 
1 0 0 0 0 0 1 0 0 0 
0 0 0 0 0 0 0 0 1 1 
1 1 0 0 0 0 0 0 0 0 
0 0 0 0 0 0 1 0 0 1 
0 0 0 1 0 1 0 0 0 0 
0 0 0 0 1 0 0 1 0 0 
0 1 0 0 0 0 0 0 1 0 
0 1 0 0 0 1 0 0 0 0 
0 0 1 0 0 0 0 1 0 0 
0 1 0 0 0 0 1 0 0 0 
1 0 0 0 1 0 0 0 0 0 
0 0 0 0 0 1 0 1 0 0 
0 0 0 0 1 1 0 0 0 0 
0 0 0 1 0 0 1 0 0 0 
0 0 1 0 1 0 0 0 0 0 
0 0 1 1 0 0 0 0 0 0 
0 0 0 0 1 0 0 0 1 0 
0 1 0 0 0 0 1 0 0 0 
0 0 0 0 1 0 0 0 1 0 
0 0 0 1 0 0 0 0 0 1 
1 0 0 0 0 0 0 0 0 1 
0 1 0 0 0 0 0 1 0 0 
1 0 0 0 0 0 0 0 1 0 
0 0 0 0 0 0 1 1 0 0 
Best Sequence: 
9 3 5 2 8 4 1 6 0 7 
0 1 0 0 1 0 0 0 0 0 
0 0 1 1 0 0 0 0 0 0 
1 0 0 1 0 0 0 0 0 0 
0 0 0 0 0 0 0 0 1 1 
0 1 1 0 0 0 0 0 0 0 
1 0 0 1 0 0 0 0 0 0 
0 0 0 0 0 0 0 1 1 0 
1 0 0 0 1 0 0 0 0 0 
0 0 0 0 0 0 1 0 1 0 
1 0 0 0 0 0 0 1 0 0 
0 1 1 0 0 0 0 0 0 0 
0 0 0 0 0 1 0 0 0 1 
0 0 0 0 1 0 1 0 0 0 
0 0 1 0 0 0 1 0 0 0 
0 0 0 1 0 0 0 0 0 1 
0 0 0 0 0 0 1 1 0 0 
0 0 0 0 0 1 0 0 1 0 
0 0 1 0 0 0 0 0 0 1 
0 0 1 0 0 1 0 0 0 0 
0 1 0 0 0 0 0 1 0 0 
0 0 0 1 0 1 0 0 0 0 
0 1 0 1 0 0 0 0 0 0 
0 0 0 0 1 1 0 0 0 0 
0 0 0 0 0 0 1 1 0 0 
0 0 0 0 1 1 0 0 0 0 
1 1 0 0 0 0 0 0 0 0 
1 0 0 0 0 0 0 0 1 0 
0 0 0 0 0 0 1 0 0 1 
0 0 0 0 1 0 0 0 1 0 
0 0 0 0 0 0 0 1 0 1 
OpenStacks: 14
Took 57.9 seconds

buffer: Warwick 1434: balanced orders and products, 2 products per order
numCustomers: 30
numProducts: 10
0 0 0 1 0 0 0 1 0 0 
0 0 1 0 0 0 0 0 0 1 
0 1 0 0 0 0 0 1 0 0 
0 0 0 0 0 0 0 1 1 0 
1 0 1 0 0 0 0 0 0 0 
1 0 0 0 0 0 0 0 1 0 
0 1 1 0 0 0 0 0 0 0 
0 0 0 0 1 0 0 0 0 1 
1 1 0 0 0 0 0 0 0 0 
0 0 0 1 0 0 0 0 0 1 
0 0 0 0 0 0 1 0 1 0 
0 0 0 0 0 0 1 0 1 0 
0 0 0 0 0 1 1 0 0 0 
0 0 0 0 0 1 0 0 0 1 
0 0 1 0 1 0 0 0 0 0 
0 0 0 1 1 0 0 0 0 0 
0 1 0 0 0 0 1 0 0 0 
0 0 1 0 1 0 0 0 0 0 
0 1 0 1 0 0 0 0 0 0 
0 0 0 0 0 0 1 0 1 0 
0 0 0 0 0 1 0 1 0 0 
1 0 0 0 0 0 0 0 0 1 
1 0 0 1 0 0 0 0 0 0 
0 0 0 0 1 1 0 0 0 0 
0 0 0 0 1 1 0 0 0 0 
0 0 0 0 0 0 0 0 1 1 
0 0 0 1 0 0 0 1 0 0 
0 0 1 0 0 0 0 1 0 0 
0 1 0 0 0 0 1 0 0 0 
1 0 0 0 0 1 0 0 0 0 
Best Sequence: 
9 5 4 2 0 3 1 6 7 8 
0 0 0 0 0 1 0 0 1 0 
1 0 0 1 0 0 0 0 0 0 
0 0 0 0 0 0 1 0 1 0 
0 0 0 0 0 0 0 0 1 1 
0 0 0 1 1 0 0 0 0 0 
0 0 0 0 1 0 0 0 0 1 
0 0 0 1 0 0 1 0 0 0 
1 0 1 0 0 0 0 0 0 0 
0 0 0 0 1 0 1 0 0 0 
1 0 0 0 0 1 0 0 0 0 
0 0 0 0 0 0 0 1 0 1 
0 0 0 0 0 0 0 1 0 1 
0 1 0 0 0 0 0 1 0 0 
1 1 0 0 0 0 0 0 0 0 
0 0 1 1 0 0 0 0 0 0 
0 0 1 0 0 1 0 0 0 0 
0 0 0 0 0 0 1 1 0 0 
0 0 1 1 0 0 0 0 0 0 
0 0 0 0 0 1 1 0 0 0 
0 0 0 0 0 0 0 1 0 1 
0 1 0 0 0 0 0 0 1 0 
1 0 0 0 1 0 0 0 0 0 
0 0 0 0 1 1 0 0 0 0 
0 1 1 0 0 0 0 0 0 0 
0 1 1 0 0 0 0 0 0 0 
1 0 0 0 0 0 0 0 0 1 
0 0 0 0 0 1 0 0 1 0 
0 0 0 1 0 0 0 0 1 0 
0 0 0 0 0 0 1 1 0 0 
0 1 0 0 1 0 0 0 0 0 
OpenStacks: 13
Took 58.85 seconds

buffer: Warwick 1435: balanced orders and products, 2 products per order
numCustomers: 30
numProducts: 10
1 0 0 0 0 0 0 0 1 0 
1 0 1 0 0 0 0 0 0 0 
1 0 0 0 0 0 1 0 0 0 
0 0 0 1 0 0 1 0 0 0 
1 0 0 0 1 0 0 0 0 0 
0 0 0 0 0 1 0 0 1 0 
0 0 0 1 0 0 0 0 1 0 
0 1 0 0 0 0 0 1 0 0 
1 0 0 0 0 0 1 0 0 0 
0 0 0 0 1 0 0 1 0 0 
0 0 1 0 1 0 0 0 0 0 
0 0 1 0 0 1 0 0 0 0 
0 0 1 1 0 0 0 0 0 0 
0 0 0 1 0 1 0 0 0 0 
0 1 1 0 0 0 0 0 0 0 
0 1 0 0 0 0 0 0 0 1 
0 0 0 0 0 1 0 0 0 1 
1 0 0 0 0 1 0 0 0 0 
0 0 0 0 0 0 0 1 1 0 
0 1 0 0 0 0 0 0 0 1 
0 0 0 0 0 0 1 1 0 0 
0 0 1 0 0 0 0 0 0 1 
0 0 0 0 0 0 1 1 0 0 
0 1 0 0 0 0 0 0 0 1 
0 0 0 0 1 0 0 1 0 0 
0 0 0 1 0 0 1 0 0 0 
0 0 0 1 0 0 0 0 1 0 
0 0 0 0 1 1 0 0 0 0 
0 0 0 0 1 0 0 0 0 1 
0 1 0 0 0 0 0 0 1 0 
Best Sequence: 
9 1 7 4 2 5 0 6 3 8 
0 0 0 0 0 0 1 0 0 1 
0 0 0 0 1 0 1 0 0 0 
0 0 0 0 0 0 1 1 0 0 
0 0 0 0 0 0 0 1 1 0 
0 0 0 1 0 0 1 0 0 0 
0 0 0 0 0 1 0 0 0 1 
0 0 0 0 0 0 0 0 1 1 
0 1 1 0 0 0 0 0 0 0 
0 0 0 0 0 0 1 1 0 0 
0 0 1 1 0 0 0 0 0 0 
0 0 0 1 1 0 0 0 0 0 
0 0 0 0 1 1 0 0 0 0 
0 0 0 0 1 0 0 0 1 0 
0 0 0 0 0 1 0 0 1 0 
0 1 0 0 1 0 0 0 0 0 
1 1 0 0 0 0 0 0 0 0 
1 0 0 0 0 1 0 0 0 0 
0 0 0 0 0 1 1 0 0 0 
0 0 1 0 0 0 0 0 0 1 
1 1 0 0 0 0 0 0 0 0 
0 0 1 0 0 0 0 1 0 0 
1 0 0 0 1 0 0 0 0 0 
0 0 1 0 0 0 0 1 0 0 
1 1 0 0 0 0 0 0 0 0 
0 0 1 1 0 0 0 0 0 0 
0 0 0 0 0 0 0 1 1 0 
0 0 0 0 0 0 0 0 1 1 
0 0 0 1 0 1 0 0 0 0 
1 0 0 1 0 0 0 0 0 0 
0 1 0 0 0 0 0 0 0 1 
OpenStacks: 13
Took 57.78 seconds

buffer: Warwick 1436: balanced orders and products, 2 products per order
numCustomers: 30
numProducts: 10
0 0 0 1 0 0 0 0 1 0 
1 0 1 0 0 0 0 0 0 0 
0 0 0 0 1 0 0 0 1 0 
0 0 1 0 0 0 0 1 0 0 
0 0 0 1 0 0 0 1 0 0 
0 0 0 1 0 0 1 0 0 0 
0 0 0 0 0 1 0 0 0 1 
0 1 1 0 0 0 0 0 0 0 
0 1 0 0 1 0 0 0 0 0 
0 1 0 0 0 0 0 0 0 1 
1 0 0 0 0 0 0 0 1 0 
1 0 1 0 0 0 0 0 0 0 
0 0 0 1 0 0 0 1 0 0 
0 0 0 0 1 0 0 0 1 0 
0 0 0 0 0 0 0 0 1 1 
0 0 0 0 1 0 1 0 0 0 
0 0 0 0 1 1 0 0 0 0 
0 0 0 1 0 0 0 1 0 0 
1 0 1 0 0 0 0 0 0 0 
0 0 0 0 1 1 0 0 0 0 
1 0 0 0 0 0 1 0 0 0 
0 1 0 0 0 0 0 0 0 1 
0 0 0 0 0 0 0 1 0 1 
1 0 1 0 0 0 0 0 0 0 
0 1 0 0 0 0 1 0 0 0 
0 1 0 0 0 0 0 0 0 1 
0 0 0 1 0 1 0 0 0 0 
0 0 0 0 0 0 1 0 1 0 
0 0 0 0 0 1 0 1 0 0 
0 0 0 0 0 1 1 0 0 0 
Best Sequence: 
9 7 3 5 1 6 4 0 2 8 
0 0 1 0 0 0 0 0 0 1 
0 0 0 0 0 0 0 1 1 0 
0 0 0 0 0 0 1 0 0 1 
0 1 0 0 0 0 0 0 1 0 
0 1 1 0 0 0 0 0 0 0 
0 0 1 0 0 1 0 0 0 0 
1 0 0 1 0 0 0 0 0 0 
0 0 0 0 1 0 0 0 1 0 
0 0 0 0 1 0 1 0 0 0 
1 0 0 0 1 0 0 0 0 0 
0 0 0 0 0 0 0 1 0 1 
0 0 0 0 0 0 0 1 1 0 
0 1 1 0 0 0 0 0 0 0 
0 0 0 0 0 0 1 0 0 1 
1 0 0 0 0 0 0 0 0 1 
0 0 0 0 0 1 1 0 0 0 
0 0 0 1 0 0 1 0 0 0 
0 1 1 0 0 0 0 0 0 0 
0 0 0 0 0 0 0 1 1 0 
0 0 0 1 0 0 1 0 0 0 
0 0 0 0 0 1 0 1 0 0 
1 0 0 0 1 0 0 0 0 0 
1 1 0 0 0 0 0 0 0 0 
0 0 0 0 0 0 0 1 1 0 
0 0 0 0 1 1 0 0 0 0 
1 0 0 0 1 0 0 0 0 0 
0 0 1 1 0 0 0 0 0 0 
0 0 0 0 0 1 0 0 0 1 
0 1 0 1 0 0 0 0 0 0 
0 0 0 1 0 1 0 0 0 0 
OpenStacks: 13
Took 58.66 seconds

buffer: Warwick 1437: balanced orders and products, 2 products per order
numCustomers: 30
numProducts: 10
0 0 0 0 1 0 1 0 0 0 
0 0 0 0 0 0 0 0 1 1 
1 0 0 0 1 0 0 0 0 0 
1 0 0 0 0 0 0 0 0 1 
0 1 0 0 0 0 0 0 0 1 
1 0 0 1 0 0 0 0 0 0 
0 0 1 0 0 0 0 0 1 0 
0 0 0 0 0 0 0 1 1 0 
0 0 1 1 0 0 0 0 0 0 
0 0 1 0 0 0 1 0 0 0 
0 1 0 0 0 1 0 0 0 0 
0 0 0 0 1 0 1 0 0 0 
0 1 0 1 0 0 0 0 0 0 
0 0 0 0 1 1 0 0 0 0 
0 0 0 1 0 0 1 0 0 0 
0 0 0 0 0 0 0 1 0 1 
0 0 0 0 0 1 0 1 0 0 
0 1 0 0 0 0 0 0 1 0 
1 0 0 1 0 0 0 0 0 0 
0 0 0 0 0 1 0 0 1 0 
1 0 0 0 0 1 0 0 0 0 
0 1 0 0 1 0 0 0 0 0 
0 0 0 0 0 1 0 1 0 0 
0 0 0 1 0 0 0 0 1 0 
1 0 1 0 0 0 0 0 0 0 
0 0 1 0 0 0 0 0 0 1 
0 0 0 0 0 0 1 1 0 0 
0 1 0 0 0 0 0 0 0 1 
0 0 0 0 0 0 1 1 0 0 
0 0 1 0 1 0 0 0 0 0 
Best Sequence: 
9 8 1 7 5 0 3 2 4 6 
0 0 0 0 0 0 0 0 1 1 
1 1 0 0 0 0 0 0 0 0 
0 0 0 0 0 1 0 0 1 0 
1 0 0 0 0 1 0 0 0 0 
1 0 1 0 0 0 0 0 0 0 
0 0 0 0 0 1 1 0 0 0 
0 1 0 0 0 0 0 1 0 0 
0 1 0 1 0 0 0 0 0 0 
0 0 0 0 0 0 1 1 0 0 
0 0 0 0 0 0 0 1 0 1 
0 0 1 0 1 0 0 0 0 0 
0 0 0 0 0 0 0 0 1 1 
0 0 1 0 0 0 1 0 0 0 
0 0 0 0 1 0 0 0 1 0 
0 0 0 0 0 0 1 0 0 1 
1 0 0 1 0 0 0 0 0 0 
0 0 0 1 1 0 0 0 0 0 
0 1 1 0 0 0 0 0 0 0 
0 0 0 0 0 1 1 0 0 0 
0 1 0 0 1 0 0 0 0 0 
0 0 0 0 1 1 0 0 0 0 
0 0 1 0 0 0 0 0 1 0 
0 0 0 1 1 0 0 0 0 0 
0 1 0 0 0 0 1 0 0 0 
0 0 0 0 0 1 0 1 0 0 
1 0 0 0 0 0 0 1 0 0 
0 0 0 1 0 0 0 0 0 1 
1 0 1 0 0 0 0 0 0 0 
0 0 0 1 0 0 0 0 0 1 
0 0 0 0 0 0 0 1 1 0 
OpenStacks: 14
Took 57.86 seconds

buffer: Warwick 1438: balanced orders and products, 2 products per order
numCustomers: 30
numProducts: 10
1 0 0 0 0 0 0 0 1 0 
1 1 0 0 0 0 0 0 0 0 
1 0 0 0 0 0 0 1 0 0 
0 0 0 0 0 1 1 0 0 0 
0 0 0 1 0 0 0 0 0 1 
0 0 0 1 0 0 0 0 1 0 
0 0 0 0 0 0 0 0 1 1 
0 0 0 0 0 1 0 1 0 0 
0 1 0 1 0 0 0 0 0 0 
0 0 1 0 1 0 0 0 0 0 
0 1 0 0 0 1 0 0 0 0 
0 0 0 1 0 1 0 0 0 0 
0 0 1 0 1 0 0 0 0 0 
0 0 1 0 1 0 0 0 0 0 
0 0 0 0 0 0 1 0 1 0 
0 0 0 0 1 0 0 0 0 1 
0 1 0 0 1 0 0 0 0 0 
0 0 0 1 1 0 0 0 0 0 
1 0 0 0 0 0 1 0 0 0 
0 1 0 0 0 0 0 1 0 0 
0 0 1 0 0 0 1 0 0 0 
0 0 0 0 0 1 0 0 1 0 
0 1 0 0 0 0 0 0 0 1 
0 0 0 0 0 1 0 1 0 0 
0 0 1 0 0 0 0 0 0 1 
0 0 1 0 0 0 1 0 0 0 
0 0 0 0 0 0 1 0 0 1 
1 0 0 0 0 0 0 1 0 0 
0 0 0 0 0 0 0 1 1 0 
1 0 0 1 0 0 0 0 0 0 
Best Sequence: 
9 6 2 4 1 3 0 5 7 8 
0 0 0 0 0 0 1 0 0 1 
0 0 0 0 1 0 1 0 0 0 
0 0 0 0 0 0 1 0 1 0 
0 1 0 0 0 0 0 1 0 0 
1 0 0 0 0 1 0 0 0 0 
0 0 0 0 0 1 0 0 0 1 
1 0 0 0 0 0 0 0 0 1 
0 0 0 0 0 0 0 1 1 0 
0 0 0 0 1 1 0 0 0 0 
0 0 1 1 0 0 0 0 0 0 
0 0 0 0 1 0 0 1 0 0 
0 0 0 0 0 1 0 1 0 0 
0 0 1 1 0 0 0 0 0 0 
0 0 1 1 0 0 0 0 0 0 
0 1 0 0 0 0 0 0 0 1 
1 0 0 1 0 0 0 0 0 0 
0 0 0 1 1 0 0 0 0 0 
0 0 0 1 0 1 0 0 0 0 
0 1 0 0 0 0 1 0 0 0 
0 0 0 0 1 0 0 0 1 0 
0 1 1 0 0 0 0 0 0 0 
0 0 0 0 0 0 0 1 0 1 
1 0 0 0 1 0 0 0 0 0 
0 0 0 0 0 0 0 1 1 0 
1 0 1 0 0 0 0 0 0 0 
0 1 1 0 0 0 0 0 0 0 
1 1 0 0 0 0 0 0 0 0 
0 0 0 0 0 0 1 0 1 0 
0 0 0 0 0 0 0 0 1 1 
0 0 0 0 0 1 1 0 0 0 
OpenStacks: 13
Took 58.37 seconds

buffer: Warwick 1439: balanced orders and products, 2 products per order
numCustomers: 30
numProducts: 10
1 0 0 0 0 0 0 0 1 0 
1 0 0 0 0 1 0 0 0 0 
0 0 0 1 0 0 0 1 0 0 
0 0 0 0 1 0 1 0 0 0 
0 0 0 0 0 0 0 1 0 1 
0 0 1 0 0 0 0 1 0 0 
0 0 0 0 1 0 0 0 1 0 
0 1 0 0 0 0 1 0 0 0 
0 0 1 0 0 1 0 0 0 0 
1 0 0 0 1 0 0 0 0 0 
0 1 0 0 0 1 0 0 0 0 
0 0 0 1 0 0 0 0 0 1 
1 0 0 0 0 0 0 0 1 0 
0 0 0 0 0 0 0 0 1 1 
0 0 0 0 0 0 1 0 1 0 
0 0 0 0 1 0 0 0 1 0 
0 1 0 1 0 0 0 0 0 0 
0 0 0 0 0 1 1 0 0 0 
0 1 0 0 0 0 1 0 0 0 
0 0 1 0 0 0 0 1 0 0 
0 0 0 0 0 0 1 1 0 0 
0 0 1 0 1 0 0 0 0 0 
1 0 0 0 0 0 0 0 0 1 
0 1 0 1 0 0 0 0 0 0 
0 0 1 0 0 0 0 0 0 1 
0 0 0 1 0 1 0 0 0 0 
0 0 0 0 0 1 0 1 0 0 
1 0 0 0 0 0 0 0 0 1 
0 1 1 0 0 0 0 0 0 0 
0 0 0 1 1 0 0 0 0 0 
Best Sequence: 
9 8 0 4 2 7 5 3 1 6 
0 1 1 0 0 0 0 0 0 0 
0 0 1 0 0 0 1 0 0 0 
0 0 0 0 0 1 0 1 0 0 
0 0 0 1 0 0 0 0 0 1 
1 0 0 0 0 1 0 0 0 0 
0 0 0 0 1 1 0 0 0 0 
0 1 0 1 0 0 0 0 0 0 
0 0 0 0 0 0 0 0 1 1 
0 0 0 0 1 0 1 0 0 0 
0 0 1 1 0 0 0 0 0 0 
0 0 0 0 0 0 1 0 1 0 
1 0 0 0 0 0 0 1 0 0 
0 1 1 0 0 0 0 0 0 0 
1 1 0 0 0 0 0 0 0 0 
0 1 0 0 0 0 0 0 0 1 
0 1 0 1 0 0 0 0 0 0 
0 0 0 0 0 0 0 1 1 0 
0 0 0 0 0 0 1 0 0 1 
0 0 0 0 0 0 0 0 1 1 
0 0 0 0 1 1 0 0 0 0 
0 0 0 0 0 1 0 0 0 1 
0 0 0 1 1 0 0 0 0 0 
1 0 1 0 0 0 0 0 0 0 
0 0 0 0 0 0 0 1 1 0 
1 0 0 0 1 0 0 0 0 0 
0 0 0 0 0 0 1 1 0 0 
0 0 0 0 0 1 1 0 0 0 
1 0 1 0 0 0 0 0 0 0 
0 0 0 0 1 0 0 0 1 0 
0 0 0 1 0 0 0 1 0 0 
OpenStacks: 13
Took 57.92 seconds

buffer: Warwick 1440: balanced orders and products, 2 products per order
numCustomers: 30
numProducts: 10
0 0 0 1 0 0 0 0 1 0 
0 1 0 0 0 0 0 0 1 0 
0 1 1 0 0 0 0 0 0 0 
0 0 0 0 1 0 0 0 0 1 
0 1 0 0 0 0 0 0 0 1 
0 0 0 0 0 0 1 1 0 0 
0 0 1 0 0 1 0 0 0 0 
0 0 0 0 0 0 1 0 0 1 
0 0 0 0 0 0 1 1 0 0 
0 0 0 1 0 1 0 0 0 0 
1 0 0 0 0 0 0 0 0 1 
0 1 0 0 0 0 1 0 0 0 
0 0 1 0 0 0 0 1 0 0 
1 0 0 0 0 0 0 0 1 0 
0 1 0 1 0 0 0 0 0 0 
1 0 0 0 0 1 0 0 0 0 
0 0 0 0 1 0 0 0 0 1 
0 0 1 0 0 0 1 0 0 0 
0 0 0 0 0 1 0 0 1 0 
0 0 0 0 0 0 0 0 1 1 
0 1 0 0 1 0 0 0 0 0 
1 0 0 0 0 1 0 0 0 0 
0 0 0 1 0 0 1 0 0 0 
0 0 1 0 0 1 0 0 0 0 
0 0 0 1 1 0 0 0 0 0 
0 0 0 0 1 0 0 1 0 0 
0 0 0 0 1 0 0 0 1 0 
1 0 0 0 0 0 0 1 0 0 
0 0 0 1 0 0 0 1 0 0 
1 0 1 0 0 0 0 0 0 0 
Best Sequence: 
9 8 4 1 3 6 7 2 0 5 
0 1 0 0 1 0 0 0 0 0 
0 1 0 1 0 0 0 0 0 0 
0 0 0 1 0 0 0 1 0 0 
1 0 1 0 0 0 0 0 0 0 
1 0 0 1 0 0 0 0 0 0 
0 0 0 0 0 1 1 0 0 0 
0 0 0 0 0 0 0 1 0 1 
1 0 0 0 0 1 0 0 0 0 
0 0 0 0 0 1 1 0 0 0 
0 0 0 0 1 0 0 0 0 1 
1 0 0 0 0 0 0 0 1 0 
0 0 0 1 0 1 0 0 0 0 
0 0 0 0 0 0 1 1 0 0 
0 1 0 0 0 0 0 0 1 0 
0 0 0 1 1 0 0 0 0 0 
0 0 0 0 0 0 0 0 1 1 
1 0 1 0 0 0 0 0 0 0 
0 0 0 0 0 1 0 1 0 0 
0 1 0 0 0 0 0 0 0 1 
1 1 0 0 0 0 0 0 0 0 
0 0 1 1 0 0 0 0 0 0 
0 0 0 0 0 0 0 0 1 1 
0 0 0 0 1 1 0 0 0 0 
0 0 0 0 0 0 0 1 0 1 
0 0 1 0 1 0 0 0 0 0 
0 0 1 0 0 0 1 0 0 0 
0 1 1 0 0 0 0 0 0 0 
0 0 0 0 0 0 1 0 1 0 
0 0 0 0 1 0 1 0 0 0 
0 0 0 0 0 0 0 1 1 0 
OpenStacks: 13
Took 58.89 seconds

buffer: Warwick 1441: balanced orders and products, 3 products per order
numCustomers: 30
numProducts: 10
0 0 0 1 0 0 1 0 1 0 
0 1 0 0 0 0 1 0 0 1 
0 0 0 0 1 1 0 0 0 1 
0 0 0 0 1 1 0 0 1 0 
0 0 0 0 1 1 0 1 0 0 
0 1 0 0 1 0 0 0 0 1 
1 0 0 0 1 0 0 0 0 1 
0 1 1 1 0 0 0 0 0 0 
0 1 1 0 0 0 0 1 0 0 
0 0 0 1 0 0 1 0 0 1 
0 0 1 1 0 0 0 0 1 0 
1 0 1 0 0 0 0 1 0 0 
0 0 0 1 0 1 0 0 0 1 
1 0 0 1 0 0 0 1 0 0 
0 1 0 0 1 0 0 0 0 1 
1 0 0 0 1 0 1 0 0 0 
0 1 1 0 0 0 0 1 0 0 
1 0 0 0 0 1 1 0 0 0 
0 0 1 0 0 1 0 0 1 0 
0 0 0 1 0 0 1 0 1 0 
1 0 0 0 0 1 0 0 0 1 
1 0 0 0 0 0 0 0 1 1 
1 0 0 0 1 0 0 0 1 0 
0 0 1 0 0 0 0 1 1 0 
0 1 0 0 0 0 1 1 0 0 
0 1 0 0 0 0 0 1 1 0 
0 0 1 1 0 1 0 0 0 0 
1 0 0 0 1 0 1 0 0 0 
0 0 0 0 0 1 1 1 0 0 
0 1 1 1 0 0 0 0 0 0 
