Solving by Dynamic Programming...
buffer: Warwick 1651: balanced orders and products, 2 products per order
numCustomers: 30
numProducts: 15
1 0 0 0 0 0 0 0 0 0 0 0 0 0 1 
0 0 0 0 0 0 0 0 0 1 1 0 0 0 0 
0 0 1 0 0 0 0 0 0 0 1 0 0 0 0 
0 0 0 0 0 0 0 0 1 0 0 0 0 1 0 
0 0 0 0 1 0 0 1 0 0 0 0 0 0 0 
0 0 0 0 0 0 0 0 1 0 0 0 0 1 0 
0 0 0 1 0 0 0 0 0 0 0 1 0 0 0 
0 0 0 0 0 0 1 0 1 0 0 0 0 0 0 
0 0 0 0 1 0 1 0 0 0 0 0 0 0 0 
0 0 0 1 0 1 0 0 0 0 0 0 0 0 0 
0 1 0 0 1 0 0 0 0 0 0 0 0 0 0 
1 0 0 0 0 0 0 0 0 0 0 0 0 0 1 
1 1 0 0 0 0 0 0 0 0 0 0 0 0 0 
0 0 0 0 0 1 0 0 0 0 1 0 0 0 0 
0 1 0 0 0 0 0 0 0 0 0 1 0 0 0 
0 0 0 0 0 0 0 0 0 0 1 0 1 0 0 
0 0 0 0 1 0 0 1 0 0 0 0 0 0 0 
0 0 1 0 0 0 1 0 0 0 0 0 0 0 0 
0 0 0 1 0 0 0 0 0 1 0 0 0 0 0 
1 0 0 0 0 0 0 0 0 1 0 0 0 0 0 
0 0 0 0 0 0 0 0 0 0 0 1 0 1 0 
0 0 0 0 0 0 1 0 0 0 0 0 0 0 1 
0 0 0 0 0 0 0 0 0 1 0 0 0 1 0 
0 0 0 0 0 0 0 0 0 0 0 0 1 0 1 
0 0 0 0 0 1 0 0 1 0 0 0 0 0 0 
0 1 0 0 0 0 0 0 0 0 0 1 0 0 0 
0 0 1 1 0 0 0 0 0 0 0 0 0 0 0 
0 0 0 0 0 1 0 0 0 0 0 0 1 0 0 
0 0 1 0 0 0 0 1 0 0 0 0 0 0 0 
0 0 0 0 0 0 0 1 0 0 0 0 1 0 0 
Best Sequence: 
13 8 5 12 10 9 3 2 6 14 11 7 4 1 0 
0 0 0 0 0 0 0 0 0 1 0 0 0 0 1 
0 0 0 0 1 1 0 0 0 0 0 0 0 0 0 
0 0 0 0 1 0 0 1 0 0 0 0 0 0 0 
1 1 0 0 0 0 0 0 0 0 0 0 0 0 0 
0 0 0 0 0 0 0 0 0 0 0 1 1 0 0 
1 1 0 0 0 0 0 0 0 0 0 0 0 0 0 
0 0 0 0 0 0 1 0 0 0 1 0 0 0 0 
0 1 0 0 0 0 0 0 1 0 0 0 0 0 0 
0 0 0 0 0 0 0 0 1 0 0 0 1 0 0 
0 0 1 0 0 0 1 0 0 0 0 0 0 0 0 
0 0 0 0 0 0 0 0 0 0 0 0 1 1 0 
0 0 0 0 0 0 0 0 0 1 0 0 0 0 1 
0 0 0 0 0 0 0 0 0 0 0 0 0 1 1 
0 0 1 0 1 0 0 0 0 0 0 0 0 0 0 
0 0 0 0 0 0 0 0 0 0 1 0 0 1 0 
0 0 0 1 1 0 0 0 0 0 0 0 0 0 0 
0 0 0 0 0 0 0 0 0 0 0 1 1 0 0 
0 0 0 0 0 0 0 1 1 0 0 0 0 0 0 
0 0 0 0 0 1 1 0 0 0 0 0 0 0 0 
0 0 0 0 0 1 0 0 0 0 0 0 0 0 1 
1 0 0 0 0 0 0 0 0 0 1 0 0 0 0 
0 0 0 0 0 0 0 0 1 1 0 0 0 0 0 
1 0 0 0 0 1 0 0 0 0 0 0 0 0 0 
0 0 0 1 0 0 0 0 0 1 0 0 0 0 0 
0 1 1 0 0 0 0 0 0 0 0 0 0 0 0 
0 0 0 0 0 0 0 0 0 0 1 0 0 1 0 
0 0 0 0 0 0 1 1 0 0 0 0 0 0 0 
0 0 1 1 0 0 0 0 0 0 0 0 0 0 0 
0 0 0 0 0 0 0 1 0 0 0 1 0 0 0 
0 0 0 1 0 0 0 0 0 0 0 1 0 0 0 
OpenStacks: 10
Took 11.86 seconds

buffer: Warwick 1652: balanced orders and products, 2 products per order
numCustomers: 30
numProducts: 15
0 0 1 0 0 0 0 1 0 0 0 0 0 0 0 
0 1 0 0 0 0 0 0 1 0 0 0 0 0 0 
1 0 0 0 0 0 0 0 0 0 0 0 0 1 0 
0 0 0 0 1 0 0 1 0 0 0 0 0 0 0 
0 0 1 0 0 0 0 0 0 0 0 0 1 0 0 
0 0 0 0 0 1 0 0 0 0 0 0 0 0 1 
0 0 0 0 0 0 0 0 1 0 0 1 0 0 0 
0 0 0 0 0 1 0 0 1 0 0 0 0 0 0 
0 1 0 0 0 0 1 0 0 0 0 0 0 0 0 
0 0 0 0 0 0 1 0 0 0 1 0 0 0 0 
0 0 0 1 0 0 0 0 0 0 0 0 0 1 0 
1 1 0 0 0 0 0 0 0 0 0 0 0 0 0 
0 0 0 0 0 0 0 0 0 0 0 0 1 1 0 
0 0 0 0 0 0 0 0 0 0 1 1 0 0 0 
0 0 0 0 1 0 0 0 0 0 0 0 0 0 1 
0 0 0 0 0 0 0 0 0 0 1 1 0 0 0 
0 0 0 0 1 0 0 0 0 0 0 1 0 0 0 
0 1 0 0 0 0 0 0 0 1 0 0 0 0 0 
0 0 0 0 0 0 1 0 0 0 0 0 1 0 0 
0 0 0 0 1 0 0 0 0 0 0 0 0 0 1 
1 0 0 1 0 0 0 0 0 0 0 0 0 0 0 
0 0 0 0 0 0 0 0 1 0 0 0 1 0 0 
0 0 1 0 0 1 0 0 0 0 0 0 0 0 0 
0 0 1 0 0 1 0 0 0 0 0 0 0 0 0 
0 0 0 1 0 0 1 0 0 0 0 0 0 0 0 
1 0 0 0 0 0 0 0 0 0 1 0 0 0 0 
0 0 0 0 0 0 0 1 0 1 0 0 0 0 0 
0 0 0 0 0 0 0 0 0 1 0 0 0 1 0 
0 0 0 1 0 0 0 1 0 0 0 0 0 0 0 
0 0 0 0 0 0 0 0 0 1 0 0 0 0 1 
Best Sequence: 
14 4 5 2 7 9 13 12 8 11 10 6 3 1 0 
0 0 0 1 1 0 0 0 0 0 0 0 0 0 0 
0 0 0 0 0 0 0 0 1 0 0 0 0 1 0 
0 0 0 0 0 0 1 0 0 0 0 0 0 0 1 
0 1 0 0 1 0 0 0 0 0 0 0 0 0 0 
0 0 0 1 0 0 0 1 0 0 0 0 0 0 0 
1 0 1 0 0 0 0 0 0 0 0 0 0 0 0 
0 0 0 0 0 0 0 0 1 1 0 0 0 0 0 
0 0 1 0 0 0 0 0 1 0 0 0 0 0 0 
0 0 0 0 0 0 0 0 0 0 0 1 0 1 0 
0 0 0 0 0 0 0 0 0 0 1 1 0 0 0 
0 0 0 0 0 0 1 0 0 0 0 0 1 0 0 
0 0 0 0 0 0 0 0 0 0 0 0 0 1 1 
0 0 0 0 0 0 1 1 0 0 0 0 0 0 0 
0 0 0 0 0 0 0 0 0 1 1 0 0 0 0 
1 1 0 0 0 0 0 0 0 0 0 0 0 0 0 
0 0 0 0 0 0 0 0 0 1 1 0 0 0 0 
0 1 0 0 0 0 0 0 0 1 0 0 0 0 0 
0 0 0 0 0 1 0 0 0 0 0 0 0 1 0 
0 0 0 0 0 0 0 1 0 0 0 1 0 0 0 
1 1 0 0 0 0 0 0 0 0 0 0 0 0 0 
0 0 0 0 0 0 0 0 0 0 0 0 1 0 1 
0 0 0 0 0 0 0 1 1 0 0 0 0 0 0 
0 0 1 1 0 0 0 0 0 0 0 0 0 0 0 
0 0 1 1 0 0 0 0 0 0 0 0 0 0 0 
0 0 0 0 0 0 0 0 0 0 0 1 1 0 0 
0 0 0 0 0 0 0 0 0 0 1 0 0 0 1 
0 0 0 0 1 1 0 0 0 0 0 0 0 0 0 
0 0 0 0 0 1 1 0 0 0 0 0 0 0 0 
0 0 0 0 1 0 0 0 0 0 0 0 1 0 0 
1 0 0 0 0 1 0 0 0 0 0 0 0 0 0 
OpenStacks: 10
Took 11.87 seconds

buffer: Warwick 1653: balanced orders and products, 2 products per order
numCustomers: 30
numProducts: 15
0 0 0 0 0 1 0 0 0 0 1 0 0 0 0 
0 1 0 0 0 1 0 0 0 0 0 0 0 0 0 
0 1 0 0 0 0 0 0 1 0 0 0 0 0 0 
0 0 0 0 0 0 0 0 0 0 0 0 1 1 0 
1 0 0 0 0 0 0 0 0 0 0 1 0 0 0 
0 0 0 0 0 0 0 0 0 1 0 0 1 0 0 
0 0 1 0 0 0 1 0 0 0 0 0 0 0 0 
0 0 0 0 0 0 0 0 0 0 0 1 0 0 1 
0 0 0 0 0 0 0 0 1 1 0 0 0 0 0 
0 0 0 0 0 0 0 0 0 0 0 0 1 1 0 
0 0 1 0 0 0 0 0 1 0 0 0 0 0 0 
0 0 0 0 1 0 0 0 0 0 0 0 1 0 0 
0 0 1 0 0 1 0 0 0 0 0 0 0 0 0 
0 1 0 1 0 0 0 0 0 0 0 0 0 0 0 
0 0 0 0 0 0 1 0 0 1 0 0 0 0 0 
1 0 0 0 1 0 0 0 0 0 0 0 0 0 0 
0 1 0 0 0 0 0 1 0 0 0 0 0 0 0 
0 0 0 1 0 0 0 0 0 0 0 1 0 0 0 
0 0 0 0 0 0 0 0 0 0 0 0 0 1 1 
0 0 1 0 0 0 0 0 0 0 0 0 0 1 0 
1 0 0 0 0 0 1 0 0 0 0 0 0 0 0 
0 0 0 0 0 0 0 0 0 1 0 0 0 0 1 
0 0 0 0 0 1 0 1 0 0 0 0 0 0 0 
0 0 0 0 0 0 0 1 0 0 1 0 0 0 0 
0 0 0 1 1 0 0 0 0 0 0 0 0 0 0 
0 0 0 1 0 0 0 0 1 0 0 0 0 0 0 
0 0 0 0 0 0 0 1 0 0 1 0 0 0 0 
0 0 0 0 0 0 0 0 0 0 1 1 0 0 0 
1 0 0 0 1 0 0 0 0 0 0 0 0 0 0 
0 0 0 0 0 0 1 0 0 0 0 0 0 0 1 
Best Sequence: 
13 12 14 9 6 4 0 11 8 3 10 2 7 5 1 
0 0 0 0 0 0 0 0 0 0 1 0 0 1 0 
0 0 0 0 0 0 0 0 0 0 0 0 0 1 1 
0 0 0 0 0 0 0 0 1 0 0 0 0 0 1 
1 1 0 0 0 0 0 0 0 0 0 0 0 0 0 
0 0 0 0 0 0 1 1 0 0 0 0 0 0 0 
0 1 0 1 0 0 0 0 0 0 0 0 0 0 0 
0 0 0 0 1 0 0 0 0 0 0 1 0 0 0 
0 0 1 0 0 0 0 1 0 0 0 0 0 0 0 
0 0 0 1 0 0 0 0 1 0 0 0 0 0 0 
1 1 0 0 0 0 0 0 0 0 0 0 0 0 0 
0 0 0 0 0 0 0 0 1 0 0 1 0 0 0 
0 1 0 0 0 1 0 0 0 0 0 0 0 0 0 
0 0 0 0 0 0 0 0 0 0 0 1 0 1 0 
0 0 0 0 0 0 0 0 0 1 0 0 0 0 1 
0 0 0 1 1 0 0 0 0 0 0 0 0 0 0 
0 0 0 0 0 1 1 0 0 0 0 0 0 0 0 
0 0 0 0 0 0 0 0 0 0 0 0 1 0 1 
0 0 0 0 0 0 0 1 0 1 0 0 0 0 0 
1 0 1 0 0 0 0 0 0 0 0 0 0 0 0 
1 0 0 0 0 0 0 0 0 0 0 1 0 0 0 
0 0 0 0 1 0 1 0 0 0 0 0 0 0 0 
0 0 1 1 0 0 0 0 0 0 0 0 0 0 0 
0 0 0 0 0 0 0 0 0 0 0 0 1 1 0 
0 0 0 0 0 0 0 0 0 0 1 0 1 0 0 
0 0 0 0 0 1 0 0 0 1 0 0 0 0 0 
0 0 0 0 0 0 0 0 1 1 0 0 0 0 0 
0 0 0 0 0 0 0 0 0 0 1 0 1 0 0 
0 0 0 0 0 0 0 1 0 0 1 0 0 0 0 
0 0 0 0 0 1 1 0 0 0 0 0 0 0 0 
0 0 1 0 1 0 0 0 0 0 0 0 0 0 0 
OpenStacks: 9
Took 11.87 seconds

buffer: Warwick 1654: balanced orders and products, 2 products per order
numCustomers: 30
numProducts: 15
0 1 0 0 0 0 0 0 1 0 0 0 0 0 0 
0 0 0 0 0 0 0 0 0 0 1 0 0 1 0 
0 0 0 1 0 0 0 0 0 0 0 1 0 0 0 
0 1 0 0 0 0 0 0 0 0 1 0 0 0 0 
0 1 0 0 0 0 0 0 0 0 0 0 0 0 1 
0 0 0 1 0 0 0 1 0 0 0 0 0 0 0 
1 0 0 0 0 0 0 0 0 0 0 0 0 1 0 
0 0 1 0 0 0 0 1 0 0 0 0 0 0 0 
0 0 0 0 1 0 0 0 1 0 0 0 0 0 0 
0 0 0 0 0 1 0 0 0 1 0 0 0 0 0 
1 0 0 0 0 0 0 0 0 0 0 1 0 0 0 
1 0 0 0 0 0 0 1 0 0 0 0 0 0 0 
0 0 0 0 0 1 0 0 1 0 0 0 0 0 0 
0 0 0 0 0 0 0 0 0 0 0 0 1 0 1 
0 0 0 0 0 0 1 0 0 0 1 0 0 0 0 
0 0 0 0 0 1 0 0 1 0 0 0 0 0 0 
0 0 1 0 0 0 0 0 0 0 0 0 0 1 0 
0 0 0 0 1 0 0 1 0 0 0 0 0 0 0 
0 0 0 0 0 0 0 0 0 1 1 0 0 0 0 
0 0 1 0 0 0 0 0 0 0 0 0 0 1 0 
0 0 0 0 0 0 1 0 0 0 0 1 0 0 0 
0 0 0 0 1 0 0 0 0 0 0 1 0 0 0 
1 1 0 0 0 0 0 0 0 0 0 0 0 0 0 
0 0 0 0 0 0 1 0 0 0 0 0 1 0 0 
0 0 0 0 0 0 0 0 0 0 0 0 1 0 1 
0 0 1 1 0 0 0 0 0 0 0 0 0 0 0 
0 0 0 1 0 0 0 0 0 1 0 0 0 0 0 
0 0 0 0 0 0 0 0 0 0 0 0 1 0 1 
0 0 0 0 1 0 1 0 0 0 0 0 0 0 0 
0 0 0 0 0 1 0 0 0 1 0 0 0 0 0 
Best Sequence: 
14 12 9 5 8 1 10 6 4 11 3 7 2 13 0 
0 0 0 0 1 1 0 0 0 0 0 0 0 0 0 
0 0 0 0 0 0 1 0 0 0 0 0 0 1 0 
0 0 0 0 0 0 0 0 0 1 1 0 0 0 0 
0 0 0 0 0 1 1 0 0 0 0 0 0 0 0 
1 0 0 0 0 1 0 0 0 0 0 0 0 0 0 
0 0 0 0 0 0 0 0 0 0 1 1 0 0 0 
0 0 0 0 0 0 0 0 0 0 0 0 0 1 1 
0 0 0 0 0 0 0 0 0 0 0 1 1 0 0 
0 0 0 0 1 0 0 0 1 0 0 0 0 0 0 
0 0 1 1 0 0 0 0 0 0 0 0 0 0 0 
0 0 0 0 0 0 0 0 0 1 0 0 0 0 1 
0 0 0 0 0 0 0 0 0 0 0 1 0 0 1 
0 0 0 1 1 0 0 0 0 0 0 0 0 0 0 
1 1 0 0 0 0 0 0 0 0 0 0 0 0 0 
0 0 0 0 0 0 1 1 0 0 0 0 0 0 0 
0 0 0 1 1 0 0 0 0 0 0 0 0 0 0 
0 0 0 0 0 0 0 0 0 0 0 0 1 1 0 
0 0 0 0 0 0 0 0 1 0 0 1 0 0 0 
0 0 1 0 0 0 1 0 0 0 0 0 0 0 0 
0 0 0 0 0 0 0 0 0 0 0 0 1 1 0 
0 0 0 0 0 0 0 1 0 1 0 0 0 0 0 
0 0 0 0 0 0 0 0 1 1 0 0 0 0 0 
0 0 0 0 0 1 0 0 0 0 0 0 0 0 1 
0 1 0 0 0 0 0 1 0 0 0 0 0 0 0 
1 1 0 0 0 0 0 0 0 0 0 0 0 0 0 
0 0 0 0 0 0 0 0 0 0 1 0 1 0 0 
0 0 1 0 0 0 0 0 0 0 1 0 0 0 0 
1 1 0 0 0 0 0 0 0 0 0 0 0 0 0 
0 0 0 0 0 0 0 1 1 0 0 0 0 0 0 
0 0 1 1 0 0 0 0 0 0 0 0 0 0 0 
OpenStacks: 8
Took 11.86 seconds

buffer: Warwick 1655: balanced orders and products, 2 products per order
numCustomers: 30
numProducts: 15
0 0 0 0 0 1 0 0 0 1 0 0 0 0 0 
0 0 1 1 0 0 0 0 0 0 0 0 0 0 0 
0 0 0 0 0 0 0 1 0 0 0 0 1 0 0 
0 0 0 1 0 0 0 0 0 0 1 0 0 0 0 
0 0 0 0 0 0 1 0 0 0 1 0 0 0 0 
0 0 1 0 0 0 0 0 1 0 0 0 0 0 0 
0 0 0 0 0 1 0 1 0 0 0 0 0 0 0 
0 0 0 0 0 0 0 0 0 0 1 1 0 0 0 
1 0 0 0 0 0 1 0 0 0 0 0 0 0 0 
1 0 0 0 0 0 1 0 0 0 0 0 0 0 0 
0 0 0 0 0 1 0 0 1 0 0 0 0 0 0 
1 0 0 1 0 0 0 0 0 0 0 0 0 0 0 
0 0 0 0 0 0 0 0 1 0 0 0 0 1 0 
0 1 0 0 0 0 0 0 0 0 0 0 0 1 0 
0 1 0 0 0 0 0 0 0 0 0 0 0 0 1 
0 1 0 0 0 0 0 0 0 0 0 0 0 1 0 
0 0 0 0 0 0 0 0 0 1 0 0 0 0 1 
0 0 0 0 1 0 0 1 0 0 0 0 0 0 0 
0 0 1 0 0 0 0 0 1 0 0 0 0 0 0 
0 0 0 0 0 1 0 0 0 0 0 1 0 0 0 
0 0 0 0 0 0 0 0 0 0 0 0 1 1 0 
0 0 1 0 0 0 0 0 0 0 0 0 0 0 1 
1 0 0 0 0 0 0 0 0 1 0 0 0 0 0 
0 0 0 0 0 0 0 0 0 0 1 0 1 0 0 
0 0 0 0 1 0 0 0 0 0 0 1 0 0 0 
0 0 0 1 1 0 0 0 0 0 0 0 0 0 0 
0 0 0 0 1 0 0 0 0 0 0 0 0 0 1 
0 1 0 0 0 0 0 1 0 0 0 0 0 0 0 
0 0 0 0 0 0 0 0 0 1 0 1 0 0 0 
0 0 0 0 0 0 1 0 0 0 0 0 1 0 0 
Best Sequence: 
8 2 14 9 5 11 4 3 10 7 12 13 6 1 0 
0 0 0 1 1 0 0 0 0 0 0 0 0 0 0 
0 1 0 0 0 0 0 1 0 0 0 0 0 0 0 
0 0 0 0 0 0 0 0 0 1 1 0 0 0 0 
0 0 0 0 0 0 0 1 1 0 0 0 0 0 0 
0 0 0 0 0 0 0 0 1 0 0 0 1 0 0 
1 1 0 0 0 0 0 0 0 0 0 0 0 0 0 
0 0 0 0 1 0 0 0 0 1 0 0 0 0 0 
0 0 0 0 0 1 0 0 1 0 0 0 0 0 0 
0 0 0 0 0 0 0 0 0 0 0 0 1 0 1 
0 0 0 0 0 0 0 0 0 0 0 0 1 0 1 
1 0 0 0 1 0 0 0 0 0 0 0 0 0 0 
0 0 0 0 0 0 0 1 0 0 0 0 0 0 1 
1 0 0 0 0 0 0 0 0 0 0 1 0 0 0 
0 0 0 0 0 0 0 0 0 0 0 1 0 1 0 
0 0 1 0 0 0 0 0 0 0 0 0 0 1 0 
0 0 0 0 0 0 0 0 0 0 0 1 0 1 0 
0 0 1 1 0 0 0 0 0 0 0 0 0 0 0 
0 0 0 0 0 0 1 0 0 1 0 0 0 0 0 
1 1 0 0 0 0 0 0 0 0 0 0 0 0 0 
0 0 0 0 1 1 0 0 0 0 0 0 0 0 0 
0 0 0 0 0 0 0 0 0 0 1 1 0 0 0 
0 1 1 0 0 0 0 0 0 0 0 0 0 0 0 
0 0 0 1 0 0 0 0 0 0 0 0 0 0 1 
0 0 0 0 0 0 0 0 1 0 1 0 0 0 0 
0 0 0 0 0 1 1 0 0 0 0 0 0 0 0 
0 0 0 0 0 0 1 1 0 0 0 0 0 0 0 
0 0 1 0 0 0 1 0 0 0 0 0 0 0 0 
0 0 0 0 0 0 0 0 0 1 0 0 0 1 0 
0 0 0 1 0 1 0 0 0 0 0 0 0 0 0 
0 0 0 0 0 0 0 0 0 0 1 0 1 0 0 
OpenStacks: 10
Took 11.87 seconds

buffer: Warwick 1656: balanced orders and products, 2 products per order
numCustomers: 30
numProducts: 15
0 0 0 0 1 0 0 0 1 0 0 0 0 0 0 
0 0 0 1 0 0 1 0 0 0 0 0 0 0 0 
0 0 0 0 0 0 0 1 0 0 0 0 1 0 0 
0 0 0 0 1 0 0 0 0 0 1 0 0 0 0 
0 0 0 1 0 0 0 1 0 0 0 0 0 0 0 
0 0 0 0 0 0 0 0 0 0 1 0 1 0 0 
1 0 0 0 0 0 0 0 0 0 0 0 0 1 0 
0 0 0 0 1 0 1 0 0 0 0 0 0 0 0 
1 0 0 0 0 0 0 0 0 0 1 0 0 0 0 
0 0 0 0 0 0 1 0 0 0 0 0 1 0 0 
0 0 0 0 0 1 0 0 0 0 0 0 0 0 1 
0 0 0 0 0 0 0 0 0 1 0 0 0 0 1 
0 0 0 0 0 0 0 0 0 0 0 0 0 1 1 
1 0 0 0 0 0 1 0 0 0 0 0 0 0 0 
0 0 0 0 0 0 0 0 1 0 0 0 0 1 0 
0 1 0 0 0 0 0 0 0 0 0 0 1 0 0 
1 0 0 0 0 0 0 0 1 0 0 0 0 0 0 
0 0 0 0 0 1 0 0 0 0 0 0 0 0 1 
0 0 0 0 0 1 0 0 0 0 1 0 0 0 0 
0 0 0 0 0 0 0 0 0 1 0 1 0 0 0 
0 0 1 0 0 0 0 0 1 0 0 0 0 0 0 
0 0 1 1 0 0 0 0 0 0 0 0 0 0 0 
0 0 0 0 0 0 0 1 0 0 0 1 0 0 0 
0 0 0 1 1 0 0 0 0 0 0 0 0 0 0 
0 1 0 0 0 0 0 0 0 0 0 1 0 0 0 
0 0 1 0 0 0 0 0 0 0 0 1 0 0 0 
0 1 0 0 0 0 0 0 0 1 0 0 0 0 0 
0 0 0 0 0 0 0 1 0 0 0 0 0 1 0 
0 0 0 0 0 1 0 0 0 1 0 0 0 0 0 
0 1 1 0 0 0 0 0 0 0 0 0 0 0 0 
Best Sequence: 
14 5 9 13 11 7 1 12 10 2 8 4 6 3 0 
0 0 0 0 0 0 0 0 0 0 1 1 0 0 0 
0 0 0 0 0 0 0 0 0 0 0 0 1 1 0 
0 0 0 0 0 1 0 1 0 0 0 0 0 0 0 
0 0 0 0 0 0 0 0 1 0 0 1 0 0 0 
0 0 0 0 0 1 0 0 0 0 0 0 0 1 0 
0 0 0 0 0 0 0 1 1 0 0 0 0 0 0 
0 0 0 1 0 0 0 0 0 0 0 0 0 0 1 
0 0 0 0 0 0 0 0 0 0 0 1 1 0 0 
0 0 0 0 0 0 0 0 1 0 0 0 0 0 1 
0 0 0 0 0 0 0 1 0 0 0 0 1 0 0 
1 1 0 0 0 0 0 0 0 0 0 0 0 0 0 
1 0 1 0 0 0 0 0 0 0 0 0 0 0 0 
1 0 0 1 0 0 0 0 0 0 0 0 0 0 0 
0 0 0 0 0 0 0 0 0 0 0 0 1 0 1 
0 0 0 1 0 0 0 0 0 0 1 0 0 0 0 
0 0 0 0 0 0 1 1 0 0 0 0 0 0 0 
0 0 0 0 0 0 0 0 0 0 1 0 0 0 1 
1 1 0 0 0 0 0 0 0 0 0 0 0 0 0 
0 1 0 0 0 0 0 0 1 0 0 0 0 0 0 
0 0 1 0 1 0 0 0 0 0 0 0 0 0 0 
0 0 0 0 0 0 0 0 0 1 1 0 0 0 0 
0 0 0 0 0 0 0 0 0 1 0 0 0 1 0 
0 0 0 0 1 1 0 0 0 0 0 0 0 0 0 
0 0 0 0 0 0 0 0 0 0 0 1 0 1 0 
0 0 0 0 1 0 1 0 0 0 0 0 0 0 0 
0 0 0 0 1 0 0 0 0 1 0 0 0 0 0 
0 0 1 0 0 0 1 0 0 0 0 0 0 0 0 
0 0 0 1 0 1 0 0 0 0 0 0 0 0 0 
0 1 1 0 0 0 0 0 0 0 0 0 0 0 0 
0 0 0 0 0 0 1 0 0 1 0 0 0 0 0 
OpenStacks: 10
Took 11.87 seconds

buffer: Warwick 1657: balanced orders and products, 2 products per order
numCustomers: 30
numProducts: 15
0 0 0 1 0 0 0 0 1 0 0 0 0 0 0 
0 1 0 0 0 0 0 0 0 1 0 0 0 0 0 
0 0 1 0 0 0 0 0 0 0 0 1 0 0 0 
0 0 0 0 0 0 0 0 0 0 0 0 0 1 1 
0 0 0 0 0 0 0 1 0 0 1 0 0 0 0 
0 0 0 0 0 1 0 0 0 0 0 0 1 0 0 
0 0 0 0 1 0 0 0 0 1 0 0 0 0 0 
0 0 1 0 0 0 0 0 0 1 0 0 0 0 0 
0 0 0 0 0 0 1 0 1 0 0 0 0 0 0 
0 0 0 0 1 0 0 0 0 1 0 0 0 0 0 
0 0 1 0 0 0 0 0 0 0 0 1 0 0 0 
0 0 0 0 0 0 1 0 0 0 0 0 0 0 1 
0 0 0 0 0 0 1 0 0 0 0 0 0 0 1 
1 0 1 0 0 0 0 0 0 0 0 0 0 0 0 
0 1 0 0 0 0 0 0 0 0 1 0 0 0 0 
0 0 0 0 0 0 1 0 0 0 0 0 0 1 0 
0 0 0 0 1 1 0 0 0 0 0 0 0 0 0 
0 0 0 1 0 0 0 0 0 0 1 0 0 0 0 
1 0 0 0 0 0 0 0 0 0 0 0 1 0 0 
0 0 0 0 0 0 0 1 0 0 0 0 0 1 0 
1 0 0 0 0 1 0 0 0 0 0 0 0 0 0 
0 0 0 0 0 0 0 0 0 0 0 0 1 1 0 
0 0 0 0 0 0 0 0 1 0 0 0 1 0 0 
1 0 0 0 0 0 0 0 0 0 0 0 0 0 1 
0 1 0 0 0 0 0 1 0 0 0 0 0 0 0 
0 0 0 0 0 0 0 0 0 0 1 1 0 0 0 
0 0 0 0 0 0 0 1 1 0 0 0 0 0 0 
0 0 0 0 1 0 0 0 0 0 0 1 0 0 0 
0 0 0 1 0 1 0 0 0 0 0 0 0 0 0 
0 1 0 1 0 0 0 0 0 0 0 0 0 0 0 
Best Sequence: 
9 4 11 2 10 1 7 3 8 5 12 13 6 14 0 
0 0 0 0 0 0 0 1 1 0 0 0 0 0 0 
1 0 0 0 0 1 0 0 0 0 0 0 0 0 0 
0 0 1 1 0 0 0 0 0 0 0 0 0 0 0 
0 0 0 0 0 0 0 0 0 0 0 1 0 1 0 
0 0 0 0 1 0 1 0 0 0 0 0 0 0 0 
0 0 0 0 0 0 0 0 0 1 1 0 0 0 0 
1 1 0 0 0 0 0 0 0 0 0 0 0 0 0 
1 0 0 1 0 0 0 0 0 0 0 0 0 0 0 
0 0 0 0 0 0 0 0 1 0 0 0 1 0 0 
1 1 0 0 0 0 0 0 0 0 0 0 0 0 0 
0 0 1 1 0 0 0 0 0 0 0 0 0 0 0 
0 0 0 0 0 0 0 0 0 0 0 0 1 1 0 
0 0 0 0 0 0 0 0 0 0 0 0 1 1 0 
0 0 0 1 0 0 0 0 0 0 0 0 0 0 1 
0 0 0 0 1 1 0 0 0 0 0 0 0 0 0 
0 0 0 0 0 0 0 0 0 0 0 1 1 0 0 
0 1 0 0 0 0 0 0 0 1 0 0 0 0 0 
0 0 0 0 1 0 0 1 0 0 0 0 0 0 0 
0 0 0 0 0 0 0 0 0 0 1 0 0 0 1 
0 0 0 0 0 0 1 0 0 0 0 1 0 0 0 
0 0 0 0 0 0 0 0 0 1 0 0 0 0 1 
0 0 0 0 0 0 0 0 0 0 1 1 0 0 0 
0 0 0 0 0 0 0 0 1 0 1 0 0 0 0 
0 0 0 0 0 0 0 0 0 0 0 0 0 1 1 
0 0 0 0 0 1 1 0 0 0 0 0 0 0 0 
0 0 1 0 1 0 0 0 0 0 0 0 0 0 0 
0 0 0 0 0 0 1 0 1 0 0 0 0 0 0 
0 1 1 0 0 0 0 0 0 0 0 0 0 0 0 
0 0 0 0 0 0 0 1 0 1 0 0 0 0 0 
0 0 0 0 0 1 0 1 0 0 0 0 0 0 0 
OpenStacks: 8
Took 11.88 seconds

buffer: Warwick 1658: balanced orders and products, 2 products per order
numCustomers: 30
numProducts: 15
0 0 0 0 0 1 0 0 0 0 0 1 0 0 0 
0 0 0 1 0 0 0 0 0 0 0 0 1 0 0 
0 0 0 0 0 0 0 0 1 0 0 0 0 1 0 
0 0 0 0 0 0 1 0 0 0 1 0 0 0 0 
0 1 0 0 0 0 0 0 0 1 0 0 0 0 0 
0 0 1 0 0 0 0 0 1 0 0 0 0 0 0 
1 0 0 0 0 0 0 1 0 0 0 0 0 0 0 
0 0 0 0 1 0 0 0 0 0 0 1 0 0 0 
0 1 0 0 0 0 0 0 0 0 0 0 0 1 0 
0 0 0 0 0 1 1 0 0 0 0 0 0 0 0 
0 0 0 1 0 0 0 0 0 0 0 1 0 0 0 
1 0 0 0 0 0 0 0 0 0 1 0 0 0 0 
0 0 0 0 0 0 0 0 0 1 0 0 0 0 1 
0 0 0 0 1 0 0 0 0 0 0 0 0 1 0 
0 0 0 0 0 0 0 0 0 0 1 0 1 0 0 
0 0 0 0 0 0 0 0 1 0 0 0 1 0 0 
0 0 0 1 0 1 0 0 0 0 0 0 0 0 0 
0 0 0 0 0 0 0 1 0 0 0 0 0 1 0 
0 1 0 0 1 0 0 0 0 0 0 0 0 0 0 
0 0 0 1 0 0 0 0 0 1 0 0 0 0 0 
0 0 0 0 0 1 0 0 0 0 0 0 0 0 1 
1 0 0 0 0 0 0 1 0 0 0 0 0 0 0 
1 0 0 0 0 0 0 0 0 0 0 0 0 0 1 
0 0 1 0 0 0 1 0 0 0 0 0 0 0 0 
0 1 0 0 1 0 0 0 0 0 0 0 0 0 0 
0 0 1 0 0 0 0 0 0 1 0 0 0 0 0 
0 0 0 0 0 0 1 0 0 0 0 0 1 0 0 
0 0 1 0 0 0 0 0 0 0 1 0 0 0 0 
0 0 0 0 0 0 0 0 0 0 0 1 0 0 1 
0 0 0 0 0 0 0 1 1 0 0 0 0 0 0 
Best Sequence: 
14 11 5 3 9 4 1 13 7 0 12 8 10 6 2 
0 1 1 0 0 0 0 0 0 0 0 0 0 0 0 
0 0 0 1 0 0 0 0 0 0 1 0 0 0 0 
0 0 0 0 0 0 0 1 0 0 0 1 0 0 0 
0 0 0 0 0 0 0 0 0 0 0 0 1 1 0 
0 0 0 0 1 0 1 0 0 0 0 0 0 0 0 
0 0 0 0 0 0 0 0 0 0 0 1 0 0 1 
0 0 0 0 0 0 0 0 1 1 0 0 0 0 0 
0 1 0 0 0 1 0 0 0 0 0 0 0 0 0 
0 0 0 0 0 0 1 1 0 0 0 0 0 0 0 
0 0 1 0 0 0 0 0 0 0 0 0 0 1 0 
0 1 0 1 0 0 0 0 0 0 0 0 0 0 0 
0 0 0 0 0 0 0 0 0 1 0 0 1 0 0 
1 0 0 0 1 0 0 0 0 0 0 0 0 0 0 
0 0 0 0 0 1 0 1 0 0 0 0 0 0 0 
0 0 0 0 0 0 0 0 0 0 1 0 1 0 0 
0 0 0 0 0 0 0 0 0 0 1 1 0 0 0 
0 0 1 1 0 0 0 0 0 0 0 0 0 0 0 
0 0 0 0 0 0 0 1 1 0 0 0 0 0 0 
0 0 0 0 0 1 1 0 0 0 0 0 0 0 0 
0 0 0 1 1 0 0 0 0 0 0 0 0 0 0 
1 0 1 0 0 0 0 0 0 0 0 0 0 0 0 
0 0 0 0 0 0 0 0 1 1 0 0 0 0 0 
1 0 0 0 0 0 0 0 0 1 0 0 0 0 0 
0 0 0 0 0 0 0 0 0 0 0 0 0 1 1 
0 0 0 0 0 1 1 0 0 0 0 0 0 0 0 
0 0 0 0 1 0 0 0 0 0 0 0 0 0 1 
0 0 0 0 0 0 0 0 0 0 1 0 0 1 0 
0 0 0 0 0 0 0 0 0 0 0 0 1 0 1 
1 1 0 0 0 0 0 0 0 0 0 0 0 0 0 
0 0 0 0 0 0 0 0 1 0 0 1 0 0 0 
OpenStacks: 9
Took 11.88 seconds

buffer: Warwick 1659: balanced orders and products, 2 products per order
numCustomers: 30
numProducts: 15
0 0 0 1 0 0 0 1 0 0 0 0 0 0 0 
0 1 0 0 1 0 0 0 0 0 0 0 0 0 0 
0 0 0 0 0 0 0 0 0 1 0 0 0 1 0 
0 0 1 0 0 0 0 1 0 0 0 0 0 0 0 
0 0 0 0 0 0 0 0 0 1 0 0 0 0 1 
0 0 0 0 1 0 1 0 0 0 0 0 0 0 0 
0 0 0 0 0 0 0 1 0 0 0 1 0 0 0 
0 0 0 0 0 1 0 0 0 1 0 0 0 0 0 
0 0 0 0 0 0 0 0 0 0 0 1 0 0 1 
0 0 0 0 0 0 1 0 0 1 0 0 0 0 0 
0 0 0 0 0 0 0 0 1 0 0 0 1 0 0 
0 0 0 0 0 0 0 0 1 0 1 0 0 0 0 
0 0 1 0 0 0 0 0 0 0 0 0 0 0 1 
0 0 0 0 0 0 1 0 0 0 1 0 0 0 0 
0 0 0 1 0 0 0 0 0 0 0 0 1 0 0 
1 0 0 0 1 0 0 0 0 0 0 0 0 0 0 
0 0 0 0 1 0 0 0 0 0 0 0 0 1 0 
0 0 1 0 0 0 0 0 0 0 0 1 0 0 0 
0 0 0 0 0 0 0 1 0 0 1 0 0 0 0 
0 1 0 0 0 0 0 0 0 0 0 1 0 0 0 
0 0 0 0 0 1 0 0 1 0 0 0 0 0 0 
0 0 0 0 0 1 0 0 0 0 0 0 0 1 0 
0 0 0 0 0 0 1 0 0 0 0 0 1 0 0 
0 0 0 1 0 0 0 0 0 0 0 0 0 1 0 
1 0 0 0 0 1 0 0 0 0 0 0 0 0 0 
1 0 0 0 0 0 0 0 0 0 0 0 0 0 1 
0 0 0 0 0 0 0 0 1 0 1 0 0 0 0 
1 0 0 1 0 0 0 0 0 0 0 0 0 0 0 
0 1 1 0 0 0 0 0 0 0 0 0 0 0 0 
0 1 0 0 0 0 0 0 0 0 0 0 1 0 0 
Best Sequence: 
10 8 5 13 9 6 12 3 7 4 1 11 14 2 0 
0 0 0 0 0 0 0 1 1 0 0 0 0 0 0 
0 0 0 0 0 0 0 0 0 1 1 0 0 0 0 
0 0 0 1 1 0 0 0 0 0 0 0 0 0 0 
0 0 0 0 0 0 0 0 1 0 0 0 0 1 0 
0 0 0 0 1 0 0 0 0 0 0 0 1 0 0 
0 0 0 0 0 1 0 0 0 1 0 0 0 0 0 
0 0 0 0 0 0 0 0 1 0 0 1 0 0 0 
0 0 1 0 1 0 0 0 0 0 0 0 0 0 0 
0 0 0 0 0 0 0 0 0 0 0 1 1 0 0 
0 0 0 0 1 1 0 0 0 0 0 0 0 0 0 
0 1 0 0 0 0 1 0 0 0 0 0 0 0 0 
1 1 0 0 0 0 0 0 0 0 0 0 0 0 0 
0 0 0 0 0 0 0 0 0 0 0 0 1 1 0 
1 0 0 0 0 1 0 0 0 0 0 0 0 0 0 
0 0 0 0 0 0 1 1 0 0 0 0 0 0 0 
0 0 0 0 0 0 0 0 0 1 0 0 0 0 1 
0 0 0 1 0 0 0 0 0 1 0 0 0 0 0 
0 0 0 0 0 0 0 0 0 0 0 1 0 1 0 
1 0 0 0 0 0 0 0 1 0 0 0 0 0 0 
0 0 0 0 0 0 0 0 0 0 1 1 0 0 0 
0 1 1 0 0 0 0 0 0 0 0 0 0 0 0 
0 0 1 1 0 0 0 0 0 0 0 0 0 0 0 
0 0 0 0 0 1 1 0 0 0 0 0 0 0 0 
0 0 0 1 0 0 0 1 0 0 0 0 0 0 0 
0 0 1 0 0 0 0 0 0 0 0 0 0 0 1 
0 0 0 0 0 0 0 0 0 0 0 0 1 0 1 
1 1 0 0 0 0 0 0 0 0 0 0 0 0 0 
0 0 0 0 0 0 0 1 0 0 0 0 0 0 1 
0 0 0 0 0 0 0 0 0 0 1 0 0 1 0 
0 0 0 0 0 0 1 0 0 0 1 0 0 0 0 
OpenStacks: 10
Took 11.88 seconds

buffer: Warwick 1660: balanced orders and products, 2 products per order
numCustomers: 30
numProducts: 15
1 0 0 0 0 1 0 0 0 0 0 0 0 0 0 
0 0 0 1 0 0 0 0 0 0 1 0 0 0 0 
0 0 0 0 0 0 1 0 0 0 1 0 0 0 0 
0 0 0 0 1 0 0 0 1 0 0 0 0 0 0 
0 0 0 0 1 0 0 0 0 1 0 0 0 0 0 
0 0 0 0 0 0 0 0 0 0 0 1 0 0 1 
0 0 0 0 0 0 0 0 1 0 0 0 0 1 0 
0 0 0 1 0 0 0 0 0 0 0 0 0 1 0 
0 0 0 1 0 0 1 0 0 0 0 0 0 0 0 
0 0 0 0 0 0 1 0 1 0 0 0 0 0 0 
1 0 1 0 0 0 0 0 0 0 0 0 0 0 0 
0 0 0 0 0 0 0 0 0 0 0 0 1 0 1 
1 1 0 0 0 0 0 0 0 0 0 0 0 0 0 
0 0 0 0 0 0 0 1 0 0 0 1 0 0 0 
0 0 1 0 0 0 0 0 0 0 0 0 1 0 0 
0 1 0 0 0 0 0 0 0 0 0 0 1 0 0 
0 0 0 0 0 0 0 0 0 1 0 1 0 0 0 
1 0 0 0 0 0 0 0 0 0 0 0 0 1 0 
0 0 0 0 1 0 0 0 1 0 0 0 0 0 0 
0 0 0 0 0 0 0 1 0 0 0 1 0 0 0 
0 0 1 0 0 0 0 0 0 0 1 0 0 0 0 
0 0 1 0 1 0 0 0 0 0 0 0 0 0 0 
0 0 0 0 0 1 0 0 0 0 0 0 0 1 0 
0 0 0 0 0 0 1 1 0 0 0 0 0 0 0 
0 0 0 0 0 0 0 0 0 0 1 0 1 0 0 
0 1 0 1 0 0 0 0 0 0 0 0 0 0 0 
0 0 0 0 0 0 0 0 0 1 0 0 0 0 1 
0 1 0 0 0 0 0 0 0 1 0 0 0 0 0 
0 0 0 0 0 1 0 1 0 0 0 0 0 0 0 
0 0 0 0 0 1 0 0 0 0 0 0 0 0 1 
Best Sequence: 
14 11 9 4 8 7 5 13 6 3 10 12 2 1 0 
0 0 0 0 0 0 1 0 0 0 0 0 0 0 1 
0 0 0 0 0 0 0 0 0 1 1 0 0 0 0 
0 0 0 0 0 0 0 0 1 0 1 0 0 0 0 
0 0 0 1 1 0 0 0 0 0 0 0 0 0 0 
0 0 1 1 0 0 0 0 0 0 0 0 0 0 0 
1 1 0 0 0 0 0 0 0 0 0 0 0 0 0 
0 0 0 0 1 0 0 1 0 0 0 0 0 0 0 
0 0 0 0 0 0 0 1 0 1 0 0 0 0 0 
0 0 0 0 0 0 0 0 1 1 0 0 0 0 0 
0 0 0 0 1 0 0 0 1 0 0 0 0 0 0 
0 0 0 0 0 0 0 0 0 0 0 0 1 0 1 
1 0 0 0 0 0 0 0 0 0 0 1 0 0 0 
0 0 0 0 0 0 0 0 0 0 0 0 0 1 1 
0 1 0 0 0 1 0 0 0 0 0 0 0 0 0 
0 0 0 0 0 0 0 0 0 0 0 1 1 0 0 
0 0 0 0 0 0 0 0 0 0 0 1 0 1 0 
0 1 1 0 0 0 0 0 0 0 0 0 0 0 0 
0 0 0 0 0 0 0 1 0 0 0 0 0 0 1 
0 0 0 1 1 0 0 0 0 0 0 0 0 0 0 
0 1 0 0 0 1 0 0 0 0 0 0 0 0 0 
0 0 0 0 0 0 0 0 0 0 1 0 1 0 0 
0 0 0 1 0 0 0 0 0 0 0 0 1 0 0 
0 0 0 0 0 0 1 1 0 0 0 0 0 0 0 
0 0 0 0 0 1 0 0 1 0 0 0 0 0 0 
0 0 0 0 0 0 0 0 0 0 1 1 0 0 0 
0 0 0 0 0 0 0 0 0 1 0 0 0 1 0 
1 0 1 0 0 0 0 0 0 0 0 0 0 0 0 
0 0 1 0 0 0 0 0 0 0 0 0 0 1 0 
0 0 0 0 0 1 1 0 0 0 0 0 0 0 0 
1 0 0 0 0 0 1 0 0 0 0 0 0 0 0 
OpenStacks: 10
Took 11.87 seconds

buffer: Warwick 1661: balanced orders and products, 3 products per order
numCustomers: 30
numProducts: 15
0 0 0 0 0 1 0 0 1 0 0 0 0 0 1 
0 0 0 0 0 1 0 0 0 0 1 0 0 0 1 
0 0 0 1 0 0 1 1 0 0 0 0 0 0 0 
0 1 0 1 0 0 0 1 0 0 0 0 0 0 0 
0 0 1 1 0 0 0 0 0 0 0 1 0 0 0 
0 0 0 0 0 1 0 0 0 0 0 0 1 1 0 
0 1 0 0 0 0 0 0 0 0 0 1 1 0 0 
1 0 0 0 0 0 0 1 0 0 0 0 0 0 1 
0 0 0 0 0 1 0 0 0 0 0 1 0 1 0 
0 0 0 0 1 0 0 0 0 0 0 1 0 1 0 
0 0 0 0 1 0 0 0 1 1 0 0 0 0 0 
0 0 1 0 0 0 0 1 0 0 0 0 1 0 0 
0 0 0 0 0 0 0 0 0 0 1 0 0 1 1 
0 0 1 0 0 0 1 0 1 0 0 0 0 0 0 
1 0 0 0 0 0 0 0 0 0 0 1 0 1 0 
0 1 0 0 0 0 1 0 0 0 0 0 0 0 1 
0 0 0 0 1 1 0 1 0 0 0 0 0 0 0 
0 0 0 1 0 0 0 0 0 1 1 0 0 0 0 
0 1 0 1 0 0 0 0 0 0 1 0 0 0 0 
0 0 1 0 1 0 0 0 0 0 0 0 0 0 1 
1 0 0 0 0 0 0 0 0 1 1 0 0 0 0 
1 1 0 0 0 0 0 0 0 1 0 0 0 0 0 
0 0 0 0 0 0 1 1 0 0 0 0 1 0 0 
0 0 0 1 1 0 0 0 0 1 0 0 0 0 0 
0 0 0 0 0 1 1 0 0 0 0 0 0 1 0 
0 0 1 0 1 0 0 0 1 0 0 0 0 0 0 
1 0 0 0 0 0 0 0 1 0 0 0 1 0 0 
1 0 0 0 0 0 0 0 0 0 0 1 1 0 0 
0 0 1 0 0 0 0 0 1 1 0 0 0 0 0 
0 1 0 0 0 0 1 0 0 0 1 0 0 0 0 
Best Sequence: 
9 8 4 2 14 3 10 1 7 6 13 12 11 5 0 
0 1 0 0 1 0 0 0 0 0 0 0 0 1 0 
0 0 0 0 1 0 1 0 0 0 0 0 0 1 0 
0 0 0 0 0 1 0 0 1 1 0 0 0 0 0 
0 0 0 0 0 1 0 1 1 0 0 0 0 0 0 
0 0 0 1 0 1 0 0 0 0 0 0 1 0 0 
0 0 0 0 0 0 0 0 0 0 1 1 0 1 0 
0 0 0 0 0 0 0 1 0 0 0 1 1 0 0 
0 0 0 0 1 0 0 0 1 0 0 0 0 0 1 
0 0 0 0 0 0 0 0 0 0 1 0 1 1 0 
0 0 1 0 0 0 0 0 0 0 1 0 1 0 0 
1 1 1 0 0 0 0 0 0 0 0 0 0 0 0 
0 0 0 1 0 0 0 0 1 0 0 1 0 0 0 
0 0 0 0 1 0 1 0 0 0 1 0 0 0 0 
0 1 0 1 0 0 0 0 0 1 0 0 0 0 0 
0 0 0 0 0 0 0 0 0 0 1 0 1 0 1 
0 0 0 0 1 0 0 1 0 1 0 0 0 0 0 
0 0 1 0 0 0 0 0 1 0 0 0 0 1 0 
1 0 0 0 0 1 1 0 0 0 0 0 0 0 0 
0 0 0 0 0 1 1 1 0 0 0 0 0 0 0 
0 0 1 1 1 0 0 0 0 0 0 0 0 0 0 
1 0 0 0 0 0 1 0 0 0 0 0 0 0 1 
1 0 0 0 0 0 0 1 0 0 0 0 0 0 1 
0 0 0 0 0 0 0 0 1 1 0 1 0 0 0 
1 0 1 0 0 1 0 0 0 0 0 0 0 0 0 
0 0 0 0 0 0 0 0 0 1 1 0 0 1 0 
0 1 1 1 0 0 0 0 0 0 0 0 0 0 0 
0 1 0 0 0 0 0 0 0 0 0 1 0 0 1 
0 0 0 0 0 0 0 0 0 0 0 1 1 0 1 
1 1 0 1 0 0 0 0 0 0 0 0 0 0 0 
0 0 0 0 0 0 1 1 0 1 0 0 0 0 0 
OpenStacks: 18
Took 12.18 seconds

buffer: Warwick 1662: balanced orders and products, 3 products per order
numCustomers: 30
numProducts: 15
0 0 0 0 0 0 1 0 1 0 0 1 0 0 0 
0 1 0 0 0 0 0 0 0 0 1 1 0 0 0 
0 0 1 0 0 0 0 1 0 0 0 0 0 0 1 
1 0 0 0 0 0 0 1 0 0 1 0 0 0 0 
0 0 0 1 0 0 1 0 0 0 0 0 1 0 0 
1 0 0 1 0 0 0 0 0 1 0 0 0 0 0 
0 0 0 0 0 1 0 1 1 0 0 0 0 0 0 
0 1 1 0 0 0 0 0 1 0 0 0 0 0 0 
0 0 0 0 1 0 0 0 0 0 1 0 1 0 0 
0 0 0 0 0 0 1 0 0 0 0 0 0 1 1 
0 0 1 1 0 0 1 0 0 0 0 0 0 0 0 
0 0 0 0 0 0 0 0 0 1 0 1 0 1 0 
0 0 1 0 1 1 0 0 0 0 0 0 0 0 0 
1 1 0 0 0 0 0 0 1 0 0 0 0 0 0 
0 1 0 1 0 0 0 0 0 0 1 0 0 0 0 
0 0 0 0 1 0 0 0 1 0 0 0 0 1 0 
1 1 0 0 0 0 0 0 0 0 0 0 1 0 0 
0 0 0 0 0 1 0 0 1 0 1 0 0 0 0 
0 0 0 0 0 0 0 1 0 1 0 0 1 0 0 
1 0 0 0 1 0 0 0 0 0 0 0 0 1 0 
0 0 0 1 0 0 0 0 0 0 0 1 0 1 0 
0 0 1 0 0 0 1 0 0 0 0 0 1 0 0 
0 0 1 0 0 1 0 0 0 1 0 0 0 0 0 
1 0 0 0 0 1 1 0 0 0 0 0 0 0 0 
0 0 0 1 0 0 0 1 0 0 0 1 0 0 0 
0 0 0 0 1 0 0 0 0 1 0 0 0 0 1 
0 1 0 0 0 0 0 0 0 0 1 0 1 0 0 
0 0 0 0 0 0 0 0 0 1 0 1 0 0 1 
0 0 0 0 1 1 0 0 0 0 0 0 0 0 1 
0 0 0 0 0 0 0 1 0 0 0 0 0 1 1 
Best Sequence: 
14 11 9 13 4 8 7 5 2 12 10 6 3 1 0 
0 1 0 0 0 1 0 0 0 0 0 1 0 0 0 
0 1 0 0 0 0 0 0 0 0 1 0 0 1 0 
1 0 0 0 0 0 1 0 1 0 0 0 0 0 0 
0 0 0 0 0 0 1 0 0 0 1 0 0 0 1 
0 0 0 0 0 0 0 0 0 1 0 1 1 0 0 
0 0 1 0 0 0 0 0 0 0 0 0 1 0 1 
0 0 0 0 0 1 1 1 0 0 0 0 0 0 0 
0 0 0 0 0 1 0 0 1 0 0 0 0 1 0 
0 0 0 0 1 0 0 0 0 1 1 0 0 0 0 
1 0 0 1 0 0 0 0 0 0 0 1 0 0 0 
0 0 0 0 0 0 0 0 1 0 0 1 1 0 0 
0 1 1 1 0 0 0 0 0 0 0 0 0 0 0 
0 0 0 0 1 0 0 1 1 0 0 0 0 0 0 
0 0 0 0 0 1 0 0 0 0 0 0 0 1 1 
0 0 0 0 0 0 0 0 0 0 1 0 1 1 0 
0 0 0 1 1 1 0 0 0 0 0 0 0 0 0 
0 0 0 0 0 0 0 0 0 1 0 0 0 1 1 
0 0 0 0 0 1 0 1 0 0 1 0 0 0 0 
0 0 1 0 0 0 1 0 0 1 0 0 0 0 0 
0 0 0 1 1 0 0 0 0 0 0 0 0 0 1 
0 1 0 1 0 0 0 0 0 0 0 0 1 0 0 
0 0 0 0 0 0 0 0 1 1 0 1 0 0 0 
0 0 1 0 0 0 0 1 1 0 0 0 0 0 0 
0 0 0 0 0 0 0 1 0 0 0 1 0 0 1 
0 1 0 0 0 0 1 0 0 0 0 0 1 0 0 
1 0 1 0 1 0 0 0 0 0 0 0 0 0 0 
0 0 0 0 0 0 0 0 0 1 1 0 0 1 0 
1 1 1 0 0 0 0 0 0 0 0 0 0 0 0 
1 0 0 0 1 0 0 1 0 0 0 0 0 0 0 
1 0 0 1 0 0 1 0 0 0 0 0 0 0 0 
OpenStacks: 19
Took 12.17 seconds

buffer: Warwick 1663: balanced orders and products, 3 products per order
numCustomers: 30
numProducts: 15
1 0 1 0 0 0 0 0 1 0 0 0 0 0 0 
1 0 0 0 1 1 0 0 0 0 0 0 0 0 0 
0 1 0 0 0 0 1 0 0 0 0 1 0 0 0 
0 0 0 0 0 0 0 1 0 0 0 1 0 1 0 
0 0 0 0 1 0 0 0 0 0 0 1 0 1 0 
0 1 0 1 0 0 0 0 0 0 1 0 0 0 0 
0 0 0 1 0 0 0 0 1 0 0 0 0 0 1 
0 0 1 1 0 0 0 0 0 0 0 0 0 1 0 
0 0 0 1 0 0 0 0 0 1 0 0 0 1 0 
0 0 0 0 1 1 0 0 1 0 0 0 0 0 0 
0 0 0 0 0 0 0 1 1 0 0 0 0 0 1 
1 0 0 0 0 0 0 0 0 1 1 0 0 0 0 
0 0 0 1 1 0 0 0 0 0 0 0 0 1 0 
0 0 0 0 0 0 1 1 0 0 0 0 1 0 0 
0 0 0 0 0 0 1 0 0 0 1 1 0 0 0 
0 0 1 0 0 1 0 0 0 1 0 0 0 0 0 
1 0 0 0 0 1 0 0 0 0 0 0 0 0 1 
0 0 0 0 0 0 0 0 0 1 0 0 1 0 1 
0 0 0 0 1 0 0 1 0 0 0 1 0 0 0 
0 0 1 0 1 0 0 0 0 0 1 0 0 0 0 
0 0 0 0 0 0 0 0 1 1 0 0 0 0 1 
0 0 0 0 0 0 1 1 0 1 0 0 0 0 0 
1 0 1 0 0 0 0 0 0 0 1 0 0 0 0 
0 1 0 0 0 1 0 0 0 0 1 0 0 0 0 
0 0 0 0 0 1 0 0 1 0 0 0 1 0 0 
0 0 0 0 0 0 0 0 0 0 0 1 1 0 1 
0 1 1 0 0 0 0 1 0 0 0 0 0 0 0 
0 1 0 1 0 0 0 0 0 0 0 0 1 0 0 
1 0 0 0 0 0 1 0 0 0 0 0 1 0 0 
0 1 0 0 0 0 1 0 0 0 0 0 0 1 0 
Best Sequence: 
13 11 7 4 6 1 12 3 10 14 9 8 5 2 0 
0 0 0 0 0 0 0 0 0 0 0 1 0 1 1 
0 0 0 1 0 0 0 0 0 0 0 0 1 0 1 
0 1 0 0 1 1 0 0 0 0 0 0 0 0 0 
1 1 1 0 0 0 0 0 0 0 0 0 0 0 0 
1 1 0 1 0 0 0 0 0 0 0 0 0 0 0 
0 0 0 0 0 1 0 1 1 0 0 0 0 0 0 
0 0 0 0 0 0 0 1 0 1 0 1 0 0 0 
1 0 0 0 0 0 0 1 0 0 0 0 0 1 0 
1 0 0 0 0 0 0 1 0 0 1 0 0 0 0 
0 0 0 1 0 0 0 0 0 0 0 1 1 0 0 
0 0 1 0 0 0 0 0 0 1 0 1 0 0 0 
0 0 0 0 0 0 0 0 1 0 1 0 0 0 1 
1 0 0 1 0 0 0 1 0 0 0 0 0 0 0 
0 0 1 0 1 0 1 0 0 0 0 0 0 0 0 
0 1 0 0 1 0 0 0 1 0 0 0 0 0 0 
0 0 0 0 0 0 0 0 0 0 1 0 1 1 0 
0 0 0 0 0 0 0 0 0 1 0 0 1 0 1 
0 0 0 0 0 0 1 0 0 1 1 0 0 0 0 
0 1 1 1 0 0 0 0 0 0 0 0 0 0 0 
0 0 0 1 0 0 0 0 1 0 0 0 0 1 0 
0 0 0 0 0 0 0 0 0 1 1 1 0 0 0 
0 0 1 0 1 0 0 0 0 0 1 0 0 0 0 
0 0 0 0 0 0 0 0 1 0 0 0 0 1 1 
0 0 0 0 0 1 0 0 1 0 0 0 1 0 0 
0 0 0 0 0 0 1 0 0 0 0 1 1 0 0 
0 1 0 0 0 0 1 0 0 1 0 0 0 0 0 
0 0 1 0 0 1 0 0 0 0 0 0 0 1 0 
0 0 0 0 0 1 1 1 0 0 0 0 0 0 0 
0 0 0 0 1 0 1 0 0 0 0 0 0 0 1 
1 0 0 0 1 1 0 0 0 0 0 0 0 0 0 
OpenStacks: 18
Took 12.18 seconds

buffer: Warwick 1664: balanced orders and products, 3 products per order
numCustomers: 30
numProducts: 15
0 0 0 0 0 1 0 0 0 1 0 0 1 0 0 
1 0 0 0 0 0 1 0 1 0 0 0 0 0 0 
0 0 0 0 1 0 0 0 0 0 0 1 0 0 1 
0 0 0 0 1 0 0 0 0 0 0 0 1 0 1 
0 1 0 0 0 0 0 0 1 0 0 1 0 0 0 
0 0 0 0 1 0 0 0 1 0 0 1 0 0 0 
0 1 0 0 0 0 0 1 0 0 0 0 0 1 0 
0 0 0 0 1 0 1 0 0 1 0 0 0 0 0 
0 1 0 0 0 0 0 0 0 1 1 0 0 0 0 
0 0 0 1 0 0 0 1 0 0 1 0 0 0 0 
0 0 0 0 0 0 1 0 1 1 0 0 0 0 0 
0 0 0 0 0 1 0 0 0 0 1 0 1 0 0 
1 0 0 0 0 0 0 0 0 0 0 0 1 1 0 
0 0 1 0 1 0 1 0 0 0 0 0 0 0 0 
1 0 0 0 0 0 0 0 0 1 0 0 0 0 1 
1 1 0 0 0 0 0 1 0 0 0 0 0 0 0 
0 0 0 1 0 1 0 0 0 0 0 0 0 1 0 
0 0 0 0 0 1 1 0 0 0 0 1 0 0 0 
0 0 0 1 0 0 0 0 0 0 1 0 1 0 0 
0 0 1 0 0 0 0 0 0 0 0 1 1 0 0 
0 0 1 0 0 0 0 0 0 1 0 0 0 0 1 
0 0 1 0 0 0 0 0 1 0 1 0 0 0 0 
0 0 1 0 0 0 0 1 1 0 0 0 0 0 0 
0 1 0 0 0 0 0 1 0 0 0 1 0 0 0 
0 0 0 1 1 0 0 0 0 0 0 0 0 1 0 
1 0 0 1 0 0 0 0 0 0 1 0 0 0 0 
0 0 0 1 0 0 0 1 0 0 0 0 0 0 1 
0 1 1 0 0 0 1 0 0 0 0 0 0 0 0 
0 0 0 0 0 1 0 0 0 0 0 0 0 1 1 
1 0 0 0 0 1 0 0 0 0 0 0 0 1 0 
Best Sequence: 
9 6 4 2 14 8 11 1 7 12 13 10 5 3 0 
1 0 0 0 0 0 0 0 0 1 0 0 1 0 0 
0 1 0 0 0 1 0 0 0 0 0 0 0 0 1 
0 0 1 0 1 0 1 0 0 0 0 0 0 0 0 
0 0 1 0 1 0 0 0 0 1 0 0 0 0 0 
0 0 0 0 0 1 1 1 0 0 0 0 0 0 0 
0 0 1 0 0 1 1 0 0 0 0 0 0 0 0 
0 0 0 0 0 0 0 1 1 0 1 0 0 0 0 
1 1 1 0 0 0 0 0 0 0 0 0 0 0 0 
1 0 0 0 0 0 0 1 0 0 0 1 0 0 0 
0 0 0 0 0 0 0 0 1 0 0 1 0 1 0 
1 1 0 0 0 1 0 0 0 0 0 0 0 0 0 
0 0 0 0 0 0 0 0 0 1 0 1 1 0 0 
0 0 0 0 0 0 0 0 0 1 1 0 0 0 1 
0 1 1 1 0 0 0 0 0 0 0 0 0 0 0 
1 0 0 0 1 0 0 0 0 0 0 0 0 0 1 
0 0 0 0 0 0 0 1 1 0 0 0 0 0 1 
0 0 0 0 0 0 0 0 0 0 1 0 1 1 0 
0 1 0 0 0 0 1 0 0 0 0 0 1 0 0 
0 0 0 0 0 0 0 0 0 1 0 1 0 1 0 
0 0 0 1 0 0 1 0 0 1 0 0 0 0 0 
1 0 0 1 1 0 0 0 0 0 0 0 0 0 0 
0 0 0 1 0 1 0 0 0 0 0 1 0 0 0 
0 0 0 1 0 1 0 0 1 0 0 0 0 0 0 
0 0 0 0 0 0 1 1 1 0 0 0 0 0 0 
0 0 1 0 0 0 0 0 0 0 1 0 0 1 0 
0 0 0 0 0 0 0 0 0 0 0 1 0 1 1 
0 0 0 0 1 0 0 0 1 0 0 0 0 1 0 
0 1 0 1 0 0 0 1 0 0 0 0 0 0 0 
0 0 0 0 1 0 0 0 0 0 1 0 1 0 0 
0 0 0 0 0 0 0 0 0 0 1 0 1 0 1 
OpenStacks: 17
Took 12.2 seconds

buffer: Warwick 1665: balanced orders and products, 3 products per order
numCustomers: 30
numProducts: 15
0 1 0 1 0 0 0 0 1 0 0 0 0 0 0 
0 0 0 0 0 0 0 0 0 0 1 1 0 0 1 
0 0 0 0 0 1 0 0 1 0 0 0 0 1 0 
0 0 0 0 0 1 0 0 0 1 0 0 1 0 0 
0 0 0 0 0 0 1 1 0 1 0 0 0 0 0 
0 0 0 0 0 0 0 0 0 1 0 0 1 0 1 
0 1 0 0 1 0 0 0 1 0 0 0 0 0 0 
0 0 0 1 0 1 0 0 0 0 0 0 0 0 1 
0 0 0 0 1 0 0 1 0 0 0 1 0 0 0 
0 0 1 0 0 0 0 0 0 0 1 0 1 0 0 
0 0 0 0 0 0 1 0 1 0 0 0 1 0 0 
0 1 0 0 0 0 1 0 0 1 0 0 0 0 0 
0 0 1 0 0 1 0 0 0 0 1 0 0 0 0 
1 0 0 0 1 0 0 1 0 0 0 0 0 0 0 
0 1 1 0 0 0 0 1 0 0 0 0 0 0 0 
0 0 1 0 0 1 0 0 1 0 0 0 0 0 0 
1 1 0 0 0 0 0 1 0 0 0 0 0 0 0 
1 0 0 0 0 0 0 0 0 0 1 1 0 0 0 
0 0 0 0 1 0 0 0 0 0 0 1 0 1 0 
0 0 0 1 1 0 0 0 0 0 0 0 0 1 0 
0 0 0 0 0 1 0 0 0 0 1 0 1 0 0 
1 0 0 1 0 0 0 1 0 0 0 0 0 0 0 
0 0 1 0 0 0 0 0 0 0 0 0 0 1 1 
0 0 0 0 1 0 1 0 0 0 0 1 0 0 0 
0 1 1 1 0 0 0 0 0 0 0 0 0 0 0 
0 0 0 0 0 0 1 0 0 1 1 0 0 0 0 
0 0 0 1 0 0 0 0 0 0 0 1 0 0 1 
0 0 0 0 0 0 0 0 1 0 0 0 1 0 1 
1 0 0 0 0 0 0 0 0 1 0 0 0 1 0 
1 0 0 0 0 0 1 0 0 0 0 0 0 1 0 
Best Sequence: 
12 10 5 2 9 14 8 6 13 11 4 7 3 1 0 
0 0 0 0 0 0 1 0 0 0 0 0 1 1 0 
0 1 0 0 0 1 0 0 0 1 0 0 0 0 0 
0 0 1 0 0 0 1 0 1 0 0 0 0 0 0 
1 0 1 0 1 0 0 0 0 0 0 0 0 0 0 
0 0 0 0 1 0 0 1 0 0 0 1 0 0 0 
1 0 0 0 1 1 0 0 0 0 0 0 0 0 0 
0 0 0 0 0 0 1 0 0 0 1 0 0 1 0 
0 0 1 0 0 1 0 0 0 0 0 0 1 0 0 
0 0 0 0 0 0 0 0 0 1 1 1 0 0 0 
1 1 0 1 0 0 0 0 0 0 0 0 0 0 0 
1 0 0 0 0 0 1 1 0 0 0 0 0 0 0 
0 0 0 0 1 0 0 1 0 0 0 0 0 1 0 
0 1 1 1 0 0 0 0 0 0 0 0 0 0 0 
0 0 0 0 0 0 0 0 0 0 1 1 0 0 1 
0 0 0 1 0 0 0 0 0 0 0 1 0 1 0 
0 0 1 1 0 0 1 0 0 0 0 0 0 0 0 
0 0 0 0 0 0 0 0 0 0 0 1 0 1 1 
0 1 0 0 0 0 0 0 0 1 0 0 0 0 1 
0 0 0 0 0 0 0 0 1 1 1 0 0 0 0 
0 0 0 0 0 0 0 0 1 0 1 0 1 0 0 
1 1 1 0 0 0 0 0 0 0 0 0 0 0 0 
0 0 0 0 0 0 0 0 0 0 0 1 1 0 1 
0 0 0 1 0 1 0 0 1 0 0 0 0 0 0 
0 0 0 0 0 0 0 1 0 1 1 0 0 0 0 
0 0 0 1 0 0 0 0 0 0 0 0 1 1 0 
0 1 0 0 1 0 0 1 0 0 0 0 0 0 0 
0 0 0 0 0 1 0 0 0 1 0 0 1 0 0 
1 0 0 0 0 1 1 0 0 0 0 0 0 0 0 
0 0 0 0 1 0 0 0 1 0 0 0 0 0 1 
0 0 0 0 0 0 0 1 1 0 0 0 0 0 1 
OpenStacks: 17
Took 12.19 seconds

buffer: Warwick 1666: balanced orders and products, 3 products per order
numCustomers: 30
numProducts: 15
0 0 0 0 1 0 0 0 0 0 1 0 1 0 0 
0 1 0 0 0 0 1 0 0 0 0 0 0 0 1 
0 0 1 0 0 0 0 1 0 0 0 1 0 0 0 
0 0 0 0 1 0 0 1 0 0 0 0 0 0 1 
0 1 0 0 0 0 0 0 0 0 0 1 0 0 1 
0 1 1 0 0 1 0 0 0 0 0 0 0 0 0 
1 0 1 0 0 0 0 0 0 0 1 0 0 0 0 
0 0 0 1 0 0 0 0 0 0 0 0 0 1 1 
0 0 0 0 1 0 0 0 1 0 0 0 0 1 0 
1 0 0 0 0 1 0 0 0 0 1 0 0 0 0 
1 0 0 0 0 1 0 0 0 0 1 0 0 0 0 
0 0 0 1 0 0 0 1 0 0 0 0 1 0 0 
0 0 1 1 0 0 0 0 0 0 0 0 0 1 0 
0 0 0 0 1 0 0 1 1 0 0 0 0 0 0 
0 1 0 0 0 0 0 1 1 0 0 0 0 0 0 
0 0 1 1 0 0 0 0 0 0 0 0 0 1 0 
0 1 0 0 0 0 1 0 0 0 0 0 0 1 0 
0 0 0 1 0 0 1 0 0 0 0 1 0 0 0 
0 0 1 0 0 0 0 0 0 1 0 0 0 1 0 
0 0 0 1 0 0 0 0 0 1 0 0 1 0 0 
0 0 0 0 1 0 0 1 1 0 0 0 0 0 0 
0 0 0 0 0 1 0 0 1 0 0 1 0 0 0 
1 0 0 0 0 0 1 0 0 0 0 0 1 0 0 
1 0 0 0 0 1 0 0 0 1 0 0 0 0 0 
0 0 0 0 1 0 0 0 0 0 0 1 0 0 1 
0 0 0 0 0 1 1 0 0 1 0 0 0 0 0 
1 0 0 0 0 0 0 0 0 1 1 0 0 0 0 
0 1 0 0 0 0 0 0 0 0 0 1 1 0 0 
0 0 0 0 0 0 1 0 1 0 1 0 0 0 0 
0 0 0 0 0 0 0 0 0 1 0 0 1 0 1 
Best Sequence: 
8 7 4 14 11 1 13 3 12 6 10 9 5 2 0 
0 0 1 0 0 0 0 0 1 0 1 0 0 0 0 
0 0 0 1 0 1 0 0 0 1 0 0 0 0 0 
0 1 0 0 1 0 0 0 0 0 0 0 0 1 0 
0 1 1 1 0 0 0 0 0 0 0 0 0 0 0 
0 0 0 1 1 1 0 0 0 0 0 0 0 0 0 
0 0 0 0 0 1 0 0 0 0 0 0 1 1 0 
0 0 0 0 0 0 0 0 0 0 1 0 0 1 1 
0 0 0 1 0 0 1 1 0 0 0 0 0 0 0 
1 0 1 0 0 0 1 0 0 0 0 0 0 0 0 
0 0 0 0 0 0 0 0 0 0 1 0 1 0 1 
0 0 0 0 0 0 0 0 0 0 1 0 1 0 1 
0 1 0 0 0 0 0 1 1 0 0 0 0 0 0 
0 0 0 0 0 0 1 1 0 0 0 0 0 1 0 
1 1 1 0 0 0 0 0 0 0 0 0 0 0 0 
1 1 0 0 0 1 0 0 0 0 0 0 0 0 0 
0 0 0 0 0 0 1 1 0 0 0 0 0 1 0 
0 0 0 0 0 1 1 0 0 1 0 0 0 0 0 
0 0 0 0 1 0 0 1 0 1 0 0 0 0 0 
0 0 0 0 0 0 1 0 0 0 0 1 0 1 0 
0 0 0 0 0 0 0 1 1 0 0 1 0 0 0 
1 1 1 0 0 0 0 0 0 0 0 0 0 0 0 
1 0 0 0 1 0 0 0 0 0 0 0 1 0 0 
0 0 0 0 0 0 0 0 1 1 0 0 0 0 1 
0 0 0 0 0 0 0 0 0 0 0 1 1 0 1 
0 0 1 1 1 0 0 0 0 0 0 0 0 0 0 
0 0 0 0 0 0 0 0 0 1 0 1 1 0 0 
0 0 0 0 0 0 0 0 0 0 1 1 0 0 1 
0 0 0 0 1 1 0 0 1 0 0 0 0 0 0 
1 0 0 0 0 0 0 0 0 1 1 0 0 0 0 
0 0 0 1 0 0 0 0 1 0 0 1 0 0 0 
OpenStacks: 16
Took 12.18 seconds

buffer: Warwick 1667: balanced orders and products, 3 products per order
numCustomers: 30
numProducts: 15
0 0 1 1 0 0 0 0 0 0 1 0 0 0 0 
0 0 0 0 0 0 0 1 0 0 1 0 0 1 0 
1 0 0 0 0 1 0 0 0 0 0 0 0 0 1 
0 1 0 0 1 0 0 0 0 0 0 0 0 0 1 
0 0 0 0 0 1 0 0 0 0 0 1 0 1 0 
1 1 0 0 0 0 1 0 0 0 0 0 0 0 0 
0 1 0 0 0 0 1 0 0 0 0 0 0 0 1 
1 0 0 0 0 0 0 0 0 0 0 1 0 1 0 
0 0 0 0 1 0 1 0 0 0 1 0 0 0 0 
0 0 0 1 0 1 0 1 0 0 0 0 0 0 0 
0 0 0 0 0 0 1 0 1 0 0 0 0 1 0 
0 1 0 0 0 0 0 0 1 0 0 0 0 0 1 
1 0 0 0 0 0 0 0 1 0 0 0 1 0 0 
0 0 1 0 1 0 0 0 1 0 0 0 0 0 0 
0 0 1 0 0 0 0 1 1 0 0 0 0 0 0 
0 1 0 0 0 0 0 0 0 0 0 1 1 0 0 
1 0 0 1 1 0 0 0 0 0 0 0 0 0 0 
0 1 0 1 0 1 0 0 0 0 0 0 0 0 0 
0 0 1 0 1 0 0 1 0 0 0 0 0 0 0 
1 0 0 0 0 0 0 0 0 0 1 0 1 0 0 
0 0 0 0 0 1 1 0 0 0 0 0 0 0 1 
0 0 0 0 0 0 0 0 0 0 0 1 1 1 0 
0 0 0 1 0 0 0 1 0 0 0 0 0 1 0 
0 0 1 0 0 0 0 0 0 1 1 0 0 0 0 
0 0 0 0 0 1 0 0 0 0 1 0 1 0 0 
0 0 0 0 0 0 0 0 1 1 0 0 1 0 0 
0 0 1 0 1 0 0 0 0 1 0 0 0 0 0 
0 0 0 0 0 0 1 0 0 1 0 1 0 0 0 
0 0 0 0 0 0 0 1 0 1 0 1 0 0 0 
0 0 0 1 0 0 0 0 0 1 0 0 0 0 1 
Best Sequence: 
13 12 11 10 7 9 2 8 4 6 14 5 3 1 0 
0 0 0 1 0 0 1 0 0 0 0 0 1 0 0 
1 0 0 1 1 0 0 0 0 0 0 0 0 0 0 
0 0 0 0 0 0 0 0 0 0 1 1 0 0 1 
0 0 0 0 0 0 0 0 1 0 1 0 0 1 0 
1 0 1 0 0 0 0 0 0 0 0 1 0 0 0 
0 0 0 0 0 0 0 0 0 1 0 0 0 1 1 
0 0 0 0 0 0 0 0 0 1 1 0 0 1 0 
1 0 1 0 0 0 0 0 0 0 0 0 0 0 1 
0 0 0 1 0 0 0 0 1 1 0 0 0 0 0 
0 0 0 0 1 0 0 0 0 0 0 1 1 0 0 
1 0 0 0 0 0 0 1 0 1 0 0 0 0 0 
0 0 0 0 0 0 0 1 0 0 1 0 0 1 0 
0 1 0 0 0 0 0 1 0 0 0 0 0 0 1 
0 0 0 0 0 0 1 1 1 0 0 0 0 0 0 
0 0 0 0 1 0 1 1 0 0 0 0 0 0 0 
0 1 1 0 0 0 0 0 0 0 0 0 0 1 0 
0 0 0 0 0 0 0 0 1 0 0 0 1 0 1 
0 0 0 0 0 0 0 0 0 0 0 1 1 1 0 
0 0 0 0 1 0 1 0 1 0 0 0 0 0 0 
0 1 0 1 0 0 0 0 0 0 0 0 0 0 1 
0 0 0 0 0 0 0 0 0 1 1 1 0 0 0 
1 1 1 0 0 0 0 0 0 0 0 0 0 0 0 
1 0 0 0 1 0 0 0 0 0 0 0 1 0 0 
0 0 0 1 0 1 1 0 0 0 0 0 0 0 0 
0 1 0 1 0 0 0 0 0 0 0 1 0 0 0 
0 1 0 0 0 1 0 1 0 0 0 0 0 0 0 
0 0 0 0 0 1 1 0 1 0 0 0 0 0 0 
0 0 1 0 0 1 0 0 0 1 0 0 0 0 0 
0 0 1 0 1 1 0 0 0 0 0 0 0 0 0 
0 0 0 0 0 1 0 0 0 0 1 0 1 0 0 
OpenStacks: 19
Took 12.18 seconds

buffer: Warwick 1668: balanced orders and products, 3 products per order
numCustomers: 30
numProducts: 15
1 0 0 0 0 0 0 0 0 1 0 1 0 0 0 
1 1 0 0 0 0 0 1 0 0 0 0 0 0 0 
0 0 0 0 0 0 0 0 0 1 0 1 0 0 1 
0 0 0 0 1 0 0 0 0 0 0 0 0 1 1 
0 0 1 1 0 0 0 0 0 0 0 0 1 0 0 
0 0 0 0 1 0 0 0 0 0 1 0 1 0 0 
1 0 0 0 0 0 0 0 0 1 0 1 0 0 0 
1 0 0 0 0 0 0 0 0 1 0 0 0 1 0 
0 0 0 0 1 0 0 0 1 0 0 1 0 0 0 
0 0 0 0 1 0 0 1 1 0 0 0 0 0 0 
0 0 0 0 0 1 0 0 0 0 1 0 0 1 0 
0 0 0 0 0 0 0 1 0 0 0 1 1 0 0 
0 1 0 1 0 0 0 0 0 0 1 0 0 0 0 
1 0 0 0 0 0 0 1 0 0 0 0 1 0 0 
0 0 1 1 0 0 0 0 1 0 0 0 0 0 0 
0 0 0 0 1 0 0 0 0 0 1 0 0 0 1 
0 1 0 0 0 0 0 0 0 1 0 0 0 0 1 
0 0 0 0 0 0 1 0 0 0 0 1 0 1 0 
0 0 0 0 0 1 1 0 0 0 0 0 1 0 0 
0 0 1 0 0 0 1 0 1 0 0 0 0 0 0 
0 0 1 0 1 0 0 0 0 0 1 0 0 0 0 
0 0 1 1 0 1 0 0 0 0 0 0 0 0 0 
0 0 0 0 0 0 1 1 1 0 0 0 0 0 0 
0 0 0 1 0 0 0 0 0 0 0 0 1 1 0 
1 0 0 0 0 1 0 1 0 0 0 0 0 0 0 
0 1 0 0 0 0 0 0 1 0 0 0 0 1 0 
0 0 0 0 0 1 1 0 0 1 0 0 0 0 0 
0 1 0 0 0 1 0 0 0 0 0 0 0 0 1 
0 0 1 0 0 0 1 0 0 0 0 0 0 0 1 
0 1 0 1 0 0 0 0 0 0 1 0 0 0 0 
Best Sequence: 
10 3 1 14 4 13 2 8 6 12 11 9 7 5 0 
0 0 0 0 0 0 0 0 0 0 1 1 0 0 1 
0 0 1 0 0 0 0 0 0 0 0 0 1 0 1 
0 0 0 1 0 0 0 0 0 0 1 1 0 0 0 
0 0 0 1 1 1 0 0 0 0 0 0 0 0 0 
0 1 0 0 0 0 1 0 0 1 0 0 0 0 0 
1 0 0 0 1 0 0 0 0 1 0 0 0 0 0 
0 0 0 0 0 0 0 0 0 0 1 1 0 0 1 
0 0 0 0 0 1 0 0 0 0 0 1 0 0 1 
0 0 0 0 1 0 0 1 0 0 1 0 0 0 0 
0 0 0 0 1 0 0 1 0 0 0 0 1 0 0 
1 0 0 0 0 1 0 0 0 0 0 0 0 1 0 
0 0 0 0 0 0 0 0 0 1 1 0 1 0 0 
1 1 1 0 0 0 0 0 0 0 0 0 0 0 0 
0 0 0 0 0 0 0 0 0 1 0 0 1 0 1 
0 1 0 0 0 0 1 1 0 0 0 0 0 0 0 
1 0 0 1 1 0 0 0 0 0 0 0 0 0 0 
0 0 1 1 0 0 0 0 0 0 0 1 0 0 0 
0 0 0 0 0 1 0 0 1 0 1 0 0 0 0 
0 0 0 0 0 0 0 0 1 1 0 0 0 1 0 
0 0 0 0 0 0 1 1 1 0 0 0 0 0 0 
1 0 0 0 1 0 1 0 0 0 0 0 0 0 0 
0 1 0 0 0 0 1 0 0 0 0 0 0 1 0 
0 0 0 0 0 0 0 1 1 0 0 0 1 0 0 
0 1 0 0 0 1 0 0 0 1 0 0 0 0 0 
0 0 0 0 0 0 0 0 0 0 0 0 1 1 1 
0 0 1 0 0 1 0 1 0 0 0 0 0 0 0 
0 0 0 0 0 0 0 0 1 0 0 1 0 1 0 
0 0 1 1 0 0 0 0 0 0 0 0 0 1 0 
0 0 0 1 0 0 1 0 1 0 0 0 0 0 0 
1 1 1 0 0 0 0 0 0 0 0 0 0 0 0 
OpenStacks: 18
Took 12.18 seconds

buffer: Warwick 1669: balanced orders and products, 3 products per order
numCustomers: 30
numProducts: 15
0 0 0 0 0 0 0 0 0 0 0 1 1 1 0 
1 0 1 0 0 0 0 0 0 0 0 0 0 0 1 
1 0 0 0 1 0 0 0 0 0 0 0 0 1 0 
0 1 0 0 0 0 1 0 1 0 0 0 0 0 0 
0 1 0 0 1 0 0 0 0 1 0 0 0 0 0 
1 0 1 0 0 0 0 0 0 0 0 0 0 1 0 
0 0 1 0 0 0 0 0 1 0 0 0 0 1 0 
0 0 0 0 1 1 0 1 0 0 0 0 0 0 0 
0 0 0 1 0 0 0 1 0 0 0 0 0 0 1 
0 0 0 1 0 0 1 0 0 0 0 0 1 0 0 
0 1 0 0 0 0 0 0 0 1 1 0 0 0 0 
0 0 0 0 0 0 0 0 1 1 0 1 0 0 0 
1 1 0 0 1 0 0 0 0 0 0 0 0 0 0 
0 1 0 0 0 0 1 0 0 0 0 0 0 0 1 
0 0 1 0 0 0 1 0 0 0 1 0 0 0 0 
0 0 0 0 0 0 0 0 0 0 1 1 1 0 0 
1 0 0 0 0 1 0 0 0 1 0 0 0 0 0 
0 0 0 1 0 0 0 0 0 0 0 1 1 0 0 
0 0 0 0 0 1 0 0 0 0 0 0 1 1 0 
0 0 0 0 0 1 1 0 0 1 0 0 0 0 0 
0 0 1 1 0 0 0 0 0 0 0 0 0 0 1 
0 0 0 0 0 1 0 0 1 0 0 1 0 0 0 
0 0 1 0 0 0 0 0 0 0 0 1 0 1 0 
0 0 0 1 0 0 0 1 0 0 1 0 0 0 0 
0 0 0 0 0 0 0 1 0 0 1 0 0 0 1 
0 0 0 1 0 0 0 1 0 1 0 0 0 0 0 
1 0 0 0 0 0 1 1 0 0 0 0 0 0 0 
0 0 0 0 1 1 0 0 1 0 0 0 0 0 0 
0 0 0 0 1 0 0 0 0 0 1 0 1 0 0 
0 1 0 0 0 0 0 0 1 0 0 0 0 0 1 
Best Sequence: 
14 10 7 3 12 11 2 13 6 9 8 5 4 1 0 
0 0 0 0 1 1 0 1 0 0 0 0 0 0 0 
1 0 0 0 0 0 1 0 0 0 0 0 0 0 1 
0 0 0 0 0 0 0 1 0 0 0 0 1 0 1 
0 0 0 0 0 0 0 0 1 0 1 0 0 1 0 
0 0 0 0 0 0 0 0 0 1 0 0 1 1 0 
0 0 0 0 0 0 1 1 0 0 0 0 0 0 1 
0 0 0 0 0 0 1 1 0 0 1 0 0 0 0 
0 0 1 0 0 0 0 0 0 0 0 1 1 0 0 
1 0 1 1 0 0 0 0 0 0 0 0 0 0 0 
0 0 0 1 1 0 0 0 1 0 0 0 0 0 0 
0 1 0 0 0 0 0 0 0 1 0 0 0 1 0 
0 0 0 0 0 1 0 0 0 1 1 0 0 0 0 
0 0 0 0 0 0 0 0 0 0 0 0 1 1 1 
1 0 0 0 0 0 0 0 1 0 0 0 0 1 0 
0 1 0 0 0 0 1 0 1 0 0 0 0 0 0 
0 1 0 0 1 1 0 0 0 0 0 0 0 0 0 
0 0 0 0 0 0 0 0 0 1 0 1 0 0 1 
0 0 0 1 1 1 0 0 0 0 0 0 0 0 0 
0 0 0 0 1 0 0 1 0 0 0 1 0 0 0 
0 0 0 0 0 0 0 0 1 1 0 1 0 0 0 
1 0 0 1 0 0 1 0 0 0 0 0 0 0 0 
0 0 0 0 0 1 0 0 0 0 1 1 0 0 0 
0 0 0 0 0 1 1 1 0 0 0 0 0 0 0 
0 1 1 1 0 0 0 0 0 0 0 0 0 0 0 
1 1 1 0 0 0 0 0 0 0 0 0 0 0 0 
0 0 1 1 0 0 0 0 0 1 0 0 0 0 0 
0 0 1 0 0 0 0 0 1 0 0 0 0 0 1 
0 0 0 0 0 0 0 0 0 0 1 1 1 0 0 
0 1 0 0 1 0 0 0 0 0 0 0 1 0 0 
1 0 0 0 0 0 0 0 0 0 1 0 0 1 0 
OpenStacks: 18
Took 12.19 seconds

buffer: Warwick 1670: balanced orders and products, 3 products per order
numCustomers: 30
numProducts: 15
0 0 0 0 1 0 0 0 0 0 0 1 0 0 1 
0 0 0 0 0 0 0 0 1 1 1 0 0 0 0 
0 0 0 1 0 1 0 0 1 0 0 0 0 0 0 
0 0 0 0 0 0 1 0 0 1 0 0 0 1 0 
1 0 0 0 1 1 0 0 0 0 0 0 0 0 0 
0 0 0 0 0 0 0 0 1 1 1 0 0 0 0 
1 1 1 0 0 0 0 0 0 0 0 0 0 0 0 
0 0 1 0 0 0 0 0 1 0 1 0 0 0 0 
1 0 0 0 0 1 0 0 0 0 1 0 0 0 0 
0 0 0 0 0 0 1 0 0 0 0 1 0 0 1 
0 0 0 0 1 0 0 0 0 0 0 1 1 0 0 
0 1 0 1 0 0 1 0 0 0 0 0 0 0 0 
0 0 0 0 0 0 0 1 0 0 1 0 1 0 0 
0 0 0 0 0 0 0 1 0 0 1 1 0 0 0 
0 0 0 0 0 0 1 1 0 0 0 0 1 0 0 
1 0 0 1 0 0 0 0 0 0 0 0 0 1 0 
0 1 0 0 0 0 0 0 0 1 0 1 0 0 0 
0 0 0 0 0 0 0 0 0 1 0 0 1 0 1 
0 0 0 0 0 1 1 0 0 0 0 0 0 0 1 
0 0 1 0 0 0 0 0 0 0 0 0 1 0 1 
0 1 0 1 1 0 0 0 0 0 0 0 0 0 0 
1 1 0 0 0 1 0 0 0 0 0 0 0 0 0 
0 0 0 0 0 0 0 1 0 0 0 0 1 1 0 
0 0 1 0 0 1 0 0 0 0 0 0 0 1 0 
0 0 0 1 1 0 1 0 0 0 0 0 0 0 0 
0 1 0 1 0 0 0 0 1 0 0 0 0 0 0 
0 0 0 0 1 0 0 0 1 0 0 0 0 1 0 
1 0 0 0 0 0 0 1 0 0 0 0 0 1 0 
0 0 1 0 0 0 0 1 0 0 0 0 0 0 1 
0 0 1 0 0 0 0 0 0 1 0 1 0 0 0 
Best Sequence: 
14 12 2 7 10 11 9 6 13 8 5 4 3 1 0 
1 0 0 0 0 1 0 0 0 0 0 1 0 0 0 
0 0 0 0 1 0 1 0 0 1 0 0 0 0 0 
0 0 0 0 0 0 0 0 0 1 1 0 1 0 0 
0 0 0 0 0 0 1 1 1 0 0 0 0 0 0 
0 0 0 0 0 0 0 0 0 0 1 1 0 0 1 
0 0 0 0 1 0 1 0 0 1 0 0 0 0 0 
0 0 1 0 0 0 0 0 0 0 0 0 0 1 1 
0 0 1 0 1 0 0 0 0 1 0 0 0 0 0 
0 0 0 0 1 0 0 0 0 0 1 0 0 0 1 
1 0 0 0 0 1 0 1 0 0 0 0 0 0 0 
0 1 0 0 0 1 0 0 0 0 0 1 0 0 0 
0 0 0 0 0 0 0 1 0 0 0 0 1 1 0 
0 1 0 1 1 0 0 0 0 0 0 0 0 0 0 
0 0 0 1 1 1 0 0 0 0 0 0 0 0 0 
0 1 0 1 0 0 0 1 0 0 0 0 0 0 0 
0 0 0 0 0 0 0 0 1 0 0 0 1 0 1 
0 0 0 0 0 1 1 0 0 0 0 0 0 1 0 
1 1 0 0 0 0 1 0 0 0 0 0 0 0 0 
1 0 0 0 0 0 0 1 0 0 1 0 0 0 0 
1 1 1 0 0 0 0 0 0 0 0 0 0 0 0 
0 0 0 0 0 0 0 0 0 0 0 1 1 1 0 
0 0 0 0 0 0 0 0 0 0 1 0 0 1 1 
0 1 0 1 0 0 0 0 1 0 0 0 0 0 0 
0 0 1 0 0 0 0 0 1 0 1 0 0 0 0 
0 0 0 0 0 0 0 1 0 0 0 1 1 0 0 
0 0 0 0 0 0 0 0 0 1 0 0 1 1 0 
0 0 0 0 0 0 0 0 1 1 0 1 0 0 0 
0 0 0 1 0 0 0 0 1 0 0 0 0 0 1 
1 0 1 1 0 0 0 0 0 0 0 0 0 0 0 
0 0 1 0 0 1 1 0 0 0 0 0 0 0 0 
OpenStacks: 17
Took 12.18 seconds

buffer: Warwick 1671: balanced orders and products, 4 products per order
numCustomers: 30
numProducts: 15
0 0 0 0 0 0 1 0 1 0 0 1 1 0 0 
0 0 0 0 0 1 0 0 0 0 1 1 0 1 0 
1 1 0 0 1 0 0 1 0 0 0 0 0 0 0 
0 0 1 0 0 0 0 1 0 1 0 0 0 0 1 
0 0 0 1 0 0 0 0 0 0 1 0 1 1 0 
1 0 0 1 0 0 0 1 0 0 0 0 0 1 0 
1 1 0 0 1 0 1 0 0 0 0 0 0 0 0 
0 0 1 0 0 1 0 0 1 0 1 0 0 0 0 
1 0 0 0 0 0 0 0 0 1 1 0 1 0 0 
0 0 1 0 1 0 0 0 0 0 1 0 0 0 1 
1 1 0 0 0 1 1 0 0 0 0 0 0 0 0 
0 0 0 1 0 1 0 1 0 0 0 0 0 0 1 
0 0 1 0 1 1 0 0 0 0 0 1 0 0 0 
0 1 0 1 0 0 0 0 0 0 0 1 0 0 1 
0 0 0 1 0 0 0 0 1 0 0 1 0 0 1 
1 0 0 0 0 0 0 0 1 1 0 0 1 0 0 
0 0 1 0 0 1 0 0 0 0 0 1 0 1 0 
0 1 0 0 0 0 1 0 0 0 1 0 1 0 0 
0 0 0 0 0 0 1 0 1 0 0 1 0 0 1 
0 0 1 0 1 0 0 0 1 0 0 0 1 0 0 
0 0 0 0 1 0 1 0 0 1 0 0 1 0 0 
0 0 0 0 0 0 0 1 0 0 0 1 1 1 0 
0 1 0 0 0 0 0 1 0 0 1 0 0 1 0 
0 1 1 0 0 0 1 0 0 1 0 0 0 0 0 
0 0 0 1 0 0 0 1 1 0 0 0 0 0 1 
1 0 0 1 1 1 0 0 0 0 0 0 0 0 0 
0 0 0 1 0 0 0 0 0 1 1 0 0 1 0 
0 1 0 0 1 0 0 1 0 1 0 0 0 0 0 
1 0 1 0 0 0 0 0 0 0 0 0 0 1 1 
0 0 0 0 0 1 1 0 1 1 0 0 0 0 0 
Best Sequence: 
14 11 8 3 13 7 5 10 12 9 6 4 2 1 0 
0 1 1 0 0 0 0 0 1 0 1 0 0 0 0 
0 1 0 0 1 0 1 1 0 0 0 0 0 0 0 
0 0 0 0 0 1 0 0 0 0 0 1 0 1 1 
1 0 0 0 0 1 0 0 0 1 0 0 1 0 0 
0 0 0 1 1 0 0 1 1 0 0 0 0 0 0 
0 0 0 1 1 1 0 0 0 0 0 0 0 0 1 
0 0 0 0 0 0 0 0 0 0 1 1 0 1 1 
0 0 1 0 0 0 1 1 0 0 0 0 1 0 0 
0 0 0 0 0 0 0 1 1 1 0 0 0 0 1 
1 0 0 0 0 0 0 1 0 0 0 1 1 0 0 
0 0 0 0 0 0 1 0 0 0 1 0 0 1 1 
1 0 0 1 0 1 1 0 0 0 0 0 0 0 0 
0 1 0 0 0 0 1 0 0 0 0 1 1 0 0 
1 1 0 1 0 0 0 0 0 0 0 0 0 1 0 
1 1 1 1 0 0 0 0 0 0 0 0 0 0 0 
0 0 1 0 0 0 0 0 1 1 0 0 0 0 1 
0 1 0 0 1 0 1 0 0 0 0 0 1 0 0 
0 0 0 0 0 0 0 1 1 0 1 0 0 1 0 
1 1 1 0 0 0 0 0 0 0 1 0 0 0 0 
0 0 1 0 0 0 0 0 1 0 0 1 1 0 0 
0 0 0 0 0 0 0 0 1 1 1 1 0 0 0 
0 1 0 0 1 1 0 0 1 0 0 0 0 0 0 
0 0 0 0 1 1 0 1 0 0 0 0 0 1 0 
0 0 0 0 0 0 0 0 0 1 1 0 1 1 0 
1 0 1 1 0 1 0 0 0 0 0 0 0 0 0 
0 0 0 1 0 0 1 0 0 0 0 1 0 0 1 
0 0 0 1 1 0 0 1 0 1 0 0 0 0 0 
0 0 0 0 0 1 0 0 0 1 0 1 0 1 0 
1 0 0 0 1 0 0 0 0 0 0 0 1 0 1 
0 0 1 0 0 0 1 0 0 1 1 0 0 0 0 
OpenStacks: 24
Took 12.49 seconds

buffer: Warwick 1672: balanced orders and products, 4 products per order
numCustomers: 30
numProducts: 15
0 0 1 0 0 1 0 0 1 0 0 0 0 0 1 
1 0 0 1 1 0 0 0 0 0 0 0 1 0 0 
0 1 0 1 0 1 0 0 0 0 0 0 0 0 1 
0 0 0 1 1 1 0 1 0 0 0 0 0 0 0 
1 0 1 0 0 0 0 0 0 0 0 0 1 1 0 
1 1 0 0 0 0 1 0 0 0 1 0 0 0 0 
0 0 0 0 0 0 0 1 1 0 1 0 0 1 0 
1 1 1 0 0 0 0 0 0 0 0 0 0 1 0 
0 0 0 1 0 0 0 1 1 1 0 0 0 0 0 
0 0 1 0 1 0 1 0 0 0 0 1 0 0 0 
1 0 1 0 0 0 0 0 0 1 0 1 0 0 0 
0 1 0 0 0 0 0 0 1 1 0 1 0 0 0 
0 1 0 1 0 0 0 0 0 0 0 1 1 0 0 
0 0 0 0 1 0 1 0 0 0 1 0 0 1 0 
1 1 0 0 0 0 0 0 0 1 0 0 1 0 0 
0 0 0 0 0 0 1 0 0 0 1 1 0 0 1 
0 1 1 0 0 1 0 0 0 1 0 0 0 0 0 
0 0 0 0 0 0 1 0 0 1 0 0 1 0 1 
0 0 0 1 1 1 0 0 0 0 1 0 0 0 0 
1 0 0 0 0 0 0 1 0 0 0 1 0 1 0 
0 0 0 1 0 0 0 0 1 1 1 0 0 0 0 
0 0 0 0 1 0 1 1 1 0 0 0 0 0 0 
0 1 0 0 0 1 0 0 0 0 0 0 1 0 1 
0 0 0 0 0 0 1 1 1 0 0 0 0 1 0 
1 0 0 0 1 0 0 1 0 0 0 0 0 0 1 
0 0 1 0 1 0 0 0 0 1 0 0 1 0 0 
0 0 0 1 0 0 1 0 0 0 0 1 1 0 0 
0 0 1 0 0 0 0 0 0 0 1 1 0 0 1 
0 0 0 0 0 1 0 0 1 0 0 0 0 1 1 
0 0 0 0 0 1 0 1 0 0 1 0 0 1 0 
Best Sequence: 
13 10 8 7 5 14 6 4 11 12 9 3 2 1 0 
0 0 1 0 1 1 0 0 0 0 0 0 1 0 0 
0 0 0 0 0 0 0 1 0 1 0 1 0 0 1 
0 0 0 0 1 1 0 0 0 0 0 1 0 1 0 
0 0 0 1 1 0 0 1 0 0 0 1 0 0 0 
1 0 0 0 0 0 0 0 0 1 0 0 1 0 1 
0 1 0 0 0 0 1 0 0 0 0 0 0 1 1 
1 1 1 1 0 0 0 0 0 0 0 0 0 0 0 
1 0 0 0 0 0 0 0 0 0 0 0 1 1 1 
0 0 1 1 0 0 0 0 0 0 1 1 0 0 0 
0 0 0 0 0 0 1 1 1 0 0 0 1 0 0 
0 0 0 0 0 0 0 0 1 0 1 0 1 0 1 
0 0 1 0 0 0 0 0 1 0 1 0 0 1 0 
0 0 0 0 0 0 0 0 1 1 0 1 0 1 0 
1 1 0 0 0 0 1 1 0 0 0 0 0 0 0 
0 0 0 0 0 0 0 0 0 1 1 0 0 1 1 
0 1 0 0 0 1 1 0 1 0 0 0 0 0 0 
0 0 0 0 1 0 0 0 0 0 1 0 1 1 0 
0 0 0 0 0 1 1 0 0 1 1 0 0 0 0 
0 1 0 0 1 0 0 1 0 0 0 1 0 0 0 
1 0 0 1 0 0 0 0 1 0 0 0 0 0 1 
0 1 1 0 0 0 0 0 0 0 1 1 0 0 0 
0 0 1 1 0 0 1 1 0 0 0 0 0 0 0 
0 0 0 0 1 1 0 0 0 1 0 0 0 1 0 
1 0 1 1 0 0 1 0 0 0 0 0 0 0 0 
0 0 0 1 0 1 0 1 0 0 0 0 0 0 1 
0 0 0 0 0 0 0 1 0 1 1 0 1 0 0 
0 0 0 0 0 0 1 0 1 1 0 1 0 0 0 
0 1 0 0 0 1 0 0 1 0 0 0 1 0 0 
1 0 1 0 1 1 0 0 0 0 0 0 0 0 0 
1 1 0 1 1 0 0 0 0 0 0 0 0 0 0 
OpenStacks: 23
Took 12.46 seconds

buffer: Warwick 1673: balanced orders and products, 4 products per order
numCustomers: 30
numProducts: 15
0 0 0 0 0 0 0 0 1 0 0 1 0 1 1 
0 0 0 0 0 1 1 0 1 0 0 0 0 0 1 
0 1 0 0 0 1 0 0 0 0 1 1 0 0 0 
0 0 1 0 0 0 1 0 0 1 1 0 0 0 0 
0 0 0 0 0 0 1 0 1 0 0 0 0 1 1 
0 1 0 1 0 0 0 0 0 0 1 0 1 0 0 
0 0 1 0 1 0 0 1 0 0 0 0 1 0 0 
1 0 0 1 0 0 0 0 0 1 0 0 0 0 1 
1 1 0 0 1 0 0 0 0 0 0 0 1 0 0 
0 0 0 0 0 0 1 0 0 1 1 0 1 0 0 
0 0 1 0 1 0 0 1 0 0 0 0 1 0 0 
1 0 0 0 0 0 0 0 0 1 1 0 1 0 0 
0 0 0 0 0 1 0 0 1 1 0 0 0 1 0 
1 0 0 1 0 0 1 0 0 0 0 1 0 0 0 
1 1 0 0 0 0 0 0 1 0 0 0 0 1 0 
0 1 1 1 1 0 0 0 0 0 0 0 0 0 0 
0 0 1 1 1 0 0 0 1 0 0 0 0 0 0 
1 0 0 1 0 0 1 0 0 0 0 0 0 0 1 
0 0 0 0 0 0 1 1 0 1 0 0 0 1 0 
1 0 1 1 0 0 0 0 0 0 0 1 0 0 0 
0 0 0 0 0 1 0 1 1 0 0 0 0 1 0 
0 0 0 0 0 1 0 1 1 0 0 0 0 0 1 
0 0 0 1 0 0 0 0 0 0 1 1 0 0 1 
0 1 0 0 0 1 0 0 0 0 1 1 0 0 0 
0 1 0 0 0 0 0 1 0 0 1 0 0 1 0 
0 0 0 0 0 1 0 1 0 1 0 1 0 0 0 
0 0 0 0 0 0 1 1 0 1 0 0 1 0 0 
1 0 0 0 1 1 0 0 0 0 0 1 0 0 0 
0 0 1 0 1 0 0 0 0 0 0 0 1 1 0 
0 1 1 0 1 0 0 0 0 0 0 0 0 0 1 
Best Sequence: 
14 8 7 5 13 9 6 12 11 10 4 3 2 1 0 
1 1 0 0 1 0 0 0 1 0 0 0 0 0 0 
1 1 0 1 0 0 1 0 0 0 0 0 0 0 0 
0 0 0 1 0 0 0 0 1 1 0 0 0 1 0 
0 0 0 0 0 1 1 0 0 1 0 0 1 0 0 
1 1 0 0 1 0 1 0 0 0 0 0 0 0 0 
0 0 0 0 0 0 0 1 0 1 0 1 0 1 0 
0 0 1 0 0 0 0 1 0 0 1 0 1 0 0 
1 0 0 0 0 1 0 0 0 0 0 1 0 0 1 
0 0 0 0 0 0 0 1 0 0 1 0 0 1 1 
0 0 0 0 0 1 1 1 0 1 0 0 0 0 0 
0 0 1 0 0 0 0 1 0 0 1 0 1 0 0 
0 0 0 0 0 1 0 1 0 1 0 0 0 0 1 
0 1 0 1 1 1 0 0 0 0 0 0 0 0 0 
0 0 0 0 0 0 1 0 1 0 0 1 0 0 1 
0 1 0 0 1 0 0 0 0 0 0 0 0 1 1 
0 0 0 0 0 0 0 0 0 0 1 1 1 1 0 
0 1 0 0 0 0 0 0 0 0 1 1 1 0 0 
1 0 0 0 0 0 1 0 0 0 0 1 0 0 1 
0 0 1 0 1 1 1 0 0 0 0 0 0 0 0 
0 0 0 0 0 0 0 0 1 0 0 1 1 0 1 
0 1 1 1 1 0 0 0 0 0 0 0 0 0 0 
1 1 1 1 0 0 0 0 0 0 0 0 0 0 0 
1 0 0 0 0 0 0 0 1 1 0 1 0 0 0 
0 0 0 1 0 0 0 0 1 1 0 0 0 1 0 
0 0 1 0 1 0 0 0 0 1 0 0 0 1 0 
0 0 1 1 0 1 0 0 1 0 0 0 0 0 0 
0 0 1 0 0 1 1 1 0 0 0 0 0 0 0 
0 0 0 1 0 0 0 0 1 0 1 0 0 0 1 
0 0 0 0 1 0 0 1 0 0 1 0 1 0 0 
1 0 0 0 0 0 0 0 0 0 1 0 1 1 0 
OpenStacks: 23
Took 12.46 seconds

buffer: Warwick 1674: balanced orders and products, 4 products per order
numCustomers: 30
numProducts: 15
0 0 1 0 1 0 0 0 0 0 1 1 0 0 0 
0 1 1 0 0 1 1 0 0 0 0 0 0 0 0 
0 0 0 0 0 0 1 0 0 1 0 1 0 1 0 
0 0 0 1 0 0 0 0 0 0 0 1 1 0 1 
1 1 0 0 0 0 0 1 1 0 0 0 0 0 0 
0 0 1 1 0 1 0 1 0 0 0 0 0 0 0 
0 1 0 0 0 1 0 0 0 0 0 0 0 1 1 
1 1 0 0 1 0 0 0 1 0 0 0 0 0 0 
0 1 0 0 0 0 0 0 0 1 0 1 0 0 1 
0 0 0 0 1 0 1 0 0 0 1 0 0 1 0 
1 1 0 1 0 0 0 0 0 0 0 0 1 0 0 
1 0 0 0 0 0 0 0 0 1 1 0 0 0 1 
0 1 1 0 0 0 1 0 0 0 0 0 0 1 0 
0 0 0 1 0 0 1 0 0 1 1 0 0 0 0 
0 0 1 0 0 1 0 0 0 0 0 1 1 0 0 
0 0 0 0 0 1 0 0 1 0 0 0 1 0 1 
1 0 0 0 0 0 0 1 1 0 0 1 0 0 0 
1 0 0 1 0 1 0 0 1 0 0 0 0 0 0 
0 0 0 0 0 0 0 0 0 1 0 1 1 0 1 
1 0 0 0 1 0 1 0 0 0 0 0 0 1 0 
0 0 1 1 1 0 0 0 0 0 0 0 0 1 0 
0 0 0 0 1 0 1 1 0 0 1 0 0 0 0 
1 0 0 0 0 0 0 1 0 1 0 0 1 0 0 
0 0 0 0 0 1 0 1 1 0 1 0 0 0 0 
0 0 0 0 0 1 1 0 0 0 0 1 0 1 0 
0 0 0 1 0 0 0 1 1 0 1 0 0 0 0 
0 0 0 0 1 0 0 0 0 0 1 0 1 0 1 
0 1 0 0 1 0 0 0 1 0 0 0 0 1 0 
0 0 1 1 0 0 0 0 0 1 0 0 0 0 1 
0 0 1 0 0 0 0 1 0 1 0 0 1 0 0 
Best Sequence: 
14 12 11 9 3 2 5 7 8 10 13 6 4 1 0 
0 0 1 0 0 1 0 0 0 1 0 0 1 0 0 
0 0 0 0 0 1 1 0 0 0 0 1 0 1 0 
0 0 1 1 0 0 0 0 0 0 1 1 0 0 0 
1 1 1 0 1 0 0 0 0 0 0 0 0 0 0 
0 0 0 0 0 0 0 1 1 0 0 0 0 1 1 
0 0 0 0 1 1 1 1 0 0 0 0 0 0 0 
1 0 0 0 0 0 1 0 0 0 1 0 0 1 0 
0 0 0 0 0 0 0 0 1 0 0 0 1 1 1 
1 0 1 1 0 0 0 0 0 0 0 0 0 1 0 
0 0 0 0 0 0 0 0 0 1 1 1 1 0 0 
0 1 0 0 1 0 0 0 0 0 0 0 0 1 1 
1 0 0 1 0 0 0 0 0 1 0 0 0 0 1 
0 0 0 0 0 1 0 0 0 0 1 1 0 1 0 
0 0 0 1 1 0 0 0 0 1 0 1 0 0 0 
0 1 1 0 0 1 1 0 0 0 0 0 0 0 0 
1 1 0 0 0 0 1 0 1 0 0 0 0 0 0 
0 0 1 0 0 0 0 1 1 0 0 0 0 0 1 
0 0 0 0 1 0 1 0 1 0 0 0 0 0 1 
1 1 1 1 0 0 0 0 0 0 0 0 0 0 0 
0 0 0 0 0 0 0 0 0 0 1 1 1 0 1 
0 0 0 0 1 1 0 0 0 0 1 0 1 0 0 
0 0 0 0 0 0 0 1 0 1 0 1 1 0 0 
0 1 0 1 0 0 0 1 0 0 0 0 0 0 1 
0 0 0 0 0 0 1 1 1 1 0 0 0 0 0 
0 0 1 0 0 0 1 0 0 0 1 1 0 0 0 
0 0 0 0 1 0 0 1 1 1 0 0 0 0 0 
1 1 0 0 0 0 0 0 0 1 0 0 1 0 0 
0 0 0 0 0 0 0 0 1 0 1 0 1 1 0 
1 0 0 1 1 1 0 0 0 0 0 0 0 0 0 
0 1 0 1 0 1 0 1 0 0 0 0 0 0 0 
OpenStacks: 22
Took 12.47 seconds

buffer: Warwick 1675: balanced orders and products, 4 products per order
numCustomers: 30
numProducts: 15
0 0 0 0 1 0 0 0 0 0 1 0 0 1 1 
0 1 0 1 0 0 0 0 0 0 0 0 1 1 0 
0 0 0 0 0 1 0 1 0 0 0 1 1 0 0 
0 0 1 1 1 0 1 0 0 0 0 0 0 0 0 
0 0 1 0 1 0 1 0 0 0 0 0 1 0 0 
0 0 0 0 1 0 0 0 1 0 1 1 0 0 0 
0 1 0 0 0 0 0 1 0 0 0 1 0 0 1 
0 0 0 0 0 0 1 0 1 1 0 0 1 0 0 
1 0 0 0 0 0 1 1 1 0 0 0 0 0 0 
0 0 1 0 0 0 0 1 1 0 0 1 0 0 0 
0 0 0 0 1 0 1 0 0 0 1 0 0 1 0 
0 1 1 0 0 0 0 0 0 0 1 0 0 0 1 
0 0 0 1 0 0 0 0 1 0 0 0 0 1 1 
0 1 1 0 0 1 0 0 0 1 0 0 0 0 0 
1 1 0 1 0 0 0 0 0 0 0 0 0 0 1 
0 0 0 1 0 0 0 0 1 0 0 1 1 0 0 
1 1 0 0 0 0 0 1 0 0 0 0 0 1 0 
1 0 1 0 0 1 0 0 1 0 0 0 0 0 0 
1 0 0 1 0 0 0 0 0 1 1 0 0 0 0 
0 1 0 0 0 0 1 0 0 1 0 0 1 0 0 
1 0 0 0 0 1 1 0 0 1 0 0 0 0 0 
0 0 0 0 0 1 0 0 0 0 1 1 0 0 1 
0 0 0 1 0 1 0 0 1 0 1 0 0 0 0 
1 1 0 0 0 0 0 0 0 0 0 1 1 0 0 
1 0 0 0 1 0 0 0 0 0 0 0 0 1 1 
0 0 0 1 0 1 0 1 0 0 1 0 0 0 0 
0 0 1 0 0 0 0 0 0 1 0 1 0 0 1 
0 0 0 0 0 0 1 1 0 1 0 0 0 1 0 
0 0 0 0 1 1 0 0 0 1 0 0 0 1 0 
0 0 1 0 1 0 0 1 0 0 0 0 1 0 0 
Best Sequence: 
14 13 10 4 8 3 11 12 6 9 7 5 2 1 0 
1 1 1 1 0 0 0 0 0 0 0 0 0 0 0 
0 1 0 0 0 1 0 1 0 0 0 0 0 1 0 
0 0 0 0 0 0 1 1 0 0 1 1 0 0 0 
0 0 0 1 0 1 0 0 1 0 0 0 1 0 0 
0 0 0 1 0 0 0 1 1 0 0 0 1 0 0 
0 0 1 1 1 0 1 0 0 0 0 0 0 0 0 
1 0 0 0 0 0 1 0 0 0 1 0 0 1 0 
0 0 0 0 1 0 0 1 1 1 0 0 0 0 0 
0 0 0 0 1 0 0 0 1 0 1 0 0 0 1 
0 0 0 0 1 0 1 0 0 0 1 0 1 0 0 
0 1 1 1 0 0 0 0 1 0 0 0 0 0 0 
1 0 1 0 0 0 0 0 0 0 0 0 1 1 0 
1 1 0 0 1 1 0 0 0 0 0 0 0 0 0 
0 0 0 0 0 0 0 0 0 1 0 1 1 1 0 
1 0 0 0 0 1 0 0 0 0 0 0 0 1 1 
0 0 0 0 1 1 1 1 0 0 0 0 0 0 0 
0 1 0 0 0 0 0 0 0 0 1 0 0 1 1 
0 0 0 0 1 0 0 0 0 0 0 1 1 0 1 
0 0 1 0 0 1 0 0 0 1 0 0 0 0 1 
0 0 0 0 0 0 0 1 1 1 0 0 0 1 0 
0 0 0 0 0 0 0 0 1 1 0 1 0 0 1 
1 0 1 0 0 0 1 0 0 0 0 1 0 0 0 
0 0 1 0 1 1 0 0 0 0 0 1 0 0 0 
0 0 0 0 0 0 1 1 0 0 0 0 0 1 1 
1 1 0 1 0 0 0 0 0 0 0 0 0 0 1 
0 0 1 0 0 1 0 0 0 0 1 1 0 0 0 
1 0 0 0 0 0 1 0 0 1 0 0 1 0 0 
0 1 0 0 0 0 0 0 1 1 1 0 0 0 0 
0 1 0 1 0 0 0 0 0 1 0 1 0 0 0 
0 0 0 1 0 0 0 1 0 0 1 0 1 0 0 
OpenStacks: 25
Took 12.48 seconds

buffer: Warwick 1676: balanced orders and products, 4 products per order
numCustomers: 30
numProducts: 15
1 0 0 0 0 1 0 0 0 1 0 0 0 0 1 
0 1 1 0 0 0 1 1 0 0 0 0 0 0 0 
0 1 0 1 0 0 0 1 0 0 1 0 0 0 0 
1 0 0 1 1 1 0 0 0 0 0 0 0 0 0 
0 0 0 1 0 0 0 1 0 1 0 0 0 1 0 
0 0 0 0 0 0 0 0 0 0 1 1 0 1 1 
1 0 0 1 0 0 0 0 1 1 0 0 0 0 0 
0 0 1 1 1 0 0 0 1 0 0 0 0 0 0 
0 0 1 0 0 0 0 0 1 0 0 0 1 0 1 
0 1 0 0 0 0 0 1 1 0 0 0 0 1 0 
0 1 0 1 0 0 0 0 0 0 0 0 0 1 1 
0 0 0 0 1 0 1 0 0 0 0 0 1 0 1 
0 1 0 0 0 0 1 0 0 0 1 0 1 0 0 
0 1 0 0 0 0 0 0 0 1 0 1 1 0 0 
0 0 1 0 0 0 0 0 0 0 1 1 1 0 0 
0 0 0 1 0 1 0 0 0 0 0 1 1 0 0 
0 0 1 0 0 0 1 1 0 0 1 0 0 0 0 
0 0 0 0 1 0 0 0 1 0 0 0 0 1 1 
0 0 1 0 1 0 0 1 0 1 0 0 0 0 0 
1 0 0 0 0 1 0 1 0 0 0 1 0 0 0 
0 0 0 0 0 1 0 0 0 0 0 0 1 1 1 
0 1 0 0 0 0 1 1 0 0 0 0 0 0 1 
0 1 0 0 0 1 0 0 0 1 0 1 0 0 0 
1 0 0 0 1 1 1 0 0 0 0 0 0 0 0 
1 0 1 0 0 0 0 0 1 0 0 1 0 0 0 
1 0 0 0 0 0 0 0 0 1 1 1 0 0 0 
0 0 0 0 1 1 0 0 0 1 1 0 0 0 0 
1 0 0 1 0 0 0 0 1 0 1 0 0 0 0 
0 0 0 0 1 0 1 0 0 0 0 0 1 1 0 
0 0 1 0 0 0 1 0 1 0 0 0 0 1 0 
Best Sequence: 
14 12 6 4 13 8 2 10 7 11 9 5 3 1 0 
1 0 0 0 0 0 0 0 0 0 1 1 0 0 1 
0 0 1 0 0 0 1 0 1 0 0 0 0 1 0 
0 0 0 0 0 0 0 1 1 0 0 0 1 1 0 
0 0 0 1 0 0 0 0 0 0 0 1 1 0 1 
0 0 0 0 1 0 0 0 1 0 1 0 1 0 0 
1 0 0 0 1 0 0 1 0 1 0 0 0 0 0 
0 0 0 0 0 1 0 0 0 0 1 0 1 0 1 
0 0 0 1 0 1 1 0 0 0 0 0 1 0 0 
1 1 0 0 0 1 1 0 0 0 0 0 0 0 0 
0 0 0 0 1 1 0 0 1 0 0 0 0 1 0 
1 0 0 0 1 0 0 0 0 0 0 0 1 1 0 
1 1 1 1 0 0 0 0 0 0 0 0 0 0 0 
0 1 1 0 0 0 0 1 0 0 0 0 0 1 0 
0 1 0 0 0 0 0 0 0 1 1 0 0 1 0 
0 1 0 0 0 0 1 1 0 1 0 0 0 0 0 
0 1 0 0 0 0 0 0 0 1 0 1 1 0 0 
0 0 1 0 0 0 1 1 1 0 0 0 0 0 0 
1 0 0 1 1 1 0 0 0 0 0 0 0 0 0 
0 0 0 1 0 0 1 0 1 0 1 0 0 0 0 
0 0 0 0 0 0 0 0 1 1 0 1 0 0 1 
1 1 0 0 1 0 0 0 0 0 0 1 0 0 0 
1 0 1 0 0 0 0 0 1 0 0 0 0 1 0 
0 0 0 0 0 0 0 0 0 1 1 1 0 1 0 
0 0 1 1 0 0 0 0 0 0 0 1 0 0 1 
0 0 0 0 0 1 1 0 0 1 0 0 0 0 1 
0 0 0 0 0 0 0 1 0 1 1 0 0 0 1 
0 0 0 1 0 0 0 1 0 0 1 1 0 0 0 
0 0 0 0 0 1 0 1 0 0 0 0 1 0 1 
0 1 1 1 1 0 0 0 0 0 0 0 0 0 0 
0 0 1 0 1 1 1 0 0 0 0 0 0 0 0 
OpenStacks: 24
Took 12.45 seconds

buffer: Warwick 1677: balanced orders and products, 4 products per order
numCustomers: 30
numProducts: 15
0 1 0 1 0 0 0 0 1 0 0 0 1 0 0 
0 0 0 0 0 0 0 1 0 1 0 1 0 0 1 
0 0 0 1 0 1 0 1 0 0 1 0 0 0 0 
0 0 0 1 0 0 1 0 0 0 1 0 0 1 0 
0 1 0 0 0 0 0 1 0 0 0 0 0 1 1 
1 0 0 0 0 0 0 0 0 1 0 0 0 1 1 
1 1 0 0 0 0 0 0 0 1 1 0 0 0 0 
1 0 0 0 0 1 0 0 1 0 1 0 0 0 0 
0 0 0 1 1 0 0 1 0 0 0 1 0 0 0 
0 0 0 1 0 0 0 0 1 0 1 0 0 0 1 
0 0 0 0 1 0 1 1 0 0 0 1 0 0 0 
0 0 1 0 1 0 0 0 0 0 1 0 1 0 0 
0 0 1 0 0 0 1 0 1 0 0 0 1 0 0 
0 0 0 0 1 0 1 0 1 0 0 0 0 0 1 
0 0 0 0 0 0 0 0 1 1 0 1 0 0 1 
0 0 0 0 1 0 0 1 0 0 0 1 0 1 0 
1 1 0 0 0 0 0 0 0 1 0 0 0 1 0 
0 0 1 1 0 1 0 0 0 0 0 0 1 0 0 
1 0 0 0 1 0 0 0 1 0 0 0 1 0 0 
0 0 1 0 0 1 1 0 0 0 0 0 0 1 0 
0 0 0 0 0 1 0 0 0 0 1 0 1 0 1 
1 1 0 0 0 0 0 0 0 0 1 0 1 0 0 
1 0 0 0 1 0 0 0 0 1 0 1 0 0 0 
0 1 1 0 0 0 1 1 0 0 0 0 0 0 0 
0 0 1 0 0 0 0 0 0 1 0 0 1 0 1 
0 1 0 0 0 1 0 0 1 1 0 0 0 0 0 
0 0 1 0 0 1 1 0 0 0 0 1 0 0 0 
1 1 1 0 0 0 0 0 0 0 0 0 0 1 0 
0 0 0 1 0 0 1 0 0 0 0 1 0 1 0 
0 0 0 1 1 1 0 1 0 0 0 0 0 0 0 
Best Sequence: 
13 11 7 4 6 3 5 14 8 9 12 10 2 1 0 
0 0 0 0 0 1 0 0 1 0 1 0 0 1 0 
0 1 1 0 0 0 0 1 0 1 0 0 0 0 0 
0 0 1 0 0 1 1 0 0 0 0 1 0 0 0 
1 0 0 0 1 1 0 0 0 0 0 1 0 0 0 
1 0 1 0 0 0 0 1 0 0 0 0 0 1 0 
1 0 0 0 0 0 0 1 0 1 0 0 0 0 1 
0 0 0 0 0 0 0 0 0 1 0 1 0 1 1 
0 0 0 0 0 0 1 0 1 0 0 1 0 0 1 
0 1 1 1 0 1 0 0 0 0 0 0 0 0 0 
0 0 0 0 0 1 0 1 1 0 0 1 0 0 0 
0 1 1 1 1 0 0 0 0 0 0 0 0 0 0 
0 0 0 1 0 0 0 0 0 0 1 1 1 0 0 
0 0 0 0 1 0 0 0 1 0 1 0 1 0 0 
0 0 0 1 1 0 0 1 1 0 0 0 0 0 0 
0 1 0 0 0 0 0 1 1 1 0 0 0 0 0 
1 1 1 1 0 0 0 0 0 0 0 0 0 0 0 
1 0 0 0 0 0 0 0 0 1 0 0 0 1 1 
0 0 0 0 0 1 1 0 0 0 1 0 1 0 0 
0 0 0 1 0 0 0 0 1 0 1 0 0 0 1 
1 0 0 0 1 0 1 0 0 0 0 0 1 0 0 
0 0 0 0 0 0 1 1 0 0 1 1 0 0 0 
0 0 0 0 0 0 0 0 0 0 1 1 0 1 1 
0 1 0 1 0 0 0 0 0 1 0 0 0 0 1 
0 0 1 0 1 0 0 0 0 0 0 0 1 1 0 
0 0 0 0 0 0 0 1 0 1 1 0 1 0 0 
0 0 0 0 0 0 1 0 1 1 0 0 0 1 0 
0 1 0 0 1 0 1 0 0 0 0 0 1 0 0 
1 0 0 0 0 0 0 0 0 0 0 0 1 1 1 
1 1 0 0 1 1 0 0 0 0 0 0 0 0 0 
0 0 1 1 0 1 1 0 0 0 0 0 0 0 0 
OpenStacks: 23
Took 12.45 seconds

buffer: Warwick 1678: balanced orders and products, 4 products per order
numCustomers: 30
numProducts: 15
0 0 0 1 0 0 0 1 0 0 1 0 0 0 1 
0 0 0 0 0 0 0 0 0 0 1 1 1 1 0 
1 0 0 0 1 0 1 1 0 0 0 0 0 0 0 
0 0 1 0 0 0 0 0 0 0 0 1 0 1 1 
1 1 0 0 0 1 0 0 0 1 0 0 0 0 0 
0 1 0 0 1 0 0 0 0 0 0 1 0 1 0 
0 1 0 0 0 1 1 0 1 0 0 0 0 0 0 
0 1 1 0 0 0 1 0 0 0 0 0 0 0 1 
1 1 0 0 0 0 1 0 0 0 1 0 0 0 0 
1 0 1 0 0 0 0 0 1 0 0 0 1 0 0 
0 0 0 0 1 0 0 0 0 1 0 1 0 0 1 
0 0 1 0 0 0 0 0 0 1 1 1 0 0 0 
0 0 0 0 0 0 1 0 1 1 0 1 0 0 0 
0 0 0 1 0 0 1 0 1 0 0 0 1 0 0 
0 0 0 0 1 0 0 1 0 1 0 0 1 0 0 
0 0 0 1 0 1 0 0 1 0 0 0 0 0 1 
0 0 0 1 0 0 0 0 1 1 0 0 0 1 0 
0 1 0 0 0 0 1 1 0 0 0 1 0 0 0 
1 0 0 0 1 0 0 0 1 0 0 0 1 0 0 
0 1 0 0 0 1 0 0 0 0 1 0 0 0 1 
0 0 1 0 1 0 0 1 0 0 0 0 1 0 0 
1 0 0 0 0 1 0 1 0 0 0 0 0 1 0 
0 0 1 1 0 1 0 1 0 0 0 0 0 0 0 
0 0 1 1 1 0 0 0 0 0 1 0 0 0 0 
0 0 0 1 0 0 1 0 0 1 0 0 0 1 0 
0 0 0 0 0 0 0 1 0 0 0 0 1 1 1 
0 0 1 0 0 1 0 0 0 0 1 0 0 0 1 
0 0 0 1 1 1 0 0 0 0 0 0 0 1 0 
1 0 0 0 0 0 0 0 1 1 1 0 0 0 0 
1 1 0 0 0 0 0 0 0 0 0 1 1 0 0 
Best Sequence: 
13 9 8 3 6 11 12 7 4 14 10 5 2 1 0 
0 0 0 1 0 0 0 1 0 1 1 0 0 0 0 
1 0 0 0 0 1 1 0 0 0 1 0 0 0 0 
0 0 0 0 1 0 0 1 1 0 0 0 0 0 1 
1 0 0 0 0 1 0 0 0 1 0 0 1 0 0 
0 1 0 0 0 0 0 0 0 0 0 1 0 1 1 
1 0 0 0 0 1 0 0 1 0 0 0 0 1 0 
0 0 1 0 1 0 0 0 0 0 0 1 0 1 0 
0 0 0 0 1 0 0 0 0 1 0 0 1 1 0 
0 0 0 0 1 0 0 0 0 0 1 0 0 1 1 
0 0 1 0 0 0 1 0 0 0 0 0 1 0 1 
0 1 0 0 0 1 0 0 1 1 0 0 0 0 0 
0 1 0 0 0 1 0 0 0 0 1 0 1 0 0 
0 1 1 0 1 1 0 0 0 0 0 0 0 0 0 
0 0 1 1 1 0 1 0 0 0 0 0 0 0 0 
0 1 0 0 0 0 1 1 1 0 0 0 0 0 0 
0 0 1 1 0 0 0 0 0 1 0 1 0 0 0 
1 1 1 1 0 0 0 0 0 0 0 0 0 0 0 
0 0 0 0 1 1 0 1 0 0 0 0 0 1 0 
0 0 1 0 0 0 1 0 1 0 0 0 0 0 1 
0 0 0 0 0 0 0 0 0 1 1 1 0 1 0 
0 0 0 0 0 0 1 1 1 0 0 0 1 0 0 
1 0 0 0 0 0 0 1 0 0 0 1 0 0 1 
0 0 0 1 0 0 0 1 0 0 0 1 1 0 0 
0 0 0 1 0 0 0 0 1 0 1 0 1 0 0 
1 1 0 1 1 0 0 0 0 0 0 0 0 0 0 
1 0 0 0 0 0 1 1 0 1 0 0 0 0 0 
0 0 0 0 0 0 0 0 0 1 1 1 1 0 0 
1 0 0 1 0 0 0 0 1 0 0 1 0 0 0 
0 1 1 0 0 0 0 0 0 0 1 0 0 0 1 
0 0 0 0 0 1 1 0 0 0 0 0 0 1 1 
OpenStacks: 25
Took 12.48 seconds

buffer: Warwick 1679: balanced orders and products, 4 products per order
numCustomers: 30
numProducts: 15
0 0 0 0 1 0 1 1 0 0 0 0 1 0 0 
0 0 0 1 1 0 0 0 0 0 0 0 1 0 1 
1 0 0 1 0 0 1 0 0 0 0 1 0 0 0 
0 1 1 0 0 0 1 0 0 0 0 0 0 1 0 
0 0 0 1 0 1 0 0 1 0 0 1 0 0 0 
1 0 0 0 1 0 0 0 1 0 0 0 0 1 0 
0 1 1 0 0 0 0 1 0 1 0 0 0 0 0 
0 0 0 0 0 1 0 0 0 1 0 1 1 0 0 
0 0 0 1 0 0 1 0 0 1 0 1 0 0 0 
1 0 0 0 0 0 0 0 1 0 0 0 1 1 0 
0 0 0 1 1 0 1 0 0 0 0 0 0 0 1 
0 0 0 1 0 0 1 0 0 0 1 1 0 0 0 
0 0 0 0 1 1 0 0 0 0 0 0 1 0 1 
1 0 1 0 0 0 1 0 0 0 0 0 0 1 0 
1 0 0 0 1 0 0 1 0 0 0 0 0 1 0 
0 0 0 0 1 0 0 0 1 1 1 0 0 0 0 
0 0 0 0 0 0 1 0 0 0 0 0 1 1 1 
1 0 0 0 1 0 0 1 1 0 0 0 0 0 0 
0 0 1 0 0 0 0 1 0 0 0 0 1 1 0 
0 0 1 0 0 0 0 0 0 0 1 1 0 0 1 
0 1 0 0 0 0 0 1 0 0 0 0 0 1 1 
0 0 1 0 0 1 0 0 0 0 1 1 0 0 0 
0 1 0 0 0 1 0 0 1 0 1 0 0 0 0 
1 1 0 0 0 0 0 0 1 1 0 0 0 0 0 
0 0 1 0 0 1 0 1 0 0 0 0 1 0 0 
0 1 1 1 0 0 0 1 0 0 0 0 0 0 0 
0 1 0 0 0 0 0 0 1 1 0 0 0 0 1 
0 0 0 1 0 1 0 0 0 0 1 1 0 0 0 
0 1 0 0 0 0 0 0 0 1 1 0 0 0 1 
1 0 0 0 0 1 0 0 0 1 1 0 0 0 0 
Best Sequence: 
11 10 5 3 2 14 6 9 12 1 13 8 7 4 0 
0 0 0 0 0 0 1 0 1 0 0 0 1 1 0 
0 0 0 1 0 1 0 0 1 0 0 0 0 1 0 
1 0 0 1 0 0 1 0 0 0 0 0 0 0 1 
0 0 0 0 1 0 1 0 0 1 1 0 0 0 0 
1 0 1 1 0 0 0 0 0 0 0 1 0 0 0 
0 0 0 0 0 0 0 0 0 0 1 1 0 1 1 
0 0 0 0 1 0 0 1 0 1 0 0 1 0 0 
1 0 1 0 0 0 0 1 1 0 0 0 0 0 0 
1 0 0 1 0 0 1 1 0 0 0 0 0 0 0 
0 0 0 0 0 0 0 0 1 0 1 1 0 0 1 
0 0 0 1 0 1 1 0 0 0 0 0 0 1 0 
1 1 0 1 0 0 1 0 0 0 0 0 0 0 0 
0 0 1 0 0 1 0 0 1 0 0 0 0 1 0 
0 0 0 0 1 0 1 0 0 0 1 0 0 0 1 
0 0 0 0 0 0 0 0 0 0 1 0 1 1 1 
0 1 0 0 0 0 0 1 0 0 0 1 0 1 0 
0 0 0 0 0 1 1 0 1 0 1 0 0 0 0 
0 0 0 0 0 0 0 0 0 0 0 1 1 1 1 
0 0 0 0 1 0 0 0 1 0 1 0 1 0 0 
1 1 0 0 1 1 0 0 0 0 0 0 0 0 0 
0 0 0 0 0 1 0 0 0 1 1 0 1 0 0 
1 1 1 0 1 0 0 0 0 0 0 0 0 0 0 
0 1 1 0 0 0 0 0 0 1 0 1 0 0 0 
0 0 0 0 0 0 0 1 0 1 0 1 0 0 1 
0 0 1 0 1 0 0 0 1 0 0 0 1 0 0 
0 0 0 1 1 0 0 0 0 1 0 0 1 0 0 
0 0 0 0 0 1 0 1 0 1 0 1 0 0 0 
1 1 1 1 0 0 0 0 0 0 0 0 0 0 0 
0 1 0 0 0 1 0 1 0 1 0 0 0 0 0 
0 1 1 0 0 0 0 1 0 0 0 0 0 0 1 
OpenStacks: 22
Took 12.48 seconds

buffer: Warwick 1680: balanced orders and products, 4 products per order
numCustomers: 30
numProducts: 15
1 0 0 0 0 0 1 1 0 0 0 0 1 0 0 
1 0 0 0 1 1 0 1 0 0 0 0 0 0 0 
0 1 0 1 0 1 0 0 0 0 0 1 0 0 0 
0 0 0 0 1 0 0 0 1 0 1 0 0 0 1 
0 0 0 0 1 0 0 0 1 1 0 0 1 0 0 
1 0 1 0 0 0 0 0 0 0 0 0 1 1 0 
1 0 0 1 1 0 0 0 0 0 0 0 1 0 0 
1 0 1 0 0 0 0 0 1 0 0 0 0 0 1 
1 1 0 0 0 0 1 0 0 0 1 0 0 0 0 
0 0 0 1 0 1 0 0 1 1 0 0 0 0 0 
0 0 1 1 0 0 1 0 0 0 0 0 0 1 0 
0 0 1 0 0 0 0 0 1 0 0 1 0 1 0 
0 0 0 0 1 0 0 1 0 0 1 0 1 0 0 
0 1 0 1 0 0 0 0 0 1 0 0 1 0 0 
0 1 0 0 1 0 1 0 0 0 0 0 0 0 1 
0 1 0 0 0 1 1 0 0 0 0 1 0 0 0 
0 1 0 1 0 0 0 1 0 1 0 0 0 0 0 
0 0 0 0 0 0 0 0 0 1 0 1 1 1 0 
0 0 0 0 0 1 0 0 0 1 0 0 0 1 1 
0 0 1 0 0 1 0 0 0 0 1 0 0 1 0 
0 1 0 0 0 0 0 0 1 0 0 1 0 0 1 
1 0 1 0 0 0 0 0 0 0 0 0 0 1 1 
0 0 0 0 0 1 0 1 1 0 1 0 0 0 0 
0 0 0 1 0 0 1 0 0 0 0 1 0 0 1 
0 1 0 0 0 0 1 1 0 0 1 0 0 0 0 
0 0 1 0 1 0 0 1 0 0 0 0 0 0 1 
0 0 1 0 0 0 0 0 0 1 0 1 1 0 0 
0 0 0 0 1 0 0 1 0 1 1 0 0 0 0 
0 0 0 1 0 1 0 0 0 0 1 1 0 0 0 
1 0 0 0 0 0 1 0 1 0 0 0 0 1 0 
Best Sequence: 
11 10 5 3 1 6 7 9 12 13 14 8 4 2 0 
0 0 0 0 0 1 1 0 1 0 0 0 0 0 1 
0 0 1 0 0 0 1 0 0 0 0 0 1 0 1 
1 0 1 1 1 0 0 0 0 0 0 0 0 0 0 
0 1 0 0 0 0 0 0 0 0 1 1 1 0 0 
0 0 0 0 0 0 0 1 1 0 0 1 1 0 0 
0 0 0 0 0 0 0 0 1 1 0 0 0 1 1 
0 0 0 1 0 0 0 0 1 0 0 0 1 0 1 
0 0 0 0 0 0 0 0 0 0 1 1 0 1 1 
0 1 0 0 1 1 0 0 0 0 0 0 0 0 1 
0 0 1 1 0 0 0 1 0 0 0 1 0 0 0 
0 0 0 1 0 1 0 0 0 1 0 0 0 1 0 
1 0 0 0 0 0 0 0 0 1 0 1 0 1 0 
0 1 0 0 0 0 1 0 1 0 0 0 1 0 0 
0 0 0 1 1 0 0 1 1 0 0 0 0 0 0 
0 0 0 0 1 1 0 0 0 0 1 0 1 0 0 
1 0 1 0 1 1 0 0 0 0 0 0 0 0 0 
0 0 0 1 1 0 1 1 0 0 0 0 0 0 0 
1 0 0 0 0 0 0 1 1 1 0 0 0 0 0 
0 0 1 0 0 0 0 1 0 1 1 0 0 0 0 
0 1 1 0 0 0 0 0 0 1 0 0 0 1 0 
1 0 0 0 1 0 0 0 0 0 1 1 0 0 0 
0 0 0 0 0 0 0 0 0 1 1 0 0 1 1 
0 1 1 0 0 0 1 0 0 0 0 1 0 0 0 
1 0 0 1 0 1 0 0 0 0 1 0 0 0 0 
0 1 0 0 1 1 1 0 0 0 0 0 0 0 0 
0 0 0 0 0 0 1 0 0 0 1 0 1 1 0 
1 0 0 0 0 0 0 1 1 0 0 0 0 1 0 
0 1 0 0 0 0 1 1 0 0 0 0 1 0 0 
1 1 1 1 0 0 0 0 0 0 0 0 0 0 0 
0 0 0 0 0 1 0 0 0 1 0 1 0 0 1 
OpenStacks: 23
Took 12.47 seconds

buffer: Warwick 1681: balanced orders and products, 5 products per order
numCustomers: 30
numProducts: 15
1 0 0 1 1 1 0 0 0 0 0 1 0 0 0 
0 1 1 0 0 1 0 0 0 1 0 1 0 0 0 
0 1 0 1 0 0 1 0 0 1 0 0 0 1 0 
0 0 1 0 1 0 0 0 1 0 1 0 0 0 1 
0 1 0 1 0 0 0 1 0 1 0 0 1 0 0 
1 0 0 0 1 0 0 0 1 1 0 0 0 0 1 
0 0 0 0 1 0 1 0 1 0 0 0 1 1 0 
1 0 1 0 1 0 0 1 1 0 0 0 0 0 0 
0 0 0 1 0 0 0 0 0 1 1 0 0 1 1 
0 0 0 0 1 0 1 0 0 1 0 0 1 0 1 
0 0 1 0 0 1 0 0 0 1 0 1 0 1 0 
1 0 0 0 0 0 1 1 1 0 1 0 0 0 0 
1 0 1 0 0 0 0 0 1 1 0 0 0 1 0 
1 0 0 1 0 0 1 0 0 0 0 0 1 0 1 
0 1 0 0 0 0 1 1 0 0 0 0 1 1 0 
0 1 0 1 0 1 0 0 0 0 0 1 1 0 0 
0 1 0 0 0 1 0 1 1 0 0 0 0 0 1 
1 1 1 0 0 0 0 1 0 0 1 0 0 0 0 
0 0 0 0 1 0 0 0 0 0 1 1 0 1 1 
0 0 0 1 0 0 1 0 0 1 1 0 1 0 0 
0 0 0 1 0 1 0 1 0 0 1 1 0 0 0 
0 0 1 0 1 0 0 0 1 0 0 1 1 0 0 
0 0 0 1 0 1 0 0 1 0 1 0 0 0 1 
0 0 1 0 1 1 1 1 0 0 0 0 0 0 0 
0 0 1 0 1 0 0 0 0 0 1 1 0 0 1 
1 1 0 0 0 1 1 0 0 1 0 0 0 0 0 
0 0 0 0 0 0 0 1 1 0 1 0 0 1 1 
0 1 1 1 0 0 0 1 0 0 0 0 1 0 0 
1 0 0 0 0 0 1 0 0 0 0 1 1 1 0 
1 1 0 0 0 1 0 0 0 0 0 1 0 1 0 
Best Sequence: 
14 10 8 4 2 11 13 12 9 7 6 5 3 1 0 
0 0 0 1 0 1 0 0 0 0 0 1 1 0 1 
0 0 0 0 1 1 0 0 1 0 0 1 0 1 0 
0 0 0 0 0 0 1 0 1 0 1 0 1 1 0 
1 1 1 1 1 0 0 0 0 0 0 0 0 0 0 
0 0 0 0 0 0 0 1 1 1 0 0 1 1 0 
1 0 1 1 0 0 0 0 1 0 0 0 0 0 1 
0 0 1 1 0 0 1 1 0 0 1 0 0 0 0 
0 0 1 1 1 0 0 0 0 1 0 0 0 0 1 
1 1 0 0 0 0 1 0 1 0 0 0 1 0 0 
1 0 0 1 0 0 0 1 1 0 1 0 0 0 0 
0 0 0 0 1 1 1 0 1 0 0 1 0 0 0 
0 1 1 0 0 0 0 0 0 1 1 0 0 0 1 
0 0 1 0 1 0 1 0 1 0 0 0 0 0 1 
1 0 0 0 0 0 0 1 0 0 1 0 1 0 1 
0 0 0 0 0 0 1 1 0 1 1 0 0 1 0 
0 0 0 0 0 1 0 1 0 0 0 1 1 1 0 
1 0 1 0 0 0 0 0 0 1 0 1 0 1 0 
0 1 0 0 1 0 0 0 0 1 0 0 0 1 1 
1 1 0 1 0 1 1 0 0 0 0 0 0 0 0 
0 1 0 0 0 0 0 1 1 0 1 0 1 0 0 
0 1 0 0 0 1 0 0 0 1 0 1 1 0 0 
0 0 1 1 1 1 0 1 0 0 0 0 0 0 0 
1 1 1 0 0 0 0 0 0 0 0 1 1 0 0 
0 0 0 1 1 0 0 0 0 1 1 1 0 0 0 
1 1 0 1 1 1 0 0 0 0 0 0 0 0 0 
0 0 0 0 0 0 0 0 1 0 1 1 0 1 1 
1 1 1 0 0 0 1 0 0 1 0 0 0 0 0 
0 0 0 0 1 0 0 1 0 1 0 0 1 1 0 
0 0 0 0 0 1 1 1 0 0 1 0 0 0 1 
0 0 0 0 0 1 1 0 0 0 0 1 0 1 1 
OpenStacks: 26
Took 12.75 seconds

buffer: Warwick 1682: balanced orders and products, 5 products per order
numCustomers: 30
numProducts: 15
1 1 0 0 0 0 0 0 0 1 0 0 1 1 0 
0 0 0 1 1 0 0 0 0 1 0 0 0 1 1 
1 0 1 0 0 0 1 0 0 1 0 1 0 0 0 
0 0 1 1 1 0 1 0 0 0 0 0 0 0 1 
0 1 0 0 0 1 0 0 0 0 1 0 1 1 0 
0 0 0 0 0 0 0 1 1 0 1 0 1 1 0 
1 0 0 1 1 0 1 0 1 0 0 0 0 0 0 
0 1 0 0 0 0 0 0 1 1 1 0 0 0 1 
1 0 0 1 0 0 1 0 1 1 0 0 0 0 0 
1 0 0 0 1 0 0 0 1 0 0 1 0 1 0 
0 1 0 0 0 1 0 1 0 0 1 0 0 0 1 
0 1 0 0 1 0 0 0 0 0 1 0 0 1 1 
0 0 1 0 0 1 0 1 1 0 0 0 0 0 1 
0 0 0 0 1 0 1 1 0 0 1 0 1 0 0 
0 1 0 0 0 1 0 0 0 0 1 0 1 0 1 
1 0 0 0 1 0 0 0 1 0 0 0 1 1 0 
0 1 1 0 0 0 0 0 0 1 1 1 0 0 0 
1 0 1 0 0 0 0 1 0 0 0 1 0 1 0 
0 1 0 0 0 1 0 1 0 1 0 0 0 0 1 
0 1 0 1 0 1 0 1 0 0 0 0 0 0 1 
1 0 1 0 0 0 0 0 0 0 0 1 1 0 1 
0 0 1 0 1 0 0 1 0 0 0 1 1 0 0 
0 0 0 1 0 0 1 0 1 0 1 0 1 0 0 
0 0 0 0 1 0 1 1 0 0 1 1 0 0 0 
1 0 1 0 0 1 1 0 0 0 0 0 0 1 0 
0 0 0 0 0 1 1 0 0 1 0 0 1 1 0 
0 1 1 1 0 1 0 0 0 0 0 1 0 0 0 
1 0 1 1 0 1 0 0 0 1 0 0 0 0 0 
0 0 0 1 1 0 1 0 1 0 0 1 0 0 0 
0 0 0 1 0 0 0 1 1 1 0 1 0 0 0 
Best Sequence: 
14 12 10 5 1 13 7 4 8 11 9 6 3 2 0 
0 1 0 0 1 1 0 0 0 0 1 0 0 0 1 
1 0 0 0 0 1 0 1 0 0 1 0 1 0 0 
0 0 0 0 0 0 0 0 0 1 1 1 0 1 1 
1 0 0 0 0 0 0 1 0 0 0 1 1 1 0 
0 1 1 1 1 1 0 0 0 0 0 0 0 0 0 
0 1 1 0 0 1 1 0 1 0 0 0 0 0 0 
0 0 0 0 0 0 0 1 1 0 0 1 1 0 1 
1 0 1 0 1 0 0 0 1 0 1 0 0 0 0 
0 0 0 0 0 0 0 0 1 0 1 1 1 0 1 
0 0 0 0 0 1 0 1 1 1 0 0 0 0 1 
1 0 1 1 1 0 1 0 0 0 0 0 0 0 0 
1 0 1 0 1 1 0 1 0 0 0 0 0 0 0 
1 0 0 1 0 0 1 0 1 0 0 0 0 1 0 
0 1 1 0 0 0 1 1 0 0 0 1 0 0 0 
1 1 1 1 1 0 0 0 0 0 0 0 0 0 0 
0 1 0 0 0 1 0 1 1 0 0 0 0 0 1 
0 0 1 0 1 0 0 0 0 1 1 0 0 1 0 
0 0 0 0 0 1 1 0 0 1 0 0 0 1 1 
1 0 0 1 1 0 1 0 0 0 1 0 0 0 0 
1 0 0 1 1 0 1 0 0 0 0 0 1 0 0 
1 1 0 0 0 0 0 0 0 1 0 0 0 1 1 
0 1 0 0 0 0 1 1 0 1 0 0 0 1 0 
0 1 1 0 0 0 0 0 1 0 0 1 1 0 0 
0 0 1 0 0 0 1 1 0 1 0 1 0 0 0 
0 0 0 1 0 1 0 0 0 0 0 1 0 1 1 
0 1 0 1 0 1 0 0 0 0 1 1 0 0 0 
0 0 0 1 1 0 0 0 0 1 0 0 1 1 0 
0 0 0 1 0 0 0 0 0 0 1 0 1 1 1 
0 0 0 0 0 0 0 1 1 1 0 1 1 0 0 
0 0 0 0 0 0 1 0 1 1 1 0 1 0 0 
OpenStacks: 25
Took 12.77 seconds

buffer: Warwick 1683: balanced orders and products, 5 products per order
numCustomers: 30
numProducts: 15
0 0 1 0 1 1 1 0 0 0 0 0 1 0 0 
0 0 0 0 0 0 1 0 1 1 1 0 0 1 0 
1 0 1 0 0 0 0 0 0 1 0 1 0 0 1 
0 1 0 0 1 1 1 0 1 0 0 0 0 0 0 
1 0 1 0 0 0 0 0 1 1 1 0 0 0 0 
0 1 0 1 0 0 0 1 0 1 1 0 0 0 0 
0 0 1 0 0 0 0 0 1 0 1 1 0 1 0 
0 0 0 0 1 1 1 0 0 0 0 0 1 1 0 
0 1 0 0 0 0 0 1 0 1 1 0 0 0 1 
0 0 0 0 0 1 0 1 1 1 0 0 0 0 1 
0 0 0 1 0 0 0 0 1 0 0 1 1 1 0 
0 0 0 0 0 0 1 0 1 0 1 0 0 1 1 
0 1 1 0 0 0 0 1 0 0 0 1 0 1 0 
1 1 0 0 1 0 0 1 0 0 0 1 0 0 0 
0 1 0 0 1 0 0 0 0 0 1 1 0 0 1 
0 0 0 0 0 1 1 0 1 1 0 0 0 0 1 
0 0 1 0 0 1 0 1 0 1 0 0 1 0 0 
1 0 0 0 1 0 0 0 1 0 0 1 1 0 0 
0 1 0 0 0 1 0 0 0 0 1 0 1 0 1 
0 0 1 1 0 0 1 0 0 1 0 0 0 1 0 
1 1 0 0 1 0 0 1 1 0 0 0 0 0 0 
1 1 0 1 0 0 0 1 0 0 0 0 1 0 0 
1 0 1 1 0 0 0 1 0 0 0 0 0 1 0 
1 0 1 0 1 0 0 1 0 0 0 1 0 0 0 
1 0 0 1 0 1 1 0 0 0 0 1 0 0 0 
0 0 0 1 0 1 1 0 0 0 0 0 1 1 0 
0 1 1 1 1 0 0 0 0 0 0 0 0 0 1 
1 0 0 0 0 0 0 0 0 0 1 0 1 1 1 
0 0 0 1 1 0 1 0 0 0 0 0 1 0 1 
0 0 0 1 0 1 0 0 0 1 1 1 0 0 0 
Best Sequence: 
14 13 10 8 6 9 12 5 3 11 7 4 2 1 0 
0 0 0 0 1 0 1 1 0 0 0 1 1 0 0 
0 1 1 1 1 1 0 0 0 0 0 0 0 0 0 
1 0 0 0 0 1 0 0 0 1 0 0 1 0 1 
0 0 0 1 1 0 0 1 0 0 0 1 0 1 0 
0 0 1 1 0 1 0 0 0 0 0 0 1 0 1 
0 0 1 0 0 1 0 0 1 0 1 0 0 1 0 
0 1 1 1 0 0 0 0 0 1 0 0 1 0 0 
0 1 0 0 1 0 1 1 0 0 0 1 0 0 0 
1 0 1 0 0 1 0 0 0 0 1 0 0 1 0 
1 0 0 1 0 1 0 1 0 0 1 0 0 0 0 
0 1 0 1 0 0 1 0 1 1 0 0 0 0 0 
1 1 1 1 1 0 0 0 0 0 0 0 0 0 0 
0 1 0 0 0 0 0 0 0 1 1 0 1 1 0 
0 0 0 0 0 0 0 0 0 1 1 1 0 1 1 
1 0 1 0 0 0 0 0 0 1 0 1 0 1 0 
1 0 0 1 1 1 0 1 0 0 0 0 0 0 0 
0 0 0 0 0 1 1 1 0 0 1 0 1 0 0 
0 0 0 1 0 0 1 0 0 1 0 1 0 0 1 
1 0 1 0 0 0 1 1 0 0 0 0 0 1 0 
0 1 0 0 1 1 0 0 1 0 0 0 1 0 0 
0 0 0 1 0 0 0 0 0 0 1 1 0 1 1 
0 0 0 0 0 0 1 0 1 0 1 0 0 1 1 
0 1 0 0 0 0 0 0 1 0 1 0 1 0 1 
0 0 0 0 0 0 0 0 0 1 1 1 1 0 1 
0 0 0 0 1 0 0 1 1 1 0 0 0 0 1 
0 1 0 0 1 0 1 1 1 0 0 0 0 0 0 
1 0 0 0 0 0 0 0 1 0 0 1 1 1 0 
1 1 1 0 0 0 1 0 0 0 0 0 0 0 1 
1 0 0 0 1 0 1 0 1 0 0 1 0 0 0 
0 0 1 0 0 1 0 1 1 1 0 0 0 0 0 
OpenStacks: 26
Took 12.78 seconds

buffer: Warwick 1684: balanced orders and products, 5 products per order
numCustomers: 30
numProducts: 15
0 1 1 0 0 1 0 0 1 0 0 0 1 0 0 
1 1 0 1 0 0 1 0 0 0 0 0 0 1 0 
0 1 1 0 0 0 1 1 0 1 0 0 0 0 0 
1 0 0 0 0 0 0 1 0 0 1 0 0 1 1 
0 1 0 0 0 1 0 0 0 1 1 0 1 0 0 
0 1 1 0 0 1 0 0 1 1 0 0 0 0 0 
1 1 0 0 1 0 0 0 0 0 1 0 0 1 0 
0 0 0 1 0 1 1 0 0 1 0 0 1 0 0 
0 0 0 0 1 0 0 1 0 1 1 0 0 0 1 
1 0 0 0 1 0 0 0 1 0 0 1 1 0 0 
0 0 1 1 0 0 1 0 1 0 0 0 0 0 1 
0 0 1 0 1 1 0 0 1 0 0 0 0 1 0 
1 1 0 0 1 0 0 1 0 0 0 0 0 0 1 
0 0 1 1 0 0 1 1 0 0 0 0 0 0 1 
0 0 1 1 1 0 0 0 0 0 1 0 0 0 1 
0 0 0 0 0 0 0 1 0 1 0 1 1 0 1 
0 1 0 1 0 1 0 0 0 0 1 1 0 0 0 
0 1 0 1 0 0 1 0 0 0 0 1 0 0 1 
0 0 1 1 0 0 1 0 0 0 0 1 0 1 0 
0 0 0 1 0 0 0 0 0 1 0 1 1 0 1 
1 0 0 1 1 0 1 0 0 1 0 0 0 0 0 
0 0 0 0 0 0 0 1 1 0 0 1 1 0 1 
1 0 0 0 1 0 1 0 0 0 0 1 1 0 0 
0 0 0 0 1 0 0 0 1 0 0 1 1 1 0 
0 0 0 0 0 1 0 1 0 1 0 0 1 1 0 
1 0 0 0 1 1 0 0 1 0 0 0 0 1 0 
0 1 0 0 0 0 0 1 0 0 1 1 0 1 0 
0 0 1 0 0 1 0 0 1 0 1 0 0 1 0 
1 0 1 0 0 0 0 0 1 1 1 0 0 0 0 
1 0 0 0 0 1 1 1 0 0 1 0 0 0 0 
Best Sequence: 
14 12 11 9 7 6 3 2 8 13 10 5 4 1 0 
0 1 0 0 0 0 0 1 1 0 0 1 0 1 0 
0 0 0 0 0 1 1 0 0 1 0 0 0 1 1 
0 0 0 1 1 1 0 1 0 0 0 0 0 1 0 
1 0 0 0 1 0 0 0 0 1 1 0 0 0 1 
0 1 0 1 0 0 0 0 0 0 1 1 0 1 0 
0 0 0 1 0 0 0 1 1 0 0 1 0 1 0 
0 0 0 0 0 0 0 0 0 1 1 0 1 1 1 
0 1 0 1 0 1 1 0 0 0 0 1 0 0 0 
1 0 0 1 1 0 0 0 0 0 1 0 1 0 0 
0 1 1 0 0 0 0 0 1 0 0 0 1 0 1 
1 0 0 0 0 1 1 1 1 0 0 0 0 0 0 
0 0 0 0 0 0 0 1 1 1 0 1 1 0 0 
1 0 0 0 1 0 0 0 0 0 0 0 1 1 1 
1 0 0 0 1 1 1 1 0 0 0 0 0 0 0 
1 0 0 0 0 0 1 1 0 0 1 0 1 0 0 
1 1 1 1 1 0 0 0 0 0 0 0 0 0 0 
0 0 1 0 0 0 1 0 0 0 1 1 0 1 0 
1 0 1 0 0 1 1 0 0 0 0 0 0 1 0 
0 0 1 0 0 1 1 1 0 1 0 0 0 0 0 
1 1 1 1 0 0 1 0 0 0 0 0 0 0 0 
0 0 0 1 0 1 1 0 0 0 0 0 1 0 1 
1 1 1 0 1 0 0 0 1 0 0 0 0 0 0 
0 1 1 0 0 1 0 0 0 0 0 0 1 0 1 
0 1 1 0 0 0 0 0 1 1 0 0 1 0 0 
0 1 0 1 1 0 0 0 0 1 0 1 0 0 0 
0 0 0 0 0 0 0 0 1 1 0 1 1 0 1 
0 0 1 0 1 0 0 0 0 1 1 0 0 1 0 
0 0 0 0 0 0 0 1 1 1 1 1 0 0 0 
0 0 0 1 0 0 0 1 1 0 1 0 0 0 1 
0 0 0 0 1 1 0 0 0 0 1 1 0 0 1 
OpenStacks: 26
Took 12.77 seconds

buffer: Warwick 1685: balanced orders and products, 5 products per order
numCustomers: 30
numProducts: 15
0 0 0 1 0 0 0 0 0 1 1 0 1 1 0 
0 0 0 0 0 0 1 1 0 0 0 0 1 1 1 
1 0 0 1 0 0 0 0 1 0 0 1 0 0 1 
0 0 1 0 1 0 0 0 1 0 1 0 0 1 0 
1 0 1 0 0 0 0 1 0 0 1 0 1 0 0 
1 0 0 1 0 1 0 1 0 0 0 0 0 1 0 
0 0 0 1 0 1 1 0 0 1 1 0 0 0 0 
0 0 1 0 0 0 1 1 0 0 0 1 0 1 0 
0 0 0 1 0 1 1 0 1 0 0 1 0 0 0 
0 1 1 0 1 1 0 0 0 0 0 1 0 0 0 
0 0 0 0 0 0 0 0 1 1 0 1 1 0 1 
0 1 0 1 0 0 1 1 0 0 0 0 0 0 1 
0 0 0 0 1 0 0 0 1 0 0 1 1 0 1 
0 1 0 0 0 1 0 0 0 1 1 0 1 0 0 
1 1 0 1 0 0 0 0 0 1 1 0 0 0 0 
0 0 1 0 0 1 0 0 0 0 1 1 0 1 0 
1 1 1 0 1 0 0 0 0 0 0 0 1 0 0 
1 0 1 1 0 1 0 0 0 1 0 0 0 0 0 
1 0 0 0 0 0 0 0 1 1 0 0 0 1 1 
0 0 0 0 0 0 0 1 0 0 1 1 0 1 1 
1 0 0 0 1 0 1 1 1 0 0 0 0 0 0 
1 0 1 0 0 1 0 1 0 0 0 1 0 0 0 
0 1 0 0 1 0 1 0 0 0 1 0 1 0 0 
0 1 0 0 0 0 0 1 0 0 0 0 1 1 1 
0 1 1 0 0 0 1 0 0 0 1 0 0 0 1 
0 1 0 0 1 0 1 0 0 1 0 0 1 0 0 
0 0 0 1 0 0 1 0 1 1 0 0 0 0 1 
0 0 1 0 1 1 0 1 1 0 0 0 0 0 0 
0 1 0 0 1 1 0 0 0 1 0 1 0 0 0 
1 0 0 1 1 0 0 0 1 0 0 0 0 1 0 
Best Sequence: 
14 13 12 7 6 11 8 4 10 9 5 3 2 1 0 
0 1 1 0 0 0 0 0 1 1 0 1 0 0 0 
1 1 1 1 1 0 0 0 0 0 0 0 0 0 0 
1 0 0 0 0 1 1 0 0 0 0 1 0 0 1 
0 1 0 0 0 0 1 1 1 0 0 0 1 0 0 
0 0 1 1 0 0 0 0 1 0 0 0 1 0 1 
0 1 0 1 0 0 0 0 0 0 1 1 0 0 1 
0 0 0 0 1 0 0 0 1 1 1 1 0 0 0 
0 1 0 1 1 1 0 0 0 0 0 0 1 0 0 
0 0 0 0 1 1 1 0 0 0 1 1 0 0 0 
0 0 0 0 0 1 0 1 0 0 1 0 1 1 0 
1 0 1 0 0 1 1 0 0 1 0 0 0 0 0 
1 0 0 1 1 0 0 0 0 0 0 1 0 1 0 
1 0 1 0 0 1 1 1 0 0 0 0 0 0 0 
0 0 1 0 0 0 0 0 1 1 1 0 0 1 0 
0 0 0 0 0 0 0 0 1 1 0 1 0 1 1 
0 1 0 0 0 1 0 0 1 0 1 0 1 0 0 
0 0 1 0 0 0 0 1 0 0 0 0 1 1 1 
0 0 0 0 0 0 0 0 0 1 1 1 1 0 1 
1 1 0 0 0 0 1 0 0 1 0 0 0 0 1 
1 1 0 1 0 1 0 0 1 0 0 0 0 0 0 
0 0 0 1 1 0 1 1 0 0 0 0 0 0 1 
0 0 0 1 0 1 0 0 0 0 1 0 1 0 1 
0 0 1 0 1 0 0 1 1 0 0 0 0 1 0 
1 1 1 1 0 0 0 0 0 0 0 0 0 1 0 
1 0 0 0 1 0 0 0 1 0 0 0 1 1 0 
0 0 1 0 1 0 0 1 0 1 0 0 0 1 0 
1 0 0 0 1 0 1 0 0 1 0 1 0 0 0 
0 0 0 1 0 0 1 1 0 0 1 0 1 0 0 
0 0 0 0 0 1 0 1 0 1 1 0 0 1 0 
0 1 0 0 0 0 1 1 0 0 0 1 0 0 1 
OpenStacks: 27
Took 12.79 seconds

buffer: Warwick 1686: balanced orders and products, 5 products per order
numCustomers: 30
numProducts: 15
1 1 1 0 0 0 0 0 0 1 0 0 1 0 0 
1 0 0 0 1 1 1 0 0 0 0 1 0 0 0 
1 0 0 0 0 1 1 0 1 0 0 0 0 0 1 
1 0 1 1 0 1 0 0 1 0 0 0 0 0 0 
0 0 1 0 1 0 1 0 0 0 0 1 1 0 0 
0 0 0 1 0 1 0 0 0 0 1 0 1 0 1 
0 1 1 0 1 0 0 0 1 0 1 0 0 0 0 
0 0 1 0 1 0 1 0 0 1 0 0 0 0 1 
0 0 0 1 0 0 0 1 0 1 0 0 1 1 0 
1 0 0 1 0 0 1 0 1 0 0 0 1 0 0 
1 0 0 0 0 1 1 1 0 1 0 0 0 0 0 
0 1 1 1 0 0 0 0 0 1 0 0 0 1 0 
0 0 0 1 1 1 0 1 0 0 0 0 0 1 0 
0 0 0 0 0 1 0 1 1 1 0 1 0 0 0 
0 0 0 1 1 1 0 0 0 1 0 0 0 0 1 
0 1 0 0 0 0 1 1 1 0 1 0 0 0 0 
0 1 0 0 0 0 0 1 0 0 1 0 1 1 0 
0 1 0 0 0 0 0 1 1 0 0 1 1 0 0 
0 0 0 0 0 0 0 1 1 0 1 1 0 1 0 
0 0 0 0 1 0 0 1 0 0 1 0 0 1 1 
1 0 0 1 1 0 0 0 0 0 1 0 0 1 0 
0 1 1 0 0 0 0 0 1 0 0 0 1 0 1 
0 1 0 0 0 1 1 0 0 0 0 1 0 0 1 
0 0 0 0 1 0 0 0 0 1 0 1 0 1 1 
1 1 0 1 0 0 0 0 1 0 0 0 0 0 1 
0 1 0 0 0 1 1 0 0 0 1 0 0 0 1 
0 0 1 0 0 0 0 0 0 1 0 1 1 1 0 
1 0 0 1 0 0 0 1 0 1 0 0 1 0 0 
0 0 1 0 0 0 1 0 0 0 1 1 0 1 0 
1 0 1 0 1 0 0 0 0 0 1 1 0 0 0 
Best Sequence: 
13 11 10 8 7 12 1 14 9 6 5 4 3 2 0 
0 0 0 0 0 1 1 0 1 0 0 0 0 1 1 
0 1 0 0 0 0 0 0 0 1 1 1 0 0 1 
0 0 0 1 0 0 0 1 0 1 1 0 0 0 1 
0 0 0 1 0 0 0 0 0 0 1 0 1 1 1 
0 1 0 0 0 1 0 0 0 1 0 1 0 1 0 
0 0 1 0 0 1 0 1 0 0 1 0 1 0 0 
0 0 1 1 0 0 1 0 0 0 0 1 0 1 0 
0 0 0 0 0 0 0 1 1 1 0 1 0 1 0 
1 0 0 0 1 1 0 0 1 0 0 0 1 0 0 
0 0 0 1 0 1 0 0 0 1 0 0 1 0 1 
0 0 0 0 1 0 0 0 1 1 1 0 0 0 1 
1 0 0 0 0 0 1 0 1 0 0 0 1 1 0 
1 0 0 0 1 0 0 0 0 0 1 1 1 0 0 
0 1 0 1 1 0 0 0 1 0 1 0 0 0 0 
0 0 0 0 0 0 0 1 1 0 1 1 1 0 0 
0 0 1 1 1 0 1 0 0 1 0 0 0 0 0 
1 0 1 0 1 1 1 0 0 0 0 0 0 0 0 
0 1 0 1 1 1 1 0 0 0 0 0 0 0 0 
1 1 1 1 1 0 0 0 0 0 0 0 0 0 0 
1 0 1 0 1 0 0 1 0 0 0 1 0 0 0 
1 0 1 0 0 0 0 0 0 0 0 1 1 0 1 
0 0 0 1 0 1 1 1 0 0 0 0 0 1 0 
0 1 0 0 0 0 1 1 0 1 1 0 0 0 0 
1 1 0 0 0 0 0 1 1 0 0 1 0 0 0 
0 0 0 1 0 0 1 1 0 0 0 0 1 0 1 
0 0 1 0 0 0 1 1 0 1 1 0 0 0 0 
1 1 0 0 0 1 0 0 1 0 0 0 0 1 0 
0 0 0 0 1 1 0 0 1 0 0 0 1 0 1 
1 1 1 0 0 0 0 0 0 1 0 0 0 1 0 
0 1 1 0 0 0 0 0 0 0 0 1 0 1 1 
OpenStacks: 27
Took 12.74 seconds

buffer: Warwick 1687: balanced orders and products, 5 products per order
numCustomers: 30
numProducts: 15
0 0 0 0 0 0 0 1 1 1 1 0 1 0 0 
0 0 0 1 0 1 0 1 1 0 0 1 0 0 0 
1 0 1 0 1 0 0 0 0 0 1 0 0 0 1 
0 0 0 1 0 0 0 0 0 1 0 1 0 1 1 
0 0 0 0 1 0 0 1 1 0 1 0 0 0 1 
0 1 0 0 1 0 1 0 1 0 0 1 0 0 0 
0 0 1 0 0 0 1 1 0 0 1 0 1 0 0 
1 0 1 1 0 0 0 0 0 1 0 0 1 0 0 
0 0 0 1 1 0 1 0 0 1 1 0 0 0 0 
0 1 1 0 0 0 1 0 1 0 0 0 1 0 0 
0 1 1 1 0 0 0 0 1 0 0 0 0 1 0 
0 0 0 1 0 0 0 0 0 1 0 1 1 1 0 
1 0 0 0 1 0 1 1 0 0 0 1 0 0 0 
0 0 0 0 0 1 1 1 1 0 0 1 0 0 0 
0 0 1 1 1 1 0 0 0 0 0 0 0 0 1 
0 1 1 0 0 0 1 1 0 0 1 0 0 0 0 
1 0 0 0 0 1 1 1 0 0 1 0 0 0 0 
1 0 0 0 0 0 0 1 0 0 0 1 0 1 1 
0 1 0 0 0 0 0 0 0 1 0 1 1 1 0 
1 1 0 0 0 1 0 0 0 0 0 0 0 1 1 
0 1 0 0 0 1 0 0 1 0 0 1 0 0 1 
1 1 0 0 0 1 0 0 0 1 0 0 0 0 1 
0 0 1 1 0 0 0 0 1 1 0 0 1 0 0 
0 0 0 1 1 0 1 0 0 1 0 0 1 0 0 
1 0 0 0 0 1 1 0 0 0 1 0 0 1 0 
0 0 0 0 1 0 0 1 0 0 0 1 1 1 0 
0 1 0 0 1 1 0 0 0 1 1 0 0 0 0 
1 0 1 0 0 1 0 0 0 0 0 0 1 1 0 
1 1 0 0 0 0 0 0 0 0 1 0 0 1 1 
0 0 1 1 1 0 0 0 1 0 0 0 0 0 1 
Best Sequence: 
12 9 6 4 3 10 8 2 7 14 13 11 5 1 0 
1 1 0 0 0 1 1 0 1 0 0 0 0 0 0 
0 0 0 0 1 0 1 0 1 0 0 1 1 0 0 
0 0 0 1 0 1 0 1 0 1 0 0 0 0 1 
0 1 0 0 1 0 0 0 0 1 1 1 0 0 0 
0 0 0 1 0 1 1 0 1 1 0 0 0 0 0 
0 0 1 1 0 0 1 0 0 0 0 1 0 1 0 
1 0 1 0 0 1 0 1 1 0 0 0 0 0 0 
1 1 0 0 1 0 0 1 0 0 0 0 0 0 1 
0 1 1 1 1 1 0 0 0 0 0 0 0 0 0 
1 0 1 0 0 0 1 1 0 0 0 0 0 1 0 
0 0 0 0 1 0 1 1 0 0 1 0 0 1 0 
1 1 0 0 1 0 0 0 0 0 1 1 0 0 0 
0 0 1 1 0 0 0 0 1 0 0 1 0 0 1 
0 0 1 0 0 0 1 0 1 0 0 1 1 0 0 
0 0 0 1 1 0 0 1 0 1 0 0 1 0 0 
0 0 1 0 0 1 0 1 1 0 0 0 0 1 0 
0 0 1 0 0 1 0 0 1 0 0 0 1 0 1 
0 0 0 0 0 0 0 0 1 1 1 1 0 0 1 
1 1 0 0 0 0 0 0 0 0 1 1 0 1 0 
0 0 0 0 0 0 0 0 0 1 1 0 1 1 1 
0 0 0 0 0 0 1 0 0 1 0 1 1 1 0 
0 1 0 0 0 0 0 0 0 1 0 0 1 1 1 
1 1 0 0 1 0 1 1 0 0 0 0 0 0 0 
1 1 1 1 1 0 0 0 0 0 0 0 0 0 0 
0 0 1 0 0 1 0 0 0 0 1 0 1 0 1 
1 0 0 1 0 0 0 0 1 0 1 1 0 0 0 
0 1 0 1 0 1 0 0 0 0 0 0 1 1 0 
1 0 0 0 0 0 0 1 0 0 1 0 1 0 1 
0 0 0 0 0 1 0 0 0 1 1 0 0 1 1 
0 0 0 1 1 0 1 1 0 1 0 0 0 0 0 
OpenStacks: 26
Took 12.77 seconds

buffer: Warwick 1688: balanced orders and products, 5 products per order
numCustomers: 30
numProducts: 15
0 0 1 0 0 1 0 0 0 0 1 0 0 1 1 
1 0 0 1 0 1 0 0 1 0 0 0 0 1 0 
0 1 0 1 0 0 0 0 0 0 0 1 1 1 0 
1 0 1 1 0 0 0 0 0 0 1 0 1 0 0 
0 0 0 0 0 0 0 0 0 1 1 1 1 0 1 
0 0 0 1 0 0 1 1 0 1 0 0 0 1 0 
0 0 0 0 0 1 1 1 0 1 0 0 0 0 1 
0 1 0 0 1 0 0 0 1 0 0 0 1 1 0 
0 1 0 0 0 0 0 0 1 0 0 1 0 1 1 
0 0 1 0 0 0 1 0 1 0 0 1 0 1 0 
0 1 0 0 1 0 0 0 0 1 1 1 0 0 0 
1 0 0 0 0 0 1 0 0 1 0 1 0 0 1 
1 0 1 0 0 1 0 0 0 1 1 0 0 0 0 
0 0 1 0 0 1 0 1 0 0 0 1 1 0 0 
1 0 1 0 0 1 0 0 0 1 0 1 0 0 0 
0 0 0 1 1 0 1 0 0 0 0 0 1 1 0 
0 1 1 1 0 0 0 0 0 0 0 1 0 0 1 
1 0 0 0 1 0 1 1 1 0 0 0 0 0 0 
0 0 0 0 1 0 0 0 1 1 0 0 1 0 1 
0 0 0 1 1 1 1 0 1 0 0 0 0 0 0 
1 0 0 0 0 1 0 1 1 0 0 1 0 0 0 
0 0 0 1 1 0 0 1 0 0 1 0 0 1 0 
0 1 1 0 1 0 1 0 0 0 1 0 0 0 0 
0 1 0 0 0 0 1 1 0 1 0 0 0 0 1 
0 1 1 0 0 0 0 1 1 0 0 0 0 0 1 
0 0 0 0 1 0 1 1 0 0 1 0 1 0 0 
1 0 0 1 0 1 0 0 0 0 0 0 1 0 1 
1 1 0 0 0 1 0 0 0 0 1 0 0 1 0 
1 1 1 0 1 0 0 0 0 0 1 0 0 0 0 
0 0 0 1 0 0 0 1 1 1 0 0 1 0 0 
Best Sequence: 
13 12 8 4 1 11 3 14 10 9 7 6 5 2 0 
1 0 0 0 0 0 0 1 1 0 0 0 1 1 0 
1 0 1 0 0 0 1 0 0 0 0 0 1 0 1 
1 1 0 0 1 1 1 0 0 0 0 0 0 0 0 
0 1 0 0 0 0 1 0 1 0 0 0 0 1 1 
0 1 0 0 0 1 0 1 1 1 0 0 0 0 0 
1 0 0 0 0 0 1 0 0 1 1 1 0 0 0 
0 0 0 0 0 0 0 1 0 1 1 1 1 0 0 
1 1 1 1 1 0 0 0 0 0 0 0 0 0 0 
1 0 1 0 1 1 0 1 0 0 0 0 0 0 0 
1 0 1 0 0 1 0 0 0 0 0 1 0 1 0 
0 0 0 1 1 1 0 0 1 1 0 0 0 0 0 
0 0 0 0 0 1 0 1 0 1 0 1 0 0 1 
0 0 0 0 0 0 0 0 1 1 0 0 1 1 1 
0 1 0 0 0 1 0 0 0 0 1 0 1 1 0 
0 0 0 0 0 1 0 0 0 1 0 0 1 1 1 
1 1 0 1 0 0 1 0 0 0 0 1 0 0 0 
0 0 0 0 1 1 1 1 0 0 0 0 0 1 0 
0 0 1 1 0 0 0 0 0 0 1 1 0 0 1 
0 1 1 1 0 0 0 1 0 1 0 0 0 0 0 
0 0 1 1 0 0 1 0 0 0 0 1 1 0 0 
0 0 1 0 0 1 0 0 0 0 1 0 1 0 1 
1 0 0 1 0 0 1 0 1 0 1 0 0 0 0 
0 0 0 1 1 0 0 0 1 0 0 1 0 1 0 
0 0 0 0 1 0 0 1 0 1 1 1 0 0 0 
0 0 1 0 1 0 0 1 0 0 1 0 0 1 0 
0 1 0 1 0 0 0 0 1 0 1 1 0 0 0 
0 1 0 0 0 0 1 1 0 0 0 0 1 0 1 
1 0 0 0 1 0 0 0 1 0 0 0 1 0 1 
0 0 0 1 1 0 0 0 1 0 0 0 0 1 1 
0 1 1 0 0 0 1 0 0 1 1 0 0 0 0 
OpenStacks: 27
Took 12.78 seconds

buffer: Warwick 1689: balanced orders and products, 5 products per order
numCustomers: 30
numProducts: 15
1 1 1 0 0 0 0 1 0 0 1 0 0 0 0 
1 0 0 0 0 1 0 1 1 0 0 0 0 1 0 
0 1 1 0 0 0 0 1 0 0 1 0 0 1 0 
0 1 0 1 0 0 1 0 1 0 0 0 0 0 1 
0 1 0 1 1 0 1 0 0 0 0 0 0 0 1 
1 1 1 0 1 0 1 0 0 0 0 0 0 0 0 
0 0 1 0 0 1 0 0 0 0 1 0 1 0 1 
0 0 1 0 0 0 0 0 0 0 1 1 1 0 1 
0 1 0 0 0 0 1 0 1 0 1 0 1 0 0 
1 1 0 1 0 1 0 0 1 0 0 0 0 0 0 
0 0 1 0 0 0 0 0 1 1 1 0 0 1 0 
1 0 1 0 0 0 0 1 0 0 0 1 0 1 0 
0 0 0 0 1 1 1 0 0 1 0 1 0 0 0 
1 1 0 1 1 0 0 0 0 0 0 1 0 0 0 
0 0 1 0 1 1 0 0 0 1 0 0 0 1 0 
0 0 0 0 1 1 1 0 0 0 1 1 0 0 0 
1 0 0 1 0 0 0 0 0 1 0 0 1 1 0 
0 1 0 0 0 0 0 1 0 1 0 0 1 0 1 
0 0 0 0 0 0 0 0 1 1 0 1 1 0 1 
0 0 0 0 1 1 1 1 0 0 0 1 0 0 0 
1 0 0 0 1 0 0 1 0 0 1 0 1 0 0 
0 0 0 1 0 1 1 1 0 0 0 0 0 1 0 
0 0 0 0 1 1 0 0 1 1 1 0 0 0 0 
1 0 0 1 0 0 0 0 0 1 0 1 1 0 0 
0 0 1 1 0 0 0 0 1 0 1 1 0 0 0 
0 0 0 0 1 0 1 1 0 0 0 0 1 1 0 
0 0 1 0 0 0 1 0 0 0 0 1 0 1 1 
1 0 0 1 0 0 0 0 1 0 0 0 1 0 1 
0 0 0 0 0 1 0 1 0 1 0 0 0 1 1 
0 1 0 1 0 0 0 0 1 1 0 0 0 0 1 
Best Sequence: 
11 10 6 5 4 7 13 12 14 9 8 3 2 1 0 
0 1 0 0 0 1 0 0 0 0 0 0 1 1 1 
0 0 0 1 0 1 1 0 0 0 1 0 0 0 1 
0 1 0 0 0 1 1 0 0 0 0 0 1 1 0 
0 0 1 0 0 0 0 0 1 0 1 1 0 1 0 
0 0 1 0 1 0 0 0 1 0 0 1 0 1 0 
0 0 1 0 1 0 0 0 0 0 0 0 1 1 1 
0 1 0 1 0 0 0 1 1 0 0 0 1 0 0 
1 1 0 0 0 0 0 1 1 0 0 0 1 0 0 
0 1 1 0 0 0 0 1 0 0 1 0 0 1 0 
0 0 0 1 0 0 0 0 0 0 1 1 0 1 1 
0 1 0 0 0 0 1 0 0 1 1 0 1 0 0 
1 0 0 0 0 1 1 0 0 0 0 0 1 0 1 
1 0 1 1 1 0 0 0 0 1 0 0 0 0 0 
1 0 0 0 1 0 0 0 0 0 0 1 0 1 1 
0 0 0 1 1 0 1 0 0 1 0 0 1 0 0 
1 1 1 1 1 0 0 0 0 0 0 0 0 0 0 
0 0 0 0 0 0 1 1 0 1 0 1 0 0 1 
0 0 0 0 0 1 0 1 1 1 0 0 0 1 0 
1 0 0 0 0 0 0 1 1 1 1 0 0 0 0 
1 0 1 1 1 1 0 0 0 0 0 0 0 0 0 
0 1 0 0 1 1 0 1 0 0 0 0 0 0 1 
0 0 1 1 0 1 1 0 0 0 0 1 0 0 0 
0 1 0 1 1 0 0 0 0 1 1 0 0 0 0 
1 0 0 0 0 0 0 1 0 1 0 1 0 0 1 
1 1 0 0 0 0 0 0 0 0 1 1 1 0 0 
0 0 1 0 1 1 1 1 0 0 0 0 0 0 0 
1 0 1 0 0 0 1 0 1 0 0 0 1 0 0 
0 0 0 0 0 0 0 1 1 0 1 1 0 0 1 
0 0 0 1 0 1 1 0 1 1 0 0 0 0 0 
0 0 0 0 0 0 0 0 1 1 1 1 0 1 0 
OpenStacks: 27
Took 12.77 seconds

buffer: Warwick 1690: balanced orders and products, 5 products per order
numCustomers: 30
numProducts: 15
1 0 0 0 1 0 0 1 0 0 1 0 0 1 0 
1 0 1 1 1 0 0 0 0 0 0 0 0 0 1 
0 1 0 0 0 1 1 0 0 1 0 0 1 0 0 
0 0 0 1 1 0 1 0 1 1 0 0 0 0 0 
0 0 0 1 0 1 0 1 0 1 0 1 0 0 0 
0 1 0 0 0 1 0 1 0 0 1 1 0 0 0 
0 1 0 0 1 0 0 1 1 0 0 1 0 0 0 
0 0 1 0 0 0 1 0 0 0 0 0 1 1 1 
0 0 1 0 0 0 0 1 1 0 0 1 0 0 1 
0 0 0 0 1 0 1 0 1 1 0 1 0 0 0 
0 0 0 1 0 1 0 0 0 0 1 0 0 1 1 
1 0 1 0 0 1 0 0 1 0 0 0 1 0 0 
1 0 1 0 0 0 1 0 0 1 0 0 1 0 0 
1 0 0 0 1 0 1 0 1 0 0 0 0 1 0 
0 0 1 0 0 0 0 0 0 0 1 0 1 1 1 
1 1 1 0 0 0 1 0 1 0 0 0 0 0 0 
0 0 1 1 0 0 0 1 0 1 0 0 0 0 1 
1 0 0 0 0 1 1 0 0 0 1 1 0 0 0 
1 1 0 0 1 0 0 0 0 0 1 1 0 0 0 
0 1 0 1 0 0 1 0 0 0 0 0 1 0 1 
0 0 1 0 0 1 1 1 0 0 0 0 0 1 0 
1 0 0 0 0 1 0 0 0 0 1 1 0 1 0 
0 1 0 0 0 0 0 0 1 0 1 0 1 1 0 
0 1 0 0 1 0 0 0 0 1 1 0 1 0 0 
0 1 0 1 1 1 0 0 0 0 0 0 1 0 0 
0 0 0 1 0 0 0 1 1 1 0 0 0 1 0 
0 0 0 1 0 1 0 1 0 0 1 0 0 1 0 
0 0 0 1 1 0 0 0 1 1 0 0 0 0 1 
0 0 1 0 0 0 0 1 0 0 0 1 1 0 1 
1 1 0 0 0 0 0 0 0 1 0 1 0 0 1 
Best Sequence: 
14 13 10 5 3 7 12 11 9 8 6 4 2 1 0 
0 1 1 0 0 1 0 0 0 0 0 1 0 0 1 
1 0 0 0 1 0 0 0 0 0 0 1 1 0 1 
0 0 0 1 0 0 1 0 1 0 1 0 0 1 0 
0 0 0 0 1 0 0 0 1 1 1 1 0 0 0 
0 0 0 1 1 1 0 1 1 0 0 0 0 0 0 
0 0 1 1 0 1 0 1 0 0 0 0 0 1 0 
0 0 0 0 0 1 0 1 0 1 0 1 0 1 0 
1 1 0 0 0 0 1 0 0 0 1 0 1 0 0 
1 0 0 0 0 1 0 1 0 1 0 0 1 0 0 
0 0 0 0 0 0 0 1 1 1 1 1 0 0 0 
1 1 1 1 1 0 0 0 0 0 0 0 0 0 0 
0 0 0 1 0 0 1 0 0 1 0 0 1 0 1 
0 0 0 0 0 0 1 0 1 0 1 0 1 0 1 
0 1 0 0 0 0 0 0 0 1 1 1 0 0 1 
1 1 1 0 0 0 1 0 0 0 0 0 1 0 0 
0 0 0 0 0 0 0 0 0 1 1 0 1 1 1 
1 0 0 0 1 1 0 0 1 0 0 0 1 0 0 
0 0 1 1 0 0 0 1 0 0 1 0 0 0 1 
0 0 1 0 0 0 0 1 0 0 0 1 0 1 1 
1 0 0 0 1 0 1 0 0 0 1 0 0 1 0 
0 1 0 1 0 1 0 0 0 0 1 0 1 0 0 
0 1 1 1 0 0 0 1 0 0 0 0 0 0 1 
0 1 1 0 0 0 1 0 0 1 0 0 0 1 0 
0 0 1 0 0 0 1 0 1 0 0 1 0 1 0 
0 0 0 1 1 0 1 0 0 0 0 1 0 1 0 
0 1 0 0 1 1 0 0 1 1 0 0 0 0 0 
0 1 1 1 1 1 0 0 0 0 0 0 0 0 0 
1 0 0 0 1 0 0 0 1 1 0 1 0 0 0 
1 0 0 0 0 1 1 1 0 0 0 0 1 0 0 
1 0 0 0 0 0 0 1 1 0 0 0 0 1 1 
OpenStacks: 27
Took 12.77 seconds

buffer: Warwick 1691: balanced orders and products, 6 products per order
numCustomers: 30
numProducts: 15
0 0 0 1 1 0 1 1 1 0 0 0 0 1 0 
0 0 0 1 1 1 0 0 0 0 1 0 1 0 1 
0 1 1 0 0 0 1 0 0 1 0 0 1 1 0 
1 0 1 0 1 0 0 0 1 1 0 0 0 0 1 
0 0 1 0 1 1 0 0 0 1 1 0 1 0 0 
0 1 1 1 0 0 0 1 1 1 0 0 0 0 0 
0 0 0 0 1 0 0 1 0 0 1 1 1 1 0 
0 1 0 0 0 0 0 1 0 1 0 1 1 1 0 
1 1 0 1 0 1 0 0 0 0 1 1 0 0 0 
0 0 1 1 1 0 1 0 0 0 0 1 1 0 0 
1 0 0 0 0 1 1 0 1 0 0 0 1 0 1 
1 0 0 0 0 1 0 0 0 1 0 1 0 1 1 
0 0 1 1 1 0 1 0 0 0 0 0 0 1 1 
1 1 0 0 0 0 0 0 1 0 1 0 0 1 1 
0 1 0 0 0 0 1 0 1 1 0 1 0 1 0 
1 0 0 1 0 1 0 1 0 0 0 1 0 0 1 
0 1 1 0 0 1 0 1 0 0 1 0 1 0 0 
1 1 0 1 0 0 0 1 1 1 0 0 0 0 0 
0 0 0 1 1 0 1 0 0 1 0 0 1 1 0 
0 0 0 1 0 1 1 1 0 0 1 1 0 0 0 
1 0 1 1 1 0 0 0 0 1 0 1 0 0 0 
1 1 1 0 1 1 0 0 0 0 1 0 0 0 0 
0 0 0 0 0 1 1 0 1 1 0 1 0 1 0 
1 0 0 0 0 1 1 1 1 0 0 0 1 0 0 
1 1 1 0 0 0 0 0 0 0 1 0 1 0 1 
0 1 1 0 0 1 0 0 0 0 1 1 0 0 1 
1 0 0 1 0 0 1 0 0 0 1 1 1 0 0 
0 0 1 0 0 0 0 1 1 0 1 0 0 1 1 
0 0 0 0 1 0 1 1 1 1 0 0 0 0 1 
0 1 0 0 1 0 0 1 1 0 0 0 0 1 1 
Best Sequence: 
13 8 7 6 4 3 12 9 14 11 10 5 2 1 0 
1 1 1 1 1 1 0 0 0 0 0 0 0 0 0 
0 0 0 0 1 1 1 0 1 0 1 1 0 0 0 
1 0 0 1 0 0 1 1 0 0 0 0 1 1 0 
0 1 0 0 1 0 0 1 1 0 0 0 1 0 1 
0 0 0 0 1 0 1 1 0 0 1 1 1 0 0 
0 1 1 0 0 1 0 1 0 0 0 0 1 1 0 
1 0 1 0 1 0 1 0 0 1 1 0 0 0 0 
1 0 1 0 0 0 1 1 0 1 0 0 0 1 0 
0 0 0 0 0 1 0 0 0 1 1 1 0 1 1 
0 0 0 1 1 1 1 0 0 1 0 0 1 0 0 
0 1 0 1 0 0 1 0 1 0 0 1 0 0 1 
1 0 0 0 0 0 0 1 1 1 0 1 0 0 1 
1 0 0 1 1 1 0 0 1 0 0 0 1 0 0 
1 1 0 0 0 0 0 0 1 0 1 0 0 1 1 
1 1 0 1 0 0 0 1 0 1 0 0 0 1 0 
0 0 1 0 0 1 0 0 1 1 0 1 0 0 1 
0 0 1 0 0 0 1 0 0 0 1 1 1 1 0 
0 1 1 0 0 1 0 1 0 0 0 0 0 1 1 
1 0 0 1 1 1 1 1 0 0 0 0 0 0 0 
0 0 1 1 0 1 0 0 0 1 1 1 0 0 0 
0 0 0 0 1 1 0 1 0 1 0 0 1 0 1 
0 0 0 0 1 0 0 0 0 0 1 1 1 1 1 
1 1 0 1 0 0 0 1 0 1 0 1 0 0 0 
0 1 1 1 0 0 1 0 0 0 0 1 0 0 1 
0 0 0 0 0 0 1 0 1 0 1 0 1 1 1 
0 0 0 0 0 0 0 0 1 1 1 1 1 1 0 
0 0 0 1 0 1 1 0 0 1 1 0 0 0 1 
1 1 1 0 0 0 0 0 1 0 1 0 1 0 0 
0 1 1 1 1 0 0 1 1 0 0 0 0 0 0 
1 1 1 0 1 0 0 0 1 0 0 0 0 1 0 
OpenStacks: 28
Took 13.02 seconds

buffer: Warwick 1692: balanced orders and products, 6 products per order
numCustomers: 30
numProducts: 15
0 1 0 1 1 0 0 0 0 1 1 0 1 0 0 
0 0 1 0 1 0 1 0 1 0 0 0 1 1 0 
1 0 0 0 0 0 0 0 1 0 1 1 1 0 1 
1 0 0 0 1 0 0 1 0 1 1 0 1 0 0 
0 1 0 1 0 1 0 0 1 0 1 0 0 1 0 
0 1 0 1 1 1 0 0 0 0 0 1 1 0 0 
0 0 1 0 1 0 0 1 1 0 0 1 0 1 0 
1 0 0 1 0 0 1 0 0 0 0 1 1 0 1 
1 0 0 0 0 1 1 0 1 1 1 0 0 0 0 
0 1 1 1 0 0 1 1 1 0 0 0 0 0 0 
0 1 0 0 0 1 0 1 0 0 1 0 1 1 0 
0 1 0 0 1 1 0 0 0 1 0 0 0 1 1 
0 0 0 0 1 0 1 1 0 1 0 1 1 0 0 
1 1 0 0 1 0 0 0 0 0 1 0 0 1 1 
1 0 1 1 0 0 0 1 0 1 0 1 0 0 0 
1 0 0 0 0 0 0 1 1 0 0 1 0 1 1 
0 1 1 0 0 0 1 0 0 0 1 0 1 0 1 
0 1 1 0 0 0 1 1 0 0 0 1 1 0 0 
0 0 0 0 0 0 0 1 1 1 0 1 0 1 1 
0 0 1 1 0 0 0 1 1 1 0 0 0 1 0 
1 0 1 0 0 1 0 0 1 0 1 1 0 0 0 
1 1 0 0 0 0 1 0 0 0 0 1 0 1 1 
1 0 0 0 1 1 0 0 1 1 0 0 0 0 1 
0 1 0 1 1 1 0 0 0 1 1 0 0 0 0 
1 0 1 0 0 1 1 0 0 0 0 0 1 0 1 
0 1 0 1 0 0 0 1 0 0 1 1 1 0 0 
0 0 1 1 0 0 1 1 0 0 0 0 0 1 1 
0 0 1 1 1 1 0 0 0 1 0 0 0 1 0 
0 0 1 1 0 1 1 0 0 0 1 0 0 0 1 
1 0 0 0 1 1 1 0 1 1 0 0 0 0 0 
Best Sequence: 
12 11 10 7 3 1 6 2 14 13 9 8 5 4 0 
1 0 1 0 1 1 0 0 0 0 1 0 0 1 0 
1 0 0 0 0 0 1 1 0 1 0 1 0 1 0 
1 1 1 0 0 0 0 0 1 0 0 1 0 0 1 
1 0 1 1 0 0 0 0 0 0 1 0 0 1 1 
0 0 1 0 1 1 0 0 0 1 0 1 1 0 0 
1 1 0 0 1 1 0 0 0 0 0 0 1 1 0 
0 1 0 1 0 0 0 1 0 1 0 1 0 1 0 
1 1 0 0 1 0 1 0 1 0 0 0 0 0 1 
0 0 1 0 0 0 1 0 0 0 1 1 1 0 1 
0 0 0 1 1 1 1 1 0 0 0 1 0 0 0 
1 0 1 1 0 1 0 0 0 1 0 0 1 0 0 
0 0 0 0 0 1 0 0 1 1 1 0 1 1 0 
1 1 0 1 0 0 1 0 0 0 1 0 0 1 0 
0 0 1 0 0 1 0 0 1 1 0 0 0 1 1 
0 1 0 1 1 0 0 1 0 0 1 0 0 0 1 
0 1 0 1 0 0 0 0 1 1 0 1 0 0 1 
1 0 1 0 0 1 1 1 1 0 0 0 0 0 0 
1 1 0 1 0 1 1 1 0 0 0 0 0 0 0 
0 1 0 1 0 0 0 0 1 1 1 1 0 0 0 
0 0 0 1 1 0 0 1 0 1 1 1 0 0 0 
0 1 1 0 0 0 0 1 0 0 0 1 1 0 1 
0 1 0 0 0 1 1 0 1 1 0 0 0 0 1 
0 0 0 0 0 0 0 0 1 0 1 1 1 1 1 
0 0 1 0 1 1 0 0 0 0 1 0 1 1 0 
1 0 0 0 0 0 1 1 1 0 0 0 1 0 1 
1 1 1 1 1 1 0 0 0 0 0 0 0 0 0 
0 0 0 1 1 0 1 1 1 1 0 0 0 0 0 
0 0 0 0 1 0 0 1 0 1 1 0 1 1 0 
0 0 1 0 1 0 1 1 1 0 0 0 1 0 0 
0 0 0 0 0 0 1 0 0 0 1 1 1 1 1 
OpenStacks: 28
Took 13.04 seconds

buffer: Warwick 1693: balanced orders and products, 6 products per order
numCustomers: 30
numProducts: 15
1 0 0 0 0 0 1 1 1 0 1 1 0 0 0 
0 1 1 1 0 0 0 0 0 1 1 0 0 1 0 
0 0 1 0 1 1 1 0 1 1 0 0 0 0 0 
0 0 1 0 0 0 0 1 0 0 1 1 0 1 1 
1 0 0 1 1 1 0 1 0 0 0 0 1 0 0 
0 1 0 0 0 1 1 1 0 0 0 1 0 1 0 
0 1 1 1 0 0 0 0 0 0 1 0 1 0 1 
0 0 1 0 0 0 1 0 1 0 1 0 0 1 1 
1 0 0 1 1 0 1 0 0 0 0 0 0 1 1 
1 1 1 0 1 0 1 0 0 0 0 1 0 0 0 
1 0 1 0 1 0 0 1 0 1 0 0 1 0 0 
0 0 0 0 0 0 1 0 1 0 0 1 1 1 1 
1 0 0 0 0 1 0 0 1 0 0 1 0 1 1 
1 1 1 1 0 0 0 0 0 0 1 0 1 0 0 
0 0 1 1 1 0 0 0 0 0 1 1 1 0 0 
0 0 0 0 1 0 1 0 1 0 1 0 1 0 1 
0 1 0 0 0 1 1 1 0 0 0 1 0 1 0 
0 0 0 0 0 1 0 1 0 1 0 1 1 1 0 
0 0 1 1 0 1 0 1 0 1 0 0 0 0 1 
1 1 0 1 1 0 1 0 0 1 0 0 0 0 0 
1 0 0 1 0 1 0 0 0 1 0 0 1 1 0 
1 0 1 1 0 0 0 1 0 1 0 0 0 1 0 
0 1 1 0 0 0 0 1 0 0 1 0 1 0 1 
0 1 0 0 1 0 0 0 1 1 1 0 0 0 1 
0 0 0 0 1 1 0 0 1 1 0 1 1 0 0 
1 0 0 0 0 1 0 0 0 1 1 1 0 0 1 
0 1 0 0 1 1 0 0 1 0 0 0 0 1 1 
0 1 0 1 0 0 0 1 1 1 0 0 1 0 0 
0 1 0 1 0 0 1 1 1 0 1 0 0 0 0 
1 0 0 0 1 1 1 0 1 0 0 1 0 0 0 
Best Sequence: 
14 12 10 8 6 4 13 11 9 7 5 3 2 1 0 
0 0 1 1 1 0 0 1 0 1 0 0 0 0 1 
0 0 1 0 0 0 1 0 1 0 0 1 1 1 0 
0 0 0 1 1 1 0 0 1 0 1 0 1 0 0 
1 0 1 0 0 0 1 1 0 1 0 0 1 0 0 
0 1 0 0 0 1 0 0 0 1 1 1 0 0 1 
0 0 0 0 1 0 1 1 0 1 1 0 0 1 0 
1 1 1 0 0 0 0 0 0 0 0 1 1 1 0 
1 0 1 1 1 0 1 0 0 0 0 0 1 0 0 
1 0 0 0 1 1 1 0 0 0 0 1 0 0 1 
0 0 0 0 1 1 0 1 0 0 0 0 1 1 1 
0 1 0 0 0 1 0 0 1 1 0 0 1 0 1 
1 1 0 1 1 0 1 1 0 0 0 0 0 0 0 
1 0 0 1 0 0 1 1 0 0 1 0 0 0 1 
0 1 1 0 0 0 0 0 0 0 0 1 1 1 1 
0 1 1 0 0 1 0 1 0 0 0 1 1 0 0 
1 1 1 1 1 1 0 0 0 0 0 0 0 0 0 
0 0 0 0 1 0 1 1 0 1 1 0 0 1 0 
0 1 0 0 0 0 1 1 1 1 1 0 0 0 0 
1 0 0 0 0 0 0 0 1 1 1 1 1 0 0 
0 0 0 0 1 1 0 0 1 0 0 1 0 1 1 
0 1 0 0 0 0 1 0 1 0 1 1 0 0 1 
0 0 0 0 0 0 1 0 1 1 0 1 1 0 1 
1 1 1 0 0 0 0 0 0 1 0 0 1 1 0 
1 0 1 1 0 1 0 0 1 0 0 0 0 1 0 
0 1 0 1 0 1 0 1 1 0 1 0 0 0 0 
1 0 1 0 0 0 0 1 1 0 1 0 0 0 1 
1 0 0 1 0 1 1 0 0 0 1 0 0 1 0 
0 1 0 1 0 0 0 0 1 1 0 1 0 1 0 
0 0 1 1 1 0 0 0 0 1 0 1 0 1 0 
0 0 0 1 1 1 0 1 0 0 1 0 0 0 1 
OpenStacks: 29
Took 13.03 seconds

buffer: Warwick 1694: balanced orders and products, 6 products per order
numCustomers: 30
numProducts: 15
0 0 0 0 1 1 1 0 0 1 1 0 1 0 0 
0 0 1 0 0 0 0 0 0 0 1 1 1 1 1 
0 1 0 0 1 1 1 0 1 0 1 0 0 0 0 
1 0 0 0 1 0 0 1 1 1 0 1 0 0 0 
0 1 0 1 1 0 1 0 0 0 1 0 0 1 0 
0 0 0 1 0 1 0 1 0 0 0 1 1 1 0 
1 0 1 1 0 0 0 0 1 0 1 0 0 0 1 
0 0 1 0 0 0 0 1 1 1 0 0 0 1 1 
1 0 0 0 0 0 1 1 0 0 1 0 1 1 0 
1 0 0 1 0 1 0 1 0 0 0 1 1 0 0 
0 0 0 0 1 0 1 0 0 1 0 0 1 1 1 
0 1 1 1 0 0 1 0 0 1 0 0 0 0 1 
0 0 1 0 0 0 0 1 0 1 0 0 1 1 1 
1 0 1 0 1 1 0 1 0 1 0 0 0 0 0 
0 1 0 1 0 1 1 0 0 0 0 1 1 0 0 
0 0 0 1 0 1 1 0 1 0 1 0 0 0 1 
0 0 0 1 1 0 0 1 0 1 0 0 1 1 0 
1 0 1 0 0 0 0 0 1 1 0 0 1 1 0 
1 1 0 0 0 1 0 1 1 1 0 0 0 0 0 
0 1 0 0 0 1 1 1 0 0 1 0 0 1 0 
0 1 0 1 1 1 0 0 0 0 1 1 0 0 0 
1 1 0 1 1 0 0 0 0 1 0 0 0 0 1 
1 0 1 1 0 0 1 1 0 0 0 0 0 0 1 
1 0 0 0 0 0 0 0 1 0 0 1 1 1 1 
1 0 1 0 1 0 1 0 1 0 0 1 0 0 0 
0 1 1 1 1 0 0 0 1 0 0 1 0 0 0 
1 1 0 0 0 0 0 0 1 0 0 1 0 1 1 
0 1 1 0 0 1 0 0 0 0 1 1 0 0 1 
0 1 0 0 1 0 1 0 1 1 1 0 0 0 0 
0 0 1 0 0 1 0 1 0 0 1 1 1 0 0 
Best Sequence: 
14 13 12 9 7 2 8 11 10 6 5 4 3 1 0 
0 0 1 1 0 0 0 0 1 1 1 1 0 0 0 
1 1 1 0 0 1 0 1 1 0 0 0 0 0 0 
0 0 0 0 0 0 1 0 1 1 1 1 0 1 0 
0 0 0 1 1 0 1 1 0 0 0 1 0 0 1 
0 1 0 0 0 0 0 0 1 1 0 1 1 1 0 
0 1 1 0 1 0 0 1 0 0 1 0 1 0 0 
1 0 0 0 0 1 1 0 1 0 0 0 1 0 1 
1 1 0 1 1 1 1 0 0 0 0 0 0 0 0 
0 1 1 0 1 0 0 0 1 1 0 0 0 0 1 
0 0 1 0 1 0 0 1 0 0 1 0 1 0 1 
1 1 1 1 0 0 0 0 0 1 0 1 0 0 0 
1 0 0 1 0 1 0 0 0 1 0 0 1 1 0 
1 1 1 1 1 1 0 0 0 0 0 0 0 0 0 
0 0 0 1 1 1 0 0 0 0 1 1 0 0 1 
0 0 1 0 0 0 0 1 0 1 1 0 1 1 0 
1 0 0 0 0 0 1 0 1 1 1 0 1 0 0 
0 1 1 1 1 0 0 0 0 0 0 1 1 0 0 
0 1 1 1 0 1 1 0 0 0 0 0 0 0 1 
0 0 0 1 1 0 1 0 0 0 1 0 0 1 1 
0 1 0 0 1 0 0 0 1 1 1 0 0 1 0 
0 0 0 0 0 0 0 1 1 0 1 1 1 1 0 
1 0 0 1 0 0 0 0 0 0 0 1 1 1 1 
1 0 0 0 1 1 0 0 0 1 0 0 1 0 1 
1 1 1 0 0 0 1 1 0 0 0 0 0 0 1 
0 0 0 0 0 1 1 1 0 1 0 1 0 0 1 
0 0 0 0 0 1 1 1 0 0 0 1 1 1 0 
1 1 0 0 0 0 1 1 0 0 0 0 0 1 1 
1 0 0 0 0 1 0 1 1 0 1 0 0 1 0 
0 0 0 1 0 0 1 0 1 1 0 1 0 1 0 
0 0 1 0 1 1 0 1 1 0 1 0 0 0 0 
OpenStacks: 28
Took 13.02 seconds

buffer: Warwick 1695: balanced orders and products, 6 products per order
numCustomers: 30
numProducts: 15
1 0 0 0 0 1 0 1 0 0 0 1 1 0 1 
1 0 0 0 0 1 0 1 0 1 0 1 1 0 0 
1 0 0 0 0 0 0 1 1 1 0 1 1 0 0 
0 1 0 1 1 0 1 0 0 0 0 1 0 0 1 
1 0 0 0 0 0 1 0 1 1 1 0 0 1 0 
0 1 0 1 0 0 1 0 0 0 1 0 0 1 1 
0 1 0 1 0 1 1 0 1 0 0 0 1 0 0 
0 0 0 0 1 1 1 0 0 0 1 0 0 1 1 
1 0 1 0 0 0 0 0 1 0 1 0 1 0 1 
1 0 1 0 0 1 0 1 0 0 1 0 0 1 0 
0 0 0 1 1 0 0 0 0 1 1 1 0 1 0 
0 0 1 0 1 0 0 0 0 1 0 1 0 1 1 
0 1 0 1 0 1 0 1 0 0 0 1 0 1 0 
0 0 1 0 1 0 0 0 1 1 0 1 1 0 0 
0 1 0 1 0 1 1 1 0 0 0 1 0 0 0 
1 0 1 0 0 0 0 1 0 0 1 0 1 0 1 
0 1 0 1 0 1 1 0 0 0 1 0 0 1 0 
0 0 0 0 0 0 1 1 1 0 1 0 1 0 1 
0 1 1 0 0 1 0 0 1 1 0 0 1 0 0 
1 1 0 0 0 0 0 1 1 1 0 1 0 0 0 
0 0 0 1 1 1 0 1 0 1 0 0 0 1 0 
0 1 1 1 0 1 0 1 0 0 0 0 0 0 1 
0 0 1 0 1 0 1 1 0 0 0 0 1 0 1 
1 0 0 0 1 1 0 0 0 0 1 0 0 1 1 
1 1 0 0 1 0 1 0 1 1 0 0 0 0 0 
0 0 1 1 1 0 0 0 0 0 1 0 1 1 0 
1 0 1 1 0 0 1 0 0 0 0 0 1 0 1 
1 1 0 0 1 0 0 0 1 0 0 1 0 1 0 
0 0 1 1 1 0 0 0 1 1 1 0 0 0 0 
0 1 1 0 0 0 1 0 1 1 0 1 0 0 0 
Best Sequence: 
14 13 10 6 3 1 5 4 12 11 9 8 7 2 0 
1 0 0 0 0 0 1 0 1 1 0 0 1 0 1 
0 0 0 0 0 0 1 0 1 1 1 0 1 0 1 
0 0 0 0 0 0 0 0 1 1 1 1 1 0 1 
1 0 0 1 1 1 0 1 0 1 0 0 0 0 0 
0 1 1 1 0 0 0 0 0 0 1 1 0 0 1 
1 1 1 1 1 1 0 0 0 0 0 0 0 0 0 
0 0 0 1 1 1 1 0 1 0 0 1 0 0 0 
1 1 1 1 0 0 1 1 0 0 0 0 0 0 0 
1 0 1 0 0 0 0 0 1 0 0 1 0 1 1 
0 1 1 0 0 0 1 0 0 0 0 0 1 1 1 
0 1 1 0 1 0 0 1 0 1 1 0 0 0 0 
1 1 0 0 0 0 0 1 0 1 1 0 0 1 0 
0 1 0 0 1 1 1 0 0 1 0 0 1 0 0 
0 0 0 0 0 0 0 1 1 1 1 1 0 1 0 
0 0 0 1 1 1 1 0 0 1 0 0 1 0 0 
1 0 1 0 0 0 0 0 1 0 0 0 1 1 1 
0 1 1 1 1 1 1 0 0 0 0 0 0 0 0 
1 0 1 1 0 0 0 0 1 0 0 1 1 0 0 
0 0 0 0 0 1 1 0 1 0 1 1 0 1 0 
0 0 0 0 0 1 0 0 0 1 1 1 1 0 1 
0 1 0 0 1 0 1 1 0 0 1 0 1 0 0 
1 0 0 0 1 1 1 0 0 0 0 0 1 1 0 
1 0 0 1 0 0 0 1 1 0 0 0 1 1 0 
1 1 1 0 0 0 1 1 0 0 0 0 0 0 1 
0 0 0 1 0 1 0 1 0 0 1 1 0 0 1 
0 1 1 0 1 0 0 1 1 0 0 0 0 1 0 
1 0 0 1 1 0 0 0 1 0 0 0 0 1 1 
0 1 0 0 0 1 0 1 0 1 0 1 0 0 1 
0 0 1 0 1 0 0 1 0 0 1 1 0 1 0 
0 0 0 1 0 1 0 0 0 1 1 1 0 1 0 
OpenStacks: 27
Took 12.95 seconds

buffer: Warwick 1696: balanced orders and products, 6 products per order
numCustomers: 30
numProducts: 15
0 0 0 1 0 1 1 0 0 0 1 1 0 1 0 
0 0 0 0 1 1 0 0 1 0 1 0 1 0 1 
0 1 0 1 0 1 1 0 0 0 0 0 1 0 1 
0 1 1 0 0 0 0 1 1 1 0 1 0 0 0 
0 1 1 1 0 0 0 1 0 0 1 0 0 1 0 
0 0 1 0 1 0 0 1 1 0 0 1 0 0 1 
0 0 1 1 1 0 0 0 0 1 1 0 0 0 1 
0 1 0 0 0 0 1 1 0 1 0 0 1 0 1 
0 1 1 0 0 0 0 0 0 1 1 1 1 0 0 
1 0 0 0 1 0 1 0 1 0 0 1 0 1 0 
0 1 1 1 0 0 0 0 0 1 1 0 0 1 0 
0 1 0 0 1 1 0 1 1 0 0 0 0 1 0 
1 1 0 0 1 0 1 0 0 1 0 1 0 0 0 
1 1 0 1 0 1 0 0 0 0 0 0 1 1 0 
1 0 0 1 1 1 1 0 0 0 1 0 0 0 0 
0 0 1 0 0 0 0 0 1 1 0 1 1 0 1 
1 0 0 0 0 1 1 0 0 1 1 0 0 0 1 
1 0 1 1 0 0 0 1 1 0 1 0 0 0 0 
1 0 0 1 1 1 1 0 0 0 0 0 1 0 0 
1 0 1 1 0 0 0 1 0 1 0 0 0 0 1 
0 0 0 0 0 1 0 1 1 0 1 0 1 1 0 
0 0 1 0 0 0 0 0 1 1 0 1 1 1 0 
1 0 1 1 0 0 0 0 1 0 0 0 0 1 1 
0 1 0 0 1 1 1 1 0 0 0 1 0 0 0 
0 0 0 1 1 0 1 0 0 0 0 0 1 1 1 
0 1 0 0 1 1 1 1 0 0 0 0 1 0 0 
1 1 0 0 0 0 0 1 0 1 1 1 0 0 0 
1 0 0 0 0 1 1 0 1 1 1 0 0 0 0 
1 0 1 0 0 0 0 0 1 0 0 1 0 1 1 
0 0 0 0 1 0 0 1 0 0 0 1 1 1 1 
Best Sequence: 
12 7 6 5 4 1 11 14 13 10 9 8 3 2 0 
0 0 1 1 0 0 1 0 1 1 0 0 1 0 0 
1 0 0 1 1 0 0 1 0 1 0 1 0 0 0 
1 0 1 1 0 1 0 1 0 0 0 0 1 0 0 
0 1 0 0 0 1 1 0 0 0 1 1 0 1 0 
0 1 0 0 0 1 0 0 1 1 0 0 1 1 0 
0 1 0 0 1 0 1 1 0 0 0 1 0 1 0 
0 0 0 0 1 0 0 1 0 1 1 0 1 1 0 
1 1 1 0 0 1 0 1 0 0 1 0 0 0 0 
1 0 0 0 0 1 1 0 0 1 1 0 0 1 0 
0 0 1 0 1 0 1 0 1 0 0 1 0 0 1 
0 0 0 0 0 1 0 0 1 1 1 0 1 1 0 
0 1 0 1 1 1 0 0 1 0 0 1 0 0 0 
0 0 1 0 1 1 1 0 0 0 1 0 0 0 1 
1 0 0 1 0 1 0 0 1 0 0 0 1 0 1 
0 0 1 1 1 0 0 0 0 1 0 0 1 0 1 
1 0 0 0 0 0 1 1 0 0 1 1 0 1 0 
0 0 1 1 0 0 0 1 0 1 1 0 0 0 1 
0 1 0 0 0 0 0 0 0 1 0 1 1 1 1 
1 0 1 1 1 0 0 0 0 0 0 0 1 0 1 
0 1 0 0 0 0 0 1 0 0 1 0 1 1 1 
1 1 0 1 0 0 0 0 1 1 0 1 0 0 0 
1 0 0 0 0 0 1 0 1 0 1 1 0 1 0 
0 0 0 0 0 0 0 1 1 0 0 1 1 1 1 
0 1 1 1 1 1 1 0 0 0 0 0 0 0 0 
1 0 1 0 1 0 0 1 1 0 0 0 1 0 0 
1 1 1 1 1 1 0 0 0 0 0 0 0 0 0 
0 1 0 0 0 1 1 0 0 1 1 0 0 0 1 
0 0 1 1 0 0 0 0 0 1 1 1 0 0 1 
0 0 0 0 0 0 1 1 1 0 0 1 0 1 1 
1 1 0 0 1 0 1 1 1 0 0 0 0 0 0 
OpenStacks: 28
Took 13.03 seconds

buffer: Warwick 1697: balanced orders and products, 6 products per order
numCustomers: 30
numProducts: 15
0 1 1 0 0 0 0 0 0 1 0 1 0 1 1 
1 0 1 1 0 0 0 1 0 1 0 1 0 0 0 
0 0 1 1 1 0 0 1 1 0 0 1 0 0 0 
1 0 1 1 0 1 1 0 0 0 0 0 0 1 0 
0 1 0 0 0 1 1 0 1 0 1 0 1 0 0 
0 0 1 1 1 1 0 0 1 0 0 1 0 0 0 
1 0 0 1 1 0 0 1 0 1 0 1 0 0 0 
1 0 0 0 0 1 1 0 0 0 1 0 1 0 1 
1 0 0 0 0 0 1 0 1 1 0 0 0 1 1 
0 0 0 0 0 1 0 1 0 0 0 1 1 1 1 
0 1 1 0 0 0 0 1 1 0 0 1 1 0 0 
1 0 0 0 0 1 0 1 0 1 1 0 0 1 0 
0 1 1 0 0 0 0 1 0 0 0 0 1 1 1 
0 0 0 1 1 0 0 1 1 0 0 0 0 1 1 
0 1 1 0 1 0 0 0 0 1 1 0 1 0 0 
0 0 0 1 1 0 0 1 0 1 1 0 0 1 0 
0 0 1 0 0 0 1 0 1 1 1 0 0 0 1 
0 0 0 0 0 1 1 0 0 0 1 1 0 1 1 
1 1 0 0 0 1 1 0 0 1 1 0 0 0 0 
1 0 1 0 1 0 0 0 1 0 0 1 0 1 0 
1 0 0 0 1 0 1 1 0 0 0 0 1 1 0 
1 1 0 1 1 0 0 0 0 1 0 0 1 0 0 
0 1 1 1 0 1 0 0 0 0 0 0 1 0 1 
0 0 0 0 0 1 1 0 1 0 1 1 0 0 1 
0 1 0 1 1 0 0 1 0 1 0 0 1 0 0 
1 0 0 0 0 1 1 0 1 0 1 0 0 0 1 
0 0 1 0 1 0 1 0 1 1 1 0 0 0 0 
0 1 0 1 0 0 0 1 0 0 1 1 1 0 0 
1 1 0 1 0 0 0 0 1 0 0 1 0 1 0 
0 1 0 0 1 1 1 0 0 0 0 0 1 0 1 
Best Sequence: 
14 13 11 10 8 6 5 12 9 7 4 3 2 1 0 
1 1 1 0 0 0 0 0 1 0 0 0 1 1 0 
0 0 1 0 0 0 0 0 1 1 0 1 1 0 1 
0 0 1 0 1 0 0 0 0 1 1 1 1 0 0 
0 1 0 0 0 1 1 0 0 0 0 1 1 0 1 
0 0 0 1 1 1 1 1 0 0 0 0 0 1 0 
0 0 1 0 1 0 1 0 0 0 1 1 1 0 0 
0 0 1 0 0 0 0 0 1 1 1 1 0 0 1 
1 0 0 1 0 1 1 1 0 0 0 0 0 0 1 
1 1 0 0 1 1 0 0 1 0 0 0 0 0 1 
1 1 1 0 0 0 1 1 0 1 0 0 0 0 0 
0 0 1 0 1 0 0 1 0 1 0 0 1 1 0 
0 1 0 1 0 0 1 0 1 1 0 0 0 0 1 
1 1 0 0 0 0 0 1 0 1 0 0 1 1 0 
1 1 0 0 1 0 0 0 0 1 1 1 0 0 0 
0 0 0 1 0 0 0 1 1 0 1 0 1 1 0 
0 1 0 1 0 0 0 0 1 1 1 1 0 0 0 
1 0 0 1 1 1 0 0 1 0 0 0 1 0 0 
1 1 1 1 0 1 1 0 0 0 0 0 0 0 0 
0 0 0 1 0 1 1 0 1 0 0 0 0 1 1 
0 1 1 0 1 0 0 0 0 0 1 0 1 0 1 
0 1 0 0 0 1 0 1 0 1 1 0 0 0 1 
0 0 0 0 0 0 0 1 1 0 1 1 0 1 1 
1 0 0 0 0 0 1 1 0 0 0 1 1 1 0 
1 0 1 1 1 1 1 0 0 0 0 0 0 0 0 
0 0 0 0 0 0 0 1 1 1 1 1 0 1 0 
1 0 0 1 1 1 1 0 0 0 0 0 0 0 1 
0 0 0 1 1 1 0 0 1 0 1 0 1 0 0 
0 0 1 1 0 0 0 1 0 1 0 1 0 1 0 
0 1 1 0 1 0 0 0 0 0 0 1 0 1 1 
1 0 0 0 0 1 1 1 0 0 1 0 0 1 0 
OpenStacks: 28
Took 12.98 seconds

buffer: Warwick 1698: balanced orders and products, 6 products per order
numCustomers: 30
numProducts: 15
0 1 1 0 1 1 0 0 0 0 0 0 1 1 0 
1 1 0 0 0 0 0 1 1 0 0 1 0 0 1 
0 1 0 1 0 0 0 1 1 0 0 1 0 0 1 
0 1 1 1 1 0 0 0 1 0 1 0 0 0 0 
0 0 1 0 1 0 0 0 0 1 0 0 1 1 1 
0 0 1 0 0 1 1 0 1 1 0 0 1 0 0 
0 1 0 1 1 0 1 0 0 0 1 0 0 1 0 
0 1 0 1 1 0 0 1 0 0 0 1 0 1 0 
1 0 0 0 0 0 0 0 0 1 1 0 1 1 1 
0 1 0 1 1 0 0 1 0 0 0 1 1 0 0 
0 0 0 0 1 0 1 0 1 0 1 0 0 1 1 
1 0 0 0 1 1 1 0 0 0 0 1 1 0 0 
0 1 1 0 0 1 0 0 1 1 1 0 0 0 0 
0 0 1 1 1 1 0 0 0 1 1 0 0 0 0 
1 1 0 0 0 0 0 0 1 0 0 1 0 1 1 
0 0 1 0 0 0 1 0 1 1 1 0 0 0 1 
1 1 1 0 1 0 0 1 0 0 0 0 1 0 0 
1 0 0 0 1 1 1 0 1 0 0 0 0 0 1 
1 0 0 0 0 0 1 0 1 0 0 1 0 1 1 
0 0 1 1 0 0 0 1 0 0 1 1 0 1 0 
0 0 1 1 0 0 0 1 1 1 0 1 0 0 0 
0 0 0 1 0 0 1 1 1 1 1 0 0 0 0 
0 0 1 0 0 1 1 1 0 0 0 1 0 0 1 
0 0 0 0 0 1 0 1 0 1 1 0 1 1 0 
1 1 0 0 0 1 0 0 0 0 0 1 1 0 1 
0 1 0 1 0 1 1 0 0 1 1 0 0 0 0 
1 0 0 0 1 1 1 0 0 1 0 0 0 1 0 
1 0 1 0 0 0 0 1 0 0 0 1 1 0 1 
1 0 0 1 0 0 0 1 0 0 1 0 1 1 0 
1 0 0 1 0 1 1 0 0 1 0 0 1 0 0 
Best Sequence: 
14 10 9 8 6 2 12 5 13 11 7 4 3 1 0 
0 0 0 0 0 1 1 1 1 0 0 1 0 1 0 
1 0 0 1 0 0 0 0 0 1 1 0 0 1 1 
1 0 0 1 0 0 0 0 0 1 1 0 1 1 0 
0 1 0 1 0 1 0 0 0 0 0 1 1 1 0 
1 0 1 0 0 1 1 0 1 0 0 1 0 0 0 
0 0 1 1 1 1 1 1 0 0 0 0 0 0 0 
0 1 0 0 1 0 0 0 1 0 0 1 1 1 0 
0 0 0 0 0 0 0 0 1 1 1 1 1 1 0 
1 1 1 0 0 0 1 0 1 0 0 0 0 0 1 
0 0 0 0 0 0 1 0 0 1 1 1 1 1 0 
1 1 0 1 1 0 0 0 1 0 0 1 0 0 0 
0 0 0 0 1 0 1 1 0 1 0 1 0 0 1 
0 1 1 1 0 1 0 1 0 0 0 0 0 1 0 
0 1 1 0 0 1 0 1 0 0 0 1 1 0 0 
1 0 0 1 0 0 0 0 1 1 0 0 0 1 1 
1 1 1 1 1 1 0 0 0 0 0 0 0 0 0 
0 0 0 0 0 1 1 0 0 0 1 1 0 1 1 
1 0 0 1 1 0 0 1 0 0 0 1 0 0 1 
1 0 0 1 1 0 0 0 1 1 0 0 0 0 1 
0 1 0 0 0 1 0 0 1 1 1 0 1 0 0 
0 0 1 1 0 1 0 0 0 1 1 0 1 0 0 
0 1 1 1 1 0 0 0 0 0 1 0 1 0 0 
1 0 0 0 1 1 0 1 0 1 1 0 0 0 0 
0 1 1 0 0 0 1 1 1 0 1 0 0 0 0 
1 0 0 0 0 0 1 1 0 1 0 0 0 1 1 
0 1 1 0 1 0 0 1 0 0 0 0 1 1 0 
0 0 1 0 1 0 0 1 1 0 0 1 0 0 1 
1 0 0 0 0 1 1 0 0 1 1 0 0 0 1 
0 1 0 0 0 0 1 0 1 0 1 0 1 0 1 
0 0 1 0 1 0 1 1 0 0 0 0 1 0 1 
OpenStacks: 28
Took 12.97 seconds

buffer: Warwick 1699: balanced orders and products, 6 products per order
numCustomers: 30
numProducts: 15
1 0 1 0 0 0 1 0 1 0 0 1 1 0 0 
0 0 1 0 0 0 1 0 1 1 1 0 0 1 0 
0 0 0 1 1 0 0 1 1 0 1 1 0 0 0 
0 0 0 0 0 1 1 0 1 0 0 1 0 1 1 
0 1 0 1 0 0 0 0 1 1 1 0 1 0 0 
0 0 1 0 1 0 0 0 0 1 0 0 1 1 1 
0 0 1 0 1 0 0 0 1 1 0 0 0 1 1 
0 1 0 0 1 0 0 0 1 1 0 0 1 0 1 
0 0 1 1 1 0 0 0 0 0 0 1 0 1 1 
0 0 1 0 0 1 0 0 0 0 1 1 0 1 1 
0 1 0 0 0 0 0 0 0 1 1 1 1 0 1 
1 0 1 0 1 0 0 1 0 0 1 0 1 0 0 
1 1 0 0 0 0 1 0 1 0 1 1 0 0 0 
0 0 0 1 0 1 1 1 0 0 1 1 0 0 0 
1 1 0 0 0 1 1 0 0 1 0 1 0 0 0 
1 0 0 0 0 0 0 1 0 0 1 1 0 1 1 
1 0 0 1 1 0 0 1 0 0 0 1 0 1 0 
0 0 0 0 0 1 1 1 1 0 0 0 1 1 0 
1 0 1 0 0 1 0 1 1 0 0 0 0 0 1 
0 0 1 1 1 0 1 0 0 1 0 0 1 0 0 
0 1 0 1 1 0 0 0 1 0 0 0 1 1 0 
1 1 0 0 0 1 1 1 0 0 1 0 0 0 0 
0 1 1 0 1 1 1 1 0 0 0 0 0 0 0 
1 0 0 0 0 0 0 1 1 1 0 0 1 0 1 
1 0 1 1 1 1 0 0 0 1 0 0 0 0 0 
0 0 1 1 0 1 1 1 0 0 0 0 1 0 0 
1 1 0 0 0 0 0 1 0 0 0 0 1 1 1 
0 1 0 1 1 0 0 0 0 0 1 1 0 1 0 
1 1 0 1 0 1 0 0 0 1 1 0 0 0 0 
0 1 0 1 0 1 1 0 0 1 0 0 0 0 1 
