Solving by Brute Force...
buffer: Warwick 1431: balanced orders and products, 2 products per order
numCustomers: 30
numProducts: 10
0 0 0 0 0 0 0 1 0 1 
1 0 0 0 0 0 0 0 1 0 
0 1 0 1 0 0 0 0 0 0 
0 0 0 0 0 0 1 1 0 0 
0 0 0 0 1 0 0 0 0 1 
0 0 0 0 1 0 0 0 1 0 
0 0 0 0 1 0 0 0 0 1 
0 0 0 0 1 0 0 0 1 0 
0 1 0 0 0 1 0 0 0 0 
0 1 1 0 0 0 0 0 0 0 
0 0 0 1 0 0 0 0 0 1 
0 1 0 0 0 0 0 1 0 0 
0 0 1 0 0 1 0 0 0 0 
0 0 0 0 0 1 1 0 0 0 
1 0 1 0 0 0 0 0 0 0 
0 0 0 0 1 1 0 0 0 0 
1 0 0 0 0 0 0 1 0 0 
0 0 0 0 0 0 1 0 0 1 
1 0 0 0 0 0 0 1 0 0 
0 0 0 0 0 1 0 0 0 1 
0 1 0 1 0 0 0 0 0 0 
0 0 1 0 0 0 0 0 1 0 
0 0 0 1 0 0 0 0 1 0 
0 1 0 0 0 0 0 1 0 0 
0 0 1 0 0 0 1 0 0 0 
0 0 0 1 0 0 1 0 0 0 
0 0 0 1 0 1 0 0 0 0 
0 0 1 0 0 0 1 0 0 0 
1 0 0 0 1 0 0 0 0 0 
1 0 0 0 0 0 0 0 1 0 
numSequences: 3628800
minStacks: 14
Best sequence:
9 8 4 0 7 1 3 2 5 6 
1 0 0 0 1 0 0 0 0 0 
0 1 0 1 0 0 0 0 0 0 
0 0 0 0 0 1 1 0 0 0 
0 0 0 0 1 0 0 0 0 1 
1 0 1 0 0 0 0 0 0 0 
0 1 1 0 0 0 0 0 0 0 
1 0 1 0 0 0 0 0 0 0 
0 1 1 0 0 0 0 0 0 0 
0 0 0 0 0 1 0 0 1 0 
0 0 0 0 0 1 0 1 0 0 
1 0 0 0 0 0 1 0 0 0 
0 0 0 0 1 1 0 0 0 0 
0 0 0 0 0 0 0 1 1 0 
0 0 0 0 0 0 0 0 1 1 
0 0 0 1 0 0 0 1 0 0 
0 0 1 0 0 0 0 0 1 0 
0 0 0 1 1 0 0 0 0 0 
1 0 0 0 0 0 0 0 0 1 
0 0 0 1 1 0 0 0 0 0 
1 0 0 0 0 0 0 0 1 0 
0 0 0 0 0 1 1 0 0 0 
0 1 0 0 0 0 0 1 0 0 
0 1 0 0 0 0 1 0 0 0 
0 0 0 0 1 1 0 0 0 0 
0 0 0 0 0 0 0 1 0 1 
0 0 0 0 0 0 1 0 0 1 
0 0 0 0 0 0 1 0 1 0 
0 0 0 0 0 0 0 1 0 1 
0 0 1 1 0 0 0 0 0 0 
0 1 0 1 0 0 0 0 0 0 
Open stacks: 14
Took 11.41 seconds

buffer: Warwick 1432: balanced orders and products, 2 products per order
numCustomers: 30
numProducts: 10
0 0 0 0 1 0 0 1 0 0 
0 0 0 1 0 0 0 0 0 1 
1 0 1 0 0 0 0 0 0 0 
1 0 0 0 0 0 0 0 0 1 
0 0 1 0 0 1 0 0 0 0 
0 0 0 0 1 0 1 0 0 0 
0 0 1 0 0 0 0 0 0 1 
1 0 0 0 0 0 0 1 0 0 
0 0 0 0 0 1 0 1 0 0 
0 0 0 1 0 0 0 1 0 0 
0 1 0 0 0 0 0 1 0 0 
0 0 0 0 1 0 0 1 0 0 
0 0 0 1 0 0 0 0 1 0 
1 0 0 0 0 0 1 0 0 0 
0 0 0 0 1 0 0 0 0 1 
0 1 1 0 0 0 0 0 0 0 
0 1 1 0 0 0 0 0 0 0 
0 0 1 0 0 0 1 0 0 0 
1 0 0 0 1 0 0 0 0 0 
1 1 0 0 0 0 0 0 0 0 
0 1 0 0 0 0 0 0 1 0 
0 0 0 0 0 0 1 0 1 0 
0 0 0 0 0 1 0 0 1 0 
0 0 0 0 0 1 0 0 1 0 
0 1 0 1 0 0 0 0 0 0 
0 0 0 1 0 0 1 0 0 0 
0 0 0 0 0 0 0 0 1 1 
0 0 0 1 0 1 0 0 0 0 
0 0 0 0 1 0 0 0 0 1 
0 0 0 0 0 1 1 0 0 0 
numSequences: 3628800
minStacks: 14
Best sequence:
9 7 4 0 1 2 5 3 6 8 
0 1 1 0 0 0 0 0 0 0 
1 0 0 0 0 0 0 1 0 0 
0 0 0 1 0 1 0 0 0 0 
1 0 0 1 0 0 0 0 0 0 
0 0 0 0 0 1 1 0 0 0 
0 0 1 0 0 0 0 0 1 0 
1 0 0 0 0 1 0 0 0 0 
0 1 0 1 0 0 0 0 0 0 
0 1 0 0 0 0 1 0 0 0 
0 1 0 0 0 0 0 1 0 0 
0 1 0 0 1 0 0 0 0 0 
0 1 1 0 0 0 0 0 0 0 
0 0 0 0 0 0 0 1 0 1 
0 0 0 1 0 0 0 0 1 0 
1 0 1 0 0 0 0 0 0 0 
0 0 0 0 1 1 0 0 0 0 
0 0 0 0 1 1 0 0 0 0 
0 0 0 0 0 1 0 0 1 0 
0 0 1 1 0 0 0 0 0 0 
0 0 0 1 1 0 0 0 0 0 
0 0 0 0 1 0 0 0 0 1 
0 0 0 0 0 0 0 0 1 1 
0 0 0 0 0 0 1 0 0 1 
0 0 0 0 0 0 1 0 0 1 
0 0 0 0 1 0 0 1 0 0 
0 0 0 0 0 0 0 1 1 0 
1 0 0 0 0 0 0 0 0 1 
0 0 0 0 0 0 1 1 0 0 
1 0 1 0 0 0 0 0 0 0 
0 0 0 0 0 0 1 0 1 0 
Open stacks: 14
Took 10.53 seconds

buffer: Warwick 1433: balanced orders and products, 2 products per order
numCustomers: 30
numProducts: 10
0 0 0 1 0 0 0 0 1 0 
0 0 1 0 0 1 0 0 0 0 
0 0 1 0 0 0 0 0 0 1 
1 0 0 0 0 0 0 1 0 0 
0 0 0 1 0 1 0 0 0 0 
0 0 1 0 0 0 0 0 0 1 
1 0 0 0 0 0 1 0 0 0 
0 0 0 0 0 0 0 0 1 1 
1 1 0 0 0 0 0 0 0 0 
0 0 0 0 0 0 1 0 0 1 
0 0 0 1 0 1 0 0 0 0 
0 0 0 0 1 0 0 1 0 0 
0 1 0 0 0 0 0 0 1 0 
0 1 0 0 0 1 0 0 0 0 
0 0 1 0 0 0 0 1 0 0 
0 1 0 0 0 0 1 0 0 0 
1 0 0 0 1 0 0 0 0 0 
0 0 0 0 0 1 0 1 0 0 
0 0 0 0 1 1 0 0 0 0 
0 0 0 1 0 0 1 0 0 0 
0 0 1 0 1 0 0 0 0 0 
0 0 1 1 0 0 0 0 0 0 
0 0 0 0 1 0 0 0 1 0 
0 1 0 0 0 0 1 0 0 0 
0 0 0 0 1 0 0 0 1 0 
0 0 0 1 0 0 0 0 0 1 
1 0 0 0 0 0 0 0 0 1 
0 1 0 0 0 0 0 1 0 0 
1 0 0 0 0 0 0 0 1 0 
0 0 0 0 0 0 1 1 0 0 
numSequences: 3628800
minStacks: 14
Best sequence:
9 3 5 2 8 4 1 6 0 7 
0 1 0 0 1 0 0 0 0 0 
0 0 1 1 0 0 0 0 0 0 
1 0 0 1 0 0 0 0 0 0 
0 0 0 0 0 0 0 0 1 1 
0 1 1 0 0 0 0 0 0 0 
1 0 0 1 0 0 0 0 0 0 
0 0 0 0 0 0 0 1 1 0 
1 0 0 0 1 0 0 0 0 0 
0 0 0 0 0 0 1 0 1 0 
1 0 0 0 0 0 0 1 0 0 
0 1 1 0 0 0 0 0 0 0 
0 0 0 0 0 1 0 0 0 1 
0 0 0 0 1 0 1 0 0 0 
0 0 1 0 0 0 1 0 0 0 
0 0 0 1 0 0 0 0 0 1 
0 0 0 0 0 0 1 1 0 0 
0 0 0 0 0 1 0 0 1 0 
0 0 1 0 0 0 0 0 0 1 
0 0 1 0 0 1 0 0 0 0 
0 1 0 0 0 0 0 1 0 0 
0 0 0 1 0 1 0 0 0 0 
0 1 0 1 0 0 0 0 0 0 
0 0 0 0 1 1 0 0 0 0 
0 0 0 0 0 0 1 1 0 0 
0 0 0 0 1 1 0 0 0 0 
1 1 0 0 0 0 0 0 0 0 
1 0 0 0 0 0 0 0 1 0 
0 0 0 0 0 0 1 0 0 1 
0 0 0 0 1 0 0 0 1 0 
0 0 0 0 0 0 0 1 0 1 
Open stacks: 14
Took 10.54 seconds

buffer: Warwick 1434: balanced orders and products, 2 products per order
numCustomers: 30
numProducts: 10
0 0 0 1 0 0 0 1 0 0 
0 0 1 0 0 0 0 0 0 1 
0 1 0 0 0 0 0 1 0 0 
0 0 0 0 0 0 0 1 1 0 
1 0 1 0 0 0 0 0 0 0 
1 0 0 0 0 0 0 0 1 0 
0 1 1 0 0 0 0 0 0 0 
0 0 0 0 1 0 0 0 0 1 
1 1 0 0 0 0 0 0 0 0 
0 0 0 1 0 0 0 0 0 1 
0 0 0 0 0 0 1 0 1 0 
0 0 0 0 0 0 1 0 1 0 
0 0 0 0 0 1 1 0 0 0 
0 0 0 0 0 1 0 0 0 1 
0 0 1 0 1 0 0 0 0 0 
0 0 0 1 1 0 0 0 0 0 
0 1 0 0 0 0 1 0 0 0 
0 0 1 0 1 0 0 0 0 0 
0 1 0 1 0 0 0 0 0 0 
0 0 0 0 0 0 1 0 1 0 
0 0 0 0 0 1 0 1 0 0 
1 0 0 0 0 0 0 0 0 1 
1 0 0 1 0 0 0 0 0 0 
0 0 0 0 1 1 0 0 0 0 
0 0 0 0 1 1 0 0 0 0 
0 0 0 0 0 0 0 0 1 1 
0 0 0 1 0 0 0 1 0 0 
0 0 1 0 0 0 0 1 0 0 
0 1 0 0 0 0 1 0 0 0 
1 0 0 0 0 1 0 0 0 0 
numSequences: 3628800
minStacks: 13
Best sequence:
9 5 4 2 0 3 1 6 7 8 
0 0 0 0 0 1 0 0 1 0 
1 0 0 1 0 0 0 0 0 0 
0 0 0 0 0 0 1 0 1 0 
0 0 0 0 0 0 0 0 1 1 
0 0 0 1 1 0 0 0 0 0 
0 0 0 0 1 0 0 0 0 1 
0 0 0 1 0 0 1 0 0 0 
1 0 1 0 0 0 0 0 0 0 
0 0 0 0 1 0 1 0 0 0 
1 0 0 0 0 1 0 0 0 0 
0 0 0 0 0 0 0 1 0 1 
0 0 0 0 0 0 0 1 0 1 
0 1 0 0 0 0 0 1 0 0 
1 1 0 0 0 0 0 0 0 0 
0 0 1 1 0 0 0 0 0 0 
0 0 1 0 0 1 0 0 0 0 
0 0 0 0 0 0 1 1 0 0 
0 0 1 1 0 0 0 0 0 0 
0 0 0 0 0 1 1 0 0 0 
0 0 0 0 0 0 0 1 0 1 
0 1 0 0 0 0 0 0 1 0 
1 0 0 0 1 0 0 0 0 0 
0 0 0 0 1 1 0 0 0 0 
0 1 1 0 0 0 0 0 0 0 
0 1 1 0 0 0 0 0 0 0 
1 0 0 0 0 0 0 0 0 1 
0 0 0 0 0 1 0 0 1 0 
0 0 0 1 0 0 0 0 1 0 
0 0 0 0 0 0 1 1 0 0 
0 1 0 0 1 0 0 0 0 0 
Open stacks: 13
Took 10.54 seconds

buffer: Warwick 1435: balanced orders and products, 2 products per order
numCustomers: 30
numProducts: 10
1 0 0 0 0 0 0 0 1 0 
1 0 1 0 0 0 0 0 0 0 
1 0 0 0 0 0 1 0 0 0 
0 0 0 1 0 0 1 0 0 0 
1 0 0 0 1 0 0 0 0 0 
0 0 0 0 0 1 0 0 1 0 
0 0 0 1 0 0 0 0 1 0 
0 1 0 0 0 0 0 1 0 0 
1 0 0 0 0 0 1 0 0 0 
0 0 0 0 1 0 0 1 0 0 
0 0 1 0 1 0 0 0 0 0 
0 0 1 0 0 1 0 0 0 0 
0 0 1 1 0 0 0 0 0 0 
0 0 0 1 0 1 0 0 0 0 
0 1 1 0 0 0 0 0 0 0 
0 1 0 0 0 0 0 0 0 1 
0 0 0 0 0 1 0 0 0 1 
1 0 0 0 0 1 0 0 0 0 
0 0 0 0 0 0 0 1 1 0 
0 1 0 0 0 0 0 0 0 1 
0 0 0 0 0 0 1 1 0 0 
0 0 1 0 0 0 0 0 0 1 
0 0 0 0 0 0 1 1 0 0 
0 1 0 0 0 0 0 0 0 1 
0 0 0 0 1 0 0 1 0 0 
0 0 0 1 0 0 1 0 0 0 
0 0 0 1 0 0 0 0 1 0 
0 0 0 0 1 1 0 0 0 0 
0 0 0 0 1 0 0 0 0 1 
0 1 0 0 0 0 0 0 1 0 
numSequences: 3628800
minStacks: 13
Best sequence:
9 1 7 4 2 5 0 6 3 8 
0 0 0 0 0 0 1 0 0 1 
0 0 0 0 1 0 1 0 0 0 
0 0 0 0 0 0 1 1 0 0 
0 0 0 0 0 0 0 1 1 0 
0 0 0 1 0 0 1 0 0 0 
0 0 0 0 0 1 0 0 0 1 
0 0 0 0 0 0 0 0 1 1 
0 1 1 0 0 0 0 0 0 0 
0 0 0 0 0 0 1 1 0 0 
0 0 1 1 0 0 0 0 0 0 
0 0 0 1 1 0 0 0 0 0 
0 0 0 0 1 1 0 0 0 0 
0 0 0 0 1 0 0 0 1 0 
0 0 0 0 0 1 0 0 1 0 
0 1 0 0 1 0 0 0 0 0 
1 1 0 0 0 0 0 0 0 0 
1 0 0 0 0 1 0 0 0 0 
0 0 0 0 0 1 1 0 0 0 
0 0 1 0 0 0 0 0 0 1 
1 1 0 0 0 0 0 0 0 0 
0 0 1 0 0 0 0 1 0 0 
1 0 0 0 1 0 0 0 0 0 
0 0 1 0 0 0 0 1 0 0 
1 1 0 0 0 0 0 0 0 0 
0 0 1 1 0 0 0 0 0 0 
0 0 0 0 0 0 0 1 1 0 
0 0 0 0 0 0 0 0 1 1 
0 0 0 1 0 1 0 0 0 0 
1 0 0 1 0 0 0 0 0 0 
0 1 0 0 0 0 0 0 0 1 
Open stacks: 13
Took 10.53 seconds

buffer: Warwick 1436: balanced orders and products, 2 products per order
numCustomers: 30
numProducts: 10
0 0 0 1 0 0 0 0 1 0 
1 0 1 0 0 0 0 0 0 0 
0 0 0 0 1 0 0 0 1 0 
0 0 1 0 0 0 0 1 0 0 
0 0 0 1 0 0 0 1 0 0 
0 0 0 1 0 0 1 0 0 0 
0 0 0 0 0 1 0 0 0 1 
0 1 1 0 0 0 0 0 0 0 
0 1 0 0 1 0 0 0 0 0 
0 1 0 0 0 0 0 0 0 1 
1 0 0 0 0 0 0 0 1 0 
1 0 1 0 0 0 0 0 0 0 
0 0 0 1 0 0 0 1 0 0 
0 0 0 0 1 0 0 0 1 0 
0 0 0 0 0 0 0 0 1 1 
0 0 0 0 1 0 1 0 0 0 
0 0 0 0 1 1 0 0 0 0 
0 0 0 1 0 0 0 1 0 0 
1 0 1 0 0 0 0 0 0 0 
0 0 0 0 1 1 0 0 0 0 
1 0 0 0 0 0 1 0 0 0 
0 1 0 0 0 0 0 0 0 1 
0 0 0 0 0 0 0 1 0 1 
1 0 1 0 0 0 0 0 0 0 
0 1 0 0 0 0 1 0 0 0 
0 1 0 0 0 0 0 0 0 1 
0 0 0 1 0 1 0 0 0 0 
0 0 0 0 0 0 1 0 1 0 
0 0 0 0 0 1 0 1 0 0 
0 0 0 0 0 1 1 0 0 0 
numSequences: 3628800
minStacks: 13
Best sequence:
9 7 3 5 1 6 4 0 2 8 
0 0 1 0 0 0 0 0 0 1 
0 0 0 0 0 0 0 1 1 0 
0 0 0 0 0 0 1 0 0 1 
0 1 0 0 0 0 0 0 1 0 
0 1 1 0 0 0 0 0 0 0 
0 0 1 0 0 1 0 0 0 0 
1 0 0 1 0 0 0 0 0 0 
0 0 0 0 1 0 0 0 1 0 
0 0 0 0 1 0 1 0 0 0 
1 0 0 0 1 0 0 0 0 0 
0 0 0 0 0 0 0 1 0 1 
0 0 0 0 0 0 0 1 1 0 
0 1 1 0 0 0 0 0 0 0 
0 0 0 0 0 0 1 0 0 1 
1 0 0 0 0 0 0 0 0 1 
0 0 0 0 0 1 1 0 0 0 
0 0 0 1 0 0 1 0 0 0 
0 1 1 0 0 0 0 0 0 0 
0 0 0 0 0 0 0 1 1 0 
0 0 0 1 0 0 1 0 0 0 
0 0 0 0 0 1 0 1 0 0 
1 0 0 0 1 0 0 0 0 0 
1 1 0 0 0 0 0 0 0 0 
0 0 0 0 0 0 0 1 1 0 
0 0 0 0 1 1 0 0 0 0 
1 0 0 0 1 0 0 0 0 0 
0 0 1 1 0 0 0 0 0 0 
0 0 0 0 0 1 0 0 0 1 
0 1 0 1 0 0 0 0 0 0 
0 0 0 1 0 1 0 0 0 0 
Open stacks: 13
Took 10.53 seconds

buffer: Warwick 1437: balanced orders and products, 2 products per order
numCustomers: 30
numProducts: 10
0 0 0 0 1 0 1 0 0 0 
0 0 0 0 0 0 0 0 1 1 
1 0 0 0 1 0 0 0 0 0 
1 0 0 0 0 0 0 0 0 1 
0 1 0 0 0 0 0 0 0 1 
1 0 0 1 0 0 0 0 0 0 
0 0 1 0 0 0 0 0 1 0 
0 0 0 0 0 0 0 1 1 0 
0 0 1 1 0 0 0 0 0 0 
0 0 1 0 0 0 1 0 0 0 
0 1 0 0 0 1 0 0 0 0 
0 0 0 0 1 0 1 0 0 0 
0 1 0 1 0 0 0 0 0 0 
0 0 0 0 1 1 0 0 0 0 
0 0 0 1 0 0 1 0 0 0 
0 0 0 0 0 0 0 1 0 1 
0 0 0 0 0 1 0 1 0 0 
0 1 0 0 0 0 0 0 1 0 
1 0 0 1 0 0 0 0 0 0 
0 0 0 0 0 1 0 0 1 0 
1 0 0 0 0 1 0 0 0 0 
0 1 0 0 1 0 0 0 0 0 
0 0 0 0 0 1 0 1 0 0 
0 0 0 1 0 0 0 0 1 0 
1 0 1 0 0 0 0 0 0 0 
0 0 1 0 0 0 0 0 0 1 
0 0 0 0 0 0 1 1 0 0 
0 1 0 0 0 0 0 0 0 1 
0 0 0 0 0 0 1 1 0 0 
0 0 1 0 1 0 0 0 0 0 
numSequences: 3628800
minStacks: 14
Best sequence:
9 8 1 7 5 0 3 2 4 6 
0 0 0 0 0 0 0 0 1 1 
1 1 0 0 0 0 0 0 0 0 
0 0 0 0 0 1 0 0 1 0 
1 0 0 0 0 1 0 0 0 0 
1 0 1 0 0 0 0 0 0 0 
0 0 0 0 0 1 1 0 0 0 
0 1 0 0 0 0 0 1 0 0 
0 1 0 1 0 0 0 0 0 0 
0 0 0 0 0 0 1 1 0 0 
0 0 0 0 0 0 0 1 0 1 
0 0 1 0 1 0 0 0 0 0 
0 0 0 0 0 0 0 0 1 1 
0 0 1 0 0 0 1 0 0 0 
0 0 0 0 1 0 0 0 1 0 
0 0 0 0 0 0 1 0 0 1 
1 0 0 1 0 0 0 0 0 0 
0 0 0 1 1 0 0 0 0 0 
0 1 1 0 0 0 0 0 0 0 
0 0 0 0 0 1 1 0 0 0 
0 1 0 0 1 0 0 0 0 0 
0 0 0 0 1 1 0 0 0 0 
0 0 1 0 0 0 0 0 1 0 
0 0 0 1 1 0 0 0 0 0 
0 1 0 0 0 0 1 0 0 0 
0 0 0 0 0 1 0 1 0 0 
1 0 0 0 0 0 0 1 0 0 
0 0 0 1 0 0 0 0 0 1 
1 0 1 0 0 0 0 0 0 0 
0 0 0 1 0 0 0 0 0 1 
0 0 0 0 0 0 0 1 1 0 
Open stacks: 14
Took 10.53 seconds

buffer: Warwick 1438: balanced orders and products, 2 products per order
numCustomers: 30
numProducts: 10
1 0 0 0 0 0 0 0 1 0 
1 1 0 0 0 0 0 0 0 0 
1 0 0 0 0 0 0 1 0 0 
0 0 0 0 0 1 1 0 0 0 
0 0 0 1 0 0 0 0 0 1 
0 0 0 1 0 0 0 0 1 0 
0 0 0 0 0 0 0 0 1 1 
0 0 0 0 0 1 0 1 0 0 
0 1 0 1 0 0 0 0 0 0 
0 0 1 0 1 0 0 0 0 0 
0 1 0 0 0 1 0 0 0 0 
0 0 0 1 0 1 0 0 0 0 
0 0 1 0 1 0 0 0 0 0 
0 0 1 0 1 0 0 0 0 0 
0 0 0 0 0 0 1 0 1 0 
0 0 0 0 1 0 0 0 0 1 
0 1 0 0 1 0 0 0 0 0 
0 0 0 1 1 0 0 0 0 0 
1 0 0 0 0 0 1 0 0 0 
0 1 0 0 0 0 0 1 0 0 
0 0 1 0 0 0 1 0 0 0 
0 0 0 0 0 1 0 0 1 0 
0 1 0 0 0 0 0 0 0 1 
0 0 0 0 0 1 0 1 0 0 
0 0 1 0 0 0 0 0 0 1 
0 0 1 0 0 0 1 0 0 0 
0 0 0 0 0 0 1 0 0 1 
1 0 0 0 0 0 0 1 0 0 
0 0 0 0 0 0 0 1 1 0 
1 0 0 1 0 0 0 0 0 0 
numSequences: 3628800
minStacks: 13
Best sequence:
9 6 2 4 1 3 0 5 7 8 
0 0 0 0 0 0 1 0 0 1 
0 0 0 0 1 0 1 0 0 0 
0 0 0 0 0 0 1 0 1 0 
0 1 0 0 0 0 0 1 0 0 
1 0 0 0 0 1 0 0 0 0 
0 0 0 0 0 1 0 0 0 1 
1 0 0 0 0 0 0 0 0 1 
0 0 0 0 0 0 0 1 1 0 
0 0 0 0 1 1 0 0 0 0 
0 0 1 1 0 0 0 0 0 0 
0 0 0 0 1 0 0 1 0 0 
0 0 0 0 0 1 0 1 0 0 
0 0 1 1 0 0 0 0 0 0 
0 0 1 1 0 0 0 0 0 0 
0 1 0 0 0 0 0 0 0 1 
1 0 0 1 0 0 0 0 0 0 
0 0 0 1 1 0 0 0 0 0 
0 0 0 1 0 1 0 0 0 0 
0 1 0 0 0 0 1 0 0 0 
0 0 0 0 1 0 0 0 1 0 
0 1 1 0 0 0 0 0 0 0 
0 0 0 0 0 0 0 1 0 1 
1 0 0 0 1 0 0 0 0 0 
0 0 0 0 0 0 0 1 1 0 
1 0 1 0 0 0 0 0 0 0 
0 1 1 0 0 0 0 0 0 0 
1 1 0 0 0 0 0 0 0 0 
0 0 0 0 0 0 1 0 1 0 
0 0 0 0 0 0 0 0 1 1 
0 0 0 0 0 1 1 0 0 0 
Open stacks: 13
Took 10.54 seconds

buffer: Warwick 1439: balanced orders and products, 2 products per order
numCustomers: 30
numProducts: 10
1 0 0 0 0 0 0 0 1 0 
1 0 0 0 0 1 0 0 0 0 
0 0 0 1 0 0 0 1 0 0 
0 0 0 0 1 0 1 0 0 0 
0 0 0 0 0 0 0 1 0 1 
0 0 1 0 0 0 0 1 0 0 
0 0 0 0 1 0 0 0 1 0 
0 1 0 0 0 0 1 0 0 0 
0 0 1 0 0 1 0 0 0 0 
1 0 0 0 1 0 0 0 0 0 
0 1 0 0 0 1 0 0 0 0 
0 0 0 1 0 0 0 0 0 1 
1 0 0 0 0 0 0 0 1 0 
0 0 0 0 0 0 0 0 1 1 
0 0 0 0 0 0 1 0 1 0 
0 0 0 0 1 0 0 0 1 0 
0 1 0 1 0 0 0 0 0 0 
0 0 0 0 0 1 1 0 0 0 
0 1 0 0 0 0 1 0 0 0 
0 0 1 0 0 0 0 1 0 0 
0 0 0 0 0 0 1 1 0 0 
0 0 1 0 1 0 0 0 0 0 
1 0 0 0 0 0 0 0 0 1 
0 1 0 1 0 0 0 0 0 0 
0 0 1 0 0 0 0 0 0 1 
0 0 0 1 0 1 0 0 0 0 
0 0 0 0 0 1 0 1 0 0 
1 0 0 0 0 0 0 0 0 1 
0 1 1 0 0 0 0 0 0 0 
0 0 0 1 1 0 0 0 0 0 
numSequences: 3628800
minStacks: 13
Best sequence:
9 8 0 4 2 7 5 3 1 6 
0 1 1 0 0 0 0 0 0 0 
0 0 1 0 0 0 1 0 0 0 
0 0 0 0 0 1 0 1 0 0 
0 0 0 1 0 0 0 0 0 1 
1 0 0 0 0 1 0 0 0 0 
0 0 0 0 1 1 0 0 0 0 
0 1 0 1 0 0 0 0 0 0 
0 0 0 0 0 0 0 0 1 1 
0 0 0 0 1 0 1 0 0 0 
0 0 1 1 0 0 0 0 0 0 
0 0 0 0 0 0 1 0 1 0 
1 0 0 0 0 0 0 1 0 0 
0 1 1 0 0 0 0 0 0 0 
1 1 0 0 0 0 0 0 0 0 
0 1 0 0 0 0 0 0 0 1 
0 1 0 1 0 0 0 0 0 0 
0 0 0 0 0 0 0 1 1 0 
0 0 0 0 0 0 1 0 0 1 
0 0 0 0 0 0 0 0 1 1 
0 0 0 0 1 1 0 0 0 0 
0 0 0 0 0 1 0 0 0 1 
0 0 0 1 1 0 0 0 0 0 
1 0 1 0 0 0 0 0 0 0 
0 0 0 0 0 0 0 1 1 0 
1 0 0 0 1 0 0 0 0 0 
0 0 0 0 0 0 1 1 0 0 
0 0 0 0 0 1 1 0 0 0 
1 0 1 0 0 0 0 0 0 0 
0 0 0 0 1 0 0 0 1 0 
0 0 0 1 0 0 0 1 0 0 
Open stacks: 13
Took 10.53 seconds

buffer: Warwick 1440: balanced orders and products, 2 products per order
numCustomers: 30
numProducts: 10
0 0 0 1 0 0 0 0 1 0 
0 1 0 0 0 0 0 0 1 0 
0 1 1 0 0 0 0 0 0 0 
0 0 0 0 1 0 0 0 0 1 
0 1 0 0 0 0 0 0 0 1 
0 0 0 0 0 0 1 1 0 0 
0 0 1 0 0 1 0 0 0 0 
0 0 0 0 0 0 1 0 0 1 
0 0 0 0 0 0 1 1 0 0 
0 0 0 1 0 1 0 0 0 0 
1 0 0 0 0 0 0 0 0 1 
0 1 0 0 0 0 1 0 0 0 
0 0 1 0 0 0 0 1 0 0 
1 0 0 0 0 0 0 0 1 0 
0 1 0 1 0 0 0 0 0 0 
1 0 0 0 0 1 0 0 0 0 
0 0 0 0 1 0 0 0 0 1 
0 0 1 0 0 0 1 0 0 0 
0 0 0 0 0 1 0 0 1 0 
0 0 0 0 0 0 0 0 1 1 
0 1 0 0 1 0 0 0 0 0 
1 0 0 0 0 1 0 0 0 0 
0 0 0 1 0 0 1 0 0 0 
0 0 1 0 0 1 0 0 0 0 
0 0 0 1 1 0 0 0 0 0 
0 0 0 0 1 0 0 1 0 0 
0 0 0 0 1 0 0 0 1 0 
1 0 0 0 0 0 0 1 0 0 
0 0 0 1 0 0 0 1 0 0 
1 0 1 0 0 0 0 0 0 0 
numSequences: 3628800
minStacks: 13
Best sequence:
9 8 4 1 3 6 7 2 0 5 
0 1 0 0 1 0 0 0 0 0 
0 1 0 1 0 0 0 0 0 0 
0 0 0 1 0 0 0 1 0 0 
1 0 1 0 0 0 0 0 0 0 
1 0 0 1 0 0 0 0 0 0 
0 0 0 0 0 1 1 0 0 0 
0 0 0 0 0 0 0 1 0 1 
1 0 0 0 0 1 0 0 0 0 
0 0 0 0 0 1 1 0 0 0 
0 0 0 0 1 0 0 0 0 1 
1 0 0 0 0 0 0 0 1 0 
0 0 0 1 0 1 0 0 0 0 
0 0 0 0 0 0 1 1 0 0 
0 1 0 0 0 0 0 0 1 0 
0 0 0 1 1 0 0 0 0 0 
0 0 0 0 0 0 0 0 1 1 
1 0 1 0 0 0 0 0 0 0 
0 0 0 0 0 1 0 1 0 0 
0 1 0 0 0 0 0 0 0 1 
1 1 0 0 0 0 0 0 0 0 
0 0 1 1 0 0 0 0 0 0 
0 0 0 0 0 0 0 0 1 1 
0 0 0 0 1 1 0 0 0 0 
0 0 0 0 0 0 0 1 0 1 
0 0 1 0 1 0 0 0 0 0 
0 0 1 0 0 0 1 0 0 0 
0 1 1 0 0 0 0 0 0 0 
0 0 0 0 0 0 1 0 1 0 
0 0 0 0 1 0 1 0 0 0 
0 0 0 0 0 0 0 1 1 0 
Open stacks: 13
Took 10.54 seconds

buffer: Warwick 1441: balanced orders and products, 3 products per order
numCustomers: 30
numProducts: 10
0 0 0 1 0 0 1 0 1 0 
0 1 0 0 0 0 1 0 0 1 
0 0 0 0 1 1 0 0 0 1 
0 0 0 0 1 1 0 0 1 0 
0 0 0 0 1 1 0 1 0 0 
0 1 0 0 1 0 0 0 0 1 
1 0 0 0 1 0 0 0 0 1 
0 1 1 1 0 0 0 0 0 0 
0 1 1 0 0 0 0 1 0 0 
0 0 0 1 0 0 1 0 0 1 
0 0 1 1 0 0 0 0 1 0 
1 0 1 0 0 0 0 1 0 0 
0 0 0 1 0 1 0 0 0 1 
1 0 0 1 0 0 0 1 0 0 
0 1 0 0 1 0 0 0 0 1 
1 0 0 0 1 0 1 0 0 0 
0 1 1 0 0 0 0 1 0 0 
1 0 0 0 0 1 1 0 0 0 
0 0 1 0 0 1 0 0 1 0 
0 0 0 1 0 0 1 0 1 0 
1 0 0 0 0 1 0 0 0 1 
1 0 0 0 0 0 0 0 1 1 
1 0 0 0 1 0 0 0 1 0 
0 0 1 0 0 0 0 1 1 0 
0 1 0 0 0 0 1 1 0 0 
0 1 0 0 0 0 0 1 1 0 
0 0 1 1 0 1 0 0 0 0 
1 0 0 0 1 0 1 0 0 0 
0 0 0 0 0 1 1 1 0 0 
0 1 1 1 0 0 0 0 0 0 
numSequences: 3628800
minStacks: 20
Best sequence:
9 4 0 6 5 8 3 2 1 7 
0 0 0 1 0 1 1 0 0 0 
1 0 0 1 0 0 0 0 1 0 
1 1 0 0 1 0 0 0 0 0 
0 1 0 0 1 1 0 0 0 0 
0 1 0 0 1 0 0 0 0 1 
1 1 0 0 0 0 0 0 1 0 
1 1 1 0 0 0 0 0 0 0 
0 0 0 0 0 0 1 1 1 0 
0 0 0 0 0 0 0 1 1 1 
1 0 0 1 0 0 1 0 0 0 
0 0 0 0 0 1 1 1 0 0 
0 0 1 0 0 0 0 1 0 1 
1 0 0 0 1 0 1 0 0 0 
0 0 1 0 0 0 1 0 0 1 
1 1 0 0 0 0 0 0 1 0 
0 1 1 1 0 0 0 0 0 0 
0 0 0 0 0 0 0 1 1 1 
0 0 1 1 1 0 0 0 0 0 
0 0 0 0 1 1 0 1 0 0 
0 0 0 1 0 1 1 0 0 0 
1 0 1 0 1 0 0 0 0 0 
1 0 1 0 0 1 0 0 0 0 
0 1 1 0 0 1 0 0 0 0 
0 0 0 0 0 1 0 1 0 1 
0 0 0 1 0 0 0 0 1 1 
0 0 0 0 0 1 0 0 1 1 
0 0 0 0 1 0 1 1 0 0 
0 1 1 1 0 0 0 0 0 0 
0 0 0 1 1 0 0 0 0 1 
0 0 0 0 0 0 1 1 1 0 
Open stacks: 20
Took 10.61 seconds

buffer: Warwick 1442: balanced orders and products, 3 products per order
numCustomers: 30
numProducts: 10
0 1 1 1 0 0 0 0 0 0 
1 0 0 0 0 0 1 0 1 0 
0 0 1 0 0 1 0 0 0 1 
0 1 0 0 0 0 1 0 1 0 
0 0 0 0 0 1 0 1 0 1 
0 1 0 0 0 1 0 0 0 1 
0 1 0 0 0 0 0 1 1 0 
0 0 0 1 0 1 1 0 0 0 
0 0 1 0 1 0 0 1 0 0 
0 0 0 1 1 0 0 1 0 0 
1 0 0 0 0 0 0 0 1 1 
0 0 0 0 0 0 1 0 1 1 
0 0 0 1 1 0 0 1 0 0 
1 0 0 1 0 0 1 0 0 0 
0 1 1 0 0 0 0 0 1 0 
1 0 0 0 1 0 0 0 0 1 
1 1 0 0 1 0 0 0 0 0 
0 0 0 1 1 0 0 1 0 0 
0 0 1 0 1 0 1 0 0 0 
0 0 1 1 0 0 0 1 0 0 
1 0 1 0 0 0 0 0 0 1 
0 1 0 0 0 0 1 0 0 1 
0 0 1 0 1 0 0 0 1 0 
0 1 0 0 0 1 1 0 0 0 
0 0 0 0 1 1 0 1 0 0 
1 0 0 0 0 0 0 0 1 1 
0 0 1 0 0 1 0 1 0 0 
1 0 0 0 0 1 0 0 1 0 
1 0 0 1 0 1 0 0 0 0 
0 1 0 1 0 0 1 0 0 0 
numSequences: 3628800
minStacks: 20
Best sequence:
9 8 0 6 1 2 5 4 3 7 
0 0 0 0 1 1 0 0 1 0 
0 1 1 1 0 0 0 0 0 0 
1 0 0 0 0 1 1 0 0 0 
0 1 0 1 1 0 0 0 0 0 
1 0 0 0 0 0 1 0 0 1 
1 0 0 0 1 0 1 0 0 0 
0 1 0 0 1 0 0 0 0 1 
0 0 0 1 0 0 1 0 1 0 
0 0 0 0 0 1 0 1 0 1 
0 0 0 0 0 0 0 1 1 1 
1 1 1 0 0 0 0 0 0 0 
1 1 0 1 0 0 0 0 0 0 
0 0 0 0 0 0 0 1 1 1 
0 0 1 1 0 0 0 0 1 0 
0 1 0 0 1 1 0 0 0 0 
1 0 1 0 0 0 0 1 0 0 
0 0 1 0 1 0 0 1 0 0 
0 0 0 0 0 0 0 1 1 1 
0 0 0 1 0 1 0 1 0 0 
0 0 0 0 0 1 0 0 1 1 
1 0 1 0 0 1 0 0 0 0 
1 0 0 1 1 0 0 0 0 0 
0 1 0 0 0 1 0 1 0 0 
0 0 0 1 1 0 1 0 0 0 
0 0 0 0 0 0 1 1 0 1 
1 1 1 0 0 0 0 0 0 0 
0 0 0 0 0 1 1 0 0 1 
0 1 1 0 0 0 1 0 0 0 
0 0 1 0 0 0 1 0 1 0 
0 0 0 1 1 0 0 0 1 0 
Open stacks: 20
Took 10.61 seconds

buffer: Warwick 1443: balanced orders and products, 3 products per order
numCustomers: 30
numProducts: 10
0 0 0 0 0 0 1 1 0 1 
0 0 0 0 0 1 0 1 0 1 
0 0 0 1 0 0 1 1 0 0 
1 0 0 1 1 0 0 0 0 0 
1 1 0 0 0 1 0 0 0 0 
0 0 0 0 0 1 1 0 1 0 
0 0 1 0 1 0 0 1 0 0 
1 0 0 1 1 0 0 0 0 0 
0 0 0 1 0 0 1 0 0 1 
0 0 0 0 1 1 0 0 0 1 
1 1 0 0 0 0 0 1 0 0 
1 1 0 0 0 0 0 0 1 0 
0 0 0 0 1 0 1 0 1 0 
0 1 1 0 0 0 0 0 1 0 
1 1 0 0 1 0 0 0 0 0 
0 0 1 1 0 0 0 0 0 1 
0 1 1 0 0 0 0 0 1 0 
0 0 0 1 0 0 1 0 0 1 
0 1 1 0 0 0 0 0 1 0 
0 0 1 0 0 1 0 1 0 0 
1 0 0 0 1 0 1 0 0 0 
1 0 0 1 0 0 0 1 0 0 
0 0 0 0 0 1 1 0 1 0 
0 0 0 0 0 1 0 1 0 1 
0 0 1 1 0 0 0 0 0 1 
1 1 0 0 0 0 0 0 1 0 
0 0 0 1 1 1 0 0 0 0 
0 0 1 0 0 0 1 1 0 0 
0 1 1 0 1 0 0 0 0 0 
0 0 0 0 0 1 0 0 1 1 
numSequences: 3628800
minStacks: 20
Best sequence:
9 7 6 5 3 0 4 1 2 8 
1 1 1 0 0 0 0 0 0 0 
1 1 0 1 0 0 0 0 0 0 
0 1 1 0 1 0 0 0 0 0 
0 0 0 0 1 1 1 0 0 0 
0 0 0 1 0 1 0 1 0 0 
0 0 1 1 0 0 0 0 0 1 
0 1 0 0 0 0 1 0 1 0 
0 0 0 0 1 1 1 0 0 0 
1 0 1 0 1 0 0 0 0 0 
1 0 0 1 0 0 1 0 0 0 
0 1 0 0 0 1 0 1 0 0 
0 0 0 0 0 1 0 1 0 1 
0 0 1 0 0 0 1 0 0 1 
0 0 0 0 0 0 0 1 1 1 
0 0 0 0 0 1 1 1 0 0 
1 0 0 0 1 0 0 0 1 0 
0 0 0 0 0 0 0 1 1 1 
1 0 1 0 1 0 0 0 0 0 
0 0 0 0 0 0 0 1 1 1 
0 1 0 1 0 0 0 0 1 0 
0 0 1 0 0 1 1 0 0 0 
0 1 0 0 1 1 0 0 0 0 
0 0 1 1 0 0 0 0 0 1 
1 1 0 1 0 0 0 0 0 0 
1 0 0 0 1 0 0 0 1 0 
0 0 0 0 0 1 0 1 0 1 
0 0 0 1 1 0 1 0 0 0 
0 1 1 0 0 0 0 0 1 0 
0 0 0 0 0 0 1 1 1 0 
1 0 0 1 0 0 0 0 0 1 
Open stacks: 20
Took 10.6 seconds

buffer: Warwick 1444: balanced orders and products, 3 products per order
numCustomers: 30
numProducts: 10
0 0 1 0 0 1 0 0 0 1 
0 1 1 0 0 0 0 0 1 0 
0 0 1 0 0 1 0 0 0 1 
0 0 0 0 1 0 1 1 0 0 
0 1 1 0 0 0 0 1 0 0 
0 0 1 1 0 0 0 1 0 0 
1 0 0 0 0 0 0 1 1 0 
0 0 0 0 1 0 0 0 1 1 
0 1 0 0 0 0 0 1 1 0 
0 1 1 0 1 0 0 0 0 0 
0 0 1 0 0 1 0 0 1 0 
0 0 0 0 0 1 1 0 1 0 
0 0 0 0 1 0 0 1 0 1 
1 0 0 0 1 0 1 0 0 0 
1 0 0 0 0 0 1 0 0 1 
0 1 0 1 0 0 0 0 0 1 
1 1 0 1 0 0 0 0 0 0 
0 0 0 0 1 1 1 0 0 0 
0 0 0 1 1 1 0 0 0 0 
0 0 0 0 1 1 1 0 0 0 
0 1 0 0 0 0 1 1 0 0 
0 0 0 1 0 1 0 0 1 0 
1 0 0 1 0 0 0 0 1 0 
0 1 0 1 0 0 0 0 0 1 
1 0 1 0 0 0 0 1 0 0 
0 1 0 1 0 0 0 0 0 1 
1 0 0 0 0 0 1 1 0 0 
1 0 0 0 0 0 0 0 1 1 
1 0 1 1 0 0 0 0 0 0 
0 0 0 0 1 1 1 0 0 0 
numSequences: 3628800
minStacks: 21
Best sequence:
9 3 1 0 2 7 4 5 6 8 
1 0 0 0 1 0 0 1 0 0 
0 0 1 0 1 0 0 0 0 1 
1 0 0 0 1 0 0 1 0 0 
0 0 0 0 0 1 1 0 1 0 
0 0 1 0 1 1 0 0 0 0 
0 1 0 0 1 1 0 0 0 0 
0 0 0 1 0 1 0 0 0 1 
1 0 0 0 0 0 1 0 0 1 
0 0 1 0 0 1 0 0 0 1 
0 0 1 0 1 0 1 0 0 0 
0 0 0 0 1 0 0 1 0 1 
0 0 0 0 0 0 0 1 1 1 
1 0 0 0 0 1 1 0 0 0 
0 0 0 1 0 0 1 0 1 0 
1 0 0 1 0 0 0 0 1 0 
1 1 1 0 0 0 0 0 0 0 
0 1 1 1 0 0 0 0 0 0 
0 0 0 0 0 0 1 1 1 0 
0 1 0 0 0 0 1 1 0 0 
0 0 0 0 0 0 1 1 1 0 
0 0 1 0 0 1 0 0 1 0 
0 1 0 0 0 0 0 1 0 1 
0 1 0 1 0 0 0 0 0 1 
1 1 1 0 0 0 0 0 0 0 
0 0 0 1 1 1 0 0 0 0 
1 1 1 0 0 0 0 0 0 0 
0 0 0 1 0 1 0 0 1 0 
1 0 0 1 0 0 0 0 0 1 
0 1 0 1 1 0 0 0 0 0 
0 0 0 0 0 0 1 1 1 0 
Open stacks: 21
Took 10.62 seconds

buffer: Warwick 1445: balanced orders and products, 3 products per order
numCustomers: 30
numProducts: 10
0 0 1 1 0 0 0 0 0 1 
1 0 1 0 0 0 0 0 1 0 
0 1 0 0 1 0 0 1 0 0 
0 1 0 0 0 1 1 0 0 0 
0 1 1 0 1 0 0 0 0 0 
0 0 0 0 1 1 0 0 0 1 
0 1 0 0 0 1 1 0 0 0 
1 1 0 0 0 0 1 0 0 0 
0 1 0 0 0 0 0 0 1 1 
0 0 1 0 1 1 0 0 0 0 
0 1 0 0 0 0 0 1 1 0 
1 0 0 0 0 0 1 1 0 0 
0 0 1 1 0 0 0 1 0 0 
1 1 0 1 0 0 0 0 0 0 
0 0 1 0 1 1 0 0 0 0 
0 0 0 0 0 0 1 1 1 0 
0 0 0 1 0 0 0 1 0 1 
0 0 1 0 1 0 0 1 0 0 
1 1 0 0 0 0 0 0 0 1 
0 0 0 1 1 1 0 0 0 0 
0 0 0 1 1 0 0 0 1 0 
1 0 0 1 0 0 1 0 0 0 
0 0 0 0 0 0 1 0 1 1 
1 0 1 0 0 1 0 0 0 0 
0 0 0 0 0 1 0 0 1 1 
0 0 0 0 1 0 1 1 0 0 
0 0 1 1 0 0 0 0 0 1 
0 0 0 0 0 0 0 1 1 1 
1 0 0 0 0 0 1 0 1 0 
1 0 0 1 0 1 0 0 0 0 
numSequences: 3628800
minStacks: 22
Best sequence:
9 5 4 2 3 0 1 6 7 8 
1 0 0 1 1 0 0 0 0 0 
0 0 0 1 0 1 0 0 0 1 
0 0 1 0 0 0 1 0 1 0 
0 1 0 0 0 0 1 1 0 0 
0 0 1 1 0 0 1 0 0 0 
1 1 1 0 0 0 0 0 0 0 
0 1 0 0 0 0 1 1 0 0 
0 0 0 0 0 1 1 1 0 0 
1 0 0 0 0 0 1 0 0 1 
0 1 1 1 0 0 0 0 0 0 
0 0 0 0 0 0 1 0 1 1 
0 0 0 0 0 1 0 1 1 0 
0 0 0 1 1 0 0 0 1 0 
0 0 0 0 1 1 1 0 0 0 
0 1 1 1 0 0 0 0 0 0 
0 0 0 0 0 0 0 1 1 1 
1 0 0 0 1 0 0 0 1 0 
0 0 1 1 0 0 0 0 1 0 
1 0 0 0 0 1 1 0 0 0 
0 1 1 0 1 0 0 0 0 0 
0 0 1 0 1 0 0 0 0 1 
0 0 0 0 1 1 0 1 0 0 
1 0 0 0 0 0 0 1 0 1 
0 1 0 1 0 1 0 0 0 0 
1 1 0 0 0 0 0 0 0 1 
0 0 1 0 0 0 0 1 1 0 
1 0 0 1 1 0 0 0 0 0 
1 0 0 0 0 0 0 0 1 1 
0 0 0 0 0 1 0 1 0 1 
0 1 0 0 1 1 0 0 0 0 
Open stacks: 22
Took 10.6 seconds

buffer: Warwick 1446: balanced orders and products, 3 products per order
numCustomers: 30
numProducts: 10
0 0 0 0 0 1 1 0 0 1 
1 0 1 0 0 0 0 1 0 0 
0 0 0 1 0 0 1 0 0 1 
0 0 0 1 0 1 0 0 1 0 
0 1 0 0 1 0 1 0 0 0 
1 1 0 0 0 1 0 0 0 0 
0 0 0 1 0 0 0 1 0 1 
0 0 1 0 1 0 0 0 0 1 
0 1 0 1 0 1 0 0 0 0 
1 0 1 0 0 0 0 0 0 1 
1 0 0 0 1 0 1 0 0 0 
0 0 0 0 0 0 1 1 1 0 
1 0 1 0 0 0 0 1 0 0 
0 0 0 0 1 0 0 1 0 1 
0 0 0 1 0 1 1 0 0 0 
1 0 0 1 1 0 0 0 0 0 
1 0 0 0 0 1 0 0 0 1 
1 1 0 0 0 0 0 0 0 1 
0 0 1 1 0 1 0 0 0 0 
0 1 0 0 1 0 0 0 1 0 
0 0 0 0 0 1 0 1 1 0 
0 1 1 0 0 0 0 0 1 0 
0 0 1 0 0 0 0 1 1 0 
0 1 0 1 0 0 0 1 0 0 
0 0 0 0 1 0 1 0 1 0 
0 1 1 0 0 0 0 0 1 0 
0 0 1 0 1 0 0 1 0 0 
0 0 0 1 0 1 1 0 0 0 
1 0 0 0 1 0 0 0 0 1 
0 1 0 0 0 0 1 0 1 0 
numSequences: 3628800
minStacks: 22
Best sequence:
9 6 5 3 0 4 1 2 7 8 
1 1 1 0 0 0 0 0 0 0 
0 0 0 0 1 0 0 1 1 0 
1 1 0 1 0 0 0 0 0 0 
0 0 1 1 0 0 0 0 0 1 
0 1 0 0 0 1 1 0 0 0 
0 0 1 0 1 0 1 0 0 0 
1 0 0 1 0 0 0 0 1 0 
1 0 0 0 0 1 0 1 0 0 
0 0 1 1 0 0 1 0 0 0 
1 0 0 0 1 0 0 1 0 0 
0 1 0 0 1 1 0 0 0 0 
0 1 0 0 0 0 0 0 1 1 
0 0 0 0 1 0 0 1 1 0 
1 0 0 0 0 1 0 0 1 0 
0 1 1 1 0 0 0 0 0 0 
0 0 0 1 1 1 0 0 0 0 
1 0 1 0 1 0 0 0 0 0 
1 0 0 0 1 0 1 0 0 0 
0 0 1 1 0 0 0 1 0 0 
0 0 0 0 0 1 1 0 0 1 
0 0 1 0 0 0 0 0 1 1 
0 0 0 0 0 0 1 1 0 1 
0 0 0 0 0 0 0 1 1 1 
0 0 0 1 0 0 1 0 1 0 
0 1 0 0 0 1 0 0 0 1 
0 0 0 0 0 0 1 1 0 1 
0 0 0 0 0 1 0 1 1 0 
0 1 1 1 0 0 0 0 0 0 
1 0 0 0 1 1 0 0 0 0 
0 1 0 0 0 0 1 0 0 1 
Open stacks: 22
Took 10.62 seconds

buffer: Warwick 1447: balanced orders and products, 3 products per order
numCustomers: 30
numProducts: 10
0 0 0 1 0 1 0 1 0 0 
0 1 1 0 0 0 0 0 1 0 
1 1 0 0 0 0 0 1 0 0 
0 1 0 1 0 1 0 0 0 0 
0 0 0 0 1 0 1 0 0 1 
1 0 0 0 1 1 0 0 0 0 
0 1 0 0 0 0 0 1 1 0 
0 0 1 0 0 0 1 0 0 1 
0 0 1 0 0 0 0 0 1 1 
0 1 0 0 0 0 1 0 1 0 
0 0 0 0 1 0 0 0 1 1 
0 0 0 1 0 0 0 1 1 0 
0 0 0 1 1 0 0 0 1 0 
1 0 1 0 0 1 0 0 0 0 
1 1 0 0 0 0 0 1 0 0 
0 0 0 1 0 0 1 0 0 1 
0 0 0 1 1 1 0 0 0 0 
1 0 0 0 1 0 0 1 0 0 
1 0 0 0 1 0 0 0 0 1 
0 1 1 0 0 0 0 1 0 0 
0 1 0 0 1 0 0 1 0 0 
0 0 1 1 0 0 0 0 0 1 
1 0 0 0 0 1 0 0 0 1 
1 0 0 0 1 1 0 0 0 0 
0 1 1 0 0 0 1 0 0 0 
0 0 1 1 0 0 0 0 0 1 
0 0 0 0 0 1 1 0 1 0 
1 0 0 0 0 1 1 0 0 0 
0 0 0 0 0 0 1 1 1 0 
0 0 1 1 0 0 1 0 0 0 
numSequences: 3628800
minStacks: 21
Best sequence:
9 3 2 8 6 1 0 5 4 7 
0 1 0 0 0 0 0 1 0 1 
0 0 1 1 0 1 0 0 0 0 
0 0 0 0 0 1 1 0 0 1 
0 1 0 0 0 1 0 1 0 0 
1 0 0 0 1 0 0 0 1 0 
0 0 0 0 0 0 1 1 1 0 
0 0 0 1 0 1 0 0 0 1 
1 0 1 0 1 0 0 0 0 0 
1 0 1 1 0 0 0 0 0 0 
0 0 0 1 1 1 0 0 0 0 
1 0 0 1 0 0 0 0 1 0 
0 1 0 1 0 0 0 0 0 1 
0 1 0 1 0 0 0 0 1 0 
0 0 1 0 0 0 1 1 0 0 
0 0 0 0 0 1 1 0 0 1 
1 1 0 0 1 0 0 0 0 0 
0 1 0 0 0 0 0 1 1 0 
0 0 0 0 0 0 1 0 1 1 
1 0 0 0 0 0 1 0 1 0 
0 0 1 0 0 1 0 0 0 1 
0 0 0 0 0 1 0 0 1 1 
1 1 1 0 0 0 0 0 0 0 
1 0 0 0 0 0 1 1 0 0 
0 0 0 0 0 0 1 1 1 0 
0 0 1 0 1 1 0 0 0 0 
1 1 1 0 0 0 0 0 0 0 
0 0 0 1 1 0 0 1 0 0 
0 0 0 0 1 0 1 1 0 0 
0 0 0 1 1 0 0 0 0 1 
0 1 1 0 1 0 0 0 0 0 
Open stacks: 21
Took 10.59 seconds

buffer: Warwick 1448: balanced orders and products, 3 products per order
numCustomers: 30
numProducts: 10
0 0 0 1 0 0 0 0 1 1 
1 0 0 0 0 0 0 1 1 0 
1 0 0 1 1 0 0 0 0 0 
0 1 0 0 0 0 1 1 0 0 
0 1 1 0 0 1 0 0 0 0 
1 1 0 0 0 0 0 1 0 0 
0 0 1 1 0 0 0 0 0 1 
0 0 0 1 1 0 1 0 0 0 
1 0 0 1 0 0 0 0 1 0 
0 1 0 0 0 1 1 0 0 0 
1 1 0 0 0 0 1 0 0 0 
1 0 0 0 0 0 1 0 0 1 
0 1 0 0 0 1 0 1 0 0 
0 0 0 1 0 0 0 1 0 1 
0 0 1 0 0 1 0 0 1 0 
1 0 0 0 1 1 0 0 0 0 
0 0 0 1 0 1 0 0 1 0 
0 0 0 0 1 0 0 0 1 1 
0 0 0 0 1 0 0 0 1 1 
1 0 0 0 0 0 1 1 0 0 
0 0 1 1 0 0 1 0 0 0 
0 0 0 0 0 1 1 1 0 0 
0 1 1 0 0 1 0 0 0 0 
0 0 1 0 1 0 0 0 1 0 
0 0 1 0 0 0 0 1 0 1 
0 1 1 1 0 0 0 0 0 0 
0 0 1 0 1 0 0 0 0 1 
0 1 0 0 0 1 0 0 0 1 
1 0 0 0 1 0 0 0 1 0 
0 0 0 0 1 0 1 1 0 0 
numSequences: 3628800
minStacks: 20
Best sequence:
9 8 4 3 2 0 5 6 1 7 
1 1 0 1 0 0 0 0 0 0 
0 1 0 0 0 1 0 0 0 1 
0 0 1 1 0 1 0 0 0 0 
0 0 0 0 0 0 0 1 1 1 
0 0 0 0 1 0 1 0 1 0 
0 0 0 0 0 1 0 0 1 1 
1 0 0 1 1 0 0 0 0 0 
0 0 1 1 0 0 0 1 0 0 
0 1 0 1 0 1 0 0 0 0 
0 0 0 0 0 0 1 1 1 0 
0 0 0 0 0 1 0 1 1 0 
1 0 0 0 0 1 0 1 0 0 
0 0 0 0 0 0 1 0 1 1 
1 0 0 1 0 0 0 0 0 1 
0 1 0 0 1 0 1 0 0 0 
0 0 1 0 0 1 1 0 0 0 
0 1 0 1 0 0 1 0 0 0 
1 1 1 0 0 0 0 0 0 0 
1 1 1 0 0 0 0 0 0 0 
0 0 0 0 0 1 0 1 0 1 
0 0 0 1 1 0 0 1 0 0 
0 0 0 0 0 0 1 1 0 1 
0 0 0 0 1 0 1 0 1 0 
0 1 1 0 1 0 0 0 0 0 
1 0 0 0 1 0 0 0 0 1 
0 0 0 1 1 0 0 0 1 0 
1 0 1 0 1 0 0 0 0 0 
1 0 0 0 0 0 1 0 1 0 
0 1 1 0 0 1 0 0 0 0 
0 0 1 0 0 0 0 1 0 1 
Open stacks: 20
Took 10.61 seconds

buffer: Warwick 1449: balanced orders and products, 3 products per order
numCustomers: 30
numProducts: 10
1 0 0 0 1 0 0 0 0 1 
0 1 0 0 0 1 0 1 0 0 
0 0 0 1 1 0 1 0 0 0 
0 0 0 0 0 1 0 1 1 0 
0 0 0 1 1 0 1 0 0 0 
0 1 1 0 0 0 1 0 0 0 
1 1 0 0 0 0 0 1 0 0 
0 1 0 0 0 0 1 0 1 0 
0 1 0 0 1 1 0 0 0 0 
1 0 1 1 0 0 0 0 0 0 
1 0 0 0 0 0 0 0 1 1 
0 0 0 0 0 0 0 1 1 1 
0 0 0 1 1 0 1 0 0 0 
0 0 0 0 0 1 1 0 0 1 
1 0 1 1 0 0 0 0 0 0 
0 1 0 0 1 0 0 0 0 1 
0 0 0 1 0 1 0 0 1 0 
0 0 0 1 0 0 1 0 0 1 
0 1 1 0 1 0 0 0 0 0 
0 0 1 0 0 0 0 1 0 1 
0 0 0 0 0 0 1 1 1 0 
0 0 1 0 1 1 0 0 0 0 
1 0 0 0 1 0 0 0 1 0 
1 0 0 1 0 1 0 0 0 0 
1 0 1 0 0 1 0 0 0 0 
0 1 0 0 0 0 0 0 1 1 
0 1 1 0 0 0 0 1 0 0 
0 0 1 0 0 0 0 1 1 0 
0 0 0 1 0 0 0 1 0 1 
1 0 0 0 0 1 1 0 0 0 
numSequences: 3628800
minStacks: 23
Best sequence:
9 6 3 4 0 2 1 5 7 8 
1 0 0 1 1 0 0 0 0 0 
0 0 0 0 0 0 1 1 1 0 
0 1 1 1 0 0 0 0 0 0 
0 0 0 0 0 0 0 1 1 1 
0 1 1 1 0 0 0 0 0 0 
0 1 0 0 0 1 1 0 0 0 
0 0 0 0 1 0 1 0 1 0 
0 1 0 0 0 0 1 0 0 1 
0 0 0 1 0 0 1 1 0 0 
0 0 1 0 1 1 0 0 0 0 
1 0 0 0 1 0 0 0 0 1 
1 0 0 0 0 0 0 0 1 1 
0 1 1 1 0 0 0 0 0 0 
1 1 0 0 0 0 0 1 0 0 
0 0 1 0 1 1 0 0 0 0 
1 0 0 1 0 0 1 0 0 0 
0 0 1 0 0 0 0 1 0 1 
1 1 1 0 0 0 0 0 0 0 
0 0 0 1 0 1 1 0 0 0 
1 0 0 0 0 1 0 0 1 0 
0 1 0 0 0 0 0 0 1 1 
0 0 0 1 0 1 0 1 0 0 
0 0 0 1 1 0 0 0 0 1 
0 0 1 0 1 0 0 1 0 0 
0 0 0 0 1 1 0 1 0 0 
1 0 0 0 0 0 1 0 0 1 
0 0 0 0 0 1 1 0 1 0 
0 0 0 0 0 1 0 0 1 1 
1 0 1 0 0 0 0 0 1 0 
0 1 0 0 1 0 0 1 0 0 
Open stacks: 23
Took 10.61 seconds

buffer: Warwick 1450: balanced orders and products, 3 products per order
numCustomers: 30
numProducts: 10
0 0 0 1 0 0 1 1 0 0 
0 0 0 0 1 0 0 1 0 1 
1 0 0 0 0 0 0 1 0 1 
0 0 1 0 1 0 1 0 0 0 
0 0 0 0 1 0 0 0 1 1 
0 1 1 0 1 0 0 0 0 0 
1 0 1 0 0 0 0 1 0 0 
0 1 1 0 0 0 0 1 0 0 
1 0 0 1 0 0 0 0 1 0 
1 0 0 0 0 1 0 1 0 0 
0 1 0 0 1 1 0 0 0 0 
0 0 1 1 0 0 0 0 1 0 
0 0 0 0 0 0 0 1 1 1 
1 0 0 1 0 0 0 0 1 0 
0 1 0 0 0 1 1 0 0 0 
1 0 0 0 0 0 0 0 1 1 
1 0 0 1 0 0 0 1 0 0 
0 0 0 1 1 0 0 0 0 1 
0 0 0 0 0 0 0 1 1 1 
0 0 0 1 0 1 0 0 1 0 
0 1 0 0 1 0 1 0 0 0 
0 0 0 1 0 0 1 0 0 1 
0 1 1 0 0 1 0 0 0 0 
0 1 0 0 1 0 1 0 0 0 
0 0 1 0 1 1 0 0 0 0 
1 0 1 0 0 0 0 0 0 1 
0 1 0 0 0 0 1 0 1 0 
1 1 0 0 0 1 0 0 0 0 
0 0 1 0 0 1 1 0 0 0 
0 0 0 1 0 1 1 0 0 0 
numSequences: 3628800
minStacks: 19
Best sequence:
9 8 7 0 3 2 5 1 4 6 
0 0 1 0 1 0 0 0 0 1 
1 0 1 0 0 0 0 0 1 0 
1 0 1 1 0 0 0 0 0 0 
0 0 0 0 0 1 0 0 1 1 
1 1 0 0 0 0 0 0 1 0 
0 0 0 0 0 1 0 1 1 0 
0 0 1 1 0 1 0 0 0 0 
0 0 1 0 0 1 0 1 0 0 
0 1 0 1 1 0 0 0 0 0 
0 0 1 1 0 0 1 0 0 0 
0 0 0 0 0 0 1 1 1 0 
0 1 0 0 1 1 0 0 0 0 
1 1 1 0 0 0 0 0 0 0 
0 1 0 1 1 0 0 0 0 0 
0 0 0 0 0 0 1 1 0 1 
1 1 0 1 0 0 0 0 0 0 
0 0 1 1 1 0 0 0 0 0 
1 0 0 0 1 0 0 0 1 0 
1 1 1 0 0 0 0 0 0 0 
0 1 0 0 1 0 1 0 0 0 
0 0 0 0 0 0 0 1 1 1 
1 0 0 0 1 0 0 0 0 1 
0 0 0 0 0 1 1 1 0 0 
0 0 0 0 0 0 0 1 1 1 
0 0 0 0 0 1 1 0 1 0 
1 0 0 1 0 1 0 0 0 0 
0 1 0 0 0 0 0 1 0 1 
0 0 0 1 0 0 1 1 0 0 
0 0 0 0 0 1 1 0 0 1 
0 0 0 0 1 0 1 0 0 1 
Open stacks: 19
Took 10.61 seconds

buffer: Warwick 1451: balanced orders and products, 4 products per order
numCustomers: 30
numProducts: 10
0 0 0 0 0 1 1 0 1 1 
0 1 0 0 1 1 0 1 0 0 
0 0 0 0 0 1 1 0 1 1 
1 1 0 1 0 1 0 0 0 0 
0 1 1 0 0 0 1 0 1 0 
1 0 1 1 0 0 0 1 0 0 
1 1 0 0 1 0 0 0 1 0 
0 1 0 1 1 0 0 0 0 1 
0 1 1 0 1 0 1 0 0 0 
0 0 1 1 1 0 0 1 0 0 
0 0 0 0 0 0 1 1 1 1 
0 1 0 0 1 1 0 0 1 0 
1 0 1 0 0 1 0 1 0 0 
1 0 0 0 0 0 0 1 1 1 
1 1 0 0 0 1 1 0 0 0 
1 0 1 0 0 0 1 0 1 0 
1 0 0 0 0 1 1 0 0 1 
1 0 0 1 1 0 0 0 0 1 
1 1 1 0 0 0 0 0 0 1 
0 0 1 0 1 0 0 1 1 0 
0 1 0 1 0 0 0 1 1 0 
1 0 0 1 0 1 1 0 0 0 
1 0 1 1 1 0 0 0 0 0 
0 0 1 1 1 0 0 0 0 1 
0 0 1 0 1 1 0 1 0 0 
0 0 0 1 0 1 1 0 0 1 
0 0 1 0 0 1 0 1 1 0 
0 1 0 1 0 0 0 1 0 1 
0 1 0 0 1 0 1 0 0 1 
0 0 0 1 0 0 1 1 1 0 
numSequences: 3628800
minStacks: 27
Best sequence:
9 6 4 1 3 0 2 5 7 8 
1 1 0 0 0 0 0 1 0 1 
0 0 1 1 0 0 0 1 1 0 
1 1 0 0 0 0 0 1 0 1 
0 0 0 1 1 1 0 1 0 0 
0 1 0 1 0 0 1 0 0 1 
0 0 0 0 1 1 1 0 1 0 
0 0 1 1 0 1 0 0 0 1 
1 0 1 1 1 0 0 0 0 0 
0 1 1 1 0 0 1 0 0 0 
0 0 1 0 1 0 1 0 1 0 
1 1 0 0 0 0 0 0 1 1 
0 0 1 1 0 0 0 1 0 1 
0 0 0 0 0 1 1 1 1 0 
1 0 0 0 0 1 0 0 1 1 
0 1 0 1 0 1 0 1 0 0 
0 1 0 0 0 1 1 0 0 1 
1 1 0 0 0 1 0 1 0 0 
1 0 1 0 1 1 0 0 0 0 
1 0 0 1 0 1 1 0 0 0 
0 0 1 0 0 0 1 0 1 1 
0 0 0 1 1 0 0 0 1 1 
0 1 0 0 1 1 0 1 0 0 
0 0 1 0 1 1 1 0 0 0 
1 0 1 0 1 0 1 0 0 0 
0 0 1 0 0 0 1 1 1 0 
1 1 0 0 1 0 0 1 0 0 
0 0 0 0 0 0 1 1 1 1 
1 0 0 1 1 0 0 0 1 0 
1 1 1 1 0 0 0 0 0 0 
0 1 0 0 1 0 0 0 1 1 
Open stacks: 27
Took 10.73 seconds

buffer: Warwick 1452: balanced orders and products, 4 products per order
numCustomers: 30
numProducts: 10
1 0 0 1 0 1 0 1 0 0 
0 1 0 0 0 1 1 0 1 0 
0 0 1 1 0 1 1 0 0 0 
1 1 0 1 0 1 0 0 0 0 
0 1 1 0 0 1 0 0 0 1 
0 0 1 0 0 0 1 1 0 1 
0 1 0 1 1 0 0 1 0 0 
1 0 1 0 1 1 0 0 0 0 
0 0 1 0 1 1 1 0 0 0 
1 1 0 0 0 0 0 1 1 0 
1 0 1 1 0 0 0 0 0 1 
0 1 0 0 1 0 0 0 1 1 
0 0 0 0 0 1 1 1 1 0 
0 0 0 0 1 1 0 0 1 1 
1 0 1 0 1 0 0 1 0 0 
1 0 0 1 0 0 1 0 0 1 
0 0 0 1 0 1 0 0 1 1 
1 0 0 0 1 1 0 1 0 0 
1 1 0 0 0 0 1 1 0 0 
1 0 0 1 1 0 1 0 0 0 
0 0 1 1 0 0 1 0 1 0 
0 1 1 0 0 0 0 1 1 0 
0 0 0 1 1 0 1 0 0 1 
0 1 0 0 0 1 1 0 0 1 
0 0 1 1 1 0 0 0 0 1 
1 1 0 0 0 0 0 1 1 0 
1 0 0 0 1 0 0 1 1 0 
0 1 1 0 0 0 0 1 0 1 
0 0 1 0 0 0 1 0 1 1 
0 1 0 1 1 0 0 0 1 0 
numSequences: 3628800
minStacks: 27
Best sequence:
9 6 5 2 3 4 0 1 7 8 
0 0 1 0 1 0 1 0 1 0 
0 1 1 0 0 0 0 1 0 1 
0 1 1 1 1 0 0 0 0 0 
0 0 1 0 1 0 1 1 0 0 
1 0 1 1 0 0 0 1 0 0 
1 1 0 1 0 0 0 0 1 0 
0 0 0 0 1 1 0 1 1 0 
0 0 1 1 0 1 1 0 0 0 
0 1 1 1 0 1 0 0 0 0 
0 0 0 0 0 0 1 1 1 1 
1 0 0 1 1 0 1 0 0 0 
1 0 0 0 0 1 0 1 0 1 
0 1 1 0 0 0 0 0 1 1 
1 0 1 0 0 1 0 0 0 1 
0 0 0 1 0 1 1 0 1 0 
1 1 0 0 1 0 1 0 0 0 
1 0 1 0 1 0 0 0 0 1 
0 0 1 0 0 1 1 0 1 0 
0 1 0 0 0 0 1 1 1 0 
0 1 0 0 1 1 1 0 0 0 
0 1 0 1 1 0 0 0 0 1 
0 0 0 1 0 0 0 1 1 1 
1 1 0 0 1 1 0 0 0 0 
1 1 1 0 0 0 0 1 0 0 
1 0 0 1 1 1 0 0 0 0 
0 0 0 0 0 0 1 1 1 1 
0 0 0 0 0 1 1 0 1 1 
1 0 0 1 0 0 0 1 1 0 
1 1 0 1 0 0 0 0 0 1 
0 0 0 0 1 1 0 1 0 1 
Open stacks: 27
Took 10.73 seconds

buffer: Warwick 1453: balanced orders and products, 4 products per order
numCustomers: 30
numProducts: 10
0 1 0 0 1 0 0 1 0 1 
0 0 1 1 1 0 1 0 0 0 
0 1 1 1 0 1 0 0 0 0 
0 0 0 0 0 1 1 1 0 1 
0 0 0 1 0 1 0 0 1 1 
0 0 0 1 0 0 1 0 1 1 
0 1 0 0 1 0 1 0 0 1 
0 1 0 1 0 1 0 1 0 0 
1 0 0 0 0 1 0 1 1 0 
1 1 0 1 0 1 0 0 0 0 
0 0 1 0 0 0 1 1 0 1 
0 0 0 1 1 0 0 1 0 1 
1 0 1 1 0 0 1 0 0 0 
1 0 0 0 1 1 0 0 1 0 
0 1 1 0 1 1 0 0 0 0 
1 1 0 0 1 0 0 1 0 0 
0 0 1 0 0 1 0 1 1 0 
1 0 1 1 0 0 1 0 0 0 
0 1 1 0 0 0 1 1 0 0 
1 0 0 0 0 0 1 0 1 1 
0 1 0 1 0 0 1 0 1 0 
0 0 1 1 1 0 0 0 0 1 
1 1 0 0 0 1 0 0 1 0 
0 0 0 0 1 1 0 0 1 1 
1 0 1 0 0 0 1 1 0 0 
0 0 0 0 1 1 1 0 1 0 
1 1 0 0 1 0 0 0 1 0 
1 1 0 1 1 0 0 0 0 0 
0 0 1 0 0 0 0 1 1 1 
1 0 1 0 0 0 0 1 0 1 
numSequences: 3628800
minStacks: 27
Best sequence:
9 8 5 4 3 0 2 6 1 7 
1 0 0 1 0 0 0 0 1 1 
0 0 0 1 1 0 1 1 0 0 
0 0 1 0 1 0 1 0 1 0 
1 0 1 0 0 0 0 1 0 1 
1 1 1 0 1 0 0 0 0 0 
1 1 0 0 1 0 0 1 0 0 
1 0 0 1 0 0 0 1 1 0 
0 0 1 0 1 0 0 0 1 1 
0 1 1 0 0 1 0 0 0 1 
0 0 1 0 1 1 0 0 1 0 
1 0 0 0 0 0 1 1 0 1 
1 0 0 1 1 0 0 0 0 1 
0 0 0 0 1 1 1 1 0 0 
0 1 1 1 0 1 0 0 0 0 
0 0 1 1 0 0 1 0 1 0 
0 0 0 1 0 1 0 0 1 1 
0 1 1 0 0 0 1 0 0 1 
0 0 0 0 1 1 1 1 0 0 
0 0 0 0 0 0 1 1 1 1 
1 1 0 0 0 1 0 1 0 0 
0 1 0 0 1 0 0 1 1 0 
1 0 0 1 1 0 1 0 0 0 
0 1 1 0 0 1 0 0 1 0 
1 1 1 1 0 0 0 0 0 0 
0 0 0 0 0 1 1 1 0 1 
0 1 1 1 0 0 0 1 0 0 
0 1 0 1 0 1 0 0 1 0 
0 0 0 1 1 1 0 0 1 0 
1 1 0 0 0 0 1 0 0 1 
1 0 0 0 0 1 1 0 0 1 
Open stacks: 27
Took 10.72 seconds

buffer: Warwick 1454: balanced orders and products, 4 products per order
numCustomers: 30
numProducts: 10
0 0 0 0 0 1 1 0 1 1 
0 0 1 1 0 0 1 0 1 0 
1 0 0 1 1 0 0 0 0 1 
0 1 0 1 0 1 0 1 0 0 
0 0 0 0 1 1 0 1 1 0 
0 1 1 0 0 0 0 1 1 0 
0 0 1 0 1 0 0 0 1 1 
0 0 1 1 1 0 1 0 0 0 
1 1 0 0 1 0 0 1 0 0 
0 0 1 0 0 0 0 1 1 1 
0 1 1 1 0 0 0 1 0 0 
1 1 1 0 0 0 1 0 0 0 
0 1 0 0 0 1 0 0 1 1 
0 1 0 0 1 1 0 0 0 1 
1 1 0 0 0 1 1 0 0 0 
0 0 0 1 1 0 1 0 1 0 
1 0 1 1 1 0 0 0 0 0 
0 1 0 0 0 1 1 0 0 1 
0 0 1 0 0 1 0 0 1 1 
1 0 0 1 0 0 1 0 0 1 
0 0 0 1 0 0 1 1 0 1 
0 0 0 0 1 1 0 1 1 0 
0 1 0 0 1 0 1 1 0 0 
0 0 1 1 1 0 0 1 0 0 
1 1 1 0 0 0 0 0 0 1 
1 0 0 0 0 1 1 1 0 0 
1 1 1 1 0 0 0 0 0 0 
1 0 0 0 0 1 0 0 1 1 
1 0 0 0 0 1 1 0 1 0 
1 0 0 1 1 0 0 1 0 0 
numSequences: 3628800
minStacks: 26
Best sequence:
9 8 6 5 1 2 0 4 3 7 
1 1 1 1 0 0 0 0 0 0 
0 1 1 0 0 1 0 0 1 0 
1 0 0 0 0 0 1 1 1 0 
0 0 0 1 1 0 0 0 1 1 
0 1 0 1 0 0 0 1 0 1 
0 1 0 0 1 1 0 0 0 1 
1 1 0 0 0 1 0 1 0 0 
0 0 1 0 0 1 0 1 1 0 
0 0 0 0 1 0 1 1 0 1 
1 1 0 0 0 1 0 0 0 1 
0 0 0 0 1 1 0 0 1 1 
0 0 1 0 1 1 1 0 0 0 
1 1 0 1 1 0 0 0 0 0 
1 0 0 1 1 0 0 1 0 0 
0 0 1 1 1 0 1 0 0 0 
0 1 1 0 0 0 0 1 1 0 
0 0 0 0 0 1 1 1 1 0 
1 0 1 1 1 0 0 0 0 0 
1 1 0 1 0 1 0 0 0 0 
1 0 1 0 0 0 1 0 1 0 
1 0 1 0 0 0 0 0 1 1 
0 1 0 1 0 0 0 1 0 1 
0 0 1 0 1 0 0 1 0 1 
0 0 0 0 0 1 0 1 1 1 
1 0 0 0 1 1 1 0 0 0 
0 0 1 1 0 0 1 0 0 1 
0 0 0 0 1 1 1 0 1 0 
1 1 0 1 0 0 1 0 0 0 
0 1 1 1 0 0 1 0 0 0 
0 0 0 0 0 0 1 1 1 1 
Open stacks: 26
Took 10.72 seconds

buffer: Warwick 1455: balanced orders and products, 4 products per order
numCustomers: 30
numProducts: 10
0 1 1 0 0 0 0 0 1 1 
1 0 0 0 1 1 0 1 0 0 
0 1 1 0 0 0 0 1 0 1 
1 0 0 0 1 1 1 0 0 0 
0 0 1 1 0 1 1 0 0 0 
0 1 0 1 0 1 1 0 0 0 
1 0 0 1 0 0 1 1 0 0 
1 1 0 0 1 0 0 0 1 0 
0 0 0 0 1 1 1 1 0 0 
0 0 1 0 1 0 0 1 1 0 
0 1 1 0 0 1 0 1 0 0 
0 1 0 1 1 0 0 0 1 0 
0 0 0 1 1 0 0 0 1 1 
0 1 0 0 1 1 0 0 1 0 
1 0 1 1 0 0 0 1 0 0 
1 0 1 0 0 1 0 0 0 1 
0 0 0 0 1 0 1 0 1 1 
1 0 1 0 0 0 0 0 1 1 
1 0 0 0 0 1 0 1 0 1 
0 0 0 1 0 0 1 1 0 1 
0 0 1 0 0 0 1 0 1 1 
0 0 1 0 0 0 1 1 1 0 
1 1 0 0 0 0 0 0 1 1 
0 1 0 1 0 1 0 0 1 0 
1 1 1 0 0 0 1 0 0 0 
0 0 0 1 1 1 0 1 0 0 
0 1 1 1 0 0 1 0 0 0 
1 1 0 0 0 1 1 0 0 0 
1 0 0 1 1 0 0 0 0 1 
0 0 0 1 1 0 0 1 0 1 
numSequences: 3628800
minStacks: 27
Best sequence:
9 8 1 0 2 4 5 6 3 7 
1 1 1 0 1 0 0 0 0 0 
0 0 0 1 0 1 1 0 0 1 
1 0 1 0 1 0 0 0 0 1 
0 0 0 1 0 1 1 1 0 0 
0 0 0 0 1 0 1 1 1 0 
0 0 1 0 0 0 1 1 1 0 
0 0 0 1 0 0 0 1 1 1 
0 1 1 1 0 1 0 0 0 0 
0 0 0 0 0 1 1 1 0 1 
0 1 0 0 1 1 0 0 0 1 
0 0 1 0 1 0 1 0 0 1 
0 1 1 0 0 1 0 0 1 0 
1 1 0 0 0 1 0 0 1 0 
0 1 1 0 0 1 1 0 0 0 
0 0 0 1 1 0 0 0 1 1 
1 0 0 1 1 0 1 0 0 0 
1 1 0 0 0 1 0 1 0 0 
1 1 0 1 1 0 0 0 0 0 
1 0 0 1 0 0 1 0 0 1 
1 0 0 0 0 0 0 1 1 1 
1 1 0 0 1 0 0 1 0 0 
0 1 0 0 1 0 0 1 0 1 
1 1 1 1 0 0 0 0 0 0 
0 1 1 0 0 0 1 0 1 0 
0 0 1 1 1 0 0 1 0 0 
0 0 0 0 0 1 1 0 1 1 
0 0 1 0 1 0 0 1 1 0 
0 0 1 1 0 0 1 1 0 0 
1 0 0 1 0 1 0 0 1 0 
1 0 0 0 0 1 0 0 1 1 
Open stacks: 27
Took 10.73 seconds

buffer: Warwick 1456: balanced orders and products, 4 products per order
numCustomers: 30
numProducts: 10
1 0 0 0 1 0 1 0 0 1 
0 0 0 1 0 0 1 1 0 1 
1 0 1 0 0 0 0 1 0 1 
0 1 1 0 1 0 0 0 1 0 
1 0 0 0 1 0 1 0 1 0 
0 1 0 0 1 0 1 0 1 0 
1 0 0 0 1 0 1 0 0 1 
0 1 0 1 0 1 0 1 0 0 
1 0 0 1 0 1 1 0 0 0 
0 0 0 1 0 0 1 1 1 0 
1 1 0 0 0 1 0 0 0 1 
0 1 0 0 0 1 0 0 1 1 
0 1 1 0 0 0 1 0 0 1 
0 1 1 0 0 1 0 1 0 0 
1 1 0 0 1 0 0 1 0 0 
1 0 0 0 1 1 0 1 0 0 
0 0 0 1 0 0 1 1 0 1 
0 0 1 0 0 1 0 0 1 1 
0 0 1 1 1 0 0 0 0 1 
0 0 0 1 0 1 0 1 1 0 
1 1 1 0 0 0 0 0 1 0 
1 0 1 1 0 1 0 0 0 0 
1 0 0 0 1 0 1 0 0 1 
0 1 1 0 1 0 1 0 0 0 
1 0 0 0 0 1 0 0 1 1 
0 1 0 1 0 1 0 1 0 0 
0 0 1 1 1 0 0 1 0 0 
0 0 0 0 1 0 1 1 1 0 
0 1 1 1 0 0 0 0 1 0 
0 0 1 1 0 1 0 0 1 0 
numSequences: 3628800
minStacks: 26
Best sequence:
9 6 4 0 1 2 3 5 7 8 
1 1 1 1 0 0 0 0 0 0 
1 1 0 0 0 0 1 0 1 0 
1 0 0 1 0 1 0 0 1 0 
0 0 1 0 1 1 0 0 0 1 
0 1 1 1 0 0 0 0 0 1 
0 1 1 0 1 0 0 0 0 1 
1 1 1 1 0 0 0 0 0 0 
0 0 0 0 1 0 1 1 1 0 
0 1 0 1 0 0 1 1 0 0 
0 1 0 0 0 0 1 0 1 1 
1 0 0 1 1 0 0 1 0 0 
1 0 0 0 1 0 0 1 0 1 
1 1 0 0 1 1 0 0 0 0 
0 0 0 0 1 1 0 1 1 0 
0 0 1 1 1 0 0 0 1 0 
0 0 1 1 0 0 0 1 1 0 
1 1 0 0 0 0 1 0 1 0 
1 0 0 0 0 1 0 1 0 1 
1 0 1 0 0 1 1 0 0 0 
0 0 0 0 0 0 1 1 1 1 
0 0 0 1 1 1 0 0 0 1 
0 0 0 1 0 1 1 1 0 0 
1 1 1 1 0 0 0 0 0 0 
0 1 1 0 1 1 0 0 0 0 
1 0 0 1 0 0 0 1 0 1 
0 0 0 0 1 0 1 1 1 0 
0 0 1 0 0 1 1 0 1 0 
0 1 1 0 0 0 0 0 1 1 
0 0 0 0 1 1 1 0 0 1 
0 0 0 0 0 1 1 1 0 1 
Open stacks: 26
Took 10.72 seconds

buffer: Warwick 1457: balanced orders and products, 4 products per order
numCustomers: 30
numProducts: 10
0 1 1 0 1 0 0 0 0 1 
1 0 0 1 0 0 0 0 1 1 
0 0 0 1 0 1 1 0 0 1 
1 0 0 1 0 0 1 0 0 1 
0 0 0 0 1 0 1 1 1 0 
1 1 0 0 0 1 0 0 1 0 
0 0 1 1 1 0 1 0 0 0 
1 0 0 0 1 1 0 1 0 0 
0 0 1 0 1 1 0 0 1 0 
0 0 0 1 0 1 1 0 1 0 
1 0 0 1 0 0 1 0 0 1 
0 0 1 0 0 1 1 1 0 0 
1 1 1 0 0 0 0 1 0 0 
0 0 1 0 0 0 0 1 1 1 
0 1 0 0 1 0 1 1 0 0 
0 0 0 1 0 1 0 0 1 1 
0 1 0 1 1 0 0 0 1 0 
1 0 0 0 1 0 1 0 0 1 
0 1 1 0 1 1 0 0 0 0 
1 0 1 1 0 0 0 0 1 0 
1 0 0 0 0 0 1 1 0 1 
0 1 1 1 0 1 0 0 0 0 
0 0 0 1 0 0 1 1 1 0 
1 1 1 0 0 0 0 0 1 0 
0 0 1 0 0 1 0 1 0 1 
1 1 0 0 1 0 0 0 0 1 
0 0 0 1 1 0 1 0 0 1 
1 1 0 0 1 0 0 1 0 0 
0 1 0 0 0 1 0 1 1 0 
0 1 1 0 0 1 0 1 0 0 
numSequences: 3628800
minStacks: 26
Best sequence:
9 6 3 0 4 2 1 5 7 8 
1 0 0 0 1 1 1 0 0 0 
1 0 1 1 0 0 0 0 0 1 
1 1 1 0 0 0 0 1 0 0 
1 1 1 1 0 0 0 0 0 0 
0 1 0 0 1 0 0 0 1 1 
0 0 0 1 0 0 1 1 0 1 
0 1 1 0 1 1 0 0 0 0 
0 0 0 1 1 0 0 1 1 0 
0 0 0 0 1 1 0 1 0 1 
0 1 1 0 0 0 0 1 0 1 
1 1 1 1 0 0 0 0 0 0 
0 1 0 0 0 1 0 1 1 0 
0 0 0 1 0 1 1 0 1 0 
1 0 0 0 0 1 0 0 1 1 
0 1 0 0 1 0 1 0 1 0 
1 0 1 0 0 0 0 1 0 1 
0 0 1 0 1 0 1 0 0 1 
1 1 0 1 1 0 0 0 0 0 
0 0 0 0 1 1 1 1 0 0 
0 0 1 1 0 1 0 0 0 1 
1 1 0 1 0 0 0 0 1 0 
0 0 1 0 0 1 1 1 0 0 
0 1 1 0 0 0 0 0 1 1 
0 0 0 1 0 1 1 0 0 1 
1 0 0 0 0 1 0 1 1 0 
1 0 0 1 1 0 1 0 0 0 
1 1 1 0 1 0 0 0 0 0 
0 0 0 1 1 0 1 0 1 0 
0 0 0 0 0 0 1 1 1 1 
0 0 0 0 0 1 1 1 1 0 
Open stacks: 26
Took 10.73 seconds

buffer: Warwick 1458: balanced orders and products, 4 products per order
numCustomers: 30
numProducts: 10
0 0 0 1 0 1 1 0 1 0 
1 0 0 1 1 0 0 0 0 1 
1 1 0 1 0 0 0 0 0 1 
1 0 0 0 0 0 1 0 1 1 
0 1 1 1 1 0 0 0 0 0 
1 0 0 0 0 1 0 1 1 0 
0 0 0 0 1 0 1 0 1 1 
0 0 1 0 1 1 1 0 0 0 
1 1 1 0 1 0 0 0 0 0 
1 0 0 1 0 0 1 1 0 0 
1 1 1 0 0 0 0 0 0 1 
0 1 0 1 0 1 0 1 0 0 
0 0 1 1 1 1 0 0 0 0 
1 0 0 0 1 0 0 1 0 1 
0 1 0 0 0 0 0 1 1 1 
1 0 0 1 0 1 1 0 0 0 
0 1 1 1 0 0 0 0 1 0 
0 1 0 0 1 1 0 0 0 1 
0 1 1 0 0 0 1 0 0 1 
0 1 1 0 0 0 0 1 0 1 
0 0 0 1 1 1 0 1 0 0 
0 0 1 0 1 0 0 1 1 0 
1 0 0 0 1 1 0 0 1 0 
1 0 0 1 0 0 0 1 1 0 
0 0 0 0 1 1 1 0 0 1 
0 0 1 0 0 0 1 1 1 0 
0 0 0 1 0 1 1 0 1 0 
0 1 0 0 0 1 1 1 0 0 
0 1 1 0 0 0 1 0 1 0 
1 0 1 0 0 0 0 1 0 1 
numSequences: 3628800
minStacks: 27
Best sequence:
9 7 1 2 0 4 5 3 6 8 
0 0 0 0 0 0 1 1 1 1 
1 0 0 0 1 1 0 1 0 0 
1 0 1 0 1 0 0 1 0 0 
1 0 0 0 1 0 0 0 1 1 
0 0 1 1 0 1 0 1 0 0 
0 1 0 0 1 0 1 0 0 1 
1 0 0 0 0 1 0 0 1 1 
0 0 0 1 0 1 1 0 1 0 
0 0 1 1 1 1 0 0 0 0 
0 1 0 0 1 0 0 1 1 0 
1 0 1 1 1 0 0 0 0 0 
0 1 1 0 0 0 1 1 0 0 
0 0 0 1 0 1 1 1 0 0 
1 1 0 0 1 1 0 0 0 0 
1 1 1 0 0 0 0 0 0 1 
0 0 0 0 1 0 1 1 1 0 
0 0 1 1 0 0 0 1 0 1 
1 0 1 0 0 1 1 0 0 0 
1 0 1 1 0 0 0 0 1 0 
1 1 1 1 0 0 0 0 0 0 
0 1 0 0 0 1 1 1 0 0 
0 1 0 1 0 1 0 0 0 1 
0 0 0 0 1 1 1 0 0 1 
0 1 0 0 1 0 0 1 0 1 
1 0 0 0 0 1 1 0 1 0 
0 1 0 1 0 0 0 0 1 1 
0 0 0 0 0 0 1 1 1 1 
0 1 1 0 0 0 1 0 1 0 
0 0 1 1 0 0 0 0 1 1 
1 1 0 1 1 0 0 0 0 0 
Open stacks: 27
Took 10.73 seconds

buffer: Warwick 1459: balanced orders and products, 4 products per order
numCustomers: 30
numProducts: 10
0 0 0 1 0 0 0 1 1 1 
1 0 0 0 1 1 0 0 1 0 
0 0 0 1 1 0 0 0 1 1 
0 0 1 1 0 0 0 1 1 0 
0 0 0 1 0 1 1 0 1 0 
0 1 0 1 0 1 0 1 0 0 
1 0 0 0 0 1 1 0 1 0 
1 0 0 1 1 0 0 0 0 1 
0 0 1 1 1 1 0 0 0 0 
1 0 1 0 1 0 0 1 0 0 
0 1 0 0 1 0 1 0 0 1 
0 0 1 0 1 1 0 0 0 1 
0 1 0 1 1 0 0 1 0 0 
0 1 0 1 0 0 1 0 0 1 
1 0 1 0 0 0 0 1 1 0 
0 1 0 0 0 1 1 1 0 0 
0 1 1 0 0 0 0 1 0 1 
1 0 1 0 1 1 0 0 0 0 
0 0 0 0 0 1 0 1 1 1 
1 1 1 0 0 0 0 0 0 1 
0 1 1 1 0 0 0 0 0 1 
0 0 0 0 1 0 0 1 1 1 
0 0 1 0 0 1 1 1 0 0 
1 0 0 1 0 0 1 0 1 0 
1 1 0 0 1 0 1 0 0 0 
1 0 0 0 0 0 1 0 1 1 
1 1 1 0 0 1 0 0 0 0 
0 1 1 1 0 0 1 0 0 0 
0 0 0 0 0 1 1 1 1 0 
1 1 0 0 1 0 1 0 0 0 
numSequences: 3628800
minStacks: 27
Best sequence:
9 7 1 2 3 4 5 0 6 8 
1 1 0 0 1 0 0 0 0 1 
0 0 0 0 0 1 1 1 0 1 
1 0 0 0 1 1 0 0 0 1 
0 1 0 1 1 0 0 0 0 1 
0 0 0 0 1 0 1 0 1 1 
0 1 1 0 1 0 1 0 0 0 
0 0 0 0 0 0 1 1 1 1 
1 0 0 0 1 1 0 1 0 0 
0 0 0 1 1 1 1 0 0 0 
0 1 0 1 0 1 0 1 0 0 
1 0 1 0 0 1 0 0 1 0 
1 0 0 1 0 1 1 0 0 0 
0 1 1 0 1 1 0 0 0 0 
1 0 1 0 1 0 0 0 1 0 
0 1 0 1 0 0 0 1 0 1 
0 1 1 0 0 0 1 0 1 0 
1 1 1 1 0 0 0 0 0 0 
0 0 0 1 0 1 1 1 0 0 
1 1 0 0 0 0 1 0 0 1 
1 0 1 1 0 0 0 1 0 0 
1 0 1 1 1 0 0 0 0 0 
1 1 0 0 0 1 0 0 0 1 
0 1 0 1 0 0 1 0 1 0 
0 0 0 0 1 0 0 1 1 1 
0 0 1 0 0 1 0 1 1 0 
1 0 0 0 0 0 0 1 1 1 
0 0 1 1 0 0 1 1 0 0 
0 0 1 1 1 0 0 0 1 0 
0 1 0 0 0 0 1 0 1 1 
0 0 1 0 0 1 0 1 1 0 
Open stacks: 27
Took 10.72 seconds

buffer: Warwick 1460: balanced orders and products, 4 products per order
numCustomers: 30
numProducts: 10
1 0 1 1 0 0 1 0 0 0 
0 1 1 0 1 1 0 0 0 0 
1 1 0 0 0 0 0 1 0 1 
1 0 0 1 0 0 0 1 0 1 
0 1 0 1 0 0 1 0 0 1 
0 0 0 0 1 1 1 0 1 0 
1 0 0 0 0 0 1 1 0 1 
1 0 0 1 0 0 1 0 1 0 
0 0 0 0 0 0 1 1 1 1 
0 1 1 0 0 0 1 0 1 0 
1 0 0 1 0 1 0 0 0 1 
0 1 1 0 1 0 1 0 0 0 
0 0 0 0 1 1 0 1 1 0 
0 0 1 0 1 1 1 0 0 0 
0 1 1 0 0 1 0 0 0 1 
0 1 0 0 1 0 0 1 0 1 
1 0 1 1 0 0 1 0 0 0 
0 0 0 1 1 1 0 1 0 0 
0 0 1 1 1 0 0 0 0 1 
1 1 1 0 0 1 0 0 0 0 
1 0 0 1 0 1 0 0 1 0 
0 0 1 1 1 0 0 0 1 0 
1 0 0 0 0 1 0 0 1 1 
1 0 1 1 0 0 0 0 1 0 
0 1 0 0 1 0 1 1 0 0 
0 1 0 0 0 1 0 1 1 0 
1 0 0 1 0 0 0 1 0 1 
0 1 1 0 0 0 1 1 0 0 
0 1 0 0 1 1 0 0 1 0 
0 0 0 0 1 0 0 1 1 1 
numSequences: 3628800
minStacks: 26
Best sequence:
9 7 3 0 5 4 2 1 6 8 
0 0 1 1 0 0 1 0 1 0 
0 0 0 0 1 1 1 1 0 0 
1 1 0 1 0 0 0 1 0 0 
1 1 1 1 0 0 0 0 0 0 
1 0 1 0 0 0 0 1 1 0 
0 0 0 0 1 1 0 0 1 1 
1 1 0 1 0 0 0 0 1 0 
0 0 1 1 0 0 0 0 1 1 
1 1 0 0 0 0 0 0 1 1 
0 0 0 0 0 0 1 1 1 1 
1 0 1 1 1 0 0 0 0 0 
0 0 0 0 0 1 1 1 1 0 
0 1 0 0 1 1 0 0 0 1 
0 0 0 0 1 1 1 0 1 0 
1 0 0 0 1 0 1 1 0 0 
1 1 0 0 0 1 0 1 0 0 
0 0 1 1 0 0 1 0 1 0 
0 1 1 0 1 1 0 0 0 0 
1 0 1 0 0 1 1 0 0 0 
0 0 0 1 1 0 1 1 0 0 
0 0 1 1 1 0 0 0 0 1 
0 0 1 0 0 1 1 0 0 1 
1 0 0 1 1 0 0 0 0 1 
0 0 1 1 0 0 1 0 0 1 
0 1 0 0 0 1 0 1 1 0 
0 1 0 0 1 0 0 1 0 1 
1 1 1 1 0 0 0 0 0 0 
0 1 0 0 0 0 1 1 1 0 
0 0 0 0 1 1 0 1 0 1 
1 1 0 0 0 1 0 0 0 1 
Open stacks: 26
Took 10.72 seconds

buffer: Warwick 1461: balanced orders and products, 5 products per order
numCustomers: 30
numProducts: 10
0 1 1 0 1 0 1 0 0 1 
0 1 0 1 0 1 1 0 0 1 
0 0 0 0 1 1 1 0 1 1 
0 1 1 1 1 0 0 0 1 0 
0 0 0 1 1 1 0 0 1 1 
1 0 1 0 0 1 0 0 1 1 
1 1 0 1 0 0 0 0 1 1 
1 1 0 0 0 1 0 1 1 0 
0 0 1 1 0 1 0 0 1 1 
1 1 0 1 0 0 1 1 0 0 
1 0 0 1 0 1 1 1 0 0 
0 0 0 1 1 0 0 1 1 1 
0 1 1 0 0 0 0 1 1 1 
1 0 0 1 1 0 0 1 1 0 
1 1 1 0 0 0 0 1 0 1 
0 0 0 0 0 1 1 1 1 1 
0 1 1 0 0 1 1 0 1 0 
0 1 1 1 0 0 0 1 0 1 
1 0 0 1 1 1 0 1 0 0 
1 0 0 0 1 1 1 0 1 0 
1 1 0 0 1 0 1 0 0 1 
1 0 1 1 0 1 1 0 0 0 
1 1 0 0 1 1 0 0 1 0 
0 0 1 1 1 0 0 1 1 0 
0 0 1 1 0 1 1 0 0 1 
1 1 1 1 0 0 0 1 0 0 
0 0 1 0 1 0 1 1 0 1 
0 1 1 0 1 0 1 1 0 0 
1 0 0 0 1 1 1 1 0 0 
1 1 1 0 1 0 1 0 0 0 
numSequences: 3628800
minStacks: 29
Best sequence:
9 7 1 2 3 4 5 0 6 8 
1 0 1 1 0 1 0 0 1 0 
1 0 1 0 1 0 1 0 1 0 
1 0 0 0 0 1 1 0 1 1 
0 0 1 1 1 1 0 0 0 1 
1 0 0 0 1 1 1 0 0 1 
1 0 0 1 0 0 1 1 0 1 
1 0 1 0 1 0 0 1 0 1 
0 1 1 0 0 0 1 1 0 1 
1 0 0 1 1 0 1 0 0 1 
0 1 1 0 1 0 0 1 1 0 
0 1 0 0 1 0 1 1 1 0 
1 1 0 0 1 1 0 0 0 1 
1 1 1 1 0 0 0 0 0 1 
0 1 0 0 1 1 0 1 0 1 
1 1 1 1 0 0 0 1 0 0 
1 1 0 0 0 0 1 0 1 1 
0 0 1 1 0 0 1 0 1 1 
1 1 1 1 1 0 0 0 0 0 
0 1 0 0 1 1 1 1 0 0 
0 0 0 0 0 1 1 1 1 1 
1 0 1 0 0 1 0 1 1 0 
0 0 0 1 1 0 1 1 1 0 
0 0 1 0 0 1 1 1 0 1 
0 1 0 1 1 1 0 0 0 1 
1 0 0 1 1 0 1 0 1 0 
0 1 1 1 1 0 0 1 0 0 
1 1 0 1 0 1 0 0 1 0 
0 1 1 1 0 1 0 0 1 0 
0 1 0 0 0 1 1 1 1 0 
0 0 1 1 0 1 0 1 1 0 
Open stacks: 29
Took 10.88 seconds

buffer: Warwick 1462: balanced orders and products, 5 products per order
numCustomers: 30
numProducts: 10
1 1 0 1 0 0 1 1 0 0 
0 0 1 1 1 0 1 1 0 0 
0 1 0 1 0 1 1 0 0 1 
0 0 1 1 1 0 1 1 0 0 
0 0 1 0 1 1 1 0 1 0 
0 0 0 1 0 1 0 1 1 1 
0 1 1 1 1 0 0 0 0 1 
1 1 1 1 0 0 0 1 0 0 
0 1 0 0 1 1 0 0 1 1 
1 1 1 0 0 1 0 0 1 0 
1 1 0 0 0 1 0 0 1 1 
1 1 0 0 1 0 0 1 1 0 
1 0 0 0 1 1 0 1 1 0 
0 1 0 0 1 0 1 1 0 1 
0 1 1 0 0 1 0 0 1 1 
0 0 1 0 1 1 0 1 1 0 
0 1 1 0 0 0 1 1 0 1 
1 0 0 1 1 1 0 1 0 0 
1 0 1 1 0 0 0 1 0 1 
1 0 0 1 0 0 1 1 1 0 
1 1 0 0 1 0 0 0 1 1 
0 0 1 1 1 1 0 0 1 0 
1 0 1 0 0 1 0 1 1 0 
0 0 0 1 1 1 1 0 0 1 
0 1 1 0 0 0 1 1 1 0 
1 0 1 0 0 1 1 0 0 1 
1 0 1 1 0 0 1 0 1 0 
1 0 0 0 1 1 1 0 0 1 
0 1 0 1 1 0 1 0 0 1 
1 1 0 1 0 0 1 0 0 1 
numSequences: 3628800
minStacks: 29
Best sequence:
9 6 0 1 3 4 2 5 7 8 
0 1 1 1 1 0 0 0 1 0 
0 1 0 0 1 1 1 0 1 0 
1 1 0 1 1 0 0 1 0 0 
0 1 0 0 1 1 1 0 1 0 
0 1 0 0 0 1 1 1 0 1 
1 0 0 0 1 0 0 1 1 1 
1 0 0 1 1 1 1 0 0 0 
0 0 1 1 1 0 1 0 1 0 
1 0 0 1 0 1 0 1 0 1 
0 0 1 1 0 0 1 1 0 1 
1 0 1 1 0 0 0 1 0 1 
0 0 1 1 0 1 0 0 1 1 
0 0 1 0 0 1 0 1 1 1 
1 1 0 1 0 1 0 0 1 0 
1 0 0 1 0 0 1 1 0 1 
0 0 0 0 0 1 1 1 1 1 
1 1 0 1 0 0 1 0 1 0 
0 0 1 0 1 1 0 1 1 0 
1 0 1 0 1 0 1 0 1 0 
0 1 1 0 1 0 0 0 1 1 
1 0 1 1 0 1 0 0 0 1 
0 0 0 0 1 1 1 1 0 1 
0 0 1 0 0 0 1 1 1 1 
1 1 0 0 1 1 0 1 0 0 
0 1 0 1 0 0 1 0 1 1 
1 1 1 0 0 0 1 1 0 0 
0 1 1 0 1 0 1 0 0 1 
1 1 1 0 0 1 0 1 0 0 
1 1 0 1 1 1 0 0 0 0 
1 1 1 1 1 0 0 0 0 0 
Open stacks: 29
Took 10.87 seconds

buffer: Warwick 1463: balanced orders and products, 5 products per order
numCustomers: 30
numProducts: 10
1 0 1 0 0 1 1 1 0 0 
0 1 1 0 1 0 0 1 1 0 
0 0 1 0 1 1 1 0 0 1 
1 0 0 1 1 0 1 1 0 0 
1 0 0 0 0 1 0 1 1 1 
0 1 0 1 1 1 1 0 0 0 
1 0 1 0 1 0 1 0 1 0 
0 1 0 0 1 1 0 1 0 1 
0 1 0 1 1 0 0 0 1 1 
0 0 1 0 1 1 0 1 0 1 
0 1 0 1 0 1 0 1 0 1 
0 1 0 1 0 0 1 1 0 1 
0 0 0 1 1 1 0 1 1 0 
0 1 1 1 0 1 1 0 0 0 
1 1 1 1 0 1 0 0 0 0 
1 1 0 0 1 1 0 0 1 0 
1 1 0 1 0 0 0 0 1 1 
1 0 0 1 0 1 0 0 1 1 
0 1 1 1 0 0 1 0 1 0 
1 0 1 0 0 0 1 1 1 0 
1 1 1 0 1 0 0 1 0 0 
0 1 1 1 0 0 1 0 0 1 
1 0 0 0 0 1 1 1 1 0 
0 0 0 1 0 1 1 0 1 1 
1 1 1 0 1 0 1 0 0 0 
1 0 1 0 1 0 0 0 1 1 
0 0 0 1 1 0 1 1 0 1 
1 0 1 1 1 0 0 0 1 0 
1 1 1 0 0 0 0 1 0 1 
0 0 0 0 0 1 1 1 1 1 
numSequences: 3628800
minStacks: 29
Best sequence:
9 7 5 1 3 0 4 2 6 8 
0 1 1 0 0 1 0 1 1 0 
0 1 0 1 0 0 1 1 0 1 
1 0 1 0 0 0 1 1 1 0 
0 1 0 0 1 1 1 0 1 0 
1 1 1 0 0 1 0 0 0 1 
0 0 1 1 1 0 1 0 1 0 
0 0 0 0 0 1 1 1 1 1 
1 1 1 1 0 0 1 0 0 0 
1 0 0 1 1 0 1 0 0 1 
1 1 1 0 0 0 1 1 0 0 
1 1 1 1 1 0 0 0 0 0 
1 1 0 1 1 0 0 0 1 0 
0 1 1 0 1 0 1 0 0 1 
0 0 1 1 1 0 0 1 1 0 
0 0 1 1 1 1 0 1 0 0 
0 0 1 1 0 1 1 0 0 1 
1 0 0 1 1 1 0 0 0 1 
1 0 1 0 1 1 0 0 0 1 
0 0 0 1 1 0 0 1 1 1 
0 1 0 0 0 1 0 1 1 1 
0 1 0 1 0 1 1 1 0 0 
1 0 0 1 1 0 0 1 1 0 
0 1 1 0 0 1 0 0 1 1 
1 0 1 0 1 0 0 0 1 1 
0 0 0 1 0 1 1 1 1 0 
1 0 0 0 0 1 1 1 0 1 
1 1 0 0 1 0 1 0 1 0 
0 0 0 0 1 1 1 1 0 1 
1 1 0 1 0 1 0 1 0 0 
1 1 1 0 0 0 0 0 1 1 
Open stacks: 29
Took 10.88 seconds

buffer: Warwick 1464: balanced orders and products, 5 products per order
numCustomers: 30
numProducts: 10
0 0 0 0 1 1 1 1 1 0 
1 1 0 0 1 0 1 1 0 0 
1 0 0 1 0 0 1 1 0 1 
1 1 1 0 0 1 0 0 0 1 
0 1 1 1 0 0 1 1 0 0 
0 0 1 0 0 1 0 1 1 1 
1 0 0 0 1 0 1 0 1 1 
1 0 0 1 0 1 1 0 1 0 
0 1 1 1 0 1 0 0 1 0 
0 1 0 1 1 1 0 1 0 0 
1 0 1 0 1 0 0 0 1 1 
0 1 1 0 1 0 1 1 0 0 
1 0 0 1 1 0 0 1 1 0 
1 1 0 1 0 0 1 0 1 0 
1 0 0 0 1 0 0 1 1 1 
1 0 1 1 0 1 0 0 0 1 
1 1 1 0 0 1 1 0 0 0 
0 0 1 1 1 1 0 0 1 0 
0 1 1 1 0 0 0 1 0 1 
0 1 0 1 1 0 1 0 0 1 
1 0 1 0 1 0 1 0 0 1 
0 0 1 1 0 1 1 0 0 1 
0 1 1 0 1 1 1 0 0 0 
1 1 1 1 0 0 0 0 1 0 
0 1 0 1 1 0 0 1 1 0 
0 1 0 0 1 1 0 1 0 1 
1 0 0 0 0 1 1 1 0 1 
1 0 0 1 0 1 0 0 1 1 
0 1 0 0 0 0 1 1 1 1 
0 0 1 0 1 1 0 1 1 0 
numSequences: 3628800
minStacks: 29
Best sequence:
9 8 5 0 3 1 4 6 2 7 
0 1 1 0 0 0 1 1 0 1 
0 0 0 1 0 1 1 1 0 1 
1 0 0 1 1 0 0 1 0 1 
1 0 1 1 0 1 0 0 1 0 
0 0 0 0 1 1 0 1 1 1 
1 1 1 0 0 0 0 0 1 1 
1 1 0 1 0 0 1 1 0 0 
0 1 1 1 1 0 0 1 0 0 
0 1 1 0 1 1 0 0 1 0 
0 0 1 0 1 1 1 0 0 1 
1 1 0 1 0 0 1 0 1 0 
0 0 0 0 0 1 1 1 1 1 
0 1 0 1 1 0 1 0 0 1 
0 1 0 1 1 1 0 1 0 0 
1 1 0 1 0 0 1 0 0 1 
1 0 1 1 1 0 0 0 1 0 
0 0 1 1 0 1 0 1 1 0 
0 1 1 0 1 0 1 0 1 0 
1 0 0 0 1 1 0 0 1 1 
1 0 0 0 1 1 1 1 0 0 
1 0 0 1 0 0 1 1 1 0 
1 0 1 0 1 0 0 1 1 0 
0 0 1 0 0 1 1 1 1 0 
0 1 0 1 1 1 0 0 1 0 
0 1 0 0 1 1 1 0 0 1 
1 0 1 0 0 1 1 0 0 1 
1 0 1 1 0 0 0 1 0 1 
1 1 1 1 1 0 0 0 0 0 
1 1 0 0 0 1 0 1 0 1 
0 1 1 0 0 0 1 0 1 1 
Open stacks: 29
Took 10.87 seconds

buffer: Warwick 1465: balanced orders and products, 5 products per order
numCustomers: 30
numProducts: 10
1 0 1 0 1 1 1 0 0 0 
1 1 0 0 0 1 1 0 0 1 
0 1 1 1 0 1 1 0 0 0 
0 1 0 1 0 0 1 1 1 0 
0 0 1 0 1 1 1 0 0 1 
1 0 0 0 1 0 1 1 1 0 
1 0 1 0 1 0 1 0 0 1 
1 0 1 1 0 0 0 1 1 0 
1 1 0 0 0 1 1 0 1 0 
1 0 1 1 0 0 0 1 1 0 
0 1 1 1 1 0 0 0 0 1 
1 1 1 1 0 0 0 0 0 1 
0 0 1 1 1 0 0 1 1 0 
1 1 1 0 0 0 0 1 0 1 
0 1 0 1 0 0 1 1 1 0 
1 0 1 1 1 0 0 0 0 1 
1 0 1 0 0 1 0 1 0 1 
0 1 0 1 1 1 0 1 0 0 
0 1 0 0 0 1 0 1 1 1 
0 0 1 1 0 0 0 1 1 1 
1 0 1 0 0 1 0 1 1 0 
0 1 0 1 0 1 1 1 0 0 
0 0 0 0 1 1 1 0 1 1 
0 1 0 0 1 1 0 1 0 1 
0 1 1 1 1 0 0 0 1 0 
0 0 0 0 1 1 1 1 1 0 
1 0 0 1 1 0 0 0 1 1 
0 1 0 1 0 0 1 0 1 1 
1 0 0 0 1 1 1 0 0 1 
1 1 0 0 1 1 1 0 0 0 
numSequences: 3628800
minStacks: 29
Best sequence:
9 0 1 2 3 4 5 6 7 8 
0 1 0 1 0 1 1 1 0 0 
1 1 1 0 0 0 1 1 0 0 
0 0 1 1 1 0 1 1 0 0 
0 0 1 0 1 0 0 1 1 1 
1 0 0 1 0 1 1 1 0 0 
0 1 0 0 0 1 0 1 1 1 
1 1 0 1 0 1 0 1 0 0 
0 1 0 1 1 0 0 0 1 1 
0 1 1 0 0 0 1 1 0 1 
0 1 0 1 1 0 0 0 1 1 
1 0 1 1 1 1 0 0 0 0 
1 1 1 1 1 0 0 0 0 0 
0 0 0 1 1 1 0 0 1 1 
1 1 1 1 0 0 0 0 1 0 
0 0 1 0 1 0 0 1 1 1 
1 1 0 1 1 1 0 0 0 0 
1 1 0 1 0 0 1 0 1 0 
0 0 1 0 1 1 1 0 1 0 
1 0 1 0 0 0 1 0 1 1 
1 0 0 1 1 0 0 0 1 1 
0 1 0 1 0 0 1 0 1 1 
0 0 1 0 1 0 1 1 1 0 
1 0 0 0 0 1 1 1 0 1 
1 0 1 0 0 1 1 0 1 0 
0 0 1 1 1 1 0 0 0 1 
0 0 0 0 0 1 1 1 1 1 
1 1 0 0 1 1 0 0 0 1 
1 0 1 0 1 0 0 1 0 1 
1 1 0 0 0 1 1 1 0 0 
0 1 1 0 0 1 1 1 0 0 
Open stacks: 29
Took 10.87 seconds

buffer: Warwick 1466: balanced orders and products, 5 products per order
numCustomers: 30
numProducts: 10
0 0 1 1 1 1 1 0 0 0 
0 1 0 1 0 1 1 0 0 1 
1 1 0 0 1 0 1 0 1 0 
0 1 1 1 0 0 1 0 0 1 
1 0 0 1 1 0 1 0 1 0 
0 1 1 0 0 1 0 1 1 0 
0 1 1 0 1 0 1 0 0 1 
0 0 1 1 0 1 1 0 1 0 
1 0 0 1 1 0 0 1 0 1 
1 0 1 0 1 1 0 1 0 0 
0 1 0 1 1 1 0 0 0 1 
1 1 0 1 1 1 0 0 0 0 
0 1 0 0 1 1 0 1 1 0 
0 1 1 0 1 0 0 0 1 1 
0 0 1 1 0 0 0 1 1 1 
0 0 1 1 0 1 0 0 1 1 
1 1 0 0 1 0 1 1 0 0 
1 0 0 1 0 0 1 1 1 0 
0 1 1 0 0 0 0 1 1 1 
1 0 0 0 0 1 1 1 0 1 
0 0 1 1 0 1 1 0 1 0 
1 1 0 0 1 1 1 0 0 0 
1 0 1 1 0 1 1 0 0 0 
1 0 0 1 1 1 0 0 0 1 
1 1 0 0 0 0 0 1 1 1 
1 1 0 0 1 0 0 1 1 0 
1 0 1 0 0 0 1 1 0 1 
0 0 0 1 1 1 0 1 0 1 
1 0 1 0 0 0 1 1 1 0 
0 1 1 0 0 0 0 1 1 1 
numSequences: 3628800
minStacks: 29
Best sequence:
9 5 4 1 3 0 2 6 7 8 
0 1 1 0 1 0 1 1 0 0 
1 1 0 1 1 0 0 1 0 0 
0 0 1 1 0 1 0 1 0 1 
1 0 0 1 1 0 1 1 0 0 
0 0 1 0 1 1 0 1 0 1 
0 1 0 1 0 0 1 0 1 1 
1 0 1 1 0 0 1 1 0 0 
0 1 0 0 1 0 1 1 0 1 
1 0 1 0 1 1 0 0 1 0 
0 1 1 0 0 1 1 0 1 0 
1 1 1 1 1 0 0 0 0 0 
0 1 1 1 1 1 0 0 0 0 
0 1 1 1 0 0 0 0 1 1 
1 0 1 1 0 0 1 0 0 1 
1 0 0 0 1 0 1 0 1 1 
1 1 0 0 1 0 1 0 0 1 
0 0 1 1 0 1 0 1 1 0 
0 0 0 0 1 1 0 1 1 1 
1 0 0 1 0 0 1 0 1 1 
1 1 0 0 0 1 0 1 1 0 
0 1 0 0 1 0 1 1 0 1 
0 1 1 1 0 1 0 1 0 0 
0 1 0 0 1 1 1 1 0 0 
1 1 1 0 1 1 0 0 0 0 
1 0 0 1 0 1 0 0 1 1 
0 0 1 1 0 1 0 0 1 1 
1 0 0 0 0 1 1 1 1 0 
1 1 1 0 1 0 0 0 1 0 
0 0 0 0 0 1 1 1 1 1 
1 0 0 1 0 0 1 0 1 1 
Open stacks: 29
Took 10.87 seconds

buffer: Warwick 1467: balanced orders and products, 5 products per order
numCustomers: 30
numProducts: 10
0 0 0 1 1 1 0 1 1 0 
1 1 1 0 0 0 0 1 0 1 
1 0 1 1 0 1 0 0 0 1 
1 0 1 1 0 0 1 0 0 1 
0 1 0 0 1 0 1 1 1 0 
1 1 0 0 1 1 0 0 1 0 
1 0 0 0 1 0 1 0 1 1 
0 0 1 1 0 1 1 1 0 0 
0 1 1 0 1 0 0 0 1 1 
1 0 0 1 1 0 0 0 1 1 
1 0 0 1 0 0 1 1 1 0 
0 0 0 1 1 1 1 1 0 0 
1 1 1 0 0 0 1 0 0 1 
0 0 1 1 0 0 0 1 1 1 
0 1 0 1 1 0 0 0 1 1 
1 1 0 1 1 1 0 0 0 0 
0 0 1 0 0 0 1 1 1 1 
0 1 1 0 1 0 1 1 0 0 
0 0 1 1 0 0 1 1 0 1 
0 0 0 0 1 1 1 1 1 0 
0 1 1 1 1 1 0 0 0 0 
0 1 1 1 1 0 0 1 0 0 
1 1 0 0 0 1 0 0 1 1 
1 1 0 0 0 1 1 0 0 1 
1 1 0 0 0 1 0 1 1 0 
1 0 0 0 0 1 0 1 1 1 
1 0 1 1 0 1 0 1 0 0 
0 1 1 0 1 0 1 0 1 0 
1 0 0 0 1 1 1 0 0 1 
0 1 1 1 0 1 1 0 0 0 
numSequences: 3628800
minStacks: 29
Best sequence:
9 5 0 2 3 1 4 6 7 8 
0 1 0 0 1 0 1 0 1 1 
1 0 1 1 0 1 0 0 1 0 
1 1 1 1 1 0 0 0 0 0 
1 0 1 1 1 0 0 1 0 0 
0 0 0 0 0 1 1 1 1 1 
0 1 1 0 0 1 1 0 0 1 
1 0 1 0 0 0 1 1 0 1 
0 1 0 1 1 0 0 1 1 0 
1 0 0 1 0 1 1 0 0 1 
1 0 1 0 1 0 1 0 0 1 
0 0 1 0 1 0 0 1 1 1 
0 1 0 0 1 0 1 1 1 0 
1 0 1 1 0 1 0 1 0 0 
1 0 0 1 1 0 0 0 1 1 
1 0 0 0 1 1 1 0 0 1 
0 1 1 0 1 1 1 0 0 0 
1 0 0 1 0 0 0 1 1 1 
0 0 0 1 0 1 1 1 1 0 
1 0 0 1 1 0 0 1 1 0 
0 1 0 0 0 0 1 1 1 1 
0 1 0 1 1 1 1 0 0 0 
0 0 0 1 1 1 1 0 1 0 
1 1 1 0 0 1 0 0 0 1 
1 1 1 0 0 1 0 1 0 0 
0 1 1 0 0 1 0 0 1 1 
1 1 1 0 0 0 0 0 1 1 
0 1 1 1 1 0 0 0 1 0 
0 0 0 1 0 1 1 1 0 1 
1 1 1 0 0 0 1 1 0 0 
0 1 0 1 1 1 0 1 0 0 
Open stacks: 29
Took 10.88 seconds

buffer: Warwick 1468: balanced orders and products, 5 products per order
numCustomers: 30
numProducts: 10
1 1 0 0 1 0 1 1 0 0 
0 0 1 0 1 1 1 0 1 0 
1 0 1 1 0 0 0 0 1 1 
1 1 1 1 0 0 1 0 0 0 
1 0 1 1 0 0 1 0 0 1 
1 1 0 0 0 1 1 0 0 1 
1 0 0 1 0 1 1 0 1 0 
1 1 0 1 1 1 0 0 0 0 
1 1 1 0 0 0 0 1 1 0 
1 0 1 0 1 0 0 1 1 0 
0 1 1 0 0 1 0 1 1 0 
0 0 1 1 0 0 1 0 1 1 
0 1 1 0 0 1 1 0 0 1 
0 1 0 0 1 1 0 0 1 1 
0 1 0 1 0 1 0 1 1 0 
0 0 0 1 1 0 1 1 1 0 
1 0 1 0 0 1 0 1 0 1 
0 1 1 0 1 0 0 1 1 0 
0 0 1 0 1 1 1 1 0 0 
0 1 0 0 1 1 1 0 0 1 
0 0 0 1 0 1 1 1 0 1 
1 0 1 0 1 0 1 0 1 0 
1 0 0 1 1 0 0 1 0 1 
1 1 0 1 0 1 1 0 0 0 
0 1 1 0 0 0 1 1 0 1 
0 0 1 1 1 1 0 0 0 1 
1 1 0 1 0 0 0 0 1 1 
0 0 0 1 1 1 0 1 1 0 
0 0 0 1 1 0 0 1 1 1 
1 1 0 0 1 0 0 1 0 1 
numSequences: 3628800
minStacks: 29
Best sequence:
9 8 0 1 3 4 5 6 2 7 
0 0 1 1 0 1 0 1 0 1 
0 1 0 0 0 1 1 1 1 0 
1 1 1 0 1 0 0 0 1 0 
0 0 1 1 1 0 0 1 1 0 
1 0 1 0 1 0 0 1 1 0 
1 0 1 1 0 0 1 1 0 0 
0 1 1 0 1 0 1 1 0 0 
0 0 1 1 1 1 1 0 0 0 
0 1 1 1 0 0 0 0 1 1 
0 1 1 0 0 1 0 0 1 1 
0 1 0 1 0 0 1 0 1 1 
1 1 0 0 1 0 0 1 1 0 
1 0 0 1 0 0 1 1 1 0 
1 1 0 1 0 1 1 0 0 0 
0 1 0 1 1 0 1 0 0 1 
0 1 0 0 1 1 0 1 0 1 
1 0 1 0 0 0 1 0 1 1 
0 1 0 1 0 1 0 0 1 1 
0 0 0 0 0 1 1 1 1 1 
1 0 0 1 0 1 1 1 0 0 
1 0 0 0 1 0 1 1 0 1 
0 1 1 0 0 1 0 1 1 0 
1 0 1 0 1 1 0 0 0 1 
0 0 1 1 1 0 1 1 0 0 
1 0 0 1 0 0 0 1 1 1 
1 0 0 0 1 1 1 0 1 0 
1 1 1 1 1 0 0 0 0 0 
0 1 0 0 1 1 1 0 0 1 
1 1 0 0 1 1 0 0 0 1 
1 0 1 1 0 1 0 0 0 1 
Open stacks: 29
Took 10.87 seconds

buffer: Warwick 1469: balanced orders and products, 5 products per order
numCustomers: 30
numProducts: 10
1 1 0 1 1 0 0 0 1 0 
0 1 1 0 0 1 0 1 0 1 
1 0 0 1 0 1 0 0 1 1 
1 0 1 1 1 0 0 0 1 0 
0 0 0 0 1 1 1 0 1 1 
0 1 0 1 1 0 0 1 0 1 
1 1 0 0 0 0 1 1 1 0 
1 0 0 1 0 0 1 1 0 1 
0 1 1 1 0 0 1 0 0 1 
0 0 0 1 0 0 1 1 1 1 
1 0 1 1 1 0 0 0 1 0 
1 1 1 0 0 1 1 0 0 0 
0 1 1 0 1 0 1 0 1 0 
0 0 1 0 1 1 0 1 0 1 
0 0 1 1 1 0 1 0 1 0 
0 0 1 0 1 1 1 1 0 0 
0 1 0 1 0 1 1 1 0 0 
1 1 0 1 0 0 0 1 0 1 
1 0 1 0 0 0 1 0 1 1 
0 1 1 0 0 1 1 0 1 0 
0 0 1 1 1 1 0 1 0 0 
1 0 1 1 0 1 0 0 1 0 
0 1 0 1 1 1 0 0 0 1 
1 0 0 0 1 0 0 1 1 1 
0 1 1 0 1 0 1 1 0 0 
1 1 0 0 0 1 1 1 0 0 
0 1 0 1 0 1 0 0 1 1 
1 0 0 0 0 1 0 1 1 1 
1 1 0 0 1 0 0 1 0 1 
1 0 1 0 1 1 1 0 0 0 
numSequences: 3628800
minStacks: 29
Best sequence:
9 8 5 0 3 1 4 6 2 7 
0 1 0 1 1 1 1 0 0 0 
1 0 1 0 0 1 0 0 1 1 
1 1 1 1 1 0 0 0 0 0 
0 1 0 1 1 0 1 0 1 0 
1 1 1 0 0 0 1 1 0 0 
1 0 0 0 1 1 1 0 0 1 
0 1 0 1 0 1 0 1 0 1 
1 0 0 1 1 0 0 1 0 1 
1 0 0 0 1 1 0 1 1 0 
1 1 0 0 1 0 0 1 0 1 
0 1 0 1 1 0 1 0 1 0 
0 0 1 1 0 1 0 1 1 0 
0 1 0 0 0 1 1 1 1 0 
1 0 1 0 0 0 1 0 1 1 
0 1 0 0 1 0 1 1 1 0 
0 0 1 0 0 0 1 1 1 1 
0 0 1 0 1 1 0 1 0 1 
1 0 0 1 1 1 0 0 0 1 
1 1 0 1 0 0 0 1 1 0 
0 1 1 0 0 1 0 1 1 0 
0 0 1 0 1 0 1 0 1 1 
0 1 1 1 1 0 0 0 1 0 
1 0 1 0 1 1 1 0 0 0 
1 1 0 1 0 0 1 0 0 1 
0 0 0 0 0 1 1 1 1 1 
0 0 1 1 0 1 0 1 0 1 
1 1 1 0 1 1 0 0 0 0 
1 1 1 1 0 0 0 0 0 1 
1 0 0 1 0 1 1 0 0 1 
0 0 1 1 0 0 1 1 1 0 
Open stacks: 29
Took 10.88 seconds

buffer: Warwick 1470: balanced orders and products, 5 products per order
numCustomers: 30
numProducts: 10
1 0 1 0 1 1 0 0 0 1 
1 0 0 0 0 1 0 1 1 1 
1 1 0 0 1 0 0 1 0 1 
0 0 1 0 0 1 1 1 1 0 
0 1 1 0 1 1 1 0 0 0 
0 0 0 1 1 0 1 1 0 1 
1 1 0 1 0 1 1 0 0 0 
0 1 1 1 0 0 0 1 0 1 
1 0 1 1 1 1 0 0 0 0 
1 0 0 1 0 1 1 0 1 0 
1 1 0 1 0 1 0 0 1 0 
0 0 1 1 1 0 0 1 1 0 
0 1 0 0 0 1 1 1 1 0 
1 0 0 1 1 0 1 1 0 0 
1 0 1 0 0 0 1 0 1 1 
1 1 1 0 0 0 0 1 1 0 
1 1 1 0 0 0 0 0 1 1 
1 0 0 0 1 0 1 1 0 1 
0 1 1 0 0 1 1 0 0 1 
0 0 0 1 0 1 0 1 1 1 
0 0 1 0 1 1 1 0 1 0 
1 0 0 0 0 0 1 1 1 1 
0 1 0 1 0 1 0 1 0 1 
0 1 1 0 1 0 0 0 1 1 
1 0 1 1 1 0 0 0 1 0 
0 1 0 1 1 1 1 0 0 0 
0 1 0 1 1 1 0 0 0 1 
0 0 1 0 1 0 1 1 1 0 
0 1 1 1 1 0 0 0 0 1 
1 1 0 1 0 0 1 1 0 0 
numSequences: 3628800
minStacks: 30
Best sequence:
9 0 1 2 3 4 5 6 7 8 
1 1 0 1 0 1 1 0 0 0 
1 1 0 0 0 0 1 0 1 1 
1 1 1 0 0 1 0 0 1 0 
0 0 0 1 0 0 1 1 1 1 
0 0 1 1 0 1 1 1 0 0 
1 0 0 0 1 1 0 1 1 0 
0 1 1 0 1 0 1 1 0 0 
1 0 1 1 1 0 0 0 1 0 
0 1 0 1 1 1 1 0 0 0 
0 1 0 0 1 0 1 1 0 1 
0 1 1 0 1 0 1 0 0 1 
0 0 0 1 1 1 0 0 1 1 
0 0 1 0 0 0 1 1 1 1 
0 1 0 0 1 1 0 1 1 0 
1 1 0 1 0 0 0 1 0 1 
0 1 1 1 0 0 0 0 1 1 
1 1 1 1 0 0 0 0 0 1 
1 1 0 0 0 1 0 1 1 0 
1 0 1 1 0 0 1 1 0 0 
1 0 0 0 1 0 1 0 1 1 
0 0 0 1 0 1 1 1 0 1 
1 1 0 0 0 0 0 1 1 1 
1 0 1 0 1 0 1 0 1 0 
1 0 1 1 0 1 0 0 0 1 
0 1 0 1 1 1 0 0 0 1 
0 0 1 0 1 1 1 1 0 0 
1 0 1 0 1 1 1 0 0 0 
0 0 0 1 0 1 0 1 1 1 
1 0 1 1 1 1 0 0 0 0 
0 1 1 0 1 0 0 1 1 0 
Open stacks: 30
Took 10.87 seconds

Solved: 40 instances
totalTime: 428.29 seconds
minTime: 10.53 seconds
maxTime: 11.41 seconds
Average: 10.7073 seconds
