Solving by Dynamic Programming...
buffer: Warwick 1431: balanced orders and products, 2 products per order
numCustomers: 30
numProducts: 10
0 0 0 0 0 0 0 1 0 1 
1 0 0 0 0 0 0 0 1 0 
0 1 0 1 0 0 0 0 0 0 
0 0 0 0 0 0 1 1 0 0 
0 0 0 0 1 0 0 0 0 1 
0 0 0 0 1 0 0 0 1 0 
0 0 0 0 1 0 0 0 0 1 
0 0 0 0 1 0 0 0 1 0 
0 1 0 0 0 1 0 0 0 0 
0 1 1 0 0 0 0 0 0 0 
0 0 0 1 0 0 0 0 0 1 
0 1 0 0 0 0 0 1 0 0 
0 0 1 0 0 1 0 0 0 0 
0 0 0 0 0 1 1 0 0 0 
1 0 1 0 0 0 0 0 0 0 
0 0 0 0 1 1 0 0 0 0 
1 0 0 0 0 0 0 1 0 0 
0 0 0 0 0 0 1 0 0 1 
1 0 0 0 0 0 0 1 0 0 
0 0 0 0 0 1 0 0 0 1 
0 1 0 1 0 0 0 0 0 0 
0 0 1 0 0 0 0 0 1 0 
0 0 0 1 0 0 0 0 1 0 
0 1 0 0 0 0 0 1 0 0 
0 0 1 0 0 0 1 0 0 0 
0 0 0 1 0 0 1 0 0 0 
0 0 0 1 0 1 0 0 0 0 
0 0 1 0 0 0 1 0 0 0 
1 0 0 0 1 0 0 0 0 0 
1 0 0 0 0 0 0 0 1 0 
Best sequence:
0 4 7 8 9 1 3 5 2 6 
0 0 1 0 1 0 0 0 0 0 
1 0 0 1 0 0 0 0 0 0 
0 0 0 0 0 1 1 0 0 0 
0 0 1 0 0 0 0 0 0 1 
0 1 0 0 1 0 0 0 0 0 
0 1 0 1 0 0 0 0 0 0 
0 1 0 0 1 0 0 0 0 0 
0 1 0 1 0 0 0 0 0 0 
0 0 0 0 0 1 0 1 0 0 
0 0 0 0 0 1 0 0 1 0 
0 0 0 0 1 0 1 0 0 0 
0 0 1 0 0 1 0 0 0 0 
0 0 0 0 0 0 0 1 1 0 
0 0 0 0 0 0 0 1 0 1 
1 0 0 0 0 0 0 0 1 0 
0 1 0 0 0 0 0 1 0 0 
1 0 1 0 0 0 0 0 0 0 
0 0 0 0 1 0 0 0 0 1 
1 0 1 0 0 0 0 0 0 0 
0 0 0 0 1 0 0 1 0 0 
0 0 0 0 0 1 1 0 0 0 
0 0 0 1 0 0 0 0 1 0 
0 0 0 1 0 0 1 0 0 0 
0 0 1 0 0 1 0 0 0 0 
0 0 0 0 0 0 0 0 1 1 
0 0 0 0 0 0 1 0 0 1 
0 0 0 0 0 0 1 1 0 0 
0 0 0 0 0 0 0 0 1 1 
1 1 0 0 0 0 0 0 0 0 
1 0 0 1 0 0 0 0 0 0 
OpenStacks: 14
Took 0.92 seconds

buffer: Warwick 1432: balanced orders and products, 2 products per order
numCustomers: 30
numProducts: 10
0 0 0 0 1 0 0 1 0 0 
0 0 0 1 0 0 0 0 0 1 
1 0 1 0 0 0 0 0 0 0 
1 0 0 0 0 0 0 0 0 1 
0 0 1 0 0 1 0 0 0 0 
0 0 0 0 1 0 1 0 0 0 
0 0 1 0 0 0 0 0 0 1 
1 0 0 0 0 0 0 1 0 0 
0 0 0 0 0 1 0 1 0 0 
0 0 0 1 0 0 0 1 0 0 
0 1 0 0 0 0 0 1 0 0 
0 0 0 0 1 0 0 1 0 0 
0 0 0 1 0 0 0 0 1 0 
1 0 0 0 0 0 1 0 0 0 
0 0 0 0 1 0 0 0 0 1 
0 1 1 0 0 0 0 0 0 0 
0 1 1 0 0 0 0 0 0 0 
0 0 1 0 0 0 1 0 0 0 
1 0 0 0 1 0 0 0 0 0 
1 1 0 0 0 0 0 0 0 0 
0 1 0 0 0 0 0 0 1 0 
0 0 0 0 0 0 1 0 1 0 
0 0 0 0 0 1 0 0 1 0 
0 0 0 0 0 1 0 0 1 0 
0 1 0 1 0 0 0 0 0 0 
0 0 0 1 0 0 1 0 0 0 
0 0 0 0 0 0 0 0 1 1 
0 0 0 1 0 1 0 0 0 0 
0 0 0 0 1 0 0 0 0 1 
0 0 0 0 0 1 1 0 0 0 
Best sequence:
0 4 7 9 1 2 3 6 5 8 
0 1 1 0 0 0 0 0 0 0 
0 0 0 1 0 0 1 0 0 0 
1 0 0 0 0 1 0 0 0 0 
1 0 0 1 0 0 0 0 0 0 
0 0 0 0 0 1 0 0 1 0 
0 1 0 0 0 0 0 1 0 0 
0 0 0 1 0 1 0 0 0 0 
1 0 1 0 0 0 0 0 0 0 
0 0 1 0 0 0 0 0 1 0 
0 0 1 0 0 0 1 0 0 0 
0 0 1 0 1 0 0 0 0 0 
0 1 1 0 0 0 0 0 0 0 
0 0 0 0 0 0 1 0 0 1 
1 0 0 0 0 0 0 1 0 0 
0 1 0 1 0 0 0 0 0 0 
0 0 0 0 1 1 0 0 0 0 
0 0 0 0 1 1 0 0 0 0 
0 0 0 0 0 1 0 1 0 0 
1 1 0 0 0 0 0 0 0 0 
1 0 0 0 1 0 0 0 0 0 
0 0 0 0 1 0 0 0 0 1 
0 0 0 0 0 0 0 1 0 1 
0 0 0 0 0 0 0 0 1 1 
0 0 0 0 0 0 0 0 1 1 
0 0 0 0 1 0 1 0 0 0 
0 0 0 0 0 0 1 1 0 0 
0 0 0 1 0 0 0 0 0 1 
0 0 0 0 0 0 1 0 1 0 
0 1 0 1 0 0 0 0 0 0 
0 0 0 0 0 0 0 1 1 0 
OpenStacks: 14
Took 0.04 seconds

buffer: Warwick 1433: balanced orders and products, 2 products per order
numCustomers: 30
numProducts: 10
0 0 0 1 0 0 0 0 1 0 
0 0 1 0 0 1 0 0 0 0 
0 0 1 0 0 0 0 0 0 1 
1 0 0 0 0 0 0 1 0 0 
0 0 0 1 0 1 0 0 0 0 
0 0 1 0 0 0 0 0 0 1 
1 0 0 0 0 0 1 0 0 0 
0 0 0 0 0 0 0 0 1 1 
1 1 0 0 0 0 0 0 0 0 
0 0 0 0 0 0 1 0 0 1 
0 0 0 1 0 1 0 0 0 0 
0 0 0 0 1 0 0 1 0 0 
0 1 0 0 0 0 0 0 1 0 
0 1 0 0 0 1 0 0 0 0 
0 0 1 0 0 0 0 1 0 0 
0 1 0 0 0 0 1 0 0 0 
1 0 0 0 1 0 0 0 0 0 
0 0 0 0 0 1 0 1 0 0 
0 0 0 0 1 1 0 0 0 0 
0 0 0 1 0 0 1 0 0 0 
0 0 1 0 1 0 0 0 0 0 
0 0 1 1 0 0 0 0 0 0 
0 0 0 0 1 0 0 0 1 0 
0 1 0 0 0 0 1 0 0 0 
0 0 0 0 1 0 0 0 1 0 
0 0 0 1 0 0 0 0 0 1 
1 0 0 0 0 0 0 0 0 1 
0 1 0 0 0 0 0 1 0 0 
1 0 0 0 0 0 0 0 1 0 
0 0 0 0 0 0 1 1 0 0 
Best sequence:
0 1 6 7 4 8 5 3 2 9 
0 0 0 0 0 1 0 1 0 0 
0 0 0 0 0 0 1 0 1 0 
0 0 0 0 0 0 0 0 1 1 
1 0 0 1 0 0 0 0 0 0 
0 0 0 0 0 0 1 1 0 0 
0 0 0 0 0 0 0 0 1 1 
1 0 1 0 0 0 0 0 0 0 
0 0 0 0 0 1 0 0 0 1 
1 1 0 0 0 0 0 0 0 0 
0 0 1 0 0 0 0 0 0 1 
0 0 0 0 0 0 1 1 0 0 
0 0 0 1 1 0 0 0 0 0 
0 1 0 0 0 1 0 0 0 0 
0 1 0 0 0 0 1 0 0 0 
0 0 0 1 0 0 0 0 1 0 
0 1 1 0 0 0 0 0 0 0 
1 0 0 0 1 0 0 0 0 0 
0 0 0 1 0 0 1 0 0 0 
0 0 0 0 1 0 1 0 0 0 
0 0 1 0 0 0 0 1 0 0 
0 0 0 0 1 0 0 0 1 0 
0 0 0 0 0 0 0 1 1 0 
0 0 0 0 1 1 0 0 0 0 
0 1 1 0 0 0 0 0 0 0 
0 0 0 0 1 1 0 0 0 0 
0 0 0 0 0 0 0 1 0 1 
1 0 0 0 0 0 0 0 0 1 
0 1 0 1 0 0 0 0 0 0 
1 0 0 0 0 1 0 0 0 0 
0 0 1 1 0 0 0 0 0 0 
OpenStacks: 14
Took 0.04 seconds

buffer: Warwick 1434: balanced orders and products, 2 products per order
numCustomers: 30
numProducts: 10
0 0 0 1 0 0 0 1 0 0 
0 0 1 0 0 0 0 0 0 1 
0 1 0 0 0 0 0 1 0 0 
0 0 0 0 0 0 0 1 1 0 
1 0 1 0 0 0 0 0 0 0 
1 0 0 0 0 0 0 0 1 0 
0 1 1 0 0 0 0 0 0 0 
0 0 0 0 1 0 0 0 0 1 
1 1 0 0 0 0 0 0 0 0 
0 0 0 1 0 0 0 0 0 1 
0 0 0 0 0 0 1 0 1 0 
0 0 0 0 0 0 1 0 1 0 
0 0 0 0 0 1 1 0 0 0 
0 0 0 0 0 1 0 0 0 1 
0 0 1 0 1 0 0 0 0 0 
0 0 0 1 1 0 0 0 0 0 
0 1 0 0 0 0 1 0 0 0 
0 0 1 0 1 0 0 0 0 0 
0 1 0 1 0 0 0 0 0 0 
0 0 0 0 0 0 1 0 1 0 
0 0 0 0 0 1 0 1 0 0 
1 0 0 0 0 0 0 0 0 1 
1 0 0 1 0 0 0 0 0 0 
0 0 0 0 1 1 0 0 0 0 
0 0 0 0 1 1 0 0 0 0 
0 0 0 0 0 0 0 0 1 1 
0 0 0 1 0 0 0 1 0 0 
0 0 1 0 0 0 0 1 0 0 
0 1 0 0 0 0 1 0 0 0 
1 0 0 0 0 1 0 0 0 0 
Best sequence:
1 6 8 7 3 0 2 9 4 5 
0 0 0 1 1 0 0 0 0 0 
0 0 0 0 0 0 1 1 0 0 
1 0 0 1 0 0 0 0 0 0 
0 0 1 1 0 0 0 0 0 0 
0 0 0 0 0 1 1 0 0 0 
0 0 1 0 0 1 0 0 0 0 
1 0 0 0 0 0 1 0 0 0 
0 0 0 0 0 0 0 1 1 0 
1 0 0 0 0 1 0 0 0 0 
0 0 0 0 1 0 0 1 0 0 
0 1 1 0 0 0 0 0 0 0 
0 1 1 0 0 0 0 0 0 0 
0 1 0 0 0 0 0 0 0 1 
0 0 0 0 0 0 0 1 0 1 
0 0 0 0 0 0 1 0 1 0 
0 0 0 0 1 0 0 0 1 0 
1 1 0 0 0 0 0 0 0 0 
0 0 0 0 0 0 1 0 1 0 
1 0 0 0 1 0 0 0 0 0 
0 1 1 0 0 0 0 0 0 0 
0 0 0 1 0 0 0 0 0 1 
0 0 0 0 0 1 0 1 0 0 
0 0 0 0 1 1 0 0 0 0 
0 0 0 0 0 0 0 0 1 1 
0 0 0 0 0 0 0 0 1 1 
0 0 1 0 0 0 0 1 0 0 
0 0 0 1 1 0 0 0 0 0 
0 0 0 1 0 0 1 0 0 0 
1 1 0 0 0 0 0 0 0 0 
0 0 0 0 0 1 0 0 0 1 
OpenStacks: 13
Took 0.03 seconds

buffer: Warwick 1435: balanced orders and products, 2 products per order
numCustomers: 30
numProducts: 10
1 0 0 0 0 0 0 0 1 0 
1 0 1 0 0 0 0 0 0 0 
1 0 0 0 0 0 1 0 0 0 
0 0 0 1 0 0 1 0 0 0 
1 0 0 0 1 0 0 0 0 0 
0 0 0 0 0 1 0 0 1 0 
0 0 0 1 0 0 0 0 1 0 
0 1 0 0 0 0 0 1 0 0 
1 0 0 0 0 0 1 0 0 0 
0 0 0 0 1 0 0 1 0 0 
0 0 1 0 1 0 0 0 0 0 
0 0 1 0 0 1 0 0 0 0 
0 0 1 1 0 0 0 0 0 0 
0 0 0 1 0 1 0 0 0 0 
0 1 1 0 0 0 0 0 0 0 
0 1 0 0 0 0 0 0 0 1 
0 0 0 0 0 1 0 0 0 1 
1 0 0 0 0 1 0 0 0 0 
0 0 0 0 0 0 0 1 1 0 
0 1 0 0 0 0 0 0 0 1 
0 0 0 0 0 0 1 1 0 0 
0 0 1 0 0 0 0 0 0 1 
0 0 0 0 0 0 1 1 0 0 
0 1 0 0 0 0 0 0 0 1 
0 0 0 0 1 0 0 1 0 0 
0 0 0 1 0 0 1 0 0 0 
0 0 0 1 0 0 0 0 1 0 
0 0 0 0 1 1 0 0 0 0 
0 0 0 0 1 0 0 0 0 1 
0 1 0 0 0 0 0 0 1 0 
Best sequence:
0 6 3 8 5 2 4 7 1 9 
1 0 0 1 0 0 0 0 0 0 
1 0 0 0 0 1 0 0 0 0 
1 1 0 0 0 0 0 0 0 0 
0 1 1 0 0 0 0 0 0 0 
1 0 0 0 0 0 1 0 0 0 
0 0 0 1 1 0 0 0 0 0 
0 0 1 1 0 0 0 0 0 0 
0 0 0 0 0 0 0 1 1 0 
1 1 0 0 0 0 0 0 0 0 
0 0 0 0 0 0 1 1 0 0 
0 0 0 0 0 1 1 0 0 0 
0 0 0 0 1 1 0 0 0 0 
0 0 1 0 0 1 0 0 0 0 
0 0 1 0 1 0 0 0 0 0 
0 0 0 0 0 1 0 0 1 0 
0 0 0 0 0 0 0 0 1 1 
0 0 0 0 1 0 0 0 0 1 
1 0 0 0 1 0 0 0 0 0 
0 0 0 1 0 0 0 1 0 0 
0 0 0 0 0 0 0 0 1 1 
0 1 0 0 0 0 0 1 0 0 
0 0 0 0 0 1 0 0 0 1 
0 1 0 0 0 0 0 1 0 0 
0 0 0 0 0 0 0 0 1 1 
0 0 0 0 0 0 1 1 0 0 
0 1 1 0 0 0 0 0 0 0 
0 0 1 1 0 0 0 0 0 0 
0 0 0 0 1 0 1 0 0 0 
0 0 0 0 0 0 1 0 0 1 
0 0 0 1 0 0 0 0 1 0 
OpenStacks: 13
Took 0.04 seconds

buffer: Warwick 1436: balanced orders and products, 2 products per order
numCustomers: 30
numProducts: 10
0 0 0 1 0 0 0 0 1 0 
1 0 1 0 0 0 0 0 0 0 
0 0 0 0 1 0 0 0 1 0 
0 0 1 0 0 0 0 1 0 0 
0 0 0 1 0 0 0 1 0 0 
0 0 0 1 0 0 1 0 0 0 
0 0 0 0 0 1 0 0 0 1 
0 1 1 0 0 0 0 0 0 0 
0 1 0 0 1 0 0 0 0 0 
0 1 0 0 0 0 0 0 0 1 
1 0 0 0 0 0 0 0 1 0 
1 0 1 0 0 0 0 0 0 0 
0 0 0 1 0 0 0 1 0 0 
0 0 0 0 1 0 0 0 1 0 
0 0 0 0 0 0 0 0 1 1 
0 0 0 0 1 0 1 0 0 0 
0 0 0 0 1 1 0 0 0 0 
0 0 0 1 0 0 0 1 0 0 
1 0 1 0 0 0 0 0 0 0 
0 0 0 0 1 1 0 0 0 0 
1 0 0 0 0 0 1 0 0 0 
0 1 0 0 0 0 0 0 0 1 
0 0 0 0 0 0 0 1 0 1 
1 0 1 0 0 0 0 0 0 0 
0 1 0 0 0 0 1 0 0 0 
0 1 0 0 0 0 0 0 0 1 
0 0 0 1 0 1 0 0 0 0 
0 0 0 0 0 0 1 0 1 0 
0 0 0 0 0 1 0 1 0 0 
0 0 0 0 0 1 1 0 0 0 
Best sequence:
0 1 2 6 9 8 4 5 3 7 
0 0 0 0 0 1 0 0 1 0 
1 0 1 0 0 0 0 0 0 0 
0 0 0 0 0 1 1 0 0 0 
0 0 1 0 0 0 0 0 0 1 
0 0 0 0 0 0 0 0 1 1 
0 0 0 1 0 0 0 0 1 0 
0 0 0 0 1 0 0 1 0 0 
0 1 1 0 0 0 0 0 0 0 
0 1 0 0 0 0 1 0 0 0 
0 1 0 0 1 0 0 0 0 0 
1 0 0 0 0 1 0 0 0 0 
1 0 1 0 0 0 0 0 0 0 
0 0 0 0 0 0 0 0 1 1 
0 0 0 0 0 1 1 0 0 0 
0 0 0 0 1 1 0 0 0 0 
0 0 0 1 0 0 1 0 0 0 
0 0 0 0 0 0 1 1 0 0 
0 0 0 0 0 0 0 0 1 1 
1 0 1 0 0 0 0 0 0 0 
0 0 0 0 0 0 1 1 0 0 
1 0 0 1 0 0 0 0 0 0 
0 1 0 0 1 0 0 0 0 0 
0 0 0 0 1 0 0 0 0 1 
1 0 1 0 0 0 0 0 0 0 
0 1 0 1 0 0 0 0 0 0 
0 1 0 0 1 0 0 0 0 0 
0 0 0 0 0 0 0 1 1 0 
0 0 0 1 0 1 0 0 0 0 
0 0 0 0 0 0 0 1 0 1 
0 0 0 1 0 0 0 1 0 0 
OpenStacks: 13
Took 0.04 seconds

buffer: Warwick 1437: balanced orders and products, 2 products per order
numCustomers: 30
numProducts: 10
0 0 0 0 1 0 1 0 0 0 
0 0 0 0 0 0 0 0 1 1 
1 0 0 0 1 0 0 0 0 0 
1 0 0 0 0 0 0 0 0 1 
0 1 0 0 0 0 0 0 0 1 
1 0 0 1 0 0 0 0 0 0 
0 0 1 0 0 0 0 0 1 0 
0 0 0 0 0 0 0 1 1 0 
0 0 1 1 0 0 0 0 0 0 
0 0 1 0 0 0 1 0 0 0 
0 1 0 0 0 1 0 0 0 0 
0 0 0 0 1 0 1 0 0 0 
0 1 0 1 0 0 0 0 0 0 
0 0 0 0 1 1 0 0 0 0 
0 0 0 1 0 0 1 0 0 0 
0 0 0 0 0 0 0 1 0 1 
0 0 0 0 0 1 0 1 0 0 
0 1 0 0 0 0 0 0 1 0 
1 0 0 1 0 0 0 0 0 0 
0 0 0 0 0 1 0 0 1 0 
1 0 0 0 0 1 0 0 0 0 
0 1 0 0 1 0 0 0 0 0 
0 0 0 0 0 1 0 1 0 0 
0 0 0 1 0 0 0 0 1 0 
1 0 1 0 0 0 0 0 0 0 
0 0 1 0 0 0 0 0 0 1 
0 0 0 0 0 0 1 1 0 0 
0 1 0 0 0 0 0 0 0 1 
0 0 0 0 0 0 1 1 0 0 
0 0 1 0 1 0 0 0 0 0 
Best sequence:
0 2 3 4 6 1 9 8 5 7 
0 0 0 1 1 0 0 0 0 0 
0 0 0 0 0 0 1 1 0 0 
1 0 0 1 0 0 0 0 0 0 
1 0 0 0 0 0 1 0 0 0 
0 0 0 0 0 1 1 0 0 0 
1 0 1 0 0 0 0 0 0 0 
0 1 0 0 0 0 0 1 0 0 
0 0 0 0 0 0 0 1 0 1 
0 1 1 0 0 0 0 0 0 0 
0 1 0 0 1 0 0 0 0 0 
0 0 0 0 0 1 0 0 1 0 
0 0 0 1 1 0 0 0 0 0 
0 0 1 0 0 1 0 0 0 0 
0 0 0 1 0 0 0 0 1 0 
0 0 1 0 1 0 0 0 0 0 
0 0 0 0 0 0 1 0 0 1 
0 0 0 0 0 0 0 0 1 1 
0 0 0 0 0 1 0 1 0 0 
1 0 1 0 0 0 0 0 0 0 
0 0 0 0 0 0 0 1 1 0 
1 0 0 0 0 0 0 0 1 0 
0 0 0 1 0 1 0 0 0 0 
0 0 0 0 0 0 0 0 1 1 
0 0 1 0 0 0 0 1 0 0 
1 1 0 0 0 0 0 0 0 0 
0 1 0 0 0 0 1 0 0 0 
0 0 0 0 1 0 0 0 0 1 
0 0 0 0 0 1 1 0 0 0 
0 0 0 0 1 0 0 0 0 1 
0 1 0 1 0 0 0 0 0 0 
OpenStacks: 14
Took 0.04 seconds

buffer: Warwick 1438: balanced orders and products, 2 products per order
numCustomers: 30
numProducts: 10
1 0 0 0 0 0 0 0 1 0 
1 1 0 0 0 0 0 0 0 0 
1 0 0 0 0 0 0 1 0 0 
0 0 0 0 0 1 1 0 0 0 
0 0 0 1 0 0 0 0 0 1 
0 0 0 1 0 0 0 0 1 0 
0 0 0 0 0 0 0 0 1 1 
0 0 0 0 0 1 0 1 0 0 
0 1 0 1 0 0 0 0 0 0 
0 0 1 0 1 0 0 0 0 0 
0 1 0 0 0 1 0 0 0 0 
0 0 0 1 0 1 0 0 0 0 
0 0 1 0 1 0 0 0 0 0 
0 0 1 0 1 0 0 0 0 0 
0 0 0 0 0 0 1 0 1 0 
0 0 0 0 1 0 0 0 0 1 
0 1 0 0 1 0 0 0 0 0 
0 0 0 1 1 0 0 0 0 0 
1 0 0 0 0 0 1 0 0 0 
0 1 0 0 0 0 0 1 0 0 
0 0 1 0 0 0 1 0 0 0 
0 0 0 0 0 1 0 0 1 0 
0 1 0 0 0 0 0 0 0 1 
0 0 0 0 0 1 0 1 0 0 
0 0 1 0 0 0 0 0 0 1 
0 0 1 0 0 0 1 0 0 0 
0 0 0 0 0 0 1 0 0 1 
1 0 0 0 0 0 0 1 0 0 
0 0 0 0 0 0 0 1 1 0 
1 0 0 1 0 0 0 0 0 0 
Best sequence:
0 1 7 5 3 8 6 9 2 4 
1 0 0 0 0 1 0 0 0 0 
1 1 0 0 0 0 0 0 0 0 
1 0 1 0 0 0 0 0 0 0 
0 0 0 1 0 0 1 0 0 0 
0 0 0 0 1 0 0 1 0 0 
0 0 0 0 1 1 0 0 0 0 
0 0 0 0 0 1 0 1 0 0 
0 0 1 1 0 0 0 0 0 0 
0 1 0 0 1 0 0 0 0 0 
0 0 0 0 0 0 0 0 1 1 
0 1 0 1 0 0 0 0 0 0 
0 0 0 1 1 0 0 0 0 0 
0 0 0 0 0 0 0 0 1 1 
0 0 0 0 0 0 0 0 1 1 
0 0 0 0 0 1 1 0 0 0 
0 0 0 0 0 0 0 1 0 1 
0 1 0 0 0 0 0 0 0 1 
0 0 0 0 1 0 0 0 0 1 
1 0 0 0 0 0 1 0 0 0 
0 1 1 0 0 0 0 0 0 0 
0 0 0 0 0 0 1 0 1 0 
0 0 0 1 0 1 0 0 0 0 
0 1 0 0 0 0 0 1 0 0 
0 0 1 1 0 0 0 0 0 0 
0 0 0 0 0 0 0 1 1 0 
0 0 0 0 0 0 1 0 1 0 
0 0 0 0 0 0 1 1 0 0 
1 0 1 0 0 0 0 0 0 0 
0 0 1 0 0 1 0 0 0 0 
1 0 0 0 1 0 0 0 0 0 
OpenStacks: 13
Took 0.04 seconds

buffer: Warwick 1439: balanced orders and products, 2 products per order
numCustomers: 30
numProducts: 10
1 0 0 0 0 0 0 0 1 0 
1 0 0 0 0 1 0 0 0 0 
0 0 0 1 0 0 0 1 0 0 
0 0 0 0 1 0 1 0 0 0 
0 0 0 0 0 0 0 1 0 1 
0 0 1 0 0 0 0 1 0 0 
0 0 0 0 1 0 0 0 1 0 
0 1 0 0 0 0 1 0 0 0 
0 0 1 0 0 1 0 0 0 0 
1 0 0 0 1 0 0 0 0 0 
0 1 0 0 0 1 0 0 0 0 
0 0 0 1 0 0 0 0 0 1 
1 0 0 0 0 0 0 0 1 0 
0 0 0 0 0 0 0 0 1 1 
0 0 0 0 0 0 1 0 1 0 
0 0 0 0 1 0 0 0 1 0 
0 1 0 1 0 0 0 0 0 0 
0 0 0 0 0 1 1 0 0 0 
0 1 0 0 0 0 1 0 0 0 
0 0 1 0 0 0 0 1 0 0 
0 0 0 0 0 0 1 1 0 0 
0 0 1 0 1 0 0 0 0 0 
1 0 0 0 0 0 0 0 0 1 
0 1 0 1 0 0 0 0 0 0 
0 0 1 0 0 0 0 0 0 1 
0 0 0 1 0 1 0 0 0 0 
0 0 0 0 0 1 0 1 0 0 
1 0 0 0 0 0 0 0 0 1 
0 1 1 0 0 0 0 0 0 0 
0 0 0 1 1 0 0 0 0 0 
Best sequence:
0 4 8 9 2 7 3 5 1 6 
1 0 1 0 0 0 0 0 0 0 
1 0 0 0 0 0 0 1 0 0 
0 0 0 0 0 1 1 0 0 0 
0 1 0 0 0 0 0 0 0 1 
0 0 0 1 0 1 0 0 0 0 
0 0 0 0 1 1 0 0 0 0 
0 1 1 0 0 0 0 0 0 0 
0 0 0 0 0 0 0 0 1 1 
0 0 0 0 1 0 0 1 0 0 
1 1 0 0 0 0 0 0 0 0 
0 0 0 0 0 0 0 1 1 0 
0 0 0 1 0 0 1 0 0 0 
1 0 1 0 0 0 0 0 0 0 
0 0 1 1 0 0 0 0 0 0 
0 0 1 0 0 0 0 0 0 1 
0 1 1 0 0 0 0 0 0 0 
0 0 0 0 0 0 1 0 1 0 
0 0 0 0 0 0 0 1 0 1 
0 0 0 0 0 0 0 0 1 1 
0 0 0 0 1 1 0 0 0 0 
0 0 0 0 0 1 0 0 0 1 
0 1 0 0 1 0 0 0 0 0 
1 0 0 1 0 0 0 0 0 0 
0 0 0 0 0 0 1 0 1 0 
0 0 0 1 1 0 0 0 0 0 
0 0 0 0 0 0 1 1 0 0 
0 0 0 0 0 1 0 1 0 0 
1 0 0 1 0 0 0 0 0 0 
0 0 0 0 1 0 0 0 1 0 
0 1 0 0 0 0 1 0 0 0 
OpenStacks: 13
Took 0.04 seconds

buffer: Warwick 1440: balanced orders and products, 2 products per order
numCustomers: 30
numProducts: 10
0 0 0 1 0 0 0 0 1 0 
0 1 0 0 0 0 0 0 1 0 
0 1 1 0 0 0 0 0 0 0 
0 0 0 0 1 0 0 0 0 1 
0 1 0 0 0 0 0 0 0 1 
0 0 0 0 0 0 1 1 0 0 
0 0 1 0 0 1 0 0 0 0 
0 0 0 0 0 0 1 0 0 1 
0 0 0 0 0 0 1 1 0 0 
0 0 0 1 0 1 0 0 0 0 
1 0 0 0 0 0 0 0 0 1 
0 1 0 0 0 0 1 0 0 0 
0 0 1 0 0 0 0 1 0 0 
1 0 0 0 0 0 0 0 1 0 
0 1 0 1 0 0 0 0 0 0 
1 0 0 0 0 1 0 0 0 0 
0 0 0 0 1 0 0 0 0 1 
0 0 1 0 0 0 1 0 0 0 
0 0 0 0 0 1 0 0 1 0 
0 0 0 0 0 0 0 0 1 1 
0 1 0 0 1 0 0 0 0 0 
1 0 0 0 0 1 0 0 0 0 
0 0 0 1 0 0 1 0 0 0 
0 0 1 0 0 1 0 0 0 0 
0 0 0 1 1 0 0 0 0 0 
0 0 0 0 1 0 0 1 0 0 
0 0 0 0 1 0 0 0 1 0 
1 0 0 0 0 0 0 1 0 0 
0 0 0 1 0 0 0 1 0 0 
1 0 1 0 0 0 0 0 0 0 
Best sequence:
0 2 5 7 6 3 1 8 4 9 
0 0 0 0 0 1 0 1 0 0 
0 0 0 0 0 0 1 1 0 0 
0 1 0 0 0 0 1 0 0 0 
0 0 0 0 0 0 0 0 1 1 
0 0 0 0 0 0 1 0 0 1 
0 0 0 1 1 0 0 0 0 0 
0 1 1 0 0 0 0 0 0 0 
0 0 0 0 1 0 0 0 0 1 
0 0 0 1 1 0 0 0 0 0 
0 0 1 0 0 1 0 0 0 0 
1 0 0 0 0 0 0 0 0 1 
0 0 0 0 1 0 1 0 0 0 
0 1 0 1 0 0 0 0 0 0 
1 0 0 0 0 0 0 1 0 0 
0 0 0 0 0 1 1 0 0 0 
1 0 1 0 0 0 0 0 0 0 
0 0 0 0 0 0 0 0 1 1 
0 1 0 0 1 0 0 0 0 0 
0 0 1 0 0 0 0 1 0 0 
0 0 0 0 0 0 0 1 0 1 
0 0 0 0 0 0 1 0 1 0 
1 0 1 0 0 0 0 0 0 0 
0 0 0 0 1 1 0 0 0 0 
0 1 1 0 0 0 0 0 0 0 
0 0 0 0 0 1 0 0 1 0 
0 0 0 1 0 0 0 0 1 0 
0 0 0 0 0 0 0 1 1 0 
1 0 0 1 0 0 0 0 0 0 
0 0 0 1 0 1 0 0 0 0 
1 1 0 0 0 0 0 0 0 0 
OpenStacks: 13
Took 0.03 seconds

buffer: Warwick 1441: balanced orders and products, 3 products per order
numCustomers: 30
numProducts: 10
0 0 0 1 0 0 1 0 1 0 
0 1 0 0 0 0 1 0 0 1 
0 0 0 0 1 1 0 0 0 1 
0 0 0 0 1 1 0 0 1 0 
0 0 0 0 1 1 0 1 0 0 
0 1 0 0 1 0 0 0 0 1 
1 0 0 0 1 0 0 0 0 1 
0 1 1 1 0 0 0 0 0 0 
0 1 1 0 0 0 0 1 0 0 
0 0 0 1 0 0 1 0 0 1 
0 0 1 1 0 0 0 0 1 0 
1 0 1 0 0 0 0 1 0 0 
0 0 0 1 0 1 0 0 0 1 
1 0 0 1 0 0 0 1 0 0 
0 1 0 0 1 0 0 0 0 1 
1 0 0 0 1 0 1 0 0 0 
0 1 1 0 0 0 0 1 0 0 
1 0 0 0 0 1 1 0 0 0 
0 0 1 0 0 1 0 0 1 0 
0 0 0 1 0 0 1 0 1 0 
1 0 0 0 0 1 0 0 0 1 
1 0 0 0 0 0 0 0 1 1 
1 0 0 0 1 0 0 0 1 0 
0 0 1 0 0 0 0 1 1 0 
0 1 0 0 0 0 1 1 0 0 
0 1 0 0 0 0 0 1 1 0 
0 0 1 1 0 1 0 0 0 0 
1 0 0 0 1 0 1 0 0 0 
0 0 0 0 0 1 1 1 0 0 
0 1 1 1 0 0 0 0 0 0 
Best sequence:
0 4 5 9 6 3 8 1 2 7 
0 0 0 0 1 1 1 0 0 0 
0 0 0 1 1 0 0 1 0 0 
0 1 1 1 0 0 0 0 0 0 
0 1 1 0 0 0 1 0 0 0 
0 1 1 0 0 0 0 0 0 1 
0 1 0 1 0 0 0 1 0 0 
1 1 0 1 0 0 0 0 0 0 
0 0 0 0 0 1 0 1 1 0 
0 0 0 0 0 0 0 1 1 1 
0 0 0 1 1 1 0 0 0 0 
0 0 0 0 0 1 1 0 1 0 
1 0 0 0 0 0 0 0 1 1 
0 0 1 1 0 1 0 0 0 0 
1 0 0 0 0 1 0 0 0 1 
0 1 0 1 0 0 0 1 0 0 
1 1 0 0 1 0 0 0 0 0 
0 0 0 0 0 0 0 1 1 1 
1 0 1 0 1 0 0 0 0 0 
0 0 1 0 0 0 1 0 1 0 
0 0 0 0 1 1 1 0 0 0 
1 0 1 1 0 0 0 0 0 0 
1 0 0 1 0 0 1 0 0 0 
1 1 0 0 0 0 1 0 0 0 
0 0 0 0 0 0 1 0 1 1 
0 0 0 0 1 0 0 1 0 1 
0 0 0 0 0 0 1 1 0 1 
0 0 1 0 0 1 0 0 1 0 
1 1 0 0 1 0 0 0 0 0 
0 0 1 0 1 0 0 0 0 1 
0 0 0 0 0 1 0 1 1 0 
OpenStacks: 20
Took 0.04 seconds

buffer: Warwick 1442: balanced orders and products, 3 products per order
numCustomers: 30
numProducts: 10
0 1 1 1 0 0 0 0 0 0 
1 0 0 0 0 0 1 0 1 0 
0 0 1 0 0 1 0 0 0 1 
0 1 0 0 0 0 1 0 1 0 
0 0 0 0 0 1 0 1 0 1 
0 1 0 0 0 1 0 0 0 1 
0 1 0 0 0 0 0 1 1 0 
0 0 0 1 0 1 1 0 0 0 
0 0 1 0 1 0 0 1 0 0 
0 0 0 1 1 0 0 1 0 0 
1 0 0 0 0 0 0 0 1 1 
0 0 0 0 0 0 1 0 1 1 
0 0 0 1 1 0 0 1 0 0 
1 0 0 1 0 0 1 0 0 0 
0 1 1 0 0 0 0 0 1 0 
1 0 0 0 1 0 0 0 0 1 
1 1 0 0 1 0 0 0 0 0 
0 0 0 1 1 0 0 1 0 0 
0 0 1 0 1 0 1 0 0 0 
0 0 1 1 0 0 0 1 0 0 
1 0 1 0 0 0 0 0 0 1 
0 1 0 0 0 0 1 0 0 1 
0 0 1 0 1 0 0 0 1 0 
0 1 0 0 0 1 1 0 0 0 
0 0 0 0 1 1 0 1 0 0 
1 0 0 0 0 0 0 0 1 1 
0 0 1 0 0 1 0 1 0 0 
1 0 0 0 0 1 0 0 1 0 
1 0 0 1 0 1 0 0 0 0 
0 1 0 1 0 0 1 0 0 0 
Best sequence:
0 8 9 6 1 5 2 3 4 7 
0 0 0 0 1 0 1 1 0 0 
1 1 0 1 0 0 0 0 0 0 
0 0 1 0 0 1 1 0 0 0 
0 1 0 1 1 0 0 0 0 0 
0 0 1 0 0 1 0 0 0 1 
0 0 1 0 1 1 0 0 0 0 
0 1 0 0 1 0 0 0 0 1 
0 0 0 1 0 1 0 1 0 0 
0 0 0 0 0 0 1 0 1 1 
0 0 0 0 0 0 0 1 1 1 
1 1 1 0 0 0 0 0 0 0 
0 1 1 1 0 0 0 0 0 0 
0 0 0 0 0 0 0 1 1 1 
1 0 0 1 0 0 0 1 0 0 
0 1 0 0 1 0 1 0 0 0 
1 0 1 0 0 0 0 0 1 0 
1 0 0 0 1 0 0 0 1 0 
0 0 0 0 0 0 0 1 1 1 
0 0 0 1 0 0 1 0 1 0 
0 0 0 0 0 0 1 1 0 1 
1 0 1 0 0 0 1 0 0 0 
0 0 1 1 1 0 0 0 0 0 
0 1 0 0 0 0 1 0 1 0 
0 0 0 1 1 1 0 0 0 0 
0 0 0 0 0 1 0 0 1 1 
1 1 1 0 0 0 0 0 0 0 
0 0 0 0 0 1 1 0 0 1 
1 1 0 0 0 1 0 0 0 0 
1 0 0 0 0 1 0 1 0 0 
0 0 0 1 1 0 0 1 0 0 
OpenStacks: 20
Took 0.04 seconds

buffer: Warwick 1443: balanced orders and products, 3 products per order
numCustomers: 30
numProducts: 10
0 0 0 0 0 0 1 1 0 1 
0 0 0 0 0 1 0 1 0 1 
0 0 0 1 0 0 1 1 0 0 
1 0 0 1 1 0 0 0 0 0 
1 1 0 0 0 1 0 0 0 0 
0 0 0 0 0 1 1 0 1 0 
0 0 1 0 1 0 0 1 0 0 
1 0 0 1 1 0 0 0 0 0 
0 0 0 1 0 0 1 0 0 1 
0 0 0 0 1 1 0 0 0 1 
1 1 0 0 0 0 0 1 0 0 
1 1 0 0 0 0 0 0 1 0 
0 0 0 0 1 0 1 0 1 0 
0 1 1 0 0 0 0 0 1 0 
1 1 0 0 1 0 0 0 0 0 
0 0 1 1 0 0 0 0 0 1 
0 1 1 0 0 0 0 0 1 0 
0 0 0 1 0 0 1 0 0 1 
0 1 1 0 0 0 0 0 1 0 
0 0 1 0 0 1 0 1 0 0 
1 0 0 0 1 0 1 0 0 0 
1 0 0 1 0 0 0 1 0 0 
0 0 0 0 0 1 1 0 1 0 
0 0 0 0 0 1 0 1 0 1 
0 0 1 1 0 0 0 0 0 1 
1 1 0 0 0 0 0 0 1 0 
0 0 0 1 1 1 0 0 0 0 
0 0 1 0 0 0 1 1 0 0 
0 1 1 0 1 0 0 0 0 0 
0 0 0 0 0 1 0 0 1 1 
Best sequence:
0 1 8 2 4 3 6 5 7 9 
0 0 0 0 0 0 1 0 1 1 
0 0 0 0 0 0 0 1 1 1 
0 0 0 0 0 1 1 0 1 0 
1 0 0 0 1 1 0 0 0 0 
1 1 0 0 0 0 0 1 0 0 
0 0 1 0 0 0 1 1 0 0 
0 0 0 1 1 0 0 0 1 0 
1 0 0 0 1 1 0 0 0 0 
0 0 0 0 0 1 1 0 0 1 
0 0 0 0 1 0 0 1 0 1 
1 1 0 0 0 0 0 0 1 0 
1 1 1 0 0 0 0 0 0 0 
0 0 1 0 1 0 1 0 0 0 
0 1 1 1 0 0 0 0 0 0 
1 1 0 0 1 0 0 0 0 0 
0 0 0 1 0 1 0 0 0 1 
0 1 1 1 0 0 0 0 0 0 
0 0 0 0 0 1 1 0 0 1 
0 1 1 1 0 0 0 0 0 0 
0 0 0 1 0 0 0 1 1 0 
1 0 0 0 1 0 1 0 0 0 
1 0 0 0 0 1 0 0 1 0 
0 0 1 0 0 0 1 1 0 0 
0 0 0 0 0 0 0 1 1 1 
0 0 0 1 0 1 0 0 0 1 
1 1 1 0 0 0 0 0 0 0 
0 0 0 0 1 1 0 1 0 0 
0 0 0 1 0 0 1 0 1 0 
0 1 0 1 1 0 0 0 0 0 
0 0 1 0 0 0 0 1 0 1 
OpenStacks: 20
Took 0.04 seconds

buffer: Warwick 1444: balanced orders and products, 3 products per order
numCustomers: 30
numProducts: 10
0 0 1 0 0 1 0 0 0 1 
0 1 1 0 0 0 0 0 1 0 
0 0 1 0 0 1 0 0 0 1 
0 0 0 0 1 0 1 1 0 0 
0 1 1 0 0 0 0 1 0 0 
0 0 1 1 0 0 0 1 0 0 
1 0 0 0 0 0 0 1 1 0 
0 0 0 0 1 0 0 0 1 1 
0 1 0 0 0 0 0 1 1 0 
0 1 1 0 1 0 0 0 0 0 
0 0 1 0 0 1 0 0 1 0 
0 0 0 0 0 1 1 0 1 0 
0 0 0 0 1 0 0 1 0 1 
1 0 0 0 1 0 1 0 0 0 
1 0 0 0 0 0 1 0 0 1 
0 1 0 1 0 0 0 0 0 1 
1 1 0 1 0 0 0 0 0 0 
0 0 0 0 1 1 1 0 0 0 
0 0 0 1 1 1 0 0 0 0 
0 0 0 0 1 1 1 0 0 0 
0 1 0 0 0 0 1 1 0 0 
0 0 0 1 0 1 0 0 1 0 
1 0 0 1 0 0 0 0 1 0 
0 1 0 1 0 0 0 0 0 1 
1 0 1 0 0 0 0 1 0 0 
0 1 0 1 0 0 0 0 0 1 
1 0 0 0 0 0 1 1 0 0 
1 0 0 0 0 0 0 0 1 1 
1 0 1 1 0 0 0 0 0 0 
0 0 0 0 1 1 1 0 0 0 
Best sequence:
1 3 9 0 2 7 8 4 5 6 
0 0 1 0 1 0 0 0 1 0 
1 0 0 0 1 0 1 0 0 0 
0 0 1 0 1 0 0 0 1 0 
0 0 0 0 0 1 0 1 0 1 
1 0 0 0 1 1 0 0 0 0 
0 1 0 0 1 1 0 0 0 0 
0 0 0 1 0 1 1 0 0 0 
0 0 1 0 0 0 1 1 0 0 
1 0 0 0 0 1 1 0 0 0 
1 0 0 0 1 0 0 1 0 0 
0 0 0 0 1 0 1 0 1 0 
0 0 0 0 0 0 1 0 1 1 
0 0 1 0 0 1 0 1 0 0 
0 0 0 1 0 0 0 1 0 1 
0 0 1 1 0 0 0 0 0 1 
1 1 1 0 0 0 0 0 0 0 
1 1 0 1 0 0 0 0 0 0 
0 0 0 0 0 0 0 1 1 1 
0 1 0 0 0 0 0 1 1 0 
0 0 0 0 0 0 0 1 1 1 
1 0 0 0 0 1 0 0 0 1 
0 1 0 0 0 0 1 0 1 0 
0 1 0 1 0 0 1 0 0 0 
1 1 1 0 0 0 0 0 0 0 
0 0 0 1 1 1 0 0 0 0 
1 1 1 0 0 0 0 0 0 0 
0 0 0 1 0 1 0 0 0 1 
0 0 1 1 0 0 1 0 0 0 
0 1 0 1 1 0 0 0 0 0 
0 0 0 0 0 0 0 1 1 1 
OpenStacks: 21
Took 0.03 seconds

buffer: Warwick 1445: balanced orders and products, 3 products per order
numCustomers: 30
numProducts: 10
0 0 1 1 0 0 0 0 0 1 
1 0 1 0 0 0 0 0 1 0 
0 1 0 0 1 0 0 1 0 0 
0 1 0 0 0 1 1 0 0 0 
0 1 1 0 1 0 0 0 0 0 
0 0 0 0 1 1 0 0 0 1 
0 1 0 0 0 1 1 0 0 0 
1 1 0 0 0 0 1 0 0 0 
0 1 0 0 0 0 0 0 1 1 
0 0 1 0 1 1 0 0 0 0 
0 1 0 0 0 0 0 1 1 0 
1 0 0 0 0 0 1 1 0 0 
0 0 1 1 0 0 0 1 0 0 
1 1 0 1 0 0 0 0 0 0 
0 0 1 0 1 1 0 0 0 0 
0 0 0 0 0 0 1 1 1 0 
0 0 0 1 0 0 0 1 0 1 
0 0 1 0 1 0 0 1 0 0 
1 1 0 0 0 0 0 0 0 1 
0 0 0 1 1 1 0 0 0 0 
0 0 0 1 1 0 0 0 1 0 
1 0 0 1 0 0 1 0 0 0 
0 0 0 0 0 0 1 0 1 1 
1 0 1 0 0 1 0 0 0 0 
0 0 0 0 0 1 0 0 1 1 
0 0 0 0 1 0 1 1 0 0 
0 0 1 1 0 0 0 0 0 1 
0 0 0 0 0 0 0 1 1 1 
1 0 0 0 0 0 1 0 1 0 
1 0 0 1 0 1 0 0 0 0 
Best sequence:
0 1 6 7 8 3 9 2 4 5 
0 0 0 0 0 1 1 1 0 0 
1 0 0 0 1 0 0 1 0 0 
0 1 0 1 0 0 0 0 1 0 
0 1 1 0 0 0 0 0 0 1 
0 1 0 0 0 0 0 1 1 0 
0 0 0 0 0 0 1 0 1 1 
0 1 1 0 0 0 0 0 0 1 
1 1 1 0 0 0 0 0 0 0 
0 1 0 0 1 0 1 0 0 0 
0 0 0 0 0 0 0 1 1 1 
0 1 0 1 1 0 0 0 0 0 
1 0 1 1 0 0 0 0 0 0 
0 0 0 1 0 1 0 1 0 0 
1 1 0 0 0 1 0 0 0 0 
0 0 0 0 0 0 0 1 1 1 
0 0 1 1 1 0 0 0 0 0 
0 0 0 1 0 1 1 0 0 0 
0 0 0 1 0 0 0 1 1 0 
1 1 0 0 0 0 1 0 0 0 
0 0 0 0 0 1 0 0 1 1 
0 0 0 0 1 1 0 0 1 0 
1 0 1 0 0 1 0 0 0 0 
0 0 1 0 1 0 1 0 0 0 
1 0 0 0 0 0 0 1 0 1 
0 0 0 0 1 0 1 0 0 1 
0 0 1 1 0 0 0 0 1 0 
0 0 0 0 0 1 1 1 0 0 
0 0 0 1 1 0 1 0 0 0 
1 0 1 0 1 0 0 0 0 0 
1 0 0 0 0 1 0 0 0 1 
OpenStacks: 22
Took 0.04 seconds

buffer: Warwick 1446: balanced orders and products, 3 products per order
numCustomers: 30
numProducts: 10
0 0 0 0 0 1 1 0 0 1 
1 0 1 0 0 0 0 1 0 0 
0 0 0 1 0 0 1 0 0 1 
0 0 0 1 0 1 0 0 1 0 
0 1 0 0 1 0 1 0 0 0 
1 1 0 0 0 1 0 0 0 0 
0 0 0 1 0 0 0 1 0 1 
0 0 1 0 1 0 0 0 0 1 
0 1 0 1 0 1 0 0 0 0 
1 0 1 0 0 0 0 0 0 1 
1 0 0 0 1 0 1 0 0 0 
0 0 0 0 0 0 1 1 1 0 
1 0 1 0 0 0 0 1 0 0 
0 0 0 0 1 0 0 1 0 1 
0 0 0 1 0 1 1 0 0 0 
1 0 0 1 1 0 0 0 0 0 
1 0 0 0 0 1 0 0 0 1 
1 1 0 0 0 0 0 0 0 1 
0 0 1 1 0 1 0 0 0 0 
0 1 0 0 1 0 0 0 1 0 
0 0 0 0 0 1 0 1 1 0 
0 1 1 0 0 0 0 0 1 0 
0 0 1 0 0 0 0 1 1 0 
0 1 0 1 0 0 0 1 0 0 
0 0 0 0 1 0 1 0 1 0 
0 1 1 0 0 0 0 0 1 0 
0 0 1 0 1 0 0 1 0 0 
0 0 0 1 0 1 1 0 0 0 
1 0 0 0 1 0 0 0 0 1 
0 1 0 0 0 0 1 0 1 0 
Best sequence:
0 2 4 9 7 1 8 3 5 6 
0 0 0 1 0 0 0 0 1 1 
1 1 0 0 1 0 0 0 0 0 
0 0 0 1 0 0 0 1 0 1 
0 0 0 0 0 0 1 1 1 0 
0 0 1 0 0 1 0 0 0 1 
1 0 0 0 0 1 0 0 1 0 
0 0 0 1 1 0 0 1 0 0 
0 1 1 1 0 0 0 0 0 0 
0 0 0 0 0 1 0 1 1 0 
1 1 0 1 0 0 0 0 0 0 
1 0 1 0 0 0 0 0 0 1 
0 0 0 0 1 0 1 0 0 1 
1 1 0 0 1 0 0 0 0 0 
0 0 1 1 1 0 0 0 0 0 
0 0 0 0 0 0 0 1 1 1 
1 0 1 0 0 0 0 1 0 0 
1 0 0 1 0 0 0 0 1 0 
1 0 0 1 0 1 0 0 0 0 
0 1 0 0 0 0 0 1 1 0 
0 0 1 0 0 1 1 0 0 0 
0 0 0 0 1 0 1 0 1 0 
0 1 0 0 0 1 1 0 0 0 
0 1 0 0 1 0 1 0 0 0 
0 0 0 0 1 1 0 1 0 0 
0 0 1 0 0 0 1 0 0 1 
0 1 0 0 0 1 1 0 0 0 
0 1 1 0 1 0 0 0 0 0 
0 0 0 0 0 0 0 1 1 1 
1 0 1 1 0 0 0 0 0 0 
0 0 0 0 0 1 1 0 0 1 
OpenStacks: 22
Took 0.04 seconds

buffer: Warwick 1447: balanced orders and products, 3 products per order
numCustomers: 30
numProducts: 10
0 0 0 1 0 1 0 1 0 0 
0 1 1 0 0 0 0 0 1 0 
1 1 0 0 0 0 0 1 0 0 
0 1 0 1 0 1 0 0 0 0 
0 0 0 0 1 0 1 0 0 1 
1 0 0 0 1 1 0 0 0 0 
0 1 0 0 0 0 0 1 1 0 
0 0 1 0 0 0 1 0 0 1 
0 0 1 0 0 0 0 0 1 1 
0 1 0 0 0 0 1 0 1 0 
0 0 0 0 1 0 0 0 1 1 
0 0 0 1 0 0 0 1 1 0 
0 0 0 1 1 0 0 0 1 0 
1 0 1 0 0 1 0 0 0 0 
1 1 0 0 0 0 0 1 0 0 
0 0 0 1 0 0 1 0 0 1 
0 0 0 1 1 1 0 0 0 0 
1 0 0 0 1 0 0 1 0 0 
1 0 0 0 1 0 0 0 0 1 
0 1 1 0 0 0 0 1 0 0 
0 1 0 0 1 0 0 1 0 0 
0 0 1 1 0 0 0 0 0 1 
1 0 0 0 0 1 0 0 0 1 
1 0 0 0 1 1 0 0 0 0 
0 1 1 0 0 0 1 0 0 0 
0 0 1 1 0 0 0 0 0 1 
0 0 0 0 0 1 1 0 1 0 
1 0 0 0 0 1 1 0 0 0 
0 0 0 0 0 0 1 1 1 0 
0 0 1 1 0 0 1 0 0 0 
Best sequence:
0 1 7 4 5 6 8 2 3 9 
0 0 1 0 1 0 0 0 1 0 
0 1 0 0 0 0 1 1 0 0 
1 1 1 0 0 0 0 0 0 0 
0 1 0 0 1 0 0 0 1 0 
0 0 0 1 0 1 0 0 0 1 
1 0 0 1 1 0 0 0 0 0 
0 1 1 0 0 0 1 0 0 0 
0 0 0 0 0 1 0 1 0 1 
0 0 0 0 0 0 1 1 0 1 
0 1 0 0 0 1 1 0 0 0 
0 0 0 1 0 0 1 0 0 1 
0 0 1 0 0 0 1 0 1 0 
0 0 0 1 0 0 1 0 1 0 
1 0 0 0 1 0 0 1 0 0 
1 1 1 0 0 0 0 0 0 0 
0 0 0 0 0 1 0 0 1 1 
0 0 0 1 1 0 0 0 1 0 
1 0 1 1 0 0 0 0 0 0 
1 0 0 1 0 0 0 0 0 1 
0 1 1 0 0 0 0 1 0 0 
0 1 1 1 0 0 0 0 0 0 
0 0 0 0 0 0 0 1 1 1 
1 0 0 0 1 0 0 0 0 1 
1 0 0 1 1 0 0 0 0 0 
0 1 0 0 0 1 0 1 0 0 
0 0 0 0 0 0 0 1 1 1 
0 0 0 0 1 1 1 0 0 0 
1 0 0 0 1 1 0 0 0 0 
0 0 1 0 0 1 1 0 0 0 
0 0 0 0 0 1 0 1 1 0 
OpenStacks: 21
Took 0.03 seconds

buffer: Warwick 1448: balanced orders and products, 3 products per order
numCustomers: 30
numProducts: 10
0 0 0 1 0 0 0 0 1 1 
1 0 0 0 0 0 0 1 1 0 
1 0 0 1 1 0 0 0 0 0 
0 1 0 0 0 0 1 1 0 0 
0 1 1 0 0 1 0 0 0 0 
1 1 0 0 0 0 0 1 0 0 
0 0 1 1 0 0 0 0 0 1 
0 0 0 1 1 0 1 0 0 0 
1 0 0 1 0 0 0 0 1 0 
0 1 0 0 0 1 1 0 0 0 
1 1 0 0 0 0 1 0 0 0 
1 0 0 0 0 0 1 0 0 1 
0 1 0 0 0 1 0 1 0 0 
0 0 0 1 0 0 0 1 0 1 
0 0 1 0 0 1 0 0 1 0 
1 0 0 0 1 1 0 0 0 0 
0 0 0 1 0 1 0 0 1 0 
0 0 0 0 1 0 0 0 1 1 
0 0 0 0 1 0 0 0 1 1 
1 0 0 0 0 0 1 1 0 0 
0 0 1 1 0 0 1 0 0 0 
0 0 0 0 0 1 1 1 0 0 
0 1 1 0 0 1 0 0 0 0 
0 0 1 0 1 0 0 0 1 0 
0 0 1 0 0 0 0 1 0 1 
0 1 1 1 0 0 0 0 0 0 
0 0 1 0 1 0 0 0 0 1 
0 1 0 0 0 1 0 0 0 1 
1 0 0 0 1 0 0 0 1 0 
0 0 0 0 1 0 1 1 0 0 
Best sequence:
1 5 6 7 0 2 3 4 8 9 
0 0 0 0 0 0 1 0 1 1 
0 0 0 1 1 0 0 0 1 0 
0 0 0 0 1 0 1 1 0 0 
1 0 1 1 0 0 0 0 0 0 
1 1 0 0 0 1 0 0 0 0 
1 0 0 1 1 0 0 0 0 0 
0 0 0 0 0 1 1 0 0 1 
0 0 1 0 0 0 1 1 0 0 
0 0 0 0 1 0 1 0 1 0 
1 1 1 0 0 0 0 0 0 0 
1 0 1 0 1 0 0 0 0 0 
0 0 1 0 1 0 0 0 0 1 
1 1 0 1 0 0 0 0 0 0 
0 0 0 1 0 0 1 0 0 1 
0 1 0 0 0 1 0 0 1 0 
0 1 0 0 1 0 0 1 0 0 
0 1 0 0 0 0 1 0 1 0 
0 0 0 0 0 0 0 1 1 1 
0 0 0 0 0 0 0 1 1 1 
0 0 1 1 1 0 0 0 0 0 
0 0 1 0 0 1 1 0 0 0 
0 1 1 1 0 0 0 0 0 0 
1 1 0 0 0 1 0 0 0 0 
0 0 0 0 0 1 0 1 1 0 
0 0 0 1 0 1 0 0 0 1 
1 0 0 0 0 1 1 0 0 0 
0 0 0 0 0 1 0 1 0 1 
1 1 0 0 0 0 0 0 0 1 
0 0 0 0 1 0 0 1 1 0 
0 0 1 1 0 0 0 1 0 0 
OpenStacks: 20
Took 0.05 seconds

buffer: Warwick 1449: balanced orders and products, 3 products per order
numCustomers: 30
numProducts: 10
1 0 0 0 1 0 0 0 0 1 
0 1 0 0 0 1 0 1 0 0 
0 0 0 1 1 0 1 0 0 0 
0 0 0 0 0 1 0 1 1 0 
0 0 0 1 1 0 1 0 0 0 
0 1 1 0 0 0 1 0 0 0 
1 1 0 0 0 0 0 1 0 0 
0 1 0 0 0 0 1 0 1 0 
0 1 0 0 1 1 0 0 0 0 
1 0 1 1 0 0 0 0 0 0 
1 0 0 0 0 0 0 0 1 1 
0 0 0 0 0 0 0 1 1 1 
0 0 0 1 1 0 1 0 0 0 
0 0 0 0 0 1 1 0 0 1 
1 0 1 1 0 0 0 0 0 0 
0 1 0 0 1 0 0 0 0 1 
0 0 0 1 0 1 0 0 1 0 
0 0 0 1 0 0 1 0 0 1 
0 1 1 0 1 0 0 0 0 0 
0 0 1 0 0 0 0 1 0 1 
0 0 0 0 0 0 1 1 1 0 
0 0 1 0 1 1 0 0 0 0 
1 0 0 0 1 0 0 0 1 0 
1 0 0 1 0 1 0 0 0 0 
1 0 1 0 0 1 0 0 0 0 
0 1 0 0 0 0 0 0 1 1 
0 1 1 0 0 0 0 1 0 0 
0 0 1 0 0 0 0 1 1 0 
0 0 0 1 0 0 0 1 0 1 
1 0 0 0 0 1 1 0 0 0 
Best sequence:
0 1 7 2 8 5 9 3 4 6 
1 0 0 0 0 0 1 0 1 0 
0 1 1 0 0 1 0 0 0 0 
0 0 0 0 0 0 0 1 1 1 
0 0 1 0 1 1 0 0 0 0 
0 0 0 0 0 0 0 1 1 1 
0 1 0 1 0 0 0 0 0 1 
1 1 1 0 0 0 0 0 0 0 
0 1 0 0 1 0 0 0 0 1 
0 1 0 0 0 1 0 0 1 0 
1 0 0 1 0 0 0 1 0 0 
1 0 0 0 1 0 1 0 0 0 
0 0 1 0 1 0 1 0 0 0 
0 0 0 0 0 0 0 1 1 1 
0 0 0 0 0 1 1 0 0 1 
1 0 0 1 0 0 0 1 0 0 
0 1 0 0 0 0 1 0 1 0 
0 0 0 0 1 1 0 1 0 0 
0 0 0 0 0 0 1 1 0 1 
0 1 0 1 0 0 0 0 1 0 
0 0 1 1 0 0 1 0 0 0 
0 0 1 0 1 0 0 0 0 1 
0 0 0 1 0 1 0 0 1 0 
1 0 0 0 1 0 0 0 1 0 
1 0 0 0 0 1 0 1 0 0 
1 0 0 1 0 1 0 0 0 0 
0 1 0 0 1 0 1 0 0 0 
0 1 1 1 0 0 0 0 0 0 
0 0 1 1 1 0 0 0 0 0 
0 0 1 0 0 0 1 1 0 0 
1 0 0 0 0 1 0 0 0 1 
OpenStacks: 23
Took 0.03 seconds

buffer: Warwick 1450: balanced orders and products, 3 products per order
numCustomers: 30
numProducts: 10
0 0 0 1 0 0 1 1 0 0 
0 0 0 0 1 0 0 1 0 1 
1 0 0 0 0 0 0 1 0 1 
0 0 1 0 1 0 1 0 0 0 
0 0 0 0 1 0 0 0 1 1 
0 1 1 0 1 0 0 0 0 0 
1 0 1 0 0 0 0 1 0 0 
0 1 1 0 0 0 0 1 0 0 
1 0 0 1 0 0 0 0 1 0 
1 0 0 0 0 1 0 1 0 0 
0 1 0 0 1 1 0 0 0 0 
0 0 1 1 0 0 0 0 1 0 
0 0 0 0 0 0 0 1 1 1 
1 0 0 1 0 0 0 0 1 0 
0 1 0 0 0 1 1 0 0 0 
1 0 0 0 0 0 0 0 1 1 
1 0 0 1 0 0 0 1 0 0 
0 0 0 1 1 0 0 0 0 1 
0 0 0 0 0 0 0 1 1 1 
0 0 0 1 0 1 0 0 1 0 
0 1 0 0 1 0 1 0 0 0 
0 0 0 1 0 0 1 0 0 1 
0 1 1 0 0 1 0 0 0 0 
0 1 0 0 1 0 1 0 0 0 
0 0 1 0 1 1 0 0 0 0 
1 0 1 0 0 0 0 0 0 1 
0 1 0 0 0 0 1 0 1 0 
1 1 0 0 0 1 0 0 0 0 
0 0 1 0 0 1 1 0 0 0 
0 0 0 1 0 1 1 0 0 0 
Best sequence:
0 3 7 9 8 2 5 1 4 6 
0 1 1 0 0 0 0 0 0 1 
0 0 1 1 0 0 0 0 1 0 
1 0 1 1 0 0 0 0 0 0 
0 0 0 0 0 1 0 0 1 1 
0 0 0 1 1 0 0 0 1 0 
0 0 0 0 0 1 0 1 1 0 
1 0 1 0 0 1 0 0 0 0 
0 0 1 0 0 1 0 1 0 0 
1 1 0 0 1 0 0 0 0 0 
1 0 1 0 0 0 1 0 0 0 
0 0 0 0 0 0 1 1 1 0 
0 1 0 0 1 1 0 0 0 0 
0 0 1 1 1 0 0 0 0 0 
1 1 0 0 1 0 0 0 0 0 
0 0 0 0 0 0 1 1 0 1 
1 0 0 1 1 0 0 0 0 0 
1 1 1 0 0 0 0 0 0 0 
0 1 0 1 0 0 0 0 1 0 
0 0 1 1 1 0 0 0 0 0 
0 1 0 0 1 0 1 0 0 0 
0 0 0 0 0 0 0 1 1 1 
0 1 0 1 0 0 0 0 0 1 
0 0 0 0 0 1 1 1 0 0 
0 0 0 0 0 0 0 1 1 1 
0 0 0 0 0 1 1 0 1 0 
1 0 0 1 0 1 0 0 0 0 
0 0 0 0 1 0 0 1 0 1 
1 0 0 0 0 0 1 1 0 0 
0 0 0 0 0 1 1 0 0 1 
0 1 0 0 0 0 1 0 0 1 
OpenStacks: 19
Took 0.04 seconds

buffer: Warwick 1451: balanced orders and products, 4 products per order
numCustomers: 30
numProducts: 10
0 0 0 0 0 1 1 0 1 1 
0 1 0 0 1 1 0 1 0 0 
0 0 0 0 0 1 1 0 1 1 
1 1 0 1 0 1 0 0 0 0 
0 1 1 0 0 0 1 0 1 0 
1 0 1 1 0 0 0 1 0 0 
1 1 0 0 1 0 0 0 1 0 
0 1 0 1 1 0 0 0 0 1 
0 1 1 0 1 0 1 0 0 0 
0 0 1 1 1 0 0 1 0 0 
0 0 0 0 0 0 1 1 1 1 
0 1 0 0 1 1 0 0 1 0 
1 0 1 0 0 1 0 1 0 0 
1 0 0 0 0 0 0 1 1 1 
1 1 0 0 0 1 1 0 0 0 
1 0 1 0 0 0 1 0 1 0 
1 0 0 0 0 1 1 0 0 1 
1 0 0 1 1 0 0 0 0 1 
1 1 1 0 0 0 0 0 0 1 
0 0 1 0 1 0 0 1 1 0 
0 1 0 1 0 0 0 1 1 0 
1 0 0 1 0 1 1 0 0 0 
1 0 1 1 1 0 0 0 0 0 
0 0 1 1 1 0 0 0 0 1 
0 0 1 0 1 1 0 1 0 0 
0 0 0 1 0 1 1 0 0 1 
0 0 1 0 0 1 0 1 1 0 
0 1 0 1 0 0 0 1 0 1 
0 1 0 0 1 0 1 0 0 1 
0 0 0 1 0 0 1 1 1 0 
Best sequence:
0 1 2 3 4 7 5 6 8 9 
0 0 0 0 0 0 1 1 1 1 
0 1 0 0 1 1 1 0 0 0 
0 0 0 0 0 0 1 1 1 1 
1 1 0 1 0 0 1 0 0 0 
0 1 1 0 0 0 0 1 1 0 
1 0 1 1 0 1 0 0 0 0 
1 1 0 0 1 0 0 0 1 0 
0 1 0 1 1 0 0 0 0 1 
0 1 1 0 1 0 0 1 0 0 
0 0 1 1 1 1 0 0 0 0 
0 0 0 0 0 1 0 1 1 1 
0 1 0 0 1 0 1 0 1 0 
1 0 1 0 0 1 1 0 0 0 
1 0 0 0 0 1 0 0 1 1 
1 1 0 0 0 0 1 1 0 0 
1 0 1 0 0 0 0 1 1 0 
1 0 0 0 0 0 1 1 0 1 
1 0 0 1 1 0 0 0 0 1 
1 1 1 0 0 0 0 0 0 1 
0 0 1 0 1 1 0 0 1 0 
0 1 0 1 0 1 0 0 1 0 
1 0 0 1 0 0 1 1 0 0 
1 0 1 1 1 0 0 0 0 0 
0 0 1 1 1 0 0 0 0 1 
0 0 1 0 1 1 1 0 0 0 
0 0 0 1 0 0 1 1 0 1 
0 0 1 0 0 1 1 0 1 0 
0 1 0 1 0 1 0 0 0 1 
0 1 0 0 1 0 0 1 0 1 
0 0 0 1 0 1 0 1 1 0 
OpenStacks: 27
Took 0.04 seconds

buffer: Warwick 1452: balanced orders and products, 4 products per order
numCustomers: 30
numProducts: 10
1 0 0 1 0 1 0 1 0 0 
0 1 0 0 0 1 1 0 1 0 
0 0 1 1 0 1 1 0 0 0 
1 1 0 1 0 1 0 0 0 0 
0 1 1 0 0 1 0 0 0 1 
0 0 1 0 0 0 1 1 0 1 
0 1 0 1 1 0 0 1 0 0 
1 0 1 0 1 1 0 0 0 0 
0 0 1 0 1 1 1 0 0 0 
1 1 0 0 0 0 0 1 1 0 
1 0 1 1 0 0 0 0 0 1 
0 1 0 0 1 0 0 0 1 1 
0 0 0 0 0 1 1 1 1 0 
0 0 0 0 1 1 0 0 1 1 
1 0 1 0 1 0 0 1 0 0 
1 0 0 1 0 0 1 0 0 1 
0 0 0 1 0 1 0 0 1 1 
1 0 0 0 1 1 0 1 0 0 
1 1 0 0 0 0 1 1 0 0 
1 0 0 1 1 0 1 0 0 0 
0 0 1 1 0 0 1 0 1 0 
0 1 1 0 0 0 0 1 1 0 
0 0 0 1 1 0 1 0 0 1 
0 1 0 0 0 1 1 0 0 1 
0 0 1 1 1 0 0 0 0 1 
1 1 0 0 0 0 0 1 1 0 
1 0 0 0 1 0 0 1 1 0 
0 1 1 0 0 0 0 1 0 1 
0 0 1 0 0 0 1 0 1 1 
0 1 0 1 1 0 0 0 1 0 
Best sequence:
0 1 7 8 2 3 4 5 6 9 
1 0 1 0 0 1 0 1 0 0 
0 1 0 1 0 0 0 1 1 0 
0 0 0 0 1 1 0 1 1 0 
1 1 0 0 0 1 0 1 0 0 
0 1 0 0 1 0 0 1 0 1 
0 0 1 0 1 0 0 0 1 1 
0 1 1 0 0 1 1 0 0 0 
1 0 0 0 1 0 1 1 0 0 
0 0 0 0 1 0 1 1 1 0 
1 1 1 1 0 0 0 0 0 0 
1 0 0 0 1 1 0 0 0 1 
0 1 0 1 0 0 1 0 0 1 
0 0 1 1 0 0 0 1 1 0 
0 0 0 1 0 0 1 1 0 1 
1 0 1 0 1 0 1 0 0 0 
1 0 0 0 0 1 0 0 1 1 
0 0 0 1 0 1 0 1 0 1 
1 0 1 0 0 0 1 1 0 0 
1 1 1 0 0 0 0 0 1 0 
1 0 0 0 0 1 1 0 1 0 
0 0 0 1 1 1 0 0 1 0 
0 1 1 1 1 0 0 0 0 0 
0 0 0 0 0 1 1 0 1 1 
0 1 0 0 0 0 0 1 1 1 
0 0 0 0 1 1 1 0 0 1 
1 1 1 1 0 0 0 0 0 0 
1 0 1 1 0 0 1 0 0 0 
0 1 1 0 1 0 0 0 0 1 
0 0 0 1 1 0 0 0 1 1 
0 1 0 1 0 1 1 0 0 0 
OpenStacks: 27
Took 0.04 seconds

buffer: Warwick 1453: balanced orders and products, 4 products per order
numCustomers: 30
numProducts: 10
0 1 0 0 1 0 0 1 0 1 
0 0 1 1 1 0 1 0 0 0 
0 1 1 1 0 1 0 0 0 0 
0 0 0 0 0 1 1 1 0 1 
0 0 0 1 0 1 0 0 1 1 
0 0 0 1 0 0 1 0 1 1 
0 1 0 0 1 0 1 0 0 1 
0 1 0 1 0 1 0 1 0 0 
1 0 0 0 0 1 0 1 1 0 
1 1 0 1 0 1 0 0 0 0 
0 0 1 0 0 0 1 1 0 1 
0 0 0 1 1 0 0 1 0 1 
1 0 1 1 0 0 1 0 0 0 
1 0 0 0 1 1 0 0 1 0 
0 1 1 0 1 1 0 0 0 0 
1 1 0 0 1 0 0 1 0 0 
0 0 1 0 0 1 0 1 1 0 
1 0 1 1 0 0 1 0 0 0 
0 1 1 0 0 0 1 1 0 0 
1 0 0 0 0 0 1 0 1 1 
0 1 0 1 0 0 1 0 1 0 
0 0 1 1 1 0 0 0 0 1 
1 1 0 0 0 1 0 0 1 0 
0 0 0 0 1 1 0 0 1 1 
1 0 1 0 0 0 1 1 0 0 
0 0 0 0 1 1 1 0 1 0 
1 1 0 0 1 0 0 0 1 0 
1 1 0 1 1 0 0 0 0 0 
0 0 1 0 0 0 0 1 1 1 
1 0 1 0 0 0 0 1 0 1 
Best sequence:
0 1 3 4 5 8 2 6 7 9 
0 1 0 1 0 0 0 0 1 1 
0 0 1 1 0 0 1 1 0 0 
0 1 1 0 1 0 1 0 0 0 
0 0 0 0 1 0 0 1 1 1 
0 0 1 0 1 1 0 0 0 1 
0 0 1 0 0 1 0 1 0 1 
0 1 0 1 0 0 0 1 0 1 
0 1 1 0 1 0 0 0 1 0 
1 0 0 0 1 1 0 0 1 0 
1 1 1 0 1 0 0 0 0 0 
0 0 0 0 0 0 1 1 1 1 
0 0 1 1 0 0 0 0 1 1 
1 0 1 0 0 0 1 1 0 0 
1 0 0 1 1 1 0 0 0 0 
0 1 0 1 1 0 1 0 0 0 
1 1 0 1 0 0 0 0 1 0 
0 0 0 0 1 1 1 0 1 0 
1 0 1 0 0 0 1 1 0 0 
0 1 0 0 0 0 1 1 1 0 
1 0 0 0 0 1 0 1 0 1 
0 1 1 0 0 1 0 1 0 0 
0 0 1 1 0 0 1 0 0 1 
1 1 0 0 1 1 0 0 0 0 
0 0 0 1 1 1 0 0 0 1 
1 0 0 0 0 0 1 1 1 0 
0 0 0 1 1 1 0 1 0 0 
1 1 0 1 0 1 0 0 0 0 
1 1 1 1 0 0 0 0 0 0 
0 0 0 0 0 1 1 0 1 1 
1 0 0 0 0 0 1 0 1 1 
OpenStacks: 27
Took 0.03 seconds

buffer: Warwick 1454: balanced orders and products, 4 products per order
numCustomers: 30
numProducts: 10
0 0 0 0 0 1 1 0 1 1 
0 0 1 1 0 0 1 0 1 0 
1 0 0 1 1 0 0 0 0 1 
0 1 0 1 0 1 0 1 0 0 
0 0 0 0 1 1 0 1 1 0 
0 1 1 0 0 0 0 1 1 0 
0 0 1 0 1 0 0 0 1 1 
0 0 1 1 1 0 1 0 0 0 
1 1 0 0 1 0 0 1 0 0 
0 0 1 0 0 0 0 1 1 1 
0 1 1 1 0 0 0 1 0 0 
1 1 1 0 0 0 1 0 0 0 
0 1 0 0 0 1 0 0 1 1 
0 1 0 0 1 1 0 0 0 1 
1 1 0 0 0 1 1 0 0 0 
0 0 0 1 1 0 1 0 1 0 
1 0 1 1 1 0 0 0 0 0 
0 1 0 0 0 1 1 0 0 1 
0 0 1 0 0 1 0 0 1 1 
1 0 0 1 0 0 1 0 0 1 
0 0 0 1 0 0 1 1 0 1 
0 0 0 0 1 1 0 1 1 0 
0 1 0 0 1 0 1 1 0 0 
0 0 1 1 1 0 0 1 0 0 
1 1 1 0 0 0 0 0 0 1 
1 0 0 0 0 1 1 1 0 0 
1 1 1 1 0 0 0 0 0 0 
1 0 0 0 0 1 0 0 1 1 
1 0 0 0 0 1 1 0 1 0 
1 0 0 1 1 0 0 1 0 0 
Best sequence:
0 3 4 7 2 1 5 6 8 9 
0 0 0 0 0 0 1 1 1 1 
0 1 0 0 1 0 0 1 1 0 
1 1 1 0 0 0 0 0 0 1 
0 1 0 1 0 1 1 0 0 0 
0 0 1 1 0 0 1 0 1 0 
0 0 0 1 1 1 0 0 1 0 
0 0 1 0 1 0 0 0 1 1 
0 1 1 0 1 0 0 1 0 0 
1 0 1 1 0 1 0 0 0 0 
0 0 0 1 1 0 0 0 1 1 
0 1 0 1 1 1 0 0 0 0 
1 0 0 0 1 1 0 1 0 0 
0 0 0 0 0 1 1 0 1 1 
0 0 1 0 0 1 1 0 0 1 
1 0 0 0 0 1 1 1 0 0 
0 1 1 0 0 0 0 1 1 0 
1 1 1 0 1 0 0 0 0 0 
0 0 0 0 0 1 1 1 0 1 
0 0 0 0 1 0 1 0 1 1 
1 1 0 0 0 0 0 1 0 1 
0 1 0 1 0 0 0 1 0 1 
0 0 1 1 0 0 1 0 1 0 
0 0 1 1 0 1 0 1 0 0 
0 1 1 1 1 0 0 0 0 0 
1 0 0 0 1 1 0 0 0 1 
1 0 0 1 0 0 1 1 0 0 
1 1 0 0 1 1 0 0 0 0 
1 0 0 0 0 0 1 0 1 1 
1 0 0 0 0 0 1 1 1 0 
1 1 1 1 0 0 0 0 0 0 
OpenStacks: 26
Took 0.04 seconds

buffer: Warwick 1455: balanced orders and products, 4 products per order
numCustomers: 30
numProducts: 10
0 1 1 0 0 0 0 0 1 1 
1 0 0 0 1 1 0 1 0 0 
0 1 1 0 0 0 0 1 0 1 
1 0 0 0 1 1 1 0 0 0 
0 0 1 1 0 1 1 0 0 0 
0 1 0 1 0 1 1 0 0 0 
1 0 0 1 0 0 1 1 0 0 
1 1 0 0 1 0 0 0 1 0 
0 0 0 0 1 1 1 1 0 0 
0 0 1 0 1 0 0 1 1 0 
0 1 1 0 0 1 0 1 0 0 
0 1 0 1 1 0 0 0 1 0 
0 0 0 1 1 0 0 0 1 1 
0 1 0 0 1 1 0 0 1 0 
1 0 1 1 0 0 0 1 0 0 
1 0 1 0 0 1 0 0 0 1 
0 0 0 0 1 0 1 0 1 1 
1 0 1 0 0 0 0 0 1 1 
1 0 0 0 0 1 0 1 0 1 
0 0 0 1 0 0 1 1 0 1 
0 0 1 0 0 0 1 0 1 1 
0 0 1 0 0 0 1 1 1 0 
1 1 0 0 0 0 0 0 1 1 
0 1 0 1 0 1 0 0 1 0 
1 1 1 0 0 0 1 0 0 0 
0 0 0 1 1 1 0 1 0 0 
0 1 1 1 0 0 1 0 0 0 
1 1 0 0 0 1 1 0 0 0 
1 0 0 1 1 0 0 0 0 1 
0 0 0 1 1 0 0 1 0 1 
Best sequence:
0 1 2 6 5 7 3 4 8 9 
0 1 1 0 0 0 0 0 1 1 
1 0 0 0 1 1 0 1 0 0 
0 1 1 0 0 1 0 0 0 1 
1 0 0 1 1 0 0 1 0 0 
0 0 1 1 1 0 1 0 0 0 
0 1 0 1 1 0 1 0 0 0 
1 0 0 1 0 1 1 0 0 0 
1 1 0 0 0 0 0 1 1 0 
0 0 0 1 1 1 0 1 0 0 
0 0 1 0 0 1 0 1 1 0 
0 1 1 0 1 1 0 0 0 0 
0 1 0 0 0 0 1 1 1 0 
0 0 0 0 0 0 1 1 1 1 
0 1 0 0 1 0 0 1 1 0 
1 0 1 0 0 1 1 0 0 0 
1 0 1 0 1 0 0 0 0 1 
0 0 0 1 0 0 0 1 1 1 
1 0 1 0 0 0 0 0 1 1 
1 0 0 0 1 1 0 0 0 1 
0 0 0 1 0 1 1 0 0 1 
0 0 1 1 0 0 0 0 1 1 
0 0 1 1 0 1 0 0 1 0 
1 1 0 0 0 0 0 0 1 1 
0 1 0 0 1 0 1 0 1 0 
1 1 1 1 0 0 0 0 0 0 
0 0 0 0 1 1 1 1 0 0 
0 1 1 1 0 0 1 0 0 0 
1 1 0 1 1 0 0 0 0 0 
1 0 0 0 0 0 1 1 0 1 
0 0 0 0 0 1 1 1 0 1 
OpenStacks: 27
Took 0.04 seconds

buffer: Warwick 1456: balanced orders and products, 4 products per order
numCustomers: 30
numProducts: 10
1 0 0 0 1 0 1 0 0 1 
0 0 0 1 0 0 1 1 0 1 
1 0 1 0 0 0 0 1 0 1 
0 1 1 0 1 0 0 0 1 0 
1 0 0 0 1 0 1 0 1 0 
0 1 0 0 1 0 1 0 1 0 
1 0 0 0 1 0 1 0 0 1 
0 1 0 1 0 1 0 1 0 0 
1 0 0 1 0 1 1 0 0 0 
0 0 0 1 0 0 1 1 1 0 
1 1 0 0 0 1 0 0 0 1 
0 1 0 0 0 1 0 0 1 1 
0 1 1 0 0 0 1 0 0 1 
0 1 1 0 0 1 0 1 0 0 
1 1 0 0 1 0 0 1 0 0 
1 0 0 0 1 1 0 1 0 0 
0 0 0 1 0 0 1 1 0 1 
0 0 1 0 0 1 0 0 1 1 
0 0 1 1 1 0 0 0 0 1 
0 0 0 1 0 1 0 1 1 0 
1 1 1 0 0 0 0 0 1 0 
1 0 1 1 0 1 0 0 0 0 
1 0 0 0 1 0 1 0 0 1 
0 1 1 0 1 0 1 0 0 0 
1 0 0 0 0 1 0 0 1 1 
0 1 0 1 0 1 0 1 0 0 
0 0 1 1 1 0 0 1 0 0 
0 0 0 0 1 0 1 1 1 0 
0 1 1 1 0 0 0 0 1 0 
0 0 1 1 0 1 0 0 1 0 
Best sequence:
0 4 6 9 1 2 3 5 7 8 
1 1 1 1 0 0 0 0 0 0 
0 0 1 1 0 0 1 0 1 0 
1 0 0 1 0 1 0 0 1 0 
0 1 0 0 1 1 0 0 0 1 
1 1 1 0 0 0 0 0 0 1 
0 1 1 0 1 0 0 0 0 1 
1 1 1 1 0 0 0 0 0 0 
0 0 0 0 1 0 1 1 1 0 
1 0 1 0 0 0 1 1 0 0 
0 0 1 0 0 0 1 0 1 1 
1 0 0 1 1 0 0 1 0 0 
0 0 0 1 1 0 0 1 0 1 
0 0 1 1 1 1 0 0 0 0 
0 0 0 0 1 1 0 1 1 0 
1 1 0 0 1 0 0 0 1 0 
1 1 0 0 0 0 0 1 1 0 
0 0 1 1 0 0 1 0 1 0 
0 0 0 1 0 1 0 1 0 1 
0 1 0 1 0 1 1 0 0 0 
0 0 0 0 0 0 1 1 1 1 
1 0 0 0 1 1 0 0 0 1 
1 0 0 0 0 1 1 1 0 0 
1 1 1 1 0 0 0 0 0 0 
0 1 1 0 1 1 0 0 0 0 
1 0 0 1 0 0 0 1 0 1 
0 0 0 0 1 0 1 1 1 0 
0 1 0 0 0 1 1 0 1 0 
0 1 1 0 0 0 0 0 1 1 
0 0 0 0 1 1 1 0 0 1 
0 0 0 0 0 1 1 1 0 1 
OpenStacks: 26
Took 0.04 seconds

buffer: Warwick 1457: balanced orders and products, 4 products per order
numCustomers: 30
numProducts: 10
0 1 1 0 1 0 0 0 0 1 
1 0 0 1 0 0 0 0 1 1 
0 0 0 1 0 1 1 0 0 1 
1 0 0 1 0 0 1 0 0 1 
0 0 0 0 1 0 1 1 1 0 
1 1 0 0 0 1 0 0 1 0 
0 0 1 1 1 0 1 0 0 0 
1 0 0 0 1 1 0 1 0 0 
0 0 1 0 1 1 0 0 1 0 
0 0 0 1 0 1 1 0 1 0 
1 0 0 1 0 0 1 0 0 1 
0 0 1 0 0 1 1 1 0 0 
1 1 1 0 0 0 0 1 0 0 
0 0 1 0 0 0 0 1 1 1 
0 1 0 0 1 0 1 1 0 0 
0 0 0 1 0 1 0 0 1 1 
0 1 0 1 1 0 0 0 1 0 
1 0 0 0 1 0 1 0 0 1 
0 1 1 0 1 1 0 0 0 0 
1 0 1 1 0 0 0 0 1 0 
1 0 0 0 0 0 1 1 0 1 
0 1 1 1 0 1 0 0 0 0 
0 0 0 1 0 0 1 1 1 0 
1 1 1 0 0 0 0 0 1 0 
0 0 1 0 0 1 0 1 0 1 
1 1 0 0 1 0 0 0 0 1 
0 0 0 1 1 0 1 0 0 1 
1 1 0 0 1 0 0 1 0 0 
0 1 0 0 0 1 0 1 1 0 
0 1 1 0 0 1 0 1 0 0 
Best sequence:
0 3 6 9 4 2 1 5 7 8 
0 0 0 1 1 1 1 0 0 0 
1 1 0 1 0 0 0 0 0 1 
0 1 1 1 0 0 0 1 0 0 
1 1 1 1 0 0 0 0 0 0 
0 0 1 0 1 0 0 0 1 1 
1 0 0 0 0 0 1 1 0 1 
0 1 1 0 1 1 0 0 0 0 
1 0 0 0 1 0 0 1 1 0 
0 0 0 0 1 1 0 1 0 1 
0 1 1 0 0 0 0 1 0 1 
1 1 1 1 0 0 0 0 0 0 
0 0 1 0 0 1 0 1 1 0 
1 0 0 0 0 1 1 0 1 0 
0 0 0 1 0 1 0 0 1 1 
0 0 1 0 1 0 1 0 1 0 
0 1 0 1 0 0 0 1 0 1 
0 1 0 0 1 0 1 0 0 1 
1 0 1 1 1 0 0 0 0 0 
0 0 0 0 1 1 1 1 0 0 
1 1 0 0 0 1 0 0 0 1 
1 0 1 1 0 0 0 0 1 0 
0 1 0 0 0 1 1 1 0 0 
0 1 1 0 0 0 0 0 1 1 
1 0 0 0 0 1 1 0 0 1 
0 0 0 1 0 1 0 1 1 0 
1 0 0 1 1 0 1 0 0 0 
0 1 1 1 1 0 0 0 0 0 
1 0 0 0 1 0 1 0 1 0 
0 0 0 0 0 0 1 1 1 1 
0 0 0 0 0 1 1 1 1 0 
OpenStacks: 26
Took 0.04 seconds

buffer: Warwick 1458: balanced orders and products, 4 products per order
numCustomers: 30
numProducts: 10
0 0 0 1 0 1 1 0 1 0 
1 0 0 1 1 0 0 0 0 1 
1 1 0 1 0 0 0 0 0 1 
1 0 0 0 0 0 1 0 1 1 
0 1 1 1 1 0 0 0 0 0 
1 0 0 0 0 1 0 1 1 0 
0 0 0 0 1 0 1 0 1 1 
0 0 1 0 1 1 1 0 0 0 
1 1 1 0 1 0 0 0 0 0 
1 0 0 1 0 0 1 1 0 0 
1 1 1 0 0 0 0 0 0 1 
0 1 0 1 0 1 0 1 0 0 
0 0 1 1 1 1 0 0 0 0 
1 0 0 0 1 0 0 1 0 1 
0 1 0 0 0 0 0 1 1 1 
1 0 0 1 0 1 1 0 0 0 
0 1 1 1 0 0 0 0 1 0 
0 1 0 0 1 1 0 0 0 1 
0 1 1 0 0 0 1 0 0 1 
0 1 1 0 0 0 0 1 0 1 
0 0 0 1 1 1 0 1 0 0 
0 0 1 0 1 0 0 1 1 0 
1 0 0 0 1 1 0 0 1 0 
1 0 0 1 0 0 0 1 1 0 
0 0 0 0 1 1 1 0 0 1 
0 0 1 0 0 0 1 1 1 0 
0 0 0 1 0 1 1 0 1 0 
0 1 0 0 0 1 1 1 0 0 
0 1 1 0 0 0 1 0 1 0 
1 0 1 0 0 0 0 1 0 1 
Best sequence:
0 1 2 9 4 7 3 5 6 8 
0 0 0 0 0 0 1 1 1 1 
1 0 0 1 1 0 1 0 0 0 
1 1 0 1 0 0 1 0 0 0 
1 0 0 1 0 0 0 0 1 1 
0 1 1 0 1 0 1 0 0 0 
1 0 0 0 0 1 0 1 0 1 
0 0 0 1 1 0 0 0 1 1 
0 0 1 0 1 0 0 1 1 0 
1 1 1 0 1 0 0 0 0 0 
1 0 0 0 0 1 1 0 1 0 
1 1 1 1 0 0 0 0 0 0 
0 1 0 0 0 1 1 1 0 0 
0 0 1 0 1 0 1 1 0 0 
1 0 0 1 1 1 0 0 0 0 
0 1 0 1 0 1 0 0 0 1 
1 0 0 0 0 0 1 1 1 0 
0 1 1 0 0 0 1 0 0 1 
0 1 0 1 1 0 0 1 0 0 
0 1 1 1 0 0 0 0 1 0 
0 1 1 1 0 1 0 0 0 0 
0 0 0 0 1 1 1 1 0 0 
0 0 1 0 1 1 0 0 0 1 
1 0 0 0 1 0 0 1 0 1 
1 0 0 0 0 1 1 0 0 1 
0 0 0 1 1 0 0 1 1 0 
0 0 1 0 0 1 0 0 1 1 
0 0 0 0 0 0 1 1 1 1 
0 1 0 0 0 1 0 1 1 0 
0 1 1 0 0 0 0 0 1 1 
1 0 1 1 0 1 0 0 0 0 
OpenStacks: 27
Took 0.03 seconds

buffer: Warwick 1459: balanced orders and products, 4 products per order
numCustomers: 30
numProducts: 10
0 0 0 1 0 0 0 1 1 1 
1 0 0 0 1 1 0 0 1 0 
0 0 0 1 1 0 0 0 1 1 
0 0 1 1 0 0 0 1 1 0 
0 0 0 1 0 1 1 0 1 0 
0 1 0 1 0 1 0 1 0 0 
1 0 0 0 0 1 1 0 1 0 
1 0 0 1 1 0 0 0 0 1 
0 0 1 1 1 1 0 0 0 0 
1 0 1 0 1 0 0 1 0 0 
0 1 0 0 1 0 1 0 0 1 
0 0 1 0 1 1 0 0 0 1 
0 1 0 1 1 0 0 1 0 0 
0 1 0 1 0 0 1 0 0 1 
1 0 1 0 0 0 0 1 1 0 
0 1 0 0 0 1 1 1 0 0 
0 1 1 0 0 0 0 1 0 1 
1 0 1 0 1 1 0 0 0 0 
0 0 0 0 0 1 0 1 1 1 
1 1 1 0 0 0 0 0 0 1 
0 1 1 1 0 0 0 0 0 1 
0 0 0 0 1 0 0 1 1 1 
0 0 1 0 0 1 1 1 0 0 
1 0 0 1 0 0 1 0 1 0 
1 1 0 0 1 0 1 0 0 0 
1 0 0 0 0 0 1 0 1 1 
1 1 1 0 0 1 0 0 0 0 
0 1 1 1 0 0 1 0 0 0 
0 0 0 0 0 1 1 1 1 0 
1 1 0 0 1 0 1 0 0 0 
Best sequence:
0 1 4 6 2 3 5 7 8 9 
0 0 0 0 0 1 0 1 1 1 
1 0 1 0 0 0 1 0 1 0 
0 0 1 0 0 1 0 0 1 1 
0 0 0 0 1 1 0 1 1 0 
0 0 0 1 0 1 1 0 1 0 
0 1 0 0 0 1 1 1 0 0 
1 0 0 1 0 0 1 0 1 0 
1 0 1 0 0 1 0 0 0 1 
0 0 1 0 1 1 1 0 0 0 
1 0 1 0 1 0 0 1 0 0 
0 1 1 1 0 0 0 0 0 1 
0 0 1 0 1 0 1 0 0 1 
0 1 1 0 0 1 0 1 0 0 
0 1 0 1 0 1 0 0 0 1 
1 0 0 0 1 0 0 1 1 0 
0 1 0 1 0 0 1 1 0 0 
0 1 0 0 1 0 0 1 0 1 
1 0 1 0 1 0 1 0 0 0 
0 0 0 0 0 0 1 1 1 1 
1 1 0 0 1 0 0 0 0 1 
0 1 0 0 1 1 0 0 0 1 
0 0 1 0 0 0 0 1 1 1 
0 0 0 1 1 0 1 1 0 0 
1 0 0 1 0 1 0 0 1 0 
1 1 1 1 0 0 0 0 0 0 
1 0 0 1 0 0 0 0 1 1 
1 1 0 0 1 0 1 0 0 0 
0 1 0 1 1 1 0 0 0 0 
0 0 0 1 0 0 1 1 1 0 
1 1 1 1 0 0 0 0 0 0 
OpenStacks: 27
Took 0.04 seconds

buffer: Warwick 1460: balanced orders and products, 4 products per order
numCustomers: 30
numProducts: 10
1 0 1 1 0 0 1 0 0 0 
0 1 1 0 1 1 0 0 0 0 
1 1 0 0 0 0 0 1 0 1 
1 0 0 1 0 0 0 1 0 1 
0 1 0 1 0 0 1 0 0 1 
0 0 0 0 1 1 1 0 1 0 
1 0 0 0 0 0 1 1 0 1 
1 0 0 1 0 0 1 0 1 0 
0 0 0 0 0 0 1 1 1 1 
0 1 1 0 0 0 1 0 1 0 
1 0 0 1 0 1 0 0 0 1 
0 1 1 0 1 0 1 0 0 0 
0 0 0 0 1 1 0 1 1 0 
0 0 1 0 1 1 1 0 0 0 
0 1 1 0 0 1 0 0 0 1 
0 1 0 0 1 0 0 1 0 1 
1 0 1 1 0 0 1 0 0 0 
0 0 0 1 1 1 0 1 0 0 
0 0 1 1 1 0 0 0 0 1 
1 1 1 0 0 1 0 0 0 0 
1 0 0 1 0 1 0 0 1 0 
0 0 1 1 1 0 0 0 1 0 
1 0 0 0 0 1 0 0 1 1 
1 0 1 1 0 0 0 0 1 0 
0 1 0 0 1 0 1 1 0 0 
0 1 0 0 0 1 0 1 1 0 
1 0 0 1 0 0 0 1 0 1 
0 1 1 0 0 0 1 1 0 0 
0 1 0 0 1 1 0 0 1 0 
0 0 0 0 1 0 0 1 1 1 
Best sequence:
0 3 5 8 9 2 1 4 6 7 
1 1 0 0 0 1 0 0 1 0 
0 0 1 0 0 1 1 1 0 0 
1 0 0 0 1 0 1 0 0 1 
1 1 0 0 1 0 0 0 0 1 
0 1 0 0 1 0 1 0 1 0 
0 0 1 1 0 0 0 1 1 0 
1 0 0 0 1 0 0 0 1 1 
1 1 0 1 0 0 0 0 1 0 
0 0 0 1 1 0 0 0 1 1 
0 0 0 1 0 1 1 0 1 0 
1 1 1 0 1 0 0 0 0 0 
0 0 0 0 0 1 1 1 1 0 
0 0 1 1 0 0 0 1 0 1 
0 0 1 0 0 1 0 1 1 0 
0 0 1 0 1 1 1 0 0 0 
0 0 0 0 1 0 1 1 0 1 
1 1 0 0 0 1 0 0 1 0 
0 1 1 0 0 0 0 1 0 1 
0 1 0 0 1 1 0 1 0 0 
1 0 1 0 0 1 1 0 0 0 
1 1 1 1 0 0 0 0 0 0 
0 1 0 1 0 1 0 1 0 0 
1 0 1 1 1 0 0 0 0 0 
1 1 0 1 0 1 0 0 0 0 
0 0 0 0 0 0 1 1 1 1 
0 0 1 1 0 0 1 0 0 1 
1 1 0 0 1 0 0 0 0 1 
0 0 0 0 0 1 1 0 1 1 
0 0 1 1 0 0 1 1 0 0 
0 0 0 1 1 0 0 1 0 1 
OpenStacks: 26
Took 0.04 seconds

buffer: Warwick 1461: balanced orders and products, 5 products per order
numCustomers: 30
numProducts: 10
0 1 1 0 1 0 1 0 0 1 
0 1 0 1 0 1 1 0 0 1 
0 0 0 0 1 1 1 0 1 1 
0 1 1 1 1 0 0 0 1 0 
0 0 0 1 1 1 0 0 1 1 
1 0 1 0 0 1 0 0 1 1 
1 1 0 1 0 0 0 0 1 1 
1 1 0 0 0 1 0 1 1 0 
0 0 1 1 0 1 0 0 1 1 
1 1 0 1 0 0 1 1 0 0 
1 0 0 1 0 1 1 1 0 0 
0 0 0 1 1 0 0 1 1 1 
0 1 1 0 0 0 0 1 1 1 
1 0 0 1 1 0 0 1 1 0 
1 1 1 0 0 0 0 1 0 1 
0 0 0 0 0 1 1 1 1 1 
0 1 1 0 0 1 1 0 1 0 
0 1 1 1 0 0 0 1 0 1 
1 0 0 1 1 1 0 1 0 0 
1 0 0 0 1 1 1 0 1 0 
1 1 0 0 1 0 1 0 0 1 
1 0 1 1 0 1 1 0 0 0 
1 1 0 0 1 1 0 0 1 0 
0 0 1 1 1 0 0 1 1 0 
0 0 1 1 0 1 1 0 0 1 
1 1 1 1 0 0 0 1 0 0 
0 0 1 0 1 0 1 1 0 1 
0 1 1 0 1 0 1 1 0 0 
1 0 0 0 1 1 1 1 0 0 
1 1 1 0 1 0 1 0 0 0 
Best sequence:
0 1 2 3 7 4 5 6 8 9 
0 1 1 0 0 1 0 1 0 1 
0 1 0 1 0 0 1 1 0 1 
0 0 0 0 0 1 1 1 1 1 
0 1 1 1 0 1 0 0 1 0 
0 0 0 1 0 1 1 0 1 1 
1 0 1 0 0 0 1 0 1 1 
1 1 0 1 0 0 0 0 1 1 
1 1 0 0 1 0 1 0 1 0 
0 0 1 1 0 0 1 0 1 1 
1 1 0 1 1 0 0 1 0 0 
1 0 0 1 1 0 1 1 0 0 
0 0 0 1 1 1 0 0 1 1 
0 1 1 0 1 0 0 0 1 1 
1 0 0 1 1 1 0 0 1 0 
1 1 1 0 1 0 0 0 0 1 
0 0 0 0 1 0 1 1 1 1 
0 1 1 0 0 0 1 1 1 0 
0 1 1 1 1 0 0 0 0 1 
1 0 0 1 1 1 1 0 0 0 
1 0 0 0 0 1 1 1 1 0 
1 1 0 0 0 1 0 1 0 1 
1 0 1 1 0 0 1 1 0 0 
1 1 0 0 0 1 1 0 1 0 
0 0 1 1 1 1 0 0 1 0 
0 0 1 1 0 0 1 1 0 1 
1 1 1 1 1 0 0 0 0 0 
0 0 1 0 1 1 0 1 0 1 
0 1 1 0 1 1 0 1 0 0 
1 0 0 0 1 1 1 1 0 0 
1 1 1 0 0 1 0 1 0 0 
OpenStacks: 29
Took 0.04 seconds

buffer: Warwick 1462: balanced orders and products, 5 products per order
numCustomers: 30
numProducts: 10
1 1 0 1 0 0 1 1 0 0 
0 0 1 1 1 0 1 1 0 0 
0 1 0 1 0 1 1 0 0 1 
0 0 1 1 1 0 1 1 0 0 
0 0 1 0 1 1 1 0 1 0 
0 0 0 1 0 1 0 1 1 1 
0 1 1 1 1 0 0 0 0 1 
1 1 1 1 0 0 0 1 0 0 
0 1 0 0 1 1 0 0 1 1 
1 1 1 0 0 1 0 0 1 0 
1 1 0 0 0 1 0 0 1 1 
1 1 0 0 1 0 0 1 1 0 
1 0 0 0 1 1 0 1 1 0 
0 1 0 0 1 0 1 1 0 1 
0 1 1 0 0 1 0 0 1 1 
0 0 1 0 1 1 0 1 1 0 
0 1 1 0 0 0 1 1 0 1 
1 0 0 1 1 1 0 1 0 0 
1 0 1 1 0 0 0 1 0 1 
1 0 0 1 0 0 1 1 1 0 
1 1 0 0 1 0 0 0 1 1 
0 0 1 1 1 1 0 0 1 0 
1 0 1 0 0 1 0 1 1 0 
0 0 0 1 1 1 1 0 0 1 
0 1 1 0 0 0 1 1 1 0 
1 0 1 0 0 1 1 0 0 1 
1 0 1 1 0 0 1 0 1 0 
1 0 0 0 1 1 1 0 0 1 
0 1 0 1 1 0 1 0 0 1 
1 1 0 1 0 0 1 0 0 1 
Best sequence:
0 1 3 6 9 2 4 5 7 8 
1 1 1 1 0 0 0 0 1 0 
0 0 1 1 0 1 1 0 1 0 
0 1 1 1 1 0 0 1 0 0 
0 0 1 1 0 1 1 0 1 0 
0 0 0 1 0 1 1 1 0 1 
0 0 1 0 1 0 0 1 1 1 
0 1 1 0 1 1 1 0 0 0 
1 1 1 0 0 1 0 0 1 0 
0 1 0 0 1 0 1 1 0 1 
1 1 0 0 0 1 0 1 0 1 
1 1 0 0 1 0 0 1 0 1 
1 1 0 0 0 0 1 0 1 1 
1 0 0 0 0 0 1 1 1 1 
0 1 0 1 1 0 1 0 1 0 
0 1 0 0 1 1 0 1 0 1 
0 0 0 0 0 1 1 1 1 1 
0 1 0 1 1 1 0 0 1 0 
1 0 1 0 0 0 1 1 1 0 
1 0 1 0 1 1 0 0 1 0 
1 0 1 1 0 0 0 0 1 1 
1 1 0 0 1 0 1 0 0 1 
0 0 1 0 0 1 1 1 0 1 
1 0 0 0 0 1 0 1 1 1 
0 0 1 1 1 0 1 1 0 0 
0 1 0 1 0 1 0 0 1 1 
1 0 0 1 1 1 0 1 0 0 
1 0 1 1 0 1 0 0 0 1 
1 0 0 1 1 0 1 1 0 0 
0 1 1 1 1 0 1 0 0 0 
1 1 1 1 1 0 0 0 0 0 
OpenStacks: 29
Took 0.03 seconds

buffer: Warwick 1463: balanced orders and products, 5 products per order
numCustomers: 30
numProducts: 10
1 0 1 0 0 1 1 1 0 0 
0 1 1 0 1 0 0 1 1 0 
0 0 1 0 1 1 1 0 0 1 
1 0 0 1 1 0 1 1 0 0 
1 0 0 0 0 1 0 1 1 1 
0 1 0 1 1 1 1 0 0 0 
1 0 1 0 1 0 1 0 1 0 
0 1 0 0 1 1 0 1 0 1 
0 1 0 1 1 0 0 0 1 1 
0 0 1 0 1 1 0 1 0 1 
0 1 0 1 0 1 0 1 0 1 
0 1 0 1 0 0 1 1 0 1 
0 0 0 1 1 1 0 1 1 0 
0 1 1 1 0 1 1 0 0 0 
1 1 1 1 0 1 0 0 0 0 
1 1 0 0 1 1 0 0 1 0 
1 1 0 1 0 0 0 0 1 1 
1 0 0 1 0 1 0 0 1 1 
0 1 1 1 0 0 1 0 1 0 
1 0 1 0 0 0 1 1 1 0 
1 1 1 0 1 0 0 1 0 0 
0 1 1 1 0 0 1 0 0 1 
1 0 0 0 0 1 1 1 1 0 
0 0 0 1 0 1 1 0 1 1 
1 1 1 0 1 0 1 0 0 0 
1 0 1 0 1 0 0 0 1 1 
0 0 0 1 1 0 1 1 0 1 
1 0 1 1 1 0 0 0 1 0 
1 1 1 0 0 0 0 1 0 1 
0 0 0 0 0 1 1 1 1 1 
Best sequence:
0 1 2 4 7 3 5 6 8 9 
1 0 1 0 1 0 1 1 0 0 
0 1 1 1 1 0 0 0 1 0 
0 0 1 1 0 0 1 1 0 1 
1 0 0 1 1 1 0 1 0 0 
1 0 0 0 1 0 1 0 1 1 
0 1 0 1 0 1 1 1 0 0 
1 0 1 1 0 0 0 1 1 0 
0 1 0 1 1 0 1 0 0 1 
0 1 0 1 0 1 0 0 1 1 
0 0 1 1 1 0 1 0 0 1 
0 1 0 0 1 1 1 0 0 1 
0 1 0 0 1 1 0 1 0 1 
0 0 0 1 1 1 1 0 1 0 
0 1 1 0 0 1 1 1 0 0 
1 1 1 0 0 1 1 0 0 0 
1 1 0 1 0 0 1 0 1 0 
1 1 0 0 0 1 0 0 1 1 
1 0 0 0 0 1 1 0 1 1 
0 1 1 0 0 1 0 1 1 0 
1 0 1 0 1 0 0 1 1 0 
1 1 1 1 1 0 0 0 0 0 
0 1 1 0 0 1 0 1 0 1 
1 0 0 0 1 0 1 1 1 0 
0 0 0 0 0 1 1 1 1 1 
1 1 1 1 0 0 0 1 0 0 
1 0 1 1 0 0 0 0 1 1 
0 0 0 1 1 1 0 1 0 1 
1 0 1 1 0 1 0 0 1 0 
1 1 1 0 1 0 0 0 0 1 
0 0 0 0 1 0 1 1 1 1 
OpenStacks: 29
Took 0.04 seconds

buffer: Warwick 1464: balanced orders and products, 5 products per order
numCustomers: 30
numProducts: 10
0 0 0 0 1 1 1 1 1 0 
1 1 0 0 1 0 1 1 0 0 
1 0 0 1 0 0 1 1 0 1 
1 1 1 0 0 1 0 0 0 1 
0 1 1 1 0 0 1 1 0 0 
0 0 1 0 0 1 0 1 1 1 
1 0 0 0 1 0 1 0 1 1 
1 0 0 1 0 1 1 0 1 0 
0 1 1 1 0 1 0 0 1 0 
0 1 0 1 1 1 0 1 0 0 
1 0 1 0 1 0 0 0 1 1 
0 1 1 0 1 0 1 1 0 0 
1 0 0 1 1 0 0 1 1 0 
1 1 0 1 0 0 1 0 1 0 
1 0 0 0 1 0 0 1 1 1 
1 0 1 1 0 1 0 0 0 1 
1 1 1 0 0 1 1 0 0 0 
0 0 1 1 1 1 0 0 1 0 
0 1 1 1 0 0 0 1 0 1 
0 1 0 1 1 0 1 0 0 1 
1 0 1 0 1 0 1 0 0 1 
0 0 1 1 0 1 1 0 0 1 
0 1 1 0 1 1 1 0 0 0 
1 1 1 1 0 0 0 0 1 0 
0 1 0 1 1 0 0 1 1 0 
0 1 0 0 1 1 0 1 0 1 
1 0 0 0 0 1 1 1 0 1 
1 0 0 1 0 1 0 0 1 1 
0 1 0 0 0 0 1 1 1 1 
0 0 1 0 1 1 0 1 1 0 
Best sequence:
0 3 5 8 9 1 2 4 6 7 
0 0 1 1 0 0 0 1 1 1 
1 0 0 0 0 1 0 1 1 1 
1 1 0 0 1 0 0 0 1 1 
1 0 1 0 1 1 1 0 0 0 
0 1 0 0 0 1 1 0 1 1 
0 0 1 1 1 0 1 0 0 1 
1 0 0 1 1 0 0 1 1 0 
1 1 1 1 0 0 0 0 1 0 
0 1 1 1 0 1 1 0 0 0 
0 1 1 0 0 1 0 1 0 1 
1 0 0 1 1 0 1 1 0 0 
0 0 0 0 0 1 1 1 1 1 
1 1 0 1 0 0 0 1 0 1 
1 1 0 1 0 1 0 0 1 0 
1 0 0 1 1 0 0 1 0 1 
1 1 1 0 1 0 1 0 0 0 
1 0 1 0 0 1 1 0 1 0 
0 1 1 1 0 0 1 1 0 0 
0 1 0 0 1 1 1 0 0 1 
0 1 0 0 1 1 0 1 1 0 
1 0 0 0 1 0 1 1 1 0 
0 1 1 0 1 0 1 0 1 0 
0 0 1 0 0 1 1 1 1 0 
1 1 0 1 0 1 1 0 0 0 
0 1 0 1 0 1 0 1 0 1 
0 0 1 0 1 1 0 1 0 1 
1 0 1 0 1 0 0 0 1 1 
1 1 1 1 1 0 0 0 0 0 
0 0 0 1 1 1 0 0 1 1 
0 0 1 1 0 0 1 1 0 1 
OpenStacks: 29
Took 0.04 seconds

buffer: Warwick 1465: balanced orders and products, 5 products per order
numCustomers: 30
numProducts: 10
1 0 1 0 1 1 1 0 0 0 
1 1 0 0 0 1 1 0 0 1 
0 1 1 1 0 1 1 0 0 0 
0 1 0 1 0 0 1 1 1 0 
0 0 1 0 1 1 1 0 0 1 
1 0 0 0 1 0 1 1 1 0 
1 0 1 0 1 0 1 0 0 1 
1 0 1 1 0 0 0 1 1 0 
1 1 0 0 0 1 1 0 1 0 
1 0 1 1 0 0 0 1 1 0 
0 1 1 1 1 0 0 0 0 1 
1 1 1 1 0 0 0 0 0 1 
0 0 1 1 1 0 0 1 1 0 
1 1 1 0 0 0 0 1 0 1 
0 1 0 1 0 0 1 1 1 0 
1 0 1 1 1 0 0 0 0 1 
1 0 1 0 0 1 0 1 0 1 
0 1 0 1 1 1 0 1 0 0 
0 1 0 0 0 1 0 1 1 1 
0 0 1 1 0 0 0 1 1 1 
1 0 1 0 0 1 0 1 1 0 
0 1 0 1 0 1 1 1 0 0 
0 0 0 0 1 1 1 0 1 1 
0 1 0 0 1 1 0 1 0 1 
0 1 1 1 1 0 0 0 1 0 
0 0 0 0 1 1 1 1 1 0 
1 0 0 1 1 0 0 0 1 1 
0 1 0 1 0 0 1 0 1 1 
1 0 0 0 1 1 1 0 0 1 
1 1 0 0 1 1 1 0 0 0 
Best sequence:
0 1 2 3 9 4 5 6 7 8 
1 0 1 0 0 1 1 1 0 0 
1 1 0 0 1 0 1 1 0 0 
0 1 1 1 0 0 1 1 0 0 
0 1 0 1 0 0 0 1 1 1 
0 0 1 0 1 1 1 1 0 0 
1 0 0 0 0 1 0 1 1 1 
1 0 1 0 1 1 0 1 0 0 
1 0 1 1 0 0 0 0 1 1 
1 1 0 0 0 0 1 1 0 1 
1 0 1 1 0 0 0 0 1 1 
0 1 1 1 1 1 0 0 0 0 
1 1 1 1 1 0 0 0 0 0 
0 0 1 1 0 1 0 0 1 1 
1 1 1 0 1 0 0 0 1 0 
0 1 0 1 0 0 0 1 1 1 
1 0 1 1 1 1 0 0 0 0 
1 0 1 0 1 0 1 0 1 0 
0 1 0 1 0 1 1 0 1 0 
0 1 0 0 1 0 1 0 1 1 
0 0 1 1 1 0 0 0 1 1 
1 0 1 0 0 0 1 0 1 1 
0 1 0 1 0 0 1 1 1 0 
0 0 0 0 1 1 1 1 0 1 
0 1 0 0 1 1 1 0 1 0 
0 1 1 1 0 1 0 0 0 1 
0 0 0 0 0 1 1 1 1 1 
1 0 0 1 1 1 0 0 0 1 
0 1 0 1 1 0 0 1 0 1 
1 0 0 0 1 1 1 1 0 0 
1 1 0 0 0 1 1 1 0 0 
OpenStacks: 29
Took 0.04 seconds

buffer: Warwick 1466: balanced orders and products, 5 products per order
numCustomers: 30
numProducts: 10
0 0 1 1 1 1 1 0 0 0 
0 1 0 1 0 1 1 0 0 1 
1 1 0 0 1 0 1 0 1 0 
0 1 1 1 0 0 1 0 0 1 
1 0 0 1 1 0 1 0 1 0 
0 1 1 0 0 1 0 1 1 0 
0 1 1 0 1 0 1 0 0 1 
0 0 1 1 0 1 1 0 1 0 
1 0 0 1 1 0 0 1 0 1 
1 0 1 0 1 1 0 1 0 0 
0 1 0 1 1 1 0 0 0 1 
1 1 0 1 1 1 0 0 0 0 
0 1 0 0 1 1 0 1 1 0 
0 1 1 0 1 0 0 0 1 1 
0 0 1 1 0 0 0 1 1 1 
0 0 1 1 0 1 0 0 1 1 
1 1 0 0 1 0 1 1 0 0 
1 0 0 1 0 0 1 1 1 0 
0 1 1 0 0 0 0 1 1 1 
1 0 0 0 0 1 1 1 0 1 
0 0 1 1 0 1 1 0 1 0 
1 1 0 0 1 1 1 0 0 0 
1 0 1 1 0 1 1 0 0 0 
1 0 0 1 1 1 0 0 0 1 
1 1 0 0 0 0 0 1 1 1 
1 1 0 0 1 0 0 1 1 0 
1 0 1 0 0 0 1 1 0 1 
0 0 0 1 1 1 0 1 0 1 
1 0 1 0 0 0 1 1 1 0 
0 1 1 0 0 0 0 1 1 1 
Best sequence:
0 1 4 5 6 2 3 7 8 9 
0 0 1 1 1 1 1 0 0 0 
0 1 0 1 1 0 1 0 0 1 
1 1 1 0 1 0 0 0 1 0 
0 1 0 0 1 1 1 0 0 1 
1 0 1 0 1 0 1 0 1 0 
0 1 0 1 0 1 0 1 1 0 
0 1 1 0 1 1 0 0 0 1 
0 0 0 1 1 1 1 0 1 0 
1 0 1 0 0 0 1 1 0 1 
1 0 1 1 0 1 0 1 0 0 
0 1 1 1 0 0 1 0 0 1 
1 1 1 1 0 0 1 0 0 0 
0 1 1 1 0 0 0 1 1 0 
0 1 1 0 0 1 0 0 1 1 
0 0 0 0 0 1 1 1 1 1 
0 0 0 1 0 1 1 0 1 1 
1 1 1 0 1 0 0 1 0 0 
1 0 0 0 1 0 1 1 1 0 
0 1 0 0 0 1 0 1 1 1 
1 0 0 1 1 0 0 1 0 1 
0 0 0 1 1 1 1 0 1 0 
1 1 1 1 1 0 0 0 0 0 
1 0 0 1 1 1 1 0 0 0 
1 0 1 1 0 0 1 0 0 1 
1 1 0 0 0 0 0 1 1 1 
1 1 1 0 0 0 0 1 1 0 
1 0 0 0 1 1 0 1 0 1 
0 0 1 1 0 0 1 1 0 1 
1 0 0 0 1 1 0 1 1 0 
0 1 0 0 0 1 0 1 1 1 
OpenStacks: 29
Took 0.04 seconds

buffer: Warwick 1467: balanced orders and products, 5 products per order
numCustomers: 30
numProducts: 10
0 0 0 1 1 1 0 1 1 0 
1 1 1 0 0 0 0 1 0 1 
1 0 1 1 0 1 0 0 0 1 
1 0 1 1 0 0 1 0 0 1 
0 1 0 0 1 0 1 1 1 0 
1 1 0 0 1 1 0 0 1 0 
1 0 0 0 1 0 1 0 1 1 
0 0 1 1 0 1 1 1 0 0 
0 1 1 0 1 0 0 0 1 1 
1 0 0 1 1 0 0 0 1 1 
1 0 0 1 0 0 1 1 1 0 
0 0 0 1 1 1 1 1 0 0 
1 1 1 0 0 0 1 0 0 1 
0 0 1 1 0 0 0 1 1 1 
0 1 0 1 1 0 0 0 1 1 
1 1 0 1 1 1 0 0 0 0 
0 0 1 0 0 0 1 1 1 1 
0 1 1 0 1 0 1 1 0 0 
0 0 1 1 0 0 1 1 0 1 
0 0 0 0 1 1 1 1 1 0 
0 1 1 1 1 1 0 0 0 0 
0 1 1 1 1 0 0 1 0 0 
1 1 0 0 0 1 0 0 1 1 
1 1 0 0 0 1 1 0 0 1 
1 1 0 0 0 1 0 1 1 0 
1 0 0 0 0 1 0 1 1 1 
1 0 1 1 0 1 0 1 0 0 
0 1 1 0 1 0 1 0 1 0 
1 0 0 0 1 1 1 0 0 1 
0 1 1 1 0 1 1 0 0 0 
Best sequence:
0 1 2 6 9 3 4 5 7 8 
0 0 0 0 0 1 1 1 1 1 
1 1 1 0 1 0 0 0 1 0 
1 0 1 0 1 1 0 1 0 0 
1 0 1 1 1 1 0 0 0 0 
0 1 0 1 0 0 1 0 1 1 
1 1 0 0 0 0 1 1 0 1 
1 0 0 1 1 0 1 0 0 1 
0 0 1 1 0 1 0 1 1 0 
0 1 1 0 1 0 1 0 0 1 
1 0 0 0 1 1 1 0 0 1 
1 0 0 1 0 1 0 0 1 1 
0 0 0 1 0 1 1 1 1 0 
1 1 1 1 1 0 0 0 0 0 
0 0 1 0 1 1 0 0 1 1 
0 1 0 0 1 1 1 0 0 1 
1 1 0 0 0 1 1 1 0 0 
0 0 1 1 1 0 0 0 1 1 
0 1 1 1 0 0 1 0 1 0 
0 0 1 1 1 1 0 0 1 0 
0 0 0 1 0 0 1 1 1 1 
0 1 1 0 0 1 1 1 0 0 
0 1 1 0 0 1 1 0 1 0 
1 1 0 0 1 0 0 1 0 1 
1 1 0 1 1 0 0 1 0 0 
1 1 0 0 0 0 0 1 1 1 
1 0 0 0 1 0 0 1 1 1 
1 0 1 0 0 1 0 1 1 0 
0 1 1 1 0 0 1 0 0 1 
1 0 0 1 1 0 1 1 0 0 
0 1 1 1 0 1 0 1 0 0 
OpenStacks: 29
Took 0.04 seconds

buffer: Warwick 1468: balanced orders and products, 5 products per order
numCustomers: 30
numProducts: 10
1 1 0 0 1 0 1 1 0 0 
0 0 1 0 1 1 1 0 1 0 
1 0 1 1 0 0 0 0 1 1 
1 1 1 1 0 0 1 0 0 0 
1 0 1 1 0 0 1 0 0 1 
1 1 0 0 0 1 1 0 0 1 
1 0 0 1 0 1 1 0 1 0 
1 1 0 1 1 1 0 0 0 0 
1 1 1 0 0 0 0 1 1 0 
1 0 1 0 1 0 0 1 1 0 
0 1 1 0 0 1 0 1 1 0 
0 0 1 1 0 0 1 0 1 1 
0 1 1 0 0 1 1 0 0 1 
0 1 0 0 1 1 0 0 1 1 
0 1 0 1 0 1 0 1 1 0 
0 0 0 1 1 0 1 1 1 0 
1 0 1 0 0 1 0 1 0 1 
0 1 1 0 1 0 0 1 1 0 
0 0 1 0 1 1 1 1 0 0 
0 1 0 0 1 1 1 0 0 1 
0 0 0 1 0 1 1 1 0 1 
1 0 1 0 1 0 1 0 1 0 
1 0 0 1 1 0 0 1 0 1 
1 1 0 1 0 1 1 0 0 0 
0 1 1 0 0 0 1 1 0 1 
0 0 1 1 1 1 0 0 0 1 
1 1 0 1 0 0 0 0 1 1 
0 0 0 1 1 1 0 1 1 0 
0 0 0 1 1 0 0 1 1 1 
1 1 0 0 1 0 0 1 0 1 
Best sequence:
0 1 3 8 9 2 4 5 6 7 
1 1 0 0 0 0 1 0 1 1 
0 0 0 1 0 1 1 1 1 0 
1 0 1 1 1 1 0 0 0 0 
1 1 1 0 0 1 0 0 1 0 
1 0 1 0 1 1 0 0 1 0 
1 1 0 0 1 0 0 1 1 0 
1 0 1 1 0 0 0 1 1 0 
1 1 1 0 0 0 1 1 0 0 
1 1 0 1 0 1 0 0 0 1 
1 0 0 1 0 1 1 0 0 1 
0 1 0 1 0 1 0 1 0 1 
0 0 1 1 1 1 0 0 1 0 
0 1 0 0 1 1 0 1 1 0 
0 1 0 1 1 0 1 1 0 0 
0 1 1 1 0 0 0 1 0 1 
0 0 1 1 0 0 1 0 1 1 
1 0 0 0 1 1 0 1 0 1 
0 1 0 1 0 1 1 0 0 1 
0 0 0 0 0 1 1 1 1 1 
0 1 0 0 1 0 1 1 1 0 
0 0 1 0 1 0 0 1 1 1 
1 0 0 1 0 1 1 0 1 0 
1 0 1 0 1 0 1 0 0 1 
1 1 1 0 0 0 0 1 1 0 
0 1 0 0 1 1 0 0 1 1 
0 0 1 0 1 1 1 1 0 0 
1 1 1 1 1 0 0 0 0 0 
0 0 1 1 0 0 1 1 0 1 
0 0 1 1 1 0 1 0 0 1 
1 1 0 0 1 0 1 0 0 1 
OpenStacks: 29
Took 0.04 seconds

buffer: Warwick 1469: balanced orders and products, 5 products per order
numCustomers: 30
numProducts: 10
1 1 0 1 1 0 0 0 1 0 
0 1 1 0 0 1 0 1 0 1 
1 0 0 1 0 1 0 0 1 1 
1 0 1 1 1 0 0 0 1 0 
0 0 0 0 1 1 1 0 1 1 
0 1 0 1 1 0 0 1 0 1 
1 1 0 0 0 0 1 1 1 0 
1 0 0 1 0 0 1 1 0 1 
0 1 1 1 0 0 1 0 0 1 
0 0 0 1 0 0 1 1 1 1 
1 0 1 1 1 0 0 0 1 0 
1 1 1 0 0 1 1 0 0 0 
0 1 1 0 1 0 1 0 1 0 
0 0 1 0 1 1 0 1 0 1 
0 0 1 1 1 0 1 0 1 0 
0 0 1 0 1 1 1 1 0 0 
0 1 0 1 0 1 1 1 0 0 
1 1 0 1 0 0 0 1 0 1 
1 0 1 0 0 0 1 0 1 1 
0 1 1 0 0 1 1 0 1 0 
0 0 1 1 1 1 0 1 0 0 
1 0 1 1 0 1 0 0 1 0 
0 1 0 1 1 1 0 0 0 1 
1 0 0 0 1 0 0 1 1 1 
0 1 1 0 1 0 1 1 0 0 
1 1 0 0 0 1 1 1 0 0 
0 1 0 1 0 1 0 0 1 1 
1 0 0 0 0 1 0 1 1 1 
1 1 0 0 1 0 0 1 0 1 
1 0 1 0 1 1 1 0 0 0 
Best sequence:
0 3 5 8 9 1 2 4 6 7 
1 1 0 1 0 1 0 1 0 0 
0 0 1 0 1 1 1 0 0 1 
1 1 1 1 1 0 0 0 0 0 
1 1 0 1 0 0 1 1 0 0 
0 0 1 1 1 0 0 1 1 0 
0 1 0 0 1 1 0 1 0 1 
1 0 0 1 0 1 0 0 1 1 
1 1 0 0 1 0 0 0 1 1 
0 1 0 0 1 1 1 0 1 0 
0 1 0 1 1 0 0 0 1 1 
1 1 0 1 0 0 1 1 0 0 
1 0 1 0 0 1 1 0 1 0 
0 0 0 1 0 1 1 1 1 0 
0 0 1 0 1 0 1 1 0 1 
0 1 0 1 0 0 1 1 1 0 
0 0 1 0 0 0 1 1 1 1 
0 1 1 0 0 1 0 0 1 1 
1 1 0 0 1 1 0 0 0 1 
1 0 0 1 1 0 1 0 1 0 
0 0 1 1 0 1 1 0 1 0 
0 1 1 0 0 0 1 1 0 1 
1 1 1 1 0 0 1 0 0 0 
0 1 1 0 1 1 0 1 0 0 
1 0 0 1 1 0 0 1 0 1 
0 0 0 0 0 1 1 1 1 1 
1 0 1 0 0 1 0 0 1 1 
0 1 1 1 1 1 0 0 0 0 
1 0 1 1 1 0 0 0 0 1 
1 0 0 0 1 1 0 1 0 1 
1 0 1 0 0 0 1 1 1 0 
OpenStacks: 29
Took 0.03 seconds

buffer: Warwick 1470: balanced orders and products, 5 products per order
numCustomers: 30
numProducts: 10
1 0 1 0 1 1 0 0 0 1 
1 0 0 0 0 1 0 1 1 1 
1 1 0 0 1 0 0 1 0 1 
0 0 1 0 0 1 1 1 1 0 
0 1 1 0 1 1 1 0 0 0 
0 0 0 1 1 0 1 1 0 1 
1 1 0 1 0 1 1 0 0 0 
0 1 1 1 0 0 0 1 0 1 
1 0 1 1 1 1 0 0 0 0 
1 0 0 1 0 1 1 0 1 0 
1 1 0 1 0 1 0 0 1 0 
0 0 1 1 1 0 0 1 1 0 
0 1 0 0 0 1 1 1 1 0 
1 0 0 1 1 0 1 1 0 0 
1 0 1 0 0 0 1 0 1 1 
1 1 1 0 0 0 0 1 1 0 
1 1 1 0 0 0 0 0 1 1 
1 0 0 0 1 0 1 1 0 1 
0 1 1 0 0 1 1 0 0 1 
0 0 0 1 0 1 0 1 1 1 
0 0 1 0 1 1 1 0 1 0 
1 0 0 0 0 0 1 1 1 1 
0 1 0 1 0 1 0 1 0 1 
0 1 1 0 1 0 0 0 1 1 
1 0 1 1 1 0 0 0 1 0 
0 1 0 1 1 1 1 0 0 0 
0 1 0 1 1 1 0 0 0 1 
0 0 1 0 1 0 1 1 1 0 
0 1 1 1 1 0 0 0 0 1 
1 1 0 1 0 0 1 1 0 0 
Best sequence:
0 1 2 3 4 5 6 7 8 9 
1 0 1 0 1 1 0 0 0 1 
1 0 0 0 0 1 0 1 1 1 
1 1 0 0 1 0 0 1 0 1 
0 0 1 0 0 1 1 1 1 0 
0 1 1 0 1 1 1 0 0 0 
0 0 0 1 1 0 1 1 0 1 
1 1 0 1 0 1 1 0 0 0 
0 1 1 1 0 0 0 1 0 1 
1 0 1 1 1 1 0 0 0 0 
1 0 0 1 0 1 1 0 1 0 
1 1 0 1 0 1 0 0 1 0 
0 0 1 1 1 0 0 1 1 0 
0 1 0 0 0 1 1 1 1 0 
1 0 0 1 1 0 1 1 0 0 
1 0 1 0 0 0 1 0 1 1 
1 1 1 0 0 0 0 1 1 0 
1 1 1 0 0 0 0 0 1 1 
1 0 0 0 1 0 1 1 0 1 
0 1 1 0 0 1 1 0 0 1 
0 0 0 1 0 1 0 1 1 1 
0 0 1 0 1 1 1 0 1 0 
1 0 0 0 0 0 1 1 1 1 
0 1 0 1 0 1 0 1 0 1 
0 1 1 0 1 0 0 0 1 1 
1 0 1 1 1 0 0 0 1 0 
0 1 0 1 1 1 1 0 0 0 
0 1 0 1 1 1 0 0 0 1 
0 0 1 0 1 0 1 1 1 0 
0 1 1 1 1 0 0 0 0 1 
1 1 0 1 0 0 1 1 0 0 
OpenStacks: 30
Took 0.04 seconds

Solved: 40 instances
totalTime: 2.4 seconds
minTime: 0.03 seconds
maxTime: 0.92 seconds
Average: 0.06 seconds
