Solving by Dynamic Programming...
buffer: Warwick 231: balanced orders and products, 4 products per order
numCustomers: 10
numProducts: 20
0 0 1 0 0 0 0 0 0 0 0 0 0 1 0 1 1 0 0 0 
0 0 0 0 1 0 0 0 0 0 0 1 0 0 0 0 1 0 1 0 
0 0 0 0 0 0 0 1 0 0 0 0 1 0 1 0 0 1 0 0 
0 0 0 0 0 0 0 0 0 1 1 0 0 0 0 0 0 1 0 1 
1 0 0 0 1 0 0 0 1 0 1 0 0 0 0 0 0 0 0 0 
0 0 1 1 0 1 0 0 1 0 0 0 0 0 0 0 0 0 0 0 
0 0 0 0 0 1 1 1 0 0 0 0 1 0 0 0 0 0 0 0 
1 1 0 0 0 0 0 0 0 1 0 0 0 1 0 0 0 0 0 0 
0 0 0 1 0 0 1 0 0 0 0 1 0 0 1 0 0 0 0 0 
0 1 0 0 0 0 0 0 0 0 0 0 0 0 0 1 0 0 1 1 
Best Sequence: 
17 14 12 7 6 5 11 3 8 2 19 18 16 15 4 13 10 9 1 0 
0 0 0 0 0 0 0 0 0 1 0 0 1 1 0 1 0 0 0 0 
0 0 0 0 0 0 1 0 0 0 0 1 1 0 1 0 0 0 0 0 
1 1 1 1 0 0 0 0 0 0 0 0 0 0 0 0 0 0 0 0 
1 0 0 0 0 0 0 0 0 0 1 0 0 0 0 0 1 1 0 0 
0 0 0 0 0 0 0 0 1 0 0 0 0 0 1 0 1 0 0 1 
0 0 0 0 0 1 0 1 1 1 0 0 0 0 0 0 0 0 0 0 
0 0 1 1 1 1 0 0 0 0 0 0 0 0 0 0 0 0 0 0 
0 0 0 0 0 0 0 0 0 0 0 0 0 0 0 1 0 1 1 1 
0 1 0 0 1 0 1 1 0 0 0 0 0 0 0 0 0 0 0 0 
0 0 0 0 0 0 0 0 0 0 1 1 0 1 0 0 0 0 1 0 
OpenStacks: 5
Took 287.04 seconds

buffer: Warwick 232: balanced orders and products, 4 products per order
numCustomers: 10
numProducts: 20
1 0 0 0 1 0 0 0 0 1 0 0 1 0 0 0 0 0 0 0 
0 1 0 0 0 0 0 0 1 0 0 0 1 0 0 0 0 0 1 0 
0 1 0 0 1 0 0 0 1 0 0 0 0 0 1 0 0 0 0 0 
0 0 1 0 0 0 0 0 0 0 0 0 0 0 1 0 1 1 0 0 
0 0 0 1 0 1 0 0 0 0 0 0 0 0 0 0 1 0 1 0 
0 0 0 0 0 1 0 0 0 0 1 0 0 1 0 1 0 0 0 0 
0 0 0 0 0 0 1 1 0 0 0 0 0 0 0 0 0 1 0 1 
1 0 0 1 0 0 0 1 0 1 0 0 0 0 0 0 0 0 0 0 
0 0 0 0 0 0 0 0 0 0 1 1 0 1 0 0 0 0 0 1 
0 0 1 0 0 0 1 0 0 0 0 1 0 0 0 1 0 0 0 0 
Best Sequence: 
19 15 13 11 10 5 17 16 6 2 14 7 18 3 12 9 8 4 1 0 
0 0 0 0 0 0 0 0 0 0 0 0 0 0 1 1 0 1 0 1 
0 0 0 0 0 0 0 0 0 0 0 0 1 0 1 0 1 0 1 0 
0 0 0 0 0 0 0 0 0 0 1 0 0 0 0 0 1 1 1 0 
0 0 0 0 0 0 1 1 0 1 1 0 0 0 0 0 0 0 0 0 
0 0 0 0 0 1 0 1 0 0 0 0 1 1 0 0 0 0 0 0 
0 1 1 0 1 1 0 0 0 0 0 0 0 0 0 0 0 0 0 0 
1 0 0 0 0 0 1 0 1 0 0 1 0 0 0 0 0 0 0 0 
0 0 0 0 0 0 0 0 0 0 0 1 0 1 0 1 0 0 0 1 
1 0 1 1 1 0 0 0 0 0 0 0 0 0 0 0 0 0 0 0 
0 1 0 1 0 0 0 0 1 1 0 0 0 0 0 0 0 0 0 0 
OpenStacks: 4
Took 288.1 seconds

buffer: Warwick 233: balanced orders and products, 4 products per order
numCustomers: 10
numProducts: 20
1 0 1 0 0 0 0 0 0 1 0 0 0 1 0 0 0 0 0 0 
0 0 1 1 0 0 1 0 0 0 1 0 0 0 0 0 0 0 0 0 
0 0 0 0 0 0 1 1 0 0 0 0 0 0 0 1 0 0 0 1 
0 0 0 1 0 1 0 0 1 0 0 0 0 0 0 0 0 0 1 0 
0 0 0 0 0 0 0 0 0 0 0 0 1 1 1 0 1 0 0 0 
0 1 0 0 0 1 0 0 0 0 0 1 0 0 0 0 0 0 1 0 
0 0 0 0 0 0 0 1 0 0 1 1 0 0 0 0 0 0 0 1 
0 0 0 0 1 0 0 0 1 0 0 0 1 0 0 0 1 0 0 0 
1 1 0 0 0 0 0 0 0 1 0 0 0 0 0 0 0 1 0 0 
0 0 0 0 1 0 0 0 0 0 0 0 0 0 1 1 0 1 0 0 
