Solving by Dynamic Programming...
buffer: Warwick 981: balanced orders and products, 2 products per order
numCustomers: 20
numProducts: 10
0 0 0 1 0 0 0 0 1 0 
0 1 0 0 1 0 0 0 0 0 
0 0 0 1 0 1 0 0 0 0 
0 1 0 1 0 0 0 0 0 0 
0 0 1 0 1 0 0 0 0 0 
0 0 0 0 0 0 1 0 1 0 
1 0 0 0 0 1 0 0 0 0 
0 0 0 0 0 0 1 0 0 1 
0 0 1 0 0 1 0 0 0 0 
0 0 0 1 0 0 0 0 1 0 
0 0 0 0 1 0 1 0 0 0 
0 0 1 0 0 0 0 0 0 1 
0 0 1 0 0 0 0 1 0 0 
0 1 0 0 0 0 0 1 0 0 
1 1 0 0 0 0 0 0 0 0 
0 0 0 0 1 1 0 0 0 0 
1 0 0 0 0 0 0 1 0 0 
0 0 0 0 0 0 0 1 0 1 
0 0 0 0 0 0 1 0 0 1 
1 0 0 0 0 0 0 0 1 0 
Best sequence:
0 8 3 1 5 4 2 7 6 9 
0 1 1 0 0 0 0 0 0 0 
0 0 0 1 0 1 0 0 0 0 
0 0 1 0 1 0 0 0 0 0 
0 0 1 1 0 0 0 0 0 0 
0 0 0 0 0 1 1 0 0 0 
0 1 0 0 0 0 0 0 1 0 
1 0 0 0 1 0 0 0 0 0 
0 0 0 0 0 0 0 0 1 1 
0 0 0 0 1 0 1 0 0 0 
0 1 1 0 0 0 0 0 0 0 
0 0 0 0 0 1 0 0 1 0 
0 0 0 0 0 0 1 0 0 1 
0 0 0 0 0 0 1 1 0 0 
0 0 0 1 0 0 0 1 0 0 
1 0 0 1 0 0 0 0 0 0 
0 0 0 0 1 1 0 0 0 0 
1 0 0 0 0 0 0 1 0 0 
0 0 0 0 0 0 0 1 0 1 
0 0 0 0 0 0 0 0 1 1 
1 1 0 0 0 0 0 0 0 0 
OpenStacks: 8
Took 0.99 seconds

buffer: Warwick 982: balanced orders and products, 2 products per order
numCustomers: 20
numProducts: 10
1 0 0 0 0 1 0 0 0 0 
1 0 0 0 0 0 0 1 0 0 
0 0 0 0 1 0 1 0 0 0 
0 1 0 0 0 0 0 1 0 0 
0 0 1 0 0 0 0 1 0 0 
0 0 0 0 1 0 1 0 0 0 
0 0 0 0 0 0 1 0 0 1 
0 1 0 1 0 0 0 0 0 0 
0 0 1 0 1 0 0 0 0 0 
1 0 0 0 0 0 1 0 0 0 
0 0 0 0 0 0 0 0 1 1 
0 1 0 0 0 0 0 0 1 0 
0 0 0 1 1 0 0 0 0 0 
0 0 0 1 0 0 0 0 1 0 
0 1 0 0 0 1 0 0 0 0 
0 0 1 0 0 1 0 0 0 0 
0 0 1 0 0 0 0 0 0 1 
0 0 0 1 0 0 0 1 0 0 
1 0 0 0 0 1 0 0 0 0 
0 0 0 0 0 0 0 0 1 1 
Best sequence:
0 5 1 7 2 3 4 6 8 9 
1 1 0 0 0 0 0 0 0 0 
1 0 0 1 0 0 0 0 0 0 
0 0 0 0 0 0 1 1 0 0 
0 0 1 1 0 0 0 0 0 0 
0 0 0 1 1 0 0 0 0 0 
0 0 0 0 0 0 1 1 0 0 
0 0 0 0 0 0 0 1 0 1 
0 0 1 0 0 1 0 0 0 0 
0 0 0 0 1 0 1 0 0 0 
1 0 0 0 0 0 0 1 0 0 
0 0 0 0 0 0 0 0 1 1 
0 0 1 0 0 0 0 0 1 0 
0 0 0 0 0 1 1 0 0 0 
0 0 0 0 0 1 0 0 1 0 
0 1 1 0 0 0 0 0 0 0 
0 1 0 0 1 0 0 0 0 0 
0 0 0 0 1 0 0 0 0 1 
0 0 0 1 0 1 0 0 0 0 
1 1 0 0 0 0 0 0 0 0 
0 0 0 0 0 0 0 0 1 1 
OpenStacks: 8
Took 0.03 seconds

buffer: Warwick 983: balanced orders and products, 2 products per order
numCustomers: 20
numProducts: 10
0 0 0 0 0 0 0 1 0 1 
1 0 0 0 0 0 0 0 1 0 
1 0 0 0 1 0 0 0 0 0 
0 0 0 1 0 1 0 0 0 0 
0 0 0 0 1 1 0 0 0 0 
0 0 0 0 0 0 0 1 0 1 
0 0 0 0 0 0 0 1 1 0 
0 1 1 0 0 0 0 0 0 0 
0 1 0 0 1 0 0 0 0 0 
0 1 0 0 0 0 0 0 0 1 
0 1 1 0 0 0 0 0 0 0 
0 0 1 0 0 0 1 0 0 0 
0 0 0 1 0 0 1 0 0 0 
0 0 0 0 0 0 0 1 1 0 
0 0 1 0 0 0 0 0 0 1 
0 0 0 0 0 0 1 0 1 0 
0 0 0 1 0 0 1 0 0 0 
0 0 0 1 0 1 0 0 0 0 
1 0 0 0 0 1 0 0 0 0 
1 0 0 0 1 0 0 0 0 0 
Best sequence:
0 4 5 3 6 8 7 9 1 2 
0 0 0 0 0 0 1 1 0 0 
1 0 0 0 0 1 0 0 0 0 
1 1 0 0 0 0 0 0 0 0 
0 0 1 1 0 0 0 0 0 0 
0 1 1 0 0 0 0 0 0 0 
0 0 0 0 0 0 1 1 0 0 
0 0 0 0 0 1 1 0 0 0 
0 0 0 0 0 0 0 0 1 1 
0 1 0 0 0 0 0 0 1 0 
0 0 0 0 0 0 0 1 1 0 
0 0 0 0 0 0 0 0 1 1 
0 0 0 0 1 0 0 0 0 1 
0 0 0 1 1 0 0 0 0 0 
0 0 0 0 0 1 1 0 0 0 
0 0 0 0 0 0 0 1 0 1 
0 0 0 0 1 1 0 0 0 0 
0 0 0 1 1 0 0 0 0 0 
0 0 1 1 0 0 0 0 0 0 
1 0 1 0 0 0 0 0 0 0 
1 1 0 0 0 0 0 0 0 0 
OpenStacks: 6
Took 0.03 seconds

buffer: Warwick 984: balanced orders and products, 2 products per order
numCustomers: 20
numProducts: 10
1 0 0 0 0 1 0 0 0 0 
0 0 0 1 0 0 0 0 0 1 
1 0 0 1 0 0 0 0 0 0 
0 0 0 0 0 0 0 0 1 1 
0 0 0 0 1 0 0 1 0 0 
0 1 1 0 0 0 0 0 0 0 
0 0 1 0 0 0 1 0 0 0 
1 0 0 0 0 1 0 0 0 0 
0 0 0 0 0 0 0 1 0 1 
0 1 0 0 0 1 0 0 0 0 
0 1 0 0 0 0 0 0 1 0 
0 0 0 0 1 0 0 0 0 1 
0 1 0 0 0 0 1 0 0 0 
0 0 0 0 1 0 0 1 0 0 
0 0 0 0 0 0 1 1 0 0 
0 0 1 0 0 0 0 0 1 0 
0 0 1 0 0 0 1 0 0 0 
0 0 0 1 0 1 0 0 0 0 
1 0 0 1 0 0 0 0 0 0 
0 0 0 0 1 0 0 0 1 0 
Best sequence:
0 3 5 1 2 6 8 9 4 7 
1 0 1 0 0 0 0 0 0 0 
0 1 0 0 0 0 0 1 0 0 
1 1 0 0 0 0 0 0 0 0 
0 0 0 0 0 0 1 1 0 0 
0 0 0 0 0 0 0 0 1 1 
0 0 0 1 1 0 0 0 0 0 
0 0 0 0 1 1 0 0 0 0 
1 0 1 0 0 0 0 0 0 0 
0 0 0 0 0 0 0 1 0 1 
0 0 1 1 0 0 0 0 0 0 
0 0 0 1 0 0 1 0 0 0 
0 0 0 0 0 0 0 1 1 0 
0 0 0 1 0 1 0 0 0 0 
0 0 0 0 0 0 0 0 1 1 
0 0 0 0 0 1 0 0 0 1 
0 0 0 0 1 0 1 0 0 0 
0 0 0 0 1 1 0 0 0 0 
0 1 1 0 0 0 0 0 0 0 
1 1 0 0 0 0 0 0 0 0 
0 0 0 0 0 0 1 0 1 0 
OpenStacks: 7
Took 0.03 seconds

buffer: Warwick 985: balanced orders and products, 2 products per order
numCustomers: 20
numProducts: 10
0 1 0 0 0 0 0 0 1 0 
0 1 0 0 1 0 0 0 0 0 
0 1 0 0 1 0 0 0 0 0 
0 0 0 0 1 0 0 0 0 1 
1 0 0 0 0 0 1 0 0 0 
0 0 0 0 0 0 0 1 1 0 
0 0 1 1 0 0 0 0 0 0 
1 0 1 0 0 0 0 0 0 0 
0 0 1 0 0 0 0 0 1 0 
0 0 0 0 0 0 1 1 0 0 
0 0 0 0 0 0 0 1 0 1 
0 1 0 0 0 0 0 0 0 1 
0 0 0 1 0 1 0 0 0 0 
0 0 0 1 0 0 1 0 0 0 
0 0 0 0 0 0 1 0 1 0 
0 0 0 0 1 0 0 1 0 0 
1 0 0 0 0 0 0 0 0 1 
1 0 0 0 0 1 0 0 0 0 
0 0 0 1 0 1 0 0 0 0 
0 0 1 0 0 1 0 0 0 0 
Best sequence:
1 4 9 7 8 6 0 2 3 5 
1 0 0 0 1 0 0 0 0 0 
1 1 0 0 0 0 0 0 0 0 
1 1 0 0 0 0 0 0 0 0 
0 1 1 0 0 0 0 0 0 0 
0 0 0 0 0 1 1 0 0 0 
0 0 0 1 1 0 0 0 0 0 
0 0 0 0 0 0 0 1 1 0 
0 0 0 0 0 0 1 1 0 0 
0 0 0 0 1 0 0 1 0 0 
0 0 0 1 0 1 0 0 0 0 
0 0 1 1 0 0 0 0 0 0 
1 0 1 0 0 0 0 0 0 0 
0 0 0 0 0 0 0 0 1 1 
0 0 0 0 0 1 0 0 1 0 
0 0 0 0 1 1 0 0 0 0 
0 1 0 1 0 0 0 0 0 0 
0 0 1 0 0 0 1 0 0 0 
0 0 0 0 0 0 1 0 0 1 
0 0 0 0 0 0 0 0 1 1 
0 0 0 0 0 0 0 1 0 1 
OpenStacks: 6
Took 0.03 seconds

buffer: Warwick 986: balanced orders and products, 2 products per order
numCustomers: 20
numProducts: 10
0 0 0 0 1 1 0 0 0 0 
0 1 0 0 0 1 0 0 0 0 
0 1 1 0 0 0 0 0 0 0 
1 0 0 0 0 0 0 0 0 1 
0 0 0 0 0 0 0 1 0 1 
0 0 0 1 0 0 0 0 1 0 
0 0 1 0 1 0 0 0 0 0 
0 0 0 1 0 0 1 0 0 0 
0 0 0 0 0 1 1 0 0 0 
1 1 0 0 0 0 0 0 0 0 
0 0 1 0 0 0 0 0 1 0 
1 0 0 1 0 0 0 0 0 0 
0 0 0 0 0 0 1 1 0 0 
0 1 1 0 0 0 0 0 0 0 
1 0 0 0 0 0 0 0 0 1 
0 0 0 1 1 0 0 0 0 0 
0 0 0 0 0 0 0 1 1 0 
0 0 0 0 1 0 1 0 0 0 
0 0 0 0 0 1 0 0 0 1 
0 0 0 0 0 0 0 1 1 0 
Best sequence:
0 1 2 9 5 4 3 6 7 8 
0 0 0 0 1 1 0 0 0 0 
0 1 0 0 1 0 0 0 0 0 
0 1 1 0 0 0 0 0 0 0 
1 0 0 1 0 0 0 0 0 0 
0 0 0 1 0 0 0 0 1 0 
0 0 0 0 0 0 1 0 0 1 
0 0 1 0 0 1 0 0 0 0 
0 0 0 0 0 0 1 1 0 0 
0 0 0 0 1 0 0 1 0 0 
1 1 0 0 0 0 0 0 0 0 
0 0 1 0 0 0 0 0 0 1 
1 0 0 0 0 0 1 0 0 0 
0 0 0 0 0 0 0 1 1 0 
0 1 1 0 0 0 0 0 0 0 
1 0 0 1 0 0 0 0 0 0 
0 0 0 0 0 1 1 0 0 0 
0 0 0 0 0 0 0 0 1 1 
0 0 0 0 0 1 0 1 0 0 
0 0 0 1 1 0 0 0 0 0 
0 0 0 0 0 0 0 0 1 1 
OpenStacks: 8
Took 0.04 seconds

buffer: Warwick 987: balanced orders and products, 2 products per order
numCustomers: 20
numProducts: 10
0 0 0 0 1 0 1 0 0 0 
0 1 0 0 0 1 0 0 0 0 
0 0 0 1 0 0 0 0 1 0 
1 0 1 0 0 0 0 0 0 0 
0 0 0 0 0 0 0 1 0 1 
0 1 0 0 0 1 0 0 0 0 
1 0 0 0 0 0 1 0 0 0 
0 0 0 0 0 0 1 0 0 1 
0 0 0 0 1 1 0 0 0 0 
1 0 1 0 0 0 0 0 0 0 
1 0 0 0 0 0 0 0 0 1 
0 0 0 1 1 0 0 0 0 0 
0 0 0 1 1 0 0 0 0 0 
0 0 0 0 0 0 0 1 1 0 
0 0 0 1 0 0 0 0 0 1 
0 1 0 0 0 0 0 0 1 0 
0 1 1 0 0 0 0 0 0 0 
0 0 0 0 0 0 0 1 1 0 
0 0 1 0 0 0 1 0 0 0 
0 0 0 0 0 1 0 1 0 0 
Best sequence:
0 2 6 9 3 4 1 5 7 8 
0 0 1 0 0 1 0 0 0 0 
0 0 0 0 0 0 1 1 0 0 
0 0 0 0 1 0 0 0 0 1 
1 1 0 0 0 0 0 0 0 0 
0 0 0 1 0 0 0 0 1 0 
0 0 0 0 0 0 1 1 0 0 
1 0 1 0 0 0 0 0 0 0 
0 0 1 1 0 0 0 0 0 0 
0 0 0 0 0 1 0 1 0 0 
1 1 0 0 0 0 0 0 0 0 
1 0 0 1 0 0 0 0 0 0 
0 0 0 0 1 1 0 0 0 0 
0 0 0 0 1 1 0 0 0 0 
0 0 0 0 0 0 0 0 1 1 
0 0 0 1 1 0 0 0 0 0 
0 0 0 0 0 0 1 0 0 1 
0 1 0 0 0 0 1 0 0 0 
0 0 0 0 0 0 0 0 1 1 
0 1 1 0 0 0 0 0 0 0 
0 0 0 0 0 0 0 1 1 0 
OpenStacks: 7
Took 0.03 seconds

buffer: Warwick 988: balanced orders and products, 2 products per order
numCustomers: 20
numProducts: 10
0 0 0 0 0 1 0 1 0 0 
1 0 0 1 0 0 0 0 0 0 
1 0 0 0 0 0 0 1 0 0 
0 0 0 0 0 0 1 1 0 0 
0 0 1 0 0 1 0 0 0 0 
0 0 0 0 0 0 0 1 0 1 
0 1 1 0 0 0 0 0 0 0 
1 0 0 0 1 0 0 0 0 0 
1 0 0 0 0 0 0 0 1 0 
0 0 0 0 1 0 1 0 0 0 
0 1 0 0 1 0 0 0 0 0 
0 0 0 0 0 0 1 0 0 1 
0 1 0 0 0 0 0 0 1 0 
0 0 1 1 0 0 0 0 0 0 
0 0 1 1 0 0 0 0 0 0 
0 1 0 0 0 0 0 0 0 1 
0 0 0 0 1 1 0 0 0 0 
0 0 0 1 0 0 1 0 0 0 
0 0 0 0 0 1 0 0 1 0 
0 0 0 0 0 0 0 0 1 1 
Best sequence:
0 1 4 8 5 2 3 6 7 9 
0 0 0 0 1 0 0 0 1 0 
1 0 0 0 0 0 1 0 0 0 
1 0 0 0 0 0 0 0 1 0 
0 0 0 0 0 0 0 1 1 0 
0 0 0 0 1 1 0 0 0 0 
0 0 0 0 0 0 0 0 1 1 
0 1 0 0 0 1 0 0 0 0 
1 0 1 0 0 0 0 0 0 0 
1 0 0 1 0 0 0 0 0 0 
0 0 1 0 0 0 0 1 0 0 
0 1 1 0 0 0 0 0 0 0 
0 0 0 0 0 0 0 1 0 1 
0 1 0 1 0 0 0 0 0 0 
0 0 0 0 0 1 1 0 0 0 
0 0 0 0 0 1 1 0 0 0 
0 1 0 0 0 0 0 0 0 1 
0 0 1 0 1 0 0 0 0 0 
0 0 0 0 0 0 1 1 0 0 
0 0 0 1 1 0 0 0 0 0 
0 0 0 1 0 0 0 0 0 1 
OpenStacks: 10
Took 0.03 seconds

buffer: Warwick 989: balanced orders and products, 2 products per order
numCustomers: 20
numProducts: 10
0 0 0 1 0 0 0 1 0 0 
0 0 0 0 0 0 1 0 1 0 
0 0 1 0 0 1 0 0 0 0 
0 0 0 0 1 0 1 0 0 0 
0 1 0 0 0 0 0 0 0 1 
1 0 0 0 1 0 0 0 0 0 
0 0 0 0 0 0 0 1 0 1 
0 0 0 0 0 1 0 0 1 0 
0 0 0 1 1 0 0 0 0 0 
0 1 0 1 0 0 0 0 0 0 
0 0 1 0 1 0 0 0 0 0 
0 0 0 0 0 0 1 1 0 0 
1 1 0 0 0 0 0 0 0 0 
0 0 0 0 0 1 0 1 0 0 
0 0 0 1 0 0 0 0 0 1 
1 0 0 0 0 0 0 0 0 1 
1 1 0 0 0 0 0 0 0 0 
0 0 1 0 0 0 0 0 1 0 
0 0 0 0 0 1 1 0 0 0 
0 0 1 0 0 0 0 0 1 0 
Best sequence:
0 1 9 3 4 7 6 5 2 8 
0 0 0 1 0 1 0 0 0 0 
0 0 0 0 0 0 1 0 0 1 
0 0 0 0 0 0 0 1 1 0 
0 0 0 0 1 0 1 0 0 0 
0 1 1 0 0 0 0 0 0 0 
1 0 0 0 1 0 0 0 0 0 
0 0 1 0 0 1 0 0 0 0 
0 0 0 0 0 0 0 1 0 1 
0 0 0 1 1 0 0 0 0 0 
0 1 0 1 0 0 0 0 0 0 
0 0 0 0 1 0 0 0 1 0 
0 0 0 0 0 1 1 0 0 0 
1 1 0 0 0 0 0 0 0 0 
0 0 0 0 0 1 0 1 0 0 
0 0 1 1 0 0 0 0 0 0 
1 0 1 0 0 0 0 0 0 0 
1 1 0 0 0 0 0 0 0 0 
0 0 0 0 0 0 0 0 1 1 
0 0 0 0 0 0 1 1 0 0 
0 0 0 0 0 0 0 0 1 1 
OpenStacks: 6
Took 0.04 seconds

buffer: Warwick 990: balanced orders and products, 2 products per order
numCustomers: 20
numProducts: 10
1 0 0 0 1 0 0 0 0 0 
0 0 1 0 0 0 0 0 1 0 
0 1 0 0 0 0 0 0 1 0 
0 0 0 0 0 0 1 0 1 0 
0 0 0 1 1 0 0 0 0 0 
0 0 0 0 0 1 0 0 0 1 
0 1 0 0 0 0 0 0 0 1 
0 0 0 0 1 0 1 0 0 0 
1 0 0 0 0 1 0 0 0 0 
0 0 0 0 1 0 0 1 0 0 
0 0 1 0 0 0 0 1 0 0 
0 0 0 1 0 0 0 0 0 1 
0 0 0 0 0 1 0 0 1 0 
0 0 0 1 0 0 0 1 0 0 
1 0 1 0 0 0 0 0 0 0 
0 0 1 0 0 1 0 0 0 0 
1 0 0 0 0 0 1 0 0 0 
0 1 0 0 0 0 0 0 0 1 
0 0 0 1 0 0 1 0 0 0 
0 1 0 0 0 0 0 1 0 0 
Best sequence:
0 2 5 8 6 4 3 7 1 9 
1 0 0 0 0 1 0 0 0 0 
0 1 0 1 0 0 0 0 0 0 
0 0 0 1 0 0 0 0 1 0 
0 0 0 1 1 0 0 0 0 0 
0 0 0 0 0 1 1 0 0 0 
0 0 1 0 0 0 0 0 0 1 
0 0 0 0 0 0 0 0 1 1 
0 0 0 0 1 1 0 0 0 0 
1 0 1 0 0 0 0 0 0 0 
0 0 0 0 0 1 0 1 0 0 
0 1 0 0 0 0 0 1 0 0 
0 0 0 0 0 0 1 0 0 1 
0 0 1 1 0 0 0 0 0 0 
0 0 0 0 0 0 1 1 0 0 
1 1 0 0 0 0 0 0 0 0 
0 1 1 0 0 0 0 0 0 0 
1 0 0 0 1 0 0 0 0 0 
0 0 0 0 0 0 0 0 1 1 
0 0 0 0 1 0 1 0 0 0 
0 0 0 0 0 0 0 1 1 0 
OpenStacks: 8
Took 0.02 seconds

buffer: Warwick 991: balanced orders and products, 3 products per order
numCustomers: 20
numProducts: 10
0 0 0 0 1 0 1 0 0 1 
1 0 0 1 0 0 1 0 0 0 
1 1 0 0 1 0 0 0 0 0 
0 1 0 0 1 1 0 0 0 0 
0 0 1 0 0 1 1 0 0 0 
0 0 1 0 0 1 0 0 1 0 
0 1 0 1 0 0 0 0 0 1 
0 0 1 0 0 0 0 0 1 1 
1 0 0 0 0 0 1 0 1 0 
0 1 0 0 0 0 0 1 0 1 
0 0 1 0 0 0 1 1 0 0 
0 0 0 0 0 1 0 1 1 0 
1 0 1 0 0 1 0 0 0 0 
0 0 1 1 0 0 0 0 1 0 
0 0 0 1 1 0 0 1 0 0 
0 1 0 0 0 1 0 0 0 1 
0 0 0 1 1 0 0 0 0 1 
1 1 0 0 0 0 0 1 0 0 
0 0 0 1 1 0 0 1 0 0 
1 0 0 0 0 0 1 0 1 0 
Best sequence:
0 2 6 8 5 1 9 3 4 7 
0 0 1 0 0 0 1 0 1 0 
1 0 1 0 0 0 0 1 0 0 
1 0 0 0 0 1 0 0 1 0 
0 0 0 0 1 1 0 0 1 0 
0 1 1 0 1 0 0 0 0 0 
0 1 0 1 1 0 0 0 0 0 
0 0 0 0 0 1 1 1 0 0 
0 1 0 1 0 0 1 0 0 0 
1 0 1 1 0 0 0 0 0 0 
0 0 0 0 0 1 1 0 0 1 
0 1 1 0 0 0 0 0 0 1 
0 0 0 1 1 0 0 0 0 1 
1 1 0 0 1 0 0 0 0 0 
0 1 0 1 0 0 0 1 0 0 
0 0 0 0 0 0 0 1 1 1 
0 0 0 0 1 1 1 0 0 0 
0 0 0 0 0 0 1 1 1 0 
1 0 0 0 0 1 0 0 0 1 
0 0 0 0 0 0 0 1 1 1 
1 0 1 1 0 0 0 0 0 0 
OpenStacks: 13
Took 0.04 seconds

buffer: Warwick 992: balanced orders and products, 3 products per order
numCustomers: 20
numProducts: 10
0 0 1 0 1 0 0 0 1 0 
0 0 0 1 1 0 0 1 0 0 
1 0 1 0 0 0 0 0 1 0 
0 1 0 1 1 0 0 0 0 0 
1 0 0 0 0 0 1 0 0 1 
0 0 1 0 0 0 1 0 0 1 
0 0 1 0 0 0 0 1 1 0 
1 0 1 0 0 0 0 0 0 1 
0 0 0 0 0 1 1 1 0 0 
1 0 0 1 0 0 0 1 0 0 
0 0 0 1 1 0 0 0 1 0 
0 0 0 0 0 1 1 0 0 1 
0 0 0 1 1 0 0 1 0 0 
0 1 0 0 1 0 0 1 0 0 
0 1 0 0 0 1 1 0 0 0 
0 0 0 0 0 1 1 0 0 1 
0 1 0 1 0 1 0 0 0 0 
1 0 1 0 0 0 0 0 1 0 
0 1 0 0 0 0 0 0 1 1 
1 1 0 0 0 1 0 0 0 0 
Best sequence:
0 2 8 9 6 5 1 3 4 7 
0 1 1 0 0 0 0 0 1 0 
0 0 0 0 0 0 0 1 1 1 
1 1 1 0 0 0 0 0 0 0 
0 0 0 0 0 0 1 1 1 0 
1 0 0 1 1 0 0 0 0 0 
0 1 0 1 1 0 0 0 0 0 
0 1 1 0 0 0 0 0 0 1 
1 1 0 1 0 0 0 0 0 0 
0 0 0 0 1 1 0 0 0 1 
1 0 0 0 0 0 0 1 0 1 
0 0 1 0 0 0 0 1 1 0 
0 0 0 1 1 1 0 0 0 0 
0 0 0 0 0 0 0 1 1 1 
0 0 0 0 0 0 1 0 1 1 
0 0 0 0 1 1 1 0 0 0 
0 0 0 1 1 1 0 0 0 0 
0 0 0 0 0 1 1 1 0 0 
1 1 1 0 0 0 0 0 0 0 
0 0 1 1 0 0 1 0 0 0 
1 0 0 0 0 1 1 0 0 0 
OpenStacks: 12
Took 0.03 seconds

buffer: Warwick 993: balanced orders and products, 3 products per order
numCustomers: 20
numProducts: 10
0 0 1 0 0 1 0 0 1 0 
1 0 0 0 0 0 0 1 0 1 
1 0 0 0 0 1 0 0 1 0 
0 1 0 1 1 0 0 0 0 0 
1 1 0 0 0 1 0 0 0 0 
0 0 0 0 1 0 0 1 0 1 
0 1 0 0 1 0 0 0 1 0 
0 0 1 0 0 1 0 1 0 0 
0 0 0 0 1 0 1 0 1 0 
0 1 0 1 0 0 1 0 0 0 
0 1 0 0 1 0 0 1 0 0 
0 0 1 0 0 0 0 1 0 1 
0 0 1 1 0 0 1 0 0 0 
0 0 1 1 0 0 1 0 0 0 
0 1 0 0 0 0 0 1 0 1 
1 0 0 0 0 0 0 0 1 1 
1 0 0 1 1 0 0 0 0 0 
0 0 1 0 0 0 0 0 1 1 
0 0 0 1 0 1 1 0 0 0 
1 0 0 0 0 1 1 0 0 0 
Best sequence:
1 4 7 9 0 8 5 2 3 6 
0 0 0 0 0 1 1 1 0 0 
0 0 1 1 1 0 0 0 0 0 
0 0 0 0 1 1 1 0 0 0 
1 1 0 0 0 0 0 0 1 0 
1 0 0 0 1 0 1 0 0 0 
0 1 1 1 0 0 0 0 0 0 
1 1 0 0 0 1 0 0 0 0 
0 0 1 0 0 0 1 1 0 0 
0 1 0 0 0 1 0 0 0 1 
1 0 0 0 0 0 0 0 1 1 
1 1 1 0 0 0 0 0 0 0 
0 0 1 1 0 0 0 1 0 0 
0 0 0 0 0 0 0 1 1 1 
0 0 0 0 0 0 0 1 1 1 
1 0 1 1 0 0 0 0 0 0 
0 0 0 1 1 1 0 0 0 0 
0 1 0 0 1 0 0 0 1 0 
0 0 0 1 0 1 0 1 0 0 
0 0 0 0 0 0 1 0 1 1 
0 0 0 0 1 0 1 0 0 1 
OpenStacks: 13
Took 0.03 seconds

buffer: Warwick 994: balanced orders and products, 3 products per order
numCustomers: 20
numProducts: 10
0 0 0 1 0 0 1 1 0 0 
0 0 1 1 0 0 0 1 0 0 
1 1 0 0 1 0 0 0 0 0 
0 1 0 0 0 1 1 0 0 0 
0 0 0 0 0 0 0 1 1 1 
0 0 0 1 1 0 0 1 0 0 
1 1 0 0 0 1 0 0 0 0 
0 0 1 0 0 0 0 1 0 1 
0 1 0 0 0 1 0 0 1 0 
0 0 0 0 0 1 1 1 0 0 
0 1 1 0 1 0 0 0 0 0 
0 0 0 0 1 0 1 0 0 1 
1 0 1 0 1 0 0 0 0 0 
1 0 0 0 1 0 0 0 0 1 
0 1 1 0 0 0 0 0 1 0 
1 0 1 0 0 0 0 0 1 0 
0 0 0 1 0 0 1 0 0 1 
0 0 0 1 0 0 0 0 1 1 
0 0 0 0 0 1 1 0 1 0 
1 0 0 1 0 1 0 0 0 0 
Best sequence:
0 1 2 4 5 6 3 7 8 9 
0 0 0 0 0 1 1 1 0 0 
0 0 1 0 0 0 1 1 0 0 
1 1 0 1 0 0 0 0 0 0 
0 1 0 0 1 1 0 0 0 0 
0 0 0 0 0 0 0 1 1 1 
0 0 0 1 0 0 1 1 0 0 
1 1 0 0 1 0 0 0 0 0 
0 0 1 0 0 0 0 1 0 1 
0 1 0 0 1 0 0 0 1 0 
0 0 0 0 1 1 0 1 0 0 
0 1 1 1 0 0 0 0 0 0 
0 0 0 1 0 1 0 0 0 1 
1 0 1 1 0 0 0 0 0 0 
1 0 0 1 0 0 0 0 0 1 
0 1 1 0 0 0 0 0 1 0 
1 0 1 0 0 0 0 0 1 0 
0 0 0 0 0 1 1 0 0 1 
0 0 0 0 0 0 1 0 1 1 
0 0 0 0 1 1 0 0 1 0 
1 0 0 0 1 0 1 0 0 0 
OpenStacks: 14
Took 0.02 seconds

buffer: Warwick 995: balanced orders and products, 3 products per order
numCustomers: 20
numProducts: 10
0 0 1 0 1 0 0 0 1 0 
0 0 0 1 0 0 1 1 0 0 
0 1 1 0 0 1 0 0 0 0 
1 0 0 0 0 0 0 1 0 1 
1 0 0 0 0 1 0 0 0 1 
0 0 0 1 1 0 1 0 0 0 
0 0 1 0 0 0 0 1 0 1 
0 1 1 0 0 1 0 0 0 0 
0 0 0 1 0 0 1 1 0 0 
1 1 0 0 0 0 1 0 0 0 
0 0 0 1 1 1 0 0 0 0 
0 0 0 1 0 0 0 0 1 1 
1 0 0 0 0 0 0 0 1 1 
1 1 0 0 1 0 0 0 0 0 
0 0 0 1 0 0 1 0 1 0 
0 1 0 0 0 1 0 0 1 0 
0 0 0 0 0 0 1 1 1 0 
0 0 1 0 1 1 0 0 0 0 
1 0 0 0 1 0 0 1 0 0 
0 1 1 0 0 0 0 0 0 1 
Best sequence:
1 2 5 4 0 9 8 3 6 7 
0 1 0 1 0 0 1 0 0 0 
0 0 0 0 0 0 0 1 1 1 
1 1 1 0 0 0 0 0 0 0 
0 0 0 0 1 1 0 0 0 1 
0 0 1 0 1 1 0 0 0 0 
0 0 0 1 0 0 0 1 1 0 
0 1 0 0 0 1 0 0 0 1 
1 1 1 0 0 0 0 0 0 0 
0 0 0 0 0 0 0 1 1 1 
1 0 0 0 1 0 0 0 1 0 
0 0 1 1 0 0 0 1 0 0 
0 0 0 0 0 1 1 1 0 0 
0 0 0 0 1 1 1 0 0 0 
1 0 0 1 1 0 0 0 0 0 
0 0 0 0 0 0 1 1 1 0 
1 0 1 0 0 0 1 0 0 0 
0 0 0 0 0 0 1 0 1 1 
0 1 1 1 0 0 0 0 0 0 
0 0 0 1 1 0 0 0 0 1 
1 1 0 0 0 1 0 0 0 0 
OpenStacks: 12
Took 0.03 seconds

buffer: Warwick 996: balanced orders and products, 3 products per order
numCustomers: 20
numProducts: 10
0 0 0 1 1 0 0 0 1 0 
0 1 0 1 0 1 0 0 0 0 
1 0 1 0 0 0 0 1 0 0 
1 0 1 0 0 0 0 0 0 1 
0 0 1 0 0 0 0 0 1 1 
0 0 1 0 1 1 0 0 0 0 
0 1 0 0 0 0 0 1 1 0 
0 0 1 0 1 1 0 0 0 0 
1 0 0 0 0 0 1 1 0 0 
0 1 0 1 0 0 1 0 0 0 
0 0 0 0 0 0 1 0 1 1 
0 1 0 0 0 1 0 0 0 1 
0 0 0 1 0 0 1 1 0 0 
0 1 1 0 0 0 0 0 0 1 
1 1 0 0 0 1 0 0 0 0 
0 0 0 0 1 0 1 0 1 0 
1 0 0 0 0 0 1 1 0 0 
0 0 0 1 1 0 0 1 0 0 
0 0 0 0 1 0 0 0 1 1 
1 0 0 1 0 1 0 0 0 0 
Best sequence:
0 3 6 7 1 5 2 4 8 9 
0 1 0 0 0 0 0 1 1 0 
0 1 0 0 1 1 0 0 0 0 
1 0 0 1 0 0 1 0 0 0 
1 0 0 0 0 0 1 0 0 1 
0 0 0 0 0 0 1 0 1 1 
0 0 0 0 0 1 1 1 0 0 
0 0 0 1 1 0 0 0 1 0 
0 0 0 0 0 1 1 1 0 0 
1 0 1 1 0 0 0 0 0 0 
0 1 1 0 1 0 0 0 0 0 
0 0 1 0 0 0 0 0 1 1 
0 0 0 0 1 1 0 0 0 1 
0 1 1 1 0 0 0 0 0 0 
0 0 0 0 1 0 1 0 0 1 
1 0 0 0 1 1 0 0 0 0 
0 0 1 0 0 0 0 1 1 0 
1 0 1 1 0 0 0 0 0 0 
0 1 0 1 0 0 0 1 0 0 
0 0 0 0 0 0 0 1 1 1 
1 1 0 0 0 1 0 0 0 0 
OpenStacks: 14
Took 0.03 seconds

buffer: Warwick 997: balanced orders and products, 3 products per order
numCustomers: 20
numProducts: 10
1 0 1 0 0 0 1 0 0 0 
1 0 0 1 0 0 0 0 1 0 
1 0 0 1 0 0 1 0 0 0 
0 1 0 0 0 0 0 0 1 1 
0 0 0 0 1 0 1 0 0 1 
0 0 0 0 0 0 0 1 1 1 
0 1 0 0 0 1 0 0 1 0 
1 0 0 0 0 1 0 1 0 0 
1 0 0 0 1 0 0 0 0 1 
0 0 0 1 0 0 1 0 1 0 
0 0 1 0 0 0 0 1 0 1 
1 0 0 0 1 0 0 0 1 0 
0 1 1 0 1 0 0 0 0 0 
0 1 1 0 1 0 0 0 0 0 
0 0 0 1 0 1 1 0 0 0 
0 1 1 1 0 0 0 0 0 0 
0 1 1 0 0 0 0 0 0 1 
0 0 0 1 0 1 0 1 0 0 
0 0 0 0 1 1 0 1 0 0 
0 0 0 0 0 1 1 1 0 0 
Best sequence:
1 2 4 8 9 0 3 5 6 7 
0 1 0 0 0 1 0 0 1 0 
0 0 0 1 0 1 1 0 0 0 
0 0 0 0 0 1 1 0 1 0 
1 0 0 1 1 0 0 0 0 0 
0 0 1 0 1 0 0 0 1 0 
0 0 0 1 1 0 0 0 0 1 
1 0 0 1 0 0 0 1 0 0 
0 0 0 0 0 1 0 1 0 1 
0 0 1 0 1 1 0 0 0 0 
0 0 0 1 0 0 1 0 1 0 
0 1 0 0 1 0 0 0 0 1 
0 0 1 1 0 1 0 0 0 0 
1 1 1 0 0 0 0 0 0 0 
1 1 1 0 0 0 0 0 0 0 
0 0 0 0 0 0 1 1 1 0 
1 1 0 0 0 0 1 0 0 0 
1 1 0 0 1 0 0 0 0 0 
0 0 0 0 0 0 1 1 0 1 
0 0 1 0 0 0 0 1 0 1 
0 0 0 0 0 0 0 1 1 1 
OpenStacks: 13
Took 0.03 seconds

buffer: Warwick 998: balanced orders and products, 3 products per order
numCustomers: 20
numProducts: 10
0 1 1 0 0 0 0 0 0 1 
1 0 0 0 1 0 1 0 0 0 
0 0 0 1 0 0 1 1 0 0 
1 0 1 0 0 0 0 0 1 0 
1 1 0 0 0 0 0 0 1 0 
1 1 0 0 0 0 0 0 0 1 
0 0 1 0 1 0 0 1 0 0 
0 0 0 0 1 1 1 0 0 0 
0 0 0 1 0 0 1 0 0 1 
0 0 0 0 1 0 0 1 1 0 
0 0 0 1 0 0 0 1 1 0 
0 0 1 1 0 0 1 0 0 0 
0 1 0 0 0 0 0 0 1 1 
0 0 0 1 0 1 1 0 0 0 
1 0 0 0 1 1 0 0 0 0 
0 0 1 0 0 1 0 1 0 0 
1 0 0 0 1 0 0 0 0 1 
0 1 0 0 0 0 0 1 0 1 
0 1 1 0 0 1 0 0 0 0 
0 0 0 1 0 1 0 0 1 0 
Best sequence:
0 1 4 9 8 2 5 3 6 7 
0 1 0 1 0 1 0 0 0 0 
1 0 1 0 0 0 0 0 1 0 
0 0 0 0 0 0 0 1 1 1 
1 0 0 0 1 1 0 0 0 0 
1 1 0 0 1 0 0 0 0 0 
1 1 0 1 0 0 0 0 0 0 
0 0 1 0 0 1 0 0 0 1 
0 0 1 0 0 0 1 0 1 0 
0 0 0 1 0 0 0 1 1 0 
0 0 1 0 1 0 0 0 0 1 
0 0 0 0 1 0 0 1 0 1 
0 0 0 0 0 1 0 1 1 0 
0 1 0 1 1 0 0 0 0 0 
0 0 0 0 0 0 1 1 1 0 
1 0 1 0 0 0 1 0 0 0 
0 0 0 0 0 1 1 0 0 1 
1 0 1 1 0 0 0 0 0 0 
0 1 0 1 0 0 0 0 0 1 
0 1 0 0 0 1 1 0 0 0 
0 0 0 0 1 0 1 1 0 0 
OpenStacks: 14
Took 0.04 seconds

buffer: Warwick 999: balanced orders and products, 3 products per order
numCustomers: 20
numProducts: 10
1 0 1 1 0 0 0 0 0 0 
0 1 0 1 0 0 0 0 0 1 
0 0 0 1 1 1 0 0 0 0 
0 1 0 0 0 0 0 1 0 1 
0 0 0 1 1 1 0 0 0 0 
1 1 0 0 0 0 0 0 1 0 
1 0 1 0 0 0 1 0 0 0 
0 0 0 0 1 1 0 1 0 0 
0 0 0 0 0 1 1 0 0 1 
1 0 0 0 0 0 1 1 0 0 
0 0 1 0 0 0 0 1 0 1 
1 1 0 1 0 0 0 0 0 0 
0 0 0 0 0 0 1 1 0 1 
0 1 1 0 0 0 0 0 1 0 
0 0 1 0 1 1 0 0 0 0 
1 0 0 0 1 0 0 1 0 0 
0 0 0 1 0 0 0 0 1 1 
0 1 0 0 0 0 1 0 1 0 
0 0 1 0 0 0 1 0 1 0 
0 0 0 0 1 1 0 0 1 0 
Best sequence:
0 6 7 9 1 2 8 3 4 5 
1 0 0 0 0 1 0 1 0 0 
0 0 0 1 1 0 0 1 0 0 
0 0 0 0 0 0 0 1 1 1 
0 0 1 1 1 0 0 0 0 0 
0 0 0 0 0 0 0 1 1 1 
1 0 0 0 1 0 1 0 0 0 
1 1 0 0 0 1 0 0 0 0 
0 0 1 0 0 0 0 0 1 1 
0 1 0 1 0 0 0 0 0 1 
1 1 1 0 0 0 0 0 0 0 
0 0 1 1 0 1 0 0 0 0 
1 0 0 0 1 0 0 1 0 0 
0 1 1 1 0 0 0 0 0 0 
0 0 0 0 1 1 1 0 0 0 
0 0 0 0 0 1 0 0 1 1 
1 0 1 0 0 0 0 0 1 0 
0 0 0 1 0 0 1 1 0 0 
0 1 0 0 1 0 1 0 0 0 
0 1 0 0 0 1 1 0 0 0 
0 0 0 0 0 0 1 0 1 1 
OpenStacks: 14
Took 0.02 seconds

buffer: Warwick 1000: balanced orders and products, 3 products per order
numCustomers: 20
numProducts: 10
1 0 0 1 0 1 0 0 0 0 
0 1 0 0 1 1 0 0 0 0 
1 1 0 0 0 0 0 0 0 1 
0 0 1 1 0 0 0 0 1 0 
0 0 0 1 1 0 0 1 0 0 
0 0 1 0 0 0 1 1 0 0 
0 1 1 0 0 0 1 0 0 0 
0 0 1 0 0 0 0 0 1 1 
1 0 0 0 0 1 0 1 0 0 
0 0 1 0 1 0 1 0 0 0 
0 1 0 1 0 0 0 0 0 1 
0 0 1 0 0 1 0 1 0 0 
1 0 0 0 0 0 0 1 1 0 
1 1 0 0 0 0 0 1 0 0 
1 0 0 1 1 0 0 0 0 0 
0 0 0 0 1 0 0 0 1 1 
0 0 0 0 1 0 1 0 1 0 
0 0 0 0 0 0 1 0 1 1 
0 1 0 0 0 1 0 0 0 1 
0 0 0 1 0 1 1 0 0 0 
Best sequence:
0 1 3 5 7 2 4 6 8 9 
1 0 1 1 0 0 0 0 0 0 
0 1 0 1 0 0 1 0 0 0 
1 1 0 0 0 0 0 0 0 1 
0 0 1 0 0 1 0 0 1 0 
0 0 1 0 1 0 1 0 0 0 
0 0 0 0 1 1 0 1 0 0 
0 1 0 0 0 1 0 1 0 0 
0 0 0 0 0 1 0 0 1 1 
1 0 0 1 1 0 0 0 0 0 
0 0 0 0 0 1 1 1 0 0 
0 1 1 0 0 0 0 0 0 1 
0 0 0 1 1 1 0 0 0 0 
1 0 0 0 1 0 0 0 1 0 
1 1 0 0 1 0 0 0 0 0 
1 0 1 0 0 0 1 0 0 0 
0 0 0 0 0 0 1 0 1 1 
0 0 0 0 0 0 1 1 1 0 
0 0 0 0 0 0 0 1 1 1 
0 1 0 1 0 0 0 0 0 1 
0 0 1 1 0 0 0 1 0 0 
OpenStacks: 15
Took 0.03 seconds

buffer: Warwick 1001: balanced orders and products, 4 products per order
numCustomers: 20
numProducts: 10
0 1 1 0 0 0 0 1 0 1 
0 1 1 0 0 0 0 1 0 1 
0 0 0 0 1 0 0 1 1 1 
0 0 0 0 1 1 0 0 1 1 
1 1 1 0 0 0 1 0 0 0 
1 0 0 1 0 0 1 1 0 0 
1 0 0 1 0 1 0 1 0 0 
1 1 0 0 1 0 0 0 1 0 
0 1 1 1 0 0 1 0 0 0 
1 0 0 1 1 1 0 0 0 0 
0 0 1 0 0 1 0 1 1 0 
0 1 0 1 0 1 0 0 1 0 
1 0 0 0 0 0 1 1 0 1 
1 1 0 0 1 0 1 0 0 0 
1 1 0 0 0 1 0 0 1 0 
0 0 1 1 1 1 0 0 0 0 
0 0 0 1 1 0 1 0 0 1 
0 0 1 0 0 0 1 0 1 1 
0 0 0 0 1 0 1 1 1 0 
0 0 1 1 0 1 0 0 0 1 
Best sequence:
0 1 2 3 6 7 4 5 8 9 
0 1 1 0 0 1 0 0 0 1 
0 1 1 0 0 1 0 0 0 1 
0 0 0 0 0 1 1 0 1 1 
0 0 0 0 0 0 1 1 1 1 
1 1 1 0 1 0 0 0 0 0 
1 0 0 1 1 1 0 0 0 0 
1 0 0 1 0 1 0 1 0 0 
1 1 0 0 0 0 1 0 1 0 
0 1 1 1 1 0 0 0 0 0 
1 0 0 1 0 0 1 1 0 0 
0 0 1 0 0 1 0 1 1 0 
0 1 0 1 0 0 0 1 1 0 
1 0 0 0 1 1 0 0 0 1 
1 1 0 0 1 0 1 0 0 0 
1 1 0 0 0 0 0 1 1 0 
0 0 1 1 0 0 1 1 0 0 
0 0 0 1 1 0 1 0 0 1 
0 0 1 0 1 0 0 0 1 1 
0 0 0 0 1 1 1 0 1 0 
0 0 1 1 0 0 0 1 0 1 
OpenStacks: 18
Took 0.04 seconds

buffer: Warwick 1002: balanced orders and products, 4 products per order
numCustomers: 20
numProducts: 10
0 1 0 0 1 0 0 1 0 1 
0 1 1 0 0 1 0 0 1 0 
0 1 1 0 0 1 0 0 1 0 
0 0 1 1 0 0 0 1 1 0 
1 0 0 0 1 0 1 0 1 0 
1 0 0 1 0 0 1 0 0 1 
1 0 0 1 0 0 0 1 1 0 
0 1 0 0 1 0 0 1 0 1 
1 1 0 1 0 0 0 0 0 1 
0 0 1 0 0 1 1 0 0 1 
0 0 0 1 1 1 0 1 0 0 
0 1 0 0 1 1 1 0 0 0 
0 1 1 0 1 0 1 0 0 0 
1 0 0 1 1 0 0 1 0 0 
1 0 1 0 0 1 0 0 1 0 
1 0 0 0 0 1 1 0 0 1 
0 0 1 0 0 0 1 1 1 0 
1 0 0 0 1 0 1 1 0 0 
0 0 1 1 0 0 0 0 1 1 
0 1 0 1 0 1 0 0 0 1 
Best sequence:
0 3 4 7 6 9 1 2 5 8 
0 0 1 1 0 1 1 0 0 0 
0 0 0 0 0 0 1 1 1 1 
0 0 0 0 0 0 1 1 1 1 
0 1 0 1 0 0 0 1 0 1 
1 0 1 0 1 0 0 0 0 1 
1 1 0 0 1 1 0 0 0 0 
1 1 0 1 0 0 0 0 0 1 
0 0 1 1 0 1 1 0 0 0 
1 1 0 0 0 1 1 0 0 0 
0 0 0 0 1 1 0 1 1 0 
0 1 1 1 0 0 0 0 1 0 
0 0 1 0 1 0 1 0 1 0 
0 0 1 0 1 0 1 1 0 0 
1 1 1 1 0 0 0 0 0 0 
1 0 0 0 0 0 0 1 1 1 
1 0 0 0 1 1 0 0 1 0 
0 0 0 1 1 0 0 1 0 1 
1 0 1 1 1 0 0 0 0 0 
0 1 0 0 0 1 0 1 0 1 
0 1 0 0 0 1 1 0 1 0 
OpenStacks: 17
Took 0.03 seconds

buffer: Warwick 1003: balanced orders and products, 4 products per order
numCustomers: 20
numProducts: 10
0 1 0 0 0 1 0 1 0 1 
1 0 1 0 1 0 0 0 0 1 
0 0 1 1 0 1 0 1 0 0 
0 0 1 1 0 0 1 1 0 0 
0 1 1 1 1 0 0 0 0 0 
0 1 0 1 0 0 0 0 1 1 
0 1 0 0 0 1 0 0 1 1 
0 0 1 0 0 1 0 1 1 0 
0 1 0 0 0 0 0 1 1 1 
1 0 0 1 0 1 0 1 0 0 
1 0 0 0 0 0 1 0 1 1 
1 0 0 1 0 1 0 0 1 0 
0 0 1 0 1 0 1 0 0 1 
1 0 0 1 0 0 1 0 0 1 
0 1 1 0 1 0 1 0 0 0 
0 0 1 1 1 0 1 0 0 0 
1 1 0 0 0 0 0 1 1 0 
1 0 0 0 1 1 0 0 1 0 
1 0 0 0 1 1 1 0 0 0 
0 1 0 0 1 0 1 1 0 0 
Best sequence:
0 3 5 8 7 1 2 4 6 9 
0 0 1 0 1 1 0 0 0 1 
1 0 0 0 0 0 1 1 0 1 
0 1 1 0 1 0 1 0 0 0 
0 1 0 0 1 0 1 0 1 0 
0 1 0 0 0 1 1 1 0 0 
0 1 0 1 0 1 0 0 0 1 
0 0 1 1 0 1 0 0 0 1 
0 0 1 1 1 0 1 0 0 0 
0 0 0 1 1 1 0 0 0 1 
1 1 1 0 1 0 0 0 0 0 
1 0 0 1 0 0 0 0 1 1 
1 1 1 1 0 0 0 0 0 0 
0 0 0 0 0 0 1 1 1 1 
1 1 0 0 0 0 0 0 1 1 
0 0 0 0 0 1 1 1 1 0 
0 1 0 0 0 0 1 1 1 0 
1 0 0 1 1 1 0 0 0 0 
1 0 1 1 0 0 0 1 0 0 
1 0 1 0 0 0 0 1 1 0 
0 0 0 0 1 1 0 1 1 0 
OpenStacks: 17
Took 0.03 seconds

buffer: Warwick 1004: balanced orders and products, 4 products per order
numCustomers: 20
numProducts: 10
1 1 1 0 0 0 0 0 1 0 
0 0 1 1 0 0 1 0 1 0 
1 0 1 0 0 0 1 0 0 1 
0 0 1 0 1 0 1 0 1 0 
0 1 0 0 0 1 0 1 0 1 
0 1 0 1 1 0 0 1 0 0 
0 0 0 1 1 0 1 1 0 0 
0 0 0 0 0 1 1 1 0 1 
0 1 0 0 0 1 0 0 1 1 
1 0 1 0 0 0 1 0 1 0 
1 1 0 1 0 0 0 0 0 1 
1 0 0 0 1 1 0 0 1 0 
1 1 0 1 0 0 0 0 0 1 
1 1 0 1 1 0 0 0 0 0 
0 0 0 0 1 1 1 1 0 0 
0 0 1 0 0 0 0 1 1 1 
0 0 0 1 1 1 0 1 0 0 
0 1 0 0 0 1 0 1 1 0 
0 0 1 1 0 0 1 0 0 1 
1 0 1 0 1 1 0 0 0 0 
Best sequence:
0 2 6 8 9 1 3 4 5 7 
1 1 0 1 0 1 0 0 0 0 
0 1 1 1 0 0 1 0 0 0 
1 1 1 0 1 0 0 0 0 0 
0 1 1 1 0 0 0 1 0 0 
0 0 0 0 1 1 0 0 1 1 
0 0 0 0 0 1 1 1 0 1 
0 0 1 0 0 0 1 1 0 1 
0 0 1 0 1 0 0 0 1 1 
0 0 0 1 1 1 0 0 1 0 
1 1 1 1 0 0 0 0 0 0 
1 0 0 0 1 1 1 0 0 0 
1 0 0 1 0 0 0 1 1 0 
1 0 0 0 1 1 1 0 0 0 
1 0 0 0 0 1 1 1 0 0 
0 0 1 0 0 0 0 1 1 1 
0 1 0 1 1 0 0 0 0 1 
0 0 0 0 0 0 1 1 1 1 
0 0 0 1 0 1 0 0 1 1 
0 1 1 0 1 0 1 0 0 0 
1 1 0 0 0 0 0 1 1 0 
OpenStacks: 17
Took 0.03 seconds

buffer: Warwick 1005: balanced orders and products, 4 products per order
numCustomers: 20
numProducts: 10
1 1 1 1 0 0 0 0 0 0 
0 0 1 0 1 1 0 1 0 0 
0 0 1 1 0 0 0 1 0 1 
0 1 0 0 1 0 0 1 0 1 
0 0 0 0 0 0 1 1 1 1 
1 0 1 0 0 0 0 1 1 0 
0 1 0 0 0 1 1 0 0 1 
1 1 0 0 1 0 0 0 0 1 
0 0 1 0 1 0 1 0 0 1 
0 1 0 0 0 1 0 1 1 0 
1 0 1 1 0 0 0 0 1 0 
0 0 1 0 1 0 0 1 1 0 
1 1 0 0 1 0 1 0 0 0 
0 1 0 1 0 1 0 1 0 0 
1 1 0 0 0 1 1 0 0 0 
1 0 0 1 1 0 0 0 1 0 
0 0 0 0 1 1 1 0 0 1 
0 0 1 1 0 1 0 0 0 1 
0 0 0 1 0 1 1 0 1 0 
1 0 0 1 0 0 1 0 1 0 
Best sequence:
0 2 3 8 7 1 4 5 6 9 
1 1 1 0 0 1 0 0 0 0 
0 1 0 0 1 0 1 1 0 0 
0 1 1 0 1 0 0 0 0 1 
0 0 0 0 1 1 1 0 0 1 
0 0 0 1 1 0 0 0 1 1 
1 1 0 1 1 0 0 0 0 0 
0 0 0 0 0 1 0 1 1 1 
1 0 0 0 0 1 1 0 0 1 
0 1 0 0 0 0 1 0 1 1 
0 0 0 1 1 1 0 1 0 0 
1 1 1 1 0 0 0 0 0 0 
0 1 0 1 1 0 1 0 0 0 
1 0 0 0 0 1 1 0 1 0 
0 0 1 0 1 1 0 1 0 0 
1 0 0 0 0 1 0 1 1 0 
1 0 1 1 0 0 1 0 0 0 
0 0 0 0 0 0 1 1 1 1 
0 1 1 0 0 0 0 1 0 1 
0 0 1 1 0 0 0 1 1 0 
1 0 1 1 0 0 0 0 1 0 
OpenStacks: 17
Took 0.03 seconds

buffer: Warwick 1006: balanced orders and products, 4 products per order
numCustomers: 20
numProducts: 10
0 0 0 1 1 1 1 0 0 0 
0 0 0 0 1 0 1 0 1 1 
0 1 0 0 0 0 1 1 0 1 
0 1 0 0 0 1 0 0 1 1 
1 1 0 0 0 0 0 0 1 1 
0 0 1 0 1 0 1 1 0 0 
1 1 0 0 0 0 0 1 1 0 
0 0 0 1 1 1 0 1 0 0 
0 1 1 0 0 0 0 1 0 1 
0 0 1 1 0 1 1 0 0 0 
1 1 1 0 0 0 0 0 1 0 
1 0 0 0 0 1 0 1 0 1 
1 0 0 1 0 0 1 1 0 0 
0 1 1 1 1 0 0 0 0 0 
1 0 0 1 1 0 0 0 1 0 
0 0 0 1 1 1 0 1 0 0 
0 0 0 0 1 1 1 0 0 1 
0 0 1 1 0 0 1 0 1 0 
1 0 1 0 0 1 0 0 0 1 
1 1 1 0 0 0 0 0 1 0 
Best sequence:
0 1 2 8 7 9 3 4 5 6 
0 0 0 0 0 0 1 1 1 1 
0 0 0 1 0 1 0 1 0 1 
0 1 0 0 1 1 0 0 0 1 
0 1 0 1 0 1 0 0 1 0 
1 1 0 1 0 1 0 0 0 0 
0 0 1 0 1 0 0 1 0 1 
1 1 0 1 1 0 0 0 0 0 
0 0 0 0 1 0 1 1 1 0 
0 1 1 0 1 1 0 0 0 0 
0 0 1 0 0 0 1 0 1 1 
1 1 1 1 0 0 0 0 0 0 
1 0 0 0 1 1 0 0 1 0 
1 0 0 0 1 0 1 0 0 1 
0 1 1 0 0 0 1 1 0 0 
1 0 0 1 0 0 1 1 0 0 
0 0 0 0 1 0 1 1 1 0 
0 0 0 0 0 1 0 1 1 1 
0 0 1 1 0 0 1 0 0 1 
1 0 1 0 0 1 0 0 1 0 
1 1 1 1 0 0 0 0 0 0 
OpenStacks: 16
Took 0.03 seconds

buffer: Warwick 1007: balanced orders and products, 4 products per order
numCustomers: 20
numProducts: 10
0 0 0 1 1 0 0 0 1 1 
1 0 0 1 0 1 0 0 0 1 
0 0 0 0 1 1 0 1 0 1 
1 0 0 0 1 0 1 0 1 0 
0 0 1 1 0 0 0 1 1 0 
1 0 0 0 0 1 1 0 1 0 
0 0 0 0 1 0 1 0 1 1 
0 1 0 1 0 0 0 1 1 0 
0 1 0 1 1 0 0 1 0 0 
1 0 1 0 0 0 0 0 1 1 
1 1 0 0 1 0 1 0 0 0 
1 1 1 0 0 1 0 0 0 0 
0 0 0 0 1 0 1 1 0 1 
0 0 1 0 0 0 1 1 0 1 
0 0 0 1 1 1 1 0 0 0 
0 1 1 1 0 0 0 0 1 0 
1 1 1 0 0 1 0 0 0 0 
1 0 1 0 0 1 1 0 0 0 
0 1 1 0 0 1 0 1 0 0 
0 1 0 1 0 0 0 1 0 1 
Best sequence:
0 1 2 5 7 6 3 4 8 9 
0 0 0 0 0 0 1 1 1 1 
1 0 0 1 0 0 1 0 0 1 
0 0 0 1 1 0 0 1 0 1 
1 0 0 0 0 1 0 1 1 0 
0 0 1 0 1 0 1 0 1 0 
1 0 0 1 0 1 0 0 1 0 
0 0 0 0 0 1 0 1 1 1 
0 1 0 0 1 0 1 0 1 0 
0 1 0 0 1 0 1 1 0 0 
1 0 1 0 0 0 0 0 1 1 
1 1 0 0 0 1 0 1 0 0 
1 1 1 1 0 0 0 0 0 0 
0 0 0 0 1 1 0 1 0 1 
0 0 1 0 1 1 0 0 0 1 
0 0 0 1 0 1 1 1 0 0 
0 1 1 0 0 0 1 0 1 0 
1 1 1 1 0 0 0 0 0 0 
1 0 1 1 0 1 0 0 0 0 
0 1 1 1 1 0 0 0 0 0 
0 1 0 0 1 0 1 0 0 1 
OpenStacks: 17
Took 0.03 seconds

buffer: Warwick 1008: balanced orders and products, 4 products per order
numCustomers: 20
numProducts: 10
1 0 1 0 0 0 1 0 0 1 
1 0 0 1 0 0 0 1 1 0 
1 1 0 0 1 1 0 0 0 0 
1 1 1 0 0 0 0 0 0 1 
0 0 0 1 0 0 1 1 1 0 
1 1 0 0 1 1 0 0 0 0 
0 0 0 1 1 0 1 0 1 0 
0 1 1 0 0 1 1 0 0 0 
0 1 0 1 0 0 0 1 0 1 
0 0 0 1 1 0 0 1 0 1 
0 0 1 0 0 1 0 1 1 0 
0 0 0 1 0 1 0 1 1 0 
0 0 1 0 0 0 1 0 1 1 
0 1 1 0 0 1 1 0 0 0 
1 0 0 0 0 0 1 0 1 1 
0 1 0 0 1 1 0 0 0 1 
1 0 1 1 1 0 0 0 0 0 
0 0 0 1 1 1 0 0 1 0 
0 0 1 0 0 0 1 1 0 1 
1 1 0 0 1 0 0 1 0 0 
Best sequence:
0 1 2 9 6 7 3 4 5 8 
1 0 1 1 1 0 0 0 0 0 
1 0 0 0 0 1 1 0 0 1 
1 1 0 0 0 0 0 1 1 0 
1 1 1 1 0 0 0 0 0 0 
0 0 0 0 1 1 1 0 0 1 
1 1 0 0 0 0 0 1 1 0 
0 0 0 0 1 0 1 1 0 1 
0 1 1 0 1 0 0 0 1 0 
0 1 0 1 0 1 1 0 0 0 
0 0 0 1 0 1 1 1 0 0 
0 0 1 0 0 1 0 0 1 1 
0 0 0 0 0 1 1 0 1 1 
0 0 1 1 1 0 0 0 0 1 
0 1 1 0 1 0 0 0 1 0 
1 0 0 1 1 0 0 0 0 1 
0 1 0 1 0 0 0 1 1 0 
1 0 1 0 0 0 1 1 0 0 
0 0 0 0 0 0 1 1 1 1 
0 0 1 1 1 1 0 0 0 0 
1 1 0 0 0 1 0 1 0 0 
OpenStacks: 17
Took 0.03 seconds

buffer: Warwick 1009: balanced orders and products, 4 products per order
numCustomers: 20
numProducts: 10
1 1 0 0 0 0 1 0 0 1 
1 0 0 0 0 1 1 1 0 0 
0 1 0 1 1 0 0 0 0 1 
1 0 0 1 1 1 0 0 0 0 
0 0 1 1 0 1 0 1 0 0 
0 0 0 1 0 0 1 1 1 0 
0 1 1 0 1 0 0 0 1 0 
0 0 0 0 1 1 0 1 1 0 
0 0 1 0 0 0 1 1 0 1 
1 1 0 0 0 0 1 0 1 0 
0 1 1 1 0 0 0 0 1 0 
0 1 0 0 1 0 1 0 0 1 
0 0 0 1 1 0 1 0 0 1 
0 0 1 1 0 1 1 0 0 0 
0 1 1 1 1 0 0 0 0 0 
0 0 0 0 0 1 0 1 1 1 
1 0 1 0 0 1 0 1 0 0 
1 0 0 0 1 0 0 0 1 1 
1 0 0 0 0 0 0 1 1 1 
1 1 1 0 0 1 0 0 0 0 
Best sequence:
0 1 2 5 7 3 4 6 8 9 
1 1 0 0 0 0 0 1 0 1 
1 0 0 1 1 0 0 1 0 0 
0 1 0 0 0 1 1 0 0 1 
1 0 0 1 0 1 1 0 0 0 
0 0 1 1 1 1 0 0 0 0 
0 0 0 0 1 1 0 1 1 0 
0 1 1 0 0 0 1 0 1 0 
0 0 0 1 1 0 1 0 1 0 
0 0 1 0 1 0 0 1 0 1 
1 1 0 0 0 0 0 1 1 0 
0 1 1 0 0 1 0 0 1 0 
0 1 0 0 0 0 1 1 0 1 
0 0 0 0 0 1 1 1 0 1 
0 0 1 1 0 1 0 1 0 0 
0 1 1 0 0 1 1 0 0 0 
0 0 0 1 1 0 0 0 1 1 
1 0 1 1 1 0 0 0 0 0 
1 0 0 0 0 0 1 0 1 1 
1 0 0 0 1 0 0 0 1 1 
1 1 1 1 0 0 0 0 0 0 
OpenStacks: 18
Took 0.04 seconds

buffer: Warwick 1010: balanced orders and products, 4 products per order
numCustomers: 20
numProducts: 10
0 0 1 0 0 1 0 1 1 0 
1 1 0 1 0 0 0 0 0 1 
0 1 1 0 0 0 1 0 1 0 
0 0 0 1 0 1 0 1 1 0 
1 0 0 0 0 1 0 1 0 1 
0 1 0 0 1 1 0 0 1 0 
0 1 0 0 1 0 1 0 1 0 
0 1 0 0 1 0 1 1 0 0 
0 0 1 0 0 0 0 1 1 1 
1 0 0 1 0 0 1 0 0 1 
0 1 0 1 1 1 0 0 0 0 
1 0 0 1 0 0 0 0 1 1 
1 0 0 1 0 0 0 1 0 1 
0 0 1 0 1 1 1 0 0 0 
0 1 1 1 0 0 0 1 0 0 
1 0 1 0 1 0 0 0 0 1 
1 0 1 0 1 0 1 0 0 0 
0 0 0 0 1 1 0 0 1 1 
1 1 0 1 0 0 1 0 0 0 
0 0 1 0 0 1 1 1 0 0 
Best sequence:
0 1 3 9 8 7 2 4 5 6 
0 0 0 0 1 1 1 0 1 0 
1 1 1 1 0 0 0 0 0 0 
0 1 0 0 1 0 1 0 0 1 
0 0 1 0 1 1 0 0 1 0 
1 0 0 1 0 1 0 0 1 0 
0 1 0 0 1 0 0 1 1 0 
0 1 0 0 1 0 0 1 0 1 
0 1 0 0 0 1 0 1 0 1 
0 0 0 1 1 1 1 0 0 0 
1 0 1 1 0 0 0 0 0 1 
0 1 1 0 0 0 0 1 1 0 
1 0 1 1 1 0 0 0 0 0 
1 0 1 1 0 1 0 0 0 0 
0 0 0 0 0 0 1 1 1 1 
0 1 1 0 0 1 1 0 0 0 
1 0 0 1 0 0 1 1 0 0 
1 0 0 0 0 0 1 1 0 1 
0 0 0 1 1 0 0 1 1 0 
1 1 1 0 0 0 0 0 0 1 
0 0 0 0 0 1 1 0 1 1 
OpenStacks: 17
Took 0.03 seconds

buffer: Warwick 1011: balanced orders and products, 5 products per order
numCustomers: 20
numProducts: 10
1 0 1 1 0 0 1 1 0 0 
1 1 1 0 0 0 1 1 0 0 
0 1 1 0 0 0 0 1 1 1 
1 0 0 1 1 1 0 0 0 1 
0 0 0 0 1 0 1 1 1 1 
1 0 0 1 0 1 0 1 0 1 
1 1 1 1 0 0 0 1 0 0 
0 1 1 0 1 0 1 0 0 1 
1 1 0 0 1 0 0 0 1 1 
0 1 1 0 0 1 1 0 0 1 
1 1 0 0 1 0 1 0 0 1 
1 0 0 1 1 1 0 1 0 0 
0 1 1 1 1 0 0 0 1 0 
0 0 0 1 0 1 0 1 1 1 
0 0 1 1 1 1 0 0 1 0 
1 1 0 0 0 1 1 0 1 0 
0 0 1 1 0 1 1 1 0 0 
0 1 1 0 0 1 1 0 1 0 
1 0 0 1 1 0 1 0 1 0 
0 0 0 0 1 1 0 1 1 1 
Best sequence:
0 1 4 8 9 2 3 5 6 7 
1 0 0 0 0 1 1 0 1 1 
1 1 0 0 0 1 0 0 1 1 
0 1 0 1 1 1 0 0 0 1 
1 0 1 0 1 0 1 1 0 0 
0 0 1 1 1 0 0 0 1 1 
1 0 0 0 1 0 1 1 0 1 
1 1 0 0 0 1 1 0 0 1 
0 1 1 0 1 1 0 0 1 0 
1 1 1 1 1 0 0 0 0 0 
0 1 0 0 1 1 0 1 1 0 
1 1 1 0 1 0 0 0 1 0 
1 0 1 0 0 0 1 1 0 1 
0 1 1 1 0 1 1 0 0 0 
0 0 0 1 1 0 1 1 0 1 
0 0 1 1 0 1 1 1 0 0 
1 1 0 1 0 0 0 1 1 0 
0 0 0 0 0 1 1 1 1 1 
0 1 0 1 0 1 0 1 1 0 
1 0 1 1 0 0 1 0 1 0 
0 0 1 1 1 0 0 1 0 1 
OpenStacks: 19
Took 0.02 seconds

buffer: Warwick 1012: balanced orders and products, 5 products per order
numCustomers: 20
numProducts: 10
1 0 1 0 0 0 1 0 1 1 
1 0 1 0 1 1 1 0 0 0 
0 1 1 1 0 1 0 1 0 0 
0 0 1 0 1 0 0 1 1 1 
0 1 1 1 0 0 1 1 0 0 
0 0 1 0 0 1 0 1 1 1 
0 1 0 1 0 0 1 1 1 0 
1 1 0 1 1 1 0 0 0 0 
1 0 0 1 1 0 0 1 1 0 
1 1 0 0 0 0 1 1 0 1 
1 1 0 0 1 0 0 1 0 1 
0 1 1 1 1 0 0 0 0 1 
1 0 0 1 0 1 0 0 1 1 
1 1 0 0 0 1 1 1 0 0 
0 0 1 1 1 0 1 0 1 0 
0 1 1 1 0 1 1 0 0 0 
0 1 0 0 0 1 1 0 1 1 
1 0 1 0 1 0 0 0 1 1 
1 0 0 1 1 1 0 0 0 1 
0 0 0 0 1 1 1 1 1 0 
Best sequence:
0 1 2 3 4 5 6 7 8 9 
1 0 1 0 0 0 1 0 1 1 
1 0 1 0 1 1 1 0 0 0 
0 1 1 1 0 1 0 1 0 0 
0 0 1 0 1 0 0 1 1 1 
0 1 1 1 0 0 1 1 0 0 
0 0 1 0 0 1 0 1 1 1 
0 1 0 1 0 0 1 1 1 0 
1 1 0 1 1 1 0 0 0 0 
1 0 0 1 1 0 0 1 1 0 
1 1 0 0 0 0 1 1 0 1 
1 1 0 0 1 0 0 1 0 1 
0 1 1 1 1 0 0 0 0 1 
1 0 0 1 0 1 0 0 1 1 
1 1 0 0 0 1 1 1 0 0 
0 0 1 1 1 0 1 0 1 0 
0 1 1 1 0 1 1 0 0 0 
0 1 0 0 0 1 1 0 1 1 
1 0 1 0 1 0 0 0 1 1 
1 0 0 1 1 1 0 0 0 1 
0 0 0 0 1 1 1 1 1 0 
OpenStacks: 20
Took 0.03 seconds

buffer: Warwick 1013: balanced orders and products, 5 products per order
numCustomers: 20
numProducts: 10
0 0 1 1 1 1 0 0 1 0 
0 1 1 0 1 0 0 0 1 1 
0 1 0 1 0 1 1 0 1 0 
1 1 0 0 0 0 1 1 0 1 
1 0 0 1 0 1 1 0 0 1 
0 1 1 1 1 0 0 0 1 0 
0 0 0 0 1 1 1 0 1 1 
1 0 0 1 0 1 0 0 1 1 
1 1 0 0 1 1 0 1 0 0 
1 0 1 1 0 0 1 0 0 1 
1 0 0 0 0 1 1 1 1 0 
1 0 1 1 0 1 0 0 0 1 
0 1 1 0 0 0 1 1 1 0 
1 0 1 0 0 0 1 1 1 0 
1 1 0 0 1 0 0 1 1 0 
0 1 1 1 1 0 0 1 0 0 
0 0 1 0 1 1 1 0 0 1 
0 0 0 1 1 1 1 1 0 0 
1 1 0 1 0 0 0 1 0 1 
0 1 1 0 1 0 0 1 0 1 
Best sequence:
0 1 6 7 9 2 3 4 5 8 
0 0 0 0 0 1 1 1 1 1 
0 1 0 0 1 1 0 1 0 1 
0 1 1 0 0 0 1 0 1 1 
1 1 1 1 1 0 0 0 0 0 
1 0 1 0 1 0 1 0 1 0 
0 1 0 0 0 1 1 1 0 1 
0 0 1 0 1 0 0 1 1 1 
1 0 0 0 1 0 1 0 1 1 
1 1 0 1 0 0 0 1 1 0 
1 0 1 0 1 1 1 0 0 0 
1 0 1 1 0 0 0 0 1 1 
1 0 0 0 1 1 1 0 1 0 
0 1 1 1 0 1 0 0 0 1 
1 0 1 1 0 1 0 0 0 1 
1 1 0 1 0 0 0 1 0 1 
0 1 0 1 0 1 1 1 0 0 
0 0 1 0 1 1 0 1 1 0 
0 0 1 1 0 0 1 1 1 0 
1 1 0 1 1 0 1 0 0 0 
0 1 0 1 1 1 0 1 0 0 
OpenStacks: 19
Took 0.04 seconds

buffer: Warwick 1014: balanced orders and products, 5 products per order
numCustomers: 20
numProducts: 10
0 1 0 1 0 1 1 1 0 0 
1 0 0 1 0 0 0 1 1 1 
1 0 1 0 0 1 0 1 1 0 
1 1 0 0 0 1 0 1 1 0 
1 0 1 0 1 1 1 0 0 0 
0 1 0 1 0 1 1 0 0 1 
0 0 1 0 0 0 1 1 1 1 
1 1 1 1 0 0 1 0 0 0 
1 0 0 1 1 1 0 0 0 1 
0 0 1 0 1 1 1 1 0 0 
0 0 0 1 0 1 0 1 1 1 
0 0 0 1 1 0 1 1 1 0 
1 1 0 0 1 0 1 0 0 1 
1 1 1 0 0 0 1 0 0 1 
0 1 1 0 1 1 0 0 1 0 
1 1 1 0 0 0 0 1 0 1 
1 0 0 1 1 0 1 0 1 0 
0 1 0 1 1 0 0 0 1 1 
0 1 1 0 1 0 0 1 0 1 
0 0 1 1 1 1 0 0 1 0 
Best sequence:
0 1 2 3 4 5 6 7 8 9 
0 1 0 1 0 1 1 1 0 0 
1 0 0 1 0 0 0 1 1 1 
1 0 1 0 0 1 0 1 1 0 
1 1 0 0 0 1 0 1 1 0 
1 0 1 0 1 1 1 0 0 0 
0 1 0 1 0 1 1 0 0 1 
0 0 1 0 0 0 1 1 1 1 
1 1 1 1 0 0 1 0 0 0 
1 0 0 1 1 1 0 0 0 1 
0 0 1 0 1 1 1 1 0 0 
0 0 0 1 0 1 0 1 1 1 
0 0 0 1 1 0 1 1 1 0 
1 1 0 0 1 0 1 0 0 1 
1 1 1 0 0 0 1 0 0 1 
0 1 1 0 1 1 0 0 1 0 
1 1 1 0 0 0 0 1 0 1 
1 0 0 1 1 0 1 0 1 0 
0 1 0 1 1 0 0 0 1 1 
0 1 1 0 1 0 0 1 0 1 
0 0 1 1 1 1 0 0 1 0 
OpenStacks: 20
Took 0.03 seconds

buffer: Warwick 1015: balanced orders and products, 5 products per order
numCustomers: 20
numProducts: 10
1 1 0 1 1 0 0 0 1 0 
0 1 1 0 0 0 1 1 0 1 
0 0 1 0 1 1 0 0 1 1 
0 1 1 1 0 1 1 0 0 0 
0 0 1 1 1 1 1 0 0 0 
0 1 1 1 0 0 1 1 0 0 
1 0 0 1 1 0 0 1 1 0 
1 1 0 0 0 1 1 0 0 1 
1 0 1 0 0 0 1 1 0 1 
0 1 1 0 0 0 1 1 0 1 
0 0 0 1 1 0 0 1 1 1 
1 0 0 1 1 1 0 0 1 0 
0 1 0 1 1 1 0 0 1 0 
0 0 1 0 0 1 1 1 1 0 
1 0 0 0 1 0 0 1 1 1 
1 1 0 0 0 1 0 1 1 0 
0 0 1 1 0 0 1 1 0 1 
1 1 0 0 0 1 1 0 0 1 
1 0 1 0 1 1 0 0 0 1 
1 1 0 1 1 0 0 0 1 0 
Best sequence:
0 2 6 7 9 1 3 4 5 8 
1 0 0 0 0 1 1 1 0 1 
0 1 1 1 1 1 0 0 0 0 
0 1 0 0 1 0 0 1 1 1 
0 1 1 0 0 1 1 0 1 0 
0 1 1 0 0 0 1 1 1 0 
0 1 1 1 0 1 1 0 0 0 
1 0 0 1 0 0 1 1 0 1 
1 0 1 0 1 1 0 0 1 0 
1 1 1 1 1 0 0 0 0 0 
0 1 1 1 1 1 0 0 0 0 
0 0 0 1 1 0 1 1 0 1 
1 0 0 0 0 0 1 1 1 1 
0 0 0 0 0 1 1 1 1 1 
0 1 1 1 0 0 0 0 1 1 
1 0 0 1 1 0 0 1 0 1 
1 0 0 1 0 1 0 0 1 1 
0 1 1 1 1 0 1 0 0 0 
1 0 1 0 1 1 0 0 1 0 
1 1 0 0 1 0 0 1 1 0 
1 0 0 0 0 1 1 1 0 1 
OpenStacks: 19
Took 0.03 seconds

buffer: Warwick 1016: balanced orders and products, 5 products per order
numCustomers: 20
numProducts: 10
0 1 1 0 0 0 1 1 0 1 
0 1 0 1 1 1 0 1 0 0 
0 0 1 1 1 0 1 0 1 0 
1 1 0 1 0 1 0 0 0 1 
1 1 1 1 1 0 0 0 0 0 
1 1 0 1 0 0 0 0 1 1 
0 0 0 0 0 1 1 1 1 1 
0 1 1 0 0 1 1 1 0 0 
0 1 0 1 1 0 0 1 1 0 
1 0 1 0 1 0 1 0 0 1 
1 0 0 1 0 0 1 0 1 1 
0 1 0 1 1 0 1 0 0 1 
1 0 1 1 0 1 1 0 0 0 
0 1 1 0 0 1 0 1 1 0 
0 0 1 0 1 0 0 1 1 1 
1 0 0 0 1 1 0 1 0 1 
1 0 1 0 1 0 1 0 1 0 
0 0 1 1 0 1 0 0 1 1 
1 0 0 0 1 1 1 1 0 0 
1 1 0 0 0 1 0 1 1 0 
Best sequence:
0 1 2 3 4 5 6 7 8 9 
0 1 1 0 0 0 1 1 0 1 
0 1 0 1 1 1 0 1 0 0 
0 0 1 1 1 0 1 0 1 0 
1 1 0 1 0 1 0 0 0 1 
1 1 1 1 1 0 0 0 0 0 
1 1 0 1 0 0 0 0 1 1 
0 0 0 0 0 1 1 1 1 1 
0 1 1 0 0 1 1 1 0 0 
0 1 0 1 1 0 0 1 1 0 
1 0 1 0 1 0 1 0 0 1 
1 0 0 1 0 0 1 0 1 1 
0 1 0 1 1 0 1 0 0 1 
1 0 1 1 0 1 1 0 0 0 
0 1 1 0 0 1 0 1 1 0 
0 0 1 0 1 0 0 1 1 1 
1 0 0 0 1 1 0 1 0 1 
1 0 1 0 1 0 1 0 1 0 
0 0 1 1 0 1 0 0 1 1 
1 0 0 0 1 1 1 1 0 0 
1 1 0 0 0 1 0 1 1 0 
OpenStacks: 19
Took 0.03 seconds

buffer: Warwick 1017: balanced orders and products, 5 products per order
numCustomers: 20
numProducts: 10
1 1 0 0 0 0 1 1 0 1 
1 0 1 0 0 1 1 0 1 0 
1 1 0 1 0 1 0 1 0 0 
0 1 0 1 1 1 0 0 1 0 
1 1 0 0 1 1 0 0 0 1 
1 1 0 1 1 0 1 0 0 0 
1 0 0 1 1 0 1 1 0 0 
0 1 0 0 1 1 0 0 1 1 
0 0 1 1 0 1 0 0 1 1 
0 1 1 1 1 0 0 1 0 0 
0 0 1 1 1 0 1 0 0 1 
0 0 1 1 0 0 1 0 1 1 
0 1 1 0 1 0 1 1 0 0 
1 1 0 0 0 0 1 0 1 1 
1 0 1 1 0 1 0 1 0 0 
1 0 1 0 0 0 1 1 0 1 
0 0 1 1 0 1 0 0 1 1 
0 1 0 0 1 0 1 1 1 0 
1 0 1 0 0 1 0 1 1 0 
0 0 0 0 1 1 0 1 1 1 
Best sequence:
0 2 6 7 9 1 3 4 5 8 
1 0 1 1 1 1 0 0 0 0 
1 1 1 0 0 0 0 0 1 1 
1 0 0 1 0 1 1 0 1 0 
0 0 0 0 0 1 1 1 1 1 
1 0 0 0 1 1 0 1 1 0 
1 0 1 0 0 1 1 1 0 0 
1 0 1 1 0 0 1 1 0 0 
0 0 0 0 1 1 0 1 1 1 
0 1 0 0 1 0 1 0 1 1 
0 1 0 1 0 1 1 1 0 0 
0 1 1 0 1 0 1 1 0 0 
0 1 1 0 1 0 1 0 0 1 
0 1 1 1 0 1 0 1 0 0 
1 0 1 0 1 1 0 0 0 1 
1 1 0 1 0 0 1 0 1 0 
1 1 1 1 1 0 0 0 0 0 
0 1 0 0 1 0 1 0 1 1 
0 0 1 1 0 1 0 1 0 1 
1 1 0 1 0 0 0 0 1 1 
0 0 0 1 1 0 0 1 1 1 
OpenStacks: 19
Took 0.03 seconds

buffer: Warwick 1018: balanced orders and products, 5 products per order
numCustomers: 20
numProducts: 10
0 0 0 1 1 0 1 1 1 0 
0 1 0 1 0 1 0 1 1 0 
1 1 0 1 1 1 0 0 0 0 
0 1 0 0 1 0 1 0 1 1 
1 1 0 1 1 0 0 1 0 0 
1 0 0 1 0 0 1 1 1 0 
1 0 0 1 1 1 0 1 0 0 
1 0 1 1 0 1 0 1 0 0 
0 0 1 1 0 1 0 0 1 1 
0 0 1 0 0 1 1 1 0 1 
0 1 1 0 0 1 1 0 0 1 
0 1 0 0 0 1 1 1 1 0 
1 1 1 0 1 0 1 0 0 0 
0 0 1 0 1 0 0 1 1 1 
1 0 1 0 1 1 0 0 0 1 
1 1 1 0 1 0 0 0 1 0 
0 1 1 0 0 0 1 1 0 1 
1 0 0 1 0 0 1 0 1 1 
1 0 1 1 0 0 1 0 0 1 
0 1 0 0 1 1 0 0 1 1 
Best sequence:
0 2 3 5 7 1 4 6 8 9 
0 0 1 0 1 0 1 1 1 0 
0 0 1 1 1 1 0 0 1 0 
1 0 1 1 0 1 1 0 0 0 
0 0 0 0 0 1 1 1 1 1 
1 0 1 0 1 1 1 0 0 0 
1 0 1 0 1 0 0 1 1 0 
1 0 1 1 1 0 1 0 0 0 
1 1 1 1 1 0 0 0 0 0 
0 1 1 1 0 0 0 0 1 1 
0 1 0 1 1 0 0 1 0 1 
0 1 0 1 0 1 0 1 0 1 
0 0 0 1 1 1 0 1 1 0 
1 1 0 0 0 1 1 1 0 0 
0 1 0 0 1 0 1 0 1 1 
1 1 0 1 0 0 1 0 0 1 
1 1 0 0 0 1 1 0 1 0 
0 1 0 0 1 1 0 1 0 1 
1 0 1 0 0 0 0 1 1 1 
1 1 1 0 0 0 0 1 0 1 
0 0 0 1 0 1 1 0 1 1 
OpenStacks: 19
Took 0.03 seconds

buffer: Warwick 1019: balanced orders and products, 5 products per order
numCustomers: 20
numProducts: 10
0 1 0 1 1 1 1 0 0 0 
0 0 1 0 1 1 0 0 1 1 
0 1 1 0 1 1 1 0 0 0 
0 0 0 1 0 1 0 1 1 1 
0 0 1 1 0 0 1 1 0 1 
1 1 0 0 1 0 1 0 0 1 
0 1 0 1 0 0 1 0 1 1 
0 0 0 1 1 0 1 1 1 0 
1 1 1 0 0 0 0 0 1 1 
1 1 0 1 0 0 0 1 0 1 
1 0 0 1 1 1 0 1 0 0 
0 1 0 0 1 0 1 1 0 1 
0 1 0 0 1 1 1 0 0 1 
1 1 1 1 0 0 0 1 0 0 
1 0 0 0 0 1 1 1 1 0 
1 1 1 0 0 0 0 1 1 0 
1 0 1 1 1 0 1 0 0 0 
1 0 1 0 0 1 0 0 1 1 
1 0 1 0 1 1 0 0 1 0 
0 0 1 1 0 1 0 1 1 0 
Best sequence:
0 1 4 6 9 2 3 5 7 8 
0 1 1 1 0 0 1 1 0 0 
0 0 1 0 1 1 0 1 0 1 
0 1 1 1 0 1 0 1 0 0 
0 0 0 0 1 0 1 1 1 1 
0 0 0 1 1 1 1 0 1 0 
1 1 1 1 1 0 0 0 0 0 
0 1 0 1 1 0 1 0 0 1 
0 0 1 1 0 0 1 0 1 1 
1 1 0 0 1 1 0 0 0 1 
1 1 0 0 1 0 1 0 1 0 
1 0 1 0 0 0 1 1 1 0 
0 1 1 1 1 0 0 0 1 0 
0 1 1 1 1 0 0 1 0 0 
1 1 0 0 0 1 1 0 1 0 
1 0 0 1 0 0 0 1 1 1 
1 1 0 0 0 1 0 0 1 1 
1 0 1 1 0 1 1 0 0 0 
1 0 0 0 1 1 0 1 0 1 
1 0 1 0 0 1 0 1 0 1 
0 0 0 0 0 1 1 1 1 1 
OpenStacks: 19
Took 0.04 seconds

buffer: Warwick 1020: balanced orders and products, 5 products per order
numCustomers: 20
numProducts: 10
0 1 1 1 0 0 0 1 0 1 
1 0 0 0 1 0 0 1 1 1 
0 1 0 1 1 0 0 1 1 0 
0 1 0 1 1 1 0 0 1 0 
1 0 0 1 1 0 1 0 0 1 
1 0 1 0 1 0 0 1 1 0 
1 0 1 1 0 0 0 0 1 1 
1 1 1 0 0 0 1 1 0 0 
1 0 0 1 1 1 0 0 0 1 
0 1 1 0 1 1 0 0 1 0 
0 1 0 1 0 0 1 0 1 1 
0 0 1 0 1 1 1 0 1 0 
1 0 0 1 0 1 0 1 0 1 
1 0 1 1 0 0 1 0 0 1 
1 0 0 1 1 1 1 0 0 0 
0 1 1 0 0 1 1 1 0 0 
0 1 0 0 0 1 0 1 1 1 
0 1 1 0 0 0 1 1 0 1 
0 1 0 0 1 1 1 1 0 0 
1 0 1 0 0 1 1 0 1 0 
Best sequence:
0 2 3 8 9 1 4 5 6 7 
0 1 1 0 1 1 0 0 0 1 
1 0 0 1 1 0 1 0 0 1 
0 0 1 1 0 1 1 0 0 1 
0 0 1 1 0 1 1 1 0 0 
1 0 1 0 1 0 1 0 1 0 
1 1 0 1 0 0 1 0 0 1 
1 1 1 1 1 0 0 0 0 0 
1 1 0 0 0 1 0 0 1 1 
1 0 1 0 1 0 1 1 0 0 
0 1 0 1 0 1 1 1 0 0 
0 0 1 1 1 1 0 0 1 0 
0 1 0 1 0 0 1 1 1 0 
1 0 1 0 1 0 0 1 0 1 
1 1 1 0 1 0 0 0 1 0 
1 0 1 0 0 0 1 1 1 0 
0 1 0 0 0 1 0 1 1 1 
0 0 0 1 1 1 0 1 0 1 
0 1 0 0 1 1 0 0 1 1 
0 0 0 0 0 1 1 1 1 1 
1 1 0 1 0 0 0 1 1 0 
OpenStacks: 19
Took 0.03 seconds

Solved: 40 instances
totalTime: 2.2 seconds
minTime: 0.02 seconds
maxTime: 0.99 seconds
Average: 0.055 seconds
