Solving by Brute Force...
buffer: Warwick 981: balanced orders and products, 2 products per order
numCustomers: 20
numProducts: 10
0 0 0 1 0 0 0 0 1 0 
0 1 0 0 1 0 0 0 0 0 
0 0 0 1 0 1 0 0 0 0 
0 1 0 1 0 0 0 0 0 0 
0 0 1 0 1 0 0 0 0 0 
0 0 0 0 0 0 1 0 1 0 
1 0 0 0 0 1 0 0 0 0 
0 0 0 0 0 0 1 0 0 1 
0 0 1 0 0 1 0 0 0 0 
0 0 0 1 0 0 0 0 1 0 
0 0 0 0 1 0 1 0 0 0 
0 0 1 0 0 0 0 0 0 1 
0 0 1 0 0 0 0 1 0 0 
0 1 0 0 0 0 0 1 0 0 
1 1 0 0 0 0 0 0 0 0 
0 0 0 0 1 1 0 0 0 0 
1 0 0 0 0 0 0 1 0 0 
0 0 0 0 0 0 0 1 0 1 
0 0 0 0 0 0 1 0 0 1 
1 0 0 0 0 0 0 0 1 0 
numSequences: 3628800
minStacks: 8
Best sequence:
9 7 6 2 4 1 0 5 3 8 
0 0 0 0 0 0 0 0 1 1 
0 0 0 0 1 1 0 0 0 0 
0 0 0 0 0 0 0 1 1 0 
0 0 0 0 0 1 0 0 1 0 
0 0 0 1 1 0 0 0 0 0 
0 0 1 0 0 0 0 0 0 1 
0 0 0 0 0 0 1 1 0 0 
1 0 1 0 0 0 0 0 0 0 
0 0 0 1 0 0 0 1 0 0 
0 0 0 0 0 0 0 0 1 1 
0 0 1 0 1 0 0 0 0 0 
1 0 0 1 0 0 0 0 0 0 
0 1 0 1 0 0 0 0 0 0 
0 1 0 0 0 1 0 0 0 0 
0 0 0 0 0 1 1 0 0 0 
0 0 0 0 1 0 0 1 0 0 
0 1 0 0 0 0 1 0 0 0 
1 1 0 0 0 0 0 0 0 0 
1 0 1 0 0 0 0 0 0 0 
0 0 0 0 0 0 1 0 0 1 
Open stacks: 8
Took 9.08 seconds

buffer: Warwick 982: balanced orders and products, 2 products per order
numCustomers: 20
numProducts: 10
1 0 0 0 0 1 0 0 0 0 
1 0 0 0 0 0 0 1 0 0 
0 0 0 0 1 0 1 0 0 0 
0 1 0 0 0 0 0 1 0 0 
0 0 1 0 0 0 0 1 0 0 
0 0 0 0 1 0 1 0 0 0 
0 0 0 0 0 0 1 0 0 1 
0 1 0 1 0 0 0 0 0 0 
0 0 1 0 1 0 0 0 0 0 
1 0 0 0 0 0 1 0 0 0 
0 0 0 0 0 0 0 0 1 1 
0 1 0 0 0 0 0 0 1 0 
0 0 0 1 1 0 0 0 0 0 
0 0 0 1 0 0 0 0 1 0 
0 1 0 0 0 1 0 0 0 0 
0 0 1 0 0 1 0 0 0 0 
0 0 1 0 0 0 0 0 0 1 
0 0 0 1 0 0 0 1 0 0 
1 0 0 0 0 1 0 0 0 0 
0 0 0 0 0 0 0 0 1 1 
numSequences: 3628800
minStacks: 8
Best sequence:
9 8 6 4 2 3 1 5 0 7 
0 0 0 0 0 0 0 1 1 0 
0 0 0 0 0 0 0 0 1 1 
0 0 1 1 0 0 0 0 0 0 
0 0 0 0 0 0 1 0 0 1 
0 0 0 0 1 0 0 0 0 1 
0 0 1 1 0 0 0 0 0 0 
1 0 1 0 0 0 0 0 0 0 
0 0 0 0 0 1 1 0 0 0 
0 0 0 1 1 0 0 0 0 0 
0 0 1 0 0 0 0 0 1 0 
1 1 0 0 0 0 0 0 0 0 
0 1 0 0 0 0 1 0 0 0 
0 0 0 1 0 1 0 0 0 0 
0 1 0 0 0 1 0 0 0 0 
0 0 0 0 0 0 1 1 0 0 
0 0 0 0 1 0 0 1 0 0 
1 0 0 0 1 0 0 0 0 0 
0 0 0 0 0 1 0 0 0 1 
0 0 0 0 0 0 0 1 1 0 
1 1 0 0 0 0 0 0 0 0 
Open stacks: 8
Took 8.21 seconds

buffer: Warwick 983: balanced orders and products, 2 products per order
numCustomers: 20
numProducts: 10
0 0 0 0 0 0 0 1 0 1 
1 0 0 0 0 0 0 0 1 0 
1 0 0 0 1 0 0 0 0 0 
0 0 0 1 0 1 0 0 0 0 
0 0 0 0 1 1 0 0 0 0 
0 0 0 0 0 0 0 1 0 1 
0 0 0 0 0 0 0 1 1 0 
0 1 1 0 0 0 0 0 0 0 
0 1 0 0 1 0 0 0 0 0 
0 1 0 0 0 0 0 0 0 1 
0 1 1 0 0 0 0 0 0 0 
0 0 1 0 0 0 1 0 0 0 
0 0 0 1 0 0 1 0 0 0 
0 0 0 0 0 0 0 1 1 0 
0 0 1 0 0 0 0 0 0 1 
0 0 0 0 0 0 1 0 1 0 
0 0 0 1 0 0 1 0 0 0 
0 0 0 1 0 1 0 0 0 0 
1 0 0 0 0 1 0 0 0 0 
1 0 0 0 1 0 0 0 0 0 
numSequences: 3628800
minStacks: 6
Best sequence:
2 1 9 7 8 6 3 5 0 4 
0 0 1 1 0 0 0 0 0 0 
0 0 0 0 1 0 0 0 1 0 
0 0 0 0 0 0 0 0 1 1 
0 0 0 0 0 0 1 1 0 0 
0 0 0 0 0 0 0 1 0 1 
0 0 1 1 0 0 0 0 0 0 
0 0 0 1 1 0 0 0 0 0 
1 1 0 0 0 0 0 0 0 0 
0 1 0 0 0 0 0 0 0 1 
0 1 1 0 0 0 0 0 0 0 
1 1 0 0 0 0 0 0 0 0 
1 0 0 0 0 1 0 0 0 0 
0 0 0 0 0 1 1 0 0 0 
0 0 0 1 1 0 0 0 0 0 
1 0 1 0 0 0 0 0 0 0 
0 0 0 0 1 1 0 0 0 0 
0 0 0 0 0 1 1 0 0 0 
0 0 0 0 0 0 1 1 0 0 
0 0 0 0 0 0 0 1 1 0 
0 0 0 0 0 0 0 0 1 1 
Open stacks: 6
Took 8.22 seconds

buffer: Warwick 984: balanced orders and products, 2 products per order
numCustomers: 20
numProducts: 10
1 0 0 0 0 1 0 0 0 0 
0 0 0 1 0 0 0 0 0 1 
1 0 0 1 0 0 0 0 0 0 
0 0 0 0 0 0 0 0 1 1 
0 0 0 0 1 0 0 1 0 0 
0 1 1 0 0 0 0 0 0 0 
0 0 1 0 0 0 1 0 0 0 
1 0 0 0 0 1 0 0 0 0 
0 0 0 0 0 0 0 1 0 1 
0 1 0 0 0 1 0 0 0 0 
0 1 0 0 0 0 0 0 1 0 
0 0 0 0 1 0 0 0 0 1 
0 1 0 0 0 0 1 0 0 0 
0 0 0 0 1 0 0 1 0 0 
0 0 0 0 0 0 1 1 0 0 
0 0 1 0 0 0 0 0 1 0 
0 0 1 0 0 0 1 0 0 0 
0 0 0 1 0 1 0 0 0 0 
1 0 0 1 0 0 0 0 0 0 
0 0 0 0 1 0 0 0 1 0 
numSequences: 3628800
minStacks: 7
Best sequence:
9 7 4 8 6 2 1 3 0 5 
0 0 0 0 0 0 0 0 1 1 
1 0 0 0 0 0 0 1 0 0 
0 0 0 0 0 0 0 1 1 0 
1 0 0 1 0 0 0 0 0 0 
0 1 1 0 0 0 0 0 0 0 
0 0 0 0 0 1 1 0 0 0 
0 0 0 0 1 1 0 0 0 0 
0 0 0 0 0 0 0 0 1 1 
1 1 0 0 0 0 0 0 0 0 
0 0 0 0 0 0 1 0 0 1 
0 0 0 1 0 0 1 0 0 0 
1 0 1 0 0 0 0 0 0 0 
0 0 0 0 1 0 1 0 0 0 
0 1 1 0 0 0 0 0 0 0 
0 1 0 0 1 0 0 0 0 0 
0 0 0 1 0 1 0 0 0 0 
0 0 0 0 1 1 0 0 0 0 
0 0 0 0 0 0 0 1 0 1 
0 0 0 0 0 0 0 1 1 0 
0 0 1 1 0 0 0 0 0 0 
Open stacks: 7
Took 8.21 seconds

buffer: Warwick 985: balanced orders and products, 2 products per order
numCustomers: 20
numProducts: 10
0 1 0 0 0 0 0 0 1 0 
0 1 0 0 1 0 0 0 0 0 
0 1 0 0 1 0 0 0 0 0 
0 0 0 0 1 0 0 0 0 1 
1 0 0 0 0 0 1 0 0 0 
0 0 0 0 0 0 0 1 1 0 
0 0 1 1 0 0 0 0 0 0 
1 0 1 0 0 0 0 0 0 0 
0 0 1 0 0 0 0 0 1 0 
0 0 0 0 0 0 1 1 0 0 
0 0 0 0 0 0 0 1 0 1 
0 1 0 0 0 0 0 0 0 1 
0 0 0 1 0 1 0 0 0 0 
0 0 0 1 0 0 1 0 0 0 
0 0 0 0 0 0 1 0 1 0 
0 0 0 0 1 0 0 1 0 0 
1 0 0 0 0 0 0 0 0 1 
1 0 0 0 0 1 0 0 0 0 
0 0 0 1 0 1 0 0 0 0 
0 0 1 0 0 1 0 0 0 0 
numSequences: 3628800
minStacks: 6
Best sequence:
4 1 9 7 8 6 0 2 3 5 
0 1 0 0 1 0 0 0 0 0 
1 1 0 0 0 0 0 0 0 0 
1 1 0 0 0 0 0 0 0 0 
1 0 1 0 0 0 0 0 0 0 
0 0 0 0 0 1 1 0 0 0 
0 0 0 1 1 0 0 0 0 0 
0 0 0 0 0 0 0 1 1 0 
0 0 0 0 0 0 1 1 0 0 
0 0 0 0 1 0 0 1 0 0 
0 0 0 1 0 1 0 0 0 0 
0 0 1 1 0 0 0 0 0 0 
0 1 1 0 0 0 0 0 0 0 
0 0 0 0 0 0 0 0 1 1 
0 0 0 0 0 1 0 0 1 0 
0 0 0 0 1 1 0 0 0 0 
1 0 0 1 0 0 0 0 0 0 
0 0 1 0 0 0 1 0 0 0 
0 0 0 0 0 0 1 0 0 1 
0 0 0 0 0 0 0 0 1 1 
0 0 0 0 0 0 0 1 0 1 
Open stacks: 6
Took 8.21 seconds

buffer: Warwick 986: balanced orders and products, 2 products per order
numCustomers: 20
numProducts: 10
0 0 0 0 1 1 0 0 0 0 
0 1 0 0 0 1 0 0 0 0 
0 1 1 0 0 0 0 0 0 0 
1 0 0 0 0 0 0 0 0 1 
0 0 0 0 0 0 0 1 0 1 
0 0 0 1 0 0 0 0 1 0 
0 0 1 0 1 0 0 0 0 0 
0 0 0 1 0 0 1 0 0 0 
0 0 0 0 0 1 1 0 0 0 
1 1 0 0 0 0 0 0 0 0 
0 0 1 0 0 0 0 0 1 0 
1 0 0 1 0 0 0 0 0 0 
0 0 0 0 0 0 1 1 0 0 
0 1 1 0 0 0 0 0 0 0 
1 0 0 0 0 0 0 0 0 1 
0 0 0 1 1 0 0 0 0 0 
0 0 0 0 0 0 0 1 1 0 
0 0 0 0 1 0 1 0 0 0 
0 0 0 0 0 1 0 0 0 1 
0 0 0 0 0 0 0 1 1 0 
numSequences: 3628800
minStacks: 8
Best sequence:
9 5 0 1 2 4 3 6 7 8 
0 1 0 0 0 1 0 0 0 0 
0 1 0 1 0 0 0 0 0 0 
0 0 0 1 1 0 0 0 0 0 
1 0 1 0 0 0 0 0 0 0 
1 0 0 0 0 0 0 0 1 0 
0 0 0 0 0 0 1 0 0 1 
0 0 0 0 1 1 0 0 0 0 
0 0 0 0 0 0 1 1 0 0 
0 1 0 0 0 0 0 1 0 0 
0 0 1 1 0 0 0 0 0 0 
0 0 0 0 1 0 0 0 0 1 
0 0 1 0 0 0 1 0 0 0 
0 0 0 0 0 0 0 1 1 0 
0 0 0 1 1 0 0 0 0 0 
1 0 1 0 0 0 0 0 0 0 
0 0 0 0 0 1 1 0 0 0 
0 0 0 0 0 0 0 0 1 1 
0 0 0 0 0 1 0 1 0 0 
1 1 0 0 0 0 0 0 0 0 
0 0 0 0 0 0 0 0 1 1 
Open stacks: 8
Took 8.21 seconds

buffer: Warwick 987: balanced orders and products, 2 products per order
numCustomers: 20
numProducts: 10
0 0 0 0 1 0 1 0 0 0 
0 1 0 0 0 1 0 0 0 0 
0 0 0 1 0 0 0 0 1 0 
1 0 1 0 0 0 0 0 0 0 
0 0 0 0 0 0 0 1 0 1 
0 1 0 0 0 1 0 0 0 0 
1 0 0 0 0 0 1 0 0 0 
0 0 0 0 0 0 1 0 0 1 
0 0 0 0 1 1 0 0 0 0 
1 0 1 0 0 0 0 0 0 0 
1 0 0 0 0 0 0 0 0 1 
0 0 0 1 1 0 0 0 0 0 
0 0 0 1 1 0 0 0 0 0 
0 0 0 0 0 0 0 1 1 0 
0 0 0 1 0 0 0 0 0 1 
0 1 0 0 0 0 0 0 1 0 
0 1 1 0 0 0 0 0 0 0 
0 0 0 0 0 0 0 1 1 0 
0 0 1 0 0 0 1 0 0 0 
0 0 0 0 0 1 0 1 0 0 
numSequences: 3628800
minStacks: 7
Best sequence:
2 0 9 6 3 4 1 5 7 8 
0 0 0 1 0 1 0 0 0 0 
0 0 0 0 0 0 1 1 0 0 
0 0 0 0 1 0 0 0 0 1 
1 1 0 0 0 0 0 0 0 0 
0 0 1 0 0 0 0 0 1 0 
0 0 0 0 0 0 1 1 0 0 
0 1 0 1 0 0 0 0 0 0 
0 0 1 1 0 0 0 0 0 0 
0 0 0 0 0 1 0 1 0 0 
1 1 0 0 0 0 0 0 0 0 
0 1 1 0 0 0 0 0 0 0 
0 0 0 0 1 1 0 0 0 0 
0 0 0 0 1 1 0 0 0 0 
0 0 0 0 0 0 0 0 1 1 
0 0 1 0 1 0 0 0 0 0 
0 0 0 0 0 0 1 0 0 1 
1 0 0 0 0 0 1 0 0 0 
0 0 0 0 0 0 0 0 1 1 
1 0 0 1 0 0 0 0 0 0 
0 0 0 0 0 0 0 1 1 0 
Open stacks: 7
Took 8.22 seconds

buffer: Warwick 988: balanced orders and products, 2 products per order
numCustomers: 20
numProducts: 10
0 0 0 0 0 1 0 1 0 0 
1 0 0 1 0 0 0 0 0 0 
1 0 0 0 0 0 0 1 0 0 
0 0 0 0 0 0 1 1 0 0 
0 0 1 0 0 1 0 0 0 0 
0 0 0 0 0 0 0 1 0 1 
0 1 1 0 0 0 0 0 0 0 
1 0 0 0 1 0 0 0 0 0 
1 0 0 0 0 0 0 0 1 0 
0 0 0 0 1 0 1 0 0 0 
0 1 0 0 1 0 0 0 0 0 
0 0 0 0 0 0 1 0 0 1 
0 1 0 0 0 0 0 0 1 0 
0 0 1 1 0 0 0 0 0 0 
0 0 1 1 0 0 0 0 0 0 
0 1 0 0 0 0 0 0 0 1 
0 0 0 0 1 1 0 0 0 0 
0 0 0 1 0 0 1 0 0 0 
0 0 0 0 0 1 0 0 1 0 
0 0 0 0 0 0 0 0 1 1 
numSequences: 3628800
minStacks: 10
Best sequence:
9 6 3 2 1 4 0 5 7 8 
0 0 0 0 0 0 0 1 1 0 
0 0 1 0 0 0 1 0 0 0 
0 0 0 0 0 0 1 0 1 0 
0 1 0 0 0 0 0 0 1 0 
0 0 0 1 0 0 0 1 0 0 
1 0 0 0 0 0 0 0 1 0 
0 0 0 1 1 0 0 0 0 0 
0 0 0 0 0 1 1 0 0 0 
0 0 0 0 0 0 1 0 0 1 
0 1 0 0 0 1 0 0 0 0 
0 0 0 0 1 1 0 0 0 0 
1 1 0 0 0 0 0 0 0 0 
0 0 0 0 1 0 0 0 0 1 
0 0 1 1 0 0 0 0 0 0 
0 0 1 1 0 0 0 0 0 0 
1 0 0 0 1 0 0 0 0 0 
0 0 0 0 0 1 0 1 0 0 
0 1 1 0 0 0 0 0 0 0 
0 0 0 0 0 0 0 1 0 1 
1 0 0 0 0 0 0 0 0 1 
Open stacks: 10
Took 8.21 seconds

buffer: Warwick 989: balanced orders and products, 2 products per order
numCustomers: 20
numProducts: 10
0 0 0 1 0 0 0 1 0 0 
0 0 0 0 0 0 1 0 1 0 
0 0 1 0 0 1 0 0 0 0 
0 0 0 0 1 0 1 0 0 0 
0 1 0 0 0 0 0 0 0 1 
1 0 0 0 1 0 0 0 0 0 
0 0 0 0 0 0 0 1 0 1 
0 0 0 0 0 1 0 0 1 0 
0 0 0 1 1 0 0 0 0 0 
0 1 0 1 0 0 0 0 0 0 
0 0 1 0 1 0 0 0 0 0 
0 0 0 0 0 0 1 1 0 0 
1 1 0 0 0 0 0 0 0 0 
0 0 0 0 0 1 0 1 0 0 
0 0 0 1 0 0 0 0 0 1 
1 0 0 0 0 0 0 0 0 1 
1 1 0 0 0 0 0 0 0 0 
0 0 1 0 0 0 0 0 1 0 
0 0 0 0 0 1 1 0 0 0 
0 0 1 0 0 0 0 0 1 0 
numSequences: 3628800
minStacks: 6
Best sequence:
1 0 9 3 7 4 6 5 2 8 
0 0 0 1 1 0 0 0 0 0 
0 0 0 0 0 0 1 0 0 1 
0 0 0 0 0 0 0 1 1 0 
0 0 0 0 0 1 1 0 0 0 
1 0 1 0 0 0 0 0 0 0 
0 1 0 0 0 1 0 0 0 0 
0 0 1 0 1 0 0 0 0 0 
0 0 0 0 0 0 0 1 0 1 
0 0 0 1 0 1 0 0 0 0 
1 0 0 1 0 0 0 0 0 0 
0 0 0 0 0 1 0 0 1 0 
0 0 0 0 1 0 1 0 0 0 
1 1 0 0 0 0 0 0 0 0 
0 0 0 0 1 0 0 1 0 0 
0 0 1 1 0 0 0 0 0 0 
0 1 1 0 0 0 0 0 0 0 
1 1 0 0 0 0 0 0 0 0 
0 0 0 0 0 0 0 0 1 1 
0 0 0 0 0 0 1 1 0 0 
0 0 0 0 0 0 0 0 1 1 
Open stacks: 6
Took 8.21 seconds

buffer: Warwick 990: balanced orders and products, 2 products per order
numCustomers: 20
numProducts: 10
1 0 0 0 1 0 0 0 0 0 
0 0 1 0 0 0 0 0 1 0 
0 1 0 0 0 0 0 0 1 0 
0 0 0 0 0 0 1 0 1 0 
0 0 0 1 1 0 0 0 0 0 
0 0 0 0 0 1 0 0 0 1 
0 1 0 0 0 0 0 0 0 1 
0 0 0 0 1 0 1 0 0 0 
1 0 0 0 0 1 0 0 0 0 
0 0 0 0 1 0 0 1 0 0 
0 0 1 0 0 0 0 1 0 0 
0 0 0 1 0 0 0 0 0 1 
0 0 0 0 0 1 0 0 1 0 
0 0 0 1 0 0 0 1 0 0 
1 0 1 0 0 0 0 0 0 0 
0 0 1 0 0 1 0 0 0 0 
1 0 0 0 0 0 1 0 0 0 
0 1 0 0 0 0 0 0 0 1 
0 0 0 1 0 0 1 0 0 0 
0 1 0 0 0 0 0 1 0 0 
numSequences: 3628800
minStacks: 8
Best sequence:
9 1 7 3 4 6 0 2 5 8 
0 0 0 0 1 0 1 0 0 0 
0 0 0 0 0 0 0 1 0 1 
0 1 0 0 0 0 0 0 0 1 
0 0 0 0 0 1 0 0 0 1 
0 0 0 1 1 0 0 0 0 0 
1 0 0 0 0 0 0 0 1 0 
1 1 0 0 0 0 0 0 0 0 
0 0 0 0 1 1 0 0 0 0 
0 0 0 0 0 0 1 0 1 0 
0 0 1 0 1 0 0 0 0 0 
0 0 1 0 0 0 0 1 0 0 
1 0 0 1 0 0 0 0 0 0 
0 0 0 0 0 0 0 0 1 1 
0 0 1 1 0 0 0 0 0 0 
0 0 0 0 0 0 1 1 0 0 
0 0 0 0 0 0 0 1 1 0 
0 0 0 0 0 1 1 0 0 0 
1 1 0 0 0 0 0 0 0 0 
0 0 0 1 0 1 0 0 0 0 
0 1 1 0 0 0 0 0 0 0 
Open stacks: 8
Took 8.22 seconds

buffer: Warwick 991: balanced orders and products, 3 products per order
numCustomers: 20
numProducts: 10
0 0 0 0 1 0 1 0 0 1 
1 0 0 1 0 0 1 0 0 0 
1 1 0 0 1 0 0 0 0 0 
0 1 0 0 1 1 0 0 0 0 
0 0 1 0 0 1 1 0 0 0 
0 0 1 0 0 1 0 0 1 0 
0 1 0 1 0 0 0 0 0 1 
0 0 1 0 0 0 0 0 1 1 
1 0 0 0 0 0 1 0 1 0 
0 1 0 0 0 0 0 1 0 1 
0 0 1 0 0 0 1 1 0 0 
0 0 0 0 0 1 0 1 1 0 
1 0 1 0 0 1 0 0 0 0 
0 0 1 1 0 0 0 0 1 0 
0 0 0 1 1 0 0 1 0 0 
0 1 0 0 0 1 0 0 0 1 
0 0 0 1 1 0 0 0 0 1 
1 1 0 0 0 0 0 1 0 0 
0 0 0 1 1 0 0 1 0 0 
1 0 0 0 0 0 1 0 1 0 
numSequences: 3628800
minStacks: 13
Best sequence:
9 4 3 1 7 2 5 0 6 8 
1 1 0 0 0 0 0 0 1 0 
0 0 1 0 0 0 0 1 1 0 
0 1 0 1 0 0 0 1 0 0 
0 1 0 1 0 0 1 0 0 0 
0 0 0 0 0 1 1 0 1 0 
0 0 0 0 0 1 1 0 0 1 
1 0 1 1 0 0 0 0 0 0 
1 0 0 0 0 1 0 0 0 1 
0 0 0 0 0 0 0 1 1 1 
1 0 0 1 1 0 0 0 0 0 
0 0 0 0 1 1 0 0 1 0 
0 0 0 0 1 0 1 0 0 1 
0 0 0 0 0 1 1 1 0 0 
0 0 1 0 0 1 0 0 0 1 
0 1 1 0 1 0 0 0 0 0 
1 0 0 1 0 0 1 0 0 0 
1 1 1 0 0 0 0 0 0 0 
0 0 0 1 1 0 0 1 0 0 
0 1 1 0 1 0 0 0 0 0 
0 0 0 0 0 0 0 1 1 1 
Open stacks: 13
Took 8.25 seconds

buffer: Warwick 992: balanced orders and products, 3 products per order
numCustomers: 20
numProducts: 10
0 0 1 0 1 0 0 0 1 0 
0 0 0 1 1 0 0 1 0 0 
1 0 1 0 0 0 0 0 1 0 
0 1 0 1 1 0 0 0 0 0 
1 0 0 0 0 0 1 0 0 1 
0 0 1 0 0 0 1 0 0 1 
0 0 1 0 0 0 0 1 1 0 
1 0 1 0 0 0 0 0 0 1 
0 0 0 0 0 1 1 1 0 0 
1 0 0 1 0 0 0 1 0 0 
0 0 0 1 1 0 0 0 1 0 
0 0 0 0 0 1 1 0 0 1 
0 0 0 1 1 0 0 1 0 0 
0 1 0 0 1 0 0 1 0 0 
0 1 0 0 0 1 1 0 0 0 
0 0 0 0 0 1 1 0 0 1 
0 1 0 1 0 1 0 0 0 0 
1 0 1 0 0 0 0 0 1 0 
0 1 0 0 0 0 0 0 1 1 
1 1 0 0 0 1 0 0 0 0 
numSequences: 3628800
minStacks: 12
Best sequence:
9 6 5 0 2 1 7 3 4 8 
0 0 0 0 1 0 0 0 1 1 
0 0 0 0 0 0 1 1 1 0 
0 0 0 1 1 0 0 0 0 1 
0 0 0 0 0 1 0 1 1 0 
1 1 0 1 0 0 0 0 0 0 
1 1 0 0 1 0 0 0 0 0 
0 0 0 0 1 0 1 0 0 1 
1 0 0 1 1 0 0 0 0 0 
0 1 1 0 0 0 1 0 0 0 
0 0 0 1 0 0 1 1 0 0 
0 0 0 0 0 0 0 1 1 1 
1 1 1 0 0 0 0 0 0 0 
0 0 0 0 0 0 1 1 1 0 
0 0 0 0 0 1 1 0 1 0 
0 1 1 0 0 1 0 0 0 0 
1 1 1 0 0 0 0 0 0 0 
0 0 1 0 0 1 0 1 0 0 
0 0 0 1 1 0 0 0 0 1 
1 0 0 0 0 1 0 0 0 1 
0 0 1 1 0 1 0 0 0 0 
Open stacks: 12
Took 8.26 seconds

buffer: Warwick 993: balanced orders and products, 3 products per order
numCustomers: 20
numProducts: 10
0 0 1 0 0 1 0 0 1 0 
1 0 0 0 0 0 0 1 0 1 
1 0 0 0 0 1 0 0 1 0 
0 1 0 1 1 0 0 0 0 0 
1 1 0 0 0 1 0 0 0 0 
0 0 0 0 1 0 0 1 0 1 
0 1 0 0 1 0 0 0 1 0 
0 0 1 0 0 1 0 1 0 0 
0 0 0 0 1 0 1 0 1 0 
0 1 0 1 0 0 1 0 0 0 
0 1 0 0 1 0 0 1 0 0 
0 0 1 0 0 0 0 1 0 1 
0 0 1 1 0 0 1 0 0 0 
0 0 1 1 0 0 1 0 0 0 
0 1 0 0 0 0 0 1 0 1 
1 0 0 0 0 0 0 0 1 1 
1 0 0 1 1 0 0 0 0 0 
0 0 1 0 0 0 0 0 1 1 
0 0 0 1 0 1 1 0 0 0 
1 0 0 0 0 1 1 0 0 0 
numSequences: 3628800
minStacks: 13
Best sequence:
9 7 4 1 8 0 5 3 2 6 
0 0 0 0 1 0 1 0 1 0 
1 1 0 0 0 1 0 0 0 0 
0 0 0 0 1 1 1 0 0 0 
0 0 1 1 0 0 0 1 0 0 
0 0 0 1 0 1 1 0 0 0 
1 1 1 0 0 0 0 0 0 0 
0 0 1 1 1 0 0 0 0 0 
0 1 0 0 0 0 1 0 1 0 
0 0 1 0 1 0 0 0 0 1 
0 0 0 1 0 0 0 1 0 1 
0 1 1 1 0 0 0 0 0 0 
1 1 0 0 0 0 0 0 1 0 
0 0 0 0 0 0 0 1 1 1 
0 0 0 0 0 0 0 1 1 1 
1 1 0 1 0 0 0 0 0 0 
1 0 0 0 1 1 0 0 0 0 
0 0 1 0 0 1 0 1 0 0 
1 0 0 0 1 0 0 0 1 0 
0 0 0 0 0 0 1 1 0 1 
0 0 0 0 0 1 1 0 0 1 
Open stacks: 13
Took 8.26 seconds

buffer: Warwick 994: balanced orders and products, 3 products per order
numCustomers: 20
numProducts: 10
0 0 0 1 0 0 1 1 0 0 
0 0 1 1 0 0 0 1 0 0 
1 1 0 0 1 0 0 0 0 0 
0 1 0 0 0 1 1 0 0 0 
0 0 0 0 0 0 0 1 1 1 
0 0 0 1 1 0 0 1 0 0 
1 1 0 0 0 1 0 0 0 0 
0 0 1 0 0 0 0 1 0 1 
0 1 0 0 0 1 0 0 1 0 
0 0 0 0 0 1 1 1 0 0 
0 1 1 0 1 0 0 0 0 0 
0 0 0 0 1 0 1 0 0 1 
1 0 1 0 1 0 0 0 0 0 
1 0 0 0 1 0 0 0 0 1 
0 1 1 0 0 0 0 0 1 0 
1 0 1 0 0 0 0 0 1 0 
0 0 0 1 0 0 1 0 0 1 
0 0 0 1 0 0 0 0 1 1 
0 0 0 0 0 1 1 0 1 0 
1 0 0 1 0 1 0 0 0 0 
numSequences: 3628800
minStacks: 14
Best sequence:
9 7 2 3 4 0 1 5 6 8 
0 1 0 1 0 0 0 0 1 0 
0 1 1 1 0 0 0 0 0 0 
0 0 0 0 1 1 1 0 0 0 
0 0 0 0 0 0 1 1 1 0 
1 1 0 0 0 0 0 0 0 1 
0 1 0 1 1 0 0 0 0 0 
0 0 0 0 0 1 1 1 0 0 
1 1 1 0 0 0 0 0 0 0 
0 0 0 0 0 0 1 1 0 1 
0 1 0 0 0 0 0 1 1 0 
0 0 1 0 1 0 1 0 0 0 
1 0 0 0 1 0 0 0 1 0 
0 0 1 0 1 1 0 0 0 0 
1 0 0 0 1 1 0 0 0 0 
0 0 1 0 0 0 1 0 0 1 
0 0 1 0 0 1 0 0 0 1 
1 0 0 1 0 0 0 0 1 0 
1 0 0 1 0 0 0 0 0 1 
0 0 0 0 0 0 0 1 1 1 
0 0 0 1 0 1 0 1 0 0 
Open stacks: 14
Took 8.25 seconds

buffer: Warwick 995: balanced orders and products, 3 products per order
numCustomers: 20
numProducts: 10
0 0 1 0 1 0 0 0 1 0 
0 0 0 1 0 0 1 1 0 0 
0 1 1 0 0 1 0 0 0 0 
1 0 0 0 0 0 0 1 0 1 
1 0 0 0 0 1 0 0 0 1 
0 0 0 1 1 0 1 0 0 0 
0 0 1 0 0 0 0 1 0 1 
0 1 1 0 0 1 0 0 0 0 
0 0 0 1 0 0 1 1 0 0 
1 1 0 0 0 0 1 0 0 0 
0 0 0 1 1 1 0 0 0 0 
0 0 0 1 0 0 0 0 1 1 
1 0 0 0 0 0 0 0 1 1 
1 1 0 0 1 0 0 0 0 0 
0 0 0 1 0 0 1 0 1 0 
0 1 0 0 0 1 0 0 1 0 
0 0 0 0 0 0 1 1 1 0 
0 0 1 0 1 1 0 0 0 0 
1 0 0 0 1 0 0 1 0 0 
0 1 1 0 0 0 0 0 0 1 
numSequences: 3628800
minStacks: 12
Best sequence:
5 2 1 9 0 4 8 6 3 7 
0 1 0 0 0 1 1 0 0 0 
0 0 0 0 0 0 0 1 1 1 
1 1 1 0 0 0 0 0 0 0 
0 0 0 1 1 0 0 0 0 1 
1 0 0 1 1 0 0 0 0 0 
0 0 0 0 0 1 0 1 1 0 
0 1 0 1 0 0 0 0 0 1 
1 1 1 0 0 0 0 0 0 0 
0 0 0 0 0 0 0 1 1 1 
0 0 1 0 1 0 0 1 0 0 
1 0 0 0 0 1 0 0 1 0 
0 0 0 1 0 0 1 0 1 0 
0 0 0 1 1 0 1 0 0 0 
0 0 1 0 1 1 0 0 0 0 
0 0 0 0 0 0 1 1 1 0 
1 0 1 0 0 0 1 0 0 0 
0 0 0 0 0 0 1 1 0 1 
1 1 0 0 0 1 0 0 0 0 
0 0 0 0 1 1 0 0 0 1 
0 1 1 1 0 0 0 0 0 0 
Open stacks: 12
Took 8.26 seconds

buffer: Warwick 996: balanced orders and products, 3 products per order
numCustomers: 20
numProducts: 10
0 0 0 1 1 0 0 0 1 0 
0 1 0 1 0 1 0 0 0 0 
1 0 1 0 0 0 0 1 0 0 
1 0 1 0 0 0 0 0 0 1 
0 0 1 0 0 0 0 0 1 1 
0 0 1 0 1 1 0 0 0 0 
0 1 0 0 0 0 0 1 1 0 
0 0 1 0 1 1 0 0 0 0 
1 0 0 0 0 0 1 1 0 0 
0 1 0 1 0 0 1 0 0 0 
0 0 0 0 0 0 1 0 1 1 
0 1 0 0 0 1 0 0 0 1 
0 0 0 1 0 0 1 1 0 0 
0 1 1 0 0 0 0 0 0 1 
1 1 0 0 0 1 0 0 0 0 
0 0 0 0 1 0 1 0 1 0 
1 0 0 0 0 0 1 1 0 0 
0 0 0 1 1 0 0 1 0 0 
0 0 0 0 1 0 0 0 1 1 
1 0 0 1 0 1 0 0 0 0 
numSequences: 3628800
minStacks: 14
Best sequence:
9 5 1 2 0 7 3 4 6 8 
0 0 0 0 0 0 1 1 0 1 
0 1 1 0 0 0 1 0 0 0 
0 0 0 1 1 1 0 0 0 0 
1 0 0 1 1 0 0 0 0 0 
1 0 0 1 0 0 0 0 0 1 
0 1 0 1 0 0 0 1 0 0 
0 0 1 0 0 1 0 0 0 1 
0 1 0 1 0 0 0 1 0 0 
0 0 0 0 1 1 0 0 1 0 
0 0 1 0 0 0 1 0 1 0 
1 0 0 0 0 0 0 0 1 1 
1 1 1 0 0 0 0 0 0 0 
0 0 0 0 0 1 1 0 1 0 
1 0 1 1 0 0 0 0 0 0 
0 1 1 0 1 0 0 0 0 0 
0 0 0 0 0 0 0 1 1 1 
0 0 0 0 1 1 0 0 1 0 
0 0 0 0 0 1 1 1 0 0 
1 0 0 0 0 0 0 1 0 1 
0 1 0 0 1 0 1 0 0 0 
Open stacks: 14
Took 8.26 seconds

buffer: Warwick 997: balanced orders and products, 3 products per order
numCustomers: 20
numProducts: 10
1 0 1 0 0 0 1 0 0 0 
1 0 0 1 0 0 0 0 1 0 
1 0 0 1 0 0 1 0 0 0 
0 1 0 0 0 0 0 0 1 1 
0 0 0 0 1 0 1 0 0 1 
0 0 0 0 0 0 0 1 1 1 
0 1 0 0 0 1 0 0 1 0 
1 0 0 0 0 1 0 1 0 0 
1 0 0 0 1 0 0 0 0 1 
0 0 0 1 0 0 1 0 1 0 
0 0 1 0 0 0 0 1 0 1 
1 0 0 0 1 0 0 0 1 0 
0 1 1 0 1 0 0 0 0 0 
0 1 1 0 1 0 0 0 0 0 
0 0 0 1 0 1 1 0 0 0 
0 1 1 1 0 0 0 0 0 0 
0 1 1 0 0 0 0 0 0 1 
0 0 0 1 0 1 0 1 0 0 
0 0 0 0 1 1 0 1 0 0 
0 0 0 0 0 1 1 1 0 0 
numSequences: 3628800
minStacks: 13
Best sequence:
9 8 1 2 4 0 3 6 5 7 
0 0 0 1 0 1 0 1 0 0 
0 1 0 0 0 1 1 0 0 0 
0 0 0 0 0 1 1 1 0 0 
1 1 1 0 0 0 0 0 0 0 
1 0 0 0 1 0 0 1 0 0 
1 1 0 0 0 0 0 0 0 1 
0 1 1 0 0 0 0 0 1 0 
0 0 0 0 0 1 0 0 1 1 
1 0 0 0 1 1 0 0 0 0 
0 1 0 0 0 0 1 1 0 0 
1 0 0 1 0 0 0 0 0 1 
0 1 0 0 1 1 0 0 0 0 
0 0 1 1 1 0 0 0 0 0 
0 0 1 1 1 0 0 0 0 0 
0 0 0 0 0 0 1 1 1 0 
0 0 1 1 0 0 1 0 0 0 
1 0 1 1 0 0 0 0 0 0 
0 0 0 0 0 0 1 0 1 1 
0 0 0 0 1 0 0 0 1 1 
0 0 0 0 0 0 0 1 1 1 
Open stacks: 13
Took 8.25 seconds

buffer: Warwick 998: balanced orders and products, 3 products per order
numCustomers: 20
numProducts: 10
0 1 1 0 0 0 0 0 0 1 
1 0 0 0 1 0 1 0 0 0 
0 0 0 1 0 0 1 1 0 0 
1 0 1 0 0 0 0 0 1 0 
1 1 0 0 0 0 0 0 1 0 
1 1 0 0 0 0 0 0 0 1 
0 0 1 0 1 0 0 1 0 0 
0 0 0 0 1 1 1 0 0 0 
0 0 0 1 0 0 1 0 0 1 
0 0 0 0 1 0 0 1 1 0 
0 0 0 1 0 0 0 1 1 0 
0 0 1 1 0 0 1 0 0 0 
0 1 0 0 0 0 0 0 1 1 
0 0 0 1 0 1 1 0 0 0 
1 0 0 0 1 1 0 0 0 0 
0 0 1 0 0 1 0 1 0 0 
1 0 0 0 1 0 0 0 0 1 
0 1 0 0 0 0 0 1 0 1 
0 1 1 0 0 1 0 0 0 0 
0 0 0 1 0 1 0 0 1 0 
numSequences: 3628800
minStacks: 14
Best sequence:
9 8 1 0 2 4 5 6 3 7 
1 0 1 0 1 0 0 0 0 0 
0 0 0 1 0 1 0 1 0 0 
0 0 0 0 0 0 0 1 1 1 
0 1 0 1 1 0 0 0 0 0 
0 1 1 1 0 0 0 0 0 0 
1 0 1 1 0 0 0 0 0 0 
0 0 0 0 1 1 0 0 0 1 
0 0 0 0 0 1 1 1 0 0 
1 0 0 0 0 0 0 1 1 0 
0 1 0 0 0 1 0 0 0 1 
0 1 0 0 0 0 0 0 1 1 
0 0 0 0 1 0 0 1 1 0 
1 1 1 0 0 0 0 0 0 0 
0 0 0 0 0 0 1 1 1 0 
0 0 0 1 0 1 1 0 0 0 
0 0 0 0 1 0 1 0 0 1 
1 0 0 1 0 1 0 0 0 0 
1 0 1 0 0 0 0 0 0 1 
0 0 1 0 1 0 1 0 0 0 
0 1 0 0 0 0 1 0 1 0 
Open stacks: 14
Took 8.25 seconds

buffer: Warwick 999: balanced orders and products, 3 products per order
numCustomers: 20
numProducts: 10
1 0 1 1 0 0 0 0 0 0 
0 1 0 1 0 0 0 0 0 1 
0 0 0 1 1 1 0 0 0 0 
0 1 0 0 0 0 0 1 0 1 
0 0 0 1 1 1 0 0 0 0 
1 1 0 0 0 0 0 0 1 0 
1 0 1 0 0 0 1 0 0 0 
0 0 0 0 1 1 0 1 0 0 
0 0 0 0 0 1 1 0 0 1 
1 0 0 0 0 0 1 1 0 0 
0 0 1 0 0 0 0 1 0 1 
1 1 0 1 0 0 0 0 0 0 
0 0 0 0 0 0 1 1 0 1 
0 1 1 0 0 0 0 0 1 0 
0 0 1 0 1 1 0 0 0 0 
1 0 0 0 1 0 0 1 0 0 
0 0 0 1 0 0 0 0 1 1 
0 1 0 0 0 0 1 0 1 0 
0 0 1 0 0 0 1 0 1 0 
0 0 0 0 1 1 0 0 1 0 
numSequences: 3628800
minStacks: 14
Best sequence:
9 7 6 1 0 2 3 4 5 8 
0 0 0 0 1 1 1 0 0 0 
1 0 0 1 0 0 1 0 0 0 
0 0 0 0 0 0 1 1 1 0 
1 1 0 1 0 0 0 0 0 0 
0 0 0 0 0 0 1 1 1 0 
0 0 0 1 1 0 0 0 0 1 
0 0 1 0 1 1 0 0 0 0 
0 1 0 0 0 0 0 1 1 0 
1 0 1 0 0 0 0 0 1 0 
0 1 1 0 1 0 0 0 0 0 
1 1 0 0 0 1 0 0 0 0 
0 0 0 1 1 0 1 0 0 0 
1 1 1 0 0 0 0 0 0 0 
0 0 0 1 0 1 0 0 0 1 
0 0 0 0 0 1 0 1 1 0 
0 1 0 0 1 0 0 1 0 0 
1 0 0 0 0 0 1 0 0 1 
0 0 1 1 0 0 0 0 0 1 
0 0 1 0 0 1 0 0 0 1 
0 0 0 0 0 0 0 1 1 1 
Open stacks: 14
Took 8.25 seconds

buffer: Warwick 1000: balanced orders and products, 3 products per order
numCustomers: 20
numProducts: 10
1 0 0 1 0 1 0 0 0 0 
0 1 0 0 1 1 0 0 0 0 
1 1 0 0 0 0 0 0 0 1 
0 0 1 1 0 0 0 0 1 0 
0 0 0 1 1 0 0 1 0 0 
0 0 1 0 0 0 1 1 0 0 
0 1 1 0 0 0 1 0 0 0 
0 0 1 0 0 0 0 0 1 1 
1 0 0 0 0 1 0 1 0 0 
0 0 1 0 1 0 1 0 0 0 
0 1 0 1 0 0 0 0 0 1 
0 0 1 0 0 1 0 1 0 0 
1 0 0 0 0 0 0 1 1 0 
1 1 0 0 0 0 0 1 0 0 
1 0 0 1 1 0 0 0 0 0 
0 0 0 0 1 0 0 0 1 1 
0 0 0 0 1 0 1 0 1 0 
0 0 0 0 0 0 1 0 1 1 
0 1 0 0 0 1 0 0 0 1 
0 0 0 1 0 1 1 0 0 0 
numSequences: 3628800
minStacks: 15
Best sequence:
9 5 1 0 3 4 2 6 7 8 
0 1 0 1 1 0 0 0 0 0 
0 1 1 0 0 1 0 0 0 0 
1 0 1 1 0 0 0 0 0 0 
0 0 0 0 1 0 1 0 0 1 
0 0 0 0 1 1 0 0 1 0 
0 0 0 0 0 0 1 1 1 0 
0 0 1 0 0 0 1 1 0 0 
1 0 0 0 0 0 1 0 0 1 
0 1 0 1 0 0 0 0 1 0 
0 0 0 0 0 1 1 1 0 0 
1 0 1 0 1 0 0 0 0 0 
0 1 0 0 0 0 1 0 1 0 
0 0 0 1 0 0 0 0 1 1 
0 0 1 1 0 0 0 0 1 0 
0 0 0 1 1 1 0 0 0 0 
1 0 0 0 0 1 0 0 0 1 
0 0 0 0 0 1 0 1 0 1 
1 0 0 0 0 0 0 1 0 1 
1 1 1 0 0 0 0 0 0 0 
0 1 0 0 1 0 0 1 0 0 
Open stacks: 15
Took 8.26 seconds

buffer: Warwick 1001: balanced orders and products, 4 products per order
numCustomers: 20
numProducts: 10
0 1 1 0 0 0 0 1 0 1 
0 1 1 0 0 0 0 1 0 1 
0 0 0 0 1 0 0 1 1 1 
0 0 0 0 1 1 0 0 1 1 
1 1 1 0 0 0 1 0 0 0 
1 0 0 1 0 0 1 1 0 0 
1 0 0 1 0 1 0 1 0 0 
1 1 0 0 1 0 0 0 1 0 
0 1 1 1 0 0 1 0 0 0 
1 0 0 1 1 1 0 0 0 0 
0 0 1 0 0 1 0 1 1 0 
0 1 0 1 0 1 0 0 1 0 
1 0 0 0 0 0 1 1 0 1 
1 1 0 0 1 0 1 0 0 0 
1 1 0 0 0 1 0 0 1 0 
0 0 1 1 1 1 0 0 0 0 
0 0 0 1 1 0 1 0 0 1 
0 0 1 0 0 0 1 0 1 1 
0 0 0 0 1 0 1 1 1 0 
0 0 1 1 0 1 0 0 0 1 
numSequences: 3628800
minStacks: 18
Best sequence:
9 6 4 3 0 1 2 5 7 8 
1 0 0 0 0 1 1 0 1 0 
1 0 0 0 0 1 1 0 1 0 
1 0 1 0 0 0 0 0 1 1 
1 0 1 0 0 0 0 1 0 1 
0 1 0 0 1 1 1 0 0 0 
0 1 0 1 1 0 0 0 1 0 
0 0 0 1 1 0 0 1 1 0 
0 0 1 0 1 1 0 0 0 1 
0 1 0 1 0 1 1 0 0 0 
0 0 1 1 1 0 0 1 0 0 
0 0 0 0 0 0 1 1 1 1 
0 0 0 1 0 1 0 1 0 1 
1 1 0 0 1 0 0 0 1 0 
0 1 1 0 1 1 0 0 0 0 
0 0 0 0 1 1 0 1 0 1 
0 0 1 1 0 0 1 1 0 0 
1 1 1 1 0 0 0 0 0 0 
1 1 0 0 0 0 1 0 0 1 
0 1 1 0 0 0 0 0 1 1 
1 0 0 1 0 0 1 1 0 0 
Open stacks: 18
Took 8.33 seconds

buffer: Warwick 1002: balanced orders and products, 4 products per order
numCustomers: 20
numProducts: 10
0 1 0 0 1 0 0 1 0 1 
0 1 1 0 0 1 0 0 1 0 
0 1 1 0 0 1 0 0 1 0 
0 0 1 1 0 0 0 1 1 0 
1 0 0 0 1 0 1 0 1 0 
1 0 0 1 0 0 1 0 0 1 
1 0 0 1 0 0 0 1 1 0 
0 1 0 0 1 0 0 1 0 1 
1 1 0 1 0 0 0 0 0 1 
0 0 1 0 0 1 1 0 0 1 
0 0 0 1 1 1 0 1 0 0 
0 1 0 0 1 1 1 0 0 0 
0 1 1 0 1 0 1 0 0 0 
1 0 0 1 1 0 0 1 0 0 
1 0 1 0 0 1 0 0 1 0 
1 0 0 0 0 1 1 0 0 1 
0 0 1 0 0 0 1 1 1 0 
1 0 0 0 1 0 1 1 0 0 
0 0 1 1 0 0 0 0 1 1 
0 1 0 1 0 1 0 0 0 1 
numSequences: 3628800
minStacks: 17
Best sequence:
8 5 1 2 9 3 4 6 7 0 
0 0 1 0 1 0 1 0 1 0 
1 1 1 1 0 0 0 0 0 0 
1 1 1 1 0 0 0 0 0 0 
1 0 0 1 0 1 0 0 1 0 
1 0 0 0 0 0 1 1 0 1 
0 0 0 0 1 1 0 1 0 1 
1 0 0 0 0 1 0 0 1 1 
0 0 1 0 1 0 1 0 1 0 
0 0 1 0 1 1 0 0 0 1 
0 1 0 1 1 0 0 1 0 0 
0 1 0 0 0 1 1 0 1 0 
0 1 1 0 0 0 1 1 0 0 
0 0 1 1 0 0 1 1 0 0 
0 0 0 0 0 1 1 0 1 1 
1 1 0 1 0 0 0 0 0 1 
0 1 0 0 1 0 0 1 0 1 
1 0 0 1 0 0 0 1 1 0 
0 0 0 0 0 0 1 1 1 1 
1 0 0 1 1 1 0 0 0 0 
0 1 1 0 1 1 0 0 0 0 
Open stacks: 17
Took 8.32 seconds

buffer: Warwick 1003: balanced orders and products, 4 products per order
numCustomers: 20
numProducts: 10
0 1 0 0 0 1 0 1 0 1 
1 0 1 0 1 0 0 0 0 1 
0 0 1 1 0 1 0 1 0 0 
0 0 1 1 0 0 1 1 0 0 
0 1 1 1 1 0 0 0 0 0 
0 1 0 1 0 0 0 0 1 1 
0 1 0 0 0 1 0 0 1 1 
0 0 1 0 0 1 0 1 1 0 
0 1 0 0 0 0 0 1 1 1 
1 0 0 1 0 1 0 1 0 0 
1 0 0 0 0 0 1 0 1 1 
1 0 0 1 0 1 0 0 1 0 
0 0 1 0 1 0 1 0 0 1 
1 0 0 1 0 0 1 0 0 1 
0 1 1 0 1 0 1 0 0 0 
0 0 1 1 1 0 1 0 0 0 
1 1 0 0 0 0 0 1 1 0 
1 0 0 0 1 1 0 0 1 0 
1 0 0 0 1 1 1 0 0 0 
0 1 0 0 1 0 1 1 0 0 
numSequences: 3628800
minStacks: 17
Best sequence:
9 6 4 2 1 7 0 3 5 8 
1 0 0 0 1 1 0 0 1 0 
1 0 1 1 0 0 1 0 0 0 
0 0 0 1 0 1 0 1 1 0 
0 1 0 1 0 1 0 1 0 0 
0 0 1 1 1 0 0 1 0 0 
1 0 0 0 1 0 0 1 0 1 
1 0 0 0 1 0 0 0 1 1 
0 0 0 1 0 1 0 0 1 1 
1 0 0 0 1 1 0 0 0 1 
0 0 0 0 0 1 1 1 1 0 
1 1 0 0 0 0 1 0 0 1 
0 0 0 0 0 0 1 1 1 1 
1 1 1 1 0 0 0 0 0 0 
1 1 0 0 0 0 1 1 0 0 
0 1 1 1 1 0 0 0 0 0 
0 1 1 1 0 0 0 1 0 0 
0 0 0 0 1 1 1 0 0 1 
0 0 1 0 0 0 1 0 1 1 
0 1 1 0 0 0 1 0 1 0 
0 1 1 0 1 1 0 0 0 0 
Open stacks: 17
Took 8.33 seconds

buffer: Warwick 1004: balanced orders and products, 4 products per order
numCustomers: 20
numProducts: 10
1 1 1 0 0 0 0 0 1 0 
0 0 1 1 0 0 1 0 1 0 
1 0 1 0 0 0 1 0 0 1 
0 0 1 0 1 0 1 0 1 0 
0 1 0 0 0 1 0 1 0 1 
0 1 0 1 1 0 0 1 0 0 
0 0 0 1 1 0 1 1 0 0 
0 0 0 0 0 1 1 1 0 1 
0 1 0 0 0 1 0 0 1 1 
1 0 1 0 0 0 1 0 1 0 
1 1 0 1 0 0 0 0 0 1 
1 0 0 0 1 1 0 0 1 0 
1 1 0 1 0 0 0 0 0 1 
1 1 0 1 1 0 0 0 0 0 
0 0 0 0 1 1 1 1 0 0 
0 0 1 0 0 0 0 1 1 1 
0 0 0 1 1 1 0 1 0 0 
0 1 0 0 0 1 0 1 1 0 
0 0 1 1 0 0 1 0 0 1 
1 0 1 0 1 1 0 0 0 0 
numSequences: 3628800
minStacks: 17
Best sequence:
9 6 0 2 8 1 4 5 3 7 
0 0 1 1 1 1 0 0 0 0 
0 1 0 1 1 0 0 0 1 0 
1 1 1 1 0 0 0 0 0 0 
0 1 0 1 1 0 1 0 0 0 
1 0 0 0 0 1 0 1 0 1 
0 0 0 0 0 1 1 0 1 1 
0 1 0 0 0 0 1 0 1 1 
1 1 0 0 0 0 0 1 0 1 
1 0 0 0 1 1 0 1 0 0 
0 1 1 1 1 0 0 0 0 0 
1 0 1 0 0 1 0 0 1 0 
0 0 1 0 1 0 1 1 0 0 
1 0 1 0 0 1 0 0 1 0 
0 0 1 0 0 1 1 0 1 0 
0 1 0 0 0 0 1 1 0 1 
1 0 0 1 1 0 0 0 0 1 
0 0 0 0 0 0 1 1 1 1 
0 0 0 0 1 1 0 1 0 1 
1 1 0 1 0 0 0 0 1 0 
0 0 1 1 0 0 1 1 0 0 
Open stacks: 17
Took 8.32 seconds

buffer: Warwick 1005: balanced orders and products, 4 products per order
numCustomers: 20
numProducts: 10
1 1 1 1 0 0 0 0 0 0 
0 0 1 0 1 1 0 1 0 0 
0 0 1 1 0 0 0 1 0 1 
0 1 0 0 1 0 0 1 0 1 
0 0 0 0 0 0 1 1 1 1 
1 0 1 0 0 0 0 1 1 0 
0 1 0 0 0 1 1 0 0 1 
1 1 0 0 1 0 0 0 0 1 
0 0 1 0 1 0 1 0 0 1 
0 1 0 0 0 1 0 1 1 0 
1 0 1 1 0 0 0 0 1 0 
0 0 1 0 1 0 0 1 1 0 
1 1 0 0 1 0 1 0 0 0 
0 1 0 1 0 1 0 1 0 0 
1 1 0 0 0 1 1 0 0 0 
1 0 0 1 1 0 0 0 1 0 
0 0 0 0 1 1 1 0 0 1 
0 0 1 1 0 1 0 0 0 1 
0 0 0 1 0 1 1 0 1 0 
1 0 0 1 0 0 1 0 1 0 
numSequences: 3628800
minStacks: 17
Best sequence:
9 6 5 4 1 7 2 0 3 8 
0 0 0 0 1 0 1 1 1 0 
0 0 1 1 0 1 1 0 0 0 
1 0 0 0 0 1 1 0 1 0 
1 0 0 1 1 1 0 0 0 0 
1 1 0 0 0 1 0 0 0 1 
0 0 0 0 0 1 1 1 0 1 
1 1 1 0 1 0 0 0 0 0 
1 0 0 1 1 0 0 1 0 0 
1 1 0 1 0 0 1 0 0 0 
0 0 1 0 1 1 0 0 0 1 
0 0 0 0 0 0 1 1 1 1 
0 0 0 1 0 1 1 0 0 1 
0 1 0 1 1 0 0 1 0 0 
0 0 1 0 1 1 0 0 1 0 
0 1 1 0 1 0 0 1 0 0 
0 0 0 1 0 0 0 1 1 1 
1 1 1 1 0 0 0 0 0 0 
1 0 1 0 0 0 1 0 1 0 
0 1 1 0 0 0 0 0 1 1 
0 1 0 0 0 0 0 1 1 1 
Open stacks: 17
Took 8.33 seconds

buffer: Warwick 1006: balanced orders and products, 4 products per order
numCustomers: 20
numProducts: 10
0 0 0 1 1 1 1 0 0 0 
0 0 0 0 1 0 1 0 1 1 
0 1 0 0 0 0 1 1 0 1 
0 1 0 0 0 1 0 0 1 1 
1 1 0 0 0 0 0 0 1 1 
0 0 1 0 1 0 1 1 0 0 
1 1 0 0 0 0 0 1 1 0 
0 0 0 1 1 1 0 1 0 0 
0 1 1 0 0 0 0 1 0 1 
0 0 1 1 0 1 1 0 0 0 
1 1 1 0 0 0 0 0 1 0 
1 0 0 0 0 1 0 1 0 1 
1 0 0 1 0 0 1 1 0 0 
0 1 1 1 1 0 0 0 0 0 
1 0 0 1 1 0 0 0 1 0 
0 0 0 1 1 1 0 1 0 0 
0 0 0 0 1 1 1 0 0 1 
0 0 1 1 0 0 1 0 1 0 
1 0 1 0 0 1 0 0 0 1 
1 1 1 0 0 0 0 0 1 0 
numSequences: 3628800
minStacks: 16
Best sequence:
9 8 1 0 2 7 5 4 3 6 
0 0 0 0 0 0 1 1 1 1 
1 1 0 0 0 0 0 1 0 1 
1 0 1 0 0 1 0 0 0 1 
1 1 1 0 0 0 1 0 0 0 
1 1 1 1 0 0 0 0 0 0 
0 0 0 0 1 1 0 1 0 1 
0 1 1 1 0 1 0 0 0 0 
0 0 0 0 0 1 1 1 1 0 
1 0 1 0 1 1 0 0 0 0 
0 0 0 0 1 0 1 0 1 1 
0 1 1 1 1 0 0 0 0 0 
1 0 0 1 0 1 1 0 0 0 
0 0 0 1 0 1 0 0 1 1 
0 0 1 0 1 0 0 1 1 0 
0 1 0 1 0 0 0 1 1 0 
0 0 0 0 0 1 1 1 1 0 
1 0 0 0 0 0 1 1 0 1 
0 1 0 0 1 0 0 0 1 1 
1 0 0 1 1 0 1 0 0 0 
0 1 1 1 1 0 0 0 0 0 
Open stacks: 16
Took 8.32 seconds

buffer: Warwick 1007: balanced orders and products, 4 products per order
numCustomers: 20
numProducts: 10
0 0 0 1 1 0 0 0 1 1 
1 0 0 1 0 1 0 0 0 1 
0 0 0 0 1 1 0 1 0 1 
1 0 0 0 1 0 1 0 1 0 
0 0 1 1 0 0 0 1 1 0 
1 0 0 0 0 1 1 0 1 0 
0 0 0 0 1 0 1 0 1 1 
0 1 0 1 0 0 0 1 1 0 
0 1 0 1 1 0 0 1 0 0 
1 0 1 0 0 0 0 0 1 1 
1 1 0 0 1 0 1 0 0 0 
1 1 1 0 0 1 0 0 0 0 
0 0 0 0 1 0 1 1 0 1 
0 0 1 0 0 0 1 1 0 1 
0 0 0 1 1 1 1 0 0 0 
0 1 1 1 0 0 0 0 1 0 
1 1 1 0 0 1 0 0 0 0 
1 0 1 0 0 1 1 0 0 0 
0 1 1 0 0 1 0 1 0 0 
0 1 0 1 0 0 0 1 0 1 
numSequences: 3628800
minStacks: 17
Best sequence:
9 8 6 4 3 0 1 5 2 7 
1 1 0 1 1 0 0 0 0 0 
1 0 0 0 1 1 0 1 0 0 
1 0 0 1 0 0 0 1 0 1 
0 1 1 1 0 1 0 0 0 0 
0 1 0 0 1 0 0 0 1 1 
0 1 1 0 0 1 0 1 0 0 
1 1 1 1 0 0 0 0 0 0 
0 1 0 0 1 0 1 0 0 1 
0 0 0 1 1 0 1 0 0 1 
1 1 0 0 0 1 0 0 1 0 
0 0 1 1 0 1 1 0 0 0 
0 0 0 0 0 1 1 1 1 0 
1 0 1 1 0 0 0 0 0 1 
1 0 1 0 0 0 0 0 1 1 
0 0 1 1 1 0 0 1 0 0 
0 1 0 0 1 0 1 0 1 0 
0 0 0 0 0 1 1 1 1 0 
0 0 1 0 0 1 0 1 1 0 
0 0 0 0 0 0 1 1 1 1 
1 0 0 0 1 0 1 0 0 1 
Open stacks: 17
Took 8.33 seconds

buffer: Warwick 1008: balanced orders and products, 4 products per order
numCustomers: 20
numProducts: 10
1 0 1 0 0 0 1 0 0 1 
1 0 0 1 0 0 0 1 1 0 
1 1 0 0 1 1 0 0 0 0 
1 1 1 0 0 0 0 0 0 1 
0 0 0 1 0 0 1 1 1 0 
1 1 0 0 1 1 0 0 0 0 
0 0 0 1 1 0 1 0 1 0 
0 1 1 0 0 1 1 0 0 0 
0 1 0 1 0 0 0 1 0 1 
0 0 0 1 1 0 0 1 0 1 
0 0 1 0 0 1 0 1 1 0 
0 0 0 1 0 1 0 1 1 0 
0 0 1 0 0 0 1 0 1 1 
0 1 1 0 0 1 1 0 0 0 
1 0 0 0 0 0 1 0 1 1 
0 1 0 0 1 1 0 0 0 1 
1 0 1 1 1 0 0 0 0 0 
0 0 0 1 1 1 0 0 1 0 
0 0 1 0 0 0 1 1 0 1 
1 1 0 0 1 0 0 1 0 0 
numSequences: 3628800
minStacks: 17
Best sequence:
9 0 1 2 6 7 3 4 5 8 
1 1 0 1 1 0 0 0 0 0 
0 1 0 0 0 1 1 0 0 1 
0 1 1 0 0 0 0 1 1 0 
1 1 1 1 0 0 0 0 0 0 
0 0 0 0 1 1 1 0 0 1 
0 1 1 0 0 0 0 1 1 0 
0 0 0 0 1 0 1 1 0 1 
0 0 1 1 1 0 0 0 1 0 
1 0 1 0 0 1 1 0 0 0 
1 0 0 0 0 1 1 1 0 0 
0 0 0 1 0 1 0 0 1 1 
0 0 0 0 0 1 1 0 1 1 
1 0 0 1 1 0 0 0 0 1 
0 0 1 1 1 0 0 0 1 0 
1 1 0 0 1 0 0 0 0 1 
1 0 1 0 0 0 0 1 1 0 
0 1 0 1 0 0 1 1 0 0 
0 0 0 0 0 0 1 1 1 1 
1 0 0 1 1 1 0 0 0 0 
0 1 1 0 0 1 0 1 0 0 
Open stacks: 17
Took 8.32 seconds

buffer: Warwick 1009: balanced orders and products, 4 products per order
numCustomers: 20
numProducts: 10
1 1 0 0 0 0 1 0 0 1 
1 0 0 0 0 1 1 1 0 0 
0 1 0 1 1 0 0 0 0 1 
1 0 0 1 1 1 0 0 0 0 
0 0 1 1 0 1 0 1 0 0 
0 0 0 1 0 0 1 1 1 0 
0 1 1 0 1 0 0 0 1 0 
0 0 0 0 1 1 0 1 1 0 
0 0 1 0 0 0 1 1 0 1 
1 1 0 0 0 0 1 0 1 0 
0 1 1 1 0 0 0 0 1 0 
0 1 0 0 1 0 1 0 0 1 
0 0 0 1 1 0 1 0 0 1 
0 0 1 1 0 1 1 0 0 0 
0 1 1 1 1 0 0 0 0 0 
0 0 0 0 0 1 0 1 1 1 
1 0 1 0 0 1 0 1 0 0 
1 0 0 0 1 0 0 0 1 1 
1 0 0 0 0 0 0 1 1 1 
1 1 1 0 0 1 0 0 0 0 
numSequences: 3628800
minStacks: 18
Best sequence:
9 4 3 1 2 0 5 6 7 8 
1 0 0 1 0 1 0 1 0 0 
0 0 0 0 0 1 1 1 1 0 
1 1 1 1 0 0 0 0 0 0 
0 1 1 0 0 1 1 0 0 0 
0 0 1 0 1 0 1 0 1 0 
0 0 1 0 0 0 0 1 1 1 
0 1 0 1 1 0 0 0 0 1 
0 1 0 0 0 0 1 0 1 1 
1 0 0 0 1 0 0 1 1 0 
0 0 0 1 0 1 0 1 0 1 
0 0 1 1 1 0 0 0 0 1 
1 1 0 1 0 0 0 1 0 0 
1 1 1 0 0 0 0 1 0 0 
0 0 1 0 1 0 1 1 0 0 
0 1 1 1 1 0 0 0 0 0 
1 0 0 0 0 0 1 0 1 1 
0 0 0 0 1 1 1 0 1 0 
1 1 0 0 0 1 0 0 0 1 
1 0 0 0 0 1 0 0 1 1 
0 0 0 1 1 1 1 0 0 0 
Open stacks: 18
Took 8.32 seconds

buffer: Warwick 1010: balanced orders and products, 4 products per order
numCustomers: 20
numProducts: 10
0 0 1 0 0 1 0 1 1 0 
1 1 0 1 0 0 0 0 0 1 
0 1 1 0 0 0 1 0 1 0 
0 0 0 1 0 1 0 1 1 0 
1 0 0 0 0 1 0 1 0 1 
0 1 0 0 1 1 0 0 1 0 
0 1 0 0 1 0 1 0 1 0 
0 1 0 0 1 0 1 1 0 0 
0 0 1 0 0 0 0 1 1 1 
1 0 0 1 0 0 1 0 0 1 
0 1 0 1 1 1 0 0 0 0 
1 0 0 1 0 0 0 0 1 1 
1 0 0 1 0 0 0 1 0 1 
0 0 1 0 1 1 1 0 0 0 
0 1 1 1 0 0 0 1 0 0 
1 0 1 0 1 0 0 0 0 1 
1 0 1 0 1 0 1 0 0 0 
0 0 0 0 1 1 0 0 1 1 
1 1 0 1 0 0 1 0 0 0 
0 0 1 0 0 1 1 1 0 0 
numSequences: 3628800
minStacks: 17
Best sequence:
9 8 3 0 1 7 5 4 2 6 
0 1 0 0 0 1 1 0 1 0 
1 0 1 1 1 0 0 0 0 0 
0 1 0 0 1 0 0 0 1 1 
0 1 1 0 0 1 1 0 0 0 
1 0 0 1 0 1 1 0 0 0 
0 1 0 0 1 0 1 1 0 0 
0 1 0 0 1 0 0 1 0 1 
0 0 0 0 1 1 0 1 0 1 
1 1 0 0 0 1 0 0 1 0 
1 0 1 1 0 0 0 0 0 1 
0 0 1 0 1 0 1 1 0 0 
1 1 1 1 0 0 0 0 0 0 
1 0 1 1 0 1 0 0 0 0 
0 0 0 0 0 0 1 1 1 1 
0 0 1 0 1 1 0 0 1 0 
1 0 0 1 0 0 0 1 1 0 
0 0 0 1 0 0 0 1 1 1 
1 1 0 0 0 0 1 1 0 0 
0 0 1 1 1 0 0 0 0 1 
0 0 0 0 0 1 1 0 1 1 
Open stacks: 17
Took 8.32 seconds

buffer: Warwick 1011: balanced orders and products, 5 products per order
numCustomers: 20
numProducts: 10
1 0 1 1 0 0 1 1 0 0 
1 1 1 0 0 0 1 1 0 0 
0 1 1 0 0 0 0 1 1 1 
1 0 0 1 1 1 0 0 0 1 
0 0 0 0 1 0 1 1 1 1 
1 0 0 1 0 1 0 1 0 1 
1 1 1 1 0 0 0 1 0 0 
0 1 1 0 1 0 1 0 0 1 
1 1 0 0 1 0 0 0 1 1 
0 1 1 0 0 1 1 0 0 1 
1 1 0 0 1 0 1 0 0 1 
1 0 0 1 1 1 0 1 0 0 
0 1 1 1 1 0 0 0 1 0 
0 0 0 1 0 1 0 1 1 1 
0 0 1 1 1 1 0 0 1 0 
1 1 0 0 0 1 1 0 1 0 
0 0 1 1 0 1 1 1 0 0 
0 1 1 0 0 1 1 0 1 0 
1 0 0 1 1 0 1 0 1 0 
0 0 0 0 1 1 0 1 1 1 
numSequences: 3628800
minStacks: 19
Best sequence:
9 8 4 1 0 3 5 6 2 7 
0 0 0 0 1 1 0 1 1 1 
0 0 0 1 1 0 0 1 1 1 
1 1 0 1 0 0 0 0 1 1 
1 0 1 0 1 1 1 0 0 0 
1 1 1 0 0 0 0 1 0 1 
1 0 0 0 1 1 1 0 0 1 
0 0 0 1 1 1 0 0 1 1 
1 0 1 1 0 0 0 1 1 0 
1 1 1 1 1 0 0 0 0 0 
1 0 0 1 0 0 1 1 1 0 
1 0 1 1 1 0 0 1 0 0 
0 0 1 0 1 1 1 0 0 1 
0 1 1 1 0 1 0 0 1 0 
1 1 0 0 0 1 1 0 0 1 
0 1 1 0 0 1 1 0 1 0 
0 1 0 1 1 0 1 1 0 0 
0 0 0 0 0 1 1 1 1 1 
0 1 0 1 0 0 1 1 1 0 
0 1 1 0 1 1 0 1 0 0 
1 1 1 0 0 0 1 0 0 1 
Open stacks: 19
Took 8.4 seconds

buffer: Warwick 1012: balanced orders and products, 5 products per order
numCustomers: 20
numProducts: 10
1 0 1 0 0 0 1 0 1 1 
1 0 1 0 1 1 1 0 0 0 
0 1 1 1 0 1 0 1 0 0 
0 0 1 0 1 0 0 1 1 1 
0 1 1 1 0 0 1 1 0 0 
0 0 1 0 0 1 0 1 1 1 
0 1 0 1 0 0 1 1 1 0 
1 1 0 1 1 1 0 0 0 0 
1 0 0 1 1 0 0 1 1 0 
1 1 0 0 0 0 1 1 0 1 
1 1 0 0 1 0 0 1 0 1 
0 1 1 1 1 0 0 0 0 1 
1 0 0 1 0 1 0 0 1 1 
1 1 0 0 0 1 1 1 0 0 
0 0 1 1 1 0 1 0 1 0 
0 1 1 1 0 1 1 0 0 0 
0 1 0 0 0 1 1 0 1 1 
1 0 1 0 1 0 0 0 1 1 
1 0 0 1 1 1 0 0 0 1 
0 0 0 0 1 1 1 1 1 0 
numSequences: 3628800
minStacks: 20
Best sequence:
9 0 1 2 3 4 5 6 7 8 
1 1 0 1 0 0 0 1 0 1 
0 1 0 1 0 1 1 1 0 0 
0 0 1 1 1 0 1 0 1 0 
1 0 0 1 0 1 0 0 1 1 
0 0 1 1 1 0 0 1 1 0 
1 0 0 1 0 0 1 0 1 1 
0 0 1 0 1 0 0 1 1 1 
0 1 1 0 1 1 1 0 0 0 
0 1 0 0 1 1 0 0 1 1 
1 1 1 0 0 0 0 1 1 0 
1 1 1 0 0 1 0 0 1 0 
1 0 1 1 1 1 0 0 0 0 
1 1 0 0 1 0 1 0 0 1 
0 1 1 0 0 0 1 1 1 0 
0 0 0 1 1 1 0 1 0 1 
0 0 1 1 1 0 1 1 0 0 
1 0 1 0 0 0 1 1 0 1 
1 1 0 1 0 1 0 0 0 1 
1 1 0 0 1 1 1 0 0 0 
0 0 0 0 0 1 1 1 1 1 
Open stacks: 20
Took 8.4 seconds

buffer: Warwick 1013: balanced orders and products, 5 products per order
numCustomers: 20
numProducts: 10
0 0 1 1 1 1 0 0 1 0 
0 1 1 0 1 0 0 0 1 1 
0 1 0 1 0 1 1 0 1 0 
1 1 0 0 0 0 1 1 0 1 
1 0 0 1 0 1 1 0 0 1 
0 1 1 1 1 0 0 0 1 0 
0 0 0 0 1 1 1 0 1 1 
1 0 0 1 0 1 0 0 1 1 
1 1 0 0 1 1 0 1 0 0 
1 0 1 1 0 0 1 0 0 1 
1 0 0 0 0 1 1 1 1 0 
1 0 1 1 0 1 0 0 0 1 
0 1 1 0 0 0 1 1 1 0 
1 0 1 0 0 0 1 1 1 0 
1 1 0 0 1 0 0 1 1 0 
0 1 1 1 1 0 0 1 0 0 
0 0 1 0 1 1 1 0 0 1 
0 0 0 1 1 1 1 1 0 0 
1 1 0 1 0 0 0 1 0 1 
0 1 1 0 1 0 0 1 0 1 
numSequences: 3628800
minStacks: 19
Best sequence:
9 7 6 0 1 4 2 3 5 8 
0 0 0 0 0 1 1 1 1 1 
1 0 0 0 1 1 1 0 0 1 
0 0 1 0 1 0 0 1 1 1 
1 1 1 1 1 0 0 0 0 0 
1 0 1 1 0 0 0 1 1 0 
0 0 0 0 1 1 1 1 0 1 
1 0 1 0 0 1 0 0 1 1 
1 0 0 1 0 0 0 1 1 1 
0 1 0 1 1 1 0 0 1 0 
1 0 1 1 0 0 1 1 0 0 
0 1 1 1 0 0 0 0 1 1 
1 0 0 1 0 0 1 1 1 0 
0 1 1 0 1 0 1 0 0 1 
0 1 1 1 0 0 1 0 0 1 
0 1 0 1 1 1 0 0 0 1 
0 1 0 0 1 1 1 1 0 0 
1 0 1 0 0 1 1 0 1 0 
0 1 1 0 0 1 0 1 1 0 
1 1 0 1 1 0 0 1 0 0 
1 1 0 0 1 1 1 0 0 0 
Open stacks: 19
Took 8.4 seconds

buffer: Warwick 1014: balanced orders and products, 5 products per order
numCustomers: 20
numProducts: 10
0 1 0 1 0 1 1 1 0 0 
1 0 0 1 0 0 0 1 1 1 
1 0 1 0 0 1 0 1 1 0 
1 1 0 0 0 1 0 1 1 0 
1 0 1 0 1 1 1 0 0 0 
0 1 0 1 0 1 1 0 0 1 
0 0 1 0 0 0 1 1 1 1 
1 1 1 1 0 0 1 0 0 0 
1 0 0 1 1 1 0 0 0 1 
0 0 1 0 1 1 1 1 0 0 
0 0 0 1 0 1 0 1 1 1 
0 0 0 1 1 0 1 1 1 0 
1 1 0 0 1 0 1 0 0 1 
1 1 1 0 0 0 1 0 0 1 
0 1 1 0 1 1 0 0 1 0 
1 1 1 0 0 0 0 1 0 1 
1 0 0 1 1 0 1 0 1 0 
0 1 0 1 1 0 0 0 1 1 
0 1 1 0 1 0 0 1 0 1 
0 0 1 1 1 1 0 0 1 0 
numSequences: 3628800
minStacks: 20
Best sequence:
9 0 1 2 3 4 5 6 7 8 
0 0 1 0 1 0 1 1 1 0 
1 1 0 0 1 0 0 0 1 1 
0 1 0 1 0 0 1 0 1 1 
0 1 1 0 0 0 1 0 1 1 
0 1 0 1 0 1 1 1 0 0 
1 0 1 0 1 0 1 1 0 0 
1 0 0 1 0 0 0 1 1 1 
0 1 1 1 1 0 0 1 0 0 
1 1 0 0 1 1 1 0 0 0 
0 0 0 1 0 1 1 1 1 0 
1 0 0 0 1 0 1 0 1 1 
0 0 0 0 1 1 0 1 1 1 
1 1 1 0 0 1 0 1 0 0 
1 1 1 1 0 0 0 1 0 0 
0 0 1 1 0 1 1 0 0 1 
1 1 1 1 0 0 0 0 1 0 
0 1 0 0 1 1 0 1 0 1 
1 0 1 0 1 1 0 0 0 1 
1 0 1 1 0 1 0 0 1 0 
0 0 0 1 1 1 1 0 0 1 
Open stacks: 20
Took 8.41 seconds

buffer: Warwick 1015: balanced orders and products, 5 products per order
numCustomers: 20
numProducts: 10
1 1 0 1 1 0 0 0 1 0 
0 1 1 0 0 0 1 1 0 1 
0 0 1 0 1 1 0 0 1 1 
0 1 1 1 0 1 1 0 0 0 
0 0 1 1 1 1 1 0 0 0 
0 1 1 1 0 0 1 1 0 0 
1 0 0 1 1 0 0 1 1 0 
1 1 0 0 0 1 1 0 0 1 
1 0 1 0 0 0 1 1 0 1 
0 1 1 0 0 0 1 1 0 1 
0 0 0 1 1 0 0 1 1 1 
1 0 0 1 1 1 0 0 1 0 
0 1 0 1 1 1 0 0 1 0 
0 0 1 0 0 1 1 1 1 0 
1 0 0 0 1 0 0 1 1 1 
1 1 0 0 0 1 0 1 1 0 
0 0 1 1 0 0 1 1 0 1 
1 1 0 0 0 1 1 0 0 1 
1 0 1 0 1 1 0 0 0 1 
1 1 0 1 1 0 0 0 1 0 
numSequences: 3628800
minStacks: 19
Best sequence:
9 7 6 0 2 4 1 3 5 8 
0 0 0 1 0 1 1 1 0 1 
1 1 1 0 1 0 1 0 0 0 
1 0 0 0 1 1 0 0 1 1 
0 0 1 0 1 0 1 1 1 0 
0 0 1 0 1 1 0 1 1 0 
0 1 1 0 1 0 1 1 0 0 
0 1 0 1 0 1 0 1 0 1 
1 0 1 1 0 0 1 0 1 0 
1 1 1 1 1 0 0 0 0 0 
1 1 1 0 1 0 1 0 0 0 
1 1 0 0 0 1 0 1 0 1 
0 0 0 1 0 1 0 1 1 1 
0 0 0 0 0 1 1 1 1 1 
0 1 1 0 1 0 0 0 1 1 
1 1 0 1 0 1 0 0 0 1 
0 1 0 1 0 0 1 0 1 1 
1 1 1 0 1 0 0 1 0 0 
1 0 1 1 0 0 1 0 1 0 
1 0 0 1 1 1 0 0 1 0 
0 0 0 1 0 1 1 1 0 1 
Open stacks: 19
Took 8.39 seconds

buffer: Warwick 1016: balanced orders and products, 5 products per order
numCustomers: 20
numProducts: 10
0 1 1 0 0 0 1 1 0 1 
0 1 0 1 1 1 0 1 0 0 
0 0 1 1 1 0 1 0 1 0 
1 1 0 1 0 1 0 0 0 1 
1 1 1 1 1 0 0 0 0 0 
1 1 0 1 0 0 0 0 1 1 
0 0 0 0 0 1 1 1 1 1 
0 1 1 0 0 1 1 1 0 0 
0 1 0 1 1 0 0 1 1 0 
1 0 1 0 1 0 1 0 0 1 
1 0 0 1 0 0 1 0 1 1 
0 1 0 1 1 0 1 0 0 1 
1 0 1 1 0 1 1 0 0 0 
0 1 1 0 0 1 0 1 1 0 
0 0 1 0 1 0 0 1 1 1 
1 0 0 0 1 1 0 1 0 1 
1 0 1 0 1 0 1 0 1 0 
0 0 1 1 0 1 0 0 1 1 
1 0 0 0 1 1 1 1 0 0 
1 1 0 0 0 1 0 1 1 0 
numSequences: 3628800
minStacks: 19
Best sequence:
9 8 7 6 5 3 2 1 0 4 
1 0 1 1 0 0 1 1 0 0 
0 0 1 0 1 1 0 1 0 1 
0 1 0 1 0 1 1 0 0 1 
1 0 0 0 1 1 0 1 1 0 
0 0 0 0 0 1 1 1 1 1 
1 1 0 0 0 1 0 1 1 0 
1 1 1 1 1 0 0 0 0 0 
0 0 1 1 1 0 1 1 0 0 
0 1 1 0 0 1 0 1 0 1 
1 0 0 1 0 0 1 0 1 1 
1 1 0 1 0 1 0 0 1 0 
1 0 0 1 0 1 0 1 0 1 
0 0 0 1 1 1 1 0 1 0 
0 1 1 0 1 0 1 1 0 0 
1 1 1 0 0 0 1 0 0 1 
1 0 1 0 1 0 0 0 1 1 
0 1 0 1 0 0 1 0 1 1 
1 1 0 0 1 1 1 0 0 0 
0 0 1 1 1 0 0 0 1 1 
0 1 1 0 1 0 0 1 1 0 
Open stacks: 19
Took 8.4 seconds

buffer: Warwick 1017: balanced orders and products, 5 products per order
numCustomers: 20
numProducts: 10
1 1 0 0 0 0 1 1 0 1 
1 0 1 0 0 1 1 0 1 0 
1 1 0 1 0 1 0 1 0 0 
0 1 0 1 1 1 0 0 1 0 
1 1 0 0 1 1 0 0 0 1 
1 1 0 1 1 0 1 0 0 0 
1 0 0 1 1 0 1 1 0 0 
0 1 0 0 1 1 0 0 1 1 
0 0 1 1 0 1 0 0 1 1 
0 1 1 1 1 0 0 1 0 0 
0 0 1 1 1 0 1 0 0 1 
0 0 1 1 0 0 1 0 1 1 
0 1 1 0 1 0 1 1 0 0 
1 1 0 0 0 0 1 0 1 1 
1 0 1 1 0 1 0 1 0 0 
1 0 1 0 0 0 1 1 0 1 
0 0 1 1 0 1 0 0 1 1 
0 1 0 0 1 0 1 1 1 0 
1 0 1 0 0 1 0 1 1 0 
0 0 0 0 1 1 0 1 1 1 
numSequences: 3628800
minStacks: 19
Best sequence:
9 7 6 0 2 4 1 3 5 8 
1 1 1 1 0 0 1 0 0 0 
0 0 1 1 1 0 0 0 1 1 
0 1 0 1 0 0 1 1 1 0 
0 0 0 0 0 1 1 1 1 1 
1 0 0 1 0 1 1 0 1 0 
0 0 1 1 0 1 1 1 0 0 
0 1 1 1 0 1 0 1 0 0 
1 0 0 0 0 1 1 0 1 1 
1 0 0 0 1 0 0 1 1 1 
0 1 0 0 1 1 1 1 0 0 
1 0 1 0 1 1 0 1 0 0 
1 0 1 0 1 0 0 1 0 1 
0 1 1 0 1 1 1 0 0 0 
1 0 1 1 0 0 1 0 0 1 
0 1 0 1 1 0 0 1 1 0 
1 1 1 1 1 0 0 0 0 0 
1 0 0 0 1 0 0 1 1 1 
0 1 1 0 0 1 1 0 0 1 
0 1 0 1 1 0 0 0 1 1 
1 1 0 0 0 1 0 0 1 1 
Open stacks: 19
Took 8.4 seconds

buffer: Warwick 1018: balanced orders and products, 5 products per order
numCustomers: 20
numProducts: 10
0 0 0 1 1 0 1 1 1 0 
0 1 0 1 0 1 0 1 1 0 
1 1 0 1 1 1 0 0 0 0 
0 1 0 0 1 0 1 0 1 1 
1 1 0 1 1 0 0 1 0 0 
1 0 0 1 0 0 1 1 1 0 
1 0 0 1 1 1 0 1 0 0 
1 0 1 1 0 1 0 1 0 0 
0 0 1 1 0 1 0 0 1 1 
0 0 1 0 0 1 1 1 0 1 
0 1 1 0 0 1 1 0 0 1 
0 1 0 0 0 1 1 1 1 0 
1 1 1 0 1 0 1 0 0 0 
0 0 1 0 1 0 0 1 1 1 
1 0 1 0 1 1 0 0 0 1 
1 1 1 0 1 0 0 0 1 0 
0 1 1 0 0 0 1 1 0 1 
1 0 0 1 0 0 1 0 1 1 
1 0 1 1 0 0 1 0 0 1 
0 1 0 0 1 1 0 0 1 1 
numSequences: 3628800
minStacks: 19
Best sequence:
9 8 6 4 1 3 0 5 2 7 
0 1 1 1 0 1 0 0 0 1 
0 1 0 0 1 1 0 1 0 1 
0 0 0 1 1 1 1 1 0 0 
1 1 1 1 1 0 0 0 0 0 
0 0 0 1 1 1 1 0 0 1 
0 1 1 0 0 1 1 0 0 1 
0 0 0 1 0 1 1 1 0 1 
0 0 0 0 0 1 1 1 1 1 
1 1 0 0 0 1 0 1 1 0 
1 0 1 0 0 0 0 1 1 1 
1 0 1 0 1 0 0 1 1 0 
0 1 1 0 1 0 0 1 0 1 
0 0 1 1 1 0 1 0 1 0 
1 1 0 1 0 0 0 0 1 1 
1 0 0 1 0 0 1 1 1 0 
0 1 0 1 1 0 1 0 1 0 
1 0 1 0 1 0 0 0 1 1 
1 1 1 0 0 1 1 0 0 0 
1 0 1 0 0 1 1 0 1 0 
1 1 0 1 1 0 0 1 0 0 
Open stacks: 19
Took 8.4 seconds

buffer: Warwick 1019: balanced orders and products, 5 products per order
numCustomers: 20
numProducts: 10
0 1 0 1 1 1 1 0 0 0 
0 0 1 0 1 1 0 0 1 1 
0 1 1 0 1 1 1 0 0 0 
0 0 0 1 0 1 0 1 1 1 
0 0 1 1 0 0 1 1 0 1 
1 1 0 0 1 0 1 0 0 1 
0 1 0 1 0 0 1 0 1 1 
0 0 0 1 1 0 1 1 1 0 
1 1 1 0 0 0 0 0 1 1 
1 1 0 1 0 0 0 1 0 1 
1 0 0 1 1 1 0 1 0 0 
0 1 0 0 1 0 1 1 0 1 
0 1 0 0 1 1 1 0 0 1 
1 1 1 1 0 0 0 1 0 0 
1 0 0 0 0 1 1 1 1 0 
1 1 1 0 0 0 0 1 1 0 
1 0 1 1 1 0 1 0 0 0 
1 0 1 0 0 1 0 0 1 1 
1 0 1 0 1 1 0 0 1 0 
0 0 1 1 0 1 0 1 1 0 
numSequences: 3628800
minStacks: 19
Best sequence:
9 6 4 1 0 3 2 5 7 8 
0 1 1 1 0 1 0 1 0 0 
1 0 1 0 0 0 1 1 0 1 
0 1 1 1 0 0 1 1 0 0 
1 0 0 0 0 1 0 1 1 1 
1 1 0 0 0 1 1 0 1 0 
1 1 1 1 1 0 0 0 0 0 
1 1 0 1 0 1 0 0 0 1 
0 1 1 0 0 1 0 0 1 1 
1 0 0 1 1 0 1 0 0 1 
1 0 0 1 1 1 0 0 1 0 
0 0 1 0 1 1 0 1 1 0 
1 1 1 1 0 0 0 0 1 0 
1 1 1 1 0 0 0 1 0 0 
0 0 0 1 1 1 1 0 1 0 
0 1 0 0 1 0 0 1 1 1 
0 0 0 1 1 0 1 0 1 1 
0 1 1 0 1 1 1 0 0 0 
1 0 0 0 1 0 1 1 0 1 
0 0 1 0 1 0 1 1 0 1 
0 0 0 0 0 1 1 1 1 1 
Open stacks: 19
Took 8.4 seconds

buffer: Warwick 1020: balanced orders and products, 5 products per order
numCustomers: 20
numProducts: 10
0 1 1 1 0 0 0 1 0 1 
1 0 0 0 1 0 0 1 1 1 
0 1 0 1 1 0 0 1 1 0 
0 1 0 1 1 1 0 0 1 0 
1 0 0 1 1 0 1 0 0 1 
1 0 1 0 1 0 0 1 1 0 
1 0 1 1 0 0 0 0 1 1 
1 1 1 0 0 0 1 1 0 0 
1 0 0 1 1 1 0 0 0 1 
0 1 1 0 1 1 0 0 1 0 
0 1 0 1 0 0 1 0 1 1 
0 0 1 0 1 1 1 0 1 0 
1 0 0 1 0 1 0 1 0 1 
1 0 1 1 0 0 1 0 0 1 
1 0 0 1 1 1 1 0 0 0 
0 1 1 0 0 1 1 1 0 0 
0 1 0 0 0 1 0 1 1 1 
0 1 1 0 0 0 1 1 0 1 
0 1 0 0 1 1 1 1 0 0 
1 0 1 0 0 1 1 0 1 0 
numSequences: 3628800
minStacks: 19
Best sequence:
9 8 0 2 3 4 5 6 1 7 
1 0 0 1 1 0 0 0 1 1 
1 1 1 0 0 1 0 0 0 1 
0 1 0 0 1 1 0 0 1 1 
0 1 0 0 1 1 1 0 1 0 
1 0 1 0 1 1 0 1 0 0 
0 1 1 1 0 1 0 0 0 1 
1 1 1 1 1 0 0 0 0 0 
0 0 1 1 0 0 0 1 1 1 
1 0 1 0 1 1 1 0 0 0 
0 1 0 1 0 1 1 0 1 0 
1 1 0 0 1 0 0 1 1 0 
0 1 0 1 0 1 1 1 0 0 
1 0 1 0 1 0 1 0 0 1 
1 0 1 1 1 0 0 1 0 0 
0 0 1 0 1 1 1 1 0 0 
0 0 0 1 0 0 1 1 1 1 
1 1 0 0 0 0 1 0 1 1 
1 0 0 1 0 0 0 1 1 1 
0 0 0 0 0 1 1 1 1 1 
0 1 1 1 0 0 1 1 0 0 
Open stacks: 19
Took 8.4 seconds

Solved: 40 instances
totalTime: 332.79 seconds
minTime: 8.21 seconds
maxTime: 9.08 seconds
Average: 8.31975 seconds
