Solving by Dynamic Programming...
buffer: Warwick 571: balanced orders and products, 2 products per order
numCustomers: 15
numProducts: 15
1 0 0 0 0 0 0 1 0 0 0 0 0 0 0 
0 1 0 0 0 0 0 0 1 0 0 0 0 0 0 
1 0 0 1 0 0 0 0 0 0 0 0 0 0 0 
0 1 0 0 0 0 0 0 0 0 0 0 0 1 0 
0 0 0 0 1 0 0 0 0 0 0 0 1 0 0 
0 0 0 1 0 1 0 0 0 0 0 0 0 0 0 
0 0 0 0 0 0 0 0 0 0 1 1 0 0 0 
0 0 0 0 0 0 0 0 0 0 0 1 0 1 0 
0 0 0 0 0 0 0 0 0 0 0 0 1 0 1 
0 0 0 0 1 1 0 0 0 0 0 0 0 0 0 
0 0 1 0 0 0 1 0 0 0 0 0 0 0 0 
0 0 0 0 0 0 1 0 0 1 0 0 0 0 0 
0 0 1 0 0 0 0 0 1 0 0 0 0 0 0 
0 0 0 0 0 0 0 0 0 1 0 0 0 0 1 
0 0 0 0 0 0 0 1 0 0 1 0 0 0 0 
Best sequence:
0 3 5 4 7 10 11 12 13 1 8 2 6 9 14 
1 0 0 0 1 0 0 0 0 0 0 0 0 0 0 
0 0 0 0 0 0 0 0 0 1 1 0 0 0 0 
1 1 0 0 0 0 0 0 0 0 0 0 0 0 0 
0 0 0 0 0 0 0 0 1 1 0 0 0 0 0 
0 0 0 1 0 0 0 1 0 0 0 0 0 0 0 
0 1 1 0 0 0 0 0 0 0 0 0 0 0 0 
0 0 0 0 0 1 1 0 0 0 0 0 0 0 0 
0 0 0 0 0 0 1 0 1 0 0 0 0 0 0 
0 0 0 0 0 0 0 1 0 0 0 0 0 0 1 
0 0 1 1 0 0 0 0 0 0 0 0 0 0 0 
0 0 0 0 0 0 0 0 0 0 0 1 1 0 0 
0 0 0 0 0 0 0 0 0 0 0 0 1 1 0 
0 0 0 0 0 0 0 0 0 0 1 1 0 0 0 
0 0 0 0 0 0 0 0 0 0 0 0 0 1 1 
0 0 0 0 1 1 0 0 0 0 0 0 0 0 0 
OpenStacks: 3
Took 1.39 seconds

buffer: Warwick 572: balanced orders and products, 2 products per order
numCustomers: 15
numProducts: 15
0 0 0 0 0 0 0 1 0 0 1 0 0 0 0 
0 0 1 0 0 0 0 0 1 0 0 0 0 0 0 
1 0 0 0 0 0 1 0 0 0 0 0 0 0 0 
0 0 0 0 0 0 0 0 1 1 0 0 0 0 0 
1 1 0 0 0 0 0 0 0 0 0 0 0 0 0 
0 1 0 0 0 1 0 0 0 0 0 0 0 0 0 
0 0 0 0 0 1 1 0 0 0 0 0 0 0 0 
0 0 0 0 0 0 0 0 0 0 0 1 1 0 0 
0 0 0 1 0 0 0 0 0 0 0 1 0 0 0 
0 0 0 0 0 0 0 0 0 0 0 0 1 0 1 
0 0 0 0 1 0 0 0 0 0 0 0 0 1 0 
0 0 1 0 0 0 0 0 0 0 0 0 0 0 1 
0 0 0 0 1 0 0 0 0 0 1 0 0 0 0 
0 0 0 1 0 0 0 1 0 0 0 0 0 0 0 
0 0 0 0 0 0 0 0 0 1 0 0 0 1 0 
Best sequence:
0 1 5 6 2 8 9 13 4 10 7 3 11 12 14 
0 0 0 0 0 0 0 0 0 1 1 0 0 0 0 
0 0 0 0 1 1 0 0 0 0 0 0 0 0 0 
1 0 0 1 0 0 0 0 0 0 0 0 0 0 0 
0 0 0 0 0 1 1 0 0 0 0 0 0 0 0 
1 1 0 0 0 0 0 0 0 0 0 0 0 0 0 
0 1 1 0 0 0 0 0 0 0 0 0 0 0 0 
0 0 1 1 0 0 0 0 0 0 0 0 0 0 0 
0 0 0 0 0 0 0 0 0 0 0 0 1 1 0 
0 0 0 0 0 0 0 0 0 0 0 1 1 0 0 
0 0 0 0 0 0 0 0 0 0 0 0 0 1 1 
0 0 0 0 0 0 0 1 1 0 0 0 0 0 0 
0 0 0 0 1 0 0 0 0 0 0 0 0 0 1 
0 0 0 0 0 0 0 0 1 1 0 0 0 0 0 
0 0 0 0 0 0 0 0 0 0 1 1 0 0 0 
0 0 0 0 0 0 1 1 0 0 0 0 0 0 0 
OpenStacks: 3
Took 0.62 seconds

buffer: Warwick 573: balanced orders and products, 2 products per order
numCustomers: 15
numProducts: 15
0 1 0 0 0 0 0 0 0 0 1 0 0 0 0 
0 0 0 0 1 0 0 0 0 0 0 0 1 0 0 
0 0 0 0 0 0 1 0 0 0 0 1 0 0 0 
0 0 0 0 0 0 0 0 0 0 0 0 1 1 0 
0 0 0 0 0 0 0 1 0 0 0 0 0 0 1 
0 0 0 0 0 0 0 0 0 0 1 0 0 1 0 
1 0 0 0 0 1 0 0 0 0 0 0 0 0 0 
0 0 1 1 0 0 0 0 0 0 0 0 0 0 0 
0 0 0 0 0 0 0 0 0 1 0 0 0 0 1 
0 1 0 0 0 0 0 1 0 0 0 0 0 0 0 
0 0 0 0 0 0 0 0 0 1 0 1 0 0 0 
0 0 0 1 1 0 0 0 0 0 0 0 0 0 0 
0 0 1 0 0 0 1 0 0 0 0 0 0 0 0 
0 0 0 0 0 1 0 0 1 0 0 0 0 0 0 
1 0 0 0 0 0 0 0 1 0 0 0 0 0 0 
Best sequence:
0 5 8 1 7 10 13 12 4 3 2 6 11 9 14 
0 0 0 1 0 1 0 0 0 0 0 0 0 0 0 
0 0 0 0 0 0 0 1 1 0 0 0 0 0 0 
0 0 0 0 0 0 0 0 0 0 0 1 1 0 0 
0 0 0 0 0 0 1 1 0 0 0 0 0 0 0 
0 0 0 0 1 0 0 0 0 0 0 0 0 0 1 
0 0 0 0 0 1 1 0 0 0 0 0 0 0 0 
1 1 0 0 0 0 0 0 0 0 0 0 0 0 0 
0 0 0 0 0 0 0 0 0 1 1 0 0 0 0 
0 0 0 0 0 0 0 0 0 0 0 0 0 1 1 
0 0 0 1 1 0 0 0 0 0 0 0 0 0 0 
0 0 0 0 0 0 0 0 0 0 0 0 1 1 0 
0 0 0 0 0 0 0 0 1 1 0 0 0 0 0 
0 0 0 0 0 0 0 0 0 0 1 1 0 0 0 
0 1 1 0 0 0 0 0 0 0 0 0 0 0 0 
1 0 1 0 0 0 0 0 0 0 0 0 0 0 0 
OpenStacks: 3
Took 0.61 seconds

buffer: Warwick 574: balanced orders and products, 2 products per order
numCustomers: 15
numProducts: 15
0 0 0 0 0 1 0 1 0 0 0 0 0 0 0 
0 0 1 0 0 0 0 0 1 0 0 0 0 0 0 
0 1 0 0 0 0 0 0 0 0 0 0 0 0 1 
0 0 0 0 0 0 0 0 0 1 0 0 1 0 0 
1 1 0 0 0 0 0 0 0 0 0 0 0 0 0 
0 0 0 0 1 0 0 0 0 1 0 0 0 0 0 
0 0 0 0 0 0 0 1 0 0 0 0 0 0 1 
0 0 0 0 0 0 0 0 1 0 0 0 1 0 0 
0 0 0 0 0 0 0 0 0 0 0 1 0 1 0 
0 0 1 0 0 0 0 0 0 0 0 0 0 1 0 
0 0 0 0 0 0 1 0 0 0 1 0 0 0 0 
0 0 0 0 0 0 1 0 0 0 1 0 0 0 0 
0 0 0 1 0 1 0 0 0 0 0 0 0 0 0 
1 0 0 0 0 0 0 0 0 0 0 1 0 0 0 
0 0 0 1 1 0 0 0 0 0 0 0 0 0 0 
Best sequence:
0 1 11 13 2 8 12 9 4 3 5 7 14 6 10 
0 0 0 0 0 0 0 0 0 0 1 1 0 0 0 
0 0 0 0 1 1 0 0 0 0 0 0 0 0 0 
0 1 0 0 0 0 0 0 0 0 0 0 1 0 0 
0 0 0 0 0 0 1 1 0 0 0 0 0 0 0 
1 1 0 0 0 0 0 0 0 0 0 0 0 0 0 
0 0 0 0 0 0 0 1 1 0 0 0 0 0 0 
0 0 0 0 0 0 0 0 0 0 0 1 1 0 0 
0 0 0 0 0 1 1 0 0 0 0 0 0 0 0 
0 0 1 1 0 0 0 0 0 0 0 0 0 0 0 
0 0 0 1 1 0 0 0 0 0 0 0 0 0 0 
0 0 0 0 0 0 0 0 0 0 0 0 0 1 1 
0 0 0 0 0 0 0 0 0 0 0 0 0 1 1 
0 0 0 0 0 0 0 0 0 1 1 0 0 0 0 
1 0 1 0 0 0 0 0 0 0 0 0 0 0 0 
0 0 0 0 0 0 0 0 1 1 0 0 0 0 0 
OpenStacks: 3
Took 0.61 seconds

buffer: Warwick 575: balanced orders and products, 2 products per order
numCustomers: 15
numProducts: 15
0 0 0 0 0 0 0 0 1 0 1 0 0 0 0 
0 0 0 1 1 0 0 0 0 0 0 0 0 0 0 
0 0 0 0 0 0 0 0 0 1 0 1 0 0 0 
0 0 0 0 0 0 0 0 1 0 0 0 0 1 0 
0 0 1 0 0 0 1 0 0 0 0 0 0 0 0 
1 1 0 0 0 0 0 0 0 0 0 0 0 0 0 
1 0 0 0 0 0 0 0 0 0 0 1 0 0 0 
0 0 0 0 1 0 0 0 0 0 0 0 1 0 0 
0 0 0 1 0 0 0 0 0 0 1 0 0 0 0 
0 0 1 0 0 0 0 0 0 1 0 0 0 0 0 
0 1 0 0 0 0 0 1 0 0 0 0 0 0 0 
0 0 0 0 0 0 1 0 0 0 0 0 0 0 1 
0 0 0 0 0 0 0 1 0 0 0 0 0 1 0 
0 0 0 0 0 1 0 0 0 0 0 0 0 0 1 
0 0 0 0 0 1 0 0 0 0 0 0 1 0 0 
Best sequence:
0 1 7 11 9 2 6 13 8 10 3 4 12 5 14 
0 0 0 0 0 0 0 0 1 1 0 0 0 0 0 
0 0 0 0 0 0 0 0 0 0 1 1 0 0 0 
0 0 0 1 1 0 0 0 0 0 0 0 0 0 0 
0 0 0 0 0 0 0 1 1 0 0 0 0 0 0 
0 0 0 0 0 1 1 0 0 0 0 0 0 0 0 
1 1 0 0 0 0 0 0 0 0 0 0 0 0 0 
1 0 0 1 0 0 0 0 0 0 0 0 0 0 0 
0 0 0 0 0 0 0 0 0 0 0 1 1 0 0 
0 0 0 0 0 0 0 0 0 1 1 0 0 0 0 
0 0 0 0 1 1 0 0 0 0 0 0 0 0 0 
0 1 1 0 0 0 0 0 0 0 0 0 0 0 0 
0 0 0 0 0 0 1 0 0 0 0 0 0 0 1 
0 0 1 0 0 0 0 1 0 0 0 0 0 0 0 
0 0 0 0 0 0 0 0 0 0 0 0 0 1 1 
0 0 0 0 0 0 0 0 0 0 0 0 1 1 0 
OpenStacks: 3
Took 0.62 seconds

buffer: Warwick 576: balanced orders and products, 2 products per order
numCustomers: 15
numProducts: 15
0 0 0 0 0 0 0 0 0 0 1 0 1 0 0 
0 0 0 0 0 1 0 0 0 0 0 0 0 0 1 
0 0 0 0 0 1 1 0 0 0 0 0 0 0 0 
0 0 0 0 0 0 0 0 0 1 1 0 0 0 0 
0 1 0 0 0 0 0 0 0 0 0 0 0 1 0 
1 1 0 0 0 0 0 0 0 0 0 0 0 0 0 
1 0 0 1 0 0 0 0 0 0 0 0 0 0 0 
0 0 0 0 1 0 0 0 1 0 0 0 0 0 0 
0 0 0 0 0 0 0 0 0 1 0 0 0 0 1 
0 0 0 0 0 0 1 0 0 0 0 1 0 0 0 
0 0 1 0 0 0 0 1 0 0 0 0 0 0 0 
0 0 0 0 0 0 0 0 0 0 0 0 1 1 0 
0 0 1 1 0 0 0 0 0 0 0 0 0 0 0 
0 0 0 0 1 0 0 0 0 0 0 1 0 0 0 
0 0 0 0 0 0 0 1 1 0 0 0 0 0 0 
Best sequence:
0 1 3 2 7 8 4 11 6 5 13 12 10 9 14 
0 0 0 0 0 0 0 0 0 0 0 1 1 0 0 
0 0 0 0 0 0 0 0 0 1 0 0 0 0 1 
0 0 0 0 0 0 0 0 1 1 0 0 0 0 0 
0 0 0 0 0 0 0 0 0 0 0 0 1 1 0 
0 1 0 0 0 0 0 0 0 0 1 0 0 0 0 
1 1 0 0 0 0 0 0 0 0 0 0 0 0 0 
1 0 1 0 0 0 0 0 0 0 0 0 0 0 0 
0 0 0 0 0 1 1 0 0 0 0 0 0 0 0 
0 0 0 0 0 0 0 0 0 0 0 0 0 1 1 
0 0 0 0 0 0 0 1 1 0 0 0 0 0 0 
0 0 0 1 1 0 0 0 0 0 0 0 0 0 0 
0 0 0 0 0 0 0 0 0 0 1 1 0 0 0 
0 0 1 1 0 0 0 0 0 0 0 0 0 0 0 
0 0 0 0 0 0 1 1 0 0 0 0 0 0 0 
0 0 0 0 1 1 0 0 0 0 0 0 0 0 0 
OpenStacks: 3
Took 0.62 seconds

buffer: Warwick 577: balanced orders and products, 2 products per order
numCustomers: 15
numProducts: 15
1 0 0 0 0 0 0 0 0 0 0 0 1 0 0 
0 0 0 0 0 1 0 1 0 0 0 0 0 0 0 
0 0 0 1 0 0 0 0 0 0 1 0 0 0 0 
0 1 0 0 0 0 0 0 0 0 0 0 0 0 1 
0 0 0 0 1 1 0 0 0 0 0 0 0 0 0 
1 0 1 0 0 0 0 0 0 0 0 0 0 0 0 
0 0 0 1 1 0 0 0 0 0 0 0 0 0 0 
0 0 0 0 0 0 1 0 1 0 0 0 0 0 0 
0 0 0 0 0 0 0 0 0 1 0 1 0 0 0 
0 0 0 0 0 0 0 0 1 0 0 0 0 1 0 
0 0 0 0 0 0 0 1 0 0 0 0 0 1 0 
0 0 1 0 0 0 0 0 0 0 0 0 1 0 0 
0 0 0 0 0 0 0 0 0 0 0 1 0 0 1 
0 0 0 0 0 0 0 0 0 1 1 0 0 0 0 
0 1 0 0 0 0 1 0 0 0 0 0 0 0 0 
Best sequence:
0 2 12 1 6 8 13 7 5 4 3 10 9 11 14 
1 0 1 0 0 0 0 0 0 0 0 0 0 0 0 
0 0 0 0 0 0 0 1 1 0 0 0 0 0 0 
0 0 0 0 0 0 0 0 0 0 1 1 0 0 0 
0 0 0 1 0 0 0 0 0 0 0 0 0 0 1 
0 0 0 0 0 0 0 0 1 1 0 0 0 0 0 
1 1 0 0 0 0 0 0 0 0 0 0 0 0 0 
0 0 0 0 0 0 0 0 0 1 1 0 0 0 0 
0 0 0 0 1 1 0 0 0 0 0 0 0 0 0 
0 0 0 0 0 0 0 0 0 0 0 0 1 1 0 
0 0 0 0 0 1 1 0 0 0 0 0 0 0 0 
0 0 0 0 0 0 1 1 0 0 0 0 0 0 0 
0 1 1 0 0 0 0 0 0 0 0 0 0 0 0 
0 0 0 0 0 0 0 0 0 0 0 0 0 1 1 
0 0 0 0 0 0 0 0 0 0 0 1 1 0 0 
0 0 0 1 1 0 0 0 0 0 0 0 0 0 0 
OpenStacks: 3
Took 0.61 seconds

buffer: Warwick 578: balanced orders and products, 2 products per order
numCustomers: 15
numProducts: 15
0 1 0 0 0 0 0 0 0 0 0 0 0 1 0 
0 0 0 0 0 0 0 0 0 1 0 0 1 0 0 
0 0 0 0 0 0 0 1 1 0 0 0 0 0 0 
0 0 1 0 0 0 0 1 0 0 0 0 0 0 0 
0 0 0 0 1 0 0 0 0 0 0 0 0 0 1 
1 0 0 0 0 0 0 0 1 0 0 0 0 0 0 
0 0 0 0 1 0 0 0 0 0 0 1 0 0 0 
1 0 0 0 0 1 0 0 0 0 0 0 0 0 0 
0 0 1 0 0 0 0 0 0 0 1 0 0 0 0 
0 0 0 1 0 0 0 0 0 0 0 1 0 0 0 
0 0 0 0 0 0 1 0 0 0 0 0 0 1 0 
0 0 0 1 0 1 0 0 0 0 0 0 0 0 0 
0 0 0 0 0 0 1 0 0 0 1 0 0 0 0 
0 1 0 0 0 0 0 0 0 1 0 0 0 0 0 
0 0 0 0 0 0 0 0 0 0 0 0 1 0 1 
Best sequence:
0 5 3 8 7 2 10 6 11 4 13 1 9 12 14 
0 0 0 0 0 0 0 0 0 0 1 1 0 0 0 
0 0 0 0 0 0 0 0 0 0 0 0 1 1 0 
0 0 0 1 1 0 0 0 0 0 0 0 0 0 0 
0 0 0 0 1 1 0 0 0 0 0 0 0 0 0 
0 0 0 0 0 0 0 0 0 1 0 0 0 0 1 
1 0 0 1 0 0 0 0 0 0 0 0 0 0 0 
0 0 0 0 0 0 0 0 1 1 0 0 0 0 0 
1 1 0 0 0 0 0 0 0 0 0 0 0 0 0 
0 0 0 0 0 1 1 0 0 0 0 0 0 0 0 
0 0 1 0 0 0 0 0 1 0 0 0 0 0 0 
0 0 0 0 0 0 0 1 0 0 1 0 0 0 0 
0 1 1 0 0 0 0 0 0 0 0 0 0 0 0 
0 0 0 0 0 0 1 1 0 0 0 0 0 0 0 
0 0 0 0 0 0 0 0 0 0 0 1 1 0 0 
0 0 0 0 0 0 0 0 0 0 0 0 0 1 1 
OpenStacks: 3
Took 0.62 seconds

buffer: Warwick 579: balanced orders and products, 2 products per order
numCustomers: 15
numProducts: 15
0 1 1 0 0 0 0 0 0 0 0 0 0 0 0 
0 0 0 1 0 0 0 0 0 0 0 0 1 0 0 
0 0 0 0 0 0 0 0 0 0 1 1 0 0 0 
0 0 0 0 0 0 1 0 1 0 0 0 0 0 0 
0 0 0 0 0 0 0 1 0 0 0 0 1 0 0 
0 0 0 0 1 0 0 0 0 0 0 0 0 1 0 
1 0 0 0 0 0 0 0 0 0 0 0 0 0 1 
0 0 1 0 1 0 0 0 0 0 0 0 0 0 0 
0 0 0 0 0 1 0 1 0 0 0 0 0 0 0 
1 0 0 1 0 0 0 0 0 0 0 0 0 0 0 
0 0 0 0 0 0 1 0 0 0 0 1 0 0 0 
0 1 0 0 0 1 0 0 0 0 0 0 0 0 0 
0 0 0 0 0 0 0 0 0 1 1 0 0 0 0 
0 0 0 0 0 0 0 0 1 0 0 0 0 0 1 
0 0 0 0 0 0 0 0 0 1 0 0 0 1 0 
Best sequence:
0 3 12 7 5 1 2 4 13 9 10 11 6 8 14 
0 0 0 0 0 1 1 0 0 0 0 0 0 0 0 
0 1 1 0 0 0 0 0 0 0 0 0 0 0 0 
0 0 0 0 0 0 0 0 0 0 1 1 0 0 0 
0 0 0 0 0 0 0 0 0 0 0 0 1 1 0 
0 0 1 1 0 0 0 0 0 0 0 0 0 0 0 
0 0 0 0 0 0 0 1 1 0 0 0 0 0 0 
1 0 0 0 0 0 0 0 0 0 0 0 0 0 1 
0 0 0 0 0 0 1 1 0 0 0 0 0 0 0 
0 0 0 1 1 0 0 0 0 0 0 0 0 0 0 
1 1 0 0 0 0 0 0 0 0 0 0 0 0 0 
0 0 0 0 0 0 0 0 0 0 0 1 1 0 0 
0 0 0 0 1 1 0 0 0 0 0 0 0 0 0 
0 0 0 0 0 0 0 0 0 1 1 0 0 0 0 
0 0 0 0 0 0 0 0 0 0 0 0 0 1 1 
0 0 0 0 0 0 0 0 1 1 0 0 0 0 0 
OpenStacks: 3
Took 0.62 seconds

buffer: Warwick 580: balanced orders and products, 2 products per order
numCustomers: 15
numProducts: 15
0 1 0 0 1 0 0 0 0 0 0 0 0 0 0 
0 0 1 1 0 0 0 0 0 0 0 0 0 0 0 
1 0 0 0 0 0 0 0 0 0 0 1 0 0 0 
1 0 0 0 0 0 0 0 0 0 0 0 0 1 0 
0 0 1 0 0 0 0 0 0 0 1 0 0 0 0 
0 0 0 0 0 0 0 0 0 0 0 1 0 0 1 
0 0 0 1 0 1 0 0 0 0 0 0 0 0 0 
0 0 0 0 0 0 1 0 0 0 0 0 1 0 0 
0 0 0 0 0 0 0 1 1 0 0 0 0 0 0 
0 0 0 0 0 1 0 0 0 0 0 0 1 0 0 
0 0 0 0 1 0 0 0 0 0 0 0 0 0 1 
0 0 0 0 0 0 0 0 0 1 1 0 0 0 0 
0 1 0 0 0 0 1 0 0 0 0 0 0 0 0 
0 0 0 0 0 0 0 0 1 0 0 0 0 1 0 
0 0 0 0 0 0 0 1 0 1 0 0 0 0 0 
Best sequence:
0 11 13 8 7 9 10 2 3 5 12 6 1 4 14 
0 0 0 0 0 0 0 0 0 0 0 0 1 1 0 
0 0 0 0 0 0 0 1 1 0 0 0 0 0 0 
1 1 0 0 0 0 0 0 0 0 0 0 0 0 0 
1 0 1 0 0 0 0 0 0 0 0 0 0 0 0 
0 0 0 0 0 0 1 1 0 0 0 0 0 0 0 
0 1 0 0 0 0 0 0 0 0 0 0 0 0 1 
0 0 0 0 0 0 0 0 1 1 0 0 0 0 0 
0 0 0 0 0 0 0 0 0 0 1 1 0 0 0 
0 0 0 1 1 0 0 0 0 0 0 0 0 0 0 
0 0 0 0 0 0 0 0 0 1 1 0 0 0 0 
0 0 0 0 0 0 0 0 0 0 0 0 0 1 1 
0 0 0 0 0 1 1 0 0 0 0 0 0 0 0 
0 0 0 0 0 0 0 0 0 0 0 1 1 0 0 
0 0 1 1 0 0 0 0 0 0 0 0 0 0 0 
0 0 0 0 1 1 0 0 0 0 0 0 0 0 0 
OpenStacks: 3
Took 0.63 seconds

buffer: Warwick 581: balanced orders and products, 3 products per order
numCustomers: 15
numProducts: 15
0 0 0 0 0 1 0 0 0 1 0 0 0 0 1 
0 0 0 1 0 0 0 1 0 0 0 1 0 0 0 
1 0 0 1 0 0 0 0 0 0 0 1 0 0 0 
0 0 1 0 0 0 1 0 1 0 0 0 0 0 0 
0 1 0 0 0 0 1 0 1 0 0 0 0 0 0 
0 1 0 0 0 0 0 0 0 0 0 1 1 0 0 
1 0 0 0 0 1 0 0 0 0 0 0 1 0 0 
0 0 0 1 0 0 0 0 0 1 0 0 0 1 0 
0 0 1 0 0 0 0 0 0 1 0 0 0 0 1 
0 0 1 0 0 0 0 0 0 0 0 0 1 1 0 
1 0 0 0 0 0 0 1 0 0 0 0 0 1 0 
0 0 0 0 1 0 0 0 0 0 1 0 0 0 1 
0 0 0 0 0 1 1 1 0 0 0 0 0 0 0 
0 0 0 0 1 0 0 0 1 0 1 0 0 0 0 
0 1 0 0 1 0 0 0 0 0 1 0 0 0 0 
Best sequence:
0 3 11 7 12 13 5 9 2 6 1 8 4 10 14 
0 0 0 0 0 0 1 1 0 0 0 0 0 0 1 
0 1 1 1 0 0 0 0 0 0 0 0 0 0 0 
1 1 1 0 0 0 0 0 0 0 0 0 0 0 0 
0 0 0 0 0 0 0 0 1 1 0 1 0 0 0 
0 0 0 0 0 0 0 0 0 1 1 1 0 0 0 
0 0 1 0 1 0 0 0 0 0 1 0 0 0 0 
1 0 0 0 1 0 1 0 0 0 0 0 0 0 0 
0 1 0 0 0 1 0 1 0 0 0 0 0 0 0 
0 0 0 0 0 0 0 1 1 0 0 0 0 0 1 
0 0 0 0 1 1 0 0 1 0 0 0 0 0 0 
1 0 0 1 0 1 0 0 0 0 0 0 0 0 0 
0 0 0 0 0 0 0 0 0 0 0 0 1 1 1 
0 0 0 1 0 0 1 0 0 1 0 0 0 0 0 
0 0 0 0 0 0 0 0 0 0 0 1 1 1 0 
0 0 0 0 0 0 0 0 0 0 1 0 1 1 0 
OpenStacks: 6
Took 0.61 seconds

buffer: Warwick 582: balanced orders and products, 3 products per order
numCustomers: 15
numProducts: 15
0 0 0 0 0 0 0 1 0 0 1 1 0 0 0 
0 0 0 1 0 0 0 1 0 1 0 0 0 0 0 
0 0 1 0 1 0 0 1 0 0 0 0 0 0 0 
0 0 1 0 1 0 1 0 0 0 0 0 0 0 0 
0 0 0 0 0 1 0 0 0 0 0 0 1 0 1 
0 1 0 1 0 0 0 0 0 0 0 0 0 1 0 
1 0 0 0 0 0 0 0 0 1 0 0 0 0 1 
1 1 0 0 0 0 0 0 0 0 0 0 0 1 0 
0 0 0 0 0 1 0 0 1 0 0 1 0 0 0 
1 0 0 0 0 0 0 0 1 0 0 0 0 1 0 
0 0 0 0 0 0 1 0 0 1 1 0 0 0 0 
0 1 0 0 0 1 0 0 0 0 0 0 1 0 0 
0 0 0 0 0 0 1 0 1 0 0 0 1 0 0 
0 0 1 0 0 0 0 0 0 0 1 0 0 0 1 
0 0 0 1 1 0 0 0 0 0 0 1 0 0 0 
Best sequence:
0 1 3 13 8 5 12 11 14 9 6 10 2 4 7 
0 0 0 0 0 0 0 1 0 0 0 1 0 0 1 
0 0 1 0 0 0 0 0 0 1 0 0 0 0 1 
0 0 0 0 0 0 0 0 0 0 0 0 1 1 1 
0 0 0 0 0 0 0 0 0 0 1 0 1 1 0 
0 0 0 0 0 1 1 0 1 0 0 0 0 0 0 
0 1 1 1 0 0 0 0 0 0 0 0 0 0 0 
1 0 0 0 0 0 0 0 1 1 0 0 0 0 0 
1 1 0 1 0 0 0 0 0 0 0 0 0 0 0 
0 0 0 0 1 1 0 1 0 0 0 0 0 0 0 
1 0 0 1 1 0 0 0 0 0 0 0 0 0 0 
0 0 0 0 0 0 0 0 0 1 1 1 0 0 0 
0 1 0 0 0 1 1 0 0 0 0 0 0 0 0 
0 0 0 0 1 0 1 0 0 0 1 0 0 0 0 
0 0 0 0 0 0 0 0 1 0 0 1 1 0 0 
0 0 1 0 0 0 0 1 0 0 0 0 0 1 0 
OpenStacks: 7
Took 0.62 seconds

buffer: Warwick 583: balanced orders and products, 3 products per order
numCustomers: 15
numProducts: 15
0 0 0 1 0 0 0 0 0 0 0 0 0 1 1 
0 0 0 0 0 0 0 1 0 0 0 1 0 0 1 
0 0 0 0 0 1 0 1 0 0 0 0 1 0 0 
0 1 1 0 0 0 0 0 0 0 0 0 1 0 0 
0 0 1 1 0 1 0 0 0 0 0 0 0 0 0 
1 0 0 0 0 1 0 0 0 0 0 1 0 0 0 
0 0 0 0 0 0 0 0 0 1 1 0 0 0 1 
0 0 1 0 1 0 1 0 0 0 0 0 0 0 0 
1 0 0 0 1 0 0 0 0 0 0 0 0 1 0 
0 1 0 0 1 0 0 0 1 0 0 0 0 0 0 
0 0 0 0 0 0 0 0 1 0 0 1 0 1 0 
0 1 0 0 0 0 1 0 0 1 0 0 0 0 0 
1 0 0 0 0 0 0 1 0 0 1 0 0 0 0 
0 0 0 0 0 0 0 0 1 0 1 0 1 0 0 
0 0 0 1 0 0 1 0 0 1 0 0 0 0 0 
Best sequence:
0 5 7 10 11 12 8 13 14 2 4 1 3 6 9 
0 0 0 0 0 0 0 1 1 0 0 0 1 0 0 
0 0 1 0 1 0 0 0 1 0 0 0 0 0 0 
0 1 1 0 0 1 0 0 0 0 0 0 0 0 0 
0 0 0 0 0 1 0 0 0 1 0 1 0 0 0 
0 1 0 0 0 0 0 0 0 1 0 0 1 0 0 
1 1 0 0 1 0 0 0 0 0 0 0 0 0 0 
0 0 0 1 0 0 0 0 1 0 0 0 0 0 1 
0 0 0 0 0 0 0 0 0 1 1 0 0 1 0 
1 0 0 0 0 0 0 1 0 0 1 0 0 0 0 
0 0 0 0 0 0 1 0 0 0 1 1 0 0 0 
0 0 0 0 1 0 1 1 0 0 0 0 0 0 0 
0 0 0 0 0 0 0 0 0 0 0 1 0 1 1 
1 0 1 1 0 0 0 0 0 0 0 0 0 0 0 
0 0 0 1 0 1 1 0 0 0 0 0 0 0 0 
0 0 0 0 0 0 0 0 0 0 0 0 1 1 1 
OpenStacks: 8
Took 0.62 seconds

buffer: Warwick 584: balanced orders and products, 3 products per order
numCustomers: 15
numProducts: 15
1 0 0 1 0 0 0 0 0 0 0 1 0 0 0 
0 0 1 0 0 0 0 0 0 0 0 1 0 1 0 
0 0 0 0 1 1 0 0 0 1 0 0 0 0 0 
0 0 0 0 0 1 0 1 0 0 0 0 0 0 1 
1 0 0 0 0 0 0 1 0 1 0 0 0 0 0 
0 0 0 0 0 0 0 1 0 0 1 0 0 1 0 
0 0 0 1 0 0 0 0 1 1 0 0 0 0 0 
0 1 1 0 0 0 0 0 0 0 0 0 0 0 1 
0 1 0 0 0 0 1 0 1 0 0 0 0 0 0 
0 0 0 0 1 0 0 0 0 0 0 1 1 0 0 
0 1 0 0 1 0 0 0 0 0 0 0 0 0 1 
0 0 0 0 0 0 1 0 0 0 1 0 1 0 0 
0 0 0 0 0 1 1 0 0 0 0 0 0 1 0 
1 0 0 1 0 0 0 0 1 0 0 0 0 0 0 
0 0 1 0 0 0 0 0 0 0 1 0 1 0 0 
Best sequence:
0 1 3 8 4 9 11 14 2 5 6 12 7 10 13 
1 0 1 0 0 0 1 0 0 0 0 0 0 0 0 
0 0 0 0 0 0 1 0 1 0 0 0 0 0 1 
0 0 0 0 1 1 0 0 0 1 0 0 0 0 0 
0 0 0 0 0 0 0 1 0 1 0 0 1 0 0 
1 0 0 0 0 1 0 0 0 0 0 0 1 0 0 
0 0 0 0 0 0 0 0 0 0 0 0 1 1 1 
0 0 1 1 0 1 0 0 0 0 0 0 0 0 0 
0 1 0 0 0 0 0 1 1 0 0 0 0 0 0 
0 1 0 1 0 0 0 0 0 0 1 0 0 0 0 
0 0 0 0 1 0 1 0 0 0 0 1 0 0 0 
0 1 0 0 1 0 0 1 0 0 0 0 0 0 0 
0 0 0 0 0 0 0 0 0 0 1 1 0 1 0 
0 0 0 0 0 0 0 0 0 1 1 0 0 0 1 
1 0 1 1 0 0 0 0 0 0 0 0 0 0 0 
0 0 0 0 0 0 0 0 1 0 0 1 0 1 0 
OpenStacks: 8
Took 0.62 seconds

buffer: Warwick 585: balanced orders and products, 3 products per order
numCustomers: 15
numProducts: 15
0 0 0 0 1 1 0 1 0 0 0 0 0 0 0 
0 0 0 1 0 0 1 0 0 0 0 1 0 0 0 
0 0 1 0 0 1 0 0 1 0 0 0 0 0 0 
0 1 0 0 0 0 0 0 0 0 0 0 1 0 1 
0 1 0 0 0 0 0 0 0 0 1 1 0 0 0 
1 0 0 0 0 0 0 0 1 1 0 0 0 0 0 
1 0 1 0 0 0 0 0 0 0 1 0 0 0 0 
0 0 0 1 0 0 1 0 0 0 0 0 1 0 0 
0 0 0 0 0 0 0 1 0 1 0 0 0 0 1 
0 0 0 0 0 0 0 0 1 0 0 1 0 1 0 
0 0 0 1 1 0 0 0 0 0 0 0 0 1 0 
0 0 0 0 0 0 0 0 0 1 0 0 1 1 0 
0 0 0 0 1 0 0 0 0 0 1 0 0 0 1 
1 0 1 0 0 0 1 0 0 0 0 0 0 0 0 
0 1 0 0 0 1 0 1 0 0 0 0 0 0 0 
Best sequence:
0 2 3 6 8 11 10 13 4 5 1 12 7 9 14 
0 0 0 0 0 0 0 0 1 1 0 0 1 0 0 
0 0 1 1 0 1 0 0 0 0 0 0 0 0 0 
0 1 0 0 1 0 0 0 0 1 0 0 0 0 0 
0 0 0 0 0 0 0 0 0 0 1 1 0 0 1 
0 0 0 0 0 1 1 0 0 0 1 0 0 0 0 
1 0 0 0 1 0 0 0 0 0 0 0 0 1 0 
1 1 0 0 0 0 1 0 0 0 0 0 0 0 0 
0 0 1 1 0 0 0 0 0 0 0 1 0 0 0 
0 0 0 0 0 0 0 0 0 0 0 0 1 1 1 
0 0 0 0 1 1 0 1 0 0 0 0 0 0 0 
0 0 1 0 0 0 0 1 1 0 0 0 0 0 0 
0 0 0 0 0 0 0 1 0 0 0 1 0 1 0 
0 0 0 0 0 0 1 0 1 0 0 0 0 0 1 
1 1 0 1 0 0 0 0 0 0 0 0 0 0 0 
0 0 0 0 0 0 0 0 0 1 1 0 1 0 0 
OpenStacks: 8
Took 0.62 seconds

buffer: Warwick 586: balanced orders and products, 3 products per order
numCustomers: 15
numProducts: 15
0 0 1 0 0 1 0 0 0 0 0 0 0 1 0 
0 0 0 0 0 0 0 0 0 1 0 0 1 1 0 
0 1 0 0 0 1 0 1 0 0 0 0 0 0 0 
0 0 0 0 0 0 0 0 0 0 1 1 0 0 1 
0 0 0 1 1 0 1 0 0 0 0 0 0 0 0 
1 0 0 0 0 0 0 0 0 0 1 0 1 0 0 
0 0 0 1 0 0 0 0 1 0 0 0 1 0 0 
0 0 0 1 0 0 0 0 0 1 0 0 0 0 1 
0 0 0 0 1 0 0 1 1 0 0 0 0 0 0 
0 0 1 0 1 0 0 0 0 0 0 0 0 0 1 
0 0 1 0 0 1 0 0 0 1 0 0 0 0 0 
0 0 0 0 0 0 1 1 0 0 0 1 0 0 0 
0 1 0 0 0 0 0 0 1 0 0 0 0 1 0 
1 1 0 0 0 0 0 0 0 0 1 0 0 0 0 
1 0 0 0 0 0 1 0 0 0 0 1 0 0 0 
Best sequence:
0 1 6 10 7 11 4 8 3 14 12 9 2 5 13 
0 0 0 0 0 0 0 0 0 0 0 0 1 1 1 
0 0 0 0 0 0 0 0 0 0 1 1 0 0 1 
0 1 0 0 1 0 0 0 0 0 0 0 0 1 0 
0 0 0 1 0 1 0 0 0 1 0 0 0 0 0 
0 0 1 0 0 0 1 0 1 0 0 0 0 0 0 
1 0 0 1 0 0 0 0 0 0 1 0 0 0 0 
0 0 0 0 0 0 0 1 1 0 1 0 0 0 0 
0 0 0 0 0 0 0 0 1 1 0 1 0 0 0 
0 0 0 0 1 0 1 1 0 0 0 0 0 0 0 
0 0 0 0 0 0 1 0 0 1 0 0 1 0 0 
0 0 0 0 0 0 0 0 0 0 0 1 1 1 0 
0 0 1 0 1 1 0 0 0 0 0 0 0 0 0 
0 1 0 0 0 0 0 1 0 0 0 0 0 0 1 
1 1 0 1 0 0 0 0 0 0 0 0 0 0 0 
1 0 1 0 0 1 0 0 0 0 0 0 0 0 0 
OpenStacks: 8
Took 0.61 seconds

buffer: Warwick 587: balanced orders and products, 3 products per order
numCustomers: 15
numProducts: 15
0 0 1 0 0 0 0 0 1 0 0 0 1 0 0 
0 0 0 0 0 0 1 0 0 1 0 0 0 1 0 
1 0 0 0 0 1 0 0 0 0 1 0 0 0 0 
0 0 0 0 0 0 0 1 0 0 0 1 0 0 1 
0 0 0 0 0 0 0 1 0 0 0 0 1 0 1 
0 1 0 0 1 0 1 0 0 0 0 0 0 0 0 
0 0 0 0 0 0 0 0 1 0 0 1 0 1 0 
0 0 0 0 0 0 1 0 1 0 1 0 0 0 0 
0 1 1 0 1 0 0 0 0 0 0 0 0 0 0 
0 0 0 1 0 0 0 1 0 1 0 0 0 0 0 
1 0 0 0 0 0 0 0 0 0 0 0 1 0 1 
0 0 0 1 0 1 0 0 0 1 0 0 0 0 0 
0 0 1 0 0 1 0 0 0 0 0 0 0 1 0 
0 0 0 1 1 0 0 0 0 0 0 1 0 0 0 
1 1 0 0 0 0 0 0 0 0 1 0 0 0 0 
Best sequence:
0 1 2 4 10 5 6 3 9 8 13 11 7 12 14 
0 0 1 0 0 0 0 0 0 1 0 0 0 1 0 
0 0 0 0 0 0 1 0 1 0 1 0 0 0 0 
1 0 0 0 1 1 0 0 0 0 0 0 0 0 0 
0 0 0 0 0 0 0 0 0 0 0 1 1 0 1 
0 0 0 0 0 0 0 0 0 0 0 0 1 1 1 
0 1 0 1 0 0 1 0 0 0 0 0 0 0 0 
0 0 0 0 0 0 0 0 0 1 1 1 0 0 0 
0 0 0 0 1 0 1 0 0 1 0 0 0 0 0 
0 1 1 1 0 0 0 0 0 0 0 0 0 0 0 
0 0 0 0 0 0 0 1 1 0 0 0 1 0 0 
1 0 0 0 0 0 0 0 0 0 0 0 0 1 1 
0 0 0 0 0 1 0 1 1 0 0 0 0 0 0 
0 0 1 0 0 1 0 0 0 0 1 0 0 0 0 
0 0 0 1 0 0 0 1 0 0 0 1 0 0 0 
1 1 0 0 1 0 0 0 0 0 0 0 0 0 0 
OpenStacks: 8
Took 0.62 seconds

buffer: Warwick 588: balanced orders and products, 3 products per order
numCustomers: 15
numProducts: 15
1 0 0 0 0 0 1 1 0 0 0 0 0 0 0 
0 0 0 0 0 0 0 0 0 1 0 0 1 1 0 
0 0 0 0 0 1 0 0 0 0 0 0 0 1 1 
0 0 0 1 0 1 1 0 0 0 0 0 0 0 0 
0 1 1 0 0 0 0 0 0 0 1 0 0 0 0 
0 0 0 1 0 0 0 0 0 0 1 1 0 0 0 
0 0 1 0 1 0 1 0 0 0 0 0 0 0 0 
0 0 0 0 0 0 0 0 1 0 0 1 0 0 1 
0 1 0 0 1 0 0 1 0 0 0 0 0 0 0 
1 0 0 0 0 0 0 0 0 1 0 0 1 0 0 
0 0 1 0 0 0 0 1 1 0 0 0 0 0 0 
1 1 0 0 0 0 0 0 0 0 0 0 0 0 1 
0 0 0 0 1 0 0 0 0 1 0 0 0 1 0 
0 0 0 1 0 1 0 0 1 0 0 0 0 0 0 
0 0 0 0 0 0 0 0 0 0 1 1 1 0 0 
Best sequence:
0 1 2 4 7 6 8 5 14 3 9 13 10 11 12 
1 0 0 0 1 1 0 0 0 0 0 0 0 0 0 
0 0 0 0 0 0 0 0 0 0 1 1 0 0 1 
0 0 0 0 0 0 0 1 1 0 0 1 0 0 0 
0 0 0 0 0 1 0 1 0 1 0 0 0 0 0 
0 1 1 0 0 0 0 0 0 0 0 0 1 0 0 
0 0 0 0 0 0 0 0 0 1 0 0 1 1 0 
0 0 1 1 0 1 0 0 0 0 0 0 0 0 0 
0 0 0 0 0 0 1 0 1 0 0 0 0 1 0 
0 1 0 1 1 0 0 0 0 0 0 0 0 0 0 
1 0 0 0 0 0 0 0 0 0 1 0 0 0 1 
0 0 1 0 1 0 1 0 0 0 0 0 0 0 0 
1 1 0 0 0 0 0 0 1 0 0 0 0 0 0 
0 0 0 1 0 0 0 0 0 0 1 1 0 0 0 
0 0 0 0 0 0 1 1 0 1 0 0 0 0 0 
0 0 0 0 0 0 0 0 0 0 0 0 1 1 1 
OpenStacks: 8
Took 0.61 seconds

buffer: Warwick 589: balanced orders and products, 3 products per order
numCustomers: 15
numProducts: 15
0 0 0 0 0 0 1 1 0 0 0 1 0 0 0 
0 0 0 0 0 0 0 0 0 1 0 1 1 0 0 
1 0 1 0 0 0 0 1 0 0 0 0 0 0 0 
0 0 0 1 0 0 0 0 0 0 0 0 0 1 1 
0 0 0 0 0 1 0 0 0 0 1 0 0 1 0 
0 0 0 1 0 1 1 0 0 0 0 0 0 0 0 
0 0 0 0 1 0 0 1 0 0 1 0 0 0 0 
0 0 1 0 0 0 0 0 0 0 0 1 1 0 0 
0 0 0 0 0 0 1 0 1 0 0 0 1 0 0 
0 1 0 0 0 0 0 0 0 0 0 0 0 1 1 
0 0 0 0 1 0 0 0 1 1 0 0 0 0 0 
1 1 0 0 0 0 0 0 0 0 1 0 0 0 0 
0 1 0 0 0 0 0 0 1 1 0 0 0 0 0 
1 0 1 0 1 0 0 0 0 0 0 0 0 0 0 
0 0 0 1 0 1 0 0 0 0 0 0 0 0 1 
Best sequence:
0 2 4 7 10 11 12 6 8 9 1 3 5 13 14 
0 0 0 1 0 1 0 1 0 0 0 0 0 0 0 
0 0 0 0 0 1 1 0 0 1 0 0 0 0 0 
1 1 0 1 0 0 0 0 0 0 0 0 0 0 0 
0 0 0 0 0 0 0 0 0 0 0 1 0 1 1 
0 0 0 0 1 0 0 0 0 0 0 0 1 1 0 
0 0 0 0 0 0 0 1 0 0 0 1 1 0 0 
0 0 1 1 1 0 0 0 0 0 0 0 0 0 0 
0 1 0 0 0 1 1 0 0 0 0 0 0 0 0 
0 0 0 0 0 0 1 1 1 0 0 0 0 0 0 
0 0 0 0 0 0 0 0 0 0 1 0 0 1 1 
0 0 1 0 0 0 0 0 1 1 0 0 0 0 0 
1 0 0 0 1 0 0 0 0 0 1 0 0 0 0 
0 0 0 0 0 0 0 0 1 1 1 0 0 0 0 
1 1 1 0 0 0 0 0 0 0 0 0 0 0 0 
0 0 0 0 0 0 0 0 0 0 0 1 1 0 1 
OpenStacks: 7
Took 0.62 seconds

buffer: Warwick 590: balanced orders and products, 3 products per order
numCustomers: 15
numProducts: 15
0 0 0 1 0 0 0 1 0 0 0 1 0 0 0 
0 0 0 0 0 0 0 0 0 1 0 0 0 1 1 
0 0 0 0 1 0 1 0 0 1 0 0 0 0 0 
0 0 0 0 0 1 1 0 0 0 0 1 0 0 0 
1 0 1 0 0 0 0 0 0 1 0 0 0 0 0 
0 0 1 0 0 0 0 1 1 0 0 0 0 0 0 
0 1 1 0 1 0 0 0 0 0 0 0 0 0 0 
0 0 0 0 0 0 0 0 0 0 1 1 1 0 0 
0 0 0 0 0 0 0 1 0 0 0 0 0 1 1 
0 0 0 0 0 1 1 0 1 0 0 0 0 0 0 
1 0 0 0 0 0 0 0 0 0 1 0 0 0 1 
0 1 0 1 1 0 0 0 0 0 0 0 0 0 0 
1 1 0 0 0 0 0 0 0 0 0 0 1 0 0 
0 0 0 1 0 1 0 0 1 0 0 0 0 0 0 
0 0 0 0 0 0 0 0 0 0 1 0 1 1 0 
Best sequence:
0 9 13 14 10 12 1 2 4 7 3 8 5 6 11 
0 0 0 0 0 0 0 0 0 1 1 0 0 0 1 
0 1 1 1 0 0 0 0 0 0 0 0 0 0 0 
0 1 0 0 0 0 0 0 1 0 0 0 0 1 0 
0 0 0 0 0 0 0 0 0 0 0 0 1 1 1 
1 1 0 0 0 0 0 1 0 0 0 0 0 0 0 
0 0 0 0 0 0 0 1 0 1 0 1 0 0 0 
0 0 0 0 0 0 1 1 1 0 0 0 0 0 0 
0 0 0 0 1 1 0 0 0 0 0 0 0 0 1 
0 0 1 1 0 0 0 0 0 1 0 0 0 0 0 
0 0 0 0 0 0 0 0 0 0 0 1 1 1 0 
1 0 0 1 1 0 0 0 0 0 0 0 0 0 0 
0 0 0 0 0 0 1 0 1 0 1 0 0 0 0 
1 0 0 0 0 1 1 0 0 0 0 0 0 0 0 
0 0 0 0 0 0 0 0 0 0 1 1 1 0 0 
0 0 1 0 1 1 0 0 0 0 0 0 0 0 0 
OpenStacks: 7
Took 0.62 seconds

buffer: Warwick 591: balanced orders and products, 4 products per order
numCustomers: 15
numProducts: 15
0 1 1 0 0 0 1 0 0 1 0 0 0 0 0 
0 0 0 1 1 0 0 0 0 1 0 0 0 1 0 
0 0 1 0 0 1 0 1 0 0 0 0 0 0 1 
1 0 0 0 0 0 0 0 1 0 1 0 1 0 0 
0 0 1 0 0 0 0 0 0 0 1 1 0 1 0 
0 0 0 1 1 1 0 0 0 0 0 0 0 0 1 
0 1 0 1 0 0 0 0 0 1 0 1 0 0 0 
1 0 0 0 0 0 0 0 1 0 0 1 0 0 1 
0 0 0 0 1 1 0 0 1 0 0 0 0 1 0 
0 1 0 1 0 0 1 1 0 0 0 0 0 0 0 
0 0 0 0 0 0 1 0 1 0 0 1 1 0 0 
1 0 0 0 0 1 0 1 0 1 0 0 0 0 0 
0 0 0 0 0 0 1 0 0 0 1 0 1 0 1 
1 0 0 0 0 0 0 0 0 0 1 0 1 1 0 
0 1 1 0 1 0 0 1 0 0 0 0 0 0 0 
Best sequence:
0 5 8 10 12 11 14 13 4 2 1 3 6 7 9 
0 0 0 0 0 0 0 0 0 1 1 0 1 0 1 
0 0 0 0 0 0 0 1 1 0 0 1 0 0 1 
0 1 0 0 0 0 1 0 0 1 0 0 0 1 0 
1 0 1 1 1 0 0 0 0 0 0 0 0 0 0 
0 0 0 1 0 1 0 1 0 1 0 0 0 0 0 
0 1 0 0 0 0 1 0 1 0 0 1 0 0 0 
0 0 0 0 0 1 0 0 0 0 1 1 0 0 1 
1 0 1 0 0 1 1 0 0 0 0 0 0 0 0 
0 1 1 0 0 0 0 1 1 0 0 0 0 0 0 
0 0 0 0 0 0 0 0 0 0 1 1 1 1 0 
0 0 1 0 1 1 0 0 0 0 0 0 1 0 0 
1 1 0 0 0 0 0 0 0 0 0 0 0 1 1 
0 0 0 1 1 0 1 0 0 0 0 0 1 0 0 
1 0 0 1 1 0 0 1 0 0 0 0 0 0 0 
0 0 0 0 0 0 0 0 1 1 1 0 0 1 0 
OpenStacks: 10
Took 0.61 seconds

buffer: Warwick 592: balanced orders and products, 4 products per order
numCustomers: 15
numProducts: 15
0 0 1 0 1 1 0 0 0 0 0 0 0 0 1 
0 1 0 0 0 0 1 1 0 1 0 0 0 0 0 
0 0 0 1 0 0 0 0 0 0 1 1 1 0 0 
1 0 0 1 0 0 0 0 0 1 0 0 0 0 1 
0 0 0 0 0 1 0 1 1 0 0 0 0 1 0 
0 1 0 1 1 0 0 0 0 0 0 1 0 0 0 
1 0 1 0 1 0 0 0 1 0 0 0 0 0 0 
0 0 0 0 0 0 1 0 1 0 1 0 0 1 0 
0 0 0 0 1 1 0 0 0 1 0 0 1 0 0 
0 0 0 0 0 1 1 0 0 1 0 0 1 0 0 
0 0 0 0 0 0 1 1 0 0 0 0 0 1 1 
0 0 0 1 0 0 0 1 0 0 1 1 0 0 0 
1 1 1 0 0 0 0 0 0 0 0 1 0 0 0 
1 0 1 0 0 0 0 0 1 0 0 0 1 0 0 
0 1 0 0 0 0 0 0 0 0 1 0 0 1 1 
Best sequence:
0 2 4 5 8 12 9 6 1 13 14 3 7 10 11 
0 1 1 1 0 0 0 0 0 0 1 0 0 0 0 
0 0 0 0 0 0 1 1 1 0 0 0 1 0 0 
0 0 0 0 0 1 0 0 0 0 0 1 0 1 1 
1 0 0 0 0 0 1 0 0 0 1 1 0 0 0 
0 0 0 1 1 0 0 0 0 1 0 0 1 0 0 
0 0 1 0 0 0 0 0 1 0 0 1 0 0 1 
1 1 1 0 1 0 0 0 0 0 0 0 0 0 0 
0 0 0 0 1 0 0 1 0 1 0 0 0 1 0 
0 0 1 1 0 1 1 0 0 0 0 0 0 0 0 
0 0 0 1 0 1 1 1 0 0 0 0 0 0 0 
0 0 0 0 0 0 0 1 0 1 1 0 1 0 0 
0 0 0 0 0 0 0 0 0 0 0 1 1 1 1 
1 1 0 0 0 0 0 0 1 0 0 0 0 0 1 
1 1 0 0 1 1 0 0 0 0 0 0 0 0 0 
0 0 0 0 0 0 0 0 1 1 1 0 0 1 0 
OpenStacks: 10
Took 0.62 seconds

buffer: Warwick 593: balanced orders and products, 4 products per order
numCustomers: 15
numProducts: 15
0 0 0 0 0 0 0 0 1 1 0 1 0 0 1 
1 1 0 1 0 0 0 0 0 0 0 0 1 0 0 
1 1 0 0 0 1 0 0 0 0 0 0 0 1 0 
0 0 1 0 1 0 0 1 0 1 0 0 0 0 0 
1 0 0 0 1 1 0 0 0 0 0 0 1 0 0 
0 0 1 0 0 0 0 1 0 0 0 0 0 1 1 
0 0 0 1 1 0 1 0 1 0 0 0 0 0 0 
0 0 0 0 0 1 1 1 0 0 0 1 0 0 0 
1 1 0 1 0 0 0 1 0 0 0 0 0 0 0 
0 0 0 0 0 0 0 0 1 1 0 1 0 0 1 
0 1 0 0 0 0 0 0 0 1 1 0 1 0 0 
0 0 0 1 1 0 0 0 0 0 1 0 0 1 0 
0 0 1 0 0 1 1 0 0 0 1 0 0 0 0 
0 0 0 0 0 0 1 0 1 0 0 1 0 1 0 
0 0 1 0 0 0 0 0 0 0 1 0 1 0 1 
Best sequence:
0 1 3 4 7 12 2 5 6 10 13 8 9 11 14 
0 0 0 0 0 0 0 0 0 0 0 1 1 1 1 
1 1 1 0 0 1 0 0 0 0 0 0 0 0 0 
1 1 0 0 0 0 0 1 0 0 1 0 0 0 0 
0 0 0 1 1 0 1 0 0 0 0 0 1 0 0 
1 0 0 1 0 1 0 1 0 0 0 0 0 0 0 
0 0 0 0 1 0 1 0 0 0 1 0 0 0 1 
0 0 1 1 0 0 0 0 1 0 0 1 0 0 0 
0 0 0 0 1 0 0 1 1 0 0 0 0 1 0 
1 1 1 0 1 0 0 0 0 0 0 0 0 0 0 
0 0 0 0 0 0 0 0 0 0 0 1 1 1 1 
0 1 0 0 0 1 0 0 0 1 0 0 1 0 0 
0 0 1 1 0 0 0 0 0 1 1 0 0 0 0 
0 0 0 0 0 0 1 1 1 1 0 0 0 0 0 
0 0 0 0 0 0 0 0 1 0 1 1 0 1 0 
0 0 0 0 0 1 1 0 0 1 0 0 0 0 1 
OpenStacks: 10
Took 0.61 seconds

buffer: Warwick 594: balanced orders and products, 4 products per order
numCustomers: 15
numProducts: 15
1 0 1 0 0 0 0 0 0 0 1 0 1 0 0 
1 0 0 0 1 0 0 0 0 0 0 1 0 1 0 
0 0 0 0 0 0 1 0 1 0 0 0 1 1 0 
0 1 0 0 0 1 0 1 0 0 0 0 0 0 1 
0 0 1 1 1 0 0 0 0 0 1 0 0 0 0 
0 1 0 0 0 0 0 1 0 0 0 1 1 0 0 
1 0 0 1 0 0 0 1 0 1 0 0 0 0 0 
0 1 0 0 0 1 0 0 1 0 0 1 0 0 0 
0 0 1 1 0 0 1 0 0 1 0 0 0 0 0 
0 0 0 0 1 0 0 0 0 1 1 0 0 0 1 
1 0 0 0 0 0 1 1 1 0 0 0 0 0 0 
0 0 1 0 0 1 0 0 0 1 0 0 1 0 0 
0 0 0 1 1 0 0 0 0 0 0 0 0 1 1 
0 0 0 0 0 1 0 0 1 0 0 1 0 1 0 
0 1 0 0 0 0 1 0 0 0 1 0 0 0 1 
Best sequence:
0 2 3 4 9 10 6 12 7 14 1 5 8 11 13 
1 1 0 0 0 1 0 1 0 0 0 0 0 0 0 
1 0 0 1 0 0 0 0 0 0 0 0 0 1 1 
0 0 0 0 0 0 1 1 0 0 0 0 1 0 1 
0 0 0 0 0 0 0 0 1 1 1 1 0 0 0 
0 1 1 1 0 1 0 0 0 0 0 0 0 0 0 
0 0 0 0 0 0 0 1 1 0 1 0 0 1 0 
1 0 1 0 1 0 0 0 1 0 0 0 0 0 0 
0 0 0 0 0 0 0 0 0 0 1 1 1 1 0 
0 1 1 0 1 0 1 0 0 0 0 0 0 0 0 
0 0 0 1 1 1 0 0 0 1 0 0 0 0 0 
1 0 0 0 0 0 1 0 1 0 0 0 1 0 0 
0 1 0 0 1 0 0 1 0 0 0 1 0 0 0 
0 0 1 1 0 0 0 0 0 1 0 0 0 0 1 
0 0 0 0 0 0 0 0 0 0 0 1 1 1 1 
0 0 0 0 0 1 1 0 0 1 1 0 0 0 0 
OpenStacks: 10
Took 0.63 seconds

buffer: Warwick 595: balanced orders and products, 4 products per order
numCustomers: 15
numProducts: 15
0 0 1 0 0 0 1 0 0 0 0 0 1 1 0 
0 1 0 0 0 0 0 1 0 0 1 0 1 0 0 
1 0 0 0 0 1 0 1 0 0 0 1 0 0 0 
0 0 0 1 0 0 1 0 1 0 0 0 0 0 1 
0 0 1 0 0 0 0 0 0 0 0 1 0 1 1 
0 1 0 0 1 0 0 0 0 0 0 1 0 1 0 
1 0 1 0 0 0 0 0 0 0 1 0 1 0 0 
0 0 1 1 0 1 0 0 0 0 1 0 0 0 0 
0 0 0 0 0 0 0 0 1 1 0 0 0 1 1 
0 0 0 0 1 0 1 0 0 1 0 0 1 0 0 
0 1 0 0 1 0 0 1 0 0 0 0 0 0 1 
1 0 0 1 0 0 0 0 1 0 0 1 0 0 0 
0 0 0 0 1 1 0 0 1 1 0 0 0 0 0 
1 0 0 0 0 1 1 1 0 0 0 0 0 0 0 
0 1 0 1 0 0 0 0 0 1 1 0 0 0 0 
Best sequence:
0 1 7 10 12 2 4 5 11 3 6 8 9 13 14 
0 0 0 0 1 1 0 0 0 0 1 0 0 1 0 
0 1 1 1 1 0 0 0 0 0 0 0 0 0 0 
1 0 1 0 0 0 0 1 1 0 0 0 0 0 0 
0 0 0 0 0 0 0 0 0 1 1 1 0 0 1 
0 0 0 0 0 1 0 0 1 0 0 0 0 1 1 
0 1 0 0 0 0 1 0 1 0 0 0 0 1 0 
1 0 0 1 1 1 0 0 0 0 0 0 0 0 0 
0 0 0 1 0 1 0 1 0 1 0 0 0 0 0 
0 0 0 0 0 0 0 0 0 0 0 1 1 1 1 
0 0 0 0 1 0 1 0 0 0 1 0 1 0 0 
0 1 1 0 0 0 1 0 0 0 0 0 0 0 1 
1 0 0 0 0 0 0 0 1 1 0 1 0 0 0 
0 0 0 0 0 0 1 1 0 0 0 1 1 0 0 
1 0 1 0 0 0 0 1 0 0 1 0 0 0 0 
0 1 0 1 0 0 0 0 0 1 0 0 1 0 0 
OpenStacks: 11
Took 0.62 seconds

buffer: Warwick 596: balanced orders and products, 4 products per order
numCustomers: 15
numProducts: 15
0 0 0 0 0 0 1 0 0 0 1 1 0 1 0 
1 0 0 0 0 0 0 1 0 0 1 0 0 0 1 
0 1 0 1 0 0 0 0 0 1 0 0 0 0 1 
0 0 0 0 0 0 0 0 1 1 0 1 0 0 1 
1 0 0 0 1 1 0 0 0 0 0 1 0 0 0 
0 0 1 1 0 0 0 0 0 0 0 0 1 1 0 
0 1 0 0 0 0 1 0 0 0 0 0 1 1 0 
0 1 0 1 0 1 0 0 0 0 0 1 0 0 0 
0 0 0 0 0 1 0 1 1 1 0 0 0 0 0 
1 0 0 1 1 0 0 0 0 0 0 0 1 0 0 
0 0 1 0 0 1 1 0 0 0 0 0 0 0 1 
1 0 1 0 1 0 1 0 0 0 0 0 0 0 0 
0 0 1 0 1 0 0 0 1 0 1 0 0 0 0 
0 1 0 0 0 0 0 1 0 0 1 0 0 1 0 
0 0 0 0 0 0 0 1 1 1 0 0 1 0 0 
Best sequence:
0 2 3 4 6 12 1 10 13 5 7 8 9 11 14 
0 0 0 0 1 0 0 1 1 0 0 0 0 1 0 
1 0 0 0 0 0 0 1 0 0 1 0 0 0 1 
0 0 1 0 0 0 1 0 0 0 0 0 1 0 1 
0 0 0 0 0 0 0 0 0 0 0 1 1 1 1 
1 0 0 1 0 0 0 0 0 1 0 0 0 1 0 
0 1 1 0 0 1 0 0 1 0 0 0 0 0 0 
0 0 0 0 1 1 1 0 1 0 0 0 0 0 0 
0 0 1 0 0 0 1 0 0 1 0 0 0 1 0 
0 0 0 0 0 0 0 0 0 1 1 1 1 0 0 
1 0 1 1 0 1 0 0 0 0 0 0 0 0 0 
0 1 0 0 1 0 0 0 0 1 0 0 0 0 1 
1 1 0 1 1 0 0 0 0 0 0 0 0 0 0 
0 1 0 1 0 0 0 1 0 0 0 1 0 0 0 
0 0 0 0 0 0 1 1 1 0 1 0 0 0 0 
0 0 0 0 0 1 0 0 0 0 1 1 1 0 0 
OpenStacks: 11
Took 0.61 seconds

buffer: Warwick 597: balanced orders and products, 4 products per order
numCustomers: 15
numProducts: 15
0 1 0 0 0 1 1 0 1 0 0 0 0 0 0 
0 0 0 0 0 0 0 0 1 1 0 0 1 0 1 
0 0 0 0 0 1 0 0 1 0 0 0 1 0 1 
0 0 0 1 0 0 1 0 0 0 0 0 1 1 0 
0 1 0 0 1 0 1 1 0 0 0 0 0 0 0 
1 1 0 0 1 1 0 0 0 0 0 0 0 0 0 
0 0 0 0 1 0 1 0 0 1 0 1 0 0 0 
0 0 1 0 0 0 0 0 0 1 0 1 0 1 0 
0 1 1 0 0 0 0 0 0 1 0 0 0 1 0 
0 0 0 0 0 0 0 1 0 0 1 0 0 1 1 
1 0 1 0 0 1 0 1 0 0 0 0 0 0 0 
0 0 1 1 0 0 0 0 0 0 1 1 0 0 0 
0 0 0 1 0 0 0 0 1 0 1 0 1 0 0 
1 0 0 0 0 0 0 1 0 0 1 0 0 0 1 
1 0 0 1 1 0 0 0 0 0 0 1 0 0 0 
Best sequence:
0 1 2 4 5 7 6 3 10 11 8 9 12 13 14 
0 1 0 0 1 0 1 0 0 0 1 0 0 0 0 
0 0 0 0 0 0 0 0 0 0 1 1 1 0 1 
0 0 0 0 1 0 0 0 0 0 1 0 1 0 1 
0 0 0 0 0 0 1 1 0 0 0 0 1 1 0 
0 1 0 1 0 1 1 0 0 0 0 0 0 0 0 
1 1 0 1 1 0 0 0 0 0 0 0 0 0 0 
0 0 0 1 0 0 1 0 0 1 0 1 0 0 0 
0 0 1 0 0 0 0 0 0 1 0 1 0 1 0 
0 1 1 0 0 0 0 0 0 0 0 1 0 1 0 
0 0 0 0 0 1 0 0 1 0 0 0 0 1 1 
1 0 1 0 1 1 0 0 0 0 0 0 0 0 0 
0 0 1 0 0 0 0 1 1 1 0 0 0 0 0 
0 0 0 0 0 0 0 1 1 0 1 0 1 0 0 
1 0 0 0 0 1 0 0 1 0 0 0 0 0 1 
1 0 0 1 0 0 0 1 0 1 0 0 0 0 0 
OpenStacks: 11
Took 0.62 seconds

buffer: Warwick 598: balanced orders and products, 4 products per order
numCustomers: 15
numProducts: 15
0 0 1 0 0 0 0 1 1 0 0 1 0 0 0 
1 0 0 0 0 1 0 0 0 1 0 0 1 0 0 
0 1 0 0 0 0 0 0 0 0 1 1 0 1 0 
0 0 0 0 0 0 0 1 0 0 0 1 1 0 1 
0 0 0 1 1 0 0 0 0 0 0 0 1 0 1 
0 0 0 0 1 0 0 1 1 0 0 1 0 0 0 
0 1 1 0 0 0 0 0 1 0 1 0 0 0 0 
1 1 0 1 0 0 1 0 0 0 0 0 0 0 0 
0 1 0 1 0 0 1 1 0 0 0 0 0 0 0 
0 0 0 0 1 0 0 0 1 1 0 0 0 1 0 
1 0 0 0 0 0 1 0 0 1 0 0 0 0 1 
0 0 1 1 0 0 0 0 0 1 0 0 0 1 0 
1 0 0 0 0 1 1 0 0 0 1 0 0 0 0 
0 0 1 0 1 1 0 0 0 0 0 0 0 1 0 
0 0 0 0 0 1 0 0 0 0 1 0 1 0 1 
Best sequence:
0 1 3 6 5 10 12 14 9 2 13 4 7 8 11 
0 0 0 0 0 0 0 0 0 1 0 0 1 1 1 
1 0 0 0 1 0 1 0 1 0 0 0 0 0 0 
0 1 0 0 0 1 0 0 0 0 1 0 0 0 1 
0 0 0 0 0 0 1 1 0 0 0 0 1 0 1 
0 0 1 0 0 0 1 1 0 0 0 1 0 0 0 
0 0 0 0 0 0 0 0 0 0 0 1 1 1 1 
0 1 0 0 0 1 0 0 0 1 0 0 0 1 0 
1 1 1 1 0 0 0 0 0 0 0 0 0 0 0 
0 1 1 1 0 0 0 0 0 0 0 0 1 0 0 
0 0 0 0 0 0 0 0 1 0 1 1 0 1 0 
1 0 0 1 0 0 0 1 1 0 0 0 0 0 0 
0 0 1 0 0 0 0 0 1 1 1 0 0 0 0 
1 0 0 1 1 1 0 0 0 0 0 0 0 0 0 
0 0 0 0 1 0 0 0 0 1 1 1 0 0 0 
0 0 0 0 1 1 1 1 0 0 0 0 0 0 0 
OpenStacks: 10
Took 0.61 seconds

buffer: Warwick 599: balanced orders and products, 4 products per order
numCustomers: 15
numProducts: 15
0 0 0 0 1 0 0 0 1 1 1 0 0 0 0 
0 0 1 1 0 0 0 0 1 1 0 0 0 0 0 
1 0 0 0 0 1 1 0 0 1 0 0 0 0 0 
0 0 0 0 0 0 1 0 0 1 0 0 1 0 1 
1 1 0 0 0 0 0 0 0 0 0 0 0 1 1 
1 0 1 0 0 0 0 0 0 0 1 0 1 0 0 
0 0 0 1 1 1 0 0 0 0 0 1 0 0 0 
0 1 0 0 0 0 1 0 0 0 0 0 1 1 0 
0 0 1 0 0 0 0 0 0 0 1 0 0 1 1 
0 1 0 0 1 0 0 1 0 0 0 1 0 0 0 
0 0 0 1 1 0 1 0 0 0 0 1 0 0 0 
0 1 0 0 0 0 0 1 1 0 0 0 0 1 0 
0 0 0 0 0 1 0 1 0 0 0 0 1 0 1 
0 0 0 0 0 1 0 1 1 0 1 0 0 0 0 
1 0 1 1 0 0 0 0 0 0 0 1 0 0 0 
Best sequence:
0 1 2 12 13 14 6 3 11 4 9 5 7 8 10 
0 0 0 0 0 0 0 0 0 1 1 0 0 1 1 
0 0 1 0 0 0 0 1 0 0 1 0 0 1 0 
1 0 0 0 0 0 1 0 0 0 1 1 0 0 0 
0 0 0 1 0 1 1 0 0 0 1 0 0 0 0 
1 1 0 0 1 1 0 0 0 0 0 0 0 0 0 
1 0 1 1 0 0 0 0 0 0 0 0 0 0 1 
0 0 0 0 0 0 0 1 1 1 0 1 0 0 0 
0 1 0 1 1 0 1 0 0 0 0 0 0 0 0 
0 0 1 0 1 1 0 0 0 0 0 0 0 0 1 
0 1 0 0 0 0 0 0 1 1 0 0 1 0 0 
0 0 0 0 0 0 1 1 1 1 0 0 0 0 0 
0 1 0 0 1 0 0 0 0 0 0 0 1 1 0 
0 0 0 1 0 1 0 0 0 0 0 1 1 0 0 
0 0 0 0 0 0 0 0 0 0 0 1 1 1 1 
1 0 1 0 0 0 0 1 1 0 0 0 0 0 0 
OpenStacks: 11
Took 0.63 seconds

buffer: Warwick 600: balanced orders and products, 4 products per order
numCustomers: 15
numProducts: 15
0 0 0 0 0 0 0 0 1 1 0 1 0 0 1 
0 0 1 0 1 1 0 1 0 0 0 0 0 0 0 
1 0 0 1 1 0 0 0 1 0 0 0 0 0 0 
0 0 1 0 0 0 0 1 1 0 0 1 0 0 0 
0 0 1 0 0 0 0 0 0 0 1 0 1 0 1 
1 0 0 1 1 0 0 0 0 0 0 0 1 0 0 
0 0 0 0 0 0 1 1 0 1 1 0 0 0 0 
0 1 0 1 0 1 0 0 0 0 0 0 1 0 0 
0 0 0 0 0 0 1 0 0 0 1 0 0 1 1 
0 0 0 1 0 0 1 0 1 1 0 0 0 0 0 
0 1 0 0 0 0 0 0 0 0 1 0 0 1 1 
1 1 0 0 0 0 0 1 0 0 0 0 0 1 0 
0 0 1 0 1 1 0 0 0 0 0 1 0 0 0 
0 0 0 0 0 1 0 0 0 1 0 1 0 1 0 
1 1 0 0 0 0 1 0 0 0 0 0 1 0 0 
Best sequence:
0 2 3 4 12 8 5 11 1 7 6 9 10 13 14 
0 0 0 0 0 1 0 1 0 0 0 1 0 0 1 
0 1 0 1 0 0 1 0 0 1 0 0 0 0 0 
1 0 1 1 0 1 0 0 0 0 0 0 0 0 0 
0 1 0 0 0 1 0 1 0 1 0 0 0 0 0 
0 1 0 0 1 0 0 0 0 0 0 0 1 0 1 
1 0 1 1 1 0 0 0 0 0 0 0 0 0 0 
0 0 0 0 0 0 0 0 0 1 1 1 1 0 0 
0 0 1 0 1 0 1 0 1 0 0 0 0 0 0 
0 0 0 0 0 0 0 0 0 0 1 0 1 1 1 
0 0 1 0 0 1 0 0 0 0 1 1 0 0 0 
0 0 0 0 0 0 0 0 1 0 0 0 1 1 1 
1 0 0 0 0 0 0 0 1 1 0 0 0 1 0 
0 1 0 1 0 0 1 1 0 0 0 0 0 0 0 
0 0 0 0 0 0 1 1 0 0 0 1 0 1 0 
1 0 0 0 1 0 0 0 1 0 1 0 0 0 0 
OpenStacks: 10
Took 0.62 seconds

buffer: Warwick 601: balanced orders and products, 5 products per order
numCustomers: 15
numProducts: 15
0 0 0 1 1 0 0 1 0 1 0 0 1 0 0 
1 0 1 1 0 0 0 0 1 0 0 0 1 0 0 
1 0 0 0 0 0 0 0 1 1 0 1 0 1 0 
0 0 1 0 0 0 1 0 0 0 1 0 1 1 0 
1 1 0 0 0 1 1 0 0 1 0 0 0 0 0 
0 1 0 0 1 0 0 1 0 0 0 1 0 0 1 
1 0 1 1 0 1 0 1 0 0 0 0 0 0 0 
0 0 0 0 0 1 1 1 0 0 0 1 1 0 0 
0 1 0 0 1 1 0 0 0 0 1 0 0 1 0 
0 0 0 0 0 1 0 0 0 1 0 1 0 1 1 
0 1 0 0 0 0 1 0 1 0 1 0 0 0 1 
1 1 0 1 0 0 0 1 1 0 0 0 0 0 0 
0 0 1 0 1 0 0 0 0 1 1 0 1 0 0 
0 0 0 0 1 0 0 0 1 0 0 1 0 1 1 
0 0 1 1 0 0 1 0 0 0 1 0 0 0 1 
Best sequence:
0 1 3 4 7 8 2 6 10 12 5 9 11 13 14 
0 0 1 1 1 0 0 0 0 1 0 1 0 0 0 
1 0 1 0 0 1 1 0 0 1 0 0 0 0 0 
1 0 0 0 0 1 0 0 0 0 0 1 1 1 0 
0 0 0 0 0 0 1 1 1 1 0 0 0 1 0 
1 1 0 0 0 0 0 1 0 0 1 1 0 0 0 
0 1 0 1 1 0 0 0 0 0 0 0 1 0 1 
1 0 1 0 1 0 1 0 0 0 1 0 0 0 0 
0 0 0 0 1 0 0 1 0 1 1 0 1 0 0 
0 1 0 1 0 0 0 0 1 0 1 0 0 1 0 
0 0 0 0 0 0 0 0 0 0 1 1 1 1 1 
0 1 0 0 0 1 0 1 1 0 0 0 0 0 1 
1 1 1 0 1 1 0 0 0 0 0 0 0 0 0 
0 0 0 1 0 0 1 0 1 1 0 1 0 0 0 
0 0 0 1 0 1 0 0 0 0 0 0 1 1 1 
0 0 1 0 0 0 1 1 1 0 0 0 0 0 1 
OpenStacks: 13
Took 0.61 seconds

buffer: Warwick 602: balanced orders and products, 5 products per order
numCustomers: 15
numProducts: 15
1 0 0 1 0 0 0 0 0 0 1 0 0 1 1 
0 0 0 0 0 1 1 0 0 0 1 1 1 0 0 
1 1 0 1 0 0 0 0 0 0 1 1 0 0 0 
0 0 0 1 0 0 1 0 0 1 0 0 1 1 0 
0 1 0 0 1 0 0 1 0 0 0 0 0 1 1 
0 0 0 1 1 0 0 0 1 1 0 0 0 0 1 
0 1 0 0 0 0 1 1 1 0 0 0 0 1 0 
0 0 0 0 1 1 0 0 1 1 0 1 0 0 0 
1 0 1 0 0 1 0 0 0 0 0 1 1 0 0 
1 0 1 0 0 0 1 1 0 0 0 0 0 0 1 
1 0 0 0 0 1 0 0 1 0 1 1 0 0 0 
0 0 1 0 1 1 0 1 0 1 0 0 0 0 0 
0 0 1 1 0 0 0 0 0 1 1 0 1 0 0 
0 1 1 0 0 0 0 1 0 0 0 0 0 1 1 
0 1 0 0 1 0 1 0 1 0 0 0 1 0 0 
Best sequence:
0 2 5 10 11 12 3 9 6 8 1 4 7 13 14 
1 0 0 1 0 0 1 0 0 0 0 0 0 1 1 
0 0 1 1 1 1 0 0 1 0 0 0 0 0 0 
1 0 0 1 1 0 1 0 0 0 1 0 0 0 0 
0 0 0 0 0 1 1 1 1 0 0 0 0 1 0 
0 0 0 0 0 0 0 0 0 0 1 1 1 1 1 
0 0 0 0 0 0 1 1 0 1 0 1 0 0 1 
0 0 0 0 0 0 0 0 1 1 1 0 1 1 0 
0 0 1 0 1 0 0 1 0 1 0 1 0 0 0 
1 1 1 0 1 1 0 0 0 0 0 0 0 0 0 
1 1 0 0 0 0 0 0 1 0 0 0 1 0 1 
1 0 1 1 1 0 0 0 0 1 0 0 0 0 0 
0 1 1 0 0 0 0 1 0 0 0 1 1 0 0 
0 1 0 1 0 1 1 1 0 0 0 0 0 0 0 
0 1 0 0 0 0 0 0 0 0 1 0 1 1 1 
0 0 0 0 0 1 0 0 1 1 1 1 0 0 0 
OpenStacks: 12
Took 0.62 seconds

buffer: Warwick 603: balanced orders and products, 5 products per order
numCustomers: 15
numProducts: 15
1 1 0 0 0 0 0 0 0 0 1 0 1 0 1 
0 0 0 0 1 1 1 0 1 0 0 0 1 0 0 
1 0 0 0 0 0 0 1 0 0 1 1 0 1 0 
0 1 0 0 0 0 1 0 1 0 1 0 0 1 0 
0 0 0 0 1 0 1 1 0 0 0 0 1 0 1 
1 1 0 0 0 0 0 0 0 1 0 1 0 1 0 
0 0 1 1 0 0 0 0 0 1 1 0 0 1 0 
0 1 0 1 1 0 0 0 0 0 0 0 1 1 0 
0 0 1 1 0 0 0 1 0 1 0 1 0 0 0 
1 0 0 0 0 1 1 0 1 0 0 0 1 0 0 
0 0 1 1 0 0 1 0 0 1 0 0 0 0 1 
0 1 1 0 0 1 0 1 0 1 0 0 0 0 0 
1 0 0 0 1 0 0 0 1 0 0 1 0 0 1 
0 0 0 1 1 1 0 1 0 0 0 0 0 0 1 
0 0 1 0 0 1 0 0 1 0 1 1 0 0 0 
Best sequence:
0 1 2 9 10 11 13 3 5 8 4 6 7 12 14 
1 1 0 0 1 0 0 0 0 0 0 0 0 1 1 
0 0 0 0 0 0 0 0 1 1 1 1 0 1 0 
1 0 0 0 1 1 1 0 0 0 0 0 1 0 0 
0 1 0 0 1 0 1 0 0 1 0 1 0 0 0 
0 0 0 0 0 0 0 0 0 0 1 1 1 1 1 
1 1 0 1 0 1 1 0 0 0 0 0 0 0 0 
0 0 1 1 1 0 1 1 0 0 0 0 0 0 0 
0 1 0 0 0 0 1 1 0 0 1 0 0 1 0 
0 0 1 1 0 1 0 1 0 0 0 0 1 0 0 
1 0 0 0 0 0 0 0 1 1 0 1 0 1 0 
0 0 1 1 0 0 0 1 0 0 0 1 0 0 1 
0 1 1 1 0 0 0 0 1 0 0 0 1 0 0 
1 0 0 0 0 1 0 0 0 1 1 0 0 0 1 
0 0 0 0 0 0 0 1 1 0 1 0 1 0 1 
0 0 1 0 1 1 0 0 1 1 0 0 0 0 0 
OpenStacks: 12
Took 0.62 seconds

buffer: Warwick 604: balanced orders and products, 5 products per order
numCustomers: 15
numProducts: 15
0 0 1 0 0 1 0 0 1 0 0 0 0 1 1 
0 0 0 1 1 0 1 0 1 0 0 0 1 0 0 
1 1 0 0 0 1 0 0 0 1 0 0 0 1 0 
0 1 1 1 0 0 0 0 0 0 0 1 0 0 1 
0 0 1 0 0 0 1 1 1 1 0 0 0 0 0 
1 0 0 0 0 1 0 1 0 0 0 1 0 0 1 
0 1 0 0 1 1 0 0 0 0 1 0 0 0 1 
1 0 0 1 0 1 1 1 0 0 0 0 0 0 0 
0 1 0 0 0 0 1 0 0 1 1 0 0 1 0 
1 0 1 0 0 0 0 0 0 0 1 1 1 0 0 
0 0 0 0 1 0 0 0 1 0 1 1 1 0 0 
0 0 0 0 0 0 1 1 0 1 0 0 1 1 0 
1 1 0 1 1 0 0 0 0 1 0 0 0 0 0 
0 0 0 0 1 0 0 1 0 0 0 1 0 1 1 
0 0 1 1 0 0 0 0 1 0 1 0 1 0 0 
Best sequence:
0 1 5 7 9 13 11 14 4 2 3 6 8 10 12 
0 0 1 0 0 1 0 1 0 1 0 0 1 0 0 
0 0 0 0 0 0 0 0 1 0 1 1 1 0 1 
1 1 1 0 1 1 0 0 0 0 0 0 0 0 0 
0 1 0 0 0 0 1 1 0 1 1 0 0 0 0 
0 0 0 1 1 0 0 0 0 1 0 1 1 0 0 
1 0 1 1 0 0 1 1 0 0 0 0 0 0 0 
0 1 1 0 0 0 0 1 1 0 0 0 0 1 0 
1 0 1 1 0 0 0 0 0 0 1 1 0 0 0 
0 1 0 0 1 1 0 0 0 0 0 1 0 1 0 
1 0 0 0 0 0 1 0 0 1 0 0 0 1 1 
0 0 0 0 0 0 1 0 1 0 0 0 1 1 1 
0 0 0 1 1 1 0 0 0 0 0 1 0 0 1 
1 1 0 0 1 0 0 0 1 0 1 0 0 0 0 
0 0 0 1 0 1 1 1 1 0 0 0 0 0 0 
0 0 0 0 0 0 0 0 0 1 1 0 1 1 1 
OpenStacks: 12
Took 0.62 seconds

buffer: Warwick 605: balanced orders and products, 5 products per order
numCustomers: 15
numProducts: 15
0 0 0 1 0 0 0 0 1 1 0 1 0 0 1 
0 0 0 0 0 1 1 0 0 1 0 1 1 0 0 
0 1 0 0 0 1 0 0 0 1 0 0 1 1 0 
1 0 1 0 1 0 0 1 0 0 0 1 0 0 0 
1 0 0 0 1 0 1 0 0 1 1 0 0 0 0 
0 0 0 1 0 0 1 0 1 0 1 0 0 1 0 
0 0 0 1 0 0 0 1 1 1 0 0 0 1 0 
1 1 0 0 0 0 1 0 0 0 1 0 0 0 1 
0 1 1 1 0 1 0 0 1 0 0 0 0 0 0 
0 0 0 0 0 1 0 1 0 0 1 0 1 0 1 
0 0 1 0 0 0 0 1 1 0 1 0 0 0 1 
1 1 0 1 1 0 0 0 0 0 0 0 0 1 0 
0 0 0 0 1 1 0 1 0 0 0 1 1 0 0 
1 1 1 0 0 0 0 0 0 0 0 1 1 0 0 
0 0 1 0 1 0 1 0 0 0 0 0 0 1 1 
Best sequence:
0 1 2 3 4 8 13 7 10 14 5 6 9 11 12 
0 0 0 1 0 1 0 0 0 1 0 0 1 1 0 
0 0 0 0 0 0 0 0 0 0 1 1 1 1 1 
0 1 0 0 0 0 1 0 0 0 1 0 1 0 1 
1 0 1 0 1 0 0 1 0 0 0 0 0 1 0 
1 0 0 0 1 0 0 0 1 0 0 1 1 0 0 
0 0 0 1 0 1 1 0 1 0 0 1 0 0 0 
0 0 0 1 0 1 1 1 0 0 0 0 1 0 0 
1 1 0 0 0 0 0 0 1 1 0 1 0 0 0 
0 1 1 1 0 1 0 0 0 0 1 0 0 0 0 
0 0 0 0 0 0 0 1 1 1 1 0 0 0 1 
0 0 1 0 0 1 0 1 1 1 0 0 0 0 0 
1 1 0 1 1 0 1 0 0 0 0 0 0 0 0 
0 0 0 0 1 0 0 1 0 0 1 0 0 1 1 
1 1 1 0 0 0 0 0 0 0 0 0 0 1 1 
0 0 1 0 1 0 1 0 0 1 0 1 0 0 0 
OpenStacks: 13
Took 0.61 seconds

buffer: Warwick 606: balanced orders and products, 5 products per order
numCustomers: 15
numProducts: 15
1 1 0 0 1 0 0 0 1 0 0 0 1 0 0 
0 0 0 1 0 1 0 1 0 1 0 1 0 0 0 
0 1 0 0 0 1 0 0 0 1 0 0 0 1 1 
1 1 1 0 1 0 0 0 0 0 0 0 1 0 0 
0 0 0 1 0 0 0 1 1 0 0 0 0 1 1 
1 0 1 0 1 0 0 1 0 0 1 0 0 0 0 
1 0 1 1 0 0 0 1 0 0 0 1 0 0 0 
0 1 0 1 0 1 0 0 0 0 1 0 1 0 0 
0 0 0 0 1 0 0 0 1 1 0 1 0 0 1 
0 0 0 0 0 0 1 0 1 0 0 0 1 1 1 
0 0 1 0 1 0 1 1 0 1 0 0 0 0 0 
0 1 0 1 0 1 1 0 0 0 0 0 0 1 0 
1 0 0 0 0 0 0 0 1 1 1 0 0 1 0 
0 0 0 0 0 1 1 0 0 0 1 1 1 0 0 
0 0 1 0 0 0 1 0 0 0 1 1 0 0 1 
Best sequence:
0 2 4 7 10 3 11 1 5 9 6 8 12 13 14 
1 0 1 0 0 0 0 1 0 0 0 1 1 0 0 
0 0 0 1 0 1 1 0 1 1 0 0 0 0 0 
0 0 0 0 0 0 0 1 1 1 0 0 0 1 1 
1 1 1 0 0 0 0 1 0 0 0 0 1 0 0 
0 0 0 1 0 1 0 0 0 0 0 1 0 1 1 
1 1 1 1 1 0 0 0 0 0 0 0 0 0 0 
1 1 0 1 0 1 1 0 0 0 0 0 0 0 0 
0 0 0 0 1 1 0 1 1 0 0 0 1 0 0 
0 0 1 0 0 0 1 0 0 1 0 1 0 0 1 
0 0 0 0 0 0 0 0 0 0 1 1 1 1 1 
0 1 1 1 0 0 0 0 0 1 1 0 0 0 0 
0 0 0 0 0 1 0 1 1 0 1 0 0 1 0 
1 0 0 0 1 0 0 0 0 1 0 1 0 1 0 
0 0 0 0 1 0 1 0 1 0 1 0 1 0 0 
0 1 0 0 1 0 1 0 0 0 1 0 0 0 1 
OpenStacks: 12
Took 0.62 seconds

buffer: Warwick 607: balanced orders and products, 5 products per order
numCustomers: 15
numProducts: 15
1 0 0 0 1 0 0 0 1 1 0 0 1 0 0 
0 1 0 1 0 0 0 1 0 0 0 0 0 1 1 
0 1 1 0 0 1 0 0 0 0 0 1 0 1 0 
0 0 1 1 0 0 0 0 1 1 0 0 1 0 0 
0 0 0 0 1 1 1 0 0 1 0 0 0 0 1 
1 0 0 1 0 1 0 0 0 0 0 1 0 0 1 
1 0 1 0 0 0 0 0 0 0 0 1 1 1 0 
0 0 0 0 0 1 1 0 1 0 1 1 0 0 0 
0 0 0 0 0 1 0 1 0 0 1 0 1 1 0 
1 1 1 0 1 0 0 0 1 0 0 0 0 0 0 
0 0 0 1 0 0 1 1 1 0 1 0 0 0 0 
0 1 1 1 0 0 1 0 0 0 1 0 0 0 0 
1 0 0 0 1 0 0 1 0 1 1 0 0 0 0 
0 0 0 0 1 0 1 0 0 1 0 1 0 0 1 
0 1 0 0 0 0 0 1 0 0 0 0 1 1 1 
Best sequence:
0 1 2 11 12 13 4 5 3 6 7 8 9 10 14 
1 0 0 0 1 0 1 0 0 0 0 1 1 0 0 
0 1 0 0 0 1 0 0 1 0 1 0 0 0 1 
0 1 1 1 0 1 0 1 0 0 0 0 0 0 0 
0 0 1 0 1 0 0 0 1 0 0 1 1 0 0 
0 0 0 0 0 0 1 1 0 1 0 0 1 0 1 
1 0 0 1 0 0 0 1 1 0 0 0 0 0 1 
1 0 1 1 1 1 0 0 0 0 0 0 0 0 0 
0 0 0 1 0 0 0 1 0 1 0 1 0 1 0 
0 0 0 0 1 1 0 1 0 0 1 0 0 1 0 
1 1 1 0 0 0 1 0 0 0 0 1 0 0 0 
0 0 0 0 0 0 0 0 1 1 1 1 0 1 0 
0 1 1 0 0 0 0 0 1 1 0 0 0 1 0 
1 0 0 0 0 0 1 0 0 0 1 0 1 1 0 
0 0 0 1 0 0 1 0 0 1 0 0 1 0 1 
0 1 0 0 1 1 0 0 0 0 1 0 0 0 1 
OpenStacks: 13
Took 0.62 seconds

buffer: Warwick 608: balanced orders and products, 5 products per order
numCustomers: 15
numProducts: 15
1 1 1 0 0 0 0 1 0 1 0 0 0 0 0 
1 1 0 0 0 1 0 1 0 0 0 0 1 0 0 
0 0 1 0 0 1 0 0 0 1 1 1 0 0 0 
0 0 1 0 0 0 0 0 0 1 1 1 0 0 1 
0 0 0 1 0 0 0 1 1 0 0 0 1 1 0 
0 0 0 0 1 1 1 0 0 1 0 0 0 1 0 
0 0 0 0 0 0 1 0 1 0 1 0 0 1 1 
0 1 0 0 1 0 0 0 1 0 0 1 0 1 0 
1 0 0 1 1 0 0 0 0 0 0 0 1 0 1 
1 0 0 0 1 0 0 0 1 0 0 1 1 0 0 
0 1 1 0 0 0 0 0 1 0 0 0 1 0 1 
1 0 0 1 0 1 1 0 0 0 1 0 0 0 0 
0 0 1 0 0 1 0 0 0 1 1 0 0 0 1 
0 1 0 1 0 0 1 1 0 0 0 0 0 1 0 
0 0 0 1 1 0 1 1 0 0 0 1 0 0 0 
Best sequence:
0 1 3 4 6 7 8 12 13 5 2 9 10 11 14 
1 1 0 0 0 1 0 0 0 0 1 1 0 0 0 
1 1 0 0 0 1 0 1 0 1 0 0 0 0 0 
0 0 0 0 0 0 0 0 0 1 1 1 1 1 0 
0 0 0 0 0 0 0 0 0 0 1 1 1 1 1 
0 0 1 0 0 1 1 1 1 0 0 0 0 0 0 
0 0 0 1 1 0 0 0 1 1 0 1 0 0 0 
0 0 0 0 1 0 1 0 1 0 0 0 1 0 1 
0 1 0 1 0 0 1 0 1 0 0 0 0 1 0 
1 0 1 1 0 0 0 1 0 0 0 0 0 0 1 
1 0 0 1 0 0 1 1 0 0 0 0 0 1 0 
0 1 0 0 0 0 1 1 0 0 1 0 0 0 1 
1 0 1 0 1 0 0 0 0 1 0 0 1 0 0 
0 0 0 0 0 0 0 0 0 1 1 1 1 0 1 
0 1 1 0 1 1 0 0 1 0 0 0 0 0 0 
0 0 1 1 1 1 0 0 0 0 0 0 0 1 0 
OpenStacks: 12
Took 0.62 seconds

buffer: Warwick 609: balanced orders and products, 5 products per order
numCustomers: 15
numProducts: 15
1 0 0 0 0 1 0 1 0 0 0 0 1 1 0 
0 0 1 0 0 1 1 0 0 1 1 0 0 0 0 
0 0 0 1 0 0 0 0 1 0 1 1 0 1 0 
1 0 1 1 1 0 0 0 0 0 1 0 0 0 0 
1 1 0 0 0 0 1 0 1 0 0 0 0 0 1 
0 0 0 1 0 1 0 0 0 0 0 1 1 0 1 
0 0 0 1 1 0 0 0 1 1 0 0 0 0 1 
1 0 1 0 0 0 0 1 1 0 0 0 0 1 0 
0 1 0 0 0 0 0 1 0 1 0 1 0 1 0 
0 0 0 1 0 0 0 1 1 0 1 0 1 0 0 
1 0 0 0 1 0 1 0 0 0 0 1 0 0 1 
0 0 1 0 1 0 1 1 0 1 0 0 0 0 0 
0 1 0 0 0 1 1 0 0 0 0 1 0 0 1 
0 1 1 0 0 0 0 0 0 1 1 0 1 0 0 
0 1 0 0 1 1 0 0 0 0 0 0 1 1 0 
Best sequence:
0 1 2 4 6 7 9 8 10 13 3 5 11 12 14 
1 0 0 0 0 1 0 0 0 1 0 1 0 1 0 
0 0 1 0 1 0 1 0 1 0 0 1 0 0 0 
0 0 0 0 0 0 0 1 1 1 1 0 1 0 0 
1 0 1 1 0 0 0 0 1 0 1 0 0 0 0 
1 1 0 0 1 0 0 1 0 0 0 0 0 0 1 
0 0 0 0 0 0 0 0 0 0 1 1 1 1 1 
0 0 0 1 0 0 1 1 0 0 1 0 0 0 1 
1 0 1 0 0 1 0 1 0 1 0 0 0 0 0 
0 1 0 0 0 1 1 0 0 1 0 0 1 0 0 
0 0 0 0 0 1 0 1 1 0 1 0 0 1 0 
1 0 0 1 1 0 0 0 0 0 0 0 1 0 1 
0 0 1 1 1 1 1 0 0 0 0 0 0 0 0 
0 1 0 0 1 0 0 0 0 0 0 1 1 0 1 
0 1 1 0 0 0 1 0 1 0 0 0 0 1 0 
0 1 0 1 0 0 0 0 0 1 0 1 0 1 0 
OpenStacks: 13
Took 0.62 seconds

buffer: Warwick 610: balanced orders and products, 5 products per order
numCustomers: 15
numProducts: 15
0 0 0 0 0 1 0 0 1 1 1 1 0 0 0 
0 0 0 0 1 0 0 1 0 0 1 1 0 0 1 
1 0 1 1 0 1 0 0 1 0 0 0 0 0 0 
0 1 0 0 0 0 0 1 1 1 0 0 1 0 0 
0 0 0 0 0 1 1 0 0 0 0 1 1 0 1 
0 0 0 1 0 0 0 1 0 0 1 0 0 1 1 
1 0 0 1 0 0 0 0 0 1 0 0 0 1 1 
1 1 1 0 0 0 1 0 1 0 0 0 0 0 0 
1 0 1 0 0 1 1 0 0 0 0 1 0 0 0 
0 0 0 0 1 0 1 0 0 1 1 0 0 1 0 
1 0 1 0 0 0 0 0 0 0 0 0 1 1 1 
0 1 1 1 0 0 0 1 0 0 0 0 1 0 0 
0 1 0 1 1 0 1 0 0 0 0 0 0 1 0 
0 0 0 0 1 1 0 0 1 0 0 1 1 0 0 
0 1 0 0 1 0 0 1 0 1 1 0 0 0 0 
Best sequence:
0 1 2 3 5 8 6 4 7 9 10 11 12 13 14 
0 0 0 0 1 1 0 0 0 1 1 1 0 0 0 
0 0 0 0 0 0 0 1 1 0 1 1 0 0 1 
1 0 1 1 1 1 0 0 0 0 0 0 0 0 0 
0 1 0 0 0 1 0 0 1 1 0 0 1 0 0 
0 0 0 0 1 0 1 0 0 0 0 1 1 0 1 
0 0 0 1 0 0 0 0 1 0 1 0 0 1 1 
1 0 0 1 0 0 0 0 0 1 0 0 0 1 1 
1 1 1 0 0 1 1 0 0 0 0 0 0 0 0 
1 0 1 0 1 0 1 0 0 0 0 1 0 0 0 
0 0 0 0 0 0 1 1 0 1 1 0 0 1 0 
1 0 1 0 0 0 0 0 0 0 0 0 1 1 1 
0 1 1 1 0 0 0 0 1 0 0 0 1 0 0 
0 1 0 1 0 0 1 1 0 0 0 0 0 1 0 
0 0 0 0 1 1 0 1 0 0 0 1 1 0 0 
0 1 0 0 0 0 0 1 1 1 1 0 0 0 0 
OpenStacks: 13
Took 0.61 seconds

buffer: Warwick 611: balanced orders and products, 6 products per order
numCustomers: 15
numProducts: 15
0 1 0 1 0 0 0 0 1 1 1 0 0 1 0 
0 0 1 0 0 1 0 1 1 0 0 1 0 1 0 
1 1 0 1 0 0 0 1 0 0 0 1 0 1 0 
0 0 0 1 1 1 0 1 0 0 0 0 1 0 1 
0 0 1 0 1 0 1 1 0 0 0 0 1 0 1 
0 0 0 1 1 0 0 0 0 1 0 0 1 1 1 
1 0 1 0 1 0 1 0 1 0 0 0 0 0 1 
1 1 0 0 0 1 0 1 1 0 0 1 0 0 0 
1 0 1 0 0 1 0 0 0 1 1 0 0 0 1 
0 0 1 0 1 0 0 0 1 1 1 1 0 0 0 
1 0 0 1 0 0 1 0 1 0 0 0 1 1 0 
0 0 1 0 0 1 1 0 0 1 1 0 0 0 1 
0 1 0 0 1 0 1 0 0 0 1 1 1 0 0 
1 1 0 1 0 0 1 1 0 0 0 1 0 0 0 
0 1 0 0 0 1 0 0 0 1 1 0 1 1 0 
Best sequence:
0 1 2 5 6 7 8 10 11 3 4 9 12 13 14 
0 1 0 0 0 0 1 1 0 1 0 1 0 1 0 
0 0 1 1 0 1 1 0 1 0 0 0 0 1 0 
1 1 0 0 0 1 0 0 1 1 0 0 0 1 0 
0 0 0 1 0 1 0 0 0 1 1 0 1 0 1 
0 0 1 0 1 1 0 0 0 0 1 0 1 0 1 
0 0 0 0 0 0 0 0 0 1 1 1 1 1 1 
1 0 1 0 1 0 1 0 0 0 1 0 0 0 1 
1 1 0 1 0 1 1 0 1 0 0 0 0 0 0 
1 0 1 1 0 0 0 1 0 0 0 1 0 0 1 
0 0 1 0 0 0 1 1 1 0 1 1 0 0 0 
1 0 0 0 1 0 1 0 0 1 0 0 1 1 0 
0 0 1 1 1 0 0 1 0 0 0 1 0 0 1 
0 1 0 0 1 0 0 1 1 0 1 0 1 0 0 
1 1 0 0 1 1 0 0 1 1 0 0 0 0 0 
0 1 0 1 0 0 0 1 0 0 0 1 1 1 0 
OpenStacks: 14
Took 0.62 seconds

buffer: Warwick 612: balanced orders and products, 6 products per order
numCustomers: 15
numProducts: 15
1 0 0 0 1 0 0 0 0 1 0 0 1 1 1 
0 1 0 1 1 1 0 0 1 0 1 0 0 0 0 
0 0 0 0 1 0 1 1 0 1 1 0 1 0 0 
1 1 0 1 0 0 0 1 0 1 1 0 0 0 0 
0 0 0 0 0 1 1 0 1 0 1 0 1 0 1 
0 1 1 0 0 1 0 0 0 1 0 1 0 0 1 
0 0 1 1 1 0 0 0 0 0 1 1 1 0 0 
1 0 1 0 0 1 1 1 0 0 0 0 1 0 0 
0 0 0 1 0 0 1 1 0 1 1 0 0 1 0 
0 1 1 0 0 0 0 0 0 0 0 1 1 1 1 
1 1 0 0 0 1 0 0 1 0 0 0 0 1 1 
1 1 0 0 1 0 0 1 1 0 0 1 0 0 0 
0 0 1 0 1 0 1 0 1 1 0 0 0 1 0 
1 0 0 1 0 1 0 1 1 0 0 1 0 0 0 
0 0 1 1 0 0 1 0 0 0 0 1 0 1 1 
Best sequence:
0 1 2 3 5 8 11 13 14 4 6 7 9 10 12 
1 0 0 0 0 0 0 1 1 1 0 0 1 0 1 
0 1 0 1 1 1 0 0 0 1 0 0 0 1 0 
0 0 0 0 0 0 0 0 0 1 1 1 1 1 1 
1 1 0 1 0 0 0 0 0 0 0 1 1 1 0 
0 0 0 0 1 1 0 0 1 0 1 0 0 1 1 
0 1 1 0 1 0 1 0 1 0 0 0 1 0 0 
0 0 1 1 0 0 1 0 0 1 0 0 0 1 1 
1 0 1 0 1 0 0 0 0 0 1 1 0 0 1 
0 0 0 1 0 0 0 1 0 0 1 1 1 1 0 
0 1 1 0 0 0 1 1 1 0 0 0 0 0 1 
1 1 0 0 1 1 0 1 1 0 0 0 0 0 0 
1 1 0 0 0 1 1 0 0 1 0 1 0 0 0 
0 0 1 0 0 1 0 1 0 1 1 0 1 0 0 
1 0 0 1 1 1 1 0 0 0 0 1 0 0 0 
0 0 1 1 0 0 1 1 1 0 1 0 0 0 0 
OpenStacks: 14
Took 0.62 seconds

buffer: Warwick 613: balanced orders and products, 6 products per order
numCustomers: 15
numProducts: 15
1 0 0 1 0 1 0 0 1 0 1 0 0 0 1 
0 0 1 0 1 0 0 1 0 0 1 1 1 0 0 
1 1 0 0 1 0 0 0 0 1 0 1 0 1 0 
0 0 1 1 1 1 1 0 0 0 0 0 0 0 1 
0 1 0 0 1 0 1 0 0 0 1 0 0 1 1 
0 1 0 1 0 0 0 1 0 1 0 0 1 1 0 
0 0 1 1 0 1 0 0 0 0 0 0 1 1 1 
0 0 0 1 0 1 0 1 1 0 0 1 1 0 0 
0 1 1 0 0 0 0 1 0 0 1 1 0 0 1 
1 0 1 0 1 0 0 0 1 1 0 1 0 0 0 
1 0 0 0 1 1 1 0 0 1 0 0 0 0 1 
1 0 0 0 0 0 0 1 1 0 1 0 1 1 0 
0 0 0 0 0 1 1 0 1 1 1 1 0 0 0 
0 1 1 0 0 0 1 0 1 1 0 0 0 1 0 
1 1 0 1 0 0 1 1 0 0 0 0 1 0 0 
Best sequence:
0 1 2 4 6 9 10 13 14 3 5 7 8 11 12 
1 0 0 0 0 0 1 0 1 1 1 0 1 0 0 
0 0 1 1 0 0 1 0 0 0 0 1 0 1 1 
1 1 0 1 0 1 0 1 0 0 0 0 0 1 0 
0 0 1 1 1 0 0 0 1 1 1 0 0 0 0 
0 1 0 1 1 0 1 1 1 0 0 0 0 0 0 
0 1 0 0 0 1 0 1 0 1 0 1 0 0 1 
0 0 1 0 0 0 0 1 1 1 1 0 0 0 1 
0 0 0 0 0 0 0 0 0 1 1 1 1 1 1 
0 1 1 0 0 0 1 0 1 0 0 1 0 1 0 
1 0 1 1 0 1 0 0 0 0 0 0 1 1 0 
1 0 0 1 1 1 0 0 1 0 1 0 0 0 0 
1 0 0 0 0 0 1 1 0 0 0 1 1 0 1 
0 0 0 0 1 1 1 0 0 0 1 0 1 1 0 
0 1 1 0 1 1 0 1 0 0 0 0 1 0 0 
1 1 0 0 1 0 0 0 0 1 0 1 0 0 1 
OpenStacks: 14
Took 0.62 seconds

buffer: Warwick 614: balanced orders and products, 6 products per order
numCustomers: 15
numProducts: 15
0 1 0 0 0 1 0 1 0 1 1 0 0 1 0 
1 0 0 0 1 1 1 1 0 0 1 0 0 0 0 
1 0 1 1 0 0 0 0 0 1 0 0 1 1 0 
0 0 1 1 1 0 1 0 0 1 0 0 0 1 0 
0 0 0 1 0 0 0 1 0 1 0 1 1 1 0 
1 1 0 0 0 0 0 1 1 1 0 0 0 0 1 
0 0 1 0 1 1 0 0 1 0 1 0 0 0 1 
1 0 0 0 0 1 1 0 0 0 0 1 1 0 1 
0 0 1 0 0 0 1 0 0 1 0 1 1 0 1 
0 1 1 1 0 0 0 0 0 0 1 1 1 0 0 
0 1 1 0 0 0 0 1 1 0 0 0 1 0 1 
1 1 0 1 1 0 0 0 1 0 1 0 0 0 0 
1 0 0 1 0 0 0 0 1 0 1 1 0 1 0 
0 1 0 0 1 1 1 1 1 0 0 0 0 0 0 
0 0 0 0 1 1 1 0 0 0 0 1 0 1 1 
Best sequence:
0 1 2 4 5 6 8 10 14 3 7 9 11 12 13 
0 1 0 0 1 0 0 1 0 0 1 1 0 0 1 
1 0 0 1 1 1 0 1 0 0 1 0 0 0 0 
1 0 1 0 0 0 0 0 0 1 0 1 0 1 1 
0 0 1 1 0 1 0 0 0 1 0 1 0 0 1 
0 0 0 0 0 0 0 0 0 1 1 1 1 1 1 
1 1 0 0 0 0 1 0 1 0 1 1 0 0 0 
0 0 1 1 1 0 1 1 1 0 0 0 0 0 0 
1 0 0 0 1 1 0 0 1 0 0 0 1 1 0 
0 0 1 0 0 1 0 0 1 0 0 1 1 1 0 
0 1 1 0 0 0 0 1 0 1 0 0 1 1 0 
0 1 1 0 0 0 1 0 1 0 1 0 0 1 0 
1 1 0 1 0 0 1 1 0 1 0 0 0 0 0 
1 0 0 0 0 0 1 1 0 1 0 0 1 0 1 
0 1 0 1 1 1 1 0 0 0 1 0 0 0 0 
0 0 0 1 1 1 0 0 1 0 0 0 1 0 1 
OpenStacks: 14
Took 0.61 seconds

buffer: Warwick 615: balanced orders and products, 6 products per order
numCustomers: 15
numProducts: 15
1 1 0 0 1 0 0 0 0 1 0 0 0 1 1 
0 0 0 1 1 1 1 1 0 0 0 0 0 1 0 
0 1 0 0 0 1 0 1 0 0 1 0 0 1 1 
1 0 0 0 0 0 0 0 0 1 1 1 1 0 1 
1 0 0 1 0 0 0 0 1 1 0 1 1 0 0 
0 1 0 0 0 0 1 1 0 1 0 1 1 0 0 
1 1 1 0 0 0 0 1 0 1 1 0 0 0 0 
0 0 0 0 1 0 1 0 1 0 1 1 0 0 1 
0 1 0 1 1 1 0 0 0 0 0 0 1 0 1 
0 0 1 1 0 0 1 0 1 0 1 0 1 0 0 
1 0 0 0 0 1 0 1 1 0 1 0 1 0 0 
0 0 1 0 1 1 1 0 0 0 0 1 0 0 1 
0 1 1 0 0 1 0 0 0 1 0 1 0 1 0 
1 0 1 1 0 0 0 1 1 0 0 0 0 1 0 
0 0 1 1 1 0 1 0 1 0 0 0 0 1 0 
Best sequence:
0 1 2 8 9 10 11 12 14 3 4 5 6 7 13 
1 1 0 0 1 0 0 0 1 0 1 0 0 0 1 
0 0 0 0 0 0 0 0 0 1 1 1 1 1 1 
0 1 0 0 0 1 0 0 1 0 0 1 0 1 1 
1 0 0 0 1 1 1 1 1 0 0 0 0 0 0 
1 0 0 1 1 0 1 1 0 1 0 0 0 0 0 
0 1 0 0 1 0 1 1 0 0 0 0 1 1 0 
1 1 1 0 1 1 0 0 0 0 0 0 0 1 0 
0 0 0 1 0 1 1 0 1 0 1 0 1 0 0 
0 1 0 0 0 0 0 1 1 1 1 1 0 0 0 
0 0 1 1 0 1 0 1 0 1 0 0 1 0 0 
1 0 0 1 0 1 0 1 0 0 0 1 0 1 0 
0 0 1 0 0 0 1 0 1 0 1 1 1 0 0 
0 1 1 0 1 0 1 0 0 0 0 1 0 0 1 
1 0 1 1 0 0 0 0 0 1 0 0 0 1 1 
0 0 1 1 0 0 0 0 0 1 1 0 1 0 1 
OpenStacks: 14
Took 0.63 seconds

buffer: Warwick 616: balanced orders and products, 6 products per order
numCustomers: 15
numProducts: 15
0 0 0 1 0 1 0 0 1 1 1 0 0 0 1 
0 0 0 0 1 0 1 1 1 0 0 0 0 1 1 
0 1 0 0 1 1 0 1 0 0 1 0 0 1 0 
0 1 1 0 0 0 1 1 0 0 0 1 0 1 0 
0 0 0 0 0 1 1 0 0 0 1 1 1 1 0 
0 0 0 1 0 0 0 1 1 0 1 0 1 0 1 
1 1 1 1 1 0 0 0 0 0 0 1 0 0 0 
0 1 0 0 1 1 0 0 1 1 0 0 0 0 1 
1 1 0 1 1 0 0 0 1 1 0 0 0 0 0 
1 0 0 0 0 1 0 1 1 0 0 1 1 0 0 
0 1 0 0 0 0 1 0 0 1 1 1 0 0 1 
1 0 1 1 0 0 0 1 0 1 0 0 1 0 0 
1 0 1 0 0 0 1 0 0 1 1 0 0 1 0 
0 0 1 0 1 1 0 0 0 0 0 1 1 1 0 
1 0 1 1 0 0 1 0 0 0 0 0 1 0 1 
Best sequence:
0 1 2 3 4 7 8 9 5 6 10 11 12 13 14 
0 0 0 1 0 0 1 1 1 0 1 0 0 0 1 
0 0 0 0 1 1 1 0 0 1 0 0 0 1 1 
0 1 0 0 1 1 0 0 1 0 1 0 0 1 0 
0 1 1 0 0 1 0 0 0 1 0 1 0 1 0 
0 0 0 0 0 0 0 0 1 1 1 1 1 1 0 
0 0 0 1 0 1 1 0 0 0 1 0 1 0 1 
1 1 1 1 1 0 0 0 0 0 0 1 0 0 0 
0 1 0 0 1 0 1 1 1 0 0 0 0 0 1 
1 1 0 1 1 0 1 1 0 0 0 0 0 0 0 
1 0 0 0 0 1 1 0 1 0 0 1 1 0 0 
0 1 0 0 0 0 0 1 0 1 1 1 0 0 1 
1 0 1 1 0 1 0 1 0 0 0 0 1 0 0 
1 0 1 0 0 0 0 1 0 1 1 0 0 1 0 
0 0 1 0 1 0 0 0 1 0 0 1 1 1 0 
1 0 1 1 0 0 0 0 0 1 0 0 1 0 1 
OpenStacks: 14
Took 0.61 seconds

buffer: Warwick 617: balanced orders and products, 6 products per order
numCustomers: 15
numProducts: 15
1 1 0 0 0 1 0 0 0 1 1 0 0 0 1 
0 0 1 0 1 0 1 1 0 0 0 1 0 1 0 
0 0 1 0 0 1 0 0 1 1 1 0 1 0 0 
0 0 1 0 1 1 1 0 1 1 0 0 0 0 0 
1 1 0 1 0 1 0 0 1 0 0 0 1 0 0 
1 0 0 1 0 0 0 0 1 0 1 0 0 1 1 
0 1 1 0 1 1 1 1 0 0 0 0 0 0 0 
0 1 1 0 1 0 0 1 0 0 0 1 1 0 0 
0 0 0 1 1 0 0 0 0 0 1 1 0 1 1 
1 0 0 0 0 0 1 0 1 0 0 1 1 1 0 
0 0 0 0 0 0 0 1 1 1 0 1 0 1 1 
1 1 0 1 1 1 0 0 0 1 0 0 0 0 0 
0 1 0 1 0 0 0 1 0 1 0 0 0 1 1 
1 0 0 0 0 0 1 0 0 0 1 1 1 0 1 
0 0 1 1 0 0 1 1 0 0 1 0 1 0 0 
Best sequence:
0 1 3 5 8 9 10 12 14 2 4 6 7 11 13 
1 1 0 1 0 1 1 0 1 0 0 0 0 0 0 
0 0 0 0 0 0 0 0 0 1 1 1 1 1 1 
0 0 0 1 1 1 1 1 0 1 0 0 0 0 0 
0 0 0 1 1 1 0 0 0 1 1 1 0 0 0 
1 1 1 1 1 0 0 1 0 0 0 0 0 0 0 
1 0 1 0 1 0 1 0 1 0 0 0 0 0 1 
0 1 0 1 0 0 0 0 0 1 1 1 1 0 0 
0 1 0 0 0 0 0 1 0 1 1 0 1 1 0 
0 0 1 0 0 0 1 0 1 0 1 0 0 1 1 
1 0 0 0 1 0 0 1 0 0 0 1 0 1 1 
0 0 0 0 1 1 0 0 1 0 0 0 1 1 1 
1 1 1 1 0 1 0 0 0 0 1 0 0 0 0 
0 1 1 0 0 1 0 0 1 0 0 0 1 0 1 
1 0 0 0 0 0 1 1 1 0 0 1 0 1 0 
0 0 1 0 0 0 1 1 0 1 0 1 1 0 0 
OpenStacks: 14
Took 0.62 seconds

buffer: Warwick 618: balanced orders and products, 6 products per order
numCustomers: 15
numProducts: 15
0 1 1 0 1 0 0 1 1 0 0 0 0 1 0 
0 1 0 0 0 1 1 0 0 1 1 0 0 0 1 
0 1 0 0 0 1 0 0 0 1 1 1 0 0 1 
1 1 1 1 0 1 0 0 0 0 0 0 0 1 0 
1 1 1 0 0 0 0 1 0 1 0 1 0 0 0 
1 0 0 1 0 0 0 0 1 1 1 0 0 1 0 
1 0 0 1 0 1 1 0 0 0 1 0 1 0 0 
0 0 0 0 0 1 0 1 1 0 0 1 1 0 1 
0 0 0 1 1 1 0 1 1 0 1 0 0 0 0 
0 0 1 1 1 0 1 0 0 0 0 1 1 0 0 
1 0 1 0 1 0 1 0 0 0 0 0 1 1 0 
0 1 0 0 1 0 0 1 1 1 0 1 0 0 0 
0 0 0 0 0 0 1 1 1 0 1 0 1 0 1 
1 0 1 1 0 0 0 0 0 1 0 0 0 1 1 
0 0 0 0 1 0 1 0 0 0 0 1 1 1 1 
Best sequence:
0 1 2 3 4 5 9 11 13 6 7 8 10 12 14 
0 1 1 0 1 0 0 0 1 0 1 1 0 0 0 
0 1 0 0 0 1 1 0 0 1 0 0 1 0 1 
0 1 0 0 0 1 1 1 0 0 0 0 1 0 1 
1 1 1 1 0 1 0 0 1 0 0 0 0 0 0 
1 1 1 0 0 0 1 1 0 0 1 0 0 0 0 
1 0 0 1 0 0 1 0 1 0 0 1 1 0 0 
1 0 0 1 0 1 0 0 0 1 0 0 1 1 0 
0 0 0 0 0 1 0 1 0 0 1 1 0 1 1 
0 0 0 1 1 1 0 0 0 0 1 1 1 0 0 
0 0 1 1 1 0 0 1 0 1 0 0 0 1 0 
1 0 1 0 1 0 0 0 1 1 0 0 0 1 0 
0 1 0 0 1 0 1 1 0 0 1 1 0 0 0 
0 0 0 0 0 0 0 0 0 1 1 1 1 1 1 
1 0 1 1 0 0 1 0 1 0 0 0 0 0 1 
0 0 0 0 1 0 0 1 1 1 0 0 0 1 1 
OpenStacks: 14
Took 0.62 seconds

buffer: Warwick 619: balanced orders and products, 6 products per order
numCustomers: 15
numProducts: 15
0 0 0 1 0 0 0 1 1 1 0 0 1 1 0 
0 0 0 1 1 1 0 1 0 1 1 0 0 0 0 
0 0 0 0 1 0 1 0 1 0 0 1 1 0 1 
0 1 0 1 0 0 0 0 1 0 0 1 0 1 1 
1 0 0 0 0 1 0 1 1 0 0 1 1 0 0 
0 1 1 0 0 0 0 1 0 0 0 0 1 1 1 
1 0 1 0 1 0 1 0 0 0 0 1 1 0 0 
0 0 0 1 0 0 1 1 1 1 1 0 0 0 0 
1 0 0 0 0 1 1 1 1 0 0 0 0 1 0 
0 0 1 0 1 1 0 0 0 1 0 1 0 1 0 
0 1 1 1 0 1 0 0 0 0 1 1 0 0 0 
0 1 1 1 1 1 0 0 0 1 0 0 0 0 0 
1 1 0 0 0 0 1 0 0 0 1 0 0 1 1 
1 0 1 0 1 0 0 0 0 1 1 0 0 0 1 
1 1 0 0 0 0 1 0 0 0 1 0 1 0 1 
Best sequence:
0 1 3 6 7 8 10 12 14 2 4 5 9 11 13 
0 0 1 0 1 1 0 1 0 0 0 0 1 0 1 
0 0 1 0 1 0 1 0 0 0 1 1 1 0 0 
0 0 0 1 0 1 0 1 1 0 1 0 0 1 0 
0 1 1 0 0 1 0 0 1 0 0 0 0 1 1 
1 0 0 0 1 1 0 1 0 0 0 1 0 1 0 
0 1 0 0 1 0 0 1 1 1 0 0 0 0 1 
1 0 0 1 0 0 0 1 0 1 1 0 0 1 0 
0 0 1 1 1 1 1 0 0 0 0 0 1 0 0 
1 0 0 1 1 1 0 0 0 0 0 1 0 0 1 
0 0 0 0 0 0 0 0 0 1 1 1 1 1 1 
0 1 1 0 0 0 1 0 0 1 0 1 0 1 0 
0 1 1 0 0 0 0 0 0 1 1 1 1 0 0 
1 1 0 1 0 0 1 0 1 0 0 0 0 0 1 
1 0 0 0 0 0 1 0 1 1 1 0 1 0 0 
1 1 0 1 0 0 1 1 1 0 0 0 0 0 0 
OpenStacks: 14
Took 0.61 seconds

buffer: Warwick 620: balanced orders and products, 6 products per order
numCustomers: 15
numProducts: 15
0 0 0 0 0 1 1 1 1 0 0 0 1 1 0 
0 1 1 0 1 0 0 1 0 1 0 0 1 0 0 
1 0 1 1 0 0 0 0 0 1 0 0 0 1 1 
1 1 0 0 1 1 1 0 0 0 0 0 0 1 0 
0 0 1 0 0 0 0 1 1 0 0 1 0 1 1 
0 0 0 0 1 0 0 1 1 1 0 0 0 1 1 
1 1 0 0 0 1 0 0 0 0 1 1 1 0 0 
1 1 0 1 0 0 0 1 1 0 0 0 1 0 0 
0 0 1 1 0 0 1 0 1 0 0 1 1 0 0 
0 0 1 1 1 1 0 0 0 1 0 0 0 1 0 
0 0 0 0 0 1 1 0 0 1 1 0 1 0 1 
0 0 1 1 1 0 0 0 1 1 1 0 0 0 0 
1 0 0 0 0 0 1 1 0 0 1 1 0 0 1 
1 1 0 0 0 1 0 0 0 0 1 1 0 0 1 
0 1 0 1 1 0 1 0 0 0 1 1 0 0 0 
Best sequence:
0 1 2 3 5 6 10 11 12 4 7 8 9 13 14 
0 0 0 0 1 1 0 0 1 0 1 1 0 1 0 
0 1 1 0 0 0 0 0 1 1 1 0 1 0 0 
1 0 1 1 0 0 0 0 0 0 0 0 1 1 1 
1 1 0 0 1 1 0 0 0 1 0 0 0 1 0 
0 0 1 0 0 0 0 1 0 0 1 1 0 1 1 
0 0 0 0 0 0 0 0 0 1 1 1 1 1 1 
1 1 0 0 1 0 1 1 1 0 0 0 0 0 0 
1 1 0 1 0 0 0 0 1 0 1 1 0 0 0 
0 0 1 1 0 1 0 1 1 0 0 1 0 0 0 
0 0 1 1 1 0 0 0 0 1 0 0 1 1 0 
0 0 0 0 1 1 1 0 1 0 0 0 1 0 1 
0 0 1 1 0 0 1 0 0 1 0 1 1 0 0 
1 0 0 0 0 1 1 1 0 0 1 0 0 0 1 
1 1 0 0 1 0 1 1 0 0 0 0 0 0 1 
0 1 0 1 0 1 1 1 0 1 0 0 0 0 0 
OpenStacks: 14
Took 0.62 seconds

buffer: Warwick 621: balanced orders and products, 7 products per order
numCustomers: 15
numProducts: 15
1 1 0 0 0 1 1 0 0 0 0 1 0 1 1 
1 0 0 1 1 0 1 0 0 1 0 0 0 1 1 
1 0 1 1 1 0 0 0 1 0 0 1 0 1 0 
0 1 1 1 0 0 1 0 0 1 0 1 0 1 0 
0 0 0 0 0 1 1 0 0 1 1 1 1 1 0 
0 1 1 1 0 1 1 1 0 0 1 0 0 0 0 
1 1 0 1 1 1 0 0 1 0 0 0 1 0 0 
0 1 1 0 1 0 0 1 0 1 1 0 0 0 1 
1 0 0 0 0 1 0 1 1 1 0 1 0 0 1 
0 0 1 0 1 1 0 1 0 1 1 0 1 0 0 
0 1 0 0 1 0 1 1 0 0 0 1 1 1 0 
0 0 1 0 1 0 1 1 1 0 1 0 0 0 1 
0 1 1 0 0 1 0 0 1 0 0 1 1 1 0 
1 0 0 1 0 0 0 1 1 0 1 0 1 0 1 
1 0 0 1 0 0 0 0 1 1 1 0 1 0 1 
Best sequence:
0 1 2 3 4 5 6 7 8 9 10 11 12 13 14 
1 1 0 0 0 1 1 0 0 0 0 1 0 1 1 
1 0 0 1 1 0 1 0 0 1 0 0 0 1 1 
1 0 1 1 1 0 0 0 1 0 0 1 0 1 0 
0 1 1 1 0 0 1 0 0 1 0 1 0 1 0 
0 0 0 0 0 1 1 0 0 1 1 1 1 1 0 
0 1 1 1 0 1 1 1 0 0 1 0 0 0 0 
1 1 0 1 1 1 0 0 1 0 0 0 1 0 0 
0 1 1 0 1 0 0 1 0 1 1 0 0 0 1 
1 0 0 0 0 1 0 1 1 1 0 1 0 0 1 
0 0 1 0 1 1 0 1 0 1 1 0 1 0 0 
0 1 0 0 1 0 1 1 0 0 0 1 1 1 0 
0 0 1 0 1 0 1 1 1 0 1 0 0 0 1 
0 1 1 0 0 1 0 0 1 0 0 1 1 1 0 
1 0 0 1 0 0 0 1 1 0 1 0 1 0 1 
1 0 0 1 0 0 0 0 1 1 1 0 1 0 1 
OpenStacks: 15
Took 0.62 seconds

buffer: Warwick 622: balanced orders and products, 7 products per order
numCustomers: 15
numProducts: 15
0 0 0 0 0 0 1 1 1 1 0 1 1 1 0 
1 0 1 0 0 1 1 0 0 0 1 1 0 0 1 
0 0 1 1 1 0 0 0 0 1 1 1 1 0 0 
1 1 0 0 1 0 0 1 1 0 1 0 0 0 1 
0 0 0 1 0 1 1 1 0 0 0 1 1 0 1 
0 0 0 0 1 1 0 0 1 0 0 1 1 1 1 
0 0 1 1 1 1 0 0 0 1 1 0 0 0 1 
1 1 0 0 1 1 0 0 1 1 0 0 0 0 1 
1 1 1 0 0 0 0 1 0 1 0 0 1 1 0 
0 0 0 1 0 0 1 0 1 1 1 0 1 1 0 
0 1 1 0 0 1 0 1 1 0 0 1 1 0 0 
0 1 1 1 0 0 1 1 0 0 1 0 0 1 0 
1 1 0 0 1 1 1 0 0 0 0 0 0 1 1 
1 1 1 1 1 0 1 0 0 1 0 0 0 0 0 
1 0 0 1 0 0 0 1 1 0 1 1 0 1 0 
Best sequence:
0 1 2 3 4 5 6 7 8 9 10 11 12 13 14 
0 0 0 0 0 0 1 1 1 1 0 1 1 1 0 
1 0 1 0 0 1 1 0 0 0 1 1 0 0 1 
0 0 1 1 1 0 0 0 0 1 1 1 1 0 0 
1 1 0 0 1 0 0 1 1 0 1 0 0 0 1 
0 0 0 1 0 1 1 1 0 0 0 1 1 0 1 
0 0 0 0 1 1 0 0 1 0 0 1 1 1 1 
0 0 1 1 1 1 0 0 0 1 1 0 0 0 1 
1 1 0 0 1 1 0 0 1 1 0 0 0 0 1 
1 1 1 0 0 0 0 1 0 1 0 0 1 1 0 
0 0 0 1 0 0 1 0 1 1 1 0 1 1 0 
0 1 1 0 0 1 0 1 1 0 0 1 1 0 0 
0 1 1 1 0 0 1 1 0 0 1 0 0 1 0 
1 1 0 0 1 1 1 0 0 0 0 0 0 1 1 
1 1 1 1 1 0 1 0 0 1 0 0 0 0 0 
1 0 0 1 0 0 0 1 1 0 1 1 0 1 0 
OpenStacks: 15
Took 0.62 seconds

buffer: Warwick 623: balanced orders and products, 7 products per order
numCustomers: 15
numProducts: 15
1 0 0 0 0 1 1 0 1 1 1 1 0 0 0 
0 1 1 1 1 0 1 1 1 0 0 0 0 0 0 
0 1 0 1 0 1 0 1 1 0 1 1 0 0 0 
1 0 1 0 0 0 0 0 1 0 0 1 1 1 1 
0 1 0 1 1 0 0 1 0 0 0 1 1 1 0 
1 0 1 1 1 1 0 0 0 1 0 0 0 1 0 
0 1 1 0 0 0 0 1 0 1 1 1 0 0 1 
1 0 0 1 0 1 1 1 0 1 0 0 0 0 1 
1 0 1 0 1 0 1 0 0 0 0 0 1 1 1 
1 1 0 1 0 0 0 1 1 0 1 0 0 1 0 
0 1 0 0 0 1 0 1 1 1 0 0 1 0 1 
0 1 1 0 0 1 1 0 1 0 1 0 1 0 0 
0 0 0 0 1 0 1 0 0 0 1 1 1 1 1 
1 0 1 0 1 1 0 0 0 1 0 0 1 1 0 
0 0 0 1 1 0 1 0 0 1 1 1 0 0 1 
Best sequence:
0 2 4 6 9 12 13 14 1 3 5 7 8 10 11 
1 0 0 1 1 0 0 0 0 0 1 0 1 1 1 
0 1 1 1 0 0 0 0 1 1 0 1 1 0 0 
0 0 0 0 0 0 0 0 1 1 1 1 1 1 1 
1 1 0 0 0 1 1 1 0 0 0 0 1 0 1 
0 0 1 0 0 1 1 0 1 1 0 1 0 0 1 
1 1 1 0 1 0 1 0 0 1 1 0 0 0 0 
0 1 0 0 1 0 0 1 1 0 0 1 0 1 1 
1 0 0 1 1 0 0 1 0 1 1 1 0 0 0 
1 1 1 1 0 1 1 1 0 0 0 0 0 0 0 
1 0 0 0 0 0 1 0 1 1 0 1 1 1 0 
0 0 0 0 1 1 0 1 1 0 1 1 1 0 0 
0 1 0 1 0 1 0 0 1 0 1 0 1 1 0 
0 0 1 1 0 1 1 1 0 0 0 0 0 1 1 
1 1 1 0 1 1 1 0 0 0 1 0 0 0 0 
0 0 1 1 1 0 0 1 0 1 0 0 0 1 1 
OpenStacks: 14
Took 0.61 seconds

buffer: Warwick 624: balanced orders and products, 7 products per order
numCustomers: 15
numProducts: 15
0 0 0 1 1 0 1 1 0 1 0 1 1 0 0 
0 0 0 0 0 1 0 0 1 1 0 1 1 1 1 
1 0 0 1 0 1 0 1 0 0 1 0 1 0 1 
0 1 1 0 0 0 1 1 1 0 1 0 0 0 1 
0 1 0 1 1 0 1 0 0 0 0 0 1 1 1 
1 0 1 0 0 1 0 0 0 1 0 0 1 1 1 
1 0 0 0 1 1 0 1 1 0 0 1 1 0 0 
1 1 0 1 1 0 0 1 0 0 0 1 0 0 1 
1 0 1 1 0 0 1 0 0 0 1 1 0 1 0 
0 1 0 0 0 1 0 0 1 1 1 1 0 0 1 
0 0 1 0 1 1 1 0 1 1 1 0 0 0 0 
0 0 1 0 1 1 1 1 0 1 0 0 0 1 0 
1 1 0 1 0 0 1 0 1 0 1 1 0 0 0 
1 1 1 1 1 0 0 1 0 0 0 0 0 1 0 
0 1 1 0 0 0 0 0 1 1 1 0 1 1 0 
Best sequence:
0 1 2 3 4 5 6 7 8 9 10 11 12 13 14 
0 0 0 1 1 0 1 1 0 1 0 1 1 0 0 
0 0 0 0 0 1 0 0 1 1 0 1 1 1 1 
1 0 0 1 0 1 0 1 0 0 1 0 1 0 1 
0 1 1 0 0 0 1 1 1 0 1 0 0 0 1 
0 1 0 1 1 0 1 0 0 0 0 0 1 1 1 
1 0 1 0 0 1 0 0 0 1 0 0 1 1 1 
1 0 0 0 1 1 0 1 1 0 0 1 1 0 0 
1 1 0 1 1 0 0 1 0 0 0 1 0 0 1 
1 0 1 1 0 0 1 0 0 0 1 1 0 1 0 
0 1 0 0 0 1 0 0 1 1 1 1 0 0 1 
0 0 1 0 1 1 1 0 1 1 1 0 0 0 0 
0 0 1 0 1 1 1 1 0 1 0 0 0 1 0 
1 1 0 1 0 0 1 0 1 0 1 1 0 0 0 
1 1 1 1 1 0 0 1 0 0 0 0 0 1 0 
0 1 1 0 0 0 0 0 1 1 1 0 1 1 0 
OpenStacks: 15
Took 0.63 seconds

buffer: Warwick 625: balanced orders and products, 7 products per order
numCustomers: 15
numProducts: 15
1 1 0 1 0 1 0 1 0 0 0 0 1 1 0 
1 0 1 1 1 1 0 1 0 0 1 0 0 0 0 
1 0 1 0 0 0 0 0 1 0 0 1 1 1 1 
0 1 1 0 0 0 1 1 0 1 1 0 1 0 0 
1 1 1 0 0 1 1 0 0 0 0 0 1 0 1 
0 0 0 1 0 0 1 0 1 1 1 0 1 0 1 
1 0 0 0 0 1 1 0 0 1 1 1 0 0 1 
1 1 1 0 1 0 0 1 1 1 0 0 0 0 0 
0 1 1 1 1 0 0 0 0 0 0 1 1 1 0 
0 1 0 0 1 1 0 1 1 1 0 1 0 0 0 
1 0 0 1 0 1 1 0 0 0 0 1 0 1 1 
0 0 0 0 1 0 1 0 1 0 1 1 0 1 1 
0 0 0 1 1 0 1 1 0 0 1 0 0 1 1 
0 0 1 0 0 1 0 1 1 1 1 1 0 0 0 
0 1 0 1 1 0 0 0 1 1 0 0 1 1 0 
Best sequence:
0 1 2 3 4 5 6 7 8 9 10 11 12 13 14 
1 1 0 1 0 1 0 1 0 0 0 0 1 1 0 
1 0 1 1 1 1 0 1 0 0 1 0 0 0 0 
1 0 1 0 0 0 0 0 1 0 0 1 1 1 1 
0 1 1 0 0 0 1 1 0 1 1 0 1 0 0 
1 1 1 0 0 1 1 0 0 0 0 0 1 0 1 
0 0 0 1 0 0 1 0 1 1 1 0 1 0 1 
1 0 0 0 0 1 1 0 0 1 1 1 0 0 1 
1 1 1 0 1 0 0 1 1 1 0 0 0 0 0 
0 1 1 1 1 0 0 0 0 0 0 1 1 1 0 
0 1 0 0 1 1 0 1 1 1 0 1 0 0 0 
1 0 0 1 0 1 1 0 0 0 0 1 0 1 1 
0 0 0 0 1 0 1 0 1 0 1 1 0 1 1 
0 0 0 1 1 0 1 1 0 0 1 0 0 1 1 
0 0 1 0 0 1 0 1 1 1 1 1 0 0 0 
0 1 0 1 1 0 0 0 1 1 0 0 1 1 0 
OpenStacks: 15
Took 0.62 seconds

buffer: Warwick 626: balanced orders and products, 7 products per order
numCustomers: 15
numProducts: 15
1 0 1 0 1 0 0 1 1 0 0 1 0 1 0 
0 0 1 0 1 0 1 0 0 1 1 0 0 1 1 
1 0 1 0 0 0 1 1 0 1 0 0 0 1 1 
1 1 1 0 1 1 0 0 0 0 0 0 1 0 1 
1 1 1 0 0 1 1 1 0 0 0 0 0 0 1 
1 1 0 0 1 1 0 1 0 0 1 0 0 0 1 
1 1 0 1 0 1 0 0 1 0 0 0 1 1 0 
0 1 1 0 0 1 0 1 1 0 1 1 0 0 0 
0 1 0 1 1 0 1 0 1 1 0 0 0 0 1 
0 0 0 0 0 1 1 1 0 1 0 1 1 1 0 
0 0 0 1 0 1 1 0 1 0 1 0 1 1 0 
0 1 1 1 1 0 0 0 1 0 0 1 1 0 0 
1 0 0 1 0 0 1 0 0 1 1 1 1 0 0 
0 0 0 1 0 0 0 0 1 1 1 1 1 1 0 
0 0 0 1 1 0 0 1 0 1 1 1 0 0 1 
Best sequence:
0 1 2 4 5 6 7 14 3 8 9 10 11 12 13 
1 0 1 1 0 0 1 0 0 1 0 0 1 0 1 
0 0 1 1 0 1 0 1 0 0 1 1 0 0 1 
1 0 1 0 0 1 1 1 0 0 1 0 0 0 1 
1 1 1 1 1 0 0 1 0 0 0 0 0 1 0 
1 1 1 0 1 1 1 1 0 0 0 0 0 0 0 
1 1 0 1 1 0 1 1 0 0 0 1 0 0 0 
1 1 0 0 1 0 0 0 1 1 0 0 0 1 1 
0 1 1 0 1 0 1 0 0 1 0 1 1 0 0 
0 1 0 1 0 1 0 1 1 1 1 0 0 0 0 
0 0 0 0 1 1 1 0 0 0 1 0 1 1 1 
0 0 0 0 1 1 0 0 1 1 0 1 0 1 1 
0 1 1 1 0 0 0 0 1 1 0 0 1 1 0 
1 0 0 0 0 1 0 0 1 0 1 1 1 1 0 
0 0 0 0 0 0 0 0 1 1 1 1 1 1 1 
0 0 0 1 0 0 1 1 1 0 1 1 1 0 0 
OpenStacks: 14
Took 0.61 seconds

buffer: Warwick 627: balanced orders and products, 7 products per order
numCustomers: 15
numProducts: 15
0 1 1 1 1 0 1 1 0 0 1 0 0 0 0 
0 1 0 1 0 1 0 1 1 1 0 1 0 0 0 
0 0 1 1 1 1 1 1 0 0 0 1 0 0 0 
1 1 1 0 0 0 0 0 0 1 0 0 1 1 1 
1 1 0 1 0 0 1 0 0 1 1 0 0 0 1 
1 0 0 0 0 1 1 0 1 1 1 1 0 0 0 
0 1 0 0 0 1 0 0 1 1 0 0 1 1 1 
0 0 0 0 0 1 1 0 1 1 0 1 0 1 1 
1 1 1 0 1 0 0 0 0 0 1 0 1 1 0 
1 1 1 0 1 0 0 1 1 0 0 0 0 0 1 
1 0 1 0 1 1 1 1 0 0 0 0 0 1 0 
0 0 1 1 0 1 0 0 1 0 0 1 1 0 1 
0 0 0 1 0 0 0 0 1 0 1 1 1 1 1 
0 0 0 1 1 0 0 1 0 1 1 1 1 0 0 
1 0 0 0 1 0 1 1 0 0 1 0 1 1 0 
Best sequence:
0 1 2 3 4 5 6 7 8 9 10 11 12 13 14 
0 1 1 1 1 0 1 1 0 0 1 0 0 0 0 
0 1 0 1 0 1 0 1 1 1 0 1 0 0 0 
0 0 1 1 1 1 1 1 0 0 0 1 0 0 0 
1 1 1 0 0 0 0 0 0 1 0 0 1 1 1 
1 1 0 1 0 0 1 0 0 1 1 0 0 0 1 
1 0 0 0 0 1 1 0 1 1 1 1 0 0 0 
0 1 0 0 0 1 0 0 1 1 0 0 1 1 1 
0 0 0 0 0 1 1 0 1 1 0 1 0 1 1 
1 1 1 0 1 0 0 0 0 0 1 0 1 1 0 
1 1 1 0 1 0 0 1 1 0 0 0 0 0 1 
1 0 1 0 1 1 1 1 0 0 0 0 0 1 0 
0 0 1 1 0 1 0 0 1 0 0 1 1 0 1 
0 0 0 1 0 0 0 0 1 0 1 1 1 1 1 
0 0 0 1 1 0 0 1 0 1 1 1 1 0 0 
1 0 0 0 1 0 1 1 0 0 1 0 1 1 0 
OpenStacks: 15
Took 0.62 seconds

buffer: Warwick 628: balanced orders and products, 7 products per order
numCustomers: 15
numProducts: 15
1 1 0 1 1 1 1 0 0 0 0 0 1 0 0 
1 1 0 0 0 0 0 1 1 1 1 0 0 0 1 
0 0 1 1 1 0 0 0 0 1 1 0 0 1 1 
0 0 0 0 0 0 1 1 1 0 1 1 0 1 1 
0 1 1 0 0 1 1 0 0 0 1 0 1 1 0 
0 0 0 1 1 1 1 0 1 0 0 0 1 0 1 
0 1 0 1 0 1 0 0 1 1 0 1 0 0 1 
0 0 1 0 1 0 1 0 1 1 0 1 0 1 0 
1 1 1 0 1 1 0 0 0 0 0 0 1 1 0 
0 0 1 1 0 0 1 1 0 1 1 1 0 0 0 
1 1 1 0 0 0 0 1 0 0 0 1 0 1 1 
1 0 1 1 0 1 0 1 0 0 0 0 1 0 1 
0 1 0 0 1 0 0 1 1 1 0 1 1 0 0 
1 0 0 0 1 0 0 1 0 1 1 1 1 0 0 
1 0 0 1 0 1 1 0 1 0 1 0 0 1 0 
Best sequence:
0 1 2 3 4 5 6 7 8 9 10 11 12 13 14 
1 1 0 1 1 1 1 0 0 0 0 0 1 0 0 
1 1 0 0 0 0 0 1 1 1 1 0 0 0 1 
0 0 1 1 1 0 0 0 0 1 1 0 0 1 1 
0 0 0 0 0 0 1 1 1 0 1 1 0 1 1 
0 1 1 0 0 1 1 0 0 0 1 0 1 1 0 
0 0 0 1 1 1 1 0 1 0 0 0 1 0 1 
0 1 0 1 0 1 0 0 1 1 0 1 0 0 1 
0 0 1 0 1 0 1 0 1 1 0 1 0 1 0 
1 1 1 0 1 1 0 0 0 0 0 0 1 1 0 
0 0 1 1 0 0 1 1 0 1 1 1 0 0 0 
1 1 1 0 0 0 0 1 0 0 0 1 0 1 1 
1 0 1 1 0 1 0 1 0 0 0 0 1 0 1 
0 1 0 0 1 0 0 1 1 1 0 1 1 0 0 
1 0 0 0 1 0 0 1 0 1 1 1 1 0 0 
1 0 0 1 0 1 1 0 1 0 1 0 0 1 0 
OpenStacks: 15
Took 0.62 seconds

buffer: Warwick 629: balanced orders and products, 7 products per order
numCustomers: 15
numProducts: 15
0 0 1 1 0 1 0 0 0 1 1 1 0 1 0 
1 0 0 1 1 1 0 1 0 0 1 0 1 0 0 
1 1 0 0 1 1 0 1 1 0 0 0 0 0 1 
0 1 0 0 1 1 0 0 0 1 0 1 1 1 0 
0 1 0 1 1 0 0 0 0 1 1 1 0 0 1 
1 0 1 0 1 0 1 1 1 0 0 0 0 1 0 
0 1 1 1 0 1 1 1 0 1 0 0 0 0 0 
0 1 0 0 0 0 0 0 1 0 1 1 1 1 1 
0 0 1 1 0 1 1 0 0 1 1 0 1 0 0 
0 1 1 1 0 0 0 1 1 0 0 1 1 0 0 
1 1 0 0 1 0 0 1 1 1 0 1 0 0 0 
1 0 1 0 0 0 1 0 1 1 0 0 0 1 1 
0 0 1 0 1 0 1 0 1 0 1 1 0 0 1 
1 0 0 0 0 0 1 1 0 0 1 0 1 1 1 
1 0 0 1 0 1 1 0 0 0 0 0 1 1 1 
Best sequence:
0 1 2 3 4 5 6 7 8 9 10 11 12 13 14 
0 0 1 1 0 1 0 0 0 1 1 1 0 1 0 
1 0 0 1 1 1 0 1 0 0 1 0 1 0 0 
1 1 0 0 1 1 0 1 1 0 0 0 0 0 1 
0 1 0 0 1 1 0 0 0 1 0 1 1 1 0 
0 1 0 1 1 0 0 0 0 1 1 1 0 0 1 
1 0 1 0 1 0 1 1 1 0 0 0 0 1 0 
0 1 1 1 0 1 1 1 0 1 0 0 0 0 0 
0 1 0 0 0 0 0 0 1 0 1 1 1 1 1 
0 0 1 1 0 1 1 0 0 1 1 0 1 0 0 
0 1 1 1 0 0 0 1 1 0 0 1 1 0 0 
1 1 0 0 1 0 0 1 1 1 0 1 0 0 0 
1 0 1 0 0 0 1 0 1 1 0 0 0 1 1 
0 0 1 0 1 0 1 0 1 0 1 1 0 0 1 
1 0 0 0 0 0 1 1 0 0 1 0 1 1 1 
1 0 0 1 0 1 1 0 0 0 0 0 1 1 1 
OpenStacks: 15
Took 0.62 seconds

buffer: Warwick 630: balanced orders and products, 7 products per order
numCustomers: 15
numProducts: 15
1 1 1 0 1 0 0 0 0 1 1 0 0 1 0 
1 1 0 0 0 0 0 0 1 0 1 1 1 1 0 
0 1 0 1 1 1 0 1 0 0 1 0 0 1 0 
1 0 1 0 0 0 0 1 1 1 0 1 1 0 0 
0 1 1 0 1 0 1 0 0 1 1 0 0 0 1 
0 1 0 1 1 0 1 1 0 1 0 1 0 0 0 
1 0 0 1 0 0 1 1 0 0 0 1 0 1 1 
0 0 0 0 0 0 1 0 1 1 1 1 1 1 0 
0 0 1 0 0 1 0 1 1 0 0 1 1 0 1 
0 0 1 1 0 1 1 1 1 0 0 0 0 1 0 
0 0 0 1 1 0 1 0 1 1 1 0 0 1 0 
1 0 1 1 0 1 0 0 0 1 0 0 1 0 1 
0 0 0 0 1 1 0 1 0 0 1 1 1 0 1 
1 1 0 1 1 1 0 0 1 0 0 0 0 0 1 
1 1 1 0 0 1 1 0 0 0 0 0 1 0 1 
Best sequence:
0 1 2 3 4 5 6 7 8 9 10 11 12 13 14 
1 1 1 0 1 0 0 0 0 1 1 0 0 1 0 
1 1 0 0 0 0 0 0 1 0 1 1 1 1 0 
0 1 0 1 1 1 0 1 0 0 1 0 0 1 0 
1 0 1 0 0 0 0 1 1 1 0 1 1 0 0 
0 1 1 0 1 0 1 0 0 1 1 0 0 0 1 
0 1 0 1 1 0 1 1 0 1 0 1 0 0 0 
1 0 0 1 0 0 1 1 0 0 0 1 0 1 1 
0 0 0 0 0 0 1 0 1 1 1 1 1 1 0 
0 0 1 0 0 1 0 1 1 0 0 1 1 0 1 
0 0 1 1 0 1 1 1 1 0 0 0 0 1 0 
0 0 0 1 1 0 1 0 1 1 1 0 0 1 0 
1 0 1 1 0 1 0 0 0 1 0 0 1 0 1 
0 0 0 0 1 1 0 1 0 0 1 1 1 0 1 
1 1 0 1 1 1 0 0 1 0 0 0 0 0 1 
1 1 1 0 0 1 1 0 0 0 0 0 1 0 1 
OpenStacks: 15
Took 0.62 seconds

Solved: 60 instances
totalTime: 37.84 seconds
minTime: 0.61 seconds
maxTime: 1.39 seconds
Average: 0.630667 seconds
