Solving by Dynamic Programming...
buffer: Warwick 1431: balanced orders and products, 2 products per order
numCustomers: 30
numProducts: 10
0 0 0 0 0 0 0 1 0 1 
1 0 0 0 0 0 0 0 1 0 
0 1 0 1 0 0 0 0 0 0 
0 0 0 0 0 0 1 1 0 0 
0 0 0 0 1 0 0 0 0 1 
0 0 0 0 1 0 0 0 1 0 
0 0 0 0 1 0 0 0 0 1 
0 0 0 0 1 0 0 0 1 0 
0 1 0 0 0 1 0 0 0 0 
0 1 1 0 0 0 0 0 0 0 
0 0 0 1 0 0 0 0 0 1 
0 1 0 0 0 0 0 1 0 0 
0 0 1 0 0 1 0 0 0 0 
0 0 0 0 0 1 1 0 0 0 
1 0 1 0 0 0 0 0 0 0 
0 0 0 0 1 1 0 0 0 0 
1 0 0 0 0 0 0 1 0 0 
0 0 0 0 0 0 1 0 0 1 
1 0 0 0 0 0 0 1 0 0 
0 0 0 0 0 1 0 0 0 1 
0 1 0 1 0 0 0 0 0 0 
0 0 1 0 0 0 0 0 1 0 
0 0 0 1 0 0 0 0 1 0 
0 1 0 0 0 0 0 1 0 0 
0 0 1 0 0 0 1 0 0 0 
0 0 0 1 0 0 1 0 0 0 
0 0 0 1 0 1 0 0 0 0 
0 0 1 0 0 0 1 0 0 0 
1 0 0 0 1 0 0 0 0 0 
1 0 0 0 0 0 0 0 1 0 
Best Sequence: 
6 2 5 3 1 9 8 7 4 0 
0 0 0 0 0 1 0 1 0 0 
0 0 0 0 0 0 1 0 0 1 
0 0 0 1 1 0 0 0 0 0 
1 0 0 0 0 0 0 1 0 0 
0 0 0 0 0 1 0 0 1 0 
0 0 0 0 0 0 1 0 1 0 
0 0 0 0 0 1 0 0 1 0 
0 0 0 0 0 0 1 0 1 0 
0 0 1 0 1 0 0 0 0 0 
0 1 0 0 1 0 0 0 0 0 
0 0 0 1 0 1 0 0 0 0 
0 0 0 0 1 0 0 1 0 0 
0 1 1 0 0 0 0 0 0 0 
1 0 1 0 0 0 0 0 0 0 
0 1 0 0 0 0 0 0 0 1 
0 0 1 0 0 0 0 0 1 0 
0 0 0 0 0 0 0 1 0 1 
1 0 0 0 0 1 0 0 0 0 
0 0 0 0 0 0 0 1 0 1 
0 0 1 0 0 1 0 0 0 0 
0 0 0 1 1 0 0 0 0 0 
0 1 0 0 0 0 1 0 0 0 
0 0 0 1 0 0 1 0 0 0 
0 0 0 0 1 0 0 1 0 0 
1 1 0 0 0 0 0 0 0 0 
1 0 0 1 0 0 0 0 0 0 
0 0 1 1 0 0 0 0 0 0 
1 1 0 0 0 0 0 0 0 0 
0 0 0 0 0 0 0 0 1 1 
0 0 0 0 0 0 1 0 0 1 
OpenStacks: 14
Took 0.18 seconds

buffer: Warwick 1432: balanced orders and products, 2 products per order
numCustomers: 30
numProducts: 10
0 0 0 0 1 0 0 1 0 0 
0 0 0 1 0 0 0 0 0 1 
1 0 1 0 0 0 0 0 0 0 
1 0 0 0 0 0 0 0 0 1 
0 0 1 0 0 1 0 0 0 0 
0 0 0 0 1 0 1 0 0 0 
0 0 1 0 0 0 0 0 0 1 
1 0 0 0 0 0 0 1 0 0 
0 0 0 0 0 1 0 1 0 0 
0 0 0 1 0 0 0 1 0 0 
0 1 0 0 0 0 0 1 0 0 
0 0 0 0 1 0 0 1 0 0 
0 0 0 1 0 0 0 0 1 0 
1 0 0 0 0 0 1 0 0 0 
0 0 0 0 1 0 0 0 0 1 
0 1 1 0 0 0 0 0 0 0 
0 1 1 0 0 0 0 0 0 0 
0 0 1 0 0 0 1 0 0 0 
1 0 0 0 1 0 0 0 0 0 
1 1 0 0 0 0 0 0 0 0 
0 1 0 0 0 0 0 0 1 0 
0 0 0 0 0 0 1 0 1 0 
0 0 0 0 0 1 0 0 1 0 
0 0 0 0 0 1 0 0 1 0 
0 1 0 1 0 0 0 0 0 0 
0 0 0 1 0 0 1 0 0 0 
0 0 0 0 0 0 0 0 1 1 
0 0 0 1 0 1 0 0 0 0 
0 0 0 0 1 0 0 0 0 1 
0 0 0 0 0 1 1 0 0 0 
Best Sequence: 
8 5 6 3 2 1 9 7 4 0 
0 0 0 0 0 0 0 1 1 0 
0 0 0 1 0 0 1 0 0 0 
0 0 0 0 1 0 0 0 0 1 
0 0 0 0 0 0 1 0 0 1 
0 1 0 0 1 0 0 0 0 0 
0 0 1 0 0 0 0 0 1 0 
0 0 0 0 1 0 1 0 0 0 
0 0 0 0 0 0 0 1 0 1 
0 1 0 0 0 0 0 1 0 0 
0 0 0 1 0 0 0 1 0 0 
0 0 0 0 0 1 0 1 0 0 
0 0 0 0 0 0 0 1 1 0 
1 0 0 1 0 0 0 0 0 0 
0 0 1 0 0 0 0 0 0 1 
0 0 0 0 0 0 1 0 1 0 
0 0 0 0 1 1 0 0 0 0 
0 0 0 0 1 1 0 0 0 0 
0 0 1 0 1 0 0 0 0 0 
0 0 0 0 0 0 0 0 1 1 
0 0 0 0 0 1 0 0 0 1 
1 0 0 0 0 1 0 0 0 0 
1 0 1 0 0 0 0 0 0 0 
1 1 0 0 0 0 0 0 0 0 
1 1 0 0 0 0 0 0 0 0 
0 0 0 1 0 1 0 0 0 0 
0 0 1 1 0 0 0 0 0 0 
1 0 0 0 0 0 1 0 0 0 
0 1 0 1 0 0 0 0 0 0 
0 0 0 0 0 0 1 0 1 0 
0 1 1 0 0 0 0 0 0 0 
OpenStacks: 14
Took 0.19 seconds

buffer: Warwick 1433: balanced orders and products, 2 products per order
numCustomers: 30
numProducts: 10
0 0 0 1 0 0 0 0 1 0 
0 0 1 0 0 1 0 0 0 0 
0 0 1 0 0 0 0 0 0 1 
1 0 0 0 0 0 0 1 0 0 
0 0 0 1 0 1 0 0 0 0 
0 0 1 0 0 0 0 0 0 1 
1 0 0 0 0 0 1 0 0 0 
0 0 0 0 0 0 0 0 1 1 
1 1 0 0 0 0 0 0 0 0 
0 0 0 0 0 0 1 0 0 1 
0 0 0 1 0 1 0 0 0 0 
0 0 0 0 1 0 0 1 0 0 
0 1 0 0 0 0 0 0 1 0 
0 1 0 0 0 1 0 0 0 0 
0 0 1 0 0 0 0 1 0 0 
0 1 0 0 0 0 1 0 0 0 
1 0 0 0 1 0 0 0 0 0 
0 0 0 0 0 1 0 1 0 0 
0 0 0 0 1 1 0 0 0 0 
0 0 0 1 0 0 1 0 0 0 
0 0 1 0 1 0 0 0 0 0 
0 0 1 1 0 0 0 0 0 0 
0 0 0 0 1 0 0 0 1 0 
0 1 0 0 0 0 1 0 0 0 
0 0 0 0 1 0 0 0 1 0 
0 0 0 1 0 0 0 0 0 1 
1 0 0 0 0 0 0 0 0 1 
0 1 0 0 0 0 0 1 0 0 
1 0 0 0 0 0 0 0 1 0 
0 0 0 0 0 0 1 1 0 0 
Best Sequence: 
9 2 3 5 8 4 7 6 1 0 
0 0 1 0 1 0 0 0 0 0 
0 1 0 1 0 0 0 0 0 0 
1 1 0 0 0 0 0 0 0 0 
0 0 0 0 0 0 1 0 0 1 
0 0 1 1 0 0 0 0 0 0 
1 1 0 0 0 0 0 0 0 0 
0 0 0 0 0 0 0 1 0 1 
1 0 0 0 1 0 0 0 0 0 
0 0 0 0 0 0 0 0 1 1 
1 0 0 0 0 0 0 1 0 0 
0 0 1 1 0 0 0 0 0 0 
0 0 0 0 0 1 1 0 0 0 
0 0 0 0 1 0 0 0 1 0 
0 0 0 1 0 0 0 0 1 0 
0 1 0 0 0 0 1 0 0 0 
0 0 0 0 0 0 0 1 1 0 
0 0 0 0 0 1 0 0 0 1 
0 0 0 1 0 0 1 0 0 0 
0 0 0 1 0 1 0 0 0 0 
0 0 1 0 0 0 0 1 0 0 
0 1 0 0 0 1 0 0 0 0 
0 1 1 0 0 0 0 0 0 0 
0 0 0 0 1 1 0 0 0 0 
0 0 0 0 0 0 0 1 1 0 
0 0 0 0 1 1 0 0 0 0 
1 0 1 0 0 0 0 0 0 0 
1 0 0 0 0 0 0 0 0 1 
0 0 0 0 0 0 1 0 1 0 
0 0 0 0 1 0 0 0 0 1 
0 0 0 0 0 0 1 1 0 0 
OpenStacks: 14
Took 0.18 seconds

buffer: Warwick 1434: balanced orders and products, 2 products per order
numCustomers: 30
numProducts: 10
0 0 0 1 0 0 0 1 0 0 
0 0 1 0 0 0 0 0 0 1 
0 1 0 0 0 0 0 1 0 0 
0 0 0 0 0 0 0 1 1 0 
1 0 1 0 0 0 0 0 0 0 
1 0 0 0 0 0 0 0 1 0 
0 1 1 0 0 0 0 0 0 0 
0 0 0 0 1 0 0 0 0 1 
1 1 0 0 0 0 0 0 0 0 
0 0 0 1 0 0 0 0 0 1 
0 0 0 0 0 0 1 0 1 0 
0 0 0 0 0 0 1 0 1 0 
0 0 0 0 0 1 1 0 0 0 
0 0 0 0 0 1 0 0 0 1 
0 0 1 0 1 0 0 0 0 0 
0 0 0 1 1 0 0 0 0 0 
0 1 0 0 0 0 1 0 0 0 
0 0 1 0 1 0 0 0 0 0 
0 1 0 1 0 0 0 0 0 0 
0 0 0 0 0 0 1 0 1 0 
0 0 0 0 0 1 0 1 0 0 
1 0 0 0 0 0 0 0 0 1 
1 0 0 1 0 0 0 0 0 0 
0 0 0 0 1 1 0 0 0 0 
0 0 0 0 1 1 0 0 0 0 
0 0 0 0 0 0 0 0 1 1 
0 0 0 1 0 0 0 1 0 0 
0 0 1 0 0 0 0 1 0 0 
0 1 0 0 0 0 1 0 0 0 
1 0 0 0 0 1 0 0 0 0 
Best Sequence: 
5 4 9 2 0 3 7 8 6 1 
0 0 0 0 0 1 1 0 0 0 
0 0 1 1 0 0 0 0 0 0 
0 0 0 0 0 0 1 0 0 1 
0 0 0 0 0 0 1 1 0 0 
0 0 0 1 1 0 0 0 0 0 
0 0 0 0 1 0 0 1 0 0 
0 0 0 1 0 0 0 0 0 1 
0 1 1 0 0 0 0 0 0 0 
0 0 0 0 1 0 0 0 0 1 
0 0 1 0 0 1 0 0 0 0 
0 0 0 0 0 0 0 1 1 0 
0 0 0 0 0 0 0 1 1 0 
1 0 0 0 0 0 0 0 1 0 
1 0 1 0 0 0 0 0 0 0 
0 1 0 1 0 0 0 0 0 0 
0 1 0 0 0 1 0 0 0 0 
0 0 0 0 0 0 0 0 1 1 
0 1 0 1 0 0 0 0 0 0 
0 0 0 0 0 1 0 0 0 1 
0 0 0 0 0 0 0 1 1 0 
1 0 0 0 0 0 1 0 0 0 
0 0 1 0 1 0 0 0 0 0 
0 0 0 0 1 1 0 0 0 0 
1 1 0 0 0 0 0 0 0 0 
1 1 0 0 0 0 0 0 0 0 
0 0 1 0 0 0 0 1 0 0 
0 0 0 0 0 1 1 0 0 0 
0 0 0 1 0 0 1 0 0 0 
0 0 0 0 0 0 0 0 1 1 
1 0 0 0 1 0 0 0 0 0 
OpenStacks: 13
Took 0.19 seconds

buffer: Warwick 1435: balanced orders and products, 2 products per order
numCustomers: 30
numProducts: 10
1 0 0 0 0 0 0 0 1 0 
1 0 1 0 0 0 0 0 0 0 
1 0 0 0 0 0 1 0 0 0 
0 0 0 1 0 0 1 0 0 0 
1 0 0 0 1 0 0 0 0 0 
0 0 0 0 0 1 0 0 1 0 
0 0 0 1 0 0 0 0 1 0 
0 1 0 0 0 0 0 1 0 0 
1 0 0 0 0 0 1 0 0 0 
0 0 0 0 1 0 0 1 0 0 
0 0 1 0 1 0 0 0 0 0 
0 0 1 0 0 1 0 0 0 0 
0 0 1 1 0 0 0 0 0 0 
0 0 0 1 0 1 0 0 0 0 
0 1 1 0 0 0 0 0 0 0 
0 1 0 0 0 0 0 0 0 1 
0 0 0 0 0 1 0 0 0 1 
1 0 0 0 0 1 0 0 0 0 
0 0 0 0 0 0 0 1 1 0 
0 1 0 0 0 0 0 0 0 1 
0 0 0 0 0 0 1 1 0 0 
0 0 1 0 0 0 0 0 0 1 
0 0 0 0 0 0 1 1 0 0 
0 1 0 0 0 0 0 0 0 1 
0 0 0 0 1 0 0 1 0 0 
0 0 0 1 0 0 1 0 0 0 
0 0 0 1 0 0 0 0 1 0 
0 0 0 0 1 1 0 0 0 0 
0 0 0 0 1 0 0 0 0 1 
0 1 0 0 0 0 0 0 1 0 
Best Sequence: 
9 1 7 4 2 5 8 3 6 0 
0 0 0 0 0 0 1 0 0 1 
0 0 0 0 1 0 0 0 0 1 
0 0 0 0 0 0 0 0 1 1 
0 0 0 0 0 0 0 1 1 0 
0 0 0 1 0 0 0 0 0 1 
0 0 0 0 0 1 1 0 0 0 
0 0 0 0 0 0 1 1 0 0 
0 1 1 0 0 0 0 0 0 0 
0 0 0 0 0 0 0 0 1 1 
0 0 1 1 0 0 0 0 0 0 
0 0 0 1 1 0 0 0 0 0 
0 0 0 0 1 1 0 0 0 0 
0 0 0 0 1 0 0 1 0 0 
0 0 0 0 0 1 0 1 0 0 
0 1 0 0 1 0 0 0 0 0 
1 1 0 0 0 0 0 0 0 0 
1 0 0 0 0 1 0 0 0 0 
0 0 0 0 0 1 0 0 0 1 
0 0 1 0 0 0 1 0 0 0 
1 1 0 0 0 0 0 0 0 0 
0 0 1 0 0 0 0 0 1 0 
1 0 0 0 1 0 0 0 0 0 
0 0 1 0 0 0 0 0 1 0 
1 1 0 0 0 0 0 0 0 0 
0 0 1 1 0 0 0 0 0 0 
0 0 0 0 0 0 0 1 1 0 
0 0 0 0 0 0 1 1 0 0 
0 0 0 1 0 1 0 0 0 0 
1 0 0 1 0 0 0 0 0 0 
0 1 0 0 0 0 1 0 0 0 
OpenStacks: 13
Took 0.18 seconds

buffer: Warwick 1436: balanced orders and products, 2 products per order
numCustomers: 30
numProducts: 10
0 0 0 1 0 0 0 0 1 0 
1 0 1 0 0 0 0 0 0 0 
0 0 0 0 1 0 0 0 1 0 
0 0 1 0 0 0 0 1 0 0 
0 0 0 1 0 0 0 1 0 0 
0 0 0 1 0 0 1 0 0 0 
0 0 0 0 0 1 0 0 0 1 
0 1 1 0 0 0 0 0 0 0 
0 1 0 0 1 0 0 0 0 0 
0 1 0 0 0 0 0 0 0 1 
1 0 0 0 0 0 0 0 1 0 
1 0 1 0 0 0 0 0 0 0 
0 0 0 1 0 0 0 1 0 0 
0 0 0 0 1 0 0 0 1 0 
0 0 0 0 0 0 0 0 1 1 
0 0 0 0 1 0 1 0 0 0 
0 0 0 0 1 1 0 0 0 0 
0 0 0 1 0 0 0 1 0 0 
1 0 1 0 0 0 0 0 0 0 
0 0 0 0 1 1 0 0 0 0 
1 0 0 0 0 0 1 0 0 0 
0 1 0 0 0 0 0 0 0 1 
0 0 0 0 0 0 0 1 0 1 
1 0 1 0 0 0 0 0 0 0 
0 1 0 0 0 0 1 0 0 0 
0 1 0 0 0 0 0 0 0 1 
0 0 0 1 0 1 0 0 0 0 
0 0 0 0 0 0 1 0 1 0 
0 0 0 0 0 1 0 1 0 0 
0 0 0 0 0 1 1 0 0 0 
Best Sequence: 
7 3 5 4 8 9 6 2 1 0 
0 1 0 0 1 0 0 0 0 0 
0 0 0 0 0 0 0 1 0 1 
0 0 0 1 1 0 0 0 0 0 
1 0 0 0 0 0 0 1 0 0 
1 1 0 0 0 0 0 0 0 0 
0 1 0 0 0 0 1 0 0 0 
0 0 1 0 0 1 0 0 0 0 
0 0 0 0 0 0 0 1 1 0 
0 0 0 1 0 0 0 0 1 0 
0 0 0 0 0 1 0 0 1 0 
0 0 0 0 1 0 0 0 0 1 
0 0 0 0 0 0 0 1 0 1 
1 1 0 0 0 0 0 0 0 0 
0 0 0 1 1 0 0 0 0 0 
0 0 0 0 1 1 0 0 0 0 
0 0 0 1 0 0 1 0 0 0 
0 0 1 1 0 0 0 0 0 0 
1 1 0 0 0 0 0 0 0 0 
0 0 0 0 0 0 0 1 0 1 
0 0 1 1 0 0 0 0 0 0 
0 0 0 0 0 0 1 0 0 1 
0 0 0 0 0 1 0 0 1 0 
1 0 0 0 0 1 0 0 0 0 
0 0 0 0 0 0 0 1 0 1 
0 0 0 0 0 0 1 0 1 0 
0 0 0 0 0 1 0 0 1 0 
0 1 1 0 0 0 0 0 0 0 
0 0 0 0 1 0 1 0 0 0 
1 0 1 0 0 0 0 0 0 0 
0 0 1 0 0 0 1 0 0 0 
OpenStacks: 13
Took 0.19 seconds

buffer: Warwick 1437: balanced orders and products, 2 products per order
numCustomers: 30
numProducts: 10
0 0 0 0 1 0 1 0 0 0 
0 0 0 0 0 0 0 0 1 1 
1 0 0 0 1 0 0 0 0 0 
1 0 0 0 0 0 0 0 0 1 
0 1 0 0 0 0 0 0 0 1 
1 0 0 1 0 0 0 0 0 0 
0 0 1 0 0 0 0 0 1 0 
0 0 0 0 0 0 0 1 1 0 
0 0 1 1 0 0 0 0 0 0 
0 0 1 0 0 0 1 0 0 0 
0 1 0 0 0 1 0 0 0 0 
0 0 0 0 1 0 1 0 0 0 
0 1 0 1 0 0 0 0 0 0 
0 0 0 0 1 1 0 0 0 0 
0 0 0 1 0 0 1 0 0 0 
0 0 0 0 0 0 0 1 0 1 
0 0 0 0 0 1 0 1 0 0 
0 1 0 0 0 0 0 0 1 0 
1 0 0 1 0 0 0 0 0 0 
0 0 0 0 0 1 0 0 1 0 
1 0 0 0 0 1 0 0 0 0 
0 1 0 0 1 0 0 0 0 0 
0 0 0 0 0 1 0 1 0 0 
0 0 0 1 0 0 0 0 1 0 
1 0 1 0 0 0 0 0 0 0 
0 0 1 0 0 0 0 0 0 1 
0 0 0 0 0 0 1 1 0 0 
0 1 0 0 0 0 0 0 0 1 
0 0 0 0 0 0 1 1 0 0 
0 0 1 0 1 0 0 0 0 0 
Best Sequence: 
7 5 8 9 1 6 4 3 2 0 
0 0 0 0 0 1 1 0 0 0 
0 0 1 1 0 0 0 0 0 0 
0 0 0 0 0 0 1 0 0 1 
0 0 0 1 0 0 0 0 0 1 
0 0 0 1 1 0 0 0 0 0 
0 0 0 0 0 0 0 1 0 1 
0 0 1 0 0 0 0 0 1 0 
1 0 1 0 0 0 0 0 0 0 
0 0 0 0 0 0 0 1 1 0 
0 0 0 0 0 1 0 0 1 0 
0 1 0 0 1 0 0 0 0 0 
0 0 0 0 0 1 1 0 0 0 
0 0 0 0 1 0 0 1 0 0 
0 1 0 0 0 0 1 0 0 0 
0 0 0 0 0 1 0 1 0 0 
1 0 0 1 0 0 0 0 0 0 
1 1 0 0 0 0 0 0 0 0 
0 0 1 0 1 0 0 0 0 0 
0 0 0 0 0 0 0 1 0 1 
0 1 1 0 0 0 0 0 0 0 
0 1 0 0 0 0 0 0 0 1 
0 0 0 0 1 0 1 0 0 0 
1 1 0 0 0 0 0 0 0 0 
0 0 1 0 0 0 0 1 0 0 
0 0 0 0 0 0 0 0 1 1 
0 0 0 1 0 0 0 0 1 0 
1 0 0 0 0 1 0 0 0 0 
0 0 0 1 1 0 0 0 0 0 
1 0 0 0 0 1 0 0 0 0 
0 0 0 0 0 0 1 0 1 0 
OpenStacks: 14
Took 0.18 seconds

buffer: Warwick 1438: balanced orders and products, 2 products per order
numCustomers: 30
numProducts: 10
1 0 0 0 0 0 0 0 1 0 
1 1 0 0 0 0 0 0 0 0 
1 0 0 0 0 0 0 1 0 0 
0 0 0 0 0 1 1 0 0 0 
0 0 0 1 0 0 0 0 0 1 
0 0 0 1 0 0 0 0 1 0 
0 0 0 0 0 0 0 0 1 1 
0 0 0 0 0 1 0 1 0 0 
0 1 0 1 0 0 0 0 0 0 
0 0 1 0 1 0 0 0 0 0 
0 1 0 0 0 1 0 0 0 0 
0 0 0 1 0 1 0 0 0 0 
0 0 1 0 1 0 0 0 0 0 
0 0 1 0 1 0 0 0 0 0 
0 0 0 0 0 0 1 0 1 0 
0 0 0 0 1 0 0 0 0 1 
0 1 0 0 1 0 0 0 0 0 
0 0 0 1 1 0 0 0 0 0 
1 0 0 0 0 0 1 0 0 0 
0 1 0 0 0 0 0 1 0 0 
0 0 1 0 0 0 1 0 0 0 
0 0 0 0 0 1 0 0 1 0 
0 1 0 0 0 0 0 0 0 1 
0 0 0 0 0 1 0 1 0 0 
0 0 1 0 0 0 0 0 0 1 
0 0 1 0 0 0 1 0 0 0 
0 0 0 0 0 0 1 0 0 1 
1 0 0 0 0 0 0 1 0 0 
0 0 0 0 0 0 0 1 1 0 
1 0 0 1 0 0 0 0 0 0 
Best Sequence: 
4 2 9 6 8 3 5 7 1 0 
0 0 0 0 1 0 0 0 0 1 
0 0 0 0 0 0 0 0 1 1 
0 0 0 0 0 0 0 1 0 1 
0 0 0 1 0 0 1 0 0 0 
0 0 1 0 0 1 0 0 0 0 
0 0 0 0 1 1 0 0 0 0 
0 0 1 0 1 0 0 0 0 0 
0 0 0 0 0 0 1 1 0 0 
0 0 0 0 0 1 0 0 1 0 
1 1 0 0 0 0 0 0 0 0 
0 0 0 0 0 0 1 0 1 0 
0 0 0 0 0 1 1 0 0 0 
1 1 0 0 0 0 0 0 0 0 
1 1 0 0 0 0 0 0 0 0 
0 0 0 1 1 0 0 0 0 0 
1 0 1 0 0 0 0 0 0 0 
1 0 0 0 0 0 0 0 1 0 
1 0 0 0 0 1 0 0 0 0 
0 0 0 1 0 0 0 0 0 1 
0 0 0 0 0 0 0 1 1 0 
0 1 0 1 0 0 0 0 0 0 
0 0 0 0 1 0 1 0 0 0 
0 0 1 0 0 0 0 0 1 0 
0 0 0 0 0 0 1 1 0 0 
0 1 1 0 0 0 0 0 0 0 
0 1 0 1 0 0 0 0 0 0 
0 0 1 1 0 0 0 0 0 0 
0 0 0 0 0 0 0 1 0 1 
0 0 0 0 1 0 0 1 0 0 
0 0 0 0 0 1 0 0 0 1 
OpenStacks: 13
Took 0.19 seconds

buffer: Warwick 1439: balanced orders and products, 2 products per order
numCustomers: 30
numProducts: 10
1 0 0 0 0 0 0 0 1 0 
1 0 0 0 0 1 0 0 0 0 
0 0 0 1 0 0 0 1 0 0 
0 0 0 0 1 0 1 0 0 0 
0 0 0 0 0 0 0 1 0 1 
0 0 1 0 0 0 0 1 0 0 
0 0 0 0 1 0 0 0 1 0 
0 1 0 0 0 0 1 0 0 0 
0 0 1 0 0 1 0 0 0 0 
1 0 0 0 1 0 0 0 0 0 
0 1 0 0 0 1 0 0 0 0 
0 0 0 1 0 0 0 0 0 1 
1 0 0 0 0 0 0 0 1 0 
0 0 0 0 0 0 0 0 1 1 
0 0 0 0 0 0 1 0 1 0 
0 0 0 0 1 0 0 0 1 0 
0 1 0 1 0 0 0 0 0 0 
0 0 0 0 0 1 1 0 0 0 
0 1 0 0 0 0 1 0 0 0 
0 0 1 0 0 0 0 1 0 0 
0 0 0 0 0 0 1 1 0 0 
0 0 1 0 1 0 0 0 0 0 
1 0 0 0 0 0 0 0 0 1 
0 1 0 1 0 0 0 0 0 0 
0 0 1 0 0 0 0 0 0 1 
0 0 0 1 0 1 0 0 0 0 
0 0 0 0 0 1 0 1 0 0 
1 0 0 0 0 0 0 0 0 1 
0 1 1 0 0 0 0 0 0 0 
0 0 0 1 1 0 0 0 0 0 
Best Sequence: 
6 1 5 3 7 2 9 8 4 0 
0 0 0 0 0 0 0 1 0 1 
0 0 1 0 0 0 0 0 0 1 
0 0 0 1 1 0 0 0 0 0 
1 0 0 0 0 0 0 0 1 0 
0 0 0 0 1 0 1 0 0 0 
0 0 0 0 1 1 0 0 0 0 
0 0 0 0 0 0 0 1 1 0 
1 1 0 0 0 0 0 0 0 0 
0 0 1 0 0 1 0 0 0 0 
0 0 0 0 0 0 0 0 1 1 
0 1 1 0 0 0 0 0 0 0 
0 0 0 1 0 0 1 0 0 0 
0 0 0 0 0 0 0 1 0 1 
0 0 0 0 0 0 1 1 0 0 
1 0 0 0 0 0 0 1 0 0 
0 0 0 0 0 0 0 1 1 0 
0 1 0 1 0 0 0 0 0 0 
1 0 1 0 0 0 0 0 0 0 
1 1 0 0 0 0 0 0 0 0 
0 0 0 0 1 1 0 0 0 0 
1 0 0 0 1 0 0 0 0 0 
0 0 0 0 0 1 0 0 1 0 
0 0 0 0 0 0 1 0 0 1 
0 1 0 1 0 0 0 0 0 0 
0 0 0 0 0 1 1 0 0 0 
0 0 1 1 0 0 0 0 0 0 
0 0 1 0 1 0 0 0 0 0 
0 0 0 0 0 0 1 0 0 1 
0 1 0 0 0 1 0 0 0 0 
0 0 0 1 0 0 0 0 1 0 
OpenStacks: 13
Took 0.18 seconds

buffer: Warwick 1440: balanced orders and products, 2 products per order
numCustomers: 30
numProducts: 10
0 0 0 1 0 0 0 0 1 0 
0 1 0 0 0 0 0 0 1 0 
0 1 1 0 0 0 0 0 0 0 
0 0 0 0 1 0 0 0 0 1 
0 1 0 0 0 0 0 0 0 1 
0 0 0 0 0 0 1 1 0 0 
0 0 1 0 0 1 0 0 0 0 
0 0 0 0 0 0 1 0 0 1 
0 0 0 0 0 0 1 1 0 0 
0 0 0 1 0 1 0 0 0 0 
1 0 0 0 0 0 0 0 0 1 
0 1 0 0 0 0 1 0 0 0 
0 0 1 0 0 0 0 1 0 0 
1 0 0 0 0 0 0 0 1 0 
0 1 0 1 0 0 0 0 0 0 
1 0 0 0 0 1 0 0 0 0 
0 0 0 0 1 0 0 0 0 1 
0 0 1 0 0 0 1 0 0 0 
0 0 0 0 0 1 0 0 1 0 
0 0 0 0 0 0 0 0 1 1 
0 1 0 0 1 0 0 0 0 0 
1 0 0 0 0 1 0 0 0 0 
0 0 0 1 0 0 1 0 0 0 
0 0 1 0 0 1 0 0 0 0 
0 0 0 1 1 0 0 0 0 0 
0 0 0 0 1 0 0 1 0 0 
0 0 0 0 1 0 0 0 1 0 
1 0 0 0 0 0 0 1 0 0 
0 0 0 1 0 0 0 1 0 0 
1 0 1 0 0 0 0 0 0 0 
Best Sequence: 
9 4 8 1 3 6 7 5 2 0 
0 0 1 0 1 0 0 0 0 0 
0 0 1 1 0 0 0 0 0 0 
0 0 0 1 0 0 0 0 1 0 
1 1 0 0 0 0 0 0 0 0 
1 0 0 1 0 0 0 0 0 0 
0 0 0 0 0 1 1 0 0 0 
0 0 0 0 0 0 0 1 1 0 
1 0 0 0 0 1 0 0 0 0 
0 0 0 0 0 1 1 0 0 0 
0 0 0 0 1 0 0 1 0 0 
1 0 0 0 0 0 0 0 0 1 
0 0 0 1 0 1 0 0 0 0 
0 0 0 0 0 0 1 0 1 0 
0 0 1 0 0 0 0 0 0 1 
0 0 0 1 1 0 0 0 0 0 
0 0 0 0 0 0 0 1 0 1 
1 1 0 0 0 0 0 0 0 0 
0 0 0 0 0 1 0 0 1 0 
0 0 1 0 0 0 0 1 0 0 
1 0 1 0 0 0 0 0 0 0 
0 1 0 1 0 0 0 0 0 0 
0 0 0 0 0 0 0 1 0 1 
0 0 0 0 1 1 0 0 0 0 
0 0 0 0 0 0 0 1 1 0 
0 1 0 0 1 0 0 0 0 0 
0 1 0 0 0 0 1 0 0 0 
0 1 1 0 0 0 0 0 0 0 
0 0 0 0 0 0 1 0 0 1 
0 0 0 0 1 0 1 0 0 0 
0 0 0 0 0 0 0 0 1 1 
OpenStacks: 13
Took 0.19 seconds

buffer: Warwick 1441: balanced orders and products, 3 products per order
numCustomers: 30
numProducts: 10
0 0 0 1 0 0 1 0 1 0 
0 1 0 0 0 0 1 0 0 1 
0 0 0 0 1 1 0 0 0 1 
0 0 0 0 1 1 0 0 1 0 
0 0 0 0 1 1 0 1 0 0 
0 1 0 0 1 0 0 0 0 1 
1 0 0 0 1 0 0 0 0 1 
0 1 1 1 0 0 0 0 0 0 
0 1 1 0 0 0 0 1 0 0 
0 0 0 1 0 0 1 0 0 1 
0 0 1 1 0 0 0 0 1 0 
1 0 1 0 0 0 0 1 0 0 
0 0 0 1 0 1 0 0 0 1 
1 0 0 1 0 0 0 1 0 0 
0 1 0 0 1 0 0 0 0 1 
1 0 0 0 1 0 1 0 0 0 
0 1 1 0 0 0 0 1 0 0 
1 0 0 0 0 1 1 0 0 0 
0 0 1 0 0 1 0 0 1 0 
0 0 0 1 0 0 1 0 1 0 
1 0 0 0 0 1 0 0 0 1 
1 0 0 0 0 0 0 0 1 1 
1 0 0 0 1 0 0 0 1 0 
0 0 1 0 0 0 0 1 1 0 
0 1 0 0 0 0 1 1 0 0 
0 1 0 0 0 0 0 1 1 0 
0 0 1 1 0 1 0 0 0 0 
1 0 0 0 1 0 1 0 0 0 
0 0 0 0 0 1 1 1 0 0 
0 1 1 1 0 0 0 0 0 0 
Best Sequence: 
7 2 1 8 3 6 9 5 4 0 
0 0 0 1 1 1 0 0 0 0 
0 0 1 0 0 1 1 0 0 0 
0 0 0 0 0 0 1 1 1 0 
0 0 0 1 0 0 0 1 1 0 
1 0 0 0 0 0 0 1 1 0 
0 0 1 0 0 0 1 0 1 0 
0 0 0 0 0 0 1 0 1 1 
0 1 1 0 1 0 0 0 0 0 
1 1 1 0 0 0 0 0 0 0 
0 0 0 0 1 1 1 0 0 0 
0 1 0 1 1 0 0 0 0 0 
1 1 0 0 0 0 0 0 0 1 
0 0 0 0 1 0 1 1 0 0 
1 0 0 0 1 0 0 0 0 1 
0 0 1 0 0 0 1 0 1 0 
0 0 0 0 0 1 0 0 1 1 
1 1 1 0 0 0 0 0 0 0 
0 0 0 0 0 1 0 1 0 1 
0 1 0 1 0 0 0 1 0 0 
0 0 0 1 1 1 0 0 0 0 
0 0 0 0 0 0 1 1 0 1 
0 0 0 1 0 0 1 0 0 1 
0 0 0 1 0 0 0 0 1 1 
1 1 0 1 0 0 0 0 0 0 
1 0 1 0 0 1 0 0 0 0 
1 0 1 1 0 0 0 0 0 0 
0 1 0 0 1 0 0 1 0 0 
0 0 0 0 0 1 0 0 1 1 
1 0 0 0 0 1 0 1 0 0 
0 1 1 0 1 0 0 0 0 0 
OpenStacks: 20
Took 0.19 seconds

buffer: Warwick 1442: balanced orders and products, 3 products per order
numCustomers: 30
numProducts: 10
0 1 1 1 0 0 0 0 0 0 
1 0 0 0 0 0 1 0 1 0 
0 0 1 0 0 1 0 0 0 1 
0 1 0 0 0 0 1 0 1 0 
0 0 0 0 0 1 0 1 0 1 
0 1 0 0 0 1 0 0 0 1 
0 1 0 0 0 0 0 1 1 0 
0 0 0 1 0 1 1 0 0 0 
0 0 1 0 1 0 0 1 0 0 
0 0 0 1 1 0 0 1 0 0 
1 0 0 0 0 0 0 0 1 1 
0 0 0 0 0 0 1 0 1 1 
0 0 0 1 1 0 0 1 0 0 
1 0 0 1 0 0 1 0 0 0 
0 1 1 0 0 0 0 0 1 0 
1 0 0 0 1 0 0 0 0 1 
1 1 0 0 1 0 0 0 0 0 
0 0 0 1 1 0 0 1 0 0 
0 0 1 0 1 0 1 0 0 0 
0 0 1 1 0 0 0 1 0 0 
1 0 1 0 0 0 0 0 0 1 
0 1 0 0 0 0 1 0 0 1 
0 0 1 0 1 0 0 0 1 0 
0 1 0 0 0 1 1 0 0 0 
0 0 0 0 1 1 0 1 0 0 
1 0 0 0 0 0 0 0 1 1 
0 0 1 0 0 1 0 1 0 0 
1 0 0 0 0 1 0 0 1 0 
1 0 0 1 0 1 0 0 0 0 
0 1 0 1 0 0 1 0 0 0 
Best Sequence: 
7 4 3 2 5 1 6 9 8 0 
0 0 1 1 0 1 0 0 0 0 
0 0 0 0 0 0 1 0 1 1 
0 0 0 1 1 0 0 1 0 0 
0 0 0 0 0 1 1 0 1 0 
1 0 0 0 1 0 0 1 0 0 
0 0 0 0 1 1 0 1 0 0 
1 0 0 0 0 1 0 0 1 0 
0 0 1 0 1 0 1 0 0 0 
1 1 0 1 0 0 0 0 0 0 
1 1 1 0 0 0 0 0 0 0 
0 0 0 0 0 0 0 1 1 1 
0 0 0 0 0 0 1 1 1 0 
1 1 1 0 0 0 0 0 0 0 
0 0 1 0 0 0 1 0 0 1 
0 0 0 1 0 1 0 0 1 0 
0 1 0 0 0 0 0 1 0 1 
0 1 0 0 0 1 0 0 0 1 
1 1 1 0 0 0 0 0 0 0 
0 1 0 1 0 0 1 0 0 0 
1 0 1 1 0 0 0 0 0 0 
0 0 0 1 0 0 0 1 0 1 
0 0 0 0 0 1 1 1 0 0 
0 1 0 1 0 0 0 0 1 0 
0 0 0 0 1 1 1 0 0 0 
1 1 0 0 1 0 0 0 0 0 
0 0 0 0 0 0 0 1 1 1 
1 0 0 1 1 0 0 0 0 0 
0 0 0 0 1 0 0 0 1 1 
0 0 1 0 1 0 0 0 0 1 
0 0 1 0 0 1 1 0 0 0 
OpenStacks: 20
Took 0.19 seconds

buffer: Warwick 1443: balanced orders and products, 3 products per order
numCustomers: 30
numProducts: 10
0 0 0 0 0 0 1 1 0 1 
0 0 0 0 0 1 0 1 0 1 
0 0 0 1 0 0 1 1 0 0 
1 0 0 1 1 0 0 0 0 0 
1 1 0 0 0 1 0 0 0 0 
0 0 0 0 0 1 1 0 1 0 
0 0 1 0 1 0 0 1 0 0 
1 0 0 1 1 0 0 0 0 0 
0 0 0 1 0 0 1 0 0 1 
0 0 0 0 1 1 0 0 0 1 
1 1 0 0 0 0 0 1 0 0 
1 1 0 0 0 0 0 0 1 0 
0 0 0 0 1 0 1 0 1 0 
0 1 1 0 0 0 0 0 1 0 
1 1 0 0 1 0 0 0 0 0 
0 0 1 1 0 0 0 0 0 1 
0 1 1 0 0 0 0 0 1 0 
0 0 0 1 0 0 1 0 0 1 
0 1 1 0 0 0 0 0 1 0 
0 0 1 0 0 1 0 1 0 0 
1 0 0 0 1 0 1 0 0 0 
1 0 0 1 0 0 0 1 0 0 
0 0 0 0 0 1 1 0 1 0 
0 0 0 0 0 1 0 1 0 1 
0 0 1 1 0 0 0 0 0 1 
1 1 0 0 0 0 0 0 1 0 
0 0 0 1 1 1 0 0 0 0 
0 0 1 0 0 0 1 1 0 0 
0 1 1 0 1 0 0 0 0 0 
0 0 0 0 0 1 0 0 1 1 
Best Sequence: 
9 7 5 6 3 4 2 8 1 0 
1 1 0 1 0 0 0 0 0 0 
1 1 1 0 0 0 0 0 0 0 
0 1 0 1 1 0 0 0 0 0 
0 0 0 0 1 1 0 0 0 1 
0 0 1 0 0 0 0 0 1 1 
0 0 1 1 0 0 0 1 0 0 
0 1 0 0 0 1 1 0 0 0 
0 0 0 0 1 1 0 0 0 1 
1 0 0 1 1 0 0 0 0 0 
1 0 1 0 0 1 0 0 0 0 
0 1 0 0 0 0 0 0 1 1 
0 0 0 0 0 0 0 1 1 1 
0 0 0 1 0 1 0 1 0 0 
0 0 0 0 0 0 1 1 1 0 
0 0 0 0 0 1 0 0 1 1 
1 0 0 0 1 0 1 0 0 0 
0 0 0 0 0 0 1 1 1 0 
1 0 0 1 1 0 0 0 0 0 
0 0 0 0 0 0 1 1 1 0 
0 1 1 0 0 0 1 0 0 0 
0 0 0 1 0 1 0 0 0 1 
0 1 0 0 1 0 0 0 0 1 
0 0 1 1 0 0 0 1 0 0 
1 1 1 0 0 0 0 0 0 0 
1 0 0 0 1 0 1 0 0 0 
0 0 0 0 0 0 0 1 1 1 
0 0 1 0 1 1 0 0 0 0 
0 1 0 1 0 0 1 0 0 0 
0 0 0 0 0 1 1 0 1 0 
1 0 1 0 0 0 0 1 0 0 
OpenStacks: 20
Took 0.19 seconds

buffer: Warwick 1444: balanced orders and products, 3 products per order
numCustomers: 30
numProducts: 10
0 0 1 0 0 1 0 0 0 1 
0 1 1 0 0 0 0 0 1 0 
0 0 1 0 0 1 0 0 0 1 
0 0 0 0 1 0 1 1 0 0 
0 1 1 0 0 0 0 1 0 0 
0 0 1 1 0 0 0 1 0 0 
1 0 0 0 0 0 0 1 1 0 
0 0 0 0 1 0 0 0 1 1 
0 1 0 0 0 0 0 1 1 0 
0 1 1 0 1 0 0 0 0 0 
0 0 1 0 0 1 0 0 1 0 
0 0 0 0 0 1 1 0 1 0 
0 0 0 0 1 0 0 1 0 1 
1 0 0 0 1 0 1 0 0 0 
1 0 0 0 0 0 1 0 0 1 
0 1 0 1 0 0 0 0 0 1 
1 1 0 1 0 0 0 0 0 0 
0 0 0 0 1 1 1 0 0 0 
0 0 0 1 1 1 0 0 0 0 
0 0 0 0 1 1 1 0 0 0 
0 1 0 0 0 0 1 1 0 0 
0 0 0 1 0 1 0 0 1 0 
1 0 0 1 0 0 0 0 1 0 
0 1 0 1 0 0 0 0 0 1 
1 0 1 0 0 0 0 1 0 0 
0 1 0 1 0 0 0 0 0 1 
1 0 0 0 0 0 1 1 0 0 
1 0 0 0 0 0 0 0 1 1 
1 0 1 1 0 0 0 0 0 0 
0 0 0 0 1 1 1 0 0 0 
Best Sequence: 
6 5 4 8 7 2 0 9 3 1 
0 1 0 0 0 1 0 1 0 0 
0 0 0 1 0 1 0 0 0 1 
0 1 0 0 0 1 0 1 0 0 
1 0 1 0 1 0 0 0 0 0 
0 0 0 0 1 1 0 0 0 1 
0 0 0 0 1 1 0 0 1 0 
0 0 0 1 1 0 1 0 0 0 
0 0 1 1 0 0 0 1 0 0 
0 0 0 1 1 0 0 0 0 1 
0 0 1 0 0 1 0 0 0 1 
0 1 0 1 0 1 0 0 0 0 
1 1 0 1 0 0 0 0 0 0 
0 0 1 0 1 0 0 1 0 0 
1 0 1 0 0 0 1 0 0 0 
1 0 0 0 0 0 1 1 0 0 
0 0 0 0 0 0 0 1 1 1 
0 0 0 0 0 0 1 0 1 1 
1 1 1 0 0 0 0 0 0 0 
0 1 1 0 0 0 0 0 1 0 
1 1 1 0 0 0 0 0 0 0 
1 0 0 0 1 0 0 0 0 1 
0 1 0 1 0 0 0 0 1 0 
0 0 0 1 0 0 1 0 1 0 
0 0 0 0 0 0 0 1 1 1 
0 0 0 0 1 1 1 0 0 0 
0 0 0 0 0 0 0 1 1 1 
1 0 0 0 1 0 1 0 0 0 
0 0 0 1 0 0 1 1 0 0 
0 0 0 0 0 1 1 0 1 0 
1 1 1 0 0 0 0 0 0 0 
OpenStacks: 21
Took 0.19 seconds

buffer: Warwick 1445: balanced orders and products, 3 products per order
numCustomers: 30
numProducts: 10
0 0 1 1 0 0 0 0 0 1 
1 0 1 0 0 0 0 0 1 0 
0 1 0 0 1 0 0 1 0 0 
0 1 0 0 0 1 1 0 0 0 
0 1 1 0 1 0 0 0 0 0 
0 0 0 0 1 1 0 0 0 1 
0 1 0 0 0 1 1 0 0 0 
1 1 0 0 0 0 1 0 0 0 
0 1 0 0 0 0 0 0 1 1 
0 0 1 0 1 1 0 0 0 0 
0 1 0 0 0 0 0 1 1 0 
1 0 0 0 0 0 1 1 0 0 
0 0 1 1 0 0 0 1 0 0 
1 1 0 1 0 0 0 0 0 0 
0 0 1 0 1 1 0 0 0 0 
0 0 0 0 0 0 1 1 1 0 
0 0 0 1 0 0 0 1 0 1 
0 0 1 0 1 0 0 1 0 0 
1 1 0 0 0 0 0 0 0 1 
0 0 0 1 1 1 0 0 0 0 
0 0 0 1 1 0 0 0 1 0 
1 0 0 1 0 0 1 0 0 0 
0 0 0 0 0 0 1 0 1 1 
1 0 1 0 0 1 0 0 0 0 
0 0 0 0 0 1 0 0 1 1 
0 0 0 0 1 0 1 1 0 0 
0 0 1 1 0 0 0 0 0 1 
0 0 0 0 0 0 0 1 1 1 
1 0 0 0 0 0 1 0 1 0 
1 0 0 1 0 1 0 0 0 0 
Best Sequence: 
5 4 2 9 3 8 7 6 1 0 
0 0 1 1 1 0 0 0 0 0 
0 0 1 0 0 1 0 0 0 1 
0 1 0 0 0 0 1 0 1 0 
1 0 0 0 0 0 0 1 1 0 
0 1 1 0 0 0 0 0 1 0 
1 1 0 1 0 0 0 0 0 0 
1 0 0 0 0 0 0 1 1 0 
0 0 0 0 0 0 0 1 1 1 
0 0 0 1 0 1 0 0 1 0 
1 1 1 0 0 0 0 0 0 0 
0 0 0 0 0 1 1 0 1 0 
0 0 0 0 0 0 1 1 0 1 
0 0 1 0 1 0 1 0 0 0 
0 0 0 0 1 0 0 0 1 1 
1 1 1 0 0 0 0 0 0 0 
0 0 0 0 0 1 1 1 0 0 
0 0 0 1 1 0 1 0 0 0 
0 1 1 0 0 0 1 0 0 0 
0 0 0 1 0 0 0 0 1 1 
1 1 0 0 1 0 0 0 0 0 
0 1 0 0 1 1 0 0 0 0 
0 0 0 0 1 0 0 1 0 1 
0 0 0 1 0 1 0 1 0 0 
1 0 1 0 0 0 0 0 0 1 
1 0 0 1 0 1 0 0 0 0 
0 1 0 0 0 0 1 1 0 0 
0 0 1 1 1 0 0 0 0 0 
0 0 0 1 0 1 1 0 0 0 
0 0 0 0 0 1 0 1 0 1 
1 0 0 0 1 0 0 0 0 1 
OpenStacks: 22
Took 0.19 seconds

buffer: Warwick 1446: balanced orders and products, 3 products per order
numCustomers: 30
numProducts: 10
0 0 0 0 0 1 1 0 0 1 
1 0 1 0 0 0 0 1 0 0 
0 0 0 1 0 0 1 0 0 1 
0 0 0 1 0 1 0 0 1 0 
0 1 0 0 1 0 1 0 0 0 
1 1 0 0 0 1 0 0 0 0 
0 0 0 1 0 0 0 1 0 1 
0 0 1 0 1 0 0 0 0 1 
0 1 0 1 0 1 0 0 0 0 
1 0 1 0 0 0 0 0 0 1 
1 0 0 0 1 0 1 0 0 0 
0 0 0 0 0 0 1 1 1 0 
1 0 1 0 0 0 0 1 0 0 
0 0 0 0 1 0 0 1 0 1 
0 0 0 1 0 1 1 0 0 0 
1 0 0 1 1 0 0 0 0 0 
1 0 0 0 0 1 0 0 0 1 
1 1 0 0 0 0 0 0 0 1 
0 0 1 1 0 1 0 0 0 0 
0 1 0 0 1 0 0 0 1 0 
0 0 0 0 0 1 0 1 1 0 
0 1 1 0 0 0 0 0 1 0 
0 0 1 0 0 0 0 1 1 0 
0 1 0 1 0 0 0 1 0 0 
0 0 0 0 1 0 1 0 1 0 
0 1 1 0 0 0 0 0 1 0 
0 0 1 0 1 0 0 1 0 0 
0 0 0 1 0 1 1 0 0 0 
1 0 0 0 1 0 0 0 0 1 
0 1 0 0 0 0 1 0 1 0 
Best Sequence: 
6 5 3 8 1 7 9 4 2 0 
1 1 0 0 0 0 1 0 0 0 
0 0 0 0 0 1 0 0 1 1 
1 0 1 0 0 0 1 0 0 0 
0 1 1 1 0 0 0 0 0 0 
1 0 0 0 1 0 0 1 0 0 
0 1 0 0 1 0 0 0 0 1 
0 0 1 0 0 1 1 0 0 0 
0 0 0 0 0 0 1 1 1 0 
0 1 1 0 1 0 0 0 0 0 
0 0 0 0 0 0 1 0 1 1 
1 0 0 0 0 0 0 1 0 1 
1 0 0 1 0 1 0 0 0 0 
0 0 0 0 0 1 0 0 1 1 
0 0 0 0 0 1 1 1 0 0 
1 1 1 0 0 0 0 0 0 0 
0 0 1 0 0 0 0 1 0 1 
0 1 0 0 0 0 1 0 0 1 
0 0 0 0 1 0 1 0 0 1 
0 1 1 0 0 0 0 0 1 0 
0 0 0 1 1 0 0 1 0 0 
0 1 0 1 0 1 0 0 0 0 
0 0 0 1 1 0 0 0 1 0 
0 0 0 1 0 1 0 0 1 0 
0 0 1 0 1 1 0 0 0 0 
1 0 0 1 0 0 0 1 0 0 
0 0 0 1 1 0 0 0 1 0 
0 0 0 0 0 1 0 1 1 0 
1 1 1 0 0 0 0 0 0 0 
0 0 0 0 0 0 1 1 0 1 
1 0 0 1 1 0 0 0 0 0 
OpenStacks: 22
Took 0.19 seconds

buffer: Warwick 1447: balanced orders and products, 3 products per order
numCustomers: 30
numProducts: 10
0 0 0 1 0 1 0 1 0 0 
0 1 1 0 0 0 0 0 1 0 
1 1 0 0 0 0 0 1 0 0 
0 1 0 1 0 1 0 0 0 0 
0 0 0 0 1 0 1 0 0 1 
1 0 0 0 1 1 0 0 0 0 
0 1 0 0 0 0 0 1 1 0 
0 0 1 0 0 0 1 0 0 1 
0 0 1 0 0 0 0 0 1 1 
0 1 0 0 0 0 1 0 1 0 
0 0 0 0 1 0 0 0 1 1 
0 0 0 1 0 0 0 1 1 0 
0 0 0 1 1 0 0 0 1 0 
1 0 1 0 0 1 0 0 0 0 
1 1 0 0 0 0 0 1 0 0 
0 0 0 1 0 0 1 0 0 1 
0 0 0 1 1 1 0 0 0 0 
1 0 0 0 1 0 0 1 0 0 
1 0 0 0 1 0 0 0 0 1 
0 1 1 0 0 0 0 1 0 0 
0 1 0 0 1 0 0 1 0 0 
0 0 1 1 0 0 0 0 0 1 
1 0 0 0 0 1 0 0 0 1 
1 0 0 0 1 1 0 0 0 0 
0 1 1 0 0 0 1 0 0 0 
0 0 1 1 0 0 0 0 0 1 
0 0 0 0 0 1 1 0 1 0 
1 0 0 0 0 1 1 0 0 0 
0 0 0 0 0 0 1 1 1 0 
0 0 1 1 0 0 1 0 0 0 
Best Sequence: 
9 3 2 8 6 5 4 7 1 0 
0 1 0 0 0 1 0 1 0 0 
0 0 1 1 0 0 0 0 1 0 
0 0 0 0 0 0 0 1 1 1 
0 1 0 0 0 1 0 0 1 0 
1 0 0 0 1 0 1 0 0 0 
0 0 0 0 0 1 1 0 0 1 
0 0 0 1 0 0 0 1 1 0 
1 0 1 0 1 0 0 0 0 0 
1 0 1 1 0 0 0 0 0 0 
0 0 0 1 1 0 0 0 1 0 
1 0 0 1 0 0 1 0 0 0 
0 1 0 1 0 0 0 1 0 0 
0 1 0 1 0 0 1 0 0 0 
0 0 1 0 0 1 0 0 0 1 
0 0 0 0 0 0 0 1 1 1 
1 1 0 0 1 0 0 0 0 0 
0 1 0 0 0 1 1 0 0 0 
0 0 0 0 0 0 1 1 0 1 
1 0 0 0 0 0 1 0 0 1 
0 0 1 0 0 0 0 1 1 0 
0 0 0 0 0 0 1 1 1 0 
1 1 1 0 0 0 0 0 0 0 
1 0 0 0 0 1 0 0 0 1 
0 0 0 0 0 1 1 0 0 1 
0 0 1 0 1 0 0 0 1 0 
1 1 1 0 0 0 0 0 0 0 
0 0 0 1 1 1 0 0 0 0 
0 0 0 0 1 1 0 0 0 1 
0 0 0 1 1 0 0 1 0 0 
0 1 1 0 1 0 0 0 0 0 
OpenStacks: 21
Took 0.19 seconds

buffer: Warwick 1448: balanced orders and products, 3 products per order
numCustomers: 30
numProducts: 10
0 0 0 1 0 0 0 0 1 1 
1 0 0 0 0 0 0 1 1 0 
1 0 0 1 1 0 0 0 0 0 
0 1 0 0 0 0 1 1 0 0 
0 1 1 0 0 1 0 0 0 0 
1 1 0 0 0 0 0 1 0 0 
0 0 1 1 0 0 0 0 0 1 
0 0 0 1 1 0 1 0 0 0 
1 0 0 1 0 0 0 0 1 0 
0 1 0 0 0 1 1 0 0 0 
1 1 0 0 0 0 1 0 0 0 
1 0 0 0 0 0 1 0 0 1 
0 1 0 0 0 1 0 1 0 0 
0 0 0 1 0 0 0 1 0 1 
0 0 1 0 0 1 0 0 1 0 
1 0 0 0 1 1 0 0 0 0 
0 0 0 1 0 1 0 0 1 0 
0 0 0 0 1 0 0 0 1 1 
0 0 0 0 1 0 0 0 1 1 
1 0 0 0 0 0 1 1 0 0 
0 0 1 1 0 0 1 0 0 0 
0 0 0 0 0 1 1 1 0 0 
0 1 1 0 0 1 0 0 0 0 
0 0 1 0 1 0 0 0 1 0 
0 0 1 0 0 0 0 1 0 1 
0 1 1 1 0 0 0 0 0 0 
0 0 1 0 1 0 0 0 0 1 
0 1 0 0 0 1 0 0 0 1 
1 0 0 0 1 0 0 0 1 0 
0 0 0 0 1 0 1 1 0 0 
Best Sequence: 
9 8 4 3 2 0 7 6 5 1 
1 1 0 1 0 0 0 0 0 0 
0 1 0 0 0 1 1 0 0 0 
0 0 1 1 0 1 0 0 0 0 
0 0 0 0 0 0 1 1 0 1 
0 0 0 0 1 0 0 0 1 1 
0 0 0 0 0 1 1 0 0 1 
1 0 0 1 1 0 0 0 0 0 
0 0 1 1 0 0 0 1 0 0 
0 1 0 1 0 1 0 0 0 0 
0 0 0 0 0 0 0 1 1 1 
0 0 0 0 0 1 0 1 0 1 
1 0 0 0 0 1 0 1 0 0 
0 0 0 0 0 0 1 0 1 1 
1 0 0 1 0 0 1 0 0 0 
0 1 0 0 1 0 0 0 1 0 
0 0 1 0 0 1 0 0 1 0 
0 1 0 1 0 0 0 0 1 0 
1 1 1 0 0 0 0 0 0 0 
1 1 1 0 0 0 0 0 0 0 
0 0 0 0 0 1 1 1 0 0 
0 0 0 1 1 0 0 1 0 0 
0 0 0 0 0 0 1 1 1 0 
0 0 0 0 1 0 0 0 1 1 
0 1 1 0 1 0 0 0 0 0 
1 0 0 0 1 0 1 0 0 0 
0 0 0 1 1 0 0 0 0 1 
1 0 1 0 1 0 0 0 0 0 
1 0 0 0 0 0 0 0 1 1 
0 1 1 0 0 1 0 0 0 0 
0 0 1 0 0 0 1 1 0 0 
OpenStacks: 20
Took 0.19 seconds

buffer: Warwick 1449: balanced orders and products, 3 products per order
numCustomers: 30
numProducts: 10
1 0 0 0 1 0 0 0 0 1 
0 1 0 0 0 1 0 1 0 0 
0 0 0 1 1 0 1 0 0 0 
0 0 0 0 0 1 0 1 1 0 
0 0 0 1 1 0 1 0 0 0 
0 1 1 0 0 0 1 0 0 0 
1 1 0 0 0 0 0 1 0 0 
0 1 0 0 0 0 1 0 1 0 
0 1 0 0 1 1 0 0 0 0 
1 0 1 1 0 0 0 0 0 0 
1 0 0 0 0 0 0 0 1 1 
0 0 0 0 0 0 0 1 1 1 
0 0 0 1 1 0 1 0 0 0 
0 0 0 0 0 1 1 0 0 1 
1 0 1 1 0 0 0 0 0 0 
0 1 0 0 1 0 0 0 0 1 
0 0 0 1 0 1 0 0 1 0 
0 0 0 1 0 0 1 0 0 1 
0 1 1 0 1 0 0 0 0 0 
0 0 1 0 0 0 0 1 0 1 
0 0 0 0 0 0 1 1 1 0 
0 0 1 0 1 1 0 0 0 0 
1 0 0 0 1 0 0 0 1 0 
1 0 0 1 0 1 0 0 0 0 
1 0 1 0 0 1 0 0 0 0 
0 1 0 0 0 0 0 0 1 1 
0 1 1 0 0 0 0 1 0 0 
0 0 1 0 0 0 0 1 1 0 
0 0 0 1 0 0 0 1 0 1 
1 0 0 0 0 1 1 0 0 0 
Best Sequence: 
6 4 3 9 5 8 2 7 1 0 
0 1 0 1 0 0 0 0 0 1 
0 0 0 0 1 0 0 1 1 0 
1 1 1 0 0 0 0 0 0 0 
0 0 0 0 1 1 0 1 0 0 
1 1 1 0 0 0 0 0 0 0 
1 0 0 0 0 0 1 0 1 0 
0 0 0 0 0 0 0 1 1 1 
1 0 0 0 0 1 0 0 1 0 
0 1 0 0 1 0 0 0 1 0 
0 0 1 0 0 0 1 0 0 1 
0 0 0 1 0 1 0 0 0 1 
0 0 0 1 0 1 0 1 0 0 
1 1 1 0 0 0 0 0 0 0 
1 0 0 1 1 0 0 0 0 0 
0 0 1 0 0 0 1 0 0 1 
0 1 0 1 0 0 0 0 1 0 
0 0 1 0 1 1 0 0 0 0 
1 0 1 1 0 0 0 0 0 0 
0 1 0 0 0 0 1 0 1 0 
0 0 0 1 0 0 1 1 0 0 
1 0 0 0 0 1 0 1 0 0 
0 1 0 0 1 0 1 0 0 0 
0 1 0 0 0 1 0 0 0 1 
0 0 1 0 1 0 0 0 0 1 
0 0 0 0 1 0 1 0 0 1 
0 0 0 1 0 1 0 0 1 0 
0 0 0 0 0 0 1 1 1 0 
0 0 0 0 0 1 1 1 0 0 
0 0 1 1 0 0 0 1 0 0 
1 0 0 0 1 0 0 0 0 1 
OpenStacks: 23
Took 0.19 seconds

buffer: Warwick 1450: balanced orders and products, 3 products per order
numCustomers: 30
numProducts: 10
0 0 0 1 0 0 1 1 0 0 
0 0 0 0 1 0 0 1 0 1 
1 0 0 0 0 0 0 1 0 1 
0 0 1 0 1 0 1 0 0 0 
0 0 0 0 1 0 0 0 1 1 
0 1 1 0 1 0 0 0 0 0 
1 0 1 0 0 0 0 1 0 0 
0 1 1 0 0 0 0 1 0 0 
1 0 0 1 0 0 0 0 1 0 
1 0 0 0 0 1 0 1 0 0 
0 1 0 0 1 1 0 0 0 0 
0 0 1 1 0 0 0 0 1 0 
0 0 0 0 0 0 0 1 1 1 
1 0 0 1 0 0 0 0 1 0 
0 1 0 0 0 1 1 0 0 0 
1 0 0 0 0 0 0 0 1 1 
1 0 0 1 0 0 0 1 0 0 
0 0 0 1 1 0 0 0 0 1 
0 0 0 0 0 0 0 1 1 1 
0 0 0 1 0 1 0 0 1 0 
0 1 0 0 1 0 1 0 0 0 
0 0 0 1 0 0 1 0 0 1 
0 1 1 0 0 1 0 0 0 0 
0 1 0 0 1 0 1 0 0 0 
0 0 1 0 1 1 0 0 0 0 
1 0 1 0 0 0 0 0 0 1 
0 1 0 0 0 0 1 0 1 0 
1 1 0 0 0 1 0 0 0 0 
0 0 1 0 0 1 1 0 0 0 
0 0 0 1 0 1 1 0 0 0 
Best Sequence: 
6 4 1 5 2 8 9 7 3 0 
1 0 0 0 0 0 0 1 1 0 
0 1 0 0 0 0 1 1 0 0 
0 0 0 0 0 0 1 1 0 1 
1 1 0 0 1 0 0 0 0 0 
0 1 0 0 0 1 1 0 0 0 
0 1 1 0 1 0 0 0 0 0 
0 0 0 0 1 0 0 1 0 1 
0 0 1 0 1 0 0 1 0 0 
0 0 0 0 0 1 0 0 1 1 
0 0 0 1 0 0 0 1 0 1 
0 1 1 1 0 0 0 0 0 0 
0 0 0 0 1 1 0 0 1 0 
0 0 0 0 0 1 1 1 0 0 
0 0 0 0 0 1 0 0 1 1 
1 0 1 1 0 0 0 0 0 0 
0 0 0 0 0 1 1 0 0 1 
0 0 0 0 0 0 0 1 1 1 
0 1 0 0 0 0 1 0 1 0 
0 0 0 0 0 1 1 1 0 0 
0 0 0 1 0 1 0 0 1 0 
1 1 1 0 0 0 0 0 0 0 
1 0 0 0 0 0 1 0 1 0 
0 0 1 1 1 0 0 0 0 0 
1 1 1 0 0 0 0 0 0 0 
0 1 0 1 1 0 0 0 0 0 
0 0 0 0 1 0 1 0 0 1 
1 0 1 0 0 1 0 0 0 0 
0 0 1 1 0 0 0 0 0 1 
1 0 0 1 1 0 0 0 0 0 
1 0 0 1 0 0 0 0 1 0 
OpenStacks: 19
Took 0.19 seconds

buffer: Warwick 1451: balanced orders and products, 4 products per order
numCustomers: 30
numProducts: 10
0 0 0 0 0 1 1 0 1 1 
0 1 0 0 1 1 0 1 0 0 
0 0 0 0 0 1 1 0 1 1 
1 1 0 1 0 1 0 0 0 0 
0 1 1 0 0 0 1 0 1 0 
1 0 1 1 0 0 0 1 0 0 
1 1 0 0 1 0 0 0 1 0 
0 1 0 1 1 0 0 0 0 1 
0 1 1 0 1 0 1 0 0 0 
0 0 1 1 1 0 0 1 0 0 
0 0 0 0 0 0 1 1 1 1 
0 1 0 0 1 1 0 0 1 0 
1 0 1 0 0 1 0 1 0 0 
1 0 0 0 0 0 0 1 1 1 
1 1 0 0 0 1 1 0 0 0 
1 0 1 0 0 0 1 0 1 0 
1 0 0 0 0 1 1 0 0 1 
1 0 0 1 1 0 0 0 0 1 
1 1 1 0 0 0 0 0 0 1 
0 0 1 0 1 0 0 1 1 0 
0 1 0 1 0 0 0 1 1 0 
1 0 0 1 0 1 1 0 0 0 
1 0 1 1 1 0 0 0 0 0 
0 0 1 1 1 0 0 0 0 1 
0 0 1 0 1 1 0 1 0 0 
0 0 0 1 0 1 1 0 0 1 
0 0 1 0 0 1 0 1 1 0 
0 1 0 1 0 0 0 1 0 1 
0 1 0 0 1 0 1 0 0 1 
0 0 0 1 0 0 1 1 1 0 
Best Sequence: 
9 8 6 5 7 4 3 2 1 0 
1 1 1 1 0 0 0 0 0 0 
0 0 0 1 1 1 0 0 1 0 
1 1 1 1 0 0 0 0 0 0 
0 0 0 1 0 0 1 0 1 1 
0 1 1 0 0 0 0 1 1 0 
0 0 0 0 1 0 1 1 0 1 
0 1 0 0 0 1 0 0 1 1 
1 0 0 0 0 1 1 0 1 0 
0 0 1 0 0 1 0 1 1 0 
0 0 0 0 1 1 1 1 0 0 
1 1 1 0 1 0 0 0 0 0 
0 1 0 1 0 1 0 0 1 0 
0 0 0 1 1 0 0 1 0 1 
1 1 0 0 1 0 0 0 0 1 
0 0 1 1 0 0 0 0 1 1 
0 1 1 0 0 0 0 1 0 1 
1 0 1 1 0 0 0 0 0 1 
1 0 0 0 0 1 1 0 0 1 
1 0 0 0 0 0 0 1 1 1 
0 1 0 0 1 1 0 1 0 0 
0 1 0 0 1 0 1 0 1 0 
0 0 1 1 0 0 1 0 0 1 
0 0 0 0 0 1 1 1 0 1 
1 0 0 0 0 1 1 1 0 0 
0 0 0 1 1 1 0 1 0 0 
1 0 1 1 0 0 1 0 0 0 
0 1 0 1 1 0 0 1 0 0 
1 0 0 0 1 0 1 0 1 0 
1 0 1 0 0 1 0 0 1 0 
0 1 1 0 1 0 1 0 0 0 
OpenStacks: 27
Took 0.19 seconds

buffer: Warwick 1452: balanced orders and products, 4 products per order
numCustomers: 30
numProducts: 10
1 0 0 1 0 1 0 1 0 0 
0 1 0 0 0 1 1 0 1 0 
0 0 1 1 0 1 1 0 0 0 
1 1 0 1 0 1 0 0 0 0 
0 1 1 0 0 1 0 0 0 1 
0 0 1 0 0 0 1 1 0 1 
0 1 0 1 1 0 0 1 0 0 
1 0 1 0 1 1 0 0 0 0 
0 0 1 0 1 1 1 0 0 0 
1 1 0 0 0 0 0 1 1 0 
1 0 1 1 0 0 0 0 0 1 
0 1 0 0 1 0 0 0 1 1 
0 0 0 0 0 1 1 1 1 0 
0 0 0 0 1 1 0 0 1 1 
1 0 1 0 1 0 0 1 0 0 
1 0 0 1 0 0 1 0 0 1 
0 0 0 1 0 1 0 0 1 1 
1 0 0 0 1 1 0 1 0 0 
1 1 0 0 0 0 1 1 0 0 
1 0 0 1 1 0 1 0 0 0 
0 0 1 1 0 0 1 0 1 0 
0 1 1 0 0 0 0 1 1 0 
0 0 0 1 1 0 1 0 0 1 
0 1 0 0 0 1 1 0 0 1 
0 0 1 1 1 0 0 0 0 1 
1 1 0 0 0 0 0 1 1 0 
1 0 0 0 1 0 0 1 1 0 
0 1 1 0 0 0 0 1 0 1 
0 0 1 0 0 0 1 0 1 1 
0 1 0 1 1 0 0 0 1 0 
Best Sequence: 
9 6 5 4 3 2 8 7 1 0 
0 0 1 0 1 0 0 1 0 1 
0 1 1 0 0 0 1 0 1 0 
0 1 1 0 1 1 0 0 0 0 
0 0 1 0 1 0 0 0 1 1 
1 0 1 0 0 1 0 0 1 0 
1 1 0 0 0 1 0 1 0 0 
0 0 0 1 1 0 0 1 1 0 
0 0 1 1 0 1 0 0 0 1 
0 1 1 1 0 1 0 0 0 0 
0 0 0 0 0 0 1 1 1 1 
1 0 0 0 1 1 0 0 0 1 
1 0 0 1 0 0 1 0 1 0 
0 1 1 0 0 0 1 1 0 0 
1 0 1 1 0 0 1 0 0 0 
0 0 0 1 0 1 0 1 0 1 
1 1 0 0 1 0 0 0 0 1 
1 0 1 0 1 0 1 0 0 0 
0 0 1 1 0 0 0 1 0 1 
0 1 0 0 0 0 0 1 1 1 
0 1 0 1 1 0 0 0 0 1 
0 1 0 0 1 1 1 0 0 0 
0 0 0 0 0 1 1 1 1 0 
1 1 0 1 1 0 0 0 0 0 
1 1 1 0 0 0 0 0 1 0 
1 0 0 1 1 1 0 0 0 0 
0 0 0 0 0 0 1 1 1 1 
0 0 0 1 0 0 1 1 0 1 
1 0 0 0 0 1 0 1 1 0 
1 1 0 0 0 1 1 0 0 0 
0 0 0 1 1 0 1 0 1 0 
OpenStacks: 27
Took 0.2 seconds

buffer: Warwick 1453: balanced orders and products, 4 products per order
numCustomers: 30
numProducts: 10
0 1 0 0 1 0 0 1 0 1 
0 0 1 1 1 0 1 0 0 0 
0 1 1 1 0 1 0 0 0 0 
0 0 0 0 0 1 1 1 0 1 
0 0 0 1 0 1 0 0 1 1 
0 0 0 1 0 0 1 0 1 1 
0 1 0 0 1 0 1 0 0 1 
0 1 0 1 0 1 0 1 0 0 
1 0 0 0 0 1 0 1 1 0 
1 1 0 1 0 1 0 0 0 0 
0 0 1 0 0 0 1 1 0 1 
0 0 0 1 1 0 0 1 0 1 
1 0 1 1 0 0 1 0 0 0 
1 0 0 0 1 1 0 0 1 0 
0 1 1 0 1 1 0 0 0 0 
1 1 0 0 1 0 0 1 0 0 
0 0 1 0 0 1 0 1 1 0 
1 0 1 1 0 0 1 0 0 0 
0 1 1 0 0 0 1 1 0 0 
1 0 0 0 0 0 1 0 1 1 
0 1 0 1 0 0 1 0 1 0 
0 0 1 1 1 0 0 0 0 1 
1 1 0 0 0 1 0 0 1 0 
0 0 0 0 1 1 0 0 1 1 
1 0 1 0 0 0 1 1 0 0 
0 0 0 0 1 1 1 0 1 0 
1 1 0 0 1 0 0 0 1 0 
1 1 0 1 1 0 0 0 0 0 
0 0 1 0 0 0 0 1 1 1 
1 0 1 0 0 0 0 1 0 1 
Best Sequence: 
9 7 6 2 8 5 4 3 1 0 
1 1 0 0 0 0 1 0 1 0 
0 0 1 1 0 0 1 1 0 0 
0 0 0 1 0 1 0 1 1 0 
1 1 1 0 0 1 0 0 0 0 
1 0 0 0 1 1 0 1 0 0 
1 0 1 0 1 0 0 1 0 0 
1 0 1 0 0 0 1 0 1 0 
0 1 0 0 0 1 0 1 1 0 
0 1 0 0 1 1 0 0 0 1 
0 0 0 0 0 1 0 1 1 1 
1 1 1 1 0 0 0 0 0 0 
1 1 0 0 0 0 1 1 0 0 
0 0 1 1 0 0 0 1 0 1 
0 0 0 0 1 1 1 0 0 1 
0 0 0 1 0 1 1 0 1 0 
0 1 0 0 0 0 1 0 1 1 
0 1 0 1 1 1 0 0 0 0 
0 0 1 1 0 0 0 1 0 1 
0 1 1 1 0 0 0 0 1 0 
1 0 1 0 1 0 0 0 0 1 
0 0 1 0 1 0 0 1 1 0 
1 0 0 1 0 0 1 1 0 0 
0 0 0 0 1 1 0 0 1 1 
1 0 0 0 1 1 1 0 0 0 
0 1 1 1 0 0 0 0 0 1 
0 0 1 0 1 1 1 0 0 0 
0 0 0 0 1 0 1 0 1 1 
0 0 0 0 0 0 1 1 1 1 
1 1 0 1 1 0 0 0 0 0 
1 1 0 1 0 0 0 0 0 1 
OpenStacks: 27
Took 0.19 seconds

buffer: Warwick 1454: balanced orders and products, 4 products per order
numCustomers: 30
numProducts: 10
0 0 0 0 0 1 1 0 1 1 
0 0 1 1 0 0 1 0 1 0 
1 0 0 1 1 0 0 0 0 1 
0 1 0 1 0 1 0 1 0 0 
0 0 0 0 1 1 0 1 1 0 
0 1 1 0 0 0 0 1 1 0 
0 0 1 0 1 0 0 0 1 1 
0 0 1 1 1 0 1 0 0 0 
1 1 0 0 1 0 0 1 0 0 
0 0 1 0 0 0 0 1 1 1 
0 1 1 1 0 0 0 1 0 0 
1 1 1 0 0 0 1 0 0 0 
0 1 0 0 0 1 0 0 1 1 
0 1 0 0 1 1 0 0 0 1 
1 1 0 0 0 1 1 0 0 0 
0 0 0 1 1 0 1 0 1 0 
1 0 1 1 1 0 0 0 0 0 
0 1 0 0 0 1 1 0 0 1 
0 0 1 0 0 1 0 0 1 1 
1 0 0 1 0 0 1 0 0 1 
0 0 0 1 0 0 1 1 0 1 
0 0 0 0 1 1 0 1 1 0 
0 1 0 0 1 0 1 1 0 0 
0 0 1 1 1 0 0 1 0 0 
1 1 1 0 0 0 0 0 0 1 
1 0 0 0 0 1 1 1 0 0 
1 1 1 1 0 0 0 0 0 0 
1 0 0 0 0 1 0 0 1 1 
1 0 0 0 0 1 1 0 1 0 
1 0 0 1 1 0 0 1 0 0 
Best Sequence: 
9 8 6 5 1 2 7 4 3 0 
1 1 1 1 0 0 0 0 0 0 
0 1 1 0 0 1 0 0 1 0 
1 0 0 0 0 0 0 1 1 1 
0 0 0 1 1 0 1 0 1 0 
0 1 0 1 0 0 1 1 0 0 
0 1 0 0 1 1 1 0 0 0 
1 1 0 0 0 1 0 1 0 0 
0 0 1 0 0 1 0 1 1 0 
0 0 0 0 1 0 1 1 0 1 
1 1 0 0 0 1 1 0 0 0 
0 0 0 0 1 1 1 0 1 0 
0 0 1 0 1 1 0 0 0 1 
1 1 0 1 1 0 0 0 0 0 
1 0 0 1 1 0 0 1 0 0 
0 0 1 1 1 0 0 0 0 1 
0 1 1 0 0 0 0 1 1 0 
0 0 0 0 0 1 0 1 1 1 
1 0 1 1 1 0 0 0 0 0 
1 1 0 1 0 1 0 0 0 0 
1 0 1 0 0 0 0 0 1 1 
1 0 1 0 0 0 1 0 1 0 
0 1 0 1 0 0 1 1 0 0 
0 0 1 0 1 0 1 1 0 0 
0 0 0 0 0 1 1 1 1 0 
1 0 0 0 1 1 0 0 0 1 
0 0 1 1 0 0 1 0 0 1 
0 0 0 0 1 1 0 0 1 1 
1 1 0 1 0 0 0 0 0 1 
0 1 1 1 0 0 0 0 0 1 
0 0 0 0 0 0 1 1 1 1 
OpenStacks: 26
Took 0.2 seconds

buffer: Warwick 1455: balanced orders and products, 4 products per order
numCustomers: 30
numProducts: 10
0 1 1 0 0 0 0 0 1 1 
1 0 0 0 1 1 0 1 0 0 
0 1 1 0 0 0 0 1 0 1 
1 0 0 0 1 1 1 0 0 0 
0 0 1 1 0 1 1 0 0 0 
0 1 0 1 0 1 1 0 0 0 
1 0 0 1 0 0 1 1 0 0 
1 1 0 0 1 0 0 0 1 0 
0 0 0 0 1 1 1 1 0 0 
0 0 1 0 1 0 0 1 1 0 
0 1 1 0 0 1 0 1 0 0 
0 1 0 1 1 0 0 0 1 0 
0 0 0 1 1 0 0 0 1 1 
0 1 0 0 1 1 0 0 1 0 
1 0 1 1 0 0 0 1 0 0 
1 0 1 0 0 1 0 0 0 1 
0 0 0 0 1 0 1 0 1 1 
1 0 1 0 0 0 0 0 1 1 
1 0 0 0 0 1 0 1 0 1 
0 0 0 1 0 0 1 1 0 1 
0 0 1 0 0 0 1 0 1 1 
0 0 1 0 0 0 1 1 1 0 
1 1 0 0 0 0 0 0 1 1 
0 1 0 1 0 1 0 0 1 0 
1 1 1 0 0 0 1 0 0 0 
0 0 0 1 1 1 0 1 0 0 
0 1 1 1 0 0 1 0 0 0 
1 1 0 0 0 1 1 0 0 0 
1 0 0 1 1 0 0 0 0 1 
0 0 0 1 1 0 0 1 0 1 
Best Sequence: 
9 8 4 3 7 5 6 2 1 0 
1 1 0 0 0 0 0 1 1 0 
0 0 1 0 1 1 0 0 0 1 
1 0 0 0 1 0 0 1 1 0 
0 0 1 0 0 1 1 0 0 1 
0 0 0 1 0 1 1 1 0 0 
0 0 0 1 0 1 1 0 1 0 
0 0 0 1 1 0 1 0 0 1 
0 1 1 0 0 0 0 0 1 1 
0 0 1 0 1 1 1 0 0 0 
0 1 1 0 1 0 0 1 0 0 
0 0 0 0 1 1 0 1 1 0 
0 1 1 1 0 0 0 0 1 0 
1 1 1 1 0 0 0 0 0 0 
0 1 1 0 0 1 0 0 1 0 
0 0 0 1 1 0 0 1 0 1 
1 0 0 0 0 1 0 1 0 1 
1 1 1 0 0 0 1 0 0 0 
1 1 0 0 0 0 0 1 0 1 
1 0 0 0 1 1 0 0 0 1 
1 0 0 1 1 0 1 0 0 0 
1 1 0 0 0 0 1 1 0 0 
0 1 0 0 1 0 1 1 0 0 
1 1 0 0 0 0 0 0 1 1 
0 1 0 1 0 1 0 0 1 0 
0 0 0 0 0 0 1 1 1 1 
0 0 1 1 1 1 0 0 0 0 
0 0 0 1 0 0 1 1 1 0 
0 0 0 0 0 1 1 0 1 1 
1 0 1 1 0 0 0 0 0 1 
1 0 1 1 1 0 0 0 0 0 
OpenStacks: 27
Took 0.2 seconds

buffer: Warwick 1456: balanced orders and products, 4 products per order
numCustomers: 30
numProducts: 10
1 0 0 0 1 0 1 0 0 1 
0 0 0 1 0 0 1 1 0 1 
1 0 1 0 0 0 0 1 0 1 
0 1 1 0 1 0 0 0 1 0 
1 0 0 0 1 0 1 0 1 0 
0 1 0 0 1 0 1 0 1 0 
1 0 0 0 1 0 1 0 0 1 
0 1 0 1 0 1 0 1 0 0 
1 0 0 1 0 1 1 0 0 0 
0 0 0 1 0 0 1 1 1 0 
1 1 0 0 0 1 0 0 0 1 
0 1 0 0 0 1 0 0 1 1 
0 1 1 0 0 0 1 0 0 1 
0 1 1 0 0 1 0 1 0 0 
1 1 0 0 1 0 0 1 0 0 
1 0 0 0 1 1 0 1 0 0 
0 0 0 1 0 0 1 1 0 1 
0 0 1 0 0 1 0 0 1 1 
0 0 1 1 1 0 0 0 0 1 
0 0 0 1 0 1 0 1 1 0 
1 1 1 0 0 0 0 0 1 0 
1 0 1 1 0 1 0 0 0 0 
1 0 0 0 1 0 1 0 0 1 
0 1 1 0 1 0 1 0 0 0 
1 0 0 0 0 1 0 0 1 1 
0 1 0 1 0 1 0 1 0 0 
0 0 1 1 1 0 0 1 0 0 
0 0 0 0 1 0 1 1 1 0 
0 1 1 1 0 0 0 0 1 0 
0 0 1 1 0 1 0 0 1 0 
Best Sequence: 
8 7 5 3 2 1 9 6 4 0 
0 0 0 0 0 0 1 1 1 1 
0 1 0 1 0 0 1 1 0 0 
0 1 0 0 1 0 1 0 0 1 
1 0 0 0 1 1 0 0 1 0 
1 0 0 0 0 0 0 1 1 1 
1 0 0 0 0 1 0 1 1 0 
0 0 0 0 0 0 1 1 1 1 
0 1 1 1 0 1 0 0 0 0 
0 0 1 1 0 0 0 1 0 1 
1 1 0 1 0 0 0 1 0 0 
0 0 1 0 0 1 1 0 0 1 
1 0 1 0 0 1 1 0 0 0 
0 0 0 0 1 1 1 1 0 0 
0 1 1 0 1 1 0 0 0 0 
0 1 0 0 0 1 0 0 1 1 
0 1 1 0 0 0 0 0 1 1 
0 1 0 1 0 0 1 1 0 0 
1 0 1 0 1 0 1 0 0 0 
0 0 0 1 1 0 1 0 1 0 
1 1 1 1 0 0 0 0 0 0 
1 0 0 0 1 1 0 0 0 1 
0 0 1 1 1 0 0 0 0 1 
0 0 0 0 0 0 1 1 1 1 
0 0 0 0 1 1 0 1 1 0 
1 0 1 0 0 0 1 0 0 1 
0 1 1 1 0 1 0 0 0 0 
0 1 0 1 1 0 0 0 1 0 
1 1 0 0 0 0 0 1 1 0 
1 0 0 1 1 1 0 0 0 0 
1 0 1 1 1 0 0 0 0 0 
OpenStacks: 26
Took 0.19 seconds

buffer: Warwick 1457: balanced orders and products, 4 products per order
numCustomers: 30
numProducts: 10
0 1 1 0 1 0 0 0 0 1 
1 0 0 1 0 0 0 0 1 1 
0 0 0 1 0 1 1 0 0 1 
1 0 0 1 0 0 1 0 0 1 
0 0 0 0 1 0 1 1 1 0 
1 1 0 0 0 1 0 0 1 0 
0 0 1 1 1 0 1 0 0 0 
1 0 0 0 1 1 0 1 0 0 
0 0 1 0 1 1 0 0 1 0 
0 0 0 1 0 1 1 0 1 0 
1 0 0 1 0 0 1 0 0 1 
0 0 1 0 0 1 1 1 0 0 
1 1 1 0 0 0 0 1 0 0 
0 0 1 0 0 0 0 1 1 1 
0 1 0 0 1 0 1 1 0 0 
0 0 0 1 0 1 0 0 1 1 
0 1 0 1 1 0 0 0 1 0 
1 0 0 0 1 0 1 0 0 1 
0 1 1 0 1 1 0 0 0 0 
1 0 1 1 0 0 0 0 1 0 
1 0 0 0 0 0 1 1 0 1 
0 1 1 1 0 1 0 0 0 0 
0 0 0 1 0 0 1 1 1 0 
1 1 1 0 0 0 0 0 1 0 
0 0 1 0 0 1 0 1 0 1 
1 1 0 0 1 0 0 0 0 1 
0 0 0 1 1 0 1 0 0 1 
1 1 0 0 1 0 0 1 0 0 
0 1 0 0 0 1 0 1 1 0 
0 1 1 0 0 1 0 1 0 0 
Best Sequence: 
8 7 5 1 2 4 9 6 3 0 
0 0 0 1 1 1 1 0 0 0 
1 0 0 0 0 0 1 0 1 1 
0 0 1 0 0 0 1 1 1 0 
0 0 0 0 0 0 1 1 1 1 
1 1 0 0 0 1 0 1 0 0 
1 0 1 1 0 0 0 0 0 1 
0 0 0 0 1 1 0 1 1 0 
0 1 1 0 0 1 0 0 0 1 
1 0 1 0 1 1 0 0 0 0 
1 0 1 0 0 0 0 1 1 0 
0 0 0 0 0 0 1 1 1 1 
0 1 1 0 1 0 0 1 0 0 
0 1 0 1 1 0 0 0 0 1 
1 1 0 0 1 0 1 0 0 0 
0 1 0 1 0 1 0 1 0 0 
1 0 1 0 0 0 1 0 1 0 
1 0 0 1 0 1 0 0 1 0 
0 0 0 0 0 1 1 1 0 1 
0 0 1 1 1 1 0 0 0 0 
1 0 0 0 1 0 0 0 1 1 
0 1 0 0 0 0 1 1 0 1 
0 0 1 1 1 0 0 0 1 0 
1 1 0 0 0 0 0 1 1 0 
1 0 0 1 1 0 0 0 0 1 
0 1 1 0 1 0 1 0 0 0 
0 0 0 1 0 1 1 0 0 1 
0 0 0 0 0 1 1 1 1 0 
0 1 0 1 0 1 0 0 0 1 
1 1 1 1 0 0 0 0 0 0 
0 1 1 1 1 0 0 0 0 0 
OpenStacks: 26
Took 0.2 seconds

buffer: Warwick 1458: balanced orders and products, 4 products per order
numCustomers: 30
numProducts: 10
0 0 0 1 0 1 1 0 1 0 
1 0 0 1 1 0 0 0 0 1 
1 1 0 1 0 0 0 0 0 1 
1 0 0 0 0 0 1 0 1 1 
0 1 1 1 1 0 0 0 0 0 
1 0 0 0 0 1 0 1 1 0 
0 0 0 0 1 0 1 0 1 1 
0 0 1 0 1 1 1 0 0 0 
1 1 1 0 1 0 0 0 0 0 
1 0 0 1 0 0 1 1 0 0 
1 1 1 0 0 0 0 0 0 1 
0 1 0 1 0 1 0 1 0 0 
0 0 1 1 1 1 0 0 0 0 
1 0 0 0 1 0 0 1 0 1 
0 1 0 0 0 0 0 1 1 1 
1 0 0 1 0 1 1 0 0 0 
0 1 1 1 0 0 0 0 1 0 
0 1 0 0 1 1 0 0 0 1 
0 1 1 0 0 0 1 0 0 1 
0 1 1 0 0 0 0 1 0 1 
0 0 0 1 1 1 0 1 0 0 
0 0 1 0 1 0 0 1 1 0 
1 0 0 0 1 1 0 0 1 0 
1 0 0 1 0 0 0 1 1 0 
0 0 0 0 1 1 1 0 0 1 
0 0 1 0 0 0 1 1 1 0 
0 0 0 1 0 1 1 0 1 0 
0 1 0 0 0 1 1 1 0 0 
0 1 1 0 0 0 1 0 1 0 
1 0 1 0 0 0 0 1 0 1 
Best Sequence: 
8 6 5 3 7 4 9 2 1 0 
1 1 1 1 0 0 0 0 0 0 
0 0 0 1 0 1 1 0 0 1 
0 0 0 1 0 0 1 0 1 1 
1 1 0 0 0 0 1 0 0 1 
0 0 0 1 0 1 0 1 1 0 
1 0 1 0 1 0 0 0 0 1 
1 1 0 0 0 1 1 0 0 0 
0 1 1 0 0 1 0 1 0 0 
0 0 0 0 0 1 0 1 1 1 
0 1 0 1 1 0 0 0 0 1 
0 0 0 0 0 0 1 1 1 1 
0 0 1 1 1 0 0 0 1 0 
0 0 1 1 0 1 0 1 0 0 
0 0 0 0 1 1 1 0 0 1 
1 0 0 0 1 0 1 0 1 0 
0 1 1 1 0 0 0 0 0 1 
1 0 0 1 0 0 0 1 1 0 
0 0 1 0 0 1 1 0 1 0 
0 1 0 0 0 0 1 1 1 0 
0 0 0 0 1 0 1 1 1 0 
0 0 1 1 1 1 0 0 0 0 
1 0 0 0 1 1 0 1 0 0 
1 0 1 0 0 1 0 0 0 1 
1 0 0 1 1 0 0 0 0 1 
0 1 1 0 0 1 1 0 0 0 
1 1 0 0 1 0 0 1 0 0 
1 1 1 1 0 0 0 0 0 0 
0 1 1 0 1 0 0 0 1 0 
1 1 0 0 0 0 0 1 1 0 
0 0 0 0 1 0 1 1 0 1 
OpenStacks: 27
Took 0.19 seconds

buffer: Warwick 1459: balanced orders and products, 4 products per order
numCustomers: 30
numProducts: 10
0 0 0 1 0 0 0 1 1 1 
1 0 0 0 1 1 0 0 1 0 
0 0 0 1 1 0 0 0 1 1 
0 0 1 1 0 0 0 1 1 0 
0 0 0 1 0 1 1 0 1 0 
0 1 0 1 0 1 0 1 0 0 
1 0 0 0 0 1 1 0 1 0 
1 0 0 1 1 0 0 0 0 1 
0 0 1 1 1 1 0 0 0 0 
1 0 1 0 1 0 0 1 0 0 
0 1 0 0 1 0 1 0 0 1 
0 0 1 0 1 1 0 0 0 1 
0 1 0 1 1 0 0 1 0 0 
0 1 0 1 0 0 1 0 0 1 
1 0 1 0 0 0 0 1 1 0 
0 1 0 0 0 1 1 1 0 0 
0 1 1 0 0 0 0 1 0 1 
1 0 1 0 1 1 0 0 0 0 
0 0 0 0 0 1 0 1 1 1 
1 1 1 0 0 0 0 0 0 1 
0 1 1 1 0 0 0 0 0 1 
0 0 0 0 1 0 0 1 1 1 
0 0 1 0 0 1 1 1 0 0 
1 0 0 1 0 0 1 0 1 0 
1 1 0 0 1 0 1 0 0 0 
1 0 0 0 0 0 1 0 1 1 
1 1 1 0 0 1 0 0 0 0 
0 1 1 1 0 0 1 0 0 0 
0 0 0 0 0 1 1 1 1 0 
1 1 0 0 1 0 1 0 0 0 
Best Sequence: 
9 8 7 5 3 2 6 4 1 0 
1 1 1 0 1 0 0 0 0 0 
0 1 0 1 0 0 0 1 0 1 
1 1 0 0 1 0 0 1 0 0 
0 1 1 0 1 1 0 0 0 0 
0 1 0 1 1 0 1 0 0 0 
0 0 1 1 1 0 0 0 1 0 
0 1 0 1 0 0 1 0 0 1 
1 0 0 0 1 0 0 1 0 1 
0 0 0 1 1 1 0 1 0 0 
0 0 1 0 0 1 0 1 0 1 
1 0 0 0 0 0 1 1 1 0 
1 0 0 1 0 1 0 1 0 0 
0 0 1 0 1 0 0 1 1 0 
1 0 0 0 1 0 1 0 1 0 
0 1 1 0 0 1 0 0 0 1 
0 0 1 1 0 0 1 0 1 0 
1 0 1 0 0 1 0 0 1 0 
0 0 0 1 0 1 0 1 0 1 
1 1 1 1 0 0 0 0 0 0 
1 0 0 0 0 1 0 0 1 1 
1 0 0 0 1 1 0 0 1 0 
1 1 1 0 0 0 0 1 0 0 
0 0 1 1 0 1 1 0 0 0 
0 1 0 0 1 0 1 0 0 1 
0 0 0 0 0 0 1 1 1 1 
1 1 0 0 0 0 1 0 0 1 
0 0 0 1 0 1 0 0 1 1 
0 0 0 0 1 1 1 0 1 0 
0 1 1 1 0 0 1 0 0 0 
0 0 0 0 0 0 1 1 1 1 
OpenStacks: 27
Took 0.2 seconds

buffer: Warwick 1460: balanced orders and products, 4 products per order
numCustomers: 30
numProducts: 10
1 0 1 1 0 0 1 0 0 0 
0 1 1 0 1 1 0 0 0 0 
1 1 0 0 0 0 0 1 0 1 
1 0 0 1 0 0 0 1 0 1 
0 1 0 1 0 0 1 0 0 1 
0 0 0 0 1 1 1 0 1 0 
1 0 0 0 0 0 1 1 0 1 
1 0 0 1 0 0 1 0 1 0 
0 0 0 0 0 0 1 1 1 1 
0 1 1 0 0 0 1 0 1 0 
1 0 0 1 0 1 0 0 0 1 
0 1 1 0 1 0 1 0 0 0 
0 0 0 0 1 1 0 1 1 0 
0 0 1 0 1 1 1 0 0 0 
0 1 1 0 0 1 0 0 0 1 
0 1 0 0 1 0 0 1 0 1 
1 0 1 1 0 0 1 0 0 0 
0 0 0 1 1 1 0 1 0 0 
0 0 1 1 1 0 0 0 0 1 
1 1 1 0 0 1 0 0 0 0 
1 0 0 1 0 1 0 0 1 0 
0 0 1 1 1 0 0 0 1 0 
1 0 0 0 0 1 0 0 1 1 
1 0 1 1 0 0 0 0 1 0 
0 1 0 0 1 0 1 1 0 0 
0 1 0 0 0 1 0 1 1 0 
1 0 0 1 0 0 0 1 0 1 
0 1 1 0 0 0 1 1 0 0 
0 1 0 0 1 1 0 0 1 0 
0 0 0 0 1 0 0 1 1 1 
Best Sequence: 
7 6 4 1 2 9 8 5 3 0 
0 1 0 0 1 0 0 0 1 1 
0 0 1 1 1 0 0 1 0 0 
1 0 0 1 0 1 0 0 0 1 
1 0 0 0 0 1 0 0 1 1 
0 1 0 1 0 1 0 0 1 0 
0 1 1 0 0 0 1 1 0 0 
1 1 0 0 0 1 0 0 0 1 
0 1 0 0 0 0 1 0 1 1 
1 1 0 0 0 1 1 0 0 0 
0 1 0 1 1 0 1 0 0 0 
0 0 0 0 0 1 0 1 1 1 
0 1 1 1 1 0 0 0 0 0 
1 0 1 0 0 0 1 1 0 0 
0 1 1 0 1 0 0 1 0 0 
0 0 0 1 1 1 0 1 0 0 
1 0 1 1 0 1 0 0 0 0 
0 1 0 0 1 0 0 0 1 1 
1 0 1 0 0 0 0 1 1 0 
0 0 1 0 1 1 0 0 1 0 
0 0 0 1 1 0 0 1 0 1 
0 0 0 0 0 0 1 1 1 1 
0 0 1 0 1 0 1 0 1 0 
0 0 0 0 0 1 1 1 0 1 
0 0 0 0 1 0 1 0 1 1 
1 1 1 1 0 0 0 0 0 0 
1 0 0 1 0 0 1 1 0 0 
1 0 0 0 0 1 0 0 1 1 
1 1 0 1 1 0 0 0 0 0 
0 0 1 1 0 0 1 1 0 0 
1 0 1 0 0 1 1 0 0 0 
OpenStacks: 26
Took 0.2 seconds

buffer: Warwick 1461: balanced orders and products, 5 products per order
numCustomers: 30
numProducts: 10
0 1 1 0 1 0 1 0 0 1 
0 1 0 1 0 1 1 0 0 1 
0 0 0 0 1 1 1 0 1 1 
0 1 1 1 1 0 0 0 1 0 
0 0 0 1 1 1 0 0 1 1 
1 0 1 0 0 1 0 0 1 1 
1 1 0 1 0 0 0 0 1 1 
1 1 0 0 0 1 0 1 1 0 
0 0 1 1 0 1 0 0 1 1 
1 1 0 1 0 0 1 1 0 0 
1 0 0 1 0 1 1 1 0 0 
0 0 0 1 1 0 0 1 1 1 
0 1 1 0 0 0 0 1 1 1 
1 0 0 1 1 0 0 1 1 0 
1 1 1 0 0 0 0 1 0 1 
0 0 0 0 0 1 1 1 1 1 
0 1 1 0 0 1 1 0 1 0 
0 1 1 1 0 0 0 1 0 1 
1 0 0 1 1 1 0 1 0 0 
1 0 0 0 1 1 1 0 1 0 
1 1 0 0 1 0 1 0 0 1 
1 0 1 1 0 1 1 0 0 0 
1 1 0 0 1 1 0 0 1 0 
0 0 1 1 1 0 0 1 1 0 
0 0 1 1 0 1 1 0 0 1 
1 1 1 1 0 0 0 1 0 0 
0 0 1 0 1 0 1 1 0 1 
0 1 1 0 1 0 1 1 0 0 
1 0 0 0 1 1 1 1 0 0 
1 1 1 0 1 0 1 0 0 0 
Best Sequence: 
9 8 6 5 4 7 3 2 1 0 
1 0 1 0 1 0 0 1 1 0 
1 0 1 1 0 0 1 0 1 0 
1 1 1 1 1 0 0 0 0 0 
0 1 0 0 1 0 1 1 1 0 
1 1 0 1 1 0 1 0 0 0 
1 1 0 1 0 0 0 1 0 1 
1 1 0 0 0 0 1 0 1 1 
0 1 0 1 0 1 0 0 1 1 
1 1 0 1 0 0 1 1 0 0 
0 0 1 0 0 1 1 0 1 1 
0 0 1 1 0 1 1 0 0 1 
1 1 0 0 1 1 1 0 0 0 
1 1 0 0 0 1 0 1 1 0 
0 1 0 0 1 1 1 0 0 1 
1 0 0 0 0 1 0 1 1 1 
1 1 1 1 0 1 0 0 0 0 
0 1 1 1 0 0 0 1 1 0 
1 0 0 0 0 1 1 1 1 0 
0 0 0 1 1 1 1 0 0 1 
0 1 1 1 1 0 0 0 0 1 
1 0 1 0 1 0 0 0 1 1 
0 0 1 1 0 0 1 1 0 1 
0 1 0 1 1 0 0 0 1 1 
0 1 0 0 1 1 1 1 0 0 
1 0 1 1 0 0 1 1 0 0 
0 0 0 0 0 1 1 1 1 1 
1 0 1 0 1 1 0 1 0 0 
0 0 1 0 1 1 0 1 1 0 
0 0 1 1 1 1 0 0 0 1 
0 0 1 0 1 0 0 1 1 1 
OpenStacks: 29
Took 0.2 seconds

buffer: Warwick 1462: balanced orders and products, 5 products per order
numCustomers: 30
numProducts: 10
1 1 0 1 0 0 1 1 0 0 
0 0 1 1 1 0 1 1 0 0 
0 1 0 1 0 1 1 0 0 1 
0 0 1 1 1 0 1 1 0 0 
0 0 1 0 1 1 1 0 1 0 
0 0 0 1 0 1 0 1 1 1 
0 1 1 1 1 0 0 0 0 1 
1 1 1 1 0 0 0 1 0 0 
0 1 0 0 1 1 0 0 1 1 
1 1 1 0 0 1 0 0 1 0 
1 1 0 0 0 1 0 0 1 1 
1 1 0 0 1 0 0 1 1 0 
1 0 0 0 1 1 0 1 1 0 
0 1 0 0 1 0 1 1 0 1 
0 1 1 0 0 1 0 0 1 1 
0 0 1 0 1 1 0 1 1 0 
0 1 1 0 0 0 1 1 0 1 
1 0 0 1 1 1 0 1 0 0 
1 0 1 1 0 0 0 1 0 1 
1 0 0 1 0 0 1 1 1 0 
1 1 0 0 1 0 0 0 1 1 
0 0 1 1 1 1 0 0 1 0 
1 0 1 0 0 1 0 1 1 0 
0 0 0 1 1 1 1 0 0 1 
0 1 1 0 0 0 1 1 1 0 
1 0 1 0 0 1 1 0 0 1 
1 0 1 1 0 0 1 0 1 0 
1 0 0 0 1 1 1 0 0 1 
0 1 0 1 1 0 1 0 0 1 
1 1 0 1 0 0 1 0 0 1 
Best Sequence: 
8 7 5 4 2 9 6 3 1 0 
0 1 0 0 0 0 1 1 1 1 
0 1 0 1 1 0 1 1 0 0 
0 0 1 0 0 1 1 1 1 0 
0 1 0 1 1 0 1 1 0 0 
1 0 1 1 1 0 1 0 0 0 
1 1 1 0 0 1 0 1 0 0 
0 0 0 1 1 1 0 1 1 0 
0 1 0 0 1 0 0 1 1 1 
1 0 1 1 0 1 0 0 1 0 
1 0 1 0 1 0 0 0 1 1 
1 0 1 0 0 1 0 0 1 1 
1 1 0 1 0 0 0 0 1 1 
1 1 1 1 0 0 0 0 0 1 
0 1 0 1 0 1 1 0 1 0 
1 0 1 0 1 1 0 0 1 0 
1 1 1 1 1 0 0 0 0 0 
0 1 0 0 1 1 1 0 1 0 
0 1 1 1 0 0 0 1 0 1 
0 1 0 0 1 1 0 1 0 1 
1 1 0 0 0 0 1 1 0 1 
1 0 0 1 0 1 0 0 1 1 
1 0 1 1 1 0 0 1 0 0 
1 1 1 0 1 0 0 0 0 1 
0 0 1 1 0 1 1 1 0 0 
1 1 0 0 1 0 1 0 1 0 
0 0 1 0 1 1 1 0 0 1 
1 0 0 0 1 0 1 1 0 1 
0 0 1 1 0 1 1 0 0 1 
0 0 0 1 0 1 1 1 1 0 
0 0 0 0 0 1 1 1 1 1 
OpenStacks: 29
Took 0.19 seconds

buffer: Warwick 1463: balanced orders and products, 5 products per order
numCustomers: 30
numProducts: 10
1 0 1 0 0 1 1 1 0 0 
0 1 1 0 1 0 0 1 1 0 
0 0 1 0 1 1 1 0 0 1 
1 0 0 1 1 0 1 1 0 0 
1 0 0 0 0 1 0 1 1 1 
0 1 0 1 1 1 1 0 0 0 
1 0 1 0 1 0 1 0 1 0 
0 1 0 0 1 1 0 1 0 1 
0 1 0 1 1 0 0 0 1 1 
0 0 1 0 1 1 0 1 0 1 
0 1 0 1 0 1 0 1 0 1 
0 1 0 1 0 0 1 1 0 1 
0 0 0 1 1 1 0 1 1 0 
0 1 1 1 0 1 1 0 0 0 
1 1 1 1 0 1 0 0 0 0 
1 1 0 0 1 1 0 0 1 0 
1 1 0 1 0 0 0 0 1 1 
1 0 0 1 0 1 0 0 1 1 
0 1 1 1 0 0 1 0 1 0 
1 0 1 0 0 0 1 1 1 0 
1 1 1 0 1 0 0 1 0 0 
0 1 1 1 0 0 1 0 0 1 
1 0 0 0 0 1 1 1 1 0 
0 0 0 1 0 1 1 0 1 1 
1 1 1 0 1 0 1 0 0 0 
1 0 1 0 1 0 0 0 1 1 
0 0 0 1 1 0 1 1 0 1 
1 0 1 1 1 0 0 0 1 0 
1 1 1 0 0 0 0 1 0 1 
0 0 0 0 0 1 1 1 1 1 
Best Sequence: 
9 8 6 5 3 7 4 2 1 0 
0 0 1 1 0 1 0 1 0 1 
0 1 0 0 0 1 1 1 1 0 
1 0 1 1 0 0 1 1 0 0 
0 0 1 0 1 1 1 0 0 1 
1 1 0 1 0 1 0 0 0 1 
0 0 1 1 1 0 1 0 1 0 
0 1 1 0 0 0 1 1 0 1 
1 0 0 1 0 1 1 0 1 0 
1 1 0 0 1 0 1 0 1 0 
1 0 0 1 0 1 1 1 0 0 
1 0 0 1 1 1 0 0 1 0 
1 0 1 0 1 1 0 0 1 0 
0 1 0 1 1 1 1 0 0 0 
0 0 1 1 1 0 0 1 1 0 
0 0 0 1 1 0 0 1 1 1 
0 1 0 1 0 0 1 0 1 1 
1 1 0 0 1 0 0 0 1 1 
1 1 0 1 1 0 0 0 0 1 
0 1 1 0 1 0 0 1 1 0 
0 1 1 0 0 1 0 1 0 1 
0 0 0 0 0 1 1 1 1 1 
1 0 1 0 1 0 0 1 1 0 
0 1 1 1 0 1 0 0 0 1 
1 1 1 1 1 0 0 0 0 0 
0 0 1 0 0 0 1 1 1 1 
1 1 0 0 0 0 1 1 0 1 
1 0 1 0 1 1 1 0 0 0 
0 1 0 0 1 0 1 1 0 1 
1 0 0 0 0 1 0 1 1 1 
1 1 1 1 0 1 0 0 0 0 
OpenStacks: 29
Took 0.2 seconds

buffer: Warwick 1464: balanced orders and products, 5 products per order
numCustomers: 30
numProducts: 10
0 0 0 0 1 1 1 1 1 0 
1 1 0 0 1 0 1 1 0 0 
1 0 0 1 0 0 1 1 0 1 
1 1 1 0 0 1 0 0 0 1 
0 1 1 1 0 0 1 1 0 0 
0 0 1 0 0 1 0 1 1 1 
1 0 0 0 1 0 1 0 1 1 
1 0 0 1 0 1 1 0 1 0 
0 1 1 1 0 1 0 0 1 0 
0 1 0 1 1 1 0 1 0 0 
1 0 1 0 1 0 0 0 1 1 
0 1 1 0 1 0 1 1 0 0 
1 0 0 1 1 0 0 1 1 0 
1 1 0 1 0 0 1 0 1 0 
1 0 0 0 1 0 0 1 1 1 
1 0 1 1 0 1 0 0 0 1 
1 1 1 0 0 1 1 0 0 0 
0 0 1 1 1 1 0 0 1 0 
0 1 1 1 0 0 0 1 0 1 
0 1 0 1 1 0 1 0 0 1 
1 0 1 0 1 0 1 0 0 1 
0 0 1 1 0 1 1 0 0 1 
0 1 1 0 1 1 1 0 0 0 
1 1 1 1 0 0 0 0 1 0 
0 1 0 1 1 0 0 1 1 0 
0 1 0 0 1 1 0 1 0 1 
1 0 0 0 0 1 1 1 0 1 
1 0 0 1 0 1 0 0 1 1 
0 1 0 0 0 0 1 1 1 1 
0 0 1 0 1 1 0 1 1 0 
Best Sequence: 
7 6 4 2 1 9 8 5 3 0 
1 1 1 0 0 0 1 1 0 0 
1 1 1 0 1 0 0 0 0 1 
1 1 0 0 0 1 0 0 1 1 
0 0 0 1 1 1 0 1 0 1 
1 1 0 1 1 0 0 0 1 0 
1 0 0 1 0 1 1 1 0 0 
0 1 1 0 0 1 1 0 0 1 
0 1 0 0 0 0 1 1 1 1 
0 0 0 1 1 0 1 1 1 0 
1 0 1 0 1 0 0 1 1 0 
0 0 1 1 0 1 1 0 0 1 
1 1 1 1 1 0 0 0 0 0 
1 0 1 0 0 0 1 0 1 1 
0 1 0 0 1 0 1 0 1 1 
1 0 1 0 0 1 1 0 0 1 
0 0 0 1 0 1 0 1 1 1 
0 1 0 1 1 0 0 1 0 1 
0 0 1 1 0 0 1 1 1 0 
1 0 0 1 1 1 0 0 1 0 
0 1 1 0 1 1 0 0 1 0 
0 1 1 1 0 1 0 0 0 1 
0 1 0 1 0 1 0 1 1 0 
0 1 1 1 1 0 0 1 0 0 
0 0 0 1 1 0 1 0 1 1 
1 0 1 0 1 0 1 0 1 0 
1 0 1 0 1 1 0 1 0 0 
1 1 0 0 0 1 0 1 0 1 
0 0 0 0 0 1 1 1 1 1 
1 1 0 0 1 1 1 0 0 0 
1 0 1 1 0 0 1 1 0 0 
OpenStacks: 29
Took 0.2 seconds

buffer: Warwick 1465: balanced orders and products, 5 products per order
numCustomers: 30
numProducts: 10
1 0 1 0 1 1 1 0 0 0 
1 1 0 0 0 1 1 0 0 1 
0 1 1 1 0 1 1 0 0 0 
0 1 0 1 0 0 1 1 1 0 
0 0 1 0 1 1 1 0 0 1 
1 0 0 0 1 0 1 1 1 0 
1 0 1 0 1 0 1 0 0 1 
1 0 1 1 0 0 0 1 1 0 
1 1 0 0 0 1 1 0 1 0 
1 0 1 1 0 0 0 1 1 0 
0 1 1 1 1 0 0 0 0 1 
1 1 1 1 0 0 0 0 0 1 
0 0 1 1 1 0 0 1 1 0 
1 1 1 0 0 0 0 1 0 1 
0 1 0 1 0 0 1 1 1 0 
1 0 1 1 1 0 0 0 0 1 
1 0 1 0 0 1 0 1 0 1 
0 1 0 1 1 1 0 1 0 0 
0 1 0 0 0 1 0 1 1 1 
0 0 1 1 0 0 0 1 1 1 
1 0 1 0 0 1 0 1 1 0 
0 1 0 1 0 1 1 1 0 0 
0 0 0 0 1 1 1 0 1 1 
0 1 0 0 1 1 0 1 0 1 
0 1 1 1 1 0 0 0 1 0 
0 0 0 0 1 1 1 1 1 0 
1 0 0 1 1 0 0 0 1 1 
0 1 0 1 0 0 1 0 1 1 
1 0 0 0 1 1 1 0 0 1 
1 1 0 0 1 1 1 0 0 0 
Best Sequence: 
8 7 6 5 4 9 3 2 1 0 
0 0 1 1 1 0 0 1 0 1 
0 0 1 1 0 1 0 0 1 1 
0 0 1 1 0 0 1 1 1 0 
1 1 1 0 0 0 1 0 1 0 
0 0 1 1 1 1 0 1 0 0 
1 1 1 0 1 0 0 0 0 1 
0 0 1 0 1 1 0 1 0 1 
1 1 0 0 0 0 1 1 0 1 
1 0 1 1 0 0 0 0 1 1 
1 1 0 0 0 0 1 1 0 1 
0 0 0 0 1 1 1 1 1 0 
0 0 0 0 0 1 1 1 1 1 
1 1 0 0 1 0 1 1 0 0 
0 1 0 0 0 1 0 1 1 1 
1 1 1 0 0 0 1 0 1 0 
0 0 0 0 1 1 1 1 0 1 
0 1 0 1 0 1 0 1 0 1 
0 1 0 1 1 0 1 0 1 0 
1 1 0 1 0 1 0 0 1 0 
1 1 0 0 0 1 1 1 0 0 
1 1 0 1 0 0 0 1 0 1 
0 1 1 1 0 0 1 0 1 0 
1 0 1 1 1 1 0 0 0 0 
0 1 0 1 1 1 0 0 1 0 
1 0 0 0 1 0 1 1 1 0 
1 1 1 1 1 0 0 0 0 0 
1 0 0 0 1 1 1 0 0 1 
1 0 1 0 0 1 1 0 1 0 
0 0 1 1 1 1 0 0 0 1 
0 0 1 1 1 0 0 0 1 1 
OpenStacks: 29
Took 0.2 seconds

buffer: Warwick 1466: balanced orders and products, 5 products per order
numCustomers: 30
numProducts: 10
0 0 1 1 1 1 1 0 0 0 
0 1 0 1 0 1 1 0 0 1 
1 1 0 0 1 0 1 0 1 0 
0 1 1 1 0 0 1 0 0 1 
1 0 0 1 1 0 1 0 1 0 
0 1 1 0 0 1 0 1 1 0 
0 1 1 0 1 0 1 0 0 1 
0 0 1 1 0 1 1 0 1 0 
1 0 0 1 1 0 0 1 0 1 
1 0 1 0 1 1 0 1 0 0 
0 1 0 1 1 1 0 0 0 1 
1 1 0 1 1 1 0 0 0 0 
0 1 0 0 1 1 0 1 1 0 
0 1 1 0 1 0 0 0 1 1 
0 0 1 1 0 0 0 1 1 1 
0 0 1 1 0 1 0 0 1 1 
1 1 0 0 1 0 1 1 0 0 
1 0 0 1 0 0 1 1 1 0 
0 1 1 0 0 0 0 1 1 1 
1 0 0 0 0 1 1 1 0 1 
0 0 1 1 0 1 1 0 1 0 
1 1 0 0 1 1 1 0 0 0 
1 0 1 1 0 1 1 0 0 0 
1 0 0 1 1 1 0 0 0 1 
1 1 0 0 0 0 0 1 1 1 
1 1 0 0 1 0 0 1 1 0 
1 0 1 0 0 0 1 1 0 1 
0 0 0 1 1 1 0 1 0 1 
1 0 1 0 0 0 1 1 1 0 
0 1 1 0 0 0 0 1 1 1 
Best Sequence: 
9 8 7 3 2 6 5 4 1 0 
0 0 0 1 1 1 1 1 0 0 
1 0 0 1 0 1 1 0 1 0 
0 1 0 0 0 1 0 1 1 1 
1 0 0 1 1 1 0 0 1 0 
0 1 0 1 0 1 0 1 0 1 
0 1 1 0 1 0 1 0 1 0 
1 0 0 0 1 1 0 1 1 0 
0 1 0 1 1 1 1 0 0 0 
1 0 1 1 0 0 0 1 0 1 
0 0 1 0 1 0 1 1 0 1 
1 0 0 1 0 0 1 1 1 0 
0 0 0 1 0 0 1 1 1 1 
0 1 1 0 0 0 1 1 1 0 
1 1 0 0 1 0 0 1 1 0 
1 1 1 1 1 0 0 0 0 0 
1 1 0 1 1 0 1 0 0 0 
0 0 1 0 0 1 0 1 1 1 
0 1 1 1 0 1 0 0 0 1 
1 1 1 0 1 0 0 0 1 0 
1 0 1 0 0 1 1 0 0 1 
0 1 0 1 1 1 1 0 0 0 
0 0 0 0 0 1 1 1 1 1 
0 0 0 1 1 1 1 0 0 1 
1 0 0 1 0 0 1 1 0 1 
1 1 1 0 0 0 0 0 1 1 
0 1 1 0 0 0 0 1 1 1 
1 0 1 0 1 1 0 0 0 1 
1 0 1 1 0 0 1 1 0 0 
0 1 1 0 1 1 0 0 0 1 
1 1 1 0 1 0 0 0 1 0 
OpenStacks: 29
Took 0.2 seconds

buffer: Warwick 1467: balanced orders and products, 5 products per order
numCustomers: 30
numProducts: 10
0 0 0 1 1 1 0 1 1 0 
1 1 1 0 0 0 0 1 0 1 
1 0 1 1 0 1 0 0 0 1 
1 0 1 1 0 0 1 0 0 1 
0 1 0 0 1 0 1 1 1 0 
1 1 0 0 1 1 0 0 1 0 
1 0 0 0 1 0 1 0 1 1 
0 0 1 1 0 1 1 1 0 0 
0 1 1 0 1 0 0 0 1 1 
1 0 0 1 1 0 0 0 1 1 
1 0 0 1 0 0 1 1 1 0 
0 0 0 1 1 1 1 1 0 0 
1 1 1 0 0 0 1 0 0 1 
0 0 1 1 0 0 0 1 1 1 
0 1 0 1 1 0 0 0 1 1 
1 1 0 1 1 1 0 0 0 0 
0 0 1 0 0 0 1 1 1 1 
0 1 1 0 1 0 1 1 0 0 
0 0 1 1 0 0 1 1 0 1 
0 0 0 0 1 1 1 1 1 0 
0 1 1 1 1 1 0 0 0 0 
0 1 1 1 1 0 0 1 0 0 
1 1 0 0 0 1 0 0 1 1 
1 1 0 0 0 1 1 0 0 1 
1 1 0 0 0 1 0 1 1 0 
1 0 0 0 0 1 0 1 1 1 
1 0 1 1 0 1 0 1 0 0 
0 1 1 0 1 0 1 0 1 0 
1 0 0 0 1 1 1 0 0 1 
0 1 1 1 0 1 1 0 0 0 
Best Sequence: 
8 7 5 4 3 9 6 2 1 0 
1 1 1 1 1 0 0 0 0 0 
0 1 0 0 0 1 0 1 1 1 
0 0 1 0 1 1 0 1 0 1 
0 0 0 0 1 1 1 1 0 1 
1 1 0 1 0 0 1 0 1 0 
1 0 1 1 0 0 0 0 1 1 
1 0 0 1 0 1 1 0 0 1 
0 1 1 0 1 0 1 1 0 0 
1 0 0 1 0 1 0 1 1 0 
1 0 0 1 1 1 0 0 0 1 
1 1 0 0 1 0 1 0 0 1 
0 1 1 1 1 0 1 0 0 0 
0 0 0 0 0 1 1 1 1 1 
1 1 0 0 1 1 0 1 0 0 
1 0 0 1 1 1 0 0 1 0 
0 0 1 1 1 0 0 0 1 1 
1 1 0 0 0 1 1 1 0 0 
0 1 0 1 0 0 1 1 1 0 
0 1 0 0 1 1 1 1 0 0 
1 1 1 1 0 0 1 0 0 0 
0 0 1 1 1 0 0 1 1 0 
0 1 0 1 1 0 0 1 1 0 
1 0 1 0 0 1 0 0 1 1 
0 0 1 0 0 1 1 0 1 1 
1 1 1 0 0 0 0 0 1 1 
1 1 1 0 0 1 0 0 0 1 
0 1 1 0 1 0 0 1 0 1 
1 0 0 1 0 0 1 1 1 0 
0 0 1 1 0 1 1 0 0 1 
0 0 1 0 1 0 1 1 1 0 
OpenStacks: 29
Took 0.2 seconds

buffer: Warwick 1468: balanced orders and products, 5 products per order
numCustomers: 30
numProducts: 10
1 1 0 0 1 0 1 1 0 0 
0 0 1 0 1 1 1 0 1 0 
1 0 1 1 0 0 0 0 1 1 
1 1 1 1 0 0 1 0 0 0 
1 0 1 1 0 0 1 0 0 1 
1 1 0 0 0 1 1 0 0 1 
1 0 0 1 0 1 1 0 1 0 
1 1 0 1 1 1 0 0 0 0 
1 1 1 0 0 0 0 1 1 0 
1 0 1 0 1 0 0 1 1 0 
0 1 1 0 0 1 0 1 1 0 
0 0 1 1 0 0 1 0 1 1 
0 1 1 0 0 1 1 0 0 1 
0 1 0 0 1 1 0 0 1 1 
0 1 0 1 0 1 0 1 1 0 
0 0 0 1 1 0 1 1 1 0 
1 0 1 0 0 1 0 1 0 1 
0 1 1 0 1 0 0 1 1 0 
0 0 1 0 1 1 1 1 0 0 
0 1 0 0 1 1 1 0 0 1 
0 0 0 1 0 1 1 1 0 1 
1 0 1 0 1 0 1 0 1 0 
1 0 0 1 1 0 0 1 0 1 
1 1 0 1 0 1 1 0 0 0 
0 1 1 0 0 0 1 1 0 1 
0 0 1 1 1 1 0 0 0 1 
1 1 0 1 0 0 0 0 1 1 
0 0 0 1 1 1 0 1 1 0 
0 0 0 1 1 0 0 1 1 1 
1 1 0 0 1 0 0 1 0 1 
Best Sequence: 
7 6 5 4 2 9 8 3 1 0 
1 1 0 1 0 0 0 0 1 1 
0 1 1 1 1 0 1 0 0 0 
0 0 0 0 1 1 1 1 0 1 
0 1 0 0 1 0 0 1 1 1 
0 1 0 0 1 1 0 1 0 1 
0 1 1 0 0 1 0 0 1 1 
0 1 1 0 0 0 1 1 0 1 
0 0 1 1 0 0 0 1 1 1 
1 0 0 0 1 0 1 0 1 1 
1 0 0 1 1 0 1 0 0 1 
1 0 1 0 1 0 1 0 1 0 
0 1 0 0 1 1 1 1 0 0 
0 1 1 0 1 1 0 0 1 0 
0 0 1 1 0 1 1 0 1 0 
1 0 1 0 0 0 1 1 1 0 
1 1 0 1 0 0 1 1 0 0 
1 0 1 0 1 1 0 0 0 1 
1 0 0 1 1 0 1 0 1 0 
1 1 1 1 1 0 0 0 0 0 
0 1 1 1 0 1 0 0 1 0 
1 1 1 0 0 1 0 1 0 0 
0 1 0 1 1 0 1 0 0 1 
1 0 0 1 0 1 0 1 0 1 
0 1 1 0 0 0 0 1 1 1 
1 1 0 0 1 1 0 0 1 0 
0 0 1 1 1 1 0 1 0 0 
0 0 0 0 0 1 1 1 1 1 
1 0 1 1 0 0 1 1 0 0 
1 0 0 1 0 1 1 1 0 0 
1 0 0 1 0 1 0 0 1 1 
OpenStacks: 29
Took 0.2 seconds

buffer: Warwick 1469: balanced orders and products, 5 products per order
numCustomers: 30
numProducts: 10
1 1 0 1 1 0 0 0 1 0 
0 1 1 0 0 1 0 1 0 1 
1 0 0 1 0 1 0 0 1 1 
1 0 1 1 1 0 0 0 1 0 
0 0 0 0 1 1 1 0 1 1 
0 1 0 1 1 0 0 1 0 1 
1 1 0 0 0 0 1 1 1 0 
1 0 0 1 0 0 1 1 0 1 
0 1 1 1 0 0 1 0 0 1 
0 0 0 1 0 0 1 1 1 1 
1 0 1 1 1 0 0 0 1 0 
1 1 1 0 0 1 1 0 0 0 
0 1 1 0 1 0 1 0 1 0 
0 0 1 0 1 1 0 1 0 1 
0 0 1 1 1 0 1 0 1 0 
0 0 1 0 1 1 1 1 0 0 
0 1 0 1 0 1 1 1 0 0 
1 1 0 1 0 0 0 1 0 1 
1 0 1 0 0 0 1 0 1 1 
0 1 1 0 0 1 1 0 1 0 
0 0 1 1 1 1 0 1 0 0 
1 0 1 1 0 1 0 0 1 0 
0 1 0 1 1 1 0 0 0 1 
1 0 0 0 1 0 0 1 1 1 
0 1 1 0 1 0 1 1 0 0 
1 1 0 0 0 1 1 1 0 0 
0 1 0 1 0 1 0 0 1 1 
1 0 0 0 0 1 0 1 1 1 
1 1 0 0 1 0 0 1 0 1 
1 0 1 0 1 1 1 0 0 0 
Best Sequence: 
7 6 4 2 1 9 8 5 3 0 
0 0 1 0 1 0 1 0 1 1 
1 0 0 1 1 1 0 1 0 0 
0 0 0 0 0 1 1 1 1 1 
0 0 1 1 0 0 1 0 1 1 
0 1 1 0 0 1 1 1 0 0 
1 0 1 0 1 1 0 0 1 0 
1 1 0 0 1 0 1 0 0 1 
1 1 0 0 0 1 0 0 1 1 
0 1 0 1 1 1 0 0 1 0 
1 1 0 0 0 1 1 0 1 0 
0 0 1 1 0 0 1 0 1 1 
0 1 0 1 1 0 0 1 0 1 
0 1 1 1 1 0 1 0 0 0 
1 0 1 1 0 1 0 1 0 0 
0 1 1 1 0 0 1 0 1 0 
1 1 1 1 0 0 0 1 0 0 
1 1 0 0 1 0 0 1 1 0 
1 0 0 0 1 1 0 0 1 1 
0 1 0 1 0 1 1 0 0 1 
0 1 0 1 1 0 1 1 0 0 
1 0 1 1 0 0 0 1 1 0 
0 0 0 1 0 0 1 1 1 1 
0 0 1 0 1 1 0 1 1 0 
1 0 1 0 0 1 1 0 0 1 
1 1 1 1 1 0 0 0 0 0 
1 1 0 0 1 0 0 1 0 1 
0 0 0 0 1 1 1 1 1 0 
1 0 0 0 0 1 1 1 0 1 
1 0 1 0 1 1 0 0 0 1 
0 1 1 1 0 0 0 1 0 1 
OpenStacks: 29
Took 0.2 seconds

buffer: Warwick 1470: balanced orders and products, 5 products per order
numCustomers: 30
numProducts: 10
1 0 1 0 1 1 0 0 0 1 
1 0 0 0 0 1 0 1 1 1 
1 1 0 0 1 0 0 1 0 1 
0 0 1 0 0 1 1 1 1 0 
0 1 1 0 1 1 1 0 0 0 
0 0 0 1 1 0 1 1 0 1 
1 1 0 1 0 1 1 0 0 0 
0 1 1 1 0 0 0 1 0 1 
1 0 1 1 1 1 0 0 0 0 
1 0 0 1 0 1 1 0 1 0 
1 1 0 1 0 1 0 0 1 0 
0 0 1 1 1 0 0 1 1 0 
0 1 0 0 0 1 1 1 1 0 
1 0 0 1 1 0 1 1 0 0 
1 0 1 0 0 0 1 0 1 1 
1 1 1 0 0 0 0 1 1 0 
1 1 1 0 0 0 0 0 1 1 
1 0 0 0 1 0 1 1 0 1 
0 1 1 0 0 1 1 0 0 1 
0 0 0 1 0 1 0 1 1 1 
0 0 1 0 1 1 1 0 1 0 
1 0 0 0 0 0 1 1 1 1 
0 1 0 1 0 1 0 1 0 1 
0 1 1 0 1 0 0 0 1 1 
1 0 1 1 1 0 0 0 1 0 
0 1 0 1 1 1 1 0 0 0 
0 1 0 1 1 1 0 0 0 1 
0 0 1 0 1 0 1 1 1 0 
0 1 1 1 1 0 0 0 0 1 
1 1 0 1 0 0 1 1 0 0 
Best Sequence: 
9 8 7 6 5 4 3 2 1 0 
1 0 0 0 1 1 0 1 0 1 
1 1 1 0 1 0 0 0 0 1 
1 0 1 0 0 1 0 0 1 1 
0 1 1 1 1 0 0 1 0 0 
0 0 0 1 1 1 0 1 1 0 
1 0 1 1 0 1 1 0 0 0 
0 0 0 1 1 0 1 0 1 1 
1 0 1 0 0 0 1 1 1 0 
0 0 0 0 1 1 1 1 0 1 
0 1 0 1 1 0 1 0 0 1 
0 1 0 0 1 0 1 0 1 1 
0 1 1 0 0 1 1 1 0 0 
0 1 1 1 1 0 0 0 1 0 
0 0 1 1 0 1 1 0 0 1 
1 1 0 1 0 0 0 1 0 1 
0 1 1 0 0 0 0 1 1 1 
1 1 0 0 0 0 0 1 1 1 
1 0 1 1 0 1 0 0 0 1 
1 0 0 1 1 0 0 1 1 0 
1 1 1 0 1 0 1 0 0 0 
0 1 0 1 1 1 0 1 0 0 
1 1 1 1 0 0 0 0 0 1 
1 0 1 0 1 0 1 0 1 0 
1 1 0 0 0 1 0 1 1 0 
0 1 0 0 0 1 1 1 0 1 
0 0 0 1 1 1 1 0 1 0 
1 0 0 0 1 1 1 0 1 0 
0 1 1 1 0 1 0 1 0 0 
1 0 0 0 0 1 1 1 1 0 
0 0 1 1 0 0 1 0 1 1 
OpenStacks: 30
Took 0.2 seconds

Solved: 40 instances
totalTime: 7.7 seconds
minTime: 0.18 seconds
maxTime: 0.2 seconds
Average: 0.1925 seconds
