Solving by Brute Force...
buffer: Warwick 981: balanced orders and products, 2 products per order
numCustomers: 20
numProducts: 10
0 0 0 1 0 0 0 0 1 0 
0 1 0 0 1 0 0 0 0 0 
0 0 0 1 0 1 0 0 0 0 
0 1 0 1 0 0 0 0 0 0 
0 0 1 0 1 0 0 0 0 0 
0 0 0 0 0 0 1 0 1 0 
1 0 0 0 0 1 0 0 0 0 
0 0 0 0 0 0 1 0 0 1 
0 0 1 0 0 1 0 0 0 0 
0 0 0 1 0 0 0 0 1 0 
0 0 0 0 1 0 1 0 0 0 
0 0 1 0 0 0 0 0 0 1 
0 0 1 0 0 0 0 1 0 0 
0 1 0 0 0 0 0 1 0 0 
1 1 0 0 0 0 0 0 0 0 
0 0 0 0 1 1 0 0 0 0 
1 0 0 0 0 0 0 1 0 0 
0 0 0 0 0 0 0 1 0 1 
0 0 0 0 0 0 1 0 0 1 
1 0 0 0 0 0 0 0 1 0 
Best Sequence: 
9 7 6 2 4 1 0 5 3 8 
0 0 0 0 0 0 0 0 1 1 
0 0 0 0 1 1 0 0 0 0 
0 0 0 0 0 0 0 1 1 0 
0 0 0 0 0 1 0 0 1 0 
0 0 0 1 1 0 0 0 0 0 
0 0 1 0 0 0 0 0 0 1 
0 0 0 0 0 0 1 1 0 0 
1 0 1 0 0 0 0 0 0 0 
0 0 0 1 0 0 0 1 0 0 
0 0 0 0 0 0 0 0 1 1 
0 0 1 0 1 0 0 0 0 0 
1 0 0 1 0 0 0 0 0 0 
0 1 0 1 0 0 0 0 0 0 
0 1 0 0 0 1 0 0 0 0 
0 0 0 0 0 1 1 0 0 0 
0 0 0 0 1 0 0 1 0 0 
0 1 0 0 0 0 1 0 0 0 
1 1 0 0 0 0 0 0 0 0 
1 0 1 0 0 0 0 0 0 0 
0 0 0 0 0 0 1 0 0 1 
OpenStacks: 8
Took 39.9 seconds

buffer: Warwick 982: balanced orders and products, 2 products per order
numCustomers: 20
numProducts: 10
1 0 0 0 0 1 0 0 0 0 
1 0 0 0 0 0 0 1 0 0 
0 0 0 0 1 0 1 0 0 0 
0 1 0 0 0 0 0 1 0 0 
0 0 1 0 0 0 0 1 0 0 
0 0 0 0 1 0 1 0 0 0 
0 0 0 0 0 0 1 0 0 1 
0 1 0 1 0 0 0 0 0 0 
0 0 1 0 1 0 0 0 0 0 
1 0 0 0 0 0 1 0 0 0 
0 0 0 0 0 0 0 0 1 1 
0 1 0 0 0 0 0 0 1 0 
0 0 0 1 1 0 0 0 0 0 
0 0 0 1 0 0 0 0 1 0 
0 1 0 0 0 1 0 0 0 0 
0 0 1 0 0 1 0 0 0 0 
0 0 1 0 0 0 0 0 0 1 
0 0 0 1 0 0 0 1 0 0 
1 0 0 0 0 1 0 0 0 0 
0 0 0 0 0 0 0 0 1 1 
Best Sequence: 
9 8 6 4 2 3 1 5 0 7 
0 0 0 0 0 0 0 1 1 0 
0 0 0 0 0 0 0 0 1 1 
0 0 1 1 0 0 0 0 0 0 
0 0 0 0 0 0 1 0 0 1 
0 0 0 0 1 0 0 0 0 1 
0 0 1 1 0 0 0 0 0 0 
1 0 1 0 0 0 0 0 0 0 
0 0 0 0 0 1 1 0 0 0 
0 0 0 1 1 0 0 0 0 0 
0 0 1 0 0 0 0 0 1 0 
1 1 0 0 0 0 0 0 0 0 
0 1 0 0 0 0 1 0 0 0 
0 0 0 1 0 1 0 0 0 0 
0 1 0 0 0 1 0 0 0 0 
0 0 0 0 0 0 1 1 0 0 
0 0 0 0 1 0 0 1 0 0 
1 0 0 0 1 0 0 0 0 0 
0 0 0 0 0 1 0 0 0 1 
0 0 0 0 0 0 0 1 1 0 
1 1 0 0 0 0 0 0 0 0 
OpenStacks: 8
Took 40.03 seconds

buffer: Warwick 983: balanced orders and products, 2 products per order
numCustomers: 20
numProducts: 10
0 0 0 0 0 0 0 1 0 1 
1 0 0 0 0 0 0 0 1 0 
1 0 0 0 1 0 0 0 0 0 
0 0 0 1 0 1 0 0 0 0 
0 0 0 0 1 1 0 0 0 0 
0 0 0 0 0 0 0 1 0 1 
0 0 0 0 0 0 0 1 1 0 
0 1 1 0 0 0 0 0 0 0 
0 1 0 0 1 0 0 0 0 0 
0 1 0 0 0 0 0 0 0 1 
0 1 1 0 0 0 0 0 0 0 
0 0 1 0 0 0 1 0 0 0 
0 0 0 1 0 0 1 0 0 0 
0 0 0 0 0 0 0 1 1 0 
0 0 1 0 0 0 0 0 0 1 
0 0 0 0 0 0 1 0 1 0 
0 0 0 1 0 0 1 0 0 0 
0 0 0 1 0 1 0 0 0 0 
1 0 0 0 0 1 0 0 0 0 
1 0 0 0 1 0 0 0 0 0 
Best Sequence: 
2 1 9 7 8 6 3 5 0 4 
0 0 1 1 0 0 0 0 0 0 
0 0 0 0 1 0 0 0 1 0 
0 0 0 0 0 0 0 0 1 1 
0 0 0 0 0 0 1 1 0 0 
0 0 0 0 0 0 0 1 0 1 
0 0 1 1 0 0 0 0 0 0 
0 0 0 1 1 0 0 0 0 0 
1 1 0 0 0 0 0 0 0 0 
0 1 0 0 0 0 0 0 0 1 
0 1 1 0 0 0 0 0 0 0 
1 1 0 0 0 0 0 0 0 0 
1 0 0 0 0 1 0 0 0 0 
0 0 0 0 0 1 1 0 0 0 
0 0 0 1 1 0 0 0 0 0 
1 0 1 0 0 0 0 0 0 0 
0 0 0 0 1 1 0 0 0 0 
0 0 0 0 0 1 1 0 0 0 
0 0 0 0 0 0 1 1 0 0 
0 0 0 0 0 0 0 1 1 0 
0 0 0 0 0 0 0 0 1 1 
OpenStacks: 6
Took 39.75 seconds

buffer: Warwick 984: balanced orders and products, 2 products per order
numCustomers: 20
numProducts: 10
1 0 0 0 0 1 0 0 0 0 
0 0 0 1 0 0 0 0 0 1 
1 0 0 1 0 0 0 0 0 0 
0 0 0 0 0 0 0 0 1 1 
0 0 0 0 1 0 0 1 0 0 
0 1 1 0 0 0 0 0 0 0 
0 0 1 0 0 0 1 0 0 0 
1 0 0 0 0 1 0 0 0 0 
0 0 0 0 0 0 0 1 0 1 
0 1 0 0 0 1 0 0 0 0 
0 1 0 0 0 0 0 0 1 0 
0 0 0 0 1 0 0 0 0 1 
0 1 0 0 0 0 1 0 0 0 
0 0 0 0 1 0 0 1 0 0 
0 0 0 0 0 0 1 1 0 0 
0 0 1 0 0 0 0 0 1 0 
0 0 1 0 0 0 1 0 0 0 
0 0 0 1 0 1 0 0 0 0 
1 0 0 1 0 0 0 0 0 0 
0 0 0 0 1 0 0 0 1 0 
Best Sequence: 
9 7 4 8 6 2 1 3 0 5 
0 0 0 0 0 0 0 0 1 1 
1 0 0 0 0 0 0 1 0 0 
0 0 0 0 0 0 0 1 1 0 
1 0 0 1 0 0 0 0 0 0 
0 1 1 0 0 0 0 0 0 0 
0 0 0 0 0 1 1 0 0 0 
0 0 0 0 1 1 0 0 0 0 
0 0 0 0 0 0 0 0 1 1 
1 1 0 0 0 0 0 0 0 0 
0 0 0 0 0 0 1 0 0 1 
0 0 0 1 0 0 1 0 0 0 
1 0 1 0 0 0 0 0 0 0 
0 0 0 0 1 0 1 0 0 0 
0 1 1 0 0 0 0 0 0 0 
0 1 0 0 1 0 0 0 0 0 
0 0 0 1 0 1 0 0 0 0 
0 0 0 0 1 1 0 0 0 0 
0 0 0 0 0 0 0 1 0 1 
0 0 0 0 0 0 0 1 1 0 
0 0 1 1 0 0 0 0 0 0 
OpenStacks: 7
Took 39.88 seconds

buffer: Warwick 985: balanced orders and products, 2 products per order
numCustomers: 20
numProducts: 10
0 1 0 0 0 0 0 0 1 0 
0 1 0 0 1 0 0 0 0 0 
0 1 0 0 1 0 0 0 0 0 
0 0 0 0 1 0 0 0 0 1 
1 0 0 0 0 0 1 0 0 0 
0 0 0 0 0 0 0 1 1 0 
0 0 1 1 0 0 0 0 0 0 
1 0 1 0 0 0 0 0 0 0 
0 0 1 0 0 0 0 0 1 0 
0 0 0 0 0 0 1 1 0 0 
0 0 0 0 0 0 0 1 0 1 
0 1 0 0 0 0 0 0 0 1 
0 0 0 1 0 1 0 0 0 0 
0 0 0 1 0 0 1 0 0 0 
0 0 0 0 0 0 1 0 1 0 
0 0 0 0 1 0 0 1 0 0 
1 0 0 0 0 0 0 0 0 1 
1 0 0 0 0 1 0 0 0 0 
0 0 0 1 0 1 0 0 0 0 
0 0 1 0 0 1 0 0 0 0 
Best Sequence: 
4 1 9 7 8 6 0 2 3 5 
0 1 0 0 1 0 0 0 0 0 
1 1 0 0 0 0 0 0 0 0 
1 1 0 0 0 0 0 0 0 0 
1 0 1 0 0 0 0 0 0 0 
0 0 0 0 0 1 1 0 0 0 
0 0 0 1 1 0 0 0 0 0 
0 0 0 0 0 0 0 1 1 0 
0 0 0 0 0 0 1 1 0 0 
0 0 0 0 1 0 0 1 0 0 
0 0 0 1 0 1 0 0 0 0 
0 0 1 1 0 0 0 0 0 0 
0 1 1 0 0 0 0 0 0 0 
0 0 0 0 0 0 0 0 1 1 
0 0 0 0 0 1 0 0 1 0 
0 0 0 0 1 1 0 0 0 0 
1 0 0 1 0 0 0 0 0 0 
0 0 1 0 0 0 1 0 0 0 
0 0 0 0 0 0 1 0 0 1 
0 0 0 0 0 0 0 0 1 1 
0 0 0 0 0 0 0 1 0 1 
OpenStacks: 6
Took 39.79 seconds

buffer: Warwick 986: balanced orders and products, 2 products per order
numCustomers: 20
numProducts: 10
0 0 0 0 1 1 0 0 0 0 
0 1 0 0 0 1 0 0 0 0 
0 1 1 0 0 0 0 0 0 0 
1 0 0 0 0 0 0 0 0 1 
0 0 0 0 0 0 0 1 0 1 
0 0 0 1 0 0 0 0 1 0 
0 0 1 0 1 0 0 0 0 0 
0 0 0 1 0 0 1 0 0 0 
0 0 0 0 0 1 1 0 0 0 
1 1 0 0 0 0 0 0 0 0 
0 0 1 0 0 0 0 0 1 0 
1 0 0 1 0 0 0 0 0 0 
0 0 0 0 0 0 1 1 0 0 
0 1 1 0 0 0 0 0 0 0 
1 0 0 0 0 0 0 0 0 1 
0 0 0 1 1 0 0 0 0 0 
0 0 0 0 0 0 0 1 1 0 
0 0 0 0 1 0 1 0 0 0 
0 0 0 0 0 1 0 0 0 1 
0 0 0 0 0 0 0 1 1 0 
Best Sequence: 
9 5 0 1 2 4 3 6 7 8 
0 1 0 0 0 1 0 0 0 0 
0 1 0 1 0 0 0 0 0 0 
0 0 0 1 1 0 0 0 0 0 
1 0 1 0 0 0 0 0 0 0 
1 0 0 0 0 0 0 0 1 0 
0 0 0 0 0 0 1 0 0 1 
0 0 0 0 1 1 0 0 0 0 
0 0 0 0 0 0 1 1 0 0 
0 1 0 0 0 0 0 1 0 0 
0 0 1 1 0 0 0 0 0 0 
0 0 0 0 1 0 0 0 0 1 
0 0 1 0 0 0 1 0 0 0 
0 0 0 0 0 0 0 1 1 0 
0 0 0 1 1 0 0 0 0 0 
1 0 1 0 0 0 0 0 0 0 
0 0 0 0 0 1 1 0 0 0 
0 0 0 0 0 0 0 0 1 1 
0 0 0 0 0 1 0 1 0 0 
1 1 0 0 0 0 0 0 0 0 
0 0 0 0 0 0 0 0 1 1 
OpenStacks: 8
Took 40.06 seconds

buffer: Warwick 987: balanced orders and products, 2 products per order
numCustomers: 20
numProducts: 10
0 0 0 0 1 0 1 0 0 0 
0 1 0 0 0 1 0 0 0 0 
0 0 0 1 0 0 0 0 1 0 
1 0 1 0 0 0 0 0 0 0 
0 0 0 0 0 0 0 1 0 1 
0 1 0 0 0 1 0 0 0 0 
1 0 0 0 0 0 1 0 0 0 
0 0 0 0 0 0 1 0 0 1 
0 0 0 0 1 1 0 0 0 0 
1 0 1 0 0 0 0 0 0 0 
1 0 0 0 0 0 0 0 0 1 
0 0 0 1 1 0 0 0 0 0 
0 0 0 1 1 0 0 0 0 0 
0 0 0 0 0 0 0 1 1 0 
0 0 0 1 0 0 0 0 0 1 
0 1 0 0 0 0 0 0 1 0 
0 1 1 0 0 0 0 0 0 0 
0 0 0 0 0 0 0 1 1 0 
0 0 1 0 0 0 1 0 0 0 
0 0 0 0 0 1 0 1 0 0 
Best Sequence: 
2 0 9 6 3 4 1 5 7 8 
0 0 0 1 0 1 0 0 0 0 
0 0 0 0 0 0 1 1 0 0 
0 0 0 0 1 0 0 0 0 1 
1 1 0 0 0 0 0 0 0 0 
0 0 1 0 0 0 0 0 1 0 
0 0 0 0 0 0 1 1 0 0 
0 1 0 1 0 0 0 0 0 0 
0 0 1 1 0 0 0 0 0 0 
0 0 0 0 0 1 0 1 0 0 
1 1 0 0 0 0 0 0 0 0 
0 1 1 0 0 0 0 0 0 0 
0 0 0 0 1 1 0 0 0 0 
0 0 0 0 1 1 0 0 0 0 
0 0 0 0 0 0 0 0 1 1 
0 0 1 0 1 0 0 0 0 0 
0 0 0 0 0 0 1 0 0 1 
1 0 0 0 0 0 1 0 0 0 
0 0 0 0 0 0 0 0 1 1 
1 0 0 1 0 0 0 0 0 0 
0 0 0 0 0 0 0 1 1 0 
OpenStacks: 7
Took 39.89 seconds

buffer: Warwick 988: balanced orders and products, 2 products per order
numCustomers: 20
numProducts: 10
0 0 0 0 0 1 0 1 0 0 
1 0 0 1 0 0 0 0 0 0 
1 0 0 0 0 0 0 1 0 0 
0 0 0 0 0 0 1 1 0 0 
0 0 1 0 0 1 0 0 0 0 
0 0 0 0 0 0 0 1 0 1 
0 1 1 0 0 0 0 0 0 0 
1 0 0 0 1 0 0 0 0 0 
1 0 0 0 0 0 0 0 1 0 
0 0 0 0 1 0 1 0 0 0 
0 1 0 0 1 0 0 0 0 0 
0 0 0 0 0 0 1 0 0 1 
0 1 0 0 0 0 0 0 1 0 
0 0 1 1 0 0 0 0 0 0 
0 0 1 1 0 0 0 0 0 0 
0 1 0 0 0 0 0 0 0 1 
0 0 0 0 1 1 0 0 0 0 
0 0 0 1 0 0 1 0 0 0 
0 0 0 0 0 1 0 0 1 0 
0 0 0 0 0 0 0 0 1 1 
Best Sequence: 
9 6 3 2 1 4 0 5 7 8 
0 0 0 0 0 0 0 1 1 0 
0 0 1 0 0 0 1 0 0 0 
0 0 0 0 0 0 1 0 1 0 
0 1 0 0 0 0 0 0 1 0 
0 0 0 1 0 0 0 1 0 0 
1 0 0 0 0 0 0 0 1 0 
0 0 0 1 1 0 0 0 0 0 
0 0 0 0 0 1 1 0 0 0 
0 0 0 0 0 0 1 0 0 1 
0 1 0 0 0 1 0 0 0 0 
0 0 0 0 1 1 0 0 0 0 
1 1 0 0 0 0 0 0 0 0 
0 0 0 0 1 0 0 0 0 1 
0 0 1 1 0 0 0 0 0 0 
0 0 1 1 0 0 0 0 0 0 
1 0 0 0 1 0 0 0 0 0 
0 0 0 0 0 1 0 1 0 0 
0 1 1 0 0 0 0 0 0 0 
0 0 0 0 0 0 0 1 0 1 
1 0 0 0 0 0 0 0 0 1 
OpenStacks: 10
Took 39.79 seconds

buffer: Warwick 989: balanced orders and products, 2 products per order
numCustomers: 20
numProducts: 10
0 0 0 1 0 0 0 1 0 0 
0 0 0 0 0 0 1 0 1 0 
0 0 1 0 0 1 0 0 0 0 
0 0 0 0 1 0 1 0 0 0 
0 1 0 0 0 0 0 0 0 1 
1 0 0 0 1 0 0 0 0 0 
0 0 0 0 0 0 0 1 0 1 
0 0 0 0 0 1 0 0 1 0 
0 0 0 1 1 0 0 0 0 0 
0 1 0 1 0 0 0 0 0 0 
0 0 1 0 1 0 0 0 0 0 
0 0 0 0 0 0 1 1 0 0 
1 1 0 0 0 0 0 0 0 0 
0 0 0 0 0 1 0 1 0 0 
0 0 0 1 0 0 0 0 0 1 
1 0 0 0 0 0 0 0 0 1 
1 1 0 0 0 0 0 0 0 0 
0 0 1 0 0 0 0 0 1 0 
0 0 0 0 0 1 1 0 0 0 
0 0 1 0 0 0 0 0 1 0 
Best Sequence: 
1 0 9 3 7 4 6 5 2 8 
0 0 0 1 1 0 0 0 0 0 
0 0 0 0 0 0 1 0 0 1 
0 0 0 0 0 0 0 1 1 0 
0 0 0 0 0 1 1 0 0 0 
1 0 1 0 0 0 0 0 0 0 
0 1 0 0 0 1 0 0 0 0 
0 0 1 0 1 0 0 0 0 0 
0 0 0 0 0 0 0 1 0 1 
0 0 0 1 0 1 0 0 0 0 
1 0 0 1 0 0 0 0 0 0 
0 0 0 0 0 1 0 0 1 0 
0 0 0 0 1 0 1 0 0 0 
1 1 0 0 0 0 0 0 0 0 
0 0 0 0 1 0 0 1 0 0 
0 0 1 1 0 0 0 0 0 0 
0 1 1 0 0 0 0 0 0 0 
1 1 0 0 0 0 0 0 0 0 
0 0 0 0 0 0 0 0 1 1 
0 0 0 0 0 0 1 1 0 0 
0 0 0 0 0 0 0 0 1 1 
OpenStacks: 6
Took 40.07 seconds

buffer: Warwick 990: balanced orders and products, 2 products per order
numCustomers: 20
numProducts: 10
1 0 0 0 1 0 0 0 0 0 
0 0 1 0 0 0 0 0 1 0 
0 1 0 0 0 0 0 0 1 0 
0 0 0 0 0 0 1 0 1 0 
0 0 0 1 1 0 0 0 0 0 
0 0 0 0 0 1 0 0 0 1 
0 1 0 0 0 0 0 0 0 1 
0 0 0 0 1 0 1 0 0 0 
1 0 0 0 0 1 0 0 0 0 
0 0 0 0 1 0 0 1 0 0 
0 0 1 0 0 0 0 1 0 0 
0 0 0 1 0 0 0 0 0 1 
0 0 0 0 0 1 0 0 1 0 
0 0 0 1 0 0 0 1 0 0 
1 0 1 0 0 0 0 0 0 0 
0 0 1 0 0 1 0 0 0 0 
1 0 0 0 0 0 1 0 0 0 
0 1 0 0 0 0 0 0 0 1 
0 0 0 1 0 0 1 0 0 0 
0 1 0 0 0 0 0 1 0 0 
Best Sequence: 
9 1 7 3 4 6 0 2 5 8 
0 0 0 0 1 0 1 0 0 0 
0 0 0 0 0 0 0 1 0 1 
0 1 0 0 0 0 0 0 0 1 
0 0 0 0 0 1 0 0 0 1 
0 0 0 1 1 0 0 0 0 0 
1 0 0 0 0 0 0 0 1 0 
1 1 0 0 0 0 0 0 0 0 
0 0 0 0 1 1 0 0 0 0 
0 0 0 0 0 0 1 0 1 0 
0 0 1 0 1 0 0 0 0 0 
0 0 1 0 0 0 0 1 0 0 
1 0 0 1 0 0 0 0 0 0 
0 0 0 0 0 0 0 0 1 1 
0 0 1 1 0 0 0 0 0 0 
0 0 0 0 0 0 1 1 0 0 
0 0 0 0 0 0 0 1 1 0 
0 0 0 0 0 1 1 0 0 0 
1 1 0 0 0 0 0 0 0 0 
0 0 0 1 0 1 0 0 0 0 
0 1 1 0 0 0 0 0 0 0 
OpenStacks: 8
Took 40.12 seconds

buffer: Warwick 991: balanced orders and products, 3 products per order
numCustomers: 20
numProducts: 10
0 0 0 0 1 0 1 0 0 1 
1 0 0 1 0 0 1 0 0 0 
1 1 0 0 1 0 0 0 0 0 
0 1 0 0 1 1 0 0 0 0 
0 0 1 0 0 1 1 0 0 0 
0 0 1 0 0 1 0 0 1 0 
0 1 0 1 0 0 0 0 0 1 
0 0 1 0 0 0 0 0 1 1 
1 0 0 0 0 0 1 0 1 0 
0 1 0 0 0 0 0 1 0 1 
0 0 1 0 0 0 1 1 0 0 
0 0 0 0 0 1 0 1 1 0 
1 0 1 0 0 1 0 0 0 0 
0 0 1 1 0 0 0 0 1 0 
0 0 0 1 1 0 0 1 0 0 
0 1 0 0 0 1 0 0 0 1 
0 0 0 1 1 0 0 0 0 1 
1 1 0 0 0 0 0 1 0 0 
0 0 0 1 1 0 0 1 0 0 
1 0 0 0 0 0 1 0 1 0 
Best Sequence: 
9 4 3 1 7 2 5 0 6 8 
1 1 0 0 0 0 0 0 1 0 
0 0 1 0 0 0 0 1 1 0 
0 1 0 1 0 0 0 1 0 0 
0 1 0 1 0 0 1 0 0 0 
0 0 0 0 0 1 1 0 1 0 
0 0 0 0 0 1 1 0 0 1 
1 0 1 1 0 0 0 0 0 0 
1 0 0 0 0 1 0 0 0 1 
0 0 0 0 0 0 0 1 1 1 
1 0 0 1 1 0 0 0 0 0 
0 0 0 0 1 1 0 0 1 0 
0 0 0 0 1 0 1 0 0 1 
0 0 0 0 0 1 1 1 0 0 
0 0 1 0 0 1 0 0 0 1 
0 1 1 0 1 0 0 0 0 0 
1 0 0 1 0 0 1 0 0 0 
1 1 1 0 0 0 0 0 0 0 
0 0 0 1 1 0 0 1 0 0 
0 1 1 0 1 0 0 0 0 0 
0 0 0 0 0 0 0 1 1 1 
OpenStacks: 13
Took 39.44 seconds

buffer: Warwick 992: balanced orders and products, 3 products per order
numCustomers: 20
numProducts: 10
0 0 1 0 1 0 0 0 1 0 
0 0 0 1 1 0 0 1 0 0 
1 0 1 0 0 0 0 0 1 0 
0 1 0 1 1 0 0 0 0 0 
1 0 0 0 0 0 1 0 0 1 
0 0 1 0 0 0 1 0 0 1 
0 0 1 0 0 0 0 1 1 0 
1 0 1 0 0 0 0 0 0 1 
0 0 0 0 0 1 1 1 0 0 
1 0 0 1 0 0 0 1 0 0 
0 0 0 1 1 0 0 0 1 0 
0 0 0 0 0 1 1 0 0 1 
0 0 0 1 1 0 0 1 0 0 
0 1 0 0 1 0 0 1 0 0 
0 1 0 0 0 1 1 0 0 0 
0 0 0 0 0 1 1 0 0 1 
0 1 0 1 0 1 0 0 0 0 
1 0 1 0 0 0 0 0 1 0 
0 1 0 0 0 0 0 0 1 1 
1 1 0 0 0 1 0 0 0 0 
Best Sequence: 
9 6 5 0 2 1 7 3 4 8 
0 0 0 0 1 0 0 0 1 1 
0 0 0 0 0 0 1 1 1 0 
0 0 0 1 1 0 0 0 0 1 
0 0 0 0 0 1 0 1 1 0 
1 1 0 1 0 0 0 0 0 0 
1 1 0 0 1 0 0 0 0 0 
0 0 0 0 1 0 1 0 0 1 
1 0 0 1 1 0 0 0 0 0 
0 1 1 0 0 0 1 0 0 0 
0 0 0 1 0 0 1 1 0 0 
0 0 0 0 0 0 0 1 1 1 
1 1 1 0 0 0 0 0 0 0 
0 0 0 0 0 0 1 1 1 0 
0 0 0 0 0 1 1 0 1 0 
0 1 1 0 0 1 0 0 0 0 
1 1 1 0 0 0 0 0 0 0 
0 0 1 0 0 1 0 1 0 0 
0 0 0 1 1 0 0 0 0 1 
1 0 0 0 0 1 0 0 0 1 
0 0 1 1 0 1 0 0 0 0 
OpenStacks: 12
Took 39.32 seconds

buffer: Warwick 993: balanced orders and products, 3 products per order
numCustomers: 20
numProducts: 10
0 0 1 0 0 1 0 0 1 0 
1 0 0 0 0 0 0 1 0 1 
1 0 0 0 0 1 0 0 1 0 
0 1 0 1 1 0 0 0 0 0 
1 1 0 0 0 1 0 0 0 0 
0 0 0 0 1 0 0 1 0 1 
0 1 0 0 1 0 0 0 1 0 
0 0 1 0 0 1 0 1 0 0 
0 0 0 0 1 0 1 0 1 0 
0 1 0 1 0 0 1 0 0 0 
0 1 0 0 1 0 0 1 0 0 
0 0 1 0 0 0 0 1 0 1 
0 0 1 1 0 0 1 0 0 0 
0 0 1 1 0 0 1 0 0 0 
0 1 0 0 0 0 0 1 0 1 
1 0 0 0 0 0 0 0 1 1 
1 0 0 1 1 0 0 0 0 0 
0 0 1 0 0 0 0 0 1 1 
0 0 0 1 0 1 1 0 0 0 
1 0 0 0 0 1 1 0 0 0 
Best Sequence: 
9 7 4 1 8 0 5 3 2 6 
0 0 0 0 1 0 1 0 1 0 
1 1 0 0 0 1 0 0 0 0 
0 0 0 0 1 1 1 0 0 0 
0 0 1 1 0 0 0 1 0 0 
0 0 0 1 0 1 1 0 0 0 
1 1 1 0 0 0 0 0 0 0 
0 0 1 1 1 0 0 0 0 0 
0 1 0 0 0 0 1 0 1 0 
0 0 1 0 1 0 0 0 0 1 
0 0 0 1 0 0 0 1 0 1 
0 1 1 1 0 0 0 0 0 0 
1 1 0 0 0 0 0 0 1 0 
0 0 0 0 0 0 0 1 1 1 
0 0 0 0 0 0 0 1 1 1 
1 1 0 1 0 0 0 0 0 0 
1 0 0 0 1 1 0 0 0 0 
0 0 1 0 0 1 0 1 0 0 
1 0 0 0 1 0 0 0 1 0 
0 0 0 0 0 0 1 1 0 1 
0 0 0 0 0 1 1 0 0 1 
OpenStacks: 13
Took 39.44 seconds

buffer: Warwick 994: balanced orders and products, 3 products per order
numCustomers: 20
numProducts: 10
0 0 0 1 0 0 1 1 0 0 
0 0 1 1 0 0 0 1 0 0 
1 1 0 0 1 0 0 0 0 0 
0 1 0 0 0 1 1 0 0 0 
0 0 0 0 0 0 0 1 1 1 
0 0 0 1 1 0 0 1 0 0 
1 1 0 0 0 1 0 0 0 0 
0 0 1 0 0 0 0 1 0 1 
0 1 0 0 0 1 0 0 1 0 
0 0 0 0 0 1 1 1 0 0 
0 1 1 0 1 0 0 0 0 0 
0 0 0 0 1 0 1 0 0 1 
1 0 1 0 1 0 0 0 0 0 
1 0 0 0 1 0 0 0 0 1 
0 1 1 0 0 0 0 0 1 0 
1 0 1 0 0 0 0 0 1 0 
0 0 0 1 0 0 1 0 0 1 
0 0 0 1 0 0 0 0 1 1 
0 0 0 0 0 1 1 0 1 0 
1 0 0 1 0 1 0 0 0 0 
Best Sequence: 
9 7 2 3 4 0 1 5 6 8 
0 1 0 1 0 0 0 0 1 0 
0 1 1 1 0 0 0 0 0 0 
0 0 0 0 1 1 1 0 0 0 
0 0 0 0 0 0 1 1 1 0 
1 1 0 0 0 0 0 0 0 1 
0 1 0 1 1 0 0 0 0 0 
0 0 0 0 0 1 1 1 0 0 
1 1 1 0 0 0 0 0 0 0 
0 0 0 0 0 0 1 1 0 1 
0 1 0 0 0 0 0 1 1 0 
0 0 1 0 1 0 1 0 0 0 
1 0 0 0 1 0 0 0 1 0 
0 0 1 0 1 1 0 0 0 0 
1 0 0 0 1 1 0 0 0 0 
0 0 1 0 0 0 1 0 0 1 
0 0 1 0 0 1 0 0 0 1 
1 0 0 1 0 0 0 0 1 0 
1 0 0 1 0 0 0 0 0 1 
0 0 0 0 0 0 0 1 1 1 
0 0 0 1 0 1 0 1 0 0 
OpenStacks: 14
Took 39.35 seconds

buffer: Warwick 995: balanced orders and products, 3 products per order
numCustomers: 20
numProducts: 10
0 0 1 0 1 0 0 0 1 0 
0 0 0 1 0 0 1 1 0 0 
0 1 1 0 0 1 0 0 0 0 
1 0 0 0 0 0 0 1 0 1 
1 0 0 0 0 1 0 0 0 1 
0 0 0 1 1 0 1 0 0 0 
0 0 1 0 0 0 0 1 0 1 
0 1 1 0 0 1 0 0 0 0 
0 0 0 1 0 0 1 1 0 0 
1 1 0 0 0 0 1 0 0 0 
0 0 0 1 1 1 0 0 0 0 
0 0 0 1 0 0 0 0 1 1 
1 0 0 0 0 0 0 0 1 1 
1 1 0 0 1 0 0 0 0 0 
0 0 0 1 0 0 1 0 1 0 
0 1 0 0 0 1 0 0 1 0 
0 0 0 0 0 0 1 1 1 0 
0 0 1 0 1 1 0 0 0 0 
1 0 0 0 1 0 0 1 0 0 
0 1 1 0 0 0 0 0 0 1 
Best Sequence: 
5 2 1 9 0 4 8 6 3 7 
0 1 0 0 0 1 1 0 0 0 
0 0 0 0 0 0 0 1 1 1 
1 1 1 0 0 0 0 0 0 0 
0 0 0 1 1 0 0 0 0 1 
1 0 0 1 1 0 0 0 0 0 
0 0 0 0 0 1 0 1 1 0 
0 1 0 1 0 0 0 0 0 1 
1 1 1 0 0 0 0 0 0 0 
0 0 0 0 0 0 0 1 1 1 
0 0 1 0 1 0 0 1 0 0 
1 0 0 0 0 1 0 0 1 0 
0 0 0 1 0 0 1 0 1 0 
0 0 0 1 1 0 1 0 0 0 
0 0 1 0 1 1 0 0 0 0 
0 0 0 0 0 0 1 1 1 0 
1 0 1 0 0 0 1 0 0 0 
0 0 0 0 0 0 1 1 0 1 
1 1 0 0 0 1 0 0 0 0 
0 0 0 0 1 1 0 0 0 1 
0 1 1 1 0 0 0 0 0 0 
OpenStacks: 12
Took 39.56 seconds

buffer: Warwick 996: balanced orders and products, 3 products per order
numCustomers: 20
numProducts: 10
0 0 0 1 1 0 0 0 1 0 
0 1 0 1 0 1 0 0 0 0 
1 0 1 0 0 0 0 1 0 0 
1 0 1 0 0 0 0 0 0 1 
0 0 1 0 0 0 0 0 1 1 
0 0 1 0 1 1 0 0 0 0 
0 1 0 0 0 0 0 1 1 0 
0 0 1 0 1 1 0 0 0 0 
1 0 0 0 0 0 1 1 0 0 
0 1 0 1 0 0 1 0 0 0 
0 0 0 0 0 0 1 0 1 1 
0 1 0 0 0 1 0 0 0 1 
0 0 0 1 0 0 1 1 0 0 
0 1 1 0 0 0 0 0 0 1 
1 1 0 0 0 1 0 0 0 0 
0 0 0 0 1 0 1 0 1 0 
1 0 0 0 0 0 1 1 0 0 
0 0 0 1 1 0 0 1 0 0 
0 0 0 0 1 0 0 0 1 1 
1 0 0 1 0 1 0 0 0 0 
