Solving by Dynamic Programming...
buffer: Warwick 231: balanced orders and products, 4 products per order
numCustomers: 10
numProducts: 20
0 0 1 0 0 0 0 0 0 0 0 0 0 1 0 1 1 0 0 0 
0 0 0 0 1 0 0 0 0 0 0 1 0 0 0 0 1 0 1 0 
0 0 0 0 0 0 0 1 0 0 0 0 1 0 1 0 0 1 0 0 
0 0 0 0 0 0 0 0 0 1 1 0 0 0 0 0 0 1 0 1 
1 0 0 0 1 0 0 0 1 0 1 0 0 0 0 0 0 0 0 0 
0 0 1 1 0 1 0 0 1 0 0 0 0 0 0 0 0 0 0 0 
0 0 0 0 0 1 1 1 0 0 0 0 1 0 0 0 0 0 0 0 
1 1 0 0 0 0 0 0 0 1 0 0 0 1 0 0 0 0 0 0 
0 0 0 1 0 0 1 0 0 0 0 1 0 0 1 0 0 0 0 0 
0 1 0 0 0 0 0 0 0 0 0 0 0 0 0 1 0 0 1 1 
Best sequence:
3 5 6 7 12 2 14 0 0 0 0 0 0 0 0 0 0 0 0 0 
0 0 0 0 0 1 0 0 0 0 0 0 0 0 0 0 0 0 0 0 
0 0 0 0 0 0 0 0 0 0 0 0 0 0 0 0 0 0 0 0 
0 0 0 1 1 0 1 0 0 0 0 0 0 0 0 0 0 0 0 0 
0 0 0 0 0 0 0 0 0 0 0 0 0 0 0 0 0 0 0 0 
0 0 0 0 0 0 0 1 1 1 1 1 1 1 1 1 1 1 1 1 
1 1 0 0 0 1 0 0 0 0 0 0 0 0 0 0 0 0 0 0 
0 1 1 1 1 0 0 0 0 0 0 0 0 0 0 0 0 0 0 0 
0 0 0 0 0 0 0 1 1 1 1 1 1 1 1 1 1 1 1 1 
1 0 1 0 0 0 1 0 0 0 0 0 0 0 0 0 0 0 0 0 
0 0 0 0 0 0 0 0 0 0 0 0 0 0 0 0 0 0 0 0 
OpenStacks: 4
Took 3.89 seconds

buffer: Warwick 232: balanced orders and products, 4 products per order
numCustomers: 10
numProducts: 20
1 0 0 0 1 0 0 0 0 1 0 0 1 0 0 0 0 0 0 0 
0 1 0 0 0 0 0 0 1 0 0 0 1 0 0 0 0 0 1 0 
0 1 0 0 1 0 0 0 1 0 0 0 0 0 1 0 0 0 0 0 
0 0 1 0 0 0 0 0 0 0 0 0 0 0 1 0 1 1 0 0 
0 0 0 1 0 1 0 0 0 0 0 0 0 0 0 0 1 0 1 0 
0 0 0 0 0 1 0 0 0 0 1 0 0 1 0 1 0 0 0 0 
0 0 0 0 0 0 1 1 0 0 0 0 0 0 0 0 0 1 0 1 
1 0 0 1 0 0 0 1 0 1 0 0 0 0 0 0 0 0 0 0 
0 0 0 0 0 0 0 0 0 0 1 1 0 1 0 0 0 0 0 1 
0 0 1 0 0 0 1 0 0 0 0 1 0 0 0 1 0 0 0 0 
Best sequence:
0 1 4 8 9 12 3 0 0 0 0 0 0 0 0 0 0 0 0 0 
1 0 1 0 1 1 0 1 1 1 1 1 1 1 1 1 1 1 1 1 
0 1 0 1 0 1 0 0 0 0 0 0 0 0 0 0 0 0 0 0 
0 1 1 1 0 0 0 0 0 0 0 0 0 0 0 0 0 0 0 0 
0 0 0 0 0 0 0 0 0 0 0 0 0 0 0 0 0 0 0 0 
0 0 0 0 0 0 1 0 0 0 0 0 0 0 0 0 0 0 0 0 
0 0 0 0 0 0 0 0 0 0 0 0 0 0 0 0 0 0 0 0 
0 0 0 0 0 0 0 0 0 0 0 0 0 0 0 0 0 0 0 0 
1 0 0 0 1 0 1 1 1 1 1 1 1 1 1 1 1 1 1 1 
0 0 0 0 0 0 0 0 0 0 0 0 0 0 0 0 0 0 0 0 
0 0 0 0 0 0 0 0 0 0 0 0 0 0 0 0 0 0 0 0 
OpenStacks: 4
Took 2.99 seconds

buffer: Warwick 233: balanced orders and products, 4 products per order
numCustomers: 10
numProducts: 20
1 0 1 0 0 0 0 0 0 1 0 0 0 1 0 0 0 0 0 0 
0 0 1 1 0 0 1 0 0 0 1 0 0 0 0 0 0 0 0 0 
0 0 0 0 0 0 1 1 0 0 0 0 0 0 0 1 0 0 0 1 
0 0 0 1 0 1 0 0 1 0 0 0 0 0 0 0 0 0 1 0 
0 0 0 0 0 0 0 0 0 0 0 0 1 1 1 0 1 0 0 0 
0 1 0 0 0 1 0 0 0 0 0 1 0 0 0 0 0 0 1 0 
0 0 0 0 0 0 0 1 0 0 1 1 0 0 0 0 0 0 0 1 
0 0 0 0 1 0 0 0 1 0 0 0 1 0 0 0 1 0 0 0 
1 1 0 0 0 0 0 0 0 1 0 0 0 0 0 0 0 1 0 0 
0 0 0 0 1 0 0 0 0 0 0 0 0 0 1 1 0 1 0 0 
Best sequence:
4 8 12 14 16 5 18 0 0 0 0 0 0 0 0 0 0 0 0 0 
0 0 0 0 0 0 0 1 1 1 1 1 1 1 1 1 1 1 1 1 
0 0 0 0 0 0 0 0 0 0 0 0 0 0 0 0 0 0 0 0 
0 0 0 0 0 0 0 0 0 0 0 0 0 0 0 0 0 0 0 0 
0 1 0 0 0 1 1 0 0 0 0 0 0 0 0 0 0 0 0 0 
0 0 1 1 1 0 0 0 0 0 0 0 0 0 0 0 0 0 0 0 
0 0 0 0 0 1 1 0 0 0 0 0 0 0 0 0 0 0 0 0 
0 0 0 0 0 0 0 0 0 0 0 0 0 0 0 0 0 0 0 0 
1 1 1 0 1 0 0 0 0 0 0 0 0 0 0 0 0 0 0 0 
0 0 0 0 0 0 0 1 1 1 1 1 1 1 1 1 1 1 1 1 
1 0 0 1 0 0 0 0 0 0 0 0 0 0 0 0 0 0 0 0 
OpenStacks: 4
Took 3 seconds

buffer: Warwick 234: balanced orders and products, 4 products per order
numCustomers: 10
numProducts: 20
0 0 0 0 0 0 0 1 0 0 0 1 0 0 0 0 0 1 0 1 
0 0 0 1 0 0 0 0 1 0 0 0 0 0 0 0 1 0 1 0 
0 1 0 0 0 1 0 0 0 0 0 1 0 0 0 0 0 1 0 0 
0 0 0 0 0 0 0 0 0 0 1 0 1 0 0 1 1 0 0 0 
1 0 0 0 1 0 1 0 0 1 0 0 0 0 0 0 0 0 0 0 
0 0 0 0 0 1 0 1 0 0 0 0 0 1 1 0 0 0 0 0 
0 0 0 1 1 0 0 0 1 0 0 0 0 0 0 0 0 0 1 0 
0 0 1 0 0 0 1 0 0 0 0 0 0 1 0 0 0 0 0 1 
0 0 1 0 0 0 0 0 0 0 0 0 1 0 1 1 0 0 0 0 
1 1 0 0 0 0 0 0 0 1 1 0 0 0 0 0 0 0 0 0 
Best sequence:
3 4 8 18 16 0 9 0 0 0 0 0 0 0 0 0 0 0 0 0 
0 0 0 0 0 0 0 0 0 0 0 0 0 0 0 0 0 0 0 0 
1 0 1 1 1 0 0 0 0 0 0 0 0 0 0 0 0 0 0 0 
0 0 0 0 0 0 0 0 0 0 0 0 0 0 0 0 0 0 0 0 
0 0 0 0 1 0 0 0 0 0 0 0 0 0 0 0 0 0 0 0 
0 1 0 0 0 1 1 1 1 1 1 1 1 1 1 1 1 1 1 1 
0 0 0 0 0 0 0 0 0 0 0 0 0 0 0 0 0 0 0 0 
1 1 1 1 0 0 0 0 0 0 0 0 0 0 0 0 0 0 0 0 
0 0 0 0 0 0 0 0 0 0 0 0 0 0 0 0 0 0 0 0 
0 0 0 0 0 0 0 0 0 0 0 0 0 0 0 0 0 0 0 0 
0 0 0 0 0 1 1 1 1 1 1 1 1 1 1 1 1 1 1 1 
OpenStacks: 3
Took 2.98 seconds

buffer: Warwick 235: balanced orders and products, 4 products per order
numCustomers: 10
numProducts: 20
0 0 1 0 1 0 0 0 1 0 0 0 0 0 0 0 0 0 1 0 
1 0 0 1 0 0 0 0 0 1 0 0 0 0 0 0 1 0 0 0 
0 1 0 0 0 0 0 1 0 0 0 0 0 0 0 1 1 0 0 0 
1 0 0 0 0 0 0 1 0 0 0 0 0 1 0 1 0 0 0 0 
0 0 0 0 0 1 0 0 0 0 0 0 1 1 0 0 0 1 0 0 
0 1 0 0 0 0 0 0 0 0 0 0 0 0 1 0 0 1 1 0 
0 0 0 0 0 0 0 0 0 0 1 1 0 0 1 0 0 0 0 1 
0 0 1 0 0 1 1 0 0 0 0 0 0 0 0 0 0 0 0 1 
0 0 0 0 1 0 1 0 0 1 1 0 0 0 0 0 0 0 0 0 
0 0 0 1 0 0 0 0 1 0 0 1 1 0 0 0 0 0 0 0 
Best sequence:
0 1 7 15 16 13 17 0 0 0 0 0 0 0 0 0 0 0 0 0 
0 0 0 0 0 0 0 0 0 0 0 0 0 0 0 0 0 0 0 0 
1 0 0 0 1 0 0 1 1 1 1 1 1 1 1 1 1 1 1 1 
0 1 1 1 1 0 0 0 0 0 0 0 0 0 0 0 0 0 0 0 
1 0 1 1 0 1 0 1 1 1 1 1 1 1 1 1 1 1 1 1 
0 0 0 0 0 1 1 0 0 0 0 0 0 0 0 0 0 0 0 0 
0 1 0 0 0 0 1 0 0 0 0 0 0 0 0 0 0 0 0 0 
0 0 0 0 0 0 0 0 0 0 0 0 0 0 0 0 0 0 0 0 
0 0 0 0 0 0 0 0 0 0 0 0 0 0 0 0 0 0 0 0 
0 0 0 0 0 0 0 0 0 0 0 0 0 0 0 0 0 0 0 0 
0 0 0 0 0 0 0 0 0 0 0 0 0 0 0 0 0 0 0 0 
OpenStacks: 4
Took 3.01 seconds

buffer: Warwick 236: balanced orders and products, 4 products per order
numCustomers: 10
numProducts: 20
1 0 1 0 1 0 0 0 0 0 0 0 0 0 0 0 0 0 0 1 
0 0 0 0 0 0 0 1 1 0 0 0 0 1 0 0 0 0 0 1 
0 0 0 1 0 1 0 0 0 0 0 0 1 0 0 1 0 0 0 0 
1 0 1 0 0 0 0 0 0 0 0 1 0 0 0 0 0 0 1 0 
0 0 0 0 0 0 0 0 1 0 1 0 1 0 1 0 0 0 0 0 
0 0 0 1 0 0 0 0 0 1 0 0 0 0 1 0 0 1 0 0 
0 1 0 0 0 0 1 0 0 1 0 0 0 0 0 0 1 0 0 0 
0 0 0 0 0 1 0 0 0 0 0 1 0 1 0 0 0 1 0 0 
0 0 0 0 1 0 0 0 0 0 0 0 0 0 0 1 1 0 1 0 
0 1 0 0 0 0 1 1 0 0 1 0 0 0 0 0 0 0 0 0 
Best sequence:
0 2 4 11 18 5 15 0 0 0 0 0 0 0 0 0 0 0 0 0 
1 1 1 0 0 0 0 1 1 1 1 1 1 1 1 1 1 1 1 1 
0 0 0 0 0 0 0 0 0 0 0 0 0 0 0 0 0 0 0 0 
0 0 0 0 0 1 1 0 0 0 0 0 0 0 0 0 0 0 0 0 
1 1 0 1 1 0 0 1 1 1 1 1 1 1 1 1 1 1 1 1 
0 0 0 0 0 0 0 0 0 0 0 0 0 0 0 0 0 0 0 0 
0 0 0 0 0 0 0 0 0 0 0 0 0 0 0 0 0 0 0 0 
0 0 0 0 0 0 0 0 0 0 0 0 0 0 0 0 0 0 0 0 
0 0 0 1 0 1 0 0 0 0 0 0 0 0 0 0 0 0 0 0 
0 0 1 0 1 0 1 0 0 0 0 0 0 0 0 0 0 0 0 0 
0 0 0 0 0 0 0 0 0 0 0 0 0 0 0 0 0 0 0 0 
OpenStacks: 4
Took 2.99 seconds

buffer: Warwick 237: balanced orders and products, 4 products per order
numCustomers: 10
numProducts: 20
0 0 1 1 0 0 0 0 0 1 0 0 0 0 0 0 0 1 0 0 
0 0 0 0 1 0 1 0 0 0 0 0 0 0 1 0 0 0 1 0 
0 0 0 0 0 0 0 0 0 1 0 1 1 0 0 0 1 0 0 0 
0 0 0 0 0 0 0 0 1 0 0 0 0 1 0 0 1 0 0 1 
1 0 1 1 0 0 0 0 0 0 0 0 0 0 1 0 0 0 0 0 
0 1 0 0 0 0 0 1 0 0 1 0 1 0 0 0 0 0 0 0 
1 0 0 0 0 0 1 1 0 0 1 0 0 0 0 0 0 0 0 0 
0 0 0 0 0 0 0 0 0 0 0 1 0 0 0 1 0 0 1 1 
0 0 0 0 1 1 0 0 0 0 0 0 0 1 0 1 0 0 0 0 
0 1 0 0 0 1 0 0 1 0 0 0 0 0 0 0 0 1 0 0 
Best sequence:
0 2 3 6 14 7 10 0 0 0 0 0 0 0 0 0 0 0 0 0 
0 1 1 0 0 0 0 0 0 0 0 0 0 0 0 0 0 0 0 0 
0 0 0 1 1 0 0 0 0 0 0 0 0 0 0 0 0 0 0 0 
0 0 0 0 0 0 0 0 0 0 0 0 0 0 0 0 0 0 0 0 
0 0 0 0 0 0 0 0 0 0 0 0 0 0 0 0 0 0 0 0 
1 1 1 0 1 0 0 1 1 1 1 1 1 1 1 1 1 1 1 1 
0 0 0 0 0 1 1 0 0 0 0 0 0 0 0 0 0 0 0 0 
1 0 0 1 0 1 1 1 1 1 1 1 1 1 1 1 1 1 1 1 
0 0 0 0 0 0 0 0 0 0 0 0 0 0 0 0 0 0 0 0 
0 0 0 0 0 0 0 0 0 0 0 0 0 0 0 0 0 0 0 0 
0 0 0 0 0 0 0 0 0 0 0 0 0 0 0 0 0 0 0 0 
OpenStacks: 4
Took 2.99 seconds

buffer: Warwick 238: balanced orders and products, 4 products per order
numCustomers: 10
numProducts: 20
0 0 1 0 0 0 0 0 0 0 1 0 0 0 0 0 1 1 0 0 
0 0 0 0 0 0 0 0 0 0 1 0 0 0 1 0 0 0 1 1 
0 0 0 1 0 0 0 0 0 1 0 0 0 1 1 0 0 0 0 0 
0 1 0 0 0 1 0 0 0 0 0 0 1 0 0 1 0 0 0 0 
0 0 0 0 0 0 1 0 0 0 0 0 0 1 0 1 1 0 0 0 
1 1 0 1 0 0 0 0 0 0 0 0 0 0 0 0 0 0 1 0 
0 0 0 0 1 0 1 0 0 0 0 1 1 0 0 0 0 0 0 0 
0 0 0 0 1 0 0 1 1 0 0 1 0 0 0 0 0 0 0 0 
0 0 1 0 0 1 0 1 0 0 0 0 0 0 0 0 0 0 0 1 
1 0 0 0 0 0 0 0 1 1 0 0 0 0 0 0 0 1 0 0 
Best sequence:
4 6 11 12 5 7 15 0 0 0 0 0 0 0 0 0 0 0 0 0 
0 0 0 0 0 0 0 0 0 0 0 0 0 0 0 0 0 0 0 0 
0 0 0 0 0 0 0 0 0 0 0 0 0 0 0 0 0 0 0 0 
0 0 0 0 0 0 0 0 0 0 0 0 0 0 0 0 0 0 0 0 
0 0 0 1 1 0 1 0 0 0 0 0 0 0 0 0 0 0 0 0 
0 1 0 0 0 0 1 0 0 0 0 0 0 0 0 0 0 0 0 0 
0 0 0 0 0 0 0 1 1 1 1 1 1 1 1 1 1 1 1 1 
1 1 1 1 0 0 0 0 0 0 0 0 0 0 0 0 0 0 0 0 
1 0 1 0 0 1 0 0 0 0 0 0 0 0 0 0 0 0 0 0 
0 0 0 0 1 1 0 0 0 0 0 0 0 0 0 0 0 0 0 0 
0 0 0 0 0 0 0 1 1 1 1 1 1 1 1 1 1 1 1 1 
OpenStacks: 4
Took 3 seconds

buffer: Warwick 239: balanced orders and products, 4 products per order
numCustomers: 10
numProducts: 20
0 0 0 0 0 0 0 0 0 1 0 0 1 0 1 0 0 0 1 0 
0 0 0 1 0 1 1 0 0 0 0 0 0 1 0 0 0 0 0 0 
0 1 1 0 0 0 0 0 0 1 1 0 0 0 0 0 0 0 0 0 
1 0 0 0 0 0 0 1 0 0 0 1 0 0 0 0 0 1 0 0 
0 0 1 0 0 0 1 0 0 0 0 0 0 0 1 0 1 0 0 0 
0 0 0 0 0 1 0 0 0 0 1 0 1 0 0 0 0 0 0 1 
0 0 0 0 0 0 0 0 1 0 0 1 0 0 0 1 0 0 1 0 
1 0 0 1 1 0 0 1 0 0 0 0 0 0 0 0 0 0 0 0 
0 0 0 0 1 0 0 0 1 0 0 0 0 0 0 1 0 1 0 0 
0 1 0 0 0 0 0 0 0 0 0 0 0 1 0 0 1 0 0 1 
Best sequence:
0 3 4 7 8 11 15 0 0 0 0 0 0 0 0 0 0 0 0 0 
0 0 0 0 0 0 0 0 0 0 0 0 0 0 0 0 0 0 0 0 
0 1 0 0 0 0 0 0 0 0 0 0 0 0 0 0 0 0 0 0 
0 0 0 0 0 0 0 0 0 0 0 0 0 0 0 0 0 0 0 0 
1 0 0 1 0 1 0 1 1 1 1 1 1 1 1 1 1 1 1 1 
0 0 0 0 0 0 0 0 0 0 0 0 0 0 0 0 0 0 0 0 
0 0 0 0 0 0 0 0 0 0 0 0 0 0 0 0 0 0 0 0 
0 0 0 0 1 1 1 0 0 0 0 0 0 0 0 0 0 0 0 0 
1 1 1 1 0 0 0 1 1 1 1 1 1 1 1 1 1 1 1 1 
0 0 1 0 1 0 1 0 0 0 0 0 0 0 0 0 0 0 0 0 
0 0 0 0 0 0 0 0 0 0 0 0 0 0 0 0 0 0 0 0 
OpenStacks: 4
Took 2.99 seconds

buffer: Warwick 240: balanced orders and products, 4 products per order
numCustomers: 10
numProducts: 20
1 0 0 1 0 0 0 0 0 0 0 1 1 0 0 0 0 0 0 0 
0 0 0 0 0 0 0 0 1 0 1 1 0 0 0 0 0 1 0 0 
0 0 1 0 0 0 0 1 0 1 0 0 0 0 0 0 0 0 0 1 
0 1 0 0 0 0 0 0 0 0 1 0 0 0 0 1 1 0 0 0 
0 0 1 0 1 0 0 0 0 1 0 0 0 0 1 0 0 0 0 0 
0 1 0 0 0 0 0 0 1 0 0 0 0 0 0 0 0 0 1 1 
1 0 0 1 0 0 0 0 0 0 0 0 0 1 0 0 1 0 0 0 
0 0 0 0 0 1 1 0 0 0 0 0 0 0 1 0 0 1 0 0 
0 0 0 0 1 0 1 0 0 0 0 0 1 1 0 0 0 0 0 0 
0 0 0 0 0 1 0 1 0 0 0 0 0 0 0 1 0 0 1 0 
Best sequence:
0 3 11 12 6 13 17 0 0 0 0 0 0 0 0 0 0 0 0 0 
1 1 1 1 0 0 0 1 1 1 1 1 1 1 1 1 1 1 1 1 
0 0 1 0 0 0 1 0 0 0 0 0 0 0 0 0 0 0 0 0 
0 0 0 0 0 0 0 0 0 0 0 0 0 0 0 0 0 0 0 0 
0 0 0 0 0 0 0 0 0 0 0 0 0 0 0 0 0 0 0 0 
0 0 0 0 0 0 0 0 0 0 0 0 0 0 0 0 0 0 0 0 
0 0 0 0 0 0 0 0 0 0 0 0 0 0 0 0 0 0 0 0 
1 1 0 0 0 1 0 1 1 1 1 1 1 1 1 1 1 1 1 1 
0 0 0 0 1 0 1 0 0 0 0 0 0 0 0 0 0 0 0 0 
0 0 0 1 1 1 0 0 0 0 0 0 0 0 0 0 0 0 0 0 
0 0 0 0 0 0 0 0 0 0 0 0 0 0 0 0 0 0 0 0 
OpenStacks: 4
Took 2.99 seconds

buffer: Warwick 241: balanced orders and products, 6 products per order
numCustomers: 10
numProducts: 20
0 0 0 1 0 1 0 0 0 0 1 0 0 0 1 0 0 0 1 1 
0 0 0 0 1 1 0 0 1 0 0 0 1 0 0 0 1 0 0 1 
1 0 0 0 1 0 0 0 1 0 0 1 0 0 0 1 0 0 1 0 
0 1 0 1 0 0 0 0 0 0 0 0 1 1 1 0 0 0 0 1 
0 1 1 0 0 0 1 1 0 0 0 0 0 1 0 0 0 0 1 0 
0 0 0 0 0 1 0 0 1 0 1 1 0 1 0 0 0 1 0 0 
1 0 1 0 0 0 0 0 0 1 0 0 1 0 1 0 1 0 0 0 
0 0 1 0 0 0 1 1 0 0 0 1 0 0 0 1 0 1 0 0 
0 0 0 0 1 0 1 1 0 1 0 0 0 0 0 0 1 1 0 0 
1 1 0 1 0 0 0 0 0 1 1 0 0 0 0 1 0 0 0 0 
Best sequence:
0 1 2 3 14 15 18 0 0 0 0 0 0 0 0 0 0 0 0 0 
0 0 0 1 1 0 1 0 0 0 0 0 0 0 0 0 0 0 0 0 
0 0 0 0 0 0 0 0 0 0 0 0 0 0 0 0 0 0 0 0 
1 0 0 0 0 1 1 1 1 1 1 1 1 1 1 1 1 1 1 1 
0 1 0 1 1 0 0 0 0 0 0 0 0 0 0 0 0 0 0 0 
0 1 1 0 0 0 1 0 0 0 0 0 0 0 0 0 0 0 0 0 
0 0 0 0 0 0 0 0 0 0 0 0 0 0 0 0 0 0 0 0 
1 0 1 0 1 0 0 1 1 1 1 1 1 1 1 1 1 1 1 1 
0 0 1 0 0 1 0 0 0 0 0 0 0 0 0 0 0 0 0 0 
0 0 0 0 0 0 0 0 0 0 0 0 0 0 0 0 0 0 0 0 
1 1 0 1 0 1 0 1 1 1 1 1 1 1 1 1 1 1 1 1 
OpenStacks: 7
Took 2.99 seconds

buffer: Warwick 242: balanced orders and products, 6 products per order
numCustomers: 10
numProducts: 20
0 0 1 1 0 0 0 1 0 0 0 0 0 0 1 1 0 1 0 0 
0 0 1 0 0 0 1 0 0 1 0 0 0 1 0 0 1 1 0 0 
1 0 0 0 0 1 0 1 1 1 0 0 0 0 0 0 0 0 1 0 
0 0 1 1 0 0 0 0 0 1 0 0 1 1 0 0 0 0 0 1 
1 0 0 0 0 0 0 1 1 0 1 0 0 0 0 0 1 0 0 1 
0 1 0 0 0 0 1 0 0 0 0 1 0 0 1 1 0 0 1 0 
1 0 0 1 1 1 0 0 0 0 1 1 0 0 0 0 0 0 0 0 
0 1 0 0 1 0 0 0 1 0 0 1 0 1 0 1 0 0 0 0 
0 0 0 0 1 1 1 0 0 0 0 0 1 0 0 0 0 0 1 1 
0 1 0 0 0 0 0 0 0 0 1 0 1 0 1 0 1 1 0 0 
Best sequence:
0 1 4 5 8 10 11 0 0 0 0 0 0 0 0 0 0 0 0 0 
0 0 0 0 0 0 0 0 0 0 0 0 0 0 0 0 0 0 0 0 
0 0 0 0 0 0 0 0 0 0 0 0 0 0 0 0 0 0 0 0 
1 0 0 1 1 0 0 1 1 1 1 1 1 1 1 1 1 1 1 1 
0 0 0 0 0 0 0 0 0 0 0 0 0 0 0 0 0 0 0 0 
1 0 0 0 1 1 0 1 1 1 1 1 1 1 1 1 1 1 1 1 
0 1 0 0 0 0 1 0 0 0 0 0 0 0 0 0 0 0 0 0 
1 0 1 1 0 1 1 1 1 1 1 1 1 1 1 1 1 1 1 1 
0 1 1 0 1 0 1 0 0 0 0 0 0 0 0 0 0 0 0 0 
0 0 1 1 0 0 0 0 0 0 0 0 0 0 0 0 0 0 0 0 
0 1 0 0 0 1 0 0 0 0 0 0 0 0 0 0 0 0 0 0 
OpenStacks: 7
Took 2.99 seconds

buffer: Warwick 243: balanced orders and products, 6 products per order
numCustomers: 10
numProducts: 20
1 1 0 0 1 0 0 0 1 0 0 0 0 0 1 0 1 0 0 0 
0 1 0 1 0 0 1 0 0 0 1 0 0 0 0 1 0 0 1 0 
0 1 1 0 0 1 0 0 1 0 0 0 0 0 1 0 0 1 0 0 
0 0 0 0 1 0 0 1 0 0 1 0 0 1 0 0 1 0 1 0 
0 0 1 0 0 0 0 1 1 0 0 1 0 0 0 0 0 1 0 1 
0 0 0 0 0 0 0 1 0 1 0 1 0 0 0 1 0 1 0 1 
0 0 0 1 0 1 0 0 0 1 1 1 1 0 0 0 0 0 0 0 
0 0 0 1 0 1 0 0 0 0 0 0 0 1 1 0 1 0 0 1 
1 0 0 0 0 0 1 0 0 1 0 0 1 1 0 0 0 0 1 0 
1 0 1 0 1 0 1 0 0 0 0 0 1 0 0 1 0 0 0 0 
Best sequence:
0 1 2 4 6 8 18 0 0 0 0 0 0 0 0 0 0 0 0 0 
1 1 0 1 0 1 0 1 1 1 1 1 1 1 1 1 1 1 1 1 
0 1 0 0 1 0 1 0 0 0 0 0 0 0 0 0 0 0 0 0 
0 1 1 0 0 1 0 0 0 0 0 0 0 0 0 0 0 0 0 0 
0 0 0 1 0 0 1 0 0 0 0 0 0 0 0 0 0 0 0 0 
0 0 1 0 0 1 0 0 0 0 0 0 0 0 0 0 0 0 0 0 
0 0 0 0 0 0 0 0 0 0 0 0 0 0 0 0 0 0 0 0 
0 0 0 0 0 0 0 0 0 0 0 0 0 0 0 0 0 0 0 0 
0 0 0 0 0 0 0 0 0 0 0 0 0 0 0 0 0 0 0 0 
1 0 0 0 1 0 1 1 1 1 1 1 1 1 1 1 1 1 1 1 
1 0 1 1 1 0 0 1 1 1 1 1 1 1 1 1 1 1 1 1 
OpenStacks: 7
Took 3 seconds

buffer: Warwick 244: balanced orders and products, 6 products per order
numCustomers: 10
numProducts: 20
0 0 0 0 1 1 1 1 1 0 0 0 0 0 0 0 0 0 1 0 
0 0 0 0 0 0 0 0 1 0 0 0 1 0 1 0 1 0 1 1 
0 1 1 0 0 0 0 0 0 0 1 1 0 1 0 1 0 0 0 0 
1 1 1 0 0 0 0 0 0 0 0 1 0 0 0 0 0 1 1 0 
1 0 0 0 0 1 0 0 0 0 0 0 1 0 1 1 0 0 0 1 
0 0 0 1 0 0 1 1 0 1 1 0 0 0 1 0 0 0 0 0 
1 0 0 0 0 0 1 0 0 1 0 0 0 1 0 0 1 1 0 0 
0 0 0 1 1 1 0 0 0 1 1 0 0 0 0 0 0 1 0 0 
0 0 1 1 1 0 0 0 1 0 0 0 0 0 0 1 1 0 0 0 
0 1 0 0 0 0 0 1 0 0 0 1 1 1 0 0 0 0 0 1 
Best sequence:
0 1 2 11 12 13 15 0 0 0 0 0 0 0 0 0 0 0 0 0 
0 0 0 0 0 0 0 0 0 0 0 0 0 0 0 0 0 0 0 0 
0 0 0 0 1 0 0 0 0 0 0 0 0 0 0 0 0 0 0 0 
0 1 1 1 0 1 1 0 0 0 0 0 0 0 0 0 0 0 0 0 
1 1 1 1 0 0 0 1 1 1 1 1 1 1 1 1 1 1 1 1 
1 0 0 0 1 0 1 1 1 1 1 1 1 1 1 1 1 1 1 1 
0 0 0 0 0 0 0 0 0 0 0 0 0 0 0 0 0 0 0 0 
1 0 0 0 0 1 0 1 1 1 1 1 1 1 1 1 1 1 1 1 
0 0 0 0 0 0 0 0 0 0 0 0 0 0 0 0 0 0 0 0 
0 0 1 0 0 0 1 0 0 0 0 0 0 0 0 0 0 0 0 0 
0 1 0 1 1 1 0 0 0 0 0 0 0 0 0 0 0 0 0 0 
OpenStacks: 7
Took 2.99 seconds

buffer: Warwick 245: balanced orders and products, 6 products per order
numCustomers: 10
numProducts: 20
0 0 0 1 1 1 1 0 0 0 0 0 1 0 0 0 1 0 0 0 
1 1 0 0 1 0 0 0 0 0 0 0 0 0 1 1 1 0 0 0 
1 1 0 0 1 1 0 0 0 1 0 0 0 0 1 0 0 0 0 0 
0 0 0 0 0 0 1 1 0 0 1 0 1 0 0 0 0 0 1 1 
1 0 0 1 0 0 0 1 0 0 0 0 1 1 0 0 1 0 0 0 
0 1 1 1 0 0 0 0 1 1 0 1 0 0 0 0 0 0 0 0 
0 0 1 0 0 0 0 0 0 0 0 1 0 1 1 1 0 1 0 0 
0 0 0 0 0 0 0 0 1 1 1 1 0 0 0 0 0 1 0 1 
0 0 0 0 0 1 0 1 0 0 1 0 0 0 0 1 0 0 1 1 
0 0 1 0 0 0 1 0 1 0 0 0 0 1 0 0 0 1 1 0 
Best sequence:
1 2 8 9 11 14 17 0 0 0 0 0 0 0 0 0 0 0 0 0 
0 0 0 0 0 0 0 0 0 0 0 0 0 0 0 0 0 0 0 0 
1 0 0 0 0 1 0 1 1 1 1 1 1 1 1 1 1 1 1 1 
1 0 0 1 0 1 0 1 1 1 1 1 1 1 1 1 1 1 1 1 
0 0 0 0 0 0 0 0 0 0 0 0 0 0 0 0 0 0 0 0 
0 0 0 0 0 0 0 1 1 1 1 1 1 1 1 1 1 1 1 1 
1 1 1 1 1 0 0 0 0 0 0 0 0 0 0 0 0 0 0 0 
0 1 0 0 1 1 1 0 0 0 0 0 0 0 0 0 0 0 0 0 
0 0 1 1 1 0 1 0 0 0 0 0 0 0 0 0 0 0 0 0 
0 0 0 0 0 0 0 0 0 0 0 0 0 0 0 0 0 0 0 0 
0 1 1 0 0 0 1 0 0 0 0 0 0 0 0 0 0 0 0 0 
OpenStacks: 6
Took 2.99 seconds

buffer: Warwick 246: balanced orders and products, 6 products per order
numCustomers: 10
numProducts: 20
0 0 1 0 0 0 1 0 1 0 0 0 0 1 0 0 1 1 0 0 
1 0 0 0 0 0 1 0 1 0 0 1 0 0 0 1 0 0 0 1 
0 1 0 1 1 1 0 0 0 0 1 0 0 0 1 0 0 0 0 0 
1 0 0 0 0 0 0 0 0 1 1 0 1 0 0 0 0 1 1 0 
0 0 0 1 1 0 0 0 0 0 0 1 1 0 0 1 0 0 1 0 
0 0 0 0 0 0 0 0 0 0 1 0 0 0 1 1 1 1 0 1 
1 0 1 0 1 0 1 0 0 0 0 1 1 0 0 0 0 0 0 0 
0 1 1 1 0 1 0 1 0 1 0 0 0 0 0 0 0 0 0 0 
0 0 0 0 0 0 0 1 1 0 0 0 0 1 0 0 1 0 1 1 
0 1 0 0 0 1 0 1 0 1 0 0 0 1 1 0 0 0 0 0 
Best sequence:
0 1 3 4 5 9 11 0 0 0 0 0 0 0 0 0 0 0 0 0 
0 0 0 0 0 0 0 0 0 0 0 0 0 0 0 0 0 0 0 0 
1 0 0 0 0 0 1 1 1 1 1 1 1 1 1 1 1 1 1 1 
0 1 1 1 1 0 0 0 0 0 0 0 0 0 0 0 0 0 0 0 
1 0 0 0 0 1 0 1 1 1 1 1 1 1 1 1 1 1 1 1 
0 0 1 1 0 0 1 0 0 0 0 0 0 0 0 0 0 0 0 0 
0 0 0 0 0 0 0 0 0 0 0 0 0 0 0 0 0 0 0 0 
1 0 0 1 0 0 1 1 1 1 1 1 1 1 1 1 1 1 1 1 
0 1 1 0 1 1 0 0 0 0 0 0 0 0 0 0 0 0 0 0 
0 0 0 0 0 0 0 0 0 0 0 0 0 0 0 0 0 0 0 0 
0 1 0 0 1 1 0 0 0 0 0 0 0 0 0 0 0 0 0 0 
OpenStacks: 7
Took 3 seconds

buffer: Warwick 247: balanced orders and products, 6 products per order
numCustomers: 10
numProducts: 20
0 1 0 0 0 0 0 0 1 0 0 1 1 0 0 1 0 1 0 0 
0 0 0 0 0 0 0 0 1 0 1 0 0 0 0 1 0 1 1 1 
0 0 1 1 0 0 0 0 0 1 1 0 0 1 0 0 0 0 1 0 
0 0 0 0 1 0 0 1 0 0 0 1 0 0 0 1 1 1 0 0 
1 0 1 1 0 1 1 0 0 0 0 0 1 0 0 0 0 0 0 0 
0 1 0 0 0 0 1 1 0 0 0 0 1 0 1 0 0 0 0 1 
1 0 0 1 1 1 0 0 0 1 0 0 0 0 0 0 0 0 0 1 
0 1 0 0 1 0 0 0 1 0 0 1 0 0 1 0 1 0 0 0 
0 0 0 0 0 1 1 1 0 0 1 0 0 1 0 0 0 0 1 0 
1 0 1 0 0 0 0 0 0 1 0 0 0 1 1 0 1 0 0 0 
Best sequence:
0 2 3 5 6 9 13 0 0 0 0 0 0 0 0 0 0 0 0 0 
0 0 0 0 0 0 0 0 0 0 0 0 0 0 0 0 0 0 0 0 
0 0 0 0 0 0 0 0 0 0 0 0 0 0 0 0 0 0 0 0 
0 1 1 0 0 1 1 0 0 0 0 0 0 0 0 0 0 0 0 0 
0 0 0 0 0 0 0 0 0 0 0 0 0 0 0 0 0 0 0 0 
1 1 1 1 1 0 0 1 1 1 1 1 1 1 1 1 1 1 1 1 
0 0 0 0 1 0 0 0 0 0 0 0 0 0 0 0 0 0 0 0 
1 0 1 1 0 1 0 1 1 1 1 1 1 1 1 1 1 1 1 1 
0 0 0 0 0 0 0 0 0 0 0 0 0 0 0 0 0 0 0 0 
0 0 0 1 1 0 1 0 0 0 0 0 0 0 0 0 0 0 0 0 
1 1 0 0 0 1 1 1 1 1 1 1 1 1 1 1 1 1 1 1 
OpenStacks: 6
Took 2.99 seconds

buffer: Warwick 248: balanced orders and products, 6 products per order
numCustomers: 10
numProducts: 20
0 0 0 0 1 1 0 1 0 0 1 0 0 0 1 0 0 0 1 0 
0 0 1 1 0 0 1 0 0 0 0 0 0 1 1 0 1 0 0 0 
0 0 0 1 0 0 0 0 0 1 0 1 1 0 1 0 0 0 0 1 
1 0 0 0 1 0 0 0 0 1 0 0 1 1 0 0 0 1 0 0 
0 1 0 0 0 0 1 0 1 1 0 0 1 0 0 1 0 0 0 0 
0 1 0 0 0 1 0 0 1 0 0 1 0 1 0 0 0 0 1 0 
0 0 1 0 1 1 1 0 0 0 0 0 0 0 0 1 0 0 0 1 
1 0 0 0 0 0 0 1 0 0 1 0 0 0 0 1 1 1 0 0 
1 1 0 1 0 0 0 0 1 0 1 0 0 0 0 0 0 0 1 0 
0 0 1 0 0 0 0 1 0 0 0 1 0 0 0 0 1 1 0 1 
Best sequence:
0 1 3 8 9 12 13 0 0 0 0 0 0 0 0 0 0 0 0 0 
0 0 0 0 0 0 0 0 0 0 0 0 0 0 0 0 0 0 0 0 
0 0 1 0 0 0 1 0 0 0 0 0 0 0 0 0 0 0 0 0 
0 0 1 0 1 1 0 0 0 0 0 0 0 0 0 0 0 0 0 0 
1 0 0 0 1 1 1 1 1 1 1 1 1 1 1 1 1 1 1 1 
0 1 0 1 1 1 0 0 0 0 0 0 0 0 0 0 0 0 0 0 
0 1 0 1 0 0 1 0 0 0 0 0 0 0 0 0 0 0 0 0 
0 0 0 0 0 0 0 0 0 0 0 0 0 0 0 0 0 0 0 0 
1 0 0 0 0 0 0 1 1 1 1 1 1 1 1 1 1 1 1 1 
1 1 1 1 0 0 0 1 1 1 1 1 1 1 1 1 1 1 1 1 
0 0 0 0 0 0 0 0 0 0 0 0 0 0 0 0 0 0 0 0 
OpenStacks: 7
Took 3 seconds

buffer: Warwick 249: balanced orders and products, 6 products per order
numCustomers: 10
numProducts: 20
0 0 0 0 0 0 0 1 1 0 1 0 1 1 0 0 1 0 0 0 
0 1 0 0 1 0 0 0 1 0 0 0 1 0 1 0 0 0 1 0 
0 0 0 1 0 1 1 0 0 0 0 0 0 0 0 1 0 1 0 1 
0 1 1 0 0 1 1 0 0 1 0 1 0 0 0 0 0 0 0 0 
1 1 1 0 1 0 0 0 0 0 1 1 0 0 0 0 0 0 0 0 
1 0 0 0 1 1 1 0 0 0 0 0 1 0 1 0 0 0 0 0 
1 0 0 1 0 0 0 0 0 0 0 0 0 0 0 1 1 0 1 1 
0 0 0 1 0 0 0 1 0 1 0 0 0 1 1 0 0 1 0 0 
0 0 1 0 0 0 0 1 0 1 0 1 0 1 0 1 0 0 0 0 
0 0 0 0 0 0 0 0 1 0 1 0 0 0 0 0 1 1 1 1 
Best sequence:
0 4 8 10 12 16 18 0 0 0 0 0 0 0 0 0 0 0 0 0 
0 0 1 1 1 1 0 0 0 0 0 0 0 0 0 0 0 0 0 0 
0 1 1 0 1 0 1 0 0 0 0 0 0 0 0 0 0 0 0 0 
0 0 0 0 0 0 0 0 0 0 0 0 0 0 0 0 0 0 0 0 
0 0 0 0 0 0 0 0 0 0 0 0 0 0 0 0 0 0 0 0 
1 1 0 1 0 0 0 1 1 1 1 1 1 1 1 1 1 1 1 1 
1 1 0 0 1 0 0 1 1 1 1 1 1 1 1 1 1 1 1 1 
1 0 0 0 0 1 1 1 1 1 1 1 1 1 1 1 1 1 1 1 
0 0 0 0 0 0 0 0 0 0 0 0 0 0 0 0 0 0 0 0 
0 0 0 0 0 0 0 0 0 0 0 0 0 0 0 0 0 0 0 0 
0 0 1 1 0 1 1 0 0 0 0 0 0 0 0 0 0 0 0 0 
OpenStacks: 6
Took 3 seconds

buffer: Warwick 250: balanced orders and products, 6 products per order
numCustomers: 10
numProducts: 20
1 0 1 0 0 0 0 0 0 1 1 0 0 0 0 0 0 1 0 1 
0 1 0 0 0 1 1 0 0 0 0 1 1 0 1 0 0 0 0 0 
0 0 1 0 0 0 1 0 0 0 1 0 0 0 0 1 0 1 1 0 
0 0 1 0 0 1 0 1 0 0 0 0 1 0 1 0 0 0 0 1 
1 1 0 0 1 0 0 0 1 1 0 1 0 0 0 0 0 0 0 0 
0 0 0 0 1 1 0 0 0 0 1 0 0 0 0 0 1 0 1 1 
1 0 0 1 1 0 0 0 1 0 0 0 0 1 0 1 0 0 0 0 
0 0 0 1 0 0 0 1 0 1 0 0 0 1 1 0 0 0 1 0 
0 1 0 0 0 0 0 0 1 0 0 0 1 0 0 1 1 1 0 0 
0 0 0 1 0 0 1 1 0 0 0 1 0 1 0 0 1 0 0 0 
Best sequence:
0 1 2 8 12 15 17 0 0 0 0 0 0 0 0 0 0 0 0 0 
1 0 1 0 0 0 1 1 1 1 1 1 1 1 1 1 1 1 1 1 
0 1 0 0 1 0 0 0 0 0 0 0 0 0 0 0 0 0 0 0 
0 0 1 0 0 1 1 0 0 0 0 0 0 0 0 0 0 0 0 0 
0 0 1 0 1 0 0 0 0 0 0 0 0 0 0 0 0 0 0 0 
1 1 0 1 0 0 0 1 1 1 1 1 1 1 1 1 1 1 1 1 
0 0 0 0 0 0 0 0 0 0 0 0 0 0 0 0 0 0 0 0 
1 0 0 1 0 1 0 1 1 1 1 1 1 1 1 1 1 1 1 1 
0 0 0 0 0 0 0 0 0 0 0 0 0 0 0 0 0 0 0 0 
0 1 0 1 1 1 1 0 0 0 0 0 0 0 0 0 0 0 0 0 
0 0 0 0 0 0 0 0 0 0 0 0 0 0 0 0 0 0 0 0 
OpenStacks: 7
Took 2.99 seconds

buffer: Warwick 251: balanced orders and products, 8 products per order
numCustomers: 10
numProducts: 20
1 0 0 1 1 0 0 0 0 1 1 0 1 0 0 0 1 0 0 1 
0 1 0 0 0 1 0 1 1 1 1 0 0 0 0 1 1 0 0 0 
1 0 0 0 0 1 1 0 1 0 0 0 0 1 0 1 1 0 1 0 
0 1 1 0 0 1 1 0 1 0 0 0 0 1 1 1 0 0 0 0 
0 0 1 1 1 0 1 0 0 0 0 1 0 1 1 0 0 0 1 0 
0 0 0 0 0 0 0 1 0 1 1 1 0 0 1 0 0 1 1 1 
1 1 1 0 1 0 0 0 1 0 0 0 1 0 1 0 0 1 0 0 
0 0 1 1 0 0 1 0 0 1 1 0 0 0 0 0 1 1 0 1 
0 1 0 1 0 1 0 1 0 0 0 1 1 1 0 0 0 1 0 0 
1 0 0 0 1 0 0 1 0 0 0 1 1 0 0 1 0 0 1 1 
Best sequence:
0 1 4 5 8 12 13 0 0 0 0 0 0 0 0 0 0 0 0 0 
1 0 1 0 0 1 0 1 1 1 1 1 1 1 1 1 1 1 1 1 
0 1 0 1 1 0 0 0 0 0 0 0 0 0 0 0 0 0 0 0 
1 0 0 1 1 0 1 1 1 1 1 1 1 1 1 1 1 1 1 1 
0 1 0 1 1 0 1 0 0 0 0 0 0 0 0 0 0 0 0 0 
0 0 1 0 0 0 1 0 0 0 0 0 0 0 0 0 0 0 0 0 
0 0 0 0 0 0 0 0 0 0 0 0 0 0 0 0 0 0 0 0 
1 1 1 0 1 1 0 1 1 1 1 1 1 1 1 1 1 1 1 1 
0 0 0 0 0 0 0 0 0 0 0 0 0 0 0 0 0 0 0 0 
0 1 0 1 0 1 1 0 0 0 0 0 0 0 0 0 0 0 0 0 
1 0 1 0 0 1 0 1 1 1 1 1 1 1 1 1 1 1 1 1 
OpenStacks: 8
Took 3 seconds

buffer: Warwick 252: balanced orders and products, 8 products per order
numCustomers: 10
numProducts: 20
0 0 1 1 0 0 0 0 1 0 1 0 1 0 1 0 0 1 1 0 
0 0 0 1 0 1 0 0 0 0 0 1 1 0 1 0 1 0 1 1 
1 0 0 1 0 1 1 0 1 1 0 0 1 0 1 0 0 0 0 0 
0 1 1 0 1 0 0 1 0 0 1 0 1 0 0 0 1 1 0 0 
1 1 0 0 1 0 1 1 1 0 0 0 0 0 0 1 0 1 0 0 
1 0 0 0 1 0 0 1 0 1 1 0 0 1 0 0 1 0 1 0 
0 1 1 0 0 0 1 0 0 1 0 0 0 1 0 1 1 0 0 1 
0 1 1 0 0 0 0 0 1 0 1 1 0 0 1 0 0 1 0 1 
0 0 0 1 1 1 1 0 0 0 0 1 0 1 0 1 0 0 1 0 
1 0 0 0 0 1 0 1 0 1 0 1 0 1 0 1 0 0 0 1 
Best sequence:
0 4 6 7 9 13 15 0 0 0 0 0 0 0 0 0 0 0 0 0 
0 0 0 0 0 0 0 0 0 0 0 0 0 0 0 0 0 0 0 0 
0 0 0 0 0 0 0 0 0 0 0 0 0 0 0 0 0 0 0 0 
1 0 1 0 1 0 0 1 1 1 1 1 1 1 1 1 1 1 1 1 
0 1 0 1 0 0 0 0 0 0 0 0 0 0 0 0 0 0 0 0 
1 1 1 1 0 0 1 1 1 1 1 1 1 1 1 1 1 1 1 1 
1 1 0 1 1 1 0 1 1 1 1 1 1 1 1 1 1 1 1 1 
0 0 1 0 1 1 1 0 0 0 0 0 0 0 0 0 0 0 0 0 
0 0 0 0 0 0 0 0 0 0 0 0 0 0 0 0 0 0 0 0 
0 1 1 0 0 1 1 0 0 0 0 0 0 0 0 0 0 0 0 0 
1 0 0 1 1 1 1 1 1 1 1 1 1 1 1 1 1 1 1 1 
OpenStacks: 7
Took 2.99 seconds

buffer: Warwick 253: balanced orders and products, 8 products per order
numCustomers: 10
numProducts: 20
1 0 0 0 1 0 1 0 1 0 1 0 1 1 0 0 0 0 1 0 
1 0 0 0 0 1 1 1 0 0 1 0 0 1 0 0 0 1 0 1 
0 1 1 1 0 0 0 0 0 0 1 1 0 1 0 1 0 0 1 0 
0 0 0 0 1 1 0 1 1 1 0 0 1 1 0 0 1 0 0 0 
0 0 0 1 1 0 0 0 0 1 1 1 0 0 1 0 1 0 1 0 
0 0 0 1 0 0 1 0 0 0 0 1 1 0 1 1 0 0 1 1 
0 0 1 0 1 1 0 1 1 0 0 0 0 0 1 0 0 1 0 1 
1 1 0 1 0 0 0 1 0 1 0 0 0 0 0 1 1 1 0 0 
0 1 1 0 0 0 1 0 0 0 0 0 1 0 1 1 1 0 0 1 
1 1 1 0 0 1 0 0 1 1 0 1 0 0 0 0 0 1 0 0 
Best sequence:
0 4 5 7 8 9 17 0 0 0 0 0 0 0 0 0 0 0 0 0 
1 1 0 0 1 0 0 1 1 1 1 1 1 1 1 1 1 1 1 1 
1 0 1 1 0 0 1 1 1 1 1 1 1 1 1 1 1 1 1 1 
0 0 0 0 0 0 0 0 0 0 0 0 0 0 0 0 0 0 0 0 
0 1 1 1 1 1 0 0 0 0 0 0 0 0 0 0 0 0 0 0 
0 1 0 0 0 1 0 0 0 0 0 0 0 0 0 0 0 0 0 0 
0 0 0 0 0 0 0 0 0 0 0 0 0 0 0 0 0 0 0 0 
0 1 1 1 1 0 1 0 0 0 0 0 0 0 0 0 0 0 0 0 
1 0 0 1 0 1 1 1 1 1 1 1 1 1 1 1 1 1 1 1 
0 0 0 0 0 0 0 0 0 0 0 0 0 0 0 0 0 0 0 0 
1 0 1 0 1 1 1 1 1 1 1 1 1 1 1 1 1 1 1 1 
OpenStacks: 7
Took 3 seconds

buffer: Warwick 254: balanced orders and products, 8 products per order
numCustomers: 10
numProducts: 20
0 0 0 0 1 1 1 1 0 0 1 0 1 1 0 1 0 0 0 0 
1 0 1 0 0 1 0 0 1 1 0 0 1 0 0 1 0 1 0 0 
1 0 0 0 0 1 1 0 0 1 0 0 0 0 1 1 1 0 0 1 
0 1 1 1 0 1 0 0 1 0 0 1 0 0 0 0 1 0 1 0 
1 0 1 0 0 0 0 1 0 1 0 0 1 1 0 0 1 1 0 0 
1 1 0 1 0 0 1 0 0 0 1 0 0 0 0 0 0 1 1 1 
0 1 1 0 1 0 0 1 0 0 1 1 0 0 1 0 0 0 1 0 
0 0 0 1 0 0 1 0 1 1 0 1 0 0 1 0 0 0 1 1 
0 0 0 0 1 0 0 0 1 0 1 0 1 1 0 1 1 0 0 1 
0 1 0 1 1 0 0 1 0 0 0 1 0 1 1 0 0 1 0 0 
Best sequence:
0 1 2 3 9 11 14 0 0 0 0 0 0 0 0 0 0 0 0 0 
0 0 0 0 0 0 0 0 0 0 0 0 0 0 0 0 0 0 0 0 
1 0 1 0 1 0 0 1 1 1 1 1 1 1 1 1 1 1 1 1 
1 0 0 0 1 0 1 1 1 1 1 1 1 1 1 1 1 1 1 1 
0 1 1 1 0 1 0 0 0 0 0 0 0 0 0 0 0 0 0 0 
1 0 1 0 1 0 0 1 1 1 1 1 1 1 1 1 1 1 1 1 
1 1 0 1 0 0 0 1 1 1 1 1 1 1 1 1 1 1 1 1 
0 1 1 0 0 1 1 0 0 0 0 0 0 0 0 0 0 0 0 0 
0 0 0 1 1 1 1 0 0 0 0 0 0 0 0 0 0 0 0 0 
0 0 0 0 0 0 0 0 0 0 0 0 0 0 0 0 0 0 0 0 
0 1 0 1 0 1 1 0 0 0 0 0 0 0 0 0 0 0 0 0 
OpenStacks: 8
Took 3 seconds

buffer: Warwick 255: balanced orders and products, 8 products per order
numCustomers: 10
numProducts: 20
1 0 1 0 0 0 0 1 1 0 0 0 0 1 1 0 1 1 0 0 
1 0 0 0 0 0 0 1 1 1 0 0 1 1 0 0 0 1 1 0 
0 0 1 1 0 0 1 0 0 0 1 0 1 1 0 1 1 0 0 0 
0 1 0 0 0 1 0 1 0 0 0 1 1 0 0 1 0 1 0 1 
0 1 0 0 1 1 1 0 0 0 0 0 0 0 1 1 0 0 1 1 
0 1 1 0 0 1 0 0 0 1 0 0 0 0 1 1 1 0 1 0 
1 0 0 1 1 1 1 0 0 1 1 1 0 0 0 0 0 0 0 0 
0 0 0 1 0 0 1 0 1 0 1 1 0 0 1 0 0 1 1 0 
0 1 1 0 1 0 0 1 0 0 1 0 1 0 0 0 1 0 0 1 
1 0 0 1 1 0 0 0 1 1 0 1 0 1 0 0 0 0 0 1 
Best sequence:
0 1 4 5 7 9 19 0 0 0 0 0 0 0 0 0 0 0 0 0 
1 0 0 0 1 0 0 1 1 1 1 1 1 1 1 1 1 1 1 1 
1 0 0 0 1 1 0 1 1 1 1 1 1 1 1 1 1 1 1 1 
0 0 0 0 0 0 0 0 0 0 0 0 0 0 0 0 0 0 0 0 
0 1 0 1 1 0 1 0 0 0 0 0 0 0 0 0 0 0 0 0 
0 1 1 1 0 0 1 0 0 0 0 0 0 0 0 0 0 0 0 0 
0 1 0 1 0 1 0 0 0 0 0 0 0 0 0 0 0 0 0 0 
1 0 1 1 0 1 0 1 1 1 1 1 1 1 1 1 1 1 1 1 
0 0 0 0 0 0 0 0 0 0 0 0 0 0 0 0 0 0 0 0 
0 1 1 0 1 0 1 0 0 0 0 0 0 0 0 0 0 0 0 0 
1 0 1 0 0 1 1 1 1 1 1 1 1 1 1 1 1 1 1 1 
OpenStacks: 8
Took 2.99 seconds

buffer: Warwick 256: balanced orders and products, 8 products per order
numCustomers: 10
numProducts: 20
1 0 1 0 0 0 1 1 1 0 0 0 0 0 0 0 1 1 1 0 
1 1 0 0 0 0 1 0 1 0 1 1 0 0 0 1 0 0 0 1 
1 0 0 0 1 1 0 0 1 1 1 1 1 0 0 0 0 0 0 0 
0 1 0 1 0 0 0 0 0 1 1 1 1 1 0 0 1 0 0 0 
0 1 0 1 1 0 1 1 0 0 0 0 0 0 0 1 0 0 1 1 
0 1 1 0 1 0 0 0 0 1 0 0 1 1 1 0 0 0 0 1 
0 0 0 1 0 1 1 0 1 0 0 0 0 1 1 0 0 1 1 0 
0 0 1 0 1 0 0 0 0 1 0 0 0 0 1 1 1 1 1 0 
1 0 0 0 0 1 0 1 0 0 0 1 0 0 1 0 1 1 0 1 
0 0 1 1 0 1 0 1 0 0 1 0 1 1 0 1 0 0 0 0 
Best sequence:
0 1 4 9 11 16 19 0 0 0 0 0 0 0 0 0 0 0 0 0 
1 0 0 0 0 1 0 1 1 1 1 1 1 1 1 1 1 1 1 1 
1 1 0 0 1 0 1 1 1 1 1 1 1 1 1 1 1 1 1 1 
1 0 1 1 1 0 0 1 1 1 1 1 1 1 1 1 1 1 1 1 
0 1 0 1 1 1 0 0 0 0 0 0 0 0 0 0 0 0 0 0 
0 1 1 0 0 0 1 0 0 0 0 0 0 0 0 0 0 0 0 0 
0 1 1 1 0 0 1 0 0 0 0 0 0 0 0 0 0 0 0 0 
0 0 0 0 0 0 0 0 0 0 0 0 0 0 0 0 0 0 0 0 
0 0 1 1 0 1 0 0 0 0 0 0 0 0 0 0 0 0 0 0 
1 0 0 0 1 1 1 1 1 1 1 1 1 1 1 1 1 1 1 1 
0 0 0 0 0 0 0 0 0 0 0 0 0 0 0 0 0 0 0 0 
OpenStacks: 8
Took 3.01 seconds

buffer: Warwick 257: balanced orders and products, 8 products per order
numCustomers: 10
numProducts: 20
0 0 0 0 1 0 1 1 0 0 1 1 0 1 0 1 1 0 0 0 
0 0 0 1 0 0 0 1 1 0 0 1 1 0 0 0 0 1 1 1 
1 0 0 0 1 0 0 0 0 0 0 0 1 0 1 1 1 1 0 1 
1 0 1 1 1 1 0 0 1 1 0 0 0 0 0 0 0 0 0 1 
0 1 0 0 0 0 1 1 0 0 1 1 0 0 0 0 0 1 1 1 
0 0 0 0 0 1 0 0 0 1 1 1 1 1 0 1 1 0 0 0 
0 1 1 1 0 1 1 1 0 1 0 0 0 1 0 0 0 0 0 0 
1 1 0 0 1 0 0 0 0 1 1 0 0 0 1 1 0 0 1 0 
0 0 1 1 0 0 1 0 1 0 0 0 0 1 1 0 1 0 1 0 
1 1 1 0 0 1 0 0 1 0 0 0 1 0 1 0 0 1 0 0 
Best sequence:
0 1 2 3 8 14 17 0 0 0 0 0 0 0 0 0 0 0 0 0 
0 0 0 0 0 0 0 0 0 0 0 0 0 0 0 0 0 0 0 0 
0 0 0 1 1 0 1 0 0 0 0 0 0 0 0 0 0 0 0 0 
1 0 0 0 0 1 1 1 1 1 1 1 1 1 1 1 1 1 1 1 
1 0 1 1 1 0 0 1 1 1 1 1 1 1 1 1 1 1 1 1 
0 1 0 0 0 0 1 0 0 0 0 0 0 0 0 0 0 0 0 0 
0 0 0 0 0 0 0 0 0 0 0 0 0 0 0 0 0 0 0 0 
0 1 1 1 0 0 0 0 0 0 0 0 0 0 0 0 0 0 0 0 
1 1 0 0 0 1 0 1 1 1 1 1 1 1 1 1 1 1 1 1 
0 0 1 1 1 1 0 0 0 0 0 0 0 0 0 0 0 0 0 0 
1 1 1 0 1 1 1 1 1 1 1 1 1 1 1 1 1 1 1 1 
OpenStacks: 8
Took 2.99 seconds

buffer: Warwick 258: balanced orders and products, 8 products per order
numCustomers: 10
numProducts: 20
0 1 0 1 0 0 0 1 1 0 0 1 0 0 1 0 1 1 0 0 
0 0 0 1 0 1 1 0 0 0 1 0 0 0 1 0 0 1 1 1 
1 0 1 0 1 0 1 0 0 0 0 0 1 0 0 0 1 0 1 1 
1 0 0 0 1 1 0 1 0 0 1 1 0 1 0 1 0 0 0 0 
0 1 0 1 0 1 0 0 0 1 0 1 0 1 0 0 0 1 0 1 
0 0 1 1 0 0 1 1 1 1 0 0 0 0 1 0 1 0 0 0 
0 0 0 0 1 0 0 0 1 0 1 0 1 1 0 1 0 1 1 0 
1 1 0 0 1 0 0 0 0 1 0 1 1 0 0 1 1 0 0 0 
1 0 1 0 0 0 1 1 0 1 0 0 0 1 1 0 0 0 0 1 
0 1 1 0 0 1 0 0 1 0 1 0 1 0 0 1 0 0 1 0 
Best sequence:
0 1 2 7 9 11 16 0 0 0 0 0 0 0 0 0 0 0 0 0 
0 1 0 1 0 1 1 0 0 0 0 0 0 0 0 0 0 0 0 0 
0 0 0 0 0 0 0 0 0 0 0 0 0 0 0 0 0 0 0 0 
1 0 1 0 0 0 1 1 1 1 1 1 1 1 1 1 1 1 1 1 
1 0 0 1 0 1 0 1 1 1 1 1 1 1 1 1 1 1 1 1 
0 1 0 0 1 1 0 0 0 0 0 0 0 0 0 0 0 0 0 0 
0 0 1 1 1 0 1 0 0 0 0 0 0 0 0 0 0 0 0 0 
0 0 0 0 0 0 0 0 0 0 0 0 0 0 0 0 0 0 0 0 
1 1 0 0 1 1 1 1 1 1 1 1 1 1 1 1 1 1 1 1 
1 0 1 1 1 0 0 1 1 1 1 1 1 1 1 1 1 1 1 1 
0 1 1 0 0 0 0 0 0 0 0 0 0 0 0 0 0 0 0 0 
OpenStacks: 8
Took 2.99 seconds

buffer: Warwick 259: balanced orders and products, 8 products per order
numCustomers: 10
numProducts: 20
0 1 1 1 0 1 0 1 1 0 0 0 0 0 1 1 0 0 0 0 
0 1 0 0 1 0 0 0 0 0 1 1 1 0 1 1 0 0 1 0 
1 1 1 0 0 0 0 0 0 1 1 0 0 0 0 0 1 0 1 1 
1 0 0 0 1 1 1 0 0 0 1 1 0 0 1 0 0 0 0 1 
0 0 1 1 0 0 0 1 0 0 0 0 1 1 0 1 1 0 0 1 
0 0 0 1 0 0 1 0 1 1 0 1 0 1 0 0 0 1 1 0 
0 1 0 0 1 1 0 1 0 1 1 0 0 0 0 0 1 1 0 0 
1 0 0 1 0 0 1 0 0 1 0 0 1 1 0 1 0 1 0 0 
1 0 0 0 1 0 0 0 1 0 0 0 1 0 1 0 1 1 1 0 
0 0 1 0 0 1 1 1 1 0 0 1 0 1 0 0 0 0 0 1 
Best sequence:
0 1 4 9 10 14 17 0 0 0 0 0 0 0 0 0 0 0 0 0 
0 1 0 0 0 1 0 0 0 0 0 0 0 0 0 0 0 0 0 0 
0 1 1 0 1 1 0 0 0 0 0 0 0 0 0 0 0 0 0 0 
1 1 0 1 1 0 0 1 1 1 1 1 1 1 1 1 1 1 1 1 
1 0 1 0 1 1 0 1 1 1 1 1 1 1 1 1 1 1 1 1 
0 0 0 0 0 0 0 0 0 0 0 0 0 0 0 0 0 0 0 0 
0 0 0 1 0 0 1 0 0 0 0 0 0 0 0 0 0 0 0 0 
0 1 1 1 1 0 1 0 0 0 0 0 0 0 0 0 0 0 0 0 
1 0 0 1 0 0 1 1 1 1 1 1 1 1 1 1 1 1 1 1 
1 0 1 0 0 1 1 1 1 1 1 1 1 1 1 1 1 1 1 1 
0 0 0 0 0 0 0 0 0 0 0 0 0 0 0 0 0 0 0 0 
OpenStacks: 8
Took 2.99 seconds

buffer: Warwick 260: balanced orders and products, 8 products per order
numCustomers: 10
numProducts: 20
0 0 1 0 1 0 1 1 0 0 1 0 1 1 0 0 0 0 0 1 
1 0 1 1 0 1 0 0 0 0 0 0 0 0 1 1 0 0 1 1 
0 0 0 0 1 1 0 0 1 0 1 1 0 1 0 0 1 0 1 0 
0 1 0 1 1 1 0 1 0 1 0 0 0 0 0 0 0 1 0 1 
0 1 1 0 0 1 0 0 1 0 0 1 0 0 1 1 1 0 0 0 
0 0 0 1 0 0 1 0 0 1 1 0 1 1 1 0 0 1 0 0 
0 0 1 0 1 0 1 0 1 0 1 0 0 1 0 1 0 1 0 0 
1 0 0 1 0 0 1 1 0 1 0 1 1 0 1 0 0 0 0 0 
1 1 0 0 0 0 0 0 1 0 0 1 1 0 0 1 1 0 1 0 
1 1 0 0 0 0 0 1 0 1 0 0 0 0 0 0 1 1 1 1 
Best sequence:
4 6 7 9 10 13 17 0 0 0 0 0 0 0 0 0 0 0 0 0 
1 1 1 0 1 1 0 0 0 0 0 0 0 0 0 0 0 0 0 0 
0 0 0 0 0 0 0 1 1 1 1 1 1 1 1 1 1 1 1 1 
1 0 0 0 1 1 0 0 0 0 0 0 0 0 0 0 0 0 0 0 
1 0 1 1 0 0 1 0 0 0 0 0 0 0 0 0 0 0 0 0 
0 0 0 0 0 0 0 0 0 0 0 0 0 0 0 0 0 0 0 0 
0 1 0 1 1 1 1 0 0 0 0 0 0 0 0 0 0 0 0 0 
1 1 0 0 1 1 1 0 0 0 0 0 0 0 0 0 0 0 0 0 
0 1 1 1 0 0 0 1 1 1 1 1 1 1 1 1 1 1 1 1 
0 0 0 0 0 0 0 1 1 1 1 1 1 1 1 1 1 1 1 1 
0 0 1 1 0 0 1 1 1 1 1 1 1 1 1 1 1 1 1 1 
OpenStacks: 7
Took 3 seconds

buffer: Warwick 261: balanced orders and products, 10 products per order
numCustomers: 10
numProducts: 20
0 0 0 1 1 1 1 0 1 0 1 1 0 1 1 1 0 0 0 0 
0 1 0 1 0 1 1 0 0 0 1 0 1 1 0 1 0 1 0 1 
1 1 1 0 0 0 1 1 0 0 0 0 1 0 0 1 1 1 1 0 
0 1 0 0 1 0 0 0 1 1 0 1 0 0 1 1 1 0 1 1 
1 0 1 0 0 1 0 1 0 1 1 0 0 1 0 0 1 0 1 1 
0 1 1 1 1 0 0 1 0 0 0 1 1 1 1 0 1 0 0 0 
0 0 0 0 0 1 1 1 1 1 0 1 1 0 1 0 1 1 0 0 
1 0 1 0 0 1 0 1 1 1 1 1 1 0 0 0 0 0 0 1 
1 0 1 1 1 0 1 0 1 0 0 0 0 1 0 1 0 1 1 0 
1 1 0 1 1 0 0 0 0 1 1 0 0 0 1 0 0 1 1 1 
Best sequence:
1 3 4 6 14 15 17 0 0 0 0 0 0 0 0 0 0 0 0 0 
0 1 1 1 1 1 0 0 0 0 0 0 0 0 0 0 0 0 0 0 
1 1 0 1 0 1 1 0 0 0 0 0 0 0 0 0 0 0 0 0 
1 0 0 1 0 1 1 1 1 1 1 1 1 1 1 1 1 1 1 1 
1 0 1 0 1 1 0 0 0 0 0 0 0 0 0 0 0 0 0 0 
0 0 0 0 0 0 0 1 1 1 1 1 1 1 1 1 1 1 1 1 
1 1 1 0 1 0 0 0 0 0 0 0 0 0 0 0 0 0 0 0 
0 0 0 1 1 0 1 0 0 0 0 0 0 0 0 0 0 0 0 0 
0 0 0 0 0 0 0 1 1 1 1 1 1 1 1 1 1 1 1 1 
0 1 1 1 0 1 1 1 1 1 1 1 1 1 1 1 1 1 1 1 
1 1 1 0 1 0 1 1 1 1 1 1 1 1 1 1 1 1 1 1 
OpenStacks: 8
Took 2.99 seconds

buffer: Warwick 262: balanced orders and products, 10 products per order
numCustomers: 10
numProducts: 20
0 1 1 0 1 0 1 1 1 0 0 0 1 0 1 0 0 1 1 0 
0 0 0 1 0 1 0 1 0 1 0 1 0 1 0 1 1 1 1 0 
0 1 1 1 1 0 1 0 1 0 0 1 1 0 1 0 1 0 0 0 
0 0 0 1 1 1 0 1 0 1 1 0 0 1 0 1 0 1 0 1 
1 0 0 1 0 0 1 1 0 1 0 0 1 1 1 1 1 0 0 0 
0 1 0 1 0 0 0 0 0 1 1 1 0 1 1 1 0 1 0 1 
1 1 1 0 1 0 0 0 1 0 1 1 0 1 0 0 0 1 1 0 
1 0 0 0 1 1 1 1 0 1 0 0 0 0 0 1 1 0 1 1 
1 0 1 0 0 1 0 0 1 0 1 1 1 0 1 0 1 0 0 1 
1 1 1 0 0 1 1 0 1 0 1 0 1 0 0 0 0 0 1 1 
Best sequence:
0 1 2 6 8 12 14 0 0 0 0 0 0 0 0 0 0 0 0 0 
0 1 1 1 1 1 1 0 0 0 0 0 0 0 0 0 0 0 0 0 
0 0 0 0 0 0 0 0 0 0 0 0 0 0 0 0 0 0 0 0 
0 1 1 1 1 1 1 0 0 0 0 0 0 0 0 0 0 0 0 0 
0 0 0 0 0 0 0 0 0 0 0 0 0 0 0 0 0 0 0 0 
1 0 0 1 0 1 1 1 1 1 1 1 1 1 1 1 1 1 1 1 
0 1 0 0 0 0 1 0 0 0 0 0 0 0 0 0 0 0 0 0 
1 1 1 0 1 0 0 1 1 1 1 1 1 1 1 1 1 1 1 1 
1 0 0 1 0 0 0 1 1 1 1 1 1 1 1 1 1 1 1 1 
1 0 1 0 1 1 1 1 1 1 1 1 1 1 1 1 1 1 1 1 
1 1 1 1 1 1 0 1 1 1 1 1 1 1 1 1 1 1 1 1 
OpenStacks: 8
Took 2.99 seconds

buffer: Warwick 263: balanced orders and products, 10 products per order
numCustomers: 10
numProducts: 20
0 1 1 0 0 1 1 1 1 1 0 1 0 0 1 0 0 0 0 1 
0 1 0 1 0 0 0 0 0 1 1 1 1 0 0 1 1 0 1 1 
1 0 1 1 1 1 0 1 0 0 0 0 1 1 0 0 0 1 0 1 
0 1 0 1 1 0 1 1 1 1 0 0 0 0 0 0 1 0 1 1 
1 1 1 0 1 1 0 0 0 0 0 1 0 0 0 0 1 1 1 1 
0 0 1 0 0 0 1 1 1 1 0 0 0 1 1 1 1 1 0 0 
1 0 0 1 1 0 0 0 1 1 1 0 1 1 0 0 0 1 1 0 
1 0 1 0 0 1 1 0 0 0 1 0 1 1 1 1 0 1 0 0 
0 1 0 1 1 1 0 0 0 0 1 1 0 1 1 1 0 0 1 0 
1 0 0 0 0 0 1 1 1 0 1 1 1 0 1 1 1 0 0 0 
Best sequence:
0 1 3 4 5 10 11 0 0 0 0 0 0 0 0 0 0 0 0 0 
0 1 0 0 1 0 1 0 0 0 0 0 0 0 0 0 0 0 0 0 
0 1 1 0 0 1 1 0 0 0 0 0 0 0 0 0 0 0 0 0 
1 0 1 1 1 0 0 1 1 1 1 1 1 1 1 1 1 1 1 1 
0 1 1 1 0 0 0 0 0 0 0 0 0 0 0 0 0 0 0 0 
1 1 0 1 1 0 1 1 1 1 1 1 1 1 1 1 1 1 1 1 
0 0 0 0 0 0 0 0 0 0 0 0 0 0 0 0 0 0 0 0 
1 0 1 1 0 1 0 1 1 1 1 1 1 1 1 1 1 1 1 1 
1 0 0 0 1 1 0 1 1 1 1 1 1 1 1 1 1 1 1 1 
0 1 1 1 1 1 1 0 0 0 0 0 0 0 0 0 0 0 0 0 
1 0 0 0 0 1 1 1 1 1 1 1 1 1 1 1 1 1 1 1 
OpenStacks: 9
Took 3 seconds

buffer: Warwick 264: balanced orders and products, 10 products per order
numCustomers: 10
numProducts: 20
0 1 0 1 1 1 0 0 0 1 1 1 0 0 0 0 1 0 1 1 
0 1 1 1 0 0 1 1 1 0 1 0 0 1 0 1 0 1 0 0 
1 0 0 0 0 1 1 0 0 0 1 0 1 0 1 1 1 0 1 1 
0 1 1 0 1 0 0 0 0 0 0 0 1 1 1 1 0 1 1 1 
1 0 0 1 1 1 1 1 0 1 0 1 1 0 0 0 0 1 0 0 
0 0 0 0 1 0 0 1 1 0 1 1 1 1 1 0 1 0 1 0 
1 1 1 0 0 0 0 1 1 1 0 0 0 1 1 1 0 0 0 1 
0 1 1 1 0 1 0 0 1 1 0 0 0 1 1 0 0 1 1 0 
1 0 1 0 1 1 1 1 1 0 0 1 0 0 0 0 1 1 0 0 
1 0 0 1 0 0 1 0 0 1 1 1 1 0 0 1 1 0 0 1 
Best sequence:
1 2 4 7 8 13 17 0 0 0 0 0 0 0 0 0 0 0 0 0 
1 0 1 0 0 0 0 0 0 0 0 0 0 0 0 0 0 0 0 0 
1 1 0 1 1 1 1 0 0 0 0 0 0 0 0 0 0 0 0 0 
0 0 0 0 0 0 0 1 1 1 1 1 1 1 1 1 1 1 1 1 
1 1 1 0 0 1 1 0 0 0 0 0 0 0 0 0 0 0 0 0 
0 0 1 1 0 0 1 1 1 1 1 1 1 1 1 1 1 1 1 1 
0 0 1 1 1 1 0 0 0 0 0 0 0 0 0 0 0 0 0 0 
1 1 0 1 1 1 0 1 1 1 1 1 1 1 1 1 1 1 1 1 
1 1 0 0 1 1 1 0 0 0 0 0 0 0 0 0 0 0 0 0 
0 1 1 1 1 0 1 1 1 1 1 1 1 1 1 1 1 1 1 1 
0 0 0 0 0 0 0 1 1 1 1 1 1 1 1 1 1 1 1 1 
OpenStacks: 8
Took 3 seconds

buffer: Warwick 265: balanced orders and products, 10 products per order
numCustomers: 10
numProducts: 20
0 0 1 0 0 1 1 0 1 1 0 1 0 1 0 0 0 1 1 1 
0 1 1 1 1 1 0 0 1 1 0 1 1 0 0 1 0 0 0 0 
0 1 0 0 0 1 1 1 1 1 0 0 1 0 1 1 0 0 1 0 
1 0 0 0 0 0 1 1 0 0 0 1 1 0 1 1 1 1 0 1 
0 1 1 0 1 0 1 0 1 0 1 1 0 1 1 0 0 0 1 0 
1 0 0 0 1 1 0 0 0 1 1 0 1 1 0 1 1 0 0 1 
0 0 0 1 1 0 0 0 0 1 1 0 1 0 1 0 1 1 1 1 
1 0 1 1 1 0 0 1 0 0 1 1 0 1 0 1 0 1 0 0 
1 1 0 1 0 0 1 1 0 0 0 0 0 1 1 0 1 0 1 1 
1 1 1 1 0 1 0 1 1 0 1 0 0 0 0 0 1 1 0 0 
Best sequence:
0 1 2 5 6 7 8 0 0 0 0 0 0 0 0 0 0 0 0 0 
0 0 1 1 1 0 1 0 0 0 0 0 0 0 0 0 0 0 0 0 
0 1 1 1 0 0 1 0 0 0 0 0 0 0 0 0 0 0 0 0 
0 1 0 1 1 1 1 0 0 0 0 0 0 0 0 0 0 0 0 0 
1 0 0 0 1 1 0 1 1 1 1 1 1 1 1 1 1 1 1 1 
0 1 1 0 1 0 1 0 0 0 0 0 0 0 0 0 0 0 0 0 
1 0 0 1 0 0 0 1 1 1 1 1 1 1 1 1 1 1 1 1 
0 0 0 0 0 0 0 0 0 0 0 0 0 0 0 0 0 0 0 0 
1 0 1 0 0 1 0 1 1 1 1 1 1 1 1 1 1 1 1 1 
1 1 0 0 1 1 0 1 1 1 1 1 1 1 1 1 1 1 1 1 
1 1 1 1 0 1 1 1 1 1 1 1 1 1 1 1 1 1 1 1 
OpenStacks: 9
Took 2.99 seconds

buffer: Warwick 266: balanced orders and products, 10 products per order
numCustomers: 10
numProducts: 20
0 0 0 1 0 1 1 1 1 1 0 1 0 0 1 0 0 1 0 1 
1 1 1 0 0 0 0 1 0 0 0 1 0 1 1 0 1 0 1 1 
0 1 0 1 0 1 0 0 0 1 1 1 0 1 0 0 1 1 0 1 
0 1 1 1 1 0 0 0 1 1 1 1 0 1 1 0 0 0 0 0 
1 0 1 0 1 0 1 0 1 0 0 0 1 0 1 1 1 1 0 0 
1 0 0 0 1 1 0 1 1 0 1 1 0 0 1 1 0 0 0 1 
0 0 1 1 1 0 1 1 0 0 1 0 1 0 0 1 0 1 1 0 
1 0 1 1 0 1 0 1 0 1 1 0 1 0 0 1 0 0 1 0 
0 1 0 0 0 0 1 0 1 1 0 0 1 1 0 0 1 1 1 1 
1 1 0 0 1 1 1 0 0 0 0 0 1 1 0 1 1 0 1 0 
Best sequence:
1 8 11 13 14 16 19 0 0 0 0 0 0 0 0 0 0 0 0 0 
0 1 1 0 1 0 1 0 0 0 0 0 0 0 0 0 0 0 0 0 
1 0 1 1 1 1 1 1 1 1 1 1 1 1 1 1 1 1 1 1 
1 0 1 1 0 1 1 0 0 0 0 0 0 0 0 0 0 0 0 0 
1 1 1 1 1 0 0 0 0 0 0 0 0 0 0 0 0 0 0 0 
0 1 0 0 1 1 0 1 1 1 1 1 1 1 1 1 1 1 1 1 
0 1 1 0 1 0 1 1 1 1 1 1 1 1 1 1 1 1 1 1 
0 0 0 0 0 0 0 0 0 0 0 0 0 0 0 0 0 0 0 0 
0 0 0 0 0 0 0 1 1 1 1 1 1 1 1 1 1 1 1 1 
1 1 0 1 0 1 1 0 0 0 0 0 0 0 0 0 0 0 0 0 
1 0 0 1 0 1 0 1 1 1 1 1 1 1 1 1 1 1 1 1 
OpenStacks: 8
Took 2.99 seconds

buffer: Warwick 267: balanced orders and products, 10 products per order
numCustomers: 10
numProducts: 20
1 1 1 1 1 1 1 0 0 0 0 0 0 0 0 1 1 0 0 1 
1 0 1 0 1 1 1 0 0 1 0 0 1 0 1 0 1 1 0 0 
1 1 1 0 1 0 0 1 1 1 1 0 1 0 0 1 0 0 0 0 
0 0 1 0 0 0 1 1 0 1 0 1 1 1 0 0 1 1 1 0 
0 1 0 0 0 1 0 1 1 0 1 1 1 1 0 1 0 0 1 0 
1 0 0 1 0 1 0 0 0 0 0 0 0 1 1 1 1 1 1 1 
0 1 0 1 1 0 1 1 1 0 1 1 0 0 1 0 0 0 1 0 
0 0 1 0 0 1 1 1 1 1 0 1 1 0 1 0 0 0 0 1 
0 0 0 1 1 0 0 0 1 1 1 1 0 1 0 0 0 1 1 1 
1 1 0 1 0 0 0 0 0 0 1 0 0 1 1 1 1 1 0 1 
Best sequence:
2 4 6 7 8 9 11 0 0 0 0 0 0 0 0 0 0 0 0 0 
1 1 1 0 0 0 0 1 1 1 1 1 1 1 1 1 1 1 1 1 
1 1 1 0 0 1 0 1 1 1 1 1 1 1 1 1 1 1 1 1 
1 1 0 1 1 1 0 1 1 1 1 1 1 1 1 1 1 1 1 1 
1 0 1 1 0 1 1 0 0 0 0 0 0 0 0 0 0 0 0 0 
0 0 0 1 1 0 1 0 0 0 0 0 0 0 0 0 0 0 0 0 
0 0 0 0 0 0 0 1 1 1 1 1 1 1 1 1 1 1 1 1 
0 1 1 1 1 0 1 0 0 0 0 0 0 0 0 0 0 0 0 0 
1 0 1 1 1 1 1 0 0 0 0 0 0 0 0 0 0 0 0 0 
0 1 0 0 1 1 1 0 0 0 0 0 0 0 0 0 0 0 0 0 
0 0 0 0 0 0 0 1 1 1 1 1 1 1 1 1 1 1 1 1 
OpenStacks: 8
Took 3 seconds

buffer: Warwick 268: balanced orders and products, 10 products per order
numCustomers: 10
numProducts: 20
1 0 0 1 1 1 0 1 0 1 1 1 1 0 0 0 0 0 0 1 
1 0 1 0 0 1 1 0 0 0 0 1 1 1 0 1 0 1 1 0 
0 1 1 1 1 0 0 0 1 0 0 0 0 0 1 1 1 1 0 1 
1 1 0 1 0 1 0 1 0 1 1 0 0 0 0 1 1 1 0 0 
0 0 1 1 1 0 1 1 1 0 0 0 0 1 1 0 1 0 1 0 
1 1 0 0 0 0 1 1 0 1 1 0 0 0 1 0 1 1 1 0 
0 1 1 1 0 0 1 0 1 0 1 1 0 1 0 1 0 0 1 0 
0 0 1 0 0 1 0 0 1 1 0 1 1 1 0 0 1 1 0 1 
1 0 0 0 1 0 1 0 1 1 0 0 1 1 1 1 0 0 0 1 
0 1 0 0 1 1 0 1 0 0 1 1 1 0 1 0 0 0 1 1 
Best sequence:
2 4 8 11 12 13 19 0 0 0 0 0 0 0 0 0 0 0 0 0 
0 1 0 1 1 0 1 1 1 1 1 1 1 1 1 1 1 1 1 1 
1 0 0 1 1 1 0 1 1 1 1 1 1 1 1 1 1 1 1 1 
1 1 1 0 0 0 1 0 0 0 0 0 0 0 0 0 0 0 0 0 
0 0 0 0 0 0 0 1 1 1 1 1 1 1 1 1 1 1 1 1 
1 1 1 0 0 1 0 0 0 0 0 0 0 0 0 0 0 0 0 0 
0 0 0 0 0 0 0 1 1 1 1 1 1 1 1 1 1 1 1 1 
1 0 1 1 0 1 0 0 0 0 0 0 0 0 0 0 0 0 0 0 
1 0 1 1 1 1 1 0 0 0 0 0 0 0 0 0 0 0 0 0 
0 1 1 0 1 1 1 1 1 1 1 1 1 1 1 1 1 1 1 1 
0 1 0 1 1 0 1 0 0 0 0 0 0 0 0 0 0 0 0 0 
OpenStacks: 8
Took 3 seconds

buffer: Warwick 269: balanced orders and products, 10 products per order
numCustomers: 10
numProducts: 20
1 0 1 0 0 0 0 1 0 1 0 1 1 0 1 1 0 1 1 0 
1 1 1 0 0 0 1 1 1 0 0 0 0 1 0 0 1 0 1 1 
0 0 0 1 1 1 0 1 0 0 1 1 0 1 0 1 0 1 1 0 
0 1 0 1 1 1 1 1 0 1 0 0 0 0 1 0 1 0 0 1 
1 0 1 0 0 0 1 0 1 1 0 0 1 0 1 0 1 1 0 1 
0 0 0 1 1 1 0 0 1 1 1 0 0 1 0 1 0 1 0 1 
0 0 0 1 1 1 0 1 0 0 1 1 0 1 1 1 0 0 1 0 
1 1 1 0 0 0 1 0 1 0 0 1 1 1 0 1 1 0 0 0 
0 1 1 0 0 1 1 0 0 1 1 1 1 0 0 0 1 1 0 0 
1 1 0 1 1 0 0 0 1 0 1 0 1 0 1 0 0 0 1 1 
Best sequence:
0 1 2 6 8 9 12 0 0 0 0 0 0 0 0 0 0 0 0 0 
1 0 1 0 0 1 1 1 1 1 1 1 1 1 1 1 1 1 1 1 
1 1 1 1 1 0 0 1 1 1 1 1 1 1 1 1 1 1 1 1 
0 0 0 0 0 0 0 0 0 0 0 0 0 0 0 0 0 0 0 0 
0 1 0 1 0 1 0 0 0 0 0 0 0 0 0 0 0 0 0 0 
1 0 1 1 1 1 1 1 1 1 1 1 1 1 1 1 1 1 1 1 
0 0 0 0 1 1 0 0 0 0 0 0 0 0 0 0 0 0 0 0 
0 0 0 0 0 0 0 0 0 0 0 0 0 0 0 0 0 0 0 0 
1 1 1 1 1 0 1 1 1 1 1 1 1 1 1 1 1 1 1 1 
0 1 1 1 0 1 1 0 0 0 0 0 0 0 0 0 0 0 0 0 
1 1 0 0 1 0 1 1 1 1 1 1 1 1 1 1 1 1 1 1 
OpenStacks: 8
Took 2.99 seconds

buffer: Warwick 270: balanced orders and products, 10 products per order
numCustomers: 10
numProducts: 20
1 0 0 1 1 0 0 0 1 0 1 0 1 0 1 1 0 1 1 0 
0 1 1 1 1 0 0 0 0 0 1 0 0 0 1 1 1 0 1 1 
0 1 0 0 0 1 1 1 1 0 1 0 1 0 1 1 0 0 1 0 
1 1 0 1 0 1 0 1 1 1 0 0 0 1 1 0 0 1 0 0 
1 0 1 1 0 0 1 0 1 0 0 1 0 1 0 1 1 1 0 0 
0 0 0 0 1 0 0 1 1 1 1 1 0 0 1 0 1 1 0 1 
0 1 0 0 0 1 1 0 0 1 0 1 1 0 0 1 0 1 1 1 
1 0 1 0 1 0 1 0 0 1 0 1 1 1 0 0 1 0 1 0 
0 1 1 0 0 1 1 1 0 1 0 0 1 1 0 0 1 0 0 1 
1 0 1 1 1 1 0 1 0 0 1 1 0 1 0 0 0 0 0 1 
Best sequence:
0 1 2 3 5 6 12 0 0 0 0 0 0 0 0 0 0 0 0 0 
1 0 0 1 0 0 1 1 1 1 1 1 1 1 1 1 1 1 1 1 
0 1 1 1 0 0 0 0 0 0 0 0 0 0 0 0 0 0 0 0 
0 1 0 0 1 1 1 0 0 0 0 0 0 0 0 0 0 0 0 0 
1 1 0 1 1 0 0 1 1 1 1 1 1 1 1 1 1 1 1 1 
1 0 1 1 0 1 0 1 1 1 1 1 1 1 1 1 1 1 1 1 
0 0 0 0 0 0 0 0 0 0 0 0 0 0 0 0 0 0 0 0 
0 1 0 0 1 1 1 0 0 0 0 0 0 0 0 0 0 0 0 0 
1 0 1 0 0 1 1 1 1 1 1 1 1 1 1 1 1 1 1 1 
0 1 1 0 1 1 1 0 0 0 0 0 0 0 0 0 0 0 0 0 
1 0 1 1 1 0 0 1 1 1 1 1 1 1 1 1 1 1 1 1 
OpenStacks: 9
Took 3 seconds

Solved: 40 instances
totalTime: 120.68 seconds
minTime: 2.98 seconds
maxTime: 3.89 seconds
Average: 3.017 seconds
