Solving by Dynamic Programming...
buffer: Warwick 571: balanced orders and products, 2 products per order
numCustomers: 15
numProducts: 15
1 0 0 0 0 0 0 1 0 0 0 0 0 0 0 
0 1 0 0 0 0 0 0 1 0 0 0 0 0 0 
1 0 0 1 0 0 0 0 0 0 0 0 0 0 0 
0 1 0 0 0 0 0 0 0 0 0 0 0 1 0 
0 0 0 0 1 0 0 0 0 0 0 0 1 0 0 
0 0 0 1 0 1 0 0 0 0 0 0 0 0 0 
0 0 0 0 0 0 0 0 0 0 1 1 0 0 0 
0 0 0 0 0 0 0 0 0 0 0 1 0 1 0 
0 0 0 0 0 0 0 0 0 0 0 0 1 0 1 
0 0 0 0 1 1 0 0 0 0 0 0 0 0 0 
0 0 1 0 0 0 1 0 0 0 0 0 0 0 0 
0 0 0 0 0 0 1 0 0 1 0 0 0 0 0 
0 0 1 0 0 0 0 0 1 0 0 0 0 0 0 
0 0 0 0 0 0 0 0 0 1 0 0 0 0 1 
0 0 0 0 0 0 0 1 0 0 1 0 0 0 0 
Best Sequence: 
14 9 6 2 8 1 13 12 11 10 7 4 5 3 0 
0 0 0 0 0 0 0 0 0 0 1 0 0 0 1 
0 0 0 0 1 1 0 0 0 0 0 0 0 0 0 
0 0 0 0 0 0 0 0 0 0 0 0 0 1 1 
0 0 0 0 0 1 1 0 0 0 0 0 0 0 0 
0 0 0 0 0 0 0 1 0 0 0 1 0 0 0 
0 0 0 0 0 0 0 0 0 0 0 0 1 1 0 
0 0 0 0 0 0 0 0 1 1 0 0 0 0 0 
0 0 0 0 0 0 1 0 1 0 0 0 0 0 0 
1 0 0 0 0 0 0 1 0 0 0 0 0 0 0 
0 0 0 0 0 0 0 0 0 0 0 1 1 0 0 
0 0 1 1 0 0 0 0 0 0 0 0 0 0 0 
0 1 1 0 0 0 0 0 0 0 0 0 0 0 0 
0 0 0 1 1 0 0 0 0 0 0 0 0 0 0 
1 1 0 0 0 0 0 0 0 0 0 0 0 0 0 
0 0 0 0 0 0 0 0 0 1 1 0 0 0 0 
OpenStacks: 3
Took 6.87 seconds

buffer: Warwick 572: balanced orders and products, 2 products per order
numCustomers: 15
numProducts: 15
0 0 0 0 0 0 0 1 0 0 1 0 0 0 0 
0 0 1 0 0 0 0 0 1 0 0 0 0 0 0 
1 0 0 0 0 0 1 0 0 0 0 0 0 0 0 
0 0 0 0 0 0 0 0 1 1 0 0 0 0 0 
1 1 0 0 0 0 0 0 0 0 0 0 0 0 0 
0 1 0 0 0 1 0 0 0 0 0 0 0 0 0 
0 0 0 0 0 1 1 0 0 0 0 0 0 0 0 
0 0 0 0 0 0 0 0 0 0 0 1 1 0 0 
0 0 0 1 0 0 0 0 0 0 0 1 0 0 0 
0 0 0 0 0 0 0 0 0 0 0 0 1 0 1 
0 0 0 0 1 0 0 0 0 0 0 0 0 1 0 
0 0 1 0 0 0 0 0 0 0 0 0 0 0 1 
0 0 0 0 1 0 0 0 0 0 1 0 0 0 0 
0 0 0 1 0 0 0 1 0 0 0 0 0 0 0 
0 0 0 0 0 0 0 0 0 1 0 0 0 1 0 
Best Sequence: 
14 12 11 3 7 10 4 13 9 8 2 6 5 1 0 
0 0 0 0 1 1 0 0 0 0 0 0 0 0 0 
0 0 0 0 0 0 0 0 0 1 1 0 0 0 0 
0 0 0 0 0 0 0 0 0 0 0 1 0 0 1 
0 0 0 0 0 0 0 0 1 1 0 0 0 0 0 
0 0 0 0 0 0 0 0 0 0 0 0 0 1 1 
0 0 0 0 0 0 0 0 0 0 0 0 1 1 0 
0 0 0 0 0 0 0 0 0 0 0 1 1 0 0 
0 1 1 0 0 0 0 0 0 0 0 0 0 0 0 
0 0 1 1 0 0 0 0 0 0 0 0 0 0 0 
1 1 0 0 0 0 0 0 0 0 0 0 0 0 0 
0 0 0 0 0 0 1 1 0 0 0 0 0 0 0 
1 0 0 0 0 0 0 0 0 0 1 0 0 0 0 
0 0 0 0 0 1 1 0 0 0 0 0 0 0 0 
0 0 0 1 1 0 0 0 0 0 0 0 0 0 0 
0 0 0 0 0 0 0 1 1 0 0 0 0 0 0 
OpenStacks: 3
Took 6.88 seconds

buffer: Warwick 573: balanced orders and products, 2 products per order
numCustomers: 15
numProducts: 15
0 1 0 0 0 0 0 0 0 0 1 0 0 0 0 
0 0 0 0 1 0 0 0 0 0 0 0 1 0 0 
0 0 0 0 0 0 1 0 0 0 0 1 0 0 0 
0 0 0 0 0 0 0 0 0 0 0 0 1 1 0 
0 0 0 0 0 0 0 1 0 0 0 0 0 0 1 
0 0 0 0 0 0 0 0 0 0 1 0 0 1 0 
1 0 0 0 0 1 0 0 0 0 0 0 0 0 0 
0 0 1 1 0 0 0 0 0 0 0 0 0 0 0 
0 0 0 0 0 0 0 0 0 1 0 0 0 0 1 
0 1 0 0 0 0 0 1 0 0 0 0 0 0 0 
0 0 0 0 0 0 0 0 0 1 0 1 0 0 0 
0 0 0 1 1 0 0 0 0 0 0 0 0 0 0 
0 0 1 0 0 0 1 0 0 0 0 0 0 0 0 
0 0 0 0 0 1 0 0 1 0 0 0 0 0 0 
1 0 0 0 0 0 0 0 1 0 0 0 0 0 0 
Best Sequence: 
14 9 11 6 2 3 4 12 13 10 7 1 8 5 0 
0 0 0 0 0 0 0 0 0 1 0 1 0 0 0 
0 0 0 0 0 0 1 1 0 0 0 0 0 0 0 
0 0 1 1 0 0 0 0 0 0 0 0 0 0 0 
0 0 0 0 0 0 0 1 1 0 0 0 0 0 0 
1 0 0 0 0 0 0 0 0 0 1 0 0 0 0 
0 0 0 0 0 0 0 0 1 1 0 0 0 0 0 
0 0 0 0 0 0 0 0 0 0 0 0 0 1 1 
0 0 0 0 1 1 0 0 0 0 0 0 0 0 0 
1 1 0 0 0 0 0 0 0 0 0 0 0 0 0 
0 0 0 0 0 0 0 0 0 0 1 1 0 0 0 
0 1 1 0 0 0 0 0 0 0 0 0 0 0 0 
0 0 0 0 0 1 1 0 0 0 0 0 0 0 0 
0 0 0 1 1 0 0 0 0 0 0 0 0 0 0 
0 0 0 0 0 0 0 0 0 0 0 0 1 1 0 
0 0 0 0 0 0 0 0 0 0 0 0 1 0 1 
OpenStacks: 3
Took 6.88 seconds

buffer: Warwick 574: balanced orders and products, 2 products per order
numCustomers: 15
numProducts: 15
0 0 0 0 0 1 0 1 0 0 0 0 0 0 0 
0 0 1 0 0 0 0 0 1 0 0 0 0 0 0 
0 1 0 0 0 0 0 0 0 0 0 0 0 0 1 
0 0 0 0 0 0 0 0 0 1 0 0 1 0 0 
1 1 0 0 0 0 0 0 0 0 0 0 0 0 0 
0 0 0 0 1 0 0 0 0 1 0 0 0 0 0 
0 0 0 0 0 0 0 1 0 0 0 0 0 0 1 
0 0 0 0 0 0 0 0 1 0 0 0 1 0 0 
0 0 0 0 0 0 0 0 0 0 0 1 0 1 0 
0 0 1 0 0 0 0 0 0 0 0 0 0 1 0 
0 0 0 0 0 0 1 0 0 0 1 0 0 0 0 
0 0 0 0 0 0 1 0 0 0 1 0 0 0 0 
0 0 0 1 0 1 0 0 0 0 0 0 0 0 0 
1 0 0 0 0 0 0 0 0 0 0 1 0 0 0 
0 0 0 1 1 0 0 0 0 0 0 0 0 0 0 
Best Sequence: 
10 6 14 7 5 3 4 9 12 8 2 13 11 1 0 
0 0 0 1 1 0 0 0 0 0 0 0 0 0 0 
0 0 0 0 0 0 0 0 0 1 1 0 0 0 0 
0 0 1 0 0 0 0 0 0 0 0 0 0 1 0 
0 0 0 0 0 0 0 1 1 0 0 0 0 0 0 
0 0 0 0 0 0 0 0 0 0 0 0 0 1 1 
0 0 0 0 0 0 1 1 0 0 0 0 0 0 0 
0 0 1 1 0 0 0 0 0 0 0 0 0 0 0 
0 0 0 0 0 0 0 0 1 1 0 0 0 0 0 
0 0 0 0 0 0 0 0 0 0 0 1 1 0 0 
0 0 0 0 0 0 0 0 0 0 1 1 0 0 0 
1 1 0 0 0 0 0 0 0 0 0 0 0 0 0 
1 1 0 0 0 0 0 0 0 0 0 0 0 0 0 
0 0 0 0 1 1 0 0 0 0 0 0 0 0 0 
0 0 0 0 0 0 0 0 0 0 0 0 1 0 1 
0 0 0 0 0 1 1 0 0 0 0 0 0 0 0 
OpenStacks: 3
Took 6.89 seconds

buffer: Warwick 575: balanced orders and products, 2 products per order
numCustomers: 15
numProducts: 15
0 0 0 0 0 0 0 0 1 0 1 0 0 0 0 
0 0 0 1 1 0 0 0 0 0 0 0 0 0 0 
0 0 0 0 0 0 0 0 0 1 0 1 0 0 0 
0 0 0 0 0 0 0 0 1 0 0 0 0 1 0 
0 0 1 0 0 0 1 0 0 0 0 0 0 0 0 
1 1 0 0 0 0 0 0 0 0 0 0 0 0 0 
1 0 0 0 0 0 0 0 0 0 0 1 0 0 0 
0 0 0 0 1 0 0 0 0 0 0 0 1 0 0 
0 0 0 1 0 0 0 0 0 0 1 0 0 0 0 
0 0 1 0 0 0 0 0 0 1 0 0 0 0 0 
0 1 0 0 0 0 0 1 0 0 0 0 0 0 0 
0 0 0 0 0 0 1 0 0 0 0 0 0 0 1 
0 0 0 0 0 0 0 1 0 0 0 0 0 1 0 
0 0 0 0 0 1 0 0 0 0 0 0 0 0 1 
0 0 0 0 0 1 0 0 0 0 0 0 1 0 0 
Best Sequence: 
14 5 12 4 3 10 8 13 6 2 9 11 7 1 0 
0 0 0 0 0 1 1 0 0 0 0 0 0 0 0 
0 0 0 1 1 0 0 0 0 0 0 0 0 0 0 
0 0 0 0 0 0 0 0 0 0 1 1 0 0 0 
0 0 0 0 0 0 1 1 0 0 0 0 0 0 0 
0 0 0 0 0 0 0 0 1 1 0 0 0 0 0 
0 0 0 0 0 0 0 0 0 0 0 0 0 1 1 
0 0 0 0 0 0 0 0 0 0 0 1 0 0 1 
0 0 1 1 0 0 0 0 0 0 0 0 0 0 0 
0 0 0 0 1 1 0 0 0 0 0 0 0 0 0 
0 0 0 0 0 0 0 0 0 1 1 0 0 0 0 
0 0 0 0 0 0 0 0 0 0 0 0 1 1 0 
1 0 0 0 0 0 0 0 1 0 0 0 0 0 0 
0 0 0 0 0 0 0 1 0 0 0 0 1 0 0 
1 1 0 0 0 0 0 0 0 0 0 0 0 0 0 
0 1 1 0 0 0 0 0 0 0 0 0 0 0 0 
OpenStacks: 3
Took 6.89 seconds

buffer: Warwick 576: balanced orders and products, 2 products per order
numCustomers: 15
numProducts: 15
0 0 0 0 0 0 0 0 0 0 1 0 1 0 0 
0 0 0 0 0 1 0 0 0 0 0 0 0 0 1 
0 0 0 0 0 1 1 0 0 0 0 0 0 0 0 
0 0 0 0 0 0 0 0 0 1 1 0 0 0 0 
0 1 0 0 0 0 0 0 0 0 0 0 0 1 0 
1 1 0 0 0 0 0 0 0 0 0 0 0 0 0 
1 0 0 1 0 0 0 0 0 0 0 0 0 0 0 
0 0 0 0 1 0 0 0 1 0 0 0 0 0 0 
0 0 0 0 0 0 0 0 0 1 0 0 0 0 1 
0 0 0 0 0 0 1 0 0 0 0 1 0 0 0 
0 0 1 0 0 0 0 1 0 0 0 0 0 0 0 
0 0 0 0 0 0 0 0 0 0 0 0 1 1 0 
0 0 1 1 0 0 0 0 0 0 0 0 0 0 0 
0 0 0 0 1 0 0 0 0 0 0 1 0 0 0 
0 0 0 0 0 0 0 1 1 0 0 0 0 0 0 
Best Sequence: 
14 9 10 12 13 5 6 11 4 8 7 2 3 1 0 
0 0 1 1 0 0 0 0 0 0 0 0 0 0 0 
1 0 0 0 0 1 0 0 0 0 0 0 0 0 0 
0 0 0 0 0 1 1 0 0 0 0 0 0 0 0 
0 1 1 0 0 0 0 0 0 0 0 0 0 0 0 
0 0 0 0 1 0 0 0 0 0 0 0 0 1 0 
0 0 0 0 0 0 0 0 0 0 0 0 0 1 1 
0 0 0 0 0 0 0 0 0 0 0 0 1 0 1 
0 0 0 0 0 0 0 0 1 1 0 0 0 0 0 
1 1 0 0 0 0 0 0 0 0 0 0 0 0 0 
0 0 0 0 0 0 1 1 0 0 0 0 0 0 0 
0 0 0 0 0 0 0 0 0 0 1 1 0 0 0 
0 0 0 1 1 0 0 0 0 0 0 0 0 0 0 
0 0 0 0 0 0 0 0 0 0 0 1 1 0 0 
0 0 0 0 0 0 0 1 1 0 0 0 0 0 0 
0 0 0 0 0 0 0 0 0 1 1 0 0 0 0 
OpenStacks: 3
Took 6.88 seconds

buffer: Warwick 577: balanced orders and products, 2 products per order
numCustomers: 15
numProducts: 15
1 0 0 0 0 0 0 0 0 0 0 0 1 0 0 
0 0 0 0 0 1 0 1 0 0 0 0 0 0 0 
0 0 0 1 0 0 0 0 0 0 1 0 0 0 0 
0 1 0 0 0 0 0 0 0 0 0 0 0 0 1 
0 0 0 0 1 1 0 0 0 0 0 0 0 0 0 
1 0 1 0 0 0 0 0 0 0 0 0 0 0 0 
0 0 0 1 1 0 0 0 0 0 0 0 0 0 0 
0 0 0 0 0 0 1 0 1 0 0 0 0 0 0 
0 0 0 0 0 0 0 0 0 1 0 1 0 0 0 
0 0 0 0 0 0 0 0 1 0 0 0 0 1 0 
0 0 0 0 0 0 0 1 0 0 0 0 0 1 0 
0 0 1 0 0 0 0 0 0 0 0 0 1 0 0 
0 0 0 0 0 0 0 0 0 0 0 1 0 0 1 
0 0 0 0 0 0 0 0 0 1 1 0 0 0 0 
0 1 0 0 0 0 1 0 0 0 0 0 0 0 0 
Best Sequence: 
14 11 9 10 3 4 5 7 13 8 6 1 12 2 0 
0 0 0 0 0 0 0 0 0 0 0 0 1 0 1 
0 0 0 0 0 0 1 1 0 0 0 0 0 0 0 
0 0 0 1 1 0 0 0 0 0 0 0 0 0 0 
1 0 0 0 0 0 0 0 0 0 0 1 0 0 0 
0 0 0 0 0 1 1 0 0 0 0 0 0 0 0 
0 0 0 0 0 0 0 0 0 0 0 0 0 1 1 
0 0 0 0 1 1 0 0 0 0 0 0 0 0 0 
0 0 0 0 0 0 0 0 0 1 1 0 0 0 0 
0 1 1 0 0 0 0 0 0 0 0 0 0 0 0 
0 0 0 0 0 0 0 0 1 1 0 0 0 0 0 
0 0 0 0 0 0 0 1 1 0 0 0 0 0 0 
0 0 0 0 0 0 0 0 0 0 0 0 1 1 0 
1 1 0 0 0 0 0 0 0 0 0 0 0 0 0 
0 0 1 1 0 0 0 0 0 0 0 0 0 0 0 
0 0 0 0 0 0 0 0 0 0 1 1 0 0 0 
OpenStacks: 3
Took 6.88 seconds

buffer: Warwick 578: balanced orders and products, 2 products per order
numCustomers: 15
numProducts: 15
0 1 0 0 0 0 0 0 0 0 0 0 0 1 0 
0 0 0 0 0 0 0 0 0 1 0 0 1 0 0 
0 0 0 0 0 0 0 1 1 0 0 0 0 0 0 
0 0 1 0 0 0 0 1 0 0 0 0 0 0 0 
0 0 0 0 1 0 0 0 0 0 0 0 0 0 1 
1 0 0 0 0 0 0 0 1 0 0 0 0 0 0 
0 0 0 0 1 0 0 0 0 0 0 1 0 0 0 
1 0 0 0 0 1 0 0 0 0 0 0 0 0 0 
0 0 1 0 0 0 0 0 0 0 1 0 0 0 0 
0 0 0 1 0 0 0 0 0 0 0 1 0 0 0 
0 0 0 0 0 0 1 0 0 0 0 0 0 1 0 
0 0 0 1 0 1 0 0 0 0 0 0 0 0 0 
0 0 0 0 0 0 1 0 0 0 1 0 0 0 0 
0 1 0 0 0 0 0 0 0 1 0 0 0 0 0 
0 0 0 0 0 0 0 0 0 0 0 0 1 0 1 
Best Sequence: 
14 12 9 1 13 4 11 6 10 2 7 8 3 5 0 
0 0 0 1 1 0 0 0 0 0 0 0 0 0 0 
0 1 1 0 0 0 0 0 0 0 0 0 0 0 0 
0 0 0 0 0 0 0 0 0 0 1 1 0 0 0 
0 0 0 0 0 0 0 0 0 1 1 0 0 0 0 
1 0 0 0 0 1 0 0 0 0 0 0 0 0 0 
0 0 0 0 0 0 0 0 0 0 0 1 0 0 1 
0 0 0 0 0 1 1 0 0 0 0 0 0 0 0 
0 0 0 0 0 0 0 0 0 0 0 0 0 1 1 
0 0 0 0 0 0 0 0 1 1 0 0 0 0 0 
0 0 0 0 0 0 1 0 0 0 0 0 1 0 0 
0 0 0 0 1 0 0 1 0 0 0 0 0 0 0 
0 0 0 0 0 0 0 0 0 0 0 0 1 1 0 
0 0 0 0 0 0 0 1 1 0 0 0 0 0 0 
0 0 1 1 0 0 0 0 0 0 0 0 0 0 0 
1 1 0 0 0 0 0 0 0 0 0 0 0 0 0 
OpenStacks: 3
Took 6.88 seconds

buffer: Warwick 579: balanced orders and products, 2 products per order
numCustomers: 15
numProducts: 15
0 1 1 0 0 0 0 0 0 0 0 0 0 0 0 
0 0 0 1 0 0 0 0 0 0 0 0 1 0 0 
0 0 0 0 0 0 0 0 0 0 1 1 0 0 0 
0 0 0 0 0 0 1 0 1 0 0 0 0 0 0 
0 0 0 0 0 0 0 1 0 0 0 0 1 0 0 
0 0 0 0 1 0 0 0 0 0 0 0 0 1 0 
1 0 0 0 0 0 0 0 0 0 0 0 0 0 1 
0 0 1 0 1 0 0 0 0 0 0 0 0 0 0 
0 0 0 0 0 1 0 1 0 0 0 0 0 0 0 
1 0 0 1 0 0 0 0 0 0 0 0 0 0 0 
0 0 0 0 0 0 1 0 0 0 0 1 0 0 0 
0 1 0 0 0 1 0 0 0 0 0 0 0 0 0 
0 0 0 0 0 0 0 0 0 1 1 0 0 0 0 
0 0 0 0 0 0 0 0 1 0 0 0 0 0 1 
0 0 0 0 0 0 0 0 0 1 0 0 0 1 0 
Best Sequence: 
14 8 6 11 10 9 13 4 2 1 5 7 12 3 0 
0 0 0 0 0 0 0 0 1 1 0 0 0 0 0 
0 0 0 0 0 0 0 0 0 0 0 0 1 1 0 
0 0 0 1 1 0 0 0 0 0 0 0 0 0 0 
0 1 1 0 0 0 0 0 0 0 0 0 0 0 0 
0 0 0 0 0 0 0 0 0 0 0 1 1 0 0 
0 0 0 0 0 0 1 1 0 0 0 0 0 0 0 
1 0 0 0 0 0 0 0 0 0 0 0 0 0 1 
0 0 0 0 0 0 0 1 1 0 0 0 0 0 0 
0 0 0 0 0 0 0 0 0 0 1 1 0 0 0 
0 0 0 0 0 0 0 0 0 0 0 0 0 1 1 
0 0 1 1 0 0 0 0 0 0 0 0 0 0 0 
0 0 0 0 0 0 0 0 0 1 1 0 0 0 0 
0 0 0 0 1 1 0 0 0 0 0 0 0 0 0 
1 1 0 0 0 0 0 0 0 0 0 0 0 0 0 
0 0 0 0 0 1 1 0 0 0 0 0 0 0 0 
OpenStacks: 3
Took 6.88 seconds

buffer: Warwick 580: balanced orders and products, 2 products per order
numCustomers: 15
numProducts: 15
0 1 0 0 1 0 0 0 0 0 0 0 0 0 0 
0 0 1 1 0 0 0 0 0 0 0 0 0 0 0 
1 0 0 0 0 0 0 0 0 0 0 1 0 0 0 
1 0 0 0 0 0 0 0 0 0 0 0 0 1 0 
0 0 1 0 0 0 0 0 0 0 1 0 0 0 0 
0 0 0 0 0 0 0 0 0 0 0 1 0 0 1 
0 0 0 1 0 1 0 0 0 0 0 0 0 0 0 
0 0 0 0 0 0 1 0 0 0 0 0 1 0 0 
0 0 0 0 0 0 0 1 1 0 0 0 0 0 0 
0 0 0 0 0 1 0 0 0 0 0 0 1 0 0 
0 0 0 0 1 0 0 0 0 0 0 0 0 0 1 
0 0 0 0 0 0 0 0 0 1 1 0 0 0 0 
0 1 0 0 0 0 1 0 0 0 0 0 0 0 0 
0 0 0 0 0 0 0 0 1 0 0 0 0 1 0 
0 0 0 0 0 0 0 1 0 1 0 0 0 0 0 
Best Sequence: 
14 4 1 6 12 5 3 2 10 9 7 8 13 11 0 
0 1 1 0 0 0 0 0 0 0 0 0 0 0 0 
0 0 0 0 0 0 1 1 0 0 0 0 0 0 0 
0 0 0 0 0 0 0 0 0 0 0 0 0 1 1 
0 0 0 0 0 0 0 0 0 0 0 0 1 0 1 
0 0 0 0 0 0 0 1 1 0 0 0 0 0 0 
1 0 0 0 0 0 0 0 0 0 0 0 0 1 0 
0 0 0 0 0 1 1 0 0 0 0 0 0 0 0 
0 0 0 1 1 0 0 0 0 0 0 0 0 0 0 
0 0 0 0 0 0 0 0 0 0 1 1 0 0 0 
0 0 0 0 1 1 0 0 0 0 0 0 0 0 0 
1 1 0 0 0 0 0 0 0 0 0 0 0 0 0 
0 0 0 0 0 0 0 0 1 1 0 0 0 0 0 
0 0 1 1 0 0 0 0 0 0 0 0 0 0 0 
0 0 0 0 0 0 0 0 0 0 0 1 1 0 0 
0 0 0 0 0 0 0 0 0 1 1 0 0 0 0 
OpenStacks: 3
Took 6.88 seconds

buffer: Warwick 581: balanced orders and products, 3 products per order
numCustomers: 15
numProducts: 15
0 0 0 0 0 1 0 0 0 1 0 0 0 0 1 
0 0 0 1 0 0 0 1 0 0 0 1 0 0 0 
1 0 0 1 0 0 0 0 0 0 0 1 0 0 0 
0 0 1 0 0 0 1 0 1 0 0 0 0 0 0 
0 1 0 0 0 0 1 0 1 0 0 0 0 0 0 
0 1 0 0 0 0 0 0 0 0 0 1 1 0 0 
1 0 0 0 0 1 0 0 0 0 0 0 1 0 0 
0 0 0 1 0 0 0 0 0 1 0 0 0 1 0 
0 0 1 0 0 0 0 0 0 1 0 0 0 0 1 
0 0 1 0 0 0 0 0 0 0 0 0 1 1 0 
1 0 0 0 0 0 0 1 0 0 0 0 0 1 0 
0 0 0 0 1 0 0 0 0 0 1 0 0 0 1 
0 0 0 0 0 1 1 1 0 0 0 0 0 0 0 
0 0 0 0 1 0 0 0 1 0 1 0 0 0 0 
0 1 0 0 1 0 0 0 0 0 1 0 0 0 0 
Best Sequence: 
14 10 4 8 1 6 2 9 5 13 12 7 11 3 0 
1 0 0 0 0 0 0 1 1 0 0 0 0 0 0 
0 0 0 0 0 0 0 0 0 0 0 1 1 1 0 
0 0 0 0 0 0 0 0 0 0 0 0 1 1 1 
0 0 0 1 0 1 1 0 0 0 0 0 0 0 0 
0 0 0 1 1 1 0 0 0 0 0 0 0 0 0 
0 0 0 0 1 0 0 0 0 0 1 0 1 0 0 
0 0 0 0 0 0 0 0 1 0 1 0 0 0 1 
0 0 0 0 0 0 0 1 0 1 0 0 0 1 0 
1 0 0 0 0 0 1 1 0 0 0 0 0 0 0 
0 0 0 0 0 0 1 0 0 1 1 0 0 0 0 
0 0 0 0 0 0 0 0 0 1 0 1 0 0 1 
1 1 1 0 0 0 0 0 0 0 0 0 0 0 0 
0 0 0 0 0 1 0 0 1 0 0 1 0 0 0 
0 1 1 1 0 0 0 0 0 0 0 0 0 0 0 
0 1 1 0 1 0 0 0 0 0 0 0 0 0 0 
OpenStacks: 6
Took 7.04 seconds

buffer: Warwick 582: balanced orders and products, 3 products per order
numCustomers: 15
numProducts: 15
0 0 0 0 0 0 0 1 0 0 1 1 0 0 0 
0 0 0 1 0 0 0 1 0 1 0 0 0 0 0 
0 0 1 0 1 0 0 1 0 0 0 0 0 0 0 
0 0 1 0 1 0 1 0 0 0 0 0 0 0 0 
0 0 0 0 0 1 0 0 0 0 0 0 1 0 1 
0 1 0 1 0 0 0 0 0 0 0 0 0 1 0 
1 0 0 0 0 0 0 0 0 1 0 0 0 0 1 
1 1 0 0 0 0 0 0 0 0 0 0 0 1 0 
0 0 0 0 0 1 0 0 1 0 0 1 0 0 0 
1 0 0 0 0 0 0 0 1 0 0 0 0 1 0 
0 0 0 0 0 0 1 0 0 1 1 0 0 0 0 
0 1 0 0 0 1 0 0 0 0 0 0 1 0 0 
0 0 0 0 0 0 1 0 1 0 0 0 1 0 0 
0 0 1 0 0 0 0 0 0 0 1 0 0 0 1 
0 0 0 1 1 0 0 0 0 0 0 1 0 0 0 
Best Sequence: 
7 4 2 10 6 9 14 11 12 5 8 13 3 1 0 
1 0 0 1 0 0 0 1 0 0 0 0 0 0 0 
1 0 0 0 0 1 0 0 0 0 0 0 1 0 0 
1 1 1 0 0 0 0 0 0 0 0 0 0 0 0 
0 1 1 0 1 0 0 0 0 0 0 0 0 0 0 
0 0 0 0 0 0 1 0 1 1 0 0 0 0 0 
0 0 0 0 0 0 0 0 0 0 0 1 1 1 0 
0 0 0 0 0 1 1 0 0 0 0 0 0 0 1 
0 0 0 0 0 0 0 0 0 0 0 1 0 1 1 
0 0 0 0 0 0 0 1 0 1 1 0 0 0 0 
0 0 0 0 0 0 0 0 0 0 1 1 0 0 1 
0 0 0 1 1 1 0 0 0 0 0 0 0 0 0 
0 0 0 0 0 0 0 0 1 1 0 0 0 1 0 
0 0 0 0 1 0 0 0 1 0 1 0 0 0 0 
0 0 1 1 0 0 1 0 0 0 0 0 0 0 0 
0 1 0 0 0 0 0 1 0 0 0 0 1 0 0 
OpenStacks: 7
Took 7.05 seconds

buffer: Warwick 583: balanced orders and products, 3 products per order
numCustomers: 15
numProducts: 15
0 0 0 1 0 0 0 0 0 0 0 0 0 1 1 
0 0 0 0 0 0 0 1 0 0 0 1 0 0 1 
0 0 0 0 0 1 0 1 0 0 0 0 1 0 0 
0 1 1 0 0 0 0 0 0 0 0 0 1 0 0 
0 0 1 1 0 1 0 0 0 0 0 0 0 0 0 
1 0 0 0 0 1 0 0 0 0 0 1 0 0 0 
0 0 0 0 0 0 0 0 0 1 1 0 0 0 1 
0 0 1 0 1 0 1 0 0 0 0 0 0 0 0 
1 0 0 0 1 0 0 0 0 0 0 0 0 1 0 
0 1 0 0 1 0 0 0 1 0 0 0 0 0 0 
0 0 0 0 0 0 0 0 1 0 0 1 0 1 0 
0 1 0 0 0 0 1 0 0 1 0 0 0 0 0 
1 0 0 0 0 0 0 1 0 0 1 0 0 0 0 
0 0 0 0 0 0 0 0 1 0 1 0 1 0 0 
0 0 0 1 0 0 1 0 0 1 0 0 0 0 0 
Best Sequence: 
9 6 3 1 4 2 14 13 8 12 11 10 7 5 0 
0 0 1 0 0 0 1 1 0 0 0 0 0 0 0 
0 0 0 0 0 0 1 0 0 0 1 0 1 0 0 
0 0 0 0 0 0 0 0 0 1 0 0 1 1 0 
0 0 0 1 0 1 0 0 0 1 0 0 0 0 0 
0 0 1 0 0 1 0 0 0 0 0 0 0 1 0 
0 0 0 0 0 0 0 0 0 0 1 0 0 1 1 
1 0 0 0 0 0 1 0 0 0 0 1 0 0 0 
0 1 0 0 1 1 0 0 0 0 0 0 0 0 0 
0 0 0 0 1 0 0 1 0 0 0 0 0 0 1 
0 0 0 1 1 0 0 0 1 0 0 0 0 0 0 
0 0 0 0 0 0 0 1 1 0 1 0 0 0 0 
1 1 0 1 0 0 0 0 0 0 0 0 0 0 0 
0 0 0 0 0 0 0 0 0 0 0 1 1 0 1 
0 0 0 0 0 0 0 0 1 1 0 1 0 0 0 
1 1 1 0 0 0 0 0 0 0 0 0 0 0 0 
OpenStacks: 8
Took 7.04 seconds

buffer: Warwick 584: balanced orders and products, 3 products per order
numCustomers: 15
numProducts: 15
1 0 0 1 0 0 0 0 0 0 0 1 0 0 0 
0 0 1 0 0 0 0 0 0 0 0 1 0 1 0 
0 0 0 0 1 1 0 0 0 1 0 0 0 0 0 
0 0 0 0 0 1 0 1 0 0 0 0 0 0 1 
1 0 0 0 0 0 0 1 0 1 0 0 0 0 0 
0 0 0 0 0 0 0 1 0 0 1 0 0 1 0 
0 0 0 1 0 0 0 0 1 1 0 0 0 0 0 
0 1 1 0 0 0 0 0 0 0 0 0 0 0 1 
0 1 0 0 0 0 1 0 1 0 0 0 0 0 0 
0 0 0 0 1 0 0 0 0 0 0 1 1 0 0 
0 1 0 0 1 0 0 0 0 0 0 0 0 0 1 
0 0 0 0 0 0 1 0 0 0 1 0 1 0 0 
0 0 0 0 0 1 1 0 0 0 0 0 0 1 0 
1 0 0 1 0 0 0 0 1 0 0 0 0 0 0 
0 0 1 0 0 0 0 0 0 0 1 0 1 0 0 
Best Sequence: 
13 10 7 12 6 5 2 14 11 9 4 8 3 1 0 
0 0 0 0 0 0 0 0 1 0 0 0 1 0 1 
1 0 0 0 0 0 1 0 1 0 0 0 0 0 0 
0 0 0 0 0 1 0 0 0 1 1 0 0 0 0 
0 0 1 0 0 1 0 1 0 0 0 0 0 0 0 
0 0 1 0 0 0 0 0 0 1 0 0 0 0 1 
1 1 1 0 0 0 0 0 0 0 0 0 0 0 0 
0 0 0 0 0 0 0 0 0 1 0 1 1 0 0 
0 0 0 0 0 0 1 1 0 0 0 0 0 1 0 
0 0 0 0 1 0 0 0 0 0 0 1 0 1 0 
0 0 0 1 0 0 0 0 1 0 1 0 0 0 0 
0 0 0 0 0 0 0 1 0 0 1 0 0 1 0 
0 1 0 1 1 0 0 0 0 0 0 0 0 0 0 
1 0 0 0 1 1 0 0 0 0 0 0 0 0 0 
0 0 0 0 0 0 0 0 0 0 0 1 1 0 1 
0 1 0 1 0 0 1 0 0 0 0 0 0 0 0 
OpenStacks: 8
Took 7.04 seconds

buffer: Warwick 585: balanced orders and products, 3 products per order
numCustomers: 15
numProducts: 15
0 0 0 0 1 1 0 1 0 0 0 0 0 0 0 
0 0 0 1 0 0 1 0 0 0 0 1 0 0 0 
0 0 1 0 0 1 0 0 1 0 0 0 0 0 0 
0 1 0 0 0 0 0 0 0 0 0 0 1 0 1 
0 1 0 0 0 0 0 0 0 0 1 1 0 0 0 
1 0 0 0 0 0 0 0 1 1 0 0 0 0 0 
1 0 1 0 0 0 0 0 0 0 1 0 0 0 0 
0 0 0 1 0 0 1 0 0 0 0 0 1 0 0 
0 0 0 0 0 0 0 1 0 1 0 0 0 0 1 
0 0 0 0 0 0 0 0 1 0 0 1 0 1 0 
0 0 0 1 1 0 0 0 0 0 0 0 0 1 0 
0 0 0 0 0 0 0 0 0 1 0 0 1 1 0 
0 0 0 0 1 0 0 0 0 0 1 0 0 0 1 
1 0 1 0 0 0 1 0 0 0 0 0 0 0 0 
0 1 0 0 0 1 0 1 0 0 0 0 0 0 0 
Best Sequence: 
14 9 7 12 1 5 4 13 10 11 8 6 3 2 0 
0 0 1 0 0 1 1 0 0 0 0 0 0 0 0 
0 0 0 0 0 0 0 0 0 1 0 1 1 0 0 
0 0 0 0 0 1 0 0 0 0 1 0 0 1 0 
1 0 0 1 1 0 0 0 0 0 0 0 0 0 0 
0 0 0 0 1 0 0 0 1 1 0 0 0 0 0 
0 1 0 0 0 0 0 0 0 0 1 0 0 0 1 
0 0 0 0 0 0 0 0 1 0 0 0 0 1 1 
0 0 0 1 0 0 0 0 0 0 0 1 1 0 0 
1 1 1 0 0 0 0 0 0 0 0 0 0 0 0 
0 0 0 0 0 0 0 1 0 1 1 0 0 0 0 
0 0 0 0 0 0 1 1 0 0 0 0 1 0 0 
0 1 0 1 0 0 0 1 0 0 0 0 0 0 0 
1 0 0 0 0 0 1 0 1 0 0 0 0 0 0 
0 0 0 0 0 0 0 0 0 0 0 1 0 1 1 
0 0 1 0 1 1 0 0 0 0 0 0 0 0 0 
OpenStacks: 8
Took 7.04 seconds

buffer: Warwick 586: balanced orders and products, 3 products per order
numCustomers: 15
numProducts: 15
0 0 1 0 0 1 0 0 0 0 0 0 0 1 0 
0 0 0 0 0 0 0 0 0 1 0 0 1 1 0 
0 1 0 0 0 1 0 1 0 0 0 0 0 0 0 
0 0 0 0 0 0 0 0 0 0 1 1 0 0 1 
0 0 0 1 1 0 1 0 0 0 0 0 0 0 0 
1 0 0 0 0 0 0 0 0 0 1 0 1 0 0 
0 0 0 1 0 0 0 0 1 0 0 0 1 0 0 
0 0 0 1 0 0 0 0 0 1 0 0 0 0 1 
0 0 0 0 1 0 0 1 1 0 0 0 0 0 0 
0 0 1 0 1 0 0 0 0 0 0 0 0 0 1 
0 0 1 0 0 1 0 0 0 1 0 0 0 0 0 
0 0 0 0 0 0 1 1 0 0 0 1 0 0 0 
0 1 0 0 0 0 0 0 1 0 0 0 0 1 0 
1 1 0 0 0 0 0 0 0 0 1 0 0 0 0 
1 0 0 0 0 0 1 0 0 0 0 1 0 0 0 
Best Sequence: 
13 5 2 9 12 14 3 8 4 11 7 10 6 1 0 
1 1 1 0 0 0 0 0 0 0 0 0 0 0 0 
1 0 0 1 1 0 0 0 0 0 0 0 0 0 0 
0 1 0 0 0 0 0 0 0 0 1 0 0 1 0 
0 0 0 0 0 1 0 0 0 1 0 1 0 0 0 
0 0 0 0 0 0 1 0 1 0 0 0 1 0 0 
0 0 0 0 1 0 0 0 0 0 0 1 0 0 1 
0 0 0 0 1 0 1 1 0 0 0 0 0 0 0 
0 0 0 1 0 1 1 0 0 0 0 0 0 0 0 
0 0 0 0 0 0 0 1 1 0 1 0 0 0 0 
0 0 1 0 0 1 0 0 1 0 0 0 0 0 0 
0 1 1 1 0 0 0 0 0 0 0 0 0 0 0 
0 0 0 0 0 0 0 0 0 1 1 0 1 0 0 
1 0 0 0 0 0 0 1 0 0 0 0 0 1 0 
0 0 0 0 0 0 0 0 0 0 0 1 0 1 1 
0 0 0 0 0 0 0 0 0 1 0 0 1 0 1 
OpenStacks: 8
Took 7.05 seconds

buffer: Warwick 587: balanced orders and products, 3 products per order
numCustomers: 15
numProducts: 15
0 0 1 0 0 0 0 0 1 0 0 0 1 0 0 
0 0 0 0 0 0 1 0 0 1 0 0 0 1 0 
1 0 0 0 0 1 0 0 0 0 1 0 0 0 0 
0 0 0 0 0 0 0 1 0 0 0 1 0 0 1 
0 0 0 0 0 0 0 1 0 0 0 0 1 0 1 
0 1 0 0 1 0 1 0 0 0 0 0 0 0 0 
0 0 0 0 0 0 0 0 1 0 0 1 0 1 0 
0 0 0 0 0 0 1 0 1 0 1 0 0 0 0 
0 1 1 0 1 0 0 0 0 0 0 0 0 0 0 
0 0 0 1 0 0 0 1 0 1 0 0 0 0 0 
1 0 0 0 0 0 0 0 0 0 0 0 1 0 1 
0 0 0 1 0 1 0 0 0 1 0 0 0 0 0 
0 0 1 0 0 1 0 0 0 0 0 0 0 1 0 
0 0 0 1 1 0 0 0 0 0 0 1 0 0 0 
1 1 0 0 0 0 0 0 0 0 1 0 0 0 0 
Best Sequence: 
14 12 7 11 13 8 9 3 6 5 10 4 2 1 0 
0 1 0 0 0 1 0 0 0 0 0 0 1 0 0 
0 0 0 0 1 0 1 0 1 0 0 0 0 0 0 
0 0 0 0 0 0 0 0 0 1 1 0 0 0 1 
1 0 1 1 0 0 0 0 0 0 0 0 0 0 0 
1 1 1 0 0 0 0 0 0 0 0 0 0 0 0 
0 0 0 0 0 0 0 0 1 0 0 1 0 1 0 
0 0 0 1 1 1 0 0 0 0 0 0 0 0 0 
0 0 0 0 0 1 0 0 1 0 1 0 0 0 0 
0 0 0 0 0 0 0 0 0 0 0 1 1 1 0 
0 0 1 0 0 0 1 1 0 0 0 0 0 0 0 
1 1 0 0 0 0 0 0 0 0 0 0 0 0 1 
0 0 0 0 0 0 1 1 0 1 0 0 0 0 0 
0 0 0 0 1 0 0 0 0 1 0 0 1 0 0 
0 0 0 1 0 0 0 1 0 0 0 1 0 0 0 
0 0 0 0 0 0 0 0 0 0 1 0 0 1 1 
OpenStacks: 8
Took 7.05 seconds

buffer: Warwick 588: balanced orders and products, 3 products per order
numCustomers: 15
numProducts: 15
1 0 0 0 0 0 1 1 0 0 0 0 0 0 0 
0 0 0 0 0 0 0 0 0 1 0 0 1 1 0 
0 0 0 0 0 1 0 0 0 0 0 0 0 1 1 
0 0 0 1 0 1 1 0 0 0 0 0 0 0 0 
0 1 1 0 0 0 0 0 0 0 1 0 0 0 0 
0 0 0 1 0 0 0 0 0 0 1 1 0 0 0 
0 0 1 0 1 0 1 0 0 0 0 0 0 0 0 
0 0 0 0 0 0 0 0 1 0 0 1 0 0 1 
0 1 0 0 1 0 0 1 0 0 0 0 0 0 0 
1 0 0 0 0 0 0 0 0 1 0 0 1 0 0 
0 0 1 0 0 0 0 1 1 0 0 0 0 0 0 
1 1 0 0 0 0 0 0 0 0 0 0 0 0 1 
0 0 0 0 1 0 0 0 0 1 0 0 0 1 0 
0 0 0 1 0 1 0 0 1 0 0 0 0 0 0 
0 0 0 0 0 0 0 0 0 0 1 1 1 0 0 
Best Sequence: 
12 11 10 13 9 3 14 5 8 6 7 4 2 1 0 
0 0 0 0 0 0 0 0 0 1 1 0 0 0 1 
1 0 0 1 1 0 0 0 0 0 0 0 0 0 0 
0 0 0 1 0 0 1 1 0 0 0 0 0 0 0 
0 0 0 0 0 1 0 1 0 1 0 0 0 0 0 
0 0 1 0 0 0 0 0 0 0 0 0 1 1 0 
0 1 1 0 0 1 0 0 0 0 0 0 0 0 0 
0 0 0 0 0 0 0 0 0 1 0 1 1 0 0 
0 1 0 0 0 0 1 0 1 0 0 0 0 0 0 
0 0 0 0 0 0 0 0 0 0 1 1 0 1 0 
1 0 0 0 1 0 0 0 0 0 0 0 0 0 1 
0 0 0 0 0 0 0 0 1 0 1 0 1 0 0 
0 0 0 0 0 0 1 0 0 0 0 0 0 1 1 
0 0 0 1 1 0 0 0 0 0 0 1 0 0 0 
0 0 0 0 0 1 0 1 1 0 0 0 0 0 0 
1 1 1 0 0 0 0 0 0 0 0 0 0 0 0 
OpenStacks: 8
Took 7.05 seconds

buffer: Warwick 589: balanced orders and products, 3 products per order
numCustomers: 15
numProducts: 15
0 0 0 0 0 0 1 1 0 0 0 1 0 0 0 
0 0 0 0 0 0 0 0 0 1 0 1 1 0 0 
1 0 1 0 0 0 0 1 0 0 0 0 0 0 0 
0 0 0 1 0 0 0 0 0 0 0 0 0 1 1 
0 0 0 0 0 1 0 0 0 0 1 0 0 1 0 
0 0 0 1 0 1 1 0 0 0 0 0 0 0 0 
0 0 0 0 1 0 0 1 0 0 1 0 0 0 0 
0 0 1 0 0 0 0 0 0 0 0 1 1 0 0 
0 0 0 0 0 0 1 0 1 0 0 0 1 0 0 
0 1 0 0 0 0 0 0 0 0 0 0 0 1 1 
0 0 0 0 1 0 0 0 1 1 0 0 0 0 0 
1 1 0 0 0 0 0 0 0 0 1 0 0 0 0 
0 1 0 0 0 0 0 0 1 1 0 0 0 0 0 
1 0 1 0 1 0 0 0 0 0 0 0 0 0 0 
0 0 0 1 0 1 0 0 0 0 0 0 0 0 1 
Best Sequence: 
14 13 5 3 1 9 8 6 12 11 10 7 4 2 0 
0 0 0 0 0 0 0 1 0 1 0 1 0 0 0 
0 0 0 0 0 1 0 0 1 1 0 0 0 0 0 
0 0 0 0 0 0 0 0 0 0 0 1 0 1 1 
1 1 0 1 0 0 0 0 0 0 0 0 0 0 0 
0 1 1 0 0 0 0 0 0 0 1 0 0 0 0 
0 0 1 1 0 0 0 1 0 0 0 0 0 0 0 
0 0 0 0 0 0 0 0 0 0 1 1 1 0 0 
0 0 0 0 0 0 0 0 1 1 0 0 0 1 0 
0 0 0 0 0 0 1 1 1 0 0 0 0 0 0 
1 1 0 0 1 0 0 0 0 0 0 0 0 0 0 
0 0 0 0 0 1 1 0 0 0 0 0 1 0 0 
0 0 0 0 1 0 0 0 0 0 1 0 0 0 1 
0 0 0 0 1 1 1 0 0 0 0 0 0 0 0 
0 0 0 0 0 0 0 0 0 0 0 0 1 1 1 
1 0 1 1 0 0 0 0 0 0 0 0 0 0 0 
OpenStacks: 7
Took 7.03 seconds

buffer: Warwick 590: balanced orders and products, 3 products per order
numCustomers: 15
numProducts: 15
0 0 0 1 0 0 0 1 0 0 0 1 0 0 0 
0 0 0 0 0 0 0 0 0 1 0 0 0 1 1 
0 0 0 0 1 0 1 0 0 1 0 0 0 0 0 
0 0 0 0 0 1 1 0 0 0 0 1 0 0 0 
1 0 1 0 0 0 0 0 0 1 0 0 0 0 0 
0 0 1 0 0 0 0 1 1 0 0 0 0 0 0 
0 1 1 0 1 0 0 0 0 0 0 0 0 0 0 
0 0 0 0 0 0 0 0 0 0 1 1 1 0 0 
0 0 0 0 0 0 0 1 0 0 0 0 0 1 1 
0 0 0 0 0 1 1 0 1 0 0 0 0 0 0 
1 0 0 0 0 0 0 0 0 0 1 0 0 0 1 
0 1 0 1 1 0 0 0 0 0 0 0 0 0 0 
1 1 0 0 0 0 0 0 0 0 0 0 1 0 0 
0 0 0 1 0 1 0 0 1 0 0 0 0 0 0 
0 0 0 0 0 0 0 0 0 0 1 0 1 1 0 
Best Sequence: 
11 6 5 8 3 7 4 2 1 12 10 14 13 9 0 
1 0 0 0 1 1 0 0 0 0 0 0 0 0 0 
0 0 0 0 0 0 0 0 0 0 0 1 1 1 0 
0 1 0 0 0 0 1 0 0 0 0 0 0 1 0 
1 1 1 0 0 0 0 0 0 0 0 0 0 0 0 
0 0 0 0 0 0 0 1 0 0 0 0 0 1 1 
0 0 0 1 0 1 0 1 0 0 0 0 0 0 0 
0 0 0 0 0 0 1 1 1 0 0 0 0 0 0 
1 0 0 0 0 0 0 0 0 1 1 0 0 0 0 
0 0 0 0 0 1 0 0 0 0 0 1 1 0 0 
0 1 1 1 0 0 0 0 0 0 0 0 0 0 0 
0 0 0 0 0 0 0 0 0 0 1 1 0 0 1 
0 0 0 0 1 0 1 0 1 0 0 0 0 0 0 
0 0 0 0 0 0 0 0 1 1 0 0 0 0 1 
0 0 1 1 1 0 0 0 0 0 0 0 0 0 0 
0 0 0 0 0 0 0 0 0 1 1 0 1 0 0 
OpenStacks: 7
Took 7.03 seconds

buffer: Warwick 591: balanced orders and products, 4 products per order
numCustomers: 15
numProducts: 15
0 1 1 0 0 0 1 0 0 1 0 0 0 0 0 
0 0 0 1 1 0 0 0 0 1 0 0 0 1 0 
0 0 1 0 0 1 0 1 0 0 0 0 0 0 1 
1 0 0 0 0 0 0 0 1 0 1 0 1 0 0 
0 0 1 0 0 0 0 0 0 0 1 1 0 1 0 
0 0 0 1 1 1 0 0 0 0 0 0 0 0 1 
0 1 0 1 0 0 0 0 0 1 0 1 0 0 0 
1 0 0 0 0 0 0 0 1 0 0 1 0 0 1 
0 0 0 0 1 1 0 0 1 0 0 0 0 1 0 
0 1 0 1 0 0 1 1 0 0 0 0 0 0 0 
0 0 0 0 0 0 1 0 1 0 0 1 1 0 0 
1 0 0 0 0 1 0 1 0 1 0 0 0 0 0 
0 0 0 0 0 0 1 0 0 0 1 0 1 0 1 
1 0 0 0 0 0 0 0 0 0 1 0 1 1 0 
0 1 1 0 1 0 0 1 0 0 0 0 0 0 0 
Best Sequence: 
9 7 6 3 1 2 4 13 14 11 12 10 8 5 0 
1 0 1 0 1 1 0 0 0 0 0 0 0 0 0 
1 0 0 1 0 0 1 1 0 0 0 0 0 0 0 
0 1 0 0 0 1 0 0 1 0 0 0 0 1 0 
0 0 0 0 0 0 0 0 0 0 1 1 1 0 1 
0 0 0 0 0 1 0 1 0 1 0 1 0 0 0 
0 0 0 1 0 0 1 0 1 0 0 0 0 1 0 
1 0 0 1 1 0 0 0 0 1 0 0 0 0 0 
0 0 0 0 0 0 0 0 1 1 0 0 1 0 1 
0 0 0 0 0 0 1 1 0 0 0 0 1 1 0 
0 1 1 1 1 0 0 0 0 0 0 0 0 0 0 
0 0 1 0 0 0 0 0 0 1 1 0 1 0 0 
1 1 0 0 0 0 0 0 0 0 0 0 0 1 1 
0 0 1 0 0 0 0 0 1 0 1 1 0 0 0 
0 0 0 0 0 0 0 1 0 0 1 1 0 0 1 
0 1 0 0 1 1 1 0 0 0 0 0 0 0 0 
OpenStacks: 10
Took 7.19 seconds

buffer: Warwick 592: balanced orders and products, 4 products per order
numCustomers: 15
numProducts: 15
0 0 1 0 1 1 0 0 0 0 0 0 0 0 1 
0 1 0 0 0 0 1 1 0 1 0 0 0 0 0 
0 0 0 1 0 0 0 0 0 0 1 1 1 0 0 
1 0 0 1 0 0 0 0 0 1 0 0 0 0 1 
0 0 0 0 0 1 0 1 1 0 0 0 0 1 0 
0 1 0 1 1 0 0 0 0 0 0 1 0 0 0 
1 0 1 0 1 0 0 0 1 0 0 0 0 0 0 
0 0 0 0 0 0 1 0 1 0 1 0 0 1 0 
0 0 0 0 1 1 0 0 0 1 0 0 1 0 0 
0 0 0 0 0 1 1 0 0 1 0 0 1 0 0 
0 0 0 0 0 0 1 1 0 0 0 0 0 1 1 
0 0 0 1 0 0 0 1 0 0 1 1 0 0 0 
1 1 1 0 0 0 0 0 0 0 0 1 0 0 0 
1 0 1 0 0 0 0 0 1 0 0 0 1 0 0 
0 1 0 0 0 0 0 0 0 0 1 0 0 1 1 
Best Sequence: 
11 10 7 3 14 13 1 6 9 12 8 5 4 2 0 
0 0 0 0 1 0 0 0 0 0 0 1 1 1 0 
0 0 1 0 0 0 1 1 1 0 0 0 0 0 0 
1 1 0 1 0 0 0 0 0 1 0 0 0 0 0 
0 0 0 1 1 0 0 0 1 0 0 0 0 0 1 
0 0 1 0 0 1 0 0 0 0 1 1 0 0 0 
1 0 0 1 0 0 1 0 0 0 0 0 1 0 0 
0 0 0 0 0 0 0 0 0 0 1 0 1 1 1 
0 1 0 0 0 1 0 1 0 0 1 0 0 0 0 
0 0 0 0 0 0 0 0 1 1 0 1 1 0 0 
0 0 0 0 0 0 0 1 1 1 0 1 0 0 0 
0 0 1 0 1 1 0 1 0 0 0 0 0 0 0 
1 1 1 1 0 0 0 0 0 0 0 0 0 0 0 
1 0 0 0 0 0 1 0 0 0 0 0 0 1 1 
0 0 0 0 0 0 0 0 0 1 1 0 0 1 1 
0 1 0 0 1 1 1 0 0 0 0 0 0 0 0 
OpenStacks: 10
Took 7.19 seconds

buffer: Warwick 593: balanced orders and products, 4 products per order
numCustomers: 15
numProducts: 15
0 0 0 0 0 0 0 0 1 1 0 1 0 0 1 
1 1 0 1 0 0 0 0 0 0 0 0 1 0 0 
1 1 0 0 0 1 0 0 0 0 0 0 0 1 0 
0 0 1 0 1 0 0 1 0 1 0 0 0 0 0 
1 0 0 0 1 1 0 0 0 0 0 0 1 0 0 
0 0 1 0 0 0 0 1 0 0 0 0 0 1 1 
0 0 0 1 1 0 1 0 1 0 0 0 0 0 0 
0 0 0 0 0 1 1 1 0 0 0 1 0 0 0 
1 1 0 1 0 0 0 1 0 0 0 0 0 0 0 
0 0 0 0 0 0 0 0 1 1 0 1 0 0 1 
0 1 0 0 0 0 0 0 0 1 1 0 1 0 0 
0 0 0 1 1 0 0 0 0 0 1 0 0 1 0 
0 0 1 0 0 1 1 0 0 0 1 0 0 0 0 
0 0 0 0 0 0 1 0 1 0 0 1 0 1 0 
0 0 1 0 0 0 0 0 0 0 1 0 1 0 1 
Best Sequence: 
14 11 9 8 13 10 6 5 2 12 7 4 3 1 0 
1 1 1 1 0 0 0 0 0 0 0 0 0 0 0 
0 0 0 0 0 0 0 0 0 1 0 0 1 1 1 
0 0 0 0 1 0 0 1 0 0 0 0 0 1 1 
0 0 1 0 0 0 0 0 1 0 1 1 0 0 0 
0 0 0 0 0 0 0 1 0 1 0 1 0 0 1 
1 0 0 0 1 0 0 0 1 0 1 0 0 0 0 
0 0 0 1 0 0 1 0 0 0 0 1 1 0 0 
0 1 0 0 0 0 1 1 0 0 1 0 0 0 0 
0 0 0 0 0 0 0 0 0 0 1 0 1 1 1 
1 1 1 1 0 0 0 0 0 0 0 0 0 0 0 
0 0 1 0 0 1 0 0 0 1 0 0 0 1 0 
0 0 0 0 1 1 0 0 0 0 0 1 1 0 0 
0 0 0 0 0 1 1 1 1 0 0 0 0 0 0 
0 1 0 1 1 0 1 0 0 0 0 0 0 0 0 
1 0 0 0 0 1 0 0 1 1 0 0 0 0 0 
OpenStacks: 10
Took 7.18 seconds

buffer: Warwick 594: balanced orders and products, 4 products per order
numCustomers: 15
numProducts: 15
1 0 1 0 0 0 0 0 0 0 1 0 1 0 0 
1 0 0 0 1 0 0 0 0 0 0 1 0 1 0 
0 0 0 0 0 0 1 0 1 0 0 0 1 1 0 
0 1 0 0 0 1 0 1 0 0 0 0 0 0 1 
0 0 1 1 1 0 0 0 0 0 1 0 0 0 0 
0 1 0 0 0 0 0 1 0 0 0 1 1 0 0 
1 0 0 1 0 0 0 1 0 1 0 0 0 0 0 
0 1 0 0 0 1 0 0 1 0 0 1 0 0 0 
0 0 1 1 0 0 1 0 0 1 0 0 0 0 0 
0 0 0 0 1 0 0 0 0 1 1 0 0 0 1 
1 0 0 0 0 0 1 1 1 0 0 0 0 0 0 
0 0 1 0 0 1 0 0 0 1 0 0 1 0 0 
0 0 0 1 1 0 0 0 0 0 0 0 0 1 1 
0 0 0 0 0 1 0 0 1 0 0 1 0 1 0 
0 1 0 0 0 0 1 0 0 0 1 0 0 0 1 
Best Sequence: 
13 11 8 5 1 14 7 12 6 10 9 4 3 2 0 
0 0 0 0 0 0 0 1 0 1 0 0 0 1 1 
1 1 0 0 0 0 0 0 0 0 0 1 0 0 1 
1 0 1 0 0 0 0 1 1 0 0 0 0 0 0 
0 0 0 1 1 1 1 0 0 0 0 0 0 0 0 
0 0 0 0 0 0 0 0 0 1 0 1 1 1 0 
0 1 0 0 1 0 1 1 0 0 0 0 0 0 0 
0 0 0 0 0 0 1 0 0 0 1 0 1 0 1 
0 1 1 1 1 0 0 0 0 0 0 0 0 0 0 
0 0 0 0 0 0 0 0 1 0 1 0 1 1 0 
0 0 0 0 0 1 0 0 0 1 1 1 0 0 0 
0 0 1 0 0 0 1 0 1 0 0 0 0 0 1 
0 0 0 1 0 0 0 1 0 0 1 0 0 1 0 
1 0 0 0 0 1 0 0 0 0 0 1 1 0 0 
1 1 1 1 0 0 0 0 0 0 0 0 0 0 0 
0 0 0 0 1 1 0 0 1 1 0 0 0 0 0 
OpenStacks: 10
Took 7.19 seconds

buffer: Warwick 595: balanced orders and products, 4 products per order
numCustomers: 15
numProducts: 15
0 0 1 0 0 0 1 0 0 0 0 0 1 1 0 
0 1 0 0 0 0 0 1 0 0 1 0 1 0 0 
1 0 0 0 0 1 0 1 0 0 0 1 0 0 0 
0 0 0 1 0 0 1 0 1 0 0 0 0 0 1 
0 0 1 0 0 0 0 0 0 0 0 1 0 1 1 
0 1 0 0 1 0 0 0 0 0 0 1 0 1 0 
1 0 1 0 0 0 0 0 0 0 1 0 1 0 0 
0 0 1 1 0 1 0 0 0 0 1 0 0 0 0 
0 0 0 0 0 0 0 0 1 1 0 0 0 1 1 
0 0 0 0 1 0 1 0 0 1 0 0 1 0 0 
0 1 0 0 1 0 0 1 0 0 0 0 0 0 1 
1 0 0 1 0 0 0 0 1 0 0 1 0 0 0 
0 0 0 0 1 1 0 0 1 1 0 0 0 0 0 
1 0 0 0 0 1 1 1 0 0 0 0 0 0 0 
0 1 0 1 0 0 0 0 0 1 1 0 0 0 0 
Best Sequence: 
14 13 9 8 6 3 11 5 4 2 12 10 7 1 0 
0 1 0 0 1 0 0 0 0 1 1 0 0 0 0 
0 0 0 0 0 0 0 0 0 0 1 1 1 1 0 
0 0 0 0 0 0 1 1 0 0 0 0 1 0 1 
1 0 0 1 1 1 0 0 0 0 0 0 0 0 0 
1 1 0 0 0 0 1 0 0 1 0 0 0 0 0 
0 1 0 0 0 0 1 0 1 0 0 0 0 1 0 
0 0 0 0 0 0 0 0 0 1 1 1 0 0 1 
0 0 0 0 0 1 0 1 0 1 0 1 0 0 0 
1 1 1 1 0 0 0 0 0 0 0 0 0 0 0 
0 0 1 0 1 0 0 0 1 0 1 0 0 0 0 
1 0 0 0 0 0 0 0 1 0 0 0 1 1 0 
0 0 0 1 0 1 1 0 0 0 0 0 0 0 1 
0 0 1 1 0 0 0 1 1 0 0 0 0 0 0 
0 0 0 0 1 0 0 1 0 0 0 0 1 0 1 
0 0 1 0 0 1 0 0 0 0 0 1 0 1 0 
OpenStacks: 11
Took 7.2 seconds

buffer: Warwick 596: balanced orders and products, 4 products per order
numCustomers: 15
numProducts: 15
0 0 0 0 0 0 1 0 0 0 1 1 0 1 0 
1 0 0 0 0 0 0 1 0 0 1 0 0 0 1 
0 1 0 1 0 0 0 0 0 1 0 0 0 0 1 
0 0 0 0 0 0 0 0 1 1 0 1 0 0 1 
1 0 0 0 1 1 0 0 0 0 0 1 0 0 0 
0 0 1 1 0 0 0 0 0 0 0 0 1 1 0 
0 1 0 0 0 0 1 0 0 0 0 0 1 1 0 
0 1 0 1 0 1 0 0 0 0 0 1 0 0 0 
0 0 0 0 0 1 0 1 1 1 0 0 0 0 0 
1 0 0 1 1 0 0 0 0 0 0 0 1 0 0 
0 0 1 0 0 1 1 0 0 0 0 0 0 0 1 
1 0 1 0 1 0 1 0 0 0 0 0 0 0 0 
0 0 1 0 1 0 0 0 1 0 1 0 0 0 0 
0 1 0 0 0 0 0 1 0 0 1 0 0 1 0 
0 0 0 0 0 0 0 1 1 1 0 0 1 0 0 
Best Sequence: 
14 11 9 8 7 5 13 10 1 12 6 4 3 2 0 
0 1 0 0 0 0 1 1 0 0 1 0 0 0 0 
1 0 0 0 1 0 0 1 0 0 0 0 0 0 1 
1 0 1 0 0 0 0 0 1 0 0 0 1 0 0 
1 1 1 1 0 0 0 0 0 0 0 0 0 0 0 
0 1 0 0 0 1 0 0 0 0 0 1 0 0 1 
0 0 0 0 0 0 1 0 0 1 0 0 1 1 0 
0 0 0 0 0 0 1 0 1 1 1 0 0 0 0 
0 1 0 0 0 1 0 0 1 0 0 0 1 0 0 
0 0 1 1 1 1 0 0 0 0 0 0 0 0 0 
0 0 0 0 0 0 0 0 0 1 0 1 1 0 1 
1 0 0 0 0 1 0 0 0 0 1 0 0 1 0 
0 0 0 0 0 0 0 0 0 0 1 1 0 1 1 
0 0 0 1 0 0 0 1 0 0 0 1 0 1 0 
0 0 0 0 1 0 1 1 1 0 0 0 0 0 0 
0 0 1 1 1 0 0 0 0 1 0 0 0 0 0 
OpenStacks: 11
Took 7.19 seconds

buffer: Warwick 597: balanced orders and products, 4 products per order
numCustomers: 15
numProducts: 15
0 1 0 0 0 1 1 0 1 0 0 0 0 0 0 
0 0 0 0 0 0 0 0 1 1 0 0 1 0 1 
0 0 0 0 0 1 0 0 1 0 0 0 1 0 1 
0 0 0 1 0 0 1 0 0 0 0 0 1 1 0 
0 1 0 0 1 0 1 1 0 0 0 0 0 0 0 
1 1 0 0 1 1 0 0 0 0 0 0 0 0 0 
0 0 0 0 1 0 1 0 0 1 0 1 0 0 0 
0 0 1 0 0 0 0 0 0 1 0 1 0 1 0 
0 1 1 0 0 0 0 0 0 1 0 0 0 1 0 
0 0 0 0 0 0 0 1 0 0 1 0 0 1 1 
1 0 1 0 0 1 0 1 0 0 0 0 0 0 0 
0 0 1 1 0 0 0 0 0 0 1 1 0 0 0 
0 0 0 1 0 0 0 0 1 0 1 0 1 0 0 
1 0 0 0 0 0 0 1 0 0 1 0 0 0 1 
1 0 0 1 1 0 0 0 0 0 0 1 0 0 0 
Best Sequence: 
14 13 12 9 8 11 10 3 6 7 5 4 2 1 0 
0 0 0 0 1 0 0 0 1 0 1 0 0 1 0 
1 0 1 1 1 0 0 0 0 0 0 0 0 0 0 
1 0 1 0 1 0 0 0 0 0 1 0 0 0 0 
0 1 1 0 0 0 0 1 1 0 0 0 0 0 0 
0 0 0 0 0 0 0 0 1 1 0 1 0 1 0 
0 0 0 0 0 0 0 0 0 0 1 1 0 1 1 
0 0 0 1 0 1 0 0 1 0 0 1 0 0 0 
0 1 0 1 0 1 0 0 0 0 0 0 1 0 0 
0 1 0 1 0 0 0 0 0 0 0 0 1 1 0 
1 1 0 0 0 0 1 0 0 1 0 0 0 0 0 
0 0 0 0 0 0 0 0 0 1 1 0 1 0 1 
0 0 0 0 0 1 1 1 0 0 0 0 1 0 0 
0 0 1 0 1 0 1 1 0 0 0 0 0 0 0 
1 0 0 0 0 0 1 0 0 1 0 0 0 0 1 
0 0 0 0 0 1 0 1 0 0 0 1 0 0 1 
OpenStacks: 11
Took 7.19 seconds

buffer: Warwick 598: balanced orders and products, 4 products per order
numCustomers: 15
numProducts: 15
0 0 1 0 0 0 0 1 1 0 0 1 0 0 0 
1 0 0 0 0 1 0 0 0 1 0 0 1 0 0 
0 1 0 0 0 0 0 0 0 0 1 1 0 1 0 
0 0 0 0 0 0 0 1 0 0 0 1 1 0 1 
0 0 0 1 1 0 0 0 0 0 0 0 1 0 1 
0 0 0 0 1 0 0 1 1 0 0 1 0 0 0 
0 1 1 0 0 0 0 0 1 0 1 0 0 0 0 
1 1 0 1 0 0 1 0 0 0 0 0 0 0 0 
0 1 0 1 0 0 1 1 0 0 0 0 0 0 0 
0 0 0 0 1 0 0 0 1 1 0 0 0 1 0 
1 0 0 0 0 0 1 0 0 1 0 0 0 0 1 
0 0 1 1 0 0 0 0 0 1 0 0 0 1 0 
1 0 0 0 0 1 1 0 0 0 1 0 0 0 0 
0 0 1 0 1 1 0 0 0 0 0 0 0 1 0 
0 0 0 0 0 1 0 0 0 0 1 0 1 0 1 
Best Sequence: 
11 8 7 4 13 2 9 14 12 10 5 6 3 1 0 
1 1 1 0 0 1 0 0 0 0 0 0 0 0 0 
0 0 0 0 0 0 1 0 1 0 1 0 0 0 1 
1 0 0 0 1 0 0 0 0 1 0 0 0 1 0 
1 0 1 0 0 0 0 1 1 0 0 0 0 0 0 
0 0 0 1 0 0 0 1 1 0 0 0 1 0 0 
1 1 1 1 0 0 0 0 0 0 0 0 0 0 0 
0 1 0 0 0 1 0 0 0 1 0 0 0 1 0 
0 0 0 0 0 0 0 0 0 0 0 1 1 1 1 
0 0 1 0 0 0 0 0 0 0 0 1 1 1 0 
0 1 0 1 1 0 1 0 0 0 0 0 0 0 0 
0 0 0 0 0 0 1 1 0 0 0 1 0 0 1 
0 0 0 0 1 1 1 0 0 0 0 0 1 0 0 
0 0 0 0 0 0 0 0 0 1 1 1 0 0 1 
0 0 0 1 1 1 0 0 0 0 1 0 0 0 0 
0 0 0 0 0 0 0 1 1 1 1 0 0 0 0 
OpenStacks: 10
Took 7.19 seconds

buffer: Warwick 599: balanced orders and products, 4 products per order
numCustomers: 15
numProducts: 15
0 0 0 0 1 0 0 0 1 1 1 0 0 0 0 
0 0 1 1 0 0 0 0 1 1 0 0 0 0 0 
1 0 0 0 0 1 1 0 0 1 0 0 0 0 0 
0 0 0 0 0 0 1 0 0 1 0 0 1 0 1 
1 1 0 0 0 0 0 0 0 0 0 0 0 1 1 
1 0 1 0 0 0 0 0 0 0 1 0 1 0 0 
0 0 0 1 1 1 0 0 0 0 0 1 0 0 0 
0 1 0 0 0 0 1 0 0 0 0 0 1 1 0 
0 0 1 0 0 0 0 0 0 0 1 0 0 1 1 
0 1 0 0 1 0 0 1 0 0 0 1 0 0 0 
0 0 0 1 1 0 1 0 0 0 0 1 0 0 0 
0 1 0 0 0 0 0 1 1 0 0 0 0 1 0 
0 0 0 0 0 1 0 1 0 0 0 0 1 0 1 
0 0 0 0 0 1 0 1 1 0 1 0 0 0 0 
1 0 1 1 0 0 0 0 0 0 0 1 0 0 0 
Best Sequence: 
10 8 7 5 9 4 11 3 6 14 13 12 2 1 0 
1 1 0 0 1 1 0 0 0 0 0 0 0 0 0 
0 1 0 0 1 0 0 1 0 0 0 0 1 0 0 
0 0 0 1 1 0 0 0 1 0 0 0 0 0 1 
0 0 0 0 1 0 0 0 1 1 0 1 0 0 0 
0 0 0 0 0 0 0 0 0 1 1 0 0 1 1 
1 0 0 0 0 0 0 0 0 0 0 1 1 0 1 
0 0 0 1 0 1 1 1 0 0 0 0 0 0 0 
0 0 0 0 0 0 0 0 1 0 1 1 0 1 0 
1 0 0 0 0 0 0 0 0 1 1 0 1 0 0 
0 0 1 0 0 1 1 0 0 0 0 0 0 1 0 
0 0 0 0 0 1 1 1 1 0 0 0 0 0 0 
0 1 1 0 0 0 0 0 0 0 1 0 0 1 0 
0 0 1 1 0 0 0 0 0 1 0 1 0 0 0 
1 1 1 1 0 0 0 0 0 0 0 0 0 0 0 
0 0 0 0 0 0 1 1 0 0 0 0 1 0 1 
OpenStacks: 11
Took 7.18 seconds

buffer: Warwick 600: balanced orders and products, 4 products per order
numCustomers: 15
numProducts: 15
0 0 0 0 0 0 0 0 1 1 0 1 0 0 1 
0 0 1 0 1 1 0 1 0 0 0 0 0 0 0 
1 0 0 1 1 0 0 0 1 0 0 0 0 0 0 
0 0 1 0 0 0 0 1 1 0 0 1 0 0 0 
0 0 1 0 0 0 0 0 0 0 1 0 1 0 1 
1 0 0 1 1 0 0 0 0 0 0 0 1 0 0 
0 0 0 0 0 0 1 1 0 1 1 0 0 0 0 
0 1 0 1 0 1 0 0 0 0 0 0 1 0 0 
0 0 0 0 0 0 1 0 0 0 1 0 0 1 1 
0 0 0 1 0 0 1 0 1 1 0 0 0 0 0 
0 1 0 0 0 0 0 0 0 0 1 0 0 1 1 
1 1 0 0 0 0 0 1 0 0 0 0 0 1 0 
0 0 1 0 1 1 0 0 0 0 0 1 0 0 0 
0 0 0 0 0 1 0 0 0 1 0 1 0 1 0 
1 1 0 0 0 0 1 0 0 0 0 0 1 0 0 
Best Sequence: 
14 13 10 9 6 7 1 11 5 8 12 4 3 2 0 
1 0 0 1 0 0 0 1 0 1 0 0 0 0 0 
0 0 0 0 0 1 0 0 1 0 0 1 0 1 0 
0 0 0 0 0 0 0 0 0 1 0 1 1 0 1 
0 0 0 0 0 1 0 1 0 1 0 0 0 1 0 
1 0 1 0 0 0 0 0 0 0 1 0 0 1 0 
0 0 0 0 0 0 0 0 0 0 1 1 1 0 1 
0 0 1 1 1 1 0 0 0 0 0 0 0 0 0 
0 0 0 0 0 0 1 0 1 0 1 0 1 0 0 
1 1 1 0 1 0 0 0 0 0 0 0 0 0 0 
0 0 0 1 1 0 0 0 0 1 0 0 1 0 0 
1 1 1 0 0 0 1 0 0 0 0 0 0 0 0 
0 1 0 0 0 1 1 0 0 0 0 0 0 0 1 
0 0 0 0 0 0 0 1 1 0 0 1 0 1 0 
0 1 0 1 0 0 0 1 1 0 0 0 0 0 0 
0 0 0 0 1 0 1 0 0 0 1 0 0 0 1 
OpenStacks: 10
Took 7.19 seconds

buffer: Warwick 601: balanced orders and products, 5 products per order
numCustomers: 15
numProducts: 15
0 0 0 1 1 0 0 1 0 1 0 0 1 0 0 
1 0 1 1 0 0 0 0 1 0 0 0 1 0 0 
1 0 0 0 0 0 0 0 1 1 0 1 0 1 0 
0 0 1 0 0 0 1 0 0 0 1 0 1 1 0 
1 1 0 0 0 1 1 0 0 1 0 0 0 0 0 
0 1 0 0 1 0 0 1 0 0 0 1 0 0 1 
1 0 1 1 0 1 0 1 0 0 0 0 0 0 0 
0 0 0 0 0 1 1 1 0 0 0 1 1 0 0 
0 1 0 0 1 1 0 0 0 0 1 0 0 1 0 
0 0 0 0 0 1 0 0 0 1 0 1 0 1 1 
0 1 0 0 0 0 1 0 1 0 1 0 0 0 1 
1 1 0 1 0 0 0 1 1 0 0 0 0 0 0 
0 0 1 0 1 0 0 0 0 1 1 0 1 0 0 
0 0 0 0 1 0 0 0 1 0 0 1 0 1 1 
0 0 1 1 0 0 1 0 0 0 1 0 0 0 1 
Best Sequence: 
14 13 11 9 5 12 10 6 2 8 7 4 3 1 0 
0 0 0 1 0 1 0 0 0 0 1 1 1 0 0 
0 0 0 0 0 1 0 0 1 1 0 0 1 0 1 
0 1 1 1 0 0 0 0 0 1 0 0 0 0 1 
0 1 0 0 0 1 1 1 1 0 0 0 0 0 0 
0 0 0 1 1 0 0 1 0 0 0 0 0 1 1 
1 0 1 0 0 0 0 0 0 0 1 1 0 1 0 
0 0 0 0 1 0 0 0 1 0 1 0 1 0 1 
0 0 1 0 1 1 0 1 0 0 1 0 0 0 0 
0 1 0 0 1 0 1 0 0 0 0 1 0 1 0 
1 1 1 1 1 0 0 0 0 0 0 0 0 0 0 
1 0 0 0 0 0 1 1 0 1 0 0 0 1 0 
0 0 0 0 0 0 0 0 0 1 1 0 1 1 1 
0 0 0 1 0 1 1 0 1 0 0 1 0 0 0 
1 1 1 0 0 0 0 0 0 1 0 1 0 0 0 
1 0 0 0 0 0 1 1 1 0 0 0 1 0 0 
OpenStacks: 13
Took 7.33 seconds

buffer: Warwick 602: balanced orders and products, 5 products per order
numCustomers: 15
numProducts: 15
1 0 0 1 0 0 0 0 0 0 1 0 0 1 1 
0 0 0 0 0 1 1 0 0 0 1 1 1 0 0 
1 1 0 1 0 0 0 0 0 0 1 1 0 0 0 
0 0 0 1 0 0 1 0 0 1 0 0 1 1 0 
0 1 0 0 1 0 0 1 0 0 0 0 0 1 1 
0 0 0 1 1 0 0 0 1 1 0 0 0 0 1 
0 1 0 0 0 0 1 1 1 0 0 0 0 1 0 
0 0 0 0 1 1 0 0 1 1 0 1 0 0 0 
1 0 1 0 0 1 0 0 0 0 0 1 1 0 0 
1 0 1 0 0 0 1 1 0 0 0 0 0 0 1 
1 0 0 0 0 1 0 0 1 0 1 1 0 0 0 
0 0 1 0 1 1 0 1 0 1 0 0 0 0 0 
0 0 1 1 0 0 0 0 0 1 1 0 1 0 0 
0 1 1 0 0 0 0 1 0 0 0 0 0 1 1 
0 1 0 0 1 0 1 0 1 0 0 0 1 0 0 
Best Sequence: 
14 13 7 4 1 8 6 9 3 12 11 10 5 2 0 
1 1 0 0 0 0 0 0 1 0 0 1 0 0 1 
0 0 0 0 0 0 1 0 0 1 1 1 1 0 0 
0 0 0 0 1 0 0 0 1 0 1 1 0 0 1 
0 1 0 0 0 0 1 1 1 1 0 0 0 0 0 
1 1 1 1 1 0 0 0 0 0 0 0 0 0 0 
1 0 0 1 0 1 0 1 1 0 0 0 0 0 0 
0 1 1 0 1 1 1 0 0 0 0 0 0 0 0 
0 0 0 1 0 1 0 1 0 0 1 0 1 0 0 
0 0 0 0 0 0 0 0 0 1 1 0 1 1 1 
1 0 1 0 0 0 1 0 0 0 0 0 0 1 1 
0 0 0 0 0 1 0 0 0 0 1 1 1 0 1 
0 0 1 1 0 0 0 1 0 0 0 0 1 1 0 
0 0 0 0 0 0 0 1 1 1 0 1 0 1 0 
1 1 1 0 1 0 0 0 0 0 0 0 0 1 0 
0 0 0 1 1 1 1 0 0 1 0 0 0 0 0 
OpenStacks: 12
Took 7.33 seconds

buffer: Warwick 603: balanced orders and products, 5 products per order
numCustomers: 15
numProducts: 15
1 1 0 0 0 0 0 0 0 0 1 0 1 0 1 
0 0 0 0 1 1 1 0 1 0 0 0 1 0 0 
1 0 0 0 0 0 0 1 0 0 1 1 0 1 0 
0 1 0 0 0 0 1 0 1 0 1 0 0 1 0 
0 0 0 0 1 0 1 1 0 0 0 0 1 0 1 
1 1 0 0 0 0 0 0 0 1 0 1 0 1 0 
0 0 1 1 0 0 0 0 0 1 1 0 0 1 0 
0 1 0 1 1 0 0 0 0 0 0 0 1 1 0 
0 0 1 1 0 0 0 1 0 1 0 1 0 0 0 
1 0 0 0 0 1 1 0 1 0 0 0 1 0 0 
0 0 1 1 0 0 1 0 0 1 0 0 0 0 1 
0 1 1 0 0 1 0 1 0 1 0 0 0 0 0 
1 0 0 0 1 0 0 0 1 0 0 1 0 0 1 
0 0 0 1 1 1 0 1 0 0 0 0 0 0 1 
0 0 1 0 0 1 0 0 1 0 1 1 0 0 0 
Best Sequence: 
14 12 7 6 4 8 5 3 13 11 10 9 2 1 0 
1 1 0 0 0 0 0 0 0 0 1 0 0 1 1 
0 1 0 1 1 1 1 0 0 0 0 0 0 0 0 
0 0 1 0 0 0 0 0 1 1 1 0 0 0 1 
0 0 0 1 0 1 0 0 1 0 1 0 0 1 0 
1 1 1 1 1 0 0 0 0 0 0 0 0 0 0 
0 0 0 0 0 0 0 0 1 1 0 1 0 1 1 
0 0 0 0 0 0 0 1 1 0 1 1 1 0 0 
0 1 0 0 1 0 0 1 1 0 0 0 0 1 0 
0 0 1 0 0 0 0 1 0 1 0 1 1 0 0 
0 1 0 1 0 1 1 0 0 0 0 0 0 0 1 
1 0 0 1 0 0 0 1 0 0 0 1 1 0 0 
0 0 1 0 0 0 1 0 0 0 0 1 1 1 0 
1 0 0 0 1 1 0 0 0 1 0 0 0 0 1 
1 0 1 0 1 0 1 1 0 0 0 0 0 0 0 
0 0 0 0 0 1 1 0 0 1 1 0 1 0 0 
OpenStacks: 12
Took 7.3 seconds

buffer: Warwick 604: balanced orders and products, 5 products per order
numCustomers: 15
numProducts: 15
0 0 1 0 0 1 0 0 1 0 0 0 0 1 1 
0 0 0 1 1 0 1 0 1 0 0 0 1 0 0 
1 1 0 0 0 1 0 0 0 1 0 0 0 1 0 
0 1 1 1 0 0 0 0 0 0 0 1 0 0 1 
0 0 1 0 0 0 1 1 1 1 0 0 0 0 0 
1 0 0 0 0 1 0 1 0 0 0 1 0 0 1 
0 1 0 0 1 1 0 0 0 0 1 0 0 0 1 
1 0 0 1 0 1 1 1 0 0 0 0 0 0 0 
0 1 0 0 0 0 1 0 0 1 1 0 0 1 0 
1 0 1 0 0 0 0 0 0 0 1 1 1 0 0 
0 0 0 0 1 0 0 0 1 0 1 1 1 0 0 
0 0 0 0 0 0 1 1 0 1 0 0 1 1 0 
1 1 0 1 1 0 0 0 0 1 0 0 0 0 0 
0 0 0 0 1 0 0 1 0 0 0 1 0 1 1 
0 0 1 1 0 0 0 0 1 0 1 0 1 0 0 
Best Sequence: 
12 10 8 6 3 2 4 14 11 13 9 7 5 1 0 
0 0 1 0 0 1 0 1 0 1 0 0 1 0 0 
1 0 1 1 1 0 1 0 0 0 0 0 0 0 0 
0 0 0 0 0 0 0 0 0 1 1 0 1 1 1 
0 0 0 0 1 1 0 1 1 0 0 0 0 1 0 
0 0 1 1 0 1 0 0 0 0 1 1 0 0 0 
0 0 0 0 0 0 0 1 1 0 0 1 1 0 1 
0 1 0 0 0 0 1 1 0 0 0 0 1 1 0 
0 0 0 1 1 0 0 0 0 0 0 1 1 0 1 
0 1 0 1 0 0 0 0 0 1 1 0 0 1 0 
1 1 0 0 0 1 0 0 1 0 0 0 0 0 1 
1 1 1 0 0 0 1 0 1 0 0 0 0 0 0 
1 0 0 1 0 0 0 0 0 1 1 1 0 0 0 
0 0 0 0 1 0 1 0 0 0 1 0 0 1 1 
0 0 0 0 0 0 1 1 1 1 0 1 0 0 0 
1 1 1 0 1 1 0 0 0 0 0 0 0 0 0 
OpenStacks: 12
Took 7.33 seconds

buffer: Warwick 605: balanced orders and products, 5 products per order
numCustomers: 15
numProducts: 15
0 0 0 1 0 0 0 0 1 1 0 1 0 0 1 
0 0 0 0 0 1 1 0 0 1 0 1 1 0 0 
0 1 0 0 0 1 0 0 0 1 0 0 1 1 0 
1 0 1 0 1 0 0 1 0 0 0 1 0 0 0 
1 0 0 0 1 0 1 0 0 1 1 0 0 0 0 
0 0 0 1 0 0 1 0 1 0 1 0 0 1 0 
0 0 0 1 0 0 0 1 1 1 0 0 0 1 0 
1 1 0 0 0 0 1 0 0 0 1 0 0 0 1 
0 1 1 1 0 1 0 0 1 0 0 0 0 0 0 
0 0 0 0 0 1 0 1 0 0 1 0 1 0 1 
0 0 1 0 0 0 0 1 1 0 1 0 0 0 1 
1 1 0 1 1 0 0 0 0 0 0 0 0 1 0 
0 0 0 0 1 1 0 1 0 0 0 1 1 0 0 
1 1 1 0 0 0 0 0 0 0 0 1 1 0 0 
0 0 1 0 1 0 1 0 0 0 0 0 0 1 1 
Best Sequence: 
12 11 9 6 5 14 10 7 13 8 4 3 2 1 0 
0 1 1 0 0 1 0 0 0 1 0 1 0 0 0 
1 1 1 1 1 0 0 0 0 0 0 0 0 0 0 
1 0 1 0 1 0 0 0 1 0 0 0 0 1 0 
0 1 0 0 0 0 0 1 0 0 1 0 1 0 1 
0 0 1 1 0 0 1 0 0 0 1 0 0 0 1 
0 0 0 1 0 0 1 0 1 1 0 1 0 0 0 
0 0 1 0 0 0 0 1 1 1 0 1 0 0 0 
0 0 0 1 0 1 1 0 0 0 0 0 0 1 1 
0 0 0 0 1 0 0 0 0 1 0 1 1 1 0 
1 0 0 0 1 1 1 1 0 0 0 0 0 0 0 
0 0 0 0 0 1 1 1 0 1 0 0 1 0 0 
0 0 0 0 0 0 0 0 1 0 1 1 0 1 1 
1 1 0 0 1 0 0 1 0 0 1 0 0 0 0 
1 1 0 0 0 0 0 0 0 0 0 0 1 1 1 
0 0 0 1 0 1 0 0 1 0 1 0 1 0 0 
OpenStacks: 13
Took 7.34 seconds

buffer: Warwick 606: balanced orders and products, 5 products per order
numCustomers: 15
numProducts: 15
1 1 0 0 1 0 0 0 1 0 0 0 1 0 0 
0 0 0 1 0 1 0 1 0 1 0 1 0 0 0 
0 1 0 0 0 1 0 0 0 1 0 0 0 1 1 
1 1 1 0 1 0 0 0 0 0 0 0 1 0 0 
0 0 0 1 0 0 0 1 1 0 0 0 0 1 1 
1 0 1 0 1 0 0 1 0 0 1 0 0 0 0 
1 0 1 1 0 0 0 1 0 0 0 1 0 0 0 
0 1 0 1 0 1 0 0 0 0 1 0 1 0 0 
0 0 0 0 1 0 0 0 1 1 0 1 0 0 1 
0 0 0 0 0 0 1 0 1 0 0 0 1 1 1 
0 0 1 0 1 0 1 1 0 1 0 0 0 0 0 
0 1 0 1 0 1 1 0 0 0 0 0 0 1 0 
1 0 0 0 0 0 0 0 1 1 1 0 0 1 0 
0 0 0 0 0 1 1 0 0 0 1 1 1 0 0 
0 0 1 0 0 0 1 0 0 0 1 1 0 0 1 
Best Sequence: 
14 13 12 8 6 9 5 1 11 3 10 7 4 2 0 
0 0 1 1 0 0 0 1 0 0 0 0 1 0 1 
0 0 0 0 0 1 1 0 1 1 0 1 0 0 0 
1 1 0 0 0 1 1 1 0 0 0 0 0 0 0 
0 0 1 0 0 0 0 1 0 0 0 0 1 1 1 
1 1 0 1 0 0 0 0 0 1 0 1 0 0 0 
0 0 0 0 0 0 0 0 0 0 1 1 1 1 1 
0 0 0 0 0 0 0 0 1 1 0 1 0 1 1 
0 0 1 0 0 0 1 1 0 1 1 0 0 0 0 
1 0 0 1 0 1 0 0 1 0 0 0 1 0 0 
1 1 1 1 1 0 0 0 0 0 0 0 0 0 0 
0 0 0 0 1 1 0 0 0 0 0 1 1 1 0 
0 1 0 0 1 0 1 1 0 1 0 0 0 0 0 
0 1 0 1 0 1 0 0 0 0 1 0 0 0 1 
0 0 1 0 1 0 1 0 1 0 1 0 0 0 0 
1 0 0 0 1 0 0 0 1 0 1 0 0 1 0 
OpenStacks: 12
Took 7.32 seconds

buffer: Warwick 607: balanced orders and products, 5 products per order
numCustomers: 15
numProducts: 15
1 0 0 0 1 0 0 0 1 1 0 0 1 0 0 
0 1 0 1 0 0 0 1 0 0 0 0 0 1 1 
0 1 1 0 0 1 0 0 0 0 0 1 0 1 0 
0 0 1 1 0 0 0 0 1 1 0 0 1 0 0 
0 0 0 0 1 1 1 0 0 1 0 0 0 0 1 
1 0 0 1 0 1 0 0 0 0 0 1 0 0 1 
1 0 1 0 0 0 0 0 0 0 0 1 1 1 0 
0 0 0 0 0 1 1 0 1 0 1 1 0 0 0 
0 0 0 0 0 1 0 1 0 0 1 0 1 1 0 
1 1 1 0 1 0 0 0 1 0 0 0 0 0 0 
0 0 0 1 0 0 1 1 1 0 1 0 0 0 0 
0 1 1 1 0 0 1 0 0 0 1 0 0 0 0 
1 0 0 0 1 0 0 1 0 1 1 0 0 0 0 
0 0 0 0 1 0 1 0 0 1 0 1 0 0 1 
0 1 0 0 0 0 0 1 0 0 0 0 1 1 1 
Best Sequence: 
14 10 9 8 7 6 3 5 4 13 12 11 2 1 0 
0 0 1 1 0 0 0 0 1 0 1 0 0 0 1 
1 0 0 0 1 0 1 0 0 1 0 0 0 1 0 
0 0 0 0 0 0 0 1 0 1 0 1 1 1 0 
0 0 1 1 0 0 1 0 0 0 1 0 1 0 0 
1 0 1 0 0 1 0 1 1 0 0 0 0 0 0 
1 0 0 0 0 0 1 1 0 0 0 1 0 0 1 
0 0 0 0 0 0 0 0 0 1 1 1 1 0 1 
0 1 0 1 0 1 0 1 0 0 0 1 0 0 0 
0 1 0 0 1 0 0 1 0 1 1 0 0 0 0 
0 0 0 1 0 0 0 0 1 0 0 0 1 1 1 
0 1 0 1 1 1 1 0 0 0 0 0 0 0 0 
0 1 0 0 0 1 1 0 0 0 0 0 1 1 0 
0 1 1 0 1 0 0 0 1 0 0 0 0 0 1 
1 0 1 0 0 1 0 0 1 0 0 1 0 0 0 
1 0 0 0 1 0 0 0 0 1 1 0 0 1 0 
OpenStacks: 13
Took 7.31 seconds

buffer: Warwick 608: balanced orders and products, 5 products per order
numCustomers: 15
numProducts: 15
1 1 1 0 0 0 0 1 0 1 0 0 0 0 0 
1 1 0 0 0 1 0 1 0 0 0 0 1 0 0 
0 0 1 0 0 1 0 0 0 1 1 1 0 0 0 
0 0 1 0 0 0 0 0 0 1 1 1 0 0 1 
0 0 0 1 0 0 0 1 1 0 0 0 1 1 0 
0 0 0 0 1 1 1 0 0 1 0 0 0 1 0 
0 0 0 0 0 0 1 0 1 0 1 0 0 1 1 
0 1 0 0 1 0 0 0 1 0 0 1 0 1 0 
1 0 0 1 1 0 0 0 0 0 0 0 1 0 1 
1 0 0 0 1 0 0 0 1 0 0 1 1 0 0 
0 1 1 0 0 0 0 0 1 0 0 0 1 0 1 
1 0 0 1 0 1 1 0 0 0 1 0 0 0 0 
0 0 1 0 0 1 0 0 0 1 1 0 0 0 1 
0 1 0 1 0 0 1 1 0 0 0 0 0 1 0 
0 0 0 1 1 0 1 1 0 0 0 1 0 0 0 
Best Sequence: 
14 11 10 9 2 5 13 12 8 7 6 4 3 1 0 
0 0 0 1 1 0 0 0 0 1 0 0 0 1 1 
0 0 0 0 0 1 0 1 0 1 0 0 0 1 1 
0 1 1 1 1 1 0 0 0 0 0 0 0 0 0 
1 1 1 1 1 0 0 0 0 0 0 0 0 0 0 
0 0 0 0 0 0 1 1 1 1 0 0 1 0 0 
0 0 0 1 0 1 1 0 0 0 1 1 0 0 0 
1 0 1 0 0 0 1 0 1 0 1 0 0 0 0 
0 1 0 0 0 0 1 0 1 0 0 1 0 1 0 
1 0 0 0 0 0 0 1 0 0 0 1 1 0 1 
0 1 0 0 0 0 0 1 1 0 0 1 0 0 1 
1 0 0 0 1 0 0 1 1 0 0 0 0 1 0 
0 0 1 0 0 1 0 0 0 0 1 0 1 0 1 
1 0 1 1 1 1 0 0 0 0 0 0 0 0 0 
0 0 0 0 0 0 1 0 0 1 1 0 1 1 0 
0 1 0 0 0 0 0 0 0 1 1 1 1 0 0 
OpenStacks: 12
Took 7.31 seconds

buffer: Warwick 609: balanced orders and products, 5 products per order
numCustomers: 15
numProducts: 15
1 0 0 0 0 1 0 1 0 0 0 0 1 1 0 
0 0 1 0 0 1 1 0 0 1 1 0 0 0 0 
0 0 0 1 0 0 0 0 1 0 1 1 0 1 0 
1 0 1 1 1 0 0 0 0 0 1 0 0 0 0 
1 1 0 0 0 0 1 0 1 0 0 0 0 0 1 
0 0 0 1 0 1 0 0 0 0 0 1 1 0 1 
0 0 0 1 1 0 0 0 1 1 0 0 0 0 1 
1 0 1 0 0 0 0 1 1 0 0 0 0 1 0 
0 1 0 0 0 0 0 1 0 1 0 1 0 1 0 
0 0 0 1 0 0 0 1 1 0 1 0 1 0 0 
1 0 0 0 1 0 1 0 0 0 0 1 0 0 1 
0 0 1 0 1 0 1 1 0 1 0 0 0 0 0 
0 1 0 0 0 1 1 0 0 0 0 1 0 0 1 
0 1 1 0 0 0 0 0 0 1 1 0 1 0 0 
0 1 0 0 1 1 0 0 0 0 0 0 1 1 0 
Best Sequence: 
14 12 11 5 3 13 10 8 9 7 6 4 2 1 0 
0 1 0 1 0 1 0 0 0 1 0 0 0 0 1 
0 0 0 1 0 0 1 0 1 0 1 0 1 0 0 
0 0 1 0 1 1 1 1 0 0 0 0 0 0 0 
0 0 0 0 1 0 1 0 0 0 0 1 1 0 1 
1 0 0 0 0 0 0 1 0 0 1 0 0 1 1 
1 1 1 1 1 0 0 0 0 0 0 0 0 0 0 
1 0 0 0 1 0 0 1 1 0 0 1 0 0 0 
0 0 0 0 0 1 0 1 0 1 0 0 1 0 1 
0 0 1 0 0 1 0 0 1 1 0 0 0 1 0 
0 1 0 0 1 0 1 1 0 1 0 0 0 0 0 
1 0 1 0 0 0 0 0 0 0 1 1 0 0 1 
0 0 0 0 0 0 0 0 1 1 1 1 1 0 0 
1 0 1 1 0 0 0 0 0 0 1 0 0 1 0 
0 1 0 0 0 0 1 0 1 0 0 0 1 1 0 
0 1 0 1 0 1 0 0 0 0 0 1 0 1 0 
OpenStacks: 13
Took 7.34 seconds

buffer: Warwick 610: balanced orders and products, 5 products per order
numCustomers: 15
numProducts: 15
0 0 0 0 0 1 0 0 1 1 1 1 0 0 0 
0 0 0 0 1 0 0 1 0 0 1 1 0 0 1 
1 0 1 1 0 1 0 0 1 0 0 0 0 0 0 
0 1 0 0 0 0 0 1 1 1 0 0 1 0 0 
0 0 0 0 0 1 1 0 0 0 0 1 1 0 1 
0 0 0 1 0 0 0 1 0 0 1 0 0 1 1 
1 0 0 1 0 0 0 0 0 1 0 0 0 1 1 
1 1 1 0 0 0 1 0 1 0 0 0 0 0 0 
1 0 1 0 0 1 1 0 0 0 0 1 0 0 0 
0 0 0 0 1 0 1 0 0 1 1 0 0 1 0 
1 0 1 0 0 0 0 0 0 0 0 0 1 1 1 
0 1 1 1 0 0 0 1 0 0 0 0 1 0 0 
0 1 0 1 1 0 1 0 0 0 0 0 0 1 0 
0 0 0 0 1 1 0 0 1 0 0 1 1 0 0 
0 1 0 0 1 0 0 1 0 1 1 0 0 0 0 
Best Sequence: 
14 13 12 11 10 9 7 4 6 8 5 3 2 1 0 
0 0 0 1 1 1 0 0 0 1 1 0 0 0 0 
1 0 0 1 1 0 1 1 0 0 0 0 0 0 0 
0 0 0 0 0 0 0 0 0 1 1 1 1 0 1 
0 0 1 0 0 1 1 0 0 1 0 0 0 1 0 
1 0 1 1 0 0 0 0 1 0 1 0 0 0 0 
1 1 0 0 1 0 1 0 0 0 0 1 0 0 0 
1 1 0 0 0 1 0 0 0 0 0 1 0 0 1 
0 0 0 0 0 0 0 0 1 1 0 0 1 1 1 
0 0 0 1 0 0 0 0 1 0 1 0 1 0 1 
0 1 0 0 1 1 0 1 1 0 0 0 0 0 0 
1 1 1 0 0 0 0 0 0 0 0 0 1 0 1 
0 0 1 0 0 0 1 0 0 0 0 1 1 1 0 
0 1 0 0 0 0 0 1 1 0 0 1 0 1 0 
0 0 1 1 0 0 0 1 0 1 1 0 0 0 0 
0 0 0 0 1 1 1 1 0 0 0 0 0 1 0 
OpenStacks: 13
Took 7.32 seconds

buffer: Warwick 611: balanced orders and products, 6 products per order
numCustomers: 15
numProducts: 15
0 1 0 1 0 0 0 0 1 1 1 0 0 1 0 
0 0 1 0 0 1 0 1 1 0 0 1 0 1 0 
1 1 0 1 0 0 0 1 0 0 0 1 0 1 0 
0 0 0 1 1 1 0 1 0 0 0 0 1 0 1 
0 0 1 0 1 0 1 1 0 0 0 0 1 0 1 
0 0 0 1 1 0 0 0 0 1 0 0 1 1 1 
1 0 1 0 1 0 1 0 1 0 0 0 0 0 1 
1 1 0 0 0 1 0 1 1 0 0 1 0 0 0 
1 0 1 0 0 1 0 0 0 1 1 0 0 0 1 
0 0 1 0 1 0 0 0 1 1 1 1 0 0 0 
1 0 0 1 0 0 1 0 1 0 0 0 1 1 0 
0 0 1 0 0 1 1 0 0 1 1 0 0 0 1 
0 1 0 0 1 0 1 0 0 0 1 1 1 0 0 
1 1 0 1 0 0 1 1 0 0 0 1 0 0 0 
0 1 0 0 0 1 0 0 0 1 1 0 1 1 0 
Best Sequence: 
14 13 12 9 4 3 11 10 8 7 6 5 2 1 0 
0 1 0 1 0 1 0 1 1 0 0 0 0 1 0 
0 1 0 0 0 0 1 0 1 1 0 1 1 0 0 
0 1 0 0 0 1 1 0 0 1 0 0 0 1 1 
1 0 1 0 1 1 0 0 0 1 0 1 0 0 0 
1 0 1 0 1 0 0 0 0 1 1 0 1 0 0 
1 1 1 1 1 1 0 0 0 0 0 0 0 0 0 
1 0 0 0 1 0 0 0 1 0 1 0 1 0 1 
0 0 0 0 0 0 1 0 1 1 0 1 0 1 1 
1 0 0 1 0 0 0 1 0 0 0 1 1 0 1 
0 0 0 1 1 0 1 1 1 0 0 0 1 0 0 
0 1 1 0 0 1 0 0 1 0 1 0 0 0 1 
1 0 0 1 0 0 0 1 0 0 1 1 1 0 0 
0 0 1 0 1 0 1 1 0 0 1 0 0 1 0 
0 0 0 0 0 1 1 0 0 1 1 0 0 1 1 
0 1 1 1 0 0 0 1 0 0 0 1 0 1 0 
OpenStacks: 14
Took 7.38 seconds

buffer: Warwick 612: balanced orders and products, 6 products per order
numCustomers: 15
numProducts: 15
1 0 0 0 1 0 0 0 0 1 0 0 1 1 1 
0 1 0 1 1 1 0 0 1 0 1 0 0 0 0 
0 0 0 0 1 0 1 1 0 1 1 0 1 0 0 
1 1 0 1 0 0 0 1 0 1 1 0 0 0 0 
0 0 0 0 0 1 1 0 1 0 1 0 1 0 1 
0 1 1 0 0 1 0 0 0 1 0 1 0 0 1 
0 0 1 1 1 0 0 0 0 0 1 1 1 0 0 
1 0 1 0 0 1 1 1 0 0 0 0 1 0 0 
0 0 0 1 0 0 1 1 0 1 1 0 0 1 0 
0 1 1 0 0 0 0 0 0 0 0 1 1 1 1 
1 1 0 0 0 1 0 0 1 0 0 0 0 1 1 
1 1 0 0 1 0 0 1 1 0 0 1 0 0 0 
0 0 1 0 1 0 1 0 1 1 0 0 0 1 0 
1 0 0 1 0 1 0 1 1 0 0 1 0 0 0 
0 0 1 1 0 0 1 0 0 0 0 1 0 1 1 
Best Sequence: 
12 10 9 7 6 4 14 13 11 8 5 3 2 1 0 
1 0 1 0 0 1 1 1 0 0 0 0 0 0 1 
0 1 0 0 0 1 0 0 0 1 1 1 0 1 0 
1 1 1 1 1 1 0 0 0 0 0 0 0 0 0 
0 1 1 1 0 0 0 0 0 0 0 1 0 1 1 
1 1 0 0 1 0 1 0 0 1 1 0 0 0 0 
0 0 1 0 0 0 1 0 1 0 1 0 1 1 0 
1 1 0 0 0 1 0 0 1 0 0 1 1 0 0 
1 0 0 1 1 0 0 0 0 0 1 0 1 0 1 
0 1 1 1 1 0 0 1 0 0 0 1 0 0 0 
1 0 0 0 0 0 1 1 1 0 0 0 1 1 0 
0 0 0 0 0 0 1 1 0 1 1 0 0 1 1 
0 0 0 1 0 1 0 0 1 1 0 0 0 1 1 
0 0 1 0 1 1 0 1 0 1 0 0 1 0 0 
0 0 0 1 0 0 0 0 1 1 1 1 0 0 1 
0 0 0 0 1 0 1 1 1 0 0 1 1 0 0 
OpenStacks: 14
Took 7.43 seconds

buffer: Warwick 613: balanced orders and products, 6 products per order
numCustomers: 15
numProducts: 15
1 0 0 1 0 1 0 0 1 0 1 0 0 0 1 
0 0 1 0 1 0 0 1 0 0 1 1 1 0 0 
1 1 0 0 1 0 0 0 0 1 0 1 0 1 0 
0 0 1 1 1 1 1 0 0 0 0 0 0 0 1 
0 1 0 0 1 0 1 0 0 0 1 0 0 1 1 
0 1 0 1 0 0 0 1 0 1 0 0 1 1 0 
0 0 1 1 0 1 0 0 0 0 0 0 1 1 1 
0 0 0 1 0 1 0 1 1 0 0 1 1 0 0 
0 1 1 0 0 0 0 1 0 0 1 1 0 0 1 
1 0 1 0 1 0 0 0 1 1 0 1 0 0 0 
1 0 0 0 1 1 1 0 0 1 0 0 0 0 1 
1 0 0 0 0 0 0 1 1 0 1 0 1 1 0 
0 0 0 0 0 1 1 0 1 1 1 1 0 0 0 
0 1 1 0 0 0 1 0 1 1 0 0 0 1 0 
1 1 0 1 0 0 1 1 0 0 0 0 1 0 0 
Best Sequence: 
12 11 8 7 5 3 14 13 10 9 6 4 2 1 0 
0 0 1 0 1 1 1 0 1 0 0 0 0 0 1 
1 1 0 1 0 0 0 0 1 0 0 1 1 0 0 
0 1 0 0 0 0 0 1 0 1 0 1 0 1 1 
0 0 0 0 1 1 1 0 0 0 1 1 1 0 0 
0 0 0 0 0 0 1 1 1 0 1 1 0 1 0 
1 0 0 1 0 1 0 1 0 1 0 0 0 1 0 
1 0 0 0 1 1 1 1 0 0 0 0 1 0 0 
1 1 1 1 1 1 0 0 0 0 0 0 0 0 0 
0 1 0 1 0 0 1 0 1 0 0 0 1 1 0 
0 1 1 0 0 0 0 0 0 1 0 1 1 0 1 
0 0 0 0 1 0 1 0 0 1 1 1 0 0 1 
1 0 1 1 0 0 0 1 1 0 0 0 0 0 1 
0 1 1 0 1 0 0 0 1 1 1 0 0 0 0 
0 0 1 0 0 0 0 1 0 1 1 0 1 1 0 
1 0 0 1 0 1 0 0 0 0 1 0 0 1 1 
OpenStacks: 14
Took 7.45 seconds

buffer: Warwick 614: balanced orders and products, 6 products per order
numCustomers: 15
numProducts: 15
0 1 0 0 0 1 0 1 0 1 1 0 0 1 0 
1 0 0 0 1 1 1 1 0 0 1 0 0 0 0 
1 0 1 1 0 0 0 0 0 1 0 0 1 1 0 
0 0 1 1 1 0 1 0 0 1 0 0 0 1 0 
0 0 0 1 0 0 0 1 0 1 0 1 1 1 0 
1 1 0 0 0 0 0 1 1 1 0 0 0 0 1 
0 0 1 0 1 1 0 0 1 0 1 0 0 0 1 
1 0 0 0 0 1 1 0 0 0 0 1 1 0 1 
0 0 1 0 0 0 1 0 0 1 0 1 1 0 1 
0 1 1 1 0 0 0 0 0 0 1 1 1 0 0 
0 1 1 0 0 0 0 1 1 0 0 0 1 0 1 
1 1 0 1 1 0 0 0 1 0 1 0 0 0 0 
1 0 0 1 0 0 0 0 1 0 1 1 0 1 0 
0 1 0 0 1 1 1 1 1 0 0 0 0 0 0 
0 0 0 0 1 1 1 0 0 0 0 1 0 1 1 
Best Sequence: 
13 12 11 9 7 3 14 10 8 6 5 4 2 1 0 
1 0 0 1 1 0 0 1 0 0 1 0 0 1 0 
0 0 0 0 1 0 0 1 0 1 1 1 0 0 1 
1 1 0 1 0 1 0 0 0 0 0 0 1 0 1 
1 0 0 1 0 1 0 0 0 1 0 1 1 0 0 
1 1 1 1 1 1 0 0 0 0 0 0 0 0 0 
0 0 0 1 1 0 1 0 1 0 0 0 0 1 1 
0 0 0 0 0 0 1 1 1 0 1 1 1 0 0 
0 1 1 0 0 0 1 0 0 1 1 0 0 0 1 
0 1 1 1 0 0 1 0 0 1 0 0 1 0 0 
0 1 1 0 0 1 0 1 0 0 0 0 1 1 0 
0 1 0 0 1 0 1 0 1 0 0 0 1 1 0 
0 0 0 0 0 1 0 1 1 0 0 1 0 1 1 
1 0 1 0 0 1 0 1 1 0 0 0 0 0 1 
0 0 0 0 1 0 0 0 1 1 1 1 0 1 0 
1 0 1 0 0 0 1 0 0 1 1 1 0 0 0 
OpenStacks: 14
Took 7.45 seconds

buffer: Warwick 615: balanced orders and products, 6 products per order
numCustomers: 15
numProducts: 15
1 1 0 0 1 0 0 0 0 1 0 0 0 1 1 
0 0 0 1 1 1 1 1 0 0 0 0 0 1 0 
0 1 0 0 0 1 0 1 0 0 1 0 0 1 1 
1 0 0 0 0 0 0 0 0 1 1 1 1 0 1 
1 0 0 1 0 0 0 0 1 1 0 1 1 0 0 
0 1 0 0 0 0 1 1 0 1 0 1 1 0 0 
1 1 1 0 0 0 0 1 0 1 1 0 0 0 0 
0 0 0 0 1 0 1 0 1 0 1 1 0 0 1 
0 1 0 1 1 1 0 0 0 0 0 0 1 0 1 
0 0 1 1 0 0 1 0 1 0 1 0 1 0 0 
1 0 0 0 0 1 0 1 1 0 1 0 1 0 0 
0 0 1 0 1 1 1 0 0 0 0 1 0 0 1 
0 1 1 0 0 1 0 0 0 1 0 1 0 1 0 
1 0 1 1 0 0 0 1 1 0 0 0 0 1 0 
0 0 1 1 1 0 1 0 1 0 0 0 0 1 0 
Best Sequence: 
13 7 6 5 4 3 14 12 11 10 9 8 2 1 0 
1 0 0 0 1 0 1 0 0 0 1 0 0 1 1 
1 1 1 1 1 1 0 0 0 0 0 0 0 0 0 
1 1 0 1 0 0 1 0 0 1 0 0 0 1 0 
0 0 0 0 0 0 1 1 1 1 1 0 0 0 1 
0 0 0 0 0 1 0 1 1 0 1 1 0 0 1 
0 1 1 0 0 0 0 1 1 0 1 0 0 1 0 
0 1 0 0 0 0 0 0 0 1 1 0 1 1 1 
0 0 1 0 1 0 1 0 1 1 0 1 0 0 0 
0 0 0 1 1 1 1 1 0 0 0 0 0 1 0 
0 0 1 0 0 1 0 1 0 1 0 1 1 0 0 
0 1 0 1 0 0 0 1 0 1 0 1 0 0 1 
0 0 1 1 1 0 1 0 1 0 0 0 1 0 0 
1 0 0 1 0 0 0 0 1 0 1 0 1 1 0 
1 1 0 0 0 1 0 0 0 0 0 1 1 0 1 
1 0 1 0 1 1 0 0 0 0 0 1 1 0 0 
OpenStacks: 14
Took 7.44 seconds

buffer: Warwick 616: balanced orders and products, 6 products per order
numCustomers: 15
numProducts: 15
0 0 0 1 0 1 0 0 1 1 1 0 0 0 1 
0 0 0 0 1 0 1 1 1 0 0 0 0 1 1 
0 1 0 0 1 1 0 1 0 0 1 0 0 1 0 
0 1 1 0 0 0 1 1 0 0 0 1 0 1 0 
0 0 0 0 0 1 1 0 0 0 1 1 1 1 0 
0 0 0 1 0 0 0 1 1 0 1 0 1 0 1 
1 1 1 1 1 0 0 0 0 0 0 1 0 0 0 
0 1 0 0 1 1 0 0 1 1 0 0 0 0 1 
1 1 0 1 1 0 0 0 1 1 0 0 0 0 0 
1 0 0 0 0 1 0 1 1 0 0 1 1 0 0 
0 1 0 0 0 0 1 0 0 1 1 1 0 0 1 
1 0 1 1 0 0 0 1 0 1 0 0 1 0 0 
1 0 1 0 0 0 1 0 0 1 1 0 0 1 0 
0 0 1 0 1 1 0 0 0 0 0 1 1 1 0 
1 0 1 1 0 0 1 0 0 0 0 0 1 0 1 
Best Sequence: 
14 13 12 11 10 6 5 9 8 7 4 3 2 1 0 
1 0 0 0 1 0 1 1 1 0 0 1 0 0 0 
1 1 0 0 0 1 0 0 1 1 1 0 0 0 0 
0 1 0 0 1 0 1 0 0 1 1 0 0 1 0 
0 1 0 1 0 1 0 0 0 1 0 0 1 1 0 
0 1 1 1 1 1 1 0 0 0 0 0 0 0 0 
1 0 1 0 1 0 0 0 1 1 0 1 0 0 0 
0 0 0 1 0 0 0 0 0 0 1 1 1 1 1 
1 0 0 0 0 0 1 1 1 0 1 0 0 1 0 
0 0 0 0 0 0 0 1 1 0 1 1 0 1 1 
0 0 1 1 0 0 1 0 1 1 0 0 0 0 1 
1 0 0 1 1 1 0 1 0 0 0 0 0 1 0 
0 0 1 0 0 0 0 1 0 1 0 1 1 0 1 
0 1 0 0 1 1 0 1 0 0 0 0 1 0 1 
0 1 1 1 0 0 1 0 0 0 1 0 1 0 0 
1 0 1 0 0 1 0 0 0 0 0 1 1 0 1 
OpenStacks: 14
Took 7.45 seconds

buffer: Warwick 617: balanced orders and products, 6 products per order
numCustomers: 15
numProducts: 15
1 1 0 0 0 1 0 0 0 1 1 0 0 0 1 
0 0 1 0 1 0 1 1 0 0 0 1 0 1 0 
0 0 1 0 0 1 0 0 1 1 1 0 1 0 0 
0 0 1 0 1 1 1 0 1 1 0 0 0 0 0 
1 1 0 1 0 1 0 0 1 0 0 0 1 0 0 
1 0 0 1 0 0 0 0 1 0 1 0 0 1 1 
0 1 1 0 1 1 1 1 0 0 0 0 0 0 0 
0 1 1 0 1 0 0 1 0 0 0 1 1 0 0 
0 0 0 1 1 0 0 0 0 0 1 1 0 1 1 
1 0 0 0 0 0 1 0 1 0 0 1 1 1 0 
0 0 0 0 0 0 0 1 1 1 0 1 0 1 1 
1 1 0 1 1 1 0 0 0 1 0 0 0 0 0 
0 1 0 1 0 0 0 1 0 1 0 0 0 1 1 
1 0 0 0 0 0 1 0 0 0 1 1 1 0 1 
0 0 1 1 0 0 1 1 0 0 1 0 1 0 0 
Best Sequence: 
13 11 7 6 4 2 14 12 10 9 8 5 3 1 0 
0 0 0 0 0 0 1 0 1 1 0 1 0 1 1 
1 1 1 1 1 1 0 0 0 0 0 0 0 0 0 
0 0 0 0 0 1 0 1 1 1 1 1 0 0 0 
0 0 0 1 1 1 0 0 0 1 1 1 0 0 0 
0 0 0 0 0 0 0 1 0 0 1 1 1 1 1 
1 0 0 0 0 0 1 0 1 0 1 0 1 0 1 
0 0 1 1 1 1 0 0 0 0 0 1 0 1 0 
0 1 1 0 1 1 0 1 0 0 0 0 0 1 0 
1 1 0 0 1 0 1 0 1 0 0 0 1 0 0 
1 1 0 1 0 0 0 1 0 0 1 0 0 0 1 
1 1 1 0 0 0 1 0 0 1 1 0 0 0 0 
0 0 0 0 1 0 0 0 0 1 0 1 1 1 1 
1 0 1 0 0 0 1 0 0 1 0 0 1 1 0 
0 1 0 1 0 0 1 1 1 0 0 0 0 0 1 
0 0 1 1 0 1 0 1 1 0 0 0 1 0 0 
OpenStacks: 14
Took 7.43 seconds

buffer: Warwick 618: balanced orders and products, 6 products per order
numCustomers: 15
numProducts: 15
0 1 1 0 1 0 0 1 1 0 0 0 0 1 0 
0 1 0 0 0 1 1 0 0 1 1 0 0 0 1 
0 1 0 0 0 1 0 0 0 1 1 1 0 0 1 
1 1 1 1 0 1 0 0 0 0 0 0 0 1 0 
1 1 1 0 0 0 0 1 0 1 0 1 0 0 0 
1 0 0 1 0 0 0 0 1 1 1 0 0 1 0 
1 0 0 1 0 1 1 0 0 0 1 0 1 0 0 
0 0 0 0 0 1 0 1 1 0 0 1 1 0 1 
0 0 0 1 1 1 0 1 1 0 1 0 0 0 0 
0 0 1 1 1 0 1 0 0 0 0 1 1 0 0 
1 0 1 0 1 0 1 0 0 0 0 0 1 1 0 
0 1 0 0 1 0 0 1 1 1 0 1 0 0 0 
0 0 0 0 0 0 1 1 1 0 1 0 1 0 1 
1 0 1 1 0 0 0 0 0 1 0 0 0 1 1 
0 0 0 0 1 0 1 0 0 0 0 1 1 1 1 
Best Sequence: 
14 12 10 8 7 6 13 11 9 5 4 3 2 1 0 
0 0 0 1 1 0 1 0 0 0 1 0 1 1 0 
1 0 1 0 0 1 0 0 1 1 0 0 0 1 0 
1 0 1 0 0 0 0 1 1 1 0 0 0 1 0 
0 0 0 0 0 0 1 0 0 1 0 1 1 1 1 
0 0 0 0 1 0 0 1 1 0 0 0 1 1 1 
0 0 1 1 0 0 1 0 1 0 0 1 0 0 1 
0 1 1 0 0 1 0 0 0 1 0 1 0 0 1 
1 1 0 1 1 0 0 1 0 1 0 0 0 0 0 
0 0 1 1 1 0 0 0 0 1 1 1 0 0 0 
0 1 0 0 0 1 0 1 0 0 1 1 1 0 0 
0 1 0 0 0 1 1 0 0 0 1 0 1 0 1 
0 0 0 1 1 0 0 1 1 0 1 0 0 1 0 
1 1 1 1 1 1 0 0 0 0 0 0 0 0 0 
1 0 0 0 0 0 1 0 1 0 0 1 1 0 1 
1 1 0 0 0 1 1 1 0 0 1 0 0 0 0 
OpenStacks: 14
Took 7.45 seconds

buffer: Warwick 619: balanced orders and products, 6 products per order
numCustomers: 15
numProducts: 15
0 0 0 1 0 0 0 1 1 1 0 0 1 1 0 
0 0 0 1 1 1 0 1 0 1 1 0 0 0 0 
0 0 0 0 1 0 1 0 1 0 0 1 1 0 1 
0 1 0 1 0 0 0 0 1 0 0 1 0 1 1 
1 0 0 0 0 1 0 1 1 0 0 1 1 0 0 
0 1 1 0 0 0 0 1 0 0 0 0 1 1 1 
1 0 1 0 1 0 1 0 0 0 0 1 1 0 0 
0 0 0 1 0 0 1 1 1 1 1 0 0 0 0 
1 0 0 0 0 1 1 1 1 0 0 0 0 1 0 
0 0 1 0 1 1 0 0 0 1 0 1 0 1 0 
0 1 1 1 0 1 0 0 0 0 1 1 0 0 0 
0 1 1 1 1 1 0 0 0 1 0 0 0 0 0 
1 1 0 0 0 0 1 0 0 0 1 0 0 1 1 
1 0 1 0 1 0 0 0 0 1 1 0 0 0 1 
1 1 0 0 0 0 1 0 0 0 1 0 1 0 1 
Best Sequence: 
13 11 9 5 4 2 14 12 10 8 7 6 3 1 0 
1 0 1 0 0 0 0 1 0 1 1 0 1 0 0 
0 0 1 1 1 0 0 0 1 0 1 0 1 0 0 
0 1 0 0 1 0 1 1 0 1 0 1 0 0 0 
1 1 0 0 0 0 1 0 0 1 0 0 1 1 0 
0 1 0 1 0 0 0 1 0 1 1 0 0 0 1 
1 0 0 0 0 1 1 1 0 0 1 0 0 1 0 
0 1 0 0 1 1 0 1 0 0 0 1 0 0 1 
0 0 1 0 0 0 0 0 1 1 1 1 1 0 0 
1 0 0 1 0 0 0 0 0 1 1 1 0 0 1 
1 1 1 1 1 1 0 0 0 0 0 0 0 0 0 
0 1 0 1 0 1 0 0 1 0 0 0 1 1 0 
0 0 1 1 1 1 0 0 0 0 0 0 1 1 0 
1 0 0 0 0 0 1 0 1 0 0 1 0 1 1 
0 0 1 0 1 1 1 0 1 0 0 0 0 0 1 
0 0 0 0 0 0 1 1 1 0 0 1 0 1 1 
OpenStacks: 14
Took 7.42 seconds

buffer: Warwick 620: balanced orders and products, 6 products per order
numCustomers: 15
numProducts: 15
0 0 0 0 0 1 1 1 1 0 0 0 1 1 0 
0 1 1 0 1 0 0 1 0 1 0 0 1 0 0 
1 0 1 1 0 0 0 0 0 1 0 0 0 1 1 
1 1 0 0 1 1 1 0 0 0 0 0 0 1 0 
0 0 1 0 0 0 0 1 1 0 0 1 0 1 1 
0 0 0 0 1 0 0 1 1 1 0 0 0 1 1 
1 1 0 0 0 1 0 0 0 0 1 1 1 0 0 
1 1 0 1 0 0 0 1 1 0 0 0 1 0 0 
0 0 1 1 0 0 1 0 1 0 0 1 1 0 0 
0 0 1 1 1 1 0 0 0 1 0 0 0 1 0 
0 0 0 0 0 1 1 0 0 1 1 0 1 0 1 
0 0 1 1 1 0 0 0 1 1 1 0 0 0 0 
1 0 0 0 0 0 1 1 0 0 1 1 0 0 1 
1 1 0 0 0 1 0 0 0 0 1 1 0 0 1 
0 1 0 1 1 0 1 0 0 0 1 1 0 0 0 
Best Sequence: 
14 13 9 8 7 4 12 11 10 6 5 3 2 1 0 
0 1 0 1 1 0 1 0 0 1 1 0 0 0 0 
0 0 1 0 1 1 1 0 0 0 0 0 1 1 0 
1 1 1 0 0 0 0 0 0 0 0 1 1 0 1 
0 1 0 0 0 1 0 0 0 1 1 0 0 1 1 
1 1 0 1 1 0 0 1 0 0 0 0 1 0 0 
1 1 1 1 1 1 0 0 0 0 0 0 0 0 0 
0 0 0 0 0 0 1 1 1 0 1 0 0 1 1 
0 0 0 1 1 0 1 0 0 0 0 1 0 1 1 
0 0 0 1 0 0 1 1 0 1 0 1 1 0 0 
0 1 1 0 0 1 0 0 0 0 1 1 1 0 0 
1 0 1 0 0 0 1 0 1 1 1 0 0 0 0 
0 0 1 1 0 1 0 0 1 0 0 1 1 0 0 
1 0 0 0 1 0 0 1 1 1 0 0 0 0 1 
1 0 0 0 0 0 0 1 1 0 1 0 0 1 1 
0 0 0 0 0 1 0 1 1 1 0 1 0 1 0 
OpenStacks: 14
Took 7.38 seconds

buffer: Warwick 621: balanced orders and products, 7 products per order
numCustomers: 15
numProducts: 15
1 1 0 0 0 1 1 0 0 0 0 1 0 1 1 
1 0 0 1 1 0 1 0 0 1 0 0 0 1 1 
1 0 1 1 1 0 0 0 1 0 0 1 0 1 0 
0 1 1 1 0 0 1 0 0 1 0 1 0 1 0 
0 0 0 0 0 1 1 0 0 1 1 1 1 1 0 
0 1 1 1 0 1 1 1 0 0 1 0 0 0 0 
1 1 0 1 1 1 0 0 1 0 0 0 1 0 0 
0 1 1 0 1 0 0 1 0 1 1 0 0 0 1 
1 0 0 0 0 1 0 1 1 1 0 1 0 0 1 
0 0 1 0 1 1 0 1 0 1 1 0 1 0 0 
0 1 0 0 1 0 1 1 0 0 0 1 1 1 0 
0 0 1 0 1 0 1 1 1 0 1 0 0 0 1 
0 1 1 0 0 1 0 0 1 0 0 1 1 1 0 
1 0 0 1 0 0 0 1 1 0 1 0 1 0 1 
1 0 0 1 0 0 0 0 1 1 1 0 1 0 1 
Best Sequence: 
14 13 12 11 10 9 8 7 6 5 4 3 2 1 0 
1 1 0 1 0 0 0 0 1 1 0 0 0 1 1 
1 1 0 0 0 1 0 0 1 0 1 1 0 0 1 
0 1 0 1 0 0 1 0 0 0 1 1 1 0 1 
0 1 0 1 0 1 0 0 1 0 0 1 1 1 0 
0 1 1 1 1 1 0 0 1 1 0 0 0 0 0 
0 0 0 0 1 0 0 1 1 1 0 1 1 1 0 
0 0 1 0 0 0 1 0 0 1 1 1 0 1 1 
1 0 0 0 1 1 0 1 0 0 1 0 1 1 0 
1 0 0 1 0 1 1 1 0 1 0 0 0 0 1 
0 0 1 0 1 1 0 1 0 1 1 0 1 0 0 
0 1 1 1 0 0 0 1 1 0 1 0 0 1 0 
1 0 0 0 1 0 1 1 1 0 1 0 1 0 0 
0 1 1 1 0 0 1 0 0 1 0 0 1 1 0 
1 0 1 0 1 0 1 1 0 0 0 1 0 0 1 
1 0 1 0 1 1 1 0 0 0 0 1 0 0 1 
OpenStacks: 15
Took 7.48 seconds

buffer: Warwick 622: balanced orders and products, 7 products per order
numCustomers: 15
numProducts: 15
0 0 0 0 0 0 1 1 1 1 0 1 1 1 0 
1 0 1 0 0 1 1 0 0 0 1 1 0 0 1 
0 0 1 1 1 0 0 0 0 1 1 1 1 0 0 
1 1 0 0 1 0 0 1 1 0 1 0 0 0 1 
0 0 0 1 0 1 1 1 0 0 0 1 1 0 1 
0 0 0 0 1 1 0 0 1 0 0 1 1 1 1 
0 0 1 1 1 1 0 0 0 1 1 0 0 0 1 
1 1 0 0 1 1 0 0 1 1 0 0 0 0 1 
1 1 1 0 0 0 0 1 0 1 0 0 1 1 0 
0 0 0 1 0 0 1 0 1 1 1 0 1 1 0 
0 1 1 0 0 1 0 1 1 0 0 1 1 0 0 
0 1 1 1 0 0 1 1 0 0 1 0 0 1 0 
1 1 0 0 1 1 1 0 0 0 0 0 0 1 1 
1 1 1 1 1 0 1 0 0 1 0 0 0 0 0 
1 0 0 1 0 0 0 1 1 0 1 1 0 1 0 
Best Sequence: 
14 13 12 11 10 9 8 7 6 5 4 3 2 1 0 
0 1 1 1 0 1 1 1 1 0 0 0 0 0 0 
1 0 0 1 1 0 0 0 1 1 0 0 1 0 1 
0 0 1 1 1 1 0 0 0 0 1 1 1 0 0 
1 0 0 0 1 0 1 1 0 0 1 0 0 1 1 
1 0 1 1 0 0 0 1 1 1 0 1 0 0 0 
1 1 1 1 0 0 1 0 0 1 1 0 0 0 0 
1 0 0 0 1 1 0 0 0 1 1 1 1 0 0 
1 0 0 0 0 1 1 0 0 1 1 0 0 1 1 
0 1 1 0 0 1 0 1 0 0 0 0 1 1 1 
0 1 1 0 1 1 1 0 1 0 0 1 0 0 0 
0 0 1 1 0 0 1 1 0 1 0 0 1 1 0 
0 1 0 0 1 0 0 1 1 0 0 1 1 1 0 
1 1 0 0 0 0 0 0 1 1 1 0 0 1 1 
0 0 0 0 0 1 0 0 1 0 1 1 1 1 1 
0 1 0 1 1 0 1 1 0 0 0 1 0 0 1 
OpenStacks: 15
Took 7.46 seconds

buffer: Warwick 623: balanced orders and products, 7 products per order
numCustomers: 15
numProducts: 15
1 0 0 0 0 1 1 0 1 1 1 1 0 0 0 
0 1 1 1 1 0 1 1 1 0 0 0 0 0 0 
0 1 0 1 0 1 0 1 1 0 1 1 0 0 0 
1 0 1 0 0 0 0 0 1 0 0 1 1 1 1 
0 1 0 1 1 0 0 1 0 0 0 1 1 1 0 
1 0 1 1 1 1 0 0 0 1 0 0 0 1 0 
0 1 1 0 0 0 0 1 0 1 1 1 0 0 1 
1 0 0 1 0 1 1 1 0 1 0 0 0 0 1 
1 0 1 0 1 0 1 0 0 0 0 0 1 1 1 
1 1 0 1 0 0 0 1 1 0 1 0 0 1 0 
0 1 0 0 0 1 0 1 1 1 0 0 1 0 1 
0 1 1 0 0 1 1 0 1 0 1 0 1 0 0 
0 0 0 0 1 0 1 0 0 0 1 1 1 1 1 
1 0 1 0 1 1 0 0 0 1 0 0 1 1 0 
0 0 0 1 1 0 1 0 0 1 1 1 0 0 1 
Best Sequence: 
11 10 8 7 5 3 1 14 13 12 9 6 4 2 0 
1 1 1 0 1 0 0 0 0 0 1 1 0 0 1 
0 0 1 1 0 1 1 0 0 0 0 1 1 1 0 
1 1 1 1 1 1 1 0 0 0 0 0 0 0 0 
1 0 1 0 0 0 0 1 1 1 0 0 0 1 1 
1 0 0 1 0 1 1 0 1 1 0 0 1 0 0 
0 0 0 0 1 1 0 0 1 0 1 0 1 1 1 
1 1 0 1 0 0 1 1 0 0 1 0 0 1 0 
0 0 0 1 1 1 0 1 0 0 1 1 0 0 1 
0 0 0 0 0 0 0 1 1 1 0 1 1 1 1 
0 1 1 1 0 1 1 0 1 0 0 0 0 0 1 
0 0 1 1 1 0 1 1 0 1 1 0 0 0 0 
0 1 1 0 1 0 1 0 0 1 0 1 0 1 0 
1 1 0 0 0 0 0 1 1 1 0 1 1 0 0 
0 0 0 0 1 0 0 0 1 1 1 0 1 1 1 
1 1 0 0 0 1 0 1 0 0 1 1 1 0 0 
OpenStacks: 14
Took 7.49 seconds

buffer: Warwick 624: balanced orders and products, 7 products per order
numCustomers: 15
numProducts: 15
0 0 0 1 1 0 1 1 0 1 0 1 1 0 0 
0 0 0 0 0 1 0 0 1 1 0 1 1 1 1 
1 0 0 1 0 1 0 1 0 0 1 0 1 0 1 
0 1 1 0 0 0 1 1 1 0 1 0 0 0 1 
0 1 0 1 1 0 1 0 0 0 0 0 1 1 1 
1 0 1 0 0 1 0 0 0 1 0 0 1 1 1 
1 0 0 0 1 1 0 1 1 0 0 1 1 0 0 
1 1 0 1 1 0 0 1 0 0 0 1 0 0 1 
1 0 1 1 0 0 1 0 0 0 1 1 0 1 0 
0 1 0 0 0 1 0 0 1 1 1 1 0 0 1 
0 0 1 0 1 1 1 0 1 1 1 0 0 0 0 
0 0 1 0 1 1 1 1 0 1 0 0 0 1 0 
1 1 0 1 0 0 1 0 1 0 1 1 0 0 0 
1 1 1 1 1 0 0 1 0 0 0 0 0 1 0 
0 1 1 0 0 0 0 0 1 1 1 0 1 1 0 
Best Sequence: 
14 13 12 11 10 9 8 7 6 5 4 3 2 1 0 
0 0 1 1 0 1 0 1 1 0 1 1 0 0 0 
1 1 1 1 0 1 1 0 0 1 0 0 0 0 0 
1 0 1 0 1 0 0 1 0 1 0 1 0 0 1 
1 0 0 0 1 0 1 1 1 0 0 0 1 1 0 
1 1 1 0 0 0 0 0 1 0 1 1 0 1 0 
1 1 1 0 0 1 0 0 0 1 0 0 1 0 1 
0 0 1 1 0 0 1 1 0 1 1 0 0 0 1 
1 0 0 1 0 0 0 1 0 0 1 1 0 1 1 
0 1 0 1 1 0 0 0 1 0 0 1 1 0 1 
1 0 0 1 1 1 1 0 0 1 0 0 0 1 0 
0 0 0 0 1 1 1 0 1 1 1 0 1 0 0 
0 1 0 0 0 1 0 1 1 1 1 0 1 0 0 
0 0 0 1 1 0 1 0 1 0 0 1 0 1 1 
0 1 0 0 0 0 0 1 0 0 1 1 1 1 1 
0 1 1 0 1 1 1 0 0 0 0 0 1 1 0 
OpenStacks: 15
Took 7.52 seconds

buffer: Warwick 625: balanced orders and products, 7 products per order
numCustomers: 15
numProducts: 15
1 1 0 1 0 1 0 1 0 0 0 0 1 1 0 
1 0 1 1 1 1 0 1 0 0 1 0 0 0 0 
1 0 1 0 0 0 0 0 1 0 0 1 1 1 1 
0 1 1 0 0 0 1 1 0 1 1 0 1 0 0 
1 1 1 0 0 1 1 0 0 0 0 0 1 0 1 
0 0 0 1 0 0 1 0 1 1 1 0 1 0 1 
1 0 0 0 0 1 1 0 0 1 1 1 0 0 1 
1 1 1 0 1 0 0 1 1 1 0 0 0 0 0 
0 1 1 1 1 0 0 0 0 0 0 1 1 1 0 
0 1 0 0 1 1 0 1 1 1 0 1 0 0 0 
1 0 0 1 0 1 1 0 0 0 0 1 0 1 1 
0 0 0 0 1 0 1 0 1 0 1 1 0 1 1 
0 0 0 1 1 0 1 1 0 0 1 0 0 1 1 
0 0 1 0 0 1 0 1 1 1 1 1 0 0 0 
0 1 0 1 1 0 0 0 1 1 0 0 1 1 0 
Best Sequence: 
14 13 12 11 10 9 8 7 6 5 4 3 2 1 0 
0 1 1 0 0 0 0 1 0 1 0 1 0 1 1 
0 0 0 0 1 0 0 1 0 1 1 1 1 0 1 
1 1 1 1 0 0 1 0 0 0 0 0 1 0 1 
0 0 1 0 1 1 0 1 1 0 0 0 1 1 0 
1 0 1 0 0 0 0 0 1 1 0 0 1 1 1 
1 0 1 0 1 1 1 0 1 0 0 1 0 0 0 
1 0 0 1 1 1 0 0 1 1 0 0 0 0 1 
0 0 0 0 0 1 1 1 0 0 1 0 1 1 1 
0 1 1 1 0 0 0 0 0 0 1 1 1 1 0 
0 0 0 1 0 1 1 1 0 1 1 0 0 1 0 
1 1 0 1 0 0 0 0 1 1 0 1 0 0 1 
1 1 0 1 1 0 1 0 1 0 1 0 0 0 0 
1 1 0 0 1 0 0 1 1 0 1 1 0 0 0 
0 0 0 1 1 1 1 1 0 1 0 0 1 0 0 
0 1 1 0 0 1 1 0 0 0 1 1 0 1 0 
OpenStacks: 15
Took 7.5 seconds

buffer: Warwick 626: balanced orders and products, 7 products per order
numCustomers: 15
numProducts: 15
1 0 1 0 1 0 0 1 1 0 0 1 0 1 0 
0 0 1 0 1 0 1 0 0 1 1 0 0 1 1 
1 0 1 0 0 0 1 1 0 1 0 0 0 1 1 
1 1 1 0 1 1 0 0 0 0 0 0 1 0 1 
1 1 1 0 0 1 1 1 0 0 0 0 0 0 1 
1 1 0 0 1 1 0 1 0 0 1 0 0 0 1 
1 1 0 1 0 1 0 0 1 0 0 0 1 1 0 
0 1 1 0 0 1 0 1 1 0 1 1 0 0 0 
0 1 0 1 1 0 1 0 1 1 0 0 0 0 1 
0 0 0 0 0 1 1 1 0 1 0 1 1 1 0 
0 0 0 1 0 1 1 0 1 0 1 0 1 1 0 
0 1 1 1 1 0 0 0 1 0 0 1 1 0 0 
1 0 0 1 0 0 1 0 0 1 1 1 1 0 0 
0 0 0 1 0 0 0 0 1 1 1 1 1 1 0 
0 0 0 1 1 0 0 1 0 1 1 1 0 0 1 
Best Sequence: 
13 12 11 10 9 8 3 14 7 6 5 4 2 1 0 
1 0 1 0 0 1 0 0 1 0 0 1 1 0 1 
1 0 0 1 1 0 0 1 0 1 0 1 1 0 0 
1 0 0 0 1 0 0 1 1 1 0 0 1 0 1 
0 1 0 0 0 0 0 1 0 0 1 1 1 1 1 
0 0 0 0 0 0 0 1 1 1 1 0 1 1 1 
0 0 0 1 0 0 0 1 1 0 1 1 0 1 1 
1 1 0 0 0 1 1 0 0 0 1 0 0 1 1 
0 0 1 1 0 1 0 0 1 0 1 0 1 1 0 
0 0 0 0 1 1 1 1 0 1 0 1 0 1 0 
1 1 1 0 1 0 0 0 1 1 1 0 0 0 0 
1 1 0 1 0 1 1 0 0 1 1 0 0 0 0 
0 1 1 0 0 1 1 0 0 0 0 1 1 1 0 
0 1 1 1 1 0 1 0 0 1 0 0 0 0 1 
1 1 1 1 1 1 1 0 0 0 0 0 0 0 0 
0 0 1 1 1 0 1 1 1 0 0 1 0 0 0 
OpenStacks: 14
Took 7.5 seconds

buffer: Warwick 627: balanced orders and products, 7 products per order
numCustomers: 15
numProducts: 15
0 1 1 1 1 0 1 1 0 0 1 0 0 0 0 
0 1 0 1 0 1 0 1 1 1 0 1 0 0 0 
0 0 1 1 1 1 1 1 0 0 0 1 0 0 0 
1 1 1 0 0 0 0 0 0 1 0 0 1 1 1 
1 1 0 1 0 0 1 0 0 1 1 0 0 0 1 
1 0 0 0 0 1 1 0 1 1 1 1 0 0 0 
0 1 0 0 0 1 0 0 1 1 0 0 1 1 1 
0 0 0 0 0 1 1 0 1 1 0 1 0 1 1 
1 1 1 0 1 0 0 0 0 0 1 0 1 1 0 
1 1 1 0 1 0 0 1 1 0 0 0 0 0 1 
1 0 1 0 1 1 1 1 0 0 0 0 0 1 0 
0 0 1 1 0 1 0 0 1 0 0 1 1 0 1 
0 0 0 1 0 0 0 0 1 0 1 1 1 1 1 
0 0 0 1 1 0 0 1 0 1 1 1 1 0 0 
1 0 0 0 1 0 1 1 0 0 1 0 1 1 0 
Best Sequence: 
14 13 12 11 10 9 8 7 6 5 4 3 2 1 0 
0 0 0 0 1 0 0 1 1 0 1 1 1 1 0 
0 0 0 1 0 1 1 1 0 1 0 1 0 1 0 
0 0 0 1 0 0 0 1 1 1 1 1 1 0 0 
1 1 1 0 0 1 0 0 0 0 0 0 1 1 1 
1 0 0 0 1 1 0 0 1 0 0 1 0 1 1 
0 0 0 1 1 1 1 0 1 1 0 0 0 0 1 
1 1 1 0 0 1 1 0 0 1 0 0 0 1 0 
1 1 0 1 0 1 1 0 1 1 0 0 0 0 0 
0 1 1 0 1 0 0 0 0 0 1 0 1 1 1 
1 0 0 0 0 0 1 1 0 0 1 0 1 1 1 
0 1 0 0 0 0 0 1 1 1 1 0 1 0 1 
1 0 1 1 0 0 1 0 0 1 0 1 1 0 0 
1 1 1 1 1 0 1 0 0 0 0 1 0 0 0 
0 0 1 1 1 1 0 1 0 0 1 1 0 0 0 
0 1 1 0 1 0 0 1 1 0 1 0 0 0 1 
OpenStacks: 15
Took 7.53 seconds

buffer: Warwick 628: balanced orders and products, 7 products per order
numCustomers: 15
numProducts: 15
1 1 0 1 1 1 1 0 0 0 0 0 1 0 0 
1 1 0 0 0 0 0 1 1 1 1 0 0 0 1 
0 0 1 1 1 0 0 0 0 1 1 0 0 1 1 
0 0 0 0 0 0 1 1 1 0 1 1 0 1 1 
0 1 1 0 0 1 1 0 0 0 1 0 1 1 0 
0 0 0 1 1 1 1 0 1 0 0 0 1 0 1 
0 1 0 1 0 1 0 0 1 1 0 1 0 0 1 
0 0 1 0 1 0 1 0 1 1 0 1 0 1 0 
1 1 1 0 1 1 0 0 0 0 0 0 1 1 0 
0 0 1 1 0 0 1 1 0 1 1 1 0 0 0 
1 1 1 0 0 0 0 1 0 0 0 1 0 1 1 
1 0 1 1 0 1 0 1 0 0 0 0 1 0 1 
0 1 0 0 1 0 0 1 1 1 0 1 1 0 0 
1 0 0 0 1 0 0 1 0 1 1 1 1 0 0 
1 0 0 1 0 1 1 0 1 0 1 0 0 1 0 
Best Sequence: 
14 13 12 11 10 9 8 7 6 5 4 3 2 1 0 
0 0 1 0 0 0 0 0 1 1 1 1 0 1 1 
1 0 0 0 1 1 1 1 0 0 0 0 0 1 1 
1 1 0 0 1 1 0 0 0 0 1 1 1 0 0 
1 1 0 1 1 0 1 1 1 0 0 0 0 0 0 
0 1 1 0 1 0 0 0 1 1 0 0 1 1 0 
1 0 1 0 0 0 1 0 1 1 1 1 0 0 0 
1 0 0 1 0 1 1 0 0 1 0 1 0 1 0 
0 1 0 1 0 1 1 0 1 0 1 0 1 0 0 
0 1 1 0 0 0 0 0 0 1 1 0 1 1 1 
0 0 0 1 1 1 0 1 1 0 0 1 1 0 0 
1 1 0 1 0 0 0 1 0 0 0 0 1 1 1 
1 0 1 0 0 0 0 1 0 1 0 1 1 0 1 
0 0 1 1 0 1 1 1 0 0 1 0 0 1 0 
0 0 1 1 1 1 0 1 0 0 1 0 0 0 1 
0 1 0 0 1 0 1 0 1 1 0 1 0 0 1 
OpenStacks: 15
Took 7.5 seconds

buffer: Warwick 629: balanced orders and products, 7 products per order
numCustomers: 15
numProducts: 15
0 0 1 1 0 1 0 0 0 1 1 1 0 1 0 
1 0 0 1 1 1 0 1 0 0 1 0 1 0 0 
1 1 0 0 1 1 0 1 1 0 0 0 0 0 1 
0 1 0 0 1 1 0 0 0 1 0 1 1 1 0 
0 1 0 1 1 0 0 0 0 1 1 1 0 0 1 
1 0 1 0 1 0 1 1 1 0 0 0 0 1 0 
0 1 1 1 0 1 1 1 0 1 0 0 0 0 0 
0 1 0 0 0 0 0 0 1 0 1 1 1 1 1 
0 0 1 1 0 1 1 0 0 1 1 0 1 0 0 
0 1 1 1 0 0 0 1 1 0 0 1 1 0 0 
1 1 0 0 1 0 0 1 1 1 0 1 0 0 0 
1 0 1 0 0 0 1 0 1 1 0 0 0 1 1 
0 0 1 0 1 0 1 0 1 0 1 1 0 0 1 
1 0 0 0 0 0 1 1 0 0 1 0 1 1 1 
1 0 0 1 0 1 1 0 0 0 0 0 1 1 1 
Best Sequence: 
14 13 12 11 10 9 8 7 6 5 4 3 2 1 0 
0 1 0 1 1 1 0 0 0 1 0 1 1 0 0 
0 0 1 0 1 0 0 1 0 1 1 1 0 0 1 
1 0 0 0 0 0 1 1 0 1 1 0 0 1 1 
0 1 1 1 0 1 0 0 0 1 1 0 0 1 0 
1 0 0 1 1 1 0 0 0 0 1 1 0 1 0 
0 1 0 0 0 0 1 1 1 0 1 0 1 0 1 
0 0 0 0 0 1 0 1 1 1 0 1 1 1 0 
1 1 1 1 1 0 1 0 0 0 0 0 0 1 0 
0 0 1 0 1 1 0 0 1 1 0 1 1 0 0 
0 0 1 1 0 0 1 1 0 0 0 1 1 1 0 
0 0 0 1 0 1 1 1 0 0 1 0 0 1 1 
1 1 0 0 0 1 1 0 1 0 0 0 1 0 1 
1 0 0 1 1 0 1 0 1 0 1 0 1 0 0 
1 1 1 0 1 0 0 1 1 0 0 0 0 0 1 
1 1 1 0 0 0 0 0 1 1 0 1 0 0 1 
OpenStacks: 15
Took 7.49 seconds

buffer: Warwick 630: balanced orders and products, 7 products per order
numCustomers: 15
numProducts: 15
1 1 1 0 1 0 0 0 0 1 1 0 0 1 0 
1 1 0 0 0 0 0 0 1 0 1 1 1 1 0 
0 1 0 1 1 1 0 1 0 0 1 0 0 1 0 
1 0 1 0 0 0 0 1 1 1 0 1 1 0 0 
0 1 1 0 1 0 1 0 0 1 1 0 0 0 1 
0 1 0 1 1 0 1 1 0 1 0 1 0 0 0 
1 0 0 1 0 0 1 1 0 0 0 1 0 1 1 
0 0 0 0 0 0 1 0 1 1 1 1 1 1 0 
0 0 1 0 0 1 0 1 1 0 0 1 1 0 1 
0 0 1 1 0 1 1 1 1 0 0 0 0 1 0 
0 0 0 1 1 0 1 0 1 1 1 0 0 1 0 
1 0 1 1 0 1 0 0 0 1 0 0 1 0 1 
0 0 0 0 1 1 0 1 0 0 1 1 1 0 1 
1 1 0 1 1 1 0 0 1 0 0 0 0 0 1 
1 1 1 0 0 1 1 0 0 0 0 0 1 0 1 
Best Sequence: 
14 13 12 11 10 9 8 7 6 5 4 3 2 1 0 
0 1 0 0 1 1 0 0 0 0 1 0 1 1 1 
0 1 1 1 1 0 1 0 0 0 0 0 0 1 1 
0 1 0 0 1 0 0 1 0 1 1 1 0 1 0 
0 0 1 1 0 1 1 1 0 0 0 0 1 0 1 
1 0 0 0 1 1 0 0 1 0 1 0 1 1 0 
0 0 0 1 0 1 0 1 1 0 1 1 0 1 0 
1 1 0 1 0 0 0 1 1 0 0 1 0 0 1 
0 1 1 1 1 1 1 0 1 0 0 0 0 0 0 
1 0 1 1 0 0 1 1 0 1 0 0 1 0 0 
0 1 0 0 0 0 1 1 1 1 0 1 1 0 0 
0 1 0 0 1 1 1 0 1 0 1 1 0 0 0 
1 0 1 0 0 1 0 0 0 1 0 1 1 0 1 
1 0 1 1 1 0 0 1 0 1 1 0 0 0 0 
1 0 0 0 0 0 1 0 0 1 1 1 0 1 1 
1 0 1 0 0 0 0 0 1 1 0 0 1 1 1 
OpenStacks: 15
Took 7.53 seconds

Solved: 60 instances
totalTime: 433.63 seconds
minTime: 6.87 seconds
maxTime: 7.53 seconds
Average: 7.22717 seconds
