Solving by Dynamic Programming...
buffer: Warwick 1391: balanced products, 2 products per order
numCustomers: 30
numProducts: 10
0 0 1 0 0 0 1 0 0 0 
0 0 0 0 1 0 0 1 0 0 
0 0 1 1 0 0 0 0 0 0 
0 0 0 1 1 0 0 0 0 0 
0 0 0 0 1 0 0 1 0 0 
0 1 0 0 1 0 0 0 0 0 
0 0 0 1 0 0 0 1 0 0 
0 0 1 0 0 0 1 0 0 0 
1 0 0 0 1 0 0 0 0 0 
0 0 0 1 0 1 0 0 0 0 
0 1 0 1 0 0 0 0 0 0 
0 0 0 0 0 0 0 1 1 0 
0 1 1 0 0 0 0 0 0 0 
0 0 0 0 0 1 0 0 1 0 
0 0 0 0 0 0 1 0 1 0 
0 0 0 0 1 1 0 0 0 0 
0 0 0 0 0 0 1 0 0 1 
0 1 1 0 0 0 0 0 0 0 
0 0 0 0 1 0 0 0 1 0 
1 0 0 0 0 0 0 0 1 0 
0 1 0 0 0 0 0 1 0 0 
0 1 0 1 0 0 0 0 0 0 
0 0 0 0 1 0 0 0 1 0 
0 0 0 0 0 0 0 1 0 1 
0 0 1 0 1 0 0 0 0 0 
0 0 1 0 0 0 0 0 1 0 
1 0 0 1 0 0 0 0 0 0 
0 0 0 0 0 0 0 1 0 1 
1 0 0 0 1 0 0 0 0 0 
0 0 1 0 0 1 0 0 0 0 
Best sequence:
0 4 5 8 3 1 2 6 7 9 
0 0 0 0 0 0 1 1 0 0 
0 1 0 0 0 0 0 0 1 0 
0 0 0 0 1 0 1 0 0 0 
0 1 0 0 1 0 0 0 0 0 
0 1 0 0 0 0 0 0 1 0 
0 1 0 0 0 1 0 0 0 0 
0 0 0 0 1 0 0 0 1 0 
0 0 0 0 0 0 1 1 0 0 
1 1 0 0 0 0 0 0 0 0 
0 0 1 0 1 0 0 0 0 0 
0 0 0 0 1 1 0 0 0 0 
0 0 0 1 0 0 0 0 1 0 
0 0 0 0 0 1 1 0 0 0 
0 0 1 1 0 0 0 0 0 0 
0 0 0 1 0 0 0 1 0 0 
0 1 1 0 0 0 0 0 0 0 
0 0 0 0 0 0 0 1 0 1 
0 0 0 0 0 1 1 0 0 0 
0 1 0 1 0 0 0 0 0 0 
1 0 0 1 0 0 0 0 0 0 
0 0 0 0 0 1 0 0 1 0 
0 0 0 0 1 1 0 0 0 0 
0 1 0 1 0 0 0 0 0 0 
0 0 0 0 0 0 0 0 1 1 
0 1 0 0 0 0 1 0 0 0 
0 0 0 1 0 0 1 0 0 0 
1 0 0 0 1 0 0 0 0 0 
0 0 0 0 0 0 0 0 1 1 
1 1 0 0 0 0 0 0 0 0 
0 0 1 0 0 0 1 0 0 0 
OpenStacks: 15
Took 0.93 seconds

buffer: Warwick 1392: balanced products, 2 products per order
numCustomers: 30
numProducts: 10
0 0 1 0 0 1 0 0 0 0 
0 0 0 0 1 0 0 0 0 1 
0 0 0 0 0 1 0 0 1 0 
0 0 1 0 0 0 0 0 1 0 
1 0 0 0 0 0 0 0 1 0 
0 0 0 1 0 0 0 0 0 1 
0 0 0 0 0 0 0 0 1 1 
0 1 0 0 1 0 0 0 0 0 
0 1 0 0 0 1 0 0 0 0 
1 0 0 0 0 0 0 0 1 0 
0 0 1 0 0 0 0 0 1 0 
0 1 0 0 0 0 0 0 0 1 
0 0 0 0 1 0 0 1 0 0 
0 0 0 0 1 0 0 0 0 1 
0 0 0 0 1 1 0 0 0 0 
0 1 0 0 0 0 0 0 0 1 
0 0 0 0 1 0 0 1 0 0 
1 0 0 0 1 0 0 0 0 0 
0 0 0 1 1 0 0 0 0 0 
0 0 0 0 1 0 0 0 1 0 
0 0 0 0 0 1 0 0 1 0 
0 0 0 0 1 0 0 0 1 0 
0 0 1 0 0 0 0 0 1 0 
0 0 0 0 0 1 0 1 0 0 
0 0 0 0 1 0 0 0 1 0 
0 0 0 1 1 0 0 0 0 0 
1 1 0 0 0 0 0 0 0 0 
1 0 0 0 0 0 1 0 0 0 
0 0 1 0 1 0 0 0 0 0 
1 0 0 0 0 0 0 0 1 0 
Best sequence:
0 6 8 2 5 1 9 3 4 7 
0 0 0 1 1 0 0 0 0 0 
0 0 0 0 0 0 1 0 1 0 
0 0 1 0 1 0 0 0 0 0 
0 0 1 1 0 0 0 0 0 0 
1 0 1 0 0 0 0 0 0 0 
0 0 0 0 0 0 1 1 0 0 
0 0 1 0 0 0 1 0 0 0 
0 0 0 0 0 1 0 0 1 0 
0 0 0 0 1 1 0 0 0 0 
1 0 1 0 0 0 0 0 0 0 
0 0 1 1 0 0 0 0 0 0 
0 0 0 0 0 1 1 0 0 0 
0 0 0 0 0 0 0 0 1 1 
0 0 0 0 0 0 1 0 1 0 
0 0 0 0 1 0 0 0 1 0 
0 0 0 0 0 1 1 0 0 0 
0 0 0 0 0 0 0 0 1 1 
1 0 0 0 0 0 0 0 1 0 
0 0 0 0 0 0 0 1 1 0 
0 0 1 0 0 0 0 0 1 0 
0 0 1 0 1 0 0 0 0 0 
0 0 1 0 0 0 0 0 1 0 
0 0 1 1 0 0 0 0 0 0 
0 0 0 0 1 0 0 0 0 1 
0 0 1 0 0 0 0 0 1 0 
0 0 0 0 0 0 0 1 1 0 
1 0 0 0 0 1 0 0 0 0 
1 1 0 0 0 0 0 0 0 0 
0 0 0 1 0 0 0 0 1 0 
1 0 1 0 0 0 0 0 0 0 
OpenStacks: 14
Took 0.04 seconds

buffer: Warwick 1393: balanced products, 2 products per order
numCustomers: 30
numProducts: 10
0 0 0 0 0 0 1 0 0 1 
1 0 0 0 0 1 0 0 0 0 
0 0 1 0 0 0 0 1 0 0 
0 0 0 1 0 0 1 0 0 0 
0 0 0 0 0 1 0 0 0 1 
0 0 0 0 0 0 1 0 0 1 
1 0 0 1 0 0 0 0 0 0 
0 0 0 0 0 1 0 1 0 0 
0 0 0 1 1 0 0 0 0 0 
1 0 1 0 0 0 0 0 0 0 
0 0 0 0 0 1 0 0 0 1 
0 0 0 0 0 0 0 1 1 0 
0 0 0 0 1 1 0 0 0 0 
0 0 0 1 0 0 1 0 0 0 
1 0 0 0 0 0 0 0 1 0 
0 0 0 0 0 0 0 1 1 0 
0 0 0 0 0 1 1 0 0 0 
0 0 0 0 0 1 1 0 0 0 
0 0 0 0 0 0 1 0 0 1 
0 0 0 0 1 0 0 0 0 1 
0 1 0 0 0 1 0 0 0 0 
1 0 0 0 0 0 0 0 0 1 
0 1 0 1 0 0 0 0 0 0 
1 0 0 0 0 0 0 1 0 0 
0 0 0 0 0 1 0 0 0 1 
0 0 0 0 0 0 1 1 0 0 
0 1 0 1 0 0 0 0 0 0 
1 0 0 1 0 0 0 0 0 0 
0 0 1 0 0 1 0 0 0 0 
0 0 0 1 1 0 0 0 0 0 
Best sequence:
0 1 2 3 4 7 8 5 6 9 
0 0 0 0 0 0 0 0 1 1 
1 0 0 0 0 0 0 1 0 0 
0 0 1 0 0 1 0 0 0 0 
0 0 0 1 0 0 0 0 1 0 
0 0 0 0 0 0 0 1 0 1 
0 0 0 0 0 0 0 0 1 1 
1 0 0 1 0 0 0 0 0 0 
0 0 0 0 0 1 0 1 0 0 
0 0 0 1 1 0 0 0 0 0 
1 0 1 0 0 0 0 0 0 0 
0 0 0 0 0 0 0 1 0 1 
0 0 0 0 0 1 1 0 0 0 
0 0 0 0 1 0 0 1 0 0 
0 0 0 1 0 0 0 0 1 0 
1 0 0 0 0 0 1 0 0 0 
0 0 0 0 0 1 1 0 0 0 
0 0 0 0 0 0 0 1 1 0 
0 0 0 0 0 0 0 1 1 0 
0 0 0 0 0 0 0 0 1 1 
0 0 0 0 1 0 0 0 0 1 
0 1 0 0 0 0 0 1 0 0 
1 0 0 0 0 0 0 0 0 1 
0 1 0 1 0 0 0 0 0 0 
1 0 0 0 0 1 0 0 0 0 
0 0 0 0 0 0 0 1 0 1 
0 0 0 0 0 1 0 0 1 0 
0 1 0 1 0 0 0 0 0 0 
1 0 0 1 0 0 0 0 0 0 
0 0 1 0 0 0 0 1 0 0 
0 0 0 1 1 0 0 0 0 0 
OpenStacks: 15
Took 0.03 seconds

buffer: Warwick 1394: balanced products, 2 products per order
numCustomers: 30
numProducts: 10
0 0 0 0 0 1 0 0 0 1 
0 0 0 1 1 0 0 0 0 0 
1 0 0 0 0 0 0 0 0 1 
0 0 0 1 1 0 0 0 0 0 
0 0 0 0 0 1 1 0 0 0 
0 0 0 0 1 1 0 0 0 0 
0 1 0 0 0 0 0 1 0 0 
0 1 0 0 0 1 0 0 0 0 
0 0 0 0 1 0 0 0 0 1 
0 0 0 0 1 0 0 1 0 0 
0 0 0 1 0 0 0 0 0 1 
0 0 0 1 0 0 1 0 0 0 
1 0 0 0 0 0 0 1 0 0 
0 1 0 0 0 1 0 0 0 0 
0 0 0 0 1 0 0 0 1 0 
0 0 0 0 1 0 1 0 0 0 
0 0 0 0 0 0 0 1 0 1 
1 0 1 0 0 0 0 0 0 0 
0 0 1 0 1 0 0 0 0 0 
0 0 0 0 0 0 1 1 0 0 
0 0 1 0 1 0 0 0 0 0 
0 0 0 0 1 0 0 1 0 0 
0 0 1 0 0 0 0 0 0 1 
0 1 0 1 0 0 0 0 0 0 
0 0 0 1 0 0 0 1 0 0 
1 0 0 1 0 0 0 0 0 0 
1 0 0 0 0 1 0 0 0 0 
0 0 1 1 0 0 0 0 0 0 
0 1 0 0 0 0 0 0 0 1 
0 0 0 1 0 0 0 1 0 0 
Best sequence:
0 1 5 9 7 2 6 3 4 8 
0 0 1 1 0 0 0 0 0 0 
0 0 0 0 0 0 0 1 1 0 
1 0 0 1 0 0 0 0 0 0 
0 0 0 0 0 0 0 1 1 0 
0 0 1 0 0 0 1 0 0 0 
0 0 1 0 0 0 0 0 1 0 
0 1 0 0 1 0 0 0 0 0 
0 1 1 0 0 0 0 0 0 0 
0 0 0 1 0 0 0 0 1 0 
0 0 0 0 1 0 0 0 1 0 
0 0 0 1 0 0 0 1 0 0 
0 0 0 0 0 0 1 1 0 0 
1 0 0 0 1 0 0 0 0 0 
0 1 1 0 0 0 0 0 0 0 
0 0 0 0 0 0 0 0 1 1 
0 0 0 0 0 0 1 0 1 0 
0 0 0 1 1 0 0 0 0 0 
1 0 0 0 0 1 0 0 0 0 
0 0 0 0 0 1 0 0 1 0 
0 0 0 0 1 0 1 0 0 0 
0 0 0 0 0 1 0 0 1 0 
0 0 0 0 1 0 0 0 1 0 
0 0 0 1 0 1 0 0 0 0 
0 1 0 0 0 0 0 1 0 0 
0 0 0 0 1 0 0 1 0 0 
1 0 0 0 0 0 0 1 0 0 
1 0 1 0 0 0 0 0 0 0 
0 0 0 0 0 1 0 1 0 0 
0 1 0 1 0 0 0 0 0 0 
0 0 0 0 1 0 0 1 0 0 
OpenStacks: 16
Took 0.03 seconds

buffer: Warwick 1395: balanced products, 2 products per order
numCustomers: 30
numProducts: 10
1 0 0 0 0 0 0 0 0 1 
1 0 0 0 0 0 0 0 1 0 
0 0 0 0 0 0 1 0 0 1 
1 0 0 0 0 0 0 0 1 0 
0 0 1 0 0 0 1 0 0 0 
0 0 0 1 0 0 1 0 0 0 
0 0 0 0 0 0 1 0 1 0 
0 0 0 0 0 1 0 1 0 0 
0 0 0 1 0 0 0 1 0 0 
0 0 0 0 0 0 1 1 0 0 
0 0 0 0 0 0 1 0 1 0 
0 0 0 1 0 1 0 0 0 0 
0 0 0 0 0 1 0 0 1 0 
0 0 0 0 1 1 0 0 0 0 
0 1 1 0 0 0 0 0 0 0 
0 0 0 1 0 0 1 0 0 0 
0 0 0 1 0 0 0 0 0 1 
0 0 0 0 0 0 1 0 0 1 
0 0 0 1 0 1 0 0 0 0 
0 1 0 0 1 0 0 0 0 0 
0 0 0 0 1 0 0 1 0 0 
0 0 0 1 0 0 0 0 1 0 
1 0 1 0 0 0 0 0 0 0 
1 0 0 1 0 0 0 0 0 0 
0 1 0 0 0 0 0 0 1 0 
0 1 0 0 1 0 0 0 0 0 
0 0 1 0 0 0 0 1 0 0 
0 1 0 1 0 0 0 0 0 0 
0 0 0 0 0 0 1 0 0 1 
0 1 0 0 0 0 1 0 0 0 
Best sequence:
3 5 4 7 1 2 0 8 6 9 
0 0 0 0 0 0 1 0 0 1 
0 0 0 0 0 0 1 1 0 0 
0 0 0 0 0 0 0 0 1 1 
0 0 0 0 0 0 1 1 0 0 
0 0 0 0 0 1 0 0 1 0 
1 0 0 0 0 0 0 0 1 0 
0 0 0 0 0 0 0 1 1 0 
0 1 0 1 0 0 0 0 0 0 
1 0 0 1 0 0 0 0 0 0 
0 0 0 1 0 0 0 0 1 0 
0 0 0 0 0 0 0 1 1 0 
1 1 0 0 0 0 0 0 0 0 
0 1 0 0 0 0 0 1 0 0 
0 1 1 0 0 0 0 0 0 0 
0 0 0 0 1 1 0 0 0 0 
1 0 0 0 0 0 0 0 1 0 
1 0 0 0 0 0 0 0 0 1 
0 0 0 0 0 0 0 0 1 1 
1 1 0 0 0 0 0 0 0 0 
0 0 1 0 1 0 0 0 0 0 
0 0 1 1 0 0 0 0 0 0 
1 0 0 0 0 0 0 1 0 0 
0 0 0 0 0 1 1 0 0 0 
1 0 0 0 0 0 1 0 0 0 
0 0 0 0 1 0 0 1 0 0 
0 0 1 0 1 0 0 0 0 0 
0 0 0 1 0 1 0 0 0 0 
1 0 0 0 1 0 0 0 0 0 
0 0 0 0 0 0 0 0 1 1 
0 0 0 0 1 0 0 0 1 0 
OpenStacks: 14
Took 0.04 seconds

buffer: Warwick 1396: balanced products, 2 products per order
numCustomers: 30
numProducts: 10
1 0 0 0 0 0 0 0 1 0 
0 0 0 0 0 0 1 0 1 0 
0 1 0 0 0 0 0 0 0 1 
1 0 0 0 0 0 0 0 1 0 
0 0 0 1 1 0 0 0 0 0 
1 0 0 0 1 0 0 0 0 0 
1 0 0 1 0 0 0 0 0 0 
0 0 1 0 1 0 0 0 0 0 
0 0 0 0 0 0 1 1 0 0 
0 0 0 0 0 0 1 1 0 0 
0 0 1 0 0 0 1 0 0 0 
1 1 0 0 0 0 0 0 0 0 
1 0 0 0 0 0 0 0 1 0 
1 0 1 0 0 0 0 0 0 0 
0 0 1 0 0 0 0 0 0 1 
0 1 1 0 0 0 0 0 0 0 
0 0 0 1 0 0 0 1 0 0 
0 0 0 1 0 1 0 0 0 0 
0 0 0 0 1 0 0 0 0 1 
0 0 0 0 0 1 0 0 1 0 
0 0 1 0 0 0 0 0 0 1 
0 0 1 0 0 0 0 0 1 0 
0 1 0 0 0 0 0 0 0 1 
0 0 1 0 0 0 0 1 0 0 
0 0 0 0 1 0 0 0 0 1 
0 0 1 1 0 0 0 0 0 0 
0 0 0 0 1 0 1 0 0 0 
0 0 0 1 0 0 0 1 0 0 
0 1 0 0 1 0 0 0 0 0 
0 0 1 0 0 1 0 0 0 0 
Best sequence:
0 3 5 8 6 7 2 1 4 9 
1 0 0 1 0 0 0 0 0 0 
0 0 0 1 1 0 0 0 0 0 
0 0 0 0 0 0 0 1 0 1 
1 0 0 1 0 0 0 0 0 0 
0 1 0 0 0 0 0 0 1 0 
1 0 0 0 0 0 0 0 1 0 
1 1 0 0 0 0 0 0 0 0 
0 0 0 0 0 0 1 0 1 0 
0 0 0 0 1 1 0 0 0 0 
0 0 0 0 1 1 0 0 0 0 
0 0 0 0 1 0 1 0 0 0 
1 0 0 0 0 0 0 1 0 0 
1 0 0 1 0 0 0 0 0 0 
1 0 0 0 0 0 1 0 0 0 
0 0 0 0 0 0 1 0 0 1 
0 0 0 0 0 0 1 1 0 0 
0 1 0 0 0 1 0 0 0 0 
0 1 1 0 0 0 0 0 0 0 
0 0 0 0 0 0 0 0 1 1 
0 0 1 1 0 0 0 0 0 0 
0 0 0 0 0 0 1 0 0 1 
0 0 0 1 0 0 1 0 0 0 
0 0 0 0 0 0 0 1 0 1 
0 0 0 0 0 1 1 0 0 0 
0 0 0 0 0 0 0 0 1 1 
0 1 0 0 0 0 1 0 0 0 
0 0 0 0 1 0 0 0 1 0 
0 1 0 0 0 1 0 0 0 0 
0 0 0 0 0 0 0 1 1 0 
0 0 1 0 0 0 1 0 0 0 
OpenStacks: 14
Took 0.04 seconds

buffer: Warwick 1397: balanced products, 2 products per order
numCustomers: 30
numProducts: 10
1 0 1 0 0 0 0 0 0 0 
0 0 0 0 1 0 0 1 0 0 
0 0 1 0 0 0 1 0 0 0 
0 0 0 1 1 0 0 0 0 0 
0 1 0 1 0 0 0 0 0 0 
0 0 1 0 0 0 0 0 0 1 
1 0 0 1 0 0 0 0 0 0 
0 0 0 1 1 0 0 0 0 0 
0 0 1 0 0 0 0 0 1 0 
0 1 0 0 0 0 0 0 1 0 
0 0 0 1 1 0 0 0 0 0 
0 0 0 0 0 0 0 1 0 1 
0 0 0 0 0 0 0 1 1 0 
0 0 0 0 1 0 0 1 0 0 
0 0 0 0 0 0 0 1 0 1 
1 0 0 0 0 1 0 0 0 0 
0 0 0 0 1 0 0 1 0 0 
0 0 0 0 0 0 0 0 1 1 
0 0 0 0 1 0 0 1 0 0 
1 0 0 0 0 1 0 0 0 0 
0 0 0 0 1 0 1 0 0 0 
0 0 0 0 0 1 0 0 1 0 
0 0 1 0 1 0 0 0 0 0 
1 0 0 0 0 1 0 0 0 0 
0 1 0 0 1 0 0 0 0 0 
0 0 0 0 1 1 0 0 0 0 
0 0 0 0 0 0 0 1 1 0 
0 0 0 1 0 0 0 1 0 0 
0 0 0 0 0 0 0 0 1 1 
0 0 0 0 0 1 0 1 0 0 
Best sequence:
1 3 4 2 6 0 5 7 8 9 
0 0 0 1 0 1 0 0 0 0 
0 0 1 0 0 0 0 1 0 0 
0 0 0 1 1 0 0 0 0 0 
0 1 1 0 0 0 0 0 0 0 
1 1 0 0 0 0 0 0 0 0 
0 0 0 1 0 0 0 0 0 1 
0 1 0 0 0 1 0 0 0 0 
0 1 1 0 0 0 0 0 0 0 
0 0 0 1 0 0 0 0 1 0 
1 0 0 0 0 0 0 0 1 0 
0 1 1 0 0 0 0 0 0 0 
0 0 0 0 0 0 0 1 0 1 
0 0 0 0 0 0 0 1 1 0 
0 0 1 0 0 0 0 1 0 0 
0 0 0 0 0 0 0 1 0 1 
0 0 0 0 0 1 1 0 0 0 
0 0 1 0 0 0 0 1 0 0 
0 0 0 0 0 0 0 0 1 1 
0 0 1 0 0 0 0 1 0 0 
0 0 0 0 0 1 1 0 0 0 
0 0 1 0 1 0 0 0 0 0 
0 0 0 0 0 0 1 0 1 0 
0 0 1 1 0 0 0 0 0 0 
0 0 0 0 0 1 1 0 0 0 
1 0 1 0 0 0 0 0 0 0 
0 0 1 0 0 0 1 0 0 0 
0 0 0 0 0 0 0 1 1 0 
0 1 0 0 0 0 0 1 0 0 
0 0 0 0 0 0 0 0 1 1 
0 0 0 0 0 0 1 1 0 0 
OpenStacks: 14
Took 0.04 seconds

buffer: Warwick 1398: balanced products, 2 products per order
numCustomers: 30
numProducts: 10
0 1 0 0 0 1 0 0 0 0 
0 1 0 0 0 0 1 0 0 0 
0 0 0 0 1 0 0 0 1 0 
0 1 0 0 0 0 0 0 1 0 
0 0 0 0 0 0 0 0 1 1 
0 1 0 0 0 0 0 0 0 1 
0 0 0 1 0 0 1 0 0 0 
1 0 1 0 0 0 0 0 0 0 
0 0 0 1 0 0 0 0 0 1 
0 0 0 0 0 0 1 0 1 0 
0 0 1 0 1 0 0 0 0 0 
0 0 0 0 0 0 0 0 1 1 
0 1 0 0 1 0 0 0 0 0 
0 0 1 0 0 1 0 0 0 0 
0 0 0 1 0 1 0 0 0 0 
0 1 0 1 0 0 0 0 0 0 
1 1 0 0 0 0 0 0 0 0 
0 1 0 0 0 0 0 1 0 0 
0 0 1 0 0 0 0 0 1 0 
0 0 0 0 0 0 0 1 1 0 
0 0 0 0 0 0 1 0 0 1 
1 0 0 0 0 0 0 1 0 0 
0 0 0 1 0 0 1 0 0 0 
1 0 0 0 1 0 0 0 0 0 
0 0 0 0 1 0 1 0 0 0 
0 0 1 0 0 0 0 0 0 1 
0 0 1 1 0 0 0 0 0 0 
1 0 0 1 0 0 0 0 0 0 
0 0 0 0 0 1 0 0 1 0 
1 0 0 1 0 0 0 0 0 0 
Best sequence:
0 1 7 3 4 5 2 6 8 9 
0 1 0 0 0 1 0 0 0 0 
0 1 0 0 0 0 0 1 0 0 
0 0 0 0 1 0 0 0 1 0 
0 1 0 0 0 0 0 0 1 0 
0 0 0 0 0 0 0 0 1 1 
0 1 0 0 0 0 0 0 0 1 
0 0 0 1 0 0 0 1 0 0 
1 0 0 0 0 0 1 0 0 0 
0 0 0 1 0 0 0 0 0 1 
0 0 0 0 0 0 0 1 1 0 
0 0 0 0 1 0 1 0 0 0 
0 0 0 0 0 0 0 0 1 1 
0 1 0 0 1 0 0 0 0 0 
0 0 0 0 0 1 1 0 0 0 
0 0 0 1 0 1 0 0 0 0 
0 1 0 1 0 0 0 0 0 0 
1 1 0 0 0 0 0 0 0 0 
0 1 1 0 0 0 0 0 0 0 
0 0 0 0 0 0 1 0 1 0 
0 0 1 0 0 0 0 0 1 0 
0 0 0 0 0 0 0 1 0 1 
1 0 1 0 0 0 0 0 0 0 
0 0 0 1 0 0 0 1 0 0 
1 0 0 0 1 0 0 0 0 0 
0 0 0 0 1 0 0 1 0 0 
0 0 0 0 0 0 1 0 0 1 
0 0 0 1 0 0 1 0 0 0 
1 0 0 1 0 0 0 0 0 0 
0 0 0 0 0 1 0 0 1 0 
1 0 0 1 0 0 0 0 0 0 
OpenStacks: 16
Took 0.03 seconds

buffer: Warwick 1399: balanced products, 2 products per order
numCustomers: 30
numProducts: 10
1 0 0 0 0 0 0 0 0 1 
1 0 0 1 0 0 0 0 0 0 
1 0 0 0 0 0 1 0 0 0 
0 0 0 1 0 0 0 0 0 1 
0 1 0 0 0 0 0 0 0 1 
1 0 0 0 0 0 0 0 1 0 
0 0 0 1 0 0 0 0 1 0 
0 0 1 0 1 0 0 0 0 0 
0 0 0 0 0 0 1 0 0 1 
1 0 0 0 0 0 1 0 0 0 
0 0 0 0 0 0 0 0 1 1 
0 0 0 0 0 0 1 1 0 0 
1 0 0 0 0 0 0 0 1 0 
1 0 0 0 0 0 0 0 1 0 
0 0 0 0 1 0 0 1 0 0 
0 0 0 0 0 0 1 0 1 0 
1 0 0 0 0 1 0 0 0 0 
0 0 1 0 0 0 0 1 0 0 
0 0 0 1 0 1 0 0 0 0 
0 0 0 0 1 0 1 0 0 0 
0 0 0 0 1 0 0 1 0 0 
0 1 0 0 1 0 0 0 0 0 
0 0 0 0 0 0 0 0 1 1 
0 0 0 0 0 0 1 0 1 0 
1 0 0 0 0 0 1 0 0 0 
0 1 0 1 0 0 0 0 0 0 
1 0 0 0 0 1 0 0 0 0 
0 0 1 1 0 0 0 0 0 0 
0 0 0 0 1 0 0 0 1 0 
0 1 1 0 0 0 0 0 0 0 
Best sequence:
0 5 6 8 9 3 1 2 4 7 
1 0 0 0 1 0 0 0 0 0 
1 0 0 0 0 1 0 0 0 0 
1 0 1 0 0 0 0 0 0 0 
0 0 0 0 1 1 0 0 0 0 
0 0 0 0 1 0 1 0 0 0 
1 0 0 1 0 0 0 0 0 0 
0 0 0 1 0 1 0 0 0 0 
0 0 0 0 0 0 0 1 1 0 
0 0 1 0 1 0 0 0 0 0 
1 0 1 0 0 0 0 0 0 0 
0 0 0 1 1 0 0 0 0 0 
0 0 1 0 0 0 0 0 0 1 
1 0 0 1 0 0 0 0 0 0 
1 0 0 1 0 0 0 0 0 0 
0 0 0 0 0 0 0 0 1 1 
0 0 1 1 0 0 0 0 0 0 
1 1 0 0 0 0 0 0 0 0 
0 0 0 0 0 0 0 1 0 1 
0 1 0 0 0 1 0 0 0 0 
0 0 1 0 0 0 0 0 1 0 
0 0 0 0 0 0 0 0 1 1 
0 0 0 0 0 0 1 0 1 0 
0 0 0 1 1 0 0 0 0 0 
0 0 1 1 0 0 0 0 0 0 
1 0 1 0 0 0 0 0 0 0 
0 0 0 0 0 1 1 0 0 0 
1 1 0 0 0 0 0 0 0 0 
0 0 0 0 0 1 0 1 0 0 
0 0 0 1 0 0 0 0 1 0 
0 0 0 0 0 0 1 1 0 0 
OpenStacks: 15
Took 0.04 seconds

buffer: Warwick 1400: balanced products, 2 products per order
numCustomers: 30
numProducts: 10
0 0 1 0 0 0 0 0 0 1 
0 0 1 0 0 0 0 0 1 0 
1 0 0 0 0 0 1 0 0 0 
0 1 0 0 0 0 0 0 0 1 
0 0 0 0 1 1 0 0 0 0 
0 0 0 0 1 0 0 1 0 0 
0 0 0 0 1 0 0 0 1 0 
0 0 0 0 0 1 0 1 0 0 
1 0 1 0 0 0 0 0 0 0 
0 0 0 1 1 0 0 0 0 0 
0 1 0 0 0 0 0 0 0 1 
1 0 0 0 0 1 0 0 0 0 
0 0 0 1 0 0 0 0 0 1 
0 0 0 0 1 0 0 0 0 1 
0 0 0 0 1 0 0 1 0 0 
0 0 1 0 0 0 0 0 0 1 
0 0 0 1 0 0 0 1 0 0 
1 0 0 0 0 0 0 0 1 0 
0 0 0 0 0 0 0 1 1 0 
0 0 0 1 0 1 0 0 0 0 
0 0 0 0 1 0 0 0 1 0 
1 0 0 0 0 0 0 0 1 0 
0 0 0 0 0 0 0 1 0 1 
0 1 0 0 1 0 0 0 0 0 
0 0 0 0 0 0 1 1 0 0 
0 1 0 1 0 0 0 0 0 0 
1 1 0 0 0 0 0 0 0 0 
0 1 1 0 0 0 0 0 0 0 
0 0 1 0 0 1 0 0 0 0 
0 0 0 1 0 0 0 1 0 0 
Best sequence:
0 1 2 6 8 9 3 5 4 7 
0 0 1 0 0 1 0 0 0 0 
0 0 1 0 1 0 0 0 0 0 
1 0 0 1 0 0 0 0 0 0 
0 1 0 0 0 1 0 0 0 0 
0 0 0 0 0 0 0 1 1 0 
0 0 0 0 0 0 0 0 1 1 
0 0 0 0 1 0 0 0 1 0 
0 0 0 0 0 0 0 1 0 1 
1 0 1 0 0 0 0 0 0 0 
0 0 0 0 0 0 1 0 1 0 
0 1 0 0 0 1 0 0 0 0 
1 0 0 0 0 0 0 1 0 0 
0 0 0 0 0 1 1 0 0 0 
0 0 0 0 0 1 0 0 1 0 
0 0 0 0 0 0 0 0 1 1 
0 0 1 0 0 1 0 0 0 0 
0 0 0 0 0 0 1 0 0 1 
1 0 0 0 1 0 0 0 0 0 
0 0 0 0 1 0 0 0 0 1 
0 0 0 0 0 0 1 1 0 0 
0 0 0 0 1 0 0 0 1 0 
1 0 0 0 1 0 0 0 0 0 
0 0 0 0 0 1 0 0 0 1 
0 1 0 0 0 0 0 0 1 0 
0 0 0 1 0 0 0 0 0 1 
0 1 0 0 0 0 1 0 0 0 
1 1 0 0 0 0 0 0 0 0 
0 1 1 0 0 0 0 0 0 0 
0 0 1 0 0 0 0 1 0 0 
0 0 0 0 0 0 1 0 0 1 
OpenStacks: 15
Took 0.04 seconds

buffer: Warwick 1401: balanced products, 3 products per order
numCustomers: 30
numProducts: 10
0 0 0 0 0 0 1 0 1 1 
0 0 0 0 1 0 0 1 1 0 
0 0 1 0 0 0 1 0 1 0 
0 0 0 1 0 0 0 0 1 1 
0 0 0 0 1 1 0 0 1 0 
1 1 0 0 0 1 0 0 0 0 
0 0 1 0 0 0 0 1 0 1 
0 0 0 1 1 0 1 0 0 0 
1 0 0 0 0 0 0 1 1 0 
0 0 1 0 0 0 0 0 1 1 
0 1 0 0 0 0 0 0 1 1 
1 0 0 0 1 0 1 0 0 0 
0 0 0 0 0 0 1 1 1 0 
0 1 0 0 1 0 0 0 1 0 
0 0 0 1 1 1 0 0 0 0 
1 0 0 0 0 1 0 1 0 0 
0 0 1 0 0 1 0 0 0 1 
0 0 0 1 0 0 0 0 1 1 
0 0 0 0 1 1 0 0 0 1 
1 0 0 1 0 0 0 0 1 0 
0 0 0 0 0 1 0 1 1 0 
1 0 0 0 0 1 0 0 0 1 
0 0 1 1 0 0 1 0 0 0 
0 1 0 1 1 0 0 0 0 0 
0 0 1 0 0 1 0 0 0 1 
0 1 0 0 1 0 0 0 1 0 
0 1 1 0 0 0 1 0 0 0 
0 1 0 0 0 0 1 1 0 0 
0 1 0 1 0 0 0 0 1 0 
0 0 0 0 0 1 1 1 0 0 
Best sequence:
0 2 5 9 6 7 3 1 4 8 
0 0 0 1 1 0 0 0 0 1 
0 0 0 0 0 1 0 0 1 1 
0 1 0 0 1 0 0 0 0 1 
0 0 0 1 0 0 1 0 0 1 
0 0 1 0 0 0 0 0 1 1 
1 0 1 0 0 0 0 1 0 0 
0 1 0 1 0 1 0 0 0 0 
0 0 0 0 1 0 1 0 1 0 
1 0 0 0 0 1 0 0 0 1 
0 1 0 1 0 0 0 0 0 1 
0 0 0 1 0 0 0 1 0 1 
1 0 0 0 1 0 0 0 1 0 
0 0 0 0 1 1 0 0 0 1 
0 0 0 0 0 0 0 1 1 1 
0 0 1 0 0 0 1 0 1 0 
1 0 1 0 0 1 0 0 0 0 
0 1 1 1 0 0 0 0 0 0 
0 0 0 1 0 0 1 0 0 1 
0 0 1 1 0 0 0 0 1 0 
1 0 0 0 0 0 1 0 0 1 
0 0 1 0 0 1 0 0 0 1 
1 0 1 1 0 0 0 0 0 0 
0 1 0 0 1 0 1 0 0 0 
0 0 0 0 0 0 1 1 1 0 
0 1 1 1 0 0 0 0 0 0 
0 0 0 0 0 0 0 1 1 1 
0 1 0 0 1 0 0 1 0 0 
0 0 0 0 1 1 0 1 0 0 
0 0 0 0 0 0 1 1 0 1 
0 0 1 0 1 1 0 0 0 0 
OpenStacks: 23
Took 0.04 seconds

buffer: Warwick 1402: balanced products, 3 products per order
numCustomers: 30
numProducts: 10
0 1 0 0 1 0 1 0 0 0 
0 0 1 0 0 0 1 1 0 0 
0 0 0 1 0 0 1 0 0 1 
1 0 0 0 1 0 1 0 0 0 
0 0 1 0 1 0 1 0 0 0 
0 0 0 0 0 0 1 1 1 0 
0 1 1 0 0 0 0 1 0 0 
1 0 0 0 1 0 1 0 0 0 
1 1 0 0 0 0 1 0 0 0 
1 1 0 0 0 0 0 1 0 0 
1 0 1 0 0 0 0 0 1 0 
0 0 0 0 0 1 1 0 0 1 
0 1 1 0 0 0 1 0 0 0 
0 0 0 0 1 0 1 0 1 0 
1 0 1 0 0 1 0 0 0 0 
0 0 0 1 0 0 1 0 0 1 
1 1 0 0 0 0 0 0 1 0 
1 0 0 1 0 1 0 0 0 0 
1 0 0 0 1 0 0 1 0 0 
0 0 0 1 0 0 0 0 1 1 
0 1 0 1 0 0 0 0 0 1 
0 1 1 0 0 0 1 0 0 0 
0 0 0 0 0 1 1 0 0 1 
0 1 1 0 0 0 0 0 1 0 
1 1 0 0 0 0 0 0 1 0 
0 0 0 0 1 1 0 0 0 1 
1 1 1 0 0 0 0 0 0 0 
0 0 0 0 0 1 1 1 0 0 
0 0 0 1 0 1 1 0 0 0 
0 0 1 1 1 0 0 0 0 0 
Best sequence:
0 1 2 7 4 8 3 5 6 9 
0 1 0 0 1 0 0 0 1 0 
0 0 1 1 0 0 0 0 1 0 
0 0 0 0 0 0 1 0 1 1 
1 0 0 0 1 0 0 0 1 0 
0 0 1 0 1 0 0 0 1 0 
0 0 0 1 0 1 0 0 1 0 
0 1 1 1 0 0 0 0 0 0 
1 0 0 0 1 0 0 0 1 0 
1 1 0 0 0 0 0 0 1 0 
1 1 0 1 0 0 0 0 0 0 
1 0 1 0 0 1 0 0 0 0 
0 0 0 0 0 0 0 1 1 1 
0 1 1 0 0 0 0 0 1 0 
0 0 0 0 1 1 0 0 1 0 
1 0 1 0 0 0 0 1 0 0 
0 0 0 0 0 0 1 0 1 1 
1 1 0 0 0 1 0 0 0 0 
1 0 0 0 0 0 1 1 0 0 
1 0 0 1 1 0 0 0 0 0 
0 0 0 0 0 1 1 0 0 1 
0 1 0 0 0 0 1 0 0 1 
0 1 1 0 0 0 0 0 1 0 
0 0 0 0 0 0 0 1 1 1 
0 1 1 0 0 1 0 0 0 0 
1 1 0 0 0 1 0 0 0 0 
0 0 0 0 1 0 0 1 0 1 
1 1 1 0 0 0 0 0 0 0 
0 0 0 1 0 0 0 1 1 0 
0 0 0 0 0 0 1 1 1 0 
0 0 1 0 1 0 1 0 0 0 
OpenStacks: 21
Took 0.04 seconds

buffer: Warwick 1403: balanced products, 3 products per order
numCustomers: 30
numProducts: 10
0 0 0 1 0 0 1 0 0 1 
1 0 0 0 0 0 0 0 1 1 
0 1 0 0 1 0 0 1 0 0 
0 1 0 1 0 0 0 0 0 1 
0 0 0 0 0 1 1 0 0 1 
0 0 1 0 0 1 0 0 1 0 
0 0 1 0 0 0 1 0 1 0 
0 0 0 1 0 0 1 0 0 1 
0 1 0 0 0 1 0 0 1 0 
0 0 0 0 1 1 0 0 0 1 
0 0 1 1 0 0 0 0 1 0 
0 0 1 1 0 0 0 1 0 0 
0 0 0 0 1 0 0 1 1 0 
0 0 0 0 0 1 1 0 0 1 
0 1 1 0 0 0 0 1 0 0 
0 0 1 0 1 0 0 1 0 0 
0 0 0 0 1 1 0 0 1 0 
0 1 0 0 1 0 0 0 0 1 
0 0 0 0 0 1 1 0 1 0 
0 0 0 1 0 0 0 1 1 0 
0 0 0 0 1 0 1 0 0 1 
1 1 0 1 0 0 0 0 0 0 
0 1 1 0 0 0 0 1 0 0 
1 0 1 0 0 0 0 1 0 0 
0 0 0 0 1 1 1 0 0 0 
0 0 0 1 1 1 0 0 0 0 
0 0 0 0 1 1 0 1 0 0 
0 1 0 0 1 0 0 0 0 1 
0 0 0 0 0 0 1 0 1 1 
0 0 1 1 0 0 0 0 0 1 
Best sequence:
0 1 2 3 7 4 8 5 6 9 
0 0 0 1 0 0 0 0 1 1 
1 0 0 0 0 0 1 0 0 1 
0 1 0 0 1 1 0 0 0 0 
0 1 0 1 0 0 0 0 0 1 
0 0 0 0 0 0 0 1 1 1 
0 0 1 0 0 0 1 1 0 0 
0 0 1 0 0 0 1 0 1 0 
0 0 0 1 0 0 0 0 1 1 
0 1 0 0 0 0 1 1 0 0 
0 0 0 0 0 1 0 1 0 1 
0 0 1 1 0 0 1 0 0 0 
0 0 1 1 1 0 0 0 0 0 
0 0 0 0 1 1 1 0 0 0 
0 0 0 0 0 0 0 1 1 1 
0 1 1 0 1 0 0 0 0 0 
0 0 1 0 1 1 0 0 0 0 
0 0 0 0 0 1 1 1 0 0 
0 1 0 0 0 1 0 0 0 1 
0 0 0 0 0 0 1 1 1 0 
0 0 0 1 1 0 1 0 0 0 
0 0 0 0 0 1 0 0 1 1 
1 1 0 1 0 0 0 0 0 0 
0 1 1 0 1 0 0 0 0 0 
1 0 1 0 1 0 0 0 0 0 
0 0 0 0 0 1 0 1 1 0 
0 0 0 1 0 1 0 1 0 0 
0 0 0 0 1 1 0 1 0 0 
0 1 0 0 0 1 0 0 0 1 
0 0 0 0 0 0 1 0 1 1 
0 0 1 1 0 0 0 0 0 1 
OpenStacks: 21
Took 0.04 seconds

buffer: Warwick 1404: balanced products, 3 products per order
numCustomers: 30
numProducts: 10
0 0 0 1 1 0 0 1 0 0 
0 1 0 1 0 0 0 1 0 0 
0 0 1 0 1 0 1 0 0 0 
1 1 0 0 0 0 0 0 1 0 
0 0 0 0 0 0 1 1 0 1 
0 0 0 0 1 0 0 1 1 0 
1 1 0 0 0 0 0 0 1 0 
0 0 1 1 0 0 0 0 1 0 
0 0 0 1 0 0 0 1 1 0 
0 0 0 1 1 1 0 0 0 0 
0 0 1 0 0 1 0 0 1 0 
0 1 0 0 1 1 0 0 0 0 
0 0 0 1 1 0 0 0 0 1 
0 1 0 0 0 1 0 0 0 1 
1 1 0 0 0 0 0 0 0 1 
0 0 0 1 0 0 1 1 0 0 
1 0 0 0 0 1 0 0 0 1 
0 0 1 1 0 1 0 0 0 0 
0 0 0 0 1 0 0 1 0 1 
0 1 0 0 0 0 1 0 1 0 
0 0 0 1 0 0 0 1 1 0 
0 0 1 0 1 0 0 0 0 1 
0 0 0 0 1 0 0 0 1 1 
0 1 0 1 0 0 0 1 0 0 
0 0 0 0 0 1 1 0 0 1 
0 0 0 1 0 1 0 1 0 0 
0 0 0 1 1 1 0 0 0 0 
0 1 0 1 0 0 0 0 0 1 
1 0 1 0 0 0 0 0 1 0 
0 0 1 0 0 1 0 1 0 0 
Best sequence:
0 1 5 9 4 2 6 3 7 8 
0 0 0 0 1 0 0 1 1 0 
0 1 0 0 0 0 0 1 1 0 
0 0 0 0 1 1 1 0 0 0 
1 1 0 0 0 0 0 0 0 1 
0 0 0 1 0 0 1 0 1 0 
0 0 0 0 1 0 0 0 1 1 
1 1 0 0 0 0 0 0 0 1 
0 0 0 0 0 1 0 1 0 1 
0 0 0 0 0 0 0 1 1 1 
0 0 1 0 1 0 0 1 0 0 
0 0 1 0 0 1 0 0 0 1 
0 1 1 0 1 0 0 0 0 0 
0 0 0 1 1 0 0 1 0 0 
0 1 1 1 0 0 0 0 0 0 
1 1 0 1 0 0 0 0 0 0 
0 0 0 0 0 0 1 1 1 0 
1 0 1 1 0 0 0 0 0 0 
0 0 1 0 0 1 0 1 0 0 
0 0 0 1 1 0 0 0 1 0 
0 1 0 0 0 0 1 0 0 1 
0 0 0 0 0 0 0 1 1 1 
0 0 0 1 1 1 0 0 0 0 
0 0 0 1 1 0 0 0 0 1 
0 1 0 0 0 0 0 1 1 0 
0 0 1 1 0 0 1 0 0 0 
0 0 1 0 0 0 0 1 1 0 
0 0 1 0 1 0 0 1 0 0 
0 1 0 1 0 0 0 1 0 0 
1 0 0 0 0 1 0 0 0 1 
0 0 1 0 0 1 0 0 1 0 
OpenStacks: 23
Took 0.03 seconds

buffer: Warwick 1405: balanced products, 3 products per order
numCustomers: 30
numProducts: 10
0 0 1 1 0 0 0 1 0 0 
1 0 0 0 0 0 1 0 0 1 
0 1 0 0 0 1 0 0 1 0 
0 0 1 0 0 0 1 0 0 1 
0 0 1 0 0 0 1 0 1 0 
0 0 0 1 0 0 1 1 0 0 
1 0 1 0 0 0 0 0 0 1 
0 1 0 0 0 0 1 0 0 1 
1 0 0 0 1 1 0 0 0 0 
1 0 0 0 1 0 0 0 1 0 
1 1 0 0 0 0 1 0 0 0 
1 1 0 1 0 0 0 0 0 0 
0 0 1 0 1 1 0 0 0 0 
0 0 1 0 0 0 0 1 0 1 
0 0 1 0 0 1 0 0 1 0 
1 0 0 1 1 0 0 0 0 0 
1 0 0 0 0 0 0 0 1 1 
0 0 0 1 0 0 1 0 0 1 
0 0 0 0 0 1 1 1 0 0 
1 1 0 1 0 0 0 0 0 0 
1 0 1 0 0 0 0 0 1 0 
0 0 0 0 1 1 1 0 0 0 
0 0 1 1 0 0 1 0 0 0 
1 0 1 0 0 0 0 0 0 1 
0 0 0 0 1 0 0 0 1 1 
0 1 0 0 0 1 0 0 0 1 
0 0 1 0 1 0 0 1 0 0 
1 0 0 0 0 0 0 1 1 0 
0 1 0 0 0 1 1 0 0 0 
0 0 0 0 1 0 1 1 0 0 
Best sequence:
0 1 3 4 5 8 6 2 7 9 
0 0 1 0 0 0 0 1 1 0 
1 0 0 0 0 0 1 0 0 1 
0 1 0 0 1 1 0 0 0 0 
0 0 0 0 0 0 1 1 0 1 
0 0 0 0 0 1 1 1 0 0 
0 0 1 0 0 0 1 0 1 0 
1 0 0 0 0 0 0 1 0 1 
0 1 0 0 0 0 1 0 0 1 
1 0 0 1 1 0 0 0 0 0 
1 0 0 1 0 1 0 0 0 0 
1 1 0 0 0 0 1 0 0 0 
1 1 1 0 0 0 0 0 0 0 
0 0 0 1 1 0 0 1 0 0 
0 0 0 0 0 0 0 1 1 1 
0 0 0 0 1 1 0 1 0 0 
1 0 1 1 0 0 0 0 0 0 
1 0 0 0 0 1 0 0 0 1 
0 0 1 0 0 0 1 0 0 1 
0 0 0 0 1 0 1 0 1 0 
1 1 1 0 0 0 0 0 0 0 
1 0 0 0 0 1 0 1 0 0 
0 0 0 1 1 0 1 0 0 0 
0 0 1 0 0 0 1 1 0 0 
1 0 0 0 0 0 0 1 0 1 
0 0 0 1 0 1 0 0 0 1 
0 1 0 0 1 0 0 0 0 1 
0 0 0 1 0 0 0 1 1 0 
1 0 0 0 0 1 0 0 1 0 
0 1 0 0 1 0 1 0 0 0 
0 0 0 1 0 0 1 0 1 0 
OpenStacks: 24
Took 0.04 seconds

buffer: Warwick 1406: balanced products, 3 products per order
numCustomers: 30
numProducts: 10
1 0 0 0 0 0 0 1 0 1 
0 0 1 0 0 0 0 0 1 1 
0 0 1 0 0 1 1 0 0 0 
0 0 1 0 1 0 0 1 0 0 
1 0 0 0 0 1 0 0 1 0 
0 0 0 0 1 0 1 1 0 0 
0 0 1 0 1 0 0 1 0 0 
1 0 0 0 0 0 1 0 0 1 
1 0 0 0 1 0 1 0 0 0 
0 0 0 1 1 0 0 0 1 0 
1 0 1 0 1 0 0 0 0 0 
0 1 0 1 0 0 0 0 1 0 
0 0 0 1 0 0 1 0 0 1 
0 0 0 0 1 0 1 0 0 1 
0 1 0 1 1 0 0 0 0 0 
0 1 0 1 0 0 1 0 0 0 
1 0 0 0 1 0 1 0 0 0 
0 0 0 1 0 1 0 0 1 0 
0 0 0 1 0 0 0 0 1 1 
0 0 0 0 1 0 1 1 0 0 
0 1 0 0 1 1 0 0 0 0 
0 1 1 0 0 0 1 0 0 0 
0 0 1 0 0 1 1 0 0 0 
1 0 0 0 0 0 0 1 1 0 
0 0 0 0 1 1 0 0 0 1 
0 1 0 0 0 0 1 0 1 0 
0 1 1 1 0 0 0 0 0 0 
0 0 0 1 0 0 0 0 1 1 
1 0 1 0 0 0 0 1 0 0 
1 1 0 0 0 0 1 0 0 0 
Best sequence:
0 2 7 4 6 1 5 3 8 9 
1 0 1 0 0 0 0 0 0 1 
0 1 0 0 0 0 0 0 1 1 
0 1 0 0 1 0 1 0 0 0 
0 1 1 1 0 0 0 0 0 0 
1 0 0 0 0 0 1 0 1 0 
0 0 1 1 1 0 0 0 0 0 
0 1 1 1 0 0 0 0 0 0 
1 0 0 0 1 0 0 0 0 1 
1 0 0 1 1 0 0 0 0 0 
0 0 0 1 0 0 0 1 1 0 
1 1 0 1 0 0 0 0 0 0 
0 0 0 0 0 1 0 1 1 0 
0 0 0 0 1 0 0 1 0 1 
0 0 0 1 1 0 0 0 0 1 
0 0 0 1 0 1 0 1 0 0 
0 0 0 0 1 1 0 1 0 0 
1 0 0 1 1 0 0 0 0 0 
0 0 0 0 0 0 1 1 1 0 
0 0 0 0 0 0 0 1 1 1 
0 0 1 1 1 0 0 0 0 0 
0 0 0 1 0 1 1 0 0 0 
0 1 0 0 1 1 0 0 0 0 
0 1 0 0 1 0 1 0 0 0 
1 0 1 0 0 0 0 0 1 0 
0 0 0 1 0 0 1 0 0 1 
0 0 0 0 1 1 0 0 1 0 
0 1 0 0 0 1 0 1 0 0 
0 0 0 0 0 0 0 1 1 1 
1 1 1 0 0 0 0 0 0 0 
1 0 0 0 1 1 0 0 0 0 
OpenStacks: 22
Took 0.04 seconds

buffer: Warwick 1407: balanced products, 3 products per order
numCustomers: 30
numProducts: 10
1 0 1 0 1 0 0 0 0 0 
0 0 0 0 1 1 0 0 0 1 
1 0 0 1 1 0 0 0 0 0 
0 0 0 0 1 0 1 0 1 0 
1 0 0 0 0 1 1 0 0 0 
0 1 0 0 0 1 1 0 0 0 
1 0 0 0 0 0 0 0 1 1 
1 0 0 0 1 0 0 0 1 0 
1 0 0 0 1 0 1 0 0 0 
0 0 1 0 0 0 1 0 1 0 
0 1 0 0 0 0 1 0 0 1 
1 0 0 1 0 1 0 0 0 0 
0 0 1 0 1 0 1 0 0 0 
0 1 0 1 0 0 0 0 0 1 
0 0 0 0 1 0 0 0 1 1 
0 0 1 1 1 0 0 0 0 0 
1 0 0 0 0 0 1 0 1 0 
0 0 0 1 0 0 0 1 0 1 
0 1 0 0 0 0 0 1 1 0 
0 0 0 1 1 0 0 1 0 0 
0 0 0 1 0 0 0 1 1 0 
1 0 0 0 0 1 0 0 0 1 
0 1 0 0 0 1 1 0 0 0 
1 1 1 0 0 0 0 0 0 0 
0 0 0 0 0 1 1 1 0 0 
0 0 0 1 1 1 0 0 0 0 
0 0 1 0 1 0 0 0 1 0 
0 1 1 0 0 0 0 0 1 0 
0 0 1 0 0 0 0 1 1 0 
0 0 0 0 0 1 1 0 0 1 
Best sequence:
0 2 4 8 3 7 9 1 5 6 
1 1 1 0 0 0 0 0 0 0 
0 0 1 0 0 0 1 0 1 0 
1 0 1 0 1 0 0 0 0 0 
0 0 1 1 0 0 0 0 0 1 
1 0 0 0 0 0 0 0 1 1 
0 0 0 0 0 0 0 1 1 1 
1 0 0 1 0 0 1 0 0 0 
1 0 1 1 0 0 0 0 0 0 
1 0 1 0 0 0 0 0 0 1 
0 1 0 1 0 0 0 0 0 1 
0 0 0 0 0 0 1 1 0 1 
1 0 0 0 1 0 0 0 1 0 
0 1 1 0 0 0 0 0 0 1 
0 0 0 0 1 0 1 1 0 0 
0 0 1 1 0 0 1 0 0 0 
0 1 1 0 1 0 0 0 0 0 
1 0 0 1 0 0 0 0 0 1 
0 0 0 0 1 1 1 0 0 0 
0 0 0 1 0 1 0 1 0 0 
0 0 1 0 1 1 0 0 0 0 
0 0 0 1 1 1 0 0 0 0 
1 0 0 0 0 0 1 0 1 0 
0 0 0 0 0 0 0 1 1 1 
1 1 0 0 0 0 0 1 0 0 
0 0 0 0 0 1 0 0 1 1 
0 0 1 0 1 0 0 0 1 0 
0 1 1 1 0 0 0 0 0 0 
0 1 0 1 0 0 0 1 0 0 
0 1 0 1 0 1 0 0 0 0 
0 0 0 0 0 0 1 0 1 1 
OpenStacks: 22
Took 0.03 seconds

buffer: Warwick 1408: balanced products, 3 products per order
numCustomers: 30
numProducts: 10
0 1 0 1 0 1 0 0 0 0 
1 0 0 0 1 0 0 1 0 0 
0 1 0 0 0 0 0 1 1 0 
0 1 0 0 0 1 0 1 0 0 
0 1 1 0 0 0 0 0 0 1 
1 1 0 1 0 0 0 0 0 0 
0 0 1 1 0 0 0 0 0 1 
0 1 1 0 0 1 0 0 0 0 
0 0 0 0 1 0 1 1 0 0 
0 0 0 0 0 0 1 1 1 0 
0 0 0 0 1 1 0 1 0 0 
0 0 1 0 1 0 0 1 0 0 
1 0 0 0 1 0 1 0 0 0 
0 0 1 0 1 0 0 0 0 1 
1 0 0 0 0 0 0 1 0 1 
1 0 1 0 0 0 1 0 0 0 
1 0 0 1 0 0 0 1 0 0 
1 0 0 0 0 0 0 0 1 1 
0 1 1 0 0 0 0 0 1 0 
1 1 0 0 0 0 0 0 0 1 
1 0 0 0 1 0 1 0 0 0 
0 1 0 1 1 0 0 0 0 0 
0 1 1 0 0 0 1 0 0 0 
0 1 0 0 0 1 0 1 0 0 
0 0 0 1 0 0 1 0 0 1 
0 0 0 0 1 0 1 0 0 1 
0 0 1 0 1 0 0 0 0 1 
0 0 1 1 0 0 1 0 0 0 
0 0 1 0 1 1 0 0 0 0 
0 0 1 0 0 1 0 1 0 0 
Best sequence:
0 3 4 6 9 2 5 1 7 8 
0 1 0 0 0 0 1 1 0 0 
1 0 1 0 0 0 0 0 1 0 
0 0 0 0 0 0 0 1 1 1 
0 0 0 0 0 0 1 1 1 0 
0 0 0 0 1 1 0 1 0 0 
1 1 0 0 0 0 0 1 0 0 
0 1 0 0 1 1 0 0 0 0 
0 0 0 0 0 1 1 1 0 0 
0 0 1 1 0 0 0 0 1 0 
0 0 0 1 0 0 0 0 1 1 
0 0 1 0 0 0 1 0 1 0 
0 0 1 0 0 1 0 0 1 0 
1 0 1 1 0 0 0 0 0 0 
0 0 1 0 1 1 0 0 0 0 
1 0 0 0 1 0 0 0 1 0 
1 0 0 1 0 1 0 0 0 0 
1 1 0 0 0 0 0 0 1 0 
1 0 0 0 1 0 0 0 0 1 
0 0 0 0 0 1 0 1 0 1 
1 0 0 0 1 0 0 1 0 0 
1 0 1 1 0 0 0 0 0 0 
0 1 1 0 0 0 0 1 0 0 
0 0 0 1 0 1 0 1 0 0 
0 0 0 0 0 0 1 1 1 0 
0 1 0 1 1 0 0 0 0 0 
0 0 1 1 1 0 0 0 0 0 
0 0 1 0 1 1 0 0 0 0 
0 1 0 1 0 1 0 0 0 0 
0 0 1 0 0 1 1 0 0 0 
0 0 0 0 0 1 1 0 1 0 
OpenStacks: 23
Took 0.04 seconds

buffer: Warwick 1409: balanced products, 3 products per order
numCustomers: 30
numProducts: 10
0 0 0 0 1 1 0 1 0 0 
0 0 0 0 0 0 1 0 1 1 
0 0 0 1 0 1 1 0 0 0 
1 0 0 0 0 0 1 0 1 0 
0 1 0 0 1 0 0 0 1 0 
0 1 0 0 1 0 0 0 0 1 
0 0 0 0 0 1 1 0 1 0 
0 0 1 0 1 1 0 0 0 0 
1 0 0 0 0 0 0 1 1 0 
1 0 1 0 0 0 0 1 0 0 
0 1 0 0 0 0 0 0 1 1 
0 1 0 0 0 1 0 0 1 0 
0 1 0 0 1 0 0 1 0 0 
0 1 0 1 1 0 0 0 0 0 
0 0 0 1 1 0 1 0 0 0 
0 1 0 0 1 0 0 1 0 0 
1 0 0 0 1 0 0 0 1 0 
0 0 0 0 1 0 0 0 1 1 
1 0 1 0 0 0 1 0 0 0 
0 0 0 1 0 1 0 1 0 0 
1 0 0 0 0 0 1 0 1 0 
0 0 1 0 1 0 1 0 0 0 
0 0 0 1 0 1 1 0 0 0 
0 0 1 0 0 1 1 0 0 0 
0 1 0 1 0 0 0 1 0 0 
0 0 1 1 0 0 1 0 0 0 
0 0 0 1 1 1 0 0 0 0 
0 0 1 0 0 1 0 0 1 0 
0 0 1 0 1 1 0 0 0 0 
0 0 0 1 0 0 0 1 0 1 
Best sequence:
0 2 6 8 5 3 7 1 4 9 
0 0 0 0 1 0 1 0 1 0 
0 0 1 1 0 0 0 0 0 1 
0 0 1 0 1 1 0 0 0 0 
1 0 1 1 0 0 0 0 0 0 
0 0 0 1 0 0 0 1 1 0 
0 0 0 0 0 0 0 1 1 1 
0 0 1 1 1 0 0 0 0 0 
0 1 0 0 1 0 0 0 1 0 
1 0 0 1 0 0 1 0 0 0 
1 1 0 0 0 0 1 0 0 0 
0 0 0 1 0 0 0 1 0 1 
0 0 0 1 1 0 0 1 0 0 
0 0 0 0 0 0 1 1 1 0 
0 0 0 0 0 1 0 1 1 0 
0 0 1 0 0 1 0 0 1 0 
0 0 0 0 0 0 1 1 1 0 
1 0 0 1 0 0 0 0 1 0 
0 0 0 1 0 0 0 0 1 1 
1 1 1 0 0 0 0 0 0 0 
0 0 0 0 1 1 1 0 0 0 
1 0 1 1 0 0 0 0 0 0 
0 1 1 0 0 0 0 0 1 0 
0 0 1 0 1 1 0 0 0 0 
0 1 1 0 1 0 0 0 0 0 
0 0 0 0 0 1 1 1 0 0 
0 1 1 0 0 1 0 0 0 0 
0 0 0 0 1 1 0 0 1 0 
0 1 0 1 1 0 0 0 0 0 
0 1 0 0 1 0 0 0 1 0 
0 0 0 0 0 1 1 0 0 1 
OpenStacks: 21
Took 0.04 seconds

buffer: Warwick 1410: balanced products, 3 products per order
numCustomers: 30
numProducts: 10
0 0 1 1 0 0 1 0 0 0 
1 0 0 0 1 0 0 1 0 0 
0 0 1 1 1 0 0 0 0 0 
0 0 0 0 0 0 0 1 1 1 
0 1 0 0 0 0 1 1 0 0 
0 0 1 0 0 0 0 0 1 1 
0 0 1 0 0 1 0 0 1 0 
1 0 0 0 0 0 1 0 0 1 
0 1 0 0 0 0 1 0 0 1 
0 0 1 1 0 0 0 0 1 0 
1 0 0 0 1 0 0 0 0 1 
1 0 0 0 0 0 0 0 1 1 
0 1 0 0 1 0 1 0 0 0 
0 0 0 0 0 1 0 1 1 0 
0 1 0 1 0 0 0 0 1 0 
0 0 0 1 1 1 0 0 0 0 
0 1 0 0 1 0 0 1 0 0 
1 1 0 0 0 0 0 0 1 0 
0 0 0 1 0 0 1 0 0 1 
0 0 0 1 1 1 0 0 0 0 
0 0 1 0 0 1 0 1 0 0 
1 1 1 0 0 0 0 0 0 0 
0 1 0 1 1 0 0 0 0 0 
0 0 1 0 1 0 0 0 0 1 
0 0 1 0 1 0 0 0 0 1 
0 1 0 0 1 0 0 1 0 0 
0 0 0 0 0 1 1 1 0 0 
0 0 0 0 1 0 0 1 0 1 
0 1 1 0 0 0 0 1 0 0 
0 0 1 0 1 1 0 0 0 0 
Best sequence:
0 1 6 7 9 8 2 3 4 5 
0 0 1 0 0 0 1 1 0 0 
1 0 0 1 0 0 0 0 1 0 
0 0 0 0 0 0 1 1 1 0 
0 0 0 1 1 1 0 0 0 0 
0 1 1 1 0 0 0 0 0 0 
0 0 0 0 1 1 1 0 0 0 
0 0 0 0 0 1 1 0 0 1 
1 0 1 0 1 0 0 0 0 0 
0 1 1 0 1 0 0 0 0 0 
0 0 0 0 0 1 1 1 0 0 
1 0 0 0 1 0 0 0 1 0 
1 0 0 0 1 1 0 0 0 0 
0 1 1 0 0 0 0 0 1 0 
0 0 0 1 0 1 0 0 0 1 
0 1 0 0 0 1 0 1 0 0 
0 0 0 0 0 0 0 1 1 1 
0 1 0 1 0 0 0 0 1 0 
1 1 0 0 0 1 0 0 0 0 
0 0 1 0 1 0 0 1 0 0 
0 0 0 0 0 0 0 1 1 1 
0 0 0 1 0 0 1 0 0 1 
1 1 0 0 0 0 1 0 0 0 
0 1 0 0 0 0 0 1 1 0 
0 0 0 0 1 0 1 0 1 0 
0 0 0 0 1 0 1 0 1 0 
0 1 0 1 0 0 0 0 1 0 
0 0 1 1 0 0 0 0 0 1 
0 0 0 1 1 0 0 0 1 0 
0 1 0 1 0 0 1 0 0 0 
0 0 0 0 0 0 1 0 1 1 
OpenStacks: 23
Took 0.04 seconds

buffer: Warwick 1411: balanced products, 4 products per order
numCustomers: 30
numProducts: 10
1 1 1 0 0 0 0 0 0 1 
0 0 1 0 0 0 1 1 1 0 
0 0 1 1 1 0 0 0 0 1 
0 1 0 0 1 1 1 0 0 0 
0 1 0 0 0 1 0 1 1 0 
0 0 1 0 1 0 1 0 0 1 
0 1 1 0 0 1 0 0 1 0 
0 0 1 0 0 1 0 0 1 1 
1 0 0 0 0 1 1 1 0 0 
1 0 0 0 1 1 0 0 1 0 
1 0 0 0 0 1 0 1 0 1 
0 1 1 0 0 0 0 0 1 1 
0 1 0 0 0 0 1 1 0 1 
1 0 1 0 0 0 1 0 0 1 
1 1 1 0 0 0 0 1 0 0 
0 0 1 1 0 0 0 0 1 1 
0 0 1 0 0 0 1 0 1 1 
1 0 0 1 0 1 1 0 0 0 
0 0 1 0 0 0 1 1 1 0 
0 1 0 0 0 1 0 1 0 1 
0 0 0 1 1 0 0 1 1 0 
1 0 1 0 0 0 1 0 1 0 
0 1 0 1 0 0 1 0 0 1 
0 1 1 0 0 1 1 0 0 0 
0 1 0 1 0 0 1 1 0 0 
0 1 0 0 0 0 1 0 1 1 
0 0 0 0 0 0 1 1 1 1 
0 1 1 0 0 1 1 0 0 0 
0 1 0 1 0 0 0 0 1 1 
0 1 0 0 0 1 1 1 0 0 
Best sequence:
0 5 6 7 1 4 2 3 8 9 
1 0 0 0 1 0 1 0 0 1 
0 0 1 1 0 0 1 0 1 0 
0 0 0 0 0 1 1 1 0 1 
0 1 1 0 1 1 0 0 0 0 
0 1 0 1 1 0 0 0 1 0 
0 0 1 0 0 1 1 0 0 1 
0 1 0 0 1 0 1 0 1 0 
0 1 0 0 0 0 1 0 1 1 
1 1 1 1 0 0 0 0 0 0 
1 1 0 0 0 1 0 0 1 0 
1 1 0 1 0 0 0 0 0 1 
0 0 0 0 1 0 1 0 1 1 
0 0 1 1 1 0 0 0 0 1 
1 0 1 0 0 0 1 0 0 1 
1 0 0 1 1 0 1 0 0 0 
0 0 0 0 0 0 1 1 1 1 
0 0 1 0 0 0 1 0 1 1 
1 1 1 0 0 0 0 1 0 0 
0 0 1 1 0 0 1 0 1 0 
0 1 0 1 1 0 0 0 0 1 
0 0 0 1 0 1 0 1 1 0 
1 0 1 0 0 0 1 0 1 0 
0 0 1 0 1 0 0 1 0 1 
0 1 1 0 1 0 1 0 0 0 
0 0 1 1 1 0 0 1 0 0 
0 0 1 0 1 0 0 0 1 1 
0 0 1 1 0 0 0 0 1 1 
0 1 1 0 1 0 1 0 0 0 
0 0 0 0 1 0 0 1 1 1 
0 1 1 1 1 0 0 0 0 0 
OpenStacks: 27
Took 0.03 seconds

buffer: Warwick 1412: balanced products, 4 products per order
numCustomers: 30
numProducts: 10
0 0 1 0 1 0 1 0 1 0 
1 0 0 0 1 0 1 1 0 0 
1 0 0 1 1 0 0 0 0 1 
1 0 0 0 0 1 1 0 0 1 
0 0 0 1 0 1 1 1 0 0 
1 0 1 1 0 0 1 0 0 0 
0 1 1 1 0 0 0 0 1 0 
0 0 0 0 1 0 0 1 1 1 
0 1 0 0 1 0 0 1 1 0 
1 0 0 0 1 1 1 0 0 0 
1 0 1 0 1 0 0 1 0 0 
0 0 0 1 1 1 0 0 1 0 
1 0 0 0 1 0 0 1 1 0 
0 0 1 1 1 0 0 0 0 1 
0 0 1 1 0 0 1 0 1 0 
0 0 0 1 1 0 0 0 1 1 
0 0 0 0 1 1 0 1 1 0 
1 0 0 0 1 0 0 1 0 1 
1 0 0 0 0 0 1 1 0 1 
1 0 1 1 0 1 0 0 0 0 
0 0 1 0 0 1 1 1 0 0 
1 0 0 0 1 1 0 1 0 0 
1 0 0 1 0 1 0 1 0 0 
0 0 0 0 1 1 1 0 1 0 
1 1 0 0 1 0 1 0 0 0 
0 0 0 1 0 0 1 1 0 1 
1 0 1 0 1 1 0 0 0 0 
1 0 1 0 0 1 1 0 0 0 
1 0 0 1 1 1 0 0 0 0 
1 0 1 0 0 0 0 1 0 1 
Best sequence:
0 2 3 6 5 9 1 4 7 8 
0 1 0 1 0 0 0 1 0 1 
1 0 0 1 0 0 0 1 1 0 
1 0 1 0 0 1 0 1 0 0 
1 0 0 1 1 1 0 0 0 0 
0 0 1 1 1 0 0 0 1 0 
1 1 1 1 0 0 0 0 0 0 
0 1 1 0 0 0 1 0 0 1 
0 0 0 0 0 1 0 1 1 1 
0 0 0 0 0 0 1 1 1 1 
1 0 0 1 1 0 0 1 0 0 
1 1 0 0 0 0 0 1 1 0 
0 0 1 0 1 0 0 1 0 1 
1 0 0 0 0 0 0 1 1 1 
0 1 1 0 0 1 0 1 0 0 
0 1 1 1 0 0 0 0 0 1 
0 0 1 0 0 1 0 1 0 1 
0 0 0 0 1 0 0 1 1 1 
1 0 0 0 0 1 0 1 1 0 
1 0 0 1 0 1 0 0 1 0 
1 1 1 0 1 0 0 0 0 0 
0 1 0 1 1 0 0 0 1 0 
1 0 0 0 1 0 0 1 1 0 
1 0 1 0 1 0 0 0 1 0 
0 0 0 1 1 0 0 1 0 1 
1 0 0 1 0 0 1 1 0 0 
0 0 1 1 0 1 0 0 1 0 
1 1 0 0 1 0 0 1 0 0 
1 1 0 1 1 0 0 0 0 0 
1 0 1 0 1 0 0 1 0 0 
1 1 0 0 0 1 0 0 1 0 
OpenStacks: 27
Took 0.04 seconds

buffer: Warwick 1413: balanced products, 4 products per order
numCustomers: 30
numProducts: 10
1 0 0 1 0 1 1 0 0 0 
1 0 1 0 0 1 0 0 1 0 
1 1 1 0 0 0 0 0 0 1 
0 0 0 1 0 1 0 1 0 1 
0 1 1 1 0 0 1 0 0 0 
0 0 0 0 0 0 1 1 1 1 
0 0 1 1 0 1 0 0 1 0 
0 1 0 0 1 0 0 0 1 1 
0 0 1 0 1 0 0 0 1 1 
0 1 0 0 0 0 1 1 0 1 
0 0 1 1 1 0 0 1 0 0 
0 0 1 0 1 0 0 1 1 0 
1 0 0 0 1 0 1 0 0 1 
1 0 1 0 0 0 0 1 0 1 
0 0 1 1 1 1 0 0 0 0 
1 0 0 1 0 1 0 1 0 0 
0 1 1 0 0 0 1 1 0 0 
1 0 0 1 1 0 0 0 0 1 
0 0 0 1 1 0 0 1 1 0 
1 0 1 1 1 0 0 0 0 0 
1 1 0 0 1 0 1 0 0 0 
0 1 0 0 1 0 1 0 0 1 
0 0 0 0 0 1 1 0 1 1 
0 0 1 1 1 0 0 0 1 0 
0 0 0 1 1 1 0 0 0 1 
0 0 0 1 1 0 0 1 1 0 
1 1 0 1 0 1 0 0 0 0 
1 1 0 0 0 1 0 1 0 0 
0 1 0 0 0 0 1 1 0 1 
0 1 0 1 0 1 0 0 0 1 
Best sequence:
0 2 3 4 5 8 1 6 7 9 
1 0 1 0 1 0 0 1 0 0 
1 1 0 0 1 1 0 0 0 0 
1 1 0 0 0 0 1 0 0 1 
0 0 1 0 1 0 0 0 1 1 
0 1 1 0 0 0 1 1 0 0 
0 0 0 0 0 1 0 1 1 1 
0 1 1 0 1 1 0 0 0 0 
0 0 0 1 0 1 1 0 0 1 
0 1 0 1 0 1 0 0 0 1 
0 0 0 0 0 0 1 1 1 1 
0 1 1 1 0 0 0 0 1 0 
0 1 0 1 0 1 0 0 1 0 
1 0 0 1 0 0 0 1 0 1 
1 1 0 0 0 0 0 0 1 1 
0 1 1 1 1 0 0 0 0 0 
1 0 1 0 1 0 0 0 1 0 
0 1 0 0 0 0 1 1 1 0 
1 0 1 1 0 0 0 0 0 1 
0 0 1 1 0 1 0 0 1 0 
1 1 1 1 0 0 0 0 0 0 
1 0 0 1 0 0 1 1 0 0 
0 0 0 1 0 0 1 1 0 1 
0 0 0 0 1 1 0 1 0 1 
0 1 1 1 0 1 0 0 0 0 
0 0 1 1 1 0 0 0 0 1 
0 0 1 1 0 1 0 0 1 0 
1 0 1 0 1 0 1 0 0 0 
1 0 0 0 1 0 1 0 1 0 
0 0 0 0 0 0 1 1 1 1 
0 0 1 0 1 0 1 0 0 1 
OpenStacks: 26
Took 0.04 seconds

buffer: Warwick 1414: balanced products, 4 products per order
numCustomers: 30
numProducts: 10
0 0 1 1 0 0 1 0 1 0 
0 1 0 1 1 1 0 0 0 0 
0 1 0 0 0 0 1 1 1 0 
0 0 0 0 1 0 1 1 1 0 
1 0 0 1 0 0 0 0 1 1 
0 1 1 0 0 0 1 0 0 1 
0 1 1 0 0 1 0 1 0 0 
0 0 0 0 1 1 0 0 1 1 
1 0 0 0 1 0 1 0 1 0 
1 0 0 1 0 0 0 1 0 1 
0 0 0 1 1 0 0 1 0 1 
1 0 0 0 1 1 0 0 1 0 
1 0 0 1 1 0 0 1 0 0 
1 0 0 1 0 0 1 0 1 0 
1 0 0 0 1 1 1 0 0 0 
0 1 1 0 0 0 1 0 0 1 
0 1 0 1 0 0 1 0 0 1 
1 0 0 1 1 0 1 0 0 0 
0 1 1 0 1 0 0 1 0 0 
0 1 0 1 1 0 0 0 0 1 
0 1 0 0 1 0 0 1 1 0 
0 1 1 1 0 0 1 0 0 0 
1 0 0 0 0 1 1 1 0 0 
1 0 0 0 1 1 0 0 1 0 
0 1 1 0 1 1 0 0 0 0 
0 0 0 1 0 1 1 0 1 0 
1 0 0 1 1 0 0 0 1 0 
0 0 1 0 0 0 0 1 1 1 
1 0 1 0 0 0 0 0 1 1 
1 1 0 1 0 0 0 1 0 0 
Best sequence:
0 4 5 7 8 3 1 2 6 9 
0 0 0 0 1 1 0 1 1 0 
0 1 1 0 0 1 1 0 0 0 
0 0 0 1 1 0 1 0 1 0 
0 1 0 1 1 0 0 0 1 0 
1 0 0 0 1 1 0 0 0 1 
0 0 0 0 0 0 1 1 1 1 
0 0 1 1 0 0 1 1 0 0 
0 1 1 0 1 0 0 0 0 1 
1 1 0 0 1 0 0 0 1 0 
1 0 0 1 0 1 0 0 0 1 
0 1 0 1 0 1 0 0 0 1 
1 1 1 0 1 0 0 0 0 0 
1 1 0 1 0 1 0 0 0 0 
1 0 0 0 1 1 0 0 1 0 
1 1 1 0 0 0 0 0 1 0 
0 0 0 0 0 0 1 1 1 1 
0 0 0 0 0 1 1 0 1 1 
1 1 0 0 0 1 0 0 1 0 
0 1 0 1 0 0 1 1 0 0 
0 1 0 0 0 1 1 0 0 1 
0 1 0 1 1 0 1 0 0 0 
0 0 0 0 0 1 1 1 1 0 
1 0 1 1 0 0 0 0 1 0 
1 1 1 0 1 0 0 0 0 0 
0 1 1 0 0 0 1 1 0 0 
0 0 1 0 1 1 0 0 1 0 
1 1 0 0 1 1 0 0 0 0 
0 0 0 1 1 0 0 1 0 1 
1 0 0 0 1 0 0 1 0 1 
1 0 0 1 0 1 1 0 0 0 
OpenStacks: 26
Took 0.03 seconds

buffer: Warwick 1415: balanced products, 4 products per order
numCustomers: 30
numProducts: 10
1 0 0 0 0 1 1 1 0 0 
0 0 1 1 0 1 1 0 0 0 
0 1 0 0 1 1 1 0 0 0 
0 0 0 1 1 0 0 0 1 1 
1 0 1 1 0 0 0 0 0 1 
1 1 1 0 0 0 0 0 0 1 
0 1 0 0 1 0 1 0 1 0 
0 0 0 1 1 0 1 0 1 0 
0 0 0 0 1 1 0 1 1 0 
1 0 0 0 0 1 1 1 0 0 
1 0 0 0 0 0 1 0 1 1 
0 0 0 0 0 1 0 1 1 1 
0 1 1 0 1 0 0 0 0 1 
0 0 0 1 1 1 0 0 1 0 
0 0 1 0 1 0 0 1 0 1 
0 1 1 0 0 0 0 1 1 0 
0 1 0 0 1 0 0 1 0 1 
0 0 0 1 1 1 0 1 0 0 
1 1 0 0 0 1 1 0 0 0 
1 1 0 0 0 1 0 0 1 0 
0 0 1 0 1 0 0 1 0 1 
0 0 1 1 1 0 0 1 0 0 
0 1 0 1 0 1 0 1 0 0 
1 0 1 1 0 1 0 0 0 0 
0 1 1 0 0 1 0 0 0 1 
1 1 0 0 0 0 1 0 0 1 
1 0 0 1 0 0 0 1 0 1 
1 0 0 1 0 0 0 1 1 0 
0 0 1 1 0 0 1 0 1 0 
0 1 0 1 0 1 0 1 0 0 
Best sequence:
0 1 2 6 9 3 4 5 7 8 
1 0 0 1 0 0 0 1 1 0 
0 0 1 1 0 1 0 1 0 0 
0 1 0 1 0 0 1 1 0 0 
0 0 0 0 1 1 1 0 0 1 
1 0 1 0 1 1 0 0 0 0 
1 1 1 0 1 0 0 0 0 0 
0 1 0 1 0 0 1 0 0 1 
0 0 0 1 0 1 1 0 0 1 
0 0 0 0 0 0 1 1 1 1 
1 0 0 1 0 0 0 1 1 0 
1 0 0 1 1 0 0 0 0 1 
0 0 0 0 1 0 0 1 1 1 
0 1 1 0 1 0 1 0 0 0 
0 0 0 0 0 1 1 1 0 1 
0 0 1 0 1 0 1 0 1 0 
0 1 1 0 0 0 0 0 1 1 
0 1 0 0 1 0 1 0 1 0 
0 0 0 0 0 1 1 1 1 0 
1 1 0 1 0 0 0 1 0 0 
1 1 0 0 0 0 0 1 0 1 
0 0 1 0 1 0 1 0 1 0 
0 0 1 0 0 1 1 0 1 0 
0 1 0 0 0 1 0 1 1 0 
1 0 1 0 0 1 0 1 0 0 
0 1 1 0 1 0 0 1 0 0 
1 1 0 1 1 0 0 0 0 0 
1 0 0 0 1 1 0 0 1 0 
1 0 0 0 0 1 0 0 1 1 
0 0 1 1 0 1 0 0 0 1 
0 1 0 0 0 1 0 1 1 0 
OpenStacks: 27
Took 0.04 seconds

buffer: Warwick 1416: balanced products, 4 products per order
numCustomers: 30
numProducts: 10
0 0 1 1 0 1 0 1 0 0 
0 1 0 1 1 1 0 0 0 0 
0 0 0 0 0 1 1 0 1 1 
0 0 1 0 0 1 0 0 1 1 
1 1 1 1 0 0 0 0 0 0 
0 1 1 0 1 1 0 0 0 0 
0 1 1 0 1 0 1 0 0 0 
1 1 0 0 0 0 1 0 1 0 
1 0 1 0 0 1 0 1 0 0 
1 0 0 0 0 0 1 0 1 1 
1 0 0 1 1 0 0 1 0 0 
1 0 1 1 1 0 0 0 0 0 
0 1 0 0 0 1 1 1 0 0 
0 1 1 1 1 0 0 0 0 0 
1 0 0 1 0 0 0 1 1 0 
0 1 0 0 0 0 1 0 1 1 
1 0 1 1 0 1 0 0 0 0 
0 0 1 0 1 1 0 0 1 0 
0 1 1 0 0 0 1 0 1 0 
0 1 0 1 0 0 1 1 0 0 
0 0 0 1 1 0 1 0 0 1 
0 0 0 0 1 1 1 0 1 0 
0 1 1 0 1 0 0 0 0 1 
1 0 0 0 0 1 0 1 1 0 
1 0 1 0 0 0 0 1 1 0 
0 1 0 0 1 0 1 0 1 0 
0 1 0 0 1 1 0 1 0 0 
0 1 0 0 1 0 1 0 0 1 
0 1 0 0 0 0 1 1 1 0 
0 0 0 0 0 1 1 0 1 1 
Best sequence:
0 2 3 4 7 1 5 6 8 9 
0 1 1 0 1 0 1 0 0 0 
0 0 1 1 0 1 1 0 0 0 
0 0 0 0 0 0 1 1 1 1 
0 1 0 0 0 0 1 0 1 1 
1 1 1 0 0 1 0 0 0 0 
0 1 0 1 0 1 1 0 0 0 
0 1 0 1 0 1 0 1 0 0 
1 0 0 0 0 1 0 1 1 0 
1 1 0 0 1 0 1 0 0 0 
1 0 0 0 0 0 0 1 1 1 
1 0 1 1 1 0 0 0 0 0 
1 1 1 1 0 0 0 0 0 0 
0 0 0 0 1 1 1 1 0 0 
0 1 1 1 0 1 0 0 0 0 
1 0 1 0 1 0 0 0 1 0 
0 0 0 0 0 1 0 1 1 1 
1 1 1 0 0 0 1 0 0 0 
0 1 0 1 0 0 1 0 1 0 
0 1 0 0 0 1 0 1 1 0 
0 0 1 0 1 1 0 1 0 0 
0 0 1 1 0 0 0 1 0 1 
0 0 0 1 0 0 1 1 1 0 
0 1 0 1 0 1 0 0 0 1 
1 0 0 0 1 0 1 0 1 0 
1 1 0 0 1 0 0 0 1 0 
0 0 0 1 0 1 0 1 1 0 
0 0 0 1 1 1 1 0 0 0 
0 0 0 1 0 1 0 1 0 1 
0 0 0 0 1 1 0 1 1 0 
0 0 0 0 0 0 1 1 1 1 
OpenStacks: 26
Took 0.04 seconds

buffer: Warwick 1417: balanced products, 4 products per order
numCustomers: 30
numProducts: 10
0 0 1 1 0 0 0 1 0 1 
0 0 1 1 1 1 0 0 0 0 
1 0 1 0 1 0 0 0 1 0 
1 1 0 0 0 0 0 1 0 1 
1 1 0 0 0 1 0 1 0 0 
0 0 0 0 1 1 1 1 0 0 
1 0 0 1 0 0 0 1 0 1 
0 1 0 0 1 0 0 0 1 1 
0 1 1 0 1 0 0 0 0 1 
1 1 1 1 0 0 0 0 0 0 
1 0 1 1 0 0 0 1 0 0 
0 0 0 0 0 0 1 1 1 1 
1 0 1 1 0 0 0 1 0 0 
0 0 0 1 1 1 1 0 0 0 
0 1 0 0 0 1 1 0 1 0 
0 0 1 0 0 0 0 1 1 1 
1 1 0 1 0 0 1 0 0 0 
0 0 1 0 1 1 0 0 1 0 
1 0 0 1 0 1 0 1 0 0 
0 0 0 1 0 0 1 1 0 1 
1 0 1 1 0 0 0 1 0 0 
0 0 1 0 1 1 1 0 0 0 
0 0 0 0 1 1 1 0 1 0 
0 1 0 0 1 1 1 0 0 0 
1 1 0 0 1 0 0 1 0 0 
1 0 1 1 0 0 0 0 1 0 
0 1 0 0 0 0 1 1 1 0 
1 1 0 0 0 0 0 0 1 1 
0 1 0 0 1 1 1 0 0 0 
1 0 0 1 1 0 0 1 0 0 
Best sequence:
0 2 3 7 9 8 1 4 5 6 
0 1 1 1 1 0 0 0 0 0 
0 1 1 0 0 0 0 1 1 0 
1 1 0 0 0 1 0 1 0 0 
1 0 0 1 1 0 1 0 0 0 
1 0 0 1 0 0 1 0 1 0 
0 0 0 1 0 0 0 1 1 1 
1 0 1 1 1 0 0 0 0 0 
0 0 0 0 1 1 1 1 0 0 
0 1 0 0 1 0 1 1 0 0 
1 1 1 0 0 0 1 0 0 0 
1 1 1 1 0 0 0 0 0 0 
0 0 0 1 1 1 0 0 0 1 
1 1 1 1 0 0 0 0 0 0 
0 0 1 0 0 0 0 1 1 1 
0 0 0 0 0 1 1 0 1 1 
0 1 0 1 1 1 0 0 0 0 
1 0 1 0 0 0 1 0 0 1 
0 1 0 0 0 1 0 1 1 0 
1 0 1 1 0 0 0 0 1 0 
0 0 1 1 1 0 0 0 0 1 
1 1 1 1 0 0 0 0 0 0 
0 1 0 0 0 0 0 1 1 1 
0 0 0 0 0 1 0 1 1 1 
0 0 0 0 0 0 1 1 1 1 
1 0 0 1 0 0 1 1 0 0 
1 1 1 0 0 1 0 0 0 0 
0 0 0 1 0 1 1 0 0 1 
1 0 0 0 1 1 1 0 0 0 
0 0 0 0 0 0 1 1 1 1 
1 0 1 1 0 0 0 1 0 0 
OpenStacks: 25
Took 0.04 seconds

buffer: Warwick 1418: balanced products, 4 products per order
numCustomers: 30
numProducts: 10
0 0 0 0 1 1 0 1 1 0 
1 1 0 1 0 0 1 0 0 0 
0 0 1 0 1 0 0 1 0 1 
0 0 1 0 0 0 1 1 0 1 
0 1 0 0 1 1 0 0 0 1 
1 0 1 0 1 1 0 0 0 0 
0 1 0 1 1 1 0 0 0 0 
0 1 0 0 0 0 1 1 1 0 
0 0 1 0 0 1 1 0 1 0 
0 1 0 1 1 0 0 0 1 0 
0 0 0 1 1 0 1 0 1 0 
1 0 1 0 0 1 0 0 1 0 
0 0 0 1 1 0 1 0 0 1 
1 0 0 1 0 1 0 1 0 0 
0 0 1 1 1 0 0 0 1 0 
0 0 0 1 1 0 1 0 0 1 
1 0 1 0 0 1 0 1 0 0 
1 0 0 0 0 0 1 0 1 1 
0 0 0 1 0 0 0 1 1 1 
1 0 0 0 0 0 1 1 1 0 
0 1 1 1 0 0 1 0 0 0 
1 0 1 0 0 1 0 0 1 0 
0 1 0 0 1 1 0 1 0 0 
0 1 1 1 0 0 0 1 0 0 
1 0 1 1 0 1 0 0 0 0 
1 0 1 0 1 0 1 0 0 0 
0 0 1 0 0 0 1 1 0 1 
1 1 0 1 0 0 0 0 0 1 
1 0 0 0 1 1 0 0 0 1 
1 1 0 1 0 1 0 0 0 0 
Best sequence:
0 1 2 5 7 8 3 4 6 9 
0 0 0 1 1 1 0 1 0 0 
1 1 0 0 0 0 1 0 1 0 
0 0 1 0 1 0 0 1 0 1 
0 0 1 0 1 0 0 0 1 1 
0 1 0 1 0 0 0 1 0 1 
1 0 1 1 0 0 0 1 0 0 
0 1 0 1 0 0 1 1 0 0 
0 1 0 0 1 1 0 0 1 0 
0 0 1 1 0 1 0 0 1 0 
0 1 0 0 0 1 1 1 0 0 
0 0 0 0 0 1 1 1 1 0 
1 0 1 1 0 1 0 0 0 0 
0 0 0 0 0 0 1 1 1 1 
1 0 0 1 1 0 1 0 0 0 
0 0 1 0 0 1 1 1 0 0 
0 0 0 0 0 0 1 1 1 1 
1 0 1 1 1 0 0 0 0 0 
1 0 0 0 0 1 0 0 1 1 
0 0 0 0 1 1 1 0 0 1 
1 0 0 0 1 1 0 0 1 0 
0 1 1 0 0 0 1 0 1 0 
1 0 1 1 0 1 0 0 0 0 
0 1 0 1 1 0 0 1 0 0 
0 1 1 0 1 0 1 0 0 0 
1 0 1 1 0 0 1 0 0 0 
1 0 1 0 0 0 0 1 1 0 
0 0 1 0 1 0 0 0 1 1 
1 1 0 0 0 0 1 0 0 1 
1 0 0 1 0 0 0 1 0 1 
1 1 0 1 0 0 1 0 0 0 
OpenStacks: 27
Took 0.04 seconds

buffer: Warwick 1419: balanced products, 4 products per order
numCustomers: 30
numProducts: 10
0 1 0 0 0 0 1 1 1 0 
1 0 0 1 0 1 1 0 0 0 
0 1 0 0 0 0 0 1 1 1 
0 1 0 0 0 0 0 1 1 1 
1 0 1 0 0 1 0 1 0 0 
1 0 0 1 0 1 0 1 0 0 
1 1 0 0 1 0 1 0 0 0 
0 0 1 0 0 1 0 0 1 1 
0 0 1 1 0 1 0 1 0 0 
0 0 1 0 0 1 1 0 0 1 
1 0 1 0 1 0 0 0 0 1 
1 1 0 0 0 1 0 0 0 1 
0 1 0 0 1 1 0 0 0 1 
0 1 1 0 1 0 0 1 0 0 
1 0 1 1 0 0 1 0 0 0 
1 1 0 0 0 1 1 0 0 0 
1 0 1 0 0 1 0 0 1 0 
0 1 0 1 0 0 0 0 1 1 
1 0 1 0 1 1 0 0 0 0 
1 1 0 0 0 1 0 0 0 1 
0 1 0 0 0 1 0 1 1 0 
0 0 1 1 0 0 0 1 1 0 
1 0 0 0 1 1 0 0 0 1 
0 0 1 0 1 0 1 0 1 0 
0 1 1 0 0 0 0 1 1 0 
0 1 0 1 0 0 1 0 1 0 
0 1 1 0 1 0 0 0 0 1 
1 0 0 0 0 1 1 0 0 1 
0 1 0 0 1 1 1 0 0 0 
0 0 0 1 1 1 0 1 0 0 
Best sequence:
0 2 3 4 5 6 1 7 8 9 
0 0 0 0 0 1 1 1 1 0 
1 0 1 0 1 1 0 0 0 0 
0 0 0 0 0 0 1 1 1 1 
0 0 0 0 0 0 1 1 1 1 
1 1 0 0 1 0 0 1 0 0 
1 0 1 0 1 0 0 1 0 0 
1 0 0 1 0 1 1 0 0 0 
0 1 0 0 1 0 0 0 1 1 
0 1 1 0 1 0 0 1 0 0 
0 1 0 0 1 1 0 0 0 1 
1 1 0 1 0 0 0 0 0 1 
1 0 0 0 1 0 1 0 0 1 
0 0 0 1 1 0 1 0 0 1 
0 1 0 1 0 0 1 1 0 0 
1 1 1 0 0 1 0 0 0 0 
1 0 0 0 1 1 1 0 0 0 
1 1 0 0 1 0 0 0 1 0 
0 0 1 0 0 0 1 0 1 1 
1 1 0 1 1 0 0 0 0 0 
1 0 0 0 1 0 1 0 0 1 
0 0 0 0 1 0 1 1 1 0 
0 1 1 0 0 0 0 1 1 0 
1 0 0 1 1 0 0 0 0 1 
0 1 0 1 0 1 0 0 1 0 
0 1 0 0 0 0 1 1 1 0 
0 0 1 0 0 1 1 0 1 0 
0 1 0 1 0 0 1 0 0 1 
1 0 0 0 1 1 0 0 0 1 
0 0 0 1 1 1 1 0 0 0 
0 0 1 1 1 0 0 1 0 0 
OpenStacks: 27
Took 0.03 seconds

buffer: Warwick 1420: balanced products, 4 products per order
numCustomers: 30
numProducts: 10
0 0 0 1 0 1 0 1 1 0 
1 1 0 0 0 1 0 0 0 1 
1 0 0 0 0 1 1 1 0 0 
0 1 1 0 1 1 0 0 0 0 
0 0 0 1 0 0 1 1 1 0 
0 0 1 1 0 0 0 0 1 1 
1 0 1 0 1 0 1 0 0 0 
0 1 0 0 1 0 0 0 1 1 
1 1 0 0 0 1 0 1 0 0 
1 0 1 0 0 0 1 0 0 1 
0 0 0 1 1 0 1 0 1 0 
1 0 0 0 1 0 0 1 0 1 
0 0 0 0 1 1 0 1 0 1 
1 1 0 0 0 0 1 0 0 1 
1 1 1 0 0 0 0 0 0 1 
0 0 0 0 1 1 0 1 1 0 
0 0 1 0 1 1 0 0 1 0 
1 1 0 0 1 0 0 0 1 0 
1 0 1 1 0 0 1 0 0 0 
0 1 1 0 0 0 0 0 1 1 
0 0 1 1 0 0 0 0 1 1 
0 1 0 0 1 1 1 0 0 0 
1 0 1 0 0 0 0 0 1 1 
0 1 0 1 0 0 0 1 0 1 
1 0 0 1 1 1 0 0 0 0 
1 0 0 1 0 0 1 1 0 0 
1 0 1 1 0 0 0 1 0 0 
0 1 0 1 0 1 0 0 0 1 
0 0 1 1 0 1 1 0 0 0 
0 1 0 0 1 1 0 1 0 0 
Best sequence:
1 4 5 6 7 0 2 3 8 9 
0 0 1 0 1 0 0 1 1 0 
1 0 1 0 0 1 0 0 0 1 
0 0 1 1 1 1 0 0 0 0 
1 1 1 0 0 0 1 0 0 0 
0 0 0 1 1 0 0 1 1 0 
0 0 0 0 0 0 1 1 1 1 
0 1 0 1 0 1 1 0 0 0 
1 1 0 0 0 0 0 0 1 1 
1 0 1 0 1 1 0 0 0 0 
0 0 0 1 0 1 1 0 0 1 
0 1 0 1 0 0 0 1 1 0 
0 1 0 0 1 1 0 0 0 1 
0 1 1 0 1 0 0 0 0 1 
1 0 0 1 0 1 0 0 0 1 
1 0 0 0 0 1 1 0 0 1 
0 1 1 0 1 0 0 0 1 0 
0 1 1 0 0 0 1 0 1 0 
1 1 0 0 0 1 0 0 1 0 
0 0 0 1 0 1 1 1 0 0 
1 0 0 0 0 0 1 0 1 1 
0 0 0 0 0 0 1 1 1 1 
1 1 1 1 0 0 0 0 0 0 
0 0 0 0 0 1 1 0 1 1 
1 0 0 0 1 0 0 1 0 1 
0 1 1 0 0 1 0 1 0 0 
0 0 0 1 1 1 0 1 0 0 
0 0 0 0 1 1 1 1 0 0 
1 0 1 0 0 0 0 1 0 1 
0 0 1 1 0 0 1 1 0 0 
1 1 1 0 1 0 0 0 0 0 
OpenStacks: 26
Took 0.04 seconds

buffer: Warwick 1421: balanced products, 5 products per order
numCustomers: 30
numProducts: 10
0 1 0 0 1 1 0 0 1 1 
0 0 0 1 0 0 1 1 1 1 
0 0 1 1 0 1 0 1 0 1 
0 1 1 1 0 0 0 1 1 0 
0 1 1 1 1 1 0 0 0 0 
0 1 0 1 0 1 1 1 0 0 
1 1 0 1 0 0 1 0 0 1 
1 1 0 0 0 1 1 0 1 0 
0 1 0 0 1 1 1 0 1 0 
1 1 1 1 0 1 0 0 0 0 
1 0 1 1 1 1 0 0 0 0 
0 1 0 1 1 0 1 0 0 1 
0 0 0 0 1 1 1 1 1 0 
1 0 1 1 0 0 0 1 1 0 
0 0 1 0 0 1 1 1 1 0 
1 0 0 1 1 1 0 0 1 0 
1 0 1 0 1 0 1 0 1 0 
1 0 0 1 1 1 0 0 1 0 
0 0 1 1 0 1 0 1 0 1 
1 1 0 0 0 0 1 1 1 0 
0 0 1 0 0 0 1 1 1 1 
1 1 1 0 0 1 0 1 0 0 
0 1 0 1 0 1 1 1 0 0 
0 0 1 1 0 0 1 0 1 1 
0 0 1 0 1 1 0 1 1 0 
0 0 0 1 1 1 1 1 0 0 
0 1 1 0 1 0 0 0 1 1 
0 1 0 0 1 1 0 1 1 0 
0 0 1 1 1 0 1 1 0 0 
0 0 1 1 1 0 1 0 1 0 
Best sequence:
0 1 3 6 9 2 4 5 7 8 
0 1 0 0 1 0 1 1 0 1 
0 0 1 1 1 0 0 0 1 1 
0 0 1 0 1 1 0 1 1 0 
0 1 1 0 0 1 0 0 1 1 
0 1 1 0 0 1 1 1 0 0 
0 1 1 1 0 0 0 1 1 0 
1 1 1 1 1 0 0 0 0 0 
1 1 0 1 0 0 0 1 0 1 
0 1 0 1 0 0 1 1 0 1 
1 1 1 0 0 1 0 1 0 0 
1 0 1 0 0 1 1 1 0 0 
0 1 1 1 1 0 1 0 0 0 
0 0 0 1 0 0 1 1 1 1 
1 0 1 0 0 1 0 0 1 1 
0 0 0 1 0 1 0 1 1 1 
1 0 1 0 0 0 1 1 0 1 
1 0 0 1 0 1 1 0 0 1 
1 0 1 0 0 0 1 1 0 1 
0 0 1 0 1 1 0 1 1 0 
1 1 0 1 0 0 0 0 1 1 
0 0 0 1 1 1 0 0 1 1 
1 1 0 0 0 1 0 1 1 0 
0 1 1 1 0 0 0 1 1 0 
0 0 1 1 1 1 0 0 0 1 
0 0 0 0 0 1 1 1 1 1 
0 0 1 1 0 0 1 1 1 0 
0 1 0 0 1 1 1 0 0 1 
0 1 0 0 0 0 1 1 1 1 
0 0 1 1 0 1 1 0 1 0 
0 0 1 1 0 1 1 0 0 1 
OpenStacks: 29
Took 0.04 seconds

buffer: Warwick 1422: balanced products, 5 products per order
numCustomers: 30
numProducts: 10
0 1 1 0 0 1 0 1 0 1 
1 0 1 0 0 1 1 0 1 0 
1 1 1 0 0 0 1 0 1 0 
0 1 0 0 0 1 1 1 0 1 
1 0 0 1 1 1 0 1 0 0 
0 1 1 0 0 0 1 1 0 1 
0 0 1 1 0 0 1 1 1 0 
1 0 0 0 0 1 1 1 0 1 
1 1 0 0 0 1 0 0 1 1 
1 0 0 0 1 1 0 1 1 0 
1 0 0 0 1 1 0 0 1 1 
0 1 0 1 0 1 1 0 1 0 
1 0 0 1 1 0 0 0 1 1 
0 1 0 0 1 1 1 1 0 0 
1 0 0 1 0 1 0 1 1 0 
1 1 1 0 0 1 0 1 0 0 
1 0 1 1 0 1 1 0 0 0 
1 0 0 0 1 1 1 0 1 0 
0 0 0 1 0 1 1 1 0 1 
1 0 1 0 1 0 0 1 0 1 
1 0 1 1 0 1 0 1 0 0 
0 1 0 1 0 1 1 0 0 1 
0 1 1 0 0 1 0 0 1 1 
0 1 0 1 0 0 1 1 0 1 
0 0 1 1 0 1 1 0 0 1 
1 1 1 0 0 0 0 1 1 0 
1 1 0 1 1 1 0 0 0 0 
1 1 0 0 1 0 0 1 1 0 
0 1 1 0 0 1 0 1 1 0 
1 0 1 0 0 1 0 1 0 1 
Best sequence:
0 1 4 7 8 2 3 5 6 9 
0 1 0 1 0 1 0 1 0 1 
1 0 0 0 1 1 0 1 1 0 
1 1 0 0 1 1 0 0 1 0 
0 1 0 1 0 0 0 1 1 1 
1 0 1 1 0 0 1 1 0 0 
0 1 0 1 0 1 0 0 1 1 
0 0 0 1 1 1 1 0 1 0 
1 0 0 1 0 0 0 1 1 1 
1 1 0 0 1 0 0 1 0 1 
1 0 1 1 1 0 0 1 0 0 
1 0 1 0 1 0 0 1 0 1 
0 1 0 0 1 0 1 1 1 0 
1 0 1 0 1 0 1 0 0 1 
0 1 1 1 0 0 0 1 1 0 
1 0 0 1 1 0 1 1 0 0 
1 1 0 1 0 1 0 1 0 0 
1 0 0 0 0 1 1 1 1 0 
1 0 1 0 1 0 0 1 1 0 
0 0 0 1 0 0 1 1 1 1 
1 0 1 1 0 1 0 0 0 1 
1 0 0 1 0 1 1 1 0 0 
0 1 0 0 0 0 1 1 1 1 
0 1 0 0 1 1 0 1 0 1 
0 1 0 1 0 0 1 0 1 1 
0 0 0 0 0 1 1 1 1 1 
1 1 0 1 1 1 0 0 0 0 
1 1 1 0 0 0 1 1 0 0 
1 1 1 1 1 0 0 0 0 0 
0 1 0 1 1 1 0 1 0 0 
1 0 0 1 0 1 0 1 0 1 
OpenStacks: 29
Took 0.03 seconds

buffer: Warwick 1423: balanced products, 5 products per order
numCustomers: 30
numProducts: 10
0 0 0 1 1 0 1 1 1 0 
1 0 0 1 0 1 1 1 0 0 
1 0 1 1 1 0 0 1 0 0 
1 0 0 0 1 0 1 1 1 0 
0 0 1 1 0 0 1 1 1 0 
0 1 0 0 0 1 1 1 1 0 
0 1 0 1 1 0 1 0 1 0 
1 0 0 1 0 1 1 0 0 1 
0 0 0 1 1 0 1 1 0 1 
1 1 0 0 1 1 1 0 0 0 
0 0 0 1 1 1 0 1 1 0 
0 0 1 1 0 1 0 1 0 1 
0 1 0 1 1 0 1 0 1 0 
1 1 1 1 0 0 1 0 0 0 
0 1 1 0 1 1 0 0 1 0 
0 0 1 1 0 1 0 1 0 1 
1 1 0 0 0 0 1 1 0 1 
1 1 0 0 0 0 1 1 1 0 
0 0 0 1 1 1 0 1 0 1 
1 0 1 1 1 0 0 0 0 1 
1 0 1 0 1 0 1 0 0 1 
0 0 1 1 0 1 1 1 0 0 
1 1 1 0 1 1 0 0 0 0 
1 1 0 0 1 0 0 1 1 0 
0 1 1 0 1 1 0 0 0 1 
1 0 1 0 0 1 0 1 1 0 
1 1 0 0 1 0 1 1 0 0 
1 0 0 1 0 1 0 1 0 1 
1 0 1 1 0 0 1 0 0 1 
0 1 0 0 0 0 1 1 1 1 
Best sequence:
0 2 3 4 9 1 5 6 7 8 
0 0 1 1 0 0 0 1 1 1 
1 0 1 0 0 0 1 1 1 0 
1 1 1 1 0 0 0 0 1 0 
1 0 0 1 0 0 0 1 1 1 
0 1 1 0 0 0 0 1 1 1 
0 0 0 0 0 1 1 1 1 1 
0 0 1 1 0 1 0 1 0 1 
1 0 1 0 1 0 1 1 0 0 
0 0 1 1 1 0 0 1 1 0 
1 0 0 1 0 1 1 1 0 0 
0 0 1 1 0 0 1 0 1 1 
0 1 1 0 1 0 1 0 1 0 
0 0 1 1 0 1 0 1 0 1 
1 1 1 0 0 1 0 1 0 0 
0 1 0 1 0 1 1 0 0 1 
0 1 1 0 1 0 1 0 1 0 
1 0 0 0 1 1 0 1 1 0 
1 0 0 0 0 1 0 1 1 1 
0 0 1 1 1 0 1 0 1 0 
1 1 1 1 1 0 0 0 0 0 
1 1 0 1 1 0 0 1 0 0 
0 1 1 0 0 0 1 1 1 0 
1 1 0 1 0 1 1 0 0 0 
1 0 0 1 0 1 0 0 1 1 
0 1 0 1 1 1 1 0 0 0 
1 1 0 0 0 0 1 0 1 1 
1 0 0 1 0 1 0 1 1 0 
1 0 1 0 1 0 1 0 1 0 
1 1 1 0 1 0 0 1 0 0 
0 0 0 0 1 1 0 1 1 1 
OpenStacks: 29
Took 0.04 seconds

buffer: Warwick 1424: balanced products, 5 products per order
numCustomers: 30
numProducts: 10
0 1 0 0 0 1 0 1 1 1 
0 1 1 1 0 1 0 0 1 0 
1 0 0 1 1 0 1 1 0 0 
0 0 1 1 0 0 1 1 1 0 
0 1 1 0 1 0 1 1 0 0 
1 1 1 1 0 1 0 0 0 0 
0 1 1 0 0 1 0 0 1 1 
1 0 0 1 0 0 1 0 1 1 
1 0 1 1 0 0 0 1 0 1 
0 0 1 1 0 0 1 1 1 0 
0 0 1 0 1 0 1 1 1 0 
0 1 0 0 1 1 1 0 0 1 
0 1 0 0 1 0 0 1 1 1 
1 0 0 0 1 0 1 0 1 1 
0 1 1 1 0 0 0 0 1 1 
1 1 1 0 1 1 0 0 0 0 
0 1 1 0 0 0 1 0 1 1 
1 0 0 1 1 0 1 1 0 0 
1 1 0 1 1 0 0 0 1 0 
1 1 1 1 1 0 0 0 0 0 
1 1 0 0 0 1 1 0 0 1 
0 0 0 1 1 1 0 1 1 0 
0 0 1 0 0 1 0 1 1 1 
0 1 0 1 1 1 0 0 1 0 
0 1 1 1 0 0 1 0 0 1 
1 0 1 1 0 1 0 0 0 1 
1 1 1 0 0 1 0 1 0 0 
0 1 1 1 0 1 0 1 0 0 
0 0 0 1 1 0 1 1 0 1 
1 0 1 0 1 0 0 1 1 0 
Best sequence:
0 3 4 6 7 1 2 5 8 9 
0 0 0 0 1 1 0 1 1 1 
0 1 0 0 0 1 1 1 1 0 
1 1 1 1 1 0 0 0 0 0 
0 1 0 1 1 0 1 0 1 0 
0 0 1 1 1 1 1 0 0 0 
1 1 0 0 0 1 1 1 0 0 
0 0 0 0 0 1 1 1 1 1 
1 1 0 1 0 0 0 0 1 1 
1 1 0 0 1 0 1 0 0 1 
0 1 0 1 1 0 1 0 1 0 
0 0 1 1 1 0 1 0 1 0 
0 0 1 1 0 1 0 1 0 1 
0 0 1 0 1 1 0 0 1 1 
1 0 1 1 0 0 0 0 1 1 
0 1 0 0 0 1 1 0 1 1 
1 0 1 0 0 1 1 1 0 0 
0 0 0 1 0 1 1 0 1 1 
1 1 1 1 1 0 0 0 0 0 
1 1 1 0 0 1 0 0 1 0 
1 1 1 0 0 1 1 0 0 0 
1 0 0 1 0 1 0 1 0 1 
0 1 1 0 1 0 0 1 1 0 
0 0 0 0 1 0 1 1 1 1 
0 1 1 0 0 1 0 1 1 0 
0 1 0 1 0 1 1 0 0 1 
1 1 0 0 0 0 1 1 0 1 
1 0 0 0 1 1 1 1 0 0 
0 1 0 0 1 1 1 1 0 0 
0 1 1 1 1 0 0 0 0 1 
1 0 1 0 1 0 1 0 1 0 
OpenStacks: 29
Took 0.03 seconds

buffer: Warwick 1425: balanced products, 5 products per order
numCustomers: 30
numProducts: 10
1 1 1 0 0 1 0 0 0 1 
1 1 1 0 0 0 1 0 0 1 
0 0 0 1 0 1 1 1 0 1 
1 1 0 1 0 1 1 0 0 0 
0 0 1 1 0 0 0 1 1 1 
1 1 1 1 0 0 0 0 1 0 
0 1 0 0 0 1 0 1 1 1 
0 0 1 1 0 0 1 1 1 0 
0 1 1 0 1 1 0 1 0 0 
0 0 0 1 1 1 0 1 0 1 
1 0 0 0 0 0 1 1 1 1 
1 0 0 1 0 1 0 1 1 0 
1 1 1 1 0 0 0 0 0 1 
0 1 1 0 0 0 1 0 1 1 
1 0 1 0 0 0 1 0 1 1 
1 0 0 0 0 1 1 1 0 1 
0 1 1 0 1 0 0 0 1 1 
1 0 0 1 1 0 1 0 1 0 
0 0 1 1 1 0 0 0 1 1 
1 0 1 1 0 1 0 0 0 1 
0 1 1 0 0 0 1 1 1 0 
0 1 1 0 0 1 1 1 0 0 
0 1 0 1 0 0 1 0 1 1 
0 1 0 1 0 1 0 1 0 1 
1 1 0 0 1 1 0 0 1 0 
0 0 0 1 1 1 0 0 1 1 
0 1 1 1 0 1 0 1 0 0 
0 0 0 1 1 1 0 0 1 1 
0 0 1 1 0 1 1 0 0 1 
0 1 1 0 1 1 0 0 0 1 
Best sequence:
0 1 2 3 4 5 6 7 8 9 
1 1 1 0 0 1 0 0 0 1 
1 1 1 0 0 0 1 0 0 1 
0 0 0 1 0 1 1 1 0 1 
1 1 0 1 0 1 1 0 0 0 
0 0 1 1 0 0 0 1 1 1 
1 1 1 1 0 0 0 0 1 0 
0 1 0 0 0 1 0 1 1 1 
0 0 1 1 0 0 1 1 1 0 
0 1 1 0 1 1 0 1 0 0 
0 0 0 1 1 1 0 1 0 1 
1 0 0 0 0 0 1 1 1 1 
1 0 0 1 0 1 0 1 1 0 
1 1 1 1 0 0 0 0 0 1 
0 1 1 0 0 0 1 0 1 1 
1 0 1 0 0 0 1 0 1 1 
1 0 0 0 0 1 1 1 0 1 
0 1 1 0 1 0 0 0 1 1 
1 0 0 1 1 0 1 0 1 0 
0 0 1 1 1 0 0 0 1 1 
1 0 1 1 0 1 0 0 0 1 
0 1 1 0 0 0 1 1 1 0 
0 1 1 0 0 1 1 1 0 0 
0 1 0 1 0 0 1 0 1 1 
0 1 0 1 0 1 0 1 0 1 
1 1 0 0 1 1 0 0 1 0 
0 0 0 1 1 1 0 0 1 1 
0 1 1 1 0 1 0 1 0 0 
0 0 0 1 1 1 0 0 1 1 
0 0 1 1 0 1 1 0 0 1 
0 1 1 0 1 1 0 0 0 1 
OpenStacks: 30
Took 0.04 seconds

buffer: Warwick 1426: balanced products, 5 products per order
numCustomers: 30
numProducts: 10
0 1 1 0 1 0 0 1 1 0 
1 1 0 0 0 1 0 1 1 0 
1 0 1 0 0 0 1 0 1 1 
1 1 0 0 1 1 1 0 0 0 
0 0 1 1 0 0 0 1 1 1 
1 0 1 1 0 1 0 1 0 0 
1 0 0 1 1 0 1 0 0 1 
1 0 1 1 0 1 1 0 0 0 
0 0 1 1 0 1 1 0 1 0 
1 1 0 0 1 1 0 1 0 0 
1 1 0 1 0 0 1 0 0 1 
0 0 1 1 0 1 1 0 0 1 
0 0 1 1 0 1 0 1 1 0 
0 0 0 0 0 1 1 1 1 1 
0 1 0 1 1 0 1 0 1 0 
0 0 1 0 1 1 0 0 1 1 
0 0 1 1 0 1 0 1 1 0 
1 0 1 1 0 0 0 1 0 1 
0 1 0 1 1 1 1 0 0 0 
1 0 0 1 0 1 1 0 1 0 
0 0 1 0 0 1 0 1 1 1 
0 1 1 1 0 1 0 0 1 0 
1 1 0 0 0 1 1 0 0 1 
1 1 0 0 1 1 0 0 0 1 
0 1 0 1 0 1 1 1 0 0 
0 1 1 0 1 0 0 1 0 1 
0 0 1 1 1 0 0 1 1 0 
1 0 1 1 1 0 0 0 1 0 
1 0 1 1 1 0 1 0 0 0 
0 1 1 1 1 0 0 1 0 0 
Best sequence:
0 1 4 5 6 2 3 7 8 9 
0 1 1 0 0 1 0 1 1 0 
1 1 0 1 0 0 0 1 1 0 
1 0 0 0 1 1 0 0 1 1 
1 1 1 1 1 0 0 0 0 0 
0 0 0 0 0 1 1 1 1 1 
1 0 0 1 0 1 1 1 0 0 
1 0 1 0 1 0 1 0 0 1 
1 0 0 1 1 1 1 0 0 0 
0 0 0 1 1 1 1 0 1 0 
1 1 1 1 0 0 0 1 0 0 
1 1 0 0 1 0 1 0 0 1 
0 0 0 1 1 1 1 0 0 1 
0 0 0 1 0 1 1 1 1 0 
0 0 0 1 1 0 0 1 1 1 
0 1 1 0 1 0 1 0 1 0 
0 0 1 1 0 1 0 0 1 1 
0 0 0 1 0 1 1 1 1 0 
1 0 0 0 0 1 1 1 0 1 
0 1 1 1 1 0 1 0 0 0 
1 0 0 1 1 0 1 0 1 0 
0 0 0 1 0 1 0 1 1 1 
0 1 0 1 0 1 1 0 1 0 
1 1 0 1 1 0 0 0 0 1 
1 1 1 1 0 0 0 0 0 1 
0 1 0 1 1 0 1 1 0 0 
0 1 1 0 0 1 0 1 0 1 
0 0 1 0 0 1 1 1 1 0 
1 0 1 0 0 1 1 0 1 0 
1 0 1 0 1 1 1 0 0 0 
0 1 1 0 0 1 1 1 0 0 
OpenStacks: 29
Took 0.04 seconds

buffer: Warwick 1427: balanced products, 5 products per order
numCustomers: 30
numProducts: 10
1 1 0 1 1 0 1 0 0 0 
1 0 1 0 1 1 0 0 0 1 
1 0 1 1 1 1 0 0 0 0 
0 0 1 0 1 1 1 0 1 0 
0 0 0 1 0 1 1 1 0 1 
0 0 1 1 0 1 1 0 1 0 
1 0 0 1 1 1 0 0 0 1 
1 0 0 1 0 1 1 1 0 0 
0 0 1 0 1 0 0 1 1 1 
1 1 0 1 0 1 0 0 0 1 
1 1 0 1 1 0 0 0 0 1 
0 1 1 0 0 1 1 0 0 1 
0 0 0 1 1 1 0 1 1 0 
0 1 1 1 0 0 1 1 0 0 
1 1 1 0 0 0 1 1 0 0 
0 1 1 1 0 0 0 0 1 1 
1 1 1 0 0 0 1 0 1 0 
0 1 0 0 1 0 0 1 1 1 
1 0 0 0 1 0 1 1 0 1 
0 1 0 1 1 0 1 0 0 1 
0 0 1 0 1 0 1 1 0 1 
0 1 0 1 1 1 0 0 1 0 
0 0 1 0 1 1 1 1 0 0 
0 1 0 0 1 1 1 0 1 0 
0 1 1 0 0 0 0 1 1 1 
1 1 1 1 0 0 0 0 0 1 
0 1 1 1 0 0 0 0 1 1 
0 1 1 0 0 1 1 0 1 0 
0 1 0 1 0 0 0 1 1 1 
1 0 1 0 0 1 1 1 0 0 
Best sequence:
0 1 2 3 4 5 6 7 8 9 
1 1 0 1 1 0 1 0 0 0 
1 0 1 0 1 1 0 0 0 1 
1 0 1 1 1 1 0 0 0 0 
0 0 1 0 1 1 1 0 1 0 
0 0 0 1 0 1 1 1 0 1 
0 0 1 1 0 1 1 0 1 0 
1 0 0 1 1 1 0 0 0 1 
1 0 0 1 0 1 1 1 0 0 
0 0 1 0 1 0 0 1 1 1 
1 1 0 1 0 1 0 0 0 1 
1 1 0 1 1 0 0 0 0 1 
0 1 1 0 0 1 1 0 0 1 
0 0 0 1 1 1 0 1 1 0 
0 1 1 1 0 0 1 1 0 0 
1 1 1 0 0 0 1 1 0 0 
0 1 1 1 0 0 0 0 1 1 
1 1 1 0 0 0 1 0 1 0 
0 1 0 0 1 0 0 1 1 1 
1 0 0 0 1 0 1 1 0 1 
0 1 0 1 1 0 1 0 0 1 
0 0 1 0 1 0 1 1 0 1 
0 1 0 1 1 1 0 0 1 0 
0 0 1 0 1 1 1 1 0 0 
0 1 0 0 1 1 1 0 1 0 
0 1 1 0 0 0 0 1 1 1 
1 1 1 1 0 0 0 0 0 1 
0 1 1 1 0 0 0 0 1 1 
0 1 1 0 0 1 1 0 1 0 
0 1 0 1 0 0 0 1 1 1 
1 0 1 0 0 1 1 1 0 0 
OpenStacks: 30
Took 0.04 seconds

buffer: Warwick 1428: balanced products, 5 products per order
numCustomers: 30
numProducts: 10
0 0 0 1 1 1 1 0 0 1 
1 0 0 1 1 1 0 0 0 1 
0 1 1 1 0 0 1 1 0 0 
1 1 0 1 0 0 1 0 0 1 
0 0 1 1 1 0 0 1 0 1 
1 0 0 1 0 0 1 1 0 1 
1 1 0 0 1 1 1 0 0 0 
1 1 0 1 0 1 0 0 1 0 
1 0 1 0 0 1 0 1 1 0 
0 1 0 1 0 0 0 1 1 1 
1 1 1 1 0 0 1 0 0 0 
1 1 0 1 1 0 0 1 0 0 
0 1 0 1 1 0 0 1 0 1 
0 1 1 0 1 0 1 1 0 0 
0 0 0 0 1 0 1 1 1 1 
0 0 0 0 1 0 1 1 1 1 
1 1 0 0 1 0 1 0 1 0 
0 0 0 1 1 1 0 1 1 0 
0 1 0 1 0 0 1 1 1 0 
0 0 1 1 1 0 0 1 1 0 
1 0 0 1 0 1 1 0 1 0 
0 0 1 1 0 0 1 1 1 0 
0 1 0 0 1 1 1 1 0 0 
1 0 1 0 1 0 0 1 0 1 
0 0 1 0 1 1 0 1 1 0 
1 0 0 1 0 1 1 0 1 0 
0 1 0 0 1 0 0 1 1 1 
0 0 1 1 0 1 1 1 0 0 
1 0 1 0 0 0 1 0 1 1 
1 0 0 1 0 0 0 1 1 1 
Best sequence:
0 1 3 6 9 2 4 5 7 8 
0 0 1 1 1 0 1 1 0 0 
1 0 1 0 1 0 1 1 0 0 
0 1 1 1 0 1 0 0 1 0 
1 1 1 1 1 0 0 0 0 0 
0 0 1 0 1 1 1 0 1 0 
1 0 1 1 1 0 0 0 1 0 
1 1 0 1 0 0 1 1 0 0 
1 1 1 0 0 0 0 1 0 1 
1 0 0 0 0 1 0 1 1 1 
0 1 1 0 1 0 0 0 1 1 
1 1 1 1 0 1 0 0 0 0 
1 1 1 0 0 0 1 0 1 0 
0 1 1 0 1 0 1 0 1 0 
0 1 0 1 0 1 1 0 1 0 
0 0 0 1 1 0 1 0 1 1 
0 0 0 1 1 0 1 0 1 1 
1 1 0 1 0 0 1 0 0 1 
0 0 1 0 0 0 1 1 1 1 
0 1 1 1 0 0 0 0 1 1 
0 0 1 0 0 1 1 0 1 1 
1 0 1 1 0 0 0 1 0 1 
0 0 1 1 0 1 0 0 1 1 
0 1 0 1 0 0 1 1 1 0 
1 0 0 0 1 1 1 0 1 0 
0 0 0 0 0 1 1 1 1 1 
1 0 1 1 0 0 0 1 0 1 
0 1 0 0 1 0 1 0 1 1 
0 0 1 1 0 1 0 1 1 0 
1 0 0 1 1 1 0 0 0 1 
1 0 1 0 1 0 0 0 1 1 
OpenStacks: 29
Took 0.04 seconds

buffer: Warwick 1429: balanced products, 5 products per order
numCustomers: 30
numProducts: 10
0 0 0 1 1 0 1 1 0 1 
0 0 0 1 1 0 1 0 1 1 
1 1 1 0 1 1 0 0 0 0 
0 1 0 0 1 0 1 0 1 1 
0 0 0 0 1 1 1 1 1 0 
0 1 0 1 0 0 1 1 1 0 
0 0 1 0 1 1 1 0 1 0 
0 0 1 1 1 0 0 1 1 0 
1 1 1 0 1 1 0 0 0 0 
1 1 0 0 0 1 0 1 1 0 
1 0 1 0 1 0 0 1 1 0 
1 1 1 1 0 0 0 0 0 1 
1 1 0 1 0 1 0 0 1 0 
1 0 1 0 0 0 1 1 0 1 
1 1 0 1 1 0 0 0 1 0 
0 0 1 0 0 0 1 1 1 1 
0 0 1 1 1 0 0 1 1 0 
0 0 0 1 1 1 1 1 0 0 
0 1 1 0 0 0 1 0 1 1 
1 0 0 1 0 1 1 0 0 1 
0 0 1 1 1 0 0 1 0 1 
0 0 0 1 0 1 1 0 1 1 
1 1 0 1 0 0 1 0 0 1 
1 0 1 0 1 1 0 0 0 1 
0 0 1 1 0 1 1 0 0 1 
0 1 0 0 1 1 1 0 1 0 
0 0 0 1 0 1 0 1 1 1 
0 0 0 0 0 1 1 1 1 1 
0 0 1 1 1 0 0 0 1 1 
0 1 1 1 1 0 0 0 1 0 
Best sequence:
0 1 2 3 9 4 5 6 7 8 
0 0 0 1 1 1 0 1 1 0 
0 0 0 1 1 1 0 1 0 1 
1 1 1 0 0 1 1 0 0 0 
0 1 0 0 1 1 0 1 0 1 
0 0 0 0 0 1 1 1 1 1 
0 1 0 1 0 0 0 1 1 1 
0 0 1 0 0 1 1 1 0 1 
0 0 1 1 0 1 0 0 1 1 
1 1 1 0 0 1 1 0 0 0 
1 1 0 0 0 0 1 0 1 1 
1 0 1 0 0 1 0 0 1 1 
1 1 1 1 1 0 0 0 0 0 
1 1 0 1 0 0 1 0 0 1 
1 0 1 0 1 0 0 1 1 0 
1 1 0 1 0 1 0 0 0 1 
0 0 1 0 1 0 0 1 1 1 
0 0 1 1 0 1 0 0 1 1 
0 0 0 1 0 1 1 1 1 0 
0 1 1 0 1 0 0 1 0 1 
1 0 0 1 1 0 1 1 0 0 
0 0 1 1 1 1 0 0 1 0 
0 0 0 1 1 0 1 1 0 1 
1 1 0 1 1 0 0 1 0 0 
1 0 1 0 1 1 1 0 0 0 
0 0 1 1 1 0 1 1 0 0 
0 1 0 0 0 1 1 1 0 1 
0 0 0 1 1 0 1 0 1 1 
0 0 0 0 1 0 1 1 1 1 
0 0 1 1 1 1 0 0 0 1 
0 1 1 1 0 1 0 0 0 1 
OpenStacks: 29
Took 0.03 seconds

buffer: Warwick 1430: balanced products, 5 products per order
numCustomers: 30
numProducts: 10
0 0 0 0 1 1 1 1 0 1 
1 1 0 0 0 0 1 1 1 0 
1 1 0 0 0 0 0 1 1 1 
1 1 0 1 1 0 0 1 0 0 
1 1 1 1 0 0 0 1 0 0 
0 1 0 0 1 1 0 0 1 1 
0 1 0 0 0 1 1 1 0 1 
0 1 0 0 1 1 0 0 1 1 
1 1 0 1 0 0 0 1 1 0 
0 1 1 0 0 0 1 1 1 0 
0 1 1 0 0 1 0 0 1 1 
0 0 1 1 0 1 0 1 0 1 
0 0 0 1 1 1 1 1 0 0 
1 1 0 1 0 0 1 0 1 0 
1 1 1 1 0 0 0 0 0 1 
0 0 1 1 0 1 0 1 0 1 
0 0 1 1 1 1 0 0 0 1 
1 1 1 1 1 0 0 0 0 0 
0 1 0 1 1 0 0 1 0 1 
1 0 1 1 0 0 0 0 1 1 
1 1 1 0 0 0 1 0 1 0 
0 1 1 0 1 0 1 0 0 1 
1 0 1 0 0 1 0 1 0 1 
0 1 0 0 1 1 1 0 1 0 
0 0 1 0 1 0 0 1 1 1 
0 0 1 0 1 1 1 1 0 0 
1 0 1 0 0 0 1 1 1 0 
1 1 1 0 0 1 1 0 0 0 
0 1 1 1 0 1 1 0 0 0 
0 0 1 0 0 1 1 1 1 0 
Best sequence:
0 1 6 7 8 2 3 4 5 9 
0 0 1 1 0 0 0 1 1 1 
1 1 1 1 1 0 0 0 0 0 
1 1 0 1 1 0 0 0 0 1 
1 1 0 1 0 0 1 1 0 0 
1 1 0 1 0 1 1 0 0 0 
0 1 0 0 1 0 0 1 1 1 
0 1 1 1 0 0 0 0 1 1 
0 1 0 0 1 0 0 1 1 1 
1 1 0 1 1 0 1 0 0 0 
0 1 1 1 1 1 0 0 0 0 
0 1 0 0 1 1 0 0 1 1 
0 0 0 1 0 1 1 0 1 1 
0 0 1 1 0 0 1 1 1 0 
1 1 1 0 1 0 1 0 0 0 
1 1 0 0 0 1 1 0 0 1 
0 0 0 1 0 1 1 0 1 1 
0 0 0 0 0 1 1 1 1 1 
1 1 0 0 0 1 1 1 0 0 
0 1 0 1 0 0 1 1 0 1 
1 0 0 0 1 1 1 0 0 1 
1 1 1 0 1 1 0 0 0 0 
0 1 1 0 0 1 0 1 0 1 
1 0 0 1 0 1 0 0 1 1 
0 1 1 0 1 0 0 1 1 0 
0 0 0 1 1 1 0 1 0 1 
0 0 1 1 0 1 0 1 1 0 
1 0 1 1 1 1 0 0 0 0 
1 1 1 0 0 1 0 0 1 0 
0 1 1 0 0 1 1 0 1 0 
0 0 1 1 1 1 0 0 1 0 
OpenStacks: 29
Took 0.04 seconds

Solved: 40 instances
totalTime: 2.38 seconds
minTime: 0.03 seconds
maxTime: 0.93 seconds
Average: 0.0595 seconds
