Solving by Brute Force...
buffer: Warwick 941: balanced products, 2 products per order
numCustomers: 20
numProducts: 10
0 1 1 0 0 0 0 0 0 0 
0 1 0 0 0 1 0 0 0 0 
0 1 1 0 0 0 0 0 0 0 
1 0 0 0 0 0 0 0 0 1 
1 1 0 0 0 0 0 0 0 0 
1 0 0 0 0 1 0 0 0 0 
0 0 0 0 0 1 0 1 0 0 
1 0 0 0 0 0 0 0 1 0 
0 1 0 0 1 0 0 0 0 0 
0 1 1 0 0 0 0 0 0 0 
0 0 0 0 0 0 1 1 0 0 
0 1 1 0 0 0 0 0 0 0 
1 0 0 0 0 0 0 0 1 0 
1 0 0 0 0 0 0 0 0 1 
0 0 0 0 0 0 0 0 1 1 
0 1 0 1 0 0 0 0 0 0 
0 0 0 0 1 1 0 0 0 0 
0 0 0 0 1 0 1 0 0 0 
0 0 0 0 0 0 1 1 0 0 
1 0 0 0 0 1 0 0 0 0 
Best Sequence: 
9 8 0 7 5 3 4 6 1 2 
0 0 0 0 0 0 0 0 1 1 
0 0 0 0 1 0 0 0 1 0 
0 0 0 0 0 0 0 0 1 1 
1 0 1 0 0 0 0 0 0 0 
0 0 1 0 0 0 0 0 1 0 
0 0 1 0 1 0 0 0 0 0 
0 0 0 1 1 0 0 0 0 0 
0 1 1 0 0 0 0 0 0 0 
0 0 0 0 0 0 1 0 1 0 
0 0 0 0 0 0 0 0 1 1 
0 0 0 1 0 0 0 1 0 0 
0 0 0 0 0 0 0 0 1 1 
0 1 1 0 0 0 0 0 0 0 
1 0 1 0 0 0 0 0 0 0 
1 1 0 0 0 0 0 0 0 0 
0 0 0 0 0 1 0 0 1 0 
0 0 0 0 1 0 1 0 0 0 
0 0 0 0 0 0 1 1 0 0 
0 0 0 1 0 0 0 1 0 0 
0 0 1 0 1 0 0 0 0 0 
OpenStacks: 8
Took 39.59 seconds

buffer: Warwick 942: balanced products, 2 products per order
numCustomers: 20
numProducts: 10
0 0 0 0 1 1 0 0 0 0 
0 0 0 0 0 0 1 0 1 0 
0 0 0 1 0 1 0 0 0 0 
0 0 0 0 0 0 0 1 0 1 
0 0 1 1 0 0 0 0 0 0 
0 1 1 0 0 0 0 0 0 0 
1 0 0 0 0 0 0 1 0 0 
0 0 0 0 0 0 1 0 1 0 
0 0 0 0 0 0 0 0 1 1 
0 0 0 0 0 1 0 0 1 0 
0 0 1 0 0 0 0 0 0 1 
0 0 0 1 0 1 0 0 0 0 
0 1 0 0 0 0 0 0 1 0 
0 1 0 0 0 0 0 0 0 1 
0 0 0 0 1 1 0 0 0 0 
0 0 1 0 0 0 0 1 0 0 
0 0 0 0 1 0 0 0 1 0 
0 1 0 0 0 0 0 0 0 1 
0 0 0 0 0 1 0 0 0 1 
0 1 0 0 0 0 0 0 0 1 
Best Sequence: 
9 7 0 2 1 3 5 4 6 8 
0 0 0 0 0 0 1 1 0 0 
0 0 0 0 0 0 0 0 1 1 
0 0 0 0 0 1 1 0 0 0 
1 1 0 0 0 0 0 0 0 0 
0 0 0 1 0 1 0 0 0 0 
0 0 0 1 1 0 0 0 0 0 
0 1 1 0 0 0 0 0 0 0 
0 0 0 0 0 0 0 0 1 1 
1 0 0 0 0 0 0 0 0 1 
0 0 0 0 0 0 1 0 0 1 
1 0 0 1 0 0 0 0 0 0 
0 0 0 0 0 1 1 0 0 0 
0 0 0 0 1 0 0 0 0 1 
1 0 0 0 1 0 0 0 0 0 
0 0 0 0 0 0 1 1 0 0 
0 1 0 1 0 0 0 0 0 0 
0 0 0 0 0 0 0 1 0 1 
1 0 0 0 1 0 0 0 0 0 
1 0 0 0 0 0 1 0 0 0 
1 0 0 0 1 0 0 0 0 0 
OpenStacks: 9
Took 39.76 seconds

buffer: Warwick 943: balanced products, 2 products per order
numCustomers: 20
numProducts: 10
0 0 0 0 0 1 0 0 0 1 
0 0 0 0 0 1 0 0 0 1 
0 0 1 0 0 0 0 0 0 1 
0 0 1 0 0 0 0 1 0 0 
1 0 0 0 0 0 0 0 1 0 
0 0 0 0 0 0 0 1 0 1 
0 0 0 0 0 0 1 0 0 1 
0 0 0 1 0 0 1 0 0 0 
0 0 0 1 0 1 0 0 0 0 
1 0 0 0 0 0 1 0 0 0 
0 1 0 0 0 0 0 0 1 0 
0 1 1 0 0 0 0 0 0 0 
1 0 0 1 0 0 0 0 0 0 
0 0 0 1 0 1 0 0 0 0 
0 0 0 0 1 0 0 0 1 0 
0 1 0 0 0 1 0 0 0 0 
0 0 0 1 0 0 1 0 0 0 
0 0 0 1 0 0 0 0 0 1 
0 0 0 0 0 0 0 1 1 0 
0 1 0 0 0 0 1 0 0 0 
Best Sequence: 
9 7 2 8 4 1 5 3 0 6 
1 0 0 0 0 0 1 0 0 0 
1 0 0 0 0 0 1 0 0 0 
1 0 1 0 0 0 0 0 0 0 
0 1 1 0 0 0 0 0 0 0 
0 0 0 1 0 0 0 0 1 0 
1 1 0 0 0 0 0 0 0 0 
1 0 0 0 0 0 0 0 0 1 
0 0 0 0 0 0 0 1 0 1 
0 0 0 0 0 0 1 1 0 0 
0 0 0 0 0 0 0 0 1 1 
0 0 0 1 0 1 0 0 0 0 
0 0 1 0 0 1 0 0 0 0 
0 0 0 0 0 0 0 1 1 0 
0 0 0 0 0 0 1 1 0 0 
0 0 0 1 1 0 0 0 0 0 
0 0 0 0 0 1 1 0 0 0 
0 0 0 0 0 0 0 1 0 1 
1 0 0 0 0 0 0 1 0 0 
0 1 0 1 0 0 0 0 0 0 
0 0 0 0 0 1 0 0 0 1 
OpenStacks: 9
Took 39.65 seconds

buffer: Warwick 944: balanced products, 2 products per order
numCustomers: 20
numProducts: 10
1 0 1 0 0 0 0 0 0 0 
0 0 0 1 0 1 0 0 0 0 
1 0 0 0 1 0 0 0 0 0 
0 0 1 0 0 1 0 0 0 0 
0 0 1 0 0 0 0 0 1 0 
1 0 0 0 1 0 0 0 0 0 
1 0 0 0 0 0 0 0 0 1 
0 0 0 0 0 1 1 0 0 0 
0 0 0 1 0 0 0 1 0 0 
1 0 0 0 0 1 0 0 0 0 
1 0 0 0 0 0 1 0 0 0 
0 1 0 0 0 0 1 0 0 0 
0 1 0 0 0 0 0 0 1 0 
0 0 0 0 1 0 1 0 0 0 
1 0 0 0 0 0 0 0 1 0 
0 0 0 1 1 0 0 0 0 0 
0 0 1 0 0 0 1 0 0 0 
0 0 0 0 1 0 1 0 0 0 
0 1 0 0 0 1 0 0 0 0 
0 1 0 0 0 0 0 0 1 0 
Best Sequence: 
9 4 0 6 2 1 5 3 7 8 
0 0 1 0 1 0 0 0 0 0 
0 0 0 0 0 0 1 1 0 0 
0 1 1 0 0 0 0 0 0 0 
0 0 0 0 1 0 1 0 0 0 
0 0 0 0 1 0 0 0 0 1 
0 1 1 0 0 0 0 0 0 0 
1 0 1 0 0 0 0 0 0 0 
0 0 0 1 0 0 1 0 0 0 
0 0 0 0 0 0 0 1 1 0 
0 0 1 0 0 0 1 0 0 0 
0 0 1 1 0 0 0 0 0 0 
0 0 0 1 0 1 0 0 0 0 
0 0 0 0 0 1 0 0 0 1 
0 1 0 1 0 0 0 0 0 0 
0 0 1 0 0 0 0 0 0 1 
0 1 0 0 0 0 0 1 0 0 
0 0 0 1 1 0 0 0 0 0 
0 1 0 1 0 0 0 0 0 0 
0 0 0 0 0 1 1 0 0 0 
0 0 0 0 0 1 0 0 0 1 
OpenStacks: 10
Took 39.96 seconds

buffer: Warwick 945: balanced products, 2 products per order
numCustomers: 20
numProducts: 10
1 0 0 0 0 0 1 0 0 0 
1 0 0 0 0 0 0 1 0 0 
0 0 0 0 0 0 0 1 0 1 
0 0 0 0 0 1 0 0 0 1 
0 1 0 0 0 1 0 0 0 0 
0 1 0 0 0 0 1 0 0 0 
0 1 0 0 1 0 0 0 0 0 
0 1 0 0 1 0 0 0 0 0 
0 0 1 0 0 0 0 0 1 0 
0 0 0 0 1 0 0 1 0 0 
1 0 0 0 0 0 0 1 0 0 
1 0 1 0 0 0 0 0 0 0 
1 0 0 0 0 0 1 0 0 0 
0 0 0 0 0 1 0 0 1 0 
0 0 0 0 0 1 1 0 0 0 
0 0 0 1 1 0 0 0 0 0 
0 0 0 0 1 0 0 0 0 1 
0 0 0 0 1 0 0 1 0 0 
0 0 0 0 0 1 0 1 0 0 
0 1 0 0 0 0 0 0 0 1 
Best Sequence: 
9 4 3 1 7 0 5 2 6 8 
0 0 0 0 0 1 0 0 1 0 
0 0 0 0 1 1 0 0 0 0 
1 0 0 0 1 0 0 0 0 0 
1 0 0 0 0 0 1 0 0 0 
0 0 0 1 0 0 1 0 0 0 
0 0 0 1 0 0 0 0 1 0 
0 1 0 1 0 0 0 0 0 0 
0 1 0 1 0 0 0 0 0 0 
0 0 0 0 0 0 0 1 0 1 
0 1 0 0 1 0 0 0 0 0 
0 0 0 0 1 1 0 0 0 0 
0 0 0 0 0 1 0 1 0 0 
0 0 0 0 0 1 0 0 1 0 
0 0 0 0 0 0 1 0 0 1 
0 0 0 0 0 0 1 0 1 0 
0 1 1 0 0 0 0 0 0 0 
1 1 0 0 0 0 0 0 0 0 
0 1 0 0 1 0 0 0 0 0 
0 0 0 0 1 0 1 0 0 0 
1 0 0 1 0 0 0 0 0 0 
OpenStacks: 9
Took 39.53 seconds

buffer: Warwick 946: balanced products, 2 products per order
numCustomers: 20
numProducts: 10
0 0 0 0 0 1 0 1 0 0 
0 1 0 0 0 1 0 0 0 0 
0 1 0 0 0 0 0 1 0 0 
0 0 0 1 0 0 1 0 0 0 
0 1 0 0 0 1 0 0 0 0 
0 0 0 0 0 1 0 1 0 0 
0 0 0 0 0 0 1 0 0 1 
0 0 0 0 0 0 0 1 0 1 
0 0 1 0 0 0 0 1 0 0 
0 1 0 0 0 0 0 1 0 0 
0 0 0 0 0 1 1 0 0 0 
0 0 0 0 0 1 0 0 1 0 
1 0 0 0 0 0 0 0 1 0 
1 0 0 0 0 1 0 0 0 0 
0 0 0 1 0 0 0 0 1 0 
0 0 0 0 0 0 1 0 0 1 
0 0 0 1 0 0 1 0 0 0 
0 1 0 0 1 0 0 0 0 0 
0 1 0 0 0 0 0 0 1 0 
0 1 0 0 0 0 0 0 0 1 
Best Sequence: 
9 8 3 6 0 5 1 4 2 7 
0 0 0 0 0 1 0 0 0 1 
0 0 0 0 0 1 1 0 0 0 
0 0 0 0 0 0 1 0 0 1 
0 0 1 1 0 0 0 0 0 0 
0 0 0 0 0 1 1 0 0 0 
0 0 0 0 0 1 0 0 0 1 
1 0 0 1 0 0 0 0 0 0 
1 0 0 0 0 0 0 0 0 1 
0 0 0 0 0 0 0 0 1 1 
0 0 0 0 0 0 1 0 0 1 
0 0 0 1 0 1 0 0 0 0 
0 1 0 0 0 1 0 0 0 0 
0 1 0 0 1 0 0 0 0 0 
0 0 0 0 1 1 0 0 0 0 
0 1 1 0 0 0 0 0 0 0 
1 0 0 1 0 0 0 0 0 0 
0 0 1 1 0 0 0 0 0 0 
0 0 0 0 0 0 1 1 0 0 
0 1 0 0 0 0 1 0 0 0 
1 0 0 0 0 0 1 0 0 0 
OpenStacks: 10
Took 39.36 seconds

buffer: Warwick 947: balanced products, 2 products per order
numCustomers: 20
numProducts: 10
0 0 1 1 0 0 0 0 0 0 
0 0 0 1 1 0 0 0 0 0 
0 0 1 0 0 1 0 0 0 0 
0 0 1 0 0 0 1 0 0 0 
0 0 1 0 0 1 0 0 0 0 
0 0 0 0 0 1 0 0 0 1 
0 0 0 0 0 0 0 0 1 1 
0 1 0 0 0 0 0 1 0 0 
0 0 1 0 0 1 0 0 0 0 
0 1 0 0 1 0 0 0 0 0 
0 1 0 0 0 0 0 1 0 0 
1 0 0 0 0 0 0 1 0 0 
0 1 0 0 1 0 0 0 0 0 
0 0 0 0 0 1 1 0 0 0 
1 0 0 0 1 0 0 0 0 0 
0 0 0 0 0 0 1 0 0 1 
0 0 0 0 0 0 0 0 1 1 
0 0 0 0 1 1 0 0 0 0 
0 1 1 0 0 0 0 0 0 0 
0 1 0 0 0 0 1 0 0 0 
Best Sequence: 
9 8 6 5 2 1 3 4 0 7 
0 0 0 0 1 0 1 0 0 0 
0 0 0 0 0 0 1 1 0 0 
0 0 0 1 1 0 0 0 0 0 
0 0 1 0 1 0 0 0 0 0 
0 0 0 1 1 0 0 0 0 0 
1 0 0 1 0 0 0 0 0 0 
1 1 0 0 0 0 0 0 0 0 
0 0 0 0 0 1 0 0 0 1 
0 0 0 1 1 0 0 0 0 0 
0 0 0 0 0 1 0 1 0 0 
0 0 0 0 0 1 0 0 0 1 
0 0 0 0 0 0 0 0 1 1 
0 0 0 0 0 1 0 1 0 0 
0 0 1 1 0 0 0 0 0 0 
0 0 0 0 0 0 0 1 1 0 
1 0 1 0 0 0 0 0 0 0 
1 1 0 0 0 0 0 0 0 0 
0 0 0 1 0 0 0 1 0 0 
0 0 0 0 1 1 0 0 0 0 
0 0 1 0 0 1 0 0 0 0 
OpenStacks: 8
Took 39.68 seconds

buffer: Warwick 948: balanced products, 2 products per order
numCustomers: 20
numProducts: 10
1 0 0 0 0 0 1 0 0 0 
1 0 0 0 0 0 0 0 1 0 
0 1 0 0 0 0 0 0 0 1 
0 0 0 1 0 1 0 0 0 0 
1 1 0 0 0 0 0 0 0 0 
0 0 1 0 0 0 1 0 0 0 
0 0 0 0 0 0 1 0 1 0 
0 1 0 0 0 1 0 0 0 0 
0 0 1 0 1 0 0 0 0 0 
0 0 0 0 1 0 0 1 0 0 
0 1 0 1 0 0 0 0 0 0 
0 1 0 0 0 1 0 0 0 0 
0 0 1 0 0 0 0 1 0 0 
0 0 0 0 0 0 0 1 0 1 
0 0 0 0 1 0 0 1 0 0 
0 1 0 0 0 0 1 0 0 0 
0 0 0 1 0 0 0 1 0 0 
0 1 0 0 0 0 0 0 0 1 
1 0 0 0 0 0 0 1 0 0 
0 0 1 0 0 0 0 0 1 0 
Best Sequence: 
9 1 5 3 7 0 4 2 6 8 
0 0 0 0 0 1 0 0 1 0 
0 0 0 0 0 1 0 0 0 1 
1 1 0 0 0 0 0 0 0 0 
0 0 1 1 0 0 0 0 0 0 
0 1 0 0 0 1 0 0 0 0 
0 0 0 0 0 0 0 1 1 0 
0 0 0 0 0 0 0 0 1 1 
0 1 1 0 0 0 0 0 0 0 
0 0 0 0 0 0 1 1 0 0 
0 0 0 0 1 0 1 0 0 0 
0 1 0 1 0 0 0 0 0 0 
0 1 1 0 0 0 0 0 0 0 
0 0 0 0 1 0 0 1 0 0 
1 0 0 0 1 0 0 0 0 0 
0 0 0 0 1 0 1 0 0 0 
0 1 0 0 0 0 0 0 1 0 
0 0 0 1 1 0 0 0 0 0 
1 1 0 0 0 0 0 0 0 0 
0 0 0 0 1 1 0 0 0 0 
0 0 0 0 0 0 0 1 0 1 
OpenStacks: 8
Took 40.09 seconds

buffer: Warwick 949: balanced products, 2 products per order
numCustomers: 20
numProducts: 10
0 0 0 0 1 1 0 0 0 0 
0 1 0 0 1 0 0 0 0 0 
0 0 0 0 1 1 0 0 0 0 
1 0 0 0 1 0 0 0 0 0 
0 0 1 0 0 0 0 1 0 0 
1 0 0 0 1 0 0 0 0 0 
1 0 0 0 0 0 0 0 1 0 
0 1 0 0 1 0 0 0 0 0 
0 0 1 0 0 0 1 0 0 0 
0 0 1 0 0 0 1 0 0 0 
0 0 0 0 0 0 1 0 1 0 
1 0 0 1 0 0 0 0 0 0 
0 0 1 0 0 0 0 0 0 1 
0 0 0 0 1 0 0 0 1 0 
0 1 0 0 0 0 0 0 0 1 
1 0 0 0 0 0 1 0 0 0 
0 1 1 0 0 0 0 0 0 0 
0 0 0 0 0 1 0 1 0 0 
1 0 0 0 1 0 0 0 0 0 
0 1 0 0 0 0 0 0 1 0 
Best Sequence: 
9 8 6 2 1 3 0 5 4 7 
0 0 0 0 0 0 0 1 1 0 
0 0 0 0 1 0 0 0 1 0 
0 0 0 0 0 0 0 1 1 0 
0 0 0 0 0 0 1 0 1 0 
0 0 0 1 0 0 0 0 0 1 
0 0 0 0 0 0 1 0 1 0 
0 1 0 0 0 0 1 0 0 0 
0 0 0 0 1 0 0 0 1 0 
0 0 1 1 0 0 0 0 0 0 
0 0 1 1 0 0 0 0 0 0 
0 1 1 0 0 0 0 0 0 0 
0 0 0 0 0 1 1 0 0 0 
1 0 0 1 0 0 0 0 0 0 
0 1 0 0 0 0 0 0 1 0 
1 0 0 0 1 0 0 0 0 0 
0 0 1 0 0 0 1 0 0 0 
0 0 0 1 1 0 0 0 0 0 
0 0 0 0 0 0 0 1 0 1 
0 0 0 0 0 0 1 0 1 0 
0 1 0 0 1 0 0 0 0 0 
OpenStacks: 10
Took 39.83 seconds

buffer: Warwick 950: balanced products, 2 products per order
numCustomers: 20
numProducts: 10
1 0 0 0 0 0 0 1 0 0 
1 0 0 0 1 0 0 0 0 0 
0 0 0 1 0 0 0 0 1 0 
0 1 1 0 0 0 0 0 0 0 
0 1 0 1 0 0 0 0 0 0 
0 1 0 0 0 0 1 0 0 0 
0 0 0 0 1 0 0 0 0 1 
1 0 0 0 0 0 0 0 0 1 
0 0 1 0 0 0 1 0 0 0 
1 0 0 0 1 0 0 0 0 0 
1 0 0 0 0 1 0 0 0 0 
0 0 1 0 0 0 0 0 0 1 
0 0 0 0 0 1 1 0 0 0 
1 0 0 0 0 0 0 0 1 0 
1 0 1 0 0 0 0 0 0 0 
0 1 0 0 1 0 0 0 0 0 
0 0 0 0 0 1 0 1 0 0 
0 0 1 0 0 0 0 0 0 1 
0 0 0 1 0 0 0 1 0 0 
0 0 1 0 1 0 0 0 0 0 
Best Sequence: 
9 2 6 1 4 0 3 5 7 8 
0 0 0 0 0 1 0 0 1 0 
0 0 0 0 1 1 0 0 0 0 
0 0 0 0 0 0 1 0 0 1 
0 1 0 1 0 0 0 0 0 0 
0 0 0 1 0 0 1 0 0 0 
0 0 1 1 0 0 0 0 0 0 
1 0 0 0 1 0 0 0 0 0 
1 0 0 0 0 1 0 0 0 0 
0 1 1 0 0 0 0 0 0 0 
0 0 0 0 1 1 0 0 0 0 
0 0 0 0 0 1 0 1 0 0 
1 1 0 0 0 0 0 0 0 0 
0 0 1 0 0 0 0 1 0 0 
0 0 0 0 0 1 0 0 0 1 
0 1 0 0 0 1 0 0 0 0 
0 0 0 1 1 0 0 0 0 0 
0 0 0 0 0 0 0 1 1 0 
1 1 0 0 0 0 0 0 0 0 
0 0 0 0 0 0 1 0 1 0 
0 1 0 0 1 0 0 0 0 0 
OpenStacks: 9
Took 40.22 seconds

buffer: Warwick 951: balanced products, 3 products per order
numCustomers: 20
numProducts: 10
1 0 0 1 0 1 0 0 0 0 
0 0 0 0 0 1 0 1 0 1 
0 1 1 1 0 0 0 0 0 0 
1 0 0 1 0 0 0 0 0 1 
0 0 1 0 0 1 0 0 1 0 
0 1 0 0 1 0 0 1 0 0 
0 1 0 0 0 0 0 0 1 1 
0 0 1 0 0 1 0 0 0 1 
1 0 1 1 0 0 0 0 0 0 
1 1 1 0 0 0 0 0 0 0 
1 0 0 0 1 1 0 0 0 0 
0 0 0 0 0 0 1 1 1 0 
0 0 0 0 1 1 0 0 1 0 
0 1 0 1 0 0 1 0 0 0 
1 0 1 0 0 0 1 0 0 0 
0 0 0 0 1 0 0 1 0 1 
0 0 0 1 0 0 1 1 0 0 
0 0 0 1 0 1 0 0 1 0 
0 1 0 0 1 0 0 1 0 0 
0 1 0 0 0 0 0 0 1 1 
Best Sequence: 
9 7 4 1 8 3 5 2 0 6 
0 0 0 0 0 1 1 0 1 0 
1 1 0 0 0 0 1 0 0 0 
0 0 0 1 0 1 0 1 0 0 
1 0 0 0 0 1 0 0 1 0 
0 0 0 0 1 0 1 1 0 0 
0 1 1 1 0 0 0 0 0 0 
1 0 0 1 1 0 0 0 0 0 
1 0 0 0 0 0 1 1 0 0 
0 0 0 0 0 1 0 1 1 0 
0 0 0 1 0 0 0 1 1 0 
0 0 1 0 0 0 1 0 1 0 
0 1 0 0 1 0 0 0 0 1 
0 0 1 0 1 0 1 0 0 0 
0 0 0 1 0 1 0 0 0 1 
0 0 0 0 0 0 0 1 1 1 
1 1 1 0 0 0 0 0 0 0 
0 1 0 0 0 1 0 0 0 1 
0 0 0 0 1 1 1 0 0 0 
0 1 1 1 0 0 0 0 0 0 
1 0 0 1 1 0 0 0 0 0 
OpenStacks: 14
Took 39.5 seconds

buffer: Warwick 952: balanced products, 3 products per order
numCustomers: 20
numProducts: 10
0 1 1 0 0 0 0 1 0 0 
0 0 1 1 0 0 1 0 0 0 
0 0 0 0 0 1 0 1 1 0 
0 1 0 0 0 1 1 0 0 0 
0 1 0 1 0 0 0 0 0 1 
1 0 1 1 0 0 0 0 0 0 
0 1 0 0 0 1 0 0 1 0 
0 0 0 0 0 1 1 0 0 1 
0 0 0 0 1 1 0 0 0 1 
0 1 1 0 0 0 0 1 0 0 
0 0 0 1 0 1 1 0 0 0 
0 1 0 0 1 0 0 0 1 0 
0 0 0 1 0 1 1 0 0 0 
0 0 0 0 0 1 0 0 1 1 
0 0 1 1 0 1 0 0 0 0 
0 1 0 0 0 1 0 0 0 1 
0 0 0 0 1 0 1 0 1 0 
0 1 0 0 0 0 0 1 1 0 
0 0 0 0 0 0 0 1 1 1 
0 1 0 0 0 0 0 1 1 0 
Best Sequence: 
9 6 5 0 3 2 1 4 7 8 
0 0 0 0 0 1 1 0 1 0 
0 1 0 0 1 1 0 0 0 0 
0 0 1 0 0 0 0 0 1 1 
0 1 1 0 0 0 1 0 0 0 
1 0 0 0 1 0 1 0 0 0 
0 0 0 1 1 1 0 0 0 0 
0 0 1 0 0 0 1 0 0 1 
1 1 1 0 0 0 0 0 0 0 
1 0 1 0 0 0 0 1 0 0 
0 0 0 0 0 1 1 0 1 0 
0 1 1 0 1 0 0 0 0 0 
0 0 0 0 0 0 1 1 0 1 
0 1 1 0 1 0 0 0 0 0 
1 0 1 0 0 0 0 0 0 1 
0 0 1 0 1 1 0 0 0 0 
1 0 1 0 0 0 1 0 0 0 
0 1 0 0 0 0 0 1 0 1 
0 0 0 0 0 0 1 0 1 1 
1 0 0 0 0 0 0 0 1 1 
0 0 0 0 0 0 1 0 1 1 
OpenStacks: 14
Took 39.05 seconds

buffer: Warwick 953: balanced products, 3 products per order
numCustomers: 20
numProducts: 10
0 0 0 0 1 0 0 1 0 1 
1 0 0 0 1 1 0 0 0 0 
1 1 0 1 0 0 0 0 0 0 
0 0 1 1 0 1 0 0 0 0 
0 0 1 0 0 0 1 1 0 0 
0 0 0 0 1 1 0 1 0 0 
1 0 1 0 0 0 0 0 0 1 
1 0 0 0 1 0 0 1 0 0 
0 0 1 0 0 0 1 1 0 0 
0 0 1 1 0 0 1 0 0 0 
0 0 1 0 0 0 1 1 0 0 
0 1 1 0 0 0 1 0 0 0 
0 0 1 0 0 0 0 0 1 1 
0 0 0 0 1 0 0 0 1 1 
0 0 0 0 0 0 1 0 1 1 
1 1 0 0 1 0 0 0 0 0 
0 0 1 0 1 0 1 0 0 0 
1 0 0 0 0 1 1 0 0 0 
1 1 0 0 1 0 0 0 0 0 
1 0 0 1 0 0 0 0 0 1 
Best Sequence: 
9 8 4 1 0 3 5 6 2 7 
1 0 1 0 0 0 0 0 0 1 
0 0 1 0 1 0 1 0 0 0 
0 0 0 1 1 1 0 0 0 0 
0 0 0 0 0 1 1 0 1 0 
0 0 0 0 0 0 0 1 1 1 
0 0 1 0 0 0 1 0 0 1 
1 0 0 0 1 0 0 0 1 0 
0 0 1 0 1 0 0 0 0 1 
0 0 0 0 0 0 0 1 1 1 
0 0 0 0 0 1 0 1 1 0 
0 0 0 0 0 0 0 1 1 1 
0 0 0 1 0 0 0 1 1 0 
1 1 0 0 0 0 0 0 1 0 
1 1 1 0 0 0 0 0 0 0 
1 1 0 0 0 0 0 1 0 0 
0 0 1 1 1 0 0 0 0 0 
0 0 1 0 0 0 0 1 1 0 
0 0 0 0 1 0 1 1 0 0 
0 0 1 1 1 0 0 0 0 0 
1 0 0 0 1 1 0 0 0 0 
OpenStacks: 14
Took 39.42 seconds

buffer: Warwick 954: balanced products, 3 products per order
numCustomers: 20
numProducts: 10
1 0 0 1 0 0 0 0 1 0 
0 0 0 1 1 0 1 0 0 0 
0 0 1 0 0 0 0 1 0 1 
0 0 0 0 0 1 1 0 1 0 
1 1 0 0 0 0 0 0 0 1 
0 1 0 0 0 0 1 0 0 1 
0 0 1 0 0 0 1 0 0 1 
0 0 0 0 0 0 0 1 1 1 
0 0 0 0 0 1 1 0 0 1 
1 0 1 1 0 0 0 0 0 0 
0 0 0 1 0 1 0 0 1 0 
0 0 0 1 1 0 0 0 0 1 
0 1 0 0 1 1 0 0 0 0 
0 0 1 0 0 0 0 1 0 1 
0 0 0 0 0 1 1 0 0 1 
0 0 1 0 0 0 0 1 1 0 
1 0 0 1 0 0 0 0 0 1 
0 1 0 0 1 0 0 0 0 1 
0 1 0 1 0 1 0 0 0 0 
0 0 1 0 0 0 0 1 0 1 
Best Sequence: 
9 7 2 1 0 4 3 5 6 8 
0 0 0 0 1 0 1 0 0 1 
0 0 0 0 0 1 1 0 1 0 
1 1 1 0 0 0 0 0 0 0 
0 0 0 0 0 0 0 1 1 1 
1 0 0 1 1 0 0 0 0 0 
1 0 0 1 0 0 0 0 1 0 
1 0 1 0 0 0 0 0 1 0 
1 1 0 0 0 0 0 0 0 1 
1 0 0 0 0 0 0 1 1 0 
0 0 1 0 1 0 1 0 0 0 
0 0 0 0 0 0 1 1 0 1 
1 0 0 0 0 1 1 0 0 0 
0 0 0 1 0 1 0 1 0 0 
1 1 1 0 0 0 0 0 0 0 
1 0 0 0 0 0 0 1 1 0 
0 1 1 0 0 0 0 0 0 1 
1 0 0 0 1 0 1 0 0 0 
1 0 0 1 0 1 0 0 0 0 
0 0 0 1 0 0 1 1 0 0 
1 1 1 0 0 0 0 0 0 0 
OpenStacks: 14
Took 39.31 seconds

buffer: Warwick 955: balanced products, 3 products per order
numCustomers: 20
numProducts: 10
0 1 0 1 0 0 0 0 0 1 
0 0 1 0 0 1 0 0 0 1 
1 1 0 0 0 0 0 1 0 0 
0 0 1 0 0 1 1 0 0 0 
0 1 1 0 0 1 0 0 0 0 
0 0 0 0 1 1 0 1 0 0 
0 0 0 0 0 0 0 1 1 1 
0 1 0 1 0 0 0 0 1 0 
0 0 0 1 1 0 0 1 0 0 
0 0 0 0 1 1 0 0 0 1 
0 1 1 0 0 0 0 0 1 0 
0 0 1 1 0 1 0 0 0 0 
0 1 0 0 0 0 1 0 1 0 
0 0 0 0 0 0 1 1 1 0 
1 0 1 0 0 0 0 0 0 1 
0 1 0 1 1 0 0 0 0 0 
0 0 0 0 0 1 1 0 1 0 
0 1 1 0 0 0 0 0 0 1 
0 1 0 1 0 0 0 0 1 0 
0 1 0 1 0 0 1 0 0 0 
Best Sequence: 
9 2 0 1 3 4 5 6 7 8 
1 0 0 1 1 0 0 0 0 0 
1 1 0 0 0 0 1 0 0 0 
0 0 1 1 0 0 0 0 1 0 
0 1 0 0 0 0 1 1 0 0 
0 1 0 1 0 0 1 0 0 0 
0 0 0 0 0 1 1 0 1 0 
1 0 0 0 0 0 0 0 1 1 
0 0 0 1 1 0 0 0 0 1 
0 0 0 0 1 1 0 0 1 0 
1 0 0 0 0 1 1 0 0 0 
0 1 0 1 0 0 0 0 0 1 
0 1 0 0 1 0 1 0 0 0 
0 0 0 1 0 0 0 1 0 1 
0 0 0 0 0 0 0 1 1 1 
1 1 1 0 0 0 0 0 0 0 
0 0 0 1 1 1 0 0 0 0 
0 0 0 0 0 0 1 1 0 1 
1 1 0 1 0 0 0 0 0 0 
0 0 0 1 1 0 0 0 0 1 
0 0 0 1 1 0 0 1 0 0 
OpenStacks: 15
Took 39.39 seconds

buffer: Warwick 956: balanced products, 3 products per order
numCustomers: 20
numProducts: 10
0 1 0 0 0 1 0 0 0 1 
0 0 0 1 0 1 0 0 0 1 
0 0 1 0 0 1 0 0 0 1 
0 0 0 0 0 1 1 1 0 0 
1 0 0 0 0 0 0 0 1 1 
0 0 1 0 1 0 0 0 1 0 
1 0 0 0 0 1 0 0 1 0 
1 0 0 1 1 0 0 0 0 0 
0 0 0 0 1 0 1 0 0 1 
0 0 1 1 0 0 0 1 0 0 
0 0 1 1 0 1 0 0 0 0 
0 0 0 0 1 0 1 0 0 1 
0 1 1 0 0 0 0 1 0 0 
0 0 1 1 1 0 0 0 0 0 
0 0 1 0 0 0 0 1 0 1 
1 0 0 0 0 1 0 0 1 0 
0 0 0 1 1 0 0 0 0 1 
1 0 0 1 0 1 0 0 0 0 
0 0 0 1 0 0 1 0 0 1 
0 1 0 0 1 0 0 0 1 0 
