Solving by Dynamic Programming...
buffer: Warwick 511: balanced products, 2 products per order
numCustomers: 15
numProducts: 15
0 0 0 0 0 0 1 0 0 0 0 0 0 0 1 
1 1 0 0 0 0 0 0 0 0 0 0 0 0 0 
1 0 0 0 0 0 0 0 0 0 1 0 0 0 0 
0 0 0 1 0 0 0 1 0 0 0 0 0 0 0 
0 0 0 0 0 1 0 0 0 0 1 0 0 0 0 
0 0 0 0 0 1 0 0 1 0 0 0 0 0 0 
0 1 0 0 0 0 0 0 0 0 1 0 0 0 0 
0 0 0 0 0 0 0 1 0 0 0 0 1 0 0 
0 0 0 1 0 0 0 0 0 0 0 0 1 0 0 
0 0 0 0 0 0 0 1 1 0 0 0 0 0 0 
0 1 0 0 0 0 0 0 0 0 0 0 0 0 1 
0 0 0 0 0 0 1 0 0 1 0 0 0 0 0 
0 0 0 0 0 0 0 1 0 0 0 0 0 1 0 
0 0 1 0 0 0 0 0 0 0 1 0 0 0 0 
0 0 0 0 1 0 0 0 0 0 0 1 0 0 0 
Best Sequence: 
13 7 12 8 5 3 10 9 2 6 14 11 4 1 0 
0 0 0 0 0 0 0 0 0 1 1 0 0 0 0 
0 0 0 0 0 0 0 0 0 0 0 0 0 1 1 
0 0 0 0 0 0 1 0 0 0 0 0 0 0 1 
0 1 0 0 0 1 0 0 0 0 0 0 0 0 0 
0 0 0 0 1 0 1 0 0 0 0 0 0 0 0 
0 0 0 1 1 0 0 0 0 0 0 0 0 0 0 
0 0 0 0 0 0 1 0 0 0 0 0 0 1 0 
0 1 1 0 0 0 0 0 0 0 0 0 0 0 0 
0 0 1 0 0 1 0 0 0 0 0 0 0 0 0 
0 1 0 1 0 0 0 0 0 0 0 0 0 0 0 
0 0 0 0 0 0 0 0 0 0 1 0 0 1 0 
0 0 0 0 0 0 0 1 0 1 0 0 0 0 0 
1 1 0 0 0 0 0 0 0 0 0 0 0 0 0 
0 0 0 0 0 0 1 0 1 0 0 0 0 0 0 
0 0 0 0 0 0 0 0 0 0 0 1 1 0 0 
OpenStacks: 4
Took 6.88 seconds

buffer: Warwick 512: balanced products, 2 products per order
numCustomers: 15
numProducts: 15
0 0 1 0 1 0 0 0 0 0 0 0 0 0 0 
0 0 0 0 0 0 1 0 0 0 0 0 0 0 1 
1 0 0 0 0 0 0 1 0 0 0 0 0 0 0 
0 0 0 0 0 0 0 1 0 0 0 0 0 1 0 
0 1 0 0 0 0 0 0 0 0 0 0 1 0 0 
1 0 0 0 0 0 0 0 0 0 1 0 0 0 0 
0 1 1 0 0 0 0 0 0 0 0 0 0 0 0 
0 0 0 0 1 0 0 0 0 1 0 0 0 0 0 
0 0 0 0 0 0 0 0 1 0 0 0 0 0 1 
0 0 0 0 0 1 0 0 0 1 0 0 0 0 0 
0 0 0 1 0 1 0 0 0 0 0 0 0 0 0 
0 0 0 0 0 0 0 0 1 0 0 0 0 1 0 
0 0 0 0 0 0 1 0 0 0 1 0 0 0 0 
1 0 0 0 0 0 0 0 0 0 0 1 0 0 0 
0 0 0 0 0 0 0 0 0 1 0 1 0 0 0 
Best Sequence: 
14 8 13 6 10 7 0 11 9 5 4 12 3 2 1 
0 0 0 0 0 0 0 0 0 0 1 0 0 1 0 
1 0 0 1 0 0 0 0 0 0 0 0 0 0 0 
0 0 0 0 0 1 1 0 0 0 0 0 0 0 0 
0 0 1 0 0 1 0 0 0 0 0 0 0 0 0 
0 0 0 0 0 0 0 0 0 0 0 1 0 0 1 
0 0 0 0 1 0 1 0 0 0 0 0 0 0 0 
0 0 0 0 0 0 0 0 0 0 0 0 0 1 1 
0 0 0 0 0 0 0 0 1 0 1 0 0 0 0 
1 1 0 0 0 0 0 0 0 0 0 0 0 0 0 
0 0 0 0 0 0 0 0 1 1 0 0 0 0 0 
0 0 0 0 0 0 0 0 0 1 0 0 1 0 0 
0 1 1 0 0 0 0 0 0 0 0 0 0 0 0 
0 0 0 1 1 0 0 0 0 0 0 0 0 0 0 
0 0 0 0 0 0 1 1 0 0 0 0 0 0 0 
0 0 0 0 0 0 0 1 1 0 0 0 0 0 0 
OpenStacks: 3
Took 6.91 seconds

buffer: Warwick 513: balanced products, 2 products per order
numCustomers: 15
numProducts: 15
0 0 0 0 0 0 1 0 0 0 0 1 0 0 0 
0 1 0 0 0 0 1 0 0 0 0 0 0 0 0 
0 0 0 0 1 0 0 0 0 0 0 0 1 0 0 
0 0 0 0 0 0 0 1 0 1 0 0 0 0 0 
0 0 0 1 0 0 0 0 0 0 1 0 0 0 0 
0 0 0 0 1 0 0 0 0 0 0 0 1 0 0 
1 0 0 0 0 1 0 0 0 0 0 0 0 0 0 
0 0 0 0 1 0 0 0 0 0 0 0 0 1 0 
0 0 0 0 0 0 0 0 0 0 1 0 0 0 1 
0 1 0 0 0 0 0 0 0 1 0 0 0 0 0 
0 0 0 0 0 0 0 1 0 0 0 0 1 0 0 
0 0 1 0 0 0 0 0 0 0 0 0 0 1 0 
0 0 0 0 0 0 0 0 0 1 0 0 0 0 1 
0 0 0 0 0 0 0 1 1 0 0 0 0 0 0 
0 0 0 1 0 1 0 0 0 0 0 0 0 0 0 
Best Sequence: 
13 2 4 12 8 7 9 14 10 1 11 6 5 3 0 
0 0 0 0 0 0 0 0 0 0 1 1 0 0 0 
0 0 0 0 0 0 0 0 0 1 0 1 0 0 0 
0 0 1 1 0 0 0 0 0 0 0 0 0 0 0 
0 0 0 0 0 1 1 0 0 0 0 0 0 0 0 
0 0 0 0 0 0 0 0 1 0 0 0 0 1 0 
0 0 1 1 0 0 0 0 0 0 0 0 0 0 0 
0 0 0 0 0 0 0 0 0 0 0 0 1 0 1 
1 0 1 0 0 0 0 0 0 0 0 0 0 0 0 
0 0 0 0 0 0 0 1 1 0 0 0 0 0 0 
0 0 0 0 0 0 1 0 0 1 0 0 0 0 0 
0 0 0 1 0 1 0 0 0 0 0 0 0 0 0 
1 1 0 0 0 0 0 0 0 0 0 0 0 0 0 
0 0 0 0 0 0 1 1 0 0 0 0 0 0 0 
0 0 0 0 1 1 0 0 0 0 0 0 0 0 0 
0 0 0 0 0 0 0 0 0 0 0 0 1 1 0 
OpenStacks: 3
Took 6.89 seconds

buffer: Warwick 514: balanced products, 2 products per order
numCustomers: 15
numProducts: 15
0 0 0 0 0 0 0 0 0 0 1 0 1 0 0 
0 0 1 0 0 0 0 0 0 0 0 0 1 0 0 
0 1 1 0 0 0 0 0 0 0 0 0 0 0 0 
0 0 0 0 0 0 0 0 0 1 0 0 1 0 0 
1 0 0 0 0 0 0 0 0 0 0 0 1 0 0 
0 0 0 0 0 0 1 0 1 0 0 0 0 0 0 
1 0 0 0 0 1 0 0 0 0 0 0 0 0 0 
0 1 0 1 0 0 0 0 0 0 0 0 0 0 0 
0 0 0 1 0 0 1 0 0 0 0 0 0 0 0 
0 0 0 0 0 0 0 0 1 0 0 0 0 0 1 
0 0 0 0 0 0 0 1 1 0 0 0 0 0 0 
0 0 0 0 1 0 0 1 0 0 0 0 0 0 0 
0 0 0 0 0 0 0 0 0 1 0 0 0 1 0 
0 0 0 0 0 1 0 0 0 0 1 0 0 0 0 
0 0 0 0 0 0 1 0 0 0 0 1 0 0 0 
Best Sequence: 
14 8 7 11 4 6 3 2 1 12 10 13 9 5 0 
0 0 0 0 0 0 0 0 0 1 1 0 0 0 0 
0 0 0 0 0 0 0 1 0 1 0 0 0 0 0 
0 0 0 0 0 0 0 1 1 0 0 0 0 0 0 
0 0 0 0 0 0 0 0 0 1 0 0 1 0 0 
0 0 0 0 0 0 0 0 0 1 0 0 0 0 1 
0 1 0 0 0 1 0 0 0 0 0 0 0 0 0 
0 0 0 0 0 0 0 0 0 0 0 0 0 1 1 
0 0 0 0 0 0 1 0 1 0 0 0 0 0 0 
0 0 0 0 0 1 1 0 0 0 0 0 0 0 0 
1 1 0 0 0 0 0 0 0 0 0 0 0 0 0 
0 1 1 0 0 0 0 0 0 0 0 0 0 0 0 
0 0 1 0 1 0 0 0 0 0 0 0 0 0 0 
0 0 0 0 0 0 0 0 0 0 0 1 1 0 0 
0 0 0 0 0 0 0 0 0 0 1 0 0 1 0 
0 0 0 1 0 1 0 0 0 0 0 0 0 0 0 
OpenStacks: 4
Took 6.88 seconds

buffer: Warwick 515: balanced products, 2 products per order
numCustomers: 15
numProducts: 15
0 0 0 0 1 1 0 0 0 0 0 0 0 0 0 
0 0 0 0 0 0 0 0 1 0 0 0 1 0 0 
0 0 0 0 0 0 0 0 0 1 0 0 1 0 0 
0 0 0 0 1 0 1 0 0 0 0 0 0 0 0 
0 1 0 0 0 0 0 0 0 1 0 0 0 0 0 
0 0 0 0 0 0 1 0 0 1 0 0 0 0 0 
0 0 0 0 0 0 0 0 0 0 0 1 0 1 0 
0 0 0 0 0 0 0 0 0 0 1 1 0 0 0 
0 0 1 1 0 0 0 0 0 0 0 0 0 0 0 
0 0 0 0 0 0 1 0 0 0 0 0 0 0 1 
0 0 0 1 0 0 0 0 0 0 0 0 0 1 0 
0 0 0 0 0 0 1 0 0 0 0 0 1 0 0 
1 0 0 0 0 0 0 1 0 0 0 0 0 0 0 
1 1 0 0 0 0 0 0 0 0 0 0 0 0 0 
0 0 0 0 0 0 0 0 0 1 0 0 0 1 0 
Best Sequence: 
14 6 5 4 12 8 9 13 11 10 7 3 2 1 0 
0 0 1 1 0 0 0 0 0 0 0 0 0 0 0 
0 0 0 0 1 1 0 0 0 0 0 0 0 0 0 
0 0 0 0 1 0 1 0 0 0 0 0 0 0 0 
0 1 0 1 0 0 0 0 0 0 0 0 0 0 0 
0 0 0 0 0 0 1 0 0 0 0 0 0 1 0 
0 1 0 0 0 0 1 0 0 0 0 0 0 0 0 
0 0 0 0 0 0 0 1 1 0 0 0 0 0 0 
0 0 0 0 0 0 0 0 1 1 0 0 0 0 0 
0 0 0 0 0 0 0 0 0 0 0 1 1 0 0 
1 1 0 0 0 0 0 0 0 0 0 0 0 0 0 
0 0 0 0 0 0 0 1 0 0 0 1 0 0 0 
0 1 0 0 1 0 0 0 0 0 0 0 0 0 0 
0 0 0 0 0 0 0 0 0 0 1 0 0 0 1 
0 0 0 0 0 0 0 0 0 0 0 0 0 1 1 
0 0 0 0 0 0 1 1 0 0 0 0 0 0 0 
OpenStacks: 4
Took 6.87 seconds

buffer: Warwick 516: balanced products, 2 products per order
numCustomers: 15
numProducts: 15
0 1 0 1 0 0 0 0 0 0 0 0 0 0 0 
0 0 0 0 0 0 0 1 0 0 1 0 0 0 0 
0 0 0 0 0 0 0 0 0 0 0 1 0 1 0 
0 0 0 0 0 0 1 0 0 1 0 0 0 0 0 
0 1 1 0 0 0 0 0 0 0 0 0 0 0 0 
0 0 0 0 0 0 0 0 0 1 0 1 0 0 0 
0 0 0 0 0 0 0 0 1 0 0 0 0 0 1 
0 0 0 1 0 0 0 0 1 0 0 0 0 0 0 
1 0 0 0 0 0 0 0 0 0 0 0 1 0 0 
1 0 0 0 0 0 0 1 0 0 0 0 0 0 0 
1 0 1 0 0 0 0 0 0 0 0 0 0 0 0 
0 0 0 0 1 0 0 0 0 0 1 0 0 0 0 
0 0 0 0 0 1 0 0 0 0 0 0 1 0 0 
0 0 0 0 0 0 1 0 1 0 0 0 0 0 0 
0 0 0 0 1 1 0 0 0 0 0 0 0 0 0 
Best Sequence: 
13 11 9 6 14 8 3 2 1 0 12 7 10 5 4 
0 0 0 0 0 0 1 0 1 0 0 0 0 0 0 
0 0 0 0 0 0 0 0 0 0 0 1 1 0 0 
1 1 0 0 0 0 0 0 0 0 0 0 0 0 0 
0 0 1 1 0 0 0 0 0 0 0 0 0 0 0 
0 0 0 0 0 0 0 1 1 0 0 0 0 0 0 
0 1 1 0 0 0 0 0 0 0 0 0 0 0 0 
0 0 0 0 1 1 0 0 0 0 0 0 0 0 0 
0 0 0 0 0 1 1 0 0 0 0 0 0 0 0 
0 0 0 0 0 0 0 0 0 1 1 0 0 0 0 
0 0 0 0 0 0 0 0 0 1 0 1 0 0 0 
0 0 0 0 0 0 0 1 0 1 0 0 0 0 0 
0 0 0 0 0 0 0 0 0 0 0 0 1 0 1 
0 0 0 0 0 0 0 0 0 0 1 0 0 1 0 
0 0 0 1 0 1 0 0 0 0 0 0 0 0 0 
0 0 0 0 0 0 0 0 0 0 0 0 0 1 1 
OpenStacks: 3
Took 6.87 seconds

buffer: Warwick 517: balanced products, 2 products per order
numCustomers: 15
numProducts: 15
0 0 0 0 0 0 0 0 0 1 1 0 0 0 0 
0 0 0 1 0 0 0 0 0 0 0 0 0 0 1 
0 0 0 0 0 0 0 1 0 0 0 0 0 1 0 
0 0 0 0 0 0 1 0 0 0 0 0 1 0 0 
0 0 0 0 0 0 0 0 0 1 0 0 0 0 1 
0 0 0 0 0 0 0 0 1 0 0 1 0 0 0 
0 0 0 0 0 1 0 0 0 0 0 1 0 0 0 
0 0 1 0 1 0 0 0 0 0 0 0 0 0 0 
0 0 0 0 1 0 0 0 0 0 0 0 1 0 0 
0 0 0 0 0 1 1 0 0 0 0 0 0 0 0 
1 0 0 0 0 0 0 0 0 0 0 0 1 0 0 
0 1 0 0 0 0 0 0 1 0 0 0 0 0 0 
0 0 1 0 0 0 0 0 0 0 1 0 0 0 0 
0 0 0 0 1 1 0 0 0 0 0 0 0 0 0 
0 0 0 0 0 0 1 0 0 0 0 1 0 0 0 
Best Sequence: 
8 1 11 6 5 12 4 14 3 9 10 13 7 2 0 
0 0 0 0 0 0 0 0 0 1 1 0 0 0 0 
0 0 0 0 0 0 0 1 1 0 0 0 0 0 0 
0 0 0 0 0 0 0 0 0 0 0 1 1 0 0 
0 0 0 1 0 1 0 0 0 0 0 0 0 0 0 
0 0 0 0 0 0 0 1 0 1 0 0 0 0 0 
1 0 1 0 0 0 0 0 0 0 0 0 0 0 0 
0 0 1 0 1 0 0 0 0 0 0 0 0 0 0 
0 0 0 0 0 0 1 0 0 0 0 0 0 1 0 
0 0 0 0 0 1 1 0 0 0 0 0 0 0 0 
0 0 0 1 1 0 0 0 0 0 0 0 0 0 0 
0 0 0 0 0 1 0 0 0 0 0 0 0 0 1 
1 1 0 0 0 0 0 0 0 0 0 0 0 0 0 
0 0 0 0 0 0 0 0 0 0 1 0 0 1 0 
0 0 0 0 1 0 1 0 0 0 0 0 0 0 0 
0 0 1 1 0 0 0 0 0 0 0 0 0 0 0 
OpenStacks: 4
Took 6.88 seconds

buffer: Warwick 518: balanced products, 2 products per order
numCustomers: 15
numProducts: 15
0 0 0 1 0 0 0 0 0 0 0 0 1 0 0 
0 0 0 0 0 1 0 1 0 0 0 0 0 0 0 
0 0 0 0 0 0 0 1 0 0 0 0 1 0 0 
0 1 0 0 0 0 0 1 0 0 0 0 0 0 0 
0 0 0 0 0 0 0 1 0 0 0 0 0 1 0 
0 0 0 0 0 0 1 0 0 1 0 0 0 0 0 
0 0 0 0 0 0 0 0 0 0 1 0 0 1 0 
0 0 0 0 1 0 0 0 0 0 0 1 0 0 0 
1 0 0 0 0 0 0 0 0 0 0 0 0 0 1 
1 0 0 0 0 0 0 1 0 0 0 0 0 0 0 
0 0 1 0 0 0 0 0 1 0 0 0 0 0 0 
1 0 0 0 0 0 0 0 1 0 0 0 0 0 0 
0 0 0 0 1 0 0 1 0 0 0 0 0 0 0 
1 0 0 0 0 0 0 0 0 0 0 1 0 0 0 
0 0 0 0 1 0 0 0 0 0 0 0 0 0 1 
Best Sequence: 
13 10 7 5 4 14 12 11 9 6 3 8 2 1 0 
0 0 0 0 0 0 1 0 0 0 1 0 0 0 0 
0 0 1 1 0 0 0 0 0 0 0 0 0 0 0 
0 0 1 0 0 0 1 0 0 0 0 0 0 0 0 
0 0 1 0 0 0 0 0 0 0 0 0 0 1 0 
1 0 1 0 0 0 0 0 0 0 0 0 0 0 0 
0 0 0 0 0 0 0 0 1 1 0 0 0 0 0 
1 1 0 0 0 0 0 0 0 0 0 0 0 0 0 
0 0 0 0 1 0 0 1 0 0 0 0 0 0 0 
0 0 0 0 0 1 0 0 0 0 0 0 0 0 1 
0 0 1 0 0 0 0 0 0 0 0 0 0 0 1 
0 0 0 0 0 0 0 0 0 0 0 1 1 0 0 
0 0 0 0 0 0 0 0 0 0 0 1 0 0 1 
0 0 1 0 1 0 0 0 0 0 0 0 0 0 0 
0 0 0 0 0 0 0 1 0 0 0 0 0 0 1 
0 0 0 0 1 1 0 0 0 0 0 0 0 0 0 
OpenStacks: 6
Took 6.87 seconds

buffer: Warwick 519: balanced products, 2 products per order
numCustomers: 15
numProducts: 15
0 0 0 0 0 0 0 0 0 0 1 0 0 0 1 
0 0 0 1 0 0 0 0 0 0 0 0 1 0 0 
0 1 0 0 0 0 0 0 0 1 0 0 0 0 0 
0 0 0 0 0 0 0 0 0 0 1 0 0 1 0 
1 0 0 0 0 0 0 1 0 0 0 0 0 0 0 
1 0 0 0 0 1 0 0 0 0 0 0 0 0 0 
0 1 0 0 0 0 0 0 0 0 0 0 1 0 0 
0 0 0 0 0 1 0 1 0 0 0 0 0 0 0 
0 0 1 0 0 0 0 0 0 0 0 1 0 0 0 
0 0 0 0 1 0 0 0 0 0 1 0 0 0 0 
0 0 0 0 0 0 0 0 1 0 1 0 0 0 0 
0 0 0 0 0 1 1 0 0 0 0 0 0 0 0 
1 0 0 0 0 0 0 0 0 0 0 0 1 0 0 
0 0 0 0 0 1 0 1 0 0 0 0 0 0 0 
0 0 0 0 1 0 0 0 0 1 0 0 0 0 0 
Best Sequence: 
14 13 10 9 8 4 12 3 1 0 7 5 11 6 2 
1 0 1 0 0 0 0 0 0 0 0 0 0 0 0 
0 0 0 0 0 0 1 1 0 0 0 0 0 0 0 
0 0 0 1 0 0 0 0 1 0 0 0 0 0 0 
0 1 1 0 0 0 0 0 0 0 0 0 0 0 0 
0 0 0 0 0 0 0 0 0 1 1 0 0 0 0 
0 0 0 0 0 0 0 0 0 1 0 1 0 0 0 
0 0 0 0 0 0 1 0 1 0 0 0 0 0 0 
0 0 0 0 0 0 0 0 0 0 1 1 0 0 0 
0 0 0 0 0 0 0 0 0 0 0 0 1 0 1 
0 0 1 0 0 1 0 0 0 0 0 0 0 0 0 
0 0 1 0 1 0 0 0 0 0 0 0 0 0 0 
0 0 0 0 0 0 0 0 0 0 0 1 0 1 0 
0 0 0 0 0 0 1 0 0 1 0 0 0 0 0 
0 0 0 0 0 0 0 0 0 0 1 1 0 0 0 
0 0 0 1 0 1 0 0 0 0 0 0 0 0 0 
OpenStacks: 4
Took 6.89 seconds

buffer: Warwick 520: balanced products, 2 products per order
numCustomers: 15
numProducts: 15
0 0 0 0 0 0 0 0 0 1 0 0 0 1 0 
0 1 0 0 0 0 0 1 0 0 0 0 0 0 0 
0 0 0 0 0 0 0 0 0 0 0 1 0 0 1 
0 0 0 0 0 1 0 0 0 0 0 0 1 0 0 
0 0 0 1 0 0 0 0 0 0 0 0 0 0 1 
0 0 0 0 0 0 1 0 1 0 0 0 0 0 0 
0 0 0 0 0 0 0 0 0 0 0 0 0 1 1 
0 0 0 0 0 0 0 0 0 0 1 0 0 1 0 
0 1 0 0 0 0 1 0 0 0 0 0 0 0 0 
1 0 0 0 0 0 0 0 0 0 0 0 0 0 1 
0 0 1 0 1 0 0 0 0 0 0 0 0 0 0 
0 0 1 1 0 0 0 0 0 0 0 0 0 0 0 
0 0 0 0 0 0 0 0 1 0 0 0 0 1 0 
0 0 0 0 0 0 0 0 0 0 0 1 0 1 0 
0 0 0 0 0 0 0 1 0 0 0 0 0 1 0 
Best Sequence: 
13 10 11 9 14 12 8 7 6 5 4 3 2 1 0 
1 0 0 1 0 0 0 0 0 0 0 0 0 0 0 
0 0 0 0 0 0 0 1 0 0 0 0 0 1 0 
0 0 1 0 1 0 0 0 0 0 0 0 0 0 0 
0 0 0 0 0 1 0 0 0 1 0 0 0 0 0 
0 0 0 0 1 0 0 0 0 0 0 1 0 0 0 
0 0 0 0 0 0 1 0 1 0 0 0 0 0 0 
1 0 0 0 1 0 0 0 0 0 0 0 0 0 0 
1 1 0 0 0 0 0 0 0 0 0 0 0 0 0 
0 0 0 0 0 0 0 0 1 0 0 0 0 1 0 
0 0 0 0 1 0 0 0 0 0 0 0 0 0 1 
0 0 0 0 0 0 0 0 0 0 1 0 1 0 0 
0 0 0 0 0 0 0 0 0 0 0 1 1 0 0 
1 0 0 0 0 0 1 0 0 0 0 0 0 0 0 
1 0 1 0 0 0 0 0 0 0 0 0 0 0 0 
1 0 0 0 0 0 0 1 0 0 0 0 0 0 0 
OpenStacks: 6
Took 6.88 seconds

buffer: Warwick 521: balanced products, 3 products per order
numCustomers: 15
numProducts: 15
0 0 1 1 0 0 0 0 0 1 0 0 0 0 0 
1 0 0 0 0 0 0 0 0 0 0 1 0 0 1 
0 0 0 0 0 1 0 1 0 0 0 0 0 0 1 
0 0 0 0 0 1 0 0 0 0 1 0 0 0 1 
0 0 0 0 0 0 0 0 0 1 1 0 0 0 1 
0 0 0 1 0 0 0 0 1 0 0 0 0 0 1 
0 1 0 0 0 0 0 1 0 0 1 0 0 0 0 
0 0 0 0 0 0 0 0 0 1 0 1 0 1 0 
0 0 0 1 1 0 0 1 0 0 0 0 0 0 0 
0 0 0 0 0 0 0 1 1 0 0 1 0 0 0 
1 0 0 0 0 0 0 0 0 0 0 0 1 0 1 
0 0 1 0 0 0 1 0 0 1 0 0 0 0 0 
0 1 1 0 0 0 0 1 0 0 0 0 0 0 0 
0 0 0 0 0 1 0 0 0 0 0 1 1 0 0 
0 0 1 0 0 0 0 0 0 0 1 0 1 0 0 
Best Sequence: 
9 6 2 3 7 4 10 1 14 13 12 11 8 5 0 
1 0 1 1 0 0 0 0 0 0 0 0 0 0 0 
0 0 0 0 0 0 0 0 1 0 0 1 0 0 1 
0 0 0 0 1 0 0 0 1 0 0 0 0 1 0 
0 0 0 0 0 0 1 0 1 0 0 0 0 1 0 
1 0 0 0 0 0 1 0 1 0 0 0 0 0 0 
0 0 0 1 0 0 0 0 1 0 0 0 1 0 0 
0 0 0 0 1 0 1 1 0 0 0 0 0 0 0 
1 0 0 0 0 0 0 0 0 1 0 1 0 0 0 
0 0 0 1 1 1 0 0 0 0 0 0 0 0 0 
0 0 0 0 1 0 0 0 0 0 0 1 1 0 0 
0 0 0 0 0 0 0 0 1 0 1 0 0 0 1 
1 1 1 0 0 0 0 0 0 0 0 0 0 0 0 
0 0 1 0 1 0 0 1 0 0 0 0 0 0 0 
0 0 0 0 0 0 0 0 0 0 1 1 0 1 0 
0 0 1 0 0 0 1 0 0 0 1 0 0 0 0 
OpenStacks: 9
Took 7.03 seconds

buffer: Warwick 522: balanced products, 3 products per order
numCustomers: 15
numProducts: 15
0 0 0 1 0 0 0 0 0 1 0 0 1 0 0 
1 0 0 1 0 0 0 0 0 0 1 0 0 0 0 
0 0 0 0 0 0 0 0 1 0 0 0 1 1 0 
0 1 0 0 0 0 0 0 1 0 0 0 0 1 0 
0 0 1 0 0 0 0 0 0 0 1 0 1 0 0 
0 0 0 1 0 0 0 1 0 0 0 0 1 0 0 
0 1 1 0 0 0 0 0 0 0 0 1 0 0 0 
0 0 1 0 0 0 1 0 0 0 0 0 1 0 0 
0 1 1 0 0 0 0 0 1 0 0 0 0 0 0 
0 1 1 0 0 0 0 0 0 1 0 0 0 0 0 
0 0 1 0 1 0 0 0 0 0 0 0 1 0 0 
0 0 0 0 1 1 0 0 0 0 0 1 0 0 0 
0 0 0 0 1 0 0 0 0 0 0 0 0 1 1 
0 0 0 0 0 0 0 1 1 0 1 0 0 0 0 
0 0 0 0 1 0 0 0 0 0 1 0 1 0 0 
Best Sequence: 
14 13 8 1 2 11 9 4 12 10 7 6 5 3 0 
0 0 0 0 0 0 1 0 1 0 0 0 0 1 0 
0 0 0 0 0 0 0 0 0 1 0 0 0 1 1 
0 1 1 0 0 0 0 0 1 0 0 0 0 0 0 
0 1 1 1 0 0 0 0 0 0 0 0 0 0 0 
0 0 0 0 1 0 0 0 1 1 0 0 0 0 0 
0 0 0 0 0 0 0 0 1 0 1 0 0 1 0 
0 0 0 1 1 1 0 0 0 0 0 0 0 0 0 
0 0 0 0 1 0 0 0 1 0 0 1 0 0 0 
0 0 1 1 1 0 0 0 0 0 0 0 0 0 0 
0 0 0 1 1 0 1 0 0 0 0 0 0 0 0 
0 0 0 0 1 0 0 1 1 0 0 0 0 0 0 
0 0 0 0 0 1 0 1 0 0 0 0 1 0 0 
1 1 0 0 0 0 0 1 0 0 0 0 0 0 0 
0 0 1 0 0 0 0 0 0 1 1 0 0 0 0 
0 0 0 0 0 0 0 1 1 1 0 0 0 0 0 
OpenStacks: 9
Took 7.02 seconds

buffer: Warwick 523: balanced products, 3 products per order
numCustomers: 15
numProducts: 15
0 0 0 0 1 0 0 0 0 0 0 1 0 0 1 
0 0 1 0 0 0 0 0 0 1 0 1 0 0 0 
1 0 1 1 0 0 0 0 0 0 0 0 0 0 0 
0 1 0 0 0 1 0 0 1 0 0 0 0 0 0 
0 0 1 0 0 1 0 0 0 0 0 0 0 1 0 
0 0 0 0 0 0 1 0 0 0 0 1 1 0 0 
0 0 0 0 0 0 0 0 0 0 1 1 0 0 1 
0 0 0 0 0 0 0 0 0 1 0 1 1 0 0 
1 0 0 0 0 0 0 1 1 0 0 0 0 0 0 
0 0 1 0 0 0 1 0 0 0 0 0 1 0 0 
0 0 1 1 0 0 0 0 0 0 0 0 0 1 0 
0 0 0 0 0 0 0 0 0 0 1 1 0 0 1 
0 0 0 0 0 0 1 0 0 0 1 0 0 1 0 
0 0 1 1 0 0 0 0 0 0 0 1 0 0 0 
0 0 0 0 0 0 1 0 0 0 0 1 0 0 1 
Best Sequence: 
14 11 4 10 12 9 13 6 8 7 5 3 2 1 0 
1 1 1 0 0 0 0 0 0 0 0 0 0 0 0 
0 1 0 0 0 1 0 0 0 0 0 0 1 0 0 
0 0 0 0 0 0 0 0 0 0 0 1 1 0 1 
0 0 0 0 0 0 0 0 1 0 1 0 0 1 0 
0 0 0 0 0 0 1 0 0 0 1 0 1 0 0 
0 1 0 0 1 0 0 1 0 0 0 0 0 0 0 
1 1 0 1 0 0 0 0 0 0 0 0 0 0 0 
0 1 0 0 1 1 0 0 0 0 0 0 0 0 0 
0 0 0 0 0 0 0 0 1 1 0 0 0 0 1 
0 0 0 0 1 0 0 1 0 0 0 0 1 0 0 
0 0 0 0 0 0 1 0 0 0 0 1 1 0 0 
1 1 0 1 0 0 0 0 0 0 0 0 0 0 0 
0 0 0 1 0 0 1 1 0 0 0 0 0 0 0 
0 1 0 0 0 0 0 0 0 0 0 1 1 0 0 
1 1 0 0 0 0 0 1 0 0 0 0 0 0 0 
OpenStacks: 8
Took 7.02 seconds

buffer: Warwick 524: balanced products, 3 products per order
numCustomers: 15
numProducts: 15
0 0 1 0 0 0 0 0 0 1 0 0 0 0 1 
0 0 0 0 0 0 1 0 0 0 1 1 0 0 0 
0 1 0 0 0 1 0 0 0 1 0 0 0 0 0 
1 0 0 0 0 1 0 0 0 0 0 0 0 1 0 
1 0 0 0 0 1 0 0 0 1 0 0 0 0 0 
1 0 0 0 0 1 1 0 0 0 0 0 0 0 0 
0 0 0 1 0 0 1 0 0 0 0 0 0 0 1 
0 0 1 0 0 0 0 0 1 0 0 1 0 0 0 
0 0 0 0 0 0 0 1 0 0 0 0 1 0 1 
0 0 0 0 0 0 0 0 0 1 0 0 1 1 0 
0 0 0 0 0 0 1 1 0 1 0 0 0 0 0 
0 0 1 0 0 1 0 1 0 0 0 0 0 0 0 
0 1 0 0 0 0 0 0 0 0 0 0 0 1 1 
0 0 0 1 0 0 1 0 1 0 0 0 0 0 0 
0 0 0 0 1 0 0 0 0 1 0 1 0 0 0 
Best Sequence: 
14 6 3 8 11 10 2 12 7 9 13 5 4 1 0 
1 0 0 0 0 0 1 0 0 1 0 0 0 0 0 
0 1 0 0 1 1 0 0 0 0 0 0 0 0 0 
0 0 0 0 0 0 0 0 0 1 0 1 0 1 0 
0 0 0 0 0 0 0 0 0 0 1 1 0 0 1 
0 0 0 0 0 0 0 0 0 1 0 1 0 0 1 
0 1 0 0 0 0 0 0 0 0 0 1 0 0 1 
1 1 1 0 0 0 0 0 0 0 0 0 0 0 0 
0 0 0 1 1 0 1 0 0 0 0 0 0 0 0 
1 0 0 0 0 0 0 1 1 0 0 0 0 0 0 
0 0 0 0 0 0 0 1 0 1 1 0 0 0 0 
0 1 0 0 0 0 0 0 1 1 0 0 0 0 0 
0 0 0 0 0 0 1 0 1 0 0 1 0 0 0 
1 0 0 0 0 0 0 0 0 0 1 0 0 1 0 
0 1 1 1 0 0 0 0 0 0 0 0 0 0 0 
0 0 0 0 1 0 0 0 0 1 0 0 1 0 0 
OpenStacks: 9
Took 7.03 seconds

buffer: Warwick 525: balanced products, 3 products per order
numCustomers: 15
numProducts: 15
0 0 0 0 0 0 0 1 0 0 0 0 0 1 1 
1 0 0 1 1 0 0 0 0 0 0 0 0 0 0 
1 0 0 0 0 1 0 0 0 1 0 0 0 0 0 
1 0 0 0 0 0 0 0 0 0 0 0 1 0 1 
0 0 0 0 0 0 0 1 0 0 0 1 0 1 0 
1 0 0 0 0 0 0 0 0 1 0 1 0 0 0 
0 0 0 0 0 1 0 0 0 1 1 0 0 0 0 
0 0 0 0 0 0 0 1 1 0 1 0 0 0 0 
0 0 0 0 1 0 0 0 0 0 0 0 1 1 0 
0 1 1 0 0 0 0 0 0 0 0 0 0 1 0 
0 0 0 1 0 0 0 0 0 0 0 1 0 1 0 
0 0 0 0 0 0 1 0 1 0 0 0 0 1 0 
1 0 0 0 0 0 0 0 0 1 0 0 0 1 0 
0 0 0 0 0 1 0 0 1 0 0 0 1 0 0 
1 0 0 0 1 0 0 1 0 0 0 0 0 0 0 
Best Sequence: 
14 13 12 7 11 12 8 6 10 9 5 4 3 0 49 
1 1 0 1 0 0 0 0 0 0 0 0 0 0 1 
0 0 0 0 0 0 0 0 0 0 0 1 1 1 0 
0 0 0 0 0 0 0 0 0 1 1 0 0 1 1 
1 0 1 0 0 1 0 0 0 0 0 0 0 1 13 
0 1 0 1 1 0 0 0 0 0 0 0 0 0 0 
0 0 0 0 1 0 0 0 0 1 0 0 0 1 0 
0 0 0 0 0 0 0 0 1 1 1 0 0 0 0 
0 0 0 1 0 0 1 0 1 0 0 0 0 0 0 
0 1 1 0 0 1 0 0 0 0 0 1 0 0 0 
0 1 0 0 0 0 0 0 0 0 0 0 0 0 5 
0 1 0 0 1 0 0 0 0 0 0 0 1 0 8 
0 1 0 0 0 0 1 1 0 0 0 0 0 0 0 
0 1 0 0 0 0 0 0 0 1 0 0 0 1 0 
0 0 1 0 0 1 1 0 0 0 1 0 0 0 0 
0 0 0 1 0 0 0 0 0 0 0 1 0 1 1 
OpenStacks: 9
Took 7.03 seconds

buffer: Warwick 526: balanced products, 3 products per order
numCustomers: 15
numProducts: 15
0 1 0 0 1 0 0 0 0 0 0 0 0 0 1 
0 0 0 0 0 0 1 0 0 0 1 0 0 1 0 
0 0 0 0 1 0 0 0 0 1 0 0 0 1 0 
1 0 0 1 1 0 0 0 0 0 0 0 0 0 0 
1 0 1 0 0 0 0 1 0 0 0 0 0 0 0 
0 0 0 1 0 0 0 1 0 1 0 0 0 0 0 
1 0 0 0 1 0 0 0 1 0 0 0 0 0 0 
0 0 0 0 0 0 1 0 0 1 1 0 0 0 0 
1 0 1 0 0 0 1 0 0 0 0 0 0 0 0 
0 0 0 0 0 0 0 0 1 0 0 0 1 0 1 
0 0 1 0 0 0 0 0 0 0 0 1 0 1 0 
0 0 0 1 0 1 0 0 0 0 0 0 0 1 0 
0 0 0 0 0 1 0 0 0 0 0 0 1 0 1 
0 0 0 1 0 0 0 1 0 0 0 1 0 0 0 
0 0 0 1 0 1 0 0 0 0 0 1 0 0 0 
Best Sequence: 
11 5 3 13 7 10 9 6 14 12 8 4 2 1 0 
0 0 0 0 0 0 0 0 1 0 0 1 0 1 0 
0 0 0 1 0 1 0 1 0 0 0 0 0 0 0 
0 0 0 1 0 0 1 0 0 0 0 1 0 0 0 
0 0 1 0 0 0 0 0 0 0 0 1 0 0 1 
0 0 0 0 1 0 0 0 0 0 0 0 1 0 1 
0 0 1 0 1 0 1 0 0 0 0 0 0 0 0 
0 0 0 0 0 0 0 0 0 0 1 1 0 0 1 
0 0 0 0 0 1 1 1 0 0 0 0 0 0 0 
0 0 0 0 0 0 0 1 0 0 0 0 1 0 1 
0 0 0 0 0 0 0 0 1 1 1 0 0 0 0 
1 0 0 1 0 0 0 0 0 0 0 0 1 0 0 
0 1 1 1 0 0 0 0 0 0 0 0 0 0 0 
0 1 0 0 0 0 0 0 1 1 0 0 0 0 0 
1 0 1 0 1 0 0 0 0 0 0 0 0 0 0 
1 1 1 0 0 0 0 0 0 0 0 0 0 0 0 
OpenStacks: 8
Took 7.03 seconds

buffer: Warwick 527: balanced products, 3 products per order
numCustomers: 15
numProducts: 15
0 0 0 0 0 1 1 0 0 0 0 0 0 0 1 
0 0 0 0 1 1 0 0 0 0 1 0 0 0 0 
0 0 0 1 0 0 0 0 1 0 1 0 0 0 0 
1 0 1 0 1 0 0 0 0 0 0 0 0 0 0 
0 0 0 0 0 0 0 0 1 0 0 0 0 1 1 
0 0 0 0 0 1 0 0 0 0 0 1 0 0 1 
0 1 0 0 0 1 0 0 0 0 0 0 0 1 0 
0 0 0 0 0 0 0 0 1 0 0 0 1 0 1 
1 0 1 0 0 0 0 0 0 0 0 1 0 0 0 
0 0 0 0 0 1 0 0 1 0 0 1 0 0 0 
0 0 0 0 0 0 0 1 0 1 0 0 1 0 0 
0 1 0 1 0 0 1 0 0 0 0 0 0 0 0 
0 0 0 0 0 0 1 0 0 1 0 0 0 1 0 
0 0 1 0 0 0 0 0 0 0 0 1 1 0 0 
0 1 0 0 1 0 0 0 0 0 0 0 0 1 0 
Best Sequence: 
14 11 5 8 12 9 7 13 10 6 4 3 2 1 0 
1 0 1 0 0 0 0 0 0 1 0 0 0 0 0 
0 0 1 0 0 0 0 0 1 0 1 0 0 0 0 
0 0 0 1 0 0 0 0 1 0 0 1 0 0 0 
0 0 0 0 0 0 0 0 0 0 1 0 1 0 1 
1 0 0 1 0 0 0 1 0 0 0 0 0 0 0 
1 1 1 0 0 0 0 0 0 0 0 0 0 0 0 
0 0 1 0 0 0 0 1 0 0 0 0 0 1 0 
1 0 0 1 1 0 0 0 0 0 0 0 0 0 0 
0 1 0 0 0 0 0 0 0 0 0 0 1 0 1 
0 1 1 1 0 0 0 0 0 0 0 0 0 0 0 
0 0 0 0 1 1 1 0 0 0 0 0 0 0 0 
0 0 0 0 0 0 0 0 0 1 0 1 0 1 0 
0 0 0 0 0 1 0 1 0 1 0 0 0 0 0 
0 1 0 0 1 0 0 0 0 0 0 0 1 0 0 
0 0 0 0 0 0 0 1 0 0 1 0 0 1 0 
OpenStacks: 9
Took 7.04 seconds

buffer: Warwick 528: balanced products, 3 products per order
numCustomers: 15
numProducts: 15
0 0 0 0 0 0 0 0 0 1 0 0 1 1 0 
0 0 1 0 0 0 1 0 0 0 0 0 0 0 1 
0 0 0 1 0 0 0 0 0 0 0 1 0 1 0 
0 1 0 0 1 1 0 0 0 0 0 0 0 0 0 
0 0 1 0 0 0 0 0 0 0 1 0 0 1 0 
0 0 0 1 0 0 0 0 1 0 0 0 0 0 1 
0 0 0 0 0 0 0 0 1 0 1 1 0 0 0 
1 0 0 0 0 0 0 0 0 0 1 0 0 1 0 
0 0 0 0 0 0 0 0 1 0 1 0 1 0 0 
0 0 0 0 1 0 0 1 0 0 0 0 0 1 0 
0 0 0 0 0 0 1 1 0 0 0 1 0 0 0 
0 0 0 0 0 1 0 0 0 0 1 1 0 0 0 
0 1 1 0 0 0 0 0 0 0 1 0 0 0 0 
1 0 0 0 0 0 1 0 0 0 0 0 0 1 0 
0 1 0 0 0 0 1 1 0 0 0 0 0 0 0 
Best Sequence: 
12 10 8 11 5 14 3 2 1 6 13 9 7 4 0 
1 0 0 0 0 0 0 0 0 0 1 1 0 0 0 
0 0 0 0 0 1 0 1 0 1 0 0 0 0 0 
0 0 0 1 0 0 1 0 0 0 1 0 0 0 0 
0 0 0 0 1 0 0 0 1 0 0 0 0 1 0 
0 1 0 0 0 0 0 1 0 0 1 0 0 0 0 
0 0 1 0 0 1 1 0 0 0 0 0 0 0 0 
0 1 1 1 0 0 0 0 0 0 0 0 0 0 0 
0 1 0 0 0 0 0 0 0 0 1 0 0 0 1 
1 1 1 0 0 0 0 0 0 0 0 0 0 0 0 
0 0 0 0 0 0 0 0 0 0 1 0 1 1 0 
0 0 0 1 0 0 0 0 0 1 0 0 1 0 0 
0 1 0 1 1 0 0 0 0 0 0 0 0 0 0 
0 1 0 0 0 0 0 1 1 0 0 0 0 0 0 
0 0 0 0 0 0 0 0 0 1 1 0 0 0 1 
0 0 0 0 0 0 0 0 1 1 0 0 1 0 0 
OpenStacks: 9
Took 7.04 seconds

buffer: Warwick 529: balanced products, 3 products per order
numCustomers: 15
numProducts: 15
0 0 0 1 0 1 0 0 0 0 0 0 1 0 0 
0 0 0 0 0 0 1 1 0 0 0 1 0 0 0 
0 0 0 0 0 0 0 1 1 0 0 0 0 0 1 
1 0 0 0 0 0 0 0 0 0 1 1 0 0 0 
0 0 0 0 0 0 0 1 0 1 0 1 0 0 0 
1 0 0 0 0 0 0 0 1 0 0 0 0 1 0 
0 0 1 0 0 0 1 0 0 0 0 0 0 1 0 
0 1 0 0 0 0 0 0 0 0 0 1 0 0 1 
0 0 0 0 0 0 0 0 1 1 0 0 0 1 0 
1 0 0 1 0 0 0 0 1 0 0 0 0 0 0 
1 0 0 0 0 0 0 1 0 0 0 0 1 0 0 
0 0 0 0 0 0 0 0 0 1 0 1 0 1 0 
1 0 0 1 0 0 0 0 0 0 0 1 0 0 0 
0 0 1 0 0 0 0 0 0 0 0 0 1 0 1 
0 1 0 0 1 0 0 0 0 0 0 0 0 1 0 
Best Sequence: 
13 4 1 11 9 6 2 14 7 12 10 8 5 3 0 
0 0 0 0 0 0 0 0 0 1 0 0 1 1 0 
0 0 0 1 0 1 0 0 1 0 0 0 0 0 0 
0 0 0 0 0 0 0 1 1 0 0 1 0 0 0 
0 0 0 1 0 0 0 0 0 0 1 0 0 0 1 
0 0 0 1 1 0 0 0 1 0 0 0 0 0 0 
1 0 0 0 0 0 0 0 0 0 0 1 0 0 1 
1 0 0 0 0 1 1 0 0 0 0 0 0 0 0 
0 0 1 1 0 0 0 1 0 0 0 0 0 0 0 
1 0 0 0 1 0 0 0 0 0 0 1 0 0 0 
0 0 0 0 0 0 0 0 0 0 0 1 0 1 1 
0 0 0 0 0 0 0 0 1 1 0 0 0 0 1 
1 0 0 1 1 0 0 0 0 0 0 0 0 0 0 
0 0 0 1 0 0 0 0 0 0 0 0 0 1 1 
0 0 0 0 0 0 1 1 0 1 0 0 0 0 0 
1 1 1 0 0 0 0 0 0 0 0 0 0 0 0 
OpenStacks: 9
Took 7.05 seconds

buffer: Warwick 530: balanced products, 3 products per order
numCustomers: 15
numProducts: 15
0 0 0 0 0 0 0 0 0 1 1 1 0 0 0 
1 0 0 0 0 1 0 0 0 0 1 0 0 0 0 
0 0 0 0 0 0 1 1 1 0 0 0 0 0 0 
0 0 0 0 0 1 0 0 0 1 1 0 0 0 0 
0 0 0 0 1 1 0 0 0 0 0 0 0 0 1 
0 1 0 0 0 0 0 0 1 0 0 0 1 0 0 
0 0 0 1 0 0 1 0 0 0 0 0 1 0 0 
1 0 0 0 1 0 1 0 0 0 0 0 0 0 0 
0 0 1 0 0 0 0 0 1 0 0 1 0 0 0 
0 0 0 1 0 0 0 1 0 0 1 0 0 0 0 
0 1 0 0 1 0 0 0 1 0 0 0 0 0 0 
1 0 0 0 0 0 0 0 0 0 1 0 0 0 1 
0 0 0 0 0 0 1 0 1 1 0 0 0 0 0 
0 0 0 0 0 0 1 0 1 0 0 0 0 1 0 
0 0 0 0 0 1 0 0 0 1 0 1 0 0 0 
Best Sequence: 
13 12 8 1 6 7 3 11 2 9 4 5 14 10 0 
0 0 0 0 0 0 0 1 0 1 0 0 0 1 0 
0 0 0 0 0 0 0 0 0 0 0 1 0 1 1 
0 0 1 0 1 1 0 0 0 0 0 0 0 0 0 
0 0 0 0 0 0 0 0 0 1 0 1 0 1 0 
0 0 0 0 0 0 0 0 0 0 1 1 1 0 0 
0 1 1 1 0 0 0 0 0 0 0 0 0 0 0 
0 1 0 0 1 0 1 0 0 0 0 0 0 0 0 
0 0 0 0 1 0 0 0 0 0 1 0 0 0 1 
0 0 1 0 0 0 0 1 1 0 0 0 0 0 0 
0 0 0 0 0 1 1 0 0 0 0 0 0 1 0 
0 0 1 1 0 0 0 0 0 0 1 0 0 0 0 
0 0 0 0 0 0 0 0 0 0 0 0 1 1 1 
0 0 1 0 1 0 0 0 0 1 0 0 0 0 0 
1 0 1 0 1 0 0 0 0 0 0 0 0 0 0 
0 0 0 0 0 0 0 1 0 1 0 1 0 0 0 
OpenStacks: 7
Took 7.03 seconds

buffer: Warwick 531: balanced products, 4 products per order
numCustomers: 15
numProducts: 15
1 0 0 0 0 0 1 0 1 0 1 0 0 0 0 
0 0 0 0 0 0 0 1 0 1 1 1 0 0 0 
0 1 1 1 0 0 0 0 0 0 0 0 1 0 0 
0 1 1 1 0 0 0 0 0 1 0 0 0 0 0 
0 1 0 0 0 0 1 1 0 0 0 0 0 0 1 
1 0 1 1 0 0 0 0 0 0 0 0 0 1 0 
0 0 0 1 1 0 0 1 0 0 0 1 0 0 0 
0 0 1 1 1 0 0 0 0 1 0 0 0 0 0 
0 0 0 1 0 0 0 1 0 1 0 0 0 0 1 
0 0 1 0 0 0 1 0 0 0 0 1 1 0 0 
0 1 0 0 0 1 0 1 0 0 1 0 0 0 0 
0 0 0 0 1 1 1 1 0 0 0 0 0 0 0 
1 0 0 1 0 0 0 0 0 0 0 0 0 1 1 
0 0 0 0 0 1 1 0 0 0 0 1 1 0 0 
0 0 0 0 0 0 1 1 0 0 0 1 1 0 0 
Best Sequence: 
12 11 10 6 5 7 4 9 2 14 13 8 3 1 0 
0 0 1 1 0 0 0 0 0 0 0 1 0 0 1 
0 1 1 0 0 1 0 1 0 0 0 0 0 0 0 
1 0 0 0 0 0 0 0 1 0 0 0 1 1 0 
0 0 0 0 0 0 0 1 1 0 0 0 1 1 0 
0 0 0 1 0 1 0 0 0 1 0 0 0 1 0 
0 0 0 0 0 0 0 0 1 0 1 0 1 0 1 
0 1 0 0 0 1 1 0 0 0 0 0 1 0 0 
0 0 0 0 0 0 1 1 1 0 0 0 1 0 0 
0 0 0 0 0 1 0 1 0 1 0 0 1 0 0 
1 1 0 1 0 0 0 0 1 0 0 0 0 0 0 
0 0 1 0 1 1 0 0 0 0 0 0 0 1 0 
0 0 0 1 1 1 1 0 0 0 0 0 0 0 0 
0 0 0 0 0 0 0 0 0 1 1 0 1 0 1 
1 1 0 1 1 0 0 0 0 0 0 0 0 0 0 
1 1 0 1 0 1 0 0 0 0 0 0 0 0 0 
OpenStacks: 10
Took 7.15 seconds

buffer: Warwick 532: balanced products, 4 products per order
numCustomers: 15
numProducts: 15
1 0 0 1 0 0 0 0 0 0 1 0 0 0 1 
0 0 0 0 1 0 1 0 0 0 0 0 1 0 1 
0 0 1 1 0 0 1 1 0 0 0 0 0 0 0 
0 0 1 1 1 0 0 0 0 0 0 0 1 0 0 
1 0 0 1 0 0 1 0 0 0 0 0 1 0 0 
0 1 1 0 0 1 1 0 0 0 0 0 0 0 0 
1 0 0 0 0 1 1 0 0 0 0 0 0 0 1 
1 0 0 1 0 0 0 0 0 0 0 1 0 1 0 
0 0 0 0 0 1 0 0 1 1 1 0 0 0 0 
0 1 0 0 1 0 0 0 0 1 1 0 0 0 0 
0 0 1 0 1 0 0 0 0 0 0 1 0 0 1 
1 0 1 0 0 1 0 0 0 0 0 0 1 0 0 
0 0 1 0 0 0 0 0 0 1 1 0 1 0 0 
1 0 0 1 0 1 0 1 0 0 0 0 0 0 0 
0 0 1 0 1 1 0 1 0 0 0 0 0 0 0 
Best Sequence: 
10 9 4 1 12 2 14 6 13 11 8 7 5 3 0 
1 0 0 0 0 0 1 0 0 0 0 0 0 1 1 
0 0 1 0 1 0 1 1 0 0 0 0 0 0 0 
0 0 0 0 0 1 0 1 0 0 0 1 0 1 0 
0 0 1 0 1 1 0 0 0 0 0 0 0 1 0 
0 0 0 0 1 0 0 1 0 0 0 0 0 1 1 
0 0 0 1 0 1 0 1 0 0 0 0 1 0 0 
0 0 0 0 0 0 1 1 0 0 0 0 1 0 1 
0 0 0 0 0 0 0 0 1 1 0 0 0 1 1 
1 1 0 0 0 0 0 0 0 0 1 0 1 0 0 
1 1 1 1 0 0 0 0 0 0 0 0 0 0 0 
0 0 1 0 0 1 1 0 0 1 0 0 0 0 0 
0 0 0 0 1 1 0 0 0 0 0 0 1 0 1 
1 1 0 0 1 1 0 0 0 0 0 0 0 0 0 
0 0 0 0 0 0 0 0 0 0 0 1 1 1 1 
0 0 1 0 0 1 0 0 0 0 0 1 1 0 0 
OpenStacks: 11
Took 7.15 seconds

buffer: Warwick 533: balanced products, 4 products per order
numCustomers: 15
numProducts: 15
1 1 0 0 0 0 0 0 0 0 1 0 0 0 1 
0 1 0 0 0 0 0 0 0 1 1 0 1 0 0 
0 0 1 1 0 0 0 0 1 0 0 0 0 1 0 
0 0 0 0 0 0 1 1 1 0 0 1 0 0 0 
0 1 0 0 0 0 1 0 0 1 0 1 0 0 0 
0 1 1 0 0 0 1 0 0 0 1 0 0 0 0 
0 1 1 0 0 0 1 0 1 0 0 0 0 0 0 
0 0 0 0 1 0 0 0 0 1 0 0 1 0 1 
1 0 0 0 0 1 0 0 0 0 1 0 0 1 0 
1 0 0 0 0 0 1 0 1 0 0 1 0 0 0 
0 0 0 0 0 1 0 0 0 0 0 1 0 1 1 
0 0 0 0 0 0 0 1 0 1 0 0 1 0 1 
0 0 0 0 0 1 0 0 1 0 0 0 1 0 1 
1 0 1 0 0 1 0 0 0 0 0 0 1 0 0 
1 0 0 1 0 0 0 0 0 0 1 0 0 1 0 
Best Sequence: 
14 12 9 4 7 11 6 1 8 5 13 10 3 2 0 
1 0 0 0 0 0 0 1 0 0 0 1 0 0 1 
0 1 1 0 0 0 0 1 0 0 0 1 0 0 0 
0 0 0 0 0 0 0 0 1 0 1 0 1 1 0 
0 0 0 0 1 1 1 0 1 0 0 0 0 0 0 
0 0 1 0 0 1 1 1 0 0 0 0 0 0 0 
0 0 0 0 0 0 1 1 0 0 0 1 0 1 0 
0 0 0 0 0 0 1 1 1 0 0 0 0 1 0 
1 1 1 1 0 0 0 0 0 0 0 0 0 0 0 
0 0 0 0 0 0 0 0 0 1 1 1 0 0 1 
0 0 0 0 0 1 1 0 1 0 0 0 0 0 1 
1 0 0 0 0 1 0 0 0 1 1 0 0 0 0 
1 1 1 0 1 0 0 0 0 0 0 0 0 0 0 
1 1 0 0 0 0 0 0 1 1 0 0 0 0 0 
0 1 0 0 0 0 0 0 0 1 0 0 0 1 1 
0 0 0 0 0 0 0 0 0 0 1 1 1 0 1 
OpenStacks: 10
Took 7.17 seconds

buffer: Warwick 534: balanced products, 4 products per order
numCustomers: 15
numProducts: 15
0 0 0 0 1 0 1 0 0 0 1 1 0 0 0 
0 0 0 0 0 0 0 1 1 0 0 0 1 1 0 
1 0 0 0 0 0 0 0 1 0 0 1 0 1 0 
0 0 0 1 0 1 0 0 0 0 1 1 0 0 0 
0 0 1 0 0 0 1 0 0 1 0 0 0 0 1 
1 0 1 0 0 0 0 0 1 0 1 0 0 0 0 
1 0 1 1 0 0 0 0 0 0 0 0 1 0 0 
0 0 1 0 1 1 0 0 0 0 0 0 0 1 0 
0 1 0 0 0 1 0 0 0 0 0 0 0 1 1 
0 0 0 1 0 1 1 1 0 0 0 0 0 0 0 
1 0 1 0 1 0 0 0 0 0 0 0 1 0 0 
0 0 1 0 0 1 0 0 1 0 0 1 0 0 0 
0 0 0 0 1 0 1 0 0 1 0 0 1 0 0 
0 0 1 1 1 0 0 0 0 0 0 1 0 0 0 
0 0 0 1 0 0 1 1 0 0 1 0 0 0 0 
Best Sequence: 
10 7 6 3 14 5 13 11 12 9 8 4 2 1 0 
1 0 1 0 0 0 0 1 0 0 0 1 0 0 0 
0 1 0 0 0 0 1 0 1 0 1 0 0 0 0 
0 0 0 0 0 0 1 1 0 0 1 0 0 0 1 
1 0 0 1 0 1 0 1 0 0 0 0 0 0 0 
0 0 1 0 1 0 0 0 0 1 0 0 1 0 0 
1 0 0 0 0 0 0 0 0 0 1 0 1 0 1 
0 0 0 1 0 0 0 0 1 0 0 0 1 0 1 
0 0 0 0 0 1 1 0 0 0 0 1 1 0 0 
0 0 0 0 1 1 1 0 0 0 0 0 0 1 0 
0 1 1 1 0 1 0 0 0 0 0 0 0 0 0 
0 0 0 0 0 0 0 0 1 0 0 1 1 0 1 
0 0 0 0 0 1 0 1 0 0 1 0 1 0 0 
0 0 1 0 0 0 0 0 1 1 0 1 0 0 0 
0 0 0 1 0 0 0 1 0 0 0 1 1 0 0 
1 1 1 1 0 0 0 0 0 0 0 0 0 0 0 
OpenStacks: 12
Took 7.18 seconds

buffer: Warwick 535: balanced products, 4 products per order
numCustomers: 15
numProducts: 15
1 0 0 1 0 0 0 0 1 0 0 0 0 0 1 
1 0 1 0 0 0 1 0 0 0 1 0 0 0 0 
0 0 0 1 0 0 0 0 0 1 0 1 0 1 0 
0 0 1 0 0 1 0 0 0 0 0 0 0 1 1 
0 1 0 1 0 0 0 0 0 1 0 0 1 0 0 
0 1 0 0 1 0 0 0 0 1 0 0 0 1 0 
0 1 0 0 0 0 1 0 0 0 0 0 0 1 1 
1 0 0 1 1 0 0 0 1 0 0 0 0 0 0 
0 0 0 0 1 1 0 1 0 1 0 0 0 0 0 
0 1 0 1 0 0 0 0 0 0 1 0 1 0 0 
0 1 0 1 0 0 0 0 0 1 0 0 1 0 0 
1 0 0 0 0 0 1 0 0 0 0 1 1 0 0 
1 0 1 0 0 1 0 0 0 0 0 0 0 0 1 
0 0 0 0 0 0 1 0 1 1 0 0 0 0 1 
0 0 0 0 1 1 0 0 0 0 1 0 0 1 0 
Best Sequence: 
12 9 3 1 13 11 10 14 8 7 6 5 4 2 0 
0 0 1 0 0 0 0 1 1 0 0 0 0 0 1 
0 0 0 0 0 0 1 0 0 0 1 0 0 1 1 
0 1 1 0 1 1 0 0 0 0 0 0 0 0 0 
0 0 0 0 1 0 0 1 0 0 0 1 0 1 0 
1 1 1 1 0 0 0 0 0 0 0 0 0 0 0 
0 1 0 1 1 0 0 0 0 0 0 0 1 0 0 
0 0 0 1 1 0 0 1 0 0 1 0 0 0 0 
0 0 1 0 0 0 0 0 1 0 0 0 1 0 1 
0 1 0 0 0 0 0 0 0 1 0 1 1 0 0 
1 0 1 1 0 0 1 0 0 0 0 0 0 0 0 
1 1 1 1 0 0 0 0 0 0 0 0 0 0 0 
1 0 0 0 0 1 0 0 0 0 1 0 0 0 1 
0 0 0 0 0 0 0 1 0 0 0 1 0 1 1 
0 1 0 0 0 0 0 1 1 0 1 0 0 0 0 
0 0 0 0 1 0 1 0 0 0 0 1 1 0 0 
OpenStacks: 11
Took 7.17 seconds

buffer: Warwick 536: balanced products, 4 products per order
numCustomers: 15
numProducts: 15
0 0 0 0 1 0 1 0 1 1 0 0 0 0 0 
0 0 1 1 0 0 0 0 0 0 0 1 0 0 1 
1 0 0 0 0 1 0 0 0 0 1 0 0 0 1 
0 0 1 0 0 0 0 0 1 0 0 1 0 1 0 
0 1 1 0 0 0 0 0 0 1 1 0 0 0 0 
0 0 0 0 0 0 0 0 0 1 1 0 1 0 1 
0 0 0 0 0 0 0 1 0 0 0 1 0 1 1 
0 0 0 0 0 1 1 0 0 0 0 1 0 0 1 
0 0 0 0 1 1 0 0 1 0 1 0 0 0 0 
0 0 0 1 0 0 0 1 1 0 0 0 0 0 1 
0 1 0 0 0 0 0 0 1 1 0 0 0 1 0 
0 0 1 0 1 1 0 0 0 0 0 1 0 0 0 
0 0 0 0 1 0 0 1 1 0 1 0 0 0 0 
0 0 0 0 0 0 0 0 1 0 1 1 1 0 0 
0 1 1 0 0 0 1 0 0 0 0 0 0 0 1 
Best Sequence: 
12 10 8 7 4 5 11 14 13 9 6 3 2 1 0 
0 0 1 0 1 0 0 0 0 1 1 0 0 0 0 
0 0 0 0 0 0 1 1 0 0 0 1 1 0 0 
0 1 0 0 0 1 0 1 0 0 0 0 0 0 1 
0 0 1 0 0 0 1 0 1 0 0 0 1 0 0 
0 1 0 0 0 0 0 0 0 1 0 0 1 1 0 
1 1 0 0 0 0 0 1 0 1 0 0 0 0 0 
0 0 0 1 0 0 1 1 1 0 0 0 0 0 0 
0 0 0 0 0 1 1 1 0 0 1 0 0 0 0 
0 1 1 0 1 1 0 0 0 0 0 0 0 0 0 
0 0 1 1 0 0 0 1 0 0 0 1 0 0 0 
0 0 1 0 0 0 0 0 1 1 0 0 0 1 0 
0 0 0 0 1 1 1 0 0 0 0 0 1 0 0 
0 1 1 1 1 0 0 0 0 0 0 0 0 0 0 
1 1 1 0 0 0 1 0 0 0 0 0 0 0 0 
0 0 0 0 0 0 0 1 0 0 1 0 1 1 0 
OpenStacks: 12
Took 7.17 seconds

buffer: Warwick 537: balanced products, 4 products per order
numCustomers: 15
numProducts: 15
1 0 0 0 0 0 0 1 0 0 1 0 0 1 0 
1 0 0 1 0 0 0 0 0 0 0 0 0 1 1 
0 0 0 0 1 0 0 0 0 0 1 0 1 0 1 
1 0 0 0 0 0 1 0 1 0 0 1 0 0 0 
0 1 0 0 0 1 0 0 0 0 1 0 0 0 1 
1 0 0 0 1 0 0 0 0 1 0 0 1 0 0 
0 0 1 0 1 0 0 0 0 1 0 0 0 1 0 
0 0 0 0 0 0 1 0 0 0 1 0 0 1 1 
0 0 0 0 0 0 0 1 1 1 0 0 0 1 0 
1 0 0 0 0 0 1 0 0 0 0 0 1 1 0 
1 0 1 0 0 1 0 0 0 0 0 0 0 0 1 
0 0 0 0 0 1 1 0 1 0 0 0 0 0 1 
1 0 0 0 0 1 0 0 0 0 0 0 0 1 1 
0 0 0 1 0 1 0 0 1 0 0 0 0 1 0 
0 0 0 0 1 0 0 0 1 1 0 0 0 1 0 
Best Sequence: 
13 9 8 7 4 2 14 12 11 10 6 5 3 1 0 
1 0 0 1 0 0 0 0 0 1 0 0 0 0 1 
1 0 0 0 0 0 1 0 0 0 0 0 1 0 1 
0 0 0 0 1 0 1 1 0 1 0 0 0 0 0 
0 0 1 0 0 0 0 0 1 0 1 0 0 0 1 
0 0 0 0 0 0 1 0 0 1 0 1 0 1 0 
0 1 0 0 1 0 0 1 0 0 0 0 0 0 1 
1 1 0 0 1 1 0 0 0 0 0 0 0 0 0 
1 0 0 0 0 0 1 0 0 1 1 0 0 0 0 
1 1 1 1 0 0 0 0 0 0 0 0 0 0 0 
1 0 0 0 0 0 0 1 0 0 1 0 0 0 1 
0 0 0 0 0 1 1 0 0 0 0 1 0 0 1 
0 0 1 0 0 0 1 0 0 0 1 1 0 0 0 
1 0 0 0 0 0 1 0 0 0 0 1 0 0 1 
1 0 1 0 0 0 0 0 0 0 0 1 1 0 0 
1 1 1 0 1 0 0 0 0 0 0 0 0 0 0 
OpenStacks: 12
Took 7.14 seconds

buffer: Warwick 538: balanced products, 4 products per order
numCustomers: 15
numProducts: 15
1 1 0 0 0 0 0 1 0 0 1 0 0 0 0 
1 0 0 0 0 0 0 0 1 0 1 0 0 0 1 
1 1 1 0 0 0 0 1 0 0 0 0 0 0 0 
0 1 0 1 0 0 0 1 0 0 0 0 0 1 0 
0 0 0 0 0 0 0 0 0 1 0 0 1 1 1 
0 0 1 0 0 1 0 0 0 1 0 1 0 0 0 
0 0 0 0 1 0 1 0 0 0 0 1 0 0 1 
1 0 1 0 0 0 0 0 0 0 1 0 0 1 0 
1 0 0 0 0 0 0 0 1 1 0 0 0 1 0 
0 1 0 0 0 1 0 0 0 0 0 0 0 1 1 
0 0 0 0 0 1 0 0 0 0 1 0 0 1 1 
0 0 0 0 1 1 0 0 1 0 0 0 0 1 0 
0 0 0 0 1 0 0 0 0 1 0 0 1 0 1 
1 0 0 0 0 1 0 0 0 0 0 1 0 0 1 
0 1 0 0 0 0 0 0 1 0 0 1 0 1 0 
Best Sequence: 
14 12 9 4 11 6 13 10 8 5 7 3 2 1 0 
0 0 0 0 0 0 0 1 0 0 1 0 0 1 1 
1 0 0 0 0 0 0 1 1 0 0 0 0 0 1 
0 0 0 0 0 0 0 0 0 0 1 0 1 1 1 
0 0 0 0 0 0 1 0 0 0 1 1 0 1 0 
1 1 1 0 0 0 1 0 0 0 0 0 0 0 0 
0 0 1 0 1 0 0 0 0 1 0 0 1 0 0 
1 0 0 1 1 1 0 0 0 0 0 0 0 0 0 
0 0 0 0 0 0 1 1 0 0 0 0 1 0 1 
0 0 1 0 0 0 1 0 1 0 0 0 0 0 1 
1 0 0 0 0 0 1 0 0 1 0 0 0 1 0 
1 0 0 0 0 0 1 1 0 1 0 0 0 0 0 
0 0 0 1 0 0 1 0 1 1 0 0 0 0 0 
1 1 1 1 0 0 0 0 0 0 0 0 0 0 0 
1 0 0 0 1 0 0 0 0 1 0 0 0 0 1 
0 0 0 0 1 0 1 0 1 0 0 0 0 1 0 
OpenStacks: 11
Took 7.16 seconds

buffer: Warwick 539: balanced products, 4 products per order
numCustomers: 15
numProducts: 15
0 0 1 0 1 1 0 1 0 0 0 0 0 0 0 
0 0 1 0 0 0 1 0 0 1 0 0 0 1 0 
1 1 0 0 0 0 0 0 0 0 0 0 0 1 1 
1 0 0 0 1 0 1 0 0 0 0 1 0 0 0 
0 0 0 1 0 0 0 1 1 0 0 0 1 0 0 
0 1 0 0 0 0 1 0 0 0 1 0 0 0 1 
0 1 1 0 0 0 0 0 0 0 0 1 0 0 1 
1 1 0 0 0 0 1 0 0 0 0 1 0 0 0 
1 0 0 1 0 0 0 0 0 0 0 0 1 1 0 
0 0 0 0 0 1 0 0 0 1 0 0 1 0 1 
0 0 0 0 0 0 1 1 0 0 1 1 0 0 0 
1 0 0 0 0 0 1 1 0 0 0 0 0 0 1 
0 0 0 1 0 0 0 0 0 1 1 0 0 0 1 
1 0 1 0 0 0 0 0 1 0 1 0 0 0 0 
0 1 0 0 0 0 0 1 0 0 0 0 1 0 1 
Best Sequence: 
14 13 12 9 5 10 8 7 3 11 6 4 2 1 0 
0 0 0 0 1 0 0 1 0 0 0 1 1 0 0 
0 1 0 1 0 0 0 0 0 0 1 0 1 0 0 
1 1 0 0 0 0 0 0 0 0 0 0 0 1 1 
0 0 0 0 0 0 0 0 0 1 1 1 0 0 1 
0 0 1 0 0 0 1 1 1 0 0 0 0 0 0 
1 0 0 0 0 1 0 0 0 0 1 0 0 1 0 
1 0 0 0 0 0 0 0 0 1 0 0 1 1 0 
0 0 0 0 0 0 0 0 0 1 1 0 0 1 1 
0 1 1 0 0 0 0 0 1 0 0 0 0 0 1 
1 0 1 1 1 0 0 0 0 0 0 0 0 0 0 
0 0 0 0 0 1 0 1 0 1 1 0 0 0 0 
1 0 0 0 0 0 0 1 0 0 1 0 0 0 1 
1 0 0 1 0 1 0 0 1 0 0 0 0 0 0 
0 0 0 0 0 1 1 0 0 0 0 0 1 0 1 
1 0 1 0 0 0 0 1 0 0 0 0 0 1 0 
OpenStacks: 12
Took 7.18 seconds

buffer: Warwick 540: balanced products, 4 products per order
numCustomers: 15
numProducts: 15
1 0 0 0 0 0 0 0 1 0 1 0 0 0 1 
1 0 1 0 0 1 0 0 0 0 0 0 0 1 0 
0 0 0 0 0 1 1 0 0 1 0 0 0 1 0 
0 1 0 0 0 0 0 0 0 1 0 1 0 0 1 
1 1 0 0 0 0 0 0 0 0 0 1 0 0 1 
0 0 1 0 0 0 1 0 0 0 0 1 0 1 0 
0 1 0 0 0 0 0 1 0 1 0 0 1 0 0 
0 0 0 0 0 0 1 1 0 0 0 1 1 0 0 
0 1 0 0 0 0 1 0 0 0 0 1 1 0 0 
0 1 0 0 0 0 1 0 0 0 0 1 0 0 1 
1 0 0 0 0 1 0 0 1 0 0 0 1 0 0 
0 0 0 0 1 0 1 1 1 0 0 0 0 0 0 
0 0 0 0 0 1 0 1 0 1 1 0 0 0 0 
1 0 1 1 0 0 0 0 0 0 0 0 0 0 1 
0 0 0 1 0 0 0 0 0 1 0 0 0 1 1 
Best Sequence: 
12 11 6 1 7 9 13 5 10 14 8 4 3 2 0 
0 0 0 0 0 0 0 0 1 1 1 0 0 0 1 
0 0 0 0 0 0 1 1 0 0 0 0 0 1 1 
0 0 1 0 0 1 1 1 0 0 0 0 0 0 0 
0 1 0 1 0 1 0 0 0 1 0 0 0 0 0 
0 1 0 1 0 0 0 0 0 1 0 0 0 0 1 
0 1 1 0 0 0 1 0 0 0 0 0 0 1 0 
1 0 0 1 1 1 0 0 0 0 0 0 0 0 0 
1 1 1 0 1 0 0 0 0 0 0 0 0 0 0 
1 1 1 1 0 0 0 0 0 0 0 0 0 0 0 
0 1 1 1 0 0 0 0 0 1 0 0 0 0 0 
1 0 0 0 0 0 0 1 0 0 1 0 0 0 1 
0 0 1 0 1 0 0 0 0 0 1 1 0 0 0 
0 0 0 0 1 1 0 1 1 0 0 0 0 0 0 
0 0 0 0 0 0 0 0 0 1 0 0 1 1 1 
0 0 0 0 0 1 1 0 0 1 0 0 1 0 0 
OpenStacks: 10
Took 7.16 seconds

buffer: Warwick 541: balanced products, 5 products per order
numCustomers: 15
numProducts: 15
1 0 1 0 0 0 0 1 1 0 0 0 1 0 0 
0 1 1 1 0 0 0 0 0 0 0 1 1 0 0 
0 0 0 0 1 1 1 0 0 1 0 1 0 0 0 
0 1 0 0 1 1 1 0 0 0 1 0 0 0 0 
0 0 1 0 0 0 1 1 1 0 0 0 1 0 0 
0 0 0 1 0 1 0 0 1 0 0 1 0 1 0 
0 1 0 0 0 1 0 1 1 0 1 0 0 0 0 
1 0 0 0 0 0 1 0 0 1 0 0 1 0 1 
0 0 1 1 0 0 0 0 1 0 0 1 0 1 0 
0 1 0 0 1 0 0 1 0 0 1 0 0 1 0 
0 0 0 0 1 0 0 0 1 1 0 1 0 1 0 
1 0 1 0 1 0 0 0 0 1 0 0 1 0 0 
0 0 0 0 0 0 0 0 1 1 0 1 0 1 1 
0 1 0 1 1 0 0 0 0 1 0 1 0 0 0 
0 0 0 0 1 1 1 0 0 0 1 0 0 1 0 
Best Sequence: 
14 13 10 6 5 4 11 9 12 8 7 3 2 1 0 
0 0 0 0 0 0 0 0 1 1 1 0 1 0 1 
0 0 0 0 0 0 1 0 1 0 0 1 1 1 0 
0 0 0 1 1 1 1 1 0 0 0 0 0 0 0 
0 0 1 1 1 1 0 0 0 0 0 0 0 1 0 
0 0 0 1 0 0 0 0 1 1 1 0 1 0 0 
0 1 0 0 1 0 1 0 0 1 0 1 0 0 0 
0 0 1 0 1 0 0 0 0 1 1 0 0 1 0 
1 0 0 1 0 0 0 1 1 0 0 0 0 0 1 
0 1 0 0 0 0 1 0 0 1 0 1 1 0 0 
0 1 1 0 0 1 0 0 0 0 1 0 0 1 0 
0 1 0 0 0 1 1 1 0 1 0 0 0 0 0 
0 0 0 0 0 1 0 1 1 0 0 0 1 0 1 
1 1 0 0 0 0 1 1 0 1 0 0 0 0 0 
0 0 0 0 0 1 1 1 0 0 0 1 0 1 0 
0 1 1 1 1 1 0 0 0 0 0 0 0 0 0 
OpenStacks: 13
Took 7.27 seconds

buffer: Warwick 542: balanced products, 5 products per order
numCustomers: 15
numProducts: 15
0 0 0 0 0 0 0 1 1 1 0 0 1 1 0 
1 0 0 0 1 0 0 1 0 0 0 0 0 1 1 
1 1 0 0 0 0 1 0 1 0 0 0 0 1 0 
1 1 0 1 0 0 0 0 0 0 1 0 1 0 0 
0 1 0 0 0 0 0 0 1 0 1 1 0 0 1 
0 1 0 1 0 0 0 0 1 0 1 0 0 0 1 
1 1 1 0 0 1 0 1 0 0 0 0 0 0 0 
0 0 0 0 0 0 0 0 1 0 1 1 1 1 0 
1 0 0 1 1 0 0 0 0 1 0 0 0 1 0 
1 0 0 0 0 0 0 1 0 0 1 0 1 1 0 
0 1 0 0 0 1 0 0 0 1 0 1 0 0 1 
0 1 1 1 0 0 0 0 0 1 0 0 1 0 0 
0 0 0 0 0 0 0 1 1 1 0 1 0 1 0 
0 0 0 0 0 0 1 1 1 1 1 0 0 0 0 
0 1 1 1 1 0 0 0 1 0 0 0 0 0 0 
Best Sequence: 
14 13 12 11 10 9 8 7 6 5 4 3 2 1 0 
0 1 1 0 0 1 1 1 0 0 0 0 0 0 0 
1 1 0 0 0 0 0 1 0 0 1 0 0 0 1 
0 1 0 0 0 0 1 0 1 0 0 0 0 1 1 
0 0 1 0 1 0 0 0 0 0 0 1 0 1 1 
1 0 0 1 1 0 1 0 0 0 0 0 0 1 0 
1 0 0 0 1 0 1 0 0 0 0 1 0 1 0 
0 0 0 0 0 0 0 1 0 1 0 0 1 1 1 
0 1 1 1 1 0 1 0 0 0 0 0 0 0 0 
0 1 0 0 0 1 0 0 0 0 1 1 0 0 1 
0 1 1 0 1 0 0 1 0 0 0 0 0 0 1 
1 0 0 1 0 1 0 0 0 1 0 0 0 1 0 
0 0 1 0 0 1 0 0 0 0 0 1 1 1 0 
0 1 0 1 0 1 1 1 0 0 0 0 0 0 0 
0 0 0 0 1 1 1 1 1 0 0 0 0 0 0 
0 0 0 0 0 0 1 0 0 0 1 1 1 1 0 
OpenStacks: 14
Took 7.27 seconds

buffer: Warwick 543: balanced products, 5 products per order
numCustomers: 15
numProducts: 15
0 0 1 0 1 1 0 0 1 0 0 0 0 0 1 
0 1 1 0 0 0 0 0 0 0 0 0 1 1 1 
0 1 0 1 0 0 1 0 1 0 0 1 0 0 0 
0 0 0 0 0 1 1 0 1 1 0 0 0 0 1 
0 1 1 0 0 0 1 0 1 0 0 0 0 1 0 
1 0 0 0 0 1 1 0 0 0 0 0 1 1 0 
1 1 0 0 1 0 1 0 0 0 0 1 0 0 0 
0 1 0 0 1 1 1 1 0 0 0 0 0 0 0 
0 0 0 1 0 0 1 0 1 1 1 0 0 0 0 
0 1 0 1 0 0 0 0 0 0 0 1 1 1 0 
0 0 0 0 1 1 0 1 1 0 0 1 0 0 0 
0 0 0 0 1 0 1 0 0 1 0 1 0 0 1 
0 0 1 1 0 0 0 1 0 0 0 0 0 1 1 
0 1 0 0 0 0 1 1 0 0 0 0 1 0 1 
0 1 0 0 0 1 1 0 1 1 0 0 0 0 0 
Best Sequence: 
14 9 8 6 5 13 12 11 10 7 4 3 2 1 0 
1 0 1 0 1 0 0 0 0 0 1 0 1 0 0 
1 0 0 0 0 1 1 0 0 0 0 0 1 1 0 
0 0 1 1 0 0 0 1 0 0 0 1 0 1 0 
1 1 1 1 1 0 0 0 0 0 0 0 0 0 0 
0 0 1 1 0 1 0 0 0 0 0 0 1 1 0 
0 0 0 1 1 1 1 0 0 0 0 0 0 0 1 
0 0 0 1 0 0 0 1 0 0 1 0 0 1 1 
0 0 0 1 1 0 0 0 0 1 1 0 0 1 0 
0 1 1 1 0 0 0 0 1 0 0 1 0 0 0 
0 0 0 0 0 1 1 1 0 0 0 1 0 1 0 
0 0 1 0 1 0 0 1 0 1 1 0 0 0 0 
1 1 0 1 0 0 0 1 0 0 1 0 0 0 0 
1 0 0 0 0 1 0 0 0 1 0 1 1 0 0 
1 0 0 1 0 0 1 0 0 1 0 0 0 1 0 
0 1 1 1 1 0 0 0 0 0 0 0 0 1 0 
OpenStacks: 14
Took 7.26 seconds

buffer: Warwick 544: balanced products, 5 products per order
numCustomers: 15
numProducts: 15
0 0 1 0 1 0 1 0 0 0 1 0 0 1 0 
0 0 0 0 1 1 0 1 1 0 0 0 0 0 1 
0 0 0 0 0 1 0 0 0 1 1 0 0 1 1 
0 1 0 1 0 1 0 0 1 0 1 0 0 0 0 
0 0 1 0 1 1 0 0 0 0 1 1 0 0 0 
0 0 0 1 0 0 1 0 0 0 1 1 0 0 1 
1 0 0 0 1 1 0 0 0 1 1 0 0 0 0 
1 1 0 0 0 0 0 0 1 1 1 0 0 0 0 
0 0 0 1 0 0 1 1 0 1 0 0 0 0 1 
0 1 0 1 0 0 0 0 0 0 1 0 1 1 0 
0 0 0 1 1 0 0 1 0 0 1 0 0 1 0 
0 0 0 1 1 1 0 0 1 0 0 1 0 0 0 
1 1 0 0 1 0 0 0 0 0 0 1 0 0 1 
0 0 1 0 0 0 1 1 1 1 0 0 0 0 0 
1 0 0 0 0 0 1 0 0 1 0 1 1 0 0 
Best Sequence: 
14 8 7 5 4 13 10 3 12 11 9 6 2 1 0 
0 0 0 0 1 1 1 0 0 0 0 1 1 0 0 
1 1 1 1 1 0 0 0 0 0 0 0 0 0 0 
1 0 0 1 0 1 1 0 0 0 1 0 0 0 0 
0 1 0 1 0 0 1 1 0 0 0 0 0 1 0 
0 0 0 1 1 0 1 0 0 1 0 0 1 0 0 
1 0 0 0 0 0 1 1 0 1 0 1 0 0 0 
0 0 0 1 1 0 1 0 0 0 1 0 0 0 1 
0 1 0 0 0 0 1 0 0 0 1 0 0 1 1 
1 0 1 0 0 0 0 1 0 0 1 1 0 0 0 
0 0 0 0 0 1 1 1 1 0 0 0 0 1 0 
0 0 1 0 1 1 1 1 0 0 0 0 0 0 0 
0 1 0 1 1 0 0 1 0 1 0 0 0 0 0 
1 0 0 0 1 0 0 0 0 1 0 0 0 1 1 
0 1 1 0 0 0 0 0 0 0 1 1 1 0 0 
0 0 0 0 0 0 0 0 1 1 1 1 0 0 1 
OpenStacks: 13
Took 7.3 seconds

buffer: Warwick 545: balanced products, 5 products per order
numCustomers: 15
numProducts: 15
1 0 1 0 0 0 1 0 0 0 1 0 0 0 1 
1 1 0 0 0 0 0 1 0 0 1 1 0 0 0 
1 0 0 0 1 0 1 1 0 0 0 0 0 1 0 
1 1 0 1 0 0 0 1 0 1 0 0 0 0 0 
0 0 1 0 0 0 1 0 0 0 0 1 1 1 0 
0 0 0 1 0 0 0 1 1 0 0 0 1 0 1 
0 1 0 0 0 1 1 0 0 0 1 0 0 1 0 
1 1 1 0 1 0 0 0 0 0 0 0 0 0 1 
0 1 0 0 0 0 0 1 1 0 0 0 1 0 1 
1 1 0 0 0 0 0 0 1 0 1 0 1 0 0 
1 0 0 0 1 0 1 1 0 0 0 0 0 1 0 
1 0 1 0 1 0 1 1 0 0 0 0 0 0 0 
0 0 0 0 0 0 1 1 1 1 0 1 0 0 0 
0 0 1 0 1 1 0 1 0 0 0 1 0 0 0 
0 1 0 1 1 0 0 1 0 0 0 0 0 1 0 
Best Sequence: 
11 9 8 7 6 14 13 12 10 5 4 3 2 1 0 
0 0 0 0 1 1 0 0 1 0 0 0 1 0 1 
1 0 0 1 0 0 0 0 1 0 0 0 0 1 1 
0 0 0 1 1 0 1 0 0 0 1 0 0 0 1 
0 1 0 1 0 0 0 0 0 0 0 1 0 1 1 
1 0 0 0 1 0 1 1 0 0 0 0 1 0 0 
0 0 1 1 0 1 0 1 0 0 0 1 0 0 0 
0 0 0 0 1 0 1 0 1 1 0 0 0 1 0 
0 0 0 0 0 1 0 0 0 0 1 0 1 1 1 
0 0 1 1 0 1 0 1 0 0 0 0 0 1 0 
0 0 1 0 0 0 0 1 1 0 0 0 0 1 1 
0 0 0 1 1 0 1 0 0 0 1 0 0 0 1 
0 0 0 1 1 0 0 0 0 0 1 0 1 0 1 
1 1 1 1 1 0 0 0 0 0 0 0 0 0 0 
1 0 0 1 0 0 0 0 0 1 1 0 1 0 0 
0 0 0 1 0 0 1 0 0 0 1 1 0 1 0 
OpenStacks: 14
Took 7.27 seconds

buffer: Warwick 546: balanced products, 5 products per order
numCustomers: 15
numProducts: 15
1 1 0 0 1 0 0 0 0 1 0 0 0 0 1 
0 0 1 1 0 0 0 0 0 1 1 0 0 1 0 
0 0 1 1 0 0 0 1 1 0 0 0 0 1 0 
0 0 1 0 0 0 1 0 1 1 0 0 0 0 1 
0 0 0 0 0 1 0 0 0 0 1 1 1 0 1 
0 0 0 0 1 0 0 1 1 0 0 1 1 0 0 
0 1 1 1 0 0 0 0 1 0 0 0 1 0 0 
0 0 0 1 1 0 1 0 1 1 0 0 0 0 0 
0 0 0 0 0 0 0 1 1 1 1 0 0 1 0 
0 1 0 1 0 1 0 0 0 1 0 0 0 0 1 
1 0 0 0 0 1 0 1 0 0 0 0 1 1 0 
1 0 0 1 0 0 0 0 1 1 0 1 0 0 0 
1 0 0 0 0 1 0 1 0 1 0 1 0 0 0 
1 0 1 1 0 1 0 0 0 0 1 0 0 0 0 
1 0 1 0 0 0 1 1 0 0 0 0 1 0 0 
Best Sequence: 
9 8 6 4 3 14 2 13 12 11 10 7 5 1 0 
1 0 0 1 0 1 0 0 0 0 0 0 0 1 1 
1 0 0 0 1 0 1 1 0 0 1 0 0 0 0 
0 1 0 0 1 0 1 1 0 0 0 1 0 0 0 
1 1 1 0 0 1 1 0 0 0 0 0 0 0 0 
0 0 0 0 0 1 0 0 1 1 1 0 1 0 0 
0 1 0 1 0 0 0 0 1 1 0 1 0 0 0 
0 1 0 0 1 0 1 0 1 0 0 0 0 1 0 
1 1 1 1 1 0 0 0 0 0 0 0 0 0 0 
1 1 0 0 0 0 0 1 0 0 1 1 0 0 0 
1 0 0 0 1 1 0 0 0 0 0 0 1 1 0 
0 0 0 0 0 0 0 1 1 0 0 1 1 0 1 
1 1 0 0 1 0 0 0 0 1 0 0 0 0 1 
1 0 0 0 0 0 0 0 0 1 0 1 1 0 1 
0 0 0 0 1 0 1 0 0 0 1 0 1 0 1 
0 0 1 0 0 0 1 0 1 0 0 1 0 0 1 
OpenStacks: 13
Took 7.3 seconds

buffer: Warwick 547: balanced products, 5 products per order
numCustomers: 15
numProducts: 15
0 1 0 1 1 0 0 0 0 1 0 0 0 1 0 
0 0 0 1 0 1 0 0 0 0 0 1 1 0 1 
1 0 1 0 0 0 0 0 1 1 1 0 0 0 0 
0 0 0 0 0 1 1 0 0 0 0 1 1 1 0 
1 1 0 1 0 1 0 1 0 0 0 0 0 0 0 
0 0 0 1 0 0 1 1 0 0 0 1 0 1 0 
0 1 0 1 0 1 0 0 0 1 0 0 1 0 0 
0 0 0 1 0 1 1 0 1 0 0 1 0 0 0 
0 0 0 1 0 0 0 0 1 0 1 0 0 1 1 
0 0 0 0 0 1 0 1 0 1 0 0 1 0 1 
0 0 0 0 0 0 0 0 1 0 1 1 1 1 0 
0 0 1 1 0 1 1 0 1 0 0 0 0 0 0 
0 0 1 0 1 1 1 0 0 0 0 0 0 0 1 
1 0 1 0 0 0 0 0 0 1 0 1 0 0 1 
1 0 0 1 0 0 1 0 0 0 0 1 0 0 1 
Best Sequence: 
13 12 11 10 8 14 9 7 6 5 4 3 2 1 0 
1 0 0 0 0 0 1 0 0 0 1 1 0 1 0 
0 1 1 0 0 1 0 0 0 1 0 1 0 0 0 
0 0 0 1 1 0 1 0 0 0 0 0 1 0 1 
1 1 1 0 0 0 0 0 1 1 0 0 0 0 0 
0 0 0 0 0 0 0 1 0 1 0 1 0 1 1 
1 0 1 0 0 0 0 1 1 0 0 1 0 0 0 
0 1 0 0 0 0 1 0 0 1 0 1 0 1 0 
0 0 1 0 1 0 0 0 1 1 0 1 0 0 0 
1 0 0 1 1 1 0 0 0 0 0 1 0 0 0 
0 1 0 0 0 1 1 1 0 1 0 0 0 0 0 
1 1 1 1 1 0 0 0 0 0 0 0 0 0 0 
0 0 0 0 1 0 0 0 1 1 0 1 1 0 0 
0 0 0 0 0 1 0 0 1 1 1 0 1 0 0 
0 0 1 0 0 1 1 0 0 0 0 0 1 0 1 
0 0 1 0 0 1 0 0 1 0 0 1 0 0 1 
OpenStacks: 14
Took 7.27 seconds

buffer: Warwick 548: balanced products, 5 products per order
numCustomers: 15
numProducts: 15
1 0 0 1 1 0 1 0 0 1 0 0 0 0 0 
0 0 0 1 0 0 0 0 0 1 1 0 1 0 1 
0 0 0 0 1 0 0 1 1 0 0 1 0 1 0 
0 0 0 1 0 1 0 1 0 0 1 0 0 0 1 
0 0 1 1 0 1 0 1 1 0 0 0 0 0 0 
0 0 0 0 0 0 1 1 0 0 0 0 1 1 1 
0 0 0 0 1 1 0 0 0 0 0 1 1 1 0 
0 0 1 1 0 0 1 0 0 0 1 0 0 1 0 
0 1 0 0 0 0 0 1 0 1 0 1 1 0 0 
1 0 1 1 0 0 0 1 1 0 0 0 0 0 0 
0 0 0 0 1 1 0 1 0 0 0 0 0 1 1 
0 1 0 0 0 0 0 1 0 1 0 1 1 0 0 
0 0 1 0 0 0 0 0 0 1 0 1 1 0 1 
0 0 0 1 0 1 1 0 0 0 0 0 0 1 1 
1 1 0 1 0 0 0 0 0 1 0 0 1 0 0 
Best Sequence: 
13 11 8 7 4 14 5 12 10 9 6 3 2 1 0 
0 0 0 0 1 0 0 0 0 1 1 1 0 0 1 
0 0 0 0 0 1 0 1 1 1 0 1 0 0 0 
1 1 1 1 1 0 0 0 0 0 0 0 0 0 0 
0 0 0 1 0 1 1 0 1 0 0 1 0 0 0 
0 0 1 1 0 0 1 0 0 0 0 1 1 0 0 
1 0 0 1 0 1 0 1 0 0 1 0 0 0 0 
1 1 0 0 1 0 1 1 0 0 0 0 0 0 0 
1 0 0 0 0 0 0 0 1 0 1 1 1 0 0 
0 1 0 1 0 0 0 1 0 1 0 0 0 1 0 
0 0 1 1 0 0 0 0 0 0 0 1 1 0 1 
1 0 0 1 1 1 1 0 0 0 0 0 0 0 0 
0 1 0 1 0 0 0 1 0 1 0 0 0 1 0 
0 1 0 0 0 1 0 1 0 1 0 0 1 0 0 
1 0 0 0 0 1 1 0 0 0 1 1 0 0 0 
0 0 0 0 0 0 0 1 0 1 0 1 0 1 1 
OpenStacks: 13
Took 7.29 seconds

buffer: Warwick 549: balanced products, 5 products per order
numCustomers: 15
numProducts: 15
1 1 1 0 0 0 1 0 1 0 0 0 0 0 0 
1 1 1 0 0 0 0 1 0 0 0 0 0 0 1 
0 0 1 0 0 0 0 0 0 0 1 1 1 1 0 
1 0 1 0 1 0 1 0 0 0 0 0 1 0 0 
1 0 0 0 0 1 0 1 1 1 0 0 0 0 0 
0 0 0 0 1 0 0 1 1 0 1 0 0 1 0 
1 0 1 0 1 0 0 0 0 0 1 0 1 0 0 
0 0 1 0 1 1 1 0 0 0 0 0 0 1 0 
0 1 1 0 0 0 0 1 1 0 0 0 0 1 0 
0 1 1 0 0 1 0 0 1 1 0 0 0 0 0 
0 0 0 0 1 1 1 0 0 1 0 1 0 0 0 
1 0 0 1 0 0 0 0 0 0 1 1 0 0 1 
1 0 0 0 0 0 1 0 0 0 0 1 1 0 1 
0 0 0 0 0 0 1 1 1 0 0 0 0 1 1 
0 1 0 0 1 1 0 0 0 1 0 0 0 0 1 
Best Sequence: 
13 8 7 2 1 9 5 10 4 14 12 11 6 3 0 
0 1 0 1 1 0 0 0 0 0 0 0 1 0 1 
0 0 1 1 1 0 0 0 0 1 0 0 0 0 1 
1 0 0 1 0 0 0 1 0 0 1 1 0 0 0 
0 0 0 1 0 0 0 0 1 0 1 0 1 0 1 
0 1 1 0 0 1 1 0 0 0 0 0 0 0 1 
1 1 1 0 0 0 0 1 1 0 0 0 0 0 0 
0 0 0 1 0 0 0 1 1 0 1 0 0 0 1 
1 0 0 1 0 0 1 0 1 0 0 0 1 0 0 
1 1 1 1 1 0 0 0 0 0 0 0 0 0 0 
0 1 0 1 1 1 1 0 0 0 0 0 0 0 0 
0 0 0 0 0 1 1 0 1 0 0 1 1 0 0 
0 0 0 0 0 0 0 1 0 1 0 1 0 1 1 
0 0 0 0 0 0 0 0 0 1 1 1 1 0 1 
1 1 1 0 0 0 0 0 0 1 0 0 1 0 0 
0 0 0 0 1 1 1 0 1 1 0 0 0 0 0 
OpenStacks: 12
Took 7.3 seconds

buffer: Warwick 550: balanced products, 5 products per order
numCustomers: 15
numProducts: 15
0 0 0 0 0 1 1 0 0 0 1 1 0 1 0 
0 0 0 0 1 0 0 1 1 1 0 0 1 0 0 
1 0 0 0 0 1 0 0 0 0 1 1 0 0 1 
0 0 0 0 1 1 1 0 0 0 1 0 0 0 1 
0 0 0 1 0 0 1 1 0 0 0 0 0 1 1 
0 1 0 0 0 0 1 0 0 1 1 1 0 0 0 
1 1 1 0 0 0 0 0 0 1 0 0 0 1 0 
0 1 0 0 0 0 0 1 0 1 1 0 1 0 0 
0 0 0 1 0 0 0 1 1 1 1 0 0 0 0 
1 0 0 0 1 0 1 0 0 1 0 0 0 1 0 
1 0 1 0 0 0 1 0 1 0 0 0 0 0 1 
0 0 1 0 0 0 0 0 1 0 1 1 0 0 1 
1 1 1 0 0 0 0 0 0 0 0 1 0 1 0 
1 0 0 1 1 0 0 1 0 0 0 0 1 0 0 
1 0 0 0 1 0 1 0 0 0 1 0 0 0 1 
Best Sequence: 
12 9 8 7 4 14 10 6 5 13 11 3 2 1 0 
0 0 0 0 0 0 1 1 1 1 1 0 0 0 0 
1 1 1 1 1 0 0 0 0 0 0 0 0 0 0 
0 0 0 0 0 1 1 0 1 0 1 0 0 0 1 
0 0 0 0 1 1 1 1 1 0 0 0 0 0 0 
0 0 0 1 0 1 0 1 0 1 0 1 0 0 0 
0 1 0 0 0 0 1 1 0 0 1 0 0 1 0 
0 1 0 0 0 0 0 0 0 1 0 0 1 1 1 
1 1 0 1 0 0 1 0 0 0 0 0 0 1 0 
0 1 1 1 0 0 1 0 0 0 0 1 0 0 0 
0 1 0 0 1 0 0 1 0 1 0 0 0 0 1 
0 0 1 0 0 1 0 1 0 0 0 0 1 0 1 
0 0 1 0 0 1 1 0 0 0 1 0 1 0 0 
0 0 0 0 0 0 0 0 0 1 1 0 1 1 1 
1 0 0 1 1 0 0 0 0 0 0 1 0 0 1 
0 0 0 0 1 1 1 1 0 0 0 0 0 0 1 
OpenStacks: 13
Took 7.29 seconds

buffer: Warwick 551: balanced products, 6 products per order
numCustomers: 15
numProducts: 15
0 1 0 1 0 1 0 0 1 1 0 0 1 0 0 
0 1 0 0 1 0 0 1 1 0 0 0 0 1 1 
0 0 1 0 0 0 0 1 0 0 1 0 1 1 1 
0 1 0 0 1 0 0 0 1 0 0 1 1 1 0 
0 1 0 1 0 0 1 0 0 1 1 0 0 0 1 
1 0 0 1 1 0 1 0 0 1 0 1 0 0 0 
1 1 0 0 0 0 1 0 1 0 0 1 0 0 1 
0 1 0 0 1 0 1 1 0 1 0 1 0 0 0 
1 0 1 1 0 1 0 0 0 0 0 0 1 1 0 
1 1 0 0 0 1 0 1 0 0 1 0 0 0 1 
1 0 0 0 0 1 0 0 1 0 1 1 0 0 1 
1 1 0 1 1 1 0 0 1 0 0 0 0 0 0 
0 1 0 1 1 0 0 0 1 1 0 0 0 1 0 
1 0 0 0 0 0 1 1 0 0 1 1 0 0 1 
0 1 0 1 0 0 0 0 1 1 0 0 1 0 1 
Best Sequence: 
14 13 12 10 7 2 11 9 8 6 5 4 3 1 0 
0 0 1 0 0 0 0 1 1 0 1 0 1 1 0 
1 1 0 0 1 0 0 0 1 0 0 1 0 1 0 
1 1 1 1 1 1 0 0 0 0 0 0 0 0 0 
0 1 1 0 0 0 1 0 1 0 0 1 0 1 0 
1 0 0 1 0 0 0 1 0 1 0 0 1 1 0 
0 0 0 0 0 0 1 1 0 1 0 1 1 0 1 
1 0 0 0 0 0 1 0 1 1 0 0 0 1 1 
0 0 0 0 1 0 1 1 0 1 0 1 0 1 0 
0 1 1 0 0 1 0 0 0 0 1 0 1 0 1 
1 0 0 1 1 0 0 0 0 0 1 0 0 1 1 
1 0 0 1 0 0 1 0 1 0 1 0 0 0 1 
0 0 0 0 0 0 0 0 1 0 1 1 1 1 1 
0 1 0 0 0 0 0 1 1 0 0 1 1 1 0 
1 0 0 1 1 0 1 0 0 1 0 0 0 0 1 
1 0 1 0 0 0 0 1 1 0 0 0 1 1 0 
OpenStacks: 14
Took 7.39 seconds

buffer: Warwick 552: balanced products, 6 products per order
numCustomers: 15
numProducts: 15
0 0 0 0 0 1 0 0 1 1 0 1 1 1 0 
0 1 0 0 1 0 1 1 0 0 0 1 1 0 0 
1 0 0 0 0 1 1 1 0 0 1 0 0 0 1 
0 0 1 0 1 0 1 0 0 0 1 1 0 0 1 
0 0 0 0 0 1 0 0 1 0 1 0 1 1 1 
1 0 0 0 0 1 1 1 0 0 0 0 1 0 1 
1 0 1 1 0 0 0 0 0 0 1 1 0 0 1 
0 0 0 0 1 0 1 1 0 0 1 1 0 1 0 
1 0 0 0 1 0 0 0 1 1 1 0 0 0 1 
0 0 0 0 0 1 1 0 0 1 1 0 0 1 1 
1 0 0 0 0 0 1 1 1 0 0 0 0 1 1 
1 1 0 0 0 1 1 1 0 0 0 1 0 0 0 
1 1 0 0 0 1 1 1 0 1 0 0 0 0 0 
0 0 1 1 0 0 0 0 1 1 0 0 1 1 0 
0 0 0 0 1 0 0 1 0 1 1 1 1 0 0 
Best Sequence: 
13 12 9 8 3 2 14 11 10 7 6 5 4 1 0 
1 1 1 1 0 0 0 1 0 0 0 1 0 0 0 
0 1 0 0 0 0 0 1 0 1 1 0 1 1 0 
0 0 0 0 0 0 1 0 1 1 1 1 0 0 1 
0 0 0 0 0 1 1 1 1 0 1 0 1 0 0 
1 1 0 1 0 0 1 0 1 0 0 1 0 0 0 
0 1 0 0 0 0 1 0 0 1 1 1 0 0 1 
0 0 0 0 1 1 1 1 1 0 0 0 0 0 1 
1 0 0 0 0 0 0 1 1 1 1 0 1 0 0 
0 0 1 1 0 0 1 0 1 0 0 0 1 0 1 
1 0 1 0 0 0 1 0 1 0 1 1 0 0 0 
1 0 0 1 0 0 1 0 0 1 1 0 0 0 1 
0 0 0 0 0 0 0 1 0 1 1 1 0 1 1 
0 0 1 0 0 0 0 0 0 1 1 1 0 1 1 
1 1 1 1 1 1 0 0 0 0 0 0 0 0 0 
0 1 1 0 0 0 0 1 1 1 0 0 1 0 0 
OpenStacks: 14
Took 7.33 seconds

buffer: Warwick 553: balanced products, 6 products per order
numCustomers: 15
numProducts: 15
1 1 1 0 0 0 1 0 0 0 1 0 0 0 1 
0 0 0 1 0 0 0 0 1 1 1 1 1 0 0 
1 0 1 1 1 0 0 1 0 0 0 0 1 0 0 
0 1 0 1 1 0 1 0 0 1 0 0 0 0 1 
1 1 0 1 0 0 0 0 1 1 0 0 1 0 0 
1 1 0 1 0 0 1 0 0 0 0 0 1 1 0 
0 1 1 0 0 0 0 0 1 0 1 1 0 1 0 
1 0 1 0 0 0 0 0 0 1 0 1 0 1 1 
1 0 0 0 1 0 1 0 1 0 1 0 0 1 0 
0 1 0 0 1 1 0 0 1 1 0 0 1 0 0 
0 1 0 1 0 0 0 1 1 1 0 0 1 0 0 
0 1 1 0 1 0 0 0 1 0 1 1 0 0 0 
0 0 0 1 1 0 1 1 0 0 0 0 1 0 1 
1 0 1 0 0 0 0 0 0 1 0 0 1 1 1 
0 1 1 0 0 0 0 0 0 1 1 1 1 0 0 
Best Sequence: 
14 12 7 6 4 3 13 11 10 9 8 5 2 1 0 
1 0 0 1 0 0 0 0 1 0 0 0 1 1 1 
0 1 0 0 0 1 0 1 1 1 1 0 0 0 0 
0 1 1 0 1 1 0 0 0 0 0 0 1 0 1 
1 0 0 1 1 1 0 0 0 1 0 0 0 1 0 
0 1 0 0 0 1 0 0 0 1 1 0 0 1 1 
0 1 0 1 0 1 1 0 0 0 0 0 0 1 1 
0 0 0 0 0 0 1 1 1 0 1 0 1 1 0 
1 0 0 0 0 0 1 1 0 1 0 0 1 0 1 
0 0 0 1 1 0 1 0 1 0 1 0 0 0 1 
0 1 0 0 1 0 0 0 0 1 1 1 0 1 0 
0 1 1 0 0 1 0 0 0 1 1 0 0 1 0 
0 0 0 0 1 0 0 1 1 0 1 0 1 1 0 
1 1 1 1 1 1 0 0 0 0 0 0 0 0 0 
1 1 0 0 0 0 1 0 0 1 0 0 1 0 1 
0 1 0 0 0 0 0 1 1 1 0 0 1 1 0 
OpenStacks: 14
Took 7.35 seconds

buffer: Warwick 554: balanced products, 6 products per order
numCustomers: 15
numProducts: 15
1 1 1 0 0 0 1 0 0 0 0 0 0 1 1 
0 1 0 1 0 1 0 0 0 1 0 0 1 0 1 
0 0 1 0 1 1 1 0 0 0 0 0 0 1 1 
0 1 1 1 1 0 0 0 1 1 0 0 0 0 0 
0 0 1 1 1 0 1 0 0 1 0 0 1 0 0 
1 1 0 1 0 0 1 0 0 0 0 0 1 0 1 
1 1 0 0 1 0 0 1 0 1 0 0 0 0 1 
0 0 1 1 1 0 1 1 0 0 0 0 1 0 0 
1 1 1 0 0 0 0 0 1 0 0 1 0 0 1 
0 1 1 0 0 1 0 0 1 1 0 0 0 0 1 
0 1 1 0 1 1 1 0 0 0 0 0 0 1 0 
0 0 0 0 1 1 0 0 1 1 1 0 1 0 0 
1 1 0 0 0 0 1 1 0 0 1 1 0 0 0 
1 0 1 0 1 0 1 1 0 0 0 0 0 0 1 
0 1 1 1 0 1 0 1 0 0 0 0 1 0 0 
Best Sequence: 
12 10 9 8 5 4 14 13 11 7 6 3 2 1 0 
0 0 0 0 0 0 1 1 0 0 1 0 1 1 1 
1 0 1 0 1 0 1 0 0 0 0 1 0 1 0 
0 0 0 0 1 1 1 1 0 0 1 0 1 0 0 
0 0 1 1 0 1 0 0 0 0 0 1 1 1 0 
1 0 1 0 0 1 0 0 0 0 1 1 1 0 0 
1 0 0 0 0 0 1 0 0 0 1 1 0 1 1 
0 0 1 0 0 1 1 0 0 1 0 0 0 1 1 
1 0 0 0 0 1 0 0 0 1 1 1 1 0 0 
0 0 0 1 0 0 1 0 1 0 0 0 1 1 1 
0 0 1 1 1 0 1 0 0 0 0 0 1 1 0 
0 0 0 0 1 1 0 1 0 0 1 0 1 1 0 
1 1 1 1 1 1 0 0 0 0 0 0 0 0 0 
0 1 0 0 0 0 0 0 1 1 1 0 0 1 1 
0 0 0 0 0 1 1 0 0 1 1 0 1 0 1 
1 0 0 0 1 0 0 0 0 1 0 1 1 1 0 
OpenStacks: 14
Took 7.33 seconds

buffer: Warwick 555: balanced products, 6 products per order
numCustomers: 15
numProducts: 15
0 0 0 0 0 1 1 0 1 0 1 0 1 0 1 
1 0 0 1 0 1 0 0 1 0 0 1 1 0 0 
0 0 1 1 1 0 1 0 0 0 0 0 1 0 1 
0 1 1 0 1 1 1 0 1 0 0 0 0 0 0 
1 0 0 0 0 1 1 0 0 0 0 1 1 0 1 
1 1 1 0 1 0 0 0 1 0 0 0 1 0 0 
0 0 0 0 1 0 0 1 1 1 0 0 1 0 1 
0 1 0 0 0 0 1 1 0 0 0 1 1 1 0 
0 1 0 0 0 0 1 0 0 1 0 0 1 1 1 
0 0 1 1 0 0 1 0 0 1 1 0 0 1 0 
1 0 0 0 1 0 0 1 1 1 0 1 0 0 0 
1 0 0 0 0 0 1 0 1 1 1 1 0 0 0 
0 1 0 0 1 1 0 0 0 0 1 1 0 1 0 
1 1 1 1 0 0 0 0 1 0 0 1 0 0 0 
0 1 1 0 0 1 0 1 0 0 1 0 1 0 0 
Best Sequence: 
14 13 12 11 10 9 8 7 6 5 4 3 2 1 0 
1 0 1 0 1 0 1 0 1 1 0 0 0 0 0 
0 0 1 1 0 0 1 0 0 1 0 1 0 0 1 
1 0 1 0 0 0 0 0 1 0 1 1 1 0 0 
0 0 0 0 0 0 1 0 1 1 1 0 1 1 0 
1 0 1 1 0 0 0 0 1 1 0 0 0 0 1 
0 0 1 0 0 0 1 0 0 0 1 0 1 1 1 
1 0 1 0 0 1 1 1 0 0 1 0 0 0 0 
0 1 1 1 0 0 0 1 1 0 0 0 0 1 0 
1 1 1 0 0 1 0 0 1 0 0 0 0 1 0 
0 1 0 0 1 1 0 0 1 0 0 1 1 0 0 
0 0 0 1 0 1 1 1 0 0 1 0 0 0 1 
0 0 0 1 1 1 1 0 1 0 0 0 0 0 1 
0 1 0 1 1 0 0 0 0 1 1 0 0 1 0 
0 0 0 1 0 0 1 0 0 0 0 1 1 1 1 
0 0 1 0 1 0 0 1 0 1 0 0 1 1 0 
OpenStacks: 15
Took 7.41 seconds

buffer: Warwick 556: balanced products, 6 products per order
numCustomers: 15
numProducts: 15
0 0 1 1 0 0 0 0 0 1 1 0 0 1 1 
0 0 0 0 0 1 0 1 1 0 1 1 0 1 0 
0 1 0 0 1 0 0 1 1 1 1 0 0 0 0 
0 1 1 1 0 0 0 0 1 0 0 1 1 0 0 
0 0 0 0 0 0 0 1 1 1 1 0 0 1 1 
1 1 0 1 0 1 1 0 0 0 0 0 0 0 1 
1 1 0 0 0 1 0 0 0 1 0 0 0 1 1 
0 0 1 1 1 0 0 0 0 1 1 1 0 0 0 
0 1 0 0 1 1 1 1 1 0 0 0 0 0 0 
0 0 0 1 1 1 0 0 1 0 0 1 0 0 1 
0 0 0 1 1 0 0 1 0 0 1 1 0 0 1 
0 0 0 0 1 0 0 1 1 1 0 1 0 1 0 
1 1 1 0 0 1 0 1 0 0 1 0 0 0 0 
0 0 0 0 1 0 0 1 0 0 1 1 1 1 0 
1 0 0 1 0 0 0 1 0 1 0 1 1 0 0 
Best Sequence: 
13 12 11 10 7 4 14 9 8 6 5 3 2 1 0 
1 0 0 1 0 0 1 1 0 0 0 1 1 0 0 
1 0 1 1 1 0 0 0 1 0 1 0 0 0 0 
0 0 0 1 1 1 0 1 1 0 0 0 0 1 0 
0 1 1 0 0 0 0 0 1 0 0 1 1 1 0 
1 0 0 1 1 0 1 1 1 0 0 0 0 0 0 
0 0 0 0 0 0 1 0 0 1 1 1 0 1 1 
1 0 0 0 0 0 1 1 0 0 1 0 0 1 1 
0 0 1 1 0 1 0 1 0 0 0 1 1 0 0 
0 0 0 0 1 1 0 0 1 1 1 0 0 1 0 
0 0 1 0 0 1 1 0 1 0 1 1 0 0 0 
0 0 1 1 1 1 1 0 0 0 0 1 0 0 0 
1 0 1 0 1 1 0 1 1 0 0 0 0 0 0 
0 0 0 1 1 0 0 0 0 0 1 0 1 1 1 
1 1 1 1 1 1 0 0 0 0 0 0 0 0 0 
0 1 1 0 1 0 0 1 0 0 0 1 0 0 1 
OpenStacks: 14
Took 7.4 seconds

buffer: Warwick 557: balanced products, 6 products per order
numCustomers: 15
numProducts: 15
0 1 1 1 1 0 0 0 0 0 0 1 0 0 1 
0 0 0 1 1 1 0 0 1 1 0 0 1 0 0 
1 0 0 0 0 1 1 0 0 1 0 0 1 0 1 
0 1 1 0 1 1 0 0 0 0 0 0 0 1 1 
0 0 1 1 1 0 1 0 0 0 0 1 1 0 0 
0 1 0 0 0 0 0 0 1 0 1 1 1 1 0 
0 1 1 0 0 1 0 0 0 1 1 1 0 0 0 
0 1 0 1 0 0 1 1 1 0 0 0 0 1 0 
1 0 1 0 1 0 0 0 1 0 1 0 0 0 1 
0 0 1 0 0 0 1 1 1 0 0 0 0 1 1 
0 0 0 1 1 1 0 0 1 0 0 1 0 1 0 
0 1 1 0 1 1 0 0 1 0 0 1 0 0 0 
0 0 1 0 0 1 0 1 1 0 1 0 1 0 0 
0 0 1 1 0 0 1 0 1 0 0 1 0 1 0 
0 0 0 0 0 1 1 0 0 0 1 1 1 0 1 
Best Sequence: 
14 13 12 11 10 9 8 7 6 5 4 3 2 1 0 
1 0 0 1 0 0 0 0 0 0 1 1 1 1 0 
0 0 1 0 0 1 1 0 0 1 1 1 0 0 0 
1 0 1 0 0 1 0 0 1 1 0 0 0 0 1 
1 1 0 0 0 0 0 0 0 1 1 0 1 1 0 
0 0 1 1 0 0 0 0 1 0 1 1 1 0 0 
0 1 1 1 1 0 1 0 0 0 0 0 0 1 0 
0 0 0 1 1 1 0 0 0 1 0 0 1 1 0 
0 1 0 0 0 0 1 1 1 0 0 1 0 1 0 
1 0 0 0 1 0 1 0 0 0 1 0 1 0 1 
1 1 0 0 0 0 1 1 1 0 0 0 1 0 0 
0 1 0 1 0 0 1 0 0 1 1 1 0 0 0 
0 0 0 1 0 0 1 0 0 1 1 0 1 1 0 
0 0 1 0 1 0 1 1 0 1 0 0 1 0 0 
0 1 0 1 0 0 1 0 1 0 0 1 1 0 0 
1 0 1 1 1 0 0 0 1 1 0 0 0 0 0 
OpenStacks: 15
Took 7.39 seconds

buffer: Warwick 558: balanced products, 6 products per order
numCustomers: 15
numProducts: 15
0 1 0 0 1 0 1 1 0 0 0 1 0 0 1 
0 0 1 1 1 0 0 0 1 1 0 0 0 0 1 
1 0 1 1 1 0 0 0 0 0 1 0 0 1 0 
0 0 0 1 1 0 0 0 1 1 1 1 0 0 0 
0 0 1 1 0 0 0 1 0 0 1 1 0 0 1 
1 0 1 0 0 0 0 0 1 1 1 0 0 1 0 
0 1 0 0 0 0 0 1 1 0 1 1 0 0 1 
1 0 0 0 1 0 1 1 0 1 1 0 0 0 0 
0 1 0 1 0 1 0 1 1 0 0 0 0 0 1 
0 0 0 0 1 1 1 1 0 0 0 1 0 0 1 
0 1 1 1 1 0 0 0 0 0 1 0 1 0 0 
0 0 0 1 1 0 0 1 0 1 1 0 1 0 0 
1 1 0 0 0 0 0 0 1 0 0 1 0 1 1 
0 0 0 0 0 0 0 1 0 1 1 1 1 1 0 
0 0 1 1 1 0 0 1 0 0 1 1 0 0 0 
Best Sequence: 
14 11 7 6 5 4 13 12 10 9 8 3 2 1 0 
1 1 1 1 0 1 0 0 0 0 0 0 0 1 0 
1 0 0 0 0 1 0 0 0 1 1 1 1 0 0 
0 0 0 0 0 1 1 0 1 0 0 1 1 0 1 
0 1 0 0 0 1 0 0 1 1 1 1 0 0 0 
1 1 1 0 0 0 0 0 1 0 0 1 1 0 0 
0 0 0 0 0 0 1 0 1 1 1 0 1 0 1 
1 1 1 0 0 0 0 0 1 0 1 0 0 1 0 
0 0 1 1 0 1 0 0 1 1 0 0 0 0 1 
1 0 1 0 1 0 0 0 0 0 1 1 0 1 0 
1 1 1 1 1 1 0 0 0 0 0 0 0 0 0 
0 0 0 0 0 1 0 1 1 0 0 1 1 1 0 
0 0 1 0 0 1 0 1 1 1 0 1 0 0 0 
1 1 0 0 0 0 1 0 0 0 1 0 0 1 1 
0 1 1 0 0 0 1 1 1 1 0 0 0 0 0 
0 1 1 0 0 1 0 0 1 0 0 1 1 0 0 
OpenStacks: 14
Took 7.36 seconds

buffer: Warwick 559: balanced products, 6 products per order
numCustomers: 15
numProducts: 15
0 0 0 0 1 1 1 0 0 1 0 0 1 0 1 
1 0 0 1 0 0 0 1 1 1 0 0 0 0 1 
1 0 1 0 1 0 0 1 1 1 0 0 0 0 0 
1 1 0 0 1 1 0 0 0 0 1 1 0 0 0 
1 0 1 1 0 0 1 1 1 0 0 0 0 0 0 
1 0 0 1 0 1 0 1 1 0 0 1 0 0 0 
0 0 0 1 1 1 0 1 0 0 1 0 0 0 1 
0 0 1 1 1 0 0 0 0 0 1 0 0 1 1 
0 0 1 1 0 0 0 0 1 1 0 1 0 0 1 
1 1 1 0 0 1 0 0 0 0 0 1 0 1 0 
0 0 1 1 1 1 0 0 1 1 0 0 0 0 0 
1 0 0 1 0 0 0 0 0 1 0 1 1 0 1 
1 0 1 0 0 1 0 0 1 1 0 0 0 1 0 
1 1 0 0 0 1 0 0 0 0 1 1 0 1 0 
1 0 0 0 0 1 0 1 1 1 0 0 0 1 0 
Best Sequence: 
14 13 12 11 10 9 8 7 6 5 4 3 2 1 0 
1 0 1 0 0 1 0 0 1 1 1 0 0 0 0 
1 0 0 0 0 1 1 1 0 0 0 1 0 0 1 
0 0 0 0 0 1 1 1 0 0 1 0 1 0 1 
0 0 0 1 1 0 0 0 0 1 1 0 0 1 1 
0 0 0 0 0 0 1 1 1 0 0 1 1 0 1 
0 0 0 1 0 0 1 1 0 1 0 1 0 0 1 
1 0 0 0 1 0 0 1 0 1 1 1 0 0 0 
1 1 0 0 1 0 0 0 0 0 1 1 1 0 0 
1 0 0 1 0 1 1 0 0 0 0 1 1 0 0 
0 1 0 1 0 0 0 0 0 1 0 0 1 1 1 
0 0 0 0 0 1 1 0 0 1 1 1 1 0 0 
1 0 1 1 0 1 0 0 0 0 0 1 0 0 1 
0 1 0 0 0 1 1 0 0 1 0 0 1 0 1 
0 1 0 1 1 0 0 0 0 1 0 0 0 1 1 
0 1 0 0 0 1 1 1 0 1 0 0 0 0 1 
OpenStacks: 15
Took 7.34 seconds

buffer: Warwick 560: balanced products, 6 products per order
numCustomers: 15
numProducts: 15
1 1 1 0 0 0 1 0 0 0 0 0 1 1 0 
1 0 0 0 0 1 0 1 0 1 0 1 0 0 1 
0 1 0 1 1 0 0 1 0 0 1 1 0 0 0 
1 1 0 0 0 1 0 0 1 1 0 1 0 0 0 
1 0 0 0 0 0 1 0 0 0 1 1 0 1 1 
0 0 0 1 1 1 0 1 0 1 0 0 0 1 0 
0 1 1 0 0 1 0 1 0 1 0 0 0 0 1 
0 0 0 1 1 0 0 0 0 1 0 1 1 1 0 
0 0 0 1 0 1 1 0 1 0 1 1 0 0 0 
0 1 0 1 1 0 0 0 0 1 0 1 0 0 1 
1 0 1 1 0 0 1 0 0 0 0 1 0 1 0 
0 1 0 0 0 1 0 1 0 1 0 0 1 0 1 
0 1 0 0 1 0 1 0 1 0 0 1 0 1 0 
0 0 0 0 0 1 0 1 0 1 1 1 0 1 0 
0 0 0 0 1 1 0 0 0 1 1 1 0 1 0 
Best Sequence: 
14 12 9 7 5 1 13 11 10 8 6 4 3 2 0 
0 1 0 0 0 1 1 0 0 0 1 0 0 1 1 
1 0 1 1 1 0 0 1 0 0 0 0 0 0 1 
0 0 0 1 0 1 0 1 1 0 0 1 1 0 0 
0 0 1 0 1 1 0 1 0 1 0 0 0 0 1 
1 0 0 0 0 0 1 1 1 0 1 0 0 0 1 
0 0 1 1 1 0 1 0 0 0 0 1 1 0 0 
1 0 1 1 1 1 0 0 0 0 0 0 0 1 0 
0 1 1 0 0 0 1 1 0 0 0 1 1 0 0 
0 0 0 0 1 0 0 1 1 1 1 0 1 0 0 
1 0 1 0 0 1 0 1 0 0 0 1 1 0 0 
0 0 0 0 0 0 1 1 0 0 1 0 1 1 1 
1 1 1 1 1 1 0 0 0 0 0 0 0 0 0 
0 0 0 0 0 1 1 1 0 1 1 1 0 0 0 
0 0 1 1 1 0 1 1 1 0 0 0 0 0 0 
0 0 1 0 1 0 1 1 1 0 0 1 0 0 0 
OpenStacks: 14
Took 7.38 seconds

buffer: Warwick 561: balanced products, 7 products per order
numCustomers: 15
numProducts: 15
1 0 0 0 1 1 1 0 1 0 0 0 1 1 0 
0 1 1 0 0 1 0 0 0 0 0 1 1 1 1 
0 1 1 0 1 0 0 0 1 1 0 1 1 0 0 
0 1 1 1 1 0 0 1 0 0 0 1 1 0 0 
0 1 1 0 0 0 1 0 0 0 1 1 1 1 0 
0 0 1 1 1 0 0 1 0 0 1 0 0 1 1 
0 1 0 1 0 0 0 0 1 0 1 1 0 1 1 
1 1 1 0 1 0 1 0 0 0 0 1 1 0 0 
1 1 1 1 0 1 0 1 0 0 0 0 0 1 0 
0 0 0 1 1 0 0 1 0 1 1 1 0 1 0 
1 0 0 0 0 1 1 0 0 0 1 0 1 1 1 
1 0 0 1 1 0 0 0 1 0 1 1 1 0 0 
0 0 0 0 1 1 1 1 0 1 0 1 0 0 1 
0 0 1 0 0 1 1 0 0 0 1 0 1 1 1 
0 1 1 1 0 1 0 0 0 1 0 1 1 0 0 
Best Sequence: 
14 13 12 11 10 9 8 7 6 5 4 3 2 1 0 
0 1 1 0 0 0 1 0 1 1 1 0 0 0 1 
1 1 1 1 0 0 0 0 0 1 0 0 1 1 0 
0 0 1 1 0 1 1 0 0 0 1 0 1 1 0 
0 0 1 1 0 0 0 1 0 0 1 1 1 1 0 
0 1 1 1 1 0 0 0 1 0 0 0 1 1 0 
1 1 0 0 1 0 0 1 0 0 1 1 1 0 0 
1 1 0 1 1 0 1 0 0 0 0 1 0 1 0 
0 0 1 1 0 0 0 0 1 0 1 0 1 1 1 
0 1 0 0 0 0 0 1 0 1 0 1 1 1 1 
0 1 0 1 1 1 0 1 0 0 1 1 0 0 0 
1 1 1 0 1 0 0 0 1 1 0 0 0 0 1 
0 0 1 1 1 0 1 0 0 0 1 1 0 0 1 
1 0 0 1 0 1 0 1 1 1 1 0 0 0 0 
1 1 1 0 1 0 0 0 1 1 0 0 1 0 0 
0 0 1 1 0 1 0 0 0 1 0 1 1 1 0 
OpenStacks: 15
Took 7.47 seconds

buffer: Warwick 562: balanced products, 7 products per order
numCustomers: 15
numProducts: 15
0 1 1 0 1 1 0 0 0 0 1 1 1 0 0 
1 0 1 1 0 0 1 1 0 0 0 0 1 0 1 
1 1 0 1 1 0 0 0 1 1 0 0 0 1 0 
0 1 1 0 1 0 0 0 0 1 1 1 0 0 1 
0 0 0 1 1 0 1 0 0 0 1 1 1 1 0 
1 0 0 1 0 0 1 1 1 1 0 0 1 0 0 
0 1 0 0 0 0 1 1 0 1 0 1 0 1 1 
1 1 1 0 0 1 0 0 0 1 0 0 1 0 1 
0 1 0 1 1 0 1 0 0 1 0 1 0 1 0 
1 1 0 1 1 1 0 0 0 1 0 0 0 0 1 
0 1 0 0 0 0 1 1 1 1 0 0 0 1 1 
1 1 0 0 0 0 0 1 1 0 0 0 1 1 1 
0 1 1 0 0 1 1 1 0 0 0 1 0 1 0 
1 1 0 0 0 1 1 1 0 0 1 0 1 0 0 
0 0 1 0 0 1 0 1 1 1 1 0 1 0 0 
Best Sequence: 
14 13 12 11 10 9 8 7 6 5 4 3 2 1 0 
0 0 1 1 1 0 0 0 0 1 1 0 1 1 0 
1 0 1 0 0 0 0 1 1 0 0 1 1 0 1 
0 1 0 0 0 1 1 0 0 0 1 1 0 1 1 
1 0 0 1 1 1 0 0 0 0 1 0 1 1 0 
0 1 1 1 1 0 0 0 1 0 1 1 0 0 0 
0 0 1 0 0 1 1 1 1 0 0 1 0 0 1 
1 1 0 1 0 1 0 1 1 0 0 0 0 1 0 
1 0 1 0 0 1 0 0 0 1 0 0 1 1 1 
0 1 0 1 0 1 0 0 1 0 1 1 0 1 0 
1 0 0 0 0 1 0 0 0 1 1 1 0 1 1 
1 1 0 0 0 1 1 1 1 0 0 0 0 1 0 
1 1 1 0 0 0 1 1 0 0 0 0 0 1 1 
0 1 0 1 0 0 0 1 1 1 0 0 1 1 0 
0 0 1 0 1 0 0 1 1 1 0 0 0 1 1 
0 0 1 0 1 1 1 1 0 1 0 0 1 0 0 
OpenStacks: 15
Took 7.46 seconds

buffer: Warwick 563: balanced products, 7 products per order
numCustomers: 15
numProducts: 15
0 1 0 1 1 0 1 0 1 0 1 1 0 0 0 
0 1 1 0 1 1 0 1 0 1 0 1 0 0 0 
0 0 1 1 1 1 0 1 0 0 1 0 1 0 0 
1 1 1 0 1 0 0 0 1 1 0 0 1 0 0 
1 1 1 1 0 0 0 1 0 0 1 0 0 1 0 
0 1 0 1 0 0 1 0 0 1 1 0 0 1 1 
1 0 0 0 1 0 0 0 0 0 1 1 1 1 1 
0 0 0 0 1 1 0 1 0 1 0 1 1 1 0 
0 0 0 0 1 0 1 1 1 1 0 0 1 1 0 
1 0 1 0 0 0 1 1 0 1 0 1 1 0 0 
0 0 1 1 1 0 1 1 1 0 0 0 1 0 0 
0 1 0 0 1 0 1 1 0 1 0 1 0 0 1 
1 0 1 0 0 0 0 0 1 0 1 1 1 0 1 
0 1 1 1 1 0 0 0 0 0 0 1 0 1 1 
1 0 0 1 1 1 0 0 0 1 0 1 1 0 0 
Best Sequence: 
14 13 12 11 10 9 8 7 6 5 4 3 2 1 0 
0 0 0 1 1 0 1 0 1 0 1 1 0 1 0 
0 0 0 1 0 1 0 1 0 1 1 0 1 1 0 
0 0 1 0 1 0 0 1 0 1 1 1 1 0 0 
0 0 1 0 0 1 1 0 0 0 1 0 1 1 1 
0 1 0 0 1 0 0 1 0 0 0 1 1 1 1 
1 1 0 0 1 1 0 0 1 0 0 1 0 1 0 
1 1 1 1 1 0 0 0 0 0 1 0 0 0 1 
0 1 1 1 0 1 0 1 0 1 1 0 0 0 0 
0 1 1 0 0 1 1 1 1 0 1 0 0 0 0 
0 0 1 1 0 1 0 1 1 0 0 0 1 0 1 
0 0 1 0 0 0 1 1 1 0 1 1 1 0 0 
1 0 0 1 0 1 0 1 1 0 1 0 0 1 0 
1 0 1 1 1 0 1 0 0 0 0 0 1 0 1 
1 1 0 1 0 0 0 0 0 0 1 1 1 1 0 
0 0 1 1 0 1 0 0 0 1 1 1 0 0 1 
OpenStacks: 15
Took 7.5 seconds

buffer: Warwick 564: balanced products, 7 products per order
numCustomers: 15
numProducts: 15
0 1 1 0 0 1 1 0 0 1 1 1 0 0 0 
0 1 0 1 0 1 0 0 0 1 0 0 1 1 1 
0 0 1 1 1 1 1 1 0 0 1 0 0 0 0 
1 1 0 0 1 1 1 1 0 0 0 0 1 0 0 
1 0 1 0 0 0 1 1 1 0 0 0 1 0 1 
0 0 1 1 0 0 0 0 1 1 1 1 1 0 0 
1 0 0 0 1 0 1 1 0 0 1 0 0 1 1 
1 0 1 0 0 1 0 1 0 1 1 0 1 0 0 
1 0 1 1 0 1 0 0 0 0 1 0 1 1 0 
1 1 0 0 1 1 0 1 0 0 0 0 1 0 1 
1 1 1 1 1 0 1 0 0 1 0 0 0 0 0 
0 1 1 0 1 0 1 0 0 1 0 0 1 1 0 
0 1 1 0 1 0 0 0 1 1 0 0 1 0 1 
0 1 0 1 1 0 1 0 0 1 0 0 1 1 0 
0 0 1 1 0 0 1 1 1 0 0 1 0 0 1 
Best Sequence: 
14 13 12 11 10 9 8 7 6 5 4 3 2 1 0 
0 0 0 1 1 1 0 0 1 1 0 0 1 1 0 
1 1 1 0 0 1 0 0 0 1 0 1 0 1 0 
0 0 0 0 1 0 0 1 1 1 1 1 1 0 0 
0 0 1 0 0 0 0 1 1 1 1 0 0 1 1 
1 0 1 0 0 0 1 1 1 0 0 0 1 0 1 
0 0 1 1 1 1 1 0 0 0 0 1 1 0 0 
1 1 0 0 1 0 0 1 1 0 1 0 0 0 1 
0 0 1 0 1 1 0 1 0 1 0 0 1 0 1 
0 1 1 0 1 0 0 0 0 1 0 1 1 0 1 
1 0 1 0 0 0 0 1 0 1 1 0 0 1 1 
0 0 0 0 0 1 0 0 1 0 1 1 1 1 1 
0 1 1 0 0 1 0 0 1 0 1 0 1 1 0 
1 0 1 0 0 1 1 0 0 0 1 0 1 1 0 
0 1 1 0 0 1 0 0 1 0 1 1 0 1 0 
1 0 0 1 0 0 1 1 1 0 0 1 1 0 0 
OpenStacks: 15
Took 7.45 seconds

buffer: Warwick 565: balanced products, 7 products per order
numCustomers: 15
numProducts: 15
0 1 0 0 0 1 1 1 0 1 0 0 1 1 0 
1 0 0 1 1 1 0 0 0 1 0 1 0 1 0 
0 1 1 0 1 1 0 0 0 0 1 0 1 1 0 
1 1 1 0 0 0 1 0 1 0 0 1 0 1 0 
1 1 0 0 0 1 0 1 0 1 0 0 0 1 1 
1 1 0 0 1 1 0 1 0 0 0 0 1 0 1 
0 1 0 0 1 1 0 1 0 0 0 1 1 0 1 
0 0 1 1 0 1 0 1 0 0 1 1 1 0 0 
0 1 1 1 1 1 0 0 1 0 1 0 0 0 0 
0 1 0 1 1 1 0 0 0 1 1 1 0 0 0 
0 1 1 0 0 1 0 1 0 0 0 1 1 0 1 
1 0 0 1 0 0 1 0 0 1 1 1 1 0 0 
1 0 0 1 1 1 0 0 1 1 0 0 0 1 0 
0 1 1 0 0 1 0 1 0 1 1 0 0 0 1 
0 1 0 1 0 0 1 0 0 0 1 1 1 0 1 
Best Sequence: 
14 13 12 11 10 9 8 7 6 5 4 3 2 1 0 
0 1 1 0 0 1 0 1 1 1 0 0 0 1 0 
0 1 0 1 0 1 0 0 0 1 1 1 0 0 1 
0 1 1 0 1 0 0 0 0 1 1 0 1 1 0 
0 1 0 1 0 0 1 0 1 0 0 0 1 1 1 
1 1 0 0 0 1 0 1 0 1 0 0 0 1 1 
1 0 1 0 0 0 0 1 0 1 1 0 0 1 1 
1 0 1 1 0 0 0 1 0 1 1 0 0 1 0 
0 0 1 1 1 0 0 1 0 1 0 1 1 0 0 
0 0 0 0 1 0 1 0 0 1 1 1 1 1 0 
0 0 0 1 1 1 0 0 0 1 1 1 0 1 0 
1 0 1 1 0 0 0 1 0 1 0 0 1 1 0 
0 0 1 1 1 1 0 0 1 0 0 1 0 0 1 
0 1 0 0 0 1 1 0 0 1 1 1 0 0 1 
1 0 0 0 1 1 0 1 0 1 0 0 1 1 0 
1 0 1 1 1 0 0 0 1 0 0 1 0 1 0 
OpenStacks: 15
Took 7.44 seconds

buffer: Warwick 566: balanced products, 7 products per order
numCustomers: 15
numProducts: 15
0 0 0 1 1 1 1 0 1 0 1 0 0 1 0 
0 0 0 0 0 1 1 0 0 1 1 1 1 0 1 
0 0 1 1 0 1 1 1 1 0 0 0 1 0 0 
0 0 1 0 1 1 0 0 1 0 0 1 0 1 1 
1 0 0 1 0 0 0 1 0 1 1 0 0 1 1 
1 1 0 1 0 1 0 0 0 0 1 0 1 1 0 
1 1 1 0 0 1 0 0 0 0 0 0 1 1 1 
0 0 1 0 1 1 0 0 1 0 1 1 0 0 1 
1 0 0 0 0 0 1 1 1 0 0 1 0 1 1 
0 0 0 1 1 0 0 1 0 0 1 1 1 1 0 
0 1 0 0 1 1 0 1 0 1 1 1 0 0 0 
0 0 0 0 1 1 1 0 1 1 0 0 0 1 1 
0 1 1 1 0 1 0 1 0 1 0 0 0 1 0 
1 1 0 1 0 0 1 1 0 0 0 0 1 1 0 
1 0 0 1 0 0 0 1 0 1 1 1 1 0 0 
Best Sequence: 
14 11 10 8 5 4 2 13 12 9 7 6 3 1 0 
0 0 1 1 1 1 0 1 0 0 0 1 1 0 0 
1 1 1 0 1 0 0 0 1 1 0 1 0 0 0 
0 0 0 1 1 0 1 0 1 0 1 1 1 0 0 
1 1 0 1 1 1 1 1 0 0 0 0 0 0 0 
1 0 1 0 0 0 0 1 0 1 1 0 1 0 1 
0 0 1 0 1 0 0 1 1 0 0 0 1 1 1 
1 0 0 0 1 0 1 1 1 0 0 0 0 1 1 
1 1 1 1 1 1 1 0 0 0 0 0 0 0 0 
1 1 0 1 0 0 0 1 0 0 1 1 0 0 1 
0 1 1 0 0 1 0 1 1 0 1 0 1 0 0 
0 1 1 0 1 1 0 0 0 1 1 0 0 1 0 
1 0 0 1 1 1 0 1 0 1 0 1 0 0 0 
0 0 0 0 1 0 1 1 0 1 1 0 1 1 0 
0 0 0 0 0 0 0 1 1 0 1 1 1 1 1 
0 1 1 0 0 0 0 0 1 1 1 0 1 0 1 
OpenStacks: 14
Took 7.49 seconds

buffer: Warwick 567: balanced products, 7 products per order
numCustomers: 15
numProducts: 15
1 1 0 0 1 0 0 1 0 1 1 0 0 1 0 
0 0 0 0 1 1 1 1 0 1 1 0 0 0 1 
0 0 0 1 0 0 0 1 1 1 0 1 1 1 0 
1 1 0 0 0 0 1 1 1 0 1 0 0 0 1 
0 1 0 0 0 1 1 1 0 1 0 0 0 1 1 
0 1 0 1 1 0 1 0 0 1 1 0 0 0 1 
1 0 0 1 0 1 0 0 0 1 0 1 1 1 0 
1 0 0 1 0 0 0 0 0 1 1 1 0 1 1 
1 1 1 0 0 0 0 0 1 1 1 0 0 1 0 
0 0 1 0 0 0 1 1 0 1 0 0 1 1 1 
1 1 1 1 1 0 0 1 0 0 1 0 0 0 0 
1 0 0 1 1 0 1 0 1 0 0 0 0 1 1 
0 1 0 1 1 0 0 0 0 1 0 1 0 1 1 
0 1 1 0 0 0 1 0 1 1 0 1 0 0 1 
1 0 1 0 0 0 1 0 1 1 0 1 1 0 0 
Best Sequence: 
14 13 12 11 10 9 8 7 6 5 4 3 2 1 0 
0 1 0 0 1 1 0 1 0 0 1 0 0 1 1 
1 0 0 0 1 1 0 1 1 1 1 0 0 0 0 
0 1 1 1 0 1 1 1 0 0 0 1 0 0 0 
1 0 0 0 1 0 1 1 1 0 0 0 0 1 1 
1 1 0 0 0 1 0 1 1 1 0 0 0 1 0 
1 0 0 0 1 1 0 0 1 0 1 1 0 1 0 
0 1 1 1 0 1 0 0 0 1 0 1 0 0 1 
1 1 0 1 1 1 0 0 0 0 0 1 0 0 1 
0 1 0 0 1 1 1 0 0 0 0 0 1 1 1 
1 1 1 0 0 1 0 1 1 0 0 0 1 0 0 
0 0 0 0 1 0 0 1 0 0 1 1 1 1 1 
1 1 0 0 0 0 1 0 1 0 1 1 0 0 1 
1 1 0 1 0 1 0 0 0 0 1 1 0 1 0 
1 0 0 1 0 1 1 0 1 0 0 0 1 1 0 
0 0 1 1 0 1 1 0 1 0 0 0 1 0 1 
OpenStacks: 15
Took 7.48 seconds

buffer: Warwick 568: balanced products, 7 products per order
numCustomers: 15
numProducts: 15
0 0 0 0 0 0 1 1 1 0 1 1 0 1 1 
1 1 0 0 0 0 1 1 1 0 1 0 1 0 0 
0 1 1 0 0 1 1 0 1 0 0 1 0 1 0 
0 0 1 0 0 0 1 1 1 0 0 1 1 1 0 
1 0 1 1 1 0 1 0 0 0 1 0 1 0 0 
0 0 0 0 0 1 0 1 1 0 0 1 1 1 1 
1 1 1 0 0 1 1 0 0 1 1 0 0 0 0 
0 1 0 1 1 0 0 0 0 0 0 1 1 1 1 
0 1 1 0 0 0 0 1 1 0 1 0 1 1 0 
1 0 1 0 1 0 1 0 1 0 0 1 0 1 0 
0 1 0 1 0 1 0 0 1 0 1 0 1 1 0 
1 0 0 1 1 0 0 0 0 1 1 0 1 1 0 
0 1 1 1 1 1 0 0 0 1 0 0 0 1 0 
0 0 0 1 1 0 1 1 0 0 1 1 0 1 0 
1 0 0 1 0 0 1 1 0 0 1 0 0 1 1 
Best Sequence: 
14 13 12 11 10 9 8 7 6 5 4 3 2 1 0 
1 1 0 1 1 0 1 1 1 0 0 0 0 0 0 
0 0 1 0 1 0 1 1 1 0 0 0 0 1 1 
0 1 0 1 0 0 1 0 1 1 0 0 1 1 0 
0 1 1 1 0 0 1 1 1 0 0 0 1 0 0 
0 0 1 0 1 0 0 0 1 0 1 1 1 0 1 
1 1 1 1 0 0 1 1 0 1 0 0 0 0 0 
0 0 0 0 1 1 0 0 1 1 0 0 1 1 1 
1 1 1 1 0 0 0 0 0 0 1 1 0 1 0 
0 1 1 0 1 0 1 1 0 0 0 0 1 1 0 
0 1 0 1 0 0 1 0 1 0 1 0 1 0 1 
0 1 1 0 1 0 1 0 0 1 0 1 0 1 0 
0 1 1 0 1 1 0 0 0 0 1 1 0 0 1 
0 1 0 0 0 1 0 0 0 1 1 1 1 1 0 
0 1 0 1 1 0 0 1 1 0 1 1 0 0 0 
1 1 0 0 1 0 0 1 1 0 0 1 0 0 1 
OpenStacks: 15
Took 7.45 seconds

buffer: Warwick 569: balanced products, 7 products per order
numCustomers: 15
numProducts: 15
1 0 0 1 1 0 0 1 0 1 1 1 0 0 0 
0 0 1 0 0 0 1 0 1 1 0 0 1 1 1 
1 1 0 0 1 0 0 0 1 0 1 1 0 1 0 
1 0 0 1 1 1 1 0 0 0 1 0 0 1 0 
0 1 1 1 1 0 1 1 0 0 0 0 0 0 1 
1 0 0 0 1 0 0 1 1 0 0 1 1 1 0 
0 0 1 1 0 1 1 1 0 0 0 1 0 1 0 
0 1 0 0 1 0 1 0 1 0 0 1 1 0 1 
1 1 0 1 0 0 0 0 0 0 0 1 1 1 1 
0 0 1 0 1 0 1 0 1 0 1 1 0 0 1 
1 1 1 1 1 0 0 0 1 1 0 0 0 0 0 
0 0 0 1 0 1 0 1 1 1 1 0 1 0 0 
0 1 1 0 1 0 1 0 0 1 1 0 0 0 1 
0 1 0 0 1 1 0 1 1 1 1 0 0 0 0 
1 0 0 0 0 1 0 1 1 0 1 0 0 1 1 
Best Sequence: 
14 13 12 11 10 9 8 7 6 5 4 3 2 1 0 
0 0 0 1 1 1 0 1 0 0 1 1 0 0 1 
1 1 1 0 0 1 1 0 1 0 0 0 1 0 0 
0 1 0 1 1 0 1 0 0 0 1 0 0 1 1 
0 1 0 0 1 0 0 0 1 1 1 1 0 0 1 
1 0 0 0 0 0 0 1 1 0 1 1 1 1 0 
0 1 1 1 0 0 1 1 0 0 1 0 0 0 1 
0 1 0 1 0 0 0 1 1 1 0 1 1 0 0 
1 0 1 1 0 0 1 0 1 0 1 0 0 1 0 
1 1 1 1 0 0 0 0 0 0 0 1 0 1 1 
1 0 0 1 1 0 1 0 1 0 1 0 1 0 0 
0 0 0 0 0 1 1 0 0 0 1 1 1 1 1 
0 0 1 0 1 1 1 1 0 1 0 1 0 0 0 
1 0 0 0 1 1 0 0 1 0 1 0 1 1 0 
0 0 0 0 1 1 1 1 0 1 1 0 0 1 0 
1 1 0 0 1 0 1 1 0 1 0 0 0 0 1 
OpenStacks: 15
Took 7.5 seconds

buffer: Warwick 570: balanced products, 7 products per order
numCustomers: 15
numProducts: 15
1 1 0 0 0 1 1 0 1 0 0 0 1 1 0 
0 0 1 0 1 0 0 1 0 0 1 1 1 0 1 
1 0 0 1 0 1 0 0 1 1 1 1 0 0 0 
1 0 1 0 1 0 1 0 1 1 0 0 0 0 1 
1 0 0 0 0 1 1 1 1 0 1 0 0 1 0 
1 0 0 0 1 1 0 0 0 1 1 1 0 0 1 
1 1 0 0 0 1 0 0 1 0 0 1 0 1 1 
0 0 1 0 0 1 0 1 1 0 0 0 1 1 1 
0 0 0 1 1 1 1 0 1 1 0 0 0 0 1 
1 0 0 1 1 1 0 0 0 0 0 1 1 1 0 
0 0 0 0 0 1 1 0 1 1 0 0 1 1 1 
1 1 0 0 1 0 1 0 0 0 1 1 0 0 1 
0 1 1 1 1 0 1 1 0 0 0 0 1 0 0 
0 0 1 1 0 0 1 1 0 0 0 1 1 0 1 
0 1 1 1 1 0 0 0 0 1 0 1 0 1 0 
Best Sequence: 
14 13 12 11 10 9 8 7 6 5 4 3 2 1 0 
0 1 1 0 0 0 1 0 1 1 0 0 0 1 1 
1 0 1 1 1 0 0 1 0 0 1 0 1 0 0 
0 0 0 1 1 1 1 0 0 1 0 1 0 0 1 
1 0 0 0 0 1 1 0 1 0 1 0 1 0 1 
0 1 0 0 1 0 1 1 1 1 0 0 0 0 1 
1 0 0 1 1 1 0 0 0 1 1 0 0 0 1 
1 1 0 1 0 0 1 0 0 1 0 0 0 1 1 
1 1 1 0 0 0 1 1 0 1 0 0 1 0 0 
1 0 0 0 0 1 1 0 1 1 1 1 0 0 0 
0 1 1 1 0 0 0 0 0 1 1 1 0 0 1 
1 1 1 0 0 1 1 0 1 1 0 0 0 0 0 
1 0 0 1 1 0 0 0 1 0 1 0 0 1 1 
0 0 1 0 0 0 0 1 1 0 1 1 1 1 0 
1 0 1 1 0 0 0 1 1 0 0 1 1 0 0 
0 1 0 1 0 1 0 0 0 0 1 1 1 1 0 
OpenStacks: 15
Took 7.48 seconds

Solved: 60 instances
totalTime: 431.99 seconds
minTime: 6.87 seconds
maxTime: 7.5 seconds
Average: 7.19983 seconds
