Solving by Dynamic Programming...
buffer: Warwick 161: balanced products, 4 products per order
numCustomers: 10
numProducts: 20
1 0 1 0 0 0 0 0 1 0 0 0 0 0 0 1 0 0 0 0 
1 0 0 0 0 0 0 0 0 1 0 0 0 0 1 0 0 0 1 0 
1 0 0 0 1 1 0 0 0 0 0 0 0 0 0 0 1 0 0 0 
0 0 0 1 1 0 0 0 0 0 0 0 0 0 1 0 0 0 0 1 
0 1 0 0 0 0 1 0 0 0 1 0 0 0 0 0 0 1 0 0 
0 0 0 1 0 0 0 0 0 1 1 0 1 0 0 0 0 0 0 0 
0 0 1 1 0 0 0 1 0 0 0 0 0 0 0 0 0 1 0 0 
0 1 0 0 0 0 0 0 0 0 0 1 0 1 1 0 0 0 0 0 
1 0 0 0 0 1 0 1 0 0 0 0 0 1 0 0 0 0 0 0 
0 0 0 1 0 0 0 0 0 0 0 0 0 0 0 1 0 1 0 1 
Best Sequence: 
19 17 15 3 18 12 10 9 14 6 1 13 11 16 8 7 5 4 2 0 
0 0 1 0 0 0 0 0 0 0 0 0 0 0 1 0 0 0 1 1 
0 0 0 0 1 0 0 1 1 0 0 0 0 0 0 0 0 0 0 1 
0 0 0 0 0 0 0 0 0 0 0 0 0 1 0 0 1 1 0 1 
1 0 0 1 0 0 0 0 1 0 0 0 0 0 0 0 0 1 0 0 
0 1 0 0 0 0 1 0 0 1 1 0 0 0 0 0 0 0 0 0 
0 0 0 1 0 1 1 1 0 0 0 0 0 0 0 0 0 0 0 0 
0 1 0 1 0 0 0 0 0 0 0 0 0 0 0 1 0 0 1 0 
0 0 0 0 0 0 0 0 1 0 1 1 1 0 0 0 0 0 0 0 
0 0 0 0 0 0 0 0 0 0 0 1 0 0 0 1 1 0 0 1 
1 1 1 1 0 0 0 0 0 0 0 0 0 0 0 0 0 0 0 0 
OpenStacks: 6
Took 286.77 seconds

buffer: Warwick 162: balanced products, 4 products per order
numCustomers: 10
numProducts: 20
0 1 0 1 0 0 0 0 0 0 0 0 0 1 1 0 0 0 0 0 
0 1 1 0 0 0 0 0 0 1 0 0 1 0 0 0 0 0 0 0 
0 0 0 0 0 0 0 0 1 0 0 1 0 0 1 0 0 0 1 0 
0 0 0 0 0 1 0 0 0 0 1 1 0 0 0 1 0 0 0 0 
1 0 0 0 0 0 1 0 0 1 0 0 0 0 0 0 0 1 0 0 
0 0 0 0 0 0 0 0 0 0 0 1 0 1 0 0 1 0 1 0 
0 0 1 0 0 0 0 0 0 0 0 0 0 0 0 1 0 1 0 1 
0 0 0 0 0 1 0 0 0 0 1 0 0 0 0 1 0 0 1 0 
1 0 0 0 1 0 0 0 0 0 0 0 0 0 1 0 0 0 1 0 
0 0 0 1 0 0 0 1 0 0 0 0 0 0 0 0 0 0 1 1 
Best Sequence: 
15 11 10 5 19 18 16 13 17 14 8 12 9 7 6 4 3 2 1 0 
0 0 0 0 0 0 0 1 0 1 0 0 0 0 0 0 1 0 1 0 
0 0 0 0 0 0 0 0 0 0 0 1 1 0 0 0 0 1 1 0 
0 1 0 0 0 1 0 0 0 1 1 0 0 0 0 0 0 0 0 0 
1 1 1 1 0 0 0 0 0 0 0 0 0 0 0 0 0 0 0 0 
0 0 0 0 0 0 0 0 1 0 0 0 1 0 1 0 0 0 0 1 
0 1 0 0 0 1 1 1 0 0 0 0 0 0 0 0 0 0 0 0 
1 0 0 0 1 0 0 0 1 0 0 0 0 0 0 0 0 1 0 0 
1 0 1 1 0 1 0 0 0 0 0 0 0 0 0 0 0 0 0 0 
0 0 0 0 0 1 0 0 0 1 0 0 0 0 0 1 0 0 0 1 
0 0 0 0 1 1 0 0 0 0 0 0 0 1 0 0 1 0 0 0 
OpenStacks: 6
Took 287.64 seconds

buffer: Warwick 163: balanced products, 4 products per order
numCustomers: 10
numProducts: 20
0 0 0 0 0 1 1 1 0 0 0 0 0 0 0 0 0 0 1 0 
0 0 0 0 0 0 0 0 0 0 0 1 0 1 0 0 1 0 0 1 
0 1 0 0 0 1 0 0 0 0 0 0 1 0 1 0 0 0 0 0 
0 0 0 0 0 0 0 0 1 0 0 1 0 0 1 0 0 0 1 0 
0 0 0 0 0 1 0 0 0 1 0 0 0 0 0 0 1 0 1 0 
0 0 0 0 1 0 0 0 1 0 1 0 0 0 0 0 0 1 0 0 
0 0 0 0 0 0 1 0 0 1 0 1 0 0 0 1 0 0 0 0 
0 0 0 0 0 0 0 0 1 0 0 0 0 0 1 1 0 0 0 1 
0 0 1 0 0 0 0 1 0 1 0 1 0 0 0 0 0 0 0 0 
1 1 1 1 0 0 0 0 0 0 0 0 0 0 0 0 0 0 0 0 
