Solving by Dynamic Programming...
buffer: Warwick 1391: balanced products, 2 products per order
numCustomers: 30
numProducts: 10
0 0 1 0 0 0 1 0 0 0 
0 0 0 0 1 0 0 1 0 0 
0 0 1 1 0 0 0 0 0 0 
0 0 0 1 1 0 0 0 0 0 
0 0 0 0 1 0 0 1 0 0 
0 1 0 0 1 0 0 0 0 0 
0 0 0 1 0 0 0 1 0 0 
0 0 1 0 0 0 1 0 0 0 
1 0 0 0 1 0 0 0 0 0 
0 0 0 1 0 1 0 0 0 0 
0 1 0 1 0 0 0 0 0 0 
0 0 0 0 0 0 0 1 1 0 
0 1 1 0 0 0 0 0 0 0 
0 0 0 0 0 1 0 0 1 0 
0 0 0 0 0 0 1 0 1 0 
0 0 0 0 1 1 0 0 0 0 
0 0 0 0 0 0 1 0 0 1 
0 1 1 0 0 0 0 0 0 0 
0 0 0 0 1 0 0 0 1 0 
1 0 0 0 0 0 0 0 1 0 
0 1 0 0 0 0 0 1 0 0 
0 1 0 1 0 0 0 0 0 0 
0 0 0 0 1 0 0 0 1 0 
0 0 0 0 0 0 0 1 0 1 
0 0 1 0 1 0 0 0 0 0 
0 0 1 0 0 0 0 0 1 0 
1 0 0 1 0 0 0 0 0 0 
0 0 0 0 0 0 0 1 0 1 
1 0 0 0 1 0 0 0 0 0 
0 0 1 0 0 1 0 0 0 0 
Best Sequence: 
9 7 6 2 1 3 8 5 4 0 
0 0 1 1 0 0 0 0 0 0 
0 1 0 0 0 0 0 0 1 0 
0 0 0 1 0 1 0 0 0 0 
0 0 0 0 0 1 0 0 1 0 
0 1 0 0 0 0 0 0 1 0 
0 0 0 0 1 0 0 0 1 0 
0 1 0 0 0 1 0 0 0 0 
0 0 1 1 0 0 0 0 0 0 
0 0 0 0 0 0 0 0 1 1 
0 0 0 0 0 1 0 1 0 0 
0 0 0 0 1 1 0 0 0 0 
0 1 0 0 0 0 1 0 0 0 
0 0 0 1 1 0 0 0 0 0 
0 0 0 0 0 0 1 1 0 0 
0 0 1 0 0 0 1 0 0 0 
0 0 0 0 0 0 0 1 1 0 
1 0 1 0 0 0 0 0 0 0 
0 0 0 1 1 0 0 0 0 0 
0 0 0 0 0 0 1 0 1 0 
0 0 0 0 0 0 1 0 0 1 
0 1 0 0 1 0 0 0 0 0 
0 0 0 0 1 1 0 0 0 0 
0 0 0 0 0 0 1 0 1 0 
1 1 0 0 0 0 0 0 0 0 
0 0 0 1 0 0 0 0 1 0 
0 0 0 1 0 0 1 0 0 0 
0 0 0 0 0 1 0 0 0 1 
1 1 0 0 0 0 0 0 0 0 
0 0 0 0 0 0 0 0 1 1 
0 0 0 1 0 0 0 1 0 0 
OpenStacks: 15
Took 0.18 seconds

buffer: Warwick 1392: balanced products, 2 products per order
numCustomers: 30
numProducts: 10
0 0 1 0 0 1 0 0 0 0 
0 0 0 0 1 0 0 0 0 1 
0 0 0 0 0 1 0 0 1 0 
0 0 1 0 0 0 0 0 1 0 
1 0 0 0 0 0 0 0 1 0 
0 0 0 1 0 0 0 0 0 1 
0 0 0 0 0 0 0 0 1 1 
0 1 0 0 1 0 0 0 0 0 
0 1 0 0 0 1 0 0 0 0 
1 0 0 0 0 0 0 0 1 0 
0 0 1 0 0 0 0 0 1 0 
0 1 0 0 0 0 0 0 0 1 
0 0 0 0 1 0 0 1 0 0 
0 0 0 0 1 0 0 0 0 1 
0 0 0 0 1 1 0 0 0 0 
0 1 0 0 0 0 0 0 0 1 
0 0 0 0 1 0 0 1 0 0 
1 0 0 0 1 0 0 0 0 0 
0 0 0 1 1 0 0 0 0 0 
0 0 0 0 1 0 0 0 1 0 
0 0 0 0 0 1 0 0 1 0 
0 0 0 0 1 0 0 0 1 0 
0 0 1 0 0 0 0 0 1 0 
0 0 0 0 0 1 0 1 0 0 
0 0 0 0 1 0 0 0 1 0 
0 0 0 1 1 0 0 0 0 0 
1 1 0 0 0 0 0 0 0 0 
1 0 0 0 0 0 1 0 0 0 
0 0 1 0 1 0 0 0 0 0 
1 0 0 0 0 0 0 0 1 0 
Best Sequence: 
7 4 3 9 1 5 2 8 6 0 
0 0 0 0 0 1 1 0 0 0 
0 1 0 1 0 0 0 0 0 0 
0 0 0 0 0 1 0 1 0 0 
0 0 0 0 0 0 1 1 0 0 
0 0 0 0 0 0 0 1 0 1 
0 0 1 1 0 0 0 0 0 0 
0 0 0 1 0 0 0 1 0 0 
0 1 0 0 1 0 0 0 0 0 
0 0 0 0 1 1 0 0 0 0 
0 0 0 0 0 0 0 1 0 1 
0 0 0 0 0 0 1 1 0 0 
0 0 0 1 1 0 0 0 0 0 
1 1 0 0 0 0 0 0 0 0 
0 1 0 1 0 0 0 0 0 0 
0 1 0 0 0 1 0 0 0 0 
0 0 0 1 1 0 0 0 0 0 
1 1 0 0 0 0 0 0 0 0 
0 1 0 0 0 0 0 0 0 1 
0 1 1 0 0 0 0 0 0 0 
0 1 0 0 0 0 0 1 0 0 
0 0 0 0 0 1 0 1 0 0 
0 1 0 0 0 0 0 1 0 0 
0 0 0 0 0 0 1 1 0 0 
1 0 0 0 0 1 0 0 0 0 
0 1 0 0 0 0 0 1 0 0 
0 1 1 0 0 0 0 0 0 0 
0 0 0 0 1 0 0 0 0 1 
0 0 0 0 0 0 0 0 1 1 
0 1 0 0 0 0 1 0 0 0 
0 0 0 0 0 0 0 1 0 1 
OpenStacks: 14
Took 0.19 seconds

buffer: Warwick 1393: balanced products, 2 products per order
numCustomers: 30
numProducts: 10
0 0 0 0 0 0 1 0 0 1 
1 0 0 0 0 1 0 0 0 0 
0 0 1 0 0 0 0 1 0 0 
0 0 0 1 0 0 1 0 0 0 
0 0 0 0 0 1 0 0 0 1 
0 0 0 0 0 0 1 0 0 1 
1 0 0 1 0 0 0 0 0 0 
0 0 0 0 0 1 0 1 0 0 
0 0 0 1 1 0 0 0 0 0 
1 0 1 0 0 0 0 0 0 0 
0 0 0 0 0 1 0 0 0 1 
0 0 0 0 0 0 0 1 1 0 
0 0 0 0 1 1 0 0 0 0 
0 0 0 1 0 0 1 0 0 0 
1 0 0 0 0 0 0 0 1 0 
0 0 0 0 0 0 0 1 1 0 
0 0 0 0 0 1 1 0 0 0 
0 0 0 0 0 1 1 0 0 0 
0 0 0 0 0 0 1 0 0 1 
0 0 0 0 1 0 0 0 0 1 
0 1 0 0 0 1 0 0 0 0 
1 0 0 0 0 0 0 0 0 1 
0 1 0 1 0 0 0 0 0 0 
1 0 0 0 0 0 0 1 0 0 
0 0 0 0 0 1 0 0 0 1 
0 0 0 0 0 0 1 1 0 0 
0 1 0 1 0 0 0 0 0 0 
1 0 0 1 0 0 0 0 0 0 
0 0 1 0 0 1 0 0 0 0 
0 0 0 1 1 0 0 0 0 0 
Best Sequence: 
9 6 5 8 7 4 3 2 1 0 
1 1 0 0 0 0 0 0 0 0 
0 0 1 0 0 0 0 0 0 1 
0 0 0 0 1 0 0 1 0 0 
0 1 0 0 0 0 1 0 0 0 
1 0 1 0 0 0 0 0 0 0 
1 1 0 0 0 0 0 0 0 0 
0 0 0 0 0 0 1 0 0 1 
0 0 1 0 1 0 0 0 0 0 
0 0 0 0 0 1 1 0 0 0 
0 0 0 0 0 0 0 1 0 1 
1 0 1 0 0 0 0 0 0 0 
0 0 0 1 1 0 0 0 0 0 
0 0 1 0 0 1 0 0 0 0 
0 1 0 0 0 0 1 0 0 0 
0 0 0 1 0 0 0 0 0 1 
0 0 0 1 1 0 0 0 0 0 
0 1 1 0 0 0 0 0 0 0 
0 1 1 0 0 0 0 0 0 0 
1 1 0 0 0 0 0 0 0 0 
1 0 0 0 0 1 0 0 0 0 
0 0 1 0 0 0 0 0 1 0 
1 0 0 0 0 0 0 0 0 1 
0 0 0 0 0 0 1 0 1 0 
0 0 0 0 1 0 0 0 0 1 
1 0 1 0 0 0 0 0 0 0 
0 1 0 0 1 0 0 0 0 0 
0 0 0 0 0 0 1 0 1 0 
0 0 0 0 0 0 1 0 0 1 
0 0 1 0 0 0 0 1 0 0 
0 0 0 0 0 1 1 0 0 0 
OpenStacks: 15
Took 0.18 seconds

buffer: Warwick 1394: balanced products, 2 products per order
numCustomers: 30
numProducts: 10
0 0 0 0 0 1 0 0 0 1 
0 0 0 1 1 0 0 0 0 0 
1 0 0 0 0 0 0 0 0 1 
0 0 0 1 1 0 0 0 0 0 
0 0 0 0 0 1 1 0 0 0 
0 0 0 0 1 1 0 0 0 0 
0 1 0 0 0 0 0 1 0 0 
0 1 0 0 0 1 0 0 0 0 
0 0 0 0 1 0 0 0 0 1 
0 0 0 0 1 0 0 1 0 0 
0 0 0 1 0 0 0 0 0 1 
0 0 0 1 0 0 1 0 0 0 
1 0 0 0 0 0 0 1 0 0 
0 1 0 0 0 1 0 0 0 0 
0 0 0 0 1 0 0 0 1 0 
0 0 0 0 1 0 1 0 0 0 
0 0 0 0 0 0 0 1 0 1 
1 0 1 0 0 0 0 0 0 0 
0 0 1 0 1 0 0 0 0 0 
0 0 0 0 0 0 1 1 0 0 
0 0 1 0 1 0 0 0 0 0 
0 0 0 0 1 0 0 1 0 0 
0 0 1 0 0 0 0 0 0 1 
0 1 0 1 0 0 0 0 0 0 
0 0 0 1 0 0 0 1 0 0 
1 0 0 1 0 0 0 0 0 0 
1 0 0 0 0 1 0 0 0 0 
0 0 1 1 0 0 0 0 0 0 
0 1 0 0 0 0 0 0 0 1 
0 0 0 1 0 0 0 1 0 0 
Best Sequence: 
8 4 3 6 2 7 9 5 1 0 
0 0 0 0 0 0 1 1 0 0 
0 1 1 0 0 0 0 0 0 0 
0 0 0 0 0 0 1 0 0 1 
0 1 1 0 0 0 0 0 0 0 
0 0 0 1 0 0 0 1 0 0 
0 1 0 0 0 0 0 1 0 0 
0 0 0 0 0 1 0 0 1 0 
0 0 0 0 0 0 0 1 1 0 
0 1 0 0 0 0 1 0 0 0 
0 1 0 0 0 1 0 0 0 0 
0 0 1 0 0 0 1 0 0 0 
0 0 1 1 0 0 0 0 0 0 
0 0 0 0 0 1 0 0 0 1 
0 0 0 0 0 0 0 1 1 0 
1 1 0 0 0 0 0 0 0 0 
0 1 0 1 0 0 0 0 0 0 
0 0 0 0 0 1 1 0 0 0 
0 0 0 0 1 0 0 0 0 1 
0 1 0 0 1 0 0 0 0 0 
0 0 0 1 0 1 0 0 0 0 
0 1 0 0 1 0 0 0 0 0 
0 1 0 0 0 1 0 0 0 0 
0 0 0 0 1 0 1 0 0 0 
0 0 1 0 0 0 0 0 1 0 
0 0 1 0 0 1 0 0 0 0 
0 0 1 0 0 0 0 0 0 1 
0 0 0 0 0 0 0 1 0 1 
0 0 1 0 1 0 0 0 0 0 
0 0 0 0 0 0 1 0 1 0 
0 0 1 0 0 1 0 0 0 0 
OpenStacks: 16
Took 0.19 seconds

buffer: Warwick 1395: balanced products, 2 products per order
numCustomers: 30
numProducts: 10
1 0 0 0 0 0 0 0 0 1 
1 0 0 0 0 0 0 0 1 0 
0 0 0 0 0 0 1 0 0 1 
1 0 0 0 0 0 0 0 1 0 
0 0 1 0 0 0 1 0 0 0 
0 0 0 1 0 0 1 0 0 0 
0 0 0 0 0 0 1 0 1 0 
0 0 0 0 0 1 0 1 0 0 
0 0 0 1 0 0 0 1 0 0 
0 0 0 0 0 0 1 1 0 0 
0 0 0 0 0 0 1 0 1 0 
0 0 0 1 0 1 0 0 0 0 
0 0 0 0 0 1 0 0 1 0 
0 0 0 0 1 1 0 0 0 0 
0 1 1 0 0 0 0 0 0 0 
0 0 0 1 0 0 1 0 0 0 
0 0 0 1 0 0 0 0 0 1 
0 0 0 0 0 0 1 0 0 1 
0 0 0 1 0 1 0 0 0 0 
0 1 0 0 1 0 0 0 0 0 
0 0 0 0 1 0 0 1 0 0 
0 0 0 1 0 0 0 0 1 0 
1 0 1 0 0 0 0 0 0 0 
1 0 0 1 0 0 0 0 0 0 
0 1 0 0 0 0 0 0 1 0 
0 1 0 0 1 0 0 0 0 0 
0 0 1 0 0 0 0 1 0 0 
0 1 0 1 0 0 0 0 0 0 
0 0 0 0 0 0 1 0 0 1 
0 1 0 0 0 0 1 0 0 0 
Best Sequence: 
9 6 8 0 2 1 7 4 5 3 
1 0 0 1 0 0 0 0 0 0 
0 0 1 1 0 0 0 0 0 0 
1 1 0 0 0 0 0 0 0 0 
0 0 1 1 0 0 0 0 0 0 
0 1 0 0 1 0 0 0 0 0 
0 1 0 0 0 0 0 0 0 1 
0 1 1 0 0 0 0 0 0 0 
0 0 0 0 0 0 1 0 1 0 
0 0 0 0 0 0 1 0 0 1 
0 1 0 0 0 0 1 0 0 0 
0 1 1 0 0 0 0 0 0 0 
0 0 0 0 0 0 0 0 1 1 
0 0 1 0 0 0 0 0 1 0 
0 0 0 0 0 0 0 1 1 0 
0 0 0 0 1 1 0 0 0 0 
0 1 0 0 0 0 0 0 0 1 
1 0 0 0 0 0 0 0 0 1 
1 1 0 0 0 0 0 0 0 0 
0 0 0 0 0 0 0 0 1 1 
0 0 0 0 0 1 0 1 0 0 
0 0 0 0 0 0 1 1 0 0 
0 0 1 0 0 0 0 0 0 1 
0 0 0 1 1 0 0 0 0 0 
0 0 0 1 0 0 0 0 0 1 
0 0 1 0 0 1 0 0 0 0 
0 0 0 0 0 1 0 1 0 0 
0 0 0 0 1 0 1 0 0 0 
0 0 0 0 0 1 0 0 0 1 
1 1 0 0 0 0 0 0 0 0 
0 1 0 0 0 1 0 0 0 0 
OpenStacks: 14
Took 0.18 seconds

buffer: Warwick 1396: balanced products, 2 products per order
numCustomers: 30
numProducts: 10
1 0 0 0 0 0 0 0 1 0 
0 0 0 0 0 0 1 0 1 0 
0 1 0 0 0 0 0 0 0 1 
1 0 0 0 0 0 0 0 1 0 
0 0 0 1 1 0 0 0 0 0 
1 0 0 0 1 0 0 0 0 0 
1 0 0 1 0 0 0 0 0 0 
0 0 1 0 1 0 0 0 0 0 
0 0 0 0 0 0 1 1 0 0 
0 0 0 0 0 0 1 1 0 0 
0 0 1 0 0 0 1 0 0 0 
1 1 0 0 0 0 0 0 0 0 
1 0 0 0 0 0 0 0 1 0 
1 0 1 0 0 0 0 0 0 0 
0 0 1 0 0 0 0 0 0 1 
0 1 1 0 0 0 0 0 0 0 
0 0 0 1 0 0 0 1 0 0 
0 0 0 1 0 1 0 0 0 0 
0 0 0 0 1 0 0 0 0 1 
0 0 0 0 0 1 0 0 1 0 
0 0 1 0 0 0 0 0 0 1 
0 0 1 0 0 0 0 0 1 0 
0 1 0 0 0 0 0 0 0 1 
0 0 1 0 0 0 0 1 0 0 
0 0 0 0 1 0 0 0 0 1 
0 0 1 1 0 0 0 0 0 0 
0 0 0 0 1 0 1 0 0 0 
0 0 0 1 0 0 0 1 0 0 
0 1 0 0 1 0 0 0 0 0 
0 0 1 0 0 1 0 0 0 0 
Best Sequence: 
9 4 1 2 7 6 8 5 3 0 
0 0 0 0 0 0 1 0 0 1 
0 0 0 0 0 1 1 0 0 0 
1 0 1 0 0 0 0 0 0 0 
0 0 0 0 0 0 1 0 0 1 
0 1 0 0 0 0 0 0 1 0 
0 1 0 0 0 0 0 0 0 1 
0 0 0 0 0 0 0 0 1 1 
0 1 0 1 0 0 0 0 0 0 
0 0 0 0 1 1 0 0 0 0 
0 0 0 0 1 1 0 0 0 0 
0 0 0 1 0 1 0 0 0 0 
0 0 1 0 0 0 0 0 0 1 
0 0 0 0 0 0 1 0 0 1 
0 0 0 1 0 0 0 0 0 1 
1 0 0 1 0 0 0 0 0 0 
0 0 1 1 0 0 0 0 0 0 
0 0 0 0 1 0 0 0 1 0 
0 0 0 0 0 0 0 1 1 0 
1 1 0 0 0 0 0 0 0 0 
0 0 0 0 0 0 1 1 0 0 
1 0 0 1 0 0 0 0 0 0 
0 0 0 1 0 0 1 0 0 0 
1 0 1 0 0 0 0 0 0 0 
0 0 0 1 1 0 0 0 0 0 
1 1 0 0 0 0 0 0 0 0 
0 0 0 1 0 0 0 0 1 0 
0 1 0 0 0 1 0 0 0 0 
0 0 0 0 1 0 0 0 1 0 
0 1 1 0 0 0 0 0 0 0 
0 0 0 1 0 0 0 1 0 0 
OpenStacks: 14
Took 0.18 seconds

buffer: Warwick 1397: balanced products, 2 products per order
numCustomers: 30
numProducts: 10
1 0 1 0 0 0 0 0 0 0 
0 0 0 0 1 0 0 1 0 0 
0 0 1 0 0 0 1 0 0 0 
0 0 0 1 1 0 0 0 0 0 
0 1 0 1 0 0 0 0 0 0 
0 0 1 0 0 0 0 0 0 1 
1 0 0 1 0 0 0 0 0 0 
0 0 0 1 1 0 0 0 0 0 
0 0 1 0 0 0 0 0 1 0 
0 1 0 0 0 0 0 0 1 0 
0 0 0 1 1 0 0 0 0 0 
0 0 0 0 0 0 0 1 0 1 
0 0 0 0 0 0 0 1 1 0 
0 0 0 0 1 0 0 1 0 0 
0 0 0 0 0 0 0 1 0 1 
1 0 0 0 0 1 0 0 0 0 
0 0 0 0 1 0 0 1 0 0 
0 0 0 0 0 0 0 0 1 1 
0 0 0 0 1 0 0 1 0 0 
1 0 0 0 0 1 0 0 0 0 
0 0 0 0 1 0 1 0 0 0 
0 0 0 0 0 1 0 0 1 0 
0 0 1 0 1 0 0 0 0 0 
1 0 0 0 0 1 0 0 0 0 
0 1 0 0 1 0 0 0 0 0 
0 0 0 0 1 1 0 0 0 0 
0 0 0 0 0 0 0 1 1 0 
0 0 0 1 0 0 0 1 0 0 
0 0 0 0 0 0 0 0 1 1 
0 0 0 0 0 1 0 1 0 0 
Best Sequence: 
9 8 7 5 0 6 2 4 3 1 
0 0 0 0 1 0 1 0 0 0 
0 0 1 0 0 0 0 1 0 0 
0 0 0 0 0 1 1 0 0 0 
0 0 0 0 0 0 0 1 1 0 
0 0 0 0 0 0 0 0 1 1 
1 0 0 0 0 0 1 0 0 0 
0 0 0 0 1 0 0 0 1 0 
0 0 0 0 0 0 0 1 1 0 
0 1 0 0 0 0 1 0 0 0 
0 1 0 0 0 0 0 0 0 1 
0 0 0 0 0 0 0 1 1 0 
1 0 1 0 0 0 0 0 0 0 
0 1 1 0 0 0 0 0 0 0 
0 0 1 0 0 0 0 1 0 0 
1 0 1 0 0 0 0 0 0 0 
0 0 0 1 1 0 0 0 0 0 
0 0 1 0 0 0 0 1 0 0 
1 1 0 0 0 0 0 0 0 0 
0 0 1 0 0 0 0 1 0 0 
0 0 0 1 1 0 0 0 0 0 
0 0 0 0 0 1 0 1 0 0 
0 1 0 1 0 0 0 0 0 0 
0 0 0 0 0 0 1 1 0 0 
0 0 0 1 1 0 0 0 0 0 
0 0 0 0 0 0 0 1 0 1 
0 0 0 1 0 0 0 1 0 0 
0 1 1 0 0 0 0 0 0 0 
0 0 1 0 0 0 0 0 1 0 
1 1 0 0 0 0 0 0 0 0 
0 0 1 1 0 0 0 0 0 0 
OpenStacks: 14
Took 0.19 seconds

buffer: Warwick 1398: balanced products, 2 products per order
numCustomers: 30
numProducts: 10
0 1 0 0 0 1 0 0 0 0 
0 1 0 0 0 0 1 0 0 0 
0 0 0 0 1 0 0 0 1 0 
0 1 0 0 0 0 0 0 1 0 
0 0 0 0 0 0 0 0 1 1 
0 1 0 0 0 0 0 0 0 1 
0 0 0 1 0 0 1 0 0 0 
1 0 1 0 0 0 0 0 0 0 
0 0 0 1 0 0 0 0 0 1 
0 0 0 0 0 0 1 0 1 0 
0 0 1 0 1 0 0 0 0 0 
0 0 0 0 0 0 0 0 1 1 
0 1 0 0 1 0 0 0 0 0 
0 0 1 0 0 1 0 0 0 0 
0 0 0 1 0 1 0 0 0 0 
0 1 0 1 0 0 0 0 0 0 
1 1 0 0 0 0 0 0 0 0 
0 1 0 0 0 0 0 1 0 0 
0 0 1 0 0 0 0 0 1 0 
0 0 0 0 0 0 0 1 1 0 
0 0 0 0 0 0 1 0 0 1 
1 0 0 0 0 0 0 1 0 0 
0 0 0 1 0 0 1 0 0 0 
1 0 0 0 1 0 0 0 0 0 
0 0 0 0 1 0 1 0 0 0 
0 0 1 0 0 0 0 0 0 1 
0 0 1 1 0 0 0 0 0 0 
1 0 0 1 0 0 0 0 0 0 
0 0 0 0 0 1 0 0 1 0 
1 0 0 1 0 0 0 0 0 0 
Best Sequence: 
9 8 6 2 5 4 3 7 1 0 
0 0 0 0 1 0 0 0 1 0 
0 0 1 0 0 0 0 0 1 0 
0 1 0 0 0 1 0 0 0 0 
0 1 0 0 0 0 0 0 1 0 
1 1 0 0 0 0 0 0 0 0 
1 0 0 0 0 0 0 0 1 0 
0 0 1 0 0 0 1 0 0 0 
0 0 0 1 0 0 0 0 0 1 
1 0 0 0 0 0 1 0 0 0 
0 1 1 0 0 0 0 0 0 0 
0 0 0 1 0 1 0 0 0 0 
1 1 0 0 0 0 0 0 0 0 
0 0 0 0 0 1 0 0 1 0 
0 0 0 1 1 0 0 0 0 0 
0 0 0 0 1 0 1 0 0 0 
0 0 0 0 0 0 1 0 1 0 
0 0 0 0 0 0 0 0 1 1 
0 0 0 0 0 0 0 1 1 0 
0 1 0 1 0 0 0 0 0 0 
0 1 0 0 0 0 0 1 0 0 
1 0 1 0 0 0 0 0 0 0 
0 0 0 0 0 0 0 1 0 1 
0 0 1 0 0 0 1 0 0 0 
0 0 0 0 0 1 0 0 0 1 
0 0 1 0 0 1 0 0 0 0 
1 0 0 1 0 0 0 0 0 0 
0 0 0 1 0 0 1 0 0 0 
0 0 0 0 0 0 1 0 0 1 
0 1 0 0 1 0 0 0 0 0 
0 0 0 0 0 0 1 0 0 1 
OpenStacks: 16
Took 0.18 seconds

buffer: Warwick 1399: balanced products, 2 products per order
numCustomers: 30
numProducts: 10
1 0 0 0 0 0 0 0 0 1 
1 0 0 1 0 0 0 0 0 0 
1 0 0 0 0 0 1 0 0 0 
0 0 0 1 0 0 0 0 0 1 
0 1 0 0 0 0 0 0 0 1 
1 0 0 0 0 0 0 0 1 0 
0 0 0 1 0 0 0 0 1 0 
0 0 1 0 1 0 0 0 0 0 
0 0 0 0 0 0 1 0 0 1 
1 0 0 0 0 0 1 0 0 0 
0 0 0 0 0 0 0 0 1 1 
0 0 0 0 0 0 1 1 0 0 
1 0 0 0 0 0 0 0 1 0 
1 0 0 0 0 0 0 0 1 0 
0 0 0 0 1 0 0 1 0 0 
0 0 0 0 0 0 1 0 1 0 
1 0 0 0 0 1 0 0 0 0 
0 0 1 0 0 0 0 1 0 0 
0 0 0 1 0 1 0 0 0 0 
0 0 0 0 1 0 1 0 0 0 
0 0 0 0 1 0 0 1 0 0 
0 1 0 0 1 0 0 0 0 0 
0 0 0 0 0 0 0 0 1 1 
0 0 0 0 0 0 1 0 1 0 
1 0 0 0 0 0 1 0 0 0 
0 1 0 1 0 0 0 0 0 0 
1 0 0 0 0 1 0 0 0 0 
0 0 1 1 0 0 0 0 0 0 
0 0 0 0 1 0 0 0 1 0 
0 1 1 0 0 0 0 0 0 0 
Best Sequence: 
7 4 2 1 3 9 8 6 5 0 
0 0 0 0 0 1 0 0 0 1 
0 0 0 0 1 0 0 0 0 1 
0 0 0 0 0 0 0 1 0 1 
0 0 0 0 1 1 0 0 0 0 
0 0 0 1 0 1 0 0 0 0 
0 0 0 0 0 0 1 0 0 1 
0 0 0 0 1 0 1 0 0 0 
0 1 1 0 0 0 0 0 0 0 
0 0 0 0 0 1 0 1 0 0 
0 0 0 0 0 0 0 1 0 1 
0 0 0 0 0 1 1 0 0 0 
1 0 0 0 0 0 0 1 0 0 
0 0 0 0 0 0 1 0 0 1 
0 0 0 0 0 0 1 0 0 1 
1 1 0 0 0 0 0 0 0 0 
0 0 0 0 0 0 1 1 0 0 
0 0 0 0 0 0 0 0 1 1 
1 0 1 0 0 0 0 0 0 0 
0 0 0 0 1 0 0 0 1 0 
0 1 0 0 0 0 0 1 0 0 
1 1 0 0 0 0 0 0 0 0 
0 1 0 1 0 0 0 0 0 0 
0 0 0 0 0 1 1 0 0 0 
0 0 0 0 0 0 1 1 0 0 
0 0 0 0 0 0 0 1 0 1 
0 0 0 1 1 0 0 0 0 0 
0 0 0 0 0 0 0 0 1 1 
0 0 1 0 1 0 0 0 0 0 
0 1 0 0 0 0 1 0 0 0 
0 0 1 1 0 0 0 0 0 0 
OpenStacks: 15
Took 0.19 seconds

buffer: Warwick 1400: balanced products, 2 products per order
numCustomers: 30
numProducts: 10
0 0 1 0 0 0 0 0 0 1 
0 0 1 0 0 0 0 0 1 0 
1 0 0 0 0 0 1 0 0 0 
0 1 0 0 0 0 0 0 0 1 
0 0 0 0 1 1 0 0 0 0 
0 0 0 0 1 0 0 1 0 0 
0 0 0 0 1 0 0 0 1 0 
0 0 0 0 0 1 0 1 0 0 
1 0 1 0 0 0 0 0 0 0 
0 0 0 1 1 0 0 0 0 0 
0 1 0 0 0 0 0 0 0 1 
1 0 0 0 0 1 0 0 0 0 
0 0 0 1 0 0 0 0 0 1 
0 0 0 0 1 0 0 0 0 1 
0 0 0 0 1 0 0 1 0 0 
0 0 1 0 0 0 0 0 0 1 
0 0 0 1 0 0 0 1 0 0 
1 0 0 0 0 0 0 0 1 0 
0 0 0 0 0 0 0 1 1 0 
0 0 0 1 0 1 0 0 0 0 
0 0 0 0 1 0 0 0 1 0 
1 0 0 0 0 0 0 0 1 0 
0 0 0 0 0 0 0 1 0 1 
0 1 0 0 1 0 0 0 0 0 
0 0 0 0 0 0 1 1 0 0 
0 1 0 1 0 0 0 0 0 0 
1 1 0 0 0 0 0 0 0 0 
0 1 1 0 0 0 0 0 0 0 
0 0 1 0 0 1 0 0 0 0 
0 0 0 1 0 0 0 1 0 0 
Best Sequence: 
7 4 5 3 9 8 6 2 1 0 
0 0 0 0 1 0 0 1 0 0 
0 0 0 0 0 1 0 1 0 0 
0 0 0 0 0 0 1 0 0 1 
0 0 0 0 1 0 0 0 1 0 
0 1 1 0 0 0 0 0 0 0 
1 1 0 0 0 0 0 0 0 0 
0 1 0 0 0 1 0 0 0 0 
1 0 1 0 0 0 0 0 0 0 
0 0 0 0 0 0 0 1 0 1 
0 1 0 1 0 0 0 0 0 0 
0 0 0 0 1 0 0 0 1 0 
0 0 1 0 0 0 0 0 0 1 
0 0 0 1 1 0 0 0 0 0 
0 1 0 0 1 0 0 0 0 0 
1 1 0 0 0 0 0 0 0 0 
0 0 0 0 1 0 0 1 0 0 
1 0 0 1 0 0 0 0 0 0 
0 0 0 0 0 1 0 0 0 1 
1 0 0 0 0 1 0 0 0 0 
0 0 1 1 0 0 0 0 0 0 
0 1 0 0 0 1 0 0 0 0 
0 0 0 0 0 1 0 0 0 1 
1 0 0 0 1 0 0 0 0 0 
0 1 0 0 0 0 0 0 1 0 
1 0 0 0 0 0 1 0 0 0 
0 0 0 1 0 0 0 0 1 0 
0 0 0 0 0 0 0 0 1 1 
0 0 0 0 0 0 0 1 1 0 
0 0 1 0 0 0 0 1 0 0 
1 0 0 1 0 0 0 0 0 0 
OpenStacks: 15
Took 0.18 seconds

buffer: Warwick 1401: balanced products, 3 products per order
numCustomers: 30
numProducts: 10
0 0 0 0 0 0 1 0 1 1 
0 0 0 0 1 0 0 1 1 0 
0 0 1 0 0 0 1 0 1 0 
0 0 0 1 0 0 0 0 1 1 
0 0 0 0 1 1 0 0 1 0 
1 1 0 0 0 1 0 0 0 0 
0 0 1 0 0 0 0 1 0 1 
0 0 0 1 1 0 1 0 0 0 
1 0 0 0 0 0 0 1 1 0 
0 0 1 0 0 0 0 0 1 1 
0 1 0 0 0 0 0 0 1 1 
1 0 0 0 1 0 1 0 0 0 
0 0 0 0 0 0 1 1 1 0 
0 1 0 0 1 0 0 0 1 0 
0 0 0 1 1 1 0 0 0 0 
1 0 0 0 0 1 0 1 0 0 
0 0 1 0 0 1 0 0 0 1 
0 0 0 1 0 0 0 0 1 1 
0 0 0 0 1 1 0 0 0 1 
1 0 0 1 0 0 0 0 1 0 
0 0 0 0 0 1 0 1 1 0 
1 0 0 0 0 1 0 0 0 1 
0 0 1 1 0 0 1 0 0 0 
0 1 0 1 1 0 0 0 0 0 
0 0 1 0 0 1 0 0 0 1 
0 1 0 0 1 0 0 0 1 0 
0 1 1 0 0 0 1 0 0 0 
0 1 0 0 0 0 1 1 0 0 
0 1 0 1 0 0 0 0 1 0 
0 0 0 0 0 1 1 1 0 0 
Best Sequence: 
8 4 1 3 7 6 9 5 2 0 
1 0 0 0 0 1 1 0 0 0 
1 1 0 0 1 0 0 0 0 0 
1 0 0 0 0 1 0 0 1 0 
1 0 0 1 0 0 1 0 0 0 
1 1 0 0 0 0 0 1 0 0 
0 0 1 0 0 0 0 1 0 1 
0 0 0 0 1 0 1 0 1 0 
0 1 0 1 0 1 0 0 0 0 
1 0 0 0 1 0 0 0 0 1 
1 0 0 0 0 0 1 0 1 0 
1 0 1 0 0 0 1 0 0 0 
0 1 0 0 0 1 0 0 0 1 
1 0 0 0 1 1 0 0 0 0 
1 1 1 0 0 0 0 0 0 0 
0 1 0 1 0 0 0 1 0 0 
0 0 0 0 1 0 0 1 0 1 
0 0 0 0 0 0 1 1 1 0 
1 0 0 1 0 0 1 0 0 0 
0 1 0 0 0 0 1 1 0 0 
1 0 0 1 0 0 0 0 0 1 
1 0 0 0 1 0 0 1 0 0 
0 0 0 0 0 0 1 1 0 1 
0 0 0 1 0 1 0 0 1 0 
0 1 1 1 0 0 0 0 0 0 
0 0 0 0 0 0 1 1 1 0 
1 1 1 0 0 0 0 0 0 0 
0 0 1 0 0 1 0 0 1 0 
0 0 1 0 1 1 0 0 0 0 
1 0 1 1 0 0 0 0 0 0 
0 0 0 0 1 1 0 1 0 0 
OpenStacks: 23
Took 0.19 seconds

buffer: Warwick 1402: balanced products, 3 products per order
numCustomers: 30
numProducts: 10
0 1 0 0 1 0 1 0 0 0 
0 0 1 0 0 0 1 1 0 0 
0 0 0 1 0 0 1 0 0 1 
1 0 0 0 1 0 1 0 0 0 
0 0 1 0 1 0 1 0 0 0 
0 0 0 0 0 0 1 1 1 0 
0 1 1 0 0 0 0 1 0 0 
1 0 0 0 1 0 1 0 0 0 
1 1 0 0 0 0 1 0 0 0 
1 1 0 0 0 0 0 1 0 0 
1 0 1 0 0 0 0 0 1 0 
0 0 0 0 0 1 1 0 0 1 
0 1 1 0 0 0 1 0 0 0 
0 0 0 0 1 0 1 0 1 0 
1 0 1 0 0 1 0 0 0 0 
0 0 0 1 0 0 1 0 0 1 
1 1 0 0 0 0 0 0 1 0 
1 0 0 1 0 1 0 0 0 0 
1 0 0 0 1 0 0 1 0 0 
0 0 0 1 0 0 0 0 1 1 
0 1 0 1 0 0 0 0 0 1 
0 1 1 0 0 0 1 0 0 0 
0 0 0 0 0 1 1 0 0 1 
0 1 1 0 0 0 0 0 1 0 
1 1 0 0 0 0 0 0 1 0 
0 0 0 0 1 1 0 0 0 1 
1 1 1 0 0 0 0 0 0 0 
0 0 0 0 0 1 1 1 0 0 
0 0 0 1 0 1 1 0 0 0 
0 0 1 1 1 0 0 0 0 0 
Best Sequence: 
9 6 5 3 8 4 7 2 1 0 
0 1 0 0 0 1 0 0 1 0 
0 1 0 0 0 0 1 1 0 0 
1 1 0 1 0 0 0 0 0 0 
0 1 0 0 0 1 0 0 0 1 
0 1 0 0 0 1 0 1 0 0 
0 1 0 0 1 0 1 0 0 0 
0 0 0 0 0 0 1 1 1 0 
0 1 0 0 0 1 0 0 0 1 
0 1 0 0 0 0 0 0 1 1 
0 0 0 0 0 0 1 0 1 1 
0 0 0 0 1 0 0 1 0 1 
1 1 1 0 0 0 0 0 0 0 
0 1 0 0 0 0 0 1 1 0 
0 1 0 0 1 1 0 0 0 0 
0 0 1 0 0 0 0 1 0 1 
1 1 0 1 0 0 0 0 0 0 
0 0 0 0 1 0 0 0 1 1 
0 0 1 1 0 0 0 0 0 1 
0 0 0 0 0 1 1 0 0 1 
1 0 0 1 1 0 0 0 0 0 
1 0 0 1 0 0 0 0 1 0 
0 1 0 0 0 0 0 1 1 0 
1 1 1 0 0 0 0 0 0 0 
0 0 0 0 1 0 0 1 1 0 
0 0 0 0 1 0 0 0 1 1 
1 0 1 0 0 1 0 0 0 0 
0 0 0 0 0 0 0 1 1 1 
0 1 1 0 0 0 1 0 0 0 
0 1 1 1 0 0 0 0 0 0 
0 0 0 1 0 1 0 1 0 0 
OpenStacks: 21
Took 0.19 seconds

buffer: Warwick 1403: balanced products, 3 products per order
numCustomers: 30
numProducts: 10
0 0 0 1 0 0 1 0 0 1 
1 0 0 0 0 0 0 0 1 1 
0 1 0 0 1 0 0 1 0 0 
0 1 0 1 0 0 0 0 0 1 
0 0 0 0 0 1 1 0 0 1 
0 0 1 0 0 1 0 0 1 0 
0 0 1 0 0 0 1 0 1 0 
0 0 0 1 0 0 1 0 0 1 
0 1 0 0 0 1 0 0 1 0 
0 0 0 0 1 1 0 0 0 1 
0 0 1 1 0 0 0 0 1 0 
0 0 1 1 0 0 0 1 0 0 
0 0 0 0 1 0 0 1 1 0 
0 0 0 0 0 1 1 0 0 1 
0 1 1 0 0 0 0 1 0 0 
0 0 1 0 1 0 0 1 0 0 
0 0 0 0 1 1 0 0 1 0 
0 1 0 0 1 0 0 0 0 1 
0 0 0 0 0 1 1 0 1 0 
0 0 0 1 0 0 0 1 1 0 
0 0 0 0 1 0 1 0 0 1 
1 1 0 1 0 0 0 0 0 0 
0 1 1 0 0 0 0 1 0 0 
1 0 1 0 0 0 0 1 0 0 
0 0 0 0 1 1 1 0 0 0 
0 0 0 1 1 1 0 0 0 0 
0 0 0 0 1 1 0 1 0 0 
0 1 0 0 1 0 0 0 0 1 
0 0 0 0 0 0 1 0 1 1 
0 0 1 1 0 0 0 0 0 1 
Best Sequence: 
9 6 5 8 4 7 3 2 1 0 
1 1 0 0 0 0 1 0 0 0 
1 0 0 1 0 0 0 0 0 1 
0 0 0 0 1 1 0 0 1 0 
1 0 0 0 0 0 1 0 1 0 
1 1 1 0 0 0 0 0 0 0 
0 0 1 1 0 0 0 1 0 0 
0 1 0 1 0 0 0 1 0 0 
1 1 0 0 0 0 1 0 0 0 
0 0 1 1 0 0 0 0 1 0 
1 0 1 0 1 0 0 0 0 0 
0 0 0 1 0 0 1 1 0 0 
0 0 0 0 0 1 1 1 0 0 
0 0 0 1 1 1 0 0 0 0 
1 1 1 0 0 0 0 0 0 0 
0 0 0 0 0 1 0 1 1 0 
0 0 0 0 1 1 0 1 0 0 
0 0 1 1 1 0 0 0 0 0 
1 0 0 0 1 0 0 0 1 0 
0 1 1 1 0 0 0 0 0 0 
0 0 0 1 0 1 1 0 0 0 
1 1 0 0 1 0 0 0 0 0 
0 0 0 0 0 0 1 0 1 1 
0 0 0 0 0 1 0 1 1 0 
0 0 0 0 0 1 0 1 0 1 
0 1 1 0 1 0 0 0 0 0 
0 0 1 0 1 0 1 0 0 0 
0 0 1 0 1 1 0 0 0 0 
1 0 0 0 1 0 0 0 1 0 
1 1 0 1 0 0 0 0 0 0 
1 0 0 0 0 0 1 1 0 0 
OpenStacks: 21
Took 0.19 seconds

buffer: Warwick 1404: balanced products, 3 products per order
numCustomers: 30
numProducts: 10
0 0 0 1 1 0 0 1 0 0 
0 1 0 1 0 0 0 1 0 0 
0 0 1 0 1 0 1 0 0 0 
1 1 0 0 0 0 0 0 1 0 
0 0 0 0 0 0 1 1 0 1 
0 0 0 0 1 0 0 1 1 0 
1 1 0 0 0 0 0 0 1 0 
0 0 1 1 0 0 0 0 1 0 
0 0 0 1 0 0 0 1 1 0 
0 0 0 1 1 1 0 0 0 0 
0 0 1 0 0 1 0 0 1 0 
0 1 0 0 1 1 0 0 0 0 
0 0 0 1 1 0 0 0 0 1 
0 1 0 0 0 1 0 0 0 1 
1 1 0 0 0 0 0 0 0 1 
0 0 0 1 0 0 1 1 0 0 
1 0 0 0 0 1 0 0 0 1 
0 0 1 1 0 1 0 0 0 0 
0 0 0 0 1 0 0 1 0 1 
0 1 0 0 0 0 1 0 1 0 
0 0 0 1 0 0 0 1 1 0 
0 0 1 0 1 0 0 0 0 1 
0 0 0 0 1 0 0 0 1 1 
0 1 0 1 0 0 0 1 0 0 
0 0 0 0 0 1 1 0 0 1 
0 0 0 1 0 1 0 1 0 0 
0 0 0 1 1 1 0 0 0 0 
0 1 0 1 0 0 0 0 0 1 
1 0 1 0 0 0 0 0 1 0 
0 0 1 0 0 1 0 1 0 0 
Best Sequence: 
8 7 3 6 2 4 9 5 1 0 
0 1 1 0 0 1 0 0 0 0 
0 1 1 0 0 0 0 0 1 0 
0 0 0 1 1 1 0 0 0 0 
1 0 0 0 0 0 0 0 1 1 
0 1 0 1 0 0 1 0 0 0 
1 1 0 0 0 1 0 0 0 0 
1 0 0 0 0 0 0 0 1 1 
1 0 1 0 1 0 0 0 0 0 
1 1 1 0 0 0 0 0 0 0 
0 0 1 0 0 1 0 1 0 0 
1 0 0 0 1 0 0 1 0 0 
0 0 0 0 0 1 0 1 1 0 
0 0 1 0 0 1 1 0 0 0 
0 0 0 0 0 0 1 1 1 0 
0 0 0 0 0 0 1 0 1 1 
0 1 1 1 0 0 0 0 0 0 
0 0 0 0 0 0 1 1 0 1 
0 0 1 0 1 0 0 1 0 0 
0 1 0 0 0 1 1 0 0 0 
1 0 0 1 0 0 0 0 1 0 
1 1 1 0 0 0 0 0 0 0 
0 0 0 0 1 1 1 0 0 0 
1 0 0 0 0 1 1 0 0 0 
0 1 1 0 0 0 0 0 1 0 
0 0 0 1 0 0 1 1 0 0 
0 1 1 0 0 0 0 1 0 0 
0 0 1 0 0 1 0 1 0 0 
0 0 1 0 0 0 1 0 1 0 
1 0 0 0 1 0 0 0 0 1 
0 1 0 0 1 0 0 1 0 0 
OpenStacks: 23
Took 0.19 seconds

buffer: Warwick 1405: balanced products, 3 products per order
numCustomers: 30
numProducts: 10
0 0 1 1 0 0 0 1 0 0 
1 0 0 0 0 0 1 0 0 1 
0 1 0 0 0 1 0 0 1 0 
0 0 1 0 0 0 1 0 0 1 
0 0 1 0 0 0 1 0 1 0 
0 0 0 1 0 0 1 1 0 0 
1 0 1 0 0 0 0 0 0 1 
0 1 0 0 0 0 1 0 0 1 
1 0 0 0 1 1 0 0 0 0 
1 0 0 0 1 0 0 0 1 0 
1 1 0 0 0 0 1 0 0 0 
1 1 0 1 0 0 0 0 0 0 
0 0 1 0 1 1 0 0 0 0 
0 0 1 0 0 0 0 1 0 1 
0 0 1 0 0 1 0 0 1 0 
1 0 0 1 1 0 0 0 0 0 
1 0 0 0 0 0 0 0 1 1 
0 0 0 1 0 0 1 0 0 1 
0 0 0 0 0 1 1 1 0 0 
1 1 0 1 0 0 0 0 0 0 
1 0 1 0 0 0 0 0 1 0 
0 0 0 0 1 1 1 0 0 0 
0 0 1 1 0 0 1 0 0 0 
1 0 1 0 0 0 0 0 0 1 
0 0 0 0 1 0 0 0 1 1 
0 1 0 0 0 1 0 0 0 1 
0 0 1 0 1 0 0 1 0 0 
1 0 0 0 0 0 0 1 1 0 
0 1 0 0 0 1 1 0 0 0 
0 0 0 0 1 0 1 1 0 0 
Best Sequence: 
9 7 2 6 8 5 4 3 1 0 
0 1 1 0 0 0 0 1 0 0 
1 0 0 1 0 0 0 0 0 1 
0 0 0 0 1 1 0 0 1 0 
1 0 1 1 0 0 0 0 0 0 
0 0 1 1 1 0 0 0 0 0 
0 1 0 1 0 0 0 1 0 0 
1 0 1 0 0 0 0 0 0 1 
1 0 0 1 0 0 0 0 1 0 
0 0 0 0 0 1 1 0 0 1 
0 0 0 0 1 0 1 0 0 1 
0 0 0 1 0 0 0 0 1 1 
0 0 0 0 0 0 0 1 1 1 
0 0 1 0 0 1 1 0 0 0 
1 1 1 0 0 0 0 0 0 0 
0 0 1 0 1 1 0 0 0 0 
0 0 0 0 0 0 1 1 0 1 
1 0 0 0 1 0 0 0 0 1 
1 0 0 1 0 0 0 1 0 0 
0 1 0 1 0 1 0 0 0 0 
0 0 0 0 0 0 0 1 1 1 
0 0 1 0 1 0 0 0 0 1 
0 0 0 1 0 1 1 0 0 0 
0 0 1 1 0 0 0 1 0 0 
1 0 1 0 0 0 0 0 0 1 
1 0 0 0 1 0 1 0 0 0 
1 0 0 0 0 1 0 0 1 0 
0 1 1 0 0 0 1 0 0 0 
0 1 0 0 1 0 0 0 0 1 
0 0 0 1 0 1 0 0 1 0 
0 1 0 1 0 0 1 0 0 0 
OpenStacks: 24
Took 0.19 seconds

buffer: Warwick 1406: balanced products, 3 products per order
numCustomers: 30
numProducts: 10
1 0 0 0 0 0 0 1 0 1 
0 0 1 0 0 0 0 0 1 1 
0 0 1 0 0 1 1 0 0 0 
0 0 1 0 1 0 0 1 0 0 
1 0 0 0 0 1 0 0 1 0 
0 0 0 0 1 0 1 1 0 0 
0 0 1 0 1 0 0 1 0 0 
1 0 0 0 0 0 1 0 0 1 
1 0 0 0 1 0 1 0 0 0 
0 0 0 1 1 0 0 0 1 0 
1 0 1 0 1 0 0 0 0 0 
0 1 0 1 0 0 0 0 1 0 
0 0 0 1 0 0 1 0 0 1 
0 0 0 0 1 0 1 0 0 1 
0 1 0 1 1 0 0 0 0 0 
0 1 0 1 0 0 1 0 0 0 
1 0 0 0 1 0 1 0 0 0 
0 0 0 1 0 1 0 0 1 0 
0 0 0 1 0 0 0 0 1 1 
0 0 0 0 1 0 1 1 0 0 
0 1 0 0 1 1 0 0 0 0 
0 1 1 0 0 0 1 0 0 0 
0 0 1 0 0 1 1 0 0 0 
1 0 0 0 0 0 0 1 1 0 
0 0 0 0 1 1 0 0 0 1 
0 1 0 0 0 0 1 0 1 0 
0 1 1 1 0 0 0 0 0 0 
0 0 0 1 0 0 0 0 1 1 
1 0 1 0 0 0 0 1 0 0 
1 1 0 0 0 0 1 0 0 0 
Best Sequence: 
9 8 3 5 1 6 4 7 2 0 
1 0 0 0 0 0 0 1 0 1 
1 1 0 0 0 0 0 0 1 0 
0 0 0 1 0 1 0 0 1 0 
0 0 0 0 0 0 1 1 1 0 
0 1 0 1 0 0 0 0 0 1 
0 0 0 0 0 1 1 1 0 0 
0 0 0 0 0 0 1 1 1 0 
1 0 0 0 0 1 0 0 0 1 
0 0 0 0 0 1 1 0 0 1 
0 1 1 0 0 0 1 0 0 0 
0 0 0 0 0 0 1 0 1 1 
0 1 1 0 1 0 0 0 0 0 
1 0 1 0 0 1 0 0 0 0 
1 0 0 0 0 1 1 0 0 0 
0 0 1 0 1 0 1 0 0 0 
0 0 1 0 1 1 0 0 0 0 
0 0 0 0 0 1 1 0 0 1 
0 1 1 1 0 0 0 0 0 0 
1 1 1 0 0 0 0 0 0 0 
0 0 0 0 0 1 1 1 0 0 
0 0 0 1 1 0 1 0 0 0 
0 0 0 0 1 1 0 0 1 0 
0 0 0 1 0 1 0 0 1 0 
0 1 0 0 0 0 0 1 0 1 
1 0 0 1 0 0 1 0 0 0 
0 1 0 0 1 1 0 0 0 0 
0 0 1 0 1 0 0 0 1 0 
1 1 1 0 0 0 0 0 0 0 
0 0 0 0 0 0 0 1 1 1 
0 0 0 0 1 1 0 0 0 1 
OpenStacks: 22
Took 0.19 seconds

buffer: Warwick 1407: balanced products, 3 products per order
numCustomers: 30
numProducts: 10
1 0 1 0 1 0 0 0 0 0 
0 0 0 0 1 1 0 0 0 1 
1 0 0 1 1 0 0 0 0 0 
0 0 0 0 1 0 1 0 1 0 
1 0 0 0 0 1 1 0 0 0 
0 1 0 0 0 1 1 0 0 0 
1 0 0 0 0 0 0 0 1 1 
1 0 0 0 1 0 0 0 1 0 
1 0 0 0 1 0 1 0 0 0 
0 0 1 0 0 0 1 0 1 0 
0 1 0 0 0 0 1 0 0 1 
1 0 0 1 0 1 0 0 0 0 
0 0 1 0 1 0 1 0 0 0 
0 1 0 1 0 0 0 0 0 1 
0 0 0 0 1 0 0 0 1 1 
0 0 1 1 1 0 0 0 0 0 
1 0 0 0 0 0 1 0 1 0 
0 0 0 1 0 0 0 1 0 1 
0 1 0 0 0 0 0 1 1 0 
0 0 0 1 1 0 0 1 0 0 
0 0 0 1 0 0 0 1 1 0 
1 0 0 0 0 1 0 0 0 1 
0 1 0 0 0 1 1 0 0 0 
1 1 1 0 0 0 0 0 0 0 
0 0 0 0 0 1 1 1 0 0 
0 0 0 1 1 1 0 0 0 0 
0 0 1 0 1 0 0 0 1 0 
0 1 1 0 0 0 0 0 1 0 
0 0 1 0 0 0 0 1 1 0 
0 0 0 0 0 1 1 0 0 1 
Best Sequence: 
6 5 1 9 7 3 8 4 2 0 
0 0 0 0 0 0 0 1 1 1 
0 1 0 1 0 0 0 1 0 0 
0 0 0 0 0 1 0 1 0 1 
1 0 0 0 0 0 1 1 0 0 
1 1 0 0 0 0 0 0 0 1 
1 1 1 0 0 0 0 0 0 0 
0 0 0 1 0 0 1 0 0 1 
0 0 0 0 0 0 1 1 0 1 
1 0 0 0 0 0 0 1 0 1 
1 0 0 0 0 0 1 0 1 0 
1 0 1 1 0 0 0 0 0 0 
0 1 0 0 0 1 0 0 0 1 
1 0 0 0 0 0 0 1 1 0 
0 0 1 1 0 1 0 0 0 0 
0 0 0 1 0 0 1 1 0 0 
0 0 0 0 0 1 0 1 1 0 
1 0 0 0 0 0 1 0 0 1 
0 0 0 1 1 1 0 0 0 0 
0 0 1 0 1 0 1 0 0 0 
0 0 0 0 1 1 0 1 0 0 
0 0 0 0 1 1 1 0 0 0 
0 1 0 1 0 0 0 0 0 1 
1 1 1 0 0 0 0 0 0 0 
0 0 1 0 0 0 0 0 1 1 
1 1 0 0 1 0 0 0 0 0 
0 1 0 0 0 1 0 1 0 0 
0 0 0 0 0 0 1 1 1 0 
0 0 1 0 0 0 1 0 1 0 
0 0 0 0 1 0 1 0 1 0 
1 1 0 1 0 0 0 0 0 0 
OpenStacks: 22
Took 0.19 seconds

buffer: Warwick 1408: balanced products, 3 products per order
numCustomers: 30
numProducts: 10
0 1 0 1 0 1 0 0 0 0 
1 0 0 0 1 0 0 1 0 0 
0 1 0 0 0 0 0 1 1 0 
0 1 0 0 0 1 0 1 0 0 
0 1 1 0 0 0 0 0 0 1 
1 1 0 1 0 0 0 0 0 0 
0 0 1 1 0 0 0 0 0 1 
0 1 1 0 0 1 0 0 0 0 
0 0 0 0 1 0 1 1 0 0 
0 0 0 0 0 0 1 1 1 0 
0 0 0 0 1 1 0 1 0 0 
0 0 1 0 1 0 0 1 0 0 
1 0 0 0 1 0 1 0 0 0 
0 0 1 0 1 0 0 0 0 1 
1 0 0 0 0 0 0 1 0 1 
1 0 1 0 0 0 1 0 0 0 
1 0 0 1 0 0 0 1 0 0 
1 0 0 0 0 0 0 0 1 1 
0 1 1 0 0 0 0 0 1 0 
1 1 0 0 0 0 0 0 0 1 
1 0 0 0 1 0 1 0 0 0 
0 1 0 1 1 0 0 0 0 0 
0 1 1 0 0 0 1 0 0 0 
0 1 0 0 0 1 0 1 0 0 
0 0 0 1 0 0 1 0 0 1 
0 0 0 0 1 0 1 0 0 1 
0 0 1 0 1 0 0 0 0 1 
0 0 1 1 0 0 1 0 0 0 
0 0 1 0 1 1 0 0 0 0 
0 0 1 0 0 1 0 1 0 0 
Best Sequence: 
8 7 1 5 2 9 6 4 3 0 
0 0 1 1 0 0 0 0 1 0 
0 1 0 0 0 0 0 1 0 1 
1 1 1 0 0 0 0 0 0 0 
0 1 1 1 0 0 0 0 0 0 
0 0 1 0 1 1 0 0 0 0 
0 0 1 0 0 0 0 0 1 1 
0 0 0 0 1 1 0 0 1 0 
0 0 1 1 1 0 0 0 0 0 
0 1 0 0 0 0 1 1 0 0 
1 1 0 0 0 0 1 0 0 0 
0 1 0 1 0 0 0 1 0 0 
0 1 0 0 1 0 0 1 0 0 
0 0 0 0 0 0 1 1 0 1 
0 0 0 0 1 1 0 1 0 0 
0 1 0 0 0 1 0 0 0 1 
0 0 0 0 1 0 1 0 0 1 
0 1 0 0 0 0 0 0 1 1 
1 0 0 0 0 1 0 0 0 1 
1 0 1 0 1 0 0 0 0 0 
0 0 1 0 0 1 0 0 0 1 
0 0 0 0 0 0 1 1 0 1 
0 0 1 0 0 0 0 1 1 0 
0 0 1 0 1 0 1 0 0 0 
0 1 1 1 0 0 0 0 0 0 
0 0 0 0 0 1 1 0 1 0 
0 0 0 0 0 1 1 1 0 0 
0 0 0 0 1 1 0 1 0 0 
0 0 0 0 1 0 1 0 1 0 
0 0 0 1 1 0 0 1 0 0 
0 1 0 1 1 0 0 0 0 0 
OpenStacks: 23
Took 0.19 seconds

buffer: Warwick 1409: balanced products, 3 products per order
numCustomers: 30
numProducts: 10
0 0 0 0 1 1 0 1 0 0 
0 0 0 0 0 0 1 0 1 1 
0 0 0 1 0 1 1 0 0 0 
1 0 0 0 0 0 1 0 1 0 
0 1 0 0 1 0 0 0 1 0 
0 1 0 0 1 0 0 0 0 1 
0 0 0 0 0 1 1 0 1 0 
0 0 1 0 1 1 0 0 0 0 
1 0 0 0 0 0 0 1 1 0 
1 0 1 0 0 0 0 1 0 0 
0 1 0 0 0 0 0 0 1 1 
0 1 0 0 0 1 0 0 1 0 
0 1 0 0 1 0 0 1 0 0 
0 1 0 1 1 0 0 0 0 0 
0 0 0 1 1 0 1 0 0 0 
0 1 0 0 1 0 0 1 0 0 
1 0 0 0 1 0 0 0 1 0 
0 0 0 0 1 0 0 0 1 1 
1 0 1 0 0 0 1 0 0 0 
0 0 0 1 0 1 0 1 0 0 
1 0 0 0 0 0 1 0 1 0 
0 0 1 0 1 0 1 0 0 0 
0 0 0 1 0 1 1 0 0 0 
0 0 1 0 0 1 1 0 0 0 
0 1 0 1 0 0 0 1 0 0 
0 0 1 1 0 0 1 0 0 0 
0 0 0 1 1 1 0 0 0 0 
0 0 1 0 0 1 0 0 1 0 
0 0 1 0 1 1 0 0 0 0 
0 0 0 1 0 0 0 1 0 1 
Best Sequence: 
9 4 1 7 3 5 8 6 2 0 
0 1 0 1 0 1 0 0 0 0 
1 0 0 0 0 0 1 1 0 0 
0 0 0 0 1 1 0 1 0 0 
0 0 0 0 0 0 1 1 0 1 
0 1 1 0 0 0 1 0 0 0 
1 1 1 0 0 0 0 0 0 0 
0 0 0 0 0 1 1 1 0 0 
0 1 0 0 0 1 0 0 1 0 
0 0 0 1 0 0 1 0 0 1 
0 0 0 1 0 0 0 0 1 1 
1 0 1 0 0 0 1 0 0 0 
0 0 1 0 0 1 1 0 0 0 
0 1 1 1 0 0 0 0 0 0 
0 1 1 0 1 0 0 0 0 0 
0 1 0 0 1 0 0 1 0 0 
0 1 1 1 0 0 0 0 0 0 
0 1 0 0 0 0 1 0 0 1 
1 1 0 0 0 0 1 0 0 0 
0 0 0 0 0 0 0 1 1 1 
0 0 0 1 1 1 0 0 0 0 
0 0 0 0 0 0 1 1 0 1 
0 1 0 0 0 0 0 1 1 0 
0 0 0 0 1 1 0 1 0 0 
0 0 0 0 0 1 0 1 1 0 
0 0 1 1 1 0 0 0 0 0 
0 0 0 0 1 0 0 1 1 0 
0 1 0 0 1 1 0 0 0 0 
0 0 0 0 0 1 1 0 1 0 
0 1 0 0 0 1 0 0 1 0 
1 0 0 1 1 0 0 0 0 0 
OpenStacks: 21
Took 0.19 seconds

buffer: Warwick 1410: balanced products, 3 products per order
numCustomers: 30
numProducts: 10
0 0 1 1 0 0 1 0 0 0 
1 0 0 0 1 0 0 1 0 0 
0 0 1 1 1 0 0 0 0 0 
0 0 0 0 0 0 0 1 1 1 
0 1 0 0 0 0 1 1 0 0 
0 0 1 0 0 0 0 0 1 1 
0 0 1 0 0 1 0 0 1 0 
1 0 0 0 0 0 1 0 0 1 
0 1 0 0 0 0 1 0 0 1 
0 0 1 1 0 0 0 0 1 0 
1 0 0 0 1 0 0 0 0 1 
1 0 0 0 0 0 0 0 1 1 
0 1 0 0 1 0 1 0 0 0 
0 0 0 0 0 1 0 1 1 0 
0 1 0 1 0 0 0 0 1 0 
0 0 0 1 1 1 0 0 0 0 
0 1 0 0 1 0 0 1 0 0 
1 1 0 0 0 0 0 0 1 0 
0 0 0 1 0 0 1 0 0 1 
0 0 0 1 1 1 0 0 0 0 
0 0 1 0 0 1 0 1 0 0 
1 1 1 0 0 0 0 0 0 0 
0 1 0 1 1 0 0 0 0 0 
0 0 1 0 1 0 0 0 0 1 
0 0 1 0 1 0 0 0 0 1 
0 1 0 0 1 0 0 1 0 0 
0 0 0 0 0 1 1 1 0 0 
0 0 0 0 1 0 0 1 0 1 
0 1 1 0 0 0 0 1 0 0 
0 0 1 0 1 1 0 0 0 0 
Best Sequence: 
5 4 3 2 8 9 7 6 1 0 
0 0 1 1 0 0 0 1 0 0 
0 1 0 0 0 0 1 0 0 1 
0 1 1 1 0 0 0 0 0 0 
0 0 0 0 1 1 1 0 0 0 
0 0 0 0 0 0 1 1 1 0 
0 0 0 1 1 1 0 0 0 0 
1 0 0 1 1 0 0 0 0 0 
0 0 0 0 0 1 0 1 0 1 
0 0 0 0 0 1 0 1 1 0 
0 0 1 1 1 0 0 0 0 0 
0 1 0 0 0 1 0 0 0 1 
0 0 0 0 1 1 0 0 0 1 
0 1 0 0 0 0 0 1 1 0 
1 0 0 0 1 0 1 0 0 0 
0 0 1 0 1 0 0 0 1 0 
1 1 1 0 0 0 0 0 0 0 
0 1 0 0 0 0 1 0 1 0 
0 0 0 0 1 0 0 0 1 1 
0 0 1 0 0 1 0 1 0 0 
1 1 1 0 0 0 0 0 0 0 
1 0 0 1 0 0 1 0 0 0 
0 0 0 1 0 0 0 0 1 1 
0 1 1 0 0 0 0 0 1 0 
0 1 0 1 0 1 0 0 0 0 
0 1 0 1 0 1 0 0 0 0 
0 1 0 0 0 0 1 0 1 0 
1 0 0 0 0 0 1 1 0 0 
0 1 0 0 0 1 1 0 0 0 
0 0 0 1 0 0 1 0 1 0 
1 1 0 1 0 0 0 0 0 0 
OpenStacks: 23
Took 0.19 seconds

buffer: Warwick 1411: balanced products, 4 products per order
numCustomers: 30
numProducts: 10
1 1 1 0 0 0 0 0 0 1 
0 0 1 0 0 0 1 1 1 0 
0 0 1 1 1 0 0 0 0 1 
0 1 0 0 1 1 1 0 0 0 
0 1 0 0 0 1 0 1 1 0 
0 0 1 0 1 0 1 0 0 1 
0 1 1 0 0 1 0 0 1 0 
0 0 1 0 0 1 0 0 1 1 
1 0 0 0 0 1 1 1 0 0 
1 0 0 0 1 1 0 0 1 0 
1 0 0 0 0 1 0 1 0 1 
0 1 1 0 0 0 0 0 1 1 
0 1 0 0 0 0 1 1 0 1 
1 0 1 0 0 0 1 0 0 1 
1 1 1 0 0 0 0 1 0 0 
0 0 1 1 0 0 0 0 1 1 
0 0 1 0 0 0 1 0 1 1 
1 0 0 1 0 1 1 0 0 0 
0 0 1 0 0 0 1 1 1 0 
0 1 0 0 0 1 0 1 0 1 
0 0 0 1 1 0 0 1 1 0 
1 0 1 0 0 0 1 0 1 0 
0 1 0 1 0 0 1 0 0 1 
0 1 1 0 0 1 1 0 0 0 
0 1 0 1 0 0 1 1 0 0 
0 1 0 0 0 0 1 0 1 1 
0 0 0 0 0 0 1 1 1 1 
0 1 1 0 0 1 1 0 0 0 
0 1 0 1 0 0 0 0 1 1 
0 1 0 0 0 1 1 1 0 0 
Best Sequence: 
9 8 3 2 4 1 7 6 5 0 
1 0 0 1 0 1 0 0 0 1 
0 1 0 1 0 0 1 1 0 0 
1 0 1 1 1 0 0 0 0 0 
0 0 0 0 1 1 0 1 1 0 
0 1 0 0 0 1 1 0 1 0 
1 0 0 1 1 0 0 1 0 0 
0 1 0 1 0 1 0 0 1 0 
1 1 0 1 0 0 0 0 1 0 
0 0 0 0 0 0 1 1 1 1 
0 1 0 0 1 0 0 0 1 1 
1 0 0 0 0 0 1 0 1 1 
1 1 0 1 0 1 0 0 0 0 
1 0 0 0 0 1 1 1 0 0 
1 0 0 1 0 0 0 1 0 1 
0 0 0 1 0 1 1 0 0 1 
1 1 1 1 0 0 0 0 0 0 
1 1 0 1 0 0 0 1 0 0 
0 0 1 0 0 0 0 1 1 1 
0 1 0 1 0 0 1 1 0 0 
1 0 0 0 0 1 1 0 1 0 
0 1 1 0 1 0 1 0 0 0 
0 1 0 1 0 0 0 1 0 1 
1 0 1 0 0 1 0 1 0 0 
0 0 0 1 0 1 0 1 1 0 
0 0 1 0 0 1 1 1 0 0 
1 1 0 0 0 1 0 1 0 0 
1 1 0 0 0 0 1 1 0 0 
0 0 0 1 0 1 0 1 1 0 
1 1 1 0 0 1 0 0 0 0 
0 0 0 0 0 1 1 1 1 0 
OpenStacks: 27
Took 0.19 seconds

buffer: Warwick 1412: balanced products, 4 products per order
numCustomers: 30
numProducts: 10
0 0 1 0 1 0 1 0 1 0 
1 0 0 0 1 0 1 1 0 0 
1 0 0 1 1 0 0 0 0 1 
1 0 0 0 0 1 1 0 0 1 
0 0 0 1 0 1 1 1 0 0 
1 0 1 1 0 0 1 0 0 0 
0 1 1 1 0 0 0 0 1 0 
0 0 0 0 1 0 0 1 1 1 
0 1 0 0 1 0 0 1 1 0 
1 0 0 0 1 1 1 0 0 0 
1 0 1 0 1 0 0 1 0 0 
0 0 0 1 1 1 0 0 1 0 
1 0 0 0 1 0 0 1 1 0 
0 0 1 1 1 0 0 0 0 1 
0 0 1 1 0 0 1 0 1 0 
0 0 0 1 1 0 0 0 1 1 
0 0 0 0 1 1 0 1 1 0 
1 0 0 0 1 0 0 1 0 1 
1 0 0 0 0 0 1 1 0 1 
1 0 1 1 0 1 0 0 0 0 
0 0 1 0 0 1 1 1 0 0 
1 0 0 0 1 1 0 1 0 0 
1 0 0 1 0 1 0 1 0 0 
0 0 0 0 1 1 1 0 1 0 
1 1 0 0 1 0 1 0 0 0 
0 0 0 1 0 0 1 1 0 1 
1 0 1 0 1 1 0 0 0 0 
1 0 1 0 0 1 1 0 0 0 
1 0 0 1 1 1 0 0 0 0 
1 0 1 0 0 0 0 1 0 1 
Best Sequence: 
8 7 4 1 9 5 6 3 2 0 
1 0 1 0 0 0 1 0 1 0 
0 1 1 0 0 0 1 0 0 1 
0 0 1 0 1 0 0 1 0 1 
0 0 0 0 1 1 1 0 0 1 
0 1 0 0 0 1 1 1 0 0 
0 0 0 0 0 0 1 1 1 1 
1 0 0 1 0 0 0 1 1 0 
1 1 1 0 1 0 0 0 0 0 
1 1 1 1 0 0 0 0 0 0 
0 0 1 0 0 1 1 0 0 1 
0 1 1 0 0 0 0 0 1 1 
1 0 1 0 0 1 0 1 0 0 
1 1 1 0 0 0 0 0 0 1 
0 0 1 0 1 0 0 1 1 0 
1 0 0 0 0 0 1 1 1 0 
1 0 1 0 1 0 0 1 0 0 
1 1 1 0 0 1 0 0 0 0 
0 1 1 0 1 0 0 0 0 1 
0 1 0 0 1 0 1 0 0 1 
0 0 0 0 0 1 0 1 1 1 
0 1 0 0 0 1 1 0 1 0 
0 1 1 0 0 1 0 0 0 1 
0 1 0 0 0 1 0 1 0 1 
1 0 1 0 0 1 1 0 0 0 
0 0 1 1 0 0 1 0 0 1 
0 1 0 0 1 0 1 1 0 0 
0 0 1 0 0 1 0 0 1 1 
0 0 0 0 0 1 1 0 1 1 
0 0 1 0 0 1 0 1 0 1 
0 1 0 0 1 0 0 0 1 1 
OpenStacks: 27
Took 0.2 seconds

buffer: Warwick 1413: balanced products, 4 products per order
numCustomers: 30
numProducts: 10
1 0 0 1 0 1 1 0 0 0 
1 0 1 0 0 1 0 0 1 0 
1 1 1 0 0 0 0 0 0 1 
0 0 0 1 0 1 0 1 0 1 
0 1 1 1 0 0 1 0 0 0 
0 0 0 0 0 0 1 1 1 1 
0 0 1 1 0 1 0 0 1 0 
0 1 0 0 1 0 0 0 1 1 
0 0 1 0 1 0 0 0 1 1 
0 1 0 0 0 0 1 1 0 1 
0 0 1 1 1 0 0 1 0 0 
0 0 1 0 1 0 0 1 1 0 
1 0 0 0 1 0 1 0 0 1 
1 0 1 0 0 0 0 1 0 1 
0 0 1 1 1 1 0 0 0 0 
1 0 0 1 0 1 0 1 0 0 
0 1 1 0 0 0 1 1 0 0 
1 0 0 1 1 0 0 0 0 1 
0 0 0 1 1 0 0 1 1 0 
1 0 1 1 1 0 0 0 0 0 
1 1 0 0 1 0 1 0 0 0 
0 1 0 0 1 0 1 0 0 1 
0 0 0 0 0 1 1 0 1 1 
0 0 1 1 1 0 0 0 1 0 
0 0 0 1 1 1 0 0 0 1 
0 0 0 1 1 0 0 1 1 0 
1 1 0 1 0 1 0 0 0 0 
1 1 0 0 0 1 0 1 0 0 
0 1 0 0 0 0 1 1 0 1 
0 1 0 1 0 1 0 0 0 1 
Best Sequence: 
9 7 6 1 8 5 4 3 2 0 
0 0 1 0 0 1 0 1 0 1 
0 0 0 0 1 1 0 0 1 1 
1 0 0 1 0 0 0 0 1 1 
1 1 0 0 0 1 0 1 0 0 
0 0 1 1 0 0 0 1 1 0 
1 1 1 0 1 0 0 0 0 0 
0 0 0 0 1 1 0 1 1 0 
1 0 0 1 1 0 1 0 0 0 
1 0 0 0 1 0 1 0 1 0 
1 1 1 1 0 0 0 0 0 0 
0 1 0 0 0 0 1 1 1 0 
0 1 0 0 1 0 1 0 1 0 
1 0 1 0 0 0 1 0 0 1 
1 1 0 0 0 0 0 0 1 1 
0 0 0 0 0 1 1 1 1 0 
0 1 0 0 0 1 0 1 0 1 
0 1 1 1 0 0 0 0 1 0 
1 0 0 0 0 0 1 1 0 1 
0 1 0 0 1 0 1 1 0 0 
0 0 0 0 0 0 1 1 1 1 
0 0 1 1 0 0 1 0 0 1 
1 0 1 1 0 0 1 0 0 0 
1 0 1 0 1 1 0 0 0 0 
0 0 0 0 1 0 1 1 1 0 
1 0 0 0 0 1 1 1 0 0 
0 1 0 0 1 0 1 1 0 0 
0 0 0 1 0 1 0 1 0 1 
0 1 0 1 0 1 0 0 0 1 
1 1 1 1 0 0 0 0 0 0 
1 0 0 1 0 1 0 1 0 0 
OpenStacks: 26
Took 0.19 seconds

buffer: Warwick 1414: balanced products, 4 products per order
numCustomers: 30
numProducts: 10
0 0 1 1 0 0 1 0 1 0 
0 1 0 1 1 1 0 0 0 0 
0 1 0 0 0 0 1 1 1 0 
0 0 0 0 1 0 1 1 1 0 
1 0 0 1 0 0 0 0 1 1 
0 1 1 0 0 0 1 0 0 1 
0 1 1 0 0 1 0 1 0 0 
0 0 0 0 1 1 0 0 1 1 
1 0 0 0 1 0 1 0 1 0 
1 0 0 1 0 0 0 1 0 1 
0 0 0 1 1 0 0 1 0 1 
1 0 0 0 1 1 0 0 1 0 
1 0 0 1 1 0 0 1 0 0 
1 0 0 1 0 0 1 0 1 0 
1 0 0 0 1 1 1 0 0 0 
0 1 1 0 0 0 1 0 0 1 
0 1 0 1 0 0 1 0 0 1 
1 0 0 1 1 0 1 0 0 0 
0 1 1 0 1 0 0 1 0 0 
0 1 0 1 1 0 0 0 0 1 
0 1 0 0 1 0 0 1 1 0 
0 1 1 1 0 0 1 0 0 0 
1 0 0 0 0 1 1 1 0 0 
1 0 0 0 1 1 0 0 1 0 
0 1 1 0 1 1 0 0 0 0 
0 0 0 1 0 1 1 0 1 0 
1 0 0 1 1 0 0 0 1 0 
0 0 1 0 0 0 0 1 1 1 
1 0 1 0 0 0 0 0 1 1 
1 1 0 1 0 0 0 1 0 0 
Best Sequence: 
9 6 2 1 3 8 7 5 4 0 
0 1 1 0 1 1 0 0 0 0 
0 0 0 1 1 0 0 1 1 0 
0 1 0 1 0 1 1 0 0 0 
0 1 0 0 0 1 1 0 1 0 
1 0 0 0 1 1 0 0 0 1 
1 1 1 1 0 0 0 0 0 0 
0 0 1 1 0 0 1 1 0 0 
1 0 0 0 0 1 0 1 1 0 
0 1 0 0 0 1 0 0 1 1 
1 0 0 0 1 0 1 0 0 1 
1 0 0 0 1 0 1 0 1 0 
0 0 0 0 0 1 0 1 1 1 
0 0 0 0 1 0 1 0 1 1 
0 1 0 0 1 1 0 0 0 1 
0 1 0 0 0 0 0 1 1 1 
1 1 1 1 0 0 0 0 0 0 
1 1 0 1 1 0 0 0 0 0 
0 1 0 0 1 0 0 0 1 1 
0 0 1 1 0 0 1 0 1 0 
1 0 0 1 1 0 0 0 1 0 
0 0 0 1 0 1 1 0 1 0 
0 1 1 1 1 0 0 0 0 0 
0 1 0 0 0 0 1 1 0 1 
0 0 0 0 0 1 0 1 1 1 
0 0 1 1 0 0 0 1 1 0 
0 1 0 0 1 1 0 1 0 0 
0 0 0 0 1 1 0 0 1 1 
1 0 1 0 0 1 1 0 0 0 
1 0 1 0 0 1 0 0 0 1 
0 0 0 1 1 0 1 0 0 1 
OpenStacks: 26
Took 0.2 seconds

buffer: Warwick 1415: balanced products, 4 products per order
numCustomers: 30
numProducts: 10
1 0 0 0 0 1 1 1 0 0 
0 0 1 1 0 1 1 0 0 0 
0 1 0 0 1 1 1 0 0 0 
0 0 0 1 1 0 0 0 1 1 
1 0 1 1 0 0 0 0 0 1 
1 1 1 0 0 0 0 0 0 1 
0 1 0 0 1 0 1 0 1 0 
0 0 0 1 1 0 1 0 1 0 
0 0 0 0 1 1 0 1 1 0 
1 0 0 0 0 1 1 1 0 0 
1 0 0 0 0 0 1 0 1 1 
0 0 0 0 0 1 0 1 1 1 
0 1 1 0 1 0 0 0 0 1 
0 0 0 1 1 1 0 0 1 0 
0 0 1 0 1 0 0 1 0 1 
0 1 1 0 0 0 0 1 1 0 
0 1 0 0 1 0 0 1 0 1 
0 0 0 1 1 1 0 1 0 0 
1 1 0 0 0 1 1 0 0 0 
1 1 0 0 0 1 0 0 1 0 
0 0 1 0 1 0 0 1 0 1 
0 0 1 1 1 0 0 1 0 0 
0 1 0 1 0 1 0 1 0 0 
1 0 1 1 0 1 0 0 0 0 
0 1 1 0 0 1 0 0 0 1 
1 1 0 0 0 0 1 0 0 1 
1 0 0 1 0 0 0 1 0 1 
1 0 0 1 0 0 0 1 1 0 
0 0 1 1 0 0 1 0 1 0 
0 1 0 1 0 1 0 1 0 0 
Best Sequence: 
8 7 5 4 3 9 6 2 1 0 
0 1 1 0 0 0 1 0 0 1 
0 0 1 0 1 0 1 1 0 0 
0 0 1 1 0 0 1 0 1 0 
1 0 0 1 1 1 0 0 0 0 
0 0 0 0 1 1 0 1 0 1 
0 0 0 0 0 1 0 1 1 1 
1 0 0 1 0 0 1 0 1 0 
1 0 0 1 1 0 1 0 0 0 
1 1 1 1 0 0 0 0 0 0 
0 1 1 0 0 0 1 0 0 1 
1 0 0 0 0 1 1 0 0 1 
1 1 1 0 0 1 0 0 0 0 
0 0 0 1 0 1 0 1 1 0 
1 0 1 1 1 0 0 0 0 0 
0 1 0 1 0 1 0 1 0 0 
1 1 0 0 0 0 0 1 1 0 
0 1 0 1 0 1 0 0 1 0 
0 1 1 1 1 0 0 0 0 0 
0 0 1 0 0 0 1 0 1 1 
1 0 1 0 0 0 0 0 1 1 
0 1 0 1 0 1 0 1 0 0 
0 1 0 1 1 0 0 1 0 0 
0 1 1 0 1 0 0 0 1 0 
0 0 1 0 1 0 0 1 0 1 
0 0 1 0 0 1 0 1 1 0 
0 0 0 0 0 1 1 0 1 1 
0 1 0 0 1 1 0 0 0 1 
1 1 0 0 1 0 0 0 0 1 
1 0 0 0 1 0 1 1 0 0 
0 1 1 0 1 0 0 0 1 0 
OpenStacks: 27
Took 0.2 seconds

buffer: Warwick 1416: balanced products, 4 products per order
numCustomers: 30
numProducts: 10
0 0 1 1 0 1 0 1 0 0 
0 1 0 1 1 1 0 0 0 0 
0 0 0 0 0 1 1 0 1 1 
0 0 1 0 0 1 0 0 1 1 
1 1 1 1 0 0 0 0 0 0 
0 1 1 0 1 1 0 0 0 0 
0 1 1 0 1 0 1 0 0 0 
1 1 0 0 0 0 1 0 1 0 
1 0 1 0 0 1 0 1 0 0 
1 0 0 0 0 0 1 0 1 1 
1 0 0 1 1 0 0 1 0 0 
1 0 1 1 1 0 0 0 0 0 
0 1 0 0 0 1 1 1 0 0 
0 1 1 1 1 0 0 0 0 0 
1 0 0 1 0 0 0 1 1 0 
0 1 0 0 0 0 1 0 1 1 
1 0 1 1 0 1 0 0 0 0 
0 0 1 0 1 1 0 0 1 0 
0 1 1 0 0 0 1 0 1 0 
0 1 0 1 0 0 1 1 0 0 
0 0 0 1 1 0 1 0 0 1 
0 0 0 0 1 1 1 0 1 0 
0 1 1 0 1 0 0 0 0 1 
1 0 0 0 0 1 0 1 1 0 
1 0 1 0 0 0 0 1 1 0 
0 1 0 0 1 0 1 0 1 0 
0 1 0 0 1 1 0 1 0 0 
0 1 0 0 1 0 1 0 0 1 
0 1 0 0 0 0 1 1 1 0 
0 0 0 0 0 1 1 0 1 1 
Best Sequence: 
9 8 6 5 1 7 4 3 2 0 
0 0 0 1 0 1 0 1 1 0 
0 0 0 1 1 0 1 1 0 0 
1 1 1 1 0 0 0 0 0 0 
1 1 0 1 0 0 0 0 1 0 
0 0 0 0 1 0 0 1 1 1 
0 0 0 1 1 0 1 0 1 0 
0 0 1 0 1 0 1 0 1 0 
0 1 1 0 1 0 0 0 0 1 
0 0 0 1 0 1 0 0 1 1 
1 1 1 0 0 0 0 0 0 1 
0 0 0 0 0 1 1 1 0 1 
0 0 0 0 0 0 1 1 1 1 
0 0 1 1 1 1 0 0 0 0 
0 0 0 0 1 0 1 1 1 0 
0 1 0 0 0 1 0 1 0 1 
1 1 1 0 1 0 0 0 0 0 
0 0 0 1 0 0 0 1 1 1 
0 1 0 1 0 0 1 0 1 0 
0 1 1 0 1 0 0 0 1 0 
0 0 1 0 1 1 0 1 0 0 
1 0 1 0 0 0 1 1 0 0 
0 1 1 1 0 0 1 0 0 0 
1 0 0 0 1 0 1 0 1 0 
0 1 0 1 0 1 0 0 0 1 
0 1 0 0 0 1 0 0 1 1 
0 1 1 0 1 0 1 0 0 0 
0 0 0 1 1 1 1 0 0 0 
1 0 1 0 1 0 1 0 0 0 
0 1 1 0 1 1 0 0 0 0 
1 1 1 1 0 0 0 0 0 0 
OpenStacks: 26
Took 0.19 seconds

buffer: Warwick 1417: balanced products, 4 products per order
numCustomers: 30
numProducts: 10
0 0 1 1 0 0 0 1 0 1 
0 0 1 1 1 1 0 0 0 0 
1 0 1 0 1 0 0 0 1 0 
1 1 0 0 0 0 0 1 0 1 
1 1 0 0 0 1 0 1 0 0 
0 0 0 0 1 1 1 1 0 0 
1 0 0 1 0 0 0 1 0 1 
0 1 0 0 1 0 0 0 1 1 
0 1 1 0 1 0 0 0 0 1 
1 1 1 1 0 0 0 0 0 0 
1 0 1 1 0 0 0 1 0 0 
0 0 0 0 0 0 1 1 1 1 
1 0 1 1 0 0 0 1 0 0 
0 0 0 1 1 1 1 0 0 0 
0 1 0 0 0 1 1 0 1 0 
0 0 1 0 0 0 0 1 1 1 
1 1 0 1 0 0 1 0 0 0 
0 0 1 0 1 1 0 0 1 0 
1 0 0 1 0 1 0 1 0 0 
0 0 0 1 0 0 1 1 0 1 
1 0 1 1 0 0 0 1 0 0 
0 0 1 0 1 1 1 0 0 0 
0 0 0 0 1 1 1 0 1 0 
0 1 0 0 1 1 1 0 0 0 
1 1 0 0 1 0 0 1 0 0 
1 0 1 1 0 0 0 0 1 0 
0 1 0 0 0 0 1 1 1 0 
1 1 0 0 0 0 0 0 1 1 
0 1 0 0 1 1 1 0 0 0 
1 0 0 1 1 0 0 1 0 0 
Best Sequence: 
6 5 4 1 8 9 7 3 2 0 
0 0 0 0 0 1 1 1 1 0 
0 1 1 0 0 0 0 1 1 0 
0 0 1 0 1 0 0 0 1 1 
0 0 0 1 0 1 1 0 0 1 
0 1 0 1 0 0 1 0 0 1 
1 1 1 0 0 0 1 0 0 0 
0 0 0 0 0 1 1 1 0 1 
0 0 1 1 1 1 0 0 0 0 
0 0 1 1 0 1 0 0 1 0 
0 0 0 1 0 0 0 1 1 1 
0 0 0 0 0 0 1 1 1 1 
1 0 0 0 1 1 1 0 0 0 
0 0 0 0 0 0 1 1 1 1 
1 1 1 0 0 0 0 1 0 0 
1 1 0 1 1 0 0 0 0 0 
0 0 0 0 1 1 1 0 1 0 
1 0 0 1 0 0 0 1 0 1 
0 1 1 0 1 0 0 0 1 0 
0 1 0 0 0 0 1 1 0 1 
1 0 0 0 0 1 1 1 0 0 
0 0 0 0 0 0 1 1 1 1 
1 1 1 0 0 0 0 0 1 0 
1 1 1 0 1 0 0 0 0 0 
1 1 1 1 0 0 0 0 0 0 
0 0 1 1 0 0 1 0 0 1 
0 0 0 0 1 0 0 1 1 1 
1 0 0 1 1 0 1 0 0 0 
0 0 0 1 1 1 0 0 0 1 
1 1 1 1 0 0 0 0 0 0 
0 0 1 0 0 0 1 1 0 1 
OpenStacks: 25
Took 0.2 seconds

buffer: Warwick 1418: balanced products, 4 products per order
numCustomers: 30
numProducts: 10
0 0 0 0 1 1 0 1 1 0 
1 1 0 1 0 0 1 0 0 0 
0 0 1 0 1 0 0 1 0 1 
0 0 1 0 0 0 1 1 0 1 
0 1 0 0 1 1 0 0 0 1 
1 0 1 0 1 1 0 0 0 0 
0 1 0 1 1 1 0 0 0 0 
0 1 0 0 0 0 1 1 1 0 
0 0 1 0 0 1 1 0 1 0 
0 1 0 1 1 0 0 0 1 0 
0 0 0 1 1 0 1 0 1 0 
1 0 1 0 0 1 0 0 1 0 
0 0 0 1 1 0 1 0 0 1 
1 0 0 1 0 1 0 1 0 0 
0 0 1 1 1 0 0 0 1 0 
0 0 0 1 1 0 1 0 0 1 
1 0 1 0 0 1 0 1 0 0 
1 0 0 0 0 0 1 0 1 1 
0 0 0 1 0 0 0 1 1 1 
1 0 0 0 0 0 1 1 1 0 
0 1 1 1 0 0 1 0 0 0 
1 0 1 0 0 1 0 0 1 0 
0 1 0 0 1 1 0 1 0 0 
0 1 1 1 0 0 0 1 0 0 
1 0 1 1 0 1 0 0 0 0 
1 0 1 0 1 0 1 0 0 0 
0 0 1 0 0 0 1 1 0 1 
1 1 0 1 0 0 0 0 0 1 
1 0 0 0 1 1 0 0 0 1 
1 1 0 1 0 1 0 0 0 0 
Best Sequence: 
9 6 4 3 8 7 5 2 1 0 
0 0 1 0 1 1 1 0 0 0 
0 1 0 1 0 0 0 0 1 1 
1 0 1 0 0 1 0 1 0 0 
1 1 0 0 0 1 0 1 0 0 
1 0 1 0 0 0 1 0 1 0 
0 0 1 0 0 0 1 1 0 1 
0 0 1 1 0 0 1 0 1 0 
0 1 0 0 1 1 0 0 1 0 
0 1 0 0 1 0 1 1 0 0 
0 0 1 1 1 0 0 0 1 0 
0 1 1 1 1 0 0 0 0 0 
0 0 0 0 1 0 1 1 0 1 
1 1 1 1 0 0 0 0 0 0 
0 0 0 1 0 1 1 0 0 1 
0 0 1 1 1 0 0 1 0 0 
1 1 1 1 0 0 0 0 0 0 
0 0 0 0 0 1 1 1 0 1 
1 1 0 0 1 0 0 0 0 1 
1 0 0 1 1 1 0 0 0 0 
0 1 0 0 1 1 0 0 0 1 
0 1 0 1 0 0 0 1 1 0 
0 0 0 0 1 0 1 1 0 1 
0 0 1 0 0 1 1 0 1 0 
0 0 0 1 0 1 0 1 1 0 
0 0 0 1 0 0 1 1 0 1 
0 1 1 0 0 0 0 1 0 1 
1 1 0 0 0 1 0 1 0 0 
1 0 0 1 0 0 0 0 1 1 
1 0 1 0 0 0 1 0 0 1 
0 0 0 1 0 0 1 0 1 1 
OpenStacks: 27
Took 0.19 seconds

buffer: Warwick 1419: balanced products, 4 products per order
numCustomers: 30
numProducts: 10
0 1 0 0 0 0 1 1 1 0 
1 0 0 1 0 1 1 0 0 0 
0 1 0 0 0 0 0 1 1 1 
0 1 0 0 0 0 0 1 1 1 
1 0 1 0 0 1 0 1 0 0 
1 0 0 1 0 1 0 1 0 0 
1 1 0 0 1 0 1 0 0 0 
0 0 1 0 0 1 0 0 1 1 
0 0 1 1 0 1 0 1 0 0 
0 0 1 0 0 1 1 0 0 1 
1 0 1 0 1 0 0 0 0 1 
1 1 0 0 0 1 0 0 0 1 
0 1 0 0 1 1 0 0 0 1 
0 1 1 0 1 0 0 1 0 0 
1 0 1 1 0 0 1 0 0 0 
1 1 0 0 0 1 1 0 0 0 
1 0 1 0 0 1 0 0 1 0 
0 1 0 1 0 0 0 0 1 1 
1 0 1 0 1 1 0 0 0 0 
1 1 0 0 0 1 0 0 0 1 
0 1 0 0 0 1 0 1 1 0 
0 0 1 1 0 0 0 1 1 0 
1 0 0 0 1 1 0 0 0 1 
0 0 1 0 1 0 1 0 1 0 
0 1 1 0 0 0 0 1 1 0 
0 1 0 1 0 0 1 0 1 0 
0 1 1 0 1 0 0 0 0 1 
1 0 0 0 0 1 1 0 0 1 
0 1 0 0 1 1 1 0 0 0 
0 0 0 1 1 1 0 1 0 0 
Best Sequence: 
9 8 7 1 6 5 4 3 2 0 
0 1 1 1 1 0 0 0 0 0 
0 0 0 0 1 1 0 1 0 1 
1 1 1 1 0 0 0 0 0 0 
1 1 1 1 0 0 0 0 0 0 
0 0 1 0 0 1 0 0 1 1 
0 0 1 0 0 1 0 1 0 1 
0 0 0 1 1 0 1 0 0 1 
1 1 0 0 0 1 0 0 1 0 
0 0 1 0 0 1 0 1 1 0 
1 0 0 0 1 1 0 0 1 0 
1 0 0 0 0 0 1 0 1 1 
1 0 0 1 0 1 0 0 0 1 
1 0 0 1 0 1 1 0 0 0 
0 0 1 1 0 0 1 0 1 0 
0 0 0 0 1 0 0 1 1 1 
0 0 0 1 1 1 0 0 0 1 
0 1 0 0 0 1 0 0 1 1 
1 1 0 1 0 0 0 1 0 0 
0 0 0 0 0 1 1 0 1 1 
1 0 0 1 0 1 0 0 0 1 
0 1 1 1 0 1 0 0 0 0 
0 1 1 0 0 0 0 1 1 0 
1 0 0 0 0 1 1 0 0 1 
0 1 0 0 1 0 1 0 1 0 
0 1 1 1 0 0 0 0 1 0 
0 1 0 1 1 0 0 1 0 0 
1 0 0 1 0 0 1 0 1 0 
1 0 0 0 1 1 0 0 0 1 
0 0 0 1 1 1 1 0 0 0 
0 0 1 0 0 1 1 1 0 0 
OpenStacks: 27
Took 0.2 seconds

buffer: Warwick 1420: balanced products, 4 products per order
numCustomers: 30
numProducts: 10
0 0 0 1 0 1 0 1 1 0 
1 1 0 0 0 1 0 0 0 1 
1 0 0 0 0 1 1 1 0 0 
0 1 1 0 1 1 0 0 0 0 
0 0 0 1 0 0 1 1 1 0 
0 0 1 1 0 0 0 0 1 1 
1 0 1 0 1 0 1 0 0 0 
0 1 0 0 1 0 0 0 1 1 
1 1 0 0 0 1 0 1 0 0 
1 0 1 0 0 0 1 0 0 1 
0 0 0 1 1 0 1 0 1 0 
1 0 0 0 1 0 0 1 0 1 
0 0 0 0 1 1 0 1 0 1 
1 1 0 0 0 0 1 0 0 1 
1 1 1 0 0 0 0 0 0 1 
0 0 0 0 1 1 0 1 1 0 
0 0 1 0 1 1 0 0 1 0 
1 1 0 0 1 0 0 0 1 0 
1 0 1 1 0 0 1 0 0 0 
0 1 1 0 0 0 0 0 1 1 
0 0 1 1 0 0 0 0 1 1 
0 1 0 0 1 1 1 0 0 0 
1 0 1 0 0 0 0 0 1 1 
0 1 0 1 0 0 0 1 0 1 
1 0 0 1 1 1 0 0 0 0 
1 0 0 1 0 0 1 1 0 0 
1 0 1 1 0 0 0 1 0 0 
0 1 0 1 0 1 0 0 0 1 
0 0 1 1 0 1 1 0 0 0 
0 1 0 0 1 1 0 1 0 0 
Best Sequence: 
9 8 3 2 0 7 6 5 4 1 
0 1 1 0 0 1 0 1 0 0 
1 0 0 0 1 0 0 1 0 1 
0 0 0 0 1 1 1 1 0 0 
0 0 0 1 0 0 0 1 1 1 
0 1 1 0 0 1 1 0 0 0 
1 1 1 1 0 0 0 0 0 0 
0 0 0 1 1 0 1 0 1 0 
1 1 0 0 0 0 0 0 1 1 
0 0 0 0 1 1 0 1 0 1 
1 0 0 1 1 0 1 0 0 0 
0 1 1 0 0 0 1 0 1 0 
1 0 0 0 1 1 0 0 1 0 
1 0 0 0 0 1 0 1 1 0 
1 0 0 0 1 0 1 0 0 1 
1 0 0 1 1 0 0 0 0 1 
0 1 0 0 0 1 0 1 1 0 
0 1 0 1 0 0 0 1 1 0 
0 1 0 0 1 0 0 0 1 1 
0 0 1 1 1 0 1 0 0 0 
1 1 0 1 0 0 0 0 0 1 
1 1 1 1 0 0 0 0 0 0 
0 0 0 0 0 0 1 1 1 1 
1 1 0 1 1 0 0 0 0 0 
1 0 1 0 0 1 0 0 0 1 
0 0 1 0 1 0 0 1 1 0 
0 0 1 0 1 1 1 0 0 0 
0 0 1 1 1 1 0 0 0 0 
1 0 1 0 0 0 0 1 0 1 
0 0 1 1 0 0 1 1 0 0 
0 0 0 0 0 1 0 1 1 1 
OpenStacks: 26
Took 0.19 seconds

buffer: Warwick 1421: balanced products, 5 products per order
numCustomers: 30
numProducts: 10
0 1 0 0 1 1 0 0 1 1 
0 0 0 1 0 0 1 1 1 1 
0 0 1 1 0 1 0 1 0 1 
0 1 1 1 0 0 0 1 1 0 
0 1 1 1 1 1 0 0 0 0 
0 1 0 1 0 1 1 1 0 0 
1 1 0 1 0 0 1 0 0 1 
1 1 0 0 0 1 1 0 1 0 
0 1 0 0 1 1 1 0 1 0 
1 1 1 1 0 1 0 0 0 0 
1 0 1 1 1 1 0 0 0 0 
0 1 0 1 1 0 1 0 0 1 
0 0 0 0 1 1 1 1 1 0 
1 0 1 1 0 0 0 1 1 0 
0 0 1 0 0 1 1 1 1 0 
1 0 0 1 1 1 0 0 1 0 
1 0 1 0 1 0 1 0 1 0 
1 0 0 1 1 1 0 0 1 0 
0 0 1 1 0 1 0 1 0 1 
1 1 0 0 0 0 1 1 1 0 
0 0 1 0 0 0 1 1 1 1 
1 1 1 0 0 1 0 1 0 0 
0 1 0 1 0 1 1 1 0 0 
0 0 1 1 0 0 1 0 1 1 
0 0 1 0 1 1 0 1 1 0 
0 0 0 1 1 1 1 1 0 0 
0 1 1 0 1 0 0 0 1 1 
0 1 0 0 1 1 0 1 1 0 
0 0 1 1 1 0 1 1 0 0 
0 0 1 1 1 0 1 0 1 0 
Best Sequence: 
8 7 5 4 2 9 6 3 1 0 
1 0 1 1 0 1 0 0 1 0 
1 1 0 0 0 1 1 1 0 0 
0 1 1 0 1 1 0 1 0 0 
1 1 0 0 1 0 0 1 1 0 
0 0 1 1 1 0 0 1 1 0 
0 1 1 0 0 0 1 1 1 0 
0 0 0 0 0 1 1 1 1 1 
1 0 1 0 0 0 1 0 1 1 
1 0 1 1 0 0 1 0 1 0 
0 0 1 0 1 0 0 1 1 1 
0 0 1 1 1 0 0 1 0 1 
0 0 0 1 0 1 1 1 1 0 
1 1 1 1 0 0 1 0 0 0 
1 1 0 0 1 0 0 1 0 1 
1 1 1 0 1 0 1 0 0 0 
1 0 1 1 0 0 0 1 0 1 
1 0 0 1 1 0 1 0 0 1 
1 0 1 1 0 0 0 1 0 1 
0 1 1 0 1 1 0 1 0 0 
1 1 0 0 0 0 1 0 1 1 
1 1 0 0 1 1 1 0 0 0 
0 1 1 0 1 0 0 0 1 1 
0 1 1 0 0 0 1 1 1 0 
1 0 0 0 1 1 1 1 0 0 
1 1 1 1 1 0 0 0 0 0 
0 1 1 1 0 0 1 1 0 0 
1 0 0 1 1 1 0 0 1 0 
1 1 1 1 0 0 0 0 1 0 
0 1 0 1 1 0 1 1 0 0 
1 0 0 1 1 0 1 1 0 0 
OpenStacks: 29
Took 0.2 seconds

buffer: Warwick 1422: balanced products, 5 products per order
numCustomers: 30
numProducts: 10
0 1 1 0 0 1 0 1 0 1 
1 0 1 0 0 1 1 0 1 0 
1 1 1 0 0 0 1 0 1 0 
0 1 0 0 0 1 1 1 0 1 
1 0 0 1 1 1 0 1 0 0 
0 1 1 0 0 0 1 1 0 1 
0 0 1 1 0 0 1 1 1 0 
1 0 0 0 0 1 1 1 0 1 
1 1 0 0 0 1 0 0 1 1 
1 0 0 0 1 1 0 1 1 0 
1 0 0 0 1 1 0 0 1 1 
0 1 0 1 0 1 1 0 1 0 
1 0 0 1 1 0 0 0 1 1 
0 1 0 0 1 1 1 1 0 0 
1 0 0 1 0 1 0 1 1 0 
1 1 1 0 0 1 0 1 0 0 
1 0 1 1 0 1 1 0 0 0 
1 0 0 0 1 1 1 0 1 0 
0 0 0 1 0 1 1 1 0 1 
1 0 1 0 1 0 0 1 0 1 
1 0 1 1 0 1 0 1 0 0 
0 1 0 1 0 1 1 0 0 1 
0 1 1 0 0 1 0 0 1 1 
0 1 0 1 0 0 1 1 0 1 
0 0 1 1 0 1 1 0 0 1 
1 1 1 0 0 0 0 1 1 0 
1 1 0 1 1 1 0 0 0 0 
1 1 0 0 1 0 0 1 1 0 
0 1 1 0 0 1 0 1 1 0 
1 0 1 0 0 1 0 1 0 1 
Best Sequence: 
9 6 5 3 2 8 7 4 1 0 
1 0 1 0 1 0 1 0 1 0 
0 1 1 0 1 1 0 0 0 1 
0 1 0 0 1 1 0 0 1 1 
1 1 1 0 0 0 1 0 1 0 
0 0 1 1 0 0 1 1 0 1 
1 1 0 0 1 0 1 0 1 0 
0 1 0 1 1 1 1 0 0 0 
1 1 1 0 0 0 1 0 0 1 
1 0 1 0 0 1 0 0 1 1 
0 0 1 0 0 1 1 1 0 1 
1 0 1 0 0 1 0 1 0 1 
0 1 1 1 0 1 0 0 1 0 
1 0 0 1 0 1 0 1 0 1 
0 1 1 0 0 0 1 1 1 0 
0 0 1 1 0 1 1 0 0 1 
0 0 1 0 1 0 1 0 1 1 
0 1 1 1 1 0 0 0 0 1 
0 1 1 0 0 1 0 1 0 1 
1 1 1 1 0 0 1 0 0 0 
1 0 0 0 1 0 1 1 0 1 
0 0 1 1 1 0 1 0 0 1 
1 1 1 1 0 0 0 0 1 0 
1 0 1 0 1 1 0 0 1 0 
1 1 0 1 0 0 1 0 1 0 
1 1 1 1 1 0 0 0 0 0 
0 0 0 0 1 1 1 0 1 1 
0 0 1 1 0 0 0 1 1 1 
0 0 0 0 0 1 1 1 1 1 
0 0 1 0 1 1 1 0 1 0 
1 0 1 0 1 0 1 0 0 1 
OpenStacks: 29
Took 0.2 seconds

buffer: Warwick 1423: balanced products, 5 products per order
numCustomers: 30
numProducts: 10
0 0 0 1 1 0 1 1 1 0 
1 0 0 1 0 1 1 1 0 0 
1 0 1 1 1 0 0 1 0 0 
1 0 0 0 1 0 1 1 1 0 
0 0 1 1 0 0 1 1 1 0 
0 1 0 0 0 1 1 1 1 0 
0 1 0 1 1 0 1 0 1 0 
1 0 0 1 0 1 1 0 0 1 
0 0 0 1 1 0 1 1 0 1 
1 1 0 0 1 1 1 0 0 0 
0 0 0 1 1 1 0 1 1 0 
0 0 1 1 0 1 0 1 0 1 
0 1 0 1 1 0 1 0 1 0 
1 1 1 1 0 0 1 0 0 0 
0 1 1 0 1 1 0 0 1 0 
0 0 1 1 0 1 0 1 0 1 
1 1 0 0 0 0 1 1 0 1 
1 1 0 0 0 0 1 1 1 0 
0 0 0 1 1 1 0 1 0 1 
1 0 1 1 1 0 0 0 0 1 
1 0 1 0 1 0 1 0 0 1 
0 0 1 1 0 1 1 1 0 0 
1 1 1 0 1 1 0 0 0 0 
1 1 0 0 1 0 0 1 1 0 
0 1 1 0 1 1 0 0 0 1 
1 0 1 0 0 1 0 1 1 0 
1 1 0 0 1 0 1 1 0 0 
1 0 0 1 0 1 0 1 0 1 
1 0 1 1 0 0 1 0 0 1 
0 1 0 0 0 0 1 1 1 1 
Best Sequence: 
8 7 6 5 1 9 4 3 2 0 
1 1 1 0 0 0 1 1 0 0 
0 1 1 1 0 0 0 1 0 1 
0 1 0 0 0 0 1 1 1 1 
1 1 1 0 0 0 1 0 0 1 
1 1 1 0 0 0 0 1 1 0 
1 1 1 1 1 0 0 0 0 0 
1 0 1 0 1 0 1 1 0 0 
0 0 1 1 0 1 0 1 0 1 
0 1 1 0 0 1 1 1 0 0 
0 0 1 1 1 0 1 0 0 1 
1 1 0 1 0 0 1 1 0 0 
0 1 0 1 0 1 0 1 1 0 
1 0 1 0 1 0 1 1 0 0 
0 0 1 0 1 0 0 1 1 1 
1 0 0 1 1 0 1 0 1 0 
0 1 0 1 0 1 0 1 1 0 
0 1 1 0 1 1 0 0 0 1 
1 1 1 0 1 0 0 0 0 1 
0 1 0 1 0 1 1 1 0 0 
0 0 0 0 0 1 1 1 1 1 
0 0 1 0 0 1 1 0 1 1 
0 1 1 1 0 0 0 1 1 0 
0 0 0 1 1 0 1 0 1 1 
1 1 0 0 1 0 1 0 0 1 
0 0 0 1 1 1 1 0 1 0 
1 1 0 1 0 0 0 0 1 1 
0 1 1 0 1 0 1 0 0 1 
0 1 0 1 0 1 0 1 0 1 
0 0 1 0 0 1 0 1 1 1 
1 1 1 0 1 1 0 0 0 0 
OpenStacks: 29
Took 0.2 seconds

buffer: Warwick 1424: balanced products, 5 products per order
numCustomers: 30
numProducts: 10
0 1 0 0 0 1 0 1 1 1 
0 1 1 1 0 1 0 0 1 0 
1 0 0 1 1 0 1 1 0 0 
0 0 1 1 0 0 1 1 1 0 
0 1 1 0 1 0 1 1 0 0 
1 1 1 1 0 1 0 0 0 0 
0 1 1 0 0 1 0 0 1 1 
1 0 0 1 0 0 1 0 1 1 
1 0 1 1 0 0 0 1 0 1 
0 0 1 1 0 0 1 1 1 0 
0 0 1 0 1 0 1 1 1 0 
0 1 0 0 1 1 1 0 0 1 
0 1 0 0 1 0 0 1 1 1 
1 0 0 0 1 0 1 0 1 1 
0 1 1 1 0 0 0 0 1 1 
1 1 1 0 1 1 0 0 0 0 
0 1 1 0 0 0 1 0 1 1 
1 0 0 1 1 0 1 1 0 0 
1 1 0 1 1 0 0 0 1 0 
1 1 1 1 1 0 0 0 0 0 
1 1 0 0 0 1 1 0 0 1 
0 0 0 1 1 1 0 1 1 0 
0 0 1 0 0 1 0 1 1 1 
0 1 0 1 1 1 0 0 1 0 
0 1 1 1 0 0 1 0 0 1 
1 0 1 1 0 1 0 0 0 1 
1 1 1 0 0 1 0 1 0 0 
0 1 1 1 0 1 0 1 0 0 
0 0 0 1 1 0 1 1 0 1 
1 0 1 0 1 0 0 1 1 0 
Best Sequence: 
9 8 5 2 1 7 6 4 3 0 
1 1 1 0 1 1 0 0 0 0 
0 1 1 1 1 0 0 0 1 0 
0 0 0 0 0 1 1 1 1 1 
0 1 0 1 0 1 1 0 1 0 
0 0 0 1 1 1 1 1 0 0 
0 0 1 1 1 0 0 0 1 1 
1 1 1 1 1 0 0 0 0 0 
1 1 0 0 0 0 1 0 1 1 
1 0 0 1 0 1 0 0 1 1 
0 1 0 1 0 1 1 0 1 0 
0 1 0 1 0 1 1 1 0 0 
1 0 1 0 1 0 1 1 0 0 
1 1 0 0 1 1 0 1 0 0 
1 1 0 0 0 0 1 1 0 1 
1 1 0 1 1 0 0 0 1 0 
0 0 1 1 1 0 0 1 0 1 
1 1 0 1 1 0 1 0 0 0 
0 0 0 0 0 1 1 1 1 1 
0 1 0 0 1 0 0 1 1 1 
0 0 0 1 1 0 0 1 1 1 
1 0 1 0 1 0 1 0 0 1 
0 1 1 0 0 1 0 1 1 0 
1 1 1 1 0 1 0 0 0 0 
0 1 1 0 1 0 0 1 1 0 
1 0 0 1 1 0 1 0 1 0 
1 0 1 1 0 0 0 0 1 1 
0 0 1 1 1 1 0 0 0 1 
0 0 1 1 1 1 0 0 1 0 
1 0 0 0 0 1 1 1 1 0 
0 1 0 1 0 1 0 1 0 1 
OpenStacks: 29
Took 0.2 seconds

buffer: Warwick 1425: balanced products, 5 products per order
numCustomers: 30
numProducts: 10
1 1 1 0 0 1 0 0 0 1 
1 1 1 0 0 0 1 0 0 1 
0 0 0 1 0 1 1 1 0 1 
1 1 0 1 0 1 1 0 0 0 
0 0 1 1 0 0 0 1 1 1 
1 1 1 1 0 0 0 0 1 0 
0 1 0 0 0 1 0 1 1 1 
0 0 1 1 0 0 1 1 1 0 
0 1 1 0 1 1 0 1 0 0 
0 0 0 1 1 1 0 1 0 1 
1 0 0 0 0 0 1 1 1 1 
1 0 0 1 0 1 0 1 1 0 
1 1 1 1 0 0 0 0 0 1 
0 1 1 0 0 0 1 0 1 1 
1 0 1 0 0 0 1 0 1 1 
1 0 0 0 0 1 1 1 0 1 
0 1 1 0 1 0 0 0 1 1 
1 0 0 1 1 0 1 0 1 0 
0 0 1 1 1 0 0 0 1 1 
1 0 1 1 0 1 0 0 0 1 
0 1 1 0 0 0 1 1 1 0 
0 1 1 0 0 1 1 1 0 0 
0 1 0 1 0 0 1 0 1 1 
0 1 0 1 0 1 0 1 0 1 
1 1 0 0 1 1 0 0 1 0 
0 0 0 1 1 1 0 0 1 1 
0 1 1 1 0 1 0 1 0 0 
0 0 0 1 1 1 0 0 1 1 
0 0 1 1 0 1 1 0 0 1 
0 1 1 0 1 1 0 0 0 1 
Best Sequence: 
9 8 7 6 5 4 3 2 1 0 
1 0 0 0 1 0 0 1 1 1 
1 0 0 1 0 0 0 1 1 1 
1 0 1 1 1 0 1 0 0 0 
0 0 0 1 1 0 1 0 1 1 
1 1 1 0 0 0 1 1 0 0 
0 1 0 0 0 0 1 1 1 1 
1 1 1 0 1 0 0 0 1 0 
0 1 1 1 0 0 1 1 0 0 
0 0 1 0 1 1 0 1 1 0 
1 0 1 0 1 1 1 0 0 0 
1 1 1 1 0 0 0 0 0 1 
0 1 1 0 1 0 1 0 0 1 
1 0 0 0 0 0 1 1 1 1 
1 1 0 1 0 0 0 1 1 0 
1 1 0 1 0 0 0 1 0 1 
1 0 1 1 1 0 0 0 0 1 
1 1 0 0 0 1 0 1 1 0 
0 1 0 1 0 1 1 0 0 1 
1 1 0 0 0 1 1 1 0 0 
1 0 0 0 1 0 1 1 0 1 
0 1 1 1 0 0 0 1 1 0 
0 0 1 1 1 0 0 1 1 0 
1 1 0 1 0 0 1 0 1 0 
1 0 1 0 1 0 1 0 1 0 
0 1 0 0 1 1 0 0 1 1 
1 1 0 0 1 1 1 0 0 0 
0 0 1 0 1 0 1 1 1 0 
1 1 0 0 1 1 1 0 0 0 
1 0 0 1 1 0 1 1 0 0 
1 0 0 0 1 1 0 1 1 0 
OpenStacks: 30
Took 0.19 seconds

buffer: Warwick 1426: balanced products, 5 products per order
numCustomers: 30
numProducts: 10
0 1 1 0 1 0 0 1 1 0 
1 1 0 0 0 1 0 1 1 0 
1 0 1 0 0 0 1 0 1 1 
1 1 0 0 1 1 1 0 0 0 
0 0 1 1 0 0 0 1 1 1 
1 0 1 1 0 1 0 1 0 0 
1 0 0 1 1 0 1 0 0 1 
1 0 1 1 0 1 1 0 0 0 
0 0 1 1 0 1 1 0 1 0 
1 1 0 0 1 1 0 1 0 0 
1 1 0 1 0 0 1 0 0 1 
0 0 1 1 0 1 1 0 0 1 
0 0 1 1 0 1 0 1 1 0 
0 0 0 0 0 1 1 1 1 1 
0 1 0 1 1 0 1 0 1 0 
0 0 1 0 1 1 0 0 1 1 
0 0 1 1 0 1 0 1 1 0 
1 0 1 1 0 0 0 1 0 1 
0 1 0 1 1 1 1 0 0 0 
1 0 0 1 0 1 1 0 1 0 
0 0 1 0 0 1 0 1 1 1 
0 1 1 1 0 1 0 0 1 0 
1 1 0 0 0 1 1 0 0 1 
1 1 0 0 1 1 0 0 0 1 
0 1 0 1 0 1 1 1 0 0 
0 1 1 0 1 0 0 1 0 1 
0 0 1 1 1 0 0 1 1 0 
1 0 1 1 1 0 0 0 1 0 
1 0 1 1 1 0 1 0 0 0 
0 1 1 1 1 0 0 1 0 0 
Best Sequence: 
9 8 7 3 2 6 5 4 1 0 
0 1 1 0 1 0 0 1 1 0 
0 1 1 0 0 0 1 0 1 1 
1 1 0 0 1 1 0 0 0 1 
0 0 0 0 0 1 1 1 1 1 
1 1 1 1 1 0 0 0 0 0 
0 0 1 1 1 0 1 0 0 1 
1 0 0 1 0 1 0 1 0 1 
0 0 0 1 1 1 1 0 0 1 
0 1 0 1 1 1 1 0 0 0 
0 0 1 0 0 0 1 1 1 1 
1 0 0 1 0 1 0 0 1 1 
1 0 0 1 1 1 1 0 0 0 
0 1 1 1 1 0 1 0 0 0 
1 1 1 0 0 1 1 0 0 0 
0 1 0 1 0 1 0 1 1 0 
1 1 0 0 1 0 1 1 0 0 
0 1 1 1 1 0 1 0 0 0 
1 0 1 1 1 0 0 0 0 1 
0 0 0 1 0 1 1 1 1 0 
0 1 0 1 0 1 1 0 0 1 
1 1 1 0 1 0 1 0 0 0 
0 1 0 1 1 0 1 0 1 0 
1 0 0 0 0 1 1 0 1 1 
1 0 0 0 0 0 1 1 1 1 
0 0 1 1 0 1 1 0 1 0 
1 0 1 0 1 0 0 1 1 0 
0 1 1 1 1 0 0 1 0 0 
0 1 0 1 1 0 0 1 0 1 
0 0 0 1 1 1 0 1 0 1 
0 0 1 1 1 0 0 1 1 0 
OpenStacks: 29
Took 0.2 seconds

buffer: Warwick 1427: balanced products, 5 products per order
numCustomers: 30
numProducts: 10
1 1 0 1 1 0 1 0 0 0 
1 0 1 0 1 1 0 0 0 1 
1 0 1 1 1 1 0 0 0 0 
0 0 1 0 1 1 1 0 1 0 
0 0 0 1 0 1 1 1 0 1 
0 0 1 1 0 1 1 0 1 0 
1 0 0 1 1 1 0 0 0 1 
1 0 0 1 0 1 1 1 0 0 
0 0 1 0 1 0 0 1 1 1 
1 1 0 1 0 1 0 0 0 1 
1 1 0 1 1 0 0 0 0 1 
0 1 1 0 0 1 1 0 0 1 
0 0 0 1 1 1 0 1 1 0 
0 1 1 1 0 0 1 1 0 0 
1 1 1 0 0 0 1 1 0 0 
0 1 1 1 0 0 0 0 1 1 
1 1 1 0 0 0 1 0 1 0 
0 1 0 0 1 0 0 1 1 1 
1 0 0 0 1 0 1 1 0 1 
0 1 0 1 1 0 1 0 0 1 
0 0 1 0 1 0 1 1 0 1 
0 1 0 1 1 1 0 0 1 0 
0 0 1 0 1 1 1 1 0 0 
0 1 0 0 1 1 1 0 1 0 
0 1 1 0 0 0 0 1 1 1 
1 1 1 1 0 0 0 0 0 1 
0 1 1 1 0 0 0 0 1 1 
0 1 1 0 0 1 1 0 1 0 
0 1 0 1 0 0 0 1 1 1 
1 0 1 0 0 1 1 1 0 0 
Best Sequence: 
9 8 7 6 5 4 3 2 1 0 
0 0 0 1 0 1 1 0 1 1 
1 0 0 0 1 1 0 1 0 1 
0 0 0 0 1 1 1 1 0 1 
0 1 0 1 1 1 0 1 0 0 
1 0 1 1 1 0 1 0 0 0 
0 1 0 1 1 0 1 1 0 0 
1 0 0 0 1 1 1 0 0 1 
0 0 1 1 1 0 1 0 0 1 
1 1 1 0 0 1 0 1 0 0 
1 0 0 0 1 0 1 0 1 1 
1 0 0 0 0 1 1 0 1 1 
1 0 0 1 1 0 0 1 1 0 
0 1 1 0 1 1 1 0 0 0 
0 0 1 1 0 0 1 1 1 0 
0 0 1 1 0 0 0 1 1 1 
1 1 0 0 0 0 1 1 1 0 
0 1 0 1 0 0 0 1 1 1 
1 1 1 0 0 1 0 0 1 0 
1 0 1 1 0 1 0 0 0 1 
1 0 0 1 0 1 1 0 1 0 
1 0 1 1 0 1 0 1 0 0 
0 1 0 0 1 1 1 0 1 0 
0 0 1 1 1 1 0 1 0 0 
0 1 0 1 1 1 0 0 1 0 
1 1 1 0 0 0 0 1 1 0 
1 0 0 0 0 0 1 1 1 1 
1 1 0 0 0 0 1 1 1 0 
0 1 0 1 1 0 0 1 1 0 
1 1 1 0 0 0 1 0 1 0 
0 0 1 1 1 0 0 1 0 1 
OpenStacks: 30
Took 0.2 seconds

buffer: Warwick 1428: balanced products, 5 products per order
numCustomers: 30
numProducts: 10
0 0 0 1 1 1 1 0 0 1 
1 0 0 1 1 1 0 0 0 1 
0 1 1 1 0 0 1 1 0 0 
1 1 0 1 0 0 1 0 0 1 
0 0 1 1 1 0 0 1 0 1 
1 0 0 1 0 0 1 1 0 1 
1 1 0 0 1 1 1 0 0 0 
1 1 0 1 0 1 0 0 1 0 
1 0 1 0 0 1 0 1 1 0 
0 1 0 1 0 0 0 1 1 1 
1 1 1 1 0 0 1 0 0 0 
1 1 0 1 1 0 0 1 0 0 
0 1 0 1 1 0 0 1 0 1 
0 1 1 0 1 0 1 1 0 0 
0 0 0 0 1 0 1 1 1 1 
0 0 0 0 1 0 1 1 1 1 
1 1 0 0 1 0 1 0 1 0 
0 0 0 1 1 1 0 1 1 0 
0 1 0 1 0 0 1 1 1 0 
0 0 1 1 1 0 0 1 1 0 
1 0 0 1 0 1 1 0 1 0 
0 0 1 1 0 0 1 1 1 0 
0 1 0 0 1 1 1 1 0 0 
1 0 1 0 1 0 0 1 0 1 
0 0 1 0 1 1 0 1 1 0 
1 0 0 1 0 1 1 0 1 0 
0 1 0 0 1 0 0 1 1 1 
0 0 1 1 0 1 1 1 0 0 
1 0 1 0 0 0 1 0 1 1 
1 0 0 1 0 0 0 1 1 1 
Best Sequence: 
8 7 5 4 2 9 6 3 1 0 
0 0 1 1 0 1 1 1 0 0 
0 0 1 1 0 1 0 1 0 1 
0 1 0 0 1 0 1 1 1 0 
0 0 0 0 0 1 1 1 1 1 
0 1 0 1 1 1 0 1 0 0 
0 1 0 0 0 1 1 1 0 1 
0 0 1 1 0 0 1 0 1 1 
1 0 1 0 0 0 0 1 1 1 
1 1 1 0 1 0 0 0 0 1 
1 1 0 0 0 1 0 1 1 0 
0 0 0 0 1 0 1 1 1 1 
0 1 0 1 0 0 0 1 1 1 
0 1 0 1 0 1 0 1 1 0 
0 1 0 1 1 0 1 0 1 0 
1 1 0 1 0 1 1 0 0 0 
1 1 0 1 0 1 1 0 0 0 
1 0 0 1 0 0 1 0 1 1 
1 1 1 1 0 0 0 1 0 0 
1 1 0 0 0 0 1 1 1 0 
1 1 0 1 1 0 0 1 0 0 
1 0 1 0 0 0 1 1 0 1 
1 1 0 0 1 0 1 1 0 0 
0 1 1 1 0 0 1 0 1 0 
0 1 0 1 1 1 0 0 0 1 
1 1 1 1 1 0 0 0 0 0 
1 0 1 0 0 0 1 1 0 1 
1 1 0 1 0 1 0 0 1 0 
0 1 1 0 1 0 1 1 0 0 
1 0 0 0 1 1 1 0 0 1 
1 1 0 0 0 1 0 1 0 1 
OpenStacks: 29
Took 0.2 seconds

buffer: Warwick 1429: balanced products, 5 products per order
numCustomers: 30
numProducts: 10
0 0 0 1 1 0 1 1 0 1 
0 0 0 1 1 0 1 0 1 1 
1 1 1 0 1 1 0 0 0 0 
0 1 0 0 1 0 1 0 1 1 
0 0 0 0 1 1 1 1 1 0 
0 1 0 1 0 0 1 1 1 0 
0 0 1 0 1 1 1 0 1 0 
0 0 1 1 1 0 0 1 1 0 
1 1 1 0 1 1 0 0 0 0 
1 1 0 0 0 1 0 1 1 0 
1 0 1 0 1 0 0 1 1 0 
1 1 1 1 0 0 0 0 0 1 
1 1 0 1 0 1 0 0 1 0 
1 0 1 0 0 0 1 1 0 1 
1 1 0 1 1 0 0 0 1 0 
0 0 1 0 0 0 1 1 1 1 
0 0 1 1 1 0 0 1 1 0 
0 0 0 1 1 1 1 1 0 0 
0 1 1 0 0 0 1 0 1 1 
1 0 0 1 0 1 1 0 0 1 
0 0 1 1 1 0 0 1 0 1 
0 0 0 1 0 1 1 0 1 1 
1 1 0 1 0 0 1 0 0 1 
1 0 1 0 1 1 0 0 0 1 
0 0 1 1 0 1 1 0 0 1 
0 1 0 0 1 1 1 0 1 0 
0 0 0 1 0 1 0 1 1 1 
0 0 0 0 0 1 1 1 1 1 
0 0 1 1 1 0 0 0 1 1 
0 1 1 1 1 0 0 0 1 0 
Best Sequence: 
8 7 6 5 4 9 3 2 1 0 
0 1 1 0 1 1 1 0 0 0 
1 0 1 0 1 1 1 0 0 0 
0 0 0 1 1 0 0 1 1 1 
1 0 1 0 1 1 0 0 1 0 
1 1 1 1 1 0 0 0 0 0 
1 1 1 0 0 0 1 0 1 0 
1 0 1 1 1 0 0 1 0 0 
1 1 0 0 1 0 1 1 0 0 
0 0 0 1 1 0 0 1 1 1 
1 1 0 1 0 0 0 0 1 1 
1 1 0 0 1 0 0 1 0 1 
0 0 0 0 0 1 1 1 1 1 
1 0 0 1 0 0 1 0 1 1 
0 1 1 0 0 1 0 1 0 1 
1 0 0 0 1 0 1 0 1 1 
1 1 1 0 0 1 0 1 0 0 
1 1 0 0 1 0 1 1 0 0 
0 1 1 1 1 0 1 0 0 0 
1 0 1 0 0 1 0 1 1 0 
0 0 1 1 0 1 1 0 0 1 
0 1 0 0 1 1 1 1 0 0 
1 0 1 1 0 1 1 0 0 0 
0 0 1 0 0 1 1 0 1 1 
0 0 0 1 1 1 0 1 0 1 
0 0 1 1 0 1 1 1 0 0 
1 0 1 1 1 0 0 0 1 0 
1 1 0 1 0 1 1 0 0 0 
1 1 1 1 0 1 0 0 0 0 
1 0 0 0 1 1 1 1 0 0 
1 0 0 0 1 0 1 1 1 0 
OpenStacks: 29
Took 0.2 seconds

buffer: Warwick 1430: balanced products, 5 products per order
numCustomers: 30
numProducts: 10
0 0 0 0 1 1 1 1 0 1 
1 1 0 0 0 0 1 1 1 0 
1 1 0 0 0 0 0 1 1 1 
1 1 0 1 1 0 0 1 0 0 
1 1 1 1 0 0 0 1 0 0 
0 1 0 0 1 1 0 0 1 1 
0 1 0 0 0 1 1 1 0 1 
0 1 0 0 1 1 0 0 1 1 
1 1 0 1 0 0 0 1 1 0 
0 1 1 0 0 0 1 1 1 0 
0 1 1 0 0 1 0 0 1 1 
0 0 1 1 0 1 0 1 0 1 
0 0 0 1 1 1 1 1 0 0 
1 1 0 1 0 0 1 0 1 0 
1 1 1 1 0 0 0 0 0 1 
0 0 1 1 0 1 0 1 0 1 
0 0 1 1 1 1 0 0 0 1 
1 1 1 1 1 0 0 0 0 0 
0 1 0 1 1 0 0 1 0 1 
1 0 1 1 0 0 0 0 1 1 
1 1 1 0 0 0 1 0 1 0 
0 1 1 0 1 0 1 0 0 1 
1 0 1 0 0 1 0 1 0 1 
0 1 0 0 1 1 1 0 1 0 
0 0 1 0 1 0 0 1 1 1 
0 0 1 0 1 1 1 1 0 0 
1 0 1 0 0 0 1 1 1 0 
1 1 1 0 0 1 1 0 0 0 
0 1 1 1 0 1 1 0 0 0 
0 0 1 0 0 1 1 1 1 0 
Best Sequence: 
9 5 4 3 2 8 7 6 1 0 
1 1 1 0 0 0 1 1 0 0 
0 0 0 0 0 1 1 1 1 1 
1 0 0 0 0 1 1 0 1 1 
0 0 1 1 0 0 1 0 1 1 
0 0 0 1 1 0 1 0 1 1 
1 1 1 0 0 1 0 0 1 0 
1 1 0 0 0 0 1 1 1 0 
1 1 1 0 0 1 0 0 1 0 
0 0 0 1 0 1 1 0 1 1 
0 0 0 0 1 1 1 1 1 0 
1 1 0 0 1 1 0 0 1 0 
1 1 0 1 1 0 1 0 0 0 
0 1 1 1 0 0 1 1 0 0 
0 0 0 1 0 1 0 1 1 1 
1 0 0 1 1 0 0 0 1 1 
1 1 0 1 1 0 1 0 0 0 
1 1 1 1 1 0 0 0 0 0 
0 0 1 1 1 0 0 0 1 1 
1 0 1 1 0 0 1 0 1 0 
1 0 0 1 1 1 0 0 0 1 
0 0 0 0 1 1 0 1 1 1 
1 0 1 0 1 0 0 1 1 0 
1 1 0 0 1 0 1 0 0 1 
0 1 1 0 0 1 0 1 1 0 
1 0 1 0 1 1 1 0 0 0 
0 1 1 0 1 0 1 1 0 0 
0 0 0 0 1 1 1 1 0 1 
0 1 0 0 1 0 0 1 1 1 
0 1 0 1 1 0 0 1 1 0 
0 1 0 0 1 1 1 1 0 0 
OpenStacks: 29
Took 0.2 seconds

Solved: 40 instances
totalTime: 7.68 seconds
minTime: 0.18 seconds
maxTime: 0.2 seconds
Average: 0.192 seconds
