Solving by Brute Force...
buffer: Warwick 941: balanced products, 2 products per order
numCustomers: 20
numProducts: 10
0 1 1 0 0 0 0 0 0 0 
0 1 0 0 0 1 0 0 0 0 
0 1 1 0 0 0 0 0 0 0 
1 0 0 0 0 0 0 0 0 1 
1 1 0 0 0 0 0 0 0 0 
1 0 0 0 0 1 0 0 0 0 
0 0 0 0 0 1 0 1 0 0 
1 0 0 0 0 0 0 0 1 0 
0 1 0 0 1 0 0 0 0 0 
0 1 1 0 0 0 0 0 0 0 
0 0 0 0 0 0 1 1 0 0 
0 1 1 0 0 0 0 0 0 0 
1 0 0 0 0 0 0 0 1 0 
1 0 0 0 0 0 0 0 0 1 
0 0 0 0 0 0 0 0 1 1 
0 1 0 1 0 0 0 0 0 0 
0 0 0 0 1 1 0 0 0 0 
0 0 0 0 1 0 1 0 0 0 
0 0 0 0 0 0 1 1 0 0 
1 0 0 0 0 1 0 0 0 0 
numSequences: 3628800
minStacks: 8
Best sequence:
9 8 0 7 5 3 4 6 1 2 
0 0 0 0 0 0 0 0 1 1 
0 0 0 0 1 0 0 0 1 0 
0 0 0 0 0 0 0 0 1 1 
1 0 1 0 0 0 0 0 0 0 
0 0 1 0 0 0 0 0 1 0 
0 0 1 0 1 0 0 0 0 0 
0 0 0 1 1 0 0 0 0 0 
0 1 1 0 0 0 0 0 0 0 
0 0 0 0 0 0 1 0 1 0 
0 0 0 0 0 0 0 0 1 1 
0 0 0 1 0 0 0 1 0 0 
0 0 0 0 0 0 0 0 1 1 
0 1 1 0 0 0 0 0 0 0 
1 0 1 0 0 0 0 0 0 0 
1 1 0 0 0 0 0 0 0 0 
0 0 0 0 0 1 0 0 1 0 
0 0 0 0 1 0 1 0 0 0 
0 0 0 0 0 0 1 1 0 0 
0 0 0 1 0 0 0 1 0 0 
0 0 1 0 1 0 0 0 0 0 
Open stacks: 8
Took 9.08 seconds

buffer: Warwick 942: balanced products, 2 products per order
numCustomers: 20
numProducts: 10
0 0 0 0 1 1 0 0 0 0 
0 0 0 0 0 0 1 0 1 0 
0 0 0 1 0 1 0 0 0 0 
0 0 0 0 0 0 0 1 0 1 
0 0 1 1 0 0 0 0 0 0 
0 1 1 0 0 0 0 0 0 0 
1 0 0 0 0 0 0 1 0 0 
0 0 0 0 0 0 1 0 1 0 
0 0 0 0 0 0 0 0 1 1 
0 0 0 0 0 1 0 0 1 0 
0 0 1 0 0 0 0 0 0 1 
0 0 0 1 0 1 0 0 0 0 
0 1 0 0 0 0 0 0 1 0 
0 1 0 0 0 0 0 0 0 1 
0 0 0 0 1 1 0 0 0 0 
0 0 1 0 0 0 0 1 0 0 
0 0 0 0 1 0 0 0 1 0 
0 1 0 0 0 0 0 0 0 1 
0 0 0 0 0 1 0 0 0 1 
0 1 0 0 0 0 0 0 0 1 
numSequences: 3628800
minStacks: 9
Best sequence:
9 7 0 2 1 3 5 4 6 8 
0 0 0 0 0 0 1 1 0 0 
0 0 0 0 0 0 0 0 1 1 
0 0 0 0 0 1 1 0 0 0 
1 1 0 0 0 0 0 0 0 0 
0 0 0 1 0 1 0 0 0 0 
0 0 0 1 1 0 0 0 0 0 
0 1 1 0 0 0 0 0 0 0 
0 0 0 0 0 0 0 0 1 1 
1 0 0 0 0 0 0 0 0 1 
0 0 0 0 0 0 1 0 0 1 
1 0 0 1 0 0 0 0 0 0 
0 0 0 0 0 1 1 0 0 0 
0 0 0 0 1 0 0 0 0 1 
1 0 0 0 1 0 0 0 0 0 
0 0 0 0 0 0 1 1 0 0 
0 1 0 1 0 0 0 0 0 0 
0 0 0 0 0 0 0 1 0 1 
1 0 0 0 1 0 0 0 0 0 
1 0 0 0 0 0 1 0 0 0 
1 0 0 0 1 0 0 0 0 0 
Open stacks: 9
Took 8.22 seconds

buffer: Warwick 943: balanced products, 2 products per order
numCustomers: 20
numProducts: 10
0 0 0 0 0 1 0 0 0 1 
0 0 0 0 0 1 0 0 0 1 
0 0 1 0 0 0 0 0 0 1 
0 0 1 0 0 0 0 1 0 0 
1 0 0 0 0 0 0 0 1 0 
0 0 0 0 0 0 0 1 0 1 
0 0 0 0 0 0 1 0 0 1 
0 0 0 1 0 0 1 0 0 0 
0 0 0 1 0 1 0 0 0 0 
1 0 0 0 0 0 1 0 0 0 
0 1 0 0 0 0 0 0 1 0 
0 1 1 0 0 0 0 0 0 0 
1 0 0 1 0 0 0 0 0 0 
0 0 0 1 0 1 0 0 0 0 
0 0 0 0 1 0 0 0 1 0 
0 1 0 0 0 1 0 0 0 0 
0 0 0 1 0 0 1 0 0 0 
0 0 0 1 0 0 0 0 0 1 
0 0 0 0 0 0 0 1 1 0 
0 1 0 0 0 0 1 0 0 0 
numSequences: 3628800
minStacks: 9
Best sequence:
9 7 2 8 4 1 5 3 0 6 
1 0 0 0 0 0 1 0 0 0 
1 0 0 0 0 0 1 0 0 0 
1 0 1 0 0 0 0 0 0 0 
0 1 1 0 0 0 0 0 0 0 
0 0 0 1 0 0 0 0 1 0 
1 1 0 0 0 0 0 0 0 0 
1 0 0 0 0 0 0 0 0 1 
0 0 0 0 0 0 0 1 0 1 
0 0 0 0 0 0 1 1 0 0 
0 0 0 0 0 0 0 0 1 1 
0 0 0 1 0 1 0 0 0 0 
0 0 1 0 0 1 0 0 0 0 
0 0 0 0 0 0 0 1 1 0 
0 0 0 0 0 0 1 1 0 0 
0 0 0 1 1 0 0 0 0 0 
0 0 0 0 0 1 1 0 0 0 
0 0 0 0 0 0 0 1 0 1 
1 0 0 0 0 0 0 1 0 0 
0 1 0 1 0 0 0 0 0 0 
0 0 0 0 0 1 0 0 0 1 
Open stacks: 9
Took 8.21 seconds

buffer: Warwick 944: balanced products, 2 products per order
numCustomers: 20
numProducts: 10
1 0 1 0 0 0 0 0 0 0 
0 0 0 1 0 1 0 0 0 0 
1 0 0 0 1 0 0 0 0 0 
0 0 1 0 0 1 0 0 0 0 
0 0 1 0 0 0 0 0 1 0 
1 0 0 0 1 0 0 0 0 0 
1 0 0 0 0 0 0 0 0 1 
0 0 0 0 0 1 1 0 0 0 
0 0 0 1 0 0 0 1 0 0 
1 0 0 0 0 1 0 0 0 0 
1 0 0 0 0 0 1 0 0 0 
0 1 0 0 0 0 1 0 0 0 
0 1 0 0 0 0 0 0 1 0 
0 0 0 0 1 0 1 0 0 0 
1 0 0 0 0 0 0 0 1 0 
0 0 0 1 1 0 0 0 0 0 
0 0 1 0 0 0 1 0 0 0 
0 0 0 0 1 0 1 0 0 0 
0 1 0 0 0 1 0 0 0 0 
0 1 0 0 0 0 0 0 1 0 
numSequences: 3628800
minStacks: 10
Best sequence:
9 4 0 6 2 1 5 3 7 8 
0 0 1 0 1 0 0 0 0 0 
0 0 0 0 0 0 1 1 0 0 
0 1 1 0 0 0 0 0 0 0 
0 0 0 0 1 0 1 0 0 0 
0 0 0 0 1 0 0 0 0 1 
0 1 1 0 0 0 0 0 0 0 
1 0 1 0 0 0 0 0 0 0 
0 0 0 1 0 0 1 0 0 0 
0 0 0 0 0 0 0 1 1 0 
0 0 1 0 0 0 1 0 0 0 
0 0 1 1 0 0 0 0 0 0 
0 0 0 1 0 1 0 0 0 0 
0 0 0 0 0 1 0 0 0 1 
0 1 0 1 0 0 0 0 0 0 
0 0 1 0 0 0 0 0 0 1 
0 1 0 0 0 0 0 1 0 0 
0 0 0 1 1 0 0 0 0 0 
0 1 0 1 0 0 0 0 0 0 
0 0 0 0 0 1 1 0 0 0 
0 0 0 0 0 1 0 0 0 1 
Open stacks: 10
Took 8.21 seconds

buffer: Warwick 945: balanced products, 2 products per order
numCustomers: 20
numProducts: 10
1 0 0 0 0 0 1 0 0 0 
1 0 0 0 0 0 0 1 0 0 
0 0 0 0 0 0 0 1 0 1 
0 0 0 0 0 1 0 0 0 1 
0 1 0 0 0 1 0 0 0 0 
0 1 0 0 0 0 1 0 0 0 
0 1 0 0 1 0 0 0 0 0 
0 1 0 0 1 0 0 0 0 0 
0 0 1 0 0 0 0 0 1 0 
0 0 0 0 1 0 0 1 0 0 
1 0 0 0 0 0 0 1 0 0 
1 0 1 0 0 0 0 0 0 0 
1 0 0 0 0 0 1 0 0 0 
0 0 0 0 0 1 0 0 1 0 
0 0 0 0 0 1 1 0 0 0 
0 0 0 1 1 0 0 0 0 0 
0 0 0 0 1 0 0 0 0 1 
0 0 0 0 1 0 0 1 0 0 
0 0 0 0 0 1 0 1 0 0 
0 1 0 0 0 0 0 0 0 1 
numSequences: 3628800
minStacks: 9
Best sequence:
9 4 3 1 7 0 5 2 6 8 
0 0 0 0 0 1 0 0 1 0 
0 0 0 0 1 1 0 0 0 0 
1 0 0 0 1 0 0 0 0 0 
1 0 0 0 0 0 1 0 0 0 
0 0 0 1 0 0 1 0 0 0 
0 0 0 1 0 0 0 0 1 0 
0 1 0 1 0 0 0 0 0 0 
0 1 0 1 0 0 0 0 0 0 
0 0 0 0 0 0 0 1 0 1 
0 1 0 0 1 0 0 0 0 0 
0 0 0 0 1 1 0 0 0 0 
0 0 0 0 0 1 0 1 0 0 
0 0 0 0 0 1 0 0 1 0 
0 0 0 0 0 0 1 0 0 1 
0 0 0 0 0 0 1 0 1 0 
0 1 1 0 0 0 0 0 0 0 
1 1 0 0 0 0 0 0 0 0 
0 1 0 0 1 0 0 0 0 0 
0 0 0 0 1 0 1 0 0 0 
1 0 0 1 0 0 0 0 0 0 
Open stacks: 9
Took 8.22 seconds

buffer: Warwick 946: balanced products, 2 products per order
numCustomers: 20
numProducts: 10
0 0 0 0 0 1 0 1 0 0 
0 1 0 0 0 1 0 0 0 0 
0 1 0 0 0 0 0 1 0 0 
0 0 0 1 0 0 1 0 0 0 
0 1 0 0 0 1 0 0 0 0 
0 0 0 0 0 1 0 1 0 0 
0 0 0 0 0 0 1 0 0 1 
0 0 0 0 0 0 0 1 0 1 
0 0 1 0 0 0 0 1 0 0 
0 1 0 0 0 0 0 1 0 0 
0 0 0 0 0 1 1 0 0 0 
0 0 0 0 0 1 0 0 1 0 
1 0 0 0 0 0 0 0 1 0 
1 0 0 0 0 1 0 0 0 0 
0 0 0 1 0 0 0 0 1 0 
0 0 0 0 0 0 1 0 0 1 
0 0 0 1 0 0 1 0 0 0 
0 1 0 0 1 0 0 0 0 0 
0 1 0 0 0 0 0 0 1 0 
0 1 0 0 0 0 0 0 0 1 
numSequences: 3628800
minStacks: 10
Best sequence:
9 8 3 6 0 5 1 4 2 7 
0 0 0 0 0 1 0 0 0 1 
0 0 0 0 0 1 1 0 0 0 
0 0 0 0 0 0 1 0 0 1 
0 0 1 1 0 0 0 0 0 0 
0 0 0 0 0 1 1 0 0 0 
0 0 0 0 0 1 0 0 0 1 
1 0 0 1 0 0 0 0 0 0 
1 0 0 0 0 0 0 0 0 1 
0 0 0 0 0 0 0 0 1 1 
0 0 0 0 0 0 1 0 0 1 
0 0 0 1 0 1 0 0 0 0 
0 1 0 0 0 1 0 0 0 0 
0 1 0 0 1 0 0 0 0 0 
0 0 0 0 1 1 0 0 0 0 
0 1 1 0 0 0 0 0 0 0 
1 0 0 1 0 0 0 0 0 0 
0 0 1 1 0 0 0 0 0 0 
0 0 0 0 0 0 1 1 0 0 
0 1 0 0 0 0 1 0 0 0 
1 0 0 0 0 0 1 0 0 0 
Open stacks: 10
Took 8.21 seconds

buffer: Warwick 947: balanced products, 2 products per order
numCustomers: 20
numProducts: 10
0 0 1 1 0 0 0 0 0 0 
0 0 0 1 1 0 0 0 0 0 
0 0 1 0 0 1 0 0 0 0 
0 0 1 0 0 0 1 0 0 0 
0 0 1 0 0 1 0 0 0 0 
0 0 0 0 0 1 0 0 0 1 
0 0 0 0 0 0 0 0 1 1 
0 1 0 0 0 0 0 1 0 0 
0 0 1 0 0 1 0 0 0 0 
0 1 0 0 1 0 0 0 0 0 
0 1 0 0 0 0 0 1 0 0 
1 0 0 0 0 0 0 1 0 0 
0 1 0 0 1 0 0 0 0 0 
0 0 0 0 0 1 1 0 0 0 
1 0 0 0 1 0 0 0 0 0 
0 0 0 0 0 0 1 0 0 1 
0 0 0 0 0 0 0 0 1 1 
0 0 0 0 1 1 0 0 0 0 
0 1 1 0 0 0 0 0 0 0 
0 1 0 0 0 0 1 0 0 0 
numSequences: 3628800
minStacks: 8
Best sequence:
9 8 6 5 2 1 3 4 0 7 
0 0 0 0 1 0 1 0 0 0 
0 0 0 0 0 0 1 1 0 0 
0 0 0 1 1 0 0 0 0 0 
0 0 1 0 1 0 0 0 0 0 
0 0 0 1 1 0 0 0 0 0 
1 0 0 1 0 0 0 0 0 0 
1 1 0 0 0 0 0 0 0 0 
0 0 0 0 0 1 0 0 0 1 
0 0 0 1 1 0 0 0 0 0 
0 0 0 0 0 1 0 1 0 0 
0 0 0 0 0 1 0 0 0 1 
0 0 0 0 0 0 0 0 1 1 
0 0 0 0 0 1 0 1 0 0 
0 0 1 1 0 0 0 0 0 0 
0 0 0 0 0 0 0 1 1 0 
1 0 1 0 0 0 0 0 0 0 
1 1 0 0 0 0 0 0 0 0 
0 0 0 1 0 0 0 1 0 0 
0 0 0 0 1 1 0 0 0 0 
0 0 1 0 0 1 0 0 0 0 
Open stacks: 8
Took 8.21 seconds

buffer: Warwick 948: balanced products, 2 products per order
numCustomers: 20
numProducts: 10
1 0 0 0 0 0 1 0 0 0 
1 0 0 0 0 0 0 0 1 0 
0 1 0 0 0 0 0 0 0 1 
0 0 0 1 0 1 0 0 0 0 
1 1 0 0 0 0 0 0 0 0 
0 0 1 0 0 0 1 0 0 0 
0 0 0 0 0 0 1 0 1 0 
0 1 0 0 0 1 0 0 0 0 
0 0 1 0 1 0 0 0 0 0 
0 0 0 0 1 0 0 1 0 0 
0 1 0 1 0 0 0 0 0 0 
0 1 0 0 0 1 0 0 0 0 
0 0 1 0 0 0 0 1 0 0 
0 0 0 0 0 0 0 1 0 1 
0 0 0 0 1 0 0 1 0 0 
0 1 0 0 0 0 1 0 0 0 
0 0 0 1 0 0 0 1 0 0 
0 1 0 0 0 0 0 0 0 1 
1 0 0 0 0 0 0 1 0 0 
0 0 1 0 0 0 0 0 1 0 
numSequences: 3628800
minStacks: 8
Best sequence:
9 1 5 3 7 0 4 2 6 8 
0 0 0 0 0 1 0 0 1 0 
0 0 0 0 0 1 0 0 0 1 
1 1 0 0 0 0 0 0 0 0 
0 0 1 1 0 0 0 0 0 0 
0 1 0 0 0 1 0 0 0 0 
0 0 0 0 0 0 0 1 1 0 
0 0 0 0 0 0 0 0 1 1 
0 1 1 0 0 0 0 0 0 0 
0 0 0 0 0 0 1 1 0 0 
0 0 0 0 1 0 1 0 0 0 
0 1 0 1 0 0 0 0 0 0 
0 1 1 0 0 0 0 0 0 0 
0 0 0 0 1 0 0 1 0 0 
1 0 0 0 1 0 0 0 0 0 
0 0 0 0 1 0 1 0 0 0 
0 1 0 0 0 0 0 0 1 0 
0 0 0 1 1 0 0 0 0 0 
1 1 0 0 0 0 0 0 0 0 
0 0 0 0 1 1 0 0 0 0 
0 0 0 0 0 0 0 1 0 1 
Open stacks: 8
Took 8.22 seconds

buffer: Warwick 949: balanced products, 2 products per order
numCustomers: 20
numProducts: 10
0 0 0 0 1 1 0 0 0 0 
0 1 0 0 1 0 0 0 0 0 
0 0 0 0 1 1 0 0 0 0 
1 0 0 0 1 0 0 0 0 0 
0 0 1 0 0 0 0 1 0 0 
1 0 0 0 1 0 0 0 0 0 
1 0 0 0 0 0 0 0 1 0 
0 1 0 0 1 0 0 0 0 0 
0 0 1 0 0 0 1 0 0 0 
0 0 1 0 0 0 1 0 0 0 
0 0 0 0 0 0 1 0 1 0 
1 0 0 1 0 0 0 0 0 0 
0 0 1 0 0 0 0 0 0 1 
0 0 0 0 1 0 0 0 1 0 
0 1 0 0 0 0 0 0 0 1 
1 0 0 0 0 0 1 0 0 0 
0 1 1 0 0 0 0 0 0 0 
0 0 0 0 0 1 0 1 0 0 
1 0 0 0 1 0 0 0 0 0 
0 1 0 0 0 0 0 0 1 0 
numSequences: 3628800
minStacks: 10
Best sequence:
9 8 6 2 1 3 0 5 4 7 
0 0 0 0 0 0 0 1 1 0 
0 0 0 0 1 0 0 0 1 0 
0 0 0 0 0 0 0 1 1 0 
0 0 0 0 0 0 1 0 1 0 
0 0 0 1 0 0 0 0 0 1 
0 0 0 0 0 0 1 0 1 0 
0 1 0 0 0 0 1 0 0 0 
0 0 0 0 1 0 0 0 1 0 
0 0 1 1 0 0 0 0 0 0 
0 0 1 1 0 0 0 0 0 0 
0 1 1 0 0 0 0 0 0 0 
0 0 0 0 0 1 1 0 0 0 
1 0 0 1 0 0 0 0 0 0 
0 1 0 0 0 0 0 0 1 0 
1 0 0 0 1 0 0 0 0 0 
0 0 1 0 0 0 1 0 0 0 
0 0 0 1 1 0 0 0 0 0 
0 0 0 0 0 0 0 1 0 1 
0 0 0 0 0 0 1 0 1 0 
0 1 0 0 1 0 0 0 0 0 
Open stacks: 10
Took 8.21 seconds

buffer: Warwick 950: balanced products, 2 products per order
numCustomers: 20
numProducts: 10
1 0 0 0 0 0 0 1 0 0 
1 0 0 0 1 0 0 0 0 0 
0 0 0 1 0 0 0 0 1 0 
0 1 1 0 0 0 0 0 0 0 
0 1 0 1 0 0 0 0 0 0 
0 1 0 0 0 0 1 0 0 0 
0 0 0 0 1 0 0 0 0 1 
1 0 0 0 0 0 0 0 0 1 
0 0 1 0 0 0 1 0 0 0 
1 0 0 0 1 0 0 0 0 0 
1 0 0 0 0 1 0 0 0 0 
0 0 1 0 0 0 0 0 0 1 
0 0 0 0 0 1 1 0 0 0 
1 0 0 0 0 0 0 0 1 0 
1 0 1 0 0 0 0 0 0 0 
0 1 0 0 1 0 0 0 0 0 
0 0 0 0 0 1 0 1 0 0 
0 0 1 0 0 0 0 0 0 1 
0 0 0 1 0 0 0 1 0 0 
0 0 1 0 1 0 0 0 0 0 
numSequences: 3628800
minStacks: 9
Best sequence:
9 2 6 1 4 0 3 5 7 8 
0 0 0 0 0 1 0 0 1 0 
0 0 0 0 1 1 0 0 0 0 
0 0 0 0 0 0 1 0 0 1 
0 1 0 1 0 0 0 0 0 0 
0 0 0 1 0 0 1 0 0 0 
0 0 1 1 0 0 0 0 0 0 
1 0 0 0 1 0 0 0 0 0 
1 0 0 0 0 1 0 0 0 0 
0 1 1 0 0 0 0 0 0 0 
0 0 0 0 1 1 0 0 0 0 
0 0 0 0 0 1 0 1 0 0 
1 1 0 0 0 0 0 0 0 0 
0 0 1 0 0 0 0 1 0 0 
0 0 0 0 0 1 0 0 0 1 
0 1 0 0 0 1 0 0 0 0 
0 0 0 1 1 0 0 0 0 0 
0 0 0 0 0 0 0 1 1 0 
1 1 0 0 0 0 0 0 0 0 
0 0 0 0 0 0 1 0 1 0 
0 1 0 0 1 0 0 0 0 0 
Open stacks: 9
Took 8.21 seconds

buffer: Warwick 951: balanced products, 3 products per order
numCustomers: 20
numProducts: 10
1 0 0 1 0 1 0 0 0 0 
0 0 0 0 0 1 0 1 0 1 
0 1 1 1 0 0 0 0 0 0 
1 0 0 1 0 0 0 0 0 1 
0 0 1 0 0 1 0 0 1 0 
0 1 0 0 1 0 0 1 0 0 
0 1 0 0 0 0 0 0 1 1 
0 0 1 0 0 1 0 0 0 1 
1 0 1 1 0 0 0 0 0 0 
1 1 1 0 0 0 0 0 0 0 
1 0 0 0 1 1 0 0 0 0 
0 0 0 0 0 0 1 1 1 0 
0 0 0 0 1 1 0 0 1 0 
0 1 0 1 0 0 1 0 0 0 
1 0 1 0 0 0 1 0 0 0 
0 0 0 0 1 0 0 1 0 1 
0 0 0 1 0 0 1 1 0 0 
0 0 0 1 0 1 0 0 1 0 
0 1 0 0 1 0 0 1 0 0 
0 1 0 0 0 0 0 0 1 1 
numSequences: 3628800
minStacks: 14
Best sequence:
9 7 4 1 8 3 5 2 0 6 
0 0 0 0 0 1 1 0 1 0 
1 1 0 0 0 0 1 0 0 0 
0 0 0 1 0 1 0 1 0 0 
1 0 0 0 0 1 0 0 1 0 
0 0 0 0 1 0 1 1 0 0 
0 1 1 1 0 0 0 0 0 0 
1 0 0 1 1 0 0 0 0 0 
1 0 0 0 0 0 1 1 0 0 
0 0 0 0 0 1 0 1 1 0 
0 0 0 1 0 0 0 1 1 0 
0 0 1 0 0 0 1 0 1 0 
0 1 0 0 1 0 0 0 0 1 
0 0 1 0 1 0 1 0 0 0 
0 0 0 1 0 1 0 0 0 1 
0 0 0 0 0 0 0 1 1 1 
1 1 1 0 0 0 0 0 0 0 
0 1 0 0 0 1 0 0 0 1 
0 0 0 0 1 1 1 0 0 0 
0 1 1 1 0 0 0 0 0 0 
1 0 0 1 1 0 0 0 0 0 
Open stacks: 14
Took 8.26 seconds

buffer: Warwick 952: balanced products, 3 products per order
numCustomers: 20
numProducts: 10
0 1 1 0 0 0 0 1 0 0 
0 0 1 1 0 0 1 0 0 0 
0 0 0 0 0 1 0 1 1 0 
0 1 0 0 0 1 1 0 0 0 
0 1 0 1 0 0 0 0 0 1 
1 0 1 1 0 0 0 0 0 0 
0 1 0 0 0 1 0 0 1 0 
0 0 0 0 0 1 1 0 0 1 
0 0 0 0 1 1 0 0 0 1 
0 1 1 0 0 0 0 1 0 0 
0 0 0 1 0 1 1 0 0 0 
0 1 0 0 1 0 0 0 1 0 
0 0 0 1 0 1 1 0 0 0 
0 0 0 0 0 1 0 0 1 1 
0 0 1 1 0 1 0 0 0 0 
0 1 0 0 0 1 0 0 0 1 
0 0 0 0 1 0 1 0 1 0 
0 1 0 0 0 0 0 1 1 0 
0 0 0 0 0 0 0 1 1 1 
0 1 0 0 0 0 0 1 1 0 
numSequences: 3628800
minStacks: 14
Best sequence:
9 6 5 0 3 2 1 4 7 8 
0 0 0 0 0 1 1 0 1 0 
0 1 0 0 1 1 0 0 0 0 
0 0 1 0 0 0 0 0 1 1 
0 1 1 0 0 0 1 0 0 0 
1 0 0 0 1 0 1 0 0 0 
0 0 0 1 1 1 0 0 0 0 
0 0 1 0 0 0 1 0 0 1 
1 1 1 0 0 0 0 0 0 0 
1 0 1 0 0 0 0 1 0 0 
0 0 0 0 0 1 1 0 1 0 
0 1 1 0 1 0 0 0 0 0 
0 0 0 0 0 0 1 1 0 1 
0 1 1 0 1 0 0 0 0 0 
1 0 1 0 0 0 0 0 0 1 
0 0 1 0 1 1 0 0 0 0 
1 0 1 0 0 0 1 0 0 0 
0 1 0 0 0 0 0 1 0 1 
0 0 0 0 0 0 1 0 1 1 
1 0 0 0 0 0 0 0 1 1 
0 0 0 0 0 0 1 0 1 1 
Open stacks: 14
Took 8.26 seconds

buffer: Warwick 953: balanced products, 3 products per order
numCustomers: 20
numProducts: 10
0 0 0 0 1 0 0 1 0 1 
1 0 0 0 1 1 0 0 0 0 
1 1 0 1 0 0 0 0 0 0 
0 0 1 1 0 1 0 0 0 0 
0 0 1 0 0 0 1 1 0 0 
0 0 0 0 1 1 0 1 0 0 
1 0 1 0 0 0 0 0 0 1 
1 0 0 0 1 0 0 1 0 0 
0 0 1 0 0 0 1 1 0 0 
0 0 1 1 0 0 1 0 0 0 
0 0 1 0 0 0 1 1 0 0 
0 1 1 0 0 0 1 0 0 0 
0 0 1 0 0 0 0 0 1 1 
0 0 0 0 1 0 0 0 1 1 
0 0 0 0 0 0 1 0 1 1 
1 1 0 0 1 0 0 0 0 0 
0 0 1 0 1 0 1 0 0 0 
1 0 0 0 0 1 1 0 0 0 
1 1 0 0 1 0 0 0 0 0 
1 0 0 1 0 0 0 0 0 1 
numSequences: 3628800
minStacks: 14
Best sequence:
9 8 4 1 0 3 5 6 2 7 
1 0 1 0 0 0 0 0 0 1 
0 0 1 0 1 0 1 0 0 0 
0 0 0 1 1 1 0 0 0 0 
0 0 0 0 0 1 1 0 1 0 
0 0 0 0 0 0 0 1 1 1 
0 0 1 0 0 0 1 0 0 1 
1 0 0 0 1 0 0 0 1 0 
0 0 1 0 1 0 0 0 0 1 
0 0 0 0 0 0 0 1 1 1 
0 0 0 0 0 1 0 1 1 0 
0 0 0 0 0 0 0 1 1 1 
0 0 0 1 0 0 0 1 1 0 
1 1 0 0 0 0 0 0 1 0 
1 1 1 0 0 0 0 0 0 0 
1 1 0 0 0 0 0 1 0 0 
0 0 1 1 1 0 0 0 0 0 
0 0 1 0 0 0 0 1 1 0 
0 0 0 0 1 0 1 1 0 0 
0 0 1 1 1 0 0 0 0 0 
1 0 0 0 1 1 0 0 0 0 
Open stacks: 14
Took 8.26 seconds

buffer: Warwick 954: balanced products, 3 products per order
numCustomers: 20
numProducts: 10
1 0 0 1 0 0 0 0 1 0 
0 0 0 1 1 0 1 0 0 0 
0 0 1 0 0 0 0 1 0 1 
0 0 0 0 0 1 1 0 1 0 
1 1 0 0 0 0 0 0 0 1 
0 1 0 0 0 0 1 0 0 1 
0 0 1 0 0 0 1 0 0 1 
0 0 0 0 0 0 0 1 1 1 
0 0 0 0 0 1 1 0 0 1 
1 0 1 1 0 0 0 0 0 0 
0 0 0 1 0 1 0 0 1 0 
0 0 0 1 1 0 0 0 0 1 
0 1 0 0 1 1 0 0 0 0 
0 0 1 0 0 0 0 1 0 1 
0 0 0 0 0 1 1 0 0 1 
0 0 1 0 0 0 0 1 1 0 
1 0 0 1 0 0 0 0 0 1 
0 1 0 0 1 0 0 0 0 1 
0 1 0 1 0 1 0 0 0 0 
0 0 1 0 0 0 0 1 0 1 
numSequences: 3628800
minStacks: 14
Best sequence:
9 7 2 1 0 4 3 5 6 8 
0 0 0 0 1 0 1 0 0 1 
0 0 0 0 0 1 1 0 1 0 
1 1 1 0 0 0 0 0 0 0 
0 0 0 0 0 0 0 1 1 1 
1 0 0 1 1 0 0 0 0 0 
1 0 0 1 0 0 0 0 1 0 
1 0 1 0 0 0 0 0 1 0 
1 1 0 0 0 0 0 0 0 1 
1 0 0 0 0 0 0 1 1 0 
0 0 1 0 1 0 1 0 0 0 
0 0 0 0 0 0 1 1 0 1 
1 0 0 0 0 1 1 0 0 0 
0 0 0 1 0 1 0 1 0 0 
1 1 1 0 0 0 0 0 0 0 
1 0 0 0 0 0 0 1 1 0 
0 1 1 0 0 0 0 0 0 1 
1 0 0 0 1 0 1 0 0 0 
1 0 0 1 0 1 0 0 0 0 
0 0 0 1 0 0 1 1 0 0 
1 1 1 0 0 0 0 0 0 0 
Open stacks: 14
Took 8.25 seconds

buffer: Warwick 955: balanced products, 3 products per order
numCustomers: 20
numProducts: 10
0 1 0 1 0 0 0 0 0 1 
0 0 1 0 0 1 0 0 0 1 
1 1 0 0 0 0 0 1 0 0 
0 0 1 0 0 1 1 0 0 0 
0 1 1 0 0 1 0 0 0 0 
0 0 0 0 1 1 0 1 0 0 
0 0 0 0 0 0 0 1 1 1 
0 1 0 1 0 0 0 0 1 0 
0 0 0 1 1 0 0 1 0 0 
0 0 0 0 1 1 0 0 0 1 
0 1 1 0 0 0 0 0 1 0 
0 0 1 1 0 1 0 0 0 0 
0 1 0 0 0 0 1 0 1 0 
0 0 0 0 0 0 1 1 1 0 
1 0 1 0 0 0 0 0 0 1 
0 1 0 1 1 0 0 0 0 0 
0 0 0 0 0 1 1 0 1 0 
0 1 1 0 0 0 0 0 0 1 
0 1 0 1 0 0 0 0 1 0 
0 1 0 1 0 0 1 0 0 0 
numSequences: 3628800
minStacks: 15
Best sequence:
9 2 0 1 3 4 5 6 7 8 
1 0 0 1 1 0 0 0 0 0 
1 1 0 0 0 0 1 0 0 0 
0 0 1 1 0 0 0 0 1 0 
0 1 0 0 0 0 1 1 0 0 
0 1 0 1 0 0 1 0 0 0 
0 0 0 0 0 1 1 0 1 0 
1 0 0 0 0 0 0 0 1 1 
0 0 0 1 1 0 0 0 0 1 
0 0 0 0 1 1 0 0 1 0 
1 0 0 0 0 1 1 0 0 0 
0 1 0 1 0 0 0 0 0 1 
0 1 0 0 1 0 1 0 0 0 
0 0 0 1 0 0 0 1 0 1 
0 0 0 0 0 0 0 1 1 1 
1 1 1 0 0 0 0 0 0 0 
0 0 0 1 1 1 0 0 0 0 
0 0 0 0 0 0 1 1 0 1 
1 1 0 1 0 0 0 0 0 0 
0 0 0 1 1 0 0 0 0 1 
0 0 0 1 1 0 0 1 0 0 
Open stacks: 15
Took 8.26 seconds

buffer: Warwick 956: balanced products, 3 products per order
numCustomers: 20
numProducts: 10
0 1 0 0 0 1 0 0 0 1 
0 0 0 1 0 1 0 0 0 1 
0 0 1 0 0 1 0 0 0 1 
0 0 0 0 0 1 1 1 0 0 
1 0 0 0 0 0 0 0 1 1 
0 0 1 0 1 0 0 0 1 0 
1 0 0 0 0 1 0 0 1 0 
1 0 0 1 1 0 0 0 0 0 
0 0 0 0 1 0 1 0 0 1 
0 0 1 1 0 0 0 1 0 0 
0 0 1 1 0 1 0 0 0 0 
0 0 0 0 1 0 1 0 0 1 
0 1 1 0 0 0 0 1 0 0 
0 0 1 1 1 0 0 0 0 0 
0 0 1 0 0 0 0 1 0 1 
1 0 0 0 0 1 0 0 1 0 
0 0 0 1 1 0 0 0 0 1 
1 0 0 1 0 1 0 0 0 0 
0 0 0 1 0 0 1 0 0 1 
0 1 0 0 1 0 0 0 1 0 
numSequences: 3628800
minStacks: 15
Best sequence:
9 6 4 3 1 2 0 5 7 8 
1 0 0 0 1 0 0 1 0 0 
1 0 0 1 0 0 0 1 0 0 
1 0 0 0 0 1 0 1 0 0 
0 1 0 0 0 0 0 1 1 0 
1 0 0 0 0 0 1 0 0 1 
0 0 1 0 0 1 0 0 0 1 
0 0 0 0 0 0 1 1 0 1 
0 0 1 1 0 0 1 0 0 0 
1 1 1 0 0 0 0 0 0 0 
0 0 0 1 0 1 0 0 1 0 
0 0 0 1 0 1 0 1 0 0 
1 1 1 0 0 0 0 0 0 0 
0 0 0 0 1 1 0 0 1 0 
0 0 1 1 0 1 0 0 0 0 
1 0 0 0 0 1 0 0 1 0 
0 0 0 0 0 0 1 1 0 1 
1 0 1 1 0 0 0 0 0 0 
0 0 0 1 0 0 1 1 0 0 
1 1 0 1 0 0 0 0 0 0 
0 0 1 0 1 0 0 0 0 1 
Open stacks: 15
Took 8.25 seconds

buffer: Warwick 957: balanced products, 3 products per order
numCustomers: 20
numProducts: 10
1 1 0 0 0 0 0 1 0 0 
0 0 0 1 0 0 1 1 0 0 
0 0 0 0 0 1 1 0 0 1 
0 1 0 1 0 0 0 0 0 1 
0 1 0 1 0 0 0 0 0 1 
0 0 0 1 1 0 0 0 0 1 
0 0 1 0 0 0 0 0 1 1 
1 0 1 1 0 0 0 0 0 0 
1 0 1 0 0 0 0 0 0 1 
1 0 0 0 0 0 0 0 1 1 
0 1 0 1 0 0 0 1 0 0 
0 0 1 0 0 1 1 0 0 0 
0 1 0 0 0 0 0 1 1 0 
0 0 0 1 1 0 1 0 0 0 
1 0 1 0 0 0 0 0 0 1 
0 1 0 0 0 0 1 0 1 0 
1 0 0 1 0 0 1 0 0 0 
0 0 0 0 0 1 0 1 1 0 
0 0 0 0 0 0 1 1 0 1 
0 0 0 0 0 0 1 1 1 0 
numSequences: 3628800
minStacks: 14
Best sequence:
9 4 0 2 3 1 5 6 7 8 
0 0 1 0 0 1 0 0 1 0 
0 0 0 0 1 0 0 1 1 0 
1 0 0 0 0 0 1 1 0 0 
1 0 0 0 1 1 0 0 0 0 
1 0 0 0 1 1 0 0 0 0 
1 1 0 0 1 0 0 0 0 0 
1 0 0 1 0 0 0 0 0 1 
0 0 1 1 1 0 0 0 0 0 
1 0 1 1 0 0 0 0 0 0 
1 0 1 0 0 0 0 0 0 1 
0 0 0 0 1 1 0 0 1 0 
0 0 0 1 0 0 1 1 0 0 
0 0 0 0 0 1 0 0 1 1 
0 1 0 0 1 0 0 1 0 0 
1 0 1 1 0 0 0 0 0 0 
0 0 0 0 0 1 0 1 0 1 
0 0 1 0 1 0 0 1 0 0 
0 0 0 0 0 0 1 0 1 1 
1 0 0 0 0 0 0 1 1 0 
0 0 0 0 0 0 0 1 1 1 
Open stacks: 14
Took 8.25 seconds

buffer: Warwick 958: balanced products, 3 products per order
numCustomers: 20
numProducts: 10
1 0 0 1 1 0 0 0 0 0 
0 1 0 0 0 0 0 0 1 1 
0 0 1 1 0 1 0 0 0 0 
0 0 1 0 0 1 0 0 0 1 
0 1 1 0 1 0 0 0 0 0 
1 1 0 0 0 0 0 1 0 0 
0 1 0 1 0 0 0 1 0 0 
1 0 0 0 1 0 0 0 1 0 
0 0 1 0 0 0 0 1 1 0 
1 1 0 0 0 1 0 0 0 0 
0 0 0 0 0 1 1 0 0 1 
1 0 0 1 0 0 0 0 0 1 
0 0 1 1 0 0 0 0 1 0 
0 0 1 0 1 0 0 0 1 0 
0 0 1 0 0 0 0 0 1 1 
0 0 0 0 0 0 1 1 0 1 
1 0 1 1 0 0 0 0 0 0 
0 0 0 0 1 0 1 0 1 0 
1 1 0 0 0 0 0 0 1 0 
0 1 0 0 0 0 1 0 0 1 
numSequences: 3628800
minStacks: 15
Best sequence:
9 6 5 1 0 3 4 2 7 8 
0 0 0 0 1 1 1 0 0 0 
1 0 0 1 0 0 0 0 0 1 
0 0 1 0 0 1 0 1 0 0 
1 0 1 0 0 0 0 1 0 0 
0 0 0 1 0 0 1 1 0 0 
0 0 0 1 1 0 0 0 1 0 
0 0 0 1 0 1 0 0 1 0 
0 0 0 0 1 0 1 0 0 1 
0 0 0 0 0 0 0 1 1 1 
0 0 1 1 1 0 0 0 0 0 
1 1 1 0 0 0 0 0 0 0 
1 0 0 0 1 1 0 0 0 0 
0 0 0 0 0 1 0 1 0 1 
0 0 0 0 0 0 1 1 0 1 
1 0 0 0 0 0 0 1 0 1 
1 1 0 0 0 0 0 0 1 0 
0 0 0 0 1 1 0 1 0 0 
0 1 0 0 0 0 1 0 0 1 
0 0 0 1 1 0 0 0 0 1 
1 1 0 1 0 0 0 0 0 0 
Open stacks: 15
Took 8.25 seconds

buffer: Warwick 959: balanced products, 3 products per order
numCustomers: 20
numProducts: 10
0 0 0 1 0 0 1 0 0 1 
0 0 0 0 1 1 0 1 0 0 
0 0 0 1 0 1 0 0 0 1 
0 1 1 0 0 0 1 0 0 0 
0 1 0 0 1 0 1 0 0 0 
0 1 0 0 0 1 0 1 0 0 
1 0 0 1 0 0 0 0 1 0 
0 0 0 0 1 0 1 0 1 0 
0 0 1 1 0 0 0 1 0 0 
0 0 1 0 1 1 0 0 0 0 
0 1 1 0 0 0 1 0 0 0 
0 0 1 0 0 0 1 1 0 0 
1 1 0 0 0 0 0 1 0 0 
1 0 0 0 0 1 0 0 1 0 
1 1 0 1 0 0 0 0 0 0 
0 1 0 0 0 0 0 0 1 1 
1 0 0 1 0 0 0 0 1 0 
1 1 0 0 0 0 1 0 0 0 
0 0 0 0 1 0 1 0 1 0 
1 0 0 1 0 0 0 0 0 1 
numSequences: 3628800
minStacks: 14
Best sequence:
9 8 3 0 1 4 5 6 2 7 
1 0 1 0 0 0 0 1 0 0 
0 0 0 0 0 1 1 0 0 1 
1 0 1 0 0 0 1 0 0 0 
0 0 0 0 1 0 0 1 1 0 
0 0 0 0 1 1 0 1 0 0 
0 0 0 0 1 0 1 0 0 1 
0 1 1 1 0 0 0 0 0 0 
0 1 0 0 0 1 0 1 0 0 
0 0 1 0 0 0 0 0 1 1 
0 0 0 0 0 1 1 0 1 0 
0 0 0 0 1 0 0 1 1 0 
0 0 0 0 0 0 0 1 1 1 
0 0 0 1 1 0 0 0 0 1 
0 1 0 1 0 0 1 0 0 0 
0 0 1 1 1 0 0 0 0 0 
1 1 0 0 1 0 0 0 0 0 
0 1 1 1 0 0 0 0 0 0 
0 0 0 1 1 0 0 1 0 0 
0 1 0 0 0 1 0 1 0 0 
1 0 1 1 0 0 0 0 0 0 
Open stacks: 14
Took 8.26 seconds

buffer: Warwick 960: balanced products, 3 products per order
numCustomers: 20
numProducts: 10
0 0 0 0 1 0 1 0 1 0 
1 0 0 1 0 0 0 0 1 0 
1 0 1 0 0 0 0 1 0 0 
1 0 0 0 1 0 0 0 1 0 
1 0 1 0 0 0 1 0 0 0 
0 0 0 0 1 1 0 0 0 1 
0 0 0 0 0 0 1 0 1 1 
0 1 0 0 0 0 1 1 0 0 
0 1 0 0 0 0 0 1 1 0 
0 0 1 0 0 0 1 0 1 0 
1 0 0 0 0 0 0 1 0 1 
0 0 0 0 1 0 1 1 0 0 
0 1 1 0 0 0 1 0 0 0 
0 0 0 0 1 0 1 0 0 1 
1 0 0 0 0 1 0 0 1 0 
1 0 0 0 0 0 1 0 0 1 
1 1 0 0 0 1 0 0 0 0 
0 1 0 0 0 1 1 0 0 0 
1 0 0 0 1 0 0 0 1 0 
0 1 0 0 0 0 0 1 0 1 
numSequences: 3628800
minStacks: 15
Best sequence:
9 7 1 6 2 4 0 3 5 8 
0 0 0 1 0 1 0 0 0 1 
0 0 0 0 0 0 1 1 0 1 
0 1 0 0 1 0 1 0 0 0 
0 0 0 0 0 1 1 0 0 1 
0 0 0 1 1 0 1 0 0 0 
1 0 0 0 0 1 0 0 1 0 
1 0 0 1 0 0 0 0 0 1 
0 1 1 1 0 0 0 0 0 0 
0 1 1 0 0 0 0 0 0 1 
0 0 0 1 1 0 0 0 0 1 
1 1 0 0 0 0 1 0 0 0 
0 1 0 1 0 1 0 0 0 0 
0 0 1 1 1 0 0 0 0 0 
1 0 0 1 0 1 0 0 0 0 
0 0 0 0 0 0 1 0 1 1 
1 0 0 1 0 0 1 0 0 0 
0 0 1 0 0 0 1 0 1 0 
0 0 1 1 0 0 0 0 1 0 
0 0 0 0 0 1 1 0 0 1 
1 1 1 0 0 0 0 0 0 0 
Open stacks: 15
Took 8.26 seconds

buffer: Warwick 961: balanced products, 4 products per order
numCustomers: 20
numProducts: 10
0 0 0 1 0 0 1 0 1 1 
0 0 1 0 1 0 1 0 0 1 
1 0 0 1 1 0 1 0 0 0 
0 0 1 1 1 1 0 0 0 0 
0 0 1 1 0 0 0 1 0 1 
0 1 1 0 0 1 0 0 1 0 
1 1 0 0 0 1 0 1 0 0 
1 0 0 0 0 1 0 1 0 1 
0 1 1 0 0 0 1 0 0 1 
0 0 1 1 0 0 1 0 0 1 
1 0 0 0 0 1 1 0 1 0 
1 1 1 0 0 0 0 1 0 0 
0 1 0 0 1 1 0 0 0 1 
0 0 0 0 1 1 0 0 1 1 
1 0 0 0 0 1 1 1 0 0 
0 0 0 1 0 1 0 1 0 1 
0 0 0 1 1 1 1 0 0 0 
0 0 0 1 1 0 1 1 0 0 
1 1 1 0 0 1 0 0 0 0 
0 1 0 0 1 0 0 0 1 1 
numSequences: 3628800
minStacks: 18
Best sequence:
9 7 6 4 3 0 1 2 5 8 
1 0 1 0 1 0 0 0 0 1 
1 0 1 1 0 0 0 1 0 0 
0 0 1 1 1 1 0 0 0 0 
0 0 0 1 1 0 0 1 1 0 
1 1 0 0 1 0 0 1 0 0 
0 0 0 0 0 0 1 1 1 1 
0 1 0 0 0 1 1 0 1 0 
1 1 0 0 0 1 0 0 1 0 
1 0 1 0 0 0 1 1 0 0 
1 0 1 0 1 0 0 1 0 0 
0 0 1 0 0 1 0 0 1 1 
0 1 0 0 0 1 1 1 0 0 
1 0 0 1 0 0 1 0 1 0 
1 0 0 1 0 0 0 0 1 1 
0 1 1 0 0 1 0 0 1 0 
1 1 0 0 1 0 0 0 1 0 
0 0 1 1 1 0 0 0 1 0 
0 1 1 1 1 0 0 0 0 0 
0 0 0 0 0 1 1 1 1 0 
1 0 0 1 0 0 1 0 0 1 
Open stacks: 18
Took 8.32 seconds

buffer: Warwick 962: balanced products, 4 products per order
numCustomers: 20
numProducts: 10
0 1 1 1 1 0 0 0 0 0 
1 0 0 0 0 0 1 1 1 0 
0 1 1 0 0 0 1 0 1 0 
1 0 0 1 0 0 0 0 1 1 
0 0 1 1 0 0 1 0 1 0 
0 0 1 0 0 1 1 0 1 0 
0 1 0 1 0 1 0 0 0 1 
1 1 0 1 0 1 0 0 0 0 
0 0 1 1 1 0 0 0 0 1 
0 1 1 0 1 0 0 1 0 0 
1 0 0 0 0 1 1 0 0 1 
0 1 1 0 0 0 0 0 1 1 
0 0 1 0 0 1 1 0 1 0 
1 0 1 0 0 1 0 0 0 1 
0 0 0 1 0 0 0 1 1 1 
0 0 1 0 0 1 0 1 0 1 
1 1 0 0 1 0 0 1 0 0 
0 1 0 1 0 1 0 1 0 0 
0 0 0 0 0 1 1 1 0 1 
0 0 1 0 1 0 1 1 0 0 
numSequences: 3628800
minStacks: 18
Best sequence:
9 5 3 1 0 2 4 6 7 8 
0 0 1 1 0 1 1 0 0 0 
0 0 0 0 1 0 0 1 1 1 
0 0 0 1 0 1 0 1 0 1 
1 0 1 0 1 0 0 0 0 1 
0 0 1 0 0 1 0 1 0 1 
0 1 0 0 0 1 0 1 0 1 
1 1 1 1 0 0 0 0 0 0 
0 1 1 1 1 0 0 0 0 0 
1 0 1 0 0 1 1 0 0 0 
0 0 0 1 0 1 1 0 1 0 
1 1 0 0 1 0 0 1 0 0 
1 0 0 1 0 1 0 0 0 1 
0 1 0 0 0 1 0 1 0 1 
1 1 0 0 1 1 0 0 0 0 
1 0 1 0 0 0 0 0 1 1 
1 1 0 0 0 1 0 0 1 0 
0 0 0 1 1 0 1 0 1 0 
0 1 1 1 0 0 0 0 1 0 
1 1 0 0 0 0 0 1 1 0 
0 0 0 0 0 1 1 1 1 0 
Open stacks: 18
Took 8.33 seconds

buffer: Warwick 963: balanced products, 4 products per order
numCustomers: 20
numProducts: 10
0 0 1 1 0 0 1 0 1 0 
1 0 1 0 0 0 1 0 1 0 
0 0 0 1 1 0 1 0 1 0 
1 0 0 0 1 0 0 1 1 0 
0 0 1 1 1 1 0 0 0 0 
0 0 0 1 0 1 1 0 0 1 
1 1 0 0 0 0 0 1 1 0 
1 1 1 0 0 0 0 1 0 0 
0 0 1 0 0 0 1 0 1 1 
0 0 1 0 1 0 0 0 1 1 
1 1 1 0 0 0 0 0 0 1 
0 1 0 0 1 0 1 0 1 0 
1 0 0 1 0 0 1 0 0 1 
1 0 0 0 1 1 1 0 0 0 
0 0 1 0 1 1 0 1 0 0 
1 1 0 0 0 1 0 0 0 1 
0 1 0 1 0 1 0 0 1 0 
0 1 0 0 1 0 0 1 0 1 
0 1 0 0 1 1 0 1 0 0 
1 0 0 0 1 1 0 1 0 0 
numSequences: 3628800
minStacks: 17
Best sequence:
8 6 3 2 9 0 4 5 7 1 
1 1 1 1 0 0 0 0 0 0 
1 1 0 1 0 1 0 0 0 0 
1 1 1 0 0 0 1 0 0 0 
1 0 0 0 0 1 1 0 1 0 
0 0 1 1 0 0 1 1 0 0 
0 1 1 0 1 0 0 1 0 0 
1 0 0 0 0 1 0 0 1 1 
0 0 0 1 0 1 0 0 1 1 
1 1 0 1 1 0 0 0 0 0 
1 0 0 1 1 0 1 0 0 0 
0 0 0 1 1 1 0 0 0 1 
1 1 0 0 0 0 1 0 0 1 
0 1 1 0 1 1 0 0 0 0 
0 1 0 0 0 1 1 1 0 0 
0 0 0 1 0 0 1 1 1 0 
0 0 0 0 1 1 0 1 0 1 
1 0 1 0 0 0 0 1 0 1 
0 0 0 0 1 0 1 0 1 1 
0 0 0 0 0 0 1 1 1 1 
0 0 0 0 0 1 1 1 1 0 
Open stacks: 17
Took 8.32 seconds

buffer: Warwick 964: balanced products, 4 products per order
numCustomers: 20
numProducts: 10
1 0 1 1 0 0 0 0 1 0 
0 0 1 0 0 0 1 1 0 1 
1 0 0 0 0 1 1 1 0 0 
0 0 0 1 0 1 1 0 0 1 
0 1 0 0 0 1 1 1 0 0 
1 0 0 1 0 0 1 0 1 0 
0 1 0 1 0 1 1 0 0 0 
0 1 0 0 1 0 0 1 1 0 
1 1 0 0 1 1 0 0 0 0 
0 1 0 0 0 1 1 0 0 1 
0 1 0 1 0 0 1 0 0 1 
1 0 0 1 0 0 1 1 0 0 
0 0 0 0 0 1 1 1 0 1 
1 1 0 0 0 1 1 0 0 0 
1 1 0 0 1 0 1 0 0 0 
1 0 0 1 0 1 0 0 0 1 
1 0 0 1 1 0 0 0 1 0 
0 0 1 1 0 0 0 1 0 1 
0 1 0 0 0 1 0 1 0 1 
0 1 0 1 0 1 0 1 0 0 
numSequences: 3628800
minStacks: 17
Best sequence:
9 7 5 1 6 0 3 2 4 8 
0 0 0 0 0 1 1 1 0 1 
1 1 0 0 1 0 0 1 0 0 
0 1 1 0 1 1 0 0 0 0 
1 0 1 0 1 0 1 0 0 0 
0 1 1 1 1 0 0 0 0 0 
0 0 0 0 1 1 1 0 0 1 
0 0 1 1 1 0 1 0 0 0 
0 1 0 1 0 0 0 0 1 1 
0 0 1 1 0 1 0 0 1 0 
1 0 1 1 1 0 0 0 0 0 
1 0 0 1 1 0 1 0 0 0 
0 1 0 0 1 1 1 0 0 0 
1 1 1 0 1 0 0 0 0 0 
0 0 1 1 1 1 0 0 0 0 
0 0 0 1 1 1 0 0 1 0 
1 0 1 0 0 1 1 0 0 0 
0 0 0 0 0 1 1 0 1 1 
1 1 0 0 0 0 1 1 0 0 
1 1 1 1 0 0 0 0 0 0 
0 1 1 1 0 0 1 0 0 0 
Open stacks: 17
Took 8.32 seconds

buffer: Warwick 965: balanced products, 4 products per order
numCustomers: 20
numProducts: 10
1 0 1 0 1 1 0 0 0 0 
0 1 0 0 1 0 0 1 0 1 
1 1 0 0 0 0 0 1 1 0 
0 0 1 1 0 0 1 1 0 0 
0 0 1 0 1 0 1 0 0 1 
1 0 1 0 1 0 0 1 0 0 
0 0 1 0 0 0 1 1 0 1 
1 0 0 0 0 1 1 0 1 0 
0 0 0 0 0 1 1 1 0 1 
0 1 1 0 0 0 0 0 1 1 
0 1 1 0 0 0 0 1 0 1 
1 1 1 0 0 0 0 0 0 1 
1 0 0 1 0 0 1 0 0 1 
1 0 1 0 0 1 0 0 0 1 
0 0 0 1 1 1 0 0 1 0 
1 0 0 1 0 0 1 0 0 1 
0 1 0 0 1 1 1 0 0 0 
0 0 1 1 0 1 0 0 0 1 
1 0 0 0 1 0 1 1 0 0 
1 0 0 1 0 1 0 0 0 1 
numSequences: 3628800
minStacks: 18
Best sequence:
9 5 3 2 6 4 0 1 7 8 
0 1 0 1 0 1 1 0 0 0 
1 0 0 0 0 1 0 1 1 0 
0 0 0 0 0 0 1 1 1 1 
0 0 1 1 1 0 0 0 1 0 
1 0 0 1 1 1 0 0 0 0 
0 0 0 1 0 1 1 0 1 0 
1 0 0 1 1 0 0 0 1 0 
0 1 0 0 1 0 1 0 0 1 
1 1 0 0 1 0 0 0 1 0 
1 0 0 1 0 0 0 1 0 1 
1 0 0 1 0 0 0 1 1 0 
1 0 0 1 0 0 1 1 0 0 
1 0 1 0 1 0 1 0 0 0 
1 1 0 1 0 0 1 0 0 0 
0 1 1 0 0 1 0 0 0 1 
1 0 1 0 1 0 1 0 0 0 
0 1 0 0 1 1 0 1 0 0 
1 1 1 1 0 0 0 0 0 0 
0 0 0 0 1 1 1 0 1 0 
1 1 1 0 0 0 1 0 0 0 
Open stacks: 18
Took 8.32 seconds

buffer: Warwick 966: balanced products, 4 products per order
numCustomers: 20
numProducts: 10
1 1 0 0 0 1 0 1 0 0 
0 0 0 0 1 0 0 1 1 1 
0 1 1 0 0 0 0 1 0 1 
0 1 0 1 0 0 1 0 1 0 
1 0 1 0 0 1 0 0 1 0 
0 0 1 0 1 0 0 1 0 1 
0 0 0 1 1 0 0 1 0 1 
1 0 1 1 0 0 1 0 0 0 
0 1 0 0 1 0 0 1 0 1 
0 0 0 1 0 1 1 0 1 0 
0 1 0 0 1 1 0 0 1 0 
1 0 0 0 0 1 0 1 1 0 
0 0 0 0 1 0 0 1 1 1 
0 1 1 0 0 0 0 0 1 1 
0 0 1 1 1 0 0 0 1 0 
0 0 0 0 1 0 0 1 1 1 
0 0 0 0 1 1 0 0 1 1 
0 1 1 0 0 0 0 1 1 0 
0 0 1 0 1 1 0 1 0 0 
1 0 1 0 1 1 0 0 0 0 
numSequences: 3628800
minStacks: 18
Best sequence:
9 7 4 2 1 3 5 0 6 8 
0 1 0 0 1 0 1 1 0 0 
1 1 1 0 0 0 0 0 0 1 
1 1 0 1 1 0 0 0 0 0 
0 0 0 0 1 1 0 0 1 1 
0 0 0 1 0 0 1 1 0 1 
1 1 1 1 0 0 0 0 0 0 
1 1 1 0 0 1 0 0 0 0 
0 0 0 1 0 1 0 1 1 0 
1 1 1 0 1 0 0 0 0 0 
0 0 0 0 0 1 1 0 1 1 
0 0 1 0 1 0 1 0 0 1 
0 1 0 0 0 0 1 1 0 1 
1 1 1 0 0 0 0 0 0 1 
1 0 0 1 1 0 0 0 0 1 
0 0 1 1 0 1 0 0 0 1 
1 1 1 0 0 0 0 0 0 1 
1 0 1 0 0 0 1 0 0 1 
0 1 0 1 1 0 0 0 0 1 
0 1 1 1 0 0 1 0 0 0 
0 0 1 1 0 0 1 1 0 0 
Open stacks: 18
Took 8.32 seconds

buffer: Warwick 967: balanced products, 4 products per order
numCustomers: 20
numProducts: 10
0 0 1 1 0 0 0 1 0 1 
1 0 0 1 1 0 0 0 0 1 
0 1 0 0 1 0 1 1 0 0 
1 0 0 1 0 0 0 1 0 1 
0 0 0 1 0 0 1 1 0 1 
0 0 0 1 1 1 1 0 0 0 
1 0 0 0 0 1 0 1 1 0 
1 0 0 1 0 0 0 0 1 1 
0 1 0 1 1 0 1 0 0 0 
0 1 1 1 0 0 0 1 0 0 
0 0 0 1 0 1 1 0 1 0 
1 0 1 0 0 0 0 0 1 1 
0 0 1 0 0 1 1 0 1 0 
1 1 0 0 0 0 1 1 0 0 
1 0 0 1 1 1 0 0 0 0 
0 1 1 0 0 1 0 1 0 0 
0 1 0 0 1 0 1 0 1 0 
1 1 1 0 0 0 1 0 0 0 
0 1 1 0 0 1 0 0 1 0 
1 1 0 0 0 0 1 0 1 0 
numSequences: 3628800
minStacks: 17
Best sequence:
9 7 3 0 4 6 2 1 5 8 
1 1 1 0 0 0 1 0 0 0 
1 0 1 1 1 0 0 0 0 0 
0 1 0 0 1 1 0 1 0 0 
1 1 1 1 0 0 0 0 0 0 
1 1 1 0 0 1 0 0 0 0 
0 0 1 0 1 1 0 0 1 0 
0 1 0 1 0 0 0 0 1 1 
1 0 1 1 0 0 0 0 0 1 
0 0 1 0 1 1 0 1 0 0 
0 1 1 0 0 0 1 1 0 0 
0 0 1 0 0 1 0 0 1 1 
1 0 0 1 0 0 1 0 0 1 
0 0 0 0 0 1 1 0 1 1 
0 1 0 1 0 1 0 1 0 0 
0 0 1 1 1 0 0 0 1 0 
0 1 0 0 0 0 1 1 1 0 
0 0 0 0 1 1 0 1 0 1 
0 0 0 1 0 1 1 1 0 0 
0 0 0 0 0 0 1 1 1 1 
0 0 0 1 0 1 0 1 0 1 
Open stacks: 17
Took 8.33 seconds

buffer: Warwick 968: balanced products, 4 products per order
numCustomers: 20
numProducts: 10
0 0 1 0 1 0 1 0 1 0 
1 0 1 0 0 1 0 1 0 0 
1 0 0 0 1 0 0 0 1 1 
0 0 1 0 0 0 1 0 1 1 
0 1 1 0 0 0 0 1 0 1 
1 0 0 0 0 0 1 1 0 1 
0 1 1 1 0 0 0 1 0 0 
0 0 0 0 1 1 1 1 0 0 
0 0 0 1 0 0 1 1 1 0 
0 0 1 1 0 1 1 0 0 0 
1 0 1 0 0 1 0 0 0 1 
0 0 1 0 0 0 1 0 1 1 
0 0 0 1 0 1 1 0 0 1 
1 1 0 0 1 1 0 0 0 0 
0 0 0 0 1 1 0 1 1 0 
0 0 1 1 0 1 0 1 0 0 
0 0 1 0 0 1 0 0 1 1 
1 0 0 1 0 1 0 1 0 0 
0 1 0 1 0 0 0 1 0 1 
1 0 0 1 0 0 0 1 0 1 
numSequences: 3628800
minStacks: 18
Best sequence:
9 8 6 2 3 4 1 5 0 7 
0 1 1 1 0 1 0 0 0 0 
0 0 0 1 0 0 0 1 1 1 
1 1 0 0 0 1 0 0 1 0 
1 1 1 1 0 0 0 0 0 0 
1 0 0 1 0 0 1 0 0 1 
1 0 1 0 0 0 0 0 1 1 
0 0 0 1 1 0 1 0 0 1 
0 0 1 0 0 1 0 1 0 1 
0 1 1 0 1 0 0 0 0 1 
0 0 1 1 1 0 0 1 0 0 
1 0 0 1 0 0 0 1 1 0 
1 1 1 1 0 0 0 0 0 0 
1 0 1 0 1 0 0 1 0 0 
0 0 0 0 0 1 1 1 1 0 
0 1 0 0 0 1 0 1 0 1 
0 0 0 1 1 0 0 1 0 1 
1 1 0 1 0 0 0 1 0 0 
0 0 0 0 1 0 0 1 1 1 
1 0 0 0 1 0 1 0 0 1 
1 0 0 0 1 0 0 0 1 1 
Open stacks: 18
Took 8.32 seconds

buffer: Warwick 969: balanced products, 4 products per order
numCustomers: 20
numProducts: 10
0 1 0 0 1 1 0 0 0 1 
0 0 1 0 0 0 0 1 1 1 
0 0 0 1 1 0 1 0 1 0 
0 1 0 0 0 1 0 1 1 0 
1 0 0 0 0 1 1 0 1 0 
1 0 0 1 0 1 1 0 0 0 
0 0 0 1 0 1 0 1 1 0 
0 0 0 0 1 1 1 0 1 0 
0 1 0 0 1 1 0 1 0 0 
0 1 1 1 0 0 1 0 0 0 
0 1 0 1 1 0 1 0 0 0 
0 0 1 1 0 0 0 1 0 1 
0 0 1 0 0 0 1 0 1 1 
0 0 1 0 0 1 1 1 0 0 
1 0 1 0 0 0 1 1 0 0 
0 0 0 0 1 1 1 0 1 0 
0 1 0 0 1 0 1 0 0 1 
1 1 0 0 0 0 1 0 0 1 
0 1 0 1 0 1 0 1 0 0 
1 0 1 0 0 0 1 0 0 1 
numSequences: 3628800
minStacks: 18
Best sequence:
9 6 0 2 1 4 3 5 7 8 
1 0 0 0 1 1 0 1 0 0 
1 0 0 1 0 0 0 0 1 1 
0 1 0 0 0 1 1 0 0 1 
0 0 0 0 1 0 0 1 1 1 
0 1 1 0 0 0 0 1 0 1 
0 1 1 0 0 0 1 1 0 0 
0 0 0 0 0 0 1 1 1 1 
0 1 0 0 0 1 0 1 0 1 
0 0 0 0 1 1 0 1 1 0 
0 1 0 1 1 0 1 0 0 0 
0 1 0 0 1 1 1 0 0 0 
1 0 0 1 0 0 1 0 1 0 
1 1 0 1 0 0 0 0 0 1 
0 1 0 1 0 0 0 1 1 0 
0 1 1 1 0 0 0 0 1 0 
0 1 0 0 0 1 0 1 0 1 
1 1 0 0 1 1 0 0 0 0 
1 1 1 0 1 0 0 0 0 0 
0 0 0 0 1 0 1 1 1 0 
1 1 1 1 0 0 0 0 0 0 
Open stacks: 18
Took 8.32 seconds

buffer: Warwick 970: balanced products, 4 products per order
numCustomers: 20
numProducts: 10
1 1 0 1 0 0 0 0 1 0 
1 0 0 1 0 1 0 1 0 0 
1 0 0 0 0 0 0 1 1 1 
0 1 1 0 1 1 0 0 0 0 
1 1 0 1 0 1 0 0 0 0 
0 1 0 1 0 1 0 0 1 0 
1 0 1 0 1 0 0 0 0 1 
0 1 0 0 1 1 0 0 0 1 
0 1 1 0 0 0 1 0 1 0 
1 0 1 0 0 0 1 0 0 1 
1 0 1 0 0 0 0 1 1 0 
1 0 1 0 0 0 1 0 1 0 
1 1 0 0 0 0 1 1 0 0 
0 0 0 0 1 1 0 1 0 1 
0 0 0 0 1 0 1 0 1 1 
1 1 0 1 0 1 0 0 0 0 
1 0 1 0 0 0 0 1 0 1 
0 0 1 1 1 0 0 0 0 1 
1 0 0 0 1 0 1 0 1 0 
0 0 0 1 0 1 0 1 0 1 
numSequences: 3628800
minStacks: 17
Best sequence:
9 7 5 4 3 1 2 0 6 8 
0 0 0 0 1 1 0 1 0 1 
0 1 1 0 1 0 0 1 0 0 
1 1 0 0 0 0 0 1 0 1 
0 0 1 1 0 1 1 0 0 0 
0 0 1 0 1 1 0 1 0 0 
0 0 1 0 1 1 0 0 0 1 
1 0 0 1 0 0 1 1 0 0 
1 0 1 1 0 1 0 0 0 0 
0 0 0 0 0 1 1 0 1 1 
1 0 0 0 0 0 1 1 1 0 
0 1 0 0 0 0 1 1 0 1 
0 0 0 0 0 0 1 1 1 1 
0 1 0 0 0 1 0 1 1 0 
1 1 1 1 0 0 0 0 0 0 
1 0 0 1 0 0 0 0 1 1 
0 0 1 0 1 1 0 1 0 0 
1 1 0 0 0 0 1 1 0 0 
1 0 0 1 1 0 1 0 0 0 
0 0 0 1 0 0 0 1 1 1 
1 1 1 0 1 0 0 0 0 0 
Open stacks: 17
Took 8.33 seconds

buffer: Warwick 971: balanced products, 5 products per order
numCustomers: 20
numProducts: 10
0 0 1 0 1 0 1 1 1 0 
1 1 0 0 1 0 1 1 0 0 
1 0 0 1 0 1 0 1 0 1 
0 1 1 1 0 1 1 0 0 0 
1 0 1 0 0 0 0 1 1 1 
1 0 1 0 0 0 0 1 1 1 
1 0 0 1 1 0 0 1 0 1 
1 1 1 0 1 0 1 0 0 0 
1 0 1 0 0 0 1 1 1 0 
0 0 0 0 0 1 1 1 1 1 
0 0 1 0 0 1 1 0 1 1 
1 0 1 1 0 0 1 1 0 0 
1 1 0 0 0 1 1 0 1 0 
1 1 1 0 0 0 0 1 0 1 
0 1 0 0 1 1 1 1 0 0 
0 0 0 1 1 1 1 0 1 0 
1 0 1 0 0 1 1 0 0 1 
0 0 1 1 1 1 1 0 0 0 
1 0 1 0 0 1 1 1 0 0 
1 1 1 1 0 1 0 0 0 0 
numSequences: 3628800
minStacks: 19
Best sequence:
9 7 1 0 2 4 5 3 6 8 
0 1 0 0 1 1 0 0 1 1 
0 1 1 1 0 1 0 0 1 0 
1 1 0 1 0 0 1 1 0 0 
0 0 1 0 1 0 1 1 1 0 
1 1 0 1 1 0 0 0 0 1 
1 1 0 1 1 0 0 0 0 1 
1 1 0 1 0 1 0 1 0 0 
0 0 1 1 1 1 0 0 1 0 
0 1 0 1 1 0 0 0 1 1 
1 1 0 0 0 0 1 0 1 1 
1 0 0 0 1 0 1 0 1 1 
0 1 0 1 1 0 0 1 1 0 
0 0 1 1 0 0 1 0 1 1 
1 1 1 1 1 0 0 0 0 0 
0 1 1 0 0 1 1 0 1 0 
0 0 0 0 0 1 1 1 1 1 
1 0 0 1 1 0 1 0 1 0 
0 0 0 0 1 1 1 1 1 0 
0 1 0 1 1 0 1 0 1 0 
0 0 1 1 1 0 1 1 0 0 
Open stacks: 19
Took 8.41 seconds

buffer: Warwick 972: balanced products, 5 products per order
numCustomers: 20
numProducts: 10
0 1 0 0 1 1 1 1 0 0 
1 1 1 0 1 1 0 0 0 0 
1 1 0 0 1 1 0 0 1 0 
0 1 1 1 1 0 0 1 0 0 
1 1 0 0 0 1 1 0 0 1 
0 1 0 0 0 1 1 0 1 1 
0 1 0 0 0 0 1 1 1 1 
0 0 1 0 0 1 0 1 1 1 
0 0 1 1 1 1 0 1 0 0 
0 1 0 1 1 1 0 0 0 1 
0 1 0 1 0 1 0 1 1 0 
0 1 1 0 0 0 1 1 1 0 
1 0 1 1 0 1 0 0 0 1 
0 0 1 0 0 1 0 1 1 1 
1 1 0 0 1 1 0 1 0 0 
1 0 1 1 0 0 0 1 0 1 
1 0 0 1 1 1 1 0 0 0 
1 0 0 0 0 0 1 1 1 1 
0 1 0 0 1 1 0 0 1 1 
0 1 0 1 1 0 1 0 0 1 
numSequences: 3628800
minStacks: 20
Best sequence:
9 0 1 2 3 4 5 6 7 8 
0 0 1 0 0 1 1 1 1 0 
0 1 1 1 0 1 1 0 0 0 
0 1 1 0 0 1 1 0 0 1 
0 0 1 1 1 1 0 0 1 0 
1 1 1 0 0 0 1 1 0 0 
1 0 1 0 0 0 1 1 0 1 
1 0 1 0 0 0 0 1 1 1 
1 0 0 1 0 0 1 0 1 1 
0 0 0 1 1 1 1 0 1 0 
1 0 1 0 1 1 1 0 0 0 
0 0 1 0 1 0 1 0 1 1 
0 0 1 1 0 0 0 1 1 1 
1 1 0 1 1 0 1 0 0 0 
1 0 0 1 0 0 1 0 1 1 
0 1 1 0 0 1 1 0 1 0 
1 1 0 1 1 0 0 0 1 0 
0 1 0 0 1 1 1 1 0 0 
1 1 0 0 0 0 0 1 1 1 
1 0 1 0 0 1 1 0 0 1 
1 0 1 0 1 1 0 1 0 0 
Open stacks: 20
Took 8.4 seconds

buffer: Warwick 973: balanced products, 5 products per order
numCustomers: 20
numProducts: 10
0 1 0 0 1 1 0 1 1 0 
1 0 1 1 0 0 0 1 0 1 
0 0 0 0 0 1 1 1 1 1 
0 0 1 1 1 0 1 0 0 1 
1 1 0 0 0 0 0 1 1 1 
1 0 0 0 1 1 1 0 0 1 
0 1 1 1 0 0 0 0 1 1 
1 0 1 0 1 0 1 0 0 1 
1 0 0 0 1 0 1 1 1 0 
0 1 0 0 1 1 1 0 1 0 
1 0 0 1 1 0 1 0 0 1 
1 0 1 0 0 1 1 0 0 1 
0 1 0 1 1 0 0 1 0 1 
1 0 0 1 1 0 1 1 0 0 
1 1 0 0 0 0 1 1 1 0 
0 0 1 0 1 1 1 0 0 1 
0 0 1 0 1 1 0 1 0 1 
1 0 1 0 1 1 0 0 0 1 
1 1 0 1 0 0 0 1 0 1 
1 0 0 1 0 1 0 1 1 0 
numSequences: 3628800
minStacks: 19
Best sequence:
9 7 0 2 3 4 5 1 6 8 
0 1 0 0 0 1 1 1 0 1 
1 1 1 1 1 0 0 0 0 0 
1 1 0 0 0 0 1 0 1 1 
1 0 0 1 1 1 0 0 1 0 
1 1 1 0 0 0 0 1 0 1 
1 0 1 0 0 1 1 0 1 0 
1 0 0 1 1 0 0 1 0 1 
1 0 1 1 0 1 0 0 1 0 
0 1 1 0 0 1 0 0 1 1 
0 0 0 0 0 1 1 1 1 1 
1 0 1 0 1 1 0 0 1 0 
1 0 1 1 0 0 1 0 1 0 
1 1 0 0 1 1 0 1 0 0 
0 1 1 0 1 1 0 0 1 0 
0 1 1 0 0 0 0 1 1 1 
1 0 0 1 0 1 1 0 1 0 
1 1 0 1 0 1 1 0 0 0 
1 0 1 1 0 1 1 0 0 0 
1 1 1 0 1 0 0 1 0 0 
0 1 1 0 1 0 1 0 0 1 
Open stacks: 19
Took 8.39 seconds

buffer: Warwick 974: balanced products, 5 products per order
numCustomers: 20
numProducts: 10
1 1 0 0 1 0 0 0 1 1 
1 1 1 0 0 0 0 0 1 1 
0 1 1 0 0 1 0 1 0 1 
1 1 0 0 0 0 1 1 0 1 
1 1 1 0 0 1 0 0 1 0 
1 1 1 0 0 1 0 0 0 1 
1 0 1 0 1 0 0 1 0 1 
0 1 1 1 0 1 0 0 1 0 
1 1 0 1 0 0 1 1 0 0 
1 0 1 0 1 1 0 0 0 1 
1 1 1 1 0 1 0 0 0 0 
0 1 0 0 0 0 1 1 1 1 
1 0 1 0 0 0 1 1 0 1 
1 1 0 0 0 0 0 1 1 1 
1 1 0 1 1 0 0 0 0 1 
0 1 0 1 0 1 1 0 1 0 
1 1 1 1 0 0 0 0 1 0 
1 1 0 1 0 0 0 1 0 1 
0 1 1 1 0 1 0 0 0 1 
0 1 0 0 1 0 0 1 1 1 
numSequences: 3628800
minStacks: 19
Best sequence:
9 7 4 2 0 3 5 1 6 8 
1 0 1 0 1 0 0 1 0 1 
1 0 0 1 1 0 0 1 0 1 
1 1 0 1 0 0 1 1 0 0 
1 1 0 0 1 0 0 1 1 0 
0 0 0 1 1 0 1 1 0 1 
1 0 0 1 1 0 1 1 0 0 
1 1 1 1 1 0 0 0 0 0 
0 0 0 1 0 1 1 1 0 1 
0 1 0 0 1 1 0 1 1 0 
1 0 1 1 1 0 1 0 0 0 
0 0 0 1 1 1 1 1 0 0 
1 1 0 0 0 0 0 1 1 1 
1 1 0 1 1 0 0 0 1 0 
1 1 0 0 1 0 0 1 0 1 
1 0 1 0 1 1 0 1 0 0 
0 0 0 0 0 1 1 1 1 1 
0 0 0 1 1 1 0 1 0 1 
1 1 0 0 1 1 0 1 0 0 
1 0 0 1 0 1 1 1 0 0 
1 1 1 0 0 0 0 1 0 1 
Open stacks: 19
Took 8.41 seconds

buffer: Warwick 975: balanced products, 5 products per order
numCustomers: 20
numProducts: 10
0 1 0 0 1 1 1 0 1 0 
1 1 1 0 1 0 0 1 0 0 
0 1 0 0 1 0 1 0 1 1 
1 0 1 0 1 0 0 1 0 1 
0 1 1 0 0 0 1 1 0 1 
0 1 1 0 1 0 1 1 0 0 
1 0 1 0 1 0 0 1 1 0 
1 0 0 1 1 0 1 0 1 0 
0 0 1 1 0 1 0 0 1 1 
0 0 0 0 0 1 1 1 1 1 
1 0 0 1 1 0 0 1 1 0 
0 1 0 0 1 1 1 0 1 0 
0 0 1 0 1 1 1 0 1 0 
1 1 1 0 0 0 0 1 0 1 
1 0 1 1 0 0 1 0 1 0 
0 1 0 1 1 1 0 0 1 0 
1 1 0 0 1 0 0 1 0 1 
1 0 1 0 0 1 1 1 0 0 
1 0 1 1 0 1 1 0 0 0 
0 1 0 0 0 1 0 1 1 1 
numSequences: 3628800
minStacks: 20
Best sequence:
9 0 1 2 3 4 5 6 7 8 
0 0 1 0 0 1 1 1 0 1 
0 1 1 1 0 1 0 0 1 0 
1 0 1 0 0 1 0 1 0 1 
1 1 0 1 0 1 0 0 1 0 
1 0 1 1 0 0 0 1 1 0 
0 0 1 1 0 1 0 1 1 0 
0 1 0 1 0 1 0 0 1 1 
0 1 0 0 1 1 0 1 0 1 
1 0 0 1 1 0 1 0 0 1 
1 0 0 0 0 0 1 1 1 1 
0 1 0 0 1 1 0 0 1 1 
0 0 1 0 0 1 1 1 0 1 
0 0 0 1 0 1 1 1 0 1 
1 1 1 1 0 0 0 0 1 0 
0 1 0 1 1 0 0 1 0 1 
0 0 1 0 1 1 1 0 0 1 
1 1 1 0 0 1 0 0 1 0 
0 1 0 1 0 0 1 1 1 0 
0 1 0 1 1 0 1 1 0 0 
1 0 1 0 0 0 1 0 1 1 
Open stacks: 20
Took 8.41 seconds

buffer: Warwick 976: balanced products, 5 products per order
numCustomers: 20
numProducts: 10
1 1 0 0 1 0 1 0 1 0 
0 1 0 0 0 0 1 1 1 1 
1 0 1 1 0 0 0 1 1 0 
1 1 1 0 0 1 0 0 1 0 
0 1 0 0 1 0 0 1 1 1 
1 1 1 0 1 1 0 0 0 0 
1 0 0 1 1 0 0 1 0 1 
0 1 0 0 1 0 1 0 1 1 
1 1 0 0 1 1 1 0 0 0 
0 1 0 0 0 1 0 1 1 1 
0 0 0 1 1 0 1 0 1 1 
0 1 0 1 1 1 0 0 0 1 
0 1 1 1 1 0 1 0 0 0 
0 1 1 1 0 0 0 0 1 1 
0 1 0 0 0 1 0 1 1 1 
1 1 0 1 0 0 0 1 1 0 
0 1 1 0 1 0 0 1 1 0 
0 1 1 0 1 0 1 0 1 0 
0 1 1 1 0 0 1 0 1 0 
1 0 0 1 0 0 1 1 1 0 
numSequences: 3628800
minStacks: 20
Best sequence:
9 0 1 2 3 4 5 6 7 8 
0 1 1 0 0 1 0 1 0 1 
1 0 1 0 0 0 0 1 1 1 
0 1 0 1 1 0 0 0 1 1 
0 1 1 1 0 0 1 0 0 1 
1 0 1 0 0 1 0 0 1 1 
0 1 1 1 0 1 1 0 0 0 
1 1 0 0 1 1 0 0 1 0 
1 0 1 0 0 1 0 1 0 1 
0 1 1 0 0 1 1 1 0 0 
1 0 1 0 0 0 1 0 1 1 
1 0 0 0 1 1 0 1 0 1 
1 0 1 0 1 1 1 0 0 0 
0 0 1 1 1 1 0 1 0 0 
1 0 1 1 1 0 0 0 0 1 
1 0 1 0 0 0 1 0 1 1 
0 1 1 0 1 0 0 0 1 1 
0 0 1 1 0 1 0 0 1 1 
0 0 1 1 0 1 0 1 0 1 
0 0 1 1 1 0 0 1 0 1 
0 1 0 0 1 0 0 1 1 1 
Open stacks: 20
Took 8.4 seconds

buffer: Warwick 977: balanced products, 5 products per order
numCustomers: 20
numProducts: 10
1 0 0 1 1 0 1 0 0 1 
0 1 1 0 0 1 0 0 1 1 
0 1 0 1 0 1 1 0 0 1 
1 0 1 0 1 0 0 0 1 1 
0 1 0 0 1 0 1 1 1 0 
0 0 0 1 1 1 0 0 1 1 
0 1 1 0 1 0 0 1 0 1 
0 1 1 1 1 0 0 0 0 1 
0 1 0 0 0 1 1 1 0 1 
1 1 1 0 1 0 1 0 0 0 
0 1 0 1 0 1 0 1 1 0 
0 0 1 1 1 0 0 1 0 1 
1 1 0 0 0 1 0 1 0 1 
0 1 0 0 0 1 0 1 1 1 
1 1 0 0 0 1 1 0 1 0 
0 1 0 1 0 1 1 0 0 1 
1 0 0 1 1 0 1 1 0 0 
1 1 0 1 0 0 1 0 0 1 
0 0 0 0 1 0 1 1 1 1 
0 1 0 0 1 1 1 0 1 0 
numSequences: 3628800
minStacks: 19
Best sequence:
9 7 4 2 3 1 5 0 6 8 
1 0 1 0 1 0 0 1 1 0 
1 0 0 1 0 1 1 0 0 1 
1 0 0 0 1 1 1 0 1 0 
1 0 1 1 0 0 0 1 0 1 
0 1 1 0 0 1 0 0 1 1 
1 0 1 0 1 0 1 0 0 1 
1 1 1 1 0 1 0 0 0 0 
1 0 1 1 1 1 0 0 0 0 
1 1 0 0 0 1 1 0 1 0 
0 0 1 1 0 1 0 1 1 0 
0 1 0 0 1 1 1 0 0 1 
1 1 1 1 1 0 0 0 0 0 
1 1 0 0 0 1 1 1 0 0 
1 1 0 0 0 1 1 0 0 1 
0 0 0 0 0 1 1 1 1 1 
1 0 0 0 1 1 1 0 1 0 
0 1 1 0 1 0 0 1 1 0 
1 0 0 0 1 1 0 1 1 0 
1 1 1 0 0 0 0 0 1 1 
0 0 1 0 0 1 1 0 1 1 
Open stacks: 19
Took 8.4 seconds

buffer: Warwick 978: balanced products, 5 products per order
numCustomers: 20
numProducts: 10
1 0 1 1 0 1 0 0 1 0 
1 0 1 0 0 0 0 1 1 1 
0 0 0 1 1 1 0 1 1 0 
1 0 1 1 0 0 1 0 1 0 
1 0 1 0 0 1 0 1 1 0 
0 1 1 1 0 0 0 1 0 1 
1 1 0 1 0 0 1 1 0 0 
0 0 1 0 1 0 0 1 1 1 
0 1 0 0 0 1 1 0 1 1 
0 1 1 0 0 1 1 0 1 0 
1 1 1 0 0 0 1 1 0 0 
0 0 0 1 1 0 1 1 1 0 
1 0 1 0 1 0 0 1 0 1 
1 1 0 0 1 0 0 0 1 1 
0 0 1 0 1 1 0 1 1 0 
0 0 1 1 1 0 0 1 1 0 
0 0 1 1 0 1 0 1 1 0 
1 1 0 0 1 0 0 0 1 1 
1 1 0 0 1 0 0 1 1 0 
0 0 1 0 0 1 1 0 1 1 
numSequences: 3628800
minStacks: 20
Best sequence:
9 0 1 2 3 4 5 6 7 8 
0 1 0 1 1 0 1 0 0 1 
1 1 0 1 0 0 0 0 1 1 
0 0 0 0 1 1 1 0 1 1 
0 1 0 1 1 0 0 1 0 1 
0 1 0 1 0 0 1 0 1 1 
1 0 1 1 1 0 0 0 1 0 
0 1 1 0 1 0 0 1 1 0 
1 0 0 1 0 1 0 0 1 1 
1 0 1 0 0 0 1 1 0 1 
0 0 1 1 0 0 1 1 0 1 
0 1 1 1 0 0 0 1 1 0 
0 0 0 0 1 1 0 1 1 1 
1 1 0 1 0 1 0 0 1 0 
1 1 1 0 0 1 0 0 0 1 
0 0 0 1 0 1 1 0 1 1 
0 0 0 1 1 1 0 0 1 1 
0 0 0 1 1 0 1 0 1 1 
1 1 1 0 0 1 0 0 0 1 
0 1 1 0 0 1 0 0 1 1 
1 0 0 1 0 0 1 1 0 1 
Open stacks: 20
Took 8.4 seconds

buffer: Warwick 979: balanced products, 5 products per order
numCustomers: 20
numProducts: 10
0 0 0 1 1 0 1 1 1 0 
0 0 0 1 0 1 1 1 1 0 
1 1 1 0 1 1 0 0 0 0 
0 1 1 0 0 1 1 0 1 0 
1 1 0 0 0 1 1 0 0 1 
0 0 0 1 1 0 1 0 1 1 
1 0 1 0 0 1 1 1 0 0 
0 1 1 0 1 0 0 1 0 1 
1 0 0 1 1 0 0 1 1 0 
0 1 0 1 0 1 1 0 0 1 
0 1 1 0 1 0 1 1 0 0 
1 1 0 1 0 0 0 1 1 0 
1 0 0 1 1 1 0 0 1 0 
0 0 1 0 0 1 1 0 1 1 
1 0 0 1 0 1 1 0 0 1 
1 1 0 1 0 0 1 0 1 0 
1 1 0 1 0 0 1 1 0 0 
1 1 0 1 1 0 0 0 1 0 
1 0 1 0 0 0 1 1 0 1 
0 0 0 1 0 1 1 1 1 0 
numSequences: 3628800
minStacks: 20
Best sequence:
9 0 1 2 3 4 5 6 7 8 
0 0 0 0 1 1 0 1 1 1 
0 0 0 0 1 0 1 1 1 1 
0 1 1 1 0 1 1 0 0 0 
0 0 1 1 0 0 1 1 0 1 
1 1 1 0 0 0 1 1 0 0 
1 0 0 0 1 1 0 1 0 1 
0 1 0 1 0 0 1 1 1 0 
1 0 1 1 0 1 0 0 1 0 
0 1 0 0 1 1 0 0 1 1 
1 0 1 0 1 0 1 1 0 0 
0 0 1 1 0 1 0 1 1 0 
0 1 1 0 1 0 0 0 1 1 
0 1 0 0 1 1 1 0 0 1 
1 0 0 1 0 0 1 1 0 1 
1 1 0 0 1 0 1 1 0 0 
0 1 1 0 1 0 0 1 0 1 
0 1 1 0 1 0 0 1 1 0 
0 1 1 0 1 1 0 0 0 1 
1 1 0 1 0 0 0 1 1 0 
0 0 0 0 1 0 1 1 1 1 
Open stacks: 20
Took 8.41 seconds

buffer: Warwick 980: balanced products, 5 products per order
numCustomers: 20
numProducts: 10
0 0 1 1 1 1 0 0 0 1 
1 0 0 1 1 1 1 0 0 0 
1 1 0 0 0 1 0 0 1 1 
1 1 1 0 0 1 0 0 1 0 
0 0 1 1 1 1 1 0 0 0 
0 0 1 1 0 0 1 1 1 0 
0 0 0 0 1 1 1 1 0 1 
0 0 1 0 1 0 0 1 1 1 
1 0 1 0 1 0 1 0 1 0 
0 0 1 1 0 1 0 1 0 1 
0 0 1 0 1 1 1 0 0 1 
0 0 1 1 1 1 0 0 1 0 
1 1 0 1 0 1 0 0 0 1 
1 1 1 1 0 0 0 0 1 0 
1 1 1 0 0 0 0 1 0 1 
0 1 0 1 0 1 0 1 0 1 
0 0 1 1 1 1 0 0 1 0 
1 1 0 0 0 1 1 0 1 0 
0 1 0 1 1 1 0 1 0 0 
1 0 0 1 0 0 1 1 0 1 
numSequences: 3628800
minStacks: 19
Best sequence:
9 7 5 1 3 0 4 2 6 8 
1 0 1 0 1 0 1 1 0 0 
0 0 1 0 1 1 1 0 1 0 
1 0 1 1 0 1 0 0 0 1 
0 0 1 1 0 1 0 1 0 1 
0 0 1 0 1 0 1 1 1 0 
0 1 0 0 1 0 0 1 1 1 
1 1 1 0 0 0 1 0 1 0 
1 1 0 0 0 0 1 1 0 1 
0 0 0 0 0 1 1 1 1 1 
1 1 1 0 1 0 0 1 0 0 
1 0 1 0 0 0 1 1 1 0 
0 0 1 0 1 0 1 1 0 1 
1 0 1 1 1 1 0 0 0 0 
0 0 0 1 1 1 0 1 0 1 
1 1 0 1 0 1 0 1 0 0 
1 1 1 1 1 0 0 0 0 0 
0 0 1 0 1 0 1 1 0 1 
0 0 1 1 0 1 0 0 1 1 
0 1 1 1 1 0 1 0 0 0 
1 1 0 0 1 1 0 0 1 0 
Open stacks: 19
Took 8.39 seconds

Solved: 40 instances
totalTime: 332.81 seconds
minTime: 8.21 seconds
maxTime: 9.08 seconds
Average: 8.32025 seconds
