Solving by Dynamic Programming...
buffer: Warwick 941: balanced products, 2 products per order
numCustomers: 20
numProducts: 10
0 1 1 0 0 0 0 0 0 0 
0 1 0 0 0 1 0 0 0 0 
0 1 1 0 0 0 0 0 0 0 
1 0 0 0 0 0 0 0 0 1 
1 1 0 0 0 0 0 0 0 0 
1 0 0 0 0 1 0 0 0 0 
0 0 0 0 0 1 0 1 0 0 
1 0 0 0 0 0 0 0 1 0 
0 1 0 0 1 0 0 0 0 0 
0 1 1 0 0 0 0 0 0 0 
0 0 0 0 0 0 1 1 0 0 
0 1 1 0 0 0 0 0 0 0 
1 0 0 0 0 0 0 0 1 0 
1 0 0 0 0 0 0 0 0 1 
0 0 0 0 0 0 0 0 1 1 
0 1 0 1 0 0 0 0 0 0 
0 0 0 0 1 1 0 0 0 0 
0 0 0 0 1 0 1 0 0 0 
0 0 0 0 0 0 1 1 0 0 
1 0 0 0 0 1 0 0 0 0 
Best Sequence: 
2 1 7 6 4 5 9 3 8 0 
1 1 0 0 0 0 0 0 0 0 
0 1 0 0 0 1 0 0 0 0 
1 1 0 0 0 0 0 0 0 0 
0 0 0 0 0 0 1 0 0 1 
0 1 0 0 0 0 0 0 0 1 
0 0 0 0 0 1 0 0 0 1 
0 0 1 0 0 1 0 0 0 0 
0 0 0 0 0 0 0 0 1 1 
0 1 0 0 1 0 0 0 0 0 
1 1 0 0 0 0 0 0 0 0 
0 0 1 1 0 0 0 0 0 0 
1 1 0 0 0 0 0 0 0 0 
0 0 0 0 0 0 0 0 1 1 
0 0 0 0 0 0 1 0 0 1 
0 0 0 0 0 0 1 0 1 0 
0 1 0 0 0 0 0 1 0 0 
0 0 0 0 1 1 0 0 0 0 
0 0 0 1 1 0 0 0 0 0 
0 0 1 1 0 0 0 0 0 0 
0 0 0 0 0 1 0 0 0 1 
OpenStacks: 8
Took 0.13 seconds

buffer: Warwick 942: balanced products, 2 products per order
numCustomers: 20
numProducts: 10
0 0 0 0 1 1 0 0 0 0 
0 0 0 0 0 0 1 0 1 0 
0 0 0 1 0 1 0 0 0 0 
0 0 0 0 0 0 0 1 0 1 
0 0 1 1 0 0 0 0 0 0 
0 1 1 0 0 0 0 0 0 0 
1 0 0 0 0 0 0 1 0 0 
0 0 0 0 0 0 1 0 1 0 
0 0 0 0 0 0 0 0 1 1 
0 0 0 0 0 1 0 0 1 0 
0 0 1 0 0 0 0 0 0 1 
0 0 0 1 0 1 0 0 0 0 
0 1 0 0 0 0 0 0 1 0 
0 1 0 0 0 0 0 0 0 1 
0 0 0 0 1 1 0 0 0 0 
0 0 1 0 0 0 0 1 0 0 
0 0 0 0 1 0 0 0 1 0 
0 1 0 0 0 0 0 0 0 1 
0 0 0 0 0 1 0 0 0 1 
0 1 0 0 0 0 0 0 0 1 
Best Sequence: 
8 6 4 5 3 9 7 2 1 0 
0 0 1 1 0 0 0 0 0 0 
1 1 0 0 0 0 0 0 0 0 
0 0 0 1 1 0 0 0 0 0 
0 0 0 0 0 1 1 0 0 0 
0 0 0 0 1 0 0 1 0 0 
0 0 0 0 0 0 0 1 1 0 
0 0 0 0 0 0 1 0 0 1 
1 1 0 0 0 0 0 0 0 0 
1 0 0 0 0 1 0 0 0 0 
1 0 0 1 0 0 0 0 0 0 
0 0 0 0 0 1 0 1 0 0 
0 0 0 1 1 0 0 0 0 0 
1 0 0 0 0 0 0 0 1 0 
0 0 0 0 0 1 0 0 1 0 
0 0 1 1 0 0 0 0 0 0 
0 0 0 0 0 0 1 1 0 0 
1 0 1 0 0 0 0 0 0 0 
0 0 0 0 0 1 0 0 1 0 
0 0 0 1 0 1 0 0 0 0 
0 0 0 0 0 1 0 0 1 0 
OpenStacks: 9
Took 0.14 seconds

buffer: Warwick 943: balanced products, 2 products per order
numCustomers: 20
numProducts: 10
0 0 0 0 0 1 0 0 0 1 
0 0 0 0 0 1 0 0 0 1 
0 0 1 0 0 0 0 0 0 1 
0 0 1 0 0 0 0 1 0 0 
1 0 0 0 0 0 0 0 1 0 
0 0 0 0 0 0 0 1 0 1 
0 0 0 0 0 0 1 0 0 1 
0 0 0 1 0 0 1 0 0 0 
0 0 0 1 0 1 0 0 0 0 
1 0 0 0 0 0 1 0 0 0 
0 1 0 0 0 0 0 0 1 0 
0 1 1 0 0 0 0 0 0 0 
1 0 0 1 0 0 0 0 0 0 
0 0 0 1 0 1 0 0 0 0 
0 0 0 0 1 0 0 0 1 0 
0 1 0 0 0 1 0 0 0 0 
0 0 0 1 0 0 1 0 0 0 
0 0 0 1 0 0 0 0 0 1 
0 0 0 0 0 0 0 1 1 0 
0 1 0 0 0 0 1 0 0 0 
Best Sequence: 
9 5 7 2 1 8 4 6 3 0 
1 1 0 0 0 0 0 0 0 0 
1 1 0 0 0 0 0 0 0 0 
1 0 0 1 0 0 0 0 0 0 
0 0 1 1 0 0 0 0 0 0 
0 0 0 0 0 1 0 0 0 1 
1 0 1 0 0 0 0 0 0 0 
1 0 0 0 0 0 0 1 0 0 
0 0 0 0 0 0 0 1 1 0 
0 1 0 0 0 0 0 0 1 0 
0 0 0 0 0 0 0 1 0 1 
0 0 0 0 1 1 0 0 0 0 
0 0 0 1 1 0 0 0 0 0 
0 0 0 0 0 0 0 0 1 1 
0 1 0 0 0 0 0 0 1 0 
0 0 0 0 0 1 1 0 0 0 
0 1 0 0 1 0 0 0 0 0 
0 0 0 0 0 0 0 1 1 0 
1 0 0 0 0 0 0 0 1 0 
0 0 1 0 0 1 0 0 0 0 
0 0 0 0 1 0 0 1 0 0 
OpenStacks: 9
Took 0.13 seconds

buffer: Warwick 944: balanced products, 2 products per order
numCustomers: 20
numProducts: 10
1 0 1 0 0 0 0 0 0 0 
0 0 0 1 0 1 0 0 0 0 
1 0 0 0 1 0 0 0 0 0 
0 0 1 0 0 1 0 0 0 0 
0 0 1 0 0 0 0 0 1 0 
1 0 0 0 1 0 0 0 0 0 
1 0 0 0 0 0 0 0 0 1 
0 0 0 0 0 1 1 0 0 0 
0 0 0 1 0 0 0 1 0 0 
1 0 0 0 0 1 0 0 0 0 
1 0 0 0 0 0 1 0 0 0 
0 1 0 0 0 0 1 0 0 0 
0 1 0 0 0 0 0 0 1 0 
0 0 0 0 1 0 1 0 0 0 
1 0 0 0 0 0 0 0 1 0 
0 0 0 1 1 0 0 0 0 0 
0 0 1 0 0 0 1 0 0 0 
0 0 0 0 1 0 1 0 0 0 
0 1 0 0 0 1 0 0 0 0 
0 1 0 0 0 0 0 0 1 0 
Best Sequence: 
6 4 7 3 5 1 8 9 2 0 
0 0 0 0 0 0 0 0 1 1 
0 0 0 1 1 0 0 0 0 0 
0 1 0 0 0 0 0 0 0 1 
0 0 0 0 1 0 0 0 1 0 
0 0 0 0 0 0 1 0 1 0 
0 1 0 0 0 0 0 0 0 1 
0 0 0 0 0 0 0 1 0 1 
1 0 0 0 1 0 0 0 0 0 
0 0 1 1 0 0 0 0 0 0 
0 0 0 0 1 0 0 0 0 1 
1 0 0 0 0 0 0 0 0 1 
1 0 0 0 0 1 0 0 0 0 
0 0 0 0 0 1 1 0 0 0 
1 1 0 0 0 0 0 0 0 0 
0 0 0 0 0 0 1 0 0 1 
0 1 0 1 0 0 0 0 0 0 
1 0 0 0 0 0 0 0 1 0 
1 1 0 0 0 0 0 0 0 0 
0 0 0 0 1 1 0 0 0 0 
0 0 0 0 0 1 1 0 0 0 
OpenStacks: 10
Took 0.13 seconds

buffer: Warwick 945: balanced products, 2 products per order
numCustomers: 20
numProducts: 10
1 0 0 0 0 0 1 0 0 0 
1 0 0 0 0 0 0 1 0 0 
0 0 0 0 0 0 0 1 0 1 
0 0 0 0 0 1 0 0 0 1 
0 1 0 0 0 1 0 0 0 0 
0 1 0 0 0 0 1 0 0 0 
0 1 0 0 1 0 0 0 0 0 
0 1 0 0 1 0 0 0 0 0 
0 0 1 0 0 0 0 0 1 0 
0 0 0 0 1 0 0 1 0 0 
1 0 0 0 0 0 0 1 0 0 
1 0 1 0 0 0 0 0 0 0 
1 0 0 0 0 0 1 0 0 0 
0 0 0 0 0 1 0 0 1 0 
0 0 0 0 0 1 1 0 0 0 
0 0 0 1 1 0 0 0 0 0 
0 0 0 0 1 0 0 0 0 1 
0 0 0 0 1 0 0 1 0 0 
0 0 0 0 0 1 0 1 0 0 
0 1 0 0 0 0 0 0 0 1 
Best Sequence: 
4 3 7 9 1 8 5 6 2 0 
0 0 0 0 0 0 0 1 0 1 
0 0 1 0 0 0 0 0 0 1 
0 0 1 1 0 0 0 0 0 0 
0 0 0 1 0 0 1 0 0 0 
0 0 0 0 1 0 1 0 0 0 
0 0 0 0 1 0 0 1 0 0 
1 0 0 0 1 0 0 0 0 0 
1 0 0 0 1 0 0 0 0 0 
0 0 0 0 0 1 0 0 1 0 
1 0 1 0 0 0 0 0 0 0 
0 0 1 0 0 0 0 0 0 1 
0 0 0 0 0 0 0 0 1 1 
0 0 0 0 0 0 0 1 0 1 
0 0 0 0 0 1 1 0 0 0 
0 0 0 0 0 0 1 1 0 0 
1 1 0 0 0 0 0 0 0 0 
1 0 0 1 0 0 0 0 0 0 
1 0 1 0 0 0 0 0 0 0 
0 0 1 0 0 0 1 0 0 0 
0 0 0 1 1 0 0 0 0 0 
OpenStacks: 9
Took 0.13 seconds

buffer: Warwick 946: balanced products, 2 products per order
numCustomers: 20
numProducts: 10
0 0 0 0 0 1 0 1 0 0 
0 1 0 0 0 1 0 0 0 0 
0 1 0 0 0 0 0 1 0 0 
0 0 0 1 0 0 1 0 0 0 
0 1 0 0 0 1 0 0 0 0 
0 0 0 0 0 1 0 1 0 0 
0 0 0 0 0 0 1 0 0 1 
0 0 0 0 0 0 0 1 0 1 
0 0 1 0 0 0 0 1 0 0 
0 1 0 0 0 0 0 1 0 0 
0 0 0 0 0 1 1 0 0 0 
0 0 0 0 0 1 0 0 1 0 
1 0 0 0 0 0 0 0 1 0 
1 0 0 0 0 1 0 0 0 0 
0 0 0 1 0 0 0 0 1 0 
0 0 0 0 0 0 1 0 0 1 
0 0 0 1 0 0 1 0 0 0 
0 1 0 0 1 0 0 0 0 0 
0 1 0 0 0 0 0 0 1 0 
0 1 0 0 0 0 0 0 0 1 
Best Sequence: 
4 1 7 9 2 5 8 6 3 0 
0 0 1 0 0 1 0 0 0 0 
0 1 0 0 0 1 0 0 0 0 
0 1 1 0 0 0 0 0 0 0 
0 0 0 0 0 0 0 1 1 0 
0 1 0 0 0 1 0 0 0 0 
0 0 1 0 0 1 0 0 0 0 
0 0 0 1 0 0 0 1 0 0 
0 0 1 1 0 0 0 0 0 0 
0 0 1 0 1 0 0 0 0 0 
0 1 1 0 0 0 0 0 0 0 
0 0 0 0 0 1 0 1 0 0 
0 0 0 0 0 1 1 0 0 0 
0 0 0 0 0 0 1 0 0 1 
0 0 0 0 0 1 0 0 0 1 
0 0 0 0 0 0 1 0 1 0 
0 0 0 1 0 0 0 1 0 0 
0 0 0 0 0 0 0 1 1 0 
1 1 0 0 0 0 0 0 0 0 
0 1 0 0 0 0 1 0 0 0 
0 1 0 1 0 0 0 0 0 0 
OpenStacks: 10
Took 0.13 seconds

buffer: Warwick 947: balanced products, 2 products per order
numCustomers: 20
numProducts: 10
0 0 1 1 0 0 0 0 0 0 
0 0 0 1 1 0 0 0 0 0 
0 0 1 0 0 1 0 0 0 0 
0 0 1 0 0 0 1 0 0 0 
0 0 1 0 0 1 0 0 0 0 
0 0 0 0 0 1 0 0 0 1 
0 0 0 0 0 0 0 0 1 1 
0 1 0 0 0 0 0 1 0 0 
0 0 1 0 0 1 0 0 0 0 
0 1 0 0 1 0 0 0 0 0 
0 1 0 0 0 0 0 1 0 0 
1 0 0 0 0 0 0 1 0 0 
0 1 0 0 1 0 0 0 0 0 
0 0 0 0 0 1 1 0 0 0 
1 0 0 0 1 0 0 0 0 0 
0 0 0 0 0 0 1 0 0 1 
0 0 0 0 0 0 0 0 1 1 
0 0 0 0 1 1 0 0 0 0 
0 1 1 0 0 0 0 0 0 0 
0 1 0 0 0 0 1 0 0 0 
Best Sequence: 
9 8 6 5 2 4 3 7 1 0 
0 0 0 0 1 0 1 0 0 0 
0 0 0 0 0 1 1 0 0 0 
0 0 0 1 1 0 0 0 0 0 
0 0 1 0 1 0 0 0 0 0 
0 0 0 1 1 0 0 0 0 0 
1 0 0 1 0 0 0 0 0 0 
1 1 0 0 0 0 0 0 0 0 
0 0 0 0 0 0 0 1 1 0 
0 0 0 1 1 0 0 0 0 0 
0 0 0 0 0 1 0 0 1 0 
0 0 0 0 0 0 0 1 1 0 
0 0 0 0 0 0 0 1 0 1 
0 0 0 0 0 1 0 0 1 0 
0 0 1 1 0 0 0 0 0 0 
0 0 0 0 0 1 0 0 0 1 
1 0 1 0 0 0 0 0 0 0 
1 1 0 0 0 0 0 0 0 0 
0 0 0 1 0 1 0 0 0 0 
0 0 0 0 1 0 0 0 1 0 
0 0 1 0 0 0 0 0 1 0 
OpenStacks: 8
Took 0.14 seconds

buffer: Warwick 948: balanced products, 2 products per order
numCustomers: 20
numProducts: 10
1 0 0 0 0 0 1 0 0 0 
1 0 0 0 0 0 0 0 1 0 
0 1 0 0 0 0 0 0 0 1 
0 0 0 1 0 1 0 0 0 0 
1 1 0 0 0 0 0 0 0 0 
0 0 1 0 0 0 1 0 0 0 
0 0 0 0 0 0 1 0 1 0 
0 1 0 0 0 1 0 0 0 0 
0 0 1 0 1 0 0 0 0 0 
0 0 0 0 1 0 0 1 0 0 
0 1 0 1 0 0 0 0 0 0 
0 1 0 0 0 1 0 0 0 0 
0 0 1 0 0 0 0 1 0 0 
0 0 0 0 0 0 0 1 0 1 
0 0 0 0 1 0 0 1 0 0 
0 1 0 0 0 0 1 0 0 0 
0 0 0 1 0 0 0 1 0 0 
0 1 0 0 0 0 0 0 0 1 
1 0 0 0 0 0 0 1 0 0 
0 0 1 0 0 0 0 0 1 0 
Best Sequence: 
9 1 5 3 7 4 2 8 6 0 
0 0 0 0 0 0 0 0 1 1 
0 0 0 0 0 0 0 1 0 1 
1 1 0 0 0 0 0 0 0 0 
0 0 1 1 0 0 0 0 0 0 
0 1 0 0 0 0 0 0 0 1 
0 0 0 0 0 0 1 0 1 0 
0 0 0 0 0 0 0 1 1 0 
0 1 1 0 0 0 0 0 0 0 
0 0 0 0 0 1 1 0 0 0 
0 0 0 0 1 1 0 0 0 0 
0 1 0 1 0 0 0 0 0 0 
0 1 1 0 0 0 0 0 0 0 
0 0 0 0 1 0 1 0 0 0 
1 0 0 0 1 0 0 0 0 0 
0 0 0 0 1 1 0 0 0 0 
0 1 0 0 0 0 0 0 1 0 
0 0 0 1 1 0 0 0 0 0 
1 1 0 0 0 0 0 0 0 0 
0 0 0 0 1 0 0 0 0 1 
0 0 0 0 0 0 1 1 0 0 
OpenStacks: 8
Took 0.13 seconds

buffer: Warwick 949: balanced products, 2 products per order
numCustomers: 20
numProducts: 10
0 0 0 0 1 1 0 0 0 0 
0 1 0 0 1 0 0 0 0 0 
0 0 0 0 1 1 0 0 0 0 
1 0 0 0 1 0 0 0 0 0 
0 0 1 0 0 0 0 1 0 0 
1 0 0 0 1 0 0 0 0 0 
1 0 0 0 0 0 0 0 1 0 
0 1 0 0 1 0 0 0 0 0 
0 0 1 0 0 0 1 0 0 0 
0 0 1 0 0 0 1 0 0 0 
0 0 0 0 0 0 1 0 1 0 
1 0 0 1 0 0 0 0 0 0 
0 0 1 0 0 0 0 0 0 1 
0 0 0 0 1 0 0 0 1 0 
0 1 0 0 0 0 0 0 0 1 
1 0 0 0 0 0 1 0 0 0 
0 1 1 0 0 0 0 0 0 0 
0 0 0 0 0 1 0 1 0 0 
1 0 0 0 1 0 0 0 0 0 
0 1 0 0 0 0 0 0 1 0 
Best Sequence: 
9 2 6 1 8 7 5 4 3 0 
0 0 0 0 0 0 1 1 0 0 
0 0 0 1 0 0 0 1 0 0 
0 0 0 0 0 0 1 1 0 0 
0 0 0 0 0 0 0 1 0 1 
0 1 0 0 0 1 0 0 0 0 
0 0 0 0 0 0 0 1 0 1 
0 0 0 0 1 0 0 0 0 1 
0 0 0 1 0 0 0 1 0 0 
0 1 1 0 0 0 0 0 0 0 
0 1 1 0 0 0 0 0 0 0 
0 0 1 0 1 0 0 0 0 0 
0 0 0 0 0 0 0 0 1 1 
1 1 0 0 0 0 0 0 0 0 
0 0 0 0 1 0 0 1 0 0 
1 0 0 1 0 0 0 0 0 0 
0 0 1 0 0 0 0 0 0 1 
0 1 0 1 0 0 0 0 0 0 
0 0 0 0 0 1 1 0 0 0 
0 0 0 0 0 0 0 1 0 1 
0 0 0 1 1 0 0 0 0 0 
OpenStacks: 10
Took 0.13 seconds

buffer: Warwick 950: balanced products, 2 products per order
numCustomers: 20
numProducts: 10
1 0 0 0 0 0 0 1 0 0 
1 0 0 0 1 0 0 0 0 0 
0 0 0 1 0 0 0 0 1 0 
0 1 1 0 0 0 0 0 0 0 
0 1 0 1 0 0 0 0 0 0 
0 1 0 0 0 0 1 0 0 0 
0 0 0 0 1 0 0 0 0 1 
1 0 0 0 0 0 0 0 0 1 
0 0 1 0 0 0 1 0 0 0 
1 0 0 0 1 0 0 0 0 0 
1 0 0 0 0 1 0 0 0 0 
0 0 1 0 0 0 0 0 0 1 
0 0 0 0 0 1 1 0 0 0 
1 0 0 0 0 0 0 0 1 0 
1 0 1 0 0 0 0 0 0 0 
0 1 0 0 1 0 0 0 0 0 
0 0 0 0 0 1 0 1 0 0 
0 0 1 0 0 0 0 0 0 1 
0 0 0 1 0 0 0 1 0 0 
0 0 1 0 1 0 0 0 0 0 
Best Sequence: 
9 2 4 6 1 8 3 7 5 0 
0 0 0 0 0 0 0 1 0 1 
0 0 1 0 0 0 0 0 0 1 
0 0 0 0 0 1 1 0 0 0 
0 1 0 0 1 0 0 0 0 0 
0 0 0 0 1 0 1 0 0 0 
0 0 0 1 1 0 0 0 0 0 
1 0 1 0 0 0 0 0 0 0 
1 0 0 0 0 0 0 0 0 1 
0 1 0 1 0 0 0 0 0 0 
0 0 1 0 0 0 0 0 0 1 
0 0 0 0 0 0 0 0 1 1 
1 1 0 0 0 0 0 0 0 0 
0 0 0 1 0 0 0 0 1 0 
0 0 0 0 0 1 0 0 0 1 
0 1 0 0 0 0 0 0 0 1 
0 0 1 0 1 0 0 0 0 0 
0 0 0 0 0 0 0 1 1 0 
1 1 0 0 0 0 0 0 0 0 
0 0 0 0 0 0 1 1 0 0 
0 1 1 0 0 0 0 0 0 0 
OpenStacks: 9
Took 0.14 seconds

buffer: Warwick 951: balanced products, 3 products per order
numCustomers: 20
numProducts: 10
1 0 0 1 0 1 0 0 0 0 
0 0 0 0 0 1 0 1 0 1 
0 1 1 1 0 0 0 0 0 0 
1 0 0 1 0 0 0 0 0 1 
0 0 1 0 0 1 0 0 1 0 
0 1 0 0 1 0 0 1 0 0 
0 1 0 0 0 0 0 0 1 1 
0 0 1 0 0 1 0 0 0 1 
1 0 1 1 0 0 0 0 0 0 
1 1 1 0 0 0 0 0 0 0 
1 0 0 0 1 1 0 0 0 0 
0 0 0 0 0 0 1 1 1 0 
0 0 0 0 1 1 0 0 1 0 
0 1 0 1 0 0 1 0 0 0 
1 0 1 0 0 0 1 0 0 0 
0 0 0 0 1 0 0 1 0 1 
0 0 0 1 0 0 1 1 0 0 
0 0 0 1 0 1 0 0 1 0 
0 1 0 0 1 0 0 1 0 0 
0 1 0 0 0 0 0 0 1 1 
Best Sequence: 
7 4 1 9 8 6 5 3 2 0 
0 0 0 0 0 0 1 1 0 1 
1 0 0 1 0 0 1 0 0 0 
0 0 1 0 0 0 0 1 1 0 
0 0 0 1 0 0 0 1 0 1 
0 0 0 0 1 0 1 0 1 0 
1 1 1 0 0 0 0 0 0 0 
0 0 1 1 1 0 0 0 0 0 
0 0 0 1 0 0 1 0 1 0 
0 0 0 0 0 0 0 1 1 1 
0 0 1 0 0 0 0 0 1 1 
0 1 0 0 0 0 1 0 0 1 
1 0 0 0 1 1 0 0 0 0 
0 1 0 0 1 0 1 0 0 0 
0 0 1 0 0 1 0 1 0 0 
0 0 0 0 0 1 0 0 1 1 
1 1 0 1 0 0 0 0 0 0 
1 0 0 0 0 1 0 1 0 0 
0 0 0 0 1 0 1 1 0 0 
1 1 1 0 0 0 0 0 0 0 
0 0 1 1 1 0 0 0 0 0 
OpenStacks: 14
Took 0.14 seconds

buffer: Warwick 952: balanced products, 3 products per order
numCustomers: 20
numProducts: 10
0 1 1 0 0 0 0 1 0 0 
0 0 1 1 0 0 1 0 0 0 
0 0 0 0 0 1 0 1 1 0 
0 1 0 0 0 1 1 0 0 0 
0 1 0 1 0 0 0 0 0 1 
1 0 1 1 0 0 0 0 0 0 
0 1 0 0 0 1 0 0 1 0 
0 0 0 0 0 1 1 0 0 1 
0 0 0 0 1 1 0 0 0 1 
0 1 1 0 0 0 0 1 0 0 
0 0 0 1 0 1 1 0 0 0 
0 1 0 0 1 0 0 0 1 0 
0 0 0 1 0 1 1 0 0 0 
0 0 0 0 0 1 0 0 1 1 
0 0 1 1 0 1 0 0 0 0 
0 1 0 0 0 1 0 0 0 1 
0 0 0 0 1 0 1 0 1 0 
0 1 0 0 0 0 0 1 1 0 
0 0 0 0 0 0 0 1 1 1 
0 1 0 0 0 0 0 1 1 0 
Best Sequence: 
9 6 5 4 3 8 7 2 1 0 
0 0 0 0 0 0 1 1 1 0 
0 1 0 0 1 0 0 1 0 0 
0 0 1 0 0 1 1 0 0 0 
0 1 1 0 0 0 0 0 1 0 
1 0 0 0 1 0 0 0 1 0 
0 0 0 0 1 0 0 1 0 1 
0 0 1 0 0 1 0 0 1 0 
1 1 1 0 0 0 0 0 0 0 
1 0 1 1 0 0 0 0 0 0 
0 0 0 0 0 0 1 1 1 0 
0 1 1 0 1 0 0 0 0 0 
0 0 0 1 0 1 0 0 1 0 
0 1 1 0 1 0 0 0 0 0 
1 0 1 0 0 1 0 0 0 0 
0 0 1 0 1 0 0 1 0 0 
1 0 1 0 0 0 0 0 1 0 
0 1 0 1 0 1 0 0 0 0 
0 0 0 0 0 1 1 0 1 0 
1 0 0 0 0 1 1 0 0 0 
0 0 0 0 0 1 1 0 1 0 
OpenStacks: 14
Took 0.13 seconds

buffer: Warwick 953: balanced products, 3 products per order
numCustomers: 20
numProducts: 10
0 0 0 0 1 0 0 1 0 1 
1 0 0 0 1 1 0 0 0 0 
1 1 0 1 0 0 0 0 0 0 
0 0 1 1 0 1 0 0 0 0 
0 0 1 0 0 0 1 1 0 0 
0 0 0 0 1 1 0 1 0 0 
1 0 1 0 0 0 0 0 0 1 
1 0 0 0 1 0 0 1 0 0 
0 0 1 0 0 0 1 1 0 0 
0 0 1 1 0 0 1 0 0 0 
0 0 1 0 0 0 1 1 0 0 
0 1 1 0 0 0 1 0 0 0 
0 0 1 0 0 0 0 0 1 1 
0 0 0 0 1 0 0 0 1 1 
0 0 0 0 0 0 1 0 1 1 
1 1 0 0 1 0 0 0 0 0 
0 0 1 0 1 0 1 0 0 0 
1 0 0 0 0 1 1 0 0 0 
1 1 0 0 1 0 0 0 0 0 
1 0 0 1 0 0 0 0 0 1 
Best Sequence: 
9 8 6 2 7 5 4 3 1 0 
1 0 0 0 1 0 1 0 0 0 
0 0 0 0 0 1 1 0 0 1 
0 0 0 0 0 0 0 1 1 1 
0 0 0 1 0 1 0 1 0 0 
0 0 1 1 1 0 0 0 0 0 
0 0 0 0 1 1 1 0 0 0 
1 0 0 1 0 0 0 0 0 1 
0 0 0 0 1 0 1 0 0 1 
0 0 1 1 1 0 0 0 0 0 
0 0 1 1 0 0 0 1 0 0 
0 0 1 1 1 0 0 0 0 0 
0 0 1 1 0 0 0 0 1 0 
1 1 0 1 0 0 0 0 0 0 
1 1 0 0 0 0 1 0 0 0 
1 1 1 0 0 0 0 0 0 0 
0 0 0 0 0 0 1 0 1 1 
0 0 1 1 0 0 1 0 0 0 
0 0 1 0 0 1 0 0 0 1 
0 0 0 0 0 0 1 0 1 1 
1 0 0 0 0 0 0 1 0 1 
OpenStacks: 14
Took 0.14 seconds

buffer: Warwick 954: balanced products, 3 products per order
numCustomers: 20
numProducts: 10
1 0 0 1 0 0 0 0 1 0 
0 0 0 1 1 0 1 0 0 0 
0 0 1 0 0 0 0 1 0 1 
0 0 0 0 0 1 1 0 1 0 
1 1 0 0 0 0 0 0 0 1 
0 1 0 0 0 0 1 0 0 1 
0 0 1 0 0 0 1 0 0 1 
0 0 0 0 0 0 0 1 1 1 
0 0 0 0 0 1 1 0 0 1 
1 0 1 1 0 0 0 0 0 0 
0 0 0 1 0 1 0 0 1 0 
0 0 0 1 1 0 0 0 0 1 
0 1 0 0 1 1 0 0 0 0 
0 0 1 0 0 0 0 1 0 1 
0 0 0 0 0 1 1 0 0 1 
0 0 1 0 0 0 0 1 1 0 
1 0 0 1 0 0 0 0 0 1 
0 1 0 0 1 0 0 0 0 1 
0 1 0 1 0 1 0 0 0 0 
0 0 1 0 0 0 0 1 0 1 
Best Sequence: 
9 7 2 8 6 5 4 3 1 0 
0 0 0 1 0 0 0 1 0 1 
0 0 0 0 1 0 1 1 0 0 
1 1 1 0 0 0 0 0 0 0 
0 0 0 1 1 1 0 0 0 0 
1 0 0 0 0 0 0 0 1 1 
1 0 0 0 1 0 0 0 1 0 
1 0 1 0 1 0 0 0 0 0 
1 1 0 1 0 0 0 0 0 0 
1 0 0 0 1 1 0 0 0 0 
0 0 1 0 0 0 0 1 0 1 
0 0 0 1 0 1 0 1 0 0 
1 0 0 0 0 0 1 1 0 0 
0 0 0 0 0 1 1 0 1 0 
1 1 1 0 0 0 0 0 0 0 
1 0 0 0 1 1 0 0 0 0 
0 1 1 1 0 0 0 0 0 0 
1 0 0 0 0 0 0 1 0 1 
1 0 0 0 0 0 1 0 1 0 
0 0 0 0 0 1 0 1 1 0 
1 1 1 0 0 0 0 0 0 0 
OpenStacks: 14
Took 0.14 seconds

buffer: Warwick 955: balanced products, 3 products per order
numCustomers: 20
numProducts: 10
0 1 0 1 0 0 0 0 0 1 
0 0 1 0 0 1 0 0 0 1 
1 1 0 0 0 0 0 1 0 0 
0 0 1 0 0 1 1 0 0 0 
0 1 1 0 0 1 0 0 0 0 
0 0 0 0 1 1 0 1 0 0 
0 0 0 0 0 0 0 1 1 1 
0 1 0 1 0 0 0 0 1 0 
0 0 0 1 1 0 0 1 0 0 
0 0 0 0 1 1 0 0 0 1 
0 1 1 0 0 0 0 0 1 0 
0 0 1 1 0 1 0 0 0 0 
0 1 0 0 0 0 1 0 1 0 
0 0 0 0 0 0 1 1 1 0 
1 0 1 0 0 0 0 0 0 1 
0 1 0 1 1 0 0 0 0 0 
0 0 0 0 0 1 1 0 1 0 
0 1 1 0 0 0 0 0 0 1 
0 1 0 1 0 0 0 0 1 0 
0 1 0 1 0 0 1 0 0 0 
Best Sequence: 
8 6 1 3 9 7 5 4 2 0 
0 0 1 1 1 0 0 0 0 0 
0 0 0 0 1 0 1 0 1 0 
0 0 1 0 0 1 0 0 0 1 
0 1 0 0 0 0 1 0 1 0 
0 0 1 0 0 0 1 0 1 0 
0 0 0 0 0 1 1 1 0 0 
1 0 0 0 1 1 0 0 0 0 
1 0 1 1 0 0 0 0 0 0 
0 0 0 1 0 1 0 1 0 0 
0 0 0 0 1 0 1 1 0 0 
1 0 1 0 0 0 0 0 1 0 
0 0 0 1 0 0 1 0 1 0 
1 1 1 0 0 0 0 0 0 0 
1 1 0 0 0 1 0 0 0 0 
0 0 0 0 1 0 0 0 1 1 
0 0 1 1 0 0 0 1 0 0 
1 1 0 0 0 0 1 0 0 0 
0 0 1 0 1 0 0 0 1 0 
1 0 1 1 0 0 0 0 0 0 
0 1 1 1 0 0 0 0 0 0 
OpenStacks: 15
Took 0.14 seconds

buffer: Warwick 956: balanced products, 3 products per order
numCustomers: 20
numProducts: 10
0 1 0 0 0 1 0 0 0 1 
0 0 0 1 0 1 0 0 0 1 
0 0 1 0 0 1 0 0 0 1 
0 0 0 0 0 1 1 1 0 0 
1 0 0 0 0 0 0 0 1 1 
0 0 1 0 1 0 0 0 1 0 
1 0 0 0 0 1 0 0 1 0 
1 0 0 1 1 0 0 0 0 0 
0 0 0 0 1 0 1 0 0 1 
0 0 1 1 0 0 0 1 0 0 
0 0 1 1 0 1 0 0 0 0 
0 0 0 0 1 0 1 0 0 1 
0 1 1 0 0 0 0 1 0 0 
0 0 1 1 1 0 0 0 0 0 
0 0 1 0 0 0 0 1 0 1 
1 0 0 0 0 1 0 0 1 0 
0 0 0 1 1 0 0 0 0 1 
1 0 0 1 0 1 0 0 0 0 
0 0 0 1 0 0 1 0 0 1 
0 1 0 0 1 0 0 0 1 0 
Best Sequence: 
9 6 4 3 8 5 7 2 1 0 
1 0 0 0 0 1 0 0 1 0 
1 0 0 1 0 1 0 0 0 0 
1 0 0 0 0 1 0 1 0 0 
0 1 0 0 0 1 1 0 0 0 
1 0 0 0 1 0 0 0 0 1 
0 0 1 0 1 0 0 1 0 0 
0 0 0 0 1 1 0 0 0 1 
0 0 1 1 0 0 0 0 0 1 
1 1 1 0 0 0 0 0 0 0 
0 0 0 1 0 0 1 1 0 0 
0 0 0 1 0 1 0 1 0 0 
1 1 1 0 0 0 0 0 0 0 
0 0 0 0 0 0 1 1 1 0 
0 0 1 1 0 0 0 1 0 0 
1 0 0 0 0 0 1 1 0 0 
0 0 0 0 1 1 0 0 0 1 
1 0 1 1 0 0 0 0 0 0 
0 0 0 1 0 1 0 0 0 1 
1 1 0 1 0 0 0 0 0 0 
0 0 1 0 1 0 0 0 1 0 
OpenStacks: 15
Took 0.13 seconds

buffer: Warwick 957: balanced products, 3 products per order
numCustomers: 20
numProducts: 10
1 1 0 0 0 0 0 1 0 0 
0 0 0 1 0 0 1 1 0 0 
0 0 0 0 0 1 1 0 0 1 
0 1 0 1 0 0 0 0 0 1 
0 1 0 1 0 0 0 0 0 1 
0 0 0 1 1 0 0 0 0 1 
0 0 1 0 0 0 0 0 1 1 
1 0 1 1 0 0 0 0 0 0 
1 0 1 0 0 0 0 0 0 1 
1 0 0 0 0 0 0 0 1 1 
0 1 0 1 0 0 0 1 0 0 
0 0 1 0 0 1 1 0 0 0 
0 1 0 0 0 0 0 1 1 0 
0 0 0 1 1 0 1 0 0 0 
1 0 1 0 0 0 0 0 0 1 
0 1 0 0 0 0 1 0 1 0 
1 0 0 1 0 0 1 0 0 0 
0 0 0 0 0 1 0 1 1 0 
0 0 0 0 0 0 1 1 0 1 
0 0 0 0 0 0 1 1 1 0 
Best Sequence: 
8 7 5 6 1 3 9 4 2 0 
0 1 0 0 1 0 0 0 0 1 
0 1 0 1 0 1 0 0 0 0 
0 0 1 1 0 0 1 0 0 0 
0 0 0 0 1 1 1 0 0 0 
0 0 0 0 1 1 1 0 0 0 
0 0 0 0 0 1 1 1 0 0 
1 0 0 0 0 0 1 0 1 0 
0 0 0 0 0 1 0 0 1 1 
0 0 0 0 0 0 1 0 1 1 
1 0 0 0 0 0 1 0 0 1 
0 1 0 0 1 1 0 0 0 0 
0 0 1 1 0 0 0 0 1 0 
1 1 0 0 1 0 0 0 0 0 
0 0 0 1 0 1 0 1 0 0 
0 0 0 0 0 0 1 0 1 1 
1 0 0 1 1 0 0 0 0 0 
0 0 0 1 0 1 0 0 0 1 
1 1 1 0 0 0 0 0 0 0 
0 1 0 1 0 0 1 0 0 0 
1 1 0 1 0 0 0 0 0 0 
OpenStacks: 14
Took 0.14 seconds

buffer: Warwick 958: balanced products, 3 products per order
numCustomers: 20
numProducts: 10
1 0 0 1 1 0 0 0 0 0 
0 1 0 0 0 0 0 0 1 1 
0 0 1 1 0 1 0 0 0 0 
0 0 1 0 0 1 0 0 0 1 
0 1 1 0 1 0 0 0 0 0 
1 1 0 0 0 0 0 1 0 0 
0 1 0 1 0 0 0 1 0 0 
1 0 0 0 1 0 0 0 1 0 
0 0 1 0 0 0 0 1 1 0 
1 1 0 0 0 1 0 0 0 0 
0 0 0 0 0 1 1 0 0 1 
1 0 0 1 0 0 0 0 0 1 
0 0 1 1 0 0 0 0 1 0 
0 0 1 0 1 0 0 0 1 0 
0 0 1 0 0 0 0 0 1 1 
0 0 0 0 0 0 1 1 0 1 
1 0 1 1 0 0 0 0 0 0 
0 0 0 0 1 0 1 0 1 0 
1 1 0 0 0 0 0 0 1 0 
0 1 0 0 0 0 1 0 0 1 
Best Sequence: 
9 6 5 2 8 4 7 3 1 0 
0 0 0 0 0 1 0 1 0 1 
1 0 0 0 1 0 0 0 1 0 
0 0 1 1 0 0 0 1 0 0 
1 0 1 1 0 0 0 0 0 0 
0 0 0 1 0 1 0 0 1 0 
0 0 0 0 0 0 1 0 1 1 
0 0 0 0 0 0 1 1 1 0 
0 0 0 0 1 1 0 0 0 1 
0 0 0 1 1 0 1 0 0 0 
0 0 1 0 0 0 0 0 1 1 
1 1 1 0 0 0 0 0 0 0 
1 0 0 0 0 0 0 1 0 1 
0 0 0 1 1 0 0 1 0 0 
0 0 0 1 1 1 0 0 0 0 
1 0 0 1 1 0 0 0 0 0 
1 1 0 0 0 0 1 0 0 0 
0 0 0 1 0 0 0 1 0 1 
0 1 0 0 1 1 0 0 0 0 
0 0 0 0 1 0 0 0 1 1 
1 1 0 0 0 0 0 0 1 0 
OpenStacks: 15
Took 0.14 seconds

buffer: Warwick 959: balanced products, 3 products per order
numCustomers: 20
numProducts: 10
0 0 0 1 0 0 1 0 0 1 
0 0 0 0 1 1 0 1 0 0 
0 0 0 1 0 1 0 0 0 1 
0 1 1 0 0 0 1 0 0 0 
0 1 0 0 1 0 1 0 0 0 
0 1 0 0 0 1 0 1 0 0 
1 0 0 1 0 0 0 0 1 0 
0 0 0 0 1 0 1 0 1 0 
0 0 1 1 0 0 0 1 0 0 
0 0 1 0 1 1 0 0 0 0 
0 1 1 0 0 0 1 0 0 0 
0 0 1 0 0 0 1 1 0 0 
1 1 0 0 0 0 0 1 0 0 
1 0 0 0 0 1 0 0 1 0 
1 1 0 1 0 0 0 0 0 0 
0 1 0 0 0 0 0 0 1 1 
1 0 0 1 0 0 0 0 1 0 
1 1 0 0 0 0 1 0 0 0 
0 0 0 0 1 0 1 0 1 0 
1 0 0 1 0 0 0 0 0 1 
Best Sequence: 
7 6 4 2 1 8 9 5 3 0 
0 1 0 0 0 0 1 0 1 0 
1 0 1 0 0 0 0 1 0 0 
0 0 0 0 0 0 1 1 1 0 
0 1 0 1 1 0 0 0 0 0 
0 1 1 0 1 0 0 0 0 0 
1 0 0 0 1 0 0 1 0 0 
0 0 0 0 0 1 0 0 1 1 
0 1 1 0 0 1 0 0 0 0 
1 0 0 1 0 0 0 0 1 0 
0 0 1 1 0 0 0 1 0 0 
0 1 0 1 1 0 0 0 0 0 
1 1 0 1 0 0 0 0 0 0 
1 0 0 0 1 0 0 0 0 1 
0 0 0 0 0 1 0 1 0 1 
0 0 0 0 1 0 0 0 1 1 
0 0 0 0 1 1 1 0 0 0 
0 0 0 0 0 1 0 0 1 1 
0 1 0 0 1 0 0 0 0 1 
0 1 1 0 0 1 0 0 0 0 
0 0 0 0 0 0 1 0 1 1 
OpenStacks: 14
Took 0.14 seconds

buffer: Warwick 960: balanced products, 3 products per order
numCustomers: 20
numProducts: 10
0 0 0 0 1 0 1 0 1 0 
1 0 0 1 0 0 0 0 1 0 
1 0 1 0 0 0 0 1 0 0 
1 0 0 0 1 0 0 0 1 0 
1 0 1 0 0 0 1 0 0 0 
0 0 0 0 1 1 0 0 0 1 
0 0 0 0 0 0 1 0 1 1 
0 1 0 0 0 0 1 1 0 0 
0 1 0 0 0 0 0 1 1 0 
0 0 1 0 0 0 1 0 1 0 
1 0 0 0 0 0 0 1 0 1 
0 0 0 0 1 0 1 1 0 0 
0 1 1 0 0 0 1 0 0 0 
0 0 0 0 1 0 1 0 0 1 
1 0 0 0 0 1 0 0 1 0 
1 0 0 0 0 0 1 0 0 1 
1 1 0 0 0 1 0 0 0 0 
0 1 0 0 0 1 1 0 0 0 
1 0 0 0 1 0 0 0 1 0 
0 1 0 0 0 0 0 1 0 1 
Best Sequence: 
6 2 1 7 9 4 8 5 3 0 
1 0 0 0 0 1 1 0 0 0 
0 0 0 0 0 0 1 0 1 1 
0 1 0 1 0 0 0 0 0 1 
0 0 0 0 0 1 1 0 0 1 
1 1 0 0 0 0 0 0 0 1 
0 0 0 0 1 1 0 1 0 0 
1 0 0 0 1 0 1 0 0 0 
1 0 1 1 0 0 0 0 0 0 
0 0 1 1 0 0 1 0 0 0 
1 1 0 0 0 0 1 0 0 0 
0 0 0 1 1 0 0 0 0 1 
1 0 0 1 0 1 0 0 0 0 
1 1 1 0 0 0 0 0 0 0 
1 0 0 0 1 1 0 0 0 0 
0 0 0 0 0 0 1 1 0 1 
1 0 0 0 1 0 0 0 0 1 
0 0 1 0 0 0 0 1 0 1 
1 0 1 0 0 0 0 1 0 0 
0 0 0 0 0 1 1 0 0 1 
0 0 1 1 1 0 0 0 0 0 
OpenStacks: 15
Took 0.14 seconds

buffer: Warwick 961: balanced products, 4 products per order
numCustomers: 20
numProducts: 10
0 0 0 1 0 0 1 0 1 1 
0 0 1 0 1 0 1 0 0 1 
1 0 0 1 1 0 1 0 0 0 
0 0 1 1 1 1 0 0 0 0 
0 0 1 1 0 0 0 1 0 1 
0 1 1 0 0 1 0 0 1 0 
1 1 0 0 0 1 0 1 0 0 
1 0 0 0 0 1 0 1 0 1 
0 1 1 0 0 0 1 0 0 1 
0 0 1 1 0 0 1 0 0 1 
1 0 0 0 0 1 1 0 1 0 
1 1 1 0 0 0 0 1 0 0 
0 1 0 0 1 1 0 0 0 1 
0 0 0 0 1 1 0 0 1 1 
1 0 0 0 0 1 1 1 0 0 
0 0 0 1 0 1 0 1 0 1 
0 0 0 1 1 1 1 0 0 0 
0 0 0 1 1 0 1 1 0 0 
1 1 1 0 0 1 0 0 0 0 
0 1 0 0 1 0 0 0 1 1 
Best Sequence: 
9 8 6 3 7 4 5 2 1 0 
1 1 1 1 0 0 0 0 0 0 
1 0 1 0 0 1 0 1 0 0 
0 0 1 1 0 1 0 0 0 1 
0 0 0 1 0 1 1 1 0 0 
1 0 0 1 1 0 0 1 0 0 
0 1 0 0 0 0 1 1 1 0 
0 0 0 0 1 0 1 0 1 1 
1 0 0 0 1 0 1 0 0 1 
1 0 1 0 0 0 0 1 1 0 
1 0 1 1 0 0 0 1 0 0 
0 1 1 0 0 0 1 0 0 1 
0 0 0 0 1 0 0 1 1 1 
1 0 0 0 0 1 1 0 1 0 
1 1 0 0 0 1 1 0 0 0 
0 0 1 0 1 0 1 0 0 1 
1 0 0 1 1 0 1 0 0 0 
0 0 1 1 0 1 1 0 0 0 
0 0 1 1 1 1 0 0 0 0 
0 0 0 0 0 0 1 1 1 1 
1 1 0 0 0 1 0 0 1 0 
OpenStacks: 18
Took 0.14 seconds

buffer: Warwick 962: balanced products, 4 products per order
numCustomers: 20
numProducts: 10
0 1 1 1 1 0 0 0 0 0 
1 0 0 0 0 0 1 1 1 0 
0 1 1 0 0 0 1 0 1 0 
1 0 0 1 0 0 0 0 1 1 
0 0 1 1 0 0 1 0 1 0 
0 0 1 0 0 1 1 0 1 0 
0 1 0 1 0 1 0 0 0 1 
1 1 0 1 0 1 0 0 0 0 
0 0 1 1 1 0 0 0 0 1 
0 1 1 0 1 0 0 1 0 0 
1 0 0 0 0 1 1 0 0 1 
0 1 1 0 0 0 0 0 1 1 
0 0 1 0 0 1 1 0 1 0 
1 0 1 0 0 1 0 0 0 1 
0 0 0 1 0 0 0 1 1 1 
0 0 1 0 0 1 0 1 0 1 
1 1 0 0 1 0 0 1 0 0 
0 1 0 1 0 1 0 1 0 0 
0 0 0 0 0 1 1 1 0 1 
0 0 1 0 1 0 1 1 0 0 
Best Sequence: 
7 6 4 2 1 9 8 5 3 0 
0 0 1 1 1 0 0 0 1 0 
1 1 0 0 0 0 1 0 0 1 
0 1 0 1 1 0 1 0 0 0 
0 0 0 0 0 1 1 0 1 1 
0 1 0 1 0 0 1 0 1 0 
0 1 0 1 0 0 1 1 0 0 
0 0 0 0 1 1 0 1 1 0 
0 0 0 0 1 0 0 1 1 1 
0 0 1 1 0 1 0 0 1 0 
1 0 1 1 1 0 0 0 0 0 
0 1 0 0 0 1 0 1 0 1 
0 0 0 1 1 1 1 0 0 0 
0 1 0 1 0 0 1 1 0 0 
0 0 0 1 0 1 0 1 0 1 
1 0 0 0 0 1 1 0 1 0 
1 0 0 1 0 1 0 1 0 0 
1 0 1 0 1 0 0 0 0 1 
1 0 0 0 1 0 0 1 1 0 
1 1 0 0 0 1 0 1 0 0 
1 1 1 1 0 0 0 0 0 0 
OpenStacks: 18
Took 0.14 seconds

buffer: Warwick 963: balanced products, 4 products per order
numCustomers: 20
numProducts: 10
0 0 1 1 0 0 1 0 1 0 
1 0 1 0 0 0 1 0 1 0 
0 0 0 1 1 0 1 0 1 0 
1 0 0 0 1 0 0 1 1 0 
0 0 1 1 1 1 0 0 0 0 
0 0 0 1 0 1 1 0 0 1 
1 1 0 0 0 0 0 1 1 0 
1 1 1 0 0 0 0 1 0 0 
0 0 1 0 0 0 1 0 1 1 
0 0 1 0 1 0 0 0 1 1 
1 1 1 0 0 0 0 0 0 1 
0 1 0 0 1 0 1 0 1 0 
1 0 0 1 0 0 1 0 0 1 
1 0 0 0 1 1 1 0 0 0 
0 0 1 0 1 1 0 1 0 0 
1 1 0 0 0 1 0 0 0 1 
0 1 0 1 0 1 0 0 1 0 
0 1 0 0 1 0 0 1 0 1 
0 1 0 0 1 1 0 1 0 0 
1 0 0 0 1 1 0 1 0 0 
Best Sequence: 
8 6 3 2 9 0 7 5 4 1 
1 1 1 1 0 0 0 0 0 0 
1 1 0 1 0 1 0 0 0 0 
1 1 1 0 0 0 0 0 1 0 
1 0 0 0 0 1 1 0 1 0 
0 0 1 1 0 0 0 1 1 0 
0 1 1 0 1 0 0 1 0 0 
1 0 0 0 0 1 1 0 0 1 
0 0 0 1 0 1 1 0 0 1 
1 1 0 1 1 0 0 0 0 0 
1 0 0 1 1 0 0 0 1 0 
0 0 0 1 1 1 0 0 0 1 
1 1 0 0 0 0 0 0 1 1 
0 1 1 0 1 1 0 0 0 0 
0 1 0 0 0 1 0 1 1 0 
0 0 0 1 0 0 1 1 1 0 
0 0 0 0 1 1 0 1 0 1 
1 0 1 0 0 0 0 1 0 1 
0 0 0 0 1 0 1 0 1 1 
0 0 0 0 0 0 1 1 1 1 
0 0 0 0 0 1 1 1 1 0 
OpenStacks: 17
Took 0.14 seconds

buffer: Warwick 964: balanced products, 4 products per order
numCustomers: 20
numProducts: 10
1 0 1 1 0 0 0 0 1 0 
0 0 1 0 0 0 1 1 0 1 
1 0 0 0 0 1 1 1 0 0 
0 0 0 1 0 1 1 0 0 1 
0 1 0 0 0 1 1 1 0 0 
1 0 0 1 0 0 1 0 1 0 
0 1 0 1 0 1 1 0 0 0 
0 1 0 0 1 0 0 1 1 0 
1 1 0 0 1 1 0 0 0 0 
0 1 0 0 0 1 1 0 0 1 
0 1 0 1 0 0 1 0 0 1 
1 0 0 1 0 0 1 1 0 0 
0 0 0 0 0 1 1 1 0 1 
1 1 0 0 0 1 1 0 0 0 
1 1 0 0 1 0 1 0 0 0 
1 0 0 1 0 1 0 0 0 1 
1 0 0 1 1 0 0 0 1 0 
0 0 1 1 0 0 0 1 0 1 
0 1 0 0 0 1 0 1 0 1 
0 1 0 1 0 1 0 1 0 0 
Best Sequence: 
9 7 5 1 6 8 4 3 2 0 
0 0 0 0 0 1 0 1 1 1 
1 1 0 0 1 0 0 0 1 0 
0 1 1 0 1 0 0 0 0 1 
1 0 1 0 1 0 0 1 0 0 
0 1 1 1 1 0 0 0 0 0 
0 0 0 0 1 1 0 1 0 1 
0 0 1 1 1 0 0 1 0 0 
0 1 0 1 0 1 1 0 0 0 
0 0 1 1 0 0 1 0 0 1 
1 0 1 1 1 0 0 0 0 0 
1 0 0 1 1 0 0 1 0 0 
0 1 0 0 1 0 0 1 0 1 
1 1 1 0 1 0 0 0 0 0 
0 0 1 1 1 0 0 0 0 1 
0 0 0 1 1 0 1 0 0 1 
1 0 1 0 0 0 0 1 0 1 
0 0 0 0 0 1 1 1 0 1 
1 1 0 0 0 0 0 1 1 0 
1 1 1 1 0 0 0 0 0 0 
0 1 1 1 0 0 0 1 0 0 
OpenStacks: 17
Took 0.14 seconds

buffer: Warwick 965: balanced products, 4 products per order
numCustomers: 20
numProducts: 10
1 0 1 0 1 1 0 0 0 0 
0 1 0 0 1 0 0 1 0 1 
1 1 0 0 0 0 0 1 1 0 
0 0 1 1 0 0 1 1 0 0 
0 0 1 0 1 0 1 0 0 1 
1 0 1 0 1 0 0 1 0 0 
0 0 1 0 0 0 1 1 0 1 
1 0 0 0 0 1 1 0 1 0 
0 0 0 0 0 1 1 1 0 1 
0 1 1 0 0 0 0 0 1 1 
0 1 1 0 0 0 0 1 0 1 
1 1 1 0 0 0 0 0 0 1 
1 0 0 1 0 0 1 0 0 1 
1 0 1 0 0 1 0 0 0 1 
0 0 0 1 1 1 0 0 1 0 
1 0 0 1 0 0 1 0 0 1 
0 1 0 0 1 1 1 0 0 0 
0 0 1 1 0 1 0 0 0 1 
1 0 0 0 1 0 1 1 0 0 
1 0 0 1 0 1 0 0 0 1 
Best Sequence: 
9 5 3 2 6 4 8 7 1 0 
0 1 0 1 0 1 0 0 0 1 
1 0 0 0 0 1 0 1 1 0 
0 0 0 0 0 0 1 1 1 1 
0 0 1 1 1 0 0 1 0 0 
1 0 0 1 1 1 0 0 0 0 
0 0 0 1 0 1 0 1 0 1 
1 0 0 1 1 0 0 1 0 0 
0 1 0 0 1 0 1 0 0 1 
1 1 0 0 1 0 0 1 0 0 
1 0 0 1 0 0 1 0 1 0 
1 0 0 1 0 0 0 1 1 0 
1 0 0 1 0 0 0 0 1 1 
1 0 1 0 1 0 0 0 0 1 
1 1 0 1 0 0 0 0 0 1 
0 1 1 0 0 1 1 0 0 0 
1 0 1 0 1 0 0 0 0 1 
0 1 0 0 1 1 0 0 1 0 
1 1 1 1 0 0 0 0 0 0 
0 0 0 0 1 1 0 1 0 1 
1 1 1 0 0 0 0 0 0 1 
OpenStacks: 18
Took 0.14 seconds

buffer: Warwick 966: balanced products, 4 products per order
numCustomers: 20
numProducts: 10
1 1 0 0 0 1 0 1 0 0 
0 0 0 0 1 0 0 1 1 1 
0 1 1 0 0 0 0 1 0 1 
0 1 0 1 0 0 1 0 1 0 
1 0 1 0 0 1 0 0 1 0 
0 0 1 0 1 0 0 1 0 1 
0 0 0 1 1 0 0 1 0 1 
1 0 1 1 0 0 1 0 0 0 
0 1 0 0 1 0 0 1 0 1 
0 0 0 1 0 1 1 0 1 0 
0 1 0 0 1 1 0 0 1 0 
1 0 0 0 0 1 0 1 1 0 
0 0 0 0 1 0 0 1 1 1 
0 1 1 0 0 0 0 0 1 1 
0 0 1 1 1 0 0 0 1 0 
0 0 0 0 1 0 0 1 1 1 
0 0 0 0 1 1 0 0 1 1 
0 1 1 0 0 0 0 1 1 0 
0 0 1 0 1 1 0 1 0 0 
1 0 1 0 1 1 0 0 0 0 
Best Sequence: 
9 7 4 2 5 8 6 3 1 0 
0 1 0 0 1 0 0 0 1 1 
1 1 1 0 0 1 0 0 0 0 
1 1 0 1 0 0 0 0 1 0 
0 0 0 0 0 1 1 1 1 0 
0 0 0 1 1 1 0 0 0 1 
1 1 1 1 0 0 0 0 0 0 
1 1 1 0 0 0 0 1 0 0 
0 0 0 1 0 0 1 1 0 1 
1 1 1 0 0 0 0 0 1 0 
0 0 0 0 1 1 1 1 0 0 
0 0 1 0 1 1 0 0 1 0 
0 1 0 0 1 1 0 0 0 1 
1 1 1 0 0 1 0 0 0 0 
1 0 0 1 0 1 0 0 1 0 
0 0 1 1 0 1 0 1 0 0 
1 1 1 0 0 1 0 0 0 0 
1 0 1 0 1 1 0 0 0 0 
0 1 0 1 0 1 0 0 1 0 
0 1 1 1 1 0 0 0 0 0 
0 0 1 1 1 0 0 0 0 1 
OpenStacks: 18
Took 0.14 seconds

buffer: Warwick 967: balanced products, 4 products per order
numCustomers: 20
numProducts: 10
0 0 1 1 0 0 0 1 0 1 
1 0 0 1 1 0 0 0 0 1 
0 1 0 0 1 0 1 1 0 0 
1 0 0 1 0 0 0 1 0 1 
0 0 0 1 0 0 1 1 0 1 
0 0 0 1 1 1 1 0 0 0 
1 0 0 0 0 1 0 1 1 0 
1 0 0 1 0 0 0 0 1 1 
0 1 0 1 1 0 1 0 0 0 
0 1 1 1 0 0 0 1 0 0 
0 0 0 1 0 1 1 0 1 0 
1 0 1 0 0 0 0 0 1 1 
0 0 1 0 0 1 1 0 1 0 
1 1 0 0 0 0 1 1 0 0 
1 0 0 1 1 1 0 0 0 0 
0 1 1 0 0 1 0 1 0 0 
0 1 0 0 1 0 1 0 1 0 
1 1 1 0 0 0 1 0 0 0 
0 1 1 0 0 1 0 0 1 0 
1 1 0 0 0 0 1 0 1 0 
Best Sequence: 
8 5 2 1 6 7 9 4 3 0 
0 0 1 0 0 1 1 0 1 0 
0 0 0 0 0 0 1 1 1 1 
0 0 0 1 1 1 0 1 0 0 
0 0 0 0 0 1 1 0 1 1 
0 0 0 0 1 1 1 0 1 0 
0 1 0 0 1 0 0 1 1 0 
1 1 0 0 0 1 0 0 0 1 
1 0 0 0 0 0 1 0 1 1 
0 0 0 1 1 0 0 1 1 0 
0 0 1 1 0 1 0 0 1 0 
1 1 0 0 1 0 0 0 1 0 
1 0 1 0 0 0 1 0 0 1 
1 1 1 0 1 0 0 0 0 0 
0 0 0 1 1 1 0 0 0 1 
0 1 0 0 0 0 0 1 1 1 
0 1 1 1 0 1 0 0 0 0 
1 0 0 1 1 0 0 1 0 0 
0 0 1 1 1 0 0 0 0 1 
1 1 1 1 0 0 0 0 0 0 
1 0 0 1 1 0 0 0 0 1 
OpenStacks: 17
Took 0.14 seconds

buffer: Warwick 968: balanced products, 4 products per order
numCustomers: 20
numProducts: 10
0 0 1 0 1 0 1 0 1 0 
1 0 1 0 0 1 0 1 0 0 
1 0 0 0 1 0 0 0 1 1 
0 0 1 0 0 0 1 0 1 1 
0 1 1 0 0 0 0 1 0 1 
1 0 0 0 0 0 1 1 0 1 
0 1 1 1 0 0 0 1 0 0 
0 0 0 0 1 1 1 1 0 0 
0 0 0 1 0 0 1 1 1 0 
0 0 1 1 0 1 1 0 0 0 
1 0 1 0 0 1 0 0 0 1 
0 0 1 0 0 0 1 0 1 1 
0 0 0 1 0 1 1 0 0 1 
1 1 0 0 1 1 0 0 0 0 
0 0 0 0 1 1 0 1 1 0 
0 0 1 1 0 1 0 1 0 0 
0 0 1 0 0 1 0 0 1 1 
1 0 0 1 0 1 0 1 0 0 
0 1 0 1 0 0 0 1 0 1 
1 0 0 1 0 0 0 1 0 1 
Best Sequence: 
9 8 6 2 7 5 4 3 1 0 
0 1 1 1 0 0 1 0 0 0 
0 0 0 1 1 1 0 0 0 1 
1 1 0 0 0 0 1 0 0 1 
1 1 1 1 0 0 0 0 0 0 
1 0 0 1 1 0 0 0 1 0 
1 0 1 0 1 0 0 0 0 1 
0 0 0 1 1 0 0 1 1 0 
0 0 1 0 1 1 1 0 0 0 
0 1 1 0 1 0 0 1 0 0 
0 0 1 1 0 1 0 1 0 0 
1 0 0 1 0 1 0 0 0 1 
1 1 1 1 0 0 0 0 0 0 
1 0 1 0 0 1 0 1 0 0 
0 0 0 0 0 1 1 0 1 1 
0 1 0 0 1 1 1 0 0 0 
0 0 0 1 1 1 0 1 0 0 
1 1 0 1 0 1 0 0 0 0 
0 0 0 0 1 1 0 1 0 1 
1 0 0 0 1 0 0 1 1 0 
1 0 0 0 1 0 0 1 0 1 
OpenStacks: 18
Took 0.14 seconds

buffer: Warwick 969: balanced products, 4 products per order
numCustomers: 20
numProducts: 10
0 1 0 0 1 1 0 0 0 1 
0 0 1 0 0 0 0 1 1 1 
0 0 0 1 1 0 1 0 1 0 
0 1 0 0 0 1 0 1 1 0 
1 0 0 0 0 1 1 0 1 0 
1 0 0 1 0 1 1 0 0 0 
0 0 0 1 0 1 0 1 1 0 
0 0 0 0 1 1 1 0 1 0 
0 1 0 0 1 1 0 1 0 0 
0 1 1 1 0 0 1 0 0 0 
0 1 0 1 1 0 1 0 0 0 
0 0 1 1 0 0 0 1 0 1 
0 0 1 0 0 0 1 0 1 1 
0 0 1 0 0 1 1 1 0 0 
1 0 1 0 0 0 1 1 0 0 
0 0 0 0 1 1 1 0 1 0 
0 1 0 0 1 0 1 0 0 1 
1 1 0 0 0 0 1 0 0 1 
0 1 0 1 0 1 0 1 0 0 
1 0 1 0 0 0 1 0 0 1 
Best Sequence: 
7 5 4 1 8 9 6 3 2 0 
0 1 1 1 0 1 0 0 0 0 
1 0 0 0 1 1 0 0 1 0 
0 0 1 0 1 0 1 1 0 0 
1 1 0 1 1 0 0 0 0 0 
0 1 0 0 1 0 1 0 0 1 
0 1 0 0 0 0 1 1 0 1 
1 1 0 0 1 0 0 1 0 0 
0 1 1 0 1 0 1 0 0 0 
1 1 1 1 0 0 0 0 0 0 
0 0 0 1 0 0 1 1 1 0 
0 0 1 1 0 0 1 1 0 0 
1 0 0 0 0 1 0 1 1 0 
0 0 0 0 1 1 1 0 1 0 
1 1 0 0 0 0 1 0 1 0 
1 0 0 0 0 0 1 0 1 1 
0 1 1 0 1 0 1 0 0 0 
0 0 1 1 0 1 1 0 0 0 
0 0 0 1 0 1 1 0 0 1 
1 1 0 1 0 0 0 1 0 0 
0 0 0 0 0 1 1 0 1 1 
OpenStacks: 18
Took 0.14 seconds

buffer: Warwick 970: balanced products, 4 products per order
numCustomers: 20
numProducts: 10
1 1 0 1 0 0 0 0 1 0 
1 0 0 1 0 1 0 1 0 0 
1 0 0 0 0 0 0 1 1 1 
0 1 1 0 1 1 0 0 0 0 
1 1 0 1 0 1 0 0 0 0 
0 1 0 1 0 1 0 0 1 0 
1 0 1 0 1 0 0 0 0 1 
0 1 0 0 1 1 0 0 0 1 
0 1 1 0 0 0 1 0 1 0 
1 0 1 0 0 0 1 0 0 1 
1 0 1 0 0 0 0 1 1 0 
1 0 1 0 0 0 1 0 1 0 
1 1 0 0 0 0 1 1 0 0 
0 0 0 0 1 1 0 1 0 1 
0 0 0 0 1 0 1 0 1 1 
1 1 0 1 0 1 0 0 0 0 
1 0 1 0 0 0 0 1 0 1 
0 0 1 1 1 0 0 0 0 1 
1 0 0 0 1 0 1 0 1 0 
0 0 0 1 0 1 0 1 0 1 
Best Sequence: 
9 7 5 4 3 1 8 6 2 0 
0 0 0 0 1 1 1 0 0 1 
0 1 1 0 1 0 0 0 0 1 
1 1 0 0 0 0 1 0 0 1 
0 0 1 1 0 1 0 0 1 0 
0 0 1 0 1 1 0 0 0 1 
0 0 1 0 1 1 1 0 0 0 
1 0 0 1 0 0 0 0 1 1 
1 0 1 1 0 1 0 0 0 0 
0 0 0 0 0 1 1 1 1 0 
1 0 0 0 0 0 0 1 1 1 
0 1 0 0 0 0 1 0 1 1 
0 0 0 0 0 0 1 1 1 1 
0 1 0 0 0 1 0 1 0 1 
1 1 1 1 0 0 0 0 0 0 
1 0 0 1 0 0 1 1 0 0 
0 0 1 0 1 1 0 0 0 1 
1 1 0 0 0 0 0 0 1 1 
1 0 0 1 1 0 0 0 1 0 
0 0 0 1 0 0 1 1 0 1 
1 1 1 0 1 0 0 0 0 0 
OpenStacks: 17
Took 0.14 seconds

buffer: Warwick 971: balanced products, 5 products per order
numCustomers: 20
numProducts: 10
0 0 1 0 1 0 1 1 1 0 
1 1 0 0 1 0 1 1 0 0 
1 0 0 1 0 1 0 1 0 1 
0 1 1 1 0 1 1 0 0 0 
1 0 1 0 0 0 0 1 1 1 
1 0 1 0 0 0 0 1 1 1 
1 0 0 1 1 0 0 1 0 1 
1 1 1 0 1 0 1 0 0 0 
1 0 1 0 0 0 1 1 1 0 
0 0 0 0 0 1 1 1 1 1 
0 0 1 0 0 1 1 0 1 1 
1 0 1 1 0 0 1 1 0 0 
1 1 0 0 0 1 1 0 1 0 
1 1 1 0 0 0 0 1 0 1 
0 1 0 0 1 1 1 1 0 0 
0 0 0 1 1 1 1 0 1 0 
1 0 1 0 0 1 1 0 0 1 
0 0 1 1 1 1 1 0 0 0 
1 0 1 0 0 1 1 1 0 0 
1 1 1 1 0 1 0 0 0 0 
Best Sequence: 
8 6 5 4 3 9 7 2 1 0 
1 1 0 1 0 0 1 1 0 0 
0 1 0 1 0 0 1 0 1 1 
0 0 1 0 1 1 1 0 0 1 
0 1 1 0 1 0 0 1 1 0 
1 0 0 0 0 1 1 1 0 1 
1 0 0 0 0 1 1 1 0 1 
0 0 0 1 1 1 1 0 0 1 
0 1 0 1 0 0 0 1 1 1 
1 1 0 0 0 0 1 1 0 1 
1 1 1 0 0 1 1 0 0 0 
1 1 1 0 0 1 0 1 0 0 
0 1 0 0 1 0 1 1 0 1 
1 1 1 0 0 0 0 0 1 1 
0 0 0 0 0 1 1 1 1 1 
0 1 1 1 0 0 1 0 1 0 
1 1 1 1 1 0 0 0 0 0 
0 1 1 0 0 1 0 1 0 1 
0 1 1 1 1 0 0 1 0 0 
0 1 1 0 0 0 1 1 0 1 
0 0 1 0 1 0 0 1 1 1 
OpenStacks: 19
Took 0.15 seconds

buffer: Warwick 972: balanced products, 5 products per order
numCustomers: 20
numProducts: 10
0 1 0 0 1 1 1 1 0 0 
1 1 1 0 1 1 0 0 0 0 
1 1 0 0 1 1 0 0 1 0 
0 1 1 1 1 0 0 1 0 0 
1 1 0 0 0 1 1 0 0 1 
0 1 0 0 0 1 1 0 1 1 
0 1 0 0 0 0 1 1 1 1 
0 0 1 0 0 1 0 1 1 1 
0 0 1 1 1 1 0 1 0 0 
0 1 0 1 1 1 0 0 0 1 
0 1 0 1 0 1 0 1 1 0 
0 1 1 0 0 0 1 1 1 0 
1 0 1 1 0 1 0 0 0 1 
0 0 1 0 0 1 0 1 1 1 
1 1 0 0 1 1 0 1 0 0 
1 0 1 1 0 0 0 1 0 1 
1 0 0 1 1 1 1 0 0 0 
1 0 0 0 0 0 1 1 1 1 
0 1 0 0 1 1 0 0 1 1 
0 1 0 1 1 0 1 0 0 1 
Best Sequence: 
9 8 7 6 5 4 3 2 1 0 
0 0 1 1 1 1 0 0 1 0 
0 0 0 0 1 1 0 1 1 1 
0 1 0 0 1 1 0 0 1 1 
0 0 1 0 0 1 1 1 1 0 
1 0 0 1 1 0 0 0 1 1 
1 1 0 1 1 0 0 0 1 0 
1 1 1 1 0 0 0 0 1 0 
1 1 1 0 1 0 0 1 0 0 
0 0 1 0 1 1 1 1 0 0 
1 0 0 0 1 1 1 0 1 0 
0 1 1 0 1 0 1 0 1 0 
0 1 1 1 0 0 0 1 1 0 
1 0 0 0 1 0 1 1 0 1 
1 1 1 0 1 0 0 1 0 0 
0 0 1 0 1 1 0 0 1 1 
1 0 1 0 0 0 1 1 0 1 
0 0 0 1 1 1 1 0 0 1 
1 1 1 1 0 0 0 0 0 1 
1 1 0 0 1 1 0 0 1 0 
1 0 0 1 0 1 1 0 1 0 
OpenStacks: 20
Took 0.14 seconds

buffer: Warwick 973: balanced products, 5 products per order
numCustomers: 20
numProducts: 10
0 1 0 0 1 1 0 1 1 0 
1 0 1 1 0 0 0 1 0 1 
0 0 0 0 0 1 1 1 1 1 
0 0 1 1 1 0 1 0 0 1 
1 1 0 0 0 0 0 1 1 1 
1 0 0 0 1 1 1 0 0 1 
0 1 1 1 0 0 0 0 1 1 
1 0 1 0 1 0 1 0 0 1 
1 0 0 0 1 0 1 1 1 0 
0 1 0 0 1 1 1 0 1 0 
1 0 0 1 1 0 1 0 0 1 
1 0 1 0 0 1 1 0 0 1 
0 1 0 1 1 0 0 1 0 1 
1 0 0 1 1 0 1 1 0 0 
1 1 0 0 0 0 1 1 1 0 
0 0 1 0 1 1 1 0 0 1 
0 0 1 0 1 1 0 1 0 1 
1 0 1 0 1 1 0 0 0 1 
1 1 0 1 0 0 0 1 0 1 
1 0 0 1 0 1 0 1 1 0 
Best Sequence: 
8 6 5 4 1 9 7 3 2 0 
1 0 1 1 1 0 1 0 0 0 
0 0 0 0 0 1 1 1 1 1 
1 1 1 0 0 1 1 0 0 0 
0 1 0 1 0 1 0 1 1 0 
1 0 0 0 1 1 1 0 0 1 
0 1 1 1 0 1 0 0 0 1 
1 0 0 0 1 1 0 1 1 0 
0 1 0 1 0 1 0 0 1 1 
1 1 0 1 0 0 1 0 0 1 
1 1 1 1 1 0 0 0 0 0 
0 1 0 1 0 1 0 1 0 1 
0 1 1 0 0 1 0 0 1 1 
0 0 0 1 1 1 1 1 0 0 
0 1 0 1 0 0 1 1 0 1 
1 1 0 0 1 0 1 0 0 1 
0 1 1 1 0 1 0 0 1 0 
0 0 1 1 0 1 1 0 1 0 
0 0 1 1 0 1 0 0 1 1 
0 0 0 0 1 1 1 1 0 1 
1 0 1 0 0 0 1 1 0 1 
OpenStacks: 19
Took 0.14 seconds

buffer: Warwick 974: balanced products, 5 products per order
numCustomers: 20
numProducts: 10
1 1 0 0 1 0 0 0 1 1 
1 1 1 0 0 0 0 0 1 1 
0 1 1 0 0 1 0 1 0 1 
1 1 0 0 0 0 1 1 0 1 
1 1 1 0 0 1 0 0 1 0 
1 1 1 0 0 1 0 0 0 1 
1 0 1 0 1 0 0 1 0 1 
0 1 1 1 0 1 0 0 1 0 
1 1 0 1 0 0 1 1 0 0 
1 0 1 0 1 1 0 0 0 1 
1 1 1 1 0 1 0 0 0 0 
0 1 0 0 0 0 1 1 1 1 
1 0 1 0 0 0 1 1 0 1 
1 1 0 0 0 0 0 1 1 1 
1 1 0 1 1 0 0 0 0 1 
0 1 0 1 0 1 1 0 1 0 
1 1 1 1 0 0 0 0 1 0 
1 1 0 1 0 0 0 1 0 1 
0 1 1 1 0 1 0 0 0 1 
0 1 0 0 1 0 0 1 1 1 
Best Sequence: 
8 6 5 3 1 9 7 4 2 0 
1 0 0 0 1 1 0 1 0 1 
1 0 0 0 1 1 0 0 1 1 
0 0 1 0 1 1 1 0 1 0 
0 1 0 0 1 1 1 0 0 1 
1 0 1 0 1 0 0 0 1 1 
0 0 1 0 1 1 0 0 1 1 
0 0 0 0 0 1 1 1 1 1 
1 0 1 1 1 0 0 0 1 0 
0 1 0 1 1 0 1 0 0 1 
0 0 1 0 0 1 0 1 1 1 
0 0 1 1 1 0 0 0 1 1 
1 1 0 0 1 1 1 0 0 0 
0 1 0 0 0 1 1 0 1 1 
1 0 0 0 1 1 1 0 0 1 
0 0 0 1 1 1 0 1 0 1 
1 1 1 1 1 0 0 0 0 0 
1 0 0 1 1 0 0 0 1 1 
0 0 0 1 1 1 1 0 0 1 
0 0 1 1 1 1 0 0 1 0 
1 0 0 0 1 1 1 1 0 0 
OpenStacks: 19
Took 0.14 seconds

buffer: Warwick 975: balanced products, 5 products per order
numCustomers: 20
numProducts: 10
0 1 0 0 1 1 1 0 1 0 
1 1 1 0 1 0 0 1 0 0 
0 1 0 0 1 0 1 0 1 1 
1 0 1 0 1 0 0 1 0 1 
0 1 1 0 0 0 1 1 0 1 
0 1 1 0 1 0 1 1 0 0 
1 0 1 0 1 0 0 1 1 0 
1 0 0 1 1 0 1 0 1 0 
0 0 1 1 0 1 0 0 1 1 
0 0 0 0 0 1 1 1 1 1 
1 0 0 1 1 0 0 1 1 0 
0 1 0 0 1 1 1 0 1 0 
0 0 1 0 1 1 1 0 1 0 
1 1 1 0 0 0 0 1 0 1 
1 0 1 1 0 0 1 0 1 0 
0 1 0 1 1 1 0 0 1 0 
1 1 0 0 1 0 0 1 0 1 
1 0 1 0 0 1 1 1 0 0 
1 0 1 1 0 1 1 0 0 0 
0 1 0 0 0 1 0 1 1 1 
Best Sequence: 
9 8 7 6 5 4 3 2 1 0 
0 1 0 1 1 1 0 0 1 0 
0 0 1 0 0 1 0 1 1 1 
1 1 0 1 0 1 0 0 1 0 
1 0 1 0 0 1 0 1 0 1 
1 0 1 1 0 0 0 1 1 0 
0 0 1 1 0 1 0 1 1 0 
0 1 1 0 0 1 0 1 0 1 
0 1 0 1 0 1 1 0 0 1 
1 1 0 0 1 0 1 1 0 0 
1 1 1 1 1 0 0 0 0 0 
0 1 1 0 0 1 1 0 0 1 
0 1 0 1 1 1 0 0 1 0 
0 1 0 1 1 1 0 1 0 0 
1 0 1 0 0 0 0 1 1 1 
0 1 0 1 0 0 1 1 0 1 
0 1 0 0 1 1 1 0 1 0 
1 0 1 0 0 1 0 0 1 1 
0 0 1 1 1 0 0 1 0 1 
0 0 0 1 1 0 1 1 0 1 
1 1 1 0 1 0 0 0 1 0 
OpenStacks: 20
Took 0.14 seconds

buffer: Warwick 976: balanced products, 5 products per order
numCustomers: 20
numProducts: 10
1 1 0 0 1 0 1 0 1 0 
0 1 0 0 0 0 1 1 1 1 
1 0 1 1 0 0 0 1 1 0 
1 1 1 0 0 1 0 0 1 0 
0 1 0 0 1 0 0 1 1 1 
1 1 1 0 1 1 0 0 0 0 
1 0 0 1 1 0 0 1 0 1 
0 1 0 0 1 0 1 0 1 1 
1 1 0 0 1 1 1 0 0 0 
0 1 0 0 0 1 0 1 1 1 
0 0 0 1 1 0 1 0 1 1 
0 1 0 1 1 1 0 0 0 1 
0 1 1 1 1 0 1 0 0 0 
0 1 1 1 0 0 0 0 1 1 
0 1 0 0 0 1 0 1 1 1 
1 1 0 1 0 0 0 1 1 0 
0 1 1 0 1 0 0 1 1 0 
0 1 1 0 1 0 1 0 1 0 
0 1 1 1 0 0 1 0 1 0 
1 0 0 1 0 0 1 1 1 0 
Best Sequence: 
9 8 7 6 5 4 3 2 1 0 
0 1 0 1 0 1 0 0 1 1 
1 1 1 1 0 0 0 0 1 0 
0 1 1 0 0 0 1 1 0 1 
0 1 0 0 1 0 0 1 1 1 
1 1 1 0 0 1 0 0 1 0 
0 0 0 0 1 1 0 1 1 1 
1 0 1 0 0 1 1 0 0 1 
1 1 0 1 0 1 0 0 1 0 
0 0 0 1 1 1 0 0 1 1 
1 1 1 0 1 0 0 0 1 0 
1 1 0 1 0 1 1 0 0 0 
1 0 0 0 1 1 1 0 1 0 
0 0 0 1 0 1 1 1 1 0 
1 1 0 0 0 0 1 1 1 0 
1 1 1 0 1 0 0 0 1 0 
0 1 1 0 0 0 1 0 1 1 
0 1 1 0 0 1 0 1 1 0 
0 1 0 1 0 1 0 1 1 0 
0 1 0 1 0 0 1 1 1 0 
0 1 1 1 0 0 1 0 0 1 
OpenStacks: 20
Took 0.15 seconds

buffer: Warwick 977: balanced products, 5 products per order
numCustomers: 20
numProducts: 10
1 0 0 1 1 0 1 0 0 1 
0 1 1 0 0 1 0 0 1 1 
0 1 0 1 0 1 1 0 0 1 
1 0 1 0 1 0 0 0 1 1 
0 1 0 0 1 0 1 1 1 0 
0 0 0 1 1 1 0 0 1 1 
0 1 1 0 1 0 0 1 0 1 
0 1 1 1 1 0 0 0 0 1 
0 1 0 0 0 1 1 1 0 1 
1 1 1 0 1 0 1 0 0 0 
0 1 0 1 0 1 0 1 1 0 
0 0 1 1 1 0 0 1 0 1 
1 1 0 0 0 1 0 1 0 1 
0 1 0 0 0 1 0 1 1 1 
1 1 0 0 0 1 1 0 1 0 
0 1 0 1 0 1 1 0 0 1 
1 0 0 1 1 0 1 1 0 0 
1 1 0 1 0 0 1 0 0 1 
0 0 0 0 1 0 1 1 1 1 
0 1 0 0 1 1 1 0 1 0 
Best Sequence: 
9 7 4 3 2 8 6 5 1 0 
1 0 1 1 0 0 1 0 0 1 
1 0 0 0 1 1 0 1 1 0 
1 0 0 1 0 0 1 1 1 0 
1 0 1 0 1 1 0 0 0 1 
0 1 1 0 0 1 1 0 1 0 
1 0 1 1 0 1 0 1 0 0 
1 1 1 0 1 0 0 0 1 0 
1 0 1 1 1 0 0 0 1 0 
1 1 0 0 0 0 1 1 1 0 
0 0 1 0 1 0 1 0 1 1 
0 1 0 1 0 1 0 1 1 0 
1 1 1 1 1 0 0 0 0 0 
1 1 0 0 0 0 0 1 1 1 
1 1 0 0 0 1 0 1 1 0 
0 0 0 0 0 1 1 1 1 1 
1 0 0 1 0 0 1 1 1 0 
0 1 1 1 0 0 1 0 0 1 
1 0 0 1 0 0 1 0 1 1 
1 1 1 0 0 1 1 0 0 0 
0 0 1 0 0 1 1 1 1 0 
OpenStacks: 19
Took 0.14 seconds

buffer: Warwick 978: balanced products, 5 products per order
numCustomers: 20
numProducts: 10
1 0 1 1 0 1 0 0 1 0 
1 0 1 0 0 0 0 1 1 1 
0 0 0 1 1 1 0 1 1 0 
1 0 1 1 0 0 1 0 1 0 
1 0 1 0 0 1 0 1 1 0 
0 1 1 1 0 0 0 1 0 1 
1 1 0 1 0 0 1 1 0 0 
0 0 1 0 1 0 0 1 1 1 
0 1 0 0 0 1 1 0 1 1 
0 1 1 0 0 1 1 0 1 0 
1 1 1 0 0 0 1 1 0 0 
0 0 0 1 1 0 1 1 1 0 
1 0 1 0 1 0 0 1 0 1 
1 1 0 0 1 0 0 0 1 1 
0 0 1 0 1 1 0 1 1 0 
0 0 1 1 1 0 0 1 1 0 
0 0 1 1 0 1 0 1 1 0 
1 1 0 0 1 0 0 0 1 1 
1 1 0 0 1 0 0 1 1 0 
0 0 1 0 0 1 1 0 1 1 
Best Sequence: 
9 8 7 6 5 4 3 2 1 0 
0 1 0 0 1 0 1 1 0 1 
1 1 1 0 0 0 0 1 0 1 
0 1 1 0 1 1 1 0 0 0 
0 1 0 1 0 0 1 1 0 1 
0 1 1 0 1 0 0 1 0 1 
1 0 1 0 0 0 1 1 1 0 
0 0 1 1 0 0 1 0 1 1 
1 1 1 0 0 1 0 1 0 0 
1 1 0 1 1 0 0 0 1 0 
0 1 0 1 1 0 0 1 1 0 
0 0 1 1 0 0 0 1 1 1 
0 1 1 1 0 1 1 0 0 0 
1 0 1 0 0 1 0 1 0 1 
1 1 0 0 0 1 0 0 1 1 
0 1 1 0 1 1 0 1 0 0 
0 1 1 0 0 1 1 1 0 0 
0 1 1 0 1 0 1 1 0 0 
1 1 0 0 0 1 0 0 1 1 
0 1 1 0 0 1 0 0 1 1 
1 1 0 1 1 0 0 1 0 0 
OpenStacks: 20
Took 0.14 seconds

buffer: Warwick 979: balanced products, 5 products per order
numCustomers: 20
numProducts: 10
0 0 0 1 1 0 1 1 1 0 
0 0 0 1 0 1 1 1 1 0 
1 1 1 0 1 1 0 0 0 0 
0 1 1 0 0 1 1 0 1 0 
1 1 0 0 0 1 1 0 0 1 
0 0 0 1 1 0 1 0 1 1 
1 0 1 0 0 1 1 1 0 0 
0 1 1 0 1 0 0 1 0 1 
1 0 0 1 1 0 0 1 1 0 
0 1 0 1 0 1 1 0 0 1 
0 1 1 0 1 0 1 1 0 0 
1 1 0 1 0 0 0 1 1 0 
1 0 0 1 1 1 0 0 1 0 
0 0 1 0 0 1 1 0 1 1 
1 0 0 1 0 1 1 0 0 1 
1 1 0 1 0 0 1 0 1 0 
1 1 0 1 0 0 1 1 0 0 
1 1 0 1 1 0 0 0 1 0 
1 0 1 0 0 0 1 1 0 1 
0 0 0 1 0 1 1 1 1 0 
Best Sequence: 
9 8 7 6 5 4 3 2 1 0 
0 1 1 1 0 1 1 0 0 0 
0 1 1 1 1 0 1 0 0 0 
0 0 0 0 1 1 0 1 1 1 
0 1 0 1 1 0 0 1 1 0 
1 0 0 1 1 0 0 0 1 1 
1 1 0 1 0 1 1 0 0 0 
0 0 1 1 1 0 0 1 0 1 
1 0 1 0 0 1 0 1 1 0 
0 1 1 0 0 1 1 0 0 1 
1 0 0 1 1 0 1 0 1 0 
0 0 1 1 0 1 0 1 1 0 
0 1 1 0 0 0 1 0 1 1 
0 1 0 0 1 1 1 0 0 1 
1 1 0 1 1 0 0 1 0 0 
1 0 0 1 1 0 1 0 0 1 
0 1 0 1 0 0 1 0 1 1 
0 0 1 1 0 0 1 0 1 1 
0 1 0 0 0 1 1 0 1 1 
1 0 1 1 0 0 0 1 0 1 
0 1 1 1 1 0 1 0 0 0 
OpenStacks: 20
Took 0.14 seconds

buffer: Warwick 980: balanced products, 5 products per order
numCustomers: 20
numProducts: 10
0 0 1 1 1 1 0 0 0 1 
1 0 0 1 1 1 1 0 0 0 
1 1 0 0 0 1 0 0 1 1 
1 1 1 0 0 1 0 0 1 0 
0 0 1 1 1 1 1 0 0 0 
0 0 1 1 0 0 1 1 1 0 
0 0 0 0 1 1 1 1 0 1 
0 0 1 0 1 0 0 1 1 1 
1 0 1 0 1 0 1 0 1 0 
0 0 1 1 0 1 0 1 0 1 
0 0 1 0 1 1 1 0 0 1 
0 0 1 1 1 1 0 0 1 0 
1 1 0 1 0 1 0 0 0 1 
1 1 1 1 0 0 0 0 1 0 
1 1 1 0 0 0 0 1 0 1 
0 1 0 1 0 1 0 1 0 1 
0 0 1 1 1 1 0 0 1 0 
1 1 0 0 0 1 1 0 1 0 
0 1 0 1 1 1 0 1 0 0 
1 0 0 1 0 0 1 1 0 1 
Best Sequence: 
9 7 6 5 4 8 3 2 1 0 
1 0 0 1 1 0 1 1 0 0 
0 0 1 1 1 0 1 0 0 1 
1 0 0 1 0 1 0 0 1 1 
0 0 0 1 0 1 0 1 1 1 
0 0 1 1 1 0 1 1 0 0 
0 1 1 0 0 1 1 1 0 0 
1 1 1 1 1 0 0 0 0 0 
1 1 0 0 1 1 0 1 0 0 
0 0 1 0 1 1 0 1 0 1 
1 1 0 1 0 0 1 1 0 0 
1 0 1 1 1 0 0 1 0 0 
0 0 0 1 1 1 1 1 0 0 
1 0 0 1 0 0 1 0 1 1 
0 0 0 0 0 1 1 1 1 1 
1 1 0 0 0 0 0 1 1 1 
1 1 0 1 0 0 1 0 1 0 
0 0 0 1 1 1 1 1 0 0 
0 0 1 1 0 1 0 0 1 1 
0 1 0 1 1 0 1 0 1 0 
1 1 1 0 0 0 1 0 0 1 
OpenStacks: 19
Took 0.14 seconds

Solved: 40 instances
totalTime: 5.53 seconds
minTime: 0.13 seconds
maxTime: 0.15 seconds
Average: 0.13825 seconds
