Solving by Dynamic Programming...
buffer: Warwick 1591: balanced products, 2 products per order
numCustomers: 30
numProducts: 15
0 0 0 0 0 0 0 0 0 1 0 0 0 0 1 
0 0 0 0 1 0 0 0 1 0 0 0 0 0 0 
0 0 0 0 0 1 0 0 0 1 0 0 0 0 0 
0 0 1 0 0 1 0 0 0 0 0 0 0 0 0 
0 0 0 0 1 0 0 0 0 0 1 0 0 0 0 
0 0 0 1 0 0 0 0 0 0 1 0 0 0 0 
0 0 0 0 0 0 0 0 1 0 0 0 1 0 0 
0 0 0 0 0 1 0 0 0 0 0 0 0 1 0 
0 0 0 0 0 0 0 1 0 1 0 0 0 0 0 
0 0 0 1 0 0 0 0 0 0 1 0 0 0 0 
0 0 1 1 0 0 0 0 0 0 0 0 0 0 0 
0 0 0 0 0 1 0 0 0 0 1 0 0 0 0 
1 0 0 0 0 0 0 1 0 0 0 0 0 0 0 
0 0 0 0 0 0 0 0 0 0 0 0 0 1 1 
0 0 0 0 0 0 0 0 0 0 0 0 0 1 1 
0 1 0 0 0 0 0 0 0 0 0 0 0 0 1 
0 0 0 0 0 1 0 0 0 0 0 1 0 0 0 
1 0 0 0 0 0 0 1 0 0 0 0 0 0 0 
0 0 0 1 0 0 1 0 0 0 0 0 0 0 0 
0 0 0 0 0 1 0 0 0 0 0 1 0 0 0 
0 0 0 0 0 0 0 1 0 0 0 0 0 1 0 
1 0 0 0 0 0 0 0 0 0 0 0 0 0 1 
0 0 0 0 0 0 0 1 1 0 0 0 0 0 0 
1 0 0 0 0 0 0 1 0 0 0 0 0 0 0 
0 0 0 0 1 0 0 0 0 0 1 0 0 0 0 
0 0 0 0 0 0 1 0 0 1 0 0 0 0 0 
0 0 0 0 1 0 0 0 0 0 0 1 0 0 0 
0 0 0 0 0 0 0 0 0 1 0 0 0 1 0 
0 0 0 0 0 0 0 0 1 0 0 0 0 0 1 
1 0 0 0 0 0 0 0 0 1 0 0 0 0 0 
Best Sequence: 
10 4 3 11 6 2 5 9 13 14 12 8 7 1 0 
0 0 0 0 0 0 0 1 0 1 0 0 0 0 0 
0 1 0 0 0 0 0 0 0 0 0 1 0 0 0 
0 0 0 0 0 0 1 1 0 0 0 0 0 0 0 
0 0 0 0 0 1 1 0 0 0 0 0 0 0 0 
1 1 0 0 0 0 0 0 0 0 0 0 0 0 0 
1 0 1 0 0 0 0 0 0 0 0 0 0 0 0 
0 0 0 0 0 0 0 0 0 0 1 1 0 0 0 
0 0 0 0 0 0 1 0 1 0 0 0 0 0 0 
0 0 0 0 0 0 0 1 0 0 0 0 1 0 0 
1 0 1 0 0 0 0 0 0 0 0 0 0 0 0 
0 0 1 0 0 1 0 0 0 0 0 0 0 0 0 
1 0 0 0 0 0 1 0 0 0 0 0 0 0 0 
0 0 0 0 0 0 0 0 0 0 0 0 1 0 1 
0 0 0 0 0 0 0 0 1 1 0 0 0 0 0 
0 0 0 0 0 0 0 0 1 1 0 0 0 0 0 
0 0 0 0 0 0 0 0 0 1 0 0 0 1 0 
0 0 0 1 0 0 1 0 0 0 0 0 0 0 0 
0 0 0 0 0 0 0 0 0 0 0 0 1 0 1 
0 0 1 0 1 0 0 0 0 0 0 0 0 0 0 
0 0 0 1 0 0 1 0 0 0 0 0 0 0 0 
0 0 0 0 0 0 0 0 1 0 0 0 1 0 0 
0 0 0 0 0 0 0 0 0 1 0 0 0 0 1 
0 0 0 0 0 0 0 0 0 0 0 1 1 0 0 
0 0 0 0 0 0 0 0 0 0 0 0 1 0 1 
1 1 0 0 0 0 0 0 0 0 0 0 0 0 0 
0 0 0 0 1 0 0 1 0 0 0 0 0 0 0 
0 1 0 1 0 0 0 0 0 0 0 0 0 0 0 
0 0 0 0 0 0 0 1 1 0 0 0 0 0 0 
0 0 0 0 0 0 0 0 0 1 0 1 0 0 0 
0 0 0 0 0 0 0 1 0 0 0 0 0 0 1 
OpenStacks: 10
Took 11.85 seconds

buffer: Warwick 1592: balanced products, 2 products per order
numCustomers: 30
numProducts: 15
0 0 1 1 0 0 0 0 0 0 0 0 0 0 0 
0 0 0 1 0 0 0 0 0 0 0 0 0 0 1 
1 0 0 1 0 0 0 0 0 0 0 0 0 0 0 
0 0 1 0 0 0 0 0 0 0 0 0 0 1 0 
0 0 0 1 0 0 0 1 0 0 0 0 0 0 0 
0 0 0 0 0 0 1 0 0 0 0 0 1 0 0 
0 0 1 0 0 0 0 0 0 0 0 1 0 0 0 
0 0 0 0 1 0 0 1 0 0 0 0 0 0 0 
0 0 0 0 0 0 0 0 0 1 1 0 0 0 0 
0 0 0 0 0 0 0 1 0 0 0 0 0 1 0 
0 0 0 0 0 0 0 1 0 0 1 0 0 0 0 
0 0 0 0 0 0 1 0 0 0 0 0 1 0 0 
1 0 0 0 0 0 0 0 0 1 0 0 0 0 0 
0 0 1 0 0 0 1 0 0 0 0 0 0 0 0 
0 0 0 0 0 0 0 0 0 0 1 0 0 1 0 
0 0 1 0 0 0 0 0 1 0 0 0 0 0 0 
0 0 0 0 0 0 1 0 0 0 0 0 0 1 0 
0 0 1 0 0 0 0 0 0 0 0 0 1 0 0 
1 0 0 0 0 0 1 0 0 0 0 0 0 0 0 
0 0 0 0 0 0 0 0 0 0 1 0 1 0 0 
1 0 0 0 0 0 0 0 0 1 0 0 0 0 0 
0 0 0 0 0 0 0 0 0 1 0 0 0 0 1 
0 0 0 0 1 1 0 0 0 0 0 0 0 0 0 
0 0 0 0 0 0 0 0 0 0 0 1 0 1 0 
0 1 0 0 0 0 0 0 0 0 0 0 1 0 0 
1 0 0 0 0 0 0 0 0 1 0 0 0 0 0 
0 0 1 0 0 0 0 0 0 0 0 1 0 0 0 
0 0 0 0 1 0 0 0 0 0 0 0 1 0 0 
1 0 0 0 0 0 0 0 0 0 0 0 0 0 1 
0 0 0 0 1 0 0 0 0 0 0 0 0 0 1 
Best Sequence: 
8 2 11 13 6 12 10 7 4 14 3 9 5 1 0 
0 1 0 0 0 0 0 0 0 0 1 0 0 0 0 
0 0 0 0 0 0 0 0 0 1 1 0 0 0 0 
0 0 0 0 0 0 0 0 0 0 1 0 0 0 1 
0 1 0 1 0 0 0 0 0 0 0 0 0 0 0 
0 0 0 0 0 0 0 1 0 0 1 0 0 0 0 
0 0 0 0 1 1 0 0 0 0 0 0 0 0 0 
0 1 1 0 0 0 0 0 0 0 0 0 0 0 0 
0 0 0 0 0 0 0 1 1 0 0 0 0 0 0 
0 0 0 0 0 0 1 0 0 0 0 1 0 0 0 
0 0 0 1 0 0 0 1 0 0 0 0 0 0 0 
0 0 0 0 0 0 1 1 0 0 0 0 0 0 0 
0 0 0 0 1 1 0 0 0 0 0 0 0 0 0 
0 0 0 0 0 0 0 0 0 0 0 1 0 0 1 
0 1 0 0 1 0 0 0 0 0 0 0 0 0 0 
0 0 0 1 0 0 1 0 0 0 0 0 0 0 0 
1 1 0 0 0 0 0 0 0 0 0 0 0 0 0 
0 0 0 1 1 0 0 0 0 0 0 0 0 0 0 
0 1 0 0 0 1 0 0 0 0 0 0 0 0 0 
0 0 0 0 1 0 0 0 0 0 0 0 0 0 1 
0 0 0 0 0 1 1 0 0 0 0 0 0 0 0 
0 0 0 0 0 0 0 0 0 0 0 1 0 0 1 
0 0 0 0 0 0 0 0 0 1 0 1 0 0 0 
0 0 0 0 0 0 0 0 1 0 0 0 1 0 0 
0 0 1 1 0 0 0 0 0 0 0 0 0 0 0 
0 0 0 0 0 1 0 0 0 0 0 0 0 1 0 
0 0 0 0 0 0 0 0 0 0 0 1 0 0 1 
0 1 1 0 0 0 0 0 0 0 0 0 0 0 0 
0 0 0 0 0 1 0 0 1 0 0 0 0 0 0 
0 0 0 0 0 0 0 0 0 1 0 0 0 0 1 
0 0 0 0 0 0 0 0 1 1 0 0 0 0 0 
OpenStacks: 10
Took 11.85 seconds

buffer: Warwick 1593: balanced products, 2 products per order
numCustomers: 30
numProducts: 15
0 0 0 1 0 0 0 0 0 0 0 0 1 0 0 
0 0 1 0 0 0 0 0 0 0 1 0 0 0 0 
0 0 0 0 0 0 0 0 1 0 0 0 0 0 1 
0 0 0 0 0 0 0 0 1 0 0 1 0 0 0 
1 0 0 0 0 0 0 0 0 0 1 0 0 0 0 
1 1 0 0 0 0 0 0 0 0 0 0 0 0 0 
0 0 0 0 0 0 0 0 1 0 0 0 0 0 1 
0 0 0 1 0 0 0 0 0 1 0 0 0 0 0 
0 0 0 0 0 0 1 0 0 1 0 0 0 0 0 
0 0 0 0 0 0 1 0 0 0 0 0 0 1 0 
0 0 0 0 0 0 0 1 0 0 1 0 0 0 0 
0 0 0 0 0 1 0 0 0 0 0 0 0 1 0 
0 0 0 1 0 0 0 1 0 0 0 0 0 0 0 
0 0 0 1 0 0 0 0 0 0 0 0 0 1 0 
0 0 0 0 0 0 0 1 0 1 0 0 0 0 0 
1 0 0 0 0 0 0 1 0 0 0 0 0 0 0 
0 0 0 0 1 0 0 0 0 0 0 0 1 0 0 
1 0 0 0 0 0 0 0 0 1 0 0 0 0 0 
0 0 0 0 1 0 0 0 0 1 0 0 0 0 0 
1 0 1 0 0 0 0 0 0 0 0 0 0 0 0 
0 0 1 0 0 0 0 0 0 0 1 0 0 0 0 
1 0 0 0 1 0 0 0 0 0 0 0 0 0 0 
1 0 0 0 0 0 0 0 0 1 0 0 0 0 0 
0 0 0 0 0 0 0 0 0 0 1 1 0 0 0 
0 1 0 0 0 0 0 1 0 0 0 0 0 0 0 
1 0 0 0 0 0 0 1 0 0 0 0 0 0 0 
0 0 0 0 0 1 0 0 0 0 0 0 1 0 0 
0 0 0 1 1 0 0 0 0 0 0 0 0 0 0 
0 0 1 0 0 0 0 1 0 0 0 0 0 0 0 
0 0 0 0 0 0 0 0 0 0 0 1 0 1 0 
Best Sequence: 
13 5 12 6 3 4 9 11 14 8 0 10 7 2 1 
0 0 1 0 1 0 0 0 0 0 0 0 0 0 0 
0 0 0 0 0 0 0 0 0 0 0 1 0 1 0 
0 0 0 0 0 0 0 0 1 1 0 0 0 0 0 
0 0 0 0 0 0 0 1 0 1 0 0 0 0 0 
0 0 0 0 0 0 0 0 0 0 1 1 0 0 0 
0 0 0 0 0 0 0 0 0 0 1 0 0 0 1 
0 0 0 0 0 0 0 0 1 1 0 0 0 0 0 
0 0 0 0 1 0 1 0 0 0 0 0 0 0 0 
0 0 0 1 0 0 1 0 0 0 0 0 0 0 0 
1 0 0 1 0 0 0 0 0 0 0 0 0 0 0 
0 0 0 0 0 0 0 0 0 0 0 1 1 0 0 
1 1 0 0 0 0 0 0 0 0 0 0 0 0 0 
0 0 0 0 1 0 0 0 0 0 0 0 1 0 0 
1 0 0 0 1 0 0 0 0 0 0 0 0 0 0 
0 0 0 0 0 0 1 0 0 0 0 0 1 0 0 
0 0 0 0 0 0 0 0 0 0 1 0 1 0 0 
0 0 1 0 0 1 0 0 0 0 0 0 0 0 0 
0 0 0 0 0 0 1 0 0 0 1 0 0 0 0 
0 0 0 0 0 1 1 0 0 0 0 0 0 0 0 
0 0 0 0 0 0 0 0 0 0 1 0 0 1 0 
0 0 0 0 0 0 0 0 0 0 0 1 0 1 0 
0 0 0 0 0 1 0 0 0 0 1 0 0 0 0 
0 0 0 0 0 0 1 0 0 0 1 0 0 0 0 
0 0 0 0 0 0 0 1 0 0 0 1 0 0 0 
0 0 0 0 0 0 0 0 0 0 0 0 1 0 1 
0 0 0 0 0 0 0 0 0 0 1 0 1 0 0 
0 1 1 0 0 0 0 0 0 0 0 0 0 0 0 
0 0 0 0 1 1 0 0 0 0 0 0 0 0 0 
0 0 0 0 0 0 0 0 0 0 0 0 1 1 0 
1 0 0 0 0 0 0 1 0 0 0 0 0 0 0 
OpenStacks: 11
Took 11.86 seconds

buffer: Warwick 1594: balanced products, 2 products per order
numCustomers: 30
numProducts: 15
1 0 0 0 0 0 0 0 0 0 0 1 0 0 0 
0 1 1 0 0 0 0 0 0 0 0 0 0 0 0 
0 0 0 0 1 0 1 0 0 0 0 0 0 0 0 
0 0 0 0 0 0 0 0 0 0 0 0 0 1 1 
0 1 0 0 0 0 0 0 0 0 0 0 0 0 1 
0 0 1 0 0 0 0 0 0 0 0 1 0 0 0 
0 0 0 0 0 0 0 0 0 0 0 0 0 1 1 
0 0 0 0 0 0 1 0 1 0 0 0 0 0 0 
0 0 0 0 0 0 0 0 0 1 1 0 0 0 0 
1 0 0 0 0 0 0 0 0 0 0 0 1 0 0 
1 0 0 0 0 0 0 0 1 0 0 0 0 0 0 
0 0 0 0 0 0 0 0 1 0 1 0 0 0 0 
0 0 0 0 0 0 0 0 0 1 1 0 0 0 0 
0 0 0 0 0 0 1 0 0 0 0 0 0 1 0 
0 0 1 0 0 0 0 0 1 0 0 0 0 0 0 
0 0 0 1 0 0 0 1 0 0 0 0 0 0 0 
0 0 0 0 0 0 0 0 1 0 0 1 0 0 0 
1 0 0 0 0 0 0 0 0 0 0 0 0 1 0 
0 0 0 0 1 0 0 0 0 0 0 0 1 0 0 
0 0 0 0 0 1 0 1 0 0 0 0 0 0 0 
1 1 0 0 0 0 0 0 0 0 0 0 0 0 0 
0 1 0 0 1 0 0 0 0 0 0 0 0 0 0 
0 1 0 1 0 0 0 0 0 0 0 0 0 0 0 
0 0 0 0 0 0 0 0 0 1 0 0 1 0 0 
0 0 0 0 0 0 1 0 0 0 1 0 0 0 0 
0 0 0 0 0 0 0 0 0 1 0 0 0 0 1 
0 0 0 1 0 0 0 0 0 0 1 0 0 0 0 
0 0 0 1 1 0 0 0 0 0 0 0 0 0 0 
0 0 0 0 0 0 1 0 1 0 0 0 0 0 0 
0 1 0 0 0 0 0 0 0 1 0 0 0 0 0 
Best Sequence: 
10 9 7 5 3 1 14 13 12 4 6 8 11 2 0 
0 0 0 0 0 0 0 0 0 0 0 0 1 0 1 
0 0 0 0 0 1 0 0 0 0 0 0 0 1 0 
0 0 0 0 0 0 0 0 0 1 1 0 0 0 0 
0 0 0 0 0 0 1 1 0 0 0 0 0 0 0 
0 0 0 0 0 1 1 0 0 0 0 0 0 0 0 
0 0 0 0 0 0 0 0 0 0 0 0 1 1 0 
0 0 0 0 0 0 1 1 0 0 0 0 0 0 0 
0 0 0 0 0 0 0 0 0 0 1 1 0 0 0 
1 1 0 0 0 0 0 0 0 0 0 0 0 0 0 
0 0 0 0 0 0 0 0 1 0 0 0 0 0 1 
0 0 0 0 0 0 0 0 0 0 0 1 0 0 1 
1 0 0 0 0 0 0 0 0 0 0 1 0 0 0 
1 1 0 0 0 0 0 0 0 0 0 0 0 0 0 
0 0 0 0 0 0 0 1 0 0 1 0 0 0 0 
0 0 0 0 0 0 0 0 0 0 0 1 0 1 0 
0 0 1 0 1 0 0 0 0 0 0 0 0 0 0 
0 0 0 0 0 0 0 0 0 0 0 1 1 0 0 
0 0 0 0 0 0 0 1 0 0 0 0 0 0 1 
0 0 0 0 0 0 0 0 1 1 0 0 0 0 0 
0 0 1 1 0 0 0 0 0 0 0 0 0 0 0 
0 0 0 0 0 1 0 0 0 0 0 0 0 0 1 
0 0 0 0 0 1 0 0 0 1 0 0 0 0 0 
0 0 0 0 1 1 0 0 0 0 0 0 0 0 0 
0 1 0 0 0 0 0 0 1 0 0 0 0 0 0 
1 0 0 0 0 0 0 0 0 0 1 0 0 0 0 
0 1 0 0 0 0 1 0 0 0 0 0 0 0 0 
1 0 0 0 1 0 0 0 0 0 0 0 0 0 0 
0 0 0 0 1 0 0 0 0 1 0 0 0 0 0 
0 0 0 0 0 0 0 0 0 0 1 1 0 0 0 
0 1 0 0 0 1 0 0 0 0 0 0 0 0 0 
OpenStacks: 11
Took 11.86 seconds

buffer: Warwick 1595: balanced products, 2 products per order
numCustomers: 30
numProducts: 15
0 0 0 0 1 0 0 0 0 0 0 0 1 0 0 
1 0 0 0 0 0 0 0 0 0 0 0 1 0 0 
1 0 0 0 0 0 0 0 0 1 0 0 0 0 0 
0 0 0 0 0 0 0 0 0 0 1 0 0 1 0 
0 0 0 1 0 0 0 0 0 0 0 0 1 0 0 
0 0 0 0 0 0 0 0 1 0 1 0 0 0 0 
0 1 0 0 1 0 0 0 0 0 0 0 0 0 0 
0 0 0 0 0 0 1 0 0 1 0 0 0 0 0 
0 1 0 0 0 0 0 0 0 1 0 0 0 0 0 
0 0 0 0 0 0 0 0 1 0 0 1 0 0 0 
0 0 0 0 0 0 0 1 0 0 0 0 0 0 1 
0 0 1 0 1 0 0 0 0 0 0 0 0 0 0 
0 1 0 1 0 0 0 0 0 0 0 0 0 0 0 
0 0 0 0 0 0 0 1 0 0 0 0 0 1 0 
0 0 0 0 0 1 0 0 0 0 0 0 1 0 0 
0 0 1 0 0 1 0 0 0 0 0 0 0 0 0 
0 0 0 0 0 0 0 0 0 0 0 1 0 1 0 
0 0 0 0 1 0 0 0 0 0 1 0 0 0 0 
0 0 0 0 0 0 0 1 0 0 0 0 0 1 0 
0 0 1 0 0 0 0 0 1 0 0 0 0 0 0 
0 0 1 0 1 0 0 0 0 0 0 0 0 0 0 
0 0 1 0 0 0 1 0 0 0 0 0 0 0 0 
0 0 0 0 0 0 0 1 1 0 0 0 0 0 0 
0 0 0 0 0 0 0 0 0 1 1 0 0 0 0 
0 0 0 0 0 0 0 0 0 0 0 1 1 0 0 
0 0 0 0 0 0 0 1 1 0 0 0 0 0 0 
0 0 0 0 0 0 0 1 0 0 0 1 0 0 0 
0 0 0 0 0 0 0 0 0 0 0 1 1 0 0 
0 0 0 0 0 0 0 1 0 0 0 0 0 1 0 
1 0 0 0 0 0 0 1 0 0 0 0 0 0 0 
Best Sequence: 
5 2 4 12 3 1 11 6 9 10 8 13 14 7 0 
0 0 1 1 0 0 0 0 0 0 0 0 0 0 0 
0 0 0 1 0 0 0 0 0 0 0 0 0 0 1 
0 0 0 0 0 0 0 0 1 0 0 0 0 0 1 
0 0 0 0 0 0 0 0 0 1 0 1 0 0 0 
0 0 0 1 1 0 0 0 0 0 0 0 0 0 0 
0 0 0 0 0 0 0 0 0 1 1 0 0 0 0 
0 0 1 0 0 1 0 0 0 0 0 0 0 0 0 
0 0 0 0 0 0 0 1 1 0 0 0 0 0 0 
0 0 0 0 0 1 0 0 1 0 0 0 0 0 0 
0 0 0 0 0 0 1 0 0 0 1 0 0 0 0 
0 0 0 0 0 0 0 0 0 0 0 0 1 1 0 
0 1 1 0 0 0 0 0 0 0 0 0 0 0 0 
0 0 0 0 1 1 0 0 0 0 0 0 0 0 0 
0 0 0 0 0 0 0 0 0 0 0 1 0 1 0 
1 0 0 1 0 0 0 0 0 0 0 0 0 0 0 
1 1 0 0 0 0 0 0 0 0 0 0 0 0 0 
0 0 0 0 0 0 1 0 0 0 0 1 0 0 0 
0 0 1 0 0 0 0 0 0 1 0 0 0 0 0 
0 0 0 0 0 0 0 0 0 0 0 1 0 1 0 
0 1 0 0 0 0 0 0 0 0 1 0 0 0 0 
0 1 1 0 0 0 0 0 0 0 0 0 0 0 0 
0 1 0 0 0 0 0 1 0 0 0 0 0 0 0 
0 0 0 0 0 0 0 0 0 0 1 0 0 1 0 
0 0 0 0 0 0 0 0 1 1 0 0 0 0 0 
0 0 0 1 0 0 1 0 0 0 0 0 0 0 0 
0 0 0 0 0 0 0 0 0 0 1 0 0 1 0 
0 0 0 0 0 0 1 0 0 0 0 0 0 1 0 
0 0 0 1 0 0 1 0 0 0 0 0 0 0 0 
0 0 0 0 0 0 0 0 0 0 0 1 0 1 0 
0 0 0 0 0 0 0 0 0 0 0 0 0 1 1 
OpenStacks: 10
Took 11.87 seconds

buffer: Warwick 1596: balanced products, 2 products per order
numCustomers: 30
numProducts: 15
1 0 0 0 0 0 0 0 0 0 1 0 0 0 0 
0 0 0 0 0 0 0 0 0 1 0 0 0 0 1 
0 0 0 1 0 0 0 0 0 0 0 0 1 0 0 
0 0 0 0 0 0 0 1 0 0 0 0 0 1 0 
0 0 0 0 0 0 0 1 1 0 0 0 0 0 0 
0 0 0 0 0 1 0 1 0 0 0 0 0 0 0 
0 0 0 0 0 0 0 0 0 0 1 0 0 0 1 
0 0 1 0 0 0 0 1 0 0 0 0 0 0 0 
0 0 0 0 1 0 0 0 1 0 0 0 0 0 0 
0 0 0 0 0 1 0 1 0 0 0 0 0 0 0 
0 0 0 1 0 0 0 0 0 0 1 0 0 0 0 
0 0 0 0 0 1 0 0 1 0 0 0 0 0 0 
0 0 0 1 0 0 0 0 0 0 1 0 0 0 0 
0 0 0 0 0 0 1 0 0 0 0 0 0 1 0 
0 0 0 1 0 0 0 0 0 0 0 0 1 0 0 
0 0 0 1 0 0 0 0 0 1 0 0 0 0 0 
0 0 1 1 0 0 0 0 0 0 0 0 0 0 0 
1 0 0 0 0 0 0 0 0 1 0 0 0 0 0 
0 0 1 1 0 0 0 0 0 0 0 0 0 0 0 
0 0 0 0 0 0 1 0 0 1 0 0 0 0 0 
0 0 0 0 0 1 0 1 0 0 0 0 0 0 0 
0 0 0 0 0 0 0 1 0 0 0 0 1 0 0 
0 1 0 0 0 0 0 0 0 0 0 0 1 0 0 
0 0 0 0 0 0 1 1 0 0 0 0 0 0 0 
0 0 0 0 0 0 1 0 0 1 0 0 0 0 0 
1 0 0 0 0 1 0 0 0 0 0 0 0 0 0 
0 0 0 0 0 0 1 0 0 0 1 0 0 0 0 
0 0 1 0 0 0 0 0 0 0 0 0 0 1 0 
0 0 0 0 0 1 0 0 0 1 0 0 0 0 0 
0 0 1 0 0 0 0 0 0 0 0 1 0 0 0 
Best Sequence: 
8 4 7 5 13 6 9 14 11 2 10 3 12 1 0 
0 0 0 0 0 0 0 0 0 0 1 0 0 0 1 
0 0 0 0 0 0 1 1 0 0 0 0 0 0 0 
0 0 0 0 0 0 0 0 0 0 0 1 1 0 0 
0 0 1 0 1 0 0 0 0 0 0 0 0 0 0 
1 0 1 0 0 0 0 0 0 0 0 0 0 0 0 
0 0 1 1 0 0 0 0 0 0 0 0 0 0 0 
0 0 0 0 0 0 0 1 0 0 1 0 0 0 0 
0 0 1 0 0 0 0 0 0 1 0 0 0 0 0 
1 1 0 0 0 0 0 0 0 0 0 0 0 0 0 
0 0 1 1 0 0 0 0 0 0 0 0 0 0 0 
0 0 0 0 0 0 0 0 0 0 1 1 0 0 0 
1 0 0 1 0 0 0 0 0 0 0 0 0 0 0 
0 0 0 0 0 0 0 0 0 0 1 1 0 0 0 
0 0 0 0 1 1 0 0 0 0 0 0 0 0 0 
0 0 0 0 0 0 0 0 0 0 0 1 1 0 0 
0 0 0 0 0 0 1 0 0 0 0 1 0 0 0 
0 0 0 0 0 0 0 0 0 1 0 1 0 0 0 
0 0 0 0 0 0 1 0 0 0 0 0 0 0 1 
0 0 0 0 0 0 0 0 0 1 0 1 0 0 0 
0 0 0 0 0 1 1 0 0 0 0 0 0 0 0 
0 0 1 1 0 0 0 0 0 0 0 0 0 0 0 
0 0 1 0 0 0 0 0 0 0 0 0 1 0 0 
0 0 0 0 0 0 0 0 0 0 0 0 1 1 0 
0 0 1 0 0 1 0 0 0 0 0 0 0 0 0 
0 0 0 0 0 1 1 0 0 0 0 0 0 0 0 
0 0 0 1 0 0 0 0 0 0 0 0 0 0 1 
0 0 0 0 0 1 0 0 0 0 1 0 0 0 0 
0 0 0 0 1 0 0 0 0 1 0 0 0 0 0 
0 0 0 1 0 0 1 0 0 0 0 0 0 0 0 
0 0 0 0 0 0 0 0 1 1 0 0 0 0 0 
OpenStacks: 11
Took 11.84 seconds

buffer: Warwick 1597: balanced products, 2 products per order
numCustomers: 30
numProducts: 15
0 0 0 0 0 0 0 0 0 0 0 1 0 0 1 
0 0 0 0 0 1 1 0 0 0 0 0 0 0 0 
0 0 0 0 0 0 0 0 0 1 0 0 0 0 1 
0 0 0 1 0 0 0 0 0 0 0 0 1 0 0 
0 0 0 0 0 0 0 0 0 0 0 1 1 0 0 
0 1 0 0 0 0 0 0 0 1 0 0 0 0 0 
0 0 0 0 0 0 1 0 0 0 0 1 0 0 0 
0 0 0 0 1 0 0 0 0 0 0 0 0 1 0 
0 0 0 0 0 0 0 0 0 0 0 1 0 0 1 
0 0 0 0 1 0 0 0 0 0 0 0 0 1 0 
0 0 0 0 0 0 0 1 1 0 0 0 0 0 0 
0 0 0 0 0 0 0 0 1 0 0 0 1 0 0 
0 0 0 0 1 0 0 0 0 0 0 0 0 0 1 
0 0 0 0 0 0 0 0 0 0 1 0 1 0 0 
1 0 0 0 0 0 0 0 0 0 0 0 1 0 0 
1 1 0 0 0 0 0 0 0 0 0 0 0 0 0 
1 1 0 0 0 0 0 0 0 0 0 0 0 0 0 
0 1 0 0 0 0 0 0 0 0 0 0 0 0 1 
0 0 1 0 0 0 0 1 0 0 0 0 0 0 0 
0 0 0 0 0 0 0 0 0 1 0 0 0 1 0 
0 0 0 0 0 0 0 1 0 0 0 0 0 0 1 
0 1 0 0 1 0 0 0 0 0 0 0 0 0 0 
1 0 0 0 1 0 0 0 0 0 0 0 0 0 0 
0 0 0 1 0 0 0 0 0 0 1 0 0 0 0 
0 0 0 0 0 0 1 0 0 1 0 0 0 0 0 
0 0 0 0 0 0 0 0 1 0 0 1 0 0 0 
1 0 0 0 0 0 0 0 0 0 0 0 0 0 1 
1 0 0 0 0 0 0 1 0 0 0 0 0 0 0 
1 0 1 0 0 0 0 0 0 0 0 0 0 0 0 
0 0 0 0 0 0 1 1 0 0 0 0 0 0 0 
Best Sequence: 
10 3 12 11 8 14 7 6 9 13 5 4 2 1 0 
0 0 0 1 0 1 0 0 0 0 0 0 0 0 0 
0 0 0 0 0 0 0 1 0 0 1 0 0 0 0 
0 0 0 0 0 1 0 0 1 0 0 0 0 0 0 
0 1 1 0 0 0 0 0 0 0 0 0 0 0 0 
0 0 1 1 0 0 0 0 0 0 0 0 0 0 0 
0 0 0 0 0 0 0 0 1 0 0 0 0 1 0 
0 0 0 1 0 0 0 1 0 0 0 0 0 0 0 
0 0 0 0 0 0 0 0 0 1 0 1 0 0 0 
0 0 0 1 0 1 0 0 0 0 0 0 0 0 0 
0 0 0 0 0 0 0 0 0 1 0 1 0 0 0 
0 0 0 0 1 0 1 0 0 0 0 0 0 0 0 
0 0 1 0 1 0 0 0 0 0 0 0 0 0 0 
0 0 0 0 0 1 0 0 0 0 0 1 0 0 0 
1 0 1 0 0 0 0 0 0 0 0 0 0 0 0 
0 0 1 0 0 0 0 0 0 0 0 0 0 0 1 
0 0 0 0 0 0 0 0 0 0 0 0 0 1 1 
0 0 0 0 0 0 0 0 0 0 0 0 0 1 1 
0 0 0 0 0 1 0 0 0 0 0 0 0 1 0 
0 0 0 0 0 0 1 0 0 0 0 0 1 0 0 
0 0 0 0 0 0 0 0 1 1 0 0 0 0 0 
0 0 0 0 0 1 1 0 0 0 0 0 0 0 0 
0 0 0 0 0 0 0 0 0 0 0 1 0 1 0 
0 0 0 0 0 0 0 0 0 0 0 1 0 0 1 
1 1 0 0 0 0 0 0 0 0 0 0 0 0 0 
0 0 0 0 0 0 0 1 1 0 0 0 0 0 0 
0 0 0 1 1 0 0 0 0 0 0 0 0 0 0 
0 0 0 0 0 1 0 0 0 0 0 0 0 0 1 
0 0 0 0 0 0 1 0 0 0 0 0 0 0 1 
0 0 0 0 0 0 0 0 0 0 0 0 1 0 1 
0 0 0 0 0 0 1 1 0 0 0 0 0 0 0 
OpenStacks: 11
Took 11.88 seconds

buffer: Warwick 1598: balanced products, 2 products per order
numCustomers: 30
numProducts: 15
0 0 0 0 0 0 1 0 0 0 0 0 1 0 0 
1 0 0 0 1 0 0 0 0 0 0 0 0 0 0 
0 0 0 0 0 0 1 0 0 0 0 0 1 0 0 
0 0 1 0 0 0 0 0 0 0 1 0 0 0 0 
0 0 0 0 1 1 0 0 0 0 0 0 0 0 0 
1 0 0 1 0 0 0 0 0 0 0 0 0 0 0 
0 0 1 0 0 0 1 0 0 0 0 0 0 0 0 
0 0 0 1 0 1 0 0 0 0 0 0 0 0 0 
1 0 0 0 0 0 0 0 0 0 1 0 0 0 0 
0 0 0 0 0 0 0 0 0 0 0 1 0 1 0 
1 0 0 0 0 0 0 1 0 0 0 0 0 0 0 
0 0 0 0 0 1 0 0 0 0 0 1 0 0 0 
0 0 0 0 0 0 0 0 0 0 1 0 1 0 0 
0 0 0 1 0 0 0 0 0 0 0 1 0 0 0 
0 0 0 0 0 0 0 1 0 0 0 1 0 0 0 
0 0 0 0 0 0 0 0 0 1 1 0 0 0 0 
0 0 0 0 0 1 0 0 0 0 0 0 0 0 1 
0 1 0 0 0 0 1 0 0 0 0 0 0 0 0 
0 0 1 0 0 0 1 0 0 0 0 0 0 0 0 
0 0 0 0 0 1 0 0 0 0 0 0 1 0 0 
0 0 0 0 0 0 1 0 0 0 0 0 0 1 0 
0 0 0 0 1 0 0 0 0 0 0 0 1 0 0 
0 0 0 0 0 0 0 0 0 1 0 0 1 0 0 
0 0 0 0 0 0 0 0 1 0 0 0 1 0 0 
0 1 0 0 0 1 0 0 0 0 0 0 0 0 0 
0 0 0 0 0 1 0 0 0 0 0 0 1 0 0 
0 0 0 0 1 0 0 0 0 1 0 0 0 0 0 
0 0 0 0 0 0 0 0 0 1 0 1 0 0 0 
0 0 0 0 0 0 1 1 0 0 0 0 0 0 0 
0 0 0 0 0 1 0 0 0 0 0 1 0 0 0 
Best Sequence: 
14 5 11 13 7 3 0 4 9 10 12 8 6 2 1 
0 0 0 0 0 0 0 0 0 0 1 0 1 0 0 
0 0 0 0 0 0 1 1 0 0 0 0 0 0 0 
0 0 0 0 0 0 0 0 0 0 1 0 1 0 0 
0 0 0 0 0 0 0 0 0 1 0 0 0 1 0 
0 1 0 0 0 0 0 1 0 0 0 0 0 0 0 
0 0 0 0 0 1 1 0 0 0 0 0 0 0 0 
0 0 0 0 0 0 0 0 0 0 0 0 1 1 0 
0 1 0 0 0 1 0 0 0 0 0 0 0 0 0 
0 0 0 0 0 0 1 0 0 1 0 0 0 0 0 
0 0 1 1 0 0 0 0 0 0 0 0 0 0 0 
0 0 0 0 1 0 1 0 0 0 0 0 0 0 0 
0 1 1 0 0 0 0 0 0 0 0 0 0 0 0 
0 0 0 0 0 0 0 0 0 1 1 0 0 0 0 
0 0 1 0 0 1 0 0 0 0 0 0 0 0 0 
0 0 1 0 1 0 0 0 0 0 0 0 0 0 0 
0 0 0 0 0 0 0 0 1 1 0 0 0 0 0 
1 1 0 0 0 0 0 0 0 0 0 0 0 0 0 
0 0 0 0 0 0 0 0 0 0 0 0 1 0 1 
0 0 0 0 0 0 0 0 0 0 0 0 1 1 0 
0 1 0 0 0 0 0 0 0 0 1 0 0 0 0 
0 0 0 1 0 0 0 0 0 0 0 0 1 0 0 
0 0 0 0 0 0 0 1 0 0 1 0 0 0 0 
0 0 0 0 0 0 0 0 1 0 1 0 0 0 0 
0 0 0 0 0 0 0 0 0 0 1 1 0 0 0 
0 1 0 0 0 0 0 0 0 0 0 0 0 0 1 
0 1 0 0 0 0 0 0 0 0 1 0 0 0 0 
0 0 0 0 0 0 0 1 1 0 0 0 0 0 0 
0 0 1 0 0 0 0 0 1 0 0 0 0 0 0 
0 0 0 0 1 0 0 0 0 0 0 0 1 0 0 
0 1 1 0 0 0 0 0 0 0 0 0 0 0 0 
OpenStacks: 12
Took 11.84 seconds

buffer: Warwick 1599: balanced products, 2 products per order
numCustomers: 30
numProducts: 15
1 0 0 0 0 0 0 0 0 0 0 0 0 0 1 
1 1 0 0 0 0 0 0 0 0 0 0 0 0 0 
0 1 0 0 0 1 0 0 0 0 0 0 0 0 0 
0 0 0 0 1 1 0 0 0 0 0 0 0 0 0 
0 0 0 0 0 0 0 0 0 1 1 0 0 0 0 
0 1 0 0 0 0 0 0 1 0 0 0 0 0 0 
0 0 0 0 0 0 0 1 0 1 0 0 0 0 0 
0 0 0 0 0 0 0 0 1 0 0 0 0 0 1 
0 0 1 0 0 0 1 0 0 0 0 0 0 0 0 
1 0 0 0 0 0 0 0 0 0 0 0 0 1 0 
0 0 0 0 0 0 0 0 0 0 1 0 1 0 0 
0 0 0 0 0 0 1 0 0 0 1 0 0 0 0 
0 0 0 0 0 0 1 0 0 0 0 1 0 0 0 
0 0 0 0 0 0 0 0 0 1 0 1 0 0 0 
0 0 0 0 0 0 1 0 0 0 0 0 0 0 1 
0 1 1 0 0 0 0 0 0 0 0 0 0 0 0 
0 0 0 0 0 0 0 0 0 1 0 0 0 0 1 
0 0 1 0 0 0 0 0 0 0 0 0 1 0 0 
0 0 0 0 0 0 1 0 0 0 0 1 0 0 0 
0 0 0 0 0 0 0 0 0 0 0 1 1 0 0 
0 0 0 0 0 0 0 1 1 0 0 0 0 0 0 
0 0 0 0 0 0 1 0 0 0 0 0 0 0 1 
0 0 0 1 0 0 0 0 0 0 0 0 0 1 0 
0 1 0 0 0 0 0 0 0 0 0 0 0 0 1 
0 0 0 0 0 0 1 0 0 0 1 0 0 0 0 
0 0 0 0 0 0 0 0 0 0 1 1 0 0 0 
0 0 0 1 1 0 0 0 0 0 0 0 0 0 0 
1 0 0 0 1 0 0 0 0 0 0 0 0 0 0 
0 0 1 0 0 0 0 0 0 0 0 0 1 0 0 
0 0 0 1 0 0 0 0 0 0 0 0 0 1 0 
Best Sequence: 
11 6 10 9 14 12 8 7 13 3 4 5 2 1 0 
0 0 0 0 1 0 0 0 0 0 0 0 0 0 1 
0 0 0 0 0 0 0 0 0 0 0 0 0 1 1 
0 0 0 0 0 0 0 0 0 0 0 1 0 1 0 
0 0 0 0 0 0 0 0 0 0 1 1 0 0 0 
0 0 1 1 0 0 0 0 0 0 0 0 0 0 0 
0 0 0 0 0 0 1 0 0 0 0 0 0 1 0 
0 0 0 1 0 0 0 1 0 0 0 0 0 0 0 
0 0 0 0 1 0 1 0 0 0 0 0 0 0 0 
0 1 0 0 0 0 0 0 0 0 0 0 1 0 0 
0 0 0 0 0 0 0 0 1 0 0 0 0 0 1 
0 0 1 0 0 1 0 0 0 0 0 0 0 0 0 
0 1 1 0 0 0 0 0 0 0 0 0 0 0 0 
1 1 0 0 0 0 0 0 0 0 0 0 0 0 0 
1 0 0 1 0 0 0 0 0 0 0 0 0 0 0 
0 1 0 0 1 0 0 0 0 0 0 0 0 0 0 
0 0 0 0 0 0 0 0 0 0 0 0 1 1 0 
0 0 0 1 1 0 0 0 0 0 0 0 0 0 0 
0 0 0 0 0 1 0 0 0 0 0 0 1 0 0 
1 1 0 0 0 0 0 0 0 0 0 0 0 0 0 
1 0 0 0 0 1 0 0 0 0 0 0 0 0 0 
0 0 0 0 0 0 1 1 0 0 0 0 0 0 0 
0 1 0 0 1 0 0 0 0 0 0 0 0 0 0 
0 0 0 0 0 0 0 0 1 1 0 0 0 0 0 
0 0 0 0 1 0 0 0 0 0 0 0 0 1 0 
0 1 1 0 0 0 0 0 0 0 0 0 0 0 0 
1 0 1 0 0 0 0 0 0 0 0 0 0 0 0 
0 0 0 0 0 0 0 0 0 1 1 0 0 0 0 
0 0 0 0 0 0 0 0 0 0 1 0 0 0 1 
0 0 0 0 0 1 0 0 0 0 0 0 1 0 0 
0 0 0 0 0 0 0 0 1 1 0 0 0 0 0 
OpenStacks: 10
Took 11.85 seconds

buffer: Warwick 1600: balanced products, 2 products per order
numCustomers: 30
numProducts: 15
1 0 0 1 0 0 0 0 0 0 0 0 0 0 0 
0 0 0 0 0 0 0 0 0 0 1 0 0 1 0 
0 0 0 1 0 0 0 0 0 0 0 1 0 0 0 
1 0 0 0 0 0 0 0 0 0 0 1 0 0 0 
0 0 0 0 1 0 0 0 0 0 1 0 0 0 0 
0 0 0 0 0 0 0 0 0 1 0 0 1 0 0 
0 0 0 0 0 0 0 0 0 1 0 0 0 1 0 
0 0 0 0 0 0 0 0 0 1 0 0 0 1 0 
0 0 0 1 1 0 0 0 0 0 0 0 0 0 0 
0 0 0 0 0 0 0 0 0 0 0 1 0 0 1 
0 0 0 1 0 0 0 0 0 0 1 0 0 0 0 
0 0 0 0 0 0 1 0 1 0 0 0 0 0 0 
0 0 0 0 0 0 1 0 0 0 0 0 0 1 0 
1 0 0 0 0 0 0 0 0 0 0 1 0 0 0 
0 0 0 1 1 0 0 0 0 0 0 0 0 0 0 
0 0 1 0 0 1 0 0 0 0 0 0 0 0 0 
0 0 0 0 0 0 0 1 0 0 0 0 0 1 0 
0 0 0 1 0 0 0 0 0 1 0 0 0 0 0 
0 1 0 0 0 0 0 0 0 0 0 1 0 0 0 
0 0 0 0 0 1 0 0 0 0 0 0 0 1 0 
0 0 0 0 0 0 0 1 1 0 0 0 0 0 0 
0 0 0 0 1 0 0 0 0 0 1 0 0 0 0 
1 0 0 0 0 0 0 0 0 0 0 0 0 1 0 
1 1 0 0 0 0 0 0 0 0 0 0 0 0 0 
0 1 0 0 0 0 1 0 0 0 0 0 0 0 0 
0 1 0 0 0 0 0 0 0 0 0 0 1 0 0 
0 0 0 0 0 0 0 0 0 0 1 0 0 0 1 
0 0 0 0 1 0 0 0 0 0 1 0 0 0 0 
0 0 0 1 0 0 0 0 0 1 0 0 0 0 0 
0 0 0 0 0 0 0 1 0 0 0 0 1 0 0 
Best Sequence: 
14 10 4 3 11 0 9 12 1 13 8 7 6 5 2 
0 0 0 1 0 1 0 0 0 0 0 0 0 0 0 
0 1 0 0 0 0 0 0 0 1 0 0 0 0 0 
0 0 0 1 1 0 0 0 0 0 0 0 0 0 0 
0 0 0 0 1 1 0 0 0 0 0 0 0 0 0 
0 1 1 0 0 0 0 0 0 0 0 0 0 0 0 
0 0 0 0 0 0 1 1 0 0 0 0 0 0 0 
0 0 0 0 0 0 1 0 0 1 0 0 0 0 0 
0 0 0 0 0 0 1 0 0 1 0 0 0 0 0 
0 0 1 1 0 0 0 0 0 0 0 0 0 0 0 
1 0 0 0 1 0 0 0 0 0 0 0 0 0 0 
0 1 0 1 0 0 0 0 0 0 0 0 0 0 0 
0 0 0 0 0 0 0 0 0 0 1 0 1 0 0 
0 0 0 0 0 0 0 0 0 1 0 0 1 0 0 
0 0 0 0 1 1 0 0 0 0 0 0 0 0 0 
0 0 1 1 0 0 0 0 0 0 0 0 0 0 0 
0 0 0 0 0 0 0 0 0 0 0 0 0 1 1 
0 0 0 0 0 0 0 0 0 1 0 1 0 0 0 
0 0 0 1 0 0 1 0 0 0 0 0 0 0 0 
0 0 0 0 1 0 0 0 1 0 0 0 0 0 0 
0 0 0 0 0 0 0 0 0 1 0 0 0 1 0 
0 0 0 0 0 0 0 0 0 0 1 1 0 0 0 
0 1 1 0 0 0 0 0 0 0 0 0 0 0 0 
0 0 0 0 0 1 0 0 0 1 0 0 0 0 0 
0 0 0 0 0 1 0 0 1 0 0 0 0 0 0 
0 0 0 0 0 0 0 0 1 0 0 0 1 0 0 
0 0 0 0 0 0 0 1 1 0 0 0 0 0 0 
1 1 0 0 0 0 0 0 0 0 0 0 0 0 0 
0 1 1 0 0 0 0 0 0 0 0 0 0 0 0 
0 0 0 1 0 0 1 0 0 0 0 0 0 0 0 
0 0 0 0 0 0 0 1 0 0 0 1 0 0 0 
OpenStacks: 9
Took 11.86 seconds

buffer: Warwick 1601: balanced products, 3 products per order
numCustomers: 30
numProducts: 15
0 0 1 0 0 0 0 0 1 0 0 0 0 0 1 
0 0 1 0 0 0 0 0 0 0 1 0 1 0 0 
0 0 1 0 1 0 0 0 0 0 0 1 0 0 0 
1 0 1 0 0 0 0 0 0 0 0 0 0 0 1 
0 1 0 0 0 0 0 1 1 0 0 0 0 0 0 
0 0 0 0 0 0 1 0 0 0 1 0 0 0 1 
0 0 1 0 0 0 0 1 0 0 0 0 0 0 1 
0 0 0 0 1 1 0 0 0 0 1 0 0 0 0 
0 1 0 0 1 0 1 0 0 0 0 0 0 0 0 
1 1 0 0 0 0 0 0 0 0 0 1 0 0 0 
0 0 1 0 0 1 0 0 0 0 1 0 0 0 0 
1 0 1 0 0 0 0 0 0 0 1 0 0 0 0 
0 0 0 0 0 0 0 1 1 0 0 1 0 0 0 
0 0 0 0 0 0 0 1 0 1 1 0 0 0 0 
0 0 0 1 0 0 0 0 0 0 0 1 1 0 0 
0 0 0 1 0 1 0 0 0 0 0 0 0 0 1 
0 0 0 0 1 1 0 0 0 1 0 0 0 0 0 
0 1 0 0 1 0 0 1 0 0 0 0 0 0 0 
0 0 1 0 0 1 0 0 0 0 0 1 0 0 0 
1 0 0 0 0 1 0 0 1 0 0 0 0 0 0 
0 0 0 0 0 0 1 0 0 0 1 0 0 0 1 
0 0 0 0 0 1 0 0 0 0 0 0 1 1 0 
0 0 0 0 0 0 0 0 0 0 1 0 1 1 0 
0 0 0 0 0 1 0 0 1 0 0 0 0 0 1 
0 0 0 0 0 0 0 0 0 1 0 1 0 0 1 
0 0 0 0 0 1 0 0 1 0 0 0 0 1 0 
0 0 0 0 1 0 0 0 0 0 0 1 0 1 0 
0 0 0 1 1 1 0 0 0 0 0 0 0 0 0 
0 1 0 0 1 0 0 0 1 0 0 0 0 0 0 
0 0 0 0 0 1 0 0 1 0 0 0 1 0 0 
Best Sequence: 
13 12 5 8 4 3 1 11 7 14 10 9 6 2 0 
0 0 0 1 0 0 0 0 0 1 0 0 0 1 0 
0 1 0 0 0 0 0 0 0 0 1 0 0 1 0 
0 0 0 0 1 0 0 1 0 0 0 0 0 1 0 
0 0 0 0 0 0 0 0 0 1 0 0 0 1 1 
0 0 0 1 0 0 1 0 1 0 0 0 0 0 0 
0 0 0 0 0 0 0 0 0 1 1 0 1 0 0 
0 0 0 0 0 0 0 0 1 1 0 0 0 1 0 
0 0 1 0 1 0 0 0 0 0 1 0 0 0 0 
0 0 0 0 1 0 1 0 0 0 0 0 1 0 0 
0 0 0 0 0 0 1 1 0 0 0 0 0 0 1 
0 0 1 0 0 0 0 0 0 0 1 0 0 1 0 
0 0 0 0 0 0 0 0 0 0 1 0 0 1 1 
0 0 0 1 0 0 0 1 1 0 0 0 0 0 0 
0 0 0 0 0 0 0 0 1 0 1 1 0 0 0 
0 1 0 0 0 1 0 1 0 0 0 0 0 0 0 
0 0 1 0 0 1 0 0 0 1 0 0 0 0 0 
0 0 1 0 1 0 0 0 0 0 0 1 0 0 0 
0 0 0 0 1 0 1 0 1 0 0 0 0 0 0 
0 0 1 0 0 0 0 1 0 0 0 0 0 1 0 
0 0 1 1 0 0 0 0 0 0 0 0 0 0 1 
0 0 0 0 0 0 0 0 0 1 1 0 1 0 0 
1 1 1 0 0 0 0 0 0 0 0 0 0 0 0 
1 1 0 0 0 0 0 0 0 0 1 0 0 0 0 
0 0 1 1 0 0 0 0 0 1 0 0 0 0 0 
0 0 0 0 0 0 0 1 0 1 0 1 0 0 0 
1 0 1 1 0 0 0 0 0 0 0 0 0 0 0 
1 0 0 0 1 0 0 1 0 0 0 0 0 0 0 
0 0 1 0 1 1 0 0 0 0 0 0 0 0 0 
0 0 0 1 1 0 1 0 0 0 0 0 0 0 0 
0 1 1 1 0 0 0 0 0 0 0 0 0 0 0 
OpenStacks: 19
Took 12.15 seconds

buffer: Warwick 1602: balanced products, 3 products per order
numCustomers: 30
numProducts: 15
0 0 1 0 0 0 0 0 0 1 0 0 0 1 0 
0 0 0 0 0 0 0 1 1 0 0 0 0 0 1 
1 0 0 1 0 0 0 0 0 1 0 0 0 0 0 
1 0 1 0 0 0 0 1 0 0 0 0 0 0 0 
0 1 0 0 0 0 0 1 0 0 0 0 0 0 1 
0 0 0 0 0 1 0 0 1 0 0 0 0 1 0 
1 1 0 0 0 0 0 0 0 0 0 1 0 0 0 
0 0 0 0 0 0 0 0 0 1 0 1 0 1 0 
0 1 0 0 1 1 0 0 0 0 0 0 0 0 0 
0 0 0 0 0 0 0 0 0 1 0 0 1 1 0 
0 0 0 0 0 1 0 0 0 0 1 0 1 0 0 
0 1 0 0 0 0 0 0 0 1 0 0 1 0 0 
1 0 0 1 0 0 1 0 0 0 0 0 0 0 0 
0 0 0 0 0 0 0 0 1 0 1 0 1 0 0 
0 1 0 0 0 0 0 0 1 1 0 0 0 0 0 
0 0 1 0 0 0 1 1 0 0 0 0 0 0 0 
0 0 0 0 0 0 1 0 0 1 1 0 0 0 0 
0 0 1 0 0 0 0 0 0 0 0 0 0 1 1 
0 0 0 0 0 1 1 0 0 0 0 0 1 0 0 
0 0 1 0 1 0 0 0 0 0 0 0 1 0 0 
0 0 0 0 0 1 0 0 0 0 1 1 0 0 0 
0 0 1 0 1 0 0 0 1 0 0 0 0 0 0 
0 1 0 0 0 0 0 0 1 0 1 0 0 0 0 
0 0 0 0 0 0 0 0 0 1 0 1 0 0 1 
0 0 0 1 0 1 0 1 0 0 0 0 0 0 0 
1 1 1 0 0 0 0 0 0 0 0 0 0 0 0 
0 0 0 0 0 1 0 1 0 1 0 0 0 0 0 
1 0 0 0 0 0 0 0 1 0 0 1 0 0 0 
0 0 1 0 1 0 0 0 1 0 0 0 0 0 0 
1 1 1 0 0 0 0 0 0 0 0 0 0 0 0 
Best Sequence: 
13 12 9 11 10 5 6 14 7 3 8 4 2 1 0 
1 0 1 0 0 0 0 0 0 0 0 0 1 0 0 
0 0 0 0 0 0 0 1 1 0 1 0 0 0 0 
0 0 1 0 0 0 0 0 0 1 0 0 0 0 1 
0 0 0 0 0 0 0 0 1 0 0 0 1 0 1 
0 0 0 0 0 0 0 1 1 0 0 0 0 1 0 
1 0 0 0 0 1 0 0 0 0 1 0 0 0 0 
0 0 0 1 0 0 0 0 0 0 0 0 0 1 1 
1 0 1 1 0 0 0 0 0 0 0 0 0 0 0 
0 0 0 0 0 1 0 0 0 0 0 1 0 1 0 
1 1 1 0 0 0 0 0 0 0 0 0 0 0 0 
0 1 0 0 1 1 0 0 0 0 0 0 0 0 0 
0 1 1 0 0 0 0 0 0 0 0 0 0 1 0 
0 0 0 0 0 0 1 0 0 1 0 0 0 0 1 
0 1 0 0 1 0 0 0 0 0 1 0 0 0 0 
0 0 1 0 0 0 0 0 0 0 1 0 0 1 0 
0 0 0 0 0 0 1 0 1 0 0 0 1 0 0 
0 0 1 0 1 0 1 0 0 0 0 0 0 0 0 
1 0 0 0 0 0 0 1 0 0 0 0 1 0 0 
0 1 0 0 0 1 1 0 0 0 0 0 0 0 0 
0 1 0 0 0 0 0 0 0 0 0 1 1 0 0 
0 0 0 1 1 1 0 0 0 0 0 0 0 0 0 
0 0 0 0 0 0 0 0 0 0 1 1 1 0 0 
0 0 0 0 1 0 0 0 0 0 1 0 0 1 0 
0 0 1 1 0 0 0 1 0 0 0 0 0 0 0 
0 0 0 0 0 1 0 0 1 1 0 0 0 0 0 
0 0 0 0 0 0 0 0 0 0 0 0 1 1 1 
0 0 1 0 0 1 0 0 1 0 0 0 0 0 0 
0 0 0 1 0 0 0 0 0 0 1 0 0 0 1 
0 0 0 0 0 0 0 0 0 0 1 1 1 0 0 
0 0 0 0 0 0 0 0 0 0 0 0 1 1 1 
OpenStacks: 19
Took 12.17 seconds

buffer: Warwick 1603: balanced products, 3 products per order
numCustomers: 30
numProducts: 15
0 0 0 0 0 0 0 0 1 0 0 0 1 1 0 
0 0 0 0 0 1 0 0 0 1 0 0 0 0 1 
0 0 0 0 1 0 1 0 0 0 0 0 1 0 0 
0 0 1 0 0 0 0 0 1 0 0 1 0 0 0 
0 1 0 0 0 0 0 0 0 0 1 0 0 0 1 
1 0 0 0 0 0 0 0 0 1 0 0 0 0 1 
0 0 1 0 1 0 1 0 0 0 0 0 0 0 0 
0 0 0 0 0 0 1 0 0 0 0 0 1 1 0 
0 1 0 0 0 0 1 0 0 0 0 1 0 0 0 
0 0 0 0 0 0 0 1 0 1 0 1 0 0 0 
0 1 0 0 0 0 1 0 0 0 0 0 0 1 0 
0 0 0 0 0 0 1 0 0 0 0 1 0 0 1 
0 0 0 0 0 0 0 0 1 0 0 0 0 1 1 
0 0 0 0 1 0 1 1 0 0 0 0 0 0 0 
0 1 0 1 1 0 0 0 0 0 0 0 0 0 0 
0 0 1 0 0 1 0 0 0 0 0 0 0 0 1 
0 0 0 0 0 0 0 0 0 0 0 0 1 1 1 
0 1 0 0 1 0 0 0 0 1 0 0 0 0 0 
0 0 0 0 0 0 1 0 1 0 1 0 0 0 0 
0 0 0 0 1 0 0 0 1 0 1 0 0 0 0 
0 0 0 0 1 0 0 0 1 0 1 0 0 0 0 
1 0 0 0 1 0 0 1 0 0 0 0 0 0 0 
0 1 0 0 0 0 0 1 0 0 0 0 1 0 0 
1 1 0 0 0 0 0 0 0 0 1 0 0 0 0 
0 1 0 1 0 0 0 0 0 1 0 0 0 0 0 
0 0 0 0 1 0 0 0 0 0 0 0 1 0 1 
0 1 0 0 1 0 0 0 0 0 1 0 0 0 0 
0 0 0 0 0 0 0 1 0 0 0 0 1 0 1 
0 0 1 0 0 0 0 1 0 0 0 0 1 0 0 
0 0 0 0 0 1 0 0 1 0 0 0 0 0 1 
Best Sequence: 
14 8 5 13 12 2 11 6 10 7 9 4 3 1 0 
0 1 0 1 1 0 0 0 0 0 0 0 0 0 0 
1 0 1 0 0 0 0 0 0 0 1 0 0 0 0 
0 0 0 0 1 0 0 1 0 0 0 1 0 0 0 
0 1 0 0 0 1 1 0 0 0 0 0 0 0 0 
1 0 0 0 0 0 0 0 1 0 0 0 0 1 0 
1 0 0 0 0 0 0 0 0 0 1 0 0 0 1 
0 0 0 0 0 1 0 1 0 0 0 1 0 0 0 
0 0 0 1 1 0 0 1 0 0 0 0 0 0 0 
0 0 0 0 0 0 1 1 0 0 0 0 0 1 0 
0 0 0 0 0 0 1 0 0 1 1 0 0 0 0 
0 0 0 1 0 0 0 1 0 0 0 0 0 1 0 
1 0 0 0 0 0 1 1 0 0 0 0 0 0 0 
1 1 0 1 0 0 0 0 0 0 0 0 0 0 0 
0 0 0 0 0 0 0 1 0 1 0 1 0 0 0 
0 0 0 0 0 0 0 0 0 0 0 1 1 1 0 
1 0 1 0 0 1 0 0 0 0 0 0 0 0 0 
1 0 0 1 1 0 0 0 0 0 0 0 0 0 0 
0 0 0 0 0 0 0 0 0 0 1 1 0 1 0 
0 1 0 0 0 0 0 1 1 0 0 0 0 0 0 
0 1 0 0 0 0 0 0 1 0 0 1 0 0 0 
0 1 0 0 0 0 0 0 1 0 0 1 0 0 0 
0 0 0 0 0 0 0 0 0 1 0 1 0 0 1 
0 0 0 0 1 0 0 0 0 1 0 0 0 1 0 
0 0 0 0 0 0 0 0 1 0 0 0 0 1 1 
0 0 0 0 0 0 0 0 0 0 1 0 1 1 0 
1 0 0 0 1 0 0 0 0 0 0 1 0 0 0 
0 0 0 0 0 0 0 0 1 0 0 1 0 1 0 
1 0 0 0 1 0 0 0 0 1 0 0 0 0 0 
0 0 0 0 1 1 0 0 0 1 0 0 0 0 0 
1 1 1 0 0 0 0 0 0 0 0 0 0 0 0 
OpenStacks: 18
Took 12.16 seconds

buffer: Warwick 1604: balanced products, 3 products per order
numCustomers: 30
numProducts: 15
0 0 1 0 0 0 1 0 0 0 0 0 0 1 0 
1 0 0 0 0 1 0 1 0 0 0 0 0 0 0 
0 0 0 0 0 0 0 0 1 0 0 1 0 0 1 
0 0 0 1 0 0 0 0 0 1 1 0 0 0 0 
0 0 0 0 0 1 0 1 0 0 0 1 0 0 0 
0 0 0 1 0 0 1 1 0 0 0 0 0 0 0 
1 0 0 0 0 0 1 0 1 0 0 0 0 0 0 
0 1 1 0 0 1 0 0 0 0 0 0 0 0 0 
1 0 0 0 0 0 0 0 1 0 0 0 0 0 1 
0 0 1 0 0 0 0 1 0 0 0 0 1 0 0 
0 0 1 0 0 0 0 0 0 0 0 1 0 0 1 
0 0 0 0 0 0 0 0 0 0 1 0 1 1 0 
0 0 0 0 1 0 0 0 0 1 0 0 0 1 0 
0 1 0 0 0 0 1 0 0 0 0 0 0 1 0 
1 0 0 1 0 0 0 0 0 0 0 0 1 0 0 
0 1 0 0 0 0 0 0 0 0 1 0 1 0 0 
0 0 1 0 0 0 1 0 0 0 0 0 0 1 0 
0 0 0 1 0 0 0 0 1 0 0 1 0 0 0 
1 1 0 0 0 0 0 0 0 1 0 0 0 0 0 
0 0 0 0 0 0 1 0 1 1 0 0 0 0 0 
0 0 0 0 0 1 0 0 0 0 0 1 1 0 0 
0 0 0 1 1 0 0 1 0 0 0 0 0 0 0 
0 0 1 0 0 0 0 0 0 1 1 0 0 0 0 
0 1 0 0 1 0 0 0 0 0 0 1 0 0 0 
0 0 0 0 0 0 0 1 0 0 1 0 1 0 0 
0 0 0 0 1 1 0 0 0 0 0 1 0 0 0 
0 0 0 1 0 0 0 0 1 0 0 0 1 0 0 
0 0 1 0 0 0 0 0 0 1 0 0 0 1 0 
0 0 0 1 0 0 1 0 0 1 0 0 0 0 0 
1 0 1 0 0 0 0 0 1 0 0 0 0 0 0 
Best Sequence: 
13 6 2 9 10 12 1 3 14 8 11 7 5 4 0 
1 1 1 0 0 0 0 0 0 0 0 0 0 0 0 
0 0 0 0 0 0 0 0 0 0 0 1 1 0 1 
0 0 0 0 0 0 0 0 1 1 1 0 0 0 0 
0 0 0 1 1 0 0 1 0 0 0 0 0 0 0 
0 0 0 0 0 0 0 0 0 0 1 1 1 0 0 
0 1 0 0 0 0 0 1 0 0 0 1 0 0 0 
0 1 0 0 0 0 0 0 0 1 0 0 0 0 1 
0 0 1 0 0 0 1 0 0 0 0 0 1 0 0 
0 0 0 0 0 0 0 0 1 1 0 0 0 0 1 
0 0 1 0 0 1 0 0 0 0 0 1 0 0 0 
0 0 1 0 0 0 0 0 1 0 1 0 0 0 0 
1 0 0 0 1 1 0 0 0 0 0 0 0 0 0 
1 0 0 1 0 0 0 0 0 0 0 0 0 1 0 
1 1 0 0 0 0 1 0 0 0 0 0 0 0 0 
0 0 0 0 0 1 0 1 0 0 0 0 0 0 1 
0 0 0 0 1 1 1 0 0 0 0 0 0 0 0 
1 1 1 0 0 0 0 0 0 0 0 0 0 0 0 
0 0 0 0 0 0 0 1 0 1 1 0 0 0 0 
0 0 0 1 0 0 1 0 0 0 0 0 0 0 1 
0 1 0 1 0 0 0 0 0 1 0 0 0 0 0 
0 0 0 0 0 1 0 0 0 0 1 0 1 0 0 
0 0 0 0 0 0 0 1 0 0 0 1 0 1 0 
0 0 1 1 1 0 0 0 0 0 0 0 0 0 0 
0 0 0 0 0 0 1 0 0 0 1 0 0 1 0 
0 0 0 0 1 1 0 0 0 0 0 1 0 0 0 
0 0 0 0 0 0 0 0 0 0 1 0 1 1 0 
0 0 0 0 0 1 0 1 0 1 0 0 0 0 0 
1 0 1 1 0 0 0 0 0 0 0 0 0 0 0 
0 1 0 1 0 0 0 1 0 0 0 0 0 0 0 
0 0 1 0 0 0 0 0 0 1 0 0 0 0 1 
OpenStacks: 18
Took 12.18 seconds

buffer: Warwick 1605: balanced products, 3 products per order
numCustomers: 30
numProducts: 15
1 0 0 0 0 0 0 0 1 0 0 1 0 0 0 
0 0 0 0 1 0 1 0 0 0 0 0 0 0 1 
0 0 0 0 0 1 0 0 0 1 0 0 0 0 1 
0 1 0 0 1 0 0 0 0 0 0 1 0 0 0 
1 1 0 0 0 0 0 1 0 0 0 0 0 0 0 
0 0 0 1 0 0 0 0 1 0 0 0 0 1 0 
0 1 0 0 0 0 1 0 1 0 0 0 0 0 0 
1 0 0 0 0 0 0 0 1 0 0 0 1 0 0 
0 1 0 0 0 1 0 0 0 0 1 0 0 0 0 
0 0 0 0 0 1 0 1 0 0 0 0 0 0 1 
0 0 0 0 0 0 0 1 1 1 0 0 0 0 0 
0 1 1 0 0 0 0 0 0 0 0 0 1 0 0 
0 0 0 0 1 0 0 0 0 0 0 1 0 1 0 
1 0 0 0 0 1 0 0 0 1 0 0 0 0 0 
0 1 0 0 0 0 1 0 0 0 1 0 0 0 0 
0 1 0 0 0 0 1 0 0 0 0 0 0 0 1 
0 0 0 0 0 0 0 0 0 1 0 1 0 1 0 
0 0 1 0 1 0 0 0 0 0 1 0 0 0 0 
1 0 1 0 0 1 0 0 0 0 0 0 0 0 0 
0 0 0 0 0 0 1 0 0 0 0 0 0 1 1 
0 1 0 0 0 0 0 0 1 1 0 0 0 0 0 
0 0 0 0 0 1 0 0 0 0 0 0 0 1 1 
0 0 1 1 0 0 0 0 0 0 0 0 0 1 0 
1 0 0 0 0 0 0 0 1 0 1 0 0 0 0 
0 0 0 0 1 1 0 0 0 0 0 0 1 0 0 
0 0 0 0 0 1 0 1 0 0 0 0 1 0 0 
0 0 0 1 1 0 0 0 0 0 0 0 1 0 0 
1 0 0 0 0 0 1 1 0 0 0 0 0 0 0 
0 0 0 0 0 0 1 0 0 0 1 0 0 0 1 
0 0 1 0 0 0 1 0 0 0 1 0 0 0 0 
Best Sequence: 
14 10 6 4 2 13 3 12 11 5 9 8 7 1 0 
0 0 0 0 0 0 0 0 1 0 0 1 0 0 1 
1 0 1 1 0 0 0 0 0 0 0 0 0 0 0 
1 0 0 0 0 0 0 0 0 1 1 0 0 0 0 
0 0 0 1 0 0 0 0 1 0 0 0 0 1 0 
0 0 0 0 0 0 0 0 0 0 0 0 1 1 1 
0 0 0 0 0 1 1 0 0 0 0 1 0 0 0 
0 0 1 0 0 0 0 0 0 0 0 1 0 1 0 
0 0 0 0 0 0 0 1 0 0 0 1 0 0 1 
0 1 0 0 0 0 0 0 0 1 0 0 0 1 0 
1 0 0 0 0 0 0 0 0 1 0 0 1 0 0 
0 0 0 0 0 0 0 0 0 0 1 1 1 0 0 
0 0 0 0 1 0 0 1 0 0 0 0 0 1 0 
0 0 0 1 0 1 0 0 1 0 0 0 0 0 0 
0 0 0 0 0 0 0 0 0 1 1 0 0 0 1 
0 1 1 0 0 0 0 0 0 0 0 0 0 1 0 
1 0 1 0 0 0 0 0 0 0 0 0 0 1 0 
0 0 0 0 0 1 0 0 1 0 1 0 0 0 0 
0 1 0 1 1 0 0 0 0 0 0 0 0 0 0 
0 0 0 0 1 0 0 0 0 1 0 0 0 0 1 
1 0 1 0 0 1 0 0 0 0 0 0 0 0 0 
0 0 0 0 0 0 0 0 0 0 1 1 0 1 0 
1 0 0 0 0 1 0 0 0 1 0 0 0 0 0 
0 0 0 0 1 1 1 0 0 0 0 0 0 0 0 
0 1 0 0 0 0 0 0 0 0 0 1 0 0 1 
0 0 0 1 0 0 0 1 0 1 0 0 0 0 0 
0 0 0 0 0 0 0 1 0 1 0 0 1 0 0 
0 0 0 1 0 0 1 1 0 0 0 0 0 0 0 
0 0 1 0 0 0 0 0 0 0 0 0 1 0 1 
1 1 1 0 0 0 0 0 0 0 0 0 0 0 0 
0 1 1 0 1 0 0 0 0 0 0 0 0 0 0 
OpenStacks: 19
Took 12.18 seconds

buffer: Warwick 1606: balanced products, 3 products per order
numCustomers: 30
numProducts: 15
0 1 0 0 0 0 0 0 0 0 0 0 0 1 1 
0 0 0 0 1 0 1 0 0 0 0 0 0 0 1 
0 0 0 1 0 1 0 0 1 0 0 0 0 0 0 
0 0 0 0 0 0 0 0 0 0 0 1 0 1 1 
0 0 0 1 0 0 1 0 0 0 0 0 0 0 1 
0 0 1 0 0 0 0 0 0 1 0 0 1 0 0 
0 0 0 0 0 0 0 0 0 1 1 0 0 1 0 
0 0 1 0 0 0 0 0 0 0 1 1 0 0 0 
1 0 0 0 0 1 0 0 1 0 0 0 0 0 0 
0 1 0 0 0 0 0 0 1 0 0 1 0 0 0 
1 0 0 0 0 0 0 1 0 1 0 0 0 0 0 
0 0 0 0 0 0 0 0 1 0 1 1 0 0 0 
0 1 0 1 0 0 0 0 0 0 0 0 0 0 1 
0 0 0 0 0 1 0 0 0 0 0 0 0 1 1 
1 0 1 0 0 0 0 0 0 0 0 0 1 0 0 
1 0 0 0 0 0 0 1 0 0 0 1 0 0 0 
0 0 0 1 0 1 0 0 1 0 0 0 0 0 0 
0 0 1 0 0 0 0 1 0 0 0 0 0 0 1 
0 0 0 1 0 0 0 0 1 0 1 0 0 0 0 
0 1 0 0 0 1 0 1 0 0 0 0 0 0 0 
1 0 0 0 0 0 1 0 0 0 0 0 0 0 1 
1 0 0 0 0 0 0 0 0 0 0 0 1 0 1 
1 0 0 0 0 0 0 0 0 0 0 1 0 1 0 
0 1 0 0 0 0 0 0 0 1 0 0 0 0 1 
0 0 0 0 0 0 0 1 0 0 0 1 0 1 0 
0 0 0 1 1 0 0 0 1 0 0 0 0 0 0 
0 0 0 1 0 1 0 0 0 1 0 0 0 0 0 
0 0 1 0 0 1 0 0 0 0 0 0 0 0 1 
0 0 1 0 0 1 1 0 0 0 0 0 0 0 0 
0 0 0 0 0 0 1 0 1 1 0 0 0 0 0 
Best Sequence: 
8 5 3 10 9 4 6 2 12 14 13 11 7 1 0 
0 0 0 0 0 0 0 0 0 1 1 0 0 1 0 
0 0 0 0 0 1 1 0 0 1 0 0 0 0 0 
1 1 1 0 0 0 0 0 0 0 0 0 0 0 0 
0 0 0 0 0 0 0 0 0 1 1 1 0 0 0 
0 0 1 0 0 0 1 0 0 1 0 0 0 0 0 
0 0 0 0 1 0 0 1 1 0 0 0 0 0 0 
0 0 0 1 1 0 0 0 0 0 1 0 0 0 0 
0 0 0 1 0 0 0 1 0 0 0 1 0 0 0 
1 1 0 0 0 0 0 0 0 0 0 0 0 0 1 
1 0 0 0 0 0 0 0 0 0 0 1 0 1 0 
0 0 0 0 1 0 0 0 0 0 0 0 1 0 1 
1 0 0 1 0 0 0 0 0 0 0 1 0 0 0 
0 0 1 0 0 0 0 0 0 1 0 0 0 1 0 
0 1 0 0 0 0 0 0 0 1 1 0 0 0 0 
0 0 0 0 0 0 0 1 1 0 0 0 0 0 1 
0 0 0 0 0 0 0 0 0 0 0 1 1 0 1 
1 1 1 0 0 0 0 0 0 0 0 0 0 0 0 
0 0 0 0 0 0 0 1 0 1 0 0 1 0 0 
1 0 1 1 0 0 0 0 0 0 0 0 0 0 0 
0 1 0 0 0 0 0 0 0 0 0 0 1 1 0 
0 0 0 0 0 0 1 0 0 1 0 0 0 0 1 
0 0 0 0 0 0 0 0 1 1 0 0 0 0 1 
0 0 0 0 0 0 0 0 0 0 1 1 0 0 1 
0 0 0 0 1 0 0 0 0 1 0 0 0 1 0 
0 0 0 0 0 0 0 0 0 0 1 1 1 0 0 
1 0 1 0 0 1 0 0 0 0 0 0 0 0 0 
0 1 1 0 1 0 0 0 0 0 0 0 0 0 0 
0 1 0 0 0 0 0 1 0 1 0 0 0 0 0 
0 1 0 0 0 0 1 1 0 0 0 0 0 0 0 
1 0 0 0 1 0 1 0 0 0 0 0 0 0 0 
OpenStacks: 19
Took 12.16 seconds

buffer: Warwick 1607: balanced products, 3 products per order
numCustomers: 30
numProducts: 15
0 0 0 0 0 1 0 0 0 0 0 1 1 0 0 
0 0 0 0 0 1 1 0 1 0 0 0 0 0 0 
0 1 0 0 0 0 0 0 0 0 0 1 0 0 1 
1 0 0 0 1 0 0 0 1 0 0 0 0 0 0 
0 0 0 0 0 0 0 0 0 1 0 0 1 1 0 
1 0 0 0 1 1 0 0 0 0 0 0 0 0 0 
0 0 0 1 1 1 0 0 0 0 0 0 0 0 0 
0 0 0 0 0 0 1 0 0 0 0 0 1 0 1 
0 0 1 0 0 0 0 0 0 0 1 0 0 0 1 
0 0 0 0 0 1 0 0 0 0 1 0 0 1 0 
0 1 0 0 0 0 1 0 0 1 0 0 0 0 0 
0 0 0 1 0 0 1 0 0 0 1 0 0 0 0 
0 0 0 0 0 0 1 0 0 0 1 0 0 0 1 
0 0 0 0 0 0 0 0 0 0 1 1 1 0 0 
0 1 0 0 0 0 1 0 0 0 0 0 0 0 1 
0 1 0 0 0 0 0 0 0 0 1 0 0 1 0 
0 0 0 0 0 0 0 0 0 0 0 1 1 1 0 
0 0 0 0 1 0 0 0 1 0 0 1 0 0 0 
1 1 0 0 0 0 0 0 0 1 0 0 0 0 0 
0 0 0 0 0 0 0 1 1 0 0 0 0 0 1 
0 0 1 0 1 0 0 0 1 0 0 0 0 0 0 
0 0 0 0 0 1 0 1 0 0 0 1 0 0 0 
0 0 0 0 0 0 0 0 1 1 1 0 0 0 0 
1 1 0 0 0 0 0 1 0 0 0 0 0 0 0 
0 0 0 0 0 0 0 0 1 0 0 0 0 1 1 
0 1 1 0 0 0 0 0 0 1 0 0 0 0 0 
0 0 0 0 0 1 0 1 0 0 1 0 0 0 0 
0 0 0 0 0 1 1 0 0 0 0 0 0 1 0 
0 0 0 0 1 0 0 1 0 0 1 0 0 0 0 
0 1 0 0 0 1 0 0 0 0 1 0 0 0 0 
Best Sequence: 
13 12 11 10 5 6 14 8 9 7 4 3 2 1 0 
0 1 1 0 1 0 0 0 0 0 0 0 0 0 0 
0 0 0 0 1 1 0 1 0 0 0 0 0 0 0 
0 0 1 0 0 0 1 0 0 0 0 0 0 1 0 
0 0 0 0 0 0 0 1 0 0 1 0 0 0 1 
1 1 0 0 0 0 0 0 1 0 0 0 0 0 0 
0 0 0 0 1 0 0 0 0 0 1 0 0 0 1 
0 0 0 0 1 0 0 0 0 0 1 1 0 0 0 
0 1 0 0 0 1 1 0 0 0 0 0 0 0 0 
0 0 0 1 0 0 1 0 0 0 0 0 1 0 0 
1 0 0 1 1 0 0 0 0 0 0 0 0 0 0 
0 0 0 0 0 1 0 0 1 0 0 0 0 1 0 
0 0 0 1 0 1 0 0 0 0 0 1 0 0 0 
0 0 0 1 0 1 1 0 0 0 0 0 0 0 0 
0 1 1 1 0 0 0 0 0 0 0 0 0 0 0 
0 0 0 0 0 1 1 0 0 0 0 0 0 1 0 
1 0 0 1 0 0 0 0 0 0 0 0 0 1 0 
1 1 1 0 0 0 0 0 0 0 0 0 0 0 0 
0 0 1 0 0 0 0 1 0 0 1 0 0 0 0 
0 0 0 0 0 0 0 0 1 0 0 0 0 1 1 
0 0 0 0 0 0 1 1 0 1 0 0 0 0 0 
0 0 0 0 0 0 0 1 0 0 1 0 1 0 0 
0 0 1 0 1 0 0 0 0 1 0 0 0 0 0 
0 0 0 1 0 0 0 1 1 0 0 0 0 0 0 
0 0 0 0 0 0 0 0 0 1 0 0 0 1 1 
1 0 0 0 0 0 1 1 0 0 0 0 0 0 0 
0 0 0 0 0 0 0 0 1 0 0 0 1 1 0 
0 0 0 1 1 0 0 0 0 1 0 0 0 0 0 
1 0 0 0 1 1 0 0 0 0 0 0 0 0 0 
0 0 0 1 0 0 0 0 0 1 1 0 0 0 0 
0 0 0 1 1 0 0 0 0 0 0 0 0 1 0 
OpenStacks: 20
Took 12.16 seconds

buffer: Warwick 1608: balanced products, 3 products per order
numCustomers: 30
numProducts: 15
1 0 0 0 0 0 0 0 1 0 0 1 0 0 0 
1 0 0 0 1 0 1 0 0 0 0 0 0 0 0 
1 0 0 0 0 1 0 0 0 0 0 0 1 0 0 
0 1 0 0 1 0 0 0 0 1 0 0 0 0 0 
0 0 0 1 0 0 0 0 0 0 0 1 0 0 1 
1 0 1 0 0 1 0 0 0 0 0 0 0 0 0 
0 0 1 1 0 0 0 0 0 0 0 1 0 0 0 
0 0 1 1 0 1 0 0 0 0 0 0 0 0 0 
0 1 0 0 0 0 0 1 0 0 0 0 0 0 1 
0 0 1 0 0 0 0 0 1 0 0 0 1 0 0 
0 0 0 1 0 1 0 0 0 0 0 0 0 0 1 
0 0 0 0 1 0 0 0 0 0 1 0 0 1 0 
0 0 0 0 1 0 0 0 0 0 0 0 1 0 1 
1 1 0 0 0 1 0 0 0 0 0 0 0 0 0 
0 0 0 0 0 0 0 0 0 1 0 1 0 1 0 
1 0 0 1 1 0 0 0 0 0 0 0 0 0 0 
0 0 0 1 1 0 0 0 0 0 0 0 0 1 0 
0 0 0 0 0 0 0 0 0 1 0 1 0 1 0 
0 0 0 0 0 0 1 0 0 0 1 1 0 0 0 
1 0 0 0 0 0 0 0 0 1 0 1 0 0 0 
0 0 1 0 0 0 0 1 0 1 0 0 0 0 0 
0 0 0 0 0 0 0 1 0 0 1 0 0 0 1 
0 0 0 0 0 0 1 0 0 0 1 0 0 1 0 
1 1 0 0 0 0 0 0 0 1 0 0 0 0 0 
0 0 0 0 0 0 1 0 0 0 0 0 0 1 1 
1 0 0 0 1 0 1 0 0 0 0 0 0 0 0 
0 1 0 0 0 0 1 0 1 0 0 0 0 0 0 
0 0 0 1 0 0 0 0 0 1 0 1 0 0 0 
1 0 0 0 0 0 0 0 0 0 0 1 0 1 0 
0 1 0 0 1 0 0 0 0 1 0 0 0 0 0 
Best Sequence: 
13 10 6 14 7 4 1 9 11 12 8 5 3 2 0 
0 0 0 0 0 0 0 0 1 0 1 0 0 0 1 
0 0 1 0 0 1 0 0 0 0 0 0 0 0 1 
0 0 0 0 0 0 0 0 0 1 0 1 0 0 1 
0 0 0 0 0 1 1 1 0 0 0 0 0 0 0 
0 0 0 1 0 0 0 0 1 0 0 0 1 0 0 
0 0 0 0 0 0 0 0 0 0 0 1 0 1 1 
0 0 0 0 0 0 0 0 1 0 0 0 1 1 0 
0 0 0 0 0 0 0 0 0 0 0 1 1 1 0 
0 0 0 1 1 0 1 0 0 0 0 0 0 0 0 
0 0 0 0 0 0 0 0 0 1 1 0 0 1 0 
0 0 0 1 0 0 0 0 0 0 0 1 1 0 0 
1 1 0 0 0 1 0 0 0 0 0 0 0 0 0 
0 0 0 1 0 1 0 0 0 1 0 0 0 0 0 
0 0 0 0 0 0 1 0 0 0 0 1 0 0 1 
1 0 0 0 0 0 0 1 1 0 0 0 0 0 0 
0 0 0 0 0 1 0 0 0 0 0 0 1 0 1 
1 0 0 0 0 1 0 0 0 0 0 0 1 0 0 
1 0 0 0 0 0 0 1 1 0 0 0 0 0 0 
0 1 1 0 0 0 0 0 1 0 0 0 0 0 0 
0 0 0 0 0 0 0 1 1 0 0 0 0 0 1 
0 0 0 0 1 0 0 1 0 0 0 0 0 1 0 
0 1 0 1 1 0 0 0 0 0 0 0 0 0 0 
1 1 1 0 0 0 0 0 0 0 0 0 0 0 0 
0 0 0 0 0 0 1 1 0 0 0 0 0 0 1 
1 0 1 1 0 0 0 0 0 0 0 0 0 0 0 
0 0 1 0 0 1 0 0 0 0 0 0 0 0 1 
0 0 1 0 0 0 1 0 0 0 1 0 0 0 0 
0 0 0 0 0 0 0 1 1 0 0 0 1 0 0 
1 0 0 0 0 0 0 0 1 0 0 0 0 0 1 
0 0 0 0 0 1 1 1 0 0 0 0 0 0 0 
OpenStacks: 19
Took 12.16 seconds

buffer: Warwick 1609: balanced products, 3 products per order
numCustomers: 30
numProducts: 15
0 0 0 0 0 0 0 1 0 0 1 1 0 0 0 
0 0 0 1 0 0 1 0 1 0 0 0 0 0 0 
0 0 0 0 0 0 0 0 1 0 0 1 0 1 0 
0 1 0 0 0 0 1 0 0 0 0 0 1 0 0 
0 1 0 0 0 0 1 0 0 1 0 0 0 0 0 
0 0 0 0 1 0 0 0 0 0 0 1 0 1 0 
0 0 0 1 1 0 0 1 0 0 0 0 0 0 0 
0 0 1 0 1 0 1 0 0 0 0 0 0 0 0 
0 0 0 0 0 0 0 1 0 0 0 0 1 0 1 
0 0 0 0 0 1 0 1 0 0 0 0 0 0 1 
0 1 0 1 0 0 0 0 1 0 0 0 0 0 0 
0 1 0 0 0 0 0 0 0 0 0 0 1 0 1 
0 0 0 1 0 0 0 0 1 0 0 0 0 0 1 
0 0 0 0 0 0 1 0 0 0 1 0 0 1 0 
0 1 0 1 0 0 0 0 0 1 0 0 0 0 0 
0 0 0 0 0 0 0 0 1 0 0 1 0 1 0 
0 0 0 0 1 0 0 0 0 1 0 1 0 0 0 
0 0 0 0 0 1 0 0 0 0 1 0 0 1 0 
0 0 0 0 0 0 1 0 1 0 0 1 0 0 0 
0 0 0 0 0 0 0 0 1 0 0 1 0 0 1 
0 1 0 1 0 0 0 0 1 0 0 0 0 0 0 
0 0 0 1 0 0 0 1 0 0 0 0 1 0 0 
0 0 1 0 0 0 0 0 1 0 0 0 1 0 0 
0 1 0 0 0 0 0 0 0 0 0 1 0 0 1 
0 0 0 0 1 0 0 0 1 0 0 0 0 0 1 
0 0 1 0 0 1 0 0 0 0 0 0 0 1 0 
0 1 0 0 0 0 0 0 0 0 0 0 1 1 0 
0 0 1 0 0 0 0 0 0 1 0 0 0 1 0 
0 0 0 1 1 0 1 0 0 0 0 0 0 0 0 
1 0 0 1 0 0 1 0 0 0 0 0 0 0 0 
Best Sequence: 
13 11 10 8 5 14 7 12 4 9 6 3 2 1 0 
0 1 1 0 0 0 1 0 0 0 0 0 0 0 0 
0 0 0 1 0 0 0 0 0 0 1 1 0 0 0 
1 1 0 1 0 0 0 0 0 0 0 0 0 0 0 
0 0 0 0 0 0 0 1 0 0 1 0 0 1 0 
0 0 0 0 0 0 0 0 0 1 1 0 0 1 0 
1 1 0 0 0 0 0 0 1 0 0 0 0 0 0 
0 0 0 0 0 0 1 0 1 0 0 1 0 0 0 
0 0 0 0 0 0 0 0 1 0 1 0 1 0 0 
0 0 0 0 0 1 1 1 0 0 0 0 0 0 0 
0 0 0 0 1 1 1 0 0 0 0 0 0 0 0 
0 0 0 1 0 0 0 0 0 0 0 1 0 1 0 
0 0 0 0 0 1 0 1 0 0 0 0 0 1 0 
0 0 0 1 0 1 0 0 0 0 0 1 0 0 0 
1 0 1 0 0 0 0 0 0 0 1 0 0 0 0 
0 0 0 0 0 0 0 0 0 1 0 1 0 1 0 
1 1 0 1 0 0 0 0 0 0 0 0 0 0 0 
0 1 0 0 0 0 0 0 1 1 0 0 0 0 0 
1 0 1 0 1 0 0 0 0 0 0 0 0 0 0 
0 1 0 1 0 0 0 0 0 0 1 0 0 0 0 
0 1 0 1 0 1 0 0 0 0 0 0 0 0 0 
0 0 0 1 0 0 0 0 0 0 0 1 0 1 0 
0 0 0 0 0 0 1 1 0 0 0 1 0 0 0 
0 0 0 1 0 0 0 1 0 0 0 0 1 0 0 
0 1 0 0 0 1 0 0 0 0 0 0 0 1 0 
0 0 0 1 0 1 0 0 1 0 0 0 0 0 0 
1 0 0 0 1 0 0 0 0 0 0 0 1 0 0 
1 0 0 0 0 0 0 1 0 0 0 0 0 1 0 
1 0 0 0 0 0 0 0 0 1 0 0 1 0 0 
0 0 0 0 0 0 0 0 1 0 1 1 0 0 0 
0 0 0 0 0 0 0 0 0 0 1 1 0 0 1 
OpenStacks: 20
Took 12.16 seconds

buffer: Warwick 1610: balanced products, 3 products per order
numCustomers: 30
numProducts: 15
0 0 0 0 0 0 0 1 0 1 0 1 0 0 0 
0 0 0 0 0 0 1 0 0 0 0 0 1 1 0 
0 0 0 1 0 0 1 0 0 0 0 0 0 0 1 
0 0 0 0 0 1 1 0 0 1 0 0 0 0 0 
0 1 0 0 0 0 0 0 0 1 0 1 0 0 0 
1 0 0 0 0 0 0 0 0 0 0 1 0 1 0 
0 0 0 0 1 1 0 0 0 0 0 0 0 1 0 
0 0 1 0 1 0 0 1 0 0 0 0 0 0 0 
1 0 0 1 0 0 0 0 0 0 1 0 0 0 0 
0 0 1 0 0 1 0 0 0 0 1 0 0 0 0 
0 0 1 0 0 0 1 0 1 0 0 0 0 0 0 
0 0 0 0 0 1 0 0 0 1 0 1 0 0 0 
0 1 0 0 0 0 0 0 0 1 0 0 1 0 0 
1 1 1 0 0 0 0 0 0 0 0 0 0 0 0 
1 0 0 0 0 0 0 1 0 1 0 0 0 0 0 
1 0 0 1 0 0 0 0 0 0 0 0 0 1 0 
1 0 0 1 0 0 0 0 0 0 0 0 0 0 1 
0 0 0 0 0 1 0 0 0 1 0 0 1 0 0 
0 0 1 0 0 0 1 0 0 0 0 1 0 0 0 
0 0 0 1 0 1 0 0 0 0 0 1 0 0 0 
1 0 0 0 0 0 0 1 0 0 0 1 0 0 0 
0 0 0 1 0 0 0 0 0 0 0 0 0 1 1 
0 0 0 0 0 0 1 0 0 1 0 0 0 1 0 
1 0 0 0 0 0 1 0 0 0 0 0 1 0 0 
0 0 0 0 0 1 0 0 0 0 1 1 0 0 0 
0 0 0 1 0 0 0 1 0 0 1 0 0 0 0 
0 0 0 0 1 0 0 0 0 0 1 0 0 1 0 
0 0 1 0 0 0 0 0 1 1 0 0 0 0 0 
0 0 0 0 1 1 1 0 0 0 0 0 0 0 0 
0 0 1 0 0 0 0 1 0 0 1 0 0 0 0 
Best Sequence: 
12 9 5 11 1 8 6 2 13 10 14 7 4 3 0 
0 1 0 1 0 0 0 0 0 0 0 1 0 0 0 
1 0 0 0 0 0 1 0 1 0 0 0 0 0 0 
0 0 0 0 0 0 1 0 0 0 1 0 0 1 0 
0 1 1 0 0 0 1 0 0 0 0 0 0 0 0 
0 1 0 1 1 0 0 0 0 0 0 0 0 0 0 
0 0 0 1 0 0 0 0 1 0 0 0 0 0 1 
0 0 1 0 0 0 0 0 1 0 0 0 1 0 0 
0 0 0 0 0 0 0 1 0 0 0 1 1 0 0 
0 0 0 0 0 0 0 0 0 1 0 0 0 1 1 
0 0 1 0 0 0 0 1 0 1 0 0 0 0 0 
0 0 0 0 0 1 1 1 0 0 0 0 0 0 0 
0 1 1 1 0 0 0 0 0 0 0 0 0 0 0 
1 1 0 0 1 0 0 0 0 0 0 0 0 0 0 
0 0 0 0 1 0 0 1 0 0 0 0 0 0 1 
0 1 0 0 0 0 0 0 0 0 0 1 0 0 1 
0 0 0 0 0 0 0 0 1 0 0 0 0 1 1 
0 0 0 0 0 0 0 0 0 0 1 0 0 1 1 
1 1 1 0 0 0 0 0 0 0 0 0 0 0 0 
0 0 0 1 0 0 1 1 0 0 0 0 0 0 0 
0 0 1 1 0 0 0 0 0 0 0 0 0 1 0 
0 0 0 1 0 0 0 0 0 0 0 1 0 0 1 
0 0 0 0 0 0 0 0 1 0 1 0 0 1 0 
0 1 0 0 0 0 1 0 1 0 0 0 0 0 0 
1 0 0 0 0 0 1 0 0 0 0 0 0 0 1 
0 0 1 1 0 0 0 0 0 1 0 0 0 0 0 
0 0 0 0 0 0 0 0 0 1 0 1 0 1 0 
0 0 0 0 0 0 0 0 1 1 0 0 1 0 0 
0 1 0 0 0 1 0 1 0 0 0 0 0 0 0 
0 0 1 0 0 0 1 0 0 0 0 0 1 0 0 
0 0 0 0 0 0 0 1 0 1 0 1 0 0 0 
OpenStacks: 19
Took 12.16 seconds

buffer: Warwick 1611: balanced products, 4 products per order
numCustomers: 30
numProducts: 15
0 0 1 1 0 0 0 0 1 0 0 0 1 0 0 
0 0 0 1 0 0 1 1 0 0 0 0 1 0 0 
0 0 0 1 1 1 0 0 0 0 0 0 1 0 0 
1 0 0 0 1 0 0 1 0 0 0 1 0 0 0 
1 0 0 1 0 0 1 1 0 0 0 0 0 0 0 
0 1 0 0 1 0 0 0 0 1 0 1 0 0 0 
0 0 0 1 0 1 0 0 0 0 0 1 0 0 1 
0 0 0 0 1 0 0 1 1 0 0 0 0 1 0 
0 0 0 0 0 0 0 0 1 1 1 1 0 0 0 
0 0 1 0 1 0 1 0 0 1 0 0 0 0 0 
1 1 0 0 0 0 0 0 0 1 1 0 0 0 0 
1 1 0 0 0 0 0 0 0 0 1 1 0 0 0 
1 0 0 1 0 0 1 0 0 0 0 0 0 0 1 
0 1 0 0 0 1 0 0 1 0 0 1 0 0 0 
1 1 0 0 0 0 0 1 1 0 0 0 0 0 0 
0 0 0 0 0 0 0 1 1 0 0 1 0 0 1 
1 0 0 1 0 0 0 0 0 0 0 0 0 1 1 
0 0 1 0 0 1 0 0 1 1 0 0 0 0 0 
0 0 1 1 0 0 0 0 0 0 0 1 1 0 0 
0 0 0 0 1 0 0 1 0 0 1 0 0 0 1 
1 1 0 1 0 0 0 0 0 1 0 0 0 0 0 
0 0 0 0 1 0 0 0 0 0 0 1 1 1 0 
0 1 0 1 1 0 0 0 0 0 1 0 0 0 0 
0 1 0 0 1 0 0 0 0 1 0 0 0 0 1 
0 1 1 0 0 0 0 1 0 0 0 0 1 0 0 
0 1 1 0 0 0 1 0 1 0 0 0 0 0 0 
1 0 0 0 1 0 0 1 0 0 0 1 0 0 0 
0 0 0 1 0 0 0 0 0 1 0 1 0 1 0 
0 1 0 1 0 0 1 0 0 1 0 0 0 0 0 
1 0 0 1 0 0 0 0 1 1 0 0 0 0 0 
Best Sequence: 
9 8 5 2 11 1 10 4 14 13 12 7 6 3 0 
0 1 0 1 0 0 0 0 0 0 1 0 0 1 0 
0 0 0 0 0 0 0 0 0 0 1 1 1 1 0 
0 0 1 0 0 0 0 1 0 0 1 0 0 1 0 
0 0 0 0 1 0 0 1 0 0 0 1 0 0 1 
0 0 0 0 0 0 0 0 0 0 0 1 1 1 1 
1 0 0 0 1 1 0 1 0 0 0 0 0 0 0 
0 0 1 0 1 0 0 0 1 0 0 0 0 1 0 
0 1 0 0 0 0 0 1 0 1 0 1 0 0 0 
1 1 0 0 1 0 1 0 0 0 0 0 0 0 0 
1 0 0 1 0 0 0 1 0 0 0 0 1 0 0 
1 0 0 0 0 1 1 0 0 0 0 0 0 0 1 
0 0 0 0 1 1 1 0 0 0 0 0 0 0 1 
0 0 0 0 0 0 0 0 1 0 0 0 1 1 1 
0 1 1 0 1 1 0 0 0 0 0 0 0 0 0 
0 1 0 0 0 1 0 0 0 0 0 1 0 0 1 
0 1 0 0 1 0 0 0 1 0 0 1 0 0 0 
0 0 0 0 0 0 0 0 1 1 0 0 0 1 1 
1 1 1 1 0 0 0 0 0 0 0 0 0 0 0 
0 0 0 1 1 0 0 0 0 0 1 0 0 1 0 
0 0 0 0 0 0 1 1 1 0 0 1 0 0 0 
1 0 0 0 0 1 0 0 0 0 0 0 0 1 1 
0 0 0 0 1 0 0 1 0 1 1 0 0 0 0 
0 0 0 0 0 1 1 1 0 0 0 0 0 1 0 
1 0 0 0 0 1 0 1 1 0 0 0 0 0 0 
0 0 0 1 0 1 0 0 0 0 1 1 0 0 0 
0 1 0 1 0 1 0 0 0 0 0 0 1 0 0 
0 0 0 0 1 0 0 1 0 0 0 1 0 0 1 
1 0 0 0 1 0 0 0 0 1 0 0 0 1 0 
1 0 0 0 0 1 0 0 0 0 0 0 1 1 0 
1 1 0 0 0 0 0 0 0 0 0 0 0 1 1 
OpenStacks: 24
Took 12.46 seconds

buffer: Warwick 1612: balanced products, 4 products per order
numCustomers: 30
numProducts: 15
1 1 1 0 0 0 0 0 0 0 0 1 0 0 0 
0 0 1 0 0 1 0 0 0 1 0 0 0 1 0 
0 1 1 0 1 1 0 0 0 0 0 0 0 0 0 
0 0 0 0 1 1 0 1 0 0 1 0 0 0 0 
0 0 1 0 1 0 1 0 1 0 0 0 0 0 0 
0 0 0 0 0 1 1 0 1 0 0 0 0 0 1 
0 0 0 0 1 0 1 1 0 0 1 0 0 0 0 
0 0 0 1 0 0 0 1 0 0 1 1 0 0 0 
0 1 0 0 0 0 1 0 1 0 0 1 0 0 0 
0 0 0 0 0 1 0 1 0 0 0 0 0 1 1 
0 0 1 0 0 0 1 0 0 0 0 0 0 1 1 
1 0 1 0 0 1 0 1 0 0 0 0 0 0 0 
0 1 1 0 0 0 0 0 0 0 1 1 0 0 0 
1 0 0 0 0 0 0 0 1 0 0 1 1 0 0 
0 0 1 0 1 0 0 0 0 0 1 0 0 1 0 
0 0 0 1 0 0 0 0 0 1 0 1 1 0 0 
0 0 0 0 0 1 0 1 0 0 0 1 0 0 1 
1 0 0 0 0 0 0 0 1 0 0 1 0 0 1 
0 0 1 0 0 0 0 1 1 0 1 0 0 0 0 
0 1 0 0 0 0 0 0 0 1 1 0 0 1 0 
0 0 0 0 1 0 0 0 1 0 0 0 1 0 1 
0 0 1 0 0 0 1 0 0 0 0 1 0 0 1 
0 1 0 0 0 0 0 1 0 0 0 1 0 0 1 
0 1 0 0 0 1 0 0 0 0 1 0 0 1 0 
0 0 0 0 0 1 0 0 0 1 1 0 1 0 0 
0 0 1 0 1 0 0 0 0 0 1 0 0 0 1 
0 1 1 1 0 0 1 0 0 0 0 0 0 0 0 
1 1 1 0 0 1 0 0 0 0 0 0 0 0 0 
0 0 0 0 0 1 0 1 0 1 0 0 0 1 0 
0 0 0 0 0 0 0 0 1 0 1 0 1 1 0 
Best Sequence: 
14 13 7 5 9 12 10 4 8 11 6 3 2 1 0 
0 0 0 0 0 0 0 0 0 1 0 0 1 1 1 
0 1 0 1 1 0 0 0 0 0 0 0 1 0 0 
0 0 0 1 0 0 0 1 0 0 0 0 1 1 0 
0 0 1 1 0 0 1 1 0 0 0 0 0 0 0 
0 0 0 0 0 0 0 1 1 0 1 0 1 0 0 
1 0 0 1 0 0 0 0 1 0 1 0 0 0 0 
0 0 1 0 0 0 1 1 0 0 1 0 0 0 0 
0 0 1 0 0 0 1 0 0 1 0 1 0 0 0 
0 0 0 0 0 0 0 0 1 1 1 0 0 1 0 
1 1 1 1 0 0 0 0 0 0 0 0 0 0 0 
1 1 0 0 0 0 0 0 0 0 1 0 1 0 0 
0 0 1 1 0 0 0 0 0 0 0 0 1 0 1 
0 0 0 0 0 0 1 0 0 1 0 0 1 1 0 
0 0 0 0 0 1 0 0 1 1 0 0 0 0 1 
0 1 0 0 0 0 1 1 0 0 0 0 1 0 0 
0 0 0 0 1 1 0 0 0 1 0 1 0 0 0 
1 0 1 1 0 0 0 0 0 1 0 0 0 0 0 
1 0 0 0 0 0 0 0 1 1 0 0 0 0 1 
0 0 1 0 0 0 1 0 1 0 0 0 1 0 0 
0 1 0 0 1 0 1 0 0 0 0 0 0 1 0 
1 0 0 0 0 1 0 1 1 0 0 0 0 0 0 
1 0 0 0 0 0 0 0 0 1 1 0 1 0 0 
1 0 1 0 0 0 0 0 0 1 0 0 0 1 0 
0 1 0 1 0 0 1 0 0 0 0 0 0 1 0 
0 0 0 1 1 1 1 0 0 0 0 0 0 0 0 
1 0 0 0 0 0 1 1 0 0 0 0 1 0 0 
0 0 0 0 0 0 0 0 0 0 1 1 1 1 0 
0 0 0 1 0 0 0 0 0 0 0 0 1 1 1 
0 1 1 1 1 0 0 0 0 0 0 0 0 0 0 
0 1 0 0 0 1 1 0 1 0 0 0 0 0 0 
OpenStacks: 24
Took 12.46 seconds

buffer: Warwick 1613: balanced products, 4 products per order
numCustomers: 30
numProducts: 15
0 0 0 1 1 1 1 0 0 0 0 0 0 0 0 
1 0 0 0 1 0 0 0 1 0 0 1 0 0 0 
1 0 1 0 0 0 1 0 0 0 0 0 1 0 0 
0 1 0 0 1 0 0 1 1 0 0 0 0 0 0 
1 0 0 0 0 0 0 0 0 1 1 0 0 1 0 
0 1 0 0 0 0 1 0 0 0 0 0 0 1 1 
0 1 0 1 0 0 0 0 0 0 0 1 0 0 1 
0 0 1 0 0 1 0 0 0 1 0 0 0 0 1 
0 0 0 0 0 0 1 0 1 1 0 0 1 0 0 
0 1 0 0 1 1 0 0 0 0 0 0 0 1 0 
0 0 0 0 1 1 0 0 0 0 0 0 1 0 1 
0 0 0 0 0 0 1 1 1 0 0 0 0 1 0 
0 0 1 0 0 0 1 0 0 1 1 0 0 0 0 
1 0 0 0 0 1 1 0 0 0 0 1 0 0 0 
0 0 1 0 0 0 0 0 0 1 0 1 0 1 0 
0 0 0 0 0 0 0 0 1 1 0 0 1 0 1 
0 0 0 0 0 1 0 1 0 1 1 0 0 0 0 
0 1 0 1 0 0 0 0 1 0 0 0 0 0 1 
0 0 0 1 1 0 0 0 0 1 0 0 1 0 0 
0 0 0 0 0 0 0 0 1 0 1 1 1 0 0 
0 1 0 0 1 0 0 0 0 0 0 1 0 0 1 
1 1 0 0 0 0 0 0 0 0 1 0 0 0 1 
1 0 0 0 0 0 0 0 1 1 0 0 0 0 1 
0 1 0 1 0 1 0 0 0 0 1 0 0 0 0 
0 0 0 0 0 0 1 1 1 0 1 0 0 0 0 
0 1 0 1 1 0 0 0 0 0 0 0 0 0 1 
0 0 0 1 0 0 0 0 0 0 1 1 0 1 0 
0 0 1 1 0 0 0 0 0 0 1 0 1 0 0 
0 0 0 0 0 0 1 0 1 0 1 0 1 0 0 
0 1 0 1 1 0 0 0 0 0 0 0 0 1 0 
Best Sequence: 
10 8 7 6 12 9 2 11 14 5 13 4 3 1 0 
0 0 0 1 0 0 0 0 0 1 0 1 1 0 0 
0 1 0 0 0 0 0 1 0 0 0 1 0 0 1 
0 0 0 1 1 0 1 0 0 0 0 0 0 0 1 
0 1 1 0 0 0 0 0 0 0 0 1 0 1 0 
1 0 0 0 0 1 0 0 0 0 1 0 0 0 1 
0 0 0 1 0 0 0 0 1 0 1 0 0 1 0 
0 0 0 0 0 0 0 1 1 0 0 0 1 1 0 
0 0 0 0 0 1 1 0 1 1 0 0 0 0 0 
0 1 0 1 1 1 0 0 0 0 0 0 0 0 0 
0 0 0 0 0 0 0 0 0 1 1 1 0 1 0 
0 0 0 0 1 0 0 0 1 1 0 1 0 0 0 
0 1 1 1 0 0 0 0 0 0 1 0 0 0 0 
1 0 0 1 0 1 1 0 0 0 0 0 0 0 0 
0 0 0 1 0 0 0 1 0 1 0 0 0 0 1 
0 0 0 0 0 1 1 1 0 0 1 0 0 0 0 
0 1 0 0 1 1 0 0 1 0 0 0 0 0 0 
1 0 1 0 0 1 0 0 0 1 0 0 0 0 0 
0 1 0 0 0 0 0 0 1 0 0 0 1 1 0 
0 0 0 0 1 1 0 0 0 0 0 1 1 0 0 
1 1 0 0 1 0 0 1 0 0 0 0 0 0 0 
0 0 0 0 0 0 0 1 1 0 0 1 0 1 0 
1 0 0 0 0 0 0 0 1 0 0 0 0 1 1 
0 1 0 0 0 1 0 0 1 0 0 0 0 0 1 
1 0 0 0 0 0 0 0 0 1 0 0 1 1 0 
1 1 1 1 0 0 0 0 0 0 0 0 0 0 0 
0 0 0 0 0 0 0 0 1 0 0 1 1 1 0 
1 0 0 0 0 0 0 1 0 0 1 0 1 0 0 
1 0 0 0 1 0 1 0 0 0 0 0 1 0 0 
1 1 0 1 1 0 0 0 0 0 0 0 0 0 0 
0 0 0 0 0 0 0 0 0 0 1 1 1 1 0 
OpenStacks: 23
Took 12.46 seconds

buffer: Warwick 1614: balanced products, 4 products per order
numCustomers: 30
numProducts: 15
0 0 1 0 0 0 1 0 0 1 0 1 0 0 0 
1 1 0 0 1 0 0 0 0 0 0 1 0 0 0 
0 0 0 0 1 0 1 0 1 0 0 0 1 0 0 
0 1 0 0 0 1 1 0 0 0 0 0 1 0 0 
0 0 0 1 0 0 0 0 0 0 1 0 1 1 0 
0 0 1 1 0 0 0 0 0 1 0 1 0 0 0 
0 0 0 0 0 1 1 0 0 0 1 0 0 1 0 
1 0 0 1 0 0 0 0 1 0 1 0 0 0 0 
0 0 0 0 1 0 0 0 1 0 0 1 0 1 0 
1 0 1 0 0 0 0 0 0 0 1 0 0 0 1 
0 0 1 0 1 0 1 0 0 0 0 1 0 0 0 
0 1 0 0 0 1 1 0 0 0 0 0 0 0 1 
0 1 0 1 1 0 0 0 0 0 1 0 0 0 0 
0 0 0 1 0 0 1 0 0 0 1 0 0 0 1 
1 0 0 0 0 0 0 1 0 1 0 0 1 0 0 
0 1 0 1 0 0 0 0 0 0 0 1 0 0 1 
0 1 1 0 1 0 0 0 0 0 1 0 0 0 0 
0 0 0 1 0 1 0 0 0 0 0 0 0 1 1 
0 0 1 0 0 0 0 0 1 0 1 1 0 0 0 
0 0 1 0 1 0 0 0 1 0 0 0 1 0 0 
1 0 0 0 0 1 0 0 0 0 0 1 1 0 0 
0 1 0 0 0 0 0 1 0 0 0 0 0 1 1 
0 1 1 0 0 0 0 0 0 0 1 0 0 1 0 
1 0 0 0 0 1 0 0 0 0 1 0 0 1 0 
0 0 0 1 0 1 0 0 0 0 0 0 1 1 0 
1 1 0 0 0 0 1 0 1 0 0 0 0 0 0 
1 0 0 0 0 0 0 1 0 1 0 1 0 0 0 
0 0 0 0 0 0 0 0 1 1 0 1 0 1 0 
0 1 0 0 0 0 1 0 0 0 0 0 1 1 0 
1 0 0 0 1 0 1 0 0 0 1 0 0 0 0 
Best Sequence: 
14 13 5 3 12 10 6 11 9 8 7 4 2 1 0 
0 0 0 0 0 0 1 1 1 0 0 0 1 0 0 
0 0 0 0 0 0 0 1 0 0 0 1 0 1 1 
0 0 0 0 1 0 1 0 0 1 0 1 0 0 0 
0 0 1 0 1 0 1 0 0 0 0 0 0 1 0 
0 1 0 1 1 1 0 0 0 0 0 0 0 0 0 
0 0 0 1 0 0 0 1 1 0 0 0 1 0 0 
0 1 1 0 0 1 1 0 0 0 0 0 0 0 0 
0 0 0 1 0 1 0 0 0 1 0 0 0 0 1 
0 1 0 0 0 0 0 1 0 1 0 1 0 0 0 
1 0 0 0 0 1 0 0 0 0 0 0 1 0 1 
0 0 0 0 0 0 1 1 0 0 0 1 1 0 0 
1 0 1 0 0 0 1 0 0 0 0 0 0 1 0 
0 0 0 1 0 1 0 0 0 0 0 1 0 1 0 
1 0 0 1 0 1 1 0 0 0 0 0 0 0 0 
0 0 0 0 1 0 0 0 1 0 1 0 0 0 1 
1 0 0 1 0 0 0 1 0 0 0 0 0 1 0 
0 0 0 0 0 1 0 0 0 0 0 1 1 1 0 
1 1 1 1 0 0 0 0 0 0 0 0 0 0 0 
0 0 0 0 0 1 0 1 0 1 0 0 1 0 0 
0 0 0 0 1 0 0 0 0 1 0 1 1 0 0 
0 0 1 0 1 0 0 1 0 0 0 0 0 0 1 
1 1 0 0 0 0 0 0 0 0 1 0 0 1 0 
0 1 0 0 0 1 0 0 0 0 0 0 1 1 0 
0 1 1 0 0 1 0 0 0 0 0 0 0 0 1 
0 1 1 1 1 0 0 0 0 0 0 0 0 0 0 
0 0 0 0 0 0 1 0 0 1 0 0 0 1 1 
0 0 0 0 0 0 0 1 1 0 1 0 0 0 1 
0 1 0 0 0 0 0 1 1 1 0 0 0 0 0 
0 1 0 0 1 0 1 0 0 0 0 0 0 1 0 
0 0 0 0 0 1 1 0 0 0 0 1 0 0 1 
OpenStacks: 25
Took 12.43 seconds

buffer: Warwick 1615: balanced products, 4 products per order
numCustomers: 30
numProducts: 15
1 0 0 0 0 0 0 0 0 1 0 1 0 0 1 
0 0 0 1 0 0 0 0 0 1 1 0 0 0 1 
0 0 1 0 0 0 1 0 1 0 0 0 0 0 1 
1 0 0 0 0 0 0 0 1 0 0 0 1 1 0 
1 0 0 0 0 1 1 0 0 0 0 0 1 0 0 
0 0 0 0 0 0 0 1 0 1 0 1 1 0 0 
0 0 0 1 0 1 0 1 0 1 0 0 0 0 0 
0 0 0 1 0 0 0 0 0 0 0 0 1 1 1 
0 0 0 1 0 1 1 0 1 0 0 0 0 0 0 
1 1 0 0 0 1 0 1 0 0 0 0 0 0 0 
0 0 1 0 0 0 0 0 0 1 0 0 0 1 1 
0 1 1 0 0 0 0 1 0 0 1 0 0 0 0 
0 0 1 0 0 0 0 1 0 0 0 1 0 1 0 
0 0 0 1 0 1 0 0 0 1 0 0 0 1 0 
0 0 0 0 0 0 0 0 1 0 1 0 1 1 0 
0 1 0 1 0 1 0 0 0 0 0 0 0 1 0 
1 0 0 0 0 0 1 0 1 1 0 0 0 0 0 
1 0 0 0 0 0 0 1 0 1 0 0 0 0 1 
0 0 0 0 1 0 1 1 0 0 0 0 0 0 1 
0 1 0 0 0 0 1 0 0 1 0 0 0 0 1 
0 0 1 0 0 1 0 0 1 0 0 0 0 0 1 
1 0 0 0 0 1 0 1 0 0 0 0 0 1 0 
0 1 0 0 0 0 0 0 1 1 0 0 0 0 1 
0 0 1 0 0 0 0 1 0 1 0 0 0 1 0 
0 1 1 0 0 0 0 0 1 0 0 0 1 0 0 
0 0 0 0 0 0 0 0 1 1 0 0 1 0 1 
1 0 0 1 0 1 0 0 0 1 0 0 0 0 0 
0 0 0 0 0 0 0 1 0 0 1 0 0 1 1 
0 0 0 0 0 1 0 1 0 0 1 1 0 0 0 
0 0 0 0 1 0 0 0 1 0 0 1 1 0 0 
Best Sequence: 
14 12 9 8 11 4 10 6 2 3 13 7 5 1 0 
1 0 1 0 1 0 0 0 0 0 0 0 0 0 1 
1 0 1 0 0 0 1 0 0 1 0 0 0 0 0 
1 0 0 1 0 0 0 1 1 0 0 0 0 0 0 
0 1 0 1 0 0 0 0 0 0 1 0 0 0 1 
0 1 0 0 0 0 0 1 0 0 0 0 1 0 1 
0 1 1 0 1 0 0 0 0 0 0 1 0 0 0 
0 0 1 0 0 0 0 0 0 1 0 1 1 0 0 
1 1 0 0 0 0 0 0 0 1 1 0 0 0 0 
0 0 0 1 0 0 0 1 0 1 0 0 1 0 0 
0 0 0 0 0 0 0 0 0 0 0 1 1 1 1 
1 0 1 0 0 0 0 0 1 0 1 0 0 0 0 
0 0 0 0 0 0 1 0 1 0 0 1 0 1 0 
0 0 0 0 1 0 0 0 1 0 1 1 0 0 0 
0 0 1 0 0 0 0 0 0 1 1 0 1 0 0 
0 1 0 1 0 0 1 0 0 0 1 0 0 0 0 
0 0 0 0 0 0 0 0 0 1 1 0 1 1 0 
0 0 1 1 0 0 0 1 0 0 0 0 0 0 1 
1 0 1 0 0 0 0 0 0 0 0 1 0 0 1 
1 0 0 0 0 1 0 1 0 0 0 1 0 0 0 
1 0 1 0 0 0 0 1 0 0 0 0 0 1 0 
1 0 0 1 0 0 0 0 1 0 0 0 1 0 0 
0 0 0 0 0 0 0 0 0 0 1 1 1 0 1 
1 0 1 1 0 0 0 0 0 0 0 0 0 1 0 
0 0 1 0 0 0 0 0 1 0 1 1 0 0 0 
0 1 0 1 0 0 0 0 1 0 0 0 0 1 0 
1 1 1 1 0 0 0 0 0 0 0 0 0 0 0 
0 0 1 0 0 0 0 0 0 1 0 0 1 0 1 
1 0 0 0 0 0 1 0 0 0 1 1 0 0 0 
0 0 0 0 1 0 1 0 0 0 0 1 1 0 0 
0 1 0 1 1 1 0 0 0 0 0 0 0 0 0 
OpenStacks: 25
Took 12.45 seconds

buffer: Warwick 1616: balanced products, 4 products per order
numCustomers: 30
numProducts: 15
0 0 0 1 0 0 0 0 0 0 0 1 0 1 1 
0 1 0 0 1 0 0 0 1 0 1 0 0 0 0 
1 0 1 0 1 0 0 0 1 0 0 0 0 0 0 
0 0 0 0 0 1 1 0 0 0 0 1 1 0 0 
0 0 0 0 0 0 1 1 1 0 0 0 1 0 0 
0 0 0 0 1 0 0 1 0 0 1 1 0 0 0 
1 0 1 0 0 0 0 1 0 0 0 0 0 0 1 
0 0 0 0 1 1 0 1 1 0 0 0 0 0 0 
1 0 1 1 0 0 0 0 1 0 0 0 0 0 0 
0 0 0 0 1 0 0 0 0 1 0 1 0 1 0 
1 0 0 0 0 0 1 0 0 1 1 0 0 0 0 
0 0 0 0 0 0 1 1 1 0 0 0 0 1 0 
0 1 1 1 0 0 0 0 0 0 0 0 0 0 1 
0 1 0 0 0 1 0 1 0 1 0 0 0 0 0 
0 0 0 1 1 1 0 0 0 0 0 0 0 0 1 
0 0 0 0 0 1 1 0 0 0 0 0 1 0 1 
1 0 1 1 0 0 1 0 0 0 0 0 0 0 0 
1 0 0 0 0 0 0 0 0 0 1 1 0 0 1 
0 0 1 0 0 1 0 0 0 0 1 0 0 1 0 
0 0 0 0 0 1 1 0 1 0 0 0 1 0 0 
0 0 0 0 0 1 0 0 0 1 0 1 0 0 1 
1 0 0 0 1 1 0 0 0 0 0 0 0 0 1 
0 1 0 0 0 1 0 0 0 0 0 1 0 1 0 
0 0 0 0 0 0 0 0 1 0 1 1 0 1 0 
0 1 1 0 0 0 0 0 0 1 0 0 1 0 0 
0 0 1 0 0 1 0 1 0 0 0 1 0 0 0 
0 0 0 0 0 1 0 0 0 1 0 1 0 1 0 
0 1 1 0 0 0 1 0 0 0 0 0 0 0 1 
0 0 0 0 0 1 0 0 0 1 0 0 1 0 1 
0 1 0 1 1 0 0 0 0 0 0 0 0 1 0 
Best Sequence: 
13 11 10 8 9 4 7 5 14 12 6 3 2 1 0 
1 1 0 0 0 0 0 0 1 0 0 1 0 0 0 
0 0 1 1 0 1 0 0 0 0 0 0 0 1 0 
0 0 0 1 0 1 0 0 0 0 0 0 1 0 1 
0 1 0 0 0 0 0 1 0 1 1 0 0 0 0 
0 0 0 1 0 0 1 0 0 1 1 0 0 0 0 
0 1 1 0 0 1 1 0 0 0 0 0 0 0 0 
0 0 0 0 0 0 1 0 1 0 0 0 1 0 1 
0 0 0 1 0 1 1 1 0 0 0 0 0 0 0 
0 0 0 1 0 0 0 0 0 0 0 1 1 0 1 
1 1 0 0 1 1 0 0 0 0 0 0 0 0 0 
0 0 1 0 1 0 0 0 0 0 1 0 0 0 1 
1 0 0 1 0 0 1 0 0 0 1 0 0 0 0 
0 0 0 0 0 0 0 0 1 0 0 1 1 1 0 
0 0 0 0 1 0 1 1 0 0 0 0 0 1 0 
0 0 0 0 0 1 0 1 1 0 0 1 0 0 0 
0 0 0 0 0 0 0 1 1 1 1 0 0 0 0 
0 0 0 0 0 0 0 0 0 0 1 1 1 0 1 
0 1 1 0 0 0 0 0 1 0 0 0 0 0 1 
1 0 1 0 0 0 0 1 0 0 0 0 1 0 0 
0 0 0 1 0 0 0 1 0 1 1 0 0 0 0 
0 1 0 0 1 0 0 1 1 0 0 0 0 0 0 
0 0 0 0 0 1 0 1 1 0 0 0 0 0 1 
1 1 0 0 0 0 0 1 0 0 0 0 0 1 0 
1 1 1 1 0 0 0 0 0 0 0 0 0 0 0 
0 0 0 0 1 0 0 0 0 1 0 0 1 1 0 
0 1 0 0 0 0 1 1 0 0 0 0 1 0 0 
1 1 0 0 1 0 0 1 0 0 0 0 0 0 0 
0 0 0 0 0 0 0 0 1 0 1 0 1 1 0 
0 0 0 0 1 0 0 1 1 1 0 0 0 0 0 
1 0 0 0 0 1 0 0 0 0 0 1 0 1 0 
OpenStacks: 24
Took 12.46 seconds

buffer: Warwick 1617: balanced products, 4 products per order
numCustomers: 30
numProducts: 15
1 0 0 0 1 0 0 0 0 0 1 1 0 0 0 
0 1 0 0 0 0 0 0 0 1 1 1 0 0 0 
0 0 0 0 0 0 0 1 0 1 0 0 0 1 1 
0 1 1 0 1 0 0 0 0 0 0 0 0 1 0 
0 1 0 0 0 0 0 0 0 1 0 0 1 1 0 
0 1 1 0 0 0 1 0 0 0 0 1 0 0 0 
0 0 1 0 1 0 0 0 1 0 0 0 0 0 1 
0 1 0 0 0 0 1 0 1 0 0 0 0 1 0 
0 0 1 0 0 0 0 1 0 1 0 0 1 0 0 
1 0 0 0 1 0 0 0 0 0 0 0 1 0 1 
0 0 1 0 0 0 0 0 0 0 1 1 0 1 0 
0 1 0 0 0 0 0 0 1 0 0 1 1 0 0 
0 1 0 0 0 0 0 0 0 1 1 0 1 0 0 
0 0 1 0 1 0 0 1 0 0 0 0 0 0 1 
1 1 0 0 0 1 0 0 0 1 0 0 0 0 0 
0 1 0 0 0 0 1 1 1 0 0 0 0 0 0 
1 0 0 0 0 1 0 0 1 0 0 0 0 0 1 
1 0 1 0 0 0 0 0 0 0 1 0 0 0 1 
0 0 1 0 0 1 0 0 0 0 0 0 0 1 1 
0 0 0 0 0 0 0 1 1 0 0 0 1 1 0 
0 1 1 0 0 0 0 0 0 0 0 1 0 1 0 
0 0 0 0 0 0 1 1 0 1 0 0 0 1 0 
1 0 1 0 0 1 0 0 0 1 0 0 0 0 0 
0 0 0 1 0 1 0 0 0 0 0 0 0 1 1 
1 0 0 0 1 1 0 0 0 0 1 0 0 0 0 
0 0 0 1 0 0 1 0 0 0 1 1 0 0 0 
0 0 0 1 0 0 0 0 1 0 1 0 0 0 1 
0 0 0 1 0 1 0 0 0 0 0 0 0 1 1 
1 0 0 0 0 0 1 0 0 1 0 0 0 1 0 
0 0 0 0 1 1 1 1 0 0 0 0 0 0 0 
Best Sequence: 
14 13 5 3 2 7 4 8 12 11 10 9 6 1 0 
0 0 0 0 0 0 1 0 0 1 1 0 0 0 1 
0 0 0 0 0 0 0 0 0 1 1 1 0 1 0 
1 1 0 0 0 1 0 0 0 0 0 1 0 0 0 
0 1 0 0 1 0 1 0 0 0 0 0 0 1 0 
0 1 0 0 0 0 0 0 1 0 0 1 0 1 0 
0 0 0 0 1 0 0 0 0 1 0 0 1 1 0 
1 0 0 0 1 0 1 1 0 0 0 0 0 0 0 
0 1 0 0 0 0 0 1 0 0 0 0 1 1 0 
0 0 0 0 1 1 0 0 1 0 0 1 0 0 0 
1 0 0 0 0 0 1 0 1 0 0 0 0 0 1 
0 1 0 0 1 0 0 0 0 1 1 0 0 0 0 
0 0 0 0 0 0 0 1 1 1 0 0 0 1 0 
0 0 0 0 0 0 0 0 1 0 1 1 0 1 0 
1 0 0 0 1 1 1 0 0 0 0 0 0 0 0 
0 0 1 0 0 0 0 0 0 0 0 1 0 1 1 
0 0 0 0 0 1 0 1 0 0 0 0 1 1 0 
1 0 1 0 0 0 0 1 0 0 0 0 0 0 1 
1 0 0 0 1 0 0 0 0 0 1 0 0 0 1 
1 1 1 0 1 0 0 0 0 0 0 0 0 0 0 
0 1 0 0 0 1 0 1 1 0 0 0 0 0 0 
0 1 0 0 1 0 0 0 0 1 0 0 0 1 0 
0 1 0 0 0 1 0 0 0 0 0 1 1 0 0 
0 0 1 0 1 0 0 0 0 0 0 1 0 0 1 
1 1 1 1 0 0 0 0 0 0 0 0 0 0 0 
0 0 1 0 0 0 1 0 0 0 1 0 0 0 1 
0 0 0 1 0 0 0 0 0 1 1 0 1 0 0 
1 0 0 1 0 0 0 1 0 0 1 0 0 0 0 
1 1 1 1 0 0 0 0 0 0 0 0 0 0 0 
0 1 0 0 0 0 0 0 0 0 0 1 1 0 1 
0 0 1 0 0 1 1 0 0 0 0 0 1 0 0 
OpenStacks: 24
Took 12.46 seconds

buffer: Warwick 1618: balanced products, 4 products per order
numCustomers: 30
numProducts: 15
0 0 1 1 0 0 0 0 0 0 0 0 0 1 1 
0 0 0 0 0 1 1 0 1 0 0 0 0 1 0 
1 0 0 0 0 1 0 1 0 0 0 0 0 1 0 
0 0 1 0 0 0 0 0 0 0 1 1 0 1 0 
0 0 0 1 1 1 0 0 0 1 0 0 0 0 0 
1 0 0 0 0 1 0 0 0 0 1 0 0 1 0 
0 0 1 0 0 0 0 0 1 0 0 0 1 1 0 
0 1 0 1 0 0 0 0 0 0 0 1 1 0 0 
0 1 1 0 0 0 1 0 0 1 0 0 0 0 0 
0 0 0 0 0 0 1 1 1 0 0 0 1 0 0 
0 0 0 0 0 0 1 0 0 1 1 0 0 1 0 
0 0 0 0 0 0 1 0 1 1 0 0 1 0 0 
0 0 0 0 0 1 0 0 0 0 0 1 0 1 1 
0 0 1 0 0 0 1 0 0 0 0 1 1 0 0 
1 0 0 0 1 0 0 0 0 0 1 1 0 0 0 
0 0 0 0 0 0 1 0 1 1 0 0 0 0 1 
1 1 0 0 0 0 0 1 0 1 0 0 0 0 0 
0 1 0 0 0 0 1 1 0 1 0 0 0 0 0 
1 0 0 0 0 0 0 1 0 0 1 1 0 0 0 
1 0 0 0 0 0 0 0 0 0 0 0 1 1 1 
0 1 1 0 1 0 0 0 0 1 0 0 0 0 0 
0 1 1 0 0 0 1 0 0 0 0 0 0 1 0 
1 0 0 0 0 0 1 0 0 0 0 0 0 1 1 
1 0 0 1 0 0 1 0 0 0 0 0 1 0 0 
1 0 0 0 0 1 0 0 0 0 1 0 0 0 1 
1 0 1 0 0 0 0 0 0 1 0 1 0 0 0 
0 1 0 0 1 1 0 0 0 0 0 0 1 0 0 
0 0 0 0 0 1 0 0 0 0 1 0 1 1 0 
0 0 1 0 1 1 0 0 0 1 0 0 0 0 0 
1 0 1 0 1 1 0 0 0 0 0 0 0 0 0 
Best Sequence: 
12 9 8 6 7 1 2 4 11 14 13 10 5 3 0 
0 0 0 0 0 0 1 0 0 1 1 0 0 1 0 
0 0 1 1 0 0 0 0 0 0 1 0 1 0 0 
0 0 0 0 1 0 0 0 0 0 1 0 1 0 1 
0 0 0 0 0 0 1 0 1 0 1 1 0 0 0 
0 1 0 0 0 0 0 1 0 0 0 0 1 1 0 
0 0 0 0 0 0 0 0 0 0 1 1 1 0 1 
1 0 1 0 0 0 1 0 0 0 1 0 0 0 0 
1 0 0 0 0 1 0 0 1 0 0 0 0 1 0 
0 1 0 1 0 1 1 0 0 0 0 0 0 0 0 
1 0 1 1 1 0 0 0 0 0 0 0 0 0 0 
0 1 0 1 0 0 0 0 0 0 1 1 0 0 0 
1 1 1 1 0 0 0 0 0 0 0 0 0 0 0 
0 0 0 0 0 0 0 0 1 1 1 0 1 0 0 
1 0 0 1 0 0 1 0 1 0 0 0 0 0 0 
0 0 0 0 0 0 0 1 1 0 0 1 0 0 1 
0 1 1 1 0 0 0 0 0 1 0 0 0 0 0 
0 1 0 0 1 1 0 0 0 0 0 0 0 0 1 
0 1 0 1 1 1 0 0 0 0 0 0 0 0 0 
0 0 0 0 1 0 0 0 1 0 0 1 0 0 1 
1 0 0 0 0 0 0 0 0 1 1 0 0 0 1 
0 1 0 0 0 1 1 1 0 0 0 0 0 0 0 
0 0 0 1 0 1 1 0 0 0 1 0 0 0 0 
0 0 0 1 0 0 0 0 0 1 1 0 0 0 1 
1 0 0 1 0 0 0 0 0 0 0 0 0 1 1 
0 0 0 0 0 0 0 0 0 1 0 1 1 0 1 
0 1 0 0 0 0 1 0 1 0 0 0 0 0 1 
1 0 0 0 0 1 0 1 0 0 0 0 1 0 0 
1 0 0 0 0 0 0 0 0 0 1 1 1 0 0 
0 1 0 0 0 0 1 1 0 0 0 0 1 0 0 
0 0 0 0 0 0 1 1 0 0 0 0 1 0 1 
OpenStacks: 23
Took 12.45 seconds

buffer: Warwick 1619: balanced products, 4 products per order
numCustomers: 30
numProducts: 15
1 0 0 1 1 0 0 0 0 0 0 0 1 0 0 
0 0 0 0 0 1 0 1 0 0 0 0 1 1 0 
1 0 0 0 0 0 1 0 0 0 1 0 0 1 0 
1 0 1 0 0 0 0 0 0 0 0 0 0 1 1 
1 0 0 0 0 0 0 1 1 0 0 1 0 0 0 
0 0 1 0 0 0 0 1 1 0 0 1 0 0 0 
0 0 1 0 0 1 0 0 1 0 0 1 0 0 0 
0 0 0 0 0 1 0 1 1 0 0 1 0 0 0 
1 0 0 0 0 1 0 0 0 0 0 1 0 1 0 
0 1 0 0 0 0 0 0 1 1 0 1 0 0 0 
1 0 0 1 0 0 1 0 0 0 1 0 0 0 0 
0 0 1 0 0 1 0 1 0 0 0 1 0 0 0 
1 0 0 0 0 0 1 1 0 1 0 0 0 0 0 
0 0 1 0 0 0 1 0 0 0 1 0 0 1 0 
0 1 0 1 1 0 0 0 0 0 0 0 0 0 1 
0 0 0 0 0 0 0 0 1 0 1 1 0 0 1 
1 1 0 0 0 0 0 0 1 1 0 0 0 0 0 
1 0 0 0 1 1 0 0 0 0 1 0 0 0 0 
1 0 0 0 0 0 1 0 0 1 0 1 0 0 0 
0 0 0 1 0 0 0 1 0 0 0 0 1 0 1 
0 0 0 1 0 0 0 0 1 1 0 1 0 0 0 
1 0 0 0 0 1 0 0 0 0 0 1 1 0 0 
1 0 0 0 0 0 0 0 1 0 1 0 1 0 0 
1 0 1 0 1 0 0 1 0 0 0 0 0 0 0 
0 0 1 0 1 0 0 0 0 0 0 0 0 1 1 
0 0 0 0 1 1 0 0 1 0 0 0 0 0 1 
0 1 0 0 0 0 0 0 1 0 0 1 0 0 1 
0 1 0 0 1 0 0 0 1 0 1 0 0 0 0 
0 0 0 0 0 1 1 0 0 0 0 1 0 1 0 
0 0 0 0 0 1 1 1 0 0 1 0 0 0 0 
Best Sequence: 
10 7 6 5 13 2 12 0 4 14 11 9 8 3 1 
0 0 0 0 0 0 1 1 1 0 0 0 0 1 0 
0 1 0 1 1 0 1 0 0 0 0 0 0 0 0 
1 0 1 0 1 0 0 1 0 0 0 0 0 0 0 
0 0 0 0 1 1 0 1 0 1 0 0 0 0 0 
0 1 0 0 0 0 0 1 0 0 1 0 1 0 0 
0 1 0 0 0 1 0 0 0 0 1 0 1 0 0 
0 0 0 1 0 1 0 0 0 0 1 0 1 0 0 
0 1 0 1 0 0 0 0 0 0 1 0 1 0 0 
0 0 0 1 1 0 0 1 0 0 1 0 0 0 0 
0 0 0 0 0 0 0 0 0 0 1 1 1 0 1 
1 0 1 0 0 0 0 1 0 0 0 0 0 1 0 
0 1 0 1 0 1 0 0 0 0 1 0 0 0 0 
0 1 1 0 0 0 0 1 0 0 0 1 0 0 0 
1 0 1 0 1 1 0 0 0 0 0 0 0 0 0 
0 0 0 0 0 0 0 0 1 1 0 0 0 1 1 
1 0 0 0 0 0 0 0 0 1 1 0 1 0 0 
0 0 0 0 0 0 0 1 0 0 0 1 1 0 1 
1 0 0 1 0 0 0 1 1 0 0 0 0 0 0 
0 0 1 0 0 0 0 1 0 0 1 1 0 0 0 
0 1 0 0 0 0 1 0 0 1 0 0 0 1 0 
0 0 0 0 0 0 0 0 0 0 1 1 1 1 0 
0 0 0 1 0 0 1 1 0 0 1 0 0 0 0 
1 0 0 0 0 0 1 1 0 0 0 0 1 0 0 
0 1 0 0 0 1 0 1 1 0 0 0 0 0 0 
0 0 0 0 1 1 0 0 1 1 0 0 0 0 0 
0 0 0 1 0 0 0 0 1 1 0 0 1 0 0 
0 0 0 0 0 0 0 0 0 1 1 0 1 0 1 
1 0 0 0 0 0 0 0 1 0 0 0 1 0 1 
0 0 1 1 1 0 0 0 0 0 1 0 0 0 0 
1 1 1 1 0 0 0 0 0 0 0 0 0 0 0 
OpenStacks: 23
Took 12.45 seconds

buffer: Warwick 1620: balanced products, 4 products per order
numCustomers: 30
numProducts: 15
0 0 0 0 0 0 0 0 1 0 1 1 0 0 1 
0 0 1 0 0 0 0 0 0 0 0 1 0 1 1 
1 0 0 0 0 0 0 0 1 0 1 0 0 0 1 
0 1 0 0 0 1 0 1 0 0 0 0 0 1 0 
0 1 0 0 0 0 0 1 0 0 0 0 1 1 0 
0 1 0 1 1 0 0 0 0 0 1 0 0 0 0 
0 0 0 0 1 1 0 1 0 0 1 0 0 0 0 
0 0 0 0 1 0 0 0 0 0 1 0 0 1 1 
0 0 0 0 0 0 1 0 1 0 0 1 0 1 0 
0 0 1 0 0 0 1 0 0 0 0 0 1 0 1 
0 0 0 1 0 0 1 0 0 1 0 0 0 0 1 
0 0 0 0 1 1 0 1 0 0 0 0 0 0 1 
0 1 0 0 0 1 0 0 1 0 0 0 0 0 1 
0 1 1 0 0 0 0 0 0 0 1 0 1 0 0 
1 0 0 0 0 0 0 1 1 0 0 0 0 0 1 
0 1 1 0 0 0 1 0 0 0 0 0 1 0 0 
0 0 1 0 1 1 0 0 0 0 0 0 0 1 0 
0 0 0 0 1 0 0 1 0 0 1 1 0 0 0 
0 1 0 1 0 0 0 0 0 0 0 1 0 0 1 
0 0 1 0 1 0 0 0 0 0 0 1 1 0 0 
0 0 0 0 0 0 0 1 0 1 1 0 1 0 0 
0 0 0 0 1 0 1 0 1 1 0 0 0 0 0 
0 0 0 0 0 0 0 1 0 1 0 0 1 0 1 
1 0 0 0 1 0 0 1 0 0 0 0 0 0 1 
0 0 0 0 1 1 0 0 0 1 0 0 0 1 0 
0 1 0 0 0 0 0 1 0 1 1 0 0 0 0 
0 1 1 1 0 1 0 0 0 0 0 0 0 0 0 
0 0 0 0 0 0 1 1 0 1 0 0 0 1 0 
0 0 0 0 1 0 0 0 1 1 1 0 0 0 0 
0 1 1 0 0 0 0 0 0 1 0 0 0 1 0 
Best Sequence: 
13 7 5 1 12 3 2 6 9 14 11 10 8 4 0 
0 0 0 0 0 0 0 0 0 1 1 1 1 0 0 
1 0 0 0 0 0 1 0 0 1 1 0 0 0 0 
0 0 0 0 0 0 0 0 0 1 0 1 1 0 1 
1 1 1 1 0 0 0 0 0 0 0 0 0 0 0 
1 1 0 1 1 0 0 0 0 0 0 0 0 0 0 
0 0 0 1 0 1 0 0 0 0 0 1 0 1 0 
0 1 1 0 0 0 0 0 0 0 0 1 0 1 0 
1 0 0 0 0 0 0 0 0 1 0 1 0 1 0 
1 0 0 0 0 0 0 1 0 0 1 0 1 0 0 
0 0 0 0 1 0 1 1 0 1 0 0 0 0 0 
0 0 0 0 0 1 0 1 1 1 0 0 0 0 0 
0 1 1 0 0 0 0 0 0 1 0 0 0 1 0 
0 0 1 1 0 0 0 0 0 1 0 0 1 0 0 
0 0 0 1 1 0 1 0 0 0 0 1 0 0 0 
0 1 0 0 0 0 0 0 0 1 0 0 1 0 1 
0 0 0 1 1 0 1 1 0 0 0 0 0 0 0 
1 0 1 0 0 0 1 0 0 0 0 0 0 1 0 
0 1 0 0 0 0 0 0 0 0 1 1 0 1 0 
0 0 0 1 0 1 0 0 0 1 1 0 0 0 0 
0 0 0 0 1 0 1 0 0 0 1 0 0 1 0 
0 1 0 0 1 0 0 0 1 0 0 1 0 0 0 
0 0 0 0 0 0 0 1 1 0 0 0 1 1 0 
0 1 0 0 1 0 0 0 1 1 0 0 0 0 0 
0 1 0 0 0 0 0 0 0 1 0 0 0 1 1 
1 0 1 0 0 0 0 0 1 0 0 0 0 1 0 
0 1 0 1 0 0 0 0 1 0 0 1 0 0 0 
0 0 1 1 0 1 1 0 0 0 0 0 0 0 0 
1 1 0 0 0 0 0 1 1 0 0 0 0 0 0 
0 0 0 0 0 0 0 0 1 0 0 1 1 1 0 
1 0 0 1 0 0 1 0 1 0 0 0 0 0 0 
OpenStacks: 24
Took 12.46 seconds

buffer: Warwick 1621: balanced products, 5 products per order
numCustomers: 30
numProducts: 15
0 1 0 0 0 0 1 0 0 1 0 1 1 0 0 
0 0 0 0 1 1 0 0 0 1 0 1 0 0 1 
0 1 0 1 1 0 0 1 0 0 0 1 0 0 0 
1 0 1 0 0 1 0 0 0 0 0 0 1 0 1 
0 0 0 1 0 0 0 0 0 0 1 1 0 1 1 
0 1 0 0 0 1 1 0 1 0 0 1 0 0 0 
0 1 0 0 0 0 0 1 0 1 0 1 0 0 1 
0 0 0 0 0 1 0 0 1 0 1 0 1 0 1 
0 1 1 0 0 0 1 0 0 0 0 1 1 0 0 
1 1 0 0 1 0 0 0 0 1 0 0 0 1 0 
0 0 0 1 0 0 1 0 0 0 0 1 1 0 1 
0 1 0 1 0 0 1 0 0 0 1 1 0 0 0 
1 0 1 0 0 0 1 0 0 1 0 0 0 0 1 
0 0 0 1 1 0 0 0 0 1 1 0 1 0 0 
0 0 0 0 1 0 0 0 1 0 1 1 0 0 1 
1 0 1 1 0 0 0 0 0 1 0 1 0 0 0 
1 0 0 1 0 0 0 1 0 1 0 0 0 0 1 
0 0 0 1 0 0 0 0 1 0 1 0 0 1 1 
0 0 0 1 0 0 1 1 0 0 1 0 1 0 0 
0 0 0 1 0 1 0 0 1 1 0 1 0 0 0 
0 1 0 0 1 1 0 1 1 0 0 0 0 0 0 
1 0 0 1 0 0 0 0 1 0 0 0 0 1 1 
1 0 1 0 0 0 1 0 0 1 1 0 0 0 0 
0 1 0 1 0 0 0 1 1 0 0 1 0 0 0 
0 0 1 0 0 0 1 0 1 0 0 0 1 1 0 
0 0 1 0 0 0 1 0 0 0 1 1 0 1 0 
0 0 0 0 0 0 0 1 0 1 1 1 1 0 0 
0 0 0 0 1 0 0 0 0 1 1 0 0 1 1 
0 0 1 0 0 1 0 1 0 0 0 0 1 0 1 
0 1 0 0 0 0 0 0 1 1 0 1 1 0 0 
Best Sequence: 
11 8 7 3 1 4 10 6 14 13 12 9 5 2 0 
1 0 0 0 1 0 0 1 0 0 1 1 0 0 0 
1 0 0 0 0 1 0 0 1 0 0 1 1 0 0 
1 0 1 1 1 1 0 0 0 0 0 0 0 0 0 
0 0 0 0 0 0 0 0 1 0 1 0 1 1 1 
1 0 0 1 0 0 1 0 1 1 0 0 0 0 0 
1 1 0 0 1 0 0 1 0 0 0 0 1 0 0 
1 0 1 0 1 0 0 0 1 0 0 1 0 0 0 
0 1 0 0 0 0 1 0 1 0 1 0 1 0 0 
1 0 0 0 1 0 0 1 0 0 1 0 0 1 0 
0 0 0 0 1 1 0 0 0 1 0 1 0 0 1 
1 0 0 1 0 0 0 1 1 0 1 0 0 0 0 
1 0 0 1 1 0 1 1 0 0 0 0 0 0 0 
0 0 0 0 0 0 0 1 1 0 0 1 0 1 1 
0 0 0 1 0 1 1 0 0 0 1 1 0 0 0 
1 1 0 0 0 1 1 0 1 0 0 0 0 0 0 
1 0 0 1 0 0 0 0 0 0 0 1 0 1 1 
0 0 1 1 0 0 0 0 1 0 0 1 0 0 1 
0 1 0 1 0 0 1 0 1 1 0 0 0 0 0 
0 0 1 1 0 0 1 1 0 0 1 0 0 0 0 
1 1 0 1 0 0 0 0 0 0 0 1 1 0 0 
0 1 1 0 1 1 0 0 0 0 0 0 1 0 0 
0 1 0 1 0 0 0 0 1 1 0 0 0 0 1 
0 0 0 0 0 0 1 1 0 0 0 1 0 1 1 
1 1 1 1 1 0 0 0 0 0 0 0 0 0 0 
0 1 0 0 0 0 0 1 0 1 1 0 0 1 0 
1 0 0 0 0 0 1 1 0 1 0 0 0 1 0 
1 0 1 0 0 0 1 0 0 0 1 1 0 0 0 
0 0 0 0 0 1 1 0 1 1 0 1 0 0 0 
0 0 1 0 0 0 0 0 1 0 1 0 1 1 0 
1 1 0 0 1 0 0 0 0 0 1 1 0 0 0 
OpenStacks: 27
Took 12.75 seconds

buffer: Warwick 1622: balanced products, 5 products per order
numCustomers: 30
numProducts: 15
1 0 0 0 1 1 0 0 1 0 0 0 0 1 0 
1 1 0 0 0 0 0 1 1 0 1 0 0 0 0 
0 0 0 0 0 0 0 0 1 0 1 1 0 1 1 
1 0 1 1 0 1 0 0 0 0 1 0 0 0 0 
0 0 1 0 0 1 1 1 0 0 1 0 0 0 0 
1 0 0 1 0 1 1 0 0 0 0 0 0 0 1 
1 0 1 1 0 0 0 0 0 0 0 1 1 0 0 
1 0 0 0 0 0 0 1 1 1 0 0 0 0 1 
0 0 1 0 1 0 1 0 0 0 0 0 1 0 1 
0 0 0 0 1 1 0 0 1 0 1 0 1 0 0 
0 1 1 0 0 1 0 0 0 1 0 0 0 0 1 
0 0 0 1 1 0 1 1 0 0 0 0 0 0 1 
1 1 0 0 0 0 0 0 0 1 0 0 1 0 1 
1 0 0 0 0 0 0 1 1 1 0 0 0 1 0 
0 1 1 0 0 0 1 1 0 0 0 1 0 0 0 
0 0 1 0 0 0 1 1 0 0 1 0 1 0 0 
1 0 0 0 1 0 1 0 1 0 0 0 0 1 0 
0 0 0 0 0 1 0 1 1 1 1 0 0 0 0 
0 0 1 0 0 1 0 1 0 0 0 1 1 0 0 
0 0 1 0 1 1 0 0 0 1 0 0 0 1 0 
1 1 0 0 0 0 0 1 0 1 0 0 0 0 1 
0 0 0 0 1 0 0 1 0 1 0 1 0 1 0 
1 0 0 1 1 1 0 0 1 0 0 0 0 0 0 
1 1 1 0 0 0 0 0 0 0 1 1 0 0 0 
0 1 0 0 1 0 0 1 0 0 1 1 0 0 0 
1 0 0 0 0 0 1 0 0 1 0 0 1 1 0 
0 1 0 0 0 1 0 0 0 1 0 0 0 1 1 
0 0 0 0 1 1 1 0 0 1 0 1 0 0 0 
0 0 1 1 0 1 0 0 0 0 0 1 1 0 0 
0 0 1 0 1 0 0 0 0 0 0 1 1 0 1 
Best Sequence: 
14 12 11 4 2 13 6 9 5 10 8 7 3 1 0 
0 0 0 1 0 1 0 0 1 0 1 0 0 0 1 
0 0 0 0 0 0 0 0 0 1 1 1 0 1 1 
1 0 1 0 0 1 0 0 0 1 1 0 0 0 0 
0 0 0 0 1 0 0 0 1 1 0 0 1 0 1 
0 0 0 0 1 0 1 0 1 1 0 1 0 0 0 
1 0 0 0 0 0 1 0 1 0 0 0 1 0 1 
0 1 1 0 1 0 0 0 0 0 0 0 1 0 1 
1 0 0 0 0 0 0 1 0 0 1 1 0 0 1 
1 1 0 1 1 0 1 0 0 0 0 0 0 0 0 
0 1 0 1 0 0 0 0 1 1 1 0 0 0 0 
1 0 0 0 1 0 0 1 1 0 0 0 0 1 0 
1 0 0 1 0 0 1 0 0 0 0 1 1 0 0 
1 1 0 0 0 0 0 1 0 0 0 0 0 1 1 
0 0 0 0 0 1 0 1 0 0 1 1 0 0 1 
0 0 1 0 1 0 1 0 0 0 0 1 0 1 0 
0 1 0 0 1 0 1 0 0 1 0 1 0 0 0 
0 0 0 1 0 1 1 0 0 0 1 0 0 0 1 
0 0 0 0 0 0 0 1 1 1 1 1 0 0 0 
0 1 1 0 1 0 0 0 1 0 0 1 0 0 0 
0 0 0 1 1 1 0 1 1 0 0 0 0 0 0 
1 0 0 0 0 0 0 1 0 0 0 1 0 1 1 
0 0 1 1 0 1 0 1 0 0 0 1 0 0 0 
0 0 0 1 0 0 0 0 1 0 1 0 1 0 1 
0 0 1 0 1 0 0 0 0 1 0 0 0 1 1 
0 0 1 1 0 0 0 0 0 1 0 1 0 1 0 
0 1 0 0 0 1 1 1 0 0 0 0 0 0 1 
1 0 0 0 0 1 0 1 1 0 0 0 0 1 0 
0 0 1 1 0 0 1 1 1 0 0 0 0 0 0 
0 1 1 0 1 0 0 0 1 0 0 0 1 0 0 
1 1 1 1 1 0 0 0 0 0 0 0 0 0 0 
OpenStacks: 27
Took 12.76 seconds

buffer: Warwick 1623: balanced products, 5 products per order
numCustomers: 30
numProducts: 15
1 0 0 0 1 0 0 0 1 1 0 0 0 0 1 
0 0 0 1 0 0 0 0 0 1 0 1 1 1 0 
1 1 0 0 0 0 0 0 1 0 0 0 1 1 0 
0 0 1 0 0 0 0 1 1 0 1 0 0 0 1 
0 0 0 1 0 0 0 1 1 0 1 1 0 0 0 
1 0 0 1 1 0 0 0 0 0 1 0 0 1 0 
1 0 0 0 0 1 0 0 0 0 1 0 0 1 1 
1 0 0 1 0 0 0 0 1 1 0 1 0 0 0 
0 1 1 0 0 0 0 1 1 1 0 0 0 0 0 
0 1 0 1 0 1 0 1 1 0 0 0 0 0 0 
0 1 0 1 0 0 0 1 0 1 1 0 0 0 0 
0 1 0 0 1 0 0 0 0 1 0 1 1 0 0 
0 0 0 0 0 1 0 0 1 1 0 1 1 0 0 
0 0 0 0 1 0 0 1 0 0 1 1 0 0 1 
1 1 0 0 0 0 0 1 0 0 1 0 0 0 1 
0 0 0 1 1 0 0 1 1 1 0 0 0 0 0 
1 0 0 1 1 0 1 0 1 0 0 0 0 0 0 
0 1 0 1 0 0 1 1 0 0 0 1 0 0 0 
0 0 0 1 0 1 1 0 1 0 0 0 0 1 0 
1 0 0 0 0 1 0 0 1 1 1 0 0 0 0 
0 0 0 0 0 0 0 1 1 1 0 0 1 1 0 
0 1 0 0 0 1 0 1 1 0 0 0 0 0 1 
0 0 0 0 1 0 1 0 0 0 1 1 0 0 1 
1 0 1 0 0 0 0 1 0 0 1 0 1 0 0 
1 0 1 0 0 1 1 0 1 0 0 0 0 0 0 
0 0 1 0 1 0 0 1 0 0 0 0 0 1 1 
0 0 0 0 1 0 1 0 0 0 0 1 0 1 1 
1 0 1 0 0 0 0 0 0 1 0 0 1 1 0 
1 0 0 0 1 0 1 0 1 0 0 0 0 1 0 
0 0 1 1 1 0 0 1 0 1 0 0 0 0 0 
Best Sequence: 
14 11 10 7 4 6 8 3 13 12 9 5 2 1 0 
1 0 0 0 1 0 1 0 0 0 1 0 0 0 1 
0 1 0 0 0 0 0 1 1 1 1 0 0 0 0 
0 0 0 0 0 0 1 0 1 1 0 0 0 1 1 
1 0 1 1 0 0 1 0 0 0 0 0 1 0 0 
0 1 1 1 0 0 1 1 0 0 0 0 0 0 0 
0 0 1 0 1 0 0 1 1 0 0 0 0 0 1 
1 0 1 0 0 0 0 0 1 0 0 1 0 0 1 
0 1 0 0 0 0 1 1 0 0 1 0 0 0 1 
0 0 0 1 0 0 1 0 0 0 1 0 1 1 0 
0 0 0 1 0 0 1 1 0 0 0 1 0 1 0 
0 0 1 1 0 0 0 1 0 0 1 0 0 1 0 
0 1 0 0 1 0 0 0 0 1 1 0 0 1 0 
0 1 0 0 0 0 1 0 0 1 1 1 0 0 0 
1 1 1 1 1 0 0 0 0 0 0 0 0 0 0 
1 0 1 1 0 0 0 0 0 0 0 0 0 1 1 
0 0 0 1 1 0 1 1 0 0 1 0 0 0 0 
0 0 0 0 1 1 1 1 0 0 0 0 0 0 1 
0 1 0 1 0 1 0 1 0 0 0 0 0 1 0 
0 0 0 0 0 1 1 1 1 0 0 1 0 0 0 
0 0 1 0 0 0 1 0 0 0 1 1 0 0 1 
0 0 0 1 0 0 1 0 1 1 1 0 0 0 0 
1 0 0 1 0 0 1 0 0 0 0 1 0 1 0 
1 1 1 0 1 1 0 0 0 0 0 0 0 0 0 
0 0 1 1 0 0 0 0 0 1 0 0 1 0 1 
0 0 0 0 0 1 1 0 0 0 0 1 1 0 1 
1 0 0 1 1 0 0 0 1 0 0 0 1 0 0 
1 1 0 0 1 1 0 0 1 0 0 0 0 0 0 
0 0 0 0 0 0 0 0 1 1 1 0 1 0 1 
0 0 0 0 1 1 1 0 1 0 0 0 0 0 1 
0 0 0 1 1 0 0 1 0 0 1 0 1 0 0 
OpenStacks: 27
Took 12.71 seconds

buffer: Warwick 1624: balanced products, 5 products per order
numCustomers: 30
numProducts: 15
0 0 0 0 0 1 1 1 0 0 0 0 1 0 1 
0 0 0 1 0 0 0 1 1 1 0 0 0 0 1 
0 0 0 1 1 0 1 1 0 0 0 0 0 0 1 
0 0 1 0 0 0 1 0 1 0 0 0 1 0 1 
1 0 1 0 0 1 0 0 0 0 0 0 1 0 1 
1 0 1 0 1 1 1 0 0 0 0 0 0 0 0 
0 0 0 0 0 0 1 1 0 1 0 1 0 1 0 
1 1 0 0 0 0 0 1 0 1 0 0 0 1 0 
0 0 0 0 0 1 1 0 0 0 1 0 1 1 0 
1 0 1 0 0 1 0 0 1 1 0 0 0 0 0 
1 1 0 0 0 0 0 0 1 0 1 1 0 0 0 
0 0 1 0 1 0 0 1 0 1 0 0 0 1 0 
0 1 0 0 0 0 1 0 1 1 1 0 0 0 0 
0 0 1 0 1 0 0 0 0 0 1 0 1 1 0 
0 1 1 0 0 0 0 0 0 0 1 0 1 0 1 
0 0 1 0 0 0 1 0 1 0 0 0 1 1 0 
1 0 0 1 1 0 0 0 0 1 0 0 0 0 1 
0 1 0 1 1 0 0 0 1 0 1 0 0 0 0 
0 0 0 1 0 1 0 0 0 0 0 1 1 1 0 
0 0 0 0 0 1 1 1 0 1 0 0 1 0 0 
1 1 0 0 1 1 0 0 0 0 0 0 0 1 0 
0 0 0 1 1 0 0 0 0 1 0 0 1 0 1 
0 0 1 1 0 0 0 0 0 0 1 1 0 1 0 
0 0 1 0 0 0 1 1 0 1 0 0 0 0 1 
0 0 0 0 0 1 0 0 0 0 1 1 1 0 1 
0 1 0 0 0 0 1 1 1 1 0 0 0 0 0 
0 1 0 0 1 1 0 0 0 0 1 0 0 0 1 
1 1 0 0 0 1 0 1 0 0 0 1 0 0 0 
0 1 0 0 0 0 1 0 0 1 0 1 0 1 0 
1 1 0 0 1 0 0 0 1 0 0 0 0 0 1 
Best Sequence: 
12 9 7 6 5 14 13 2 11 10 8 4 3 1 0 
1 0 1 1 1 1 0 0 0 0 0 0 0 0 0 
0 1 1 0 0 1 0 0 0 0 1 0 1 0 0 
0 0 1 1 0 1 0 0 0 0 0 1 1 0 0 
1 0 0 1 0 1 0 1 0 0 1 0 0 0 0 
1 0 0 0 1 1 0 1 0 0 0 0 0 0 1 
0 0 0 1 1 0 0 1 0 0 0 1 0 0 1 
0 1 1 1 0 0 1 0 1 0 0 0 0 0 0 
0 1 1 0 0 0 1 0 0 0 0 0 0 1 1 
1 0 0 1 1 0 1 0 0 1 0 0 0 0 0 
0 1 0 0 1 0 0 1 0 0 1 0 0 0 1 
0 0 0 0 0 0 0 0 1 1 1 0 0 1 1 
0 1 1 0 0 0 1 1 0 0 0 1 0 0 0 
0 1 0 1 0 0 0 0 0 1 1 0 0 1 0 
1 0 0 0 0 0 1 1 0 1 0 1 0 0 0 
1 0 0 0 0 1 0 1 0 1 0 0 0 1 0 
1 0 0 1 0 0 1 1 0 0 1 0 0 0 0 
0 1 0 0 0 1 0 0 0 0 0 1 1 0 1 
0 0 0 0 0 0 0 0 0 1 1 1 1 1 0 
1 0 0 0 1 0 1 0 1 0 0 0 1 0 0 
1 1 1 1 1 0 0 0 0 0 0 0 0 0 0 
0 0 0 0 1 0 1 0 0 0 0 1 0 1 1 
1 1 0 0 0 1 0 0 0 0 0 1 1 0 0 
0 0 0 0 0 0 1 1 1 1 0 0 1 0 0 
0 1 1 1 0 1 0 1 0 0 0 0 0 0 0 
1 0 0 0 1 1 0 0 1 1 0 0 0 0 0 
0 1 1 1 0 0 0 0 0 0 1 0 0 1 0 
0 0 0 0 1 1 0 0 0 1 0 1 0 1 0 
0 0 1 0 1 0 0 0 1 0 0 0 0 1 1 
0 1 0 1 0 0 1 0 1 0 0 0 0 1 0 
0 0 0 0 0 1 0 0 0 0 1 1 0 1 1 
OpenStacks: 26
Took 12.72 seconds

buffer: Warwick 1625: balanced products, 5 products per order
numCustomers: 30
numProducts: 15
0 1 0 0 1 0 0 0 1 1 0 0 1 0 0 
1 0 1 0 1 0 0 1 0 0 0 0 0 0 1 
0 0 0 1 0 0 0 1 1 0 1 0 1 0 0 
1 0 1 0 0 0 0 1 0 0 1 0 1 0 0 
0 0 0 0 0 0 1 1 0 0 0 1 1 1 0 
0 1 1 0 0 0 1 0 0 0 0 1 0 1 0 
0 0 0 0 0 0 1 1 1 1 0 0 1 0 0 
0 1 1 0 1 0 0 1 0 0 0 1 0 0 0 
0 0 0 0 0 1 0 1 1 0 1 0 0 1 0 
0 0 1 0 0 0 0 1 0 1 0 0 0 1 1 
1 0 0 0 1 0 0 0 0 1 0 1 0 1 0 
0 0 1 0 0 1 1 0 1 1 0 0 0 0 0 
0 0 1 1 0 1 0 1 0 0 0 1 0 0 0 
1 0 1 0 1 0 0 0 1 0 0 0 0 0 1 
0 0 0 0 1 0 0 1 0 1 0 1 0 0 1 
0 1 0 0 1 1 0 1 0 0 0 1 0 0 0 
1 1 0 1 1 0 0 0 0 1 0 0 0 0 0 
0 0 0 0 0 1 0 0 1 0 1 1 0 1 0 
1 0 1 0 0 0 0 1 0 0 0 0 1 1 0 
0 0 1 0 1 0 0 0 1 0 1 0 1 0 0 
1 0 0 1 0 0 0 1 0 0 0 1 0 0 1 
0 0 1 0 0 1 0 0 1 0 0 1 1 0 0 
0 0 0 0 0 0 1 0 1 0 1 0 1 1 0 
0 0 0 0 1 1 0 0 0 0 1 0 1 1 0 
0 0 0 0 1 0 0 0 1 0 1 1 0 1 0 
0 0 1 0 0 1 1 0 0 0 0 0 0 1 1 
1 1 0 0 0 1 0 0 0 0 0 0 0 1 1 
1 0 1 1 0 0 0 0 0 1 1 0 0 0 0 
0 0 0 0 0 0 0 1 0 0 0 1 1 1 1 
0 0 0 0 0 1 0 1 0 0 1 0 1 1 0 
Best Sequence: 
14 13 12 11 7 6 10 8 9 5 4 3 2 1 0 
0 0 1 0 0 0 0 1 1 0 1 0 0 1 0 
1 0 0 0 1 0 0 0 0 0 1 0 1 0 1 
0 0 1 0 1 0 1 1 0 0 0 1 0 0 0 
0 0 1 0 1 0 1 0 0 0 0 0 1 0 1 
0 1 1 1 1 1 0 0 0 0 0 0 0 0 0 
0 1 0 1 0 1 0 0 0 0 0 0 1 1 0 
0 0 1 0 1 1 0 1 1 0 0 0 0 0 0 
0 0 0 1 1 0 0 0 0 0 1 0 1 1 0 
0 1 0 0 1 0 1 1 0 1 0 0 0 0 0 
1 1 0 0 1 0 0 0 1 0 0 0 1 0 0 
0 1 0 1 0 0 0 0 1 0 1 0 0 0 1 
0 0 0 0 0 1 0 1 1 1 0 0 1 0 0 
0 0 0 1 1 0 0 0 0 1 0 1 1 0 0 
1 0 0 0 0 0 0 1 0 0 1 0 1 0 1 
1 0 0 1 1 0 0 0 1 0 1 0 0 0 0 
0 0 0 1 1 0 0 0 0 1 1 0 0 1 0 
0 0 0 0 0 0 0 0 1 0 1 1 0 1 1 
0 1 0 1 0 0 1 1 0 1 0 0 0 0 0 
0 1 1 0 1 0 0 0 0 0 0 0 1 0 1 
0 0 1 0 0 0 1 1 0 0 1 0 1 0 0 
1 0 0 1 1 0 0 0 0 0 0 1 0 0 1 
0 0 1 1 0 0 0 1 0 1 0 0 1 0 0 
0 1 1 0 0 1 1 1 0 0 0 0 0 0 0 
0 1 1 0 0 0 1 0 0 1 1 0 0 0 0 
0 1 0 1 0 0 1 1 0 0 1 0 0 0 0 
1 1 0 0 0 1 0 0 0 1 0 0 1 0 0 
1 1 0 0 0 0 0 0 0 1 0 0 0 1 1 
0 0 0 0 0 0 1 0 1 0 0 1 1 0 1 
1 1 1 1 1 0 0 0 0 0 0 0 0 0 0 
0 1 1 0 1 0 1 0 0 1 0 0 0 0 0 
OpenStacks: 27
Took 12.71 seconds

buffer: Warwick 1626: balanced products, 5 products per order
numCustomers: 30
numProducts: 15
1 1 0 0 0 1 0 0 1 0 1 0 0 0 0 
0 1 0 0 1 0 0 0 0 0 1 1 0 0 1 
1 0 0 0 0 1 0 1 0 0 0 0 1 1 0 
0 0 0 1 0 1 0 1 0 0 1 1 0 0 0 
1 0 0 0 1 0 0 0 1 1 0 0 0 0 1 
0 1 0 1 0 1 0 0 0 1 1 0 0 0 0 
1 0 1 0 1 0 0 0 0 1 0 0 0 0 1 
1 1 0 0 0 1 1 0 0 0 1 0 0 0 0 
0 0 0 1 1 0 0 0 1 0 0 1 0 0 1 
0 0 0 1 0 1 0 0 0 1 0 0 1 0 1 
0 1 0 0 0 0 1 1 0 1 0 1 0 0 0 
1 1 0 0 1 1 0 0 1 0 0 0 0 0 0 
1 0 0 0 0 1 1 0 1 0 0 0 0 1 0 
0 1 0 1 1 0 0 0 0 0 0 1 0 0 1 
0 0 0 0 0 0 0 0 1 1 1 1 0 0 1 
1 0 0 0 0 0 0 1 0 1 1 0 0 0 1 
0 0 1 1 0 0 0 0 1 0 0 0 1 0 1 
1 0 0 1 0 0 1 1 0 0 0 0 0 1 0 
0 0 0 0 0 1 1 0 1 0 0 0 1 0 1 
1 0 1 1 0 0 0 0 0 1 0 0 1 0 0 
0 1 1 0 0 1 1 0 0 1 0 0 0 0 0 
1 1 0 1 1 0 0 0 0 0 0 0 1 0 0 
0 1 0 1 0 1 0 1 0 0 0 0 1 0 0 
0 1 0 0 0 0 1 0 0 1 1 1 0 0 0 
0 0 1 0 0 1 0 1 1 0 0 0 0 1 0 
1 1 1 0 0 0 0 1 0 0 1 0 0 0 0 
0 1 0 0 0 0 0 0 0 0 1 1 1 0 1 
0 0 0 0 0 1 1 0 1 0 1 0 0 0 1 
0 1 0 0 0 1 1 0 1 0 1 0 0 0 0 
0 1 1 1 0 0 1 0 0 0 0 0 0 1 0 
Best Sequence: 
14 11 10 4 1 12 9 3 6 13 8 7 5 2 0 
0 0 1 0 1 0 0 0 0 0 1 0 1 0 1 
1 1 1 1 1 0 0 0 0 0 0 0 0 0 0 
0 0 0 0 0 1 0 0 0 1 0 1 1 0 1 
0 1 1 0 0 0 0 1 0 0 0 1 1 0 0 
1 0 0 1 0 0 1 0 0 0 1 0 0 0 1 
0 0 1 0 1 0 1 1 0 0 0 0 1 0 0 
1 0 0 1 0 0 1 0 0 0 0 0 0 1 1 
0 0 1 0 1 0 0 0 1 0 0 0 1 0 1 
1 1 0 1 0 0 0 1 0 0 1 0 0 0 0 
1 0 0 0 0 1 1 1 0 0 0 0 1 0 0 
0 1 0 0 1 0 1 0 1 0 0 1 0 0 0 
0 0 0 1 1 0 0 0 0 0 1 0 1 0 1 
0 0 0 0 0 0 0 0 1 1 1 0 1 0 1 
1 1 0 1 1 0 0 1 0 0 0 0 0 0 0 
1 1 1 0 0 0 1 0 0 0 1 0 0 0 0 
1 0 1 0 0 0 1 0 0 0 0 1 0 0 1 
1 0 0 0 0 1 0 1 0 0 1 0 0 1 0 
0 0 0 0 0 0 0 1 1 1 0 1 0 0 1 
1 0 0 0 0 1 0 0 1 0 1 0 1 0 0 
0 0 0 0 0 1 1 1 0 0 0 0 0 1 1 
0 0 0 0 1 0 1 0 1 0 0 0 1 1 0 
0 0 0 1 1 1 0 1 0 0 0 0 0 0 1 
0 0 0 0 1 1 0 1 0 0 0 1 1 0 0 
0 1 1 0 1 0 1 0 1 0 0 0 0 0 0 
0 0 0 0 0 0 0 0 0 1 1 1 1 1 0 
0 0 1 0 1 0 0 0 0 0 0 1 0 1 1 
1 1 1 0 1 1 0 0 0 0 0 0 0 0 0 
1 0 1 0 0 0 0 0 1 0 1 0 1 0 0 
0 0 1 0 1 0 0 0 1 0 1 0 1 0 0 
0 0 0 0 1 0 0 1 1 1 0 0 0 1 0 
OpenStacks: 26
Took 12.73 seconds

buffer: Warwick 1627: balanced products, 5 products per order
numCustomers: 30
numProducts: 15
0 0 0 1 0 1 1 0 0 0 0 0 0 1 1 
0 0 0 0 1 0 1 1 0 0 0 1 0 1 0 
1 1 0 0 1 1 0 0 1 0 0 0 0 0 0 
0 0 0 1 0 0 1 0 0 1 0 0 1 1 0 
0 0 0 1 0 0 0 0 1 0 0 0 1 1 1 
1 1 0 0 0 0 0 0 1 1 0 0 0 1 0 
1 0 1 0 1 0 0 0 0 0 0 0 1 0 1 
0 1 1 1 0 0 0 0 0 0 0 1 0 1 0 
1 0 0 0 0 0 1 0 0 0 0 1 0 1 1 
0 0 1 1 0 0 0 1 0 1 1 0 0 0 0 
1 1 0 0 0 1 0 0 0 1 0 0 0 1 0 
0 0 1 1 0 1 0 0 1 0 0 0 0 0 1 
1 0 1 0 0 1 0 0 0 0 0 0 1 1 0 
0 1 0 1 1 0 0 1 0 0 0 0 1 0 0 
1 0 1 0 0 0 0 0 0 0 1 0 1 1 0 
0 1 1 0 0 1 0 0 1 0 0 1 0 0 0 
0 0 1 0 0 0 1 0 0 0 0 1 1 0 1 
1 0 1 1 0 0 0 0 0 0 1 0 0 0 1 
1 0 0 1 0 1 0 0 1 0 0 0 0 0 1 
1 1 0 0 0 0 1 0 0 0 0 1 1 0 0 
1 0 0 1 0 1 0 0 1 0 0 0 1 0 0 
0 0 1 1 1 0 0 1 0 0 0 1 0 0 0 
0 0 1 0 0 1 1 0 0 0 1 0 0 0 1 
1 0 1 0 1 0 1 1 0 0 0 0 0 0 0 
1 0 1 0 0 0 0 1 0 0 0 0 1 0 1 
0 0 1 0 1 1 1 0 0 0 0 0 0 0 1 
1 0 1 0 1 0 0 0 1 0 0 0 0 0 1 
0 1 0 1 0 1 0 0 0 1 0 0 0 0 1 
1 1 0 1 0 0 1 0 0 1 0 0 0 0 0 
1 0 0 0 0 0 1 1 0 0 0 0 1 0 1 
Best Sequence: 
14 12 11 7 6 2 4 3 5 13 10 9 8 1 0 
1 0 0 0 1 0 0 1 1 1 0 0 0 0 0 
0 0 1 1 1 0 1 0 0 1 0 0 0 0 0 
0 0 0 0 0 0 1 0 1 0 0 0 1 1 1 
0 1 0 0 1 0 0 1 0 1 0 1 0 0 0 
1 1 0 0 0 0 0 1 0 1 0 0 1 0 0 
0 0 0 0 0 0 0 0 0 1 0 1 1 1 1 
1 1 0 0 0 1 1 0 0 0 0 0 0 0 1 
0 0 1 0 0 1 0 1 0 1 0 0 0 1 0 
1 0 1 0 1 0 0 0 0 1 0 0 0 0 1 
0 0 0 1 0 1 0 1 0 0 1 1 0 0 0 
0 0 0 0 0 0 0 0 1 1 0 1 0 1 1 
1 0 0 0 0 1 0 1 1 0 0 0 1 0 0 
0 1 0 0 0 1 0 0 1 1 0 0 0 0 1 
0 1 0 1 0 0 1 1 0 0 0 0 0 1 0 
0 1 0 0 0 1 0 0 0 1 1 0 0 0 1 
0 0 1 0 0 1 0 0 1 0 0 0 1 1 0 
1 1 1 0 1 1 0 0 0 0 0 0 0 0 0 
1 0 0 0 0 1 0 1 0 0 1 0 0 0 1 
1 0 0 0 0 0 0 1 1 0 0 0 1 0 1 
0 1 1 0 1 0 0 0 0 0 0 0 0 1 1 
0 1 0 0 0 0 0 1 1 0 0 0 1 0 1 
0 0 1 1 0 1 1 1 0 0 0 0 0 0 0 
1 0 0 0 1 1 0 0 1 0 1 0 0 0 0 
0 0 0 1 1 1 1 0 0 0 0 0 0 0 1 
1 1 0 1 0 1 0 0 0 0 0 0 0 0 1 
1 0 0 0 1 1 1 0 1 0 0 0 0 0 0 
1 0 0 0 0 1 1 0 0 0 0 0 1 0 1 
1 0 0 0 0 0 0 1 1 0 0 1 0 1 0 
0 0 0 0 1 0 0 1 0 0 0 1 0 1 1 
1 1 0 1 1 0 0 0 0 0 0 0 0 0 1 
OpenStacks: 27
Took 12.72 seconds

buffer: Warwick 1628: balanced products, 5 products per order
numCustomers: 30
numProducts: 15
0 0 1 1 0 0 1 0 0 0 1 0 0 1 0 
1 1 0 0 1 1 0 0 0 0 0 1 0 0 0 
0 0 1 0 0 1 0 1 0 0 0 1 1 0 0 
1 0 1 0 0 1 0 0 0 1 0 0 1 0 0 
0 1 0 0 0 1 0 1 0 0 0 1 1 0 0 
0 0 0 0 0 1 0 0 0 0 0 1 1 1 1 
0 0 1 0 0 1 0 0 1 0 1 0 0 1 0 
0 0 0 1 0 0 1 1 0 0 0 0 1 1 0 
1 0 0 0 0 1 0 0 0 0 1 0 1 0 1 
1 1 1 0 0 1 0 0 0 0 0 0 1 0 0 
1 1 0 0 0 1 0 0 0 1 0 0 1 0 0 
0 0 1 0 0 0 0 1 0 0 0 1 0 1 1 
1 0 0 0 1 0 1 0 0 0 1 1 0 0 0 
0 0 0 0 1 0 0 1 0 1 1 0 0 0 1 
0 0 0 0 0 1 0 0 1 0 1 1 0 1 0 
0 1 1 1 1 0 0 0 0 0 0 0 0 0 1 
0 1 0 0 1 1 0 0 0 0 0 0 0 1 1 
0 0 0 0 1 0 1 1 1 0 0 0 0 1 0 
0 1 0 0 0 1 0 1 1 0 1 0 0 0 0 
0 1 1 1 0 0 0 0 0 1 0 0 0 1 0 
0 0 1 1 0 0 0 0 1 0 0 1 0 0 1 
0 1 0 0 0 1 0 0 1 0 0 1 0 1 0 
0 1 0 0 1 0 1 0 0 0 0 1 0 1 0 
0 0 0 1 0 1 1 1 1 0 0 0 0 0 0 
1 0 1 1 1 0 0 0 0 0 0 0 1 0 0 
0 1 1 0 0 1 1 0 1 0 0 0 0 0 0 
0 0 1 0 0 1 0 0 1 1 0 1 0 0 0 
1 0 0 0 0 1 0 0 1 0 1 0 0 0 1 
0 0 0 0 0 0 0 1 0 1 1 1 0 0 1 
0 1 0 0 0 1 0 0 0 0 0 1 0 1 1 
Best Sequence: 
14 13 11 10 9 7 4 8 6 12 5 3 2 1 0 
0 1 0 1 0 0 0 0 1 0 0 1 1 0 0 
0 0 1 0 0 0 1 0 0 0 1 0 0 1 1 
0 0 1 0 0 1 0 0 0 1 1 0 1 0 0 
0 0 0 0 1 0 0 0 0 1 1 0 1 0 1 
0 0 1 0 0 1 0 0 0 1 1 0 0 1 0 
1 1 1 0 0 0 0 0 0 1 1 0 0 0 0 
0 1 0 1 0 0 0 1 0 0 1 0 1 0 0 
0 1 0 0 0 1 0 0 1 1 0 1 0 0 0 
1 0 0 1 0 0 0 0 0 1 1 0 0 0 1 
0 0 0 0 0 0 0 0 0 1 1 0 1 1 1 
0 0 0 0 1 0 0 0 0 1 1 0 0 1 1 
1 1 1 0 0 1 0 0 0 0 0 0 1 0 0 
0 0 1 1 0 0 1 0 1 0 0 0 0 0 1 
1 0 0 1 1 1 1 0 0 0 0 0 0 0 0 
0 1 1 1 0 0 0 1 0 0 1 0 0 0 0 
1 0 0 0 0 0 1 0 0 0 0 1 1 1 0 
1 1 0 0 0 0 1 0 0 0 1 0 0 1 0 
0 1 0 0 0 1 1 1 1 0 0 0 0 0 0 
0 0 0 1 0 1 0 1 0 0 1 0 0 1 0 
0 1 0 0 1 0 0 0 0 0 0 1 1 1 0 
1 0 1 0 0 0 0 1 0 0 0 1 1 0 0 
0 1 1 0 0 0 0 1 0 0 1 0 0 1 0 
0 1 1 0 0 0 1 0 1 0 0 0 0 1 0 
0 0 0 0 0 1 0 1 1 0 1 1 0 0 0 
0 0 0 0 0 0 1 0 0 1 0 1 1 0 1 
0 0 0 0 0 0 0 1 1 0 1 0 1 1 0 
0 0 1 0 1 0 0 1 0 0 1 0 1 0 0 
1 0 0 1 0 0 0 1 0 0 1 0 0 0 1 
1 0 1 1 1 1 0 0 0 0 0 0 0 0 0 
1 1 1 0 0 0 0 0 0 0 1 0 0 1 0 
OpenStacks: 27
Took 12.7 seconds

buffer: Warwick 1629: balanced products, 5 products per order
numCustomers: 30
numProducts: 15
0 0 0 0 1 1 0 1 0 1 0 0 1 0 0 
1 0 0 1 0 1 0 1 0 0 0 1 0 0 0 
0 0 1 0 1 0 0 0 0 1 0 1 0 0 1 
0 1 1 0 0 0 0 0 0 1 1 0 0 0 1 
0 0 0 0 1 0 1 1 0 0 0 0 1 0 1 
1 0 0 1 0 0 0 0 1 0 0 1 0 1 0 
0 0 1 1 1 0 0 0 0 0 0 1 1 0 0 
0 0 0 1 1 0 0 0 0 0 1 0 1 1 0 
1 1 0 0 0 1 0 0 0 0 1 0 0 0 1 
0 0 1 1 0 0 1 1 0 0 0 0 0 1 0 
0 1 0 1 0 0 0 0 1 1 0 0 0 0 1 
0 0 1 0 0 0 1 0 0 1 0 0 1 1 0 
0 0 1 1 0 0 0 1 0 1 1 0 0 0 0 
0 0 0 0 0 1 0 0 0 1 1 1 0 1 0 
0 0 0 0 0 1 0 0 1 1 0 0 0 1 1 
0 0 1 1 0 0 0 1 0 0 0 0 1 0 1 
1 0 0 0 1 0 0 0 0 0 0 1 1 0 1 
0 1 0 0 0 0 1 0 0 0 1 1 1 0 0 
0 0 1 0 1 0 0 0 0 1 0 0 1 0 1 
1 1 1 1 0 0 0 0 1 0 0 0 0 0 0 
0 0 0 0 0 0 0 1 1 0 1 0 1 1 0 
0 0 0 0 0 1 1 1 0 0 0 1 0 1 0 
0 1 0 0 0 1 1 0 1 0 1 0 0 0 0 
1 1 1 0 0 0 0 1 0 0 0 1 0 0 0 
1 1 0 0 0 0 0 0 1 1 0 0 0 0 1 
1 0 1 1 0 0 0 0 0 0 1 0 0 0 1 
0 0 0 0 1 1 1 1 0 1 0 0 0 0 0 
0 0 1 0 0 0 0 0 1 0 1 0 1 1 0 
1 0 0 0 1 0 0 0 0 0 0 1 1 1 0 
1 0 0 0 1 0 0 1 1 1 0 0 0 0 0 
Best Sequence: 
9 7 6 5 4 12 14 13 11 10 8 3 2 1 0 
1 1 0 1 1 1 0 0 0 0 0 0 0 0 0 
0 1 0 1 0 0 0 0 1 0 0 1 0 0 1 
1 0 0 0 1 0 1 0 1 0 0 0 1 0 0 
1 0 0 0 0 0 1 0 0 1 0 0 1 1 0 
0 1 1 0 1 1 1 0 0 0 0 0 0 0 0 
0 0 0 0 0 0 0 1 1 0 1 1 0 0 1 
0 0 0 0 1 1 0 0 1 0 0 1 1 0 0 
0 0 0 0 1 1 0 1 0 1 0 1 0 0 0 
0 0 0 1 0 0 1 0 0 1 0 0 0 1 1 
0 1 1 0 0 0 0 1 0 0 0 1 1 0 0 
1 0 0 0 0 0 1 0 0 0 1 1 0 1 0 
1 0 1 0 0 1 0 1 0 0 0 0 1 0 0 
1 1 0 0 0 0 0 0 0 1 0 1 1 0 0 
1 0 0 1 0 0 0 1 1 1 0 0 0 0 0 
1 0 0 1 0 0 1 1 0 0 1 0 0 0 0 
0 1 0 0 0 1 1 0 0 0 0 1 1 0 0 
0 0 0 0 1 1 1 0 1 0 0 0 0 0 1 
0 0 1 0 0 1 0 0 1 1 0 0 0 1 0 
1 0 0 0 1 1 1 0 0 0 0 0 1 0 0 
0 0 0 0 0 0 0 0 0 0 1 1 1 1 1 
0 1 0 0 0 1 0 1 0 1 1 0 0 0 0 
0 1 1 1 0 0 0 1 1 0 0 0 0 0 0 
0 0 1 1 0 0 0 0 0 1 1 0 0 1 0 
0 1 0 0 0 0 0 0 1 0 0 0 1 1 1 
1 0 0 0 0 0 1 0 0 0 1 0 0 1 1 
0 0 0 0 0 0 1 0 0 1 0 1 1 0 1 
1 1 1 1 1 0 0 0 0 0 0 0 0 0 0 
0 0 0 0 0 1 0 1 0 1 1 0 1 0 0 
0 0 0 0 1 1 0 1 1 0 0 0 0 0 1 
1 1 0 0 1 0 0 0 0 0 1 0 0 0 1 
OpenStacks: 26
Took 12.77 seconds

buffer: Warwick 1630: balanced products, 5 products per order
numCustomers: 30
numProducts: 15
0 1 0 1 0 0 1 0 1 1 0 0 0 0 0 
1 0 1 0 0 0 0 0 0 0 0 1 1 0 1 
0 0 1 0 0 1 1 1 0 1 0 0 0 0 0 
0 0 0 0 0 1 1 0 1 0 0 0 1 0 1 
0 0 0 0 1 0 0 1 0 1 0 0 1 1 0 
0 0 0 0 0 1 1 0 1 0 0 1 1 0 0 
0 1 0 1 0 0 1 0 1 0 0 0 1 0 0 
1 1 0 0 1 0 1 1 0 0 0 0 0 0 0 
0 1 0 1 0 0 1 0 0 1 0 0 0 0 1 
0 0 0 1 0 0 0 1 1 0 0 1 1 0 0 
0 1 1 1 0 0 0 0 0 0 0 0 1 1 0 
0 0 1 0 0 1 0 0 1 1 0 0 1 0 0 
1 0 0 0 0 0 1 1 0 0 0 0 1 0 1 
0 1 0 0 1 0 0 1 0 1 0 0 1 0 0 
0 0 0 0 1 1 0 0 0 0 0 1 1 0 1 
0 0 1 1 1 0 0 1 0 0 0 0 0 0 1 
0 0 0 1 0 0 1 1 1 0 1 0 0 0 0 
0 0 0 0 0 1 1 0 1 0 1 0 1 0 0 
1 0 0 0 0 1 0 0 1 0 0 1 0 1 0 
1 0 0 1 0 0 1 0 1 0 0 0 1 0 0 
1 0 1 0 1 0 1 0 0 0 0 0 0 1 0 
0 1 0 1 1 1 0 0 1 0 0 0 0 0 0 
0 1 1 0 1 0 0 1 1 0 0 0 0 0 0 
0 0 0 0 0 0 0 1 1 0 1 1 0 0 1 
0 1 1 0 0 1 1 0 0 1 0 0 0 0 0 
0 1 1 0 0 0 0 1 1 0 0 1 0 0 0 
0 0 0 1 1 0 0 1 1 0 0 0 1 0 0 
0 1 0 0 0 0 0 1 1 0 1 0 1 0 0 
0 0 0 1 0 0 0 1 0 0 0 1 1 1 0 
1 1 0 0 1 0 1 0 0 0 0 0 1 0 0 
Best Sequence: 
14 11 10 8 7 12 3 13 9 6 5 4 2 1 0 
0 0 0 1 0 0 1 0 1 1 0 0 0 1 0 
1 1 0 0 0 1 0 0 0 0 0 0 1 0 1 
0 0 0 0 1 0 0 0 1 1 1 0 1 0 0 
1 0 0 1 0 1 0 0 0 1 1 0 0 0 0 
0 0 0 0 1 1 0 1 1 0 0 1 0 0 0 
0 1 0 1 0 1 0 0 0 1 1 0 0 0 0 
0 0 0 1 0 1 1 0 0 1 0 0 0 1 0 
0 0 0 0 1 0 0 0 0 1 0 1 0 1 1 
1 0 0 0 0 0 1 0 1 1 0 0 0 1 0 
0 1 0 1 1 1 1 0 0 0 0 0 0 0 0 
0 0 0 0 0 1 1 1 0 0 0 0 1 1 0 
0 0 0 1 0 1 0 0 1 0 1 0 1 0 0 
1 0 0 0 1 1 0 0 0 1 0 0 0 0 1 
0 0 0 0 1 1 0 0 1 0 0 1 0 1 0 
1 1 0 0 0 1 0 0 0 0 1 1 0 0 0 
1 0 0 0 1 0 1 0 0 0 0 1 1 0 0 
0 0 1 1 1 0 1 0 0 1 0 0 0 0 0 
0 0 1 1 0 1 0 0 0 1 1 0 0 0 0 
0 1 0 1 0 0 0 1 0 0 1 0 0 0 1 
0 0 0 1 0 1 1 0 0 1 0 0 0 0 1 
0 0 0 0 0 0 0 1 0 1 0 1 1 0 1 
0 0 0 1 0 0 1 0 0 0 1 1 0 1 0 
0 0 0 1 1 0 0 0 0 0 0 1 1 1 0 
1 1 1 1 1 0 0 0 0 0 0 0 0 0 0 
0 0 0 0 0 0 0 0 1 1 1 0 1 1 0 
0 1 0 1 1 0 0 0 0 0 0 0 1 1 0 
0 0 0 1 1 1 1 0 0 0 0 1 0 0 0 
0 0 1 1 1 1 0 0 0 0 0 0 0 1 0 
0 1 0 0 1 1 1 1 0 0 0 0 0 0 0 
0 0 0 0 0 1 0 0 0 1 0 1 0 1 1 
OpenStacks: 27
Took 12.7 seconds

buffer: Warwick 1631: balanced products, 6 products per order
numCustomers: 30
numProducts: 15
1 0 1 1 1 1 0 0 0 1 0 0 0 0 0 
1 0 0 0 1 0 1 1 0 0 0 0 1 0 1 
0 0 1 1 0 1 0 1 0 1 0 0 0 0 1 
0 0 0 1 0 0 1 0 1 0 1 1 1 0 0 
0 1 1 0 0 0 0 0 1 0 1 0 1 0 1 
1 1 0 0 0 0 0 0 0 1 1 1 1 0 0 
1 0 1 0 0 0 1 0 0 1 1 0 1 0 0 
0 0 1 1 1 0 0 1 1 0 0 1 0 0 0 
0 0 0 0 1 1 1 1 0 0 0 1 0 0 1 
0 1 0 1 0 0 0 1 0 0 1 1 1 0 0 
0 0 0 1 1 0 0 1 0 1 1 1 0 0 0 
0 0 1 0 0 0 1 1 0 0 1 1 0 1 0 
0 1 1 0 1 1 0 0 0 0 0 0 0 1 1 
0 1 0 0 0 0 1 0 1 1 0 0 1 0 1 
1 0 1 0 1 1 0 0 0 1 0 0 0 1 0 
1 1 0 1 0 0 0 1 0 1 0 0 0 0 1 
0 0 0 0 0 1 1 1 0 0 1 1 0 1 0 
0 0 0 0 1 0 1 1 0 0 1 1 1 0 0 
0 0 0 1 0 1 1 0 0 0 1 0 1 0 1 
0 1 0 1 1 0 0 0 0 1 1 0 1 0 0 
1 1 1 1 0 0 1 0 1 0 0 0 0 0 0 
0 0 0 1 1 1 0 0 1 0 1 0 0 0 1 
1 1 0 0 0 1 0 0 1 1 0 0 0 1 0 
1 0 1 1 0 1 0 0 1 0 1 0 0 0 0 
1 0 0 0 1 1 0 0 1 1 0 0 0 0 1 
0 0 0 0 1 1 1 0 1 0 1 0 1 0 0 
0 0 1 0 0 1 0 0 1 1 0 1 0 1 0 
1 1 0 0 1 0 1 0 0 0 1 0 0 1 0 
1 1 0 1 0 1 0 0 1 0 1 0 0 0 0 
1 0 0 1 0 0 1 0 1 0 0 0 0 1 1 
Best Sequence: 
12 11 10 8 6 3 14 7 1 13 9 5 4 2 0 
0 0 0 0 0 1 0 0 0 0 1 1 1 1 1 
1 0 0 0 1 0 1 1 0 0 0 0 1 0 1 
0 0 0 0 0 1 1 1 0 0 1 1 0 1 0 
1 1 1 1 1 1 0 0 0 0 0 0 0 0 0 
1 0 1 1 0 0 1 0 1 0 0 0 0 1 0 
1 1 1 0 0 0 0 0 1 0 1 0 0 0 1 
1 0 1 0 1 0 0 0 0 0 1 0 0 1 1 
0 1 0 1 0 1 0 1 0 0 0 0 1 1 0 
0 1 0 0 1 0 1 1 0 0 0 1 1 0 0 
1 1 1 0 0 1 0 1 1 0 0 0 0 0 0 
0 1 1 0 0 1 0 1 0 0 1 0 1 0 0 
0 1 1 0 1 0 0 1 0 1 0 0 0 1 0 
0 0 0 0 0 0 1 0 1 1 0 1 1 1 0 
1 0 0 1 1 0 1 0 1 0 1 0 0 0 0 
0 0 0 0 0 0 0 0 0 1 1 1 1 1 1 
0 0 0 0 0 1 1 1 1 0 1 0 0 0 1 
0 1 1 0 1 0 0 1 0 1 0 1 0 0 0 
1 1 1 0 1 0 0 1 0 0 0 0 1 0 0 
1 0 1 0 1 1 1 0 0 0 0 1 0 0 0 
1 0 1 0 0 1 0 0 1 0 1 0 1 0 0 
0 0 0 1 1 1 0 0 1 0 0 0 0 1 1 
0 0 1 1 0 1 1 0 0 0 0 1 1 0 0 
0 0 0 1 0 0 0 0 1 1 1 1 0 0 1 
0 0 1 1 0 1 0 0 0 0 0 1 0 1 1 
0 0 0 1 0 0 1 0 0 0 1 1 1 0 1 
1 0 1 1 1 0 0 0 0 0 0 1 1 0 0 
0 1 0 1 0 0 0 0 0 1 1 1 0 1 0 
0 0 1 0 1 0 0 0 1 1 0 0 1 0 1 
0 0 1 1 0 1 0 0 1 0 0 1 0 0 1 
0 0 0 1 1 1 1 0 0 1 0 0 0 0 1 
OpenStacks: 28
Took 12.98 seconds

buffer: Warwick 1632: balanced products, 6 products per order
numCustomers: 30
numProducts: 15
0 0 0 0 0 0 0 1 1 1 0 1 1 0 1 
0 1 1 0 1 0 0 0 0 1 1 1 0 0 0 
0 1 0 0 0 1 1 0 0 1 0 1 1 0 0 
0 0 1 0 1 0 0 0 1 1 0 1 0 1 0 
1 0 1 0 0 0 1 1 1 0 1 0 0 0 0 
0 1 0 0 0 0 1 1 0 1 0 1 0 1 0 
1 0 0 0 1 1 1 1 0 0 0 0 1 0 0 
0 0 0 0 1 0 0 0 1 1 0 0 1 1 1 
0 0 1 1 1 0 1 1 0 0 0 1 0 0 0 
0 0 0 1 1 0 1 0 1 0 0 1 0 1 0 
0 0 1 1 0 1 0 1 0 0 1 1 0 0 0 
0 1 0 0 0 0 0 0 1 1 1 0 1 0 1 
0 1 0 0 1 0 0 0 1 1 1 0 0 1 0 
1 1 1 1 0 0 0 0 1 0 0 0 0 0 1 
1 0 0 1 1 0 1 0 0 0 1 1 0 0 0 
0 0 0 1 1 1 1 0 0 0 0 1 0 0 1 
0 1 0 1 1 0 0 1 0 0 0 0 0 1 1 
0 1 0 1 1 0 1 0 0 1 0 0 0 1 0 
0 0 0 1 0 0 1 1 1 0 1 0 1 0 0 
0 0 0 0 1 1 0 0 1 1 0 0 1 1 0 
1 1 0 0 1 0 0 0 1 0 1 0 1 0 0 
1 0 0 1 0 0 0 1 1 0 0 1 1 0 0 
1 1 1 1 0 0 0 0 1 0 0 0 0 1 0 
1 0 1 0 0 0 1 1 0 0 0 0 0 1 1 
1 1 0 0 1 0 0 1 0 0 1 1 0 0 0 
1 0 0 1 1 0 1 1 0 0 0 0 1 0 0 
0 0 0 1 1 0 0 1 1 0 1 1 0 0 0 
1 1 1 0 1 0 0 0 0 1 0 0 0 0 1 
1 1 0 0 1 0 0 1 1 0 0 0 0 0 1 
0 0 0 0 0 1 1 0 0 1 0 1 1 0 1 
Best Sequence: 
14 12 11 9 6 5 13 10 8 7 4 3 2 1 0 
1 1 1 1 0 0 0 0 1 1 0 0 0 0 0 
0 0 1 1 0 0 0 1 0 0 1 0 1 1 0 
0 1 1 1 1 1 0 0 0 0 0 0 0 1 0 
0 0 1 1 0 0 1 0 1 0 1 0 1 0 0 
0 0 0 0 1 0 0 1 1 1 0 0 1 0 1 
0 0 1 1 1 0 1 0 0 1 0 0 0 1 0 
0 1 0 0 1 1 0 0 0 1 1 0 0 0 1 
1 1 0 1 0 0 1 0 1 0 1 0 0 0 0 
0 0 1 0 1 0 0 0 0 1 1 1 1 0 0 
0 0 1 0 1 0 1 0 1 0 1 1 0 0 0 
0 0 1 0 0 1 0 1 0 1 0 1 1 0 0 
1 1 0 1 0 0 0 1 1 0 0 0 0 1 0 
0 0 0 1 0 0 1 1 1 0 1 0 0 1 0 
1 0 0 0 0 0 0 0 1 0 0 1 1 1 1 
0 0 1 0 1 0 0 1 0 0 1 1 0 0 1 
1 0 1 0 1 1 0 0 0 0 1 1 0 0 0 
1 0 0 0 0 0 1 0 0 1 1 1 0 1 0 
0 0 0 1 1 0 1 0 0 0 1 1 0 1 0 
0 1 0 0 1 0 0 1 1 1 0 1 0 0 0 
0 1 0 1 0 1 1 0 1 0 1 0 0 0 0 
0 1 0 0 0 0 0 1 1 0 1 0 0 1 1 
0 1 1 0 0 0 0 0 1 1 0 1 0 0 1 
0 0 0 0 0 0 1 0 1 0 0 1 1 1 1 
1 0 0 0 1 0 1 0 0 1 0 0 1 0 1 
0 0 1 0 0 0 0 1 0 1 1 0 0 1 1 
0 1 0 0 1 0 0 0 0 1 1 1 0 0 1 
0 0 1 0 0 0 0 1 1 1 1 1 0 0 0 
1 0 0 1 0 0 0 0 0 0 1 0 1 1 1 
1 0 0 0 0 0 0 0 1 1 1 0 0 1 1 
1 1 1 1 1 1 0 0 0 0 0 0 0 0 0 
OpenStacks: 29
Took 12.95 seconds

buffer: Warwick 1633: balanced products, 6 products per order
numCustomers: 30
numProducts: 15
0 0 0 1 0 1 1 0 1 0 0 1 0 1 0 
1 0 0 1 0 0 0 1 1 1 0 1 0 0 0 
0 0 1 1 1 0 1 0 0 0 1 0 0 0 1 
0 1 0 1 0 0 1 1 0 0 0 0 0 1 1 
0 1 1 1 0 1 0 0 0 1 1 0 0 0 0 
0 0 1 0 1 0 0 1 0 0 1 1 1 0 0 
1 0 0 1 0 0 0 0 1 0 1 1 0 1 0 
0 0 0 0 0 0 1 0 0 1 1 1 0 1 1 
0 1 1 0 1 1 0 0 1 0 0 0 1 0 0 
0 1 0 0 0 0 1 1 0 1 0 1 0 1 0 
1 0 0 0 1 0 1 1 0 0 1 0 0 1 0 
1 0 0 0 0 0 1 0 0 1 0 1 1 0 1 
1 0 0 0 1 0 0 1 0 1 1 0 0 0 1 
0 0 1 0 1 0 0 0 1 1 0 1 1 0 0 
0 1 0 1 1 1 0 0 0 0 1 0 0 1 0 
0 0 1 1 1 1 0 0 1 0 0 0 0 1 0 
0 0 0 1 0 0 1 1 1 1 1 0 0 0 0 
0 0 0 0 0 0 1 1 0 0 1 1 1 0 1 
0 1 0 1 0 1 0 0 1 1 0 0 0 0 1 
0 0 1 0 0 1 0 0 0 1 1 0 1 0 1 
0 1 0 0 0 1 0 1 1 0 1 0 0 1 0 
0 0 0 1 0 0 1 1 0 0 1 0 1 0 1 
0 1 1 0 0 0 0 1 0 0 1 1 0 0 1 
0 0 0 0 1 0 0 1 0 1 1 1 0 1 0 
1 0 0 1 0 0 1 1 1 0 0 0 0 0 1 
1 0 1 0 0 1 0 1 1 1 0 0 0 0 0 
1 0 0 1 0 1 0 0 1 0 0 0 1 0 1 
0 0 1 0 1 0 0 0 1 1 1 0 0 0 1 
0 0 1 1 1 1 1 0 1 0 0 0 0 0 0 
0 1 1 1 0 0 1 0 0 1 0 0 1 0 0 
Best Sequence: 
13 8 5 4 3 2 10 1 14 12 11 9 7 6 0 
1 1 1 0 1 0 0 0 0 0 1 0 0 1 0 
0 1 0 0 1 0 0 0 0 0 1 1 1 0 1 
0 0 0 1 1 1 1 0 1 0 0 0 0 1 0 
1 0 0 0 1 0 0 1 1 0 0 0 1 1 0 
0 0 1 0 1 1 1 1 0 0 0 1 0 0 0 
0 0 0 1 0 1 1 0 0 1 1 0 1 0 0 
1 1 0 0 1 0 1 0 0 0 1 0 0 0 1 
1 0 0 0 0 0 1 0 1 0 1 1 0 1 0 
0 1 1 1 0 1 0 1 0 1 0 0 0 0 0 
1 0 0 0 0 0 0 1 0 0 1 1 1 1 0 
1 0 0 1 0 0 1 0 0 0 0 0 1 1 1 
0 0 0 0 0 0 0 0 1 1 1 1 0 1 1 
0 0 0 1 0 0 1 0 1 0 0 1 1 0 1 
0 1 0 1 0 1 0 0 0 1 1 1 0 0 0 
1 0 1 1 1 0 1 1 0 0 0 0 0 0 0 
1 1 1 1 1 1 0 0 0 0 0 0 0 0 0 
0 1 0 0 1 0 1 0 0 0 0 1 1 1 0 
0 0 0 0 0 0 1 0 1 1 1 0 1 1 0 
0 1 1 0 1 0 0 1 1 0 0 1 0 0 0 
0 0 1 0 0 1 1 0 1 1 0 1 0 0 0 
1 1 1 0 0 0 1 1 0 0 0 0 1 0 0 
0 0 0 0 1 0 1 0 1 1 0 0 1 1 0 
0 0 0 0 0 1 1 1 1 0 1 0 1 0 0 
1 0 0 1 0 0 1 0 0 0 1 1 1 0 0 
0 1 0 0 1 0 0 0 1 0 0 0 1 1 1 
0 1 1 0 0 1 0 0 0 0 0 1 1 0 1 
0 1 1 0 1 0 0 0 1 1 0 0 0 0 1 
0 1 0 1 0 1 1 0 1 0 0 1 0 0 0 
0 1 1 1 1 1 0 0 0 0 0 0 0 1 0 
0 0 0 0 1 1 0 1 0 1 0 1 0 1 0 
OpenStacks: 28
Took 12.93 seconds

buffer: Warwick 1634: balanced products, 6 products per order
numCustomers: 30
numProducts: 15
1 1 0 1 1 0 0 0 0 0 1 1 0 0 0 
1 0 1 0 0 0 0 0 1 1 0 1 1 0 0 
1 0 0 0 1 1 0 0 0 0 1 1 0 1 0 
0 1 1 0 1 0 0 0 0 1 1 0 1 0 0 
1 0 1 0 0 1 1 0 0 0 1 1 0 0 0 
0 0 0 0 1 1 0 0 1 0 1 0 1 0 1 
0 0 0 0 1 0 0 0 1 0 1 1 1 1 0 
0 1 1 0 1 0 0 0 0 1 1 0 0 0 1 
0 0 0 0 0 0 1 1 0 1 1 0 1 1 0 
1 0 0 0 1 0 1 1 0 0 0 1 0 1 0 
1 0 1 0 0 1 1 0 0 1 0 0 1 0 0 
0 0 0 0 1 0 1 0 1 1 0 0 1 1 0 
0 0 0 1 0 1 1 0 0 0 0 1 0 1 1 
0 1 1 1 0 0 1 0 0 0 0 1 1 0 0 
0 1 1 1 0 0 0 0 1 1 0 1 0 0 0 
1 1 1 0 1 1 0 1 0 0 0 0 0 0 0 
1 0 1 0 0 0 1 0 0 0 0 0 1 1 1 
0 1 1 0 0 0 0 0 0 1 1 1 1 0 0 
0 1 0 1 0 0 0 0 1 0 1 0 1 0 1 
0 0 0 1 0 0 0 0 1 1 1 1 1 0 0 
0 1 1 0 0 1 0 0 0 1 1 0 1 0 0 
0 1 1 1 1 0 0 0 1 0 0 1 0 0 0 
1 0 1 1 0 0 0 0 1 0 1 1 0 0 0 
1 0 0 0 0 0 1 1 0 1 0 1 0 0 1 
0 0 0 0 0 1 1 1 1 1 0 1 0 0 0 
1 0 0 0 1 1 0 1 0 1 0 1 0 0 0 
0 0 1 0 1 1 0 0 1 0 1 0 0 0 1 
0 0 1 0 0 0 0 1 0 1 1 1 1 0 0 
0 0 1 0 0 0 0 0 1 1 1 0 1 1 0 
0 1 1 0 1 0 0 0 0 1 0 1 0 1 0 
Best Sequence: 
14 12 10 8 3 1 9 5 2 13 11 7 6 4 0 
0 0 1 0 1 1 0 0 0 0 1 0 0 1 1 
0 1 0 1 0 0 1 0 1 0 1 0 0 0 1 
0 0 1 0 0 0 0 1 0 1 1 0 0 1 1 
0 1 1 0 0 1 1 0 1 0 0 0 0 1 0 
0 0 1 0 0 0 0 1 1 0 1 0 1 0 1 
1 1 1 1 0 0 0 1 0 0 0 0 0 1 0 
0 1 1 1 0 0 0 0 0 1 1 0 0 1 0 
1 0 1 0 0 1 1 0 1 0 0 0 0 1 0 
0 1 1 0 0 0 1 0 0 1 0 1 1 0 0 
0 0 0 0 0 0 0 0 0 1 1 1 1 1 1 
0 1 0 0 0 0 1 1 1 0 0 0 1 0 1 
0 1 0 1 0 0 1 0 0 1 0 0 1 1 0 
1 0 0 0 1 0 0 1 0 1 1 0 1 0 0 
0 1 0 0 1 1 0 0 1 0 1 0 1 0 0 
0 0 0 1 1 1 1 0 1 0 1 0 0 0 0 
0 0 0 0 0 1 0 1 1 0 0 1 0 1 1 
1 1 0 0 0 0 0 0 1 1 0 0 1 0 1 
0 1 1 0 0 1 1 0 1 0 1 0 0 0 0 
1 1 1 1 1 1 0 0 0 0 0 0 0 0 0 
0 1 1 1 1 0 1 0 0 0 1 0 0 0 0 
0 1 1 0 0 1 1 1 1 0 0 0 0 0 0 
0 0 0 1 1 1 0 0 1 0 1 0 0 1 0 
0 0 1 1 1 0 0 0 1 0 1 0 0 0 1 
1 0 0 0 0 0 1 0 0 0 1 1 1 0 1 
0 0 0 1 0 0 1 1 0 0 1 1 1 0 0 
0 0 0 0 0 0 1 1 0 0 1 1 0 1 1 
1 0 1 1 0 0 0 1 1 0 0 0 0 1 0 
0 1 1 0 0 0 1 0 1 0 1 1 0 0 0 
0 1 1 1 0 0 1 0 1 1 0 0 0 0 0 
0 0 0 0 0 1 1 0 1 1 1 0 0 1 0 
OpenStacks: 28
Took 12.91 seconds

buffer: Warwick 1635: balanced products, 6 products per order
numCustomers: 30
numProducts: 15
1 0 1 0 0 1 1 0 0 0 1 0 0 1 0 
0 0 0 1 1 0 0 1 0 0 0 1 1 1 0 
1 1 1 0 0 1 0 0 0 0 0 0 0 1 1 
1 0 0 0 1 1 1 0 1 0 0 0 0 0 1 
1 0 0 0 1 1 0 1 1 0 0 0 1 0 0 
0 1 0 1 0 0 1 0 0 0 1 1 0 0 1 
0 0 0 0 1 1 1 0 1 1 1 0 0 0 0 
1 1 1 0 0 0 0 0 0 1 0 0 1 1 0 
0 0 0 1 0 1 0 0 1 0 1 1 0 0 1 
0 1 1 0 1 0 0 0 0 1 0 1 1 0 0 
1 1 1 1 0 0 0 0 0 0 1 0 0 1 0 
1 0 0 1 0 0 0 1 1 1 0 0 0 1 0 
1 0 1 1 0 0 1 0 1 1 0 0 0 0 0 
1 1 1 1 0 0 0 1 1 0 0 0 0 0 0 
0 0 0 0 0 0 1 1 1 0 1 0 0 1 1 
0 0 0 0 0 1 0 1 0 0 1 0 1 1 1 
0 0 0 0 1 0 1 0 0 1 0 1 1 0 1 
1 1 0 0 1 1 1 0 0 0 0 1 0 0 0 
0 0 1 0 1 1 0 0 0 1 1 0 0 1 0 
1 0 1 0 0 0 1 0 1 0 0 0 1 1 0 
0 1 0 0 1 1 0 0 1 1 0 0 1 0 0 
0 1 0 1 1 0 0 1 0 0 1 1 0 0 0 
0 1 0 1 0 0 0 1 1 0 1 0 0 1 0 
0 1 1 0 0 1 0 0 0 1 0 0 1 0 1 
0 0 1 1 0 1 0 1 0 1 0 0 0 0 1 
0 1 0 1 1 0 0 0 0 1 0 0 0 1 1 
0 0 0 1 1 0 0 0 0 1 0 1 1 0 1 
0 0 0 1 0 0 1 1 1 0 1 0 0 0 1 
1 0 1 0 0 1 1 0 0 0 1 0 1 0 0 
1 0 0 1 0 1 0 0 1 0 0 0 0 1 1 
Best Sequence: 
14 10 8 7 6 3 13 12 11 9 5 4 2 1 0 
0 1 0 0 1 0 1 0 0 0 1 0 1 0 1 
0 0 0 1 0 1 1 1 1 0 0 1 0 0 0 
1 0 0 0 0 0 1 0 0 0 1 0 1 1 1 
1 0 1 0 1 0 0 0 0 0 1 1 0 0 1 
0 0 1 1 0 0 0 1 0 0 1 1 0 0 1 
1 1 0 0 1 1 0 0 1 0 0 0 0 1 0 
0 1 1 0 1 0 0 0 0 1 1 1 0 0 0 
0 0 0 0 0 0 1 1 0 1 0 0 1 1 1 
1 1 1 0 0 1 0 0 1 0 1 0 0 0 0 
0 0 0 0 0 0 0 1 1 1 0 1 1 1 0 
0 1 0 0 0 1 1 0 0 0 0 0 1 1 1 
0 0 1 1 0 1 1 0 0 1 0 0 0 0 1 
0 0 1 0 1 1 0 0 0 1 0 0 1 0 1 
0 0 1 1 0 1 0 0 0 0 0 0 1 1 1 
1 1 1 1 1 0 1 0 0 0 0 0 0 0 0 
1 1 0 1 0 0 1 1 0 0 1 0 0 0 0 
1 0 0 0 1 0 0 1 1 1 0 1 0 0 0 
0 0 0 0 1 0 0 0 1 0 1 1 0 1 1 
0 1 0 0 0 0 1 0 0 1 1 1 1 0 0 
0 0 1 0 1 0 1 1 0 0 0 0 1 0 1 
0 0 1 0 0 0 0 1 0 1 1 1 0 1 0 
0 1 0 1 0 1 0 0 1 0 0 1 0 1 0 
0 1 1 1 0 1 1 0 0 0 0 0 0 1 0 
1 0 0 0 0 0 0 1 0 1 1 0 1 1 0 
1 0 0 1 0 1 0 0 0 1 1 0 1 0 0 
1 0 0 0 0 1 1 0 0 1 0 1 0 1 0 
1 0 0 0 0 1 0 1 1 1 0 1 0 0 0 
1 1 1 1 1 1 0 0 0 0 0 0 0 0 0 
0 1 0 0 1 0 0 1 0 0 1 0 1 0 1 
1 0 1 0 0 1 1 0 0 0 1 0 0 0 1 
OpenStacks: 28
Took 13 seconds

buffer: Warwick 1636: balanced products, 6 products per order
numCustomers: 30
numProducts: 15
0 0 1 0 1 0 0 1 1 0 0 1 0 1 0 
0 1 0 0 0 0 0 1 1 0 0 1 0 1 1 
1 0 0 0 0 0 0 0 1 1 0 0 1 1 1 
0 0 1 1 1 0 1 1 0 0 0 1 0 0 0 
0 0 1 0 0 0 0 1 1 0 1 1 0 0 1 
0 1 1 0 0 0 1 0 0 0 1 0 1 0 1 
0 0 1 1 1 0 1 0 0 0 1 1 0 0 0 
0 0 0 0 1 1 1 0 0 1 0 1 1 0 0 
0 0 1 0 0 1 0 0 1 1 1 1 0 0 0 
1 1 0 0 0 0 1 0 0 1 0 0 1 0 1 
0 0 0 1 0 1 1 0 1 0 1 1 0 0 0 
1 0 0 0 0 0 0 0 0 1 1 1 1 1 0 
1 0 0 0 0 0 1 1 0 1 0 1 0 1 0 
1 0 0 0 0 1 0 1 1 0 0 1 0 0 1 
1 0 1 0 0 1 0 1 0 0 1 1 0 0 0 
1 0 0 0 0 0 0 1 0 1 1 1 1 0 0 
1 1 0 0 0 1 0 0 0 1 1 0 1 0 0 
0 1 0 0 1 0 0 1 0 0 1 1 0 1 0 
1 0 1 0 1 0 1 0 0 0 0 0 1 1 0 
1 1 1 1 1 1 0 0 0 0 0 0 0 0 0 
0 0 1 0 1 1 0 1 0 1 0 0 1 0 0 
1 0 1 1 0 1 0 1 0 0 0 0 0 1 0 
1 0 1 1 1 0 0 0 1 1 0 0 0 0 0 
0 0 1 0 1 0 0 0 1 1 1 0 0 0 1 
0 1 0 1 1 0 0 0 1 0 0 1 0 0 1 
1 0 1 1 1 1 1 0 0 0 0 0 0 0 0 
0 0 1 1 1 0 0 0 1 0 1 1 0 0 0 
0 1 0 0 1 0 1 1 0 0 0 0 1 0 1 
0 1 1 0 0 1 0 1 0 0 0 1 0 0 1 
0 0 0 1 1 0 0 1 0 1 0 1 0 0 1 
Best Sequence: 
13 11 8 7 4 2 10 3 14 12 9 6 5 1 0 
1 1 1 1 1 1 0 0 0 0 0 0 0 0 0 
1 1 1 1 0 0 0 0 1 0 0 0 0 1 0 
1 0 1 0 0 0 0 0 1 1 1 0 0 0 1 
0 1 0 1 1 1 0 1 0 0 0 1 0 0 0 
0 1 1 1 0 1 1 0 1 0 0 0 0 0 0 
0 0 0 0 0 1 1 0 1 1 0 1 0 1 0 
0 1 0 0 1 1 1 1 0 0 0 1 0 0 0 
0 1 0 0 1 0 0 0 0 1 1 1 1 0 0 
0 1 1 0 0 1 1 0 0 0 1 0 1 0 0 
0 0 0 0 0 0 0 0 1 1 1 1 0 1 1 
0 1 1 0 0 0 1 1 0 0 0 1 1 0 0 
1 1 0 0 0 0 1 0 0 1 1 0 0 0 1 
1 1 0 1 0 0 0 0 0 0 1 1 0 0 1 
0 1 1 1 0 0 0 0 1 0 0 0 1 0 1 
0 1 0 1 0 1 1 0 0 0 0 0 1 0 1 
0 1 0 1 0 0 1 0 0 1 1 0 0 0 1 
0 0 0 0 0 0 1 0 0 1 1 0 1 1 1 
1 1 0 1 1 0 1 0 0 0 0 0 0 1 0 
1 0 0 0 1 1 0 0 0 1 0 1 0 0 1 
0 0 0 0 1 1 0 1 0 0 0 0 1 1 1 
0 0 0 1 1 1 0 0 0 1 1 0 1 0 0 
1 0 0 1 0 1 0 1 0 0 0 0 1 0 1 
0 0 1 0 1 1 0 1 0 0 1 0 0 0 1 
0 0 1 0 1 1 1 0 1 0 1 0 0 0 0 
0 1 1 0 1 0 0 1 1 0 0 0 0 1 0 
0 0 0 0 1 1 0 1 0 0 0 1 1 0 1 
0 1 1 0 1 1 1 1 0 0 0 0 0 0 0 
0 0 0 1 1 0 0 0 1 1 0 1 0 1 0 
0 1 0 1 0 1 0 0 1 0 0 0 1 1 0 
0 1 0 1 1 0 0 1 1 0 1 0 0 0 0 
OpenStacks: 28
Took 12.96 seconds

buffer: Warwick 1637: balanced products, 6 products per order
numCustomers: 30
numProducts: 15
0 0 0 1 0 0 1 0 0 1 1 0 1 0 1 
1 0 1 1 0 1 0 0 0 1 0 0 0 1 0 
0 1 0 0 1 1 1 0 0 1 0 0 1 0 0 
0 1 0 0 0 0 1 0 1 1 1 0 0 0 1 
0 0 0 1 1 1 0 0 1 1 1 0 0 0 0 
0 0 1 0 0 0 0 1 1 0 1 0 1 0 1 
0 1 0 1 0 0 0 1 0 0 1 1 0 1 0 
1 0 0 1 0 1 1 0 1 0 1 0 0 0 0 
1 0 0 0 1 1 0 0 0 1 1 0 1 0 0 
0 1 1 0 1 0 0 0 1 1 0 1 0 0 0 
1 0 0 0 1 0 1 0 0 0 1 0 1 1 0 
0 1 0 1 0 1 0 0 0 0 0 0 1 1 1 
1 1 0 0 0 1 1 1 0 0 0 0 0 0 1 
1 0 0 0 1 0 1 0 0 0 1 1 1 0 0 
1 0 0 0 0 0 1 0 0 1 0 0 1 1 1 
0 0 1 1 1 1 0 1 0 0 0 1 0 0 0 
0 1 1 1 1 0 0 0 1 1 0 0 0 0 0 
0 1 1 0 0 1 1 1 0 0 0 0 0 0 1 
0 0 0 0 0 0 1 1 1 0 1 1 1 0 0 
1 0 1 0 0 1 1 0 0 0 0 1 0 0 1 
0 0 0 1 0 1 0 1 1 1 0 0 0 0 1 
0 1 1 1 0 0 1 0 1 0 0 0 0 1 0 
1 0 0 1 0 0 0 0 0 0 0 1 1 1 1 
1 1 0 0 0 0 1 0 0 0 0 1 1 1 0 
1 0 0 1 1 0 0 0 1 0 0 1 0 0 1 
0 0 0 0 1 1 0 0 0 0 1 1 1 1 0 
0 0 0 1 0 0 0 1 0 1 1 1 1 0 0 
0 0 1 1 1 1 1 0 0 0 0 0 1 0 0 
0 0 0 0 1 1 0 0 0 1 1 0 1 1 0 
0 0 0 0 0 0 0 1 1 0 1 0 1 1 1 
Best Sequence: 
14 9 8 7 5 3 10 4 13 12 11 6 2 1 0 
1 1 0 0 0 1 1 0 0 1 0 1 0 0 0 
0 1 0 0 1 1 0 0 1 0 0 0 1 0 1 
0 1 0 0 1 0 0 1 0 1 0 1 0 1 0 
1 1 1 0 0 0 1 0 0 0 0 1 0 1 0 
0 1 1 0 1 1 1 1 0 0 0 0 0 0 0 
1 0 1 1 0 0 1 0 0 1 0 0 1 0 0 
0 0 0 1 0 1 1 0 1 0 1 0 0 1 0 
0 0 1 0 1 1 1 0 0 0 0 1 0 0 1 
0 1 0 0 1 0 1 1 0 1 0 0 0 0 1 
0 1 1 0 0 0 0 1 0 0 1 0 1 1 0 
0 0 0 0 0 0 1 1 1 1 0 1 0 0 1 
1 0 0 0 1 1 0 0 1 1 0 0 0 1 0 
1 0 0 1 1 0 0 0 0 0 0 1 0 1 1 
0 0 0 0 0 0 1 1 0 1 1 1 0 0 1 
1 1 0 0 0 0 0 0 1 1 0 1 0 0 1 
0 0 0 1 1 1 0 1 0 0 1 0 1 0 0 
0 1 1 0 0 1 0 1 0 0 0 0 1 1 0 
1 0 0 1 1 0 0 0 0 0 0 1 1 1 0 
0 0 1 1 0 0 1 0 0 1 1 1 0 0 0 
1 0 0 0 1 0 0 0 0 0 1 1 1 0 1 
1 1 1 1 1 1 0 0 0 0 0 0 0 0 0 
0 0 1 0 0 1 0 0 1 0 0 1 1 1 0 
1 0 0 0 0 1 0 0 1 1 1 0 0 0 1 
0 0 0 0 0 0 0 0 1 1 1 1 0 1 1 
1 0 1 0 0 1 0 1 0 0 1 0 0 0 1 
0 0 0 0 1 0 1 1 1 1 1 0 0 0 0 
0 1 0 1 0 1 1 0 0 1 1 0 0 0 0 
0 0 0 0 1 1 0 1 0 1 0 1 1 0 0 
0 1 0 0 1 0 1 1 1 1 0 0 0 0 0 
1 0 1 1 0 0 1 0 1 1 0 0 0 0 0 
OpenStacks: 28
Took 13.04 seconds

buffer: Warwick 1638: balanced products, 6 products per order
numCustomers: 30
numProducts: 15
1 0 0 1 1 0 1 0 0 0 0 0 1 0 1 
1 0 0 1 1 0 0 0 0 0 1 0 1 0 1 
0 1 0 1 0 0 1 1 1 0 1 0 0 0 0 
0 0 1 0 0 1 0 1 0 0 0 1 1 0 1 
0 1 0 0 1 1 0 1 1 0 1 0 0 0 0 
1 0 0 1 0 0 0 0 0 1 1 0 1 0 1 
0 1 1 0 0 0 1 1 0 0 1 0 1 0 0 
0 1 1 1 0 0 0 0 0 0 0 0 1 1 1 
1 0 1 0 0 0 1 0 1 0 1 0 0 0 1 
1 1 0 0 0 0 1 1 0 0 0 1 1 0 0 
1 1 1 0 0 0 0 0 1 0 0 0 0 1 1 
0 1 1 1 0 0 0 0 0 1 0 1 0 0 1 
1 1 1 1 0 0 0 0 0 1 0 1 0 0 0 
0 0 0 0 0 1 0 0 1 1 0 0 1 1 1 
0 1 1 0 1 1 0 1 0 0 0 0 0 1 0 
0 1 1 0 1 0 0 0 1 0 0 1 0 0 1 
0 0 0 1 1 0 1 0 1 0 1 0 0 1 0 
0 1 1 0 0 1 0 0 0 0 1 0 1 0 1 
1 0 0 1 0 0 1 0 0 1 0 1 0 0 1 
0 1 0 0 0 1 0 1 0 0 1 0 0 1 1 
0 1 0 0 0 1 1 0 1 1 0 1 0 0 0 
1 1 0 0 1 0 0 0 0 1 0 0 0 1 1 
0 1 0 0 0 0 1 1 1 1 0 1 0 0 0 
0 0 1 1 1 1 0 0 1 0 1 0 0 0 0 
0 0 0 0 1 0 1 0 1 1 0 0 0 1 1 
1 0 1 0 1 0 0 1 0 1 0 0 0 0 1 
0 0 0 0 1 0 1 1 0 1 0 0 1 1 0 
1 1 0 0 0 0 1 0 1 1 0 0 0 1 0 
0 1 1 0 0 0 1 0 0 1 1 0 0 1 0 
0 0 1 1 0 1 1 0 0 0 0 0 1 0 1 
Best Sequence: 
13 7 5 4 2 1 10 8 14 12 11 9 6 3 0 
0 0 0 1 0 0 0 0 1 1 0 0 1 1 1 
0 0 0 1 0 0 1 0 1 1 0 0 0 1 1 
0 1 0 0 0 1 1 1 0 0 0 0 1 1 0 
0 1 1 0 1 0 0 0 1 1 1 0 0 0 0 
0 1 1 1 0 1 1 1 0 0 0 0 0 0 0 
0 0 0 0 0 0 1 0 1 1 0 1 0 1 1 
0 1 0 0 1 1 1 0 0 1 0 0 1 0 0 
1 0 0 0 1 1 0 0 1 1 0 0 0 1 0 
0 0 0 0 1 0 1 1 1 0 0 0 1 0 1 
0 1 0 0 0 1 0 0 0 1 1 0 1 0 1 
1 0 0 0 1 1 0 1 1 0 0 0 0 0 1 
0 0 0 0 1 1 0 0 1 0 1 1 0 1 0 
0 0 0 0 1 1 0 0 0 0 1 1 0 1 1 
1 0 1 0 0 0 0 1 1 1 0 1 0 0 0 
1 1 1 1 1 1 0 0 0 0 0 0 0 0 0 
0 0 0 1 1 1 0 1 1 0 1 0 0 0 0 
1 0 0 1 0 0 1 1 0 0 0 0 1 1 0 
0 0 1 0 1 1 1 0 1 1 0 0 0 0 0 
0 0 0 0 0 0 0 0 1 0 1 1 1 1 1 
1 1 1 0 0 1 1 0 1 0 0 0 0 0 0 
0 0 1 0 0 1 0 1 0 0 1 1 1 0 0 
1 0 0 1 0 1 0 0 1 0 0 1 0 0 1 
0 1 0 0 0 1 0 1 0 0 1 1 1 0 0 
0 0 1 1 1 0 1 1 0 0 0 0 0 1 0 
1 0 0 1 0 0 0 1 1 0 0 1 1 0 0 
0 1 0 1 1 0 0 0 1 0 0 1 0 0 1 
1 1 0 1 0 0 0 0 0 1 0 1 1 0 0 
1 0 0 0 0 1 0 1 0 0 0 1 1 0 1 
1 0 0 0 1 1 1 0 0 0 0 1 1 0 0 
0 0 1 0 1 0 0 0 1 1 0 0 1 1 0 
OpenStacks: 28
Took 12.96 seconds

buffer: Warwick 1639: balanced products, 6 products per order
numCustomers: 30
numProducts: 15
0 0 1 1 1 0 1 0 0 0 0 0 1 1 0 
0 0 0 1 1 0 1 1 0 0 0 1 0 1 0 
0 0 1 0 1 0 0 0 0 1 1 1 0 0 1 
1 0 0 0 0 0 0 1 1 1 1 0 0 1 0 
0 1 0 0 1 1 1 0 0 0 1 0 1 0 0 
0 0 0 0 0 1 1 1 1 0 0 1 0 1 0 
0 0 1 1 1 0 0 1 0 0 1 0 0 1 0 
1 0 0 0 1 1 0 0 0 1 0 1 1 0 0 
1 0 1 0 1 0 0 0 1 1 0 1 0 0 0 
1 1 1 1 0 1 0 0 0 1 0 0 0 0 0 
1 0 0 0 0 0 1 1 0 1 0 0 1 1 0 
0 1 0 0 0 0 1 1 1 0 0 0 1 1 0 
1 1 0 0 1 0 0 1 1 1 0 0 0 0 0 
0 0 0 1 0 0 1 0 1 1 1 0 1 0 0 
1 0 1 0 0 0 0 1 0 0 0 1 0 1 1 
0 0 0 1 1 1 0 0 1 0 1 0 0 0 1 
0 0 1 0 0 0 0 1 0 0 1 1 1 0 1 
1 1 0 0 0 0 1 1 0 1 1 0 0 0 0 
1 0 1 0 1 0 1 0 0 1 0 0 1 0 0 
0 0 0 1 0 1 0 0 1 1 0 1 0 0 1 
1 1 0 1 0 0 0 0 0 0 0 0 1 1 1 
0 0 0 0 1 0 0 0 1 1 1 1 0 0 1 
0 0 0 0 1 1 1 1 0 0 0 0 1 0 1 
1 0 0 1 1 1 0 0 0 1 1 0 0 0 0 
0 0 0 1 0 0 0 1 0 0 1 0 1 1 1 
0 0 0 0 0 1 0 0 1 1 1 0 1 0 1 
0 1 0 0 0 0 1 1 0 1 0 0 0 1 1 
1 0 0 1 0 0 0 1 1 0 1 0 0 1 0 
1 1 0 0 0 1 1 1 0 1 0 0 0 0 0 
1 0 1 0 1 0 1 0 0 0 0 1 0 1 0 
