Solving by Brute Force...
buffer: Warwick 1391: balanced products, 2 products per order
numCustomers: 30
numProducts: 10
0 0 1 0 0 0 1 0 0 0 
0 0 0 0 1 0 0 1 0 0 
0 0 1 1 0 0 0 0 0 0 
0 0 0 1 1 0 0 0 0 0 
0 0 0 0 1 0 0 1 0 0 
0 1 0 0 1 0 0 0 0 0 
0 0 0 1 0 0 0 1 0 0 
0 0 1 0 0 0 1 0 0 0 
1 0 0 0 1 0 0 0 0 0 
0 0 0 1 0 1 0 0 0 0 
0 1 0 1 0 0 0 0 0 0 
0 0 0 0 0 0 0 1 1 0 
0 1 1 0 0 0 0 0 0 0 
0 0 0 0 0 1 0 0 1 0 
0 0 0 0 0 0 1 0 1 0 
0 0 0 0 1 1 0 0 0 0 
0 0 0 0 0 0 1 0 0 1 
0 1 1 0 0 0 0 0 0 0 
0 0 0 0 1 0 0 0 1 0 
1 0 0 0 0 0 0 0 1 0 
0 1 0 0 0 0 0 1 0 0 
0 1 0 1 0 0 0 0 0 0 
0 0 0 0 1 0 0 0 1 0 
0 0 0 0 0 0 0 1 0 1 
0 0 1 0 1 0 0 0 0 0 
0 0 1 0 0 0 0 0 1 0 
1 0 0 1 0 0 0 0 0 0 
0 0 0 0 0 0 0 1 0 1 
1 0 0 0 1 0 0 0 0 0 
0 0 1 0 0 1 0 0 0 0 
numSequences: 3628800
minStacks: 15
Best sequence:
9 7 6 2 1 3 0 5 4 8 
0 0 1 1 0 0 0 0 0 0 
0 1 0 0 0 0 0 0 1 0 
0 0 0 1 0 1 0 0 0 0 
0 0 0 0 0 1 0 0 1 0 
0 1 0 0 0 0 0 0 1 0 
0 0 0 0 1 0 0 0 1 0 
0 1 0 0 0 1 0 0 0 0 
0 0 1 1 0 0 0 0 0 0 
0 0 0 0 0 0 1 0 1 0 
0 0 0 0 0 1 0 1 0 0 
0 0 0 0 1 1 0 0 0 0 
0 1 0 0 0 0 0 0 0 1 
0 0 0 1 1 0 0 0 0 0 
0 0 0 0 0 0 0 1 0 1 
0 0 1 0 0 0 0 0 0 1 
0 0 0 0 0 0 0 1 1 0 
1 0 1 0 0 0 0 0 0 0 
0 0 0 1 1 0 0 0 0 0 
0 0 0 0 0 0 0 0 1 1 
0 0 0 0 0 0 1 0 0 1 
0 1 0 0 1 0 0 0 0 0 
0 0 0 0 1 1 0 0 0 0 
0 0 0 0 0 0 0 0 1 1 
1 1 0 0 0 0 0 0 0 0 
0 0 0 1 0 0 0 0 1 0 
0 0 0 1 0 0 0 0 0 1 
0 0 0 0 0 1 1 0 0 0 
1 1 0 0 0 0 0 0 0 0 
0 0 0 0 0 0 1 0 1 0 
0 0 0 1 0 0 0 1 0 0 
Open stacks: 15
Took 11.65 seconds

buffer: Warwick 1392: balanced products, 2 products per order
numCustomers: 30
numProducts: 10
0 0 1 0 0 1 0 0 0 0 
0 0 0 0 1 0 0 0 0 1 
0 0 0 0 0 1 0 0 1 0 
0 0 1 0 0 0 0 0 1 0 
1 0 0 0 0 0 0 0 1 0 
0 0 0 1 0 0 0 0 0 1 
0 0 0 0 0 0 0 0 1 1 
0 1 0 0 1 0 0 0 0 0 
0 1 0 0 0 1 0 0 0 0 
1 0 0 0 0 0 0 0 1 0 
0 0 1 0 0 0 0 0 1 0 
0 1 0 0 0 0 0 0 0 1 
0 0 0 0 1 0 0 1 0 0 
0 0 0 0 1 0 0 0 0 1 
0 0 0 0 1 1 0 0 0 0 
0 1 0 0 0 0 0 0 0 1 
0 0 0 0 1 0 0 1 0 0 
1 0 0 0 1 0 0 0 0 0 
0 0 0 1 1 0 0 0 0 0 
0 0 0 0 1 0 0 0 1 0 
0 0 0 0 0 1 0 0 1 0 
0 0 0 0 1 0 0 0 1 0 
0 0 1 0 0 0 0 0 1 0 
0 0 0 0 0 1 0 1 0 0 
0 0 0 0 1 0 0 0 1 0 
0 0 0 1 1 0 0 0 0 0 
1 1 0 0 0 0 0 0 0 0 
1 0 0 0 0 0 1 0 0 0 
0 0 1 0 1 0 0 0 0 0 
1 0 0 0 0 0 0 0 1 0 
numSequences: 3628800
minStacks: 14
Best sequence:
7 4 3 9 1 5 0 6 2 8 
0 0 0 0 0 1 0 0 1 0 
0 1 0 1 0 0 0 0 0 0 
0 0 0 0 0 1 0 0 0 1 
0 0 0 0 0 0 0 0 1 1 
0 0 0 0 0 0 1 0 0 1 
0 0 1 1 0 0 0 0 0 0 
0 0 0 1 0 0 0 0 0 1 
0 1 0 0 1 0 0 0 0 0 
0 0 0 0 1 1 0 0 0 0 
0 0 0 0 0 0 1 0 0 1 
0 0 0 0 0 0 0 0 1 1 
0 0 0 1 1 0 0 0 0 0 
1 1 0 0 0 0 0 0 0 0 
0 1 0 1 0 0 0 0 0 0 
0 1 0 0 0 1 0 0 0 0 
0 0 0 1 1 0 0 0 0 0 
1 1 0 0 0 0 0 0 0 0 
0 1 0 0 0 0 1 0 0 0 
0 1 1 0 0 0 0 0 0 0 
0 1 0 0 0 0 0 0 0 1 
0 0 0 0 0 1 0 0 0 1 
0 1 0 0 0 0 0 0 0 1 
0 0 0 0 0 0 0 0 1 1 
1 0 0 0 0 1 0 0 0 0 
0 1 0 0 0 0 0 0 0 1 
0 1 1 0 0 0 0 0 0 0 
0 0 0 0 1 0 1 0 0 0 
0 0 0 0 0 0 1 1 0 0 
0 1 0 0 0 0 0 0 1 0 
0 0 0 0 0 0 1 0 0 1 
Open stacks: 14
Took 10.68 seconds

buffer: Warwick 1393: balanced products, 2 products per order
numCustomers: 30
numProducts: 10
0 0 0 0 0 0 1 0 0 1 
1 0 0 0 0 1 0 0 0 0 
0 0 1 0 0 0 0 1 0 0 
0 0 0 1 0 0 1 0 0 0 
0 0 0 0 0 1 0 0 0 1 
0 0 0 0 0 0 1 0 0 1 
1 0 0 1 0 0 0 0 0 0 
0 0 0 0 0 1 0 1 0 0 
0 0 0 1 1 0 0 0 0 0 
1 0 1 0 0 0 0 0 0 0 
0 0 0 0 0 1 0 0 0 1 
0 0 0 0 0 0 0 1 1 0 
0 0 0 0 1 1 0 0 0 0 
0 0 0 1 0 0 1 0 0 0 
1 0 0 0 0 0 0 0 1 0 
0 0 0 0 0 0 0 1 1 0 
0 0 0 0 0 1 1 0 0 0 
0 0 0 0 0 1 1 0 0 0 
0 0 0 0 0 0 1 0 0 1 
0 0 0 0 1 0 0 0 0 1 
0 1 0 0 0 1 0 0 0 0 
1 0 0 0 0 0 0 0 0 1 
0 1 0 1 0 0 0 0 0 0 
1 0 0 0 0 0 0 1 0 0 
0 0 0 0 0 1 0 0 0 1 
0 0 0 0 0 0 1 1 0 0 
0 1 0 1 0 0 0 0 0 0 
1 0 0 1 0 0 0 0 0 0 
0 0 1 0 0 1 0 0 0 0 
0 0 0 1 1 0 0 0 0 0 
numSequences: 3628800
minStacks: 15
Best sequence:
9 6 5 1 3 0 2 4 7 8 
1 1 0 0 0 0 0 0 0 0 
0 0 1 0 0 1 0 0 0 0 
0 0 0 0 0 0 1 0 1 0 
0 1 0 0 1 0 0 0 0 0 
1 0 1 0 0 0 0 0 0 0 
1 1 0 0 0 0 0 0 0 0 
0 0 0 0 1 1 0 0 0 0 
0 0 1 0 0 0 0 0 1 0 
0 0 0 0 1 0 0 1 0 0 
0 0 0 0 0 1 1 0 0 0 
1 0 1 0 0 0 0 0 0 0 
0 0 0 0 0 0 0 0 1 1 
0 0 1 0 0 0 0 1 0 0 
0 1 0 0 1 0 0 0 0 0 
0 0 0 0 0 1 0 0 0 1 
0 0 0 0 0 0 0 0 1 1 
0 1 1 0 0 0 0 0 0 0 
0 1 1 0 0 0 0 0 0 0 
1 1 0 0 0 0 0 0 0 0 
1 0 0 0 0 0 0 1 0 0 
0 0 1 1 0 0 0 0 0 0 
1 0 0 0 0 1 0 0 0 0 
0 0 0 1 1 0 0 0 0 0 
0 0 0 0 0 1 0 0 1 0 
1 0 1 0 0 0 0 0 0 0 
0 1 0 0 0 0 0 0 1 0 
0 0 0 1 1 0 0 0 0 0 
0 0 0 0 1 1 0 0 0 0 
0 0 1 0 0 0 1 0 0 0 
0 0 0 0 1 0 0 1 0 0 
Open stacks: 15
Took 10.69 seconds

buffer: Warwick 1394: balanced products, 2 products per order
numCustomers: 30
numProducts: 10
0 0 0 0 0 1 0 0 0 1 
0 0 0 1 1 0 0 0 0 0 
1 0 0 0 0 0 0 0 0 1 
0 0 0 1 1 0 0 0 0 0 
0 0 0 0 0 1 1 0 0 0 
0 0 0 0 1 1 0 0 0 0 
0 1 0 0 0 0 0 1 0 0 
0 1 0 0 0 1 0 0 0 0 
0 0 0 0 1 0 0 0 0 1 
0 0 0 0 1 0 0 1 0 0 
0 0 0 1 0 0 0 0 0 1 
0 0 0 1 0 0 1 0 0 0 
1 0 0 0 0 0 0 1 0 0 
0 1 0 0 0 1 0 0 0 0 
0 0 0 0 1 0 0 0 1 0 
0 0 0 0 1 0 1 0 0 0 
0 0 0 0 0 0 0 1 0 1 
1 0 1 0 0 0 0 0 0 0 
0 0 1 0 1 0 0 0 0 0 
0 0 0 0 0 0 1 1 0 0 
0 0 1 0 1 0 0 0 0 0 
0 0 0 0 1 0 0 1 0 0 
0 0 1 0 0 0 0 0 0 1 
0 1 0 1 0 0 0 0 0 0 
0 0 0 1 0 0 0 1 0 0 
1 0 0 1 0 0 0 0 0 0 
1 0 0 0 0 1 0 0 0 0 
0 0 1 1 0 0 0 0 0 0 
0 1 0 0 0 0 0 0 0 1 
0 0 0 1 0 0 0 1 0 0 
numSequences: 3628800
minStacks: 16
Best sequence:
9 5 1 7 6 0 3 2 4 8 
1 1 0 0 0 0 0 0 0 0 
0 0 0 0 0 0 1 0 1 0 
1 0 0 0 0 1 0 0 0 0 
0 0 0 0 0 0 1 0 1 0 
0 1 0 0 1 0 0 0 0 0 
0 1 0 0 0 0 0 0 1 0 
0 0 1 1 0 0 0 0 0 0 
0 1 1 0 0 0 0 0 0 0 
1 0 0 0 0 0 0 0 1 0 
0 0 0 1 0 0 0 0 1 0 
1 0 0 0 0 0 1 0 0 0 
0 0 0 0 1 0 1 0 0 0 
0 0 0 1 0 1 0 0 0 0 
0 1 1 0 0 0 0 0 0 0 
0 0 0 0 0 0 0 0 1 1 
0 0 0 0 1 0 0 0 1 0 
1 0 0 1 0 0 0 0 0 0 
0 0 0 0 0 1 0 1 0 0 
0 0 0 0 0 0 0 1 1 0 
0 0 0 1 1 0 0 0 0 0 
0 0 0 0 0 0 0 1 1 0 
0 0 0 1 0 0 0 0 1 0 
1 0 0 0 0 0 0 1 0 0 
0 0 1 0 0 0 1 0 0 0 
0 0 0 1 0 0 1 0 0 0 
0 0 0 0 0 1 1 0 0 0 
0 1 0 0 0 1 0 0 0 0 
0 0 0 0 0 0 1 1 0 0 
1 0 1 0 0 0 0 0 0 0 
0 0 0 1 0 0 1 0 0 0 
Open stacks: 16
Took 10.67 seconds

buffer: Warwick 1395: balanced products, 2 products per order
numCustomers: 30
numProducts: 10
1 0 0 0 0 0 0 0 0 1 
1 0 0 0 0 0 0 0 1 0 
0 0 0 0 0 0 1 0 0 1 
1 0 0 0 0 0 0 0 1 0 
0 0 1 0 0 0 1 0 0 0 
0 0 0 1 0 0 1 0 0 0 
0 0 0 0 0 0 1 0 1 0 
0 0 0 0 0 1 0 1 0 0 
0 0 0 1 0 0 0 1 0 0 
0 0 0 0 0 0 1 1 0 0 
0 0 0 0 0 0 1 0 1 0 
0 0 0 1 0 1 0 0 0 0 
0 0 0 0 0 1 0 0 1 0 
0 0 0 0 1 1 0 0 0 0 
0 1 1 0 0 0 0 0 0 0 
0 0 0 1 0 0 1 0 0 0 
0 0 0 1 0 0 0 0 0 1 
0 0 0 0 0 0 1 0 0 1 
0 0 0 1 0 1 0 0 0 0 
0 1 0 0 1 0 0 0 0 0 
0 0 0 0 1 0 0 1 0 0 
0 0 0 1 0 0 0 0 1 0 
1 0 1 0 0 0 0 0 0 0 
1 0 0 1 0 0 0 0 0 0 
0 1 0 0 0 0 0 0 1 0 
0 1 0 0 1 0 0 0 0 0 
0 0 1 0 0 0 0 1 0 0 
0 1 0 1 0 0 0 0 0 0 
0 0 0 0 0 0 1 0 0 1 
0 1 0 0 0 0 1 0 0 0 
numSequences: 3628800
minStacks: 14
Best sequence:
9 6 8 0 2 1 4 5 3 7 
1 0 0 1 0 0 0 0 0 0 
0 0 1 1 0 0 0 0 0 0 
1 1 0 0 0 0 0 0 0 0 
0 0 1 1 0 0 0 0 0 0 
0 1 0 0 1 0 0 0 0 0 
0 1 0 0 0 0 0 0 1 0 
0 1 1 0 0 0 0 0 0 0 
0 0 0 0 0 0 0 1 0 1 
0 0 0 0 0 0 0 0 1 1 
0 1 0 0 0 0 0 0 0 1 
0 1 1 0 0 0 0 0 0 0 
0 0 0 0 0 0 0 1 1 0 
0 0 1 0 0 0 0 1 0 0 
0 0 0 0 0 0 1 1 0 0 
0 0 0 0 1 1 0 0 0 0 
0 1 0 0 0 0 0 0 1 0 
1 0 0 0 0 0 0 0 1 0 
1 1 0 0 0 0 0 0 0 0 
0 0 0 0 0 0 0 1 1 0 
0 0 0 0 0 1 1 0 0 0 
0 0 0 0 0 0 1 0 0 1 
0 0 1 0 0 0 0 0 1 0 
0 0 0 1 1 0 0 0 0 0 
0 0 0 1 0 0 0 0 1 0 
0 0 1 0 0 1 0 0 0 0 
0 0 0 0 0 1 1 0 0 0 
0 0 0 0 1 0 0 0 0 1 
0 0 0 0 0 1 0 0 1 0 
1 1 0 0 0 0 0 0 0 0 
0 1 0 0 0 1 0 0 0 0 
Open stacks: 14
Took 10.69 seconds

buffer: Warwick 1396: balanced products, 2 products per order
numCustomers: 30
numProducts: 10
1 0 0 0 0 0 0 0 1 0 
0 0 0 0 0 0 1 0 1 0 
0 1 0 0 0 0 0 0 0 1 
1 0 0 0 0 0 0 0 1 0 
0 0 0 1 1 0 0 0 0 0 
1 0 0 0 1 0 0 0 0 0 
1 0 0 1 0 0 0 0 0 0 
0 0 1 0 1 0 0 0 0 0 
0 0 0 0 0 0 1 1 0 0 
0 0 0 0 0 0 1 1 0 0 
0 0 1 0 0 0 1 0 0 0 
1 1 0 0 0 0 0 0 0 0 
1 0 0 0 0 0 0 0 1 0 
1 0 1 0 0 0 0 0 0 0 
0 0 1 0 0 0 0 0 0 1 
0 1 1 0 0 0 0 0 0 0 
0 0 0 1 0 0 0 1 0 0 
0 0 0 1 0 1 0 0 0 0 
0 0 0 0 1 0 0 0 0 1 
0 0 0 0 0 1 0 0 1 0 
0 0 1 0 0 0 0 0 0 1 
0 0 1 0 0 0 0 0 1 0 
0 1 0 0 0 0 0 0 0 1 
0 0 1 0 0 0 0 1 0 0 
0 0 0 0 1 0 0 0 0 1 
0 0 1 1 0 0 0 0 0 0 
0 0 0 0 1 0 1 0 0 0 
0 0 0 1 0 0 0 1 0 0 
0 1 0 0 1 0 0 0 0 0 
0 0 1 0 0 1 0 0 0 0 
numSequences: 3628800
minStacks: 14
Best sequence:
9 4 1 2 0 3 5 6 7 8 
0 0 0 0 1 0 0 0 0 1 
0 0 0 0 0 0 0 1 0 1 
1 0 1 0 0 0 0 0 0 0 
0 0 0 0 1 0 0 0 0 1 
0 1 0 0 0 1 0 0 0 0 
0 1 0 0 1 0 0 0 0 0 
0 0 0 0 1 1 0 0 0 0 
0 1 0 1 0 0 0 0 0 0 
0 0 0 0 0 0 0 1 1 0 
0 0 0 0 0 0 0 1 1 0 
0 0 0 1 0 0 0 1 0 0 
0 0 1 0 1 0 0 0 0 0 
0 0 0 0 1 0 0 0 0 1 
0 0 0 1 1 0 0 0 0 0 
1 0 0 1 0 0 0 0 0 0 
0 0 1 1 0 0 0 0 0 0 
0 0 0 0 0 1 0 0 1 0 
0 0 0 0 0 1 1 0 0 0 
1 1 0 0 0 0 0 0 0 0 
0 0 0 0 0 0 1 0 0 1 
1 0 0 1 0 0 0 0 0 0 
0 0 0 1 0 0 0 0 0 1 
1 0 1 0 0 0 0 0 0 0 
0 0 0 1 0 0 0 0 1 0 
1 1 0 0 0 0 0 0 0 0 
0 0 0 1 0 1 0 0 0 0 
0 1 0 0 0 0 0 1 0 0 
0 0 0 0 0 1 0 0 1 0 
0 1 1 0 0 0 0 0 0 0 
0 0 0 1 0 0 1 0 0 0 
Open stacks: 14
Took 10.68 seconds

buffer: Warwick 1397: balanced products, 2 products per order
numCustomers: 30
numProducts: 10
1 0 1 0 0 0 0 0 0 0 
0 0 0 0 1 0 0 1 0 0 
0 0 1 0 0 0 1 0 0 0 
0 0 0 1 1 0 0 0 0 0 
0 1 0 1 0 0 0 0 0 0 
0 0 1 0 0 0 0 0 0 1 
1 0 0 1 0 0 0 0 0 0 
0 0 0 1 1 0 0 0 0 0 
0 0 1 0 0 0 0 0 1 0 
0 1 0 0 0 0 0 0 1 0 
0 0 0 1 1 0 0 0 0 0 
0 0 0 0 0 0 0 1 0 1 
0 0 0 0 0 0 0 1 1 0 
0 0 0 0 1 0 0 1 0 0 
0 0 0 0 0 0 0 1 0 1 
1 0 0 0 0 1 0 0 0 0 
0 0 0 0 1 0 0 1 0 0 
0 0 0 0 0 0 0 0 1 1 
0 0 0 0 1 0 0 1 0 0 
1 0 0 0 0 1 0 0 0 0 
0 0 0 0 1 0 1 0 0 0 
0 0 0 0 0 1 0 0 1 0 
0 0 1 0 1 0 0 0 0 0 
1 0 0 0 0 1 0 0 0 0 
0 1 0 0 1 0 0 0 0 0 
0 0 0 0 1 1 0 0 0 0 
0 0 0 0 0 0 0 1 1 0 
0 0 0 1 0 0 0 1 0 0 
0 0 0 0 0 0 0 0 1 1 
0 0 0 0 0 1 0 1 0 0 
numSequences: 3628800
minStacks: 14
Best sequence:
9 8 7 5 0 2 3 1 4 6 
0 0 0 0 1 1 0 0 0 0 
0 0 1 0 0 0 0 0 1 0 
0 0 0 0 0 1 0 0 0 1 
0 0 0 0 0 0 1 0 1 0 
0 0 0 0 0 0 1 1 0 0 
1 0 0 0 0 1 0 0 0 0 
0 0 0 0 1 0 1 0 0 0 
0 0 0 0 0 0 1 0 1 0 
0 1 0 0 0 1 0 0 0 0 
0 1 0 0 0 0 0 1 0 0 
0 0 0 0 0 0 1 0 1 0 
1 0 1 0 0 0 0 0 0 0 
0 1 1 0 0 0 0 0 0 0 
0 0 1 0 0 0 0 0 1 0 
1 0 1 0 0 0 0 0 0 0 
0 0 0 1 1 0 0 0 0 0 
0 0 1 0 0 0 0 0 1 0 
1 1 0 0 0 0 0 0 0 0 
0 0 1 0 0 0 0 0 1 0 
0 0 0 1 1 0 0 0 0 0 
0 0 0 0 0 0 0 0 1 1 
0 1 0 1 0 0 0 0 0 0 
0 0 0 0 0 1 0 0 1 0 
0 0 0 1 1 0 0 0 0 0 
0 0 0 0 0 0 0 1 1 0 
0 0 0 1 0 0 0 0 1 0 
0 1 1 0 0 0 0 0 0 0 
0 0 1 0 0 0 1 0 0 0 
1 1 0 0 0 0 0 0 0 0 
0 0 1 1 0 0 0 0 0 0 
Open stacks: 14
Took 10.69 seconds

buffer: Warwick 1398: balanced products, 2 products per order
numCustomers: 30
numProducts: 10
0 1 0 0 0 1 0 0 0 0 
0 1 0 0 0 0 1 0 0 0 
0 0 0 0 1 0 0 0 1 0 
0 1 0 0 0 0 0 0 1 0 
0 0 0 0 0 0 0 0 1 1 
0 1 0 0 0 0 0 0 0 1 
0 0 0 1 0 0 1 0 0 0 
1 0 1 0 0 0 0 0 0 0 
0 0 0 1 0 0 0 0 0 1 
0 0 0 0 0 0 1 0 1 0 
0 0 1 0 1 0 0 0 0 0 
0 0 0 0 0 0 0 0 1 1 
0 1 0 0 1 0 0 0 0 0 
0 0 1 0 0 1 0 0 0 0 
0 0 0 1 0 1 0 0 0 0 
0 1 0 1 0 0 0 0 0 0 
1 1 0 0 0 0 0 0 0 0 
0 1 0 0 0 0 0 1 0 0 
0 0 1 0 0 0 0 0 1 0 
0 0 0 0 0 0 0 1 1 0 
0 0 0 0 0 0 1 0 0 1 
1 0 0 0 0 0 0 1 0 0 
0 0 0 1 0 0 1 0 0 0 
1 0 0 0 1 0 0 0 0 0 
0 0 0 0 1 0 1 0 0 0 
0 0 1 0 0 0 0 0 0 1 
0 0 1 1 0 0 0 0 0 0 
1 0 0 1 0 0 0 0 0 0 
0 0 0 0 0 1 0 0 1 0 
1 0 0 1 0 0 0 0 0 0 
numSequences: 3628800
minStacks: 16
Best sequence:
9 8 6 2 5 4 1 3 0 7 
0 0 0 0 1 0 1 0 0 0 
0 0 1 0 0 0 1 0 0 0 
0 1 0 0 0 1 0 0 0 0 
0 1 0 0 0 0 1 0 0 0 
1 1 0 0 0 0 0 0 0 0 
1 0 0 0 0 0 1 0 0 0 
0 0 1 0 0 0 0 1 0 0 
0 0 0 1 0 0 0 0 1 0 
1 0 0 0 0 0 0 1 0 0 
0 1 1 0 0 0 0 0 0 0 
0 0 0 1 0 1 0 0 0 0 
1 1 0 0 0 0 0 0 0 0 
0 0 0 0 0 1 1 0 0 0 
0 0 0 1 1 0 0 0 0 0 
0 0 0 0 1 0 0 1 0 0 
0 0 0 0 0 0 1 1 0 0 
0 0 0 0 0 0 1 0 1 0 
0 0 0 0 0 0 1 0 0 1 
0 1 0 1 0 0 0 0 0 0 
0 1 0 0 0 0 0 0 0 1 
1 0 1 0 0 0 0 0 0 0 
0 0 0 0 0 0 0 0 1 1 
0 0 1 0 0 0 0 1 0 0 
0 0 0 0 0 1 0 0 1 0 
0 0 1 0 0 1 0 0 0 0 
1 0 0 1 0 0 0 0 0 0 
0 0 0 1 0 0 0 1 0 0 
0 0 0 0 0 0 0 1 1 0 
0 1 0 0 1 0 0 0 0 0 
0 0 0 0 0 0 0 1 1 0 
Open stacks: 16
Took 10.67 seconds

buffer: Warwick 1399: balanced products, 2 products per order
numCustomers: 30
numProducts: 10
1 0 0 0 0 0 0 0 0 1 
1 0 0 1 0 0 0 0 0 0 
1 0 0 0 0 0 1 0 0 0 
0 0 0 1 0 0 0 0 0 1 
0 1 0 0 0 0 0 0 0 1 
1 0 0 0 0 0 0 0 1 0 
0 0 0 1 0 0 0 0 1 0 
0 0 1 0 1 0 0 0 0 0 
0 0 0 0 0 0 1 0 0 1 
1 0 0 0 0 0 1 0 0 0 
0 0 0 0 0 0 0 0 1 1 
0 0 0 0 0 0 1 1 0 0 
1 0 0 0 0 0 0 0 1 0 
1 0 0 0 0 0 0 0 1 0 
0 0 0 0 1 0 0 1 0 0 
0 0 0 0 0 0 1 0 1 0 
1 0 0 0 0 1 0 0 0 0 
0 0 1 0 0 0 0 1 0 0 
0 0 0 1 0 1 0 0 0 0 
0 0 0 0 1 0 1 0 0 0 
0 0 0 0 1 0 0 1 0 0 
0 1 0 0 1 0 0 0 0 0 
0 0 0 0 0 0 0 0 1 1 
0 0 0 0 0 0 1 0 1 0 
1 0 0 0 0 0 1 0 0 0 
0 1 0 1 0 0 0 0 0 0 
1 0 0 0 0 1 0 0 0 0 
0 0 1 1 0 0 0 0 0 0 
0 0 0 0 1 0 0 0 1 0 
0 1 1 0 0 0 0 0 0 0 
numSequences: 3628800
minStacks: 15
Best sequence:
9 7 1 2 3 4 8 5 0 6 
1 0 0 0 0 0 0 0 1 0 
0 0 0 0 1 0 0 0 1 0 
0 0 0 0 0 0 0 0 1 1 
1 0 0 0 1 0 0 0 0 0 
1 0 1 0 0 0 0 0 0 0 
0 0 0 0 0 0 1 0 1 0 
0 0 0 0 1 0 1 0 0 0 
0 0 0 1 0 1 0 0 0 0 
1 0 0 0 0 0 0 0 0 1 
0 0 0 0 0 0 0 0 1 1 
1 0 0 0 0 0 1 0 0 0 
0 1 0 0 0 0 0 0 0 1 
0 0 0 0 0 0 1 0 1 0 
0 0 0 0 0 0 1 0 1 0 
0 1 0 0 0 1 0 0 0 0 
0 0 0 0 0 0 1 0 0 1 
0 0 0 0 0 0 0 1 1 0 
0 1 0 1 0 0 0 0 0 0 
0 0 0 0 1 0 0 1 0 0 
0 0 0 0 0 1 0 0 0 1 
0 1 0 0 0 1 0 0 0 0 
0 0 1 0 0 1 0 0 0 0 
1 0 0 0 0 0 1 0 0 0 
0 0 0 0 0 0 1 0 0 1 
0 0 0 0 0 0 0 0 1 1 
0 0 1 0 1 0 0 0 0 0 
0 0 0 0 0 0 0 1 1 0 
0 0 0 1 1 0 0 0 0 0 
0 0 0 0 0 1 1 0 0 0 
0 0 1 1 0 0 0 0 0 0 
Open stacks: 15
Took 10.69 seconds

buffer: Warwick 1400: balanced products, 2 products per order
numCustomers: 30
numProducts: 10
0 0 1 0 0 0 0 0 0 1 
0 0 1 0 0 0 0 0 1 0 
1 0 0 0 0 0 1 0 0 0 
0 1 0 0 0 0 0 0 0 1 
0 0 0 0 1 1 0 0 0 0 
0 0 0 0 1 0 0 1 0 0 
0 0 0 0 1 0 0 0 1 0 
0 0 0 0 0 1 0 1 0 0 
1 0 1 0 0 0 0 0 0 0 
0 0 0 1 1 0 0 0 0 0 
0 1 0 0 0 0 0 0 0 1 
1 0 0 0 0 1 0 0 0 0 
0 0 0 1 0 0 0 0 0 1 
0 0 0 0 1 0 0 0 0 1 
0 0 0 0 1 0 0 1 0 0 
0 0 1 0 0 0 0 0 0 1 
0 0 0 1 0 0 0 1 0 0 
1 0 0 0 0 0 0 0 1 0 
0 0 0 0 0 0 0 1 1 0 
0 0 0 1 0 1 0 0 0 0 
0 0 0 0 1 0 0 0 1 0 
1 0 0 0 0 0 0 0 1 0 
0 0 0 0 0 0 0 1 0 1 
0 1 0 0 1 0 0 0 0 0 
0 0 0 0 0 0 1 1 0 0 
0 1 0 1 0 0 0 0 0 0 
1 1 0 0 0 0 0 0 0 0 
0 1 1 0 0 0 0 0 0 0 
0 0 1 0 0 1 0 0 0 0 
0 0 0 1 0 0 0 1 0 0 
numSequences: 3628800
minStacks: 15
Best sequence:
9 6 1 0 2 3 5 7 4 8 
1 0 0 0 1 0 0 0 0 0 
0 0 0 0 1 0 0 0 0 1 
0 1 0 1 0 0 0 0 0 0 
1 0 1 0 0 0 0 0 0 0 
0 0 0 0 0 0 1 0 1 0 
0 0 0 0 0 0 0 1 1 0 
0 0 0 0 0 0 0 0 1 1 
0 0 0 0 0 0 1 1 0 0 
0 0 0 1 1 0 0 0 0 0 
0 0 0 0 0 1 0 0 1 0 
1 0 1 0 0 0 0 0 0 0 
0 0 0 1 0 0 1 0 0 0 
1 0 0 0 0 1 0 0 0 0 
1 0 0 0 0 0 0 0 1 0 
0 0 0 0 0 0 0 1 1 0 
1 0 0 0 1 0 0 0 0 0 
0 0 0 0 0 1 0 1 0 0 
0 0 0 1 0 0 0 0 0 1 
0 0 0 0 0 0 0 1 0 1 
0 0 0 0 0 1 1 0 0 0 
0 0 0 0 0 0 0 0 1 1 
0 0 0 1 0 0 0 0 0 1 
1 0 0 0 0 0 0 1 0 0 
0 0 1 0 0 0 0 0 1 0 
0 1 0 0 0 0 0 1 0 0 
0 0 1 0 0 1 0 0 0 0 
0 0 1 1 0 0 0 0 0 0 
0 0 1 0 1 0 0 0 0 0 
0 0 0 0 1 0 1 0 0 0 
0 0 0 0 0 1 0 1 0 0 
Open stacks: 15
Took 10.68 seconds

buffer: Warwick 1401: balanced products, 3 products per order
numCustomers: 30
numProducts: 10
0 0 0 0 0 0 1 0 1 1 
0 0 0 0 1 0 0 1 1 0 
0 0 1 0 0 0 1 0 1 0 
0 0 0 1 0 0 0 0 1 1 
0 0 0 0 1 1 0 0 1 0 
1 1 0 0 0 1 0 0 0 0 
0 0 1 0 0 0 0 1 0 1 
0 0 0 1 1 0 1 0 0 0 
1 0 0 0 0 0 0 1 1 0 
0 0 1 0 0 0 0 0 1 1 
0 1 0 0 0 0 0 0 1 1 
1 0 0 0 1 0 1 0 0 0 
0 0 0 0 0 0 1 1 1 0 
0 1 0 0 1 0 0 0 1 0 
0 0 0 1 1 1 0 0 0 0 
1 0 0 0 0 1 0 1 0 0 
0 0 1 0 0 1 0 0 0 1 
0 0 0 1 0 0 0 0 1 1 
0 0 0 0 1 1 0 0 0 1 
1 0 0 1 0 0 0 0 1 0 
0 0 0 0 0 1 0 1 1 0 
1 0 0 0 0 1 0 0 0 1 
0 0 1 1 0 0 1 0 0 0 
0 1 0 1 1 0 0 0 0 0 
0 0 1 0 0 1 0 0 0 1 
0 1 0 0 1 0 0 0 1 0 
0 1 1 0 0 0 1 0 0 0 
0 1 0 0 0 0 1 1 0 0 
0 1 0 1 0 0 0 0 1 0 
0 0 0 0 0 1 1 1 0 0 
numSequences: 3628800
minStacks: 23
Best sequence:
9 7 5 2 6 0 3 1 4 8 
1 0 0 0 1 0 0 0 0 1 
0 1 0 0 0 0 0 0 1 1 
0 0 0 1 1 0 0 0 0 1 
1 0 0 0 0 0 1 0 0 1 
0 0 1 0 0 0 0 0 1 1 
0 0 1 0 0 1 0 1 0 0 
1 1 0 1 0 0 0 0 0 0 
0 0 0 0 1 0 1 0 1 0 
0 1 0 0 0 1 0 0 0 1 
1 0 0 1 0 0 0 0 0 1 
1 0 0 0 0 0 0 1 0 1 
0 0 0 0 1 1 0 0 1 0 
0 1 0 0 1 0 0 0 0 1 
0 0 0 0 0 0 0 1 1 1 
0 0 1 0 0 0 1 0 1 0 
0 1 1 0 0 1 0 0 0 0 
1 0 1 1 0 0 0 0 0 0 
1 0 0 0 0 0 1 0 0 1 
1 0 1 0 0 0 0 0 1 0 
0 0 0 0 0 1 1 0 0 1 
0 1 1 0 0 0 0 0 0 1 
1 0 1 0 0 1 0 0 0 0 
0 0 0 1 1 0 1 0 0 0 
0 0 0 0 0 0 1 1 1 0 
1 0 1 1 0 0 0 0 0 0 
0 0 0 0 0 0 0 1 1 1 
0 0 0 1 1 0 0 1 0 0 
0 1 0 0 1 0 0 1 0 0 
0 0 0 0 0 0 1 1 0 1 
0 1 1 0 1 0 0 0 0 0 
Open stacks: 23
Took 10.76 seconds

buffer: Warwick 1402: balanced products, 3 products per order
numCustomers: 30
numProducts: 10
0 1 0 0 1 0 1 0 0 0 
0 0 1 0 0 0 1 1 0 0 
0 0 0 1 0 0 1 0 0 1 
1 0 0 0 1 0 1 0 0 0 
0 0 1 0 1 0 1 0 0 0 
0 0 0 0 0 0 1 1 1 0 
0 1 1 0 0 0 0 1 0 0 
1 0 0 0 1 0 1 0 0 0 
1 1 0 0 0 0 1 0 0 0 
1 1 0 0 0 0 0 1 0 0 
1 0 1 0 0 0 0 0 1 0 
0 0 0 0 0 1 1 0 0 1 
0 1 1 0 0 0 1 0 0 0 
0 0 0 0 1 0 1 0 1 0 
1 0 1 0 0 1 0 0 0 0 
0 0 0 1 0 0 1 0 0 1 
1 1 0 0 0 0 0 0 1 0 
1 0 0 1 0 1 0 0 0 0 
1 0 0 0 1 0 0 1 0 0 
0 0 0 1 0 0 0 0 1 1 
0 1 0 1 0 0 0 0 0 1 
0 1 1 0 0 0 1 0 0 0 
0 0 0 0 0 1 1 0 0 1 
0 1 1 0 0 0 0 0 1 0 
1 1 0 0 0 0 0 0 1 0 
0 0 0 0 1 1 0 0 0 1 
1 1 1 0 0 0 0 0 0 0 
0 0 0 0 0 1 1 1 0 0 
0 0 0 1 0 1 1 0 0 0 
0 0 1 1 1 0 0 0 0 0 
numSequences: 3628800
minStacks: 21
Best sequence:
9 6 5 3 7 4 2 0 1 8 
0 1 0 0 0 1 0 0 1 0 
0 1 0 0 1 0 1 0 0 0 
1 1 0 1 0 0 0 0 0 0 
0 1 0 0 0 1 0 1 0 0 
0 1 0 0 0 1 1 0 0 0 
0 1 0 0 1 0 0 0 0 1 
0 0 0 0 1 0 1 0 1 0 
0 1 0 0 0 1 0 1 0 0 
0 1 0 0 0 0 0 1 1 0 
0 0 0 0 1 0 0 1 1 0 
0 0 0 0 0 0 1 1 0 1 
1 1 1 0 0 0 0 0 0 0 
0 1 0 0 0 0 1 0 1 0 
0 1 0 0 0 1 0 0 0 1 
0 0 1 0 0 0 1 1 0 0 
1 1 0 1 0 0 0 0 0 0 
0 0 0 0 0 0 0 1 1 1 
0 0 1 1 0 0 0 1 0 0 
0 0 0 0 1 1 0 1 0 0 
1 0 0 1 0 0 0 0 0 1 
1 0 0 1 0 0 0 0 1 0 
0 1 0 0 0 0 1 0 1 0 
1 1 1 0 0 0 0 0 0 0 
0 0 0 0 0 0 1 0 1 1 
0 0 0 0 0 0 0 1 1 1 
1 0 1 0 0 1 0 0 0 0 
0 0 0 0 0 0 1 1 1 0 
0 1 1 0 1 0 0 0 0 0 
0 1 1 1 0 0 0 0 0 0 
0 0 0 1 0 1 1 0 0 0 
Open stacks: 21
Took 10.76 seconds

buffer: Warwick 1403: balanced products, 3 products per order
numCustomers: 30
numProducts: 10
0 0 0 1 0 0 1 0 0 1 
1 0 0 0 0 0 0 0 1 1 
0 1 0 0 1 0 0 1 0 0 
0 1 0 1 0 0 0 0 0 1 
0 0 0 0 0 1 1 0 0 1 
0 0 1 0 0 1 0 0 1 0 
0 0 1 0 0 0 1 0 1 0 
0 0 0 1 0 0 1 0 0 1 
0 1 0 0 0 1 0 0 1 0 
0 0 0 0 1 1 0 0 0 1 
0 0 1 1 0 0 0 0 1 0 
0 0 1 1 0 0 0 1 0 0 
0 0 0 0 1 0 0 1 1 0 
0 0 0 0 0 1 1 0 0 1 
0 1 1 0 0 0 0 1 0 0 
0 0 1 0 1 0 0 1 0 0 
0 0 0 0 1 1 0 0 1 0 
0 1 0 0 1 0 0 0 0 1 
0 0 0 0 0 1 1 0 1 0 
0 0 0 1 0 0 0 1 1 0 
0 0 0 0 1 0 1 0 0 1 
1 1 0 1 0 0 0 0 0 0 
0 1 1 0 0 0 0 1 0 0 
1 0 1 0 0 0 0 1 0 0 
0 0 0 0 1 1 1 0 0 0 
0 0 0 1 1 1 0 0 0 0 
0 0 0 0 1 1 0 1 0 0 
0 1 0 0 1 0 0 0 0 1 
0 0 0 0 0 0 1 0 1 1 
0 0 1 1 0 0 0 0 0 1 
numSequences: 3628800
minStacks: 21
Best sequence:
9 6 5 8 3 0 4 2 1 7 
1 1 0 0 1 0 0 0 0 0 
1 0 0 1 0 1 0 0 0 0 
0 0 0 0 0 0 1 0 1 1 
1 0 0 0 1 0 0 0 1 0 
1 1 1 0 0 0 0 0 0 0 
0 0 1 1 0 0 0 1 0 0 
0 1 0 1 0 0 0 1 0 0 
1 1 0 0 1 0 0 0 0 0 
0 0 1 1 0 0 0 0 1 0 
1 0 1 0 0 0 1 0 0 0 
0 0 0 1 1 0 0 1 0 0 
0 0 0 0 1 0 0 1 0 1 
0 0 0 1 0 0 1 0 0 1 
1 1 1 0 0 0 0 0 0 0 
0 0 0 0 0 0 0 1 1 1 
0 0 0 0 0 0 1 1 0 1 
0 0 1 1 0 0 1 0 0 0 
1 0 0 0 0 0 1 0 1 0 
0 1 1 1 0 0 0 0 0 0 
0 0 0 1 1 0 0 0 0 1 
1 1 0 0 0 0 1 0 0 0 
0 0 0 0 1 1 0 0 1 0 
0 0 0 0 0 0 0 1 1 1 
0 0 0 0 0 1 0 1 0 1 
0 1 1 0 0 0 1 0 0 0 
0 0 1 0 1 0 1 0 0 0 
0 0 1 0 0 0 1 0 0 1 
1 0 0 0 0 0 1 0 1 0 
1 1 0 1 0 0 0 0 0 0 
1 0 0 0 1 0 0 1 0 0 
Open stacks: 21
Took 10.75 seconds

buffer: Warwick 1404: balanced products, 3 products per order
numCustomers: 30
numProducts: 10
0 0 0 1 1 0 0 1 0 0 
0 1 0 1 0 0 0 1 0 0 
0 0 1 0 1 0 1 0 0 0 
1 1 0 0 0 0 0 0 1 0 
0 0 0 0 0 0 1 1 0 1 
0 0 0 0 1 0 0 1 1 0 
1 1 0 0 0 0 0 0 1 0 
0 0 1 1 0 0 0 0 1 0 
0 0 0 1 0 0 0 1 1 0 
0 0 0 1 1 1 0 0 0 0 
0 0 1 0 0 1 0 0 1 0 
0 1 0 0 1 1 0 0 0 0 
0 0 0 1 1 0 0 0 0 1 
0 1 0 0 0 1 0 0 0 1 
1 1 0 0 0 0 0 0 0 1 
0 0 0 1 0 0 1 1 0 0 
1 0 0 0 0 1 0 0 0 1 
0 0 1 1 0 1 0 0 0 0 
0 0 0 0 1 0 0 1 0 1 
0 1 0 0 0 0 1 0 1 0 
0 0 0 1 0 0 0 1 1 0 
0 0 1 0 1 0 0 0 0 1 
0 0 0 0 1 0 0 0 1 1 
0 1 0 1 0 0 0 1 0 0 
0 0 0 0 0 1 1 0 0 1 
0 0 0 1 0 1 0 1 0 0 
0 0 0 1 1 1 0 0 0 0 
0 1 0 1 0 0 0 0 0 1 
1 0 1 0 0 0 0 0 1 0 
0 0 1 0 0 1 0 1 0 0 
numSequences: 3628800
minStacks: 23
Best sequence:
9 6 5 1 0 4 2 3 7 8 
0 0 0 0 0 1 0 1 1 0 
0 0 0 1 0 0 0 1 1 0 
0 1 0 0 0 1 1 0 0 0 
0 0 0 1 1 0 0 0 0 1 
1 1 0 0 0 0 0 0 1 0 
0 0 0 0 0 1 0 0 1 1 
0 0 0 1 1 0 0 0 0 1 
0 0 0 0 0 0 1 1 0 1 
0 0 0 0 0 0 0 1 1 1 
0 0 1 0 0 1 0 1 0 0 
0 0 1 0 0 0 1 0 0 1 
0 0 1 1 0 1 0 0 0 0 
1 0 0 0 0 1 0 1 0 0 
1 0 1 1 0 0 0 0 0 0 
1 0 0 1 1 0 0 0 0 0 
0 1 0 0 0 0 0 1 1 0 
1 0 1 0 1 0 0 0 0 0 
0 0 1 0 0 0 1 1 0 0 
1 0 0 0 0 1 0 0 1 0 
0 1 0 1 0 0 0 0 0 1 
0 0 0 0 0 0 0 1 1 1 
1 0 0 0 0 1 1 0 0 0 
1 0 0 0 0 1 0 0 0 1 
0 0 0 1 0 0 0 1 1 0 
1 1 1 0 0 0 0 0 0 0 
0 0 1 0 0 0 0 1 1 0 
0 0 1 0 0 1 0 1 0 0 
1 0 0 1 0 0 0 1 0 0 
0 0 0 0 1 0 1 0 0 1 
0 0 1 0 0 0 1 0 1 0 
Open stacks: 23
Took 10.75 seconds

buffer: Warwick 1405: balanced products, 3 products per order
numCustomers: 30
numProducts: 10
0 0 1 1 0 0 0 1 0 0 
1 0 0 0 0 0 1 0 0 1 
0 1 0 0 0 1 0 0 1 0 
0 0 1 0 0 0 1 0 0 1 
0 0 1 0 0 0 1 0 1 0 
0 0 0 1 0 0 1 1 0 0 
1 0 1 0 0 0 0 0 0 1 
0 1 0 0 0 0 1 0 0 1 
1 0 0 0 1 1 0 0 0 0 
1 0 0 0 1 0 0 0 1 0 
1 1 0 0 0 0 1 0 0 0 
1 1 0 1 0 0 0 0 0 0 
0 0 1 0 1 1 0 0 0 0 
0 0 1 0 0 0 0 1 0 1 
0 0 1 0 0 1 0 0 1 0 
1 0 0 1 1 0 0 0 0 0 
1 0 0 0 0 0 0 0 1 1 
0 0 0 1 0 0 1 0 0 1 
0 0 0 0 0 1 1 1 0 0 
1 1 0 1 0 0 0 0 0 0 
1 0 1 0 0 0 0 0 1 0 
0 0 0 0 1 1 1 0 0 0 
0 0 1 1 0 0 1 0 0 0 
1 0 1 0 0 0 0 0 0 1 
0 0 0 0 1 0 0 0 1 1 
0 1 0 0 0 1 0 0 0 1 
0 0 1 0 1 0 0 1 0 0 
1 0 0 0 0 0 0 1 1 0 
0 1 0 0 0 1 1 0 0 0 
0 0 0 0 1 0 1 1 0 0 
numSequences: 3628800
minStacks: 24
Best sequence:
9 6 5 1 3 2 0 4 7 8 
0 0 0 0 1 1 0 0 1 0 
1 1 0 0 0 0 1 0 0 0 
0 0 1 1 0 0 0 0 0 1 
1 1 0 0 0 1 0 0 0 0 
0 1 0 0 0 1 0 0 0 1 
0 1 0 0 1 0 0 0 1 0 
1 0 0 0 0 1 1 0 0 0 
1 1 0 1 0 0 0 0 0 0 
0 0 1 0 0 0 1 1 0 0 
0 0 0 0 0 0 1 1 0 1 
0 1 0 1 0 0 1 0 0 0 
0 0 0 1 1 0 1 0 0 0 
0 0 1 0 0 1 0 1 0 0 
1 0 0 0 0 1 0 0 1 0 
0 0 1 0 0 1 0 0 0 1 
0 0 0 0 1 0 1 1 0 0 
1 0 0 0 0 0 1 0 0 1 
1 1 0 0 1 0 0 0 0 0 
0 1 1 0 0 0 0 0 1 0 
0 0 0 1 1 0 1 0 0 0 
0 0 0 0 0 1 1 0 0 1 
0 1 1 0 0 0 0 1 0 0 
0 1 0 0 1 1 0 0 0 0 
1 0 0 0 0 1 1 0 0 0 
1 0 0 0 0 0 0 1 0 1 
1 0 1 1 0 0 0 0 0 0 
0 0 0 0 0 1 0 1 1 0 
0 0 0 0 0 0 1 0 1 1 
0 1 1 1 0 0 0 0 0 0 
0 1 0 0 0 0 0 1 1 0 
Open stacks: 24
Took 10.76 seconds

buffer: Warwick 1406: balanced products, 3 products per order
numCustomers: 30
numProducts: 10
1 0 0 0 0 0 0 1 0 1 
0 0 1 0 0 0 0 0 1 1 
0 0 1 0 0 1 1 0 0 0 
0 0 1 0 1 0 0 1 0 0 
1 0 0 0 0 1 0 0 1 0 
0 0 0 0 1 0 1 1 0 0 
0 0 1 0 1 0 0 1 0 0 
1 0 0 0 0 0 1 0 0 1 
1 0 0 0 1 0 1 0 0 0 
0 0 0 1 1 0 0 0 1 0 
1 0 1 0 1 0 0 0 0 0 
0 1 0 1 0 0 0 0 1 0 
0 0 0 1 0 0 1 0 0 1 
0 0 0 0 1 0 1 0 0 1 
0 1 0 1 1 0 0 0 0 0 
0 1 0 1 0 0 1 0 0 0 
1 0 0 0 1 0 1 0 0 0 
0 0 0 1 0 1 0 0 1 0 
0 0 0 1 0 0 0 0 1 1 
0 0 0 0 1 0 1 1 0 0 
0 1 0 0 1 1 0 0 0 0 
0 1 1 0 0 0 1 0 0 0 
0 0 1 0 0 1 1 0 0 0 
1 0 0 0 0 0 0 1 1 0 
0 0 0 0 1 1 0 0 0 1 
0 1 0 0 0 0 1 0 1 0 
0 1 1 1 0 0 0 0 0 0 
0 0 0 1 0 0 0 0 1 1 
1 0 1 0 0 0 0 1 0 0 
1 1 0 0 0 0 1 0 0 0 
numSequences: 3628800
minStacks: 22
Best sequence:
9 8 5 1 3 6 0 4 2 7 
1 0 0 0 0 0 1 0 0 1 
1 1 0 0 0 0 0 0 1 0 
0 0 1 0 0 1 0 0 1 0 
0 0 0 0 0 0 0 1 1 1 
0 1 1 0 0 0 1 0 0 0 
0 0 0 0 0 1 0 1 0 1 
0 0 0 0 0 0 0 1 1 1 
1 0 0 0 0 1 1 0 0 0 
0 0 0 0 0 1 1 1 0 0 
0 1 0 0 1 0 0 1 0 0 
0 0 0 0 0 0 1 1 1 0 
0 1 0 1 1 0 0 0 0 0 
1 0 0 0 1 1 0 0 0 0 
1 0 0 0 0 1 0 1 0 0 
0 0 0 1 1 0 0 1 0 0 
0 0 0 1 1 1 0 0 0 0 
0 0 0 0 0 1 1 1 0 0 
0 1 1 0 1 0 0 0 0 0 
1 1 0 0 1 0 0 0 0 0 
0 0 0 0 0 1 0 1 0 1 
0 0 1 1 0 0 0 1 0 0 
0 0 0 1 0 1 0 0 1 0 
0 0 1 0 0 1 0 0 1 0 
0 1 0 0 0 0 1 0 0 1 
1 0 1 0 0 0 0 1 0 0 
0 1 0 1 0 1 0 0 0 0 
0 0 0 1 1 0 0 0 1 0 
1 1 0 0 1 0 0 0 0 0 
0 0 0 0 0 0 1 0 1 1 
0 0 0 1 0 1 1 0 0 0 
Open stacks: 22
Took 10.76 seconds

buffer: Warwick 1407: balanced products, 3 products per order
numCustomers: 30
numProducts: 10
1 0 1 0 1 0 0 0 0 0 
0 0 0 0 1 1 0 0 0 1 
1 0 0 1 1 0 0 0 0 0 
0 0 0 0 1 0 1 0 1 0 
1 0 0 0 0 1 1 0 0 0 
0 1 0 0 0 1 1 0 0 0 
1 0 0 0 0 0 0 0 1 1 
1 0 0 0 1 0 0 0 1 0 
1 0 0 0 1 0 1 0 0 0 
0 0 1 0 0 0 1 0 1 0 
0 1 0 0 0 0 1 0 0 1 
1 0 0 1 0 1 0 0 0 0 
0 0 1 0 1 0 1 0 0 0 
0 1 0 1 0 0 0 0 0 1 
0 0 0 0 1 0 0 0 1 1 
0 0 1 1 1 0 0 0 0 0 
1 0 0 0 0 0 1 0 1 0 
0 0 0 1 0 0 0 1 0 1 
0 1 0 0 0 0 0 1 1 0 
0 0 0 1 1 0 0 1 0 0 
0 0 0 1 0 0 0 1 1 0 
1 0 0 0 0 1 0 0 0 1 
0 1 0 0 0 1 1 0 0 0 
1 1 1 0 0 0 0 0 0 0 
0 0 0 0 0 1 1 1 0 0 
0 0 0 1 1 1 0 0 0 0 
0 0 1 0 1 0 0 0 1 0 
0 1 1 0 0 0 0 0 1 0 
0 0 1 0 0 0 0 1 1 0 
0 0 0 0 0 1 1 0 0 1 
numSequences: 3628800
minStacks: 22
Best sequence:
9 6 5 0 1 3 2 4 7 8 
0 0 0 1 0 0 1 1 0 0 
1 0 1 0 0 0 0 1 0 0 
0 0 0 1 0 1 0 1 0 0 
0 1 0 0 0 0 0 1 0 1 
0 1 1 1 0 0 0 0 0 0 
0 1 1 0 1 0 0 0 0 0 
1 0 0 1 0 0 0 0 0 1 
0 0 0 1 0 0 0 1 0 1 
0 1 0 1 0 0 0 1 0 0 
0 1 0 0 0 0 1 0 0 1 
1 1 0 0 1 0 0 0 0 0 
0 0 1 1 0 1 0 0 0 0 
0 1 0 0 0 0 1 1 0 0 
1 0 0 0 1 1 0 0 0 0 
1 0 0 0 0 0 0 1 0 1 
0 0 0 0 0 1 1 1 0 0 
0 1 0 1 0 0 0 0 0 1 
1 0 0 0 0 1 0 0 1 0 
0 0 0 0 1 0 0 0 1 1 
0 0 0 0 0 1 0 1 1 0 
0 0 0 0 0 1 0 0 1 1 
1 0 1 1 0 0 0 0 0 0 
0 1 1 0 1 0 0 0 0 0 
0 0 0 1 1 0 1 0 0 0 
0 1 1 0 0 0 0 0 1 0 
0 0 1 0 0 1 0 1 0 0 
0 0 0 0 0 0 1 1 0 1 
0 0 0 0 1 0 1 0 0 1 
0 0 0 0 0 0 1 0 1 1 
1 1 1 0 0 0 0 0 0 0 
Open stacks: 22
Took 10.74 seconds

buffer: Warwick 1408: balanced products, 3 products per order
numCustomers: 30
numProducts: 10
0 1 0 1 0 1 0 0 0 0 
1 0 0 0 1 0 0 1 0 0 
0 1 0 0 0 0 0 1 1 0 
0 1 0 0 0 1 0 1 0 0 
0 1 1 0 0 0 0 0 0 1 
1 1 0 1 0 0 0 0 0 0 
0 0 1 1 0 0 0 0 0 1 
0 1 1 0 0 1 0 0 0 0 
0 0 0 0 1 0 1 1 0 0 
0 0 0 0 0 0 1 1 1 0 
0 0 0 0 1 1 0 1 0 0 
0 0 1 0 1 0 0 1 0 0 
1 0 0 0 1 0 1 0 0 0 
0 0 1 0 1 0 0 0 0 1 
1 0 0 0 0 0 0 1 0 1 
1 0 1 0 0 0 1 0 0 0 
1 0 0 1 0 0 0 1 0 0 
1 0 0 0 0 0 0 0 1 1 
0 1 1 0 0 0 0 0 1 0 
1 1 0 0 0 0 0 0 0 1 
1 0 0 0 1 0 1 0 0 0 
0 1 0 1 1 0 0 0 0 0 
0 1 1 0 0 0 1 0 0 0 
0 1 0 0 0 1 0 1 0 0 
0 0 0 1 0 0 1 0 0 1 
0 0 0 0 1 0 1 0 0 1 
0 0 1 0 1 0 0 0 0 1 
0 0 1 1 0 0 1 0 0 0 
0 0 1 0 1 1 0 0 0 0 
0 0 1 0 0 1 0 1 0 0 
numSequences: 3628800
minStacks: 23
Best sequence:
9 6 4 2 0 3 1 5 7 8 
0 0 0 0 0 1 1 1 0 0 
0 0 1 0 1 0 0 0 1 0 
0 0 0 0 0 0 1 0 1 1 
0 0 0 0 0 0 1 1 1 0 
1 0 0 1 0 0 1 0 0 0 
0 0 0 0 1 1 1 0 0 0 
1 0 0 1 0 1 0 0 0 0 
0 0 0 1 0 0 1 1 0 0 
0 1 1 0 0 0 0 0 1 0 
0 1 0 0 0 0 0 0 1 1 
0 0 1 0 0 0 0 1 1 0 
0 0 1 1 0 0 0 0 1 0 
0 1 1 0 1 0 0 0 0 0 
1 0 1 1 0 0 0 0 0 0 
1 0 0 0 1 0 0 0 1 0 
0 1 0 1 1 0 0 0 0 0 
0 0 0 0 1 1 0 0 1 0 
1 0 0 0 1 0 0 0 0 1 
0 0 0 1 0 0 1 0 0 1 
1 0 0 0 1 0 1 0 0 0 
0 1 1 0 1 0 0 0 0 0 
0 0 1 0 0 1 1 0 0 0 
0 1 0 1 0 0 1 0 0 0 
0 0 0 0 0 0 1 1 1 0 
1 1 0 0 0 1 0 0 0 0 
1 1 1 0 0 0 0 0 0 0 
1 0 1 1 0 0 0 0 0 0 
0 1 0 1 0 1 0 0 0 0 
0 0 1 1 0 0 0 1 0 0 
0 0 0 1 0 0 0 1 1 0 
Open stacks: 23
Took 10.75 seconds

buffer: Warwick 1409: balanced products, 3 products per order
numCustomers: 30
numProducts: 10
0 0 0 0 1 1 0 1 0 0 
0 0 0 0 0 0 1 0 1 1 
0 0 0 1 0 1 1 0 0 0 
1 0 0 0 0 0 1 0 1 0 
0 1 0 0 1 0 0 0 1 0 
0 1 0 0 1 0 0 0 0 1 
0 0 0 0 0 1 1 0 1 0 
0 0 1 0 1 1 0 0 0 0 
1 0 0 0 0 0 0 1 1 0 
1 0 1 0 0 0 0 1 0 0 
0 1 0 0 0 0 0 0 1 1 
0 1 0 0 0 1 0 0 1 0 
0 1 0 0 1 0 0 1 0 0 
0 1 0 1 1 0 0 0 0 0 
0 0 0 1 1 0 1 0 0 0 
0 1 0 0 1 0 0 1 0 0 
1 0 0 0 1 0 0 0 1 0 
0 0 0 0 1 0 0 0 1 1 
1 0 1 0 0 0 1 0 0 0 
0 0 0 1 0 1 0 1 0 0 
1 0 0 0 0 0 1 0 1 0 
0 0 1 0 1 0 1 0 0 0 
0 0 0 1 0 1 1 0 0 0 
0 0 1 0 0 1 1 0 0 0 
0 1 0 1 0 0 0 1 0 0 
0 0 1 1 0 0 1 0 0 0 
0 0 0 1 1 1 0 0 0 0 
0 0 1 0 0 1 0 0 1 0 
0 0 1 0 1 1 0 0 0 0 
0 0 0 1 0 0 0 1 0 1 
numSequences: 3628800
minStacks: 21
Best sequence:
9 7 4 1 3 5 2 0 6 8 
0 1 1 0 0 1 0 0 0 0 
1 0 0 0 0 0 0 0 1 1 
0 0 0 0 1 1 0 0 1 0 
0 0 0 0 0 0 0 1 1 1 
0 0 1 1 0 0 0 0 0 1 
1 0 1 1 0 0 0 0 0 0 
0 0 0 0 0 1 0 0 1 1 
0 0 1 0 0 1 1 0 0 0 
0 1 0 0 0 0 0 1 0 1 
0 1 0 0 0 0 1 1 0 0 
1 0 0 1 0 0 0 0 0 1 
0 0 0 1 0 1 0 0 0 1 
0 1 1 1 0 0 0 0 0 0 
0 0 1 1 1 0 0 0 0 0 
0 0 1 0 1 0 0 0 1 0 
0 1 1 1 0 0 0 0 0 0 
0 0 1 0 0 0 0 1 0 1 
1 0 1 0 0 0 0 0 0 1 
0 0 0 0 0 0 1 1 1 0 
0 1 0 0 1 1 0 0 0 0 
0 0 0 0 0 0 0 1 1 1 
0 0 1 0 0 0 1 0 1 0 
0 0 0 0 1 1 0 0 1 0 
0 0 0 0 0 1 1 0 1 0 
0 1 0 1 1 0 0 0 0 0 
0 0 0 0 1 0 1 0 1 0 
0 0 1 0 1 1 0 0 0 0 
0 0 0 0 0 1 1 0 0 1 
0 0 1 0 0 1 1 0 0 0 
1 1 0 0 1 0 0 0 0 0 
Open stacks: 21
Took 10.75 seconds

buffer: Warwick 1410: balanced products, 3 products per order
numCustomers: 30
numProducts: 10
0 0 1 1 0 0 1 0 0 0 
1 0 0 0 1 0 0 1 0 0 
0 0 1 1 1 0 0 0 0 0 
0 0 0 0 0 0 0 1 1 1 
0 1 0 0 0 0 1 1 0 0 
0 0 1 0 0 0 0 0 1 1 
0 0 1 0 0 1 0 0 1 0 
1 0 0 0 0 0 1 0 0 1 
0 1 0 0 0 0 1 0 0 1 
0 0 1 1 0 0 0 0 1 0 
1 0 0 0 1 0 0 0 0 1 
1 0 0 0 0 0 0 0 1 1 
0 1 0 0 1 0 1 0 0 0 
0 0 0 0 0 1 0 1 1 0 
0 1 0 1 0 0 0 0 1 0 
0 0 0 1 1 1 0 0 0 0 
0 1 0 0 1 0 0 1 0 0 
1 1 0 0 0 0 0 0 1 0 
0 0 0 1 0 0 1 0 0 1 
0 0 0 1 1 1 0 0 0 0 
0 0 1 0 0 1 0 1 0 0 
1 1 1 0 0 0 0 0 0 0 
0 1 0 1 1 0 0 0 0 0 
0 0 1 0 1 0 0 0 0 1 
0 0 1 0 1 0 0 0 0 1 
0 1 0 0 1 0 0 1 0 0 
0 0 0 0 0 1 1 1 0 0 
0 0 0 0 1 0 0 1 0 1 
0 1 1 0 0 0 0 1 0 0 
0 0 1 0 1 1 0 0 0 0 
numSequences: 3628800
minStacks: 23
Best sequence:
9 8 7 0 6 1 3 2 4 5 
0 0 0 0 1 0 1 1 0 0 
0 0 1 1 0 0 0 0 1 0 
0 0 0 0 0 0 1 1 1 0 
1 1 1 0 0 0 0 0 0 0 
0 0 1 0 1 1 0 0 0 0 
1 1 0 0 0 0 0 1 0 0 
0 1 0 0 0 0 0 1 0 1 
1 0 0 1 1 0 0 0 0 0 
1 0 0 0 1 1 0 0 0 0 
0 1 0 0 0 0 1 1 0 0 
1 0 0 1 0 0 0 0 1 0 
1 1 0 1 0 0 0 0 0 0 
0 0 0 0 1 1 0 0 1 0 
0 1 1 0 0 0 0 0 0 1 
0 1 0 0 0 1 1 0 0 0 
0 0 0 0 0 0 1 0 1 1 
0 0 1 0 0 1 0 0 1 0 
0 1 0 1 0 1 0 0 0 0 
1 0 0 0 1 0 1 0 0 0 
0 0 0 0 0 0 1 0 1 1 
0 0 1 0 0 0 0 1 0 1 
0 0 0 1 0 1 0 1 0 0 
0 0 0 0 0 1 1 0 1 0 
1 0 0 0 0 0 0 1 1 0 
1 0 0 0 0 0 0 1 1 0 
0 0 1 0 0 1 0 0 1 0 
0 0 1 0 1 0 0 0 0 1 
1 0 1 0 0 0 0 0 1 0 
0 0 1 0 0 1 0 1 0 0 
0 0 0 0 0 0 0 1 1 1 
Open stacks: 23
Took 10.76 seconds

buffer: Warwick 1411: balanced products, 4 products per order
numCustomers: 30
numProducts: 10
1 1 1 0 0 0 0 0 0 1 
0 0 1 0 0 0 1 1 1 0 
0 0 1 1 1 0 0 0 0 1 
0 1 0 0 1 1 1 0 0 0 
0 1 0 0 0 1 0 1 1 0 
0 0 1 0 1 0 1 0 0 1 
0 1 1 0 0 1 0 0 1 0 
0 0 1 0 0 1 0 0 1 1 
1 0 0 0 0 1 1 1 0 0 
1 0 0 0 1 1 0 0 1 0 
1 0 0 0 0 1 0 1 0 1 
0 1 1 0 0 0 0 0 1 1 
0 1 0 0 0 0 1 1 0 1 
1 0 1 0 0 0 1 0 0 1 
1 1 1 0 0 0 0 1 0 0 
0 0 1 1 0 0 0 0 1 1 
0 0 1 0 0 0 1 0 1 1 
1 0 0 1 0 1 1 0 0 0 
0 0 1 0 0 0 1 1 1 0 
0 1 0 0 0 1 0 1 0 1 
0 0 0 1 1 0 0 1 1 0 
1 0 1 0 0 0 1 0 1 0 
0 1 0 1 0 0 1 0 0 1 
0 1 1 0 0 1 1 0 0 0 
0 1 0 1 0 0 1 1 0 0 
0 1 0 0 0 0 1 0 1 1 
0 0 0 0 0 0 1 1 1 1 
0 1 1 0 0 1 1 0 0 0 
0 1 0 1 0 0 0 0 1 1 
0 1 0 0 0 1 1 1 0 0 
numSequences: 3628800
minStacks: 27
Best sequence:
9 8 3 2 4 1 5 6 0 7 
1 0 0 1 0 1 0 0 1 0 
0 1 0 1 0 0 0 1 0 1 
1 0 1 1 1 0 0 0 0 0 
0 0 0 0 1 1 1 1 0 0 
0 1 0 0 0 1 1 0 0 1 
1 0 0 1 1 0 0 1 0 0 
0 1 0 1 0 1 1 0 0 0 
1 1 0 1 0 0 1 0 0 0 
0 0 0 0 0 0 1 1 1 1 
0 1 0 0 1 0 1 0 1 0 
1 0 0 0 0 0 1 0 1 1 
1 1 0 1 0 1 0 0 0 0 
1 0 0 0 0 1 0 1 0 1 
1 0 0 1 0 0 0 1 1 0 
0 0 0 1 0 1 0 0 1 1 
1 1 1 1 0 0 0 0 0 0 
1 1 0 1 0 0 0 1 0 0 
0 0 1 0 0 0 1 1 1 0 
0 1 0 1 0 0 0 1 0 1 
1 0 0 0 0 1 1 0 0 1 
0 1 1 0 1 0 0 0 0 1 
0 1 0 1 0 0 0 1 1 0 
1 0 1 0 0 1 0 1 0 0 
0 0 0 1 0 1 1 1 0 0 
0 0 1 0 0 1 0 1 0 1 
1 1 0 0 0 1 0 1 0 0 
1 1 0 0 0 0 0 1 0 1 
0 0 0 1 0 1 1 1 0 0 
1 1 1 0 0 1 0 0 0 0 
0 0 0 0 0 1 1 1 0 1 
Open stacks: 27
Took 10.87 seconds

buffer: Warwick 1412: balanced products, 4 products per order
numCustomers: 30
numProducts: 10
0 0 1 0 1 0 1 0 1 0 
1 0 0 0 1 0 1 1 0 0 
1 0 0 1 1 0 0 0 0 1 
1 0 0 0 0 1 1 0 0 1 
0 0 0 1 0 1 1 1 0 0 
1 0 1 1 0 0 1 0 0 0 
0 1 1 1 0 0 0 0 1 0 
0 0 0 0 1 0 0 1 1 1 
0 1 0 0 1 0 0 1 1 0 
1 0 0 0 1 1 1 0 0 0 
1 0 1 0 1 0 0 1 0 0 
0 0 0 1 1 1 0 0 1 0 
1 0 0 0 1 0 0 1 1 0 
0 0 1 1 1 0 0 0 0 1 
0 0 1 1 0 0 1 0 1 0 
0 0 0 1 1 0 0 0 1 1 
0 0 0 0 1 1 0 1 1 0 
1 0 0 0 1 0 0 1 0 1 
1 0 0 0 0 0 1 1 0 1 
1 0 1 1 0 1 0 0 0 0 
0 0 1 0 0 1 1 1 0 0 
1 0 0 0 1 1 0 1 0 0 
1 0 0 1 0 1 0 1 0 0 
0 0 0 0 1 1 1 0 1 0 
1 1 0 0 1 0 1 0 0 0 
0 0 0 1 0 0 1 1 0 1 
1 0 1 0 1 1 0 0 0 0 
1 0 1 0 0 1 1 0 0 0 
1 0 0 1 1 1 0 0 0 0 
1 0 1 0 0 0 0 1 0 1 
numSequences: 3628800
minStacks: 27
Best sequence:
9 8 7 4 1 3 5 0 2 6 
0 1 0 1 0 0 0 0 1 1 
0 0 1 1 0 0 0 1 0 1 
1 0 0 1 0 1 0 1 0 0 
1 0 0 0 0 0 1 1 0 1 
0 0 1 0 0 1 1 0 0 1 
0 0 0 0 0 1 0 1 1 1 
0 1 0 0 1 1 0 0 1 0 
1 1 1 1 0 0 0 0 0 0 
0 1 1 1 1 0 0 0 0 0 
0 0 0 1 0 0 1 1 0 1 
0 0 1 1 0 0 0 1 1 0 
0 1 0 1 0 1 1 0 0 0 
0 1 1 1 0 0 0 1 0 0 
1 0 0 1 0 1 0 0 1 0 
0 1 0 0 0 1 0 0 1 1 
1 1 0 1 0 1 0 0 0 0 
0 1 1 1 0 0 1 0 0 0 
1 0 1 1 0 0 0 1 0 0 
1 0 1 0 0 0 0 1 0 1 
0 0 0 0 0 1 1 1 1 0 
0 0 1 0 0 0 1 0 1 1 
0 0 1 1 0 0 1 1 0 0 
0 0 1 0 0 1 1 1 0 0 
0 1 0 1 0 0 1 0 0 1 
0 0 0 1 1 0 0 1 0 1 
1 0 1 0 0 1 0 0 0 1 
0 0 0 1 0 0 1 1 1 0 
0 0 0 0 0 0 1 1 1 1 
0 0 0 1 0 1 1 1 0 0 
1 0 1 0 0 0 0 1 1 0 
Open stacks: 27
Took 10.88 seconds

buffer: Warwick 1413: balanced products, 4 products per order
numCustomers: 30
numProducts: 10
1 0 0 1 0 1 1 0 0 0 
1 0 1 0 0 1 0 0 1 0 
1 1 1 0 0 0 0 0 0 1 
0 0 0 1 0 1 0 1 0 1 
0 1 1 1 0 0 1 0 0 0 
0 0 0 0 0 0 1 1 1 1 
0 0 1 1 0 1 0 0 1 0 
0 1 0 0 1 0 0 0 1 1 
0 0 1 0 1 0 0 0 1 1 
0 1 0 0 0 0 1 1 0 1 
0 0 1 1 1 0 0 1 0 0 
0 0 1 0 1 0 0 1 1 0 
1 0 0 0 1 0 1 0 0 1 
1 0 1 0 0 0 0 1 0 1 
0 0 1 1 1 1 0 0 0 0 
1 0 0 1 0 1 0 1 0 0 
0 1 1 0 0 0 1 1 0 0 
1 0 0 1 1 0 0 0 0 1 
0 0 0 1 1 0 0 1 1 0 
1 0 1 1 1 0 0 0 0 0 
1 1 0 0 1 0 1 0 0 0 
0 1 0 0 1 0 1 0 0 1 
0 0 0 0 0 1 1 0 1 1 
0 0 1 1 1 0 0 0 1 0 
0 0 0 1 1 1 0 0 0 1 
0 0 0 1 1 0 0 1 1 0 
1 1 0 1 0 1 0 0 0 0 
1 1 0 0 0 1 0 1 0 0 
0 1 0 0 0 0 1 1 0 1 
0 1 0 1 0 1 0 0 0 1 
numSequences: 3628800
minStacks: 26
Best sequence:
9 7 6 1 4 0 2 3 5 8 
0 0 1 0 0 1 0 1 1 0 
0 0 0 0 0 1 1 0 1 1 
1 0 0 1 0 1 1 0 0 0 
1 1 0 0 0 0 0 1 1 0 
0 0 1 1 0 0 1 1 0 0 
1 1 1 0 0 0 0 0 0 1 
0 0 0 0 0 0 1 1 1 1 
1 0 0 1 1 0 0 0 0 1 
1 0 0 0 1 0 1 0 0 1 
1 1 1 1 0 0 0 0 0 0 
0 1 0 0 1 0 1 1 0 0 
0 1 0 0 1 0 1 0 0 1 
1 0 1 0 1 1 0 0 0 0 
1 1 0 0 0 1 1 0 0 0 
0 0 0 0 1 0 1 1 1 0 
0 1 0 0 0 1 0 1 1 0 
0 1 1 1 0 0 1 0 0 0 
1 0 0 0 1 1 0 1 0 0 
0 1 0 0 1 0 0 1 0 1 
0 0 0 0 1 1 1 1 0 0 
0 0 1 1 1 1 0 0 0 0 
1 0 1 1 1 0 0 0 0 0 
1 0 1 0 0 0 0 0 1 1 
0 0 0 0 1 0 1 1 0 1 
1 0 0 0 1 0 0 1 1 0 
0 1 0 0 1 0 0 1 0 1 
0 0 0 1 0 1 0 1 1 0 
0 1 0 1 0 1 0 0 1 0 
1 1 1 1 0 0 0 0 0 0 
1 0 0 1 0 0 0 1 1 0 
Open stacks: 26
Took 10.87 seconds

buffer: Warwick 1414: balanced products, 4 products per order
numCustomers: 30
numProducts: 10
0 0 1 1 0 0 1 0 1 0 
0 1 0 1 1 1 0 0 0 0 
0 1 0 0 0 0 1 1 1 0 
0 0 0 0 1 0 1 1 1 0 
1 0 0 1 0 0 0 0 1 1 
0 1 1 0 0 0 1 0 0 1 
0 1 1 0 0 1 0 1 0 0 
0 0 0 0 1 1 0 0 1 1 
1 0 0 0 1 0 1 0 1 0 
1 0 0 1 0 0 0 1 0 1 
0 0 0 1 1 0 0 1 0 1 
1 0 0 0 1 1 0 0 1 0 
1 0 0 1 1 0 0 1 0 0 
1 0 0 1 0 0 1 0 1 0 
1 0 0 0 1 1 1 0 0 0 
0 1 1 0 0 0 1 0 0 1 
0 1 0 1 0 0 1 0 0 1 
1 0 0 1 1 0 1 0 0 0 
0 1 1 0 1 0 0 1 0 0 
0 1 0 1 1 0 0 0 0 1 
0 1 0 0 1 0 0 1 1 0 
0 1 1 1 0 0 1 0 0 0 
1 0 0 0 0 1 1 1 0 0 
1 0 0 0 1 1 0 0 1 0 
0 1 1 0 1 1 0 0 0 0 
0 0 0 1 0 1 1 0 1 0 
1 0 0 1 1 0 0 0 1 0 
0 0 1 0 0 0 0 1 1 1 
1 0 1 0 0 0 0 0 1 1 
1 1 0 1 0 0 0 1 0 0 
numSequences: 3628800
minStacks: 26
Best sequence:
9 6 1 2 3 4 0 5 7 8 
0 1 0 1 1 0 0 0 0 1 
0 0 1 0 1 1 0 1 0 0 
0 1 1 0 0 0 0 0 1 1 
0 1 0 0 0 1 0 0 1 1 
1 0 0 0 1 0 1 0 0 1 
1 1 1 1 0 0 0 0 0 0 
0 0 1 1 0 0 0 1 1 0 
1 0 0 0 0 1 0 1 0 1 
0 1 0 0 0 1 1 0 0 1 
1 0 0 0 1 0 1 0 1 0 
1 0 0 0 1 1 0 0 1 0 
0 0 0 0 0 1 1 1 0 1 
0 0 0 0 1 1 1 0 1 0 
0 1 0 0 1 0 1 0 0 1 
0 1 0 0 0 1 1 1 0 0 
1 1 1 1 0 0 0 0 0 0 
1 1 1 0 1 0 0 0 0 0 
0 1 0 0 1 1 1 0 0 0 
0 0 1 1 0 1 0 0 1 0 
1 0 1 0 1 1 0 0 0 0 
0 0 1 0 0 1 0 0 1 1 
0 1 1 1 1 0 0 0 0 0 
0 1 0 0 0 0 1 1 1 0 
0 0 0 0 0 1 1 1 0 1 
0 0 1 1 0 1 0 1 0 0 
0 1 0 0 1 0 0 1 0 1 
0 0 0 0 1 1 1 0 0 1 
1 0 0 1 0 0 0 0 1 1 
1 0 0 1 0 0 1 0 0 1 
0 0 1 0 1 0 1 0 1 0 
Open stacks: 26
Took 10.87 seconds

buffer: Warwick 1415: balanced products, 4 products per order
numCustomers: 30
numProducts: 10
1 0 0 0 0 1 1 1 0 0 
0 0 1 1 0 1 1 0 0 0 
0 1 0 0 1 1 1 0 0 0 
0 0 0 1 1 0 0 0 1 1 
1 0 1 1 0 0 0 0 0 1 
1 1 1 0 0 0 0 0 0 1 
0 1 0 0 1 0 1 0 1 0 
0 0 0 1 1 0 1 0 1 0 
0 0 0 0 1 1 0 1 1 0 
1 0 0 0 0 1 1 1 0 0 
1 0 0 0 0 0 1 0 1 1 
0 0 0 0 0 1 0 1 1 1 
0 1 1 0 1 0 0 0 0 1 
0 0 0 1 1 1 0 0 1 0 
0 0 1 0 1 0 0 1 0 1 
0 1 1 0 0 0 0 1 1 0 
0 1 0 0 1 0 0 1 0 1 
0 0 0 1 1 1 0 1 0 0 
1 1 0 0 0 1 1 0 0 0 
1 1 0 0 0 1 0 0 1 0 
0 0 1 0 1 0 0 1 0 1 
0 0 1 1 1 0 0 1 0 0 
0 1 0 1 0 1 0 1 0 0 
1 0 1 1 0 1 0 0 0 0 
0 1 1 0 0 1 0 0 0 1 
1 1 0 0 0 0 1 0 0 1 
1 0 0 1 0 0 0 1 0 1 
1 0 0 1 0 0 0 1 1 0 
0 0 1 1 0 0 1 0 1 0 
0 1 0 1 0 1 0 1 0 0 
numSequences: 3628800
minStacks: 27
Best sequence:
9 6 1 2 0 3 4 5 7 8 
0 1 0 0 1 0 0 1 1 0 
0 1 0 1 0 1 0 1 0 0 
0 1 1 0 0 0 1 1 0 0 
1 0 0 0 0 1 1 0 0 1 
1 0 0 1 1 1 0 0 0 0 
1 0 1 1 1 0 0 0 0 0 
0 1 1 0 0 0 1 0 0 1 
0 1 0 0 0 1 1 0 0 1 
0 0 0 0 0 0 1 1 1 1 
0 1 0 0 1 0 0 1 1 0 
1 1 0 0 1 0 0 0 0 1 
1 0 0 0 0 0 0 1 1 1 
1 0 1 1 0 0 1 0 0 0 
0 0 0 0 0 1 1 1 0 1 
1 0 0 1 0 0 1 0 1 0 
0 0 1 1 0 0 0 0 1 1 
1 0 1 0 0 0 1 0 1 0 
0 0 0 0 0 1 1 1 1 0 
0 1 1 0 1 0 0 1 0 0 
0 0 1 0 1 0 0 1 0 1 
1 0 0 1 0 0 1 0 1 0 
0 0 0 1 0 1 1 0 1 0 
0 0 1 0 0 1 0 1 1 0 
0 0 0 1 1 1 0 1 0 0 
1 0 1 1 0 0 0 1 0 0 
1 1 1 0 1 0 0 0 0 0 
1 0 0 0 1 1 0 0 1 0 
0 0 0 0 1 1 0 0 1 1 
0 1 0 1 0 1 0 0 0 1 
0 0 1 0 0 1 0 1 1 0 
Open stacks: 27
Took 10.87 seconds

buffer: Warwick 1416: balanced products, 4 products per order
numCustomers: 30
numProducts: 10
0 0 1 1 0 1 0 1 0 0 
0 1 0 1 1 1 0 0 0 0 
0 0 0 0 0 1 1 0 1 1 
0 0 1 0 0 1 0 0 1 1 
1 1 1 1 0 0 0 0 0 0 
0 1 1 0 1 1 0 0 0 0 
0 1 1 0 1 0 1 0 0 0 
1 1 0 0 0 0 1 0 1 0 
1 0 1 0 0 1 0 1 0 0 
1 0 0 0 0 0 1 0 1 1 
1 0 0 1 1 0 0 1 0 0 
1 0 1 1 1 0 0 0 0 0 
0 1 0 0 0 1 1 1 0 0 
0 1 1 1 1 0 0 0 0 0 
1 0 0 1 0 0 0 1 1 0 
0 1 0 0 0 0 1 0 1 1 
1 0 1 1 0 1 0 0 0 0 
0 0 1 0 1 1 0 0 1 0 
0 1 1 0 0 0 1 0 1 0 
0 1 0 1 0 0 1 1 0 0 
0 0 0 1 1 0 1 0 0 1 
0 0 0 0 1 1 1 0 1 0 
0 1 1 0 1 0 0 0 0 1 
1 0 0 0 0 1 0 1 1 0 
1 0 1 0 0 0 0 1 1 0 
0 1 0 0 1 0 1 0 1 0 
0 1 0 0 1 1 0 1 0 0 
0 1 0 0 1 0 1 0 0 1 
0 1 0 0 0 0 1 1 1 0 
0 0 0 0 0 1 1 0 1 1 
numSequences: 3628800
minStacks: 26
Best sequence:
9 8 6 1 4 3 0 5 2 7 
0 0 0 0 0 1 0 1 1 1 
0 0 0 1 1 1 0 1 0 0 
1 1 1 0 0 0 0 1 0 0 
1 1 0 0 0 0 0 1 1 0 
0 0 0 1 0 1 1 0 1 0 
0 0 0 1 1 0 0 1 1 0 
0 0 1 1 1 0 0 0 1 0 
0 1 1 1 0 0 1 0 0 0 
0 0 0 0 0 0 1 1 1 1 
1 1 1 0 0 0 1 0 0 0 
0 0 0 0 1 1 1 0 0 1 
0 0 0 0 1 1 1 0 1 0 
0 0 1 1 0 0 0 1 0 1 
0 0 0 1 1 1 0 0 1 0 
0 1 0 0 0 1 1 0 0 1 
1 1 1 1 0 0 0 0 0 0 
0 0 0 0 0 1 1 1 1 0 
0 1 0 0 1 0 0 1 1 0 
0 1 1 1 0 0 0 0 1 0 
0 0 1 1 0 1 0 0 0 1 
1 0 1 0 1 1 0 0 0 0 
0 1 1 0 1 0 0 1 0 0 
1 0 0 1 1 0 0 0 1 0 
0 1 0 0 0 0 1 1 0 1 
0 1 0 0 0 0 1 0 1 1 
0 1 1 1 1 0 0 0 0 0 
0 0 0 1 1 0 0 1 0 1 
1 0 1 1 1 0 0 0 0 0 
0 1 1 1 0 0 0 0 0 1 
1 1 1 0 0 0 0 1 0 0 
Open stacks: 26
Took 10.88 seconds

buffer: Warwick 1417: balanced products, 4 products per order
numCustomers: 30
numProducts: 10
0 0 1 1 0 0 0 1 0 1 
0 0 1 1 1 1 0 0 0 0 
1 0 1 0 1 0 0 0 1 0 
1 1 0 0 0 0 0 1 0 1 
1 1 0 0 0 1 0 1 0 0 
0 0 0 0 1 1 1 1 0 0 
1 0 0 1 0 0 0 1 0 1 
0 1 0 0 1 0 0 0 1 1 
0 1 1 0 1 0 0 0 0 1 
1 1 1 1 0 0 0 0 0 0 
1 0 1 1 0 0 0 1 0 0 
0 0 0 0 0 0 1 1 1 1 
1 0 1 1 0 0 0 1 0 0 
0 0 0 1 1 1 1 0 0 0 
0 1 0 0 0 1 1 0 1 0 
0 0 1 0 0 0 0 1 1 1 
1 1 0 1 0 0 1 0 0 0 
0 0 1 0 1 1 0 0 1 0 
1 0 0 1 0 1 0 1 0 0 
0 0 0 1 0 0 1 1 0 1 
1 0 1 1 0 0 0 1 0 0 
0 0 1 0 1 1 1 0 0 0 
0 0 0 0 1 1 1 0 1 0 
0 1 0 0 1 1 1 0 0 0 
1 1 0 0 1 0 0 1 0 0 
1 0 1 1 0 0 0 0 1 0 
0 1 0 0 0 0 1 1 1 0 
1 1 0 0 0 0 0 0 1 1 
0 1 0 0 1 1 1 0 0 0 
1 0 0 1 1 0 0 1 0 0 
numSequences: 3628800
minStacks: 25
Best sequence:
9 7 3 0 2 4 5 1 6 8 
1 1 1 0 1 0 0 0 0 0 
0 0 1 0 1 1 1 0 0 0 
0 0 0 1 1 1 0 0 0 1 
1 1 0 1 0 0 0 1 0 0 
0 1 0 1 0 0 1 1 0 0 
0 1 0 0 0 1 1 0 1 0 
1 1 1 1 0 0 0 0 0 0 
1 0 0 0 0 1 0 1 0 1 
1 0 0 0 1 1 0 1 0 0 
0 0 1 1 1 0 0 1 0 0 
0 1 1 1 1 0 0 0 0 0 
1 1 0 0 0 0 0 0 1 1 
0 1 1 1 1 0 0 0 0 0 
0 0 1 0 0 1 1 0 1 0 
0 0 0 0 0 0 1 1 1 1 
1 1 0 0 1 0 0 0 0 1 
0 0 1 1 0 0 0 1 1 0 
0 0 0 0 1 1 1 0 0 1 
0 1 1 1 0 0 1 0 0 0 
1 1 1 0 0 0 0 0 1 0 
0 1 1 1 1 0 0 0 0 0 
0 0 0 0 1 1 1 0 1 0 
0 0 0 0 0 1 1 0 1 1 
0 0 0 0 0 1 1 1 1 0 
0 1 0 1 0 1 0 1 0 0 
0 0 1 1 1 0 0 0 0 1 
0 1 0 0 0 0 0 1 1 1 
1 0 0 1 0 0 0 1 0 1 
0 0 0 0 0 1 1 1 1 0 
0 1 1 1 0 1 0 0 0 0 
Open stacks: 25
Took 10.87 seconds

buffer: Warwick 1418: balanced products, 4 products per order
numCustomers: 30
numProducts: 10
0 0 0 0 1 1 0 1 1 0 
1 1 0 1 0 0 1 0 0 0 
0 0 1 0 1 0 0 1 0 1 
0 0 1 0 0 0 1 1 0 1 
0 1 0 0 1 1 0 0 0 1 
1 0 1 0 1 1 0 0 0 0 
0 1 0 1 1 1 0 0 0 0 
0 1 0 0 0 0 1 1 1 0 
0 0 1 0 0 1 1 0 1 0 
0 1 0 1 1 0 0 0 1 0 
0 0 0 1 1 0 1 0 1 0 
1 0 1 0 0 1 0 0 1 0 
0 0 0 1 1 0 1 0 0 1 
1 0 0 1 0 1 0 1 0 0 
0 0 1 1 1 0 0 0 1 0 
0 0 0 1 1 0 1 0 0 1 
1 0 1 0 0 1 0 1 0 0 
1 0 0 0 0 0 1 0 1 1 
0 0 0 1 0 0 0 1 1 1 
1 0 0 0 0 0 1 1 1 0 
0 1 1 1 0 0 1 0 0 0 
1 0 1 0 0 1 0 0 1 0 
0 1 0 0 1 1 0 1 0 0 
0 1 1 1 0 0 0 1 0 0 
1 0 1 1 0 1 0 0 0 0 
1 0 1 0 1 0 1 0 0 0 
0 0 1 0 0 0 1 1 0 1 
1 1 0 1 0 0 0 0 0 1 
1 0 0 0 1 1 0 0 0 1 
1 1 0 1 0 1 0 0 0 0 
numSequences: 3628800
minStacks: 27
Best sequence:
9 7 6 2 4 3 1 0 5 8 
0 1 0 0 1 0 0 0 1 1 
0 0 1 0 0 1 1 1 0 0 
1 1 0 1 1 0 0 0 0 0 
1 1 1 1 0 0 0 0 0 0 
1 0 0 0 1 0 1 0 1 0 
0 0 0 1 1 0 0 1 1 0 
0 0 0 0 1 1 1 0 1 0 
0 1 1 0 0 0 1 0 0 1 
0 0 1 1 0 0 0 0 1 1 
0 0 0 0 1 1 1 0 0 1 
0 0 1 0 1 1 0 0 0 1 
0 0 0 1 0 0 0 1 1 1 
1 0 1 0 1 1 0 0 0 0 
0 1 0 0 0 1 0 1 1 0 
0 0 0 1 1 1 0 0 0 1 
1 0 1 0 1 1 0 0 0 0 
0 1 0 1 0 0 0 1 1 0 
1 0 1 0 0 0 0 1 0 1 
1 1 0 0 0 1 0 0 0 1 
0 1 1 0 0 0 0 1 0 1 
0 0 1 1 0 1 1 0 0 0 
0 0 0 1 0 0 0 1 1 1 
0 1 0 0 1 0 1 0 1 0 
0 1 0 1 0 1 1 0 0 0 
0 0 0 1 0 1 0 1 1 0 
0 0 1 1 1 0 0 1 0 0 
1 1 1 1 0 0 0 0 0 0 
1 0 0 0 0 1 1 1 0 0 
1 0 0 0 1 0 0 1 1 0 
0 0 0 0 0 1 1 1 1 0 
Open stacks: 27
Took 10.87 seconds

buffer: Warwick 1419: balanced products, 4 products per order
numCustomers: 30
numProducts: 10
0 1 0 0 0 0 1 1 1 0 
1 0 0 1 0 1 1 0 0 0 
0 1 0 0 0 0 0 1 1 1 
0 1 0 0 0 0 0 1 1 1 
1 0 1 0 0 1 0 1 0 0 
1 0 0 1 0 1 0 1 0 0 
1 1 0 0 1 0 1 0 0 0 
0 0 1 0 0 1 0 0 1 1 
0 0 1 1 0 1 0 1 0 0 
0 0 1 0 0 1 1 0 0 1 
1 0 1 0 1 0 0 0 0 1 
1 1 0 0 0 1 0 0 0 1 
0 1 0 0 1 1 0 0 0 1 
0 1 1 0 1 0 0 1 0 0 
1 0 1 1 0 0 1 0 0 0 
1 1 0 0 0 1 1 0 0 0 
1 0 1 0 0 1 0 0 1 0 
0 1 0 1 0 0 0 0 1 1 
1 0 1 0 1 1 0 0 0 0 
1 1 0 0 0 1 0 0 0 1 
0 1 0 0 0 1 0 1 1 0 
0 0 1 1 0 0 0 1 1 0 
1 0 0 0 1 1 0 0 0 1 
0 0 1 0 1 0 1 0 1 0 
0 1 1 0 0 0 0 1 1 0 
0 1 0 1 0 0 1 0 1 0 
0 1 1 0 1 0 0 0 0 1 
1 0 0 0 0 1 1 0 0 1 
0 1 0 0 1 1 1 0 0 0 
0 0 0 1 1 1 0 1 0 0 
numSequences: 3628800
minStacks: 27
Best sequence:
9 5 4 0 2 1 3 6 7 8 
0 0 0 0 0 1 0 1 1 1 
0 1 0 1 0 0 1 1 0 0 
1 0 0 0 0 1 0 0 1 1 
1 0 0 0 0 1 0 0 1 1 
0 1 0 1 1 0 0 0 1 0 
0 1 0 1 0 0 1 0 1 0 
0 0 1 1 0 1 0 1 0 0 
1 1 0 0 1 0 0 0 0 1 
0 1 0 0 1 0 1 0 1 0 
1 1 0 0 1 0 0 1 0 0 
1 0 1 1 1 0 0 0 0 0 
1 1 0 1 0 1 0 0 0 0 
1 1 1 0 0 1 0 0 0 0 
0 0 1 0 1 1 0 0 1 0 
0 0 0 1 1 0 1 1 0 0 
0 1 0 1 0 1 0 1 0 0 
0 1 0 1 1 0 0 0 0 1 
1 0 0 0 0 1 1 0 0 1 
0 1 1 1 1 0 0 0 0 0 
1 1 0 1 0 1 0 0 0 0 
0 1 0 0 0 1 0 0 1 1 
0 0 0 0 1 0 1 0 1 1 
1 1 1 1 0 0 0 0 0 0 
0 0 1 0 1 0 0 1 0 1 
0 0 0 0 1 1 0 0 1 1 
0 0 0 0 0 1 1 1 0 1 
1 0 1 0 1 1 0 0 0 0 
1 1 0 1 0 0 0 1 0 0 
0 1 1 0 0 1 0 1 0 0 
0 1 1 0 0 0 1 0 1 0 
Open stacks: 27
Took 10.87 seconds

buffer: Warwick 1420: balanced products, 4 products per order
numCustomers: 30
numProducts: 10
0 0 0 1 0 1 0 1 1 0 
1 1 0 0 0 1 0 0 0 1 
1 0 0 0 0 1 1 1 0 0 
0 1 1 0 1 1 0 0 0 0 
0 0 0 1 0 0 1 1 1 0 
0 0 1 1 0 0 0 0 1 1 
1 0 1 0 1 0 1 0 0 0 
0 1 0 0 1 0 0 0 1 1 
1 1 0 0 0 1 0 1 0 0 
1 0 1 0 0 0 1 0 0 1 
0 0 0 1 1 0 1 0 1 0 
1 0 0 0 1 0 0 1 0 1 
0 0 0 0 1 1 0 1 0 1 
1 1 0 0 0 0 1 0 0 1 
1 1 1 0 0 0 0 0 0 1 
0 0 0 0 1 1 0 1 1 0 
0 0 1 0 1 1 0 0 1 0 
1 1 0 0 1 0 0 0 1 0 
1 0 1 1 0 0 1 0 0 0 
0 1 1 0 0 0 0 0 1 1 
0 0 1 1 0 0 0 0 1 1 
0 1 0 0 1 1 1 0 0 0 
1 0 1 0 0 0 0 0 1 1 
0 1 0 1 0 0 0 1 0 1 
1 0 0 1 1 1 0 0 0 0 
1 0 0 1 0 0 1 1 0 0 
1 0 1 1 0 0 0 1 0 0 
0 1 0 1 0 1 0 0 0 1 
0 0 1 1 0 1 1 0 0 0 
0 1 0 0 1 1 0 1 0 0 
numSequences: 3628800
minStacks: 26
Best sequence:
9 8 3 2 0 6 4 5 1 7 
0 1 1 0 0 0 0 1 0 1 
1 0 0 0 1 0 0 1 1 0 
0 0 0 0 1 1 0 1 0 1 
0 0 0 1 0 0 1 1 1 0 
0 1 1 0 0 1 0 0 0 1 
1 1 1 1 0 0 0 0 0 0 
0 0 0 1 1 1 1 0 0 0 
1 1 0 0 0 0 1 0 1 0 
0 0 0 0 1 0 0 1 1 1 
1 0 0 1 1 1 0 0 0 0 
0 1 1 0 0 1 1 0 0 0 
1 0 0 0 1 0 1 0 0 1 
1 0 0 0 0 0 1 1 0 1 
1 0 0 0 1 1 0 0 1 0 
1 0 0 1 1 0 0 0 1 0 
0 1 0 0 0 0 1 1 0 1 
0 1 0 1 0 0 1 1 0 0 
0 1 0 0 1 0 1 0 1 0 
0 0 1 1 1 1 0 0 0 0 
1 1 0 1 0 0 0 0 1 0 
1 1 1 1 0 0 0 0 0 0 
0 0 0 0 0 1 1 1 1 0 
1 1 0 1 1 0 0 0 0 0 
1 0 1 0 0 0 0 0 1 1 
0 0 1 0 1 0 1 1 0 0 
0 0 1 0 1 1 0 0 0 1 
0 0 1 1 1 0 0 0 0 1 
1 0 1 0 0 0 0 1 1 0 
0 0 1 1 0 1 0 1 0 0 
0 0 0 0 0 0 1 1 1 1 
Open stacks: 26
Took 10.88 seconds

buffer: Warwick 1421: balanced products, 5 products per order
numCustomers: 30
numProducts: 10
0 1 0 0 1 1 0 0 1 1 
0 0 0 1 0 0 1 1 1 1 
0 0 1 1 0 1 0 1 0 1 
0 1 1 1 0 0 0 1 1 0 
0 1 1 1 1 1 0 0 0 0 
0 1 0 1 0 1 1 1 0 0 
1 1 0 1 0 0 1 0 0 1 
1 1 0 0 0 1 1 0 1 0 
0 1 0 0 1 1 1 0 1 0 
1 1 1 1 0 1 0 0 0 0 
1 0 1 1 1 1 0 0 0 0 
0 1 0 1 1 0 1 0 0 1 
0 0 0 0 1 1 1 1 1 0 
1 0 1 1 0 0 0 1 1 0 
0 0 1 0 0 1 1 1 1 0 
1 0 0 1 1 1 0 0 1 0 
1 0 1 0 1 0 1 0 1 0 
1 0 0 1 1 1 0 0 1 0 
0 0 1 1 0 1 0 1 0 1 
1 1 0 0 0 0 1 1 1 0 
0 0 1 0 0 0 1 1 1 1 
1 1 1 0 0 1 0 1 0 0 
0 1 0 1 0 1 1 1 0 0 
0 0 1 1 0 0 1 0 1 1 
0 0 1 0 1 1 0 1 1 0 
0 0 0 1 1 1 1 1 0 0 
0 1 1 0 1 0 0 0 1 1 
0 1 0 0 1 1 0 1 1 0 
0 0 1 1 1 0 1 1 0 0 
0 0 1 1 1 0 1 0 1 0 
numSequences: 3628800
minStacks: 29
Best sequence:
9 6 0 1 3 4 2 5 7 8 
1 0 0 1 0 1 0 1 0 1 
1 1 0 0 1 0 0 0 1 1 
1 0 0 0 1 0 1 1 1 0 
0 0 0 1 1 0 1 0 1 1 
0 0 0 1 1 1 1 1 0 0 
0 1 0 1 1 0 0 1 1 0 
1 1 1 1 1 0 0 0 0 0 
0 1 1 1 0 0 0 1 0 1 
0 1 0 1 0 1 0 1 0 1 
0 0 1 1 1 0 1 1 0 0 
0 0 1 0 1 1 1 1 0 0 
1 1 0 1 1 1 0 0 0 0 
0 1 0 0 0 1 0 1 1 1 
0 0 1 0 1 0 1 0 1 1 
0 1 0 0 0 0 1 1 1 1 
0 0 1 0 1 1 0 1 0 1 
0 1 1 0 0 1 1 0 0 1 
0 0 1 0 1 1 0 1 0 1 
1 0 0 0 1 0 1 1 1 0 
0 1 1 1 0 0 0 0 1 1 
1 1 0 0 0 0 1 0 1 1 
0 0 1 1 0 0 1 1 1 0 
0 1 0 1 1 0 0 1 1 0 
1 1 0 0 1 0 1 0 0 1 
0 0 0 0 0 1 1 1 1 1 
0 1 0 0 1 1 0 1 1 0 
1 0 0 1 0 1 1 0 0 1 
0 0 0 1 0 1 0 1 1 1 
0 1 0 0 1 1 1 0 1 0 
0 1 0 0 1 1 1 0 0 1 
Open stacks: 29
Took 11.01 seconds

buffer: Warwick 1422: balanced products, 5 products per order
numCustomers: 30
numProducts: 10
0 1 1 0 0 1 0 1 0 1 
1 0 1 0 0 1 1 0 1 0 
1 1 1 0 0 0 1 0 1 0 
0 1 0 0 0 1 1 1 0 1 
1 0 0 1 1 1 0 1 0 0 
0 1 1 0 0 0 1 1 0 1 
0 0 1 1 0 0 1 1 1 0 
1 0 0 0 0 1 1 1 0 1 
1 1 0 0 0 1 0 0 1 1 
1 0 0 0 1 1 0 1 1 0 
1 0 0 0 1 1 0 0 1 1 
0 1 0 1 0 1 1 0 1 0 
1 0 0 1 1 0 0 0 1 1 
0 1 0 0 1 1 1 1 0 0 
1 0 0 1 0 1 0 1 1 0 
1 1 1 0 0 1 0 1 0 0 
1 0 1 1 0 1 1 0 0 0 
1 0 0 0 1 1 1 0 1 0 
0 0 0 1 0 1 1 1 0 1 
1 0 1 0 1 0 0 1 0 1 
1 0 1 1 0 1 0 1 0 0 
0 1 0 1 0 1 1 0 0 1 
0 1 1 0 0 1 0 0 1 1 
0 1 0 1 0 0 1 1 0 1 
0 0 1 1 0 1 1 0 0 1 
1 1 1 0 0 0 0 1 1 0 
1 1 0 1 1 1 0 0 0 0 
1 1 0 0 1 0 0 1 1 0 
0 1 1 0 0 1 0 1 1 0 
1 0 1 0 0 1 0 1 0 1 
numSequences: 3628800
minStacks: 29
Best sequence:
9 6 5 2 3 1 0 4 7 8 
1 0 1 1 0 1 0 0 1 0 
0 1 1 1 0 0 1 0 0 1 
0 1 0 1 0 1 1 0 0 1 
1 1 1 0 0 1 0 0 1 0 
0 0 1 0 1 0 1 1 1 0 
1 1 0 1 0 1 0 0 1 0 
0 1 0 1 1 0 0 0 1 1 
1 1 1 0 0 0 1 0 1 0 
1 0 1 0 0 1 1 0 0 1 
0 0 1 0 0 0 1 1 1 1 
1 0 1 0 0 0 1 1 0 1 
0 1 1 0 1 1 0 0 0 1 
1 0 0 0 1 0 1 1 0 1 
0 1 1 0 0 1 0 1 1 0 
0 0 1 0 1 0 1 0 1 1 
0 0 1 1 0 1 1 0 1 0 
0 1 1 1 1 0 1 0 0 0 
0 1 1 0 0 0 1 1 0 1 
1 1 1 0 1 0 0 0 1 0 
1 0 0 1 0 0 1 1 1 0 
0 0 1 1 1 0 1 0 1 0 
1 1 1 0 1 1 0 0 0 0 
1 0 1 1 0 1 0 0 0 1 
1 1 0 0 1 1 0 0 1 0 
1 1 1 1 1 0 0 0 0 0 
0 0 0 1 0 1 1 0 1 1 
0 0 1 0 1 1 1 1 0 0 
0 0 0 0 0 1 1 1 1 1 
0 0 1 1 0 1 0 0 1 1 
1 0 1 1 0 0 1 0 1 0 
Open stacks: 29
Took 11.03 seconds

buffer: Warwick 1423: balanced products, 5 products per order
numCustomers: 30
numProducts: 10
0 0 0 1 1 0 1 1 1 0 
1 0 0 1 0 1 1 1 0 0 
1 0 1 1 1 0 0 1 0 0 
1 0 0 0 1 0 1 1 1 0 
0 0 1 1 0 0 1 1 1 0 
0 1 0 0 0 1 1 1 1 0 
0 1 0 1 1 0 1 0 1 0 
1 0 0 1 0 1 1 0 0 1 
0 0 0 1 1 0 1 1 0 1 
1 1 0 0 1 1 1 0 0 0 
0 0 0 1 1 1 0 1 1 0 
0 0 1 1 0 1 0 1 0 1 
0 1 0 1 1 0 1 0 1 0 
1 1 1 1 0 0 1 0 0 0 
0 1 1 0 1 1 0 0 1 0 
0 0 1 1 0 1 0 1 0 1 
1 1 0 0 0 0 1 1 0 1 
1 1 0 0 0 0 1 1 1 0 
0 0 0 1 1 1 0 1 0 1 
1 0 1 1 1 0 0 0 0 1 
1 0 1 0 1 0 1 0 0 1 
0 0 1 1 0 1 1 1 0 0 
1 1 1 0 1 1 0 0 0 0 
1 1 0 0 1 0 0 1 1 0 
0 1 1 0 1 1 0 0 0 1 
1 0 1 0 0 1 0 1 1 0 
1 1 0 0 1 0 1 1 0 0 
1 0 0 1 0 1 0 1 0 1 
1 0 1 1 0 0 1 0 0 1 
0 1 0 0 0 0 1 1 1 1 
numSequences: 3628800
minStacks: 29
Best sequence:
9 4 0 2 3 1 5 6 7 8 
0 1 0 0 1 0 0 1 1 1 
0 0 1 0 1 0 1 1 1 0 
0 1 1 1 1 0 0 0 1 0 
0 1 1 0 0 0 0 1 1 1 
0 0 0 1 1 0 0 1 1 1 
0 0 0 0 0 1 1 1 1 1 
0 1 0 0 1 1 0 1 0 1 
1 0 1 0 1 0 1 1 0 0 
1 1 0 0 1 0 0 1 1 0 
0 1 1 0 0 1 1 1 0 0 
0 1 0 0 1 0 1 0 1 1 
1 0 0 1 1 0 1 0 1 0 
0 1 0 0 1 1 0 1 0 1 
0 0 1 1 1 1 0 1 0 0 
0 1 0 1 0 1 1 0 0 1 
1 0 0 1 1 0 1 0 1 0 
1 0 1 0 0 1 0 1 1 0 
0 0 1 0 0 1 0 1 1 1 
1 1 0 0 1 0 1 0 1 0 
1 1 1 1 1 0 0 0 0 0 
1 1 1 1 0 0 0 1 0 0 
0 0 0 1 1 0 1 1 1 0 
0 1 1 1 0 1 1 0 0 0 
0 1 1 0 0 1 0 0 1 1 
1 1 0 1 0 1 1 0 0 0 
0 0 1 1 0 0 1 0 1 1 
0 1 1 0 0 1 0 1 1 0 
1 0 1 0 1 0 1 0 1 0 
1 0 1 1 1 0 0 1 0 0 
1 0 0 0 0 1 0 1 1 1 
Open stacks: 29
Took 11.01 seconds

buffer: Warwick 1424: balanced products, 5 products per order
numCustomers: 30
numProducts: 10
0 1 0 0 0 1 0 1 1 1 
0 1 1 1 0 1 0 0 1 0 
1 0 0 1 1 0 1 1 0 0 
0 0 1 1 0 0 1 1 1 0 
0 1 1 0 1 0 1 1 0 0 
1 1 1 1 0 1 0 0 0 0 
0 1 1 0 0 1 0 0 1 1 
1 0 0 1 0 0 1 0 1 1 
1 0 1 1 0 0 0 1 0 1 
0 0 1 1 0 0 1 1 1 0 
0 0 1 0 1 0 1 1 1 0 
0 1 0 0 1 1 1 0 0 1 
0 1 0 0 1 0 0 1 1 1 
1 0 0 0 1 0 1 0 1 1 
0 1 1 1 0 0 0 0 1 1 
1 1 1 0 1 1 0 0 0 0 
0 1 1 0 0 0 1 0 1 1 
1 0 0 1 1 0 1 1 0 0 
1 1 0 1 1 0 0 0 1 0 
1 1 1 1 1 0 0 0 0 0 
1 1 0 0 0 1 1 0 0 1 
0 0 0 1 1 1 0 1 1 0 
0 0 1 0 0 1 0 1 1 1 
0 1 0 1 1 1 0 0 1 0 
0 1 1 1 0 0 1 0 0 1 
1 0 1 1 0 1 0 0 0 1 
1 1 1 0 0 1 0 1 0 0 
0 1 1 1 0 1 0 1 0 0 
0 0 0 1 1 0 1 1 0 1 
1 0 1 0 1 0 0 1 1 0 
numSequences: 3628800
minStacks: 29
Best sequence:
9 8 5 1 2 0 4 6 3 7 
1 1 1 1 0 0 0 0 0 1 
0 1 1 1 1 0 0 0 1 0 
0 0 0 0 0 1 1 1 1 1 
0 1 0 0 1 0 0 1 1 1 
0 0 0 1 1 0 1 1 0 1 
0 0 1 1 1 1 0 0 1 0 
1 1 1 1 1 0 0 0 0 0 
1 1 0 0 0 1 0 1 1 0 
1 0 0 0 1 1 0 0 1 1 
0 1 0 0 1 0 0 1 1 1 
0 1 0 0 1 0 1 1 0 1 
1 0 1 1 0 0 1 1 0 0 
1 1 0 1 0 0 1 0 0 1 
1 1 0 0 0 1 1 1 0 0 
1 1 0 1 1 0 0 0 1 0 
0 0 1 1 1 1 1 0 0 0 
1 1 0 1 1 0 0 1 0 0 
0 0 0 0 0 1 1 1 1 1 
0 1 0 1 0 1 1 0 1 0 
0 0 0 1 1 1 1 0 1 0 
1 0 1 1 0 1 0 1 0 0 
0 1 1 0 0 0 1 0 1 1 
1 1 1 0 1 0 0 0 0 1 
0 1 1 1 0 0 1 0 1 0 
1 0 0 1 1 0 0 1 1 0 
1 0 1 0 1 1 0 0 1 0 
0 0 1 1 1 1 0 0 0 1 
0 0 1 1 1 0 0 0 1 1 
1 0 0 0 0 0 1 1 1 1 
0 1 0 0 1 1 1 0 0 1 
Open stacks: 29
Took 11.02 seconds

buffer: Warwick 1425: balanced products, 5 products per order
numCustomers: 30
numProducts: 10
1 1 1 0 0 1 0 0 0 1 
1 1 1 0 0 0 1 0 0 1 
0 0 0 1 0 1 1 1 0 1 
1 1 0 1 0 1 1 0 0 0 
0 0 1 1 0 0 0 1 1 1 
1 1 1 1 0 0 0 0 1 0 
0 1 0 0 0 1 0 1 1 1 
0 0 1 1 0 0 1 1 1 0 
0 1 1 0 1 1 0 1 0 0 
0 0 0 1 1 1 0 1 0 1 
1 0 0 0 0 0 1 1 1 1 
1 0 0 1 0 1 0 1 1 0 
1 1 1 1 0 0 0 0 0 1 
0 1 1 0 0 0 1 0 1 1 
1 0 1 0 0 0 1 0 1 1 
1 0 0 0 0 1 1 1 0 1 
0 1 1 0 1 0 0 0 1 1 
1 0 0 1 1 0 1 0 1 0 
0 0 1 1 1 0 0 0 1 1 
1 0 1 1 0 1 0 0 0 1 
0 1 1 0 0 0 1 1 1 0 
0 1 1 0 0 1 1 1 0 0 
0 1 0 1 0 0 1 0 1 1 
0 1 0 1 0 1 0 1 0 1 
1 1 0 0 1 1 0 0 1 0 
0 0 0 1 1 1 0 0 1 1 
0 1 1 1 0 1 0 1 0 0 
0 0 0 1 1 1 0 0 1 1 
0 0 1 1 0 1 1 0 0 1 
0 1 1 0 1 1 0 0 0 1 
numSequences: 3628800
minStacks: 30
Best sequence:
9 0 1 2 3 4 5 6 7 8 
1 1 1 1 0 0 1 0 0 0 
1 1 1 1 0 0 0 1 0 0 
1 0 0 0 1 0 1 1 1 0 
0 1 1 0 1 0 1 1 0 0 
1 0 0 1 1 0 0 0 1 1 
0 1 1 1 1 0 0 0 0 1 
1 0 1 0 0 0 1 0 1 1 
0 0 0 1 1 0 0 1 1 1 
0 0 1 1 0 1 1 0 1 0 
1 0 0 0 1 1 1 0 1 0 
1 1 0 0 0 0 0 1 1 1 
0 1 0 0 1 0 1 0 1 1 
1 1 1 1 1 0 0 0 0 0 
1 0 1 1 0 0 0 1 0 1 
1 1 0 1 0 0 0 1 0 1 
1 1 0 0 0 0 1 1 1 0 
1 0 1 1 0 1 0 0 0 1 
0 1 0 0 1 1 0 1 0 1 
1 0 0 1 1 1 0 0 0 1 
1 1 0 1 1 0 1 0 0 0 
0 0 1 1 0 0 0 1 1 1 
0 0 1 1 0 0 1 1 1 0 
1 0 1 0 1 0 0 1 0 1 
1 0 1 0 1 0 1 0 1 0 
0 1 1 0 0 1 1 0 0 1 
1 0 0 0 1 1 1 0 0 1 
0 0 1 1 1 0 1 0 1 0 
1 0 0 0 1 1 1 0 0 1 
1 0 0 1 1 0 1 1 0 0 
1 0 1 1 0 1 1 0 0 0 
Open stacks: 30
Took 11.03 seconds

buffer: Warwick 1426: balanced products, 5 products per order
numCustomers: 30
numProducts: 10
0 1 1 0 1 0 0 1 1 0 
1 1 0 0 0 1 0 1 1 0 
1 0 1 0 0 0 1 0 1 1 
1 1 0 0 1 1 1 0 0 0 
0 0 1 1 0 0 0 1 1 1 
1 0 1 1 0 1 0 1 0 0 
1 0 0 1 1 0 1 0 0 1 
1 0 1 1 0 1 1 0 0 0 
0 0 1 1 0 1 1 0 1 0 
1 1 0 0 1 1 0 1 0 0 
1 1 0 1 0 0 1 0 0 1 
0 0 1 1 0 1 1 0 0 1 
0 0 1 1 0 1 0 1 1 0 
0 0 0 0 0 1 1 1 1 1 
0 1 0 1 1 0 1 0 1 0 
0 0 1 0 1 1 0 0 1 1 
0 0 1 1 0 1 0 1 1 0 
1 0 1 1 0 0 0 1 0 1 
0 1 0 1 1 1 1 0 0 0 
1 0 0 1 0 1 1 0 1 0 
0 0 1 0 0 1 0 1 1 1 
0 1 1 1 0 1 0 0 1 0 
1 1 0 0 0 1 1 0 0 1 
1 1 0 0 1 1 0 0 0 1 
0 1 0 1 0 1 1 1 0 0 
0 1 1 0 1 0 0 1 0 1 
0 0 1 1 1 0 0 1 1 0 
1 0 1 1 1 0 0 0 1 0 
1 0 1 1 1 0 1 0 0 0 
0 1 1 1 1 0 0 1 0 0 
numSequences: 3628800
minStacks: 29
Best sequence:
9 6 5 0 1 2 3 4 7 8 
0 0 0 0 1 1 0 1 1 1 
0 0 1 1 1 0 0 0 1 1 
1 1 0 1 0 1 0 0 0 1 
0 1 1 1 1 0 0 1 0 0 
1 0 0 0 0 1 1 0 1 1 
0 0 1 1 0 1 1 0 1 0 
1 1 0 1 0 0 1 1 0 0 
0 1 1 1 0 1 1 0 0 0 
0 1 1 0 0 1 1 0 0 1 
0 0 1 1 1 0 0 1 1 0 
1 1 0 1 1 0 1 0 0 0 
1 1 1 0 0 1 1 0 0 0 
0 0 1 0 0 1 1 0 1 1 
1 1 1 0 0 0 0 0 1 1 
0 1 0 0 1 0 1 1 0 1 
1 0 1 0 0 1 0 1 0 1 
0 0 1 0 0 1 1 0 1 1 
1 0 0 1 0 1 1 0 1 0 
0 1 1 0 1 0 1 1 0 0 
0 1 1 1 0 0 1 0 0 1 
1 0 1 0 0 1 0 0 1 1 
0 0 1 0 1 1 1 0 0 1 
1 1 1 1 1 0 0 0 0 0 
1 0 1 1 1 0 0 1 0 0 
0 1 1 0 1 0 1 0 1 0 
1 0 0 0 1 1 0 1 1 0 
0 0 0 0 0 1 1 1 1 1 
0 0 0 1 0 1 1 1 0 1 
0 1 0 1 0 1 1 1 0 0 
0 0 0 0 1 1 1 1 1 0 
Open stacks: 29
Took 11.01 seconds

buffer: Warwick 1427: balanced products, 5 products per order
numCustomers: 30
numProducts: 10
1 1 0 1 1 0 1 0 0 0 
1 0 1 0 1 1 0 0 0 1 
1 0 1 1 1 1 0 0 0 0 
0 0 1 0 1 1 1 0 1 0 
0 0 0 1 0 1 1 1 0 1 
0 0 1 1 0 1 1 0 1 0 
1 0 0 1 1 1 0 0 0 1 
1 0 0 1 0 1 1 1 0 0 
0 0 1 0 1 0 0 1 1 1 
1 1 0 1 0 1 0 0 0 1 
1 1 0 1 1 0 0 0 0 1 
0 1 1 0 0 1 1 0 0 1 
0 0 0 1 1 1 0 1 1 0 
0 1 1 1 0 0 1 1 0 0 
1 1 1 0 0 0 1 1 0 0 
0 1 1 1 0 0 0 0 1 1 
1 1 1 0 0 0 1 0 1 0 
0 1 0 0 1 0 0 1 1 1 
1 0 0 0 1 0 1 1 0 1 
0 1 0 1 1 0 1 0 0 1 
0 0 1 0 1 0 1 1 0 1 
0 1 0 1 1 1 0 0 1 0 
0 0 1 0 1 1 1 1 0 0 
0 1 0 0 1 1 1 0 1 0 
0 1 1 0 0 0 0 1 1 1 
1 1 1 1 0 0 0 0 0 1 
0 1 1 1 0 0 0 0 1 1 
0 1 1 0 0 1 1 0 1 0 
0 1 0 1 0 0 0 1 1 1 
1 0 1 0 0 1 1 1 0 0 
numSequences: 3628800
minStacks: 30
Best sequence:
9 0 1 2 3 4 5 6 7 8 
0 1 1 0 1 1 0 1 0 0 
1 1 0 1 0 1 1 0 0 0 
0 1 0 1 1 1 1 0 0 0 
0 0 0 1 0 1 1 1 0 1 
1 0 0 0 1 0 1 1 1 0 
0 0 0 1 1 0 1 1 0 1 
1 1 0 0 1 1 1 0 0 0 
0 1 0 0 1 0 1 1 1 0 
1 0 0 1 0 1 0 0 1 1 
1 1 1 0 1 0 1 0 0 0 
1 1 1 0 1 1 0 0 0 0 
1 0 1 1 0 0 1 1 0 0 
0 0 0 0 1 1 1 0 1 1 
0 0 1 1 1 0 0 1 1 0 
0 1 1 1 0 0 0 1 1 0 
1 0 1 1 1 0 0 0 0 1 
0 1 1 1 0 0 0 1 0 1 
1 0 1 0 0 1 0 0 1 1 
1 1 0 0 0 1 0 1 1 0 
1 0 1 0 1 1 0 1 0 0 
1 0 0 1 0 1 0 1 1 0 
0 0 1 0 1 1 1 0 0 1 
0 0 0 1 0 1 1 1 1 0 
0 0 1 0 0 1 1 1 0 1 
1 0 1 1 0 0 0 0 1 1 
1 1 1 1 1 0 0 0 0 0 
1 0 1 1 1 0 0 0 0 1 
0 0 1 1 0 0 1 1 0 1 
1 0 1 0 1 0 0 0 1 1 
0 1 0 1 0 0 1 1 1 0 
Open stacks: 30
Took 11.01 seconds

buffer: Warwick 1428: balanced products, 5 products per order
numCustomers: 30
numProducts: 10
0 0 0 1 1 1 1 0 0 1 
1 0 0 1 1 1 0 0 0 1 
0 1 1 1 0 0 1 1 0 0 
1 1 0 1 0 0 1 0 0 1 
0 0 1 1 1 0 0 1 0 1 
1 0 0 1 0 0 1 1 0 1 
1 1 0 0 1 1 1 0 0 0 
1 1 0 1 0 1 0 0 1 0 
1 0 1 0 0 1 0 1 1 0 
0 1 0 1 0 0 0 1 1 1 
1 1 1 1 0 0 1 0 0 0 
1 1 0 1 1 0 0 1 0 0 
0 1 0 1 1 0 0 1 0 1 
0 1 1 0 1 0 1 1 0 0 
0 0 0 0 1 0 1 1 1 1 
0 0 0 0 1 0 1 1 1 1 
1 1 0 0 1 0 1 0 1 0 
0 0 0 1 1 1 0 1 1 0 
0 1 0 1 0 0 1 1 1 0 
0 0 1 1 1 0 0 1 1 0 
1 0 0 1 0 1 1 0 1 0 
0 0 1 1 0 0 1 1 1 0 
0 1 0 0 1 1 1 1 0 0 
1 0 1 0 1 0 0 1 0 1 
0 0 1 0 1 1 0 1 1 0 
1 0 0 1 0 1 1 0 1 0 
0 1 0 0 1 0 0 1 1 1 
0 0 1 1 0 1 1 1 0 0 
1 0 1 0 0 0 1 0 1 1 
1 0 0 1 0 0 0 1 1 1 
numSequences: 3628800
minStacks: 29
Best sequence:
9 6 0 1 3 4 2 5 7 8 
1 1 0 0 1 1 0 1 0 0 
1 0 1 0 1 1 0 1 0 0 
0 1 0 1 1 0 1 0 1 0 
1 1 1 1 1 0 0 0 0 0 
1 0 0 0 1 1 1 0 1 0 
1 1 1 0 1 0 0 0 1 0 
0 1 1 1 0 1 0 1 0 0 
0 0 1 1 1 0 0 1 0 1 
0 0 1 0 0 0 1 1 1 1 
1 0 0 1 1 0 0 0 1 1 
0 1 1 1 1 0 1 0 0 0 
0 0 1 1 1 1 0 0 1 0 
1 0 0 1 1 1 0 0 1 0 
0 1 0 1 0 1 1 0 1 0 
1 1 0 0 0 1 0 0 1 1 
1 1 0 0 0 1 0 0 1 1 
0 1 1 1 0 1 0 0 0 1 
0 0 0 0 1 1 0 1 1 1 
0 1 0 1 1 0 0 0 1 1 
0 0 0 0 1 1 1 0 1 1 
0 1 1 0 1 0 0 1 0 1 
0 1 0 0 1 0 1 0 1 1 
0 1 0 1 0 1 0 1 1 0 
1 0 1 0 0 1 1 0 1 0 
0 0 0 0 0 1 1 1 1 1 
0 1 1 0 1 0 0 1 0 1 
1 0 0 1 0 1 0 0 1 1 
0 1 0 0 1 0 1 1 1 0 
1 1 1 0 0 0 1 0 0 1 
1 0 1 0 1 0 0 0 1 1 
Open stacks: 29
Took 11.02 seconds

buffer: Warwick 1429: balanced products, 5 products per order
numCustomers: 30
numProducts: 10
0 0 0 1 1 0 1 1 0 1 
0 0 0 1 1 0 1 0 1 1 
1 1 1 0 1 1 0 0 0 0 
0 1 0 0 1 0 1 0 1 1 
0 0 0 0 1 1 1 1 1 0 
0 1 0 1 0 0 1 1 1 0 
0 0 1 0 1 1 1 0 1 0 
0 0 1 1 1 0 0 1 1 0 
1 1 1 0 1 1 0 0 0 0 
1 1 0 0 0 1 0 1 1 0 
1 0 1 0 1 0 0 1 1 0 
1 1 1 1 0 0 0 0 0 1 
1 1 0 1 0 1 0 0 1 0 
1 0 1 0 0 0 1 1 0 1 
1 1 0 1 1 0 0 0 1 0 
0 0 1 0 0 0 1 1 1 1 
0 0 1 1 1 0 0 1 1 0 
0 0 0 1 1 1 1 1 0 0 
0 1 1 0 0 0 1 0 1 1 
1 0 0 1 0 1 1 0 0 1 
0 0 1 1 1 0 0 1 0 1 
0 0 0 1 0 1 1 0 1 1 
1 1 0 1 0 0 1 0 0 1 
1 0 1 0 1 1 0 0 0 1 
0 0 1 1 0 1 1 0 0 1 
0 1 0 0 1 1 1 0 1 0 
0 0 0 1 0 1 0 1 1 1 
0 0 0 0 0 1 1 1 1 1 
0 0 1 1 1 0 0 0 1 1 
0 1 1 1 1 0 0 0 1 0 
numSequences: 3628800
minStacks: 29
Best sequence:
9 0 1 2 3 4 5 6 7 8 
1 0 0 0 1 1 0 1 1 0 
1 0 0 0 1 1 0 1 0 1 
0 1 1 1 0 1 1 0 0 0 
1 0 1 0 0 1 0 1 0 1 
0 0 0 0 0 1 1 1 1 1 
0 0 1 0 1 0 0 1 1 1 
0 0 0 1 0 1 1 1 0 1 
0 0 0 1 1 1 0 0 1 1 
0 1 1 1 0 1 1 0 0 0 
0 1 1 0 0 0 1 0 1 1 
0 1 0 1 0 1 0 0 1 1 
1 1 1 1 1 0 0 0 0 0 
0 1 1 0 1 0 1 0 0 1 
1 1 0 1 0 0 0 1 1 0 
0 1 1 0 1 1 0 0 0 1 
1 0 0 1 0 0 0 1 1 1 
0 0 0 1 1 1 0 0 1 1 
0 0 0 0 1 1 1 1 1 0 
1 0 1 1 0 0 0 1 0 1 
1 1 0 0 1 0 1 1 0 0 
1 0 0 1 1 1 0 0 1 0 
1 0 0 0 1 0 1 1 0 1 
1 1 1 0 1 0 0 1 0 0 
1 1 0 1 0 1 1 0 0 0 
1 0 0 1 1 0 1 1 0 0 
0 0 1 0 0 1 1 1 0 1 
1 0 0 0 1 0 1 0 1 1 
1 0 0 0 0 0 1 1 1 1 
1 0 0 1 1 1 0 0 0 1 
0 0 1 1 1 1 0 0 0 1 
Open stacks: 29
Took 11.02 seconds

buffer: Warwick 1430: balanced products, 5 products per order
numCustomers: 30
numProducts: 10
0 0 0 0 1 1 1 1 0 1 
1 1 0 0 0 0 1 1 1 0 
1 1 0 0 0 0 0 1 1 1 
1 1 0 1 1 0 0 1 0 0 
1 1 1 1 0 0 0 1 0 0 
0 1 0 0 1 1 0 0 1 1 
0 1 0 0 0 1 1 1 0 1 
0 1 0 0 1 1 0 0 1 1 
1 1 0 1 0 0 0 1 1 0 
0 1 1 0 0 0 1 1 1 0 
0 1 1 0 0 1 0 0 1 1 
0 0 1 1 0 1 0 1 0 1 
0 0 0 1 1 1 1 1 0 0 
1 1 0 1 0 0 1 0 1 0 
1 1 1 1 0 0 0 0 0 1 
0 0 1 1 0 1 0 1 0 1 
0 0 1 1 1 1 0 0 0 1 
1 1 1 1 1 0 0 0 0 0 
0 1 0 1 1 0 0 1 0 1 
1 0 1 1 0 0 0 0 1 1 
1 1 1 0 0 0 1 0 1 0 
0 1 1 0 1 0 1 0 0 1 
1 0 1 0 0 1 0 1 0 1 
0 1 0 0 1 1 1 0 1 0 
0 0 1 0 1 0 0 1 1 1 
0 0 1 0 1 1 1 1 0 0 
1 0 1 0 0 0 1 1 1 0 
1 1 1 0 0 1 1 0 0 0 
0 1 1 1 0 1 1 0 0 0 
0 0 1 0 0 1 1 1 1 0 
numSequences: 3628800
minStacks: 29
Best sequence:
9 5 4 2 3 0 1 6 7 8 
1 1 1 0 0 0 0 1 1 0 
0 0 0 0 0 1 1 1 1 1 
1 0 0 0 0 1 1 0 1 1 
0 0 1 0 1 1 1 0 1 0 
0 0 0 1 1 1 1 0 1 0 
1 1 1 0 0 0 1 0 0 1 
1 1 0 0 0 0 1 1 1 0 
1 1 1 0 0 0 1 0 0 1 
0 0 0 0 1 1 1 0 1 1 
0 0 0 1 0 0 1 1 1 1 
1 1 0 1 0 0 1 0 0 1 
1 1 0 1 1 0 0 0 1 0 
0 1 1 0 1 0 0 1 1 0 
0 0 0 0 1 1 1 1 0 1 
1 0 0 1 1 1 1 0 0 0 
1 1 0 1 1 0 0 0 1 0 
1 1 1 1 1 0 0 0 0 0 
0 0 1 1 1 1 1 0 0 0 
1 0 1 0 1 0 1 0 1 0 
1 0 0 1 1 1 0 0 0 1 
0 0 0 1 0 1 1 1 0 1 
1 0 1 1 0 0 1 1 0 0 
1 1 0 1 0 1 0 0 1 0 
0 1 1 0 0 0 1 1 0 1 
1 0 1 1 0 0 0 0 1 1 
0 1 1 1 0 0 0 1 1 0 
0 0 0 1 0 1 0 1 1 1 
0 1 0 1 0 1 1 1 0 0 
0 1 0 1 1 0 1 1 0 0 
0 1 0 1 0 0 0 1 1 1 
Open stacks: 29
Took 11.02 seconds

Solved: 40 instances
totalTime: 434.24 seconds
minTime: 10.67 seconds
maxTime: 11.65 seconds
Average: 10.856 seconds
