Solving by Brute Force...
buffer: Warwick 161: balanced products, 4 products per order
numCustomers: 10
numProducts: 20
1 0 1 0 0 0 0 0 1 0 0 0 0 0 0 1 0 0 0 0 
1 0 0 0 0 0 0 0 0 1 0 0 0 0 1 0 0 0 1 0 
1 0 0 0 1 1 0 0 0 0 0 0 0 0 0 0 1 0 0 0 
0 0 0 1 1 0 0 0 0 0 0 0 0 0 1 0 0 0 0 1 
0 1 0 0 0 0 1 0 0 0 1 0 0 0 0 0 0 1 0 0 
0 0 0 1 0 0 0 0 0 1 1 0 1 0 0 0 0 0 0 0 
0 0 1 1 0 0 0 1 0 0 0 0 0 0 0 0 0 1 0 0 
0 1 0 0 0 0 0 0 0 0 0 1 0 1 1 0 0 0 0 0 
1 0 0 0 0 1 0 1 0 0 0 0 0 1 0 0 0 0 0 0 
0 0 0 1 0 0 0 0 0 0 0 0 0 0 0 1 0 1 0 1 
numSequences: 2432902008176640000
