Solving by Dynamic Programming...
buffer: Warwick 511: balanced products, 2 products per order
numCustomers: 15
numProducts: 15
0 0 0 0 0 0 1 0 0 0 0 0 0 0 1 
1 1 0 0 0 0 0 0 0 0 0 0 0 0 0 
1 0 0 0 0 0 0 0 0 0 1 0 0 0 0 
0 0 0 1 0 0 0 1 0 0 0 0 0 0 0 
0 0 0 0 0 1 0 0 0 0 1 0 0 0 0 
0 0 0 0 0 1 0 0 1 0 0 0 0 0 0 
0 1 0 0 0 0 0 0 0 0 1 0 0 0 0 
0 0 0 0 0 0 0 1 0 0 0 0 1 0 0 
0 0 0 1 0 0 0 0 0 0 0 0 1 0 0 
0 0 0 0 0 0 0 1 1 0 0 0 0 0 0 
0 1 0 0 0 0 0 0 0 0 0 0 0 0 1 
0 0 0 0 0 0 1 0 0 1 0 0 0 0 0 
0 0 0 0 0 0 0 1 0 0 0 0 0 1 0 
0 0 1 0 0 0 0 0 0 0 1 0 0 0 0 
0 0 0 0 1 0 0 0 0 0 0 1 0 0 0 
Best sequence:
0 1 4 11 14 6 2 9 10 3 5 8 12 7 13 
0 0 0 0 1 1 0 0 0 0 0 0 0 0 0 
1 1 0 0 0 0 0 0 0 0 0 0 0 0 0 
1 0 0 0 0 0 0 0 1 0 0 0 0 0 0 
0 0 0 0 0 0 0 0 0 1 0 0 0 1 0 
0 0 0 0 0 0 0 0 1 0 1 0 0 0 0 
0 0 0 0 0 0 0 0 0 0 1 1 0 0 0 
0 1 0 0 0 0 0 0 1 0 0 0 0 0 0 
0 0 0 0 0 0 0 0 0 0 0 0 1 1 0 
0 0 0 0 0 0 0 0 0 1 0 0 1 0 0 
0 0 0 0 0 0 0 0 0 0 0 1 0 1 0 
0 1 0 0 1 0 0 0 0 0 0 0 0 0 0 
0 0 0 0 0 1 0 1 0 0 0 0 0 0 0 
0 0 0 0 0 0 0 0 0 0 0 0 0 1 1 
0 0 0 0 0 0 1 0 1 0 0 0 0 0 0 
0 0 1 1 0 0 0 0 0 0 0 0 0 0 0 
OpenStacks: 4
Took 2.06 seconds

buffer: Warwick 512: balanced products, 2 products per order
numCustomers: 15
numProducts: 15
0 0 1 0 1 0 0 0 0 0 0 0 0 0 0 
0 0 0 0 0 0 1 0 0 0 0 0 0 0 1 
1 0 0 0 0 0 0 1 0 0 0 0 0 0 0 
0 0 0 0 0 0 0 1 0 0 0 0 0 1 0 
0 1 0 0 0 0 0 0 0 0 0 0 1 0 0 
1 0 0 0 0 0 0 0 0 0 1 0 0 0 0 
0 1 1 0 0 0 0 0 0 0 0 0 0 0 0 
0 0 0 0 1 0 0 0 0 1 0 0 0 0 0 
0 0 0 0 0 0 0 0 1 0 0 0 0 0 1 
0 0 0 0 0 1 0 0 0 1 0 0 0 0 0 
0 0 0 1 0 1 0 0 0 0 0 0 0 0 0 
0 0 0 0 0 0 0 0 1 0 0 0 0 1 0 
0 0 0 0 0 0 1 0 0 0 1 0 0 0 0 
1 0 0 0 0 0 0 0 0 0 0 1 0 0 0 
0 0 0 0 0 0 0 0 0 1 0 1 0 0 0 
Best sequence:
1 2 3 12 4 5 9 11 0 7 10 6 13 8 14 
0 1 0 0 1 0 0 0 0 0 0 0 0 0 0 
0 0 0 0 0 0 0 0 0 0 0 1 0 0 1 
0 0 0 0 0 0 0 0 1 1 0 0 0 0 0 
0 0 0 0 0 0 0 0 0 1 0 0 1 0 0 
1 0 0 1 0 0 0 0 0 0 0 0 0 0 0 
0 0 0 0 0 0 0 0 1 0 1 0 0 0 0 
1 1 0 0 0 0 0 0 0 0 0 0 0 0 0 
0 0 0 0 1 0 1 0 0 0 0 0 0 0 0 
0 0 0 0 0 0 0 0 0 0 0 0 0 1 1 
0 0 0 0 0 1 1 0 0 0 0 0 0 0 0 
0 0 1 0 0 1 0 0 0 0 0 0 0 0 0 
0 0 0 0 0 0 0 0 0 0 0 0 1 1 0 
0 0 0 0 0 0 0 0 0 0 1 1 0 0 0 
0 0 0 0 0 0 0 1 1 0 0 0 0 0 0 
0 0 0 0 0 0 1 1 0 0 0 0 0 0 0 
OpenStacks: 3
Took 0.61 seconds

buffer: Warwick 513: balanced products, 2 products per order
numCustomers: 15
numProducts: 15
0 0 0 0 0 0 1 0 0 0 0 1 0 0 0 
0 1 0 0 0 0 1 0 0 0 0 0 0 0 0 
0 0 0 0 1 0 0 0 0 0 0 0 1 0 0 
0 0 0 0 0 0 0 1 0 1 0 0 0 0 0 
0 0 0 1 0 0 0 0 0 0 1 0 0 0 0 
0 0 0 0 1 0 0 0 0 0 0 0 1 0 0 
1 0 0 0 0 1 0 0 0 0 0 0 0 0 0 
0 0 0 0 1 0 0 0 0 0 0 0 0 1 0 
0 0 0 0 0 0 0 0 0 0 1 0 0 0 1 
0 1 0 0 0 0 0 0 0 1 0 0 0 0 0 
0 0 0 0 0 0 0 1 0 0 0 0 1 0 0 
0 0 1 0 0 0 0 0 0 0 0 0 0 1 0 
0 0 0 0 0 0 0 0 0 1 0 0 0 0 1 
0 0 0 0 0 0 0 1 1 0 0 0 0 0 0 
0 0 0 1 0 1 0 0 0 0 0 0 0 0 0 
Best sequence:
0 3 5 6 11 1 10 14 9 7 8 12 4 2 13 
0 0 0 1 1 0 0 0 0 0 0 0 0 0 0 
0 0 0 1 0 1 0 0 0 0 0 0 0 0 0 
0 0 0 0 0 0 0 0 0 0 0 1 1 0 0 
0 0 0 0 0 0 0 0 1 1 0 0 0 0 0 
0 1 0 0 0 0 1 0 0 0 0 0 0 0 0 
0 0 0 0 0 0 0 0 0 0 0 1 1 0 0 
1 0 1 0 0 0 0 0 0 0 0 0 0 0 0 
0 0 0 0 0 0 0 0 0 0 0 0 1 0 1 
0 0 0 0 0 0 1 1 0 0 0 0 0 0 0 
0 0 0 0 0 1 0 0 1 0 0 0 0 0 0 
0 0 0 0 0 0 0 0 0 1 0 1 0 0 0 
0 0 0 0 0 0 0 0 0 0 0 0 0 1 1 
0 0 0 0 0 0 0 1 1 0 0 0 0 0 0 
0 0 0 0 0 0 0 0 0 1 1 0 0 0 0 
0 1 1 0 0 0 0 0 0 0 0 0 0 0 0 
OpenStacks: 3
Took 0.62 seconds

buffer: Warwick 514: balanced products, 2 products per order
numCustomers: 15
numProducts: 15
0 0 0 0 0 0 0 0 0 0 1 0 1 0 0 
0 0 1 0 0 0 0 0 0 0 0 0 1 0 0 
0 1 1 0 0 0 0 0 0 0 0 0 0 0 0 
0 0 0 0 0 0 0 0 0 1 0 0 1 0 0 
1 0 0 0 0 0 0 0 0 0 0 0 1 0 0 
0 0 0 0 0 0 1 0 1 0 0 0 0 0 0 
1 0 0 0 0 1 0 0 0 0 0 0 0 0 0 
0 1 0 1 0 0 0 0 0 0 0 0 0 0 0 
0 0 0 1 0 0 1 0 0 0 0 0 0 0 0 
0 0 0 0 0 0 0 0 1 0 0 0 0 0 1 
0 0 0 0 0 0 0 1 1 0 0 0 0 0 0 
0 0 0 0 1 0 0 1 0 0 0 0 0 0 0 
0 0 0 0 0 0 0 0 0 1 0 0 0 1 0 
0 0 0 0 0 1 0 0 0 0 1 0 0 0 0 
0 0 0 0 0 0 1 0 0 0 0 1 0 0 0 
Best sequence:
0 5 9 13 10 12 1 2 3 6 4 11 7 8 14 
0 0 0 0 1 1 0 0 0 0 0 0 0 0 0 
0 0 0 0 0 1 0 1 0 0 0 0 0 0 0 
0 0 0 0 0 0 1 1 0 0 0 0 0 0 0 
0 0 1 0 0 1 0 0 0 0 0 0 0 0 0 
1 0 0 0 0 1 0 0 0 0 0 0 0 0 0 
0 0 0 0 0 0 0 0 0 1 0 0 0 1 0 
1 1 0 0 0 0 0 0 0 0 0 0 0 0 0 
0 0 0 0 0 0 1 0 1 0 0 0 0 0 0 
0 0 0 0 0 0 0 0 1 1 0 0 0 0 0 
0 0 0 0 0 0 0 0 0 0 0 0 0 1 1 
0 0 0 0 0 0 0 0 0 0 0 0 1 1 0 
0 0 0 0 0 0 0 0 0 0 1 0 1 0 0 
0 0 1 1 0 0 0 0 0 0 0 0 0 0 0 
0 1 0 0 1 0 0 0 0 0 0 0 0 0 0 
0 0 0 0 0 0 0 0 0 1 0 1 0 0 0 
OpenStacks: 4
Took 0.62 seconds

buffer: Warwick 515: balanced products, 2 products per order
numCustomers: 15
numProducts: 15
0 0 0 0 1 1 0 0 0 0 0 0 0 0 0 
0 0 0 0 0 0 0 0 1 0 0 0 1 0 0 
0 0 0 0 0 0 0 0 0 1 0 0 1 0 0 
0 0 0 0 1 0 1 0 0 0 0 0 0 0 0 
0 1 0 0 0 0 0 0 0 1 0 0 0 0 0 
0 0 0 0 0 0 1 0 0 1 0 0 0 0 0 
0 0 0 0 0 0 0 0 0 0 0 1 0 1 0 
0 0 0 0 0 0 0 0 0 0 1 1 0 0 0 
0 0 1 1 0 0 0 0 0 0 0 0 0 0 0 
0 0 0 0 0 0 1 0 0 0 0 0 0 0 1 
0 0 0 1 0 0 0 0 0 0 0 0 0 1 0 
0 0 0 0 0 0 1 0 0 0 0 0 1 0 0 
1 0 0 0 0 0 0 1 0 0 0 0 0 0 0 
1 1 0 0 0 0 0 0 0 0 0 0 0 0 0 
0 0 0 0 0 0 0 0 0 1 0 0 0 1 0 
Best sequence:
0 1 2 3 7 10 11 13 9 8 12 4 5 6 14 
0 0 0 0 0 0 0 0 0 0 0 1 1 0 0 
0 0 0 0 0 0 0 0 0 1 1 0 0 0 0 
0 0 0 0 0 0 0 0 1 0 1 0 0 0 0 
0 0 0 0 0 0 0 0 0 0 0 1 0 1 0 
0 1 0 0 0 0 0 0 1 0 0 0 0 0 0 
0 0 0 0 0 0 0 0 1 0 0 0 0 1 0 
0 0 0 0 0 0 1 1 0 0 0 0 0 0 0 
0 0 0 0 0 1 1 0 0 0 0 0 0 0 0 
0 0 1 1 0 0 0 0 0 0 0 0 0 0 0 
0 0 0 0 0 0 0 0 0 0 0 0 0 1 1 
0 0 0 1 0 0 0 1 0 0 0 0 0 0 0 
0 0 0 0 0 0 0 0 0 0 1 0 0 1 0 
1 0 0 0 1 0 0 0 0 0 0 0 0 0 0 
1 1 0 0 0 0 0 0 0 0 0 0 0 0 0 
0 0 0 0 0 0 0 1 1 0 0 0 0 0 0 
OpenStacks: 4
Took 0.62 seconds

buffer: Warwick 516: balanced products, 2 products per order
numCustomers: 15
numProducts: 15
0 1 0 1 0 0 0 0 0 0 0 0 0 0 0 
0 0 0 0 0 0 0 1 0 0 1 0 0 0 0 
0 0 0 0 0 0 0 0 0 0 0 1 0 1 0 
0 0 0 0 0 0 1 0 0 1 0 0 0 0 0 
0 1 1 0 0 0 0 0 0 0 0 0 0 0 0 
0 0 0 0 0 0 0 0 0 1 0 1 0 0 0 
0 0 0 0 0 0 0 0 1 0 0 0 0 0 1 
0 0 0 1 0 0 0 0 1 0 0 0 0 0 0 
1 0 0 0 0 0 0 0 0 0 0 0 1 0 0 
1 0 0 0 0 0 0 1 0 0 0 0 0 0 0 
1 0 1 0 0 0 0 0 0 0 0 0 0 0 0 
0 0 0 0 1 0 0 0 0 0 1 0 0 0 0 
0 0 0 0 0 1 0 0 0 0 0 0 1 0 0 
0 0 0 0 0 0 1 0 1 0 0 0 0 0 0 
0 0 0 0 1 1 0 0 0 0 0 0 0 0 0 
Best sequence:
4 5 10 7 12 0 1 2 3 8 14 6 9 11 13 
0 0 0 0 0 0 1 0 1 0 0 0 0 0 0 
0 0 1 1 0 0 0 0 0 0 0 0 0 0 0 
0 0 0 0 0 0 0 0 0 0 0 0 0 1 1 
0 0 0 0 0 0 0 0 0 0 0 1 1 0 0 
0 0 0 0 0 0 1 1 0 0 0 0 0 0 0 
0 0 0 0 0 0 0 0 0 0 0 0 1 1 0 
0 0 0 0 0 0 0 0 0 1 1 0 0 0 0 
0 0 0 0 0 0 0 0 1 1 0 0 0 0 0 
0 0 0 0 1 1 0 0 0 0 0 0 0 0 0 
0 0 0 1 0 1 0 0 0 0 0 0 0 0 0 
0 0 0 0 0 1 0 1 0 0 0 0 0 0 0 
1 0 1 0 0 0 0 0 0 0 0 0 0 0 0 
0 1 0 0 1 0 0 0 0 0 0 0 0 0 0 
0 0 0 0 0 0 0 0 0 1 0 1 0 0 0 
1 1 0 0 0 0 0 0 0 0 0 0 0 0 0 
OpenStacks: 3
Took 0.61 seconds

buffer: Warwick 517: balanced products, 2 products per order
numCustomers: 15
numProducts: 15
0 0 0 0 0 0 0 0 0 1 1 0 0 0 0 
0 0 0 1 0 0 0 0 0 0 0 0 0 0 1 
0 0 0 0 0 0 0 1 0 0 0 0 0 1 0 
0 0 0 0 0 0 1 0 0 0 0 0 1 0 0 
0 0 0 0 0 0 0 0 0 1 0 0 0 0 1 
0 0 0 0 0 0 0 0 1 0 0 1 0 0 0 
0 0 0 0 0 1 0 0 0 0 0 1 0 0 0 
0 0 1 0 1 0 0 0 0 0 0 0 0 0 0 
0 0 0 0 1 0 0 0 0 0 0 0 1 0 0 
0 0 0 0 0 1 1 0 0 0 0 0 0 0 0 
1 0 0 0 0 0 0 0 0 0 0 0 1 0 0 
0 1 0 0 0 0 0 0 1 0 0 0 0 0 0 
0 0 1 0 0 0 0 0 0 0 1 0 0 0 0 
0 0 0 0 1 1 0 0 0 0 0 0 0 0 0 
0 0 0 0 0 0 1 0 0 0 0 1 0 0 0 
Best sequence:
0 2 7 13 10 9 3 14 4 12 5 6 11 1 8 
0 0 0 0 1 1 0 0 0 0 0 0 0 0 0 
0 0 0 0 0 0 1 1 0 0 0 0 0 0 0 
0 0 1 1 0 0 0 0 0 0 0 0 0 0 0 
0 0 0 0 0 0 0 0 0 1 0 1 0 0 0 
0 0 0 0 0 1 0 1 0 0 0 0 0 0 0 
0 0 0 0 0 0 0 0 0 0 0 0 1 0 1 
0 0 0 0 0 0 0 0 0 0 1 0 1 0 0 
0 1 0 0 0 0 0 0 1 0 0 0 0 0 0 
0 0 0 0 0 0 0 0 1 1 0 0 0 0 0 
0 0 0 0 0 0 0 0 0 0 1 1 0 0 0 
1 0 0 0 0 0 0 0 0 1 0 0 0 0 0 
0 0 0 0 0 0 0 0 0 0 0 0 0 1 1 
0 1 0 0 1 0 0 0 0 0 0 0 0 0 0 
0 0 0 0 0 0 0 0 1 0 1 0 0 0 0 
0 0 0 0 0 0 0 0 0 0 0 1 1 0 0 
OpenStacks: 4
Took 0.62 seconds

buffer: Warwick 518: balanced products, 2 products per order
numCustomers: 15
numProducts: 15
0 0 0 1 0 0 0 0 0 0 0 0 1 0 0 
0 0 0 0 0 1 0 1 0 0 0 0 0 0 0 
0 0 0 0 0 0 0 1 0 0 0 0 1 0 0 
0 1 0 0 0 0 0 1 0 0 0 0 0 0 0 
0 0 0 0 0 0 0 1 0 0 0 0 0 1 0 
0 0 0 0 0 0 1 0 0 1 0 0 0 0 0 
0 0 0 0 0 0 0 0 0 0 1 0 0 1 0 
0 0 0 0 1 0 0 0 0 0 0 1 0 0 0 
1 0 0 0 0 0 0 0 0 0 0 0 0 0 1 
1 0 0 0 0 0 0 1 0 0 0 0 0 0 0 
0 0 1 0 0 0 0 0 1 0 0 0 0 0 0 
1 0 0 0 0 0 0 0 1 0 0 0 0 0 0 
0 0 0 0 1 0 0 1 0 0 0 0 0 0 0 
1 0 0 0 0 0 0 0 0 0 0 1 0 0 0 
0 0 0 0 1 0 0 0 0 0 0 0 0 0 1 
Best sequence:
0 1 2 8 3 6 9 11 12 14 4 5 7 10 13 
0 0 0 0 1 0 0 0 1 0 0 0 0 0 0 
0 0 0 0 0 0 0 0 0 0 0 1 1 0 0 
0 0 0 0 0 0 0 0 1 0 0 0 1 0 0 
0 1 0 0 0 0 0 0 0 0 0 0 1 0 0 
0 0 0 0 0 0 0 0 0 0 0 0 1 0 1 
0 0 0 0 0 1 1 0 0 0 0 0 0 0 0 
0 0 0 0 0 0 0 0 0 0 0 0 0 1 1 
0 0 0 0 0 0 0 1 0 0 1 0 0 0 0 
1 0 0 0 0 0 0 0 0 1 0 0 0 0 0 
1 0 0 0 0 0 0 0 0 0 0 0 1 0 0 
0 0 1 1 0 0 0 0 0 0 0 0 0 0 0 
1 0 0 1 0 0 0 0 0 0 0 0 0 0 0 
0 0 0 0 0 0 0 0 0 0 1 0 1 0 0 
1 0 0 0 0 0 0 1 0 0 0 0 0 0 0 
0 0 0 0 0 0 0 0 0 1 1 0 0 0 0 
OpenStacks: 6
Took 0.62 seconds

buffer: Warwick 519: balanced products, 2 products per order
numCustomers: 15
numProducts: 15
0 0 0 0 0 0 0 0 0 0 1 0 0 0 1 
0 0 0 1 0 0 0 0 0 0 0 0 1 0 0 
0 1 0 0 0 0 0 0 0 1 0 0 0 0 0 
0 0 0 0 0 0 0 0 0 0 1 0 0 1 0 
1 0 0 0 0 0 0 1 0 0 0 0 0 0 0 
1 0 0 0 0 1 0 0 0 0 0 0 0 0 0 
0 1 0 0 0 0 0 0 0 0 0 0 1 0 0 
0 0 0 0 0 1 0 1 0 0 0 0 0 0 0 
0 0 1 0 0 0 0 0 0 0 0 1 0 0 0 
0 0 0 0 1 0 0 0 0 0 1 0 0 0 0 
0 0 0 0 0 0 0 0 1 0 1 0 0 0 0 
0 0 0 0 0 1 1 0 0 0 0 0 0 0 0 
1 0 0 0 0 0 0 0 0 0 0 0 1 0 0 
0 0 0 0 0 1 0 1 0 0 0 0 0 0 0 
0 0 0 0 1 0 0 0 0 1 0 0 0 0 0 
Best sequence:
2 6 11 5 7 0 1 3 12 4 8 9 10 13 14 
0 0 0 0 0 0 0 0 0 0 0 0 1 0 1 
0 0 0 0 0 0 0 1 1 0 0 0 0 0 0 
0 0 0 0 0 0 1 0 0 0 0 1 0 0 0 
0 0 0 0 0 0 0 0 0 0 0 0 1 1 0 
0 0 0 0 1 1 0 0 0 0 0 0 0 0 0 
0 0 0 1 0 1 0 0 0 0 0 0 0 0 0 
0 0 0 0 0 0 1 0 1 0 0 0 0 0 0 
0 0 0 1 1 0 0 0 0 0 0 0 0 0 0 
1 0 1 0 0 0 0 0 0 0 0 0 0 0 0 
0 0 0 0 0 0 0 0 0 1 0 0 1 0 0 
0 0 0 0 0 0 0 0 0 0 1 0 1 0 0 
0 1 0 1 0 0 0 0 0 0 0 0 0 0 0 
0 0 0 0 0 1 0 0 1 0 0 0 0 0 0 
0 0 0 1 1 0 0 0 0 0 0 0 0 0 0 
0 0 0 0 0 0 0 0 0 1 0 1 0 0 0 
OpenStacks: 4
Took 0.61 seconds

buffer: Warwick 520: balanced products, 2 products per order
numCustomers: 15
numProducts: 15
0 0 0 0 0 0 0 0 0 1 0 0 0 1 0 
0 1 0 0 0 0 0 1 0 0 0 0 0 0 0 
0 0 0 0 0 0 0 0 0 0 0 1 0 0 1 
0 0 0 0 0 1 0 0 0 0 0 0 1 0 0 
0 0 0 1 0 0 0 0 0 0 0 0 0 0 1 
0 0 0 0 0 0 1 0 1 0 0 0 0 0 0 
0 0 0 0 0 0 0 0 0 0 0 0 0 1 1 
0 0 0 0 0 0 0 0 0 0 1 0 0 1 0 
0 1 0 0 0 0 1 0 0 0 0 0 0 0 0 
1 0 0 0 0 0 0 0 0 0 0 0 0 0 1 
0 0 1 0 1 0 0 0 0 0 0 0 0 0 0 
0 0 1 1 0 0 0 0 0 0 0 0 0 0 0 
0 0 0 0 0 0 0 0 1 0 0 0 0 1 0 
0 0 0 0 0 0 0 0 0 0 0 1 0 1 0 
0 0 0 0 0 0 0 1 0 0 0 0 0 1 0 
Best sequence:
0 1 2 3 4 5 6 7 8 12 14 9 11 10 13 
0 0 0 0 0 0 0 0 0 0 0 1 0 0 1 
0 1 0 0 0 0 0 1 0 0 0 0 0 0 0 
0 0 0 0 0 0 0 0 0 0 1 0 1 0 0 
0 0 0 0 0 1 0 0 0 1 0 0 0 0 0 
0 0 0 1 0 0 0 0 0 0 1 0 0 0 0 
0 0 0 0 0 0 1 0 1 0 0 0 0 0 0 
0 0 0 0 0 0 0 0 0 0 1 0 0 0 1 
0 0 0 0 0 0 0 0 0 0 0 0 0 1 1 
0 1 0 0 0 0 1 0 0 0 0 0 0 0 0 
1 0 0 0 0 0 0 0 0 0 1 0 0 0 0 
0 0 1 0 1 0 0 0 0 0 0 0 0 0 0 
0 0 1 1 0 0 0 0 0 0 0 0 0 0 0 
0 0 0 0 0 0 0 0 1 0 0 0 0 0 1 
0 0 0 0 0 0 0 0 0 0 0 0 1 0 1 
0 0 0 0 0 0 0 1 0 0 0 0 0 0 1 
OpenStacks: 6
Took 0.63 seconds

buffer: Warwick 521: balanced products, 3 products per order
numCustomers: 15
numProducts: 15
0 0 1 1 0 0 0 0 0 1 0 0 0 0 0 
1 0 0 0 0 0 0 0 0 0 0 1 0 0 1 
0 0 0 0 0 1 0 1 0 0 0 0 0 0 1 
0 0 0 0 0 1 0 0 0 0 1 0 0 0 1 
0 0 0 0 0 0 0 0 0 1 1 0 0 0 1 
0 0 0 1 0 0 0 0 1 0 0 0 0 0 1 
0 1 0 0 0 0 0 1 0 0 1 0 0 0 0 
0 0 0 0 0 0 0 0 0 1 0 1 0 1 0 
0 0 0 1 1 0 0 1 0 0 0 0 0 0 0 
0 0 0 0 0 0 0 1 1 0 0 1 0 0 0 
1 0 0 0 0 0 0 0 0 0 0 0 1 0 1 
0 0 1 0 0 0 1 0 0 1 0 0 0 0 0 
0 1 1 0 0 0 0 1 0 0 0 0 0 0 0 
0 0 0 0 0 1 0 0 0 0 0 1 1 0 0 
0 0 1 0 0 0 0 0 0 0 1 0 1 0 0 
Best sequence:
0 5 8 11 12 13 14 1 10 4 7 3 2 6 9 
0 0 0 0 0 0 0 0 0 0 0 1 1 0 1 
1 0 0 1 0 0 1 0 0 0 0 0 0 0 0 
0 1 0 0 0 0 1 0 0 0 1 0 0 0 0 
0 1 0 0 0 0 1 0 1 0 0 0 0 0 0 
0 0 0 0 0 0 1 0 1 0 0 0 0 0 1 
0 0 1 0 0 0 1 0 0 0 0 1 0 0 0 
0 0 0 0 0 0 0 1 1 0 1 0 0 0 0 
0 0 0 1 0 1 0 0 0 0 0 0 0 0 1 
0 0 0 0 0 0 0 0 0 1 1 1 0 0 0 
0 0 1 1 0 0 0 0 0 0 1 0 0 0 0 
1 0 0 0 1 0 1 0 0 0 0 0 0 0 0 
0 0 0 0 0 0 0 0 0 0 0 0 1 1 1 
0 0 0 0 0 0 0 1 0 0 1 0 1 0 0 
0 1 0 1 1 0 0 0 0 0 0 0 0 0 0 
0 0 0 0 1 0 0 0 1 0 0 0 1 0 0 
OpenStacks: 9
Took 0.62 seconds

buffer: Warwick 522: balanced products, 3 products per order
numCustomers: 15
numProducts: 15
0 0 0 1 0 0 0 0 0 1 0 0 1 0 0 
1 0 0 1 0 0 0 0 0 0 1 0 0 0 0 
0 0 0 0 0 0 0 0 1 0 0 0 1 1 0 
0 1 0 0 0 0 0 0 1 0 0 0 0 1 0 
0 0 1 0 0 0 0 0 0 0 1 0 1 0 0 
0 0 0 1 0 0 0 1 0 0 0 0 1 0 0 
0 1 1 0 0 0 0 0 0 0 0 1 0 0 0 
0 0 1 0 0 0 1 0 0 0 0 0 1 0 0 
0 1 1 0 0 0 0 0 1 0 0 0 0 0 0 
0 1 1 0 0 0 0 0 0 1 0 0 0 0 0 
0 0 1 0 1 0 0 0 0 0 0 0 1 0 0 
0 0 0 0 1 1 0 0 0 0 0 1 0 0 0 
0 0 0 0 1 0 0 0 0 0 0 0 0 1 1 
0 0 0 0 0 0 0 1 1 0 1 0 0 0 0 
0 0 0 0 1 0 0 0 0 0 1 0 1 0 0 
Best sequence:
0 3 5 6 7 10 12 4 9 11 2 1 8 13 14 
0 1 0 0 0 0 1 0 1 0 0 0 0 0 0 
1 1 0 0 0 1 0 0 0 0 0 0 0 0 0 
0 0 0 0 0 0 1 0 0 0 0 0 1 1 0 
0 0 0 0 0 0 0 0 0 0 0 1 1 1 0 
0 0 0 0 0 1 1 0 0 0 1 0 0 0 0 
0 1 0 0 1 0 1 0 0 0 0 0 0 0 0 
0 0 0 0 0 0 0 0 0 1 1 1 0 0 0 
0 0 0 1 0 0 1 0 0 0 1 0 0 0 0 
0 0 0 0 0 0 0 0 0 0 1 1 1 0 0 
0 0 0 0 0 0 0 0 1 0 1 1 0 0 0 
0 0 0 0 0 0 1 1 0 0 1 0 0 0 0 
0 0 1 0 0 0 0 1 0 1 0 0 0 0 0 
0 0 0 0 0 0 0 1 0 0 0 0 0 1 1 
0 0 0 0 1 1 0 0 0 0 0 0 1 0 0 
0 0 0 0 0 1 1 1 0 0 0 0 0 0 0 
OpenStacks: 9
Took 0.61 seconds

buffer: Warwick 523: balanced products, 3 products per order
numCustomers: 15
numProducts: 15
0 0 0 0 1 0 0 0 0 0 0 1 0 0 1 
0 0 1 0 0 0 0 0 0 1 0 1 0 0 0 
1 0 1 1 0 0 0 0 0 0 0 0 0 0 0 
0 1 0 0 0 1 0 0 1 0 0 0 0 0 0 
0 0 1 0 0 1 0 0 0 0 0 0 0 1 0 
0 0 0 0 0 0 1 0 0 0 0 1 1 0 0 
0 0 0 0 0 0 0 0 0 0 1 1 0 0 1 
0 0 0 0 0 0 0 0 0 1 0 1 1 0 0 
1 0 0 0 0 0 0 1 1 0 0 0 0 0 0 
0 0 1 0 0 0 1 0 0 0 0 0 1 0 0 
0 0 1 1 0 0 0 0 0 0 0 0 0 1 0 
0 0 0 0 0 0 0 0 0 0 1 1 0 0 1 
0 0 0 0 0 0 1 0 0 0 1 0 0 1 0 
0 0 1 1 0 0 0 0 0 0 0 1 0 0 0 
0 0 0 0 0 0 1 0 0 0 0 1 0 0 1 
Best sequence:
0 1 2 3 5 7 8 6 13 9 12 10 4 11 14 
0 0 0 0 0 0 0 0 0 0 0 0 1 1 1 
0 0 1 0 0 0 0 0 0 1 0 0 0 1 0 
1 0 1 1 0 0 0 0 0 0 0 0 0 0 0 
0 1 0 0 1 0 1 0 0 0 0 0 0 0 0 
0 0 1 0 1 0 0 0 1 0 0 0 0 0 0 
0 0 0 0 0 0 0 1 0 0 1 0 0 1 0 
0 0 0 0 0 0 0 0 0 0 0 1 0 1 1 
0 0 0 0 0 0 0 0 0 1 1 0 0 1 0 
1 0 0 0 0 1 1 0 0 0 0 0 0 0 0 
0 0 1 0 0 0 0 1 0 0 1 0 0 0 0 
0 0 1 1 0 0 0 0 1 0 0 0 0 0 0 
0 0 0 0 0 0 0 0 0 0 0 1 0 1 1 
0 0 0 0 0 0 0 1 1 0 0 1 0 0 0 
0 0 1 1 0 0 0 0 0 0 0 0 0 1 0 
0 0 0 0 0 0 0 1 0 0 0 0 0 1 1 
OpenStacks: 8
Took 0.62 seconds

buffer: Warwick 524: balanced products, 3 products per order
numCustomers: 15
numProducts: 15
0 0 1 0 0 0 0 0 0 1 0 0 0 0 1 
0 0 0 0 0 0 1 0 0 0 1 1 0 0 0 
0 1 0 0 0 1 0 0 0 1 0 0 0 0 0 
1 0 0 0 0 1 0 0 0 0 0 0 0 1 0 
1 0 0 0 0 1 0 0 0 1 0 0 0 0 0 
1 0 0 0 0 1 1 0 0 0 0 0 0 0 0 
0 0 0 1 0 0 1 0 0 0 0 0 0 0 1 
0 0 1 0 0 0 0 0 1 0 0 1 0 0 0 
0 0 0 0 0 0 0 1 0 0 0 0 1 0 1 
0 0 0 0 0 0 0 0 0 1 0 0 1 1 0 
0 0 0 0 0 0 1 1 0 1 0 0 0 0 0 
0 0 1 0 0 1 0 1 0 0 0 0 0 0 0 
0 1 0 0 0 0 0 0 0 0 0 0 0 1 1 
0 0 0 1 0 0 1 0 1 0 0 0 0 0 0 
0 0 0 0 1 0 0 0 0 1 0 1 0 0 0 
Best sequence:
0 1 4 5 13 9 7 12 2 10 11 8 3 6 14 
0 0 0 0 0 1 0 0 1 0 0 0 0 0 1 
0 0 0 0 0 0 0 0 0 1 1 0 0 1 0 
0 1 0 1 0 1 0 0 0 0 0 0 0 0 0 
1 0 0 1 1 0 0 0 0 0 0 0 0 0 0 
1 0 0 1 0 1 0 0 0 0 0 0 0 0 0 
1 0 0 1 0 0 0 0 0 0 0 0 0 1 0 
0 0 0 0 0 0 0 0 0 0 0 0 1 1 1 
0 0 0 0 0 0 0 0 1 0 1 1 0 0 0 
0 0 0 0 0 0 1 1 0 0 0 0 0 0 1 
0 0 0 0 1 1 0 1 0 0 0 0 0 0 0 
0 0 0 0 0 1 1 0 0 0 0 0 0 1 0 
0 0 0 1 0 0 1 0 1 0 0 0 0 0 0 
0 1 0 0 1 0 0 0 0 0 0 0 0 0 1 
0 0 0 0 0 0 0 0 0 0 0 1 1 1 0 
0 0 1 0 0 1 0 0 0 0 1 0 0 0 0 
OpenStacks: 9
Took 0.62 seconds

buffer: Warwick 525: balanced products, 3 products per order
numCustomers: 15
numProducts: 15
0 0 0 0 0 0 0 1 0 0 0 0 0 1 1 
1 0 0 1 1 0 0 0 0 0 0 0 0 0 0 
1 0 0 0 0 1 0 0 0 1 0 0 0 0 0 
1 0 0 0 0 0 0 0 0 0 0 0 1 0 1 
0 0 0 0 0 0 0 1 0 0 0 1 0 1 0 
1 0 0 0 0 0 0 0 0 1 0 1 0 0 0 
0 0 0 0 0 1 0 0 0 1 1 0 0 0 0 
0 0 0 0 0 0 0 1 1 0 1 0 0 0 0 
0 0 0 0 1 0 0 0 0 0 0 0 1 1 0 
0 1 1 0 0 0 0 0 0 0 0 0 0 1 0 
0 0 0 1 0 0 0 0 0 0 0 1 0 1 0 
0 0 0 0 0 0 1 0 1 0 0 0 0 1 0 
1 0 0 0 0 0 0 0 0 1 0 0 0 1 0 
0 0 0 0 0 1 0 0 1 0 0 0 1 0 0 
1 0 0 0 1 0 0 1 0 0 0 0 0 0 0 
Best sequence:
0 3 4 5 9 10 6 8 12 11 7 14 1 2 13 
0 0 0 0 0 0 0 0 0 0 1 1 0 0 1 
1 1 1 0 0 0 0 0 0 0 0 0 0 0 0 
1 0 0 1 1 0 0 0 0 0 0 0 0 0 0 
1 0 0 0 0 0 0 0 1 0 0 1 0 0 0 
0 0 0 0 0 0 0 0 0 1 1 0 0 0 1 
1 0 0 0 1 0 0 0 0 1 0 0 0 0 0 
0 0 0 1 1 1 0 0 0 0 0 0 0 0 0 
0 0 0 0 0 1 0 1 0 0 1 0 0 0 0 
0 0 1 0 0 0 0 0 1 0 0 0 0 0 1 
0 0 0 0 0 0 0 0 0 0 0 0 1 1 1 
0 1 0 0 0 0 0 0 0 1 0 0 0 0 1 
0 0 0 0 0 0 1 1 0 0 0 0 0 0 1 
1 0 0 0 1 0 0 0 0 0 0 0 0 0 1 
0 0 0 1 0 0 0 1 1 0 0 0 0 0 0 
1 0 1 0 0 0 0 0 0 0 1 0 0 0 0 
OpenStacks: 9
Took 0.62 seconds

buffer: Warwick 526: balanced products, 3 products per order
numCustomers: 15
numProducts: 15
0 1 0 0 1 0 0 0 0 0 0 0 0 0 1 
0 0 0 0 0 0 1 0 0 0 1 0 0 1 0 
0 0 0 0 1 0 0 0 0 1 0 0 0 1 0 
1 0 0 1 1 0 0 0 0 0 0 0 0 0 0 
1 0 1 0 0 0 0 1 0 0 0 0 0 0 0 
0 0 0 1 0 0 0 1 0 1 0 0 0 0 0 
1 0 0 0 1 0 0 0 1 0 0 0 0 0 0 
0 0 0 0 0 0 1 0 0 1 1 0 0 0 0 
1 0 1 0 0 0 1 0 0 0 0 0 0 0 0 
0 0 0 0 0 0 0 0 1 0 0 0 1 0 1 
0 0 1 0 0 0 0 0 0 0 0 1 0 1 0 
0 0 0 1 0 1 0 0 0 0 0 0 0 1 0 
0 0 0 0 0 1 0 0 0 0 0 0 1 0 1 
0 0 0 1 0 0 0 1 0 0 0 1 0 0 0 
0 0 0 1 0 1 0 0 0 0 0 1 0 0 0 
Best sequence:
0 1 2 4 8 12 14 6 9 10 7 13 3 5 11 
0 1 0 1 0 0 1 0 0 0 0 0 0 0 0 
0 0 0 0 0 0 0 1 0 1 0 1 0 0 0 
0 0 0 1 0 0 0 0 1 0 0 1 0 0 0 
1 0 0 1 0 0 0 0 0 0 0 0 1 0 0 
1 0 1 0 0 0 0 0 0 0 1 0 0 0 0 
0 0 0 0 0 0 0 0 1 0 1 0 1 0 0 
1 0 0 1 1 0 0 0 0 0 0 0 0 0 0 
0 0 0 0 0 0 0 1 1 1 0 0 0 0 0 
1 0 1 0 0 0 0 1 0 0 0 0 0 0 0 
0 0 0 0 1 1 1 0 0 0 0 0 0 0 0 
0 0 1 0 0 0 0 0 0 0 0 1 0 0 1 
0 0 0 0 0 0 0 0 0 0 0 1 1 1 0 
0 0 0 0 0 1 1 0 0 0 0 0 0 1 0 
0 0 0 0 0 0 0 0 0 0 1 0 1 0 1 
0 0 0 0 0 0 0 0 0 0 0 0 1 1 1 
OpenStacks: 8
Took 0.61 seconds

buffer: Warwick 527: balanced products, 3 products per order
numCustomers: 15
numProducts: 15
0 0 0 0 0 1 1 0 0 0 0 0 0 0 1 
0 0 0 0 1 1 0 0 0 0 1 0 0 0 0 
0 0 0 1 0 0 0 0 1 0 1 0 0 0 0 
1 0 1 0 1 0 0 0 0 0 0 0 0 0 0 
0 0 0 0 0 0 0 0 1 0 0 0 0 1 1 
0 0 0 0 0 1 0 0 0 0 0 1 0 0 1 
0 1 0 0 0 1 0 0 0 0 0 0 0 1 0 
0 0 0 0 0 0 0 0 1 0 0 0 1 0 1 
1 0 1 0 0 0 0 0 0 0 0 1 0 0 0 
0 0 0 0 0 1 0 0 1 0 0 1 0 0 0 
0 0 0 0 0 0 0 1 0 1 0 0 1 0 0 
0 1 0 1 0 0 1 0 0 0 0 0 0 0 0 
0 0 0 0 0 0 1 0 0 1 0 0 0 1 0 
0 0 1 0 0 0 0 0 0 0 0 1 1 0 0 
0 1 0 0 1 0 0 0 0 0 0 0 0 1 0 
Best sequence:
0 1 2 3 4 6 10 13 7 9 12 8 5 11 14 
0 0 0 0 0 1 0 0 0 0 0 0 1 0 1 
0 0 0 0 1 0 1 0 0 0 0 0 1 0 0 
0 0 0 1 0 0 1 0 0 0 0 1 0 0 0 
1 0 1 0 1 0 0 0 0 0 0 0 0 0 0 
0 0 0 0 0 0 0 1 0 0 0 1 0 0 1 
0 0 0 0 0 0 0 0 0 0 0 0 1 1 1 
0 1 0 0 0 0 0 1 0 0 0 0 1 0 0 
0 0 0 0 0 0 0 0 0 0 1 1 0 0 1 
1 0 1 0 0 0 0 0 0 0 0 0 0 1 0 
0 0 0 0 0 0 0 0 0 0 0 1 1 1 0 
0 0 0 0 0 0 0 0 1 1 1 0 0 0 0 
0 1 0 1 0 1 0 0 0 0 0 0 0 0 0 
0 0 0 0 0 1 0 1 0 1 0 0 0 0 0 
0 0 1 0 0 0 0 0 0 0 1 0 0 1 0 
0 1 0 0 1 0 0 1 0 0 0 0 0 0 0 
OpenStacks: 9
Took 0.63 seconds

buffer: Warwick 528: balanced products, 3 products per order
numCustomers: 15
numProducts: 15
0 0 0 0 0 0 0 0 0 1 0 0 1 1 0 
0 0 1 0 0 0 1 0 0 0 0 0 0 0 1 
0 0 0 1 0 0 0 0 0 0 0 1 0 1 0 
0 1 0 0 1 1 0 0 0 0 0 0 0 0 0 
0 0 1 0 0 0 0 0 0 0 1 0 0 1 0 
0 0 0 1 0 0 0 0 1 0 0 0 0 0 1 
0 0 0 0 0 0 0 0 1 0 1 1 0 0 0 
1 0 0 0 0 0 0 0 0 0 1 0 0 1 0 
0 0 0 0 0 0 0 0 1 0 1 0 1 0 0 
0 0 0 0 1 0 0 1 0 0 0 0 0 1 0 
0 0 0 0 0 0 1 1 0 0 0 1 0 0 0 
0 0 0 0 0 1 0 0 0 0 1 1 0 0 0 
0 1 1 0 0 0 0 0 0 0 1 0 0 0 0 
1 0 0 0 0 0 1 0 0 0 0 0 0 1 0 
0 1 0 0 0 0 1 1 0 0 0 0 0 0 0 
Best sequence:
0 4 7 9 13 6 1 2 3 14 5 11 8 10 12 
0 0 0 1 1 0 0 0 0 0 0 0 0 0 1 
0 0 0 0 0 1 0 1 0 1 0 0 0 0 0 
0 0 0 0 1 0 0 0 1 0 0 1 0 0 0 
0 1 0 0 0 0 1 0 0 0 1 0 0 0 0 
0 0 0 0 1 0 0 1 0 0 0 0 0 1 0 
0 0 0 0 0 0 0 0 1 1 0 0 1 0 0 
0 0 0 0 0 0 0 0 0 0 0 1 1 1 0 
1 0 0 0 1 0 0 0 0 0 0 0 0 1 0 
0 0 0 0 0 0 0 0 0 0 0 0 1 1 1 
0 1 1 0 1 0 0 0 0 0 0 0 0 0 0 
0 0 1 0 0 1 0 0 0 0 0 1 0 0 0 
0 0 0 0 0 0 0 0 0 0 1 1 0 1 0 
0 0 0 0 0 0 1 1 0 0 0 0 0 1 0 
1 0 0 0 1 1 0 0 0 0 0 0 0 0 0 
0 0 1 0 0 1 1 0 0 0 0 0 0 0 0 
OpenStacks: 9
Took 0.61 seconds

buffer: Warwick 529: balanced products, 3 products per order
numCustomers: 15
numProducts: 15
0 0 0 1 0 1 0 0 0 0 0 0 1 0 0 
0 0 0 0 0 0 1 1 0 0 0 1 0 0 0 
0 0 0 0 0 0 0 1 1 0 0 0 0 0 1 
1 0 0 0 0 0 0 0 0 0 1 1 0 0 0 
0 0 0 0 0 0 0 1 0 1 0 1 0 0 0 
1 0 0 0 0 0 0 0 1 0 0 0 0 1 0 
0 0 1 0 0 0 1 0 0 0 0 0 0 1 0 
0 1 0 0 0 0 0 0 0 0 0 1 0 0 1 
0 0 0 0 0 0 0 0 1 1 0 0 0 1 0 
1 0 0 1 0 0 0 0 1 0 0 0 0 0 0 
1 0 0 0 0 0 0 1 0 0 0 0 1 0 0 
0 0 0 0 0 0 0 0 0 1 0 1 0 1 0 
1 0 0 1 0 0 0 0 0 0 0 1 0 0 0 
0 0 1 0 0 0 0 0 0 0 0 0 1 0 1 
0 1 0 0 1 0 0 0 0 0 0 0 0 1 0 
Best sequence:
0 3 5 8 10 12 7 14 2 6 9 11 1 4 13 
0 1 1 0 0 1 0 0 0 0 0 0 0 0 0 
0 0 0 0 0 0 1 0 0 1 0 1 0 0 0 
0 0 0 1 0 0 1 1 0 0 0 0 0 0 0 
1 0 0 0 1 0 0 0 0 0 0 1 0 0 0 
0 0 0 0 0 0 1 0 0 0 1 1 0 0 0 
1 0 0 1 0 0 0 0 0 0 0 0 0 0 1 
0 0 0 0 0 0 0 0 1 1 0 0 0 0 1 
0 0 0 0 0 0 0 1 0 0 0 1 1 0 0 
0 0 0 1 0 0 0 0 0 0 1 0 0 0 1 
1 1 0 1 0 0 0 0 0 0 0 0 0 0 0 
1 0 0 0 0 1 1 0 0 0 0 0 0 0 0 
0 0 0 0 0 0 0 0 0 0 1 1 0 0 1 
1 1 0 0 0 0 0 0 0 0 0 1 0 0 0 
0 0 0 0 0 1 0 1 1 0 0 0 0 0 0 
0 0 0 0 0 0 0 0 0 0 0 0 1 1 1 
OpenStacks: 9
Took 0.61 seconds

buffer: Warwick 530: balanced products, 3 products per order
numCustomers: 15
numProducts: 15
0 0 0 0 0 0 0 0 0 1 1 1 0 0 0 
1 0 0 0 0 1 0 0 0 0 1 0 0 0 0 
0 0 0 0 0 0 1 1 1 0 0 0 0 0 0 
0 0 0 0 0 1 0 0 0 1 1 0 0 0 0 
0 0 0 0 1 1 0 0 0 0 0 0 0 0 1 
0 1 0 0 0 0 0 0 1 0 0 0 1 0 0 
0 0 0 1 0 0 1 0 0 0 0 0 1 0 0 
1 0 0 0 1 0 1 0 0 0 0 0 0 0 0 
0 0 1 0 0 0 0 0 1 0 0 1 0 0 0 
0 0 0 1 0 0 0 1 0 0 1 0 0 0 0 
0 1 0 0 1 0 0 0 1 0 0 0 0 0 0 
1 0 0 0 0 0 0 0 0 0 1 0 0 0 1 
0 0 0 0 0 0 1 0 1 1 0 0 0 0 0 
0 0 0 0 0 0 1 0 1 0 0 0 0 1 0 
0 0 0 0 0 1 0 0 0 1 0 1 0 0 0 
Best sequence:
0 10 14 5 4 9 2 11 3 7 6 1 8 12 13 
0 1 0 0 0 1 0 1 0 0 0 0 0 0 0 
1 1 0 1 0 0 0 0 0 0 0 0 0 0 0 
0 0 0 0 0 0 0 0 0 1 1 0 1 0 0 
0 1 0 1 0 1 0 0 0 0 0 0 0 0 0 
0 0 1 1 1 0 0 0 0 0 0 0 0 0 0 
0 0 0 0 0 0 0 0 0 0 0 1 1 1 0 
0 0 0 0 0 0 0 0 1 0 1 0 0 1 0 
1 0 0 0 1 0 0 0 0 0 1 0 0 0 0 
0 0 0 0 0 0 1 1 0 0 0 0 1 0 0 
0 1 0 0 0 0 0 0 1 1 0 0 0 0 0 
0 0 0 0 1 0 0 0 0 0 0 1 1 0 0 
1 1 1 0 0 0 0 0 0 0 0 0 0 0 0 
0 0 0 0 0 1 0 0 0 0 1 0 1 0 0 
0 0 0 0 0 0 0 0 0 0 1 0 1 0 1 
0 0 0 1 0 1 0 1 0 0 0 0 0 0 0 
OpenStacks: 7
Took 0.63 seconds

buffer: Warwick 531: balanced products, 4 products per order
numCustomers: 15
numProducts: 15
1 0 0 0 0 0 1 0 1 0 1 0 0 0 0 
0 0 0 0 0 0 0 1 0 1 1 1 0 0 0 
0 1 1 1 0 0 0 0 0 0 0 0 1 0 0 
0 1 1 1 0 0 0 0 0 1 0 0 0 0 0 
0 1 0 0 0 0 1 1 0 0 0 0 0 0 1 
1 0 1 1 0 0 0 0 0 0 0 0 0 1 0 
0 0 0 1 1 0 0 1 0 0 0 1 0 0 0 
0 0 1 1 1 0 0 0 0 1 0 0 0 0 0 
0 0 0 1 0 0 0 1 0 1 0 0 0 0 1 
0 0 1 0 0 0 1 0 0 0 0 1 1 0 0 
0 1 0 0 0 1 0 1 0 0 1 0 0 0 0 
0 0 0 0 1 1 1 1 0 0 0 0 0 0 0 
1 0 0 1 0 0 0 0 0 0 0 0 0 1 1 
0 0 0 0 0 1 1 0 0 0 0 1 1 0 0 
0 0 0 0 0 0 1 1 0 0 0 1 1 0 0 
Best sequence:
0 1 3 8 13 14 2 9 4 7 5 6 10 11 12 
1 0 0 1 0 0 0 0 0 0 0 1 1 0 0 
0 0 0 0 0 0 0 1 0 1 0 0 1 1 0 
0 1 1 0 0 0 1 0 0 0 0 0 0 0 1 
0 1 1 0 0 0 1 1 0 0 0 0 0 0 0 
0 1 0 0 0 1 0 0 0 1 0 1 0 0 0 
1 0 1 0 1 0 1 0 0 0 0 0 0 0 0 
0 0 1 0 0 0 0 0 1 1 0 0 0 1 0 
0 0 1 0 0 0 1 1 1 0 0 0 0 0 0 
0 0 1 0 0 1 0 1 0 1 0 0 0 0 0 
0 0 0 0 0 0 1 0 0 0 0 1 0 1 1 
0 1 0 0 0 0 0 0 0 1 1 0 1 0 0 
0 0 0 0 0 0 0 0 1 1 1 1 0 0 0 
1 0 1 0 1 1 0 0 0 0 0 0 0 0 0 
0 0 0 0 0 0 0 0 0 0 1 1 0 1 1 
0 0 0 0 0 0 0 0 0 1 0 1 0 1 1 
OpenStacks: 10
Took 0.61 seconds

buffer: Warwick 532: balanced products, 4 products per order
numCustomers: 15
numProducts: 15
1 0 0 1 0 0 0 0 0 0 1 0 0 0 1 
0 0 0 0 1 0 1 0 0 0 0 0 1 0 1 
0 0 1 1 0 0 1 1 0 0 0 0 0 0 0 
0 0 1 1 1 0 0 0 0 0 0 0 1 0 0 
1 0 0 1 0 0 1 0 0 0 0 0 1 0 0 
0 1 1 0 0 1 1 0 0 0 0 0 0 0 0 
1 0 0 0 0 1 1 0 0 0 0 0 0 0 1 
1 0 0 1 0 0 0 0 0 0 0 1 0 1 0 
0 0 0 0 0 1 0 0 1 1 1 0 0 0 0 
0 1 0 0 1 0 0 0 0 1 1 0 0 0 0 
0 0 1 0 1 0 0 0 0 0 0 1 0 0 1 
1 0 1 0 0 1 0 0 0 0 0 0 1 0 0 
0 0 1 0 0 0 0 0 0 1 1 0 1 0 0 
1 0 0 1 0 1 0 1 0 0 0 0 0 0 0 
0 0 1 0 1 1 0 1 0 0 0 0 0 0 0 
Best sequence:
0 3 5 7 8 11 13 6 14 2 12 1 4 9 10 
1 1 0 0 0 0 0 0 1 0 0 0 0 0 1 
0 0 0 0 0 0 0 1 1 0 1 0 1 0 0 
0 1 0 1 0 0 0 1 0 1 0 0 0 0 0 
0 1 0 0 0 0 0 0 0 1 1 0 1 0 0 
1 1 0 0 0 0 0 1 0 0 1 0 0 0 0 
0 0 1 0 0 0 0 1 0 1 0 1 0 0 0 
1 0 1 0 0 0 0 1 1 0 0 0 0 0 0 
1 1 0 0 0 1 1 0 0 0 0 0 0 0 0 
0 0 1 0 1 0 0 0 0 0 0 0 0 1 1 
0 0 0 0 0 0 0 0 0 0 0 1 1 1 1 
0 0 0 0 0 1 0 0 1 1 0 0 1 0 0 
1 0 1 0 0 0 0 0 0 1 1 0 0 0 0 
0 0 0 0 0 0 0 0 0 1 1 0 0 1 1 
1 1 1 1 0 0 0 0 0 0 0 0 0 0 0 
0 0 1 1 0 0 0 0 0 1 0 0 1 0 0 
OpenStacks: 11
Took 0.63 seconds

buffer: Warwick 533: balanced products, 4 products per order
numCustomers: 15
numProducts: 15
1 1 0 0 0 0 0 0 0 0 1 0 0 0 1 
0 1 0 0 0 0 0 0 0 1 1 0 1 0 0 
0 0 1 1 0 0 0 0 1 0 0 0 0 1 0 
0 0 0 0 0 0 1 1 1 0 0 1 0 0 0 
0 1 0 0 0 0 1 0 0 1 0 1 0 0 0 
0 1 1 0 0 0 1 0 0 0 1 0 0 0 0 
0 1 1 0 0 0 1 0 1 0 0 0 0 0 0 
0 0 0 0 1 0 0 0 0 1 0 0 1 0 1 
1 0 0 0 0 1 0 0 0 0 1 0 0 1 0 
1 0 0 0 0 0 1 0 1 0 0 1 0 0 0 
0 0 0 0 0 1 0 0 0 0 0 1 0 1 1 
0 0 0 0 0 0 0 1 0 1 0 0 1 0 1 
0 0 0 0 0 1 0 0 1 0 0 0 1 0 1 
1 0 1 0 0 1 0 0 0 0 0 0 1 0 0 
1 0 0 1 0 0 0 0 0 0 1 0 0 1 0 
Best sequence:
0 2 3 10 13 5 8 1 6 11 7 4 9 12 14 
1 0 0 1 0 0 0 1 0 0 0 0 0 0 1 
0 0 0 1 0 0 0 1 0 0 0 0 1 1 0 
0 1 1 0 1 0 1 0 0 0 0 0 0 0 0 
0 0 0 0 0 0 1 0 1 1 1 0 0 0 0 
0 0 0 0 0 0 0 1 1 1 0 0 1 0 0 
0 1 0 1 0 0 0 1 1 0 0 0 0 0 0 
0 1 0 0 0 0 1 1 1 0 0 0 0 0 0 
0 0 0 0 0 0 0 0 0 0 0 1 1 1 1 
1 0 0 1 1 1 0 0 0 0 0 0 0 0 0 
1 0 0 0 0 0 1 0 1 1 0 0 0 0 0 
0 0 0 0 1 1 0 0 0 1 0 0 0 0 1 
0 0 0 0 0 0 0 0 0 0 1 0 1 1 1 
0 0 0 0 0 1 1 0 0 0 0 0 0 1 1 
1 1 0 0 0 1 0 0 0 0 0 0 0 1 0 
1 0 1 1 1 0 0 0 0 0 0 0 0 0 0 
OpenStacks: 10
Took 0.61 seconds

buffer: Warwick 534: balanced products, 4 products per order
numCustomers: 15
numProducts: 15
0 0 0 0 1 0 1 0 0 0 1 1 0 0 0 
0 0 0 0 0 0 0 1 1 0 0 0 1 1 0 
1 0 0 0 0 0 0 0 1 0 0 1 0 1 0 
0 0 0 1 0 1 0 0 0 0 1 1 0 0 0 
0 0 1 0 0 0 1 0 0 1 0 0 0 0 1 
1 0 1 0 0 0 0 0 1 0 1 0 0 0 0 
1 0 1 1 0 0 0 0 0 0 0 0 1 0 0 
0 0 1 0 1 1 0 0 0 0 0 0 0 1 0 
0 1 0 0 0 1 0 0 0 0 0 0 0 1 1 
0 0 0 1 0 1 1 1 0 0 0 0 0 0 0 
1 0 1 0 1 0 0 0 0 0 0 0 1 0 0 
0 0 1 0 0 1 0 0 1 0 0 1 0 0 0 
0 0 0 0 1 0 1 0 0 1 0 0 1 0 0 
0 0 1 1 1 0 0 0 0 0 0 1 0 0 0 
0 0 0 1 0 0 1 1 0 0 1 0 0 0 0 
Best sequence:
0 1 2 4 8 9 12 11 13 5 14 3 6 7 10 
0 0 0 1 0 0 0 1 0 0 0 0 1 0 1 
0 0 0 0 1 0 1 0 1 0 0 0 0 1 0 
1 0 0 0 1 0 0 1 1 0 0 0 0 0 0 
0 0 0 0 0 0 0 1 0 1 0 1 0 0 1 
0 0 1 0 0 1 0 0 0 0 1 0 1 0 0 
1 0 1 0 1 0 0 0 0 0 0 0 0 0 1 
1 0 1 0 0 0 1 0 0 0 0 1 0 0 0 
0 0 1 1 0 0 0 0 1 1 0 0 0 0 0 
0 1 0 0 0 0 0 0 1 1 1 0 0 0 0 
0 0 0 0 0 0 0 0 0 1 0 1 1 1 0 
1 0 1 1 0 0 1 0 0 0 0 0 0 0 0 
0 0 1 0 1 0 0 1 0 1 0 0 0 0 0 
0 0 0 1 0 1 1 0 0 0 0 0 1 0 0 
0 0 1 1 0 0 0 1 0 0 0 1 0 0 0 
0 0 0 0 0 0 0 0 0 0 0 1 1 1 1 
OpenStacks: 12
Took 0.62 seconds

buffer: Warwick 535: balanced products, 4 products per order
numCustomers: 15
numProducts: 15
1 0 0 1 0 0 0 0 1 0 0 0 0 0 1 
1 0 1 0 0 0 1 0 0 0 1 0 0 0 0 
0 0 0 1 0 0 0 0 0 1 0 1 0 1 0 
0 0 1 0 0 1 0 0 0 0 0 0 0 1 1 
0 1 0 1 0 0 0 0 0 1 0 0 1 0 0 
0 1 0 0 1 0 0 0 0 1 0 0 0 1 0 
0 1 0 0 0 0 1 0 0 0 0 0 0 1 1 
1 0 0 1 1 0 0 0 1 0 0 0 0 0 0 
0 0 0 0 1 1 0 1 0 1 0 0 0 0 0 
0 1 0 1 0 0 0 0 0 0 1 0 1 0 0 
0 1 0 1 0 0 0 0 0 1 0 0 1 0 0 
1 0 0 0 0 0 1 0 0 0 0 1 1 0 0 
1 0 1 0 0 1 0 0 0 0 0 0 0 0 1 
0 0 0 0 0 0 1 0 1 1 0 0 0 0 1 
0 0 0 0 1 1 0 0 0 0 1 0 0 1 0 
Best sequence:
0 2 4 5 6 7 8 14 10 11 13 1 3 9 12 
1 0 0 0 0 0 1 1 0 0 0 0 1 0 0 
1 1 0 0 1 0 0 0 1 0 0 0 0 0 0 
0 0 0 0 0 0 0 0 0 1 1 0 1 1 0 
0 1 0 1 0 0 0 1 0 0 1 0 0 0 0 
0 0 0 0 0 0 0 0 0 0 0 1 1 1 1 
0 0 1 0 0 0 0 0 0 0 1 1 0 1 0 
0 0 0 0 1 0 0 1 0 0 1 1 0 0 0 
1 0 1 0 0 0 1 0 0 0 0 0 1 0 0 
0 0 1 1 0 1 0 0 0 0 0 0 0 1 0 
0 0 0 0 0 0 0 0 1 0 0 1 1 0 1 
0 0 0 0 0 0 0 0 0 0 0 1 1 1 1 
1 0 0 0 1 0 0 0 0 1 0 0 0 0 1 
1 1 0 1 0 0 0 1 0 0 0 0 0 0 0 
0 0 0 0 1 0 1 1 0 0 0 0 0 1 0 
0 0 1 1 0 0 0 0 1 0 1 0 0 0 0 
OpenStacks: 11
Took 0.62 seconds

buffer: Warwick 536: balanced products, 4 products per order
numCustomers: 15
numProducts: 15
0 0 0 0 1 0 1 0 1 1 0 0 0 0 0 
0 0 1 1 0 0 0 0 0 0 0 1 0 0 1 
1 0 0 0 0 1 0 0 0 0 1 0 0 0 1 
0 0 1 0 0 0 0 0 1 0 0 1 0 1 0 
0 1 1 0 0 0 0 0 0 1 1 0 0 0 0 
0 0 0 0 0 0 0 0 0 1 1 0 1 0 1 
0 0 0 0 0 0 0 1 0 0 0 1 0 1 1 
0 0 0 0 0 1 1 0 0 0 0 1 0 0 1 
0 0 0 0 1 1 0 0 1 0 1 0 0 0 0 
0 0 0 1 0 0 0 1 1 0 0 0 0 0 1 
0 1 0 0 0 0 0 0 1 1 0 0 0 1 0 
0 0 1 0 1 1 0 0 0 0 0 1 0 0 0 
0 0 0 0 1 0 0 1 1 0 1 0 0 0 0 
0 0 0 0 0 0 0 0 1 0 1 1 1 0 0 
0 1 1 0 0 0 1 0 0 0 0 0 0 0 1 
Best sequence:
0 1 2 3 6 9 13 14 11 5 4 7 8 10 12 
0 0 0 0 1 1 0 0 0 0 1 0 1 0 0 
0 0 1 1 0 0 0 1 1 0 0 0 0 0 0 
1 0 0 0 0 0 0 1 0 1 0 0 0 1 0 
0 0 1 0 0 0 1 0 1 0 0 0 1 0 0 
0 1 1 0 0 1 0 0 0 0 0 0 0 1 0 
0 0 0 0 0 1 0 1 0 0 0 0 0 1 1 
0 0 0 0 0 0 1 1 1 0 0 1 0 0 0 
0 0 0 0 1 0 0 1 1 1 0 0 0 0 0 
0 0 0 0 0 0 0 0 0 1 1 0 1 1 0 
0 0 0 1 0 0 0 1 0 0 0 1 1 0 0 
0 1 0 0 0 1 1 0 0 0 0 0 1 0 0 
0 0 1 0 0 0 0 0 1 1 1 0 0 0 0 
0 0 0 0 0 0 0 0 0 0 1 1 1 1 0 
0 0 0 0 0 0 0 0 1 0 0 0 1 1 1 
0 1 1 0 1 0 0 1 0 0 0 0 0 0 0 
OpenStacks: 12
Took 0.61 seconds

buffer: Warwick 537: balanced products, 4 products per order
numCustomers: 15
numProducts: 15
1 0 0 0 0 0 0 1 0 0 1 0 0 1 0 
1 0 0 1 0 0 0 0 0 0 0 0 0 1 1 
0 0 0 0 1 0 0 0 0 0 1 0 1 0 1 
1 0 0 0 0 0 1 0 1 0 0 1 0 0 0 
0 1 0 0 0 1 0 0 0 0 1 0 0 0 1 
1 0 0 0 1 0 0 0 0 1 0 0 1 0 0 
0 0 1 0 1 0 0 0 0 1 0 0 0 1 0 
0 0 0 0 0 0 1 0 0 0 1 0 0 1 1 
0 0 0 0 0 0 0 1 1 1 0 0 0 1 0 
1 0 0 0 0 0 1 0 0 0 0 0 1 1 0 
1 0 1 0 0 1 0 0 0 0 0 0 0 0 1 
0 0 0 0 0 1 1 0 1 0 0 0 0 0 1 
1 0 0 0 0 1 0 0 0 0 0 0 0 1 1 
0 0 0 1 0 1 0 0 1 0 0 0 0 1 0 
0 0 0 0 1 0 0 0 1 1 0 0 0 1 0 
Best sequence:
0 1 3 5 6 10 11 12 14 2 4 7 8 9 13 
1 0 0 0 0 1 0 0 0 0 0 1 0 0 1 
1 0 1 0 0 0 0 0 1 0 0 0 0 0 1 
0 0 0 0 0 1 0 1 1 0 1 0 0 0 0 
1 0 0 0 1 0 1 0 0 0 0 0 1 0 0 
0 1 0 1 0 1 0 0 1 0 0 0 0 0 0 
1 0 0 0 0 0 0 1 0 0 1 0 0 1 0 
0 0 0 0 0 0 0 0 0 1 1 0 0 1 1 
0 0 0 0 1 1 0 0 1 0 0 0 0 0 1 
0 0 0 0 0 0 0 0 0 0 0 1 1 1 1 
1 0 0 0 1 0 0 1 0 0 0 0 0 0 1 
1 0 0 1 0 0 0 0 1 1 0 0 0 0 0 
0 0 0 1 1 0 0 0 1 0 0 0 1 0 0 
1 0 0 1 0 0 0 0 1 0 0 0 0 0 1 
0 0 1 1 0 0 0 0 0 0 0 0 1 0 1 
0 0 0 0 0 0 0 0 0 0 1 0 1 1 1 
OpenStacks: 12
Took 0.62 seconds

buffer: Warwick 538: balanced products, 4 products per order
numCustomers: 15
numProducts: 15
1 1 0 0 0 0 0 1 0 0 1 0 0 0 0 
1 0 0 0 0 0 0 0 1 0 1 0 0 0 1 
1 1 1 0 0 0 0 1 0 0 0 0 0 0 0 
0 1 0 1 0 0 0 1 0 0 0 0 0 1 0 
0 0 0 0 0 0 0 0 0 1 0 0 1 1 1 
0 0 1 0 0 1 0 0 0 1 0 1 0 0 0 
0 0 0 0 1 0 1 0 0 0 0 1 0 0 1 
1 0 1 0 0 0 0 0 0 0 1 0 0 1 0 
1 0 0 0 0 0 0 0 1 1 0 0 0 1 0 
0 1 0 0 0 1 0 0 0 0 0 0 0 1 1 
0 0 0 0 0 1 0 0 0 0 1 0 0 1 1 
0 0 0 0 1 1 0 0 1 0 0 0 0 1 0 
0 0 0 0 1 0 0 0 0 1 0 0 1 0 1 
1 0 0 0 0 1 0 0 0 0 0 1 0 0 1 
0 1 0 0 0 0 0 0 1 0 0 1 0 1 0 
Best sequence:
0 1 2 3 7 5 8 10 13 6 11 4 9 12 14 
1 1 0 0 1 0 0 1 0 0 0 0 0 0 0 
1 0 0 0 0 0 1 1 0 0 0 0 0 0 1 
1 1 1 0 1 0 0 0 0 0 0 0 0 0 0 
0 1 0 1 1 0 0 0 1 0 0 0 0 0 0 
0 0 0 0 0 0 0 0 1 0 0 0 1 1 1 
0 0 1 0 0 1 0 0 0 0 1 0 1 0 0 
0 0 0 0 0 0 0 0 0 1 1 1 0 0 1 
1 0 1 0 0 0 0 1 1 0 0 0 0 0 0 
1 0 0 0 0 0 1 0 1 0 0 0 1 0 0 
0 1 0 0 0 1 0 0 1 0 0 0 0 0 1 
0 0 0 0 0 1 0 1 1 0 0 0 0 0 1 
0 0 0 0 0 1 1 0 1 0 0 1 0 0 0 
0 0 0 0 0 0 0 0 0 0 0 1 1 1 1 
1 0 0 0 0 1 0 0 0 0 1 0 0 0 1 
0 1 0 0 0 0 1 0 1 0 1 0 0 0 0 
OpenStacks: 11
Took 0.62 seconds

buffer: Warwick 539: balanced products, 4 products per order
numCustomers: 15
numProducts: 15
0 0 1 0 1 1 0 1 0 0 0 0 0 0 0 
0 0 1 0 0 0 1 0 0 1 0 0 0 1 0 
1 1 0 0 0 0 0 0 0 0 0 0 0 1 1 
1 0 0 0 1 0 1 0 0 0 0 1 0 0 0 
0 0 0 1 0 0 0 1 1 0 0 0 1 0 0 
0 1 0 0 0 0 1 0 0 0 1 0 0 0 1 
0 1 1 0 0 0 0 0 0 0 0 1 0 0 1 
1 1 0 0 0 0 1 0 0 0 0 1 0 0 0 
1 0 0 1 0 0 0 0 0 0 0 0 1 1 0 
0 0 0 0 0 1 0 0 0 1 0 0 1 0 1 
0 0 0 0 0 0 1 1 0 0 1 1 0 0 0 
1 0 0 0 0 0 1 1 0 0 0 0 0 0 1 
0 0 0 1 0 0 0 0 0 1 1 0 0 0 1 
1 0 1 0 0 0 0 0 1 0 1 0 0 0 0 
0 1 0 0 0 0 0 1 0 0 0 0 1 0 1 
Best sequence:
0 1 2 4 6 11 3 7 8 10 5 9 12 13 14 
0 0 1 1 0 0 0 1 0 0 1 0 0 0 0 
0 0 1 0 1 0 0 0 0 0 0 1 0 1 0 
1 1 0 0 0 0 0 0 0 0 0 0 0 1 1 
1 0 0 1 1 1 0 0 0 0 0 0 0 0 0 
0 0 0 0 0 0 1 1 1 0 0 0 1 0 0 
0 1 0 0 1 0 0 0 0 1 0 0 0 0 1 
0 1 1 0 0 1 0 0 0 0 0 0 0 0 1 
1 1 0 0 1 1 0 0 0 0 0 0 0 0 0 
1 0 0 0 0 0 1 0 0 0 0 0 1 1 0 
0 0 0 0 0 0 0 0 0 0 1 1 1 0 1 
0 0 0 0 1 1 0 1 0 1 0 0 0 0 0 
1 0 0 0 1 0 0 1 0 0 0 0 0 0 1 
0 0 0 0 0 0 1 0 0 1 0 1 0 0 1 
1 0 1 0 0 0 0 0 1 1 0 0 0 0 0 
0 1 0 0 0 0 0 1 0 0 0 0 1 0 1 
OpenStacks: 12
Took 0.61 seconds

buffer: Warwick 540: balanced products, 4 products per order
numCustomers: 15
numProducts: 15
1 0 0 0 0 0 0 0 1 0 1 0 0 0 1 
1 0 1 0 0 1 0 0 0 0 0 0 0 1 0 
0 0 0 0 0 1 1 0 0 1 0 0 0 1 0 
0 1 0 0 0 0 0 0 0 1 0 1 0 0 1 
1 1 0 0 0 0 0 0 0 0 0 1 0 0 1 
0 0 1 0 0 0 1 0 0 0 0 1 0 1 0 
0 1 0 0 0 0 0 1 0 1 0 0 1 0 0 
0 0 0 0 0 0 1 1 0 0 0 1 1 0 0 
0 1 0 0 0 0 1 0 0 0 0 1 1 0 0 
0 1 0 0 0 0 1 0 0 0 0 1 0 0 1 
1 0 0 0 0 1 0 0 1 0 0 0 1 0 0 
0 0 0 0 1 0 1 1 1 0 0 0 0 0 0 
0 0 0 0 0 1 0 1 0 1 1 0 0 0 0 
1 0 1 1 0 0 0 0 0 0 0 0 0 0 1 
0 0 0 1 0 0 0 0 0 1 0 0 0 1 1 
Best sequence:
0 2 3 4 8 14 10 5 13 9 7 1 6 11 12 
1 0 0 0 1 1 1 0 0 0 0 0 0 0 0 
1 1 0 0 0 0 0 1 1 0 0 0 0 0 0 
0 0 0 0 0 0 0 1 1 1 0 0 1 0 0 
0 0 0 0 0 1 0 0 0 1 0 1 0 1 0 
1 0 0 0 0 1 0 0 0 0 0 1 0 1 0 
0 1 0 0 0 0 0 0 1 0 0 0 1 1 0 
0 0 0 0 0 0 0 0 0 1 1 1 0 0 1 
0 0 0 0 0 0 0 0 0 0 1 0 1 1 1 
0 0 0 0 0 0 0 0 0 0 0 1 1 1 1 
0 0 0 0 0 1 0 0 0 0 0 1 1 1 0 
1 0 0 0 1 0 0 1 0 0 0 0 0 0 1 
0 0 0 1 1 0 0 0 0 0 1 0 1 0 0 
0 0 0 0 0 0 1 1 0 1 1 0 0 0 0 
1 1 1 0 0 1 0 0 0 0 0 0 0 0 0 
0 0 1 0 0 1 0 0 1 1 0 0 0 0 0 
OpenStacks: 10
Took 0.63 seconds

buffer: Warwick 541: balanced products, 5 products per order
numCustomers: 15
numProducts: 15
1 0 1 0 0 0 0 1 1 0 0 0 1 0 0 
0 1 1 1 0 0 0 0 0 0 0 1 1 0 0 
0 0 0 0 1 1 1 0 0 1 0 1 0 0 0 
0 1 0 0 1 1 1 0 0 0 1 0 0 0 0 
0 0 1 0 0 0 1 1 1 0 0 0 1 0 0 
0 0 0 1 0 1 0 0 1 0 0 1 0 1 0 
0 1 0 0 0 1 0 1 1 0 1 0 0 0 0 
1 0 0 0 0 0 1 0 0 1 0 0 1 0 1 
0 0 1 1 0 0 0 0 1 0 0 1 0 1 0 
0 1 0 0 1 0 0 1 0 0 1 0 0 1 0 
0 0 0 0 1 0 0 0 1 1 0 1 0 1 0 
1 0 1 0 1 0 0 0 0 1 0 0 1 0 0 
0 0 0 0 0 0 0 0 1 1 0 1 0 1 1 
0 1 0 1 1 0 0 0 0 1 0 1 0 0 0 
0 0 0 0 1 1 1 0 0 0 1 0 0 1 0 
Best sequence:
0 1 2 3 7 8 12 9 11 4 5 6 10 13 14 
1 0 1 0 1 1 1 0 0 0 0 0 0 0 0 
0 1 1 1 0 0 1 0 1 0 0 0 0 0 0 
0 0 0 0 0 0 0 1 1 1 1 1 0 0 0 
0 1 0 0 0 0 0 0 0 1 1 1 1 0 0 
0 0 1 0 1 1 1 0 0 0 0 1 0 0 0 
0 0 0 1 0 1 0 0 1 0 1 0 0 1 0 
0 1 0 0 1 1 0 0 0 0 1 0 1 0 0 
1 0 0 0 0 0 1 1 0 0 0 1 0 0 1 
0 0 1 1 0 1 0 0 1 0 0 0 0 1 0 
0 1 0 0 1 0 0 0 0 1 0 0 1 1 0 
0 0 0 0 0 1 0 1 1 1 0 0 0 1 0 
1 0 1 0 0 0 1 1 0 1 0 0 0 0 0 
0 0 0 0 0 1 0 1 1 0 0 0 0 1 1 
0 1 0 1 0 0 0 1 1 1 0 0 0 0 0 
0 0 0 0 0 0 0 0 0 1 1 1 1 1 0 
OpenStacks: 13
Took 0.61 seconds

buffer: Warwick 542: balanced products, 5 products per order
numCustomers: 15
numProducts: 15
0 0 0 0 0 0 0 1 1 1 0 0 1 1 0 
1 0 0 0 1 0 0 1 0 0 0 0 0 1 1 
1 1 0 0 0 0 1 0 1 0 0 0 0 1 0 
1 1 0 1 0 0 0 0 0 0 1 0 1 0 0 
0 1 0 0 0 0 0 0 1 0 1 1 0 0 1 
0 1 0 1 0 0 0 0 1 0 1 0 0 0 1 
1 1 1 0 0 1 0 1 0 0 0 0 0 0 0 
0 0 0 0 0 0 0 0 1 0 1 1 1 1 0 
1 0 0 1 1 0 0 0 0 1 0 0 0 1 0 
1 0 0 0 0 0 0 1 0 0 1 0 1 1 0 
0 1 0 0 0 1 0 0 0 1 0 1 0 0 1 
0 1 1 1 0 0 0 0 0 1 0 0 1 0 0 
0 0 0 0 0 0 0 1 1 1 0 1 0 1 0 
0 0 0 0 0 0 1 1 1 1 1 0 0 0 0 
0 1 1 1 1 0 0 0 1 0 0 0 0 0 0 
Best sequence:
0 1 2 3 4 5 6 7 8 9 10 11 12 13 14 
0 0 0 0 0 0 0 1 1 1 0 0 1 1 0 
1 0 0 0 1 0 0 1 0 0 0 0 0 1 1 
1 1 0 0 0 0 1 0 1 0 0 0 0 1 0 
1 1 0 1 0 0 0 0 0 0 1 0 1 0 0 
0 1 0 0 0 0 0 0 1 0 1 1 0 0 1 
0 1 0 1 0 0 0 0 1 0 1 0 0 0 1 
1 1 1 0 0 1 0 1 0 0 0 0 0 0 0 
0 0 0 0 0 0 0 0 1 0 1 1 1 1 0 
1 0 0 1 1 0 0 0 0 1 0 0 0 1 0 
1 0 0 0 0 0 0 1 0 0 1 0 1 1 0 
0 1 0 0 0 1 0 0 0 1 0 1 0 0 1 
0 1 1 1 0 0 0 0 0 1 0 0 1 0 0 
0 0 0 0 0 0 0 1 1 1 0 1 0 1 0 
0 0 0 0 0 0 1 1 1 1 1 0 0 0 0 
0 1 1 1 1 0 0 0 1 0 0 0 0 0 0 
OpenStacks: 14
Took 0.61 seconds

buffer: Warwick 543: balanced products, 5 products per order
numCustomers: 15
numProducts: 15
0 0 1 0 1 1 0 0 1 0 0 0 0 0 1 
0 1 1 0 0 0 0 0 0 0 0 0 1 1 1 
0 1 0 1 0 0 1 0 1 0 0 1 0 0 0 
0 0 0 0 0 1 1 0 1 1 0 0 0 0 1 
0 1 1 0 0 0 1 0 1 0 0 0 0 1 0 
1 0 0 0 0 1 1 0 0 0 0 0 1 1 0 
1 1 0 0 1 0 1 0 0 0 0 1 0 0 0 
0 1 0 0 1 1 1 1 0 0 0 0 0 0 0 
0 0 0 1 0 0 1 0 1 1 1 0 0 0 0 
0 1 0 1 0 0 0 0 0 0 0 1 1 1 0 
0 0 0 0 1 1 0 1 1 0 0 1 0 0 0 
0 0 0 0 1 0 1 0 0 1 0 1 0 0 1 
0 0 1 1 0 0 0 1 0 0 0 0 0 1 1 
0 1 0 0 0 0 1 1 0 0 0 0 1 0 1 
0 1 0 0 0 1 1 0 1 1 0 0 0 0 0 
Best sequence:
0 1 2 3 4 7 10 11 12 13 5 6 8 9 14 
0 0 1 0 1 0 0 0 0 0 1 0 1 0 1 
0 1 1 0 0 0 0 0 1 1 0 0 0 0 1 
0 1 0 1 0 0 0 1 0 0 0 1 1 0 0 
0 0 0 0 0 0 0 0 0 0 1 1 1 1 1 
0 1 1 0 0 0 0 0 0 1 0 1 1 0 0 
1 0 0 0 0 0 0 0 1 1 1 1 0 0 0 
1 1 0 0 1 0 0 1 0 0 0 1 0 0 0 
0 1 0 0 1 1 0 0 0 0 1 1 0 0 0 
0 0 0 1 0 0 1 0 0 0 0 1 1 1 0 
0 1 0 1 0 0 0 1 1 1 0 0 0 0 0 
0 0 0 0 1 1 0 1 0 0 1 0 1 0 0 
0 0 0 0 1 0 0 1 0 0 0 1 0 1 1 
0 0 1 1 0 1 0 0 0 1 0 0 0 0 1 
0 1 0 0 0 1 0 0 1 0 0 1 0 0 1 
0 1 0 0 0 0 0 0 0 0 1 1 1 1 0 
OpenStacks: 14
Took 0.62 seconds

buffer: Warwick 544: balanced products, 5 products per order
numCustomers: 15
numProducts: 15
0 0 1 0 1 0 1 0 0 0 1 0 0 1 0 
0 0 0 0 1 1 0 1 1 0 0 0 0 0 1 
0 0 0 0 0 1 0 0 0 1 1 0 0 1 1 
0 1 0 1 0 1 0 0 1 0 1 0 0 0 0 
0 0 1 0 1 1 0 0 0 0 1 1 0 0 0 
0 0 0 1 0 0 1 0 0 0 1 1 0 0 1 
1 0 0 0 1 1 0 0 0 1 1 0 0 0 0 
1 1 0 0 0 0 0 0 1 1 1 0 0 0 0 
0 0 0 1 0 0 1 1 0 1 0 0 0 0 1 
0 1 0 1 0 0 0 0 0 0 1 0 1 1 0 
0 0 0 1 1 0 0 1 0 0 1 0 0 1 0 
0 0 0 1 1 1 0 0 1 0 0 1 0 0 0 
1 1 0 0 1 0 0 0 0 0 0 1 0 0 1 
0 0 1 0 0 0 1 1 1 1 0 0 0 0 0 
1 0 0 0 0 0 1 0 0 1 0 1 1 0 0 
Best sequence:
0 1 2 6 9 11 12 3 10 13 4 5 7 8 14 
0 0 1 1 0 0 0 0 1 1 1 0 0 0 0 
0 0 0 0 0 0 0 0 0 0 1 1 1 1 1 
0 0 0 0 1 0 0 0 1 1 0 1 0 0 1 
0 1 0 0 0 0 0 1 1 0 0 1 0 1 0 
0 0 1 0 0 1 0 0 1 0 1 1 0 0 0 
0 0 0 1 0 1 0 1 1 0 0 0 0 0 1 
1 0 0 0 1 0 0 0 1 0 1 1 0 0 0 
1 1 0 0 1 0 0 0 1 0 0 0 0 1 0 
0 0 0 1 1 0 0 1 0 0 0 0 1 0 1 
0 1 0 0 0 0 1 1 1 1 0 0 0 0 0 
0 0 0 0 0 0 0 1 1 1 1 0 1 0 0 
0 0 0 0 0 1 0 1 0 0 1 1 0 1 0 
1 1 0 0 0 1 0 0 0 0 1 0 0 0 1 
0 0 1 1 1 0 0 0 0 0 0 0 1 1 0 
1 0 0 1 1 1 1 0 0 0 0 0 0 0 0 
OpenStacks: 13
Took 0.62 seconds

buffer: Warwick 545: balanced products, 5 products per order
numCustomers: 15
numProducts: 15
1 0 1 0 0 0 1 0 0 0 1 0 0 0 1 
1 1 0 0 0 0 0 1 0 0 1 1 0 0 0 
1 0 0 0 1 0 1 1 0 0 0 0 0 1 0 
1 1 0 1 0 0 0 1 0 1 0 0 0 0 0 
0 0 1 0 0 0 1 0 0 0 0 1 1 1 0 
0 0 0 1 0 0 0 1 1 0 0 0 1 0 1 
0 1 0 0 0 1 1 0 0 0 1 0 0 1 0 
1 1 1 0 1 0 0 0 0 0 0 0 0 0 1 
0 1 0 0 0 0 0 1 1 0 0 0 1 0 1 
1 1 0 0 0 0 0 0 1 0 1 0 1 0 0 
1 0 0 0 1 0 1 1 0 0 0 0 0 1 0 
1 0 1 0 1 0 1 1 0 0 0 0 0 0 0 
0 0 0 0 0 0 1 1 1 1 0 1 0 0 0 
0 0 1 0 1 1 0 1 0 0 0 1 0 0 0 
0 1 0 1 1 0 0 1 0 0 0 0 0 1 0 
Best sequence:
0 1 2 3 4 5 10 12 13 14 6 7 8 9 11 
1 0 1 0 0 0 1 0 0 1 1 0 0 0 0 
1 1 0 0 0 0 1 0 0 0 0 1 0 0 1 
1 0 0 0 1 0 0 0 1 0 1 1 0 0 0 
1 1 0 1 0 0 0 0 0 0 0 1 0 1 0 
0 0 1 0 0 0 0 1 1 0 1 0 0 0 1 
0 0 0 1 0 0 0 1 0 1 0 1 1 0 0 
0 1 0 0 0 1 1 0 1 0 1 0 0 0 0 
1 1 1 0 1 0 0 0 0 1 0 0 0 0 0 
0 1 0 0 0 0 0 1 0 1 0 1 1 0 0 
1 1 0 0 0 0 1 1 0 0 0 0 1 0 0 
1 0 0 0 1 0 0 0 1 0 1 1 0 0 0 
1 0 1 0 1 0 0 0 0 0 1 1 0 0 0 
0 0 0 0 0 0 0 0 0 0 1 1 1 1 1 
0 0 1 0 1 1 0 0 0 0 0 1 0 0 1 
0 1 0 1 1 0 0 0 1 0 0 1 0 0 0 
OpenStacks: 14
Took 0.61 seconds

buffer: Warwick 546: balanced products, 5 products per order
numCustomers: 15
numProducts: 15
1 1 0 0 1 0 0 0 0 1 0 0 0 0 1 
0 0 1 1 0 0 0 0 0 1 1 0 0 1 0 
0 0 1 1 0 0 0 1 1 0 0 0 0 1 0 
0 0 1 0 0 0 1 0 1 1 0 0 0 0 1 
0 0 0 0 0 1 0 0 0 0 1 1 1 0 1 
0 0 0 0 1 0 0 1 1 0 0 1 1 0 0 
0 1 1 1 0 0 0 0 1 0 0 0 1 0 0 
0 0 0 1 1 0 1 0 1 1 0 0 0 0 0 
0 0 0 0 0 0 0 1 1 1 1 0 0 1 0 
0 1 0 1 0 1 0 0 0 1 0 0 0 0 1 
1 0 0 0 0 1 0 1 0 0 0 0 1 1 0 
1 0 0 1 0 0 0 0 1 1 0 1 0 0 0 
1 0 0 0 0 1 0 1 0 1 0 1 0 0 0 
1 0 1 1 0 1 0 0 0 0 1 0 0 0 0 
1 0 1 0 0 0 1 1 0 0 0 0 1 0 0 
Best sequence:
0 1 5 7 10 11 12 13 2 14 3 4 6 8 9 
1 1 0 0 0 0 0 0 0 1 0 1 0 0 1 
0 0 0 0 1 0 0 1 1 0 1 0 0 0 1 
0 0 0 1 0 0 0 1 1 0 1 0 0 1 0 
0 0 0 0 0 0 0 0 1 1 0 0 1 1 1 
0 0 1 0 1 1 1 0 0 1 0 0 0 0 0 
0 0 0 1 0 1 1 0 0 0 0 1 0 1 0 
0 1 0 0 0 0 1 0 1 0 1 0 0 1 0 
0 0 0 0 0 0 0 0 0 0 1 1 1 1 1 
0 0 0 1 1 0 0 1 0 0 0 0 0 1 1 
0 1 1 0 0 0 0 0 0 1 1 0 0 0 1 
1 0 1 1 0 0 1 1 0 0 0 0 0 0 0 
1 0 0 0 0 1 0 0 0 0 1 0 0 1 1 
1 0 1 1 0 1 0 0 0 0 0 0 0 0 1 
1 0 1 0 1 0 0 0 1 0 1 0 0 0 0 
1 0 0 1 0 0 1 0 1 0 0 0 1 0 0 
OpenStacks: 13
Took 0.62 seconds

buffer: Warwick 547: balanced products, 5 products per order
numCustomers: 15
numProducts: 15
0 1 0 1 1 0 0 0 0 1 0 0 0 1 0 
0 0 0 1 0 1 0 0 0 0 0 1 1 0 1 
1 0 1 0 0 0 0 0 1 1 1 0 0 0 0 
0 0 0 0 0 1 1 0 0 0 0 1 1 1 0 
1 1 0 1 0 1 0 1 0 0 0 0 0 0 0 
0 0 0 1 0 0 1 1 0 0 0 1 0 1 0 
0 1 0 1 0 1 0 0 0 1 0 0 1 0 0 
0 0 0 1 0 1 1 0 1 0 0 1 0 0 0 
0 0 0 1 0 0 0 0 1 0 1 0 0 1 1 
0 0 0 0 0 1 0 1 0 1 0 0 1 0 1 
0 0 0 0 0 0 0 0 1 0 1 1 1 1 0 
0 0 1 1 0 1 1 0 1 0 0 0 0 0 0 
0 0 1 0 1 1 1 0 0 0 0 0 0 0 1 
1 0 1 0 0 0 0 0 0 1 0 1 0 0 1 
1 0 0 1 0 0 1 0 0 0 0 1 0 0 1 
Best sequence:
0 1 2 3 4 5 6 7 9 14 8 10 11 12 13 
0 1 0 1 1 0 0 0 1 0 0 0 0 0 1 
0 0 0 1 0 1 0 0 0 1 0 0 1 1 0 
1 0 1 0 0 0 0 0 1 0 1 1 0 0 0 
0 0 0 0 0 1 1 0 0 0 0 0 1 1 1 
1 1 0 1 0 1 0 1 0 0 0 0 0 0 0 
0 0 0 1 0 0 1 1 0 0 0 0 1 0 1 
0 1 0 1 0 1 0 0 1 0 0 0 0 1 0 
0 0 0 1 0 1 1 0 0 0 1 0 1 0 0 
0 0 0 1 0 0 0 0 0 1 1 1 0 0 1 
0 0 0 0 0 1 0 1 1 1 0 0 0 1 0 
0 0 0 0 0 0 0 0 0 0 1 1 1 1 1 
0 0 1 1 0 1 1 0 0 0 1 0 0 0 0 
0 0 1 0 1 1 1 0 0 1 0 0 0 0 0 
1 0 1 0 0 0 0 0 1 1 0 0 1 0 0 
1 0 0 1 0 0 1 0 0 1 0 0 1 0 0 
OpenStacks: 14
Took 0.62 seconds

buffer: Warwick 548: balanced products, 5 products per order
numCustomers: 15
numProducts: 15
1 0 0 1 1 0 1 0 0 1 0 0 0 0 0 
0 0 0 1 0 0 0 0 0 1 1 0 1 0 1 
0 0 0 0 1 0 0 1 1 0 0 1 0 1 0 
0 0 0 1 0 1 0 1 0 0 1 0 0 0 1 
0 0 1 1 0 1 0 1 1 0 0 0 0 0 0 
0 0 0 0 0 0 1 1 0 0 0 0 1 1 1 
0 0 0 0 1 1 0 0 0 0 0 1 1 1 0 
0 0 1 1 0 0 1 0 0 0 1 0 0 1 0 
0 1 0 0 0 0 0 1 0 1 0 1 1 0 0 
1 0 1 1 0 0 0 1 1 0 0 0 0 0 0 
0 0 0 0 1 1 0 1 0 0 0 0 0 1 1 
0 1 0 0 0 0 0 1 0 1 0 1 1 0 0 
0 0 1 0 0 0 0 0 0 1 0 1 1 0 1 
0 0 0 1 0 1 1 0 0 0 0 0 0 1 1 
1 1 0 1 0 0 0 0 0 1 0 0 1 0 0 
Best sequence:
0 1 2 3 6 9 10 12 5 14 4 7 8 11 13 
1 0 0 1 1 1 0 0 0 0 1 0 0 0 0 
0 0 0 1 0 1 1 1 0 1 0 0 0 0 0 
0 0 0 0 0 0 0 0 0 0 1 1 1 1 1 
0 0 0 1 0 0 1 0 1 1 0 1 0 0 0 
0 0 1 1 0 0 0 0 1 0 0 1 1 0 0 
0 0 0 0 1 0 0 1 0 1 0 1 0 0 1 
0 0 0 0 0 0 0 1 1 0 1 0 0 1 1 
0 0 1 1 1 0 1 0 0 0 0 0 0 0 1 
0 1 0 0 0 1 0 1 0 0 0 1 0 1 0 
1 0 1 1 0 0 0 0 0 0 0 1 1 0 0 
0 0 0 0 0 0 0 0 1 1 1 1 0 0 1 
0 1 0 0 0 1 0 1 0 0 0 1 0 1 0 
0 0 1 0 0 1 0 1 0 1 0 0 0 1 0 
0 0 0 1 1 0 0 0 1 1 0 0 0 0 1 
1 1 0 1 0 1 0 1 0 0 0 0 0 0 0 
OpenStacks: 13
Took 0.62 seconds

buffer: Warwick 549: balanced products, 5 products per order
numCustomers: 15
numProducts: 15
1 1 1 0 0 0 1 0 1 0 0 0 0 0 0 
1 1 1 0 0 0 0 1 0 0 0 0 0 0 1 
0 0 1 0 0 0 0 0 0 0 1 1 1 1 0 
1 0 1 0 1 0 1 0 0 0 0 0 1 0 0 
1 0 0 0 0 1 0 1 1 1 0 0 0 0 0 
0 0 0 0 1 0 0 1 1 0 1 0 0 1 0 
1 0 1 0 1 0 0 0 0 0 1 0 1 0 0 
0 0 1 0 1 1 1 0 0 0 0 0 0 1 0 
0 1 1 0 0 0 0 1 1 0 0 0 0 1 0 
0 1 1 0 0 1 0 0 1 1 0 0 0 0 0 
0 0 0 0 1 1 1 0 0 1 0 1 0 0 0 
1 0 0 1 0 0 0 0 0 0 1 1 0 0 1 
1 0 0 0 0 0 1 0 0 0 0 1 1 0 1 
0 0 0 0 0 0 1 1 1 0 0 0 0 1 1 
0 1 0 0 1 1 0 0 0 1 0 0 0 0 1 
Best sequence:
0 3 6 11 12 14 4 10 5 9 1 2 7 8 13 
1 0 1 0 0 0 0 0 0 0 1 1 0 1 0 
1 0 0 0 0 1 0 0 0 0 1 1 1 0 0 
0 0 0 1 1 0 0 1 0 0 0 1 0 0 1 
1 0 1 0 1 0 1 0 0 0 0 1 0 0 0 
1 0 0 0 0 0 0 0 1 1 0 0 1 1 0 
0 0 0 0 0 0 1 1 0 0 0 0 1 1 1 
1 0 0 0 1 0 1 1 0 0 0 1 0 0 0 
0 0 1 0 0 0 1 0 1 0 0 1 0 0 1 
0 0 0 0 0 0 0 0 0 0 1 1 1 1 1 
0 0 0 0 0 0 0 0 1 1 1 1 0 1 0 
0 0 1 1 0 0 1 0 1 1 0 0 0 0 0 
1 1 0 1 0 1 0 1 0 0 0 0 0 0 0 
1 0 1 1 1 1 0 0 0 0 0 0 0 0 0 
0 0 1 0 0 1 0 0 0 0 0 0 1 1 1 
0 0 0 0 0 1 1 0 1 1 1 0 0 0 0 
OpenStacks: 12
Took 0.62 seconds

buffer: Warwick 550: balanced products, 5 products per order
numCustomers: 15
numProducts: 15
0 0 0 0 0 1 1 0 0 0 1 1 0 1 0 
0 0 0 0 1 0 0 1 1 1 0 0 1 0 0 
1 0 0 0 0 1 0 0 0 0 1 1 0 0 1 
0 0 0 0 1 1 1 0 0 0 1 0 0 0 1 
0 0 0 1 0 0 1 1 0 0 0 0 0 1 1 
0 1 0 0 0 0 1 0 0 1 1 1 0 0 0 
1 1 1 0 0 0 0 0 0 1 0 0 0 1 0 
0 1 0 0 0 0 0 1 0 1 1 0 1 0 0 
0 0 0 1 0 0 0 1 1 1 1 0 0 0 0 
1 0 0 0 1 0 1 0 0 1 0 0 0 1 0 
1 0 1 0 0 0 1 0 1 0 0 0 0 0 1 
0 0 1 0 0 0 0 0 1 0 1 1 0 0 1 
1 1 1 0 0 0 0 0 0 0 0 1 0 1 0 
1 0 0 1 1 0 0 1 0 0 0 0 1 0 0 
1 0 0 0 1 0 1 0 0 0 1 0 0 0 1 
Best sequence:
0 1 2 3 11 13 5 6 10 14 4 7 8 9 12 
0 0 0 0 1 1 1 1 1 0 0 0 0 0 0 
0 0 0 0 0 0 0 0 0 0 1 1 1 1 1 
1 0 0 0 1 0 1 0 1 1 0 0 0 0 0 
0 0 0 0 0 0 1 1 1 1 1 0 0 0 0 
0 0 0 1 0 1 0 1 0 1 0 1 0 0 0 
0 1 0 0 1 0 0 1 1 0 0 0 0 1 0 
1 1 1 0 0 1 0 0 0 0 0 0 0 1 0 
0 1 0 0 0 0 0 0 1 0 0 1 0 1 1 
0 0 0 1 0 0 0 0 1 0 0 1 1 1 0 
1 0 0 0 0 1 0 1 0 0 1 0 0 1 0 
1 0 1 0 0 0 0 1 0 1 0 0 1 0 0 
0 0 1 0 1 0 0 0 1 1 0 0 1 0 0 
1 1 1 0 1 1 0 0 0 0 0 0 0 0 0 
1 0 0 1 0 0 0 0 0 0 1 1 0 0 1 
1 0 0 0 0 0 0 1 1 1 1 0 0 0 0 
OpenStacks: 13
Took 0.62 seconds

buffer: Warwick 551: balanced products, 6 products per order
numCustomers: 15
numProducts: 15
0 1 0 1 0 1 0 0 1 1 0 0 1 0 0 
0 1 0 0 1 0 0 1 1 0 0 0 0 1 1 
0 0 1 0 0 0 0 1 0 0 1 0 1 1 1 
0 1 0 0 1 0 0 0 1 0 0 1 1 1 0 
0 1 0 1 0 0 1 0 0 1 1 0 0 0 1 
1 0 0 1 1 0 1 0 0 1 0 1 0 0 0 
1 1 0 0 0 0 1 0 1 0 0 1 0 0 1 
0 1 0 0 1 0 1 1 0 1 0 1 0 0 0 
1 0 1 1 0 1 0 0 0 0 0 0 1 1 0 
1 1 0 0 0 1 0 1 0 0 1 0 0 0 1 
1 0 0 0 0 1 0 0 1 0 1 1 0 0 1 
1 1 0 1 1 1 0 0 1 0 0 0 0 0 0 
0 1 0 1 1 0 0 0 1 1 0 0 0 1 0 
1 0 0 0 0 0 1 1 0 0 1 1 0 0 1 
0 1 0 1 0 0 0 0 1 1 0 0 1 0 1 
Best sequence:
0 1 3 4 5 6 8 9 11 2 7 10 12 13 14 
0 1 1 0 1 0 1 1 0 0 0 0 1 0 0 
0 1 0 1 0 0 1 0 0 0 1 0 0 1 1 
0 0 0 0 0 0 0 0 0 1 1 1 1 1 1 
0 1 0 1 0 0 1 0 1 0 0 0 1 1 0 
0 1 1 0 0 1 0 1 0 0 0 1 0 0 1 
1 0 1 1 0 1 0 1 1 0 0 0 0 0 0 
1 1 0 0 0 1 1 0 1 0 0 0 0 0 1 
0 1 0 1 0 1 0 1 1 0 1 0 0 0 0 
1 0 1 0 1 0 0 0 0 1 0 0 1 1 0 
1 1 0 0 1 0 0 0 0 0 1 1 0 0 1 
1 0 0 0 1 0 1 0 1 0 0 1 0 0 1 
1 1 1 1 1 0 1 0 0 0 0 0 0 0 0 
0 1 1 1 0 0 1 1 0 0 0 0 0 1 0 
1 0 0 0 0 1 0 0 1 0 1 1 0 0 1 
0 1 1 0 0 0 1 1 0 0 0 0 1 0 1 
OpenStacks: 14
Took 0.61 seconds

buffer: Warwick 552: balanced products, 6 products per order
numCustomers: 15
numProducts: 15
0 0 0 0 0 1 0 0 1 1 0 1 1 1 0 
0 1 0 0 1 0 1 1 0 0 0 1 1 0 0 
1 0 0 0 0 1 1 1 0 0 1 0 0 0 1 
0 0 1 0 1 0 1 0 0 0 1 1 0 0 1 
0 0 0 0 0 1 0 0 1 0 1 0 1 1 1 
1 0 0 0 0 1 1 1 0 0 0 0 1 0 1 
1 0 1 1 0 0 0 0 0 0 1 1 0 0 1 
0 0 0 0 1 0 1 1 0 0 1 1 0 1 0 
1 0 0 0 1 0 0 0 1 1 1 0 0 0 1 
0 0 0 0 0 1 1 0 0 1 1 0 0 1 1 
1 0 0 0 0 0 1 1 1 0 0 0 0 1 1 
1 1 0 0 0 1 1 1 0 0 0 1 0 0 0 
1 1 0 0 0 1 1 1 0 1 0 0 0 0 0 
0 0 1 1 0 0 0 0 1 1 0 0 1 1 0 
0 0 0 0 1 0 0 1 0 1 1 1 1 0 0 
Best sequence:
0 1 4 5 6 7 10 11 14 2 3 8 9 12 13 
0 0 0 1 0 0 0 1 0 0 0 1 1 1 1 
0 1 1 0 1 1 0 1 0 0 0 0 0 1 0 
1 0 0 1 1 1 1 0 1 0 0 0 0 0 0 
0 0 1 0 1 0 1 1 1 1 0 0 0 0 0 
0 0 0 1 0 0 1 0 1 0 0 1 0 1 1 
1 0 0 1 1 1 0 0 1 0 0 0 0 1 0 
1 0 0 0 0 0 1 1 1 1 1 0 0 0 0 
0 0 1 0 1 1 1 1 0 0 0 0 0 0 1 
1 0 1 0 0 0 1 0 1 0 0 1 1 0 0 
0 0 0 1 1 0 1 0 1 0 0 0 1 0 1 
1 0 0 0 1 1 0 0 1 0 0 1 0 0 1 
1 1 0 1 1 1 0 1 0 0 0 0 0 0 0 
1 1 0 1 1 1 0 0 0 0 0 0 1 0 0 
0 0 0 0 0 0 0 0 0 1 1 1 1 1 1 
0 0 1 0 0 1 1 1 0 0 0 0 1 1 0 
OpenStacks: 14
Took 0.63 seconds

buffer: Warwick 553: balanced products, 6 products per order
numCustomers: 15
numProducts: 15
1 1 1 0 0 0 1 0 0 0 1 0 0 0 1 
0 0 0 1 0 0 0 0 1 1 1 1 1 0 0 
1 0 1 1 1 0 0 1 0 0 0 0 1 0 0 
0 1 0 1 1 0 1 0 0 1 0 0 0 0 1 
1 1 0 1 0 0 0 0 1 1 0 0 1 0 0 
1 1 0 1 0 0 1 0 0 0 0 0 1 1 0 
0 1 1 0 0 0 0 0 1 0 1 1 0 1 0 
1 0 1 0 0 0 0 0 0 1 0 1 0 1 1 
1 0 0 0 1 0 1 0 1 0 1 0 0 1 0 
0 1 0 0 1 1 0 0 1 1 0 0 1 0 0 
0 1 0 1 0 0 0 1 1 1 0 0 1 0 0 
0 1 1 0 1 0 0 0 1 0 1 1 0 0 0 
0 0 0 1 1 0 1 1 0 0 0 0 1 0 1 
1 0 1 0 0 0 0 0 0 1 0 0 1 1 1 
0 1 1 0 0 0 0 0 0 1 1 1 1 0 0 
Best sequence:
0 1 2 5 8 9 10 11 13 3 4 6 7 12 14 
1 1 1 0 0 0 1 0 0 0 0 1 0 0 1 
0 0 0 0 1 1 1 1 0 1 0 0 0 1 0 
1 0 1 0 0 0 0 0 0 1 1 0 1 1 0 
0 1 0 0 0 1 0 0 0 1 1 1 0 0 1 
1 1 0 0 1 1 0 0 0 1 0 0 0 1 0 
1 1 0 0 0 0 0 0 1 1 0 1 0 1 0 
0 1 1 0 1 0 1 1 1 0 0 0 0 0 0 
1 0 1 0 0 1 0 1 1 0 0 0 0 0 1 
1 0 0 0 1 0 1 0 1 0 1 1 0 0 0 
0 1 0 1 1 1 0 0 0 0 1 0 0 1 0 
0 1 0 0 1 1 0 0 0 1 0 0 1 1 0 
0 1 1 0 1 0 1 1 0 0 1 0 0 0 0 
0 0 0 0 0 0 0 0 0 1 1 1 1 1 1 
1 0 1 0 0 1 0 0 1 0 0 0 0 1 1 
0 1 1 0 0 1 1 1 0 0 0 0 0 1 0 
OpenStacks: 14
Took 0.61 seconds

buffer: Warwick 554: balanced products, 6 products per order
numCustomers: 15
numProducts: 15
1 1 1 0 0 0 1 0 0 0 0 0 0 1 1 
0 1 0 1 0 1 0 0 0 1 0 0 1 0 1 
0 0 1 0 1 1 1 0 0 0 0 0 0 1 1 
0 1 1 1 1 0 0 0 1 1 0 0 0 0 0 
0 0 1 1 1 0 1 0 0 1 0 0 1 0 0 
1 1 0 1 0 0 1 0 0 0 0 0 1 0 1 
1 1 0 0 1 0 0 1 0 1 0 0 0 0 1 
0 0 1 1 1 0 1 1 0 0 0 0 1 0 0 
1 1 1 0 0 0 0 0 1 0 0 1 0 0 1 
0 1 1 0 0 1 0 0 1 1 0 0 0 0 1 
0 1 1 0 1 1 1 0 0 0 0 0 0 1 0 
0 0 0 0 1 1 0 0 1 1 1 0 1 0 0 
1 1 0 0 0 0 1 1 0 0 1 1 0 0 0 
1 0 1 0 1 0 1 1 0 0 0 0 0 0 1 
0 1 1 1 0 1 0 1 0 0 0 0 1 0 0 
Best sequence:
0 1 2 3 6 7 11 13 14 4 5 8 9 10 12 
1 1 1 0 1 0 0 1 1 0 0 0 0 0 0 
0 1 0 1 0 0 0 0 1 0 1 0 1 0 1 
0 0 1 0 1 0 0 1 1 1 1 0 0 0 0 
0 1 1 1 0 0 0 0 0 1 0 1 1 0 0 
0 0 1 1 1 0 0 0 0 1 0 0 1 0 1 
1 1 0 1 1 0 0 0 1 0 0 0 0 0 1 
1 1 0 0 0 1 0 0 1 1 0 0 1 0 0 
0 0 1 1 1 1 0 0 0 1 0 0 0 0 1 
1 1 1 0 0 0 1 0 1 0 0 1 0 0 0 
0 1 1 0 0 0 0 0 1 0 1 1 1 0 0 
0 1 1 0 1 0 0 1 0 1 1 0 0 0 0 
0 0 0 0 0 0 0 0 0 1 1 1 1 1 1 
1 1 0 0 1 1 1 0 0 0 0 0 0 1 0 
1 0 1 0 1 1 0 0 1 1 0 0 0 0 0 
0 1 1 1 0 1 0 0 0 0 1 0 0 0 1 
OpenStacks: 14
Took 0.62 seconds

buffer: Warwick 555: balanced products, 6 products per order
numCustomers: 15
numProducts: 15
0 0 0 0 0 1 1 0 1 0 1 0 1 0 1 
1 0 0 1 0 1 0 0 1 0 0 1 1 0 0 
0 0 1 1 1 0 1 0 0 0 0 0 1 0 1 
0 1 1 0 1 1 1 0 1 0 0 0 0 0 0 
1 0 0 0 0 1 1 0 0 0 0 1 1 0 1 
1 1 1 0 1 0 0 0 1 0 0 0 1 0 0 
0 0 0 0 1 0 0 1 1 1 0 0 1 0 1 
0 1 0 0 0 0 1 1 0 0 0 1 1 1 0 
0 1 0 0 0 0 1 0 0 1 0 0 1 1 1 
0 0 1 1 0 0 1 0 0 1 1 0 0 1 0 
1 0 0 0 1 0 0 1 1 1 0 1 0 0 0 
1 0 0 0 0 0 1 0 1 1 1 1 0 0 0 
0 1 0 0 1 1 0 0 0 0 1 1 0 1 0 
1 1 1 1 0 0 0 0 1 0 0 1 0 0 0 
0 1 1 0 0 1 0 1 0 0 1 0 1 0 0 
Best sequence:
0 1 2 3 4 5 6 7 8 9 10 11 12 13 14 
0 0 0 0 0 1 1 0 1 0 1 0 1 0 1 
1 0 0 1 0 1 0 0 1 0 0 1 1 0 0 
0 0 1 1 1 0 1 0 0 0 0 0 1 0 1 
0 1 1 0 1 1 1 0 1 0 0 0 0 0 0 
1 0 0 0 0 1 1 0 0 0 0 1 1 0 1 
1 1 1 0 1 0 0 0 1 0 0 0 1 0 0 
0 0 0 0 1 0 0 1 1 1 0 0 1 0 1 
0 1 0 0 0 0 1 1 0 0 0 1 1 1 0 
0 1 0 0 0 0 1 0 0 1 0 0 1 1 1 
0 0 1 1 0 0 1 0 0 1 1 0 0 1 0 
1 0 0 0 1 0 0 1 1 1 0 1 0 0 0 
1 0 0 0 0 0 1 0 1 1 1 1 0 0 0 
0 1 0 0 1 1 0 0 0 0 1 1 0 1 0 
1 1 1 1 0 0 0 0 1 0 0 1 0 0 0 
0 1 1 0 0 1 0 1 0 0 1 0 1 0 0 
OpenStacks: 15
Took 0.61 seconds

buffer: Warwick 556: balanced products, 6 products per order
numCustomers: 15
numProducts: 15
0 0 1 1 0 0 0 0 0 1 1 0 0 1 1 
0 0 0 0 0 1 0 1 1 0 1 1 0 1 0 
0 1 0 0 1 0 0 1 1 1 1 0 0 0 0 
0 1 1 1 0 0 0 0 1 0 0 1 1 0 0 
0 0 0 0 0 0 0 1 1 1 1 0 0 1 1 
1 1 0 1 0 1 1 0 0 0 0 0 0 0 1 
1 1 0 0 0 1 0 0 0 1 0 0 0 1 1 
0 0 1 1 1 0 0 0 0 1 1 1 0 0 0 
0 1 0 0 1 1 1 1 1 0 0 0 0 0 0 
0 0 0 1 1 1 0 0 1 0 0 1 0 0 1 
0 0 0 1 1 0 0 1 0 0 1 1 0 0 1 
0 0 0 0 1 0 0 1 1 1 0 1 0 1 0 
1 1 1 0 0 1 0 1 0 0 1 0 0 0 0 
0 0 0 0 1 0 0 1 0 0 1 1 1 1 0 
1 0 0 1 0 0 0 1 0 1 0 1 1 0 0 
Best sequence:
0 1 2 3 5 6 8 9 14 4 7 10 11 12 13 
0 0 1 1 0 0 0 1 1 0 0 1 0 0 1 
0 0 0 0 1 0 1 0 0 0 1 1 1 0 1 
0 1 0 0 0 0 1 1 0 1 1 1 0 0 0 
0 1 1 1 0 0 1 0 0 0 0 0 1 1 0 
0 0 0 0 0 0 1 1 1 0 1 1 0 0 1 
1 1 0 1 1 1 0 0 1 0 0 0 0 0 0 
1 1 0 0 1 0 0 1 1 0 0 0 0 0 1 
0 0 1 1 0 0 0 1 0 1 0 1 1 0 0 
0 1 0 0 1 1 1 0 0 1 1 0 0 0 0 
0 0 0 1 1 0 1 0 1 1 0 0 1 0 0 
0 0 0 1 0 0 0 0 1 1 1 1 1 0 0 
0 0 0 0 0 0 1 1 0 1 1 0 1 0 1 
1 1 1 0 1 0 0 0 0 0 1 1 0 0 0 
0 0 0 0 0 0 0 0 0 1 1 1 1 1 1 
1 0 0 1 0 0 0 1 0 0 1 0 1 1 0 
OpenStacks: 14
Took 0.63 seconds

buffer: Warwick 557: balanced products, 6 products per order
numCustomers: 15
numProducts: 15
0 1 1 1 1 0 0 0 0 0 0 1 0 0 1 
0 0 0 1 1 1 0 0 1 1 0 0 1 0 0 
1 0 0 0 0 1 1 0 0 1 0 0 1 0 1 
0 1 1 0 1 1 0 0 0 0 0 0 0 1 1 
0 0 1 1 1 0 1 0 0 0 0 1 1 0 0 
0 1 0 0 0 0 0 0 1 0 1 1 1 1 0 
0 1 1 0 0 1 0 0 0 1 1 1 0 0 0 
0 1 0 1 0 0 1 1 1 0 0 0 0 1 0 
1 0 1 0 1 0 0 0 1 0 1 0 0 0 1 
0 0 1 0 0 0 1 1 1 0 0 0 0 1 1 
0 0 0 1 1 1 0 0 1 0 0 1 0 1 0 
0 1 1 0 1 1 0 0 1 0 0 1 0 0 0 
0 0 1 0 0 1 0 1 1 0 1 0 1 0 0 
0 0 1 1 0 0 1 0 1 0 0 1 0 1 0 
0 0 0 0 0 1 1 0 0 0 1 1 1 0 1 
Best sequence:
0 1 2 3 4 5 6 7 8 9 10 11 12 13 14 
0 1 1 1 1 0 0 0 0 0 0 1 0 0 1 
0 0 0 1 1 1 0 0 1 1 0 0 1 0 0 
1 0 0 0 0 1 1 0 0 1 0 0 1 0 1 
0 1 1 0 1 1 0 0 0 0 0 0 0 1 1 
0 0 1 1 1 0 1 0 0 0 0 1 1 0 0 
0 1 0 0 0 0 0 0 1 0 1 1 1 1 0 
0 1 1 0 0 1 0 0 0 1 1 1 0 0 0 
0 1 0 1 0 0 1 1 1 0 0 0 0 1 0 
1 0 1 0 1 0 0 0 1 0 1 0 0 0 1 
0 0 1 0 0 0 1 1 1 0 0 0 0 1 1 
0 0 0 1 1 1 0 0 1 0 0 1 0 1 0 
0 1 1 0 1 1 0 0 1 0 0 1 0 0 0 
0 0 1 0 0 1 0 1 1 0 1 0 1 0 0 
0 0 1 1 0 0 1 0 1 0 0 1 0 1 0 
0 0 0 0 0 1 1 0 0 0 1 1 1 0 1 
OpenStacks: 15
Took 0.62 seconds

buffer: Warwick 558: balanced products, 6 products per order
numCustomers: 15
numProducts: 15
0 1 0 0 1 0 1 1 0 0 0 1 0 0 1 
0 0 1 1 1 0 0 0 1 1 0 0 0 0 1 
1 0 1 1 1 0 0 0 0 0 1 0 0 1 0 
0 0 0 1 1 0 0 0 1 1 1 1 0 0 0 
0 0 1 1 0 0 0 1 0 0 1 1 0 0 1 
1 0 1 0 0 0 0 0 1 1 1 0 0 1 0 
0 1 0 0 0 0 0 1 1 0 1 1 0 0 1 
1 0 0 0 1 0 1 1 0 1 1 0 0 0 0 
0 1 0 1 0 1 0 1 1 0 0 0 0 0 1 
0 0 0 0 1 1 1 1 0 0 0 1 0 0 1 
0 1 1 1 1 0 0 0 0 0 1 0 1 0 0 
0 0 0 1 1 0 0 1 0 1 1 0 1 0 0 
1 1 0 0 0 0 0 0 1 0 0 1 0 1 1 
0 0 0 0 0 0 0 1 0 1 1 1 1 1 0 
0 0 1 1 1 0 0 1 0 0 1 1 0 0 0 
Best sequence:
0 1 2 3 8 9 10 12 13 4 5 6 7 11 14 
0 1 0 0 0 0 0 0 0 1 0 1 1 1 1 
0 0 1 1 1 1 0 0 0 1 0 0 0 0 1 
1 0 1 1 0 0 1 0 1 1 0 0 0 0 0 
0 0 0 1 1 1 1 0 0 1 0 0 0 1 0 
0 0 1 1 0 0 1 0 0 0 0 0 1 1 1 
1 0 1 0 1 1 1 0 1 0 0 0 0 0 0 
0 1 0 0 1 0 1 0 0 0 0 0 1 1 1 
1 0 0 0 0 1 1 0 0 1 0 1 1 0 0 
0 1 0 1 1 0 0 0 0 0 1 0 1 0 1 
0 0 0 0 0 0 0 0 0 1 1 1 1 1 1 
0 1 1 1 0 0 1 1 0 1 0 0 0 0 0 
0 0 0 1 0 1 1 1 0 1 0 0 1 0 0 
1 1 0 0 1 0 0 0 1 0 0 0 0 1 1 
0 0 0 0 0 1 1 1 1 0 0 0 1 1 0 
0 0 1 1 0 0 1 0 0 1 0 0 1 1 0 
OpenStacks: 14
Took 0.62 seconds

buffer: Warwick 559: balanced products, 6 products per order
numCustomers: 15
numProducts: 15
0 0 0 0 1 1 1 0 0 1 0 0 1 0 1 
1 0 0 1 0 0 0 1 1 1 0 0 0 0 1 
1 0 1 0 1 0 0 1 1 1 0 0 0 0 0 
1 1 0 0 1 1 0 0 0 0 1 1 0 0 0 
1 0 1 1 0 0 1 1 1 0 0 0 0 0 0 
1 0 0 1 0 1 0 1 1 0 0 1 0 0 0 
0 0 0 1 1 1 0 1 0 0 1 0 0 0 1 
0 0 1 1 1 0 0 0 0 0 1 0 0 1 1 
0 0 1 1 0 0 0 0 1 1 0 1 0 0 1 
1 1 1 0 0 1 0 0 0 0 0 1 0 1 0 
0 0 1 1 1 1 0 0 1 1 0 0 0 0 0 
1 0 0 1 0 0 0 0 0 1 0 1 1 0 1 
1 0 1 0 0 1 0 0 1 1 0 0 0 1 0 
1 1 0 0 0 1 0 0 0 0 1 1 0 1 0 
1 0 0 0 0 1 0 1 1 1 0 0 0 1 0 
Best sequence:
0 1 2 3 4 5 6 7 8 9 10 11 12 13 14 
0 0 0 0 1 1 1 0 0 1 0 0 1 0 1 
1 0 0 1 0 0 0 1 1 1 0 0 0 0 1 
1 0 1 0 1 0 0 1 1 1 0 0 0 0 0 
1 1 0 0 1 1 0 0 0 0 1 1 0 0 0 
1 0 1 1 0 0 1 1 1 0 0 0 0 0 0 
1 0 0 1 0 1 0 1 1 0 0 1 0 0 0 
0 0 0 1 1 1 0 1 0 0 1 0 0 0 1 
0 0 1 1 1 0 0 0 0 0 1 0 0 1 1 
0 0 1 1 0 0 0 0 1 1 0 1 0 0 1 
1 1 1 0 0 1 0 0 0 0 0 1 0 1 0 
0 0 1 1 1 1 0 0 1 1 0 0 0 0 0 
1 0 0 1 0 0 0 0 0 1 0 1 1 0 1 
1 0 1 0 0 1 0 0 1 1 0 0 0 1 0 
1 1 0 0 0 1 0 0 0 0 1 1 0 1 0 
1 0 0 0 0 1 0 1 1 1 0 0 0 1 0 
OpenStacks: 15
Took 0.61 seconds

buffer: Warwick 560: balanced products, 6 products per order
numCustomers: 15
numProducts: 15
1 1 1 0 0 0 1 0 0 0 0 0 1 1 0 
1 0 0 0 0 1 0 1 0 1 0 1 0 0 1 
0 1 0 1 1 0 0 1 0 0 1 1 0 0 0 
1 1 0 0 0 1 0 0 1 1 0 1 0 0 0 
1 0 0 0 0 0 1 0 0 0 1 1 0 1 1 
0 0 0 1 1 1 0 1 0 1 0 0 0 1 0 
0 1 1 0 0 1 0 1 0 1 0 0 0 0 1 
0 0 0 1 1 0 0 0 0 1 0 1 1 1 0 
0 0 0 1 0 1 1 0 1 0 1 1 0 0 0 
0 1 0 1 1 0 0 0 0 1 0 1 0 0 1 
1 0 1 1 0 0 1 0 0 0 0 1 0 1 0 
0 1 0 0 0 1 0 1 0 1 0 0 1 0 1 
0 1 0 0 1 0 1 0 1 0 0 1 0 1 0 
0 0 0 0 0 1 0 1 0 1 1 1 0 1 0 
0 0 0 0 1 1 0 0 0 1 1 1 0 1 0 
Best sequence:
0 2 3 4 6 8 10 11 13 1 5 7 9 12 14 
1 1 0 0 1 0 0 0 1 1 0 0 0 1 0 
1 0 0 0 0 0 0 1 0 0 1 1 1 0 1 
0 0 1 1 0 0 1 1 0 1 0 1 0 0 0 
1 0 0 0 0 1 0 1 0 1 1 0 1 0 0 
1 0 0 0 1 0 1 1 1 0 0 0 0 0 1 
0 0 1 1 0 0 0 0 1 0 1 1 1 0 0 
0 1 0 0 0 0 0 0 0 1 1 1 1 0 1 
0 0 1 1 0 0 0 1 1 0 0 0 1 1 0 
0 0 1 0 1 1 1 1 0 0 1 0 0 0 0 
0 0 1 1 0 0 0 1 0 1 0 0 1 0 1 
1 1 1 0 1 0 0 1 1 0 0 0 0 0 0 
0 0 0 0 0 0 0 0 0 1 1 1 1 1 1 
0 0 0 1 1 1 0 1 1 1 0 0 0 0 0 
0 0 0 0 0 0 1 1 1 0 1 1 1 0 0 
0 0 0 1 0 0 1 1 1 0 1 0 1 0 0 
OpenStacks: 14
Took 0.62 seconds

buffer: Warwick 561: balanced products, 7 products per order
numCustomers: 15
numProducts: 15
1 0 0 0 1 1 1 0 1 0 0 0 1 1 0 
0 1 1 0 0 1 0 0 0 0 0 1 1 1 1 
0 1 1 0 1 0 0 0 1 1 0 1 1 0 0 
0 1 1 1 1 0 0 1 0 0 0 1 1 0 0 
0 1 1 0 0 0 1 0 0 0 1 1 1 1 0 
0 0 1 1 1 0 0 1 0 0 1 0 0 1 1 
0 1 0 1 0 0 0 0 1 0 1 1 0 1 1 
1 1 1 0 1 0 1 0 0 0 0 1 1 0 0 
1 1 1 1 0 1 0 1 0 0 0 0 0 1 0 
0 0 0 1 1 0 0 1 0 1 1 1 0 1 0 
1 0 0 0 0 1 1 0 0 0 1 0 1 1 1 
1 0 0 1 1 0 0 0 1 0 1 1 1 0 0 
0 0 0 0 1 1 1 1 0 1 0 1 0 0 1 
0 0 1 0 0 1 1 0 0 0 1 0 1 1 1 
0 1 1 1 0 1 0 0 0 1 0 1 1 0 0 
Best sequence:
0 1 2 3 4 5 6 7 8 9 10 11 12 13 14 
1 0 0 0 1 1 1 0 1 0 0 0 1 1 0 
0 1 1 0 0 1 0 0 0 0 0 1 1 1 1 
0 1 1 0 1 0 0 0 1 1 0 1 1 0 0 
0 1 1 1 1 0 0 1 0 0 0 1 1 0 0 
0 1 1 0 0 0 1 0 0 0 1 1 1 1 0 
0 0 1 1 1 0 0 1 0 0 1 0 0 1 1 
0 1 0 1 0 0 0 0 1 0 1 1 0 1 1 
1 1 1 0 1 0 1 0 0 0 0 1 1 0 0 
1 1 1 1 0 1 0 1 0 0 0 0 0 1 0 
0 0 0 1 1 0 0 1 0 1 1 1 0 1 0 
1 0 0 0 0 1 1 0 0 0 1 0 1 1 1 
1 0 0 1 1 0 0 0 1 0 1 1 1 0 0 
0 0 0 0 1 1 1 1 0 1 0 1 0 0 1 
0 0 1 0 0 1 1 0 0 0 1 0 1 1 1 
0 1 1 1 0 1 0 0 0 1 0 1 1 0 0 
OpenStacks: 15
Took 0.62 seconds

buffer: Warwick 562: balanced products, 7 products per order
numCustomers: 15
numProducts: 15
0 1 1 0 1 1 0 0 0 0 1 1 1 0 0 
1 0 1 1 0 0 1 1 0 0 0 0 1 0 1 
1 1 0 1 1 0 0 0 1 1 0 0 0 1 0 
0 1 1 0 1 0 0 0 0 1 1 1 0 0 1 
0 0 0 1 1 0 1 0 0 0 1 1 1 1 0 
1 0 0 1 0 0 1 1 1 1 0 0 1 0 0 
0 1 0 0 0 0 1 1 0 1 0 1 0 1 1 
1 1 1 0 0 1 0 0 0 1 0 0 1 0 1 
0 1 0 1 1 0 1 0 0 1 0 1 0 1 0 
1 1 0 1 1 1 0 0 0 1 0 0 0 0 1 
0 1 0 0 0 0 1 1 1 1 0 0 0 1 1 
1 1 0 0 0 0 0 1 1 0 0 0 1 1 1 
0 1 1 0 0 1 1 1 0 0 0 1 0 1 0 
1 1 0 0 0 1 1 1 0 0 1 0 1 0 0 
0 0 1 0 0 1 0 1 1 1 1 0 1 0 0 
Best sequence:
0 1 2 3 4 5 6 7 8 9 10 11 12 13 14 
0 1 1 0 1 1 0 0 0 0 1 1 1 0 0 
1 0 1 1 0 0 1 1 0 0 0 0 1 0 1 
1 1 0 1 1 0 0 0 1 1 0 0 0 1 0 
0 1 1 0 1 0 0 0 0 1 1 1 0 0 1 
0 0 0 1 1 0 1 0 0 0 1 1 1 1 0 
1 0 0 1 0 0 1 1 1 1 0 0 1 0 0 
0 1 0 0 0 0 1 1 0 1 0 1 0 1 1 
1 1 1 0 0 1 0 0 0 1 0 0 1 0 1 
0 1 0 1 1 0 1 0 0 1 0 1 0 1 0 
1 1 0 1 1 1 0 0 0 1 0 0 0 0 1 
0 1 0 0 0 0 1 1 1 1 0 0 0 1 1 
1 1 0 0 0 0 0 1 1 0 0 0 1 1 1 
0 1 1 0 0 1 1 1 0 0 0 1 0 1 0 
1 1 0 0 0 1 1 1 0 0 1 0 1 0 0 
0 0 1 0 0 1 0 1 1 1 1 0 1 0 0 
OpenStacks: 15
Took 0.62 seconds

buffer: Warwick 563: balanced products, 7 products per order
numCustomers: 15
numProducts: 15
0 1 0 1 1 0 1 0 1 0 1 1 0 0 0 
0 1 1 0 1 1 0 1 0 1 0 1 0 0 0 
0 0 1 1 1 1 0 1 0 0 1 0 1 0 0 
1 1 1 0 1 0 0 0 1 1 0 0 1 0 0 
1 1 1 1 0 0 0 1 0 0 1 0 0 1 0 
0 1 0 1 0 0 1 0 0 1 1 0 0 1 1 
1 0 0 0 1 0 0 0 0 0 1 1 1 1 1 
0 0 0 0 1 1 0 1 0 1 0 1 1 1 0 
0 0 0 0 1 0 1 1 1 1 0 0 1 1 0 
1 0 1 0 0 0 1 1 0 1 0 1 1 0 0 
0 0 1 1 1 0 1 1 1 0 0 0 1 0 0 
0 1 0 0 1 0 1 1 0 1 0 1 0 0 1 
1 0 1 0 0 0 0 0 1 0 1 1 1 0 1 
0 1 1 1 1 0 0 0 0 0 0 1 0 1 1 
1 0 0 1 1 1 0 0 0 1 0 1 1 0 0 
Best sequence:
0 1 2 3 4 5 6 7 8 9 10 11 12 13 14 
0 1 0 1 1 0 1 0 1 0 1 1 0 0 0 
0 1 1 0 1 1 0 1 0 1 0 1 0 0 0 
0 0 1 1 1 1 0 1 0 0 1 0 1 0 0 
1 1 1 0 1 0 0 0 1 1 0 0 1 0 0 
1 1 1 1 0 0 0 1 0 0 1 0 0 1 0 
0 1 0 1 0 0 1 0 0 1 1 0 0 1 1 
1 0 0 0 1 0 0 0 0 0 1 1 1 1 1 
0 0 0 0 1 1 0 1 0 1 0 1 1 1 0 
0 0 0 0 1 0 1 1 1 1 0 0 1 1 0 
1 0 1 0 0 0 1 1 0 1 0 1 1 0 0 
0 0 1 1 1 0 1 1 1 0 0 0 1 0 0 
0 1 0 0 1 0 1 1 0 1 0 1 0 0 1 
1 0 1 0 0 0 0 0 1 0 1 1 1 0 1 
0 1 1 1 1 0 0 0 0 0 0 1 0 1 1 
1 0 0 1 1 1 0 0 0 1 0 1 1 0 0 
OpenStacks: 15
Took 0.62 seconds

buffer: Warwick 564: balanced products, 7 products per order
numCustomers: 15
numProducts: 15
0 1 1 0 0 1 1 0 0 1 1 1 0 0 0 
0 1 0 1 0 1 0 0 0 1 0 0 1 1 1 
0 0 1 1 1 1 1 1 0 0 1 0 0 0 0 
1 1 0 0 1 1 1 1 0 0 0 0 1 0 0 
1 0 1 0 0 0 1 1 1 0 0 0 1 0 1 
0 0 1 1 0 0 0 0 1 1 1 1 1 0 0 
1 0 0 0 1 0 1 1 0 0 1 0 0 1 1 
1 0 1 0 0 1 0 1 0 1 1 0 1 0 0 
1 0 1 1 0 1 0 0 0 0 1 0 1 1 0 
1 1 0 0 1 1 0 1 0 0 0 0 1 0 1 
1 1 1 1 1 0 1 0 0 1 0 0 0 0 0 
0 1 1 0 1 0 1 0 0 1 0 0 1 1 0 
0 1 1 0 1 0 0 0 1 1 0 0 1 0 1 
0 1 0 1 1 0 1 0 0 1 0 0 1 1 0 
0 0 1 1 0 0 1 1 1 0 0 1 0 0 1 
Best sequence:
0 1 2 3 4 5 6 7 8 9 10 11 12 13 14 
0 1 1 0 0 1 1 0 0 1 1 1 0 0 0 
0 1 0 1 0 1 0 0 0 1 0 0 1 1 1 
0 0 1 1 1 1 1 1 0 0 1 0 0 0 0 
1 1 0 0 1 1 1 1 0 0 0 0 1 0 0 
1 0 1 0 0 0 1 1 1 0 0 0 1 0 1 
0 0 1 1 0 0 0 0 1 1 1 1 1 0 0 
1 0 0 0 1 0 1 1 0 0 1 0 0 1 1 
1 0 1 0 0 1 0 1 0 1 1 0 1 0 0 
1 0 1 1 0 1 0 0 0 0 1 0 1 1 0 
1 1 0 0 1 1 0 1 0 0 0 0 1 0 1 
1 1 1 1 1 0 1 0 0 1 0 0 0 0 0 
0 1 1 0 1 0 1 0 0 1 0 0 1 1 0 
0 1 1 0 1 0 0 0 1 1 0 0 1 0 1 
0 1 0 1 1 0 1 0 0 1 0 0 1 1 0 
0 0 1 1 0 0 1 1 1 0 0 1 0 0 1 
OpenStacks: 15
Took 0.61 seconds

buffer: Warwick 565: balanced products, 7 products per order
numCustomers: 15
numProducts: 15
0 1 0 0 0 1 1 1 0 1 0 0 1 1 0 
1 0 0 1 1 1 0 0 0 1 0 1 0 1 0 
0 1 1 0 1 1 0 0 0 0 1 0 1 1 0 
1 1 1 0 0 0 1 0 1 0 0 1 0 1 0 
1 1 0 0 0 1 0 1 0 1 0 0 0 1 1 
1 1 0 0 1 1 0 1 0 0 0 0 1 0 1 
0 1 0 0 1 1 0 1 0 0 0 1 1 0 1 
0 0 1 1 0 1 0 1 0 0 1 1 1 0 0 
0 1 1 1 1 1 0 0 1 0 1 0 0 0 0 
0 1 0 1 1 1 0 0 0 1 1 1 0 0 0 
0 1 1 0 0 1 0 1 0 0 0 1 1 0 1 
1 0 0 1 0 0 1 0 0 1 1 1 1 0 0 
1 0 0 1 1 1 0 0 1 1 0 0 0 1 0 
0 1 1 0 0 1 0 1 0 1 1 0 0 0 1 
0 1 0 1 0 0 1 0 0 0 1 1 1 0 1 
Best sequence:
0 1 2 3 4 5 6 7 8 9 10 11 12 13 14 
0 1 0 0 0 1 1 1 0 1 0 0 1 1 0 
1 0 0 1 1 1 0 0 0 1 0 1 0 1 0 
0 1 1 0 1 1 0 0 0 0 1 0 1 1 0 
1 1 1 0 0 0 1 0 1 0 0 1 0 1 0 
1 1 0 0 0 1 0 1 0 1 0 0 0 1 1 
1 1 0 0 1 1 0 1 0 0 0 0 1 0 1 
0 1 0 0 1 1 0 1 0 0 0 1 1 0 1 
0 0 1 1 0 1 0 1 0 0 1 1 1 0 0 
0 1 1 1 1 1 0 0 1 0 1 0 0 0 0 
0 1 0 1 1 1 0 0 0 1 1 1 0 0 0 
0 1 1 0 0 1 0 1 0 0 0 1 1 0 1 
1 0 0 1 0 0 1 0 0 1 1 1 1 0 0 
1 0 0 1 1 1 0 0 1 1 0 0 0 1 0 
0 1 1 0 0 1 0 1 0 1 1 0 0 0 1 
0 1 0 1 0 0 1 0 0 0 1 1 1 0 1 
OpenStacks: 15
Took 0.62 seconds

buffer: Warwick 566: balanced products, 7 products per order
numCustomers: 15
numProducts: 15
0 0 0 1 1 1 1 0 1 0 1 0 0 1 0 
0 0 0 0 0 1 1 0 0 1 1 1 1 0 1 
0 0 1 1 0 1 1 1 1 0 0 0 1 0 0 
0 0 1 0 1 1 0 0 1 0 0 1 0 1 1 
1 0 0 1 0 0 0 1 0 1 1 0 0 1 1 
1 1 0 1 0 1 0 0 0 0 1 0 1 1 0 
1 1 1 0 0 1 0 0 0 0 0 0 1 1 1 
0 0 1 0 1 1 0 0 1 0 1 1 0 0 1 
1 0 0 0 0 0 1 1 1 0 0 1 0 1 1 
0 0 0 1 1 0 0 1 0 0 1 1 1 1 0 
0 1 0 0 1 1 0 1 0 1 1 1 0 0 0 
0 0 0 0 1 1 1 0 1 1 0 0 0 1 1 
0 1 1 1 0 1 0 1 0 1 0 0 0 1 0 
1 1 0 1 0 0 1 1 0 0 0 0 1 1 0 
1 0 0 1 0 0 0 1 0 1 1 1 1 0 0 
Best sequence:
0 1 3 6 7 9 12 13 2 4 5 8 10 11 14 
0 0 1 1 0 0 0 1 0 1 1 1 1 0 0 
0 0 0 1 0 1 1 0 0 0 1 0 1 1 1 
0 0 1 1 1 0 1 0 1 0 1 1 0 0 0 
0 0 0 0 0 0 0 1 1 1 1 1 0 1 1 
1 0 1 0 1 1 0 1 0 0 0 0 1 0 1 
1 1 1 0 0 0 1 1 0 0 1 0 1 0 0 
1 1 0 0 0 0 1 1 1 0 1 0 0 0 1 
0 0 0 0 0 0 0 0 1 1 1 1 1 1 1 
1 0 0 1 1 0 0 1 0 0 0 1 0 1 1 
0 0 1 0 1 0 1 1 0 1 0 0 1 1 0 
0 1 0 0 1 1 0 0 0 1 1 0 1 1 0 
0 0 0 1 0 1 0 1 0 1 1 1 0 0 1 
0 1 1 0 1 1 0 1 1 0 1 0 0 0 0 
1 1 1 1 1 0 1 1 0 0 0 0 0 0 0 
1 0 1 0 1 1 1 0 0 0 0 0 1 1 0 
OpenStacks: 14
Took 0.62 seconds

buffer: Warwick 567: balanced products, 7 products per order
numCustomers: 15
numProducts: 15
1 1 0 0 1 0 0 1 0 1 1 0 0 1 0 
0 0 0 0 1 1 1 1 0 1 1 0 0 0 1 
0 0 0 1 0 0 0 1 1 1 0 1 1 1 0 
1 1 0 0 0 0 1 1 1 0 1 0 0 0 1 
0 1 0 0 0 1 1 1 0 1 0 0 0 1 1 
0 1 0 1 1 0 1 0 0 1 1 0 0 0 1 
1 0 0 1 0 1 0 0 0 1 0 1 1 1 0 
1 0 0 1 0 0 0 0 0 1 1 1 0 1 1 
1 1 1 0 0 0 0 0 1 1 1 0 0 1 0 
0 0 1 0 0 0 1 1 0 1 0 0 1 1 1 
1 1 1 1 1 0 0 1 0 0 1 0 0 0 0 
1 0 0 1 1 0 1 0 1 0 0 0 0 1 1 
0 1 0 1 1 0 0 0 0 1 0 1 0 1 1 
0 1 1 0 0 0 1 0 1 1 0 1 0 0 1 
1 0 1 0 0 0 1 0 1 1 0 1 1 0 0 
Best sequence:
0 1 2 3 4 5 6 7 8 9 10 11 12 13 14 
1 1 0 0 1 0 0 1 0 1 1 0 0 1 0 
0 0 0 0 1 1 1 1 0 1 1 0 0 0 1 
0 0 0 1 0 0 0 1 1 1 0 1 1 1 0 
1 1 0 0 0 0 1 1 1 0 1 0 0 0 1 
0 1 0 0 0 1 1 1 0 1 0 0 0 1 1 
0 1 0 1 1 0 1 0 0 1 1 0 0 0 1 
1 0 0 1 0 1 0 0 0 1 0 1 1 1 0 
1 0 0 1 0 0 0 0 0 1 1 1 0 1 1 
1 1 1 0 0 0 0 0 1 1 1 0 0 1 0 
0 0 1 0 0 0 1 1 0 1 0 0 1 1 1 
1 1 1 1 1 0 0 1 0 0 1 0 0 0 0 
1 0 0 1 1 0 1 0 1 0 0 0 0 1 1 
0 1 0 1 1 0 0 0 0 1 0 1 0 1 1 
0 1 1 0 0 0 1 0 1 1 0 1 0 0 1 
1 0 1 0 0 0 1 0 1 1 0 1 1 0 0 
OpenStacks: 15
Took 0.61 seconds

buffer: Warwick 568: balanced products, 7 products per order
numCustomers: 15
numProducts: 15
0 0 0 0 0 0 1 1 1 0 1 1 0 1 1 
1 1 0 0 0 0 1 1 1 0 1 0 1 0 0 
0 1 1 0 0 1 1 0 1 0 0 1 0 1 0 
0 0 1 0 0 0 1 1 1 0 0 1 1 1 0 
1 0 1 1 1 0 1 0 0 0 1 0 1 0 0 
0 0 0 0 0 1 0 1 1 0 0 1 1 1 1 
1 1 1 0 0 1 1 0 0 1 1 0 0 0 0 
0 1 0 1 1 0 0 0 0 0 0 1 1 1 1 
0 1 1 0 0 0 0 1 1 0 1 0 1 1 0 
1 0 1 0 1 0 1 0 1 0 0 1 0 1 0 
0 1 0 1 0 1 0 0 1 0 1 0 1 1 0 
1 0 0 1 1 0 0 0 0 1 1 0 1 1 0 
0 1 1 1 1 1 0 0 0 1 0 0 0 1 0 
0 0 0 1 1 0 1 1 0 0 1 1 0 1 0 
1 0 0 1 0 0 1 1 0 0 1 0 0 1 1 
Best sequence:
0 1 2 3 4 5 6 7 8 9 10 11 12 13 14 
0 0 0 0 0 0 1 1 1 0 1 1 0 1 1 
1 1 0 0 0 0 1 1 1 0 1 0 1 0 0 
0 1 1 0 0 1 1 0 1 0 0 1 0 1 0 
0 0 1 0 0 0 1 1 1 0 0 1 1 1 0 
1 0 1 1 1 0 1 0 0 0 1 0 1 0 0 
0 0 0 0 0 1 0 1 1 0 0 1 1 1 1 
1 1 1 0 0 1 1 0 0 1 1 0 0 0 0 
0 1 0 1 1 0 0 0 0 0 0 1 1 1 1 
0 1 1 0 0 0 0 1 1 0 1 0 1 1 0 
1 0 1 0 1 0 1 0 1 0 0 1 0 1 0 
0 1 0 1 0 1 0 0 1 0 1 0 1 1 0 
1 0 0 1 1 0 0 0 0 1 1 0 1 1 0 
0 1 1 1 1 1 0 0 0 1 0 0 0 1 0 
0 0 0 1 1 0 1 1 0 0 1 1 0 1 0 
1 0 0 1 0 0 1 1 0 0 1 0 0 1 1 
OpenStacks: 15
Took 0.62 seconds

buffer: Warwick 569: balanced products, 7 products per order
numCustomers: 15
numProducts: 15
1 0 0 1 1 0 0 1 0 1 1 1 0 0 0 
0 0 1 0 0 0 1 0 1 1 0 0 1 1 1 
1 1 0 0 1 0 0 0 1 0 1 1 0 1 0 
1 0 0 1 1 1 1 0 0 0 1 0 0 1 0 
0 1 1 1 1 0 1 1 0 0 0 0 0 0 1 
1 0 0 0 1 0 0 1 1 0 0 1 1 1 0 
0 0 1 1 0 1 1 1 0 0 0 1 0 1 0 
0 1 0 0 1 0 1 0 1 0 0 1 1 0 1 
1 1 0 1 0 0 0 0 0 0 0 1 1 1 1 
0 0 1 0 1 0 1 0 1 0 1 1 0 0 1 
1 1 1 1 1 0 0 0 1 1 0 0 0 0 0 
0 0 0 1 0 1 0 1 1 1 1 0 1 0 0 
0 1 1 0 1 0 1 0 0 1 1 0 0 0 1 
0 1 0 0 1 1 0 1 1 1 1 0 0 0 0 
1 0 0 0 0 1 0 1 1 0 1 0 0 1 1 
Best sequence:
0 1 2 3 4 5 6 7 8 9 10 11 12 13 14 
1 0 0 1 1 0 0 1 0 1 1 1 0 0 0 
0 0 1 0 0 0 1 0 1 1 0 0 1 1 1 
1 1 0 0 1 0 0 0 1 0 1 1 0 1 0 
1 0 0 1 1 1 1 0 0 0 1 0 0 1 0 
0 1 1 1 1 0 1 1 0 0 0 0 0 0 1 
1 0 0 0 1 0 0 1 1 0 0 1 1 1 0 
0 0 1 1 0 1 1 1 0 0 0 1 0 1 0 
0 1 0 0 1 0 1 0 1 0 0 1 1 0 1 
1 1 0 1 0 0 0 0 0 0 0 1 1 1 1 
0 0 1 0 1 0 1 0 1 0 1 1 0 0 1 
1 1 1 1 1 0 0 0 1 1 0 0 0 0 0 
0 0 0 1 0 1 0 1 1 1 1 0 1 0 0 
0 1 1 0 1 0 1 0 0 1 1 0 0 0 1 
0 1 0 0 1 1 0 1 1 1 1 0 0 0 0 
1 0 0 0 0 1 0 1 1 0 1 0 0 1 1 
OpenStacks: 15
Took 0.62 seconds

buffer: Warwick 570: balanced products, 7 products per order
numCustomers: 15
numProducts: 15
1 1 0 0 0 1 1 0 1 0 0 0 1 1 0 
0 0 1 0 1 0 0 1 0 0 1 1 1 0 1 
1 0 0 1 0 1 0 0 1 1 1 1 0 0 0 
1 0 1 0 1 0 1 0 1 1 0 0 0 0 1 
1 0 0 0 0 1 1 1 1 0 1 0 0 1 0 
1 0 0 0 1 1 0 0 0 1 1 1 0 0 1 
1 1 0 0 0 1 0 0 1 0 0 1 0 1 1 
0 0 1 0 0 1 0 1 1 0 0 0 1 1 1 
0 0 0 1 1 1 1 0 1 1 0 0 0 0 1 
1 0 0 1 1 1 0 0 0 0 0 1 1 1 0 
0 0 0 0 0 1 1 0 1 1 0 0 1 1 1 
1 1 0 0 1 0 1 0 0 0 1 1 0 0 1 
0 1 1 1 1 0 1 1 0 0 0 0 1 0 0 
0 0 1 1 0 0 1 1 0 0 0 1 1 0 1 
0 1 1 1 1 0 0 0 0 1 0 1 0 1 0 
Best sequence:
0 1 2 3 4 5 6 7 8 9 10 11 12 13 14 
1 1 0 0 0 1 1 0 1 0 0 0 1 1 0 
0 0 1 0 1 0 0 1 0 0 1 1 1 0 1 
1 0 0 1 0 1 0 0 1 1 1 1 0 0 0 
1 0 1 0 1 0 1 0 1 1 0 0 0 0 1 
1 0 0 0 0 1 1 1 1 0 1 0 0 1 0 
1 0 0 0 1 1 0 0 0 1 1 1 0 0 1 
1 1 0 0 0 1 0 0 1 0 0 1 0 1 1 
0 0 1 0 0 1 0 1 1 0 0 0 1 1 1 
0 0 0 1 1 1 1 0 1 1 0 0 0 0 1 
1 0 0 1 1 1 0 0 0 0 0 1 1 1 0 
0 0 0 0 0 1 1 0 1 1 0 0 1 1 1 
1 1 0 0 1 0 1 0 0 0 1 1 0 0 1 
0 1 1 1 1 0 1 1 0 0 0 0 1 0 0 
0 0 1 1 0 0 1 1 0 0 0 1 1 0 1 
0 1 1 1 1 0 0 0 0 1 0 1 0 1 0 
OpenStacks: 15
Took 0.62 seconds

Solved: 60 instances
totalTime: 38.51 seconds
minTime: 0.61 seconds
maxTime: 2.06 seconds
Average: 0.641833 seconds
