Solving by Dynamic Programming...
buffer: Warwick 161: balanced products, 4 products per order
numCustomers: 10
numProducts: 20
1 0 1 0 0 0 0 0 1 0 0 0 0 0 0 1 0 0 0 0 
1 0 0 0 0 0 0 0 0 1 0 0 0 0 1 0 0 0 1 0 
1 0 0 0 1 1 0 0 0 0 0 0 0 0 0 0 1 0 0 0 
0 0 0 1 1 0 0 0 0 0 0 0 0 0 1 0 0 0 0 1 
0 1 0 0 0 0 1 0 0 0 1 0 0 0 0 0 0 1 0 0 
0 0 0 1 0 0 0 0 0 1 1 0 1 0 0 0 0 0 0 0 
0 0 1 1 0 0 0 1 0 0 0 0 0 0 0 0 0 1 0 0 
0 1 0 0 0 0 0 0 0 0 0 1 0 1 1 0 0 0 0 0 
1 0 0 0 0 1 0 1 0 0 0 0 0 1 0 0 0 0 0 0 
0 0 0 1 0 0 0 0 0 0 0 0 0 0 0 1 0 1 0 1 
Best sequence:
1 6 9 10 11 12 18 0 0 0 0 0 0 0 0 0 0 0 0 0 
0 0 0 0 0 0 0 1 1 1 1 1 1 1 1 1 1 1 1 1 
0 0 1 0 0 0 1 1 1 1 1 1 1 1 1 1 1 1 1 1 
0 0 0 0 0 0 0 1 1 1 1 1 1 1 1 1 1 1 1 1 
0 0 0 0 0 0 0 0 0 0 0 0 0 0 0 0 0 0 0 0 
1 1 0 1 0 0 0 0 0 0 0 0 0 0 0 0 0 0 0 0 
0 0 1 1 0 1 0 0 0 0 0 0 0 0 0 0 0 0 0 0 
0 0 0 0 0 0 0 0 0 0 0 0 0 0 0 0 0 0 0 0 
1 0 0 0 1 0 0 0 0 0 0 0 0 0 0 0 0 0 0 0 
0 0 0 0 0 0 0 1 1 1 1 1 1 1 1 1 1 1 1 1 
0 0 0 0 0 0 0 0 0 0 0 0 0 0 0 0 0 0 0 0 
OpenStacks: 4
Took 3.91 seconds

buffer: Warwick 162: balanced products, 4 products per order
numCustomers: 10
numProducts: 20
0 1 0 1 0 0 0 0 0 0 0 0 0 1 1 0 0 0 0 0 
0 1 1 0 0 0 0 0 0 1 0 0 1 0 0 0 0 0 0 0 
0 0 0 0 0 0 0 0 1 0 0 1 0 0 1 0 0 0 1 0 
0 0 0 0 0 1 0 0 0 0 1 1 0 0 0 1 0 0 0 0 
1 0 0 0 0 0 1 0 0 1 0 0 0 0 0 0 0 1 0 0 
0 0 0 0 0 0 0 0 0 0 0 1 0 1 0 0 1 0 1 0 
0 0 1 0 0 0 0 0 0 0 0 0 0 0 0 1 0 1 0 1 
0 0 0 0 0 1 0 0 0 0 1 0 0 0 0 1 0 0 1 0 
1 0 0 0 1 0 0 0 0 0 0 0 0 0 1 0 0 0 1 0 
0 0 0 1 0 0 0 1 0 0 0 0 0 0 0 0 0 0 1 1 
Best sequence:
0 2 4 6 9 12 17 0 0 0 0 0 0 0 0 0 0 0 0 0 
0 0 0 0 0 0 0 0 0 0 0 0 0 0 0 0 0 0 0 0 
0 1 0 0 1 1 0 0 0 0 0 0 0 0 0 0 0 0 0 0 
0 0 0 0 0 0 0 0 0 0 0 0 0 0 0 0 0 0 0 0 
0 0 0 0 0 0 0 0 0 0 0 0 0 0 0 0 0 0 0 0 
1 0 0 1 1 0 1 1 1 1 1 1 1 1 1 1 1 1 1 1 
0 0 0 0 0 0 0 0 0 0 0 0 0 0 0 0 0 0 0 0 
0 1 0 0 0 0 1 0 0 0 0 0 0 0 0 0 0 0 0 0 
0 0 0 0 0 0 0 0 0 0 0 0 0 0 0 0 0 0 0 0 
1 0 1 0 0 0 0 1 1 1 1 1 1 1 1 1 1 1 1 1 
0 0 0 0 0 0 0 0 0 0 0 0 0 0 0 0 0 0 0 0 
OpenStacks: 4
Took 2.99 seconds

buffer: Warwick 163: balanced products, 4 products per order
numCustomers: 10
numProducts: 20
0 0 0 0 0 1 1 1 0 0 0 0 0 0 0 0 0 0 1 0 
0 0 0 0 0 0 0 0 0 0 0 1 0 1 0 0 1 0 0 1 
0 1 0 0 0 1 0 0 0 0 0 0 1 0 1 0 0 0 0 0 
0 0 0 0 0 0 0 0 1 0 0 1 0 0 1 0 0 0 1 0 
0 0 0 0 0 1 0 0 0 1 0 0 0 0 0 0 1 0 1 0 
0 0 0 0 1 0 0 0 1 0 1 0 0 0 0 0 0 1 0 0 
0 0 0 0 0 0 1 0 0 1 0 1 0 0 0 1 0 0 0 0 
0 0 0 0 0 0 0 0 1 0 0 0 0 0 1 1 0 0 0 1 
0 0 1 0 0 0 0 1 0 1 0 1 0 0 0 0 0 0 0 0 
1 1 1 1 0 0 0 0 0 0 0 0 0 0 0 0 0 0 0 0 
Best sequence:
0 1 2 3 4 10 12 0 0 0 0 0 0 0 0 0 0 0 0 0 
0 0 0 0 0 0 0 0 0 0 0 0 0 0 0 0 0 0 0 0 
0 0 0 0 0 0 0 0 0 0 0 0 0 0 0 0 0 0 0 0 
0 1 0 0 0 0 1 0 0 0 0 0 0 0 0 0 0 0 0 0 
0 0 0 0 0 0 0 0 0 0 0 0 0 0 0 0 0 0 0 0 
0 0 0 0 0 0 0 0 0 0 0 0 0 0 0 0 0 0 0 0 
0 0 0 0 1 1 0 0 0 0 0 0 0 0 0 0 0 0 0 0 
0 0 0 0 0 0 0 0 0 0 0 0 0 0 0 0 0 0 0 0 
0 0 0 0 0 0 0 0 0 0 0 0 0 0 0 0 0 0 0 0 
0 0 1 0 0 0 0 0 0 0 0 0 0 0 0 0 0 0 0 0 
1 1 1 1 0 0 0 1 1 1 1 1 1 1 1 1 1 1 1 1 
OpenStacks: 3
Took 2.99 seconds

buffer: Warwick 164: balanced products, 4 products per order
numCustomers: 10
numProducts: 20
1 0 0 1 0 0 0 0 0 0 1 0 0 1 0 0 0 0 0 0 
0 1 0 0 0 1 0 0 0 0 0 0 0 1 0 0 0 0 0 1 
1 0 0 0 0 0 0 1 0 0 0 0 1 0 0 0 0 0 0 1 
1 0 0 0 1 0 0 0 0 0 0 0 0 0 1 0 1 0 0 0 
0 0 1 0 0 0 0 1 0 0 1 1 0 0 0 0 0 0 0 0 
0 1 1 0 0 0 0 0 0 0 0 0 1 0 0 0 0 1 0 0 
0 0 0 0 1 0 0 0 0 0 0 0 0 0 0 0 1 1 1 0 
0 0 1 0 0 0 1 0 0 1 0 0 0 0 0 0 0 1 0 0 
0 0 0 0 0 0 1 0 1 0 0 0 1 0 0 1 0 0 0 0 
0 0 0 0 1 0 0 0 0 0 0 1 0 0 1 1 0 0 0 0 
Best sequence:
1 3 5 13 19 7 10 0 0 0 0 0 0 0 0 0 0 0 0 0 
0 1 0 1 0 0 1 1 1 1 1 1 1 1 1 1 1 1 1 1 
1 0 1 1 1 0 0 0 0 0 0 0 0 0 0 0 0 0 0 0 
0 0 0 0 1 1 0 1 1 1 1 1 1 1 1 1 1 1 1 1 
0 0 0 0 0 0 0 1 1 1 1 1 1 1 1 1 1 1 1 1 
0 0 0 0 0 1 1 0 0 0 0 0 0 0 0 0 0 0 0 0 
1 0 0 0 0 0 0 0 0 0 0 0 0 0 0 0 0 0 0 0 
0 0 0 0 0 0 0 0 0 0 0 0 0 0 0 0 0 0 0 0 
0 0 0 0 0 0 0 0 0 0 0 0 0 0 0 0 0 0 0 0 
0 0 0 0 0 0 0 0 0 0 0 0 0 0 0 0 0 0 0 0 
0 0 0 0 0 0 0 0 0 0 0 0 0 0 0 0 0 0 0 0 
OpenStacks: 4
Took 2.99 seconds

buffer: Warwick 165: balanced products, 4 products per order
numCustomers: 10
numProducts: 20
0 1 0 0 0 0 0 0 0 1 0 0 0 0 1 0 0 0 1 0 
0 0 0 0 0 1 0 1 1 0 0 0 0 0 1 0 0 0 0 0 
0 0 1 0 0 0 0 0 0 0 0 0 1 0 0 0 0 0 1 1 
1 0 0 0 0 0 0 0 0 0 0 1 1 0 0 0 1 0 0 0 
0 0 1 0 0 0 0 0 0 0 0 0 1 1 0 0 1 0 0 0 
0 1 0 1 0 0 0 0 0 0 1 0 0 0 0 0 0 1 0 0 
0 1 0 0 0 0 0 0 0 1 0 0 1 0 0 0 0 1 0 0 
0 0 1 1 0 0 0 0 1 0 0 0 0 0 1 0 0 0 0 0 
0 0 0 0 0 1 0 1 1 0 0 0 0 0 0 1 0 0 0 0 
0 0 0 0 1 0 1 0 0 0 0 0 0 0 1 0 0 0 1 0 
Best sequence:
0 4 5 6 7 11 15 0 0 0 0 0 0 0 0 0 0 0 0 0 
0 0 0 0 0 0 0 0 0 0 0 0 0 0 0 0 0 0 0 0 
0 0 1 0 1 0 0 0 0 0 0 0 0 0 0 0 0 0 0 0 
0 0 0 0 0 0 0 0 0 0 0 0 0 0 0 0 0 0 0 0 
1 0 0 0 0 1 0 1 1 1 1 1 1 1 1 1 1 1 1 1 
0 0 0 0 0 0 0 0 0 0 0 0 0 0 0 0 0 0 0 0 
0 0 0 0 0 0 0 0 0 0 0 0 0 0 0 0 0 0 0 0 
0 0 0 0 0 0 0 0 0 0 0 0 0 0 0 0 0 0 0 0 
0 0 0 0 0 0 0 0 0 0 0 0 0 0 0 0 0 0 0 0 
0 0 1 0 1 0 1 0 0 0 0 0 0 0 0 0 0 0 0 0 
0 1 0 1 0 0 0 0 0 0 0 0 0 0 0 0 0 0 0 0 
OpenStacks: 4
Took 3.01 seconds

buffer: Warwick 166: balanced products, 4 products per order
numCustomers: 10
numProducts: 20
1 0 0 0 0 0 1 0 0 0 0 0 0 0 0 0 0 0 1 1 
1 0 0 0 0 0 0 1 0 0 0 0 1 0 0 0 0 0 0 1 
0 0 0 0 1 0 0 0 0 0 0 1 0 0 0 0 0 0 1 1 
0 1 0 1 0 0 0 0 0 0 0 1 0 0 0 1 0 0 0 0 
0 0 0 0 0 0 0 0 1 0 0 1 0 0 1 0 0 0 1 0 
0 1 0 0 0 1 0 0 1 0 0 0 0 0 0 0 0 1 0 0 
0 0 0 0 0 0 0 0 0 1 1 1 0 0 0 0 1 0 0 0 
0 0 1 0 0 1 0 0 1 0 0 0 0 0 0 1 0 0 0 0 
0 0 0 0 0 0 0 0 0 0 1 0 0 1 1 0 0 0 1 0 
1 0 0 0 0 0 0 0 0 0 0 0 0 1 0 1 0 1 0 0 
Best sequence:
0 4 6 7 12 19 2 0 0 0 0 0 0 0 0 0 0 0 0 0 
1 0 1 0 0 1 0 1 1 1 1 1 1 1 1 1 1 1 1 1 
1 0 0 1 1 1 0 1 1 1 1 1 1 1 1 1 1 1 1 1 
0 1 0 0 0 1 0 0 0 0 0 0 0 0 0 0 0 0 0 0 
0 0 0 0 0 0 0 0 0 0 0 0 0 0 0 0 0 0 0 0 
0 0 0 0 0 0 0 0 0 0 0 0 0 0 0 0 0 0 0 0 
0 0 0 0 0 0 0 0 0 0 0 0 0 0 0 0 0 0 0 0 
0 0 0 0 0 0 0 0 0 0 0 0 0 0 0 0 0 0 0 0 
0 0 0 0 0 0 1 0 0 0 0 0 0 0 0 0 0 0 0 0 
0 0 0 0 0 0 0 0 0 0 0 0 0 0 0 0 0 0 0 0 
1 0 0 0 0 0 0 1 1 1 1 1 1 1 1 1 1 1 1 1 
OpenStacks: 4
Took 2.99 seconds

buffer: Warwick 167: balanced products, 4 products per order
numCustomers: 10
numProducts: 20
0 0 0 0 0 0 0 0 1 0 0 0 1 0 0 1 0 1 0 0 
0 0 1 0 0 0 0 0 1 0 0 0 0 0 0 0 1 0 0 1 
1 0 1 1 0 0 0 0 0 0 0 0 1 0 0 0 0 0 0 0 
0 0 0 0 0 0 0 1 1 0 0 0 0 0 0 0 1 0 0 1 
0 0 0 0 0 0 0 0 1 0 0 0 0 1 0 1 0 1 0 0 
0 0 1 0 0 0 0 0 0 0 0 0 1 0 1 1 0 0 0 0 
1 0 0 0 0 0 1 0 1 0 0 1 0 0 0 0 0 0 0 0 
0 1 1 0 0 1 0 0 0 0 1 0 0 0 0 0 0 0 0 0 
0 1 0 0 1 0 0 0 0 0 0 0 0 0 0 0 0 0 1 1 
0 0 0 1 1 1 0 0 0 1 0 0 0 0 0 0 0 0 0 0 
Best sequence:
0 3 4 6 9 11 18 0 0 0 0 0 0 0 0 0 0 0 0 0 
0 0 0 0 0 0 0 0 0 0 0 0 0 0 0 0 0 0 0 0 
0 0 0 0 0 0 0 0 0 0 0 0 0 0 0 0 0 0 0 0 
1 1 0 0 0 0 0 1 1 1 1 1 1 1 1 1 1 1 1 1 
0 0 0 0 0 0 0 0 0 0 0 0 0 0 0 0 0 0 0 0 
0 0 0 0 0 0 0 0 0 0 0 0 0 0 0 0 0 0 0 0 
0 0 0 0 0 0 0 0 0 0 0 0 0 0 0 0 0 0 0 0 
1 0 0 1 0 1 0 1 1 1 1 1 1 1 1 1 1 1 1 1 
0 0 0 0 0 0 0 0 0 0 0 0 0 0 0 0 0 0 0 0 
0 0 1 0 0 0 1 0 0 0 0 0 0 0 0 0 0 0 0 0 
0 1 1 0 1 0 0 0 0 0 0 0 0 0 0 0 0 0 0 0 
OpenStacks: 4
Took 2.99 seconds

buffer: Warwick 168: balanced products, 4 products per order
numCustomers: 10
numProducts: 20
0 0 0 1 0 1 0 0 0 0 0 0 0 0 0 0 1 0 0 1 
0 1 0 0 0 0 0 0 1 0 0 0 0 0 1 0 0 0 0 1 
0 0 1 0 1 0 0 1 0 0 0 0 0 0 0 0 0 1 0 0 
0 0 1 0 0 0 0 1 1 1 0 0 0 0 0 0 0 0 0 0 
0 1 0 0 0 0 0 1 0 0 0 0 0 0 0 0 0 1 1 0 
0 0 0 0 0 0 0 1 1 0 0 1 0 1 0 0 0 0 0 0 
1 0 0 0 0 0 0 0 0 0 0 0 1 0 0 1 0 0 0 1 
0 0 1 0 0 0 0 0 1 0 0 1 0 1 0 0 0 0 0 0 
0 0 0 0 0 0 1 0 0 0 0 0 1 0 0 1 1 0 0 0 
0 0 0 0 0 0 0 1 0 0 1 0 0 0 0 1 1 0 0 0 
Best sequence:
0 1 3 5 14 18 19 0 0 0 0 0 0 0 0 0 0 0 0 0 
0 0 1 1 0 0 1 0 0 0 0 0 0 0 0 0 0 0 0 0 
0 1 0 0 1 0 1 0 0 0 0 0 0 0 0 0 0 0 0 0 
0 0 0 0 0 0 0 0 0 0 0 0 0 0 0 0 0 0 0 0 
0 0 0 0 0 0 0 0 0 0 0 0 0 0 0 0 0 0 0 0 
0 1 0 0 0 1 0 0 0 0 0 0 0 0 0 0 0 0 0 0 
0 0 0 0 0 0 0 0 0 0 0 0 0 0 0 0 0 0 0 0 
1 0 0 0 0 0 1 1 1 1 1 1 1 1 1 1 1 1 1 1 
0 0 0 0 0 0 0 0 0 0 0 0 0 0 0 0 0 0 0 0 
0 0 0 0 0 0 0 0 0 0 0 0 0 0 0 0 0 0 0 0 
0 0 0 0 0 0 0 0 0 0 0 0 0 0 0 0 0 0 0 0 
OpenStacks: 4
Took 3 seconds

buffer: Warwick 169: balanced products, 4 products per order
numCustomers: 10
numProducts: 20
0 1 0 1 0 0 0 0 0 0 0 0 0 0 1 0 0 0 1 0 
1 0 0 0 0 1 0 0 0 0 0 0 0 0 0 0 1 0 1 0 
1 0 0 0 0 0 0 0 0 0 0 0 0 1 0 0 0 1 0 1 
0 0 0 0 1 0 0 0 0 0 1 1 1 0 0 0 0 0 0 0 
0 0 0 0 1 0 0 0 0 0 0 0 0 0 0 1 1 0 0 1 
0 0 1 0 0 0 1 0 0 0 0 0 0 1 0 0 0 1 0 0 
0 0 0 0 0 1 0 0 1 1 0 0 0 0 0 0 0 1 0 0 
0 0 0 1 0 0 0 1 1 0 0 0 0 0 0 1 0 0 0 0 
0 1 0 0 0 0 1 0 0 0 0 1 1 0 0 0 0 0 0 0 
0 0 0 0 0 1 0 1 0 0 0 0 0 0 0 0 0 0 1 1 
Best sequence:
1 2 6 10 11 12 14 0 0 0 0 0 0 0 0 0 0 0 0 0 
1 0 0 0 0 0 1 0 0 0 0 0 0 0 0 0 0 0 0 0 
0 0 0 0 0 0 0 1 1 1 1 1 1 1 1 1 1 1 1 1 
0 0 0 0 0 0 0 1 1 1 1 1 1 1 1 1 1 1 1 1 
0 0 0 1 1 1 0 0 0 0 0 0 0 0 0 0 0 0 0 0 
0 0 0 0 0 0 0 0 0 0 0 0 0 0 0 0 0 0 0 0 
0 1 1 0 0 0 0 0 0 0 0 0 0 0 0 0 0 0 0 0 
0 0 0 0 0 0 0 0 0 0 0 0 0 0 0 0 0 0 0 0 
0 0 0 0 0 0 0 0 0 0 0 0 0 0 0 0 0 0 0 0 
1 0 1 0 1 1 0 0 0 0 0 0 0 0 0 0 0 0 0 0 
0 0 0 0 0 0 0 0 0 0 0 0 0 0 0 0 0 0 0 0 
OpenStacks: 4
Took 2.98 seconds

buffer: Warwick 170: balanced products, 4 products per order
numCustomers: 10
numProducts: 20
0 0 0 0 0 0 0 0 0 0 1 0 0 0 1 0 0 0 1 1 
0 1 0 0 0 0 0 0 0 1 0 0 0 0 1 0 0 1 0 0 
0 1 0 0 1 0 0 0 0 0 0 0 0 1 0 0 0 0 1 0 
0 1 0 0 0 0 0 0 0 0 0 1 1 1 0 0 0 0 0 0 
0 0 0 0 0 0 0 1 0 1 0 0 0 1 0 1 0 0 0 0 
0 0 0 0 0 1 0 1 0 0 0 1 0 0 0 1 0 0 0 0 
1 0 0 0 0 0 0 0 0 0 1 1 0 0 0 0 0 0 0 1 
1 0 1 0 0 0 0 1 0 0 0 0 0 1 0 0 0 0 0 0 
0 0 0 1 0 0 1 0 1 0 0 0 0 0 0 0 0 0 0 1 
0 0 0 0 0 0 0 0 0 1 0 0 1 0 0 0 1 0 0 1 
Best sequence:
2 3 5 6 7 8 15 0 0 0 0 0 0 0 0 0 0 0 0 0 
0 0 0 0 0 0 0 0 0 0 0 0 0 0 0 0 0 0 0 0 
0 0 0 0 0 0 0 0 0 0 0 0 0 0 0 0 0 0 0 0 
0 0 0 0 0 0 0 0 0 0 0 0 0 0 0 0 0 0 0 0 
0 0 0 0 0 0 0 0 0 0 0 0 0 0 0 0 0 0 0 0 
0 0 0 0 1 0 1 0 0 0 0 0 0 0 0 0 0 0 0 0 
0 0 1 0 1 0 1 0 0 0 0 0 0 0 0 0 0 0 0 0 
0 0 0 0 0 0 0 1 1 1 1 1 1 1 1 1 1 1 1 1 
1 0 0 0 1 0 0 1 1 1 1 1 1 1 1 1 1 1 1 1 
0 1 0 1 0 1 0 0 0 0 0 0 0 0 0 0 0 0 0 0 
0 0 0 0 0 0 0 0 0 0 0 0 0 0 0 0 0 0 0 0 
OpenStacks: 4
Took 3 seconds

buffer: Warwick 171: balanced products, 5 products per order
numCustomers: 10
numProducts: 20
1 0 1 0 1 0 0 0 0 0 0 0 0 0 0 1 0 1 0 0 
0 1 0 0 0 1 1 0 1 0 0 0 0 0 0 0 1 0 0 0 
1 1 1 0 0 0 0 1 0 0 1 0 0 0 0 0 0 0 0 0 
0 0 1 0 0 0 0 0 1 0 0 1 1 0 0 0 1 0 0 0 
0 1 0 0 0 1 0 0 0 0 1 0 0 0 1 1 0 0 0 0 
0 0 1 0 0 0 0 0 0 1 0 1 0 1 0 0 0 0 0 1 
1 0 0 1 0 0 1 0 0 0 0 1 0 0 0 0 1 0 0 0 
1 1 0 0 0 0 0 0 1 0 0 0 0 0 0 0 1 0 1 0 
0 0 0 1 0 0 1 0 0 0 1 0 0 0 1 0 0 0 1 0 
0 0 1 0 0 0 0 0 1 0 0 0 0 1 0 0 0 0 1 1 
Best sequence:
2 4 7 9 12 13 17 0 0 0 0 0 0 0 0 0 0 0 0 0 
1 1 0 0 0 0 1 1 1 1 1 1 1 1 1 1 1 1 1 1 
0 0 0 0 0 0 0 0 0 0 0 0 0 0 0 0 0 0 0 0 
1 0 1 0 0 0 0 1 1 1 1 1 1 1 1 1 1 1 1 1 
1 0 0 0 1 0 0 0 0 0 0 0 0 0 0 0 0 0 0 0 
0 0 0 0 0 0 0 0 0 0 0 0 0 0 0 0 0 0 0 0 
1 0 0 1 0 1 0 0 0 0 0 0 0 0 0 0 0 0 0 0 
0 0 0 0 0 0 0 1 1 1 1 1 1 1 1 1 1 1 1 1 
0 0 0 0 0 0 0 1 1 1 1 1 1 1 1 1 1 1 1 1 
0 0 0 0 0 0 0 0 0 0 0 0 0 0 0 0 0 0 0 0 
1 0 0 0 0 1 0 0 0 0 0 0 0 0 0 0 0 0 0 0 
OpenStacks: 5
Took 2.99 seconds

buffer: Warwick 172: balanced products, 5 products per order
numCustomers: 10
numProducts: 20
0 0 0 0 0 0 0 1 0 0 0 0 0 0 1 1 1 0 0 1 
0 0 0 1 0 0 0 0 0 0 0 1 1 0 0 0 0 1 0 1 
0 0 0 1 1 0 1 0 1 0 0 0 0 0 0 0 0 0 1 0 
0 1 0 0 0 0 0 0 0 0 0 1 0 0 1 1 1 0 0 0 
1 0 1 0 0 0 0 1 0 0 0 1 0 0 1 0 0 0 0 0 
0 1 0 1 0 0 0 0 0 1 0 0 0 0 0 1 0 1 0 0 
0 0 1 0 0 0 1 0 0 0 0 0 0 1 0 0 1 1 0 0 
1 0 1 0 0 0 0 1 0 0 1 0 0 1 0 0 0 0 0 0 
0 0 0 0 0 1 0 0 1 0 1 0 0 1 0 1 0 0 0 0 
0 1 1 0 0 1 0 0 0 0 0 0 0 0 1 1 0 0 0 0 
Best sequence:
3 4 6 9 12 17 18 0 0 0 0 0 0 0 0 0 0 0 0 0 
0 0 0 0 0 0 0 0 0 0 0 0 0 0 0 0 0 0 0 0 
1 0 0 0 1 1 0 0 0 0 0 0 0 0 0 0 0 0 0 0 
1 1 1 0 0 0 1 0 0 0 0 0 0 0 0 0 0 0 0 0 
0 0 0 0 0 0 0 0 0 0 0 0 0 0 0 0 0 0 0 0 
0 0 0 0 0 0 0 1 1 1 1 1 1 1 1 1 1 1 1 1 
1 0 0 1 0 1 0 0 0 0 0 0 0 0 0 0 0 0 0 0 
0 0 1 0 0 1 0 0 0 0 0 0 0 0 0 0 0 0 0 0 
0 0 0 0 0 0 0 1 1 1 1 1 1 1 1 1 1 1 1 1 
0 0 0 0 0 0 0 0 0 0 0 0 0 0 0 0 0 0 0 0 
0 0 0 0 0 0 0 0 0 0 0 0 0 0 0 0 0 0 0 0 
OpenStacks: 4
Took 2.99 seconds

buffer: Warwick 173: balanced products, 5 products per order
numCustomers: 10
numProducts: 20
0 0 0 0 0 0 0 0 1 1 0 1 0 0 0 0 0 1 0 1 
0 0 1 0 0 0 0 1 0 0 0 0 1 0 0 1 1 0 0 0 
0 0 0 0 0 1 0 0 0 0 0 0 0 0 0 1 1 1 0 1 
0 1 1 0 0 0 1 0 0 0 0 0 0 1 1 0 0 0 0 0 
0 1 0 0 0 1 0 1 1 0 1 0 0 0 0 0 0 0 0 0 
0 0 1 0 0 1 0 0 0 0 0 1 0 0 0 1 0 0 1 0 
0 0 0 1 0 1 0 0 0 0 0 0 0 0 1 1 0 1 0 0 
0 0 0 0 0 0 1 0 0 1 1 1 0 0 0 1 0 0 0 0 
1 0 1 0 1 0 0 0 0 0 0 0 0 0 1 0 0 1 0 0 
0 0 0 1 0 1 0 0 0 1 0 0 0 1 1 0 0 0 0 0 
Best sequence:
0 1 2 4 7 12 18 0 0 0 0 0 0 0 0 0 0 0 0 0 
0 0 0 0 0 0 0 0 0 0 0 0 0 0 0 0 0 0 0 0 
0 0 1 0 1 1 0 0 0 0 0 0 0 0 0 0 0 0 0 0 
0 0 0 0 0 0 0 0 0 0 0 0 0 0 0 0 0 0 0 0 
0 1 1 0 0 0 0 0 0 0 0 0 0 0 0 0 0 0 0 0 
0 1 0 0 1 0 0 0 0 0 0 0 0 0 0 0 0 0 0 0 
0 0 1 0 0 0 1 0 0 0 0 0 0 0 0 0 0 0 0 0 
0 0 0 0 0 0 0 0 0 0 0 0 0 0 0 0 0 0 0 0 
0 0 0 0 0 0 0 0 0 0 0 0 0 0 0 0 0 0 0 0 
1 0 1 1 0 0 0 1 1 1 1 1 1 1 1 1 1 1 1 1 
0 0 0 0 0 0 0 0 0 0 0 0 0 0 0 0 0 0 0 0 
OpenStacks: 5
Took 2.99 seconds

buffer: Warwick 174: balanced products, 5 products per order
numCustomers: 10
numProducts: 20
0 1 0 1 0 0 0 1 0 0 0 0 0 1 0 0 0 0 1 0 
0 0 0 0 0 0 1 1 0 0 0 1 0 0 0 0 1 0 0 1 
0 0 0 0 1 0 0 1 0 1 1 0 0 0 0 0 0 0 0 1 
0 0 1 0 0 0 0 0 1 0 0 0 0 0 1 0 1 1 0 0 
1 0 1 0 0 0 0 1 0 0 1 0 0 0 0 0 0 1 0 0 
0 1 0 0 0 0 1 0 0 0 0 0 0 0 1 1 0 0 1 0 
0 0 0 0 0 1 0 0 1 1 0 0 1 0 0 0 0 1 0 0 
0 0 0 0 1 0 0 0 0 0 1 1 1 0 0 0 1 0 0 0 
0 0 0 1 0 0 1 0 0 0 1 1 0 0 0 0 0 1 0 0 
0 0 1 1 0 0 1 1 0 0 0 0 0 0 0 0 0 0 1 0 
Best sequence:
0 1 2 13 14 15 18 0 0 0 0 0 0 0 0 0 0 0 0 0 
0 1 0 1 0 0 1 0 0 0 0 0 0 0 0 0 0 0 0 0 
0 0 0 0 0 0 0 0 0 0 0 0 0 0 0 0 0 0 0 0 
0 0 0 0 0 0 0 0 0 0 0 0 0 0 0 0 0 0 0 0 
0 0 1 0 1 0 0 0 0 0 0 0 0 0 0 0 0 0 0 0 
1 0 1 0 0 0 0 1 1 1 1 1 1 1 1 1 1 1 1 1 
0 1 0 0 1 1 1 0 0 0 0 0 0 0 0 0 0 0 0 0 
0 0 0 0 0 0 0 0 0 0 0 0 0 0 0 0 0 0 0 0 
0 0 0 0 0 0 0 0 0 0 0 0 0 0 0 0 0 0 0 0 
0 0 0 0 0 0 0 0 0 0 0 0 0 0 0 0 0 0 0 0 
0 0 1 0 0 0 1 0 0 0 0 0 0 0 0 0 0 0 0 0 
OpenStacks: 5
Took 3 seconds

buffer: Warwick 175: balanced products, 5 products per order
numCustomers: 10
numProducts: 20
0 0 0 0 1 0 0 1 1 1 0 0 0 0 0 0 0 0 0 1 
0 0 0 0 1 0 0 1 0 0 0 0 0 0 1 1 0 1 0 0 
0 0 0 0 0 0 0 1 0 0 0 1 0 0 1 0 0 0 1 1 
1 0 0 0 0 0 1 1 0 0 0 1 1 0 0 0 0 0 0 0 
0 0 1 0 1 1 0 0 0 0 0 0 0 1 0 1 0 0 0 0 
0 0 0 0 0 0 1 0 0 0 1 0 1 0 0 1 0 0 0 1 
1 1 0 0 0 0 0 1 0 0 0 1 0 0 0 0 1 0 0 0 
0 0 0 0 0 1 0 1 0 1 1 0 0 0 0 0 0 0 0 1 
0 0 0 0 1 1 0 0 0 0 1 0 0 0 0 1 0 0 1 0 
0 1 0 1 1 1 0 0 0 0 1 0 0 0 0 0 0 0 0 0 
Best sequence:
0 1 2 3 6 12 13 0 0 0 0 0 0 0 0 0 0 0 0 0 
0 0 0 0 0 0 0 0 0 0 0 0 0 0 0 0 0 0 0 0 
0 0 0 0 0 0 0 0 0 0 0 0 0 0 0 0 0 0 0 0 
0 0 0 0 0 0 0 0 0 0 0 0 0 0 0 0 0 0 0 0 
1 0 0 0 1 1 0 1 1 1 1 1 1 1 1 1 1 1 1 1 
0 0 1 0 0 0 1 0 0 0 0 0 0 0 0 0 0 0 0 0 
0 0 0 0 1 1 0 0 0 0 0 0 0 0 0 0 0 0 0 0 
1 1 0 0 0 0 0 1 1 1 1 1 1 1 1 1 1 1 1 1 
0 0 0 0 0 0 0 0 0 0 0 0 0 0 0 0 0 0 0 0 
0 0 0 0 0 0 0 0 0 0 0 0 0 0 0 0 0 0 0 0 
0 1 0 1 0 0 0 0 0 0 0 0 0 0 0 0 0 0 0 0 
OpenStacks: 5
Took 3 seconds

buffer: Warwick 176: balanced products, 5 products per order
numCustomers: 10
numProducts: 20
1 1 0 0 0 0 0 0 1 0 1 1 0 0 0 0 0 0 0 0 
0 0 0 0 0 0 0 1 0 1 0 1 0 0 0 1 0 1 0 0 
0 0 1 0 1 0 1 0 0 0 0 0 0 1 0 0 1 0 0 0 
1 0 1 0 0 0 0 0 0 1 0 0 0 0 1 0 0 0 0 1 
1 0 0 0 1 0 0 0 0 0 0 1 0 0 0 1 0 1 0 0 
0 0 0 1 0 0 0 0 0 0 0 1 1 1 0 0 0 1 0 0 
0 0 0 0 1 0 0 1 1 0 0 0 0 1 0 0 0 1 0 0 
0 1 0 0 1 0 0 0 0 0 0 1 0 0 0 0 1 1 0 0 
0 0 0 0 0 1 1 0 0 0 1 0 0 0 0 1 1 0 0 0 
1 0 1 0 0 0 0 1 0 1 0 0 0 0 0 0 0 0 1 0 
Best sequence:
1 3 5 6 10 12 16 0 0 0 0 0 0 0 0 0 0 0 0 0 
1 0 0 0 1 0 0 1 1 1 1 1 1 1 1 1 1 1 1 1 
0 0 0 0 0 0 0 0 0 0 0 0 0 0 0 0 0 0 0 0 
0 0 0 1 0 0 1 0 0 0 0 0 0 0 0 0 0 0 0 0 
0 0 0 0 0 0 0 1 1 1 1 1 1 1 1 1 1 1 1 1 
0 0 0 0 0 0 0 1 1 1 1 1 1 1 1 1 1 1 1 1 
0 1 0 0 0 1 0 0 0 0 0 0 0 0 0 0 0 0 0 0 
0 0 0 0 0 0 0 0 0 0 0 0 0 0 0 0 0 0 0 0 
1 0 0 0 0 0 1 0 0 0 0 0 0 0 0 0 0 0 0 0 
0 0 1 1 1 0 1 0 0 0 0 0 0 0 0 0 0 0 0 0 
0 0 0 0 0 0 0 1 1 1 1 1 1 1 1 1 1 1 1 1 
OpenStacks: 5
Took 2.99 seconds

buffer: Warwick 177: balanced products, 5 products per order
numCustomers: 10
numProducts: 20
0 0 1 0 0 0 0 0 0 0 0 1 0 0 0 1 0 1 1 0 
0 0 0 0 0 0 0 1 0 1 1 0 0 0 0 0 1 0 1 0 
0 0 1 0 0 0 0 1 0 0 0 1 1 0 0 0 0 0 1 0 
1 0 0 0 0 0 0 1 0 1 0 0 0 0 1 0 0 0 1 0 
0 0 1 0 0 0 0 1 0 0 0 0 0 1 0 1 0 0 1 0 
0 0 1 1 0 1 1 0 0 1 0 0 0 0 0 0 0 0 0 0 
0 1 0 0 0 0 0 0 0 1 0 1 1 0 0 0 0 0 1 0 
0 1 0 0 0 0 0 1 1 1 0 1 0 0 0 0 0 0 0 0 
0 0 0 1 1 0 0 0 0 0 0 1 0 0 0 1 0 0 0 1 
0 1 1 0 0 0 0 0 0 0 1 0 0 1 0 0 0 0 1 0 
Best sequence:
0 3 4 5 6 14 19 0 0 0 0 0 0 0 0 0 0 0 0 0 
0 0 0 0 0 0 0 0 0 0 0 0 0 0 0 0 0 0 0 0 
0 0 0 0 0 0 0 0 0 0 0 0 0 0 0 0 0 0 0 0 
0 0 0 0 0 0 0 0 0 0 0 0 0 0 0 0 0 0 0 0 
1 0 0 0 0 1 0 1 1 1 1 1 1 1 1 1 1 1 1 1 
0 0 0 0 0 0 0 0 0 0 0 0 0 0 0 0 0 0 0 0 
0 1 0 1 1 0 0 0 0 0 0 0 0 0 0 0 0 0 0 0 
0 0 0 0 0 0 0 0 0 0 0 0 0 0 0 0 0 0 0 0 
0 0 0 0 0 0 0 0 0 0 0 0 0 0 0 0 0 0 0 0 
0 1 1 0 0 0 1 0 0 0 0 0 0 0 0 0 0 0 0 0 
0 0 0 0 0 0 0 0 0 0 0 0 0 0 0 0 0 0 0 0 
OpenStacks: 3
Took 2.99 seconds

buffer: Warwick 178: balanced products, 5 products per order
numCustomers: 10
numProducts: 20
0 1 0 0 1 0 0 0 0 0 0 0 1 0 1 0 1 0 0 0 
1 0 0 0 1 0 0 1 0 0 0 0 0 0 0 0 1 0 1 0 
0 1 0 0 0 0 0 0 1 0 0 0 0 1 0 0 0 0 1 1 
1 0 1 0 1 0 0 0 0 0 1 0 0 0 1 0 0 0 0 0 
0 0 1 0 0 1 1 0 0 1 0 0 0 0 0 0 1 0 0 0 
0 0 0 1 0 0 0 0 1 1 1 0 0 0 0 0 0 1 0 0 
0 0 0 0 0 1 0 0 0 0 1 0 1 0 0 0 0 1 1 0 
1 0 0 0 0 1 0 0 0 0 0 0 1 1 0 0 0 1 0 0 
0 0 1 0 0 0 0 1 0 0 1 1 1 0 0 0 0 0 0 0 
1 0 1 1 0 0 0 0 0 0 0 0 0 0 1 1 0 0 0 0 
Best sequence:
1 3 6 8 9 15 19 0 0 0 0 0 0 0 0 0 0 0 0 0 
1 0 0 0 0 0 0 0 0 0 0 0 0 0 0 0 0 0 0 0 
0 0 0 0 0 0 0 1 1 1 1 1 1 1 1 1 1 1 1 1 
1 0 0 1 0 0 1 0 0 0 0 0 0 0 0 0 0 0 0 0 
0 0 0 0 0 0 0 1 1 1 1 1 1 1 1 1 1 1 1 1 
0 0 1 0 1 0 0 0 0 0 0 0 0 0 0 0 0 0 0 0 
0 1 0 1 1 0 0 0 0 0 0 0 0 0 0 0 0 0 0 0 
0 0 0 0 0 0 0 0 0 0 0 0 0 0 0 0 0 0 0 0 
0 0 0 0 0 0 0 1 1 1 1 1 1 1 1 1 1 1 1 1 
0 0 0 0 0 0 0 0 0 0 0 0 0 0 0 0 0 0 0 0 
0 1 0 0 0 1 0 1 1 1 1 1 1 1 1 1 1 1 1 1 
OpenStacks: 5
Took 3 seconds

buffer: Warwick 179: balanced products, 5 products per order
numCustomers: 10
numProducts: 20
0 0 1 0 0 1 0 0 1 1 0 0 0 0 0 0 1 0 0 0 
0 0 0 0 1 0 0 1 1 1 0 0 0 0 0 0 0 0 0 1 
0 0 0 0 1 0 1 0 0 0 1 1 0 0 0 0 0 0 0 1 
0 0 0 0 1 0 1 1 0 0 1 0 1 0 0 0 0 0 0 0 
0 0 0 1 0 0 0 1 0 0 0 1 0 1 0 0 0 0 0 1 
1 1 0 1 0 0 0 0 0 0 0 0 0 0 0 1 0 0 1 0 
0 0 0 0 0 1 0 0 0 1 0 0 0 0 0 1 0 1 0 1 
1 0 1 0 0 0 0 0 0 0 0 0 0 0 0 1 1 1 0 0 
1 0 0 1 0 1 0 0 0 0 0 0 0 0 0 1 0 0 0 1 
0 1 0 0 1 0 0 1 0 0 0 0 0 1 1 0 0 0 0 0 
Best sequence:
0 2 5 15 16 17 18 0 0 0 0 0 0 0 0 0 0 0 0 0 
0 1 1 0 1 0 0 0 0 0 0 0 0 0 0 0 0 0 0 0 
0 0 0 0 0 0 0 0 0 0 0 0 0 0 0 0 0 0 0 0 
0 0 0 0 0 0 0 0 0 0 0 0 0 0 0 0 0 0 0 0 
0 0 0 0 0 0 0 0 0 0 0 0 0 0 0 0 0 0 0 0 
0 0 0 0 0 0 0 0 0 0 0 0 0 0 0 0 0 0 0 0 
1 0 0 1 0 0 1 1 1 1 1 1 1 1 1 1 1 1 1 1 
0 0 1 1 0 1 0 0 0 0 0 0 0 0 0 0 0 0 0 0 
1 1 0 1 1 1 0 1 1 1 1 1 1 1 1 1 1 1 1 1 
1 0 1 1 0 0 0 1 1 1 1 1 1 1 1 1 1 1 1 1 
0 0 0 0 0 0 0 0 0 0 0 0 0 0 0 0 0 0 0 0 
OpenStacks: 5
Took 2.98 seconds

buffer: Warwick 180: balanced products, 5 products per order
numCustomers: 10
numProducts: 20
0 0 0 0 0 0 1 0 1 0 0 0 0 1 0 0 0 1 0 1 
0 1 0 1 1 0 0 0 1 0 0 1 0 0 0 0 0 0 0 0 
0 0 0 1 0 0 0 0 0 0 0 1 0 0 1 0 1 1 0 0 
0 1 0 0 1 0 0 0 0 1 0 1 0 0 0 0 0 1 0 0 
0 0 0 0 1 0 0 0 0 1 0 1 0 1 1 0 0 0 0 0 
0 0 0 0 0 1 1 0 1 0 1 0 0 0 0 0 0 1 0 0 
0 0 1 1 1 0 0 1 0 0 0 0 1 0 0 0 0 0 0 0 
0 0 1 1 0 0 0 0 1 0 0 0 1 0 0 1 0 0 0 0 
0 0 0 1 1 0 0 1 0 0 0 0 1 0 0 1 0 0 0 0 
1 0 0 1 0 0 0 1 0 0 0 0 0 0 0 0 0 0 1 1 
Best sequence:
0 5 6 10 13 18 19 0 0 0 0 0 0 0 0 0 0 0 0 0 
0 0 1 0 1 0 1 0 0 0 0 0 0 0 0 0 0 0 0 0 
0 0 0 0 0 0 0 0 0 0 0 0 0 0 0 0 0 0 0 0 
0 0 0 0 0 0 0 0 0 0 0 0 0 0 0 0 0 0 0 0 
0 0 0 0 0 0 0 0 0 0 0 0 0 0 0 0 0 0 0 0 
0 0 0 0 1 0 0 0 0 0 0 0 0 0 0 0 0 0 0 0 
0 1 1 1 0 0 0 0 0 0 0 0 0 0 0 0 0 0 0 0 
0 0 0 0 0 0 0 0 0 0 0 0 0 0 0 0 0 0 0 0 
0 0 0 0 0 0 0 0 0 0 0 0 0 0 0 0 0 0 0 0 
0 0 0 0 0 0 0 0 0 0 0 0 0 0 0 0 0 0 0 0 
1 0 0 0 0 1 1 1 1 1 1 1 1 1 1 1 1 1 1 1 
OpenStacks: 4
Took 3 seconds

buffer: Warwick 181: balanced products, 6 products per order
numCustomers: 10
numProducts: 20
0 1 1 0 1 0 0 0 1 1 0 1 0 0 0 0 0 0 0 0 
0 1 0 1 0 0 0 0 0 0 0 0 1 0 1 0 1 0 1 0 
0 1 0 0 0 1 1 1 0 1 0 0 0 0 0 0 1 0 0 0 
0 0 0 0 0 0 1 0 0 1 0 0 1 0 0 1 0 1 1 0 
1 1 0 0 0 1 1 0 0 0 0 0 0 0 1 1 0 0 0 0 
0 0 0 0 1 0 0 0 0 1 1 0 1 0 1 0 0 0 0 1 
0 1 0 1 1 0 0 0 0 1 1 1 0 0 0 0 0 0 0 0 
0 0 0 1 0 0 0 1 1 0 1 1 0 0 0 1 0 0 0 0 
0 0 0 0 0 0 0 0 0 0 1 1 1 0 0 1 0 1 1 0 
0 0 0 0 0 1 0 0 1 1 0 0 0 1 0 0 1 0 1 0 
Best sequence:
0 2 5 6 7 8 13 0 0 0 0 0 0 0 0 0 0 0 0 0 
0 1 0 0 0 1 0 0 0 0 0 0 0 0 0 0 0 0 0 0 
0 0 0 0 0 0 0 0 0 0 0 0 0 0 0 0 0 0 0 0 
0 0 1 1 1 0 0 0 0 0 0 0 0 0 0 0 0 0 0 0 
0 0 0 1 0 0 0 0 0 0 0 0 0 0 0 0 0 0 0 0 
1 0 1 1 0 0 0 1 1 1 1 1 1 1 1 1 1 1 1 1 
0 0 0 0 0 0 0 0 0 0 0 0 0 0 0 0 0 0 0 0 
0 0 0 0 0 0 0 0 0 0 0 0 0 0 0 0 0 0 0 0 
0 0 0 0 1 1 0 0 0 0 0 0 0 0 0 0 0 0 0 0 
0 0 0 0 0 0 0 0 0 0 0 0 0 0 0 0 0 0 0 0 
0 0 1 0 0 1 1 0 0 0 0 0 0 0 0 0 0 0 0 0 
OpenStacks: 6
Took 2.99 seconds

buffer: Warwick 182: balanced products, 6 products per order
numCustomers: 10
numProducts: 20
0 0 0 0 1 1 0 0 0 1 0 1 0 0 0 1 0 0 0 1 
1 0 1 1 0 0 0 0 0 0 0 0 1 1 0 0 0 0 1 0 
0 0 0 0 1 0 0 1 0 1 1 0 0 1 0 0 0 0 1 0 
1 0 0 0 0 0 0 1 1 0 0 0 0 0 0 0 1 1 0 1 
0 1 0 0 1 0 1 0 0 0 0 1 0 0 0 0 1 0 0 1 
1 0 0 0 0 0 0 0 1 0 1 1 0 1 1 0 0 0 0 0 
1 0 0 1 1 0 0 0 1 0 0 0 0 0 0 0 0 1 1 0 
0 0 1 0 0 0 0 0 1 1 0 1 0 0 0 1 0 1 0 0 
0 0 0 0 0 1 0 0 0 0 1 0 0 0 1 0 1 0 1 1 
0 1 0 0 0 1 1 0 1 0 0 1 0 1 0 0 0 0 0 0 
Best sequence:
0 3 7 10 12 14 18 0 0 0 0 0 0 0 0 0 0 0 0 0 
0 0 0 0 0 0 0 0 0 0 0 0 0 0 0 0 0 0 0 0 
1 1 0 0 1 0 1 1 1 1 1 1 1 1 1 1 1 1 1 1 
0 0 1 1 0 0 1 0 0 0 0 0 0 0 0 0 0 0 0 0 
1 0 1 0 0 0 0 1 1 1 1 1 1 1 1 1 1 1 1 1 
0 0 0 0 0 0 0 0 0 0 0 0 0 0 0 0 0 0 0 0 
1 0 0 1 0 1 0 1 1 1 1 1 1 1 1 1 1 1 1 1 
1 1 0 0 0 0 1 1 1 1 1 1 1 1 1 1 1 1 1 1 
0 0 0 0 0 0 0 0 0 0 0 0 0 0 0 0 0 0 0 0 
0 0 0 1 0 1 1 0 0 0 0 0 0 0 0 0 0 0 0 0 
0 0 0 0 0 0 0 0 0 0 0 0 0 0 0 0 0 0 0 0 
OpenStacks: 6
Took 2.99 seconds

buffer: Warwick 183: balanced products, 6 products per order
numCustomers: 10
numProducts: 20
0 0 0 0 0 1 0 1 0 0 1 1 1 0 1 0 0 0 0 0 
0 0 1 1 0 0 1 1 0 1 0 0 0 0 0 0 1 0 0 0 
0 0 1 0 0 0 0 0 0 0 0 0 1 0 1 1 1 0 0 1 
0 0 0 0 1 0 0 0 0 1 1 0 0 1 0 0 0 1 0 1 
0 0 1 1 0 1 1 0 0 0 0 0 0 0 1 1 0 0 0 0 
0 0 1 1 0 0 0 1 0 0 1 0 0 0 0 1 0 0 0 1 
0 0 1 0 1 1 0 1 1 0 0 0 1 0 0 0 0 0 0 0 
1 0 1 0 1 0 0 0 0 0 0 0 0 1 1 1 0 0 0 0 
0 1 0 0 0 0 1 0 0 0 1 0 0 1 0 0 1 0 0 1 
0 1 0 1 1 0 1 0 0 0 1 0 0 0 0 0 0 0 1 0 
Best sequence:
0 1 4 8 13 17 18 0 0 0 0 0 0 0 0 0 0 0 0 0 
0 0 0 0 0 0 0 0 0 0 0 0 0 0 0 0 0 0 0 0 
0 0 0 0 0 0 0 0 0 0 0 0 0 0 0 0 0 0 0 0 
0 0 0 0 0 0 0 0 0 0 0 0 0 0 0 0 0 0 0 0 
0 0 1 0 1 1 0 0 0 0 0 0 0 0 0 0 0 0 0 0 
0 0 0 0 0 0 0 0 0 0 0 0 0 0 0 0 0 0 0 0 
0 0 0 0 0 0 0 0 0 0 0 0 0 0 0 0 0 0 0 0 
0 0 1 1 0 0 0 0 0 0 0 0 0 0 0 0 0 0 0 0 
1 0 1 0 1 0 0 1 1 1 1 1 1 1 1 1 1 1 1 1 
0 1 0 0 1 0 0 0 0 0 0 0 0 0 0 0 0 0 0 0 
0 1 1 0 0 0 1 0 0 0 0 0 0 0 0 0 0 0 0 0 
OpenStacks: 5
Took 3 seconds

buffer: Warwick 184: balanced products, 6 products per order
numCustomers: 10
numProducts: 20
1 0 0 0 0 1 0 0 1 0 0 0 1 0 1 0 0 0 0 1 
1 1 0 0 0 0 0 0 1 0 1 0 1 0 0 1 0 0 0 0 
0 1 0 1 0 0 1 0 1 0 0 0 1 0 0 1 0 0 0 0 
0 0 1 0 0 0 0 1 1 1 1 1 0 0 0 0 0 0 0 0 
0 0 1 0 1 1 0 1 0 0 1 0 0 0 0 0 1 0 0 0 
0 0 0 0 1 1 0 0 0 0 0 0 0 0 1 1 0 1 1 0 
0 0 1 0 0 0 0 1 0 0 0 0 1 1 1 1 0 0 0 0 
0 0 0 0 1 0 0 0 0 1 0 0 0 0 0 1 0 1 1 1 
0 0 0 0 1 1 0 0 1 0 0 0 0 0 1 0 0 1 1 0 
1 0 1 0 0 0 1 1 0 0 0 0 1 1 0 0 0 0 0 0 
Best sequence:
2 3 6 7 11 13 16 0 0 0 0 0 0 0 0 0 0 0 0 0 
0 0 0 0 0 0 0 1 1 1 1 1 1 1 1 1 1 1 1 1 
0 0 0 0 0 0 0 1 1 1 1 1 1 1 1 1 1 1 1 1 
0 1 1 0 0 0 0 0 0 0 0 0 0 0 0 0 0 0 0 0 
1 0 0 1 1 0 0 0 0 0 0 0 0 0 0 0 0 0 0 0 
1 0 0 1 0 0 1 0 0 0 0 0 0 0 0 0 0 0 0 0 
0 0 0 0 0 0 0 0 0 0 0 0 0 0 0 0 0 0 0 0 
1 0 0 1 0 1 0 0 0 0 0 0 0 0 0 0 0 0 0 0 
0 0 0 0 0 0 0 0 0 0 0 0 0 0 0 0 0 0 0 0 
0 0 0 0 0 0 0 0 0 0 0 0 0 0 0 0 0 0 0 0 
1 0 1 1 0 1 0 1 1 1 1 1 1 1 1 1 1 1 1 1 
OpenStacks: 5
Took 2.99 seconds

buffer: Warwick 185: balanced products, 6 products per order
numCustomers: 10
numProducts: 20
0 0 0 0 1 0 1 1 0 0 1 0 0 0 0 1 0 0 1 0 
1 0 0 0 0 0 0 0 1 1 0 0 0 1 1 0 0 1 0 0 
1 0 0 0 1 0 0 0 0 0 1 0 0 0 0 0 1 0 1 1 
0 1 1 0 0 1 0 0 0 0 1 0 1 0 0 1 0 0 0 0 
0 0 0 1 0 1 0 0 1 1 0 0 1 0 0 0 0 0 0 1 
0 0 0 0 1 0 0 0 1 1 0 0 1 1 0 0 1 0 0 0 
0 1 0 0 0 0 0 0 1 1 0 0 0 0 0 0 1 1 1 0 
1 0 0 0 1 0 0 0 0 0 1 1 0 0 1 0 0 1 0 0 
0 0 0 0 0 1 0 1 1 0 0 0 0 1 0 1 1 0 0 0 
1 1 1 1 0 0 0 0 0 0 0 0 0 1 0 0 1 0 0 0 
Best sequence:
1 2 3 5 6 7 15 0 0 0 0 0 0 0 0 0 0 0 0 0 
0 0 0 0 1 1 1 0 0 0 0 0 0 0 0 0 0 0 0 0 
0 0 0 0 0 0 0 1 1 1 1 1 1 1 1 1 1 1 1 1 
0 0 0 0 0 0 0 1 1 1 1 1 1 1 1 1 1 1 1 1 
1 1 0 1 0 0 1 0 0 0 0 0 0 0 0 0 0 0 0 0 
0 0 1 1 0 0 0 0 0 0 0 0 0 0 0 0 0 0 0 0 
0 0 0 0 0 0 0 0 0 0 0 0 0 0 0 0 0 0 0 0 
1 0 0 0 0 0 0 0 0 0 0 0 0 0 0 0 0 0 0 0 
0 0 0 0 0 0 0 1 1 1 1 1 1 1 1 1 1 1 1 1 
0 0 0 1 0 1 1 0 0 0 0 0 0 0 0 0 0 0 0 0 
1 1 1 0 0 0 0 1 1 1 1 1 1 1 1 1 1 1 1 1 
OpenStacks: 6
Took 3 seconds

buffer: Warwick 186: balanced products, 6 products per order
numCustomers: 10
numProducts: 20
1 0 1 0 1 0 0 0 0 1 0 0 1 1 0 0 0 0 0 0 
0 0 0 0 0 1 1 0 0 0 0 0 1 1 0 0 0 1 0 1 
0 0 0 1 0 0 0 0 1 0 1 1 1 0 0 0 0 0 0 1 
0 0 1 0 0 0 0 1 0 1 0 1 0 0 0 0 1 1 0 0 
0 0 0 1 1 1 0 0 0 0 0 1 1 0 0 0 0 1 0 0 
0 1 1 0 1 0 1 0 0 0 0 0 0 0 0 1 0 0 1 0 
1 0 0 0 0 1 1 0 0 1 0 0 0 0 1 0 0 0 0 1 
0 0 0 0 0 1 0 0 0 0 1 1 0 0 0 1 0 1 0 1 
0 1 1 0 0 0 1 1 0 0 0 0 0 0 0 1 0 1 0 0 
0 0 0 0 0 1 1 1 0 0 0 1 0 0 1 0 1 0 0 0 
Best sequence:
0 1 2 7 9 14 16 0 0 0 0 0 0 0 0 0 0 0 0 0 
1 0 1 0 1 0 0 1 1 1 1 1 1 1 1 1 1 1 1 1 
0 0 0 0 0 0 0 0 0 0 0 0 0 0 0 0 0 0 0 0 
0 0 0 0 0 0 0 0 0 0 0 0 0 0 0 0 0 0 0 0 
0 0 1 1 1 0 1 0 0 0 0 0 0 0 0 0 0 0 0 0 
0 0 0 0 0 0 0 0 0 0 0 0 0 0 0 0 0 0 0 0 
0 1 1 0 0 0 0 0 0 0 0 0 0 0 0 0 0 0 0 0 
1 0 0 0 1 1 0 1 1 1 1 1 1 1 1 1 1 1 1 1 
0 0 0 0 0 0 0 0 0 0 0 0 0 0 0 0 0 0 0 0 
0 1 1 1 0 0 0 0 0 0 0 0 0 0 0 0 0 0 0 0 
0 0 0 1 0 1 1 0 0 0 0 0 0 0 0 0 0 0 0 0 
OpenStacks: 6
Took 2.99 seconds

buffer: Warwick 187: balanced products, 6 products per order
numCustomers: 10
numProducts: 20
0 0 0 0 1 0 1 0 0 1 1 0 0 1 0 1 0 0 0 0 
0 0 0 1 1 0 1 0 0 0 0 1 0 0 0 1 1 0 0 0 
1 0 0 0 1 1 0 0 0 0 0 0 0 0 1 0 1 0 1 0 
0 1 0 0 0 0 0 0 0 0 0 0 0 1 0 1 1 1 0 1 
0 0 1 0 0 0 1 1 0 1 0 0 1 0 0 0 0 0 0 1 
0 1 0 0 0 0 0 0 1 0 0 0 1 1 0 0 0 0 1 1 
0 0 0 0 0 1 0 1 0 0 1 1 0 0 1 0 0 0 1 0 
0 1 0 0 0 0 1 0 0 1 0 1 1 0 1 0 0 0 0 0 
1 0 0 0 0 0 0 0 0 1 0 0 1 0 0 0 0 1 1 1 
1 1 0 1 0 0 0 0 1 0 1 0 0 0 0 0 0 0 0 1 
Best sequence:
2 4 5 6 7 11 14 0 0 0 0 0 0 0 0 0 0 0 0 0 
0 1 0 1 0 0 0 0 0 0 0 0 0 0 0 0 0 0 0 0 
0 1 0 1 0 1 0 0 0 0 0 0 0 0 0 0 0 0 0 0 
0 1 1 0 0 0 1 1 1 1 1 1 1 1 1 1 1 1 1 1 
0 0 0 0 0 0 0 0 0 0 0 0 0 0 0 0 0 0 0 0 
1 0 0 1 1 0 0 0 0 0 0 0 0 0 0 0 0 0 0 0 
0 0 0 0 0 0 0 0 0 0 0 0 0 0 0 0 0 0 0 0 
0 0 1 0 1 1 1 0 0 0 0 0 0 0 0 0 0 0 0 0 
0 0 0 1 0 1 1 0 0 0 0 0 0 0 0 0 0 0 0 0 
0 0 0 0 0 0 0 1 1 1 1 1 1 1 1 1 1 1 1 1 
0 0 0 0 0 0 0 1 1 1 1 1 1 1 1 1 1 1 1 1 
OpenStacks: 6
Took 2.99 seconds

buffer: Warwick 188: balanced products, 6 products per order
numCustomers: 10
numProducts: 20
0 0 1 1 0 0 0 0 0 1 0 1 0 0 0 1 0 0 1 0 
0 0 0 0 1 1 1 0 0 1 0 0 0 0 1 0 1 0 0 0 
1 0 0 0 0 1 0 0 0 0 0 0 0 0 1 0 1 1 1 0 
0 0 0 1 0 0 0 0 0 0 1 0 1 0 1 0 0 0 1 1 
0 0 0 1 0 0 0 0 1 0 1 0 0 0 0 1 0 0 1 1 
1 0 0 0 1 1 1 0 0 0 1 0 0 0 0 1 0 0 0 0 
1 0 0 0 0 1 0 0 0 0 1 0 1 1 0 0 0 0 0 1 
1 0 0 1 0 0 0 1 0 0 0 0 0 0 0 1 0 1 1 0 
0 1 1 1 1 0 0 0 1 0 0 0 0 0 0 0 0 0 0 1 
0 0 0 0 1 1 0 0 0 0 1 0 0 1 0 0 0 0 1 1 
Best sequence:
1 2 7 9 11 16 17 0 0 0 0 0 0 0 0 0 0 0 0 0 
0 1 0 1 1 0 0 0 0 0 0 0 0 0 0 0 0 0 0 0 
0 0 0 1 0 1 0 0 0 0 0 0 0 0 0 0 0 0 0 0 
0 0 0 0 0 1 1 1 1 1 1 1 1 1 1 1 1 1 1 1 
0 0 0 0 0 0 0 0 0 0 0 0 0 0 0 0 0 0 0 0 
0 0 0 0 0 0 0 0 0 0 0 0 0 0 0 0 0 0 0 0 
0 0 0 0 0 0 0 1 1 1 1 1 1 1 1 1 1 1 1 1 
0 0 0 0 0 0 0 1 1 1 1 1 1 1 1 1 1 1 1 1 
0 0 1 0 0 0 1 1 1 1 1 1 1 1 1 1 1 1 1 1 
1 1 0 0 0 0 0 0 0 0 0 0 0 0 0 0 0 0 0 0 
0 0 0 0 0 0 0 0 0 0 0 0 0 0 0 0 0 0 0 0 
OpenStacks: 5
Took 2.99 seconds

buffer: Warwick 189: balanced products, 6 products per order
numCustomers: 10
numProducts: 20
0 0 0 1 0 1 1 0 0 1 0 0 0 0 0 1 0 0 0 1 
0 1 0 0 1 0 1 0 0 0 1 1 0 0 0 0 0 0 1 0 
0 0 0 0 1 0 0 0 1 0 1 1 0 0 0 0 0 0 1 1 
1 1 0 1 1 0 0 0 1 0 0 0 0 0 0 0 1 0 0 0 
0 0 0 0 0 0 0 1 1 0 0 0 1 1 0 0 0 0 1 1 
0 0 1 1 0 1 0 0 0 0 0 0 0 0 0 1 0 0 1 1 
1 0 1 0 0 0 0 0 0 1 0 0 1 0 1 0 0 1 0 0 
0 1 1 1 0 1 0 0 1 0 0 0 0 0 0 0 0 0 0 1 
0 0 1 1 0 1 0 0 1 0 0 0 0 0 0 0 0 1 0 1 
1 0 0 0 0 0 0 0 0 1 0 1 0 0 1 1 0 1 0 0 
Best sequence:
0 7 9 12 13 14 16 0 0 0 0 0 0 0 0 0 0 0 0 0 
0 0 1 0 0 0 0 0 0 0 0 0 0 0 0 0 0 0 0 0 
0 0 0 0 0 0 0 0 0 0 0 0 0 0 0 0 0 0 0 0 
0 0 0 0 0 0 0 0 0 0 0 0 0 0 0 0 0 0 0 0 
1 0 0 0 0 0 1 1 1 1 1 1 1 1 1 1 1 1 1 1 
0 1 0 1 1 0 0 0 0 0 0 0 0 0 0 0 0 0 0 0 
0 0 0 0 0 0 0 0 0 0 0 0 0 0 0 0 0 0 0 0 
1 0 1 1 0 1 0 1 1 1 1 1 1 1 1 1 1 1 1 1 
0 0 0 0 0 0 0 0 0 0 0 0 0 0 0 0 0 0 0 0 
0 0 0 0 0 0 0 0 0 0 0 0 0 0 0 0 0 0 0 0 
1 0 1 0 0 1 0 1 1 1 1 1 1 1 1 1 1 1 1 1 
OpenStacks: 5
Took 3 seconds

buffer: Warwick 190: balanced products, 6 products per order
numCustomers: 10
numProducts: 20
1 0 0 1 1 0 0 0 0 0 0 1 0 0 0 0 1 0 0 1 
1 0 0 0 0 1 1 0 0 0 0 0 1 0 0 1 1 0 0 0 
1 0 0 0 1 1 0 0 0 0 0 1 0 1 0 0 0 0 0 1 
0 0 1 0 0 1 1 0 0 0 0 0 0 1 1 0 0 0 1 0 
0 0 0 0 0 0 0 1 0 0 0 1 0 0 1 0 0 1 1 1 
1 1 0 0 1 0 1 0 0 1 0 0 0 0 0 0 1 0 0 0 
1 0 0 0 1 1 0 0 1 0 0 1 0 0 0 1 0 0 0 0 
0 1 0 0 0 1 1 0 0 1 0 0 0 1 1 0 0 0 0 0 
0 0 0 0 1 0 0 0 0 0 1 0 0 0 1 0 1 1 1 0 
0 0 0 1 1 0 1 0 1 0 0 0 0 0 0 0 1 1 0 0 
Best sequence:
1 2 7 9 10 14 18 0 0 0 0 0 0 0 0 0 0 0 0 0 
0 0 0 0 0 0 0 1 1 1 1 1 1 1 1 1 1 1 1 1 
0 0 0 0 0 0 0 1 1 1 1 1 1 1 1 1 1 1 1 1 
0 0 0 0 0 0 0 1 1 1 1 1 1 1 1 1 1 1 1 1 
0 1 0 0 0 1 1 0 0 0 0 0 0 0 0 0 0 0 0 0 
0 0 1 0 0 1 1 0 0 0 0 0 0 0 0 0 0 0 0 0 
1 0 0 1 0 0 0 1 1 1 1 1 1 1 1 1 1 1 1 1 
0 0 0 0 0 0 0 1 1 1 1 1 1 1 1 1 1 1 1 1 
1 0 0 1 0 1 0 0 0 0 0 0 0 0 0 0 0 0 0 0 
0 0 0 0 1 1 1 0 0 0 0 0 0 0 0 0 0 0 0 0 
0 0 0 0 0 0 0 0 0 0 0 0 0 0 0 0 0 0 0 0 
OpenStacks: 5
Took 3 seconds

buffer: Warwick 191: balanced products, 7 products per order
numCustomers: 10
numProducts: 20
0 0 1 1 0 0 0 0 0 0 0 1 1 1 0 0 1 0 0 1 
0 0 1 0 1 0 1 1 0 0 1 1 0 0 0 1 0 0 0 0 
0 0 1 1 0 0 0 0 0 0 1 0 1 0 0 1 0 1 0 1 
1 0 0 0 0 1 0 0 1 0 1 0 0 1 0 0 0 1 1 0 
0 1 0 0 1 0 0 1 0 0 0 0 1 1 0 0 0 1 1 0 
0 1 1 0 0 0 1 1 1 1 0 0 0 0 0 0 0 0 1 0 
1 0 1 0 1 0 0 0 1 0 1 1 0 0 0 0 1 0 0 0 
0 0 0 0 1 0 1 0 0 0 1 0 1 0 1 0 1 0 1 0 
0 0 0 1 0 0 0 1 1 0 0 0 1 1 0 0 1 0 1 0 
0 1 0 0 0 0 0 1 0 0 0 1 0 0 1 0 1 1 0 1 
Best sequence:
0 1 4 5 6 9 14 0 0 0 0 0 0 0 0 0 0 0 0 0 
0 0 0 0 0 0 0 0 0 0 0 0 0 0 0 0 0 0 0 0 
0 0 1 0 1 0 0 0 0 0 0 0 0 0 0 0 0 0 0 0 
0 0 0 0 0 0 0 0 0 0 0 0 0 0 0 0 0 0 0 0 
1 0 0 1 0 0 0 1 1 1 1 1 1 1 1 1 1 1 1 1 
0 1 1 0 0 0 0 0 0 0 0 0 0 0 0 0 0 0 0 0 
0 1 0 0 1 1 0 0 0 0 0 0 0 0 0 0 0 0 0 0 
1 0 1 0 0 0 0 1 1 1 1 1 1 1 1 1 1 1 1 1 
0 0 1 0 1 0 1 0 0 0 0 0 0 0 0 0 0 0 0 0 
0 0 0 0 0 0 0 0 0 0 0 0 0 0 0 0 0 0 0 0 
0 1 0 0 0 0 1 0 0 0 0 0 0 0 0 0 0 0 0 0 
OpenStacks: 7
Took 2.99 seconds

buffer: Warwick 192: balanced products, 7 products per order
numCustomers: 10
numProducts: 20
0 0 1 0 0 0 1 1 0 1 0 0 0 0 0 1 1 1 0 0 
1 0 0 0 0 1 1 0 1 0 0 0 1 1 0 0 0 0 0 1 
0 0 0 1 1 1 0 1 0 0 0 0 0 0 1 0 0 1 0 1 
0 0 0 0 0 1 0 1 0 0 0 1 1 0 1 1 0 0 0 1 
1 0 0 1 0 0 0 1 0 0 0 0 1 0 0 1 1 0 1 0 
0 1 0 1 1 0 0 1 0 0 0 0 0 1 1 0 0 1 0 0 
0 1 0 1 0 1 1 0 0 0 0 1 0 0 1 0 0 0 1 0 
0 0 1 0 0 1 0 1 1 0 1 0 0 0 0 0 0 1 1 0 
0 0 1 0 0 0 0 0 0 0 0 1 0 1 0 1 1 0 1 1 
0 0 1 0 1 1 0 0 1 1 1 0 0 0 0 0 0 1 0 0 
Best sequence:
0 1 3 11 12 13 14 0 0 0 0 0 0 0 0 0 0 0 0 0 
0 0 0 0 0 0 0 0 0 0 0 0 0 0 0 0 0 0 0 0 
1 0 0 0 1 1 0 1 1 1 1 1 1 1 1 1 1 1 1 1 
0 0 1 0 0 0 1 0 0 0 0 0 0 0 0 0 0 0 0 0 
0 0 0 1 1 0 1 0 0 0 0 0 0 0 0 0 0 0 0 0 
1 0 1 0 1 0 0 1 1 1 1 1 1 1 1 1 1 1 1 1 
0 1 1 0 0 1 1 0 0 0 0 0 0 0 0 0 0 0 0 0 
0 1 1 1 0 0 1 0 0 0 0 0 0 0 0 0 0 0 0 0 
0 0 0 0 0 0 0 0 0 0 0 0 0 0 0 0 0 0 0 0 
0 0 0 1 0 1 0 0 0 0 0 0 0 0 0 0 0 0 0 0 
0 0 0 0 0 0 0 0 0 0 0 0 0 0 0 0 0 0 0 0 
OpenStacks: 7
Took 2.99 seconds

buffer: Warwick 193: balanced products, 7 products per order
numCustomers: 10
numProducts: 20
0 1 0 0 1 1 1 0 0 0 0 0 0 0 1 0 1 1 0 0 
1 0 0 1 0 0 0 0 1 1 0 1 0 0 0 0 0 1 1 0 
0 0 0 1 0 0 0 1 0 1 1 1 0 0 1 0 0 0 1 0 
1 0 1 0 0 0 1 0 1 0 0 0 0 0 1 1 0 0 1 0 
0 0 0 0 1 0 1 0 0 1 0 0 1 0 1 0 0 1 1 0 
0 0 0 0 0 0 0 1 1 0 1 1 1 0 0 1 0 1 0 0 
0 0 0 0 1 0 0 0 1 1 0 0 0 1 0 0 0 1 1 1 
0 0 0 0 0 1 1 1 1 0 0 0 1 0 0 0 1 0 0 1 
0 0 0 0 0 1 0 1 0 0 1 1 0 0 1 1 0 1 0 0 
1 1 1 1 0 1 0 0 0 0 0 0 0 0 1 0 1 0 0 0 
Best sequence:
1 2 4 6 13 16 19 0 0 0 0 0 0 0 0 0 0 0 0 0 
1 0 1 1 0 1 0 0 0 0 0 0 0 0 0 0 0 0 0 0 
0 0 0 0 0 0 0 1 1 1 1 1 1 1 1 1 1 1 1 1 
0 0 0 0 0 0 0 0 0 0 0 0 0 0 0 0 0 0 0 0 
0 1 0 1 0 0 0 1 1 1 1 1 1 1 1 1 1 1 1 1 
0 0 1 1 0 0 0 0 0 0 0 0 0 0 0 0 0 0 0 0 
0 0 0 0 0 0 0 0 0 0 0 0 0 0 0 0 0 0 0 0 
0 0 1 0 1 0 1 0 0 0 0 0 0 0 0 0 0 0 0 0 
0 0 0 1 0 1 1 0 0 0 0 0 0 0 0 0 0 0 0 0 
0 0 0 0 0 0 0 0 0 0 0 0 0 0 0 0 0 0 0 0 
1 1 0 0 0 1 0 1 1 1 1 1 1 1 1 1 1 1 1 1 
OpenStacks: 6
Took 3 seconds

buffer: Warwick 194: balanced products, 7 products per order
numCustomers: 10
numProducts: 20
1 0 0 0 0 0 0 0 0 1 1 0 1 1 1 0 0 0 0 1 
0 0 0 1 1 1 0 1 0 1 0 0 0 1 0 0 0 0 1 0 
0 0 0 1 1 0 1 0 0 0 0 0 1 0 1 1 0 0 1 0 
0 0 0 1 0 0 1 1 0 1 0 1 0 0 0 0 1 0 1 0 
0 0 1 0 1 1 0 1 0 1 0 0 0 1 0 0 1 0 0 0 
1 0 1 0 0 0 0 1 0 0 0 0 1 0 1 1 0 0 1 0 
1 0 1 0 1 0 0 1 0 1 0 1 0 1 0 0 0 0 0 0 
1 1 0 1 0 0 1 1 0 0 0 0 0 0 1 0 0 1 0 0 
0 0 0 0 0 0 1 0 1 1 0 1 1 0 0 1 0 1 0 0 
0 1 0 1 1 0 0 1 1 0 0 0 0 0 1 1 0 0 0 0 
Best sequence:
1 8 10 12 14 15 17 0 0 0 0 0 0 0 0 0 0 0 0 0 
0 0 1 1 1 0 0 1 1 1 1 1 1 1 1 1 1 1 1 1 
0 0 0 0 0 0 0 0 0 0 0 0 0 0 0 0 0 0 0 0 
0 0 0 1 1 1 0 0 0 0 0 0 0 0 0 0 0 0 0 0 
0 0 0 0 0 0 0 0 0 0 0 0 0 0 0 0 0 0 0 0 
0 0 0 0 0 0 0 0 0 0 0 0 0 0 0 0 0 0 0 0 
0 0 0 1 1 1 0 1 1 1 1 1 1 1 1 1 1 1 1 1 
0 0 0 0 0 0 0 1 1 1 1 1 1 1 1 1 1 1 1 1 
1 0 0 0 1 0 1 1 1 1 1 1 1 1 1 1 1 1 1 1 
0 1 0 1 0 1 1 0 0 0 0 0 0 0 0 0 0 0 0 0 
1 1 0 0 1 1 0 0 0 0 0 0 0 0 0 0 0 0 0 0 
OpenStacks: 6
Took 2.99 seconds

buffer: Warwick 195: balanced products, 7 products per order
numCustomers: 10
numProducts: 20
0 0 1 0 0 1 0 1 1 0 0 1 0 0 0 0 1 1 0 0 
1 0 1 0 0 0 0 1 0 0 1 0 0 1 0 1 0 1 0 0 
1 0 0 0 0 1 0 0 0 1 0 0 1 1 1 0 0 0 1 0 
0 0 1 0 1 1 0 0 0 1 0 0 0 1 0 1 0 0 1 0 
1 0 1 0 0 0 0 0 1 0 1 0 1 0 1 1 0 0 0 0 
0 1 0 1 1 0 1 0 0 0 0 0 1 0 0 0 0 0 1 1 
0 0 1 0 0 1 0 1 1 1 0 0 0 0 0 0 1 1 0 0 
0 0 0 0 0 1 0 0 1 1 0 1 0 0 0 0 1 1 0 1 
0 0 0 1 0 0 0 1 1 1 1 0 0 1 0 0 0 0 1 0 
1 0 0 0 1 0 1 0 1 1 0 0 0 0 1 0 1 0 0 0 
Best sequence:
0 1 3 6 10 12 14 0 0 0 0 0 0 0 0 0 0 0 0 0 
0 0 0 0 0 0 0 0 0 0 0 0 0 0 0 0 0 0 0 0 
1 0 0 0 1 0 0 1 1 1 1 1 1 1 1 1 1 1 1 1 
1 0 0 0 0 1 1 1 1 1 1 1 1 1 1 1 1 1 1 1 
0 0 0 0 0 0 0 0 0 0 0 0 0 0 0 0 0 0 0 0 
1 0 0 0 1 1 1 1 1 1 1 1 1 1 1 1 1 1 1 1 
0 1 1 1 0 1 0 0 0 0 0 0 0 0 0 0 0 0 0 0 
0 0 0 0 0 0 0 0 0 0 0 0 0 0 0 0 0 0 0 0 
0 0 0 0 0 0 0 0 0 0 0 0 0 0 0 0 0 0 0 0 
0 0 1 0 1 0 0 0 0 0 0 0 0 0 0 0 0 0 0 0 
1 0 0 1 0 0 1 1 1 1 1 1 1 1 1 1 1 1 1 1 
OpenStacks: 6
Took 3 seconds

buffer: Warwick 196: balanced products, 7 products per order
numCustomers: 10
numProducts: 20
1 0 0 1 0 1 0 1 0 0 0 1 1 0 1 0 0 0 0 0 
0 0 0 1 1 1 1 0 0 0 0 0 0 1 0 0 0 1 1 0 
1 1 0 1 0 1 1 0 0 0 0 1 1 0 0 0 0 0 0 0 
0 0 0 0 0 0 1 0 1 1 0 1 0 0 0 1 0 0 1 1 
0 0 0 1 1 1 0 0 0 0 0 0 1 1 1 1 0 0 0 0 
0 1 0 1 0 1 0 1 1 0 1 0 1 0 0 0 0 0 0 0 
0 1 1 0 0 0 0 1 0 0 1 0 0 1 0 0 0 1 1 0 
0 0 0 1 1 0 0 1 1 0 0 0 0 1 1 1 0 0 0 0 
0 0 1 0 0 0 1 0 0 1 1 0 0 0 0 0 1 1 1 0 
0 0 1 0 1 0 1 1 0 0 0 1 0 0 1 0 0 0 0 1 
Best sequence:
2 6 9 16 17 18 19 0 0 0 0 0 0 0 0 0 0 0 0 0 
0 0 0 0 0 0 0 1 1 1 1 1 1 1 1 1 1 1 1 1 
0 1 0 0 1 1 0 0 0 0 0 0 0 0 0 0 0 0 0 0 
0 1 0 0 0 0 0 1 1 1 1 1 1 1 1 1 1 1 1 1 
0 1 1 0 0 1 1 0 0 0 0 0 0 0 0 0 0 0 0 0 
0 0 0 0 0 0 0 0 0 0 0 0 0 0 0 0 0 0 0 0 
0 0 0 0 0 0 0 0 0 0 0 0 0 0 0 0 0 0 0 0 
1 0 0 0 1 1 0 0 0 0 0 0 0 0 0 0 0 0 0 0 
0 0 0 0 0 0 0 0 0 0 0 0 0 0 0 0 0 0 0 0 
1 1 1 1 1 1 0 0 0 0 0 0 0 0 0 0 0 0 0 0 
1 1 0 0 0 0 1 0 0 0 0 0 0 0 0 0 0 0 0 0 
OpenStacks: 6
Took 2.99 seconds

buffer: Warwick 197: balanced products, 7 products per order
numCustomers: 10
numProducts: 20
0 1 1 1 0 0 1 0 0 1 0 0 1 0 0 0 0 0 0 1 
0 1 0 1 0 0 0 0 1 0 0 1 0 1 1 0 0 1 0 0 
0 1 1 0 1 0 1 0 0 0 1 1 0 0 0 0 0 0 1 0 
0 0 0 0 0 1 1 0 0 0 1 1 0 0 0 1 0 1 0 1 
0 0 0 0 0 1 0 1 0 1 0 0 1 0 1 0 0 1 1 0 
1 0 0 1 1 0 1 0 0 0 0 0 0 1 1 0 0 0 0 1 
0 0 0 1 1 1 1 1 0 0 0 0 0 0 0 0 1 0 0 1 
0 0 0 0 0 0 1 1 0 0 1 1 1 1 0 0 1 0 0 0 
0 0 0 0 0 0 0 1 0 1 1 1 0 0 1 1 0 0 1 0 
1 0 1 1 0 0 0 0 0 0 0 0 1 0 1 1 0 0 1 0 
Best sequence:
0 1 2 3 4 8 13 0 0 0 0 0 0 0 0 0 0 0 0 0 
0 1 1 1 0 0 0 0 0 0 0 0 0 0 0 0 0 0 0 0 
0 1 0 1 0 1 1 0 0 0 0 0 0 0 0 0 0 0 0 0 
0 1 1 0 1 0 0 0 0 0 0 0 0 0 0 0 0 0 0 0 
0 0 0 0 0 0 0 0 0 0 0 0 0 0 0 0 0 0 0 0 
0 0 0 0 0 0 0 0 0 0 0 0 0 0 0 0 0 0 0 0 
1 0 0 1 1 0 1 1 1 1 1 1 1 1 1 1 1 1 1 1 
0 0 0 1 1 0 0 0 0 0 0 0 0 0 0 0 0 0 0 0 
0 0 0 0 0 0 1 0 0 0 0 0 0 0 0 0 0 0 0 0 
0 0 0 0 0 0 0 0 0 0 0 0 0 0 0 0 0 0 0 0 
1 0 1 1 0 0 0 1 1 1 1 1 1 1 1 1 1 1 1 1 
OpenStacks: 7
Took 3 seconds

buffer: Warwick 198: balanced products, 7 products per order
numCustomers: 10
numProducts: 20
0 0 0 1 0 0 1 0 1 0 1 1 0 1 0 0 0 0 0 1 
0 0 0 0 0 0 0 0 1 1 0 0 1 1 0 1 1 0 0 1 
1 0 1 0 0 0 0 1 0 0 0 0 0 1 0 1 0 1 1 0 
0 0 0 0 0 0 1 0 1 1 1 0 0 1 1 0 0 0 1 0 
0 0 1 0 0 0 0 0 0 0 0 1 0 1 1 1 0 0 1 1 
0 1 0 0 0 0 0 0 1 0 0 0 0 0 1 1 1 1 1 0 
1 0 1 0 0 1 0 0 0 0 0 1 1 0 0 0 1 1 0 0 
0 0 1 1 0 0 0 0 0 0 0 0 0 0 1 1 0 1 1 1 
0 0 0 1 1 1 0 0 0 1 1 0 1 0 0 0 0 0 1 0 
0 0 1 1 1 0 0 0 0 0 1 0 0 0 1 1 0 0 0 1 
Best sequence:
0 1 4 5 7 12 16 0 0 0 0 0 0 0 0 0 0 0 0 0 
0 0 0 0 0 0 0 0 0 0 0 0 0 0 0 0 0 0 0 0 
0 0 0 0 0 1 1 0 0 0 0 0 0 0 0 0 0 0 0 0 
1 0 0 0 1 0 0 1 1 1 1 1 1 1 1 1 1 1 1 1 
0 0 0 0 0 0 0 0 0 0 0 0 0 0 0 0 0 0 0 0 
0 0 0 0 0 0 0 0 0 0 0 0 0 0 0 0 0 0 0 0 
0 1 0 0 0 0 1 0 0 0 0 0 0 0 0 0 0 0 0 0 
1 0 0 1 0 1 1 1 1 1 1 1 1 1 1 1 1 1 1 1 
0 0 0 0 0 0 0 0 0 0 0 0 0 0 0 0 0 0 0 0 
0 0 1 1 0 1 0 0 0 0 0 0 0 0 0 0 0 0 0 0 
0 0 1 0 0 0 0 0 0 0 0 0 0 0 0 0 0 0 0 0 
OpenStacks: 6
Took 2.99 seconds

buffer: Warwick 199: balanced products, 7 products per order
numCustomers: 10
numProducts: 20
0 1 0 0 0 0 1 0 0 0 0 1 1 0 1 1 0 0 1 0 
1 1 1 0 0 1 0 0 0 0 1 0 0 0 1 0 0 0 1 0 
0 0 1 0 0 1 1 0 0 0 1 0 0 0 1 0 0 1 1 0 
0 1 1 0 1 1 1 0 0 0 0 0 1 0 1 0 0 0 0 0 
0 0 1 1 0 0 0 0 0 1 1 0 0 1 0 0 0 0 1 1 
1 0 0 0 0 0 1 0 1 0 0 0 0 0 1 1 1 1 0 0 
1 0 0 0 1 1 0 0 0 1 0 0 1 1 0 0 1 0 0 0 
0 0 1 0 0 0 0 0 0 0 0 0 0 1 1 0 1 1 1 1 
0 1 1 0 0 0 1 0 1 0 1 0 0 0 0 1 1 0 0 0 
0 0 0 1 0 1 0 1 0 1 1 1 0 0 0 0 0 1 0 0 
Best sequence:
3 4 7 9 11 12 13 0 0 0 0 0 0 0 0 0 0 0 0 0 
0 0 0 0 1 1 0 0 0 0 0 0 0 0 0 0 0 0 0 0 
0 0 0 0 0 0 0 1 1 1 1 1 1 1 1 1 1 1 1 1 
0 0 0 0 0 0 0 0 0 0 0 0 0 0 0 0 0 0 0 0 
0 1 0 0 0 1 0 0 0 0 0 0 0 0 0 0 0 0 0 0 
1 0 0 1 0 0 1 0 0 0 0 0 0 0 0 0 0 0 0 0 
0 0 0 0 0 0 0 1 1 1 1 1 1 1 1 1 1 1 1 1 
0 1 0 1 0 1 1 1 1 1 1 1 1 1 1 1 1 1 1 1 
0 0 0 0 0 0 1 0 0 0 0 0 0 0 0 0 0 0 0 0 
0 0 0 0 0 0 0 0 0 0 0 0 0 0 0 0 0 0 0 0 
1 0 1 1 1 0 0 0 0 0 0 0 0 0 0 0 0 0 0 0 
OpenStacks: 6
Took 2.99 seconds

buffer: Warwick 200: balanced products, 7 products per order
numCustomers: 10
numProducts: 20
0 1 1 1 0 0 1 0 0 1 0 0 0 1 0 0 0 0 0 1 
0 0 1 1 0 0 0 0 0 0 1 0 1 1 0 0 0 1 0 1 
1 0 1 0 0 1 1 0 0 0 0 0 0 1 0 1 0 0 1 0 
0 1 1 0 1 0 1 1 0 0 0 0 0 0 0 1 0 1 0 0 
0 0 1 1 0 1 1 0 0 0 1 1 0 0 0 0 1 0 0 0 
0 1 0 1 1 0 1 0 0 1 1 0 1 0 0 0 0 0 0 0 
0 1 0 1 0 0 0 0 1 0 0 0 1 0 0 1 0 1 0 1 
1 0 0 0 1 1 0 0 1 0 0 0 0 0 0 0 1 0 1 1 
1 0 0 1 1 0 0 0 0 1 0 0 0 1 0 0 1 1 0 0 
0 0 0 0 0 0 1 0 1 0 0 1 1 0 1 1 0 0 0 1 
Best sequence:
0 5 7 11 14 16 18 0 0 0 0 0 0 0 0 0 0 0 0 0 
0 0 0 0 0 0 0 0 0 0 0 0 0 0 0 0 0 0 0 0 
0 0 0 0 0 0 0 0 0 0 0 0 0 0 0 0 0 0 0 0 
1 1 0 0 0 0 1 1 1 1 1 1 1 1 1 1 1 1 1 1 
0 0 1 0 0 0 0 0 0 0 0 0 0 0 0 0 0 0 0 0 
0 1 0 1 0 1 0 0 0 0 0 0 0 0 0 0 0 0 0 0 
0 0 0 0 0 0 0 0 0 0 0 0 0 0 0 0 0 0 0 0 
0 0 0 0 0 0 0 0 0 0 0 0 0 0 0 0 0 0 0 0 
1 1 0 0 0 1 1 1 1 1 1 1 1 1 1 1 1 1 1 1 
1 0 0 0 0 1 0 1 1 1 1 1 1 1 1 1 1 1 1 1 
0 0 0 1 1 0 0 0 0 0 0 0 0 0 0 0 0 0 0 0 
OpenStacks: 6
Took 3 seconds

buffer: Warwick 201: balanced products, 8 products per order
numCustomers: 10
numProducts: 20
0 1 0 1 1 0 0 0 0 0 0 0 1 0 0 1 1 1 0 1 
0 0 0 0 1 1 1 0 0 1 0 0 0 0 0 0 1 1 1 1 
1 0 0 0 1 0 0 0 1 0 0 0 1 1 0 1 1 0 1 0 
0 0 1 1 0 0 1 1 0 1 1 0 0 1 0 0 0 1 0 0 
0 0 0 0 0 1 1 0 1 1 0 1 0 0 1 0 0 1 0 1 
0 1 0 0 1 0 1 0 0 0 0 0 0 0 1 1 0 1 1 1 
0 0 1 0 0 0 1 1 1 1 0 0 1 0 0 1 0 0 1 0 
0 1 0 1 0 0 0 1 1 0 0 0 0 0 1 1 1 1 0 0 
1 1 0 0 1 0 0 0 1 0 1 1 0 0 1 0 0 0 0 1 
1 1 0 0 0 0 1 1 1 0 0 0 0 1 0 0 1 0 0 1 
Best sequence:
0 2 3 7 10 12 13 0 0 0 0 0 0 0 0 0 0 0 0 0 
0 0 1 0 0 1 0 0 0 0 0 0 0 0 0 0 0 0 0 0 
0 0 0 0 0 0 0 0 0 0 0 0 0 0 0 0 0 0 0 0 
1 0 0 0 0 1 1 1 1 1 1 1 1 1 1 1 1 1 1 1 
0 1 1 1 1 0 1 0 0 0 0 0 0 0 0 0 0 0 0 0 
0 0 0 0 0 0 0 0 0 0 0 0 0 0 0 0 0 0 0 0 
0 0 0 0 0 0 0 0 0 0 0 0 0 0 0 0 0 0 0 0 
0 1 0 1 0 1 0 0 0 0 0 0 0 0 0 0 0 0 0 0 
0 0 1 1 0 0 0 0 0 0 0 0 0 0 0 0 0 0 0 0 
1 0 0 0 1 0 0 1 1 1 1 1 1 1 1 1 1 1 1 1 
1 0 0 1 0 0 1 1 1 1 1 1 1 1 1 1 1 1 1 1 
OpenStacks: 7
Took 3 seconds

buffer: Warwick 202: balanced products, 8 products per order
numCustomers: 10
numProducts: 20
1 0 0 1 0 0 0 0 0 1 0 0 1 1 0 1 1 0 0 1 
0 1 0 1 0 0 1 0 1 0 1 1 0 0 0 1 1 0 0 0 
1 1 0 0 0 0 0 0 0 1 0 1 0 1 1 1 0 0 0 1 
0 1 1 1 0 0 0 1 0 1 1 0 0 0 0 1 0 1 0 0 
1 1 0 0 0 1 0 0 0 0 0 1 1 1 0 0 0 1 1 0 
0 0 0 1 1 1 1 0 1 0 0 0 1 0 0 0 1 0 0 1 
1 1 0 1 0 1 1 1 0 0 0 0 0 0 1 0 0 1 0 0 
1 0 0 0 1 0 1 1 1 0 1 0 1 0 0 0 0 0 0 1 
1 0 1 0 0 1 0 1 0 0 1 0 1 0 0 1 0 1 0 0 
1 0 1 1 0 0 1 1 0 1 0 0 1 0 0 0 1 0 0 0 
Best sequence:
1 11 13 14 15 17 18 0 0 0 0 0 0 0 0 0 0 0 0 0 
0 0 1 0 1 0 0 1 1 1 1 1 1 1 1 1 1 1 1 1 
1 1 0 0 1 0 0 0 0 0 0 0 0 0 0 0 0 0 0 0 
1 1 1 1 1 0 0 1 1 1 1 1 1 1 1 1 1 1 1 1 
1 0 0 0 1 1 0 0 0 0 0 0 0 0 0 0 0 0 0 0 
1 1 1 0 0 1 1 1 1 1 1 1 1 1 1 1 1 1 1 1 
0 0 0 0 0 0 0 0 0 0 0 0 0 0 0 0 0 0 0 0 
1 0 0 1 0 1 0 1 1 1 1 1 1 1 1 1 1 1 1 1 
0 0 0 0 0 0 0 1 1 1 1 1 1 1 1 1 1 1 1 1 
0 0 0 0 1 1 0 1 1 1 1 1 1 1 1 1 1 1 1 1 
0 0 0 0 0 0 0 1 1 1 1 1 1 1 1 1 1 1 1 1 
OpenStacks: 7
Took 2.99 seconds

buffer: Warwick 203: balanced products, 8 products per order
numCustomers: 10
numProducts: 20
1 0 0 0 1 0 0 0 0 1 0 0 1 0 1 0 0 1 1 1 
1 0 0 0 0 0 0 0 1 0 1 0 0 1 1 1 0 1 1 0 
1 0 0 0 0 0 1 1 1 0 0 1 1 0 0 0 1 0 0 1 
1 0 0 0 0 1 0 0 1 0 0 0 0 1 1 0 1 0 1 1 
0 0 0 1 0 1 1 0 0 0 0 0 0 0 1 1 0 1 1 1 
0 0 0 0 1 0 1 1 1 0 1 0 1 0 0 0 0 0 1 1 
0 0 0 1 1 1 0 1 1 0 1 0 0 0 0 0 1 0 0 1 
1 1 1 1 0 0 0 0 0 1 0 1 1 0 0 0 0 1 0 0 
0 0 0 1 1 1 1 0 0 1 0 0 1 0 1 0 0 0 1 0 
1 1 1 0 0 0 1 1 0 0 1 0 0 0 1 0 0 1 0 0 
Best sequence:
0 1 2 11 13 15 17 0 0 0 0 0 0 0 0 0 0 0 0 0 
1 0 0 0 0 0 1 1 1 1 1 1 1 1 1 1 1 1 1 1 
1 0 0 0 1 1 1 1 1 1 1 1 1 1 1 1 1 1 1 1 
1 0 0 1 0 0 0 1 1 1 1 1 1 1 1 1 1 1 1 1 
1 0 0 0 1 0 0 1 1 1 1 1 1 1 1 1 1 1 1 1 
0 0 0 0 0 1 1 0 0 0 0 0 0 0 0 0 0 0 0 0 
0 0 0 0 0 0 0 0 0 0 0 0 0 0 0 0 0 0 0 0 
0 0 0 0 0 0 0 0 0 0 0 0 0 0 0 0 0 0 0 0 
1 1 1 1 0 0 1 1 1 1 1 1 1 1 1 1 1 1 1 1 
0 0 0 0 0 0 0 0 0 0 0 0 0 0 0 0 0 0 0 0 
1 1 1 0 0 0 1 1 1 1 1 1 1 1 1 1 1 1 1 1 
OpenStacks: 7
Took 2.99 seconds

buffer: Warwick 204: balanced products, 8 products per order
numCustomers: 10
numProducts: 20
1 0 0 0 1 0 0 1 1 0 1 1 0 1 0 0 1 0 0 0 
0 0 1 1 0 0 1 0 0 0 1 1 1 0 0 0 1 1 0 0 
1 1 1 0 0 1 0 0 1 0 0 0 1 1 0 0 0 1 0 0 
0 0 0 0 1 0 1 0 0 1 1 0 1 1 0 0 1 1 0 0 
0 1 1 0 0 1 0 1 0 0 0 1 0 0 1 0 1 0 0 1 
0 0 1 1 1 0 1 0 1 0 1 0 1 0 0 1 0 0 0 0 
0 0 1 0 0 1 0 0 0 1 0 1 0 0 0 1 0 1 1 1 
0 1 0 0 0 1 1 1 1 0 1 0 0 0 0 1 0 0 0 1 
0 0 0 0 0 1 0 1 0 0 1 0 1 1 1 0 1 0 1 0 
1 0 0 0 1 1 0 0 0 0 0 0 0 0 1 1 1 1 1 0 
Best sequence:
0 1 5 7 14 18 19 0 0 0 0 0 0 0 0 0 0 0 0 0 
1 0 0 1 0 0 0 1 1 1 1 1 1 1 1 1 1 1 1 1 
0 0 0 0 0 0 0 0 0 0 0 0 0 0 0 0 0 0 0 0 
1 1 1 0 0 0 0 1 1 1 1 1 1 1 1 1 1 1 1 1 
0 0 0 0 0 0 0 0 0 0 0 0 0 0 0 0 0 0 0 0 
0 1 1 1 1 0 1 0 0 0 0 0 0 0 0 0 0 0 0 0 
0 0 0 0 0 0 0 0 0 0 0 0 0 0 0 0 0 0 0 0 
0 0 1 0 0 1 1 0 0 0 0 0 0 0 0 0 0 0 0 0 
0 1 1 1 0 0 1 0 0 0 0 0 0 0 0 0 0 0 0 0 
0 0 1 1 1 1 0 0 0 0 0 0 0 0 0 0 0 0 0 0 
1 0 1 0 1 1 0 1 1 1 1 1 1 1 1 1 1 1 1 1 
OpenStacks: 7
Took 3 seconds

buffer: Warwick 205: balanced products, 8 products per order
numCustomers: 10
numProducts: 20
1 0 1 0 0 0 0 1 1 1 0 0 0 0 1 1 0 1 0 0 
1 0 0 0 1 1 0 1 1 0 0 0 0 0 1 1 0 1 0 0 
1 0 1 0 1 0 0 1 0 0 1 0 1 0 0 0 0 1 0 1 
1 0 1 0 0 0 1 1 0 0 0 0 0 0 0 0 1 1 1 1 
1 1 1 1 0 0 0 0 0 0 1 0 1 1 0 0 0 0 0 1 
0 0 0 1 0 0 1 0 0 1 1 0 0 1 1 0 0 0 1 1 
0 0 0 0 0 1 0 0 0 1 0 1 0 1 1 1 0 0 1 1 
1 1 0 0 1 0 1 0 0 1 1 0 1 0 0 0 0 0 0 1 
0 1 1 1 1 0 1 1 0 0 1 0 0 1 0 0 0 0 0 0 
0 0 0 1 0 1 1 1 0 0 0 0 0 1 0 1 0 0 1 1 
Best sequence:
5 8 11 14 15 16 18 0 0 0 0 0 0 0 0 0 0 0 0 0 
0 1 0 1 1 0 0 1 1 1 1 1 1 1 1 1 1 1 1 1 
1 1 0 1 1 0 0 1 1 1 1 1 1 1 1 1 1 1 1 1 
0 0 0 0 0 0 0 1 1 1 1 1 1 1 1 1 1 1 1 1 
0 0 0 0 0 1 1 1 1 1 1 1 1 1 1 1 1 1 1 1 
0 0 0 0 0 0 0 1 1 1 1 1 1 1 1 1 1 1 1 1 
0 0 0 1 0 0 1 0 0 0 0 0 0 0 0 0 0 0 0 0 
1 0 1 1 1 0 1 0 0 0 0 0 0 0 0 0 0 0 0 0 
0 0 0 0 0 0 0 1 1 1 1 1 1 1 1 1 1 1 1 1 
0 0 0 0 0 0 0 0 0 0 0 0 0 0 0 0 0 0 0 0 
1 0 0 0 1 0 1 0 0 0 0 0 0 0 0 0 0 0 0 0 
OpenStacks: 6
Took 2.99 seconds

buffer: Warwick 206: balanced products, 8 products per order
numCustomers: 10
numProducts: 20
0 0 1 0 0 0 1 0 1 1 1 1 0 0 0 1 1 0 0 0 
0 1 1 0 1 1 0 0 0 1 0 0 0 0 1 0 0 1 0 1 
1 1 0 1 1 0 0 1 0 0 0 0 0 1 1 1 0 0 0 0 
0 0 1 0 0 1 0 1 0 1 0 0 1 0 0 1 0 1 1 0 
1 1 1 1 0 1 1 0 1 0 0 0 0 0 0 1 0 0 0 0 
1 0 0 1 0 0 0 0 0 0 1 0 1 1 0 0 1 1 0 1 
0 0 1 1 1 0 1 0 1 0 1 0 0 0 1 1 0 0 0 0 
0 0 1 0 1 1 1 1 1 1 0 1 0 0 0 0 0 0 0 0 
0 0 0 1 0 0 0 1 1 1 0 0 1 0 0 1 1 1 0 0 
1 1 0 0 1 0 1 1 0 0 0 1 1 0 1 0 0 0 0 0 
Best sequence:
0 1 12 13 17 18 19 0 0 0 0 0 0 0 0 0 0 0 0 0 
0 0 0 0 0 0 0 0 0 0 0 0 0 0 0 0 0 0 0 0 
0 1 0 0 1 0 1 0 0 0 0 0 0 0 0 0 0 0 0 0 
1 1 0 1 0 0 0 1 1 1 1 1 1 1 1 1 1 1 1 1 
0 0 1 0 1 1 0 0 0 0 0 0 0 0 0 0 0 0 0 0 
1 1 0 0 0 0 0 1 1 1 1 1 1 1 1 1 1 1 1 1 
1 0 1 1 1 0 1 1 1 1 1 1 1 1 1 1 1 1 1 1 
0 0 0 0 0 0 0 0 0 0 0 0 0 0 0 0 0 0 0 0 
0 0 0 0 0 0 0 0 0 0 0 0 0 0 0 0 0 0 0 0 
0 0 1 0 1 0 0 0 0 0 0 0 0 0 0 0 0 0 0 0 
1 1 1 0 0 0 0 1 1 1 1 1 1 1 1 1 1 1 1 1 
OpenStacks: 7
Took 3 seconds

buffer: Warwick 207: balanced products, 8 products per order
numCustomers: 10
numProducts: 20
0 1 0 1 1 0 0 0 0 1 1 0 1 1 1 0 0 0 0 0 
0 0 0 0 1 1 1 0 0 1 0 0 1 0 0 1 1 1 0 0 
1 0 1 0 0 0 1 1 0 0 1 0 0 1 0 0 1 0 0 1 
1 0 0 1 1 0 0 1 0 0 1 1 0 0 0 0 1 1 0 0 
1 1 0 0 0 1 0 0 1 0 0 1 1 0 0 0 0 1 0 1 
0 0 0 1 1 1 0 0 0 0 0 0 0 1 1 1 0 0 1 1 
0 0 0 0 0 1 0 1 1 1 0 1 1 0 0 0 0 1 1 0 
0 0 0 1 1 0 0 1 0 0 1 1 0 0 1 1 0 0 0 1 
0 1 1 0 1 0 0 1 0 0 1 1 0 0 0 1 0 1 0 0 
1 0 0 0 0 1 0 1 1 1 0 0 1 0 0 1 0 0 0 1 
Best sequence:
2 3 4 6 10 13 14 0 0 0 0 0 0 0 0 0 0 0 0 0 
0 1 1 0 1 1 1 0 0 0 0 0 0 0 0 0 0 0 0 0 
0 0 1 1 0 0 0 0 0 0 0 0 0 0 0 0 0 0 0 0 
1 0 0 1 1 1 0 1 1 1 1 1 1 1 1 1 1 1 1 1 
0 1 1 0 1 0 0 1 1 1 1 1 1 1 1 1 1 1 1 1 
0 0 0 0 0 0 0 1 1 1 1 1 1 1 1 1 1 1 1 1 
0 1 1 0 0 1 1 0 0 0 0 0 0 0 0 0 0 0 0 0 
0 0 0 0 0 0 0 0 0 0 0 0 0 0 0 0 0 0 0 0 
0 1 1 0 1 0 1 0 0 0 0 0 0 0 0 0 0 0 0 0 
1 0 1 0 1 0 0 0 0 0 0 0 0 0 0 0 0 0 0 0 
0 0 0 0 0 0 0 1 1 1 1 1 1 1 1 1 1 1 1 1 
OpenStacks: 7
Took 2.99 seconds

buffer: Warwick 208: balanced products, 8 products per order
numCustomers: 10
numProducts: 20
1 0 0 0 0 1 1 1 1 1 0 0 1 0 0 0 0 0 1 0 
1 0 0 1 0 0 0 0 1 0 1 0 0 0 1 1 0 1 0 1 
0 1 0 0 0 1 0 0 0 0 0 0 1 1 1 1 1 1 0 0 
1 0 0 0 0 1 0 1 0 1 1 1 0 0 1 1 0 0 0 0 
0 1 0 0 0 0 0 1 1 0 0 1 0 1 1 1 0 1 0 0 
1 0 1 0 0 1 0 1 1 0 0 0 1 0 0 0 1 1 0 0 
1 0 1 0 0 1 1 1 0 0 1 0 1 0 0 0 0 0 0 1 
1 0 0 0 1 1 1 0 0 1 1 0 0 0 0 1 0 0 0 1 
1 0 0 0 0 1 0 1 0 0 1 0 0 0 0 1 1 0 1 1 
0 0 0 1 1 0 0 0 1 1 1 1 0 0 0 1 0 0 1 0 
Best sequence:
1 2 3 8 12 13 17 0 0 0 0 0 0 0 0 0 0 0 0 0 
0 0 0 1 1 0 0 1 1 1 1 1 1 1 1 1 1 1 1 1 
0 0 1 1 0 0 1 1 1 1 1 1 1 1 1 1 1 1 1 1 
1 0 0 0 1 1 1 0 0 0 0 0 0 0 0 0 0 0 0 0 
0 0 0 0 0 0 0 1 1 1 1 1 1 1 1 1 1 1 1 1 
1 0 0 1 0 1 1 0 0 0 0 0 0 0 0 0 0 0 0 0 
0 1 0 1 1 0 1 1 1 1 1 1 1 1 1 1 1 1 1 1 
0 1 0 0 1 0 0 1 1 1 1 1 1 1 1 1 1 1 1 1 
0 0 0 0 0 0 0 1 1 1 1 1 1 1 1 1 1 1 1 1 
0 0 0 0 0 0 0 1 1 1 1 1 1 1 1 1 1 1 1 1 
0 0 1 1 0 0 0 0 0 0 0 0 0 0 0 0 0 0 0 0 
OpenStacks: 7
Took 3 seconds

buffer: Warwick 209: balanced products, 8 products per order
numCustomers: 10
numProducts: 20
1 1 0 0 1 0 0 1 0 0 0 0 1 1 0 0 0 1 1 0 
0 0 1 1 1 0 0 0 1 0 0 1 1 1 1 0 0 0 0 0 
0 1 1 1 0 1 0 0 1 1 0 0 0 0 1 0 0 0 1 0 
0 1 0 0 0 0 1 1 0 1 1 0 0 0 1 1 0 0 0 1 
1 0 0 1 1 1 0 0 1 1 1 0 0 0 0 0 0 0 1 0 
1 1 1 0 0 1 0 0 1 0 0 0 1 0 0 1 0 0 0 1 
0 1 0 1 1 0 0 0 0 1 0 0 1 0 0 1 0 1 0 1 
0 0 0 0 1 0 0 1 0 1 0 1 1 1 1 0 0 0 1 0 
0 0 1 1 1 0 0 1 0 0 0 0 0 0 0 1 1 0 1 1 
0 0 1 0 0 0 1 1 1 1 0 1 0 0 0 0 0 1 0 1 
Best sequence:
0 6 10 15 16 17 19 0 0 0 0 0 0 0 0 0 0 0 0 0 
1 0 0 0 0 1 0 1 1 1 1 1 1 1 1 1 1 1 1 1 
0 0 0 0 0 0 0 0 0 0 0 0 0 0 0 0 0 0 0 0 
0 0 0 0 0 0 0 0 0 0 0 0 0 0 0 0 0 0 0 0 
0 1 1 1 0 0 1 0 0 0 0 0 0 0 0 0 0 0 0 0 
1 0 1 0 0 0 0 1 1 1 1 1 1 1 1 1 1 1 1 1 
1 0 0 1 0 0 1 1 1 1 1 1 1 1 1 1 1 1 1 1 
0 0 0 1 0 1 1 0 0 0 0 0 0 0 0 0 0 0 0 0 
0 0 0 0 0 0 0 0 0 0 0 0 0 0 0 0 0 0 0 0 
0 0 0 1 1 0 1 0 0 0 0 0 0 0 0 0 0 0 0 0 
0 1 0 0 0 1 1 0 0 0 0 0 0 0 0 0 0 0 0 0 
OpenStacks: 7
Took 2.99 seconds

buffer: Warwick 210: balanced products, 8 products per order
numCustomers: 10
numProducts: 20
0 1 0 0 0 0 0 0 1 1 0 1 0 1 0 1 0 1 1 0 
0 0 1 1 0 1 0 1 1 0 0 1 1 0 0 0 1 0 0 0 
1 0 0 0 0 1 0 1 0 0 1 1 0 0 1 0 0 0 1 1 
0 0 1 0 1 1 0 0 1 1 0 1 0 1 0 0 0 1 0 0 
1 1 0 0 0 0 0 0 0 0 0 1 1 1 1 0 1 0 1 0 
0 0 0 1 1 0 0 1 1 0 0 1 0 1 1 0 0 0 1 0 
0 1 0 0 1 0 1 0 0 1 0 0 1 0 1 0 1 0 0 1 
1 1 1 1 0 1 0 0 1 1 0 0 0 0 1 0 0 0 0 0 
1 1 1 0 0 1 0 0 0 0 0 1 1 1 0 0 0 0 1 0 
0 1 1 1 0 0 1 0 1 0 1 0 1 0 0 0 0 0 0 1 
Best sequence:
3 4 6 8 9 15 17 0 0 0 0 0 0 0 0 0 0 0 0 0 
0 0 0 1 1 1 1 0 0 0 0 0 0 0 0 0 0 0 0 0 
1 0 0 1 0 0 0 0 0 0 0 0 0 0 0 0 0 0 0 0 
0 0 0 0 0 0 0 1 1 1 1 1 1 1 1 1 1 1 1 1 
0 1 0 1 1 0 1 0 0 0 0 0 0 0 0 0 0 0 0 0 
0 0 0 0 0 0 0 1 1 1 1 1 1 1 1 1 1 1 1 1 
1 1 0 1 0 0 0 0 0 0 0 0 0 0 0 0 0 0 0 0 
0 1 1 0 1 0 0 0 0 0 0 0 0 0 0 0 0 0 0 0 
1 0 0 1 1 0 0 1 1 1 1 1 1 1 1 1 1 1 1 1 
0 0 0 0 0 0 0 1 1 1 1 1 1 1 1 1 1 1 1 1 
1 0 1 1 0 0 0 0 0 0 0 0 0 0 0 0 0 0 0 0 
OpenStacks: 7
Took 3 seconds

buffer: Warwick 211: balanced products, 9 products per order
numCustomers: 10
numProducts: 20
1 1 0 0 1 1 0 0 0 1 0 1 1 0 1 0 1 0 0 0 
1 0 0 1 1 1 0 0 0 1 0 1 0 1 0 0 1 0 1 0 
0 0 0 0 1 0 0 1 1 1 0 0 1 1 0 1 0 1 0 1 
0 0 0 0 1 1 1 1 0 0 0 1 1 0 0 1 0 1 1 0 
0 0 1 0 0 0 0 1 0 1 0 0 1 1 1 1 1 0 1 0 
1 1 1 1 0 0 1 1 1 0 0 0 0 0 0 1 0 1 0 0 
0 1 0 0 0 1 0 1 0 1 0 1 1 1 0 0 0 0 1 1 
1 0 1 0 0 0 1 1 1 0 0 0 1 1 1 0 0 1 0 0 
1 0 1 1 0 0 1 0 1 1 1 0 1 0 0 1 0 0 0 0 
1 1 0 0 1 0 0 0 0 1 0 1 1 0 1 1 1 0 0 0 
Best sequence:
2 6 7 8 10 17 19 0 0 0 0 0 0 0 0 0 0 0 0 0 
0 0 0 0 0 0 0 1 1 1 1 1 1 1 1 1 1 1 1 1 
0 0 0 0 0 0 0 1 1 1 1 1 1 1 1 1 1 1 1 1 
0 0 1 1 0 1 1 0 0 0 0 0 0 0 0 0 0 0 0 0 
0 1 1 0 0 1 0 0 0 0 0 0 0 0 0 0 0 0 0 0 
1 0 1 0 0 0 0 0 0 0 0 0 0 0 0 0 0 0 0 0 
1 1 1 1 0 1 0 1 1 1 1 1 1 1 1 1 1 1 1 1 
0 0 1 0 0 0 1 0 0 0 0 0 0 0 0 0 0 0 0 0 
1 1 1 1 0 1 0 1 1 1 1 1 1 1 1 1 1 1 1 1 
1 1 0 1 1 0 0 1 1 1 1 1 1 1 1 1 1 1 1 1 
0 0 0 0 0 0 0 1 1 1 1 1 1 1 1 1 1 1 1 1 
OpenStacks: 7
Took 2.99 seconds

buffer: Warwick 212: balanced products, 9 products per order
numCustomers: 10
numProducts: 20
1 1 1 0 0 0 0 1 1 0 0 0 1 0 0 1 0 0 1 1 
1 1 1 0 1 0 0 1 1 0 0 0 0 0 0 1 0 1 1 0 
1 1 0 0 0 0 0 0 0 0 1 1 1 0 0 1 1 1 1 0 
0 1 1 0 1 1 0 0 0 0 1 0 1 0 1 0 0 1 1 0 
1 1 0 1 0 1 1 0 1 0 0 0 0 0 1 1 0 1 0 0 
1 1 1 1 0 0 0 0 0 0 0 1 1 1 1 0 1 0 0 0 
0 1 0 0 1 1 0 1 1 1 0 1 1 0 0 1 0 0 0 0 
0 0 1 0 1 0 1 0 1 1 0 0 1 1 0 0 1 1 0 0 
1 0 0 0 0 0 0 1 0 1 0 1 1 0 1 1 0 1 1 0 
0 0 1 0 0 0 1 1 1 0 0 0 0 1 1 1 1 0 1 0 
Best sequence:
0 1 3 5 10 11 19 0 0 0 0 0 0 0 0 0 0 0 0 0 
1 1 0 0 0 0 1 1 1 1 1 1 1 1 1 1 1 1 1 1 
1 1 0 0 0 0 0 1 1 1 1 1 1 1 1 1 1 1 1 1 
1 1 0 0 1 1 0 1 1 1 1 1 1 1 1 1 1 1 1 1 
0 1 0 1 1 0 0 0 0 0 0 0 0 0 0 0 0 0 0 0 
1 1 1 1 0 0 0 1 1 1 1 1 1 1 1 1 1 1 1 1 
1 1 1 0 0 1 0 1 1 1 1 1 1 1 1 1 1 1 1 1 
0 1 0 1 0 1 0 0 0 0 0 0 0 0 0 0 0 0 0 0 
0 0 0 0 0 0 0 0 0 0 0 0 0 0 0 0 0 0 0 0 
1 0 0 0 0 1 0 1 1 1 1 1 1 1 1 1 1 1 1 1 
0 0 0 0 0 0 0 0 0 0 0 0 0 0 0 0 0 0 0 0 
OpenStacks: 8
Took 2.99 seconds

buffer: Warwick 213: balanced products, 9 products per order
numCustomers: 10
numProducts: 20
1 0 1 0 0 1 0 1 0 1 1 0 0 1 0 0 1 0 0 1 
1 1 0 0 1 0 0 1 0 1 1 1 0 0 0 0 0 0 1 1 
0 1 0 0 0 1 1 0 0 0 1 0 1 1 0 0 1 1 0 1 
1 1 1 1 0 0 0 0 1 1 0 0 0 1 0 1 1 0 0 0 
1 1 0 0 0 1 0 0 1 0 0 1 0 1 0 1 0 1 0 1 
1 1 0 0 0 1 0 0 0 0 0 1 1 1 1 0 0 1 0 1 
0 0 1 0 0 0 0 1 1 0 0 0 1 1 1 1 0 1 1 0 
0 0 0 0 0 1 0 0 1 1 0 1 1 1 0 0 1 0 1 1 
0 0 1 0 1 0 0 1 1 1 0 1 0 1 1 0 0 0 1 0 
1 0 1 0 0 1 1 1 0 0 1 0 0 0 0 1 0 0 1 1 
Best sequence:
0 1 3 5 6 10 16 0 0 0 0 0 0 0 0 0 0 0 0 0 
1 0 0 1 0 1 1 1 1 1 1 1 1 1 1 1 1 1 1 1 
1 1 0 0 0 1 0 1 1 1 1 1 1 1 1 1 1 1 1 1 
0 1 0 1 1 1 1 0 0 0 0 0 0 0 0 0 0 0 0 0 
1 1 1 0 0 0 1 1 1 1 1 1 1 1 1 1 1 1 1 1 
1 1 0 1 0 0 0 1 1 1 1 1 1 1 1 1 1 1 1 1 
1 1 0 1 0 0 0 1 1 1 1 1 1 1 1 1 1 1 1 1 
0 0 0 0 0 0 0 0 0 0 0 0 0 0 0 0 0 0 0 0 
0 0 0 1 0 0 1 0 0 0 0 0 0 0 0 0 0 0 0 0 
0 0 0 0 0 0 0 0 0 0 0 0 0 0 0 0 0 0 0 0 
1 0 0 1 1 1 0 1 1 1 1 1 1 1 1 1 1 1 1 1 
OpenStacks: 8
Took 3 seconds

buffer: Warwick 214: balanced products, 9 products per order
numCustomers: 10
numProducts: 20
0 1 0 0 0 0 1 1 0 1 1 1 1 1 0 0 0 0 0 1 
1 1 0 0 0 1 0 0 0 1 0 1 1 1 1 0 1 0 0 0 
0 0 0 0 1 1 0 1 0 0 0 1 1 1 0 0 1 0 1 1 
0 1 1 0 1 0 0 0 1 0 1 0 1 1 0 1 0 1 0 0 
0 1 0 0 0 0 0 1 0 1 1 1 1 1 1 1 0 0 0 0 
1 1 0 1 0 1 0 1 1 1 0 1 0 0 0 1 0 0 0 0 
1 1 0 0 0 1 1 0 0 0 0 0 1 1 1 0 1 0 0 1 
0 0 0 0 1 1 0 0 0 0 1 1 0 1 0 0 1 1 1 1 
0 0 1 1 0 1 0 1 0 0 1 0 1 0 1 1 1 0 0 0 
0 1 1 0 0 1 0 0 1 1 0 1 0 0 1 0 1 1 0 0 
Best sequence:
2 3 4 8 15 17 18 0 0 0 0 0 0 0 0 0 0 0 0 0 
0 0 0 0 0 0 0 0 0 0 0 0 0 0 0 0 0 0 0 0 
0 0 0 0 0 0 0 1 1 1 1 1 1 1 1 1 1 1 1 1 
0 0 1 0 0 0 1 0 0 0 0 0 0 0 0 0 0 0 0 0 
1 0 1 1 1 1 0 0 0 0 0 0 0 0 0 0 0 0 0 0 
0 0 0 0 1 0 0 0 0 0 0 0 0 0 0 0 0 0 0 0 
0 1 0 1 1 0 0 1 1 1 1 1 1 1 1 1 1 1 1 1 
0 0 0 0 0 0 0 1 1 1 1 1 1 1 1 1 1 1 1 1 
0 0 1 0 0 1 1 0 0 0 0 0 0 0 0 0 0 0 0 0 
1 1 0 0 1 0 0 0 0 0 0 0 0 0 0 0 0 0 0 0 
1 0 0 1 0 1 0 0 0 0 0 0 0 0 0 0 0 0 0 0 
OpenStacks: 7
Took 3 seconds

buffer: Warwick 215: balanced products, 9 products per order
numCustomers: 10
numProducts: 20
0 0 0 1 1 1 0 1 1 0 0 1 0 1 0 0 1 0 1 0 
0 0 1 0 0 0 1 1 0 1 0 1 1 0 0 1 0 1 0 1 
1 0 1 1 0 0 0 0 1 0 1 0 0 1 0 1 1 1 0 0 
1 0 0 0 0 1 0 1 0 1 1 1 0 0 1 0 1 0 0 1 
0 0 1 1 0 0 0 1 0 1 0 1 0 1 1 1 0 0 0 1 
0 0 0 0 1 0 1 1 0 0 1 1 1 0 1 0 0 1 1 0 
1 0 0 1 1 0 1 0 0 0 1 1 1 0 1 0 0 1 0 0 
0 0 1 0 1 1 0 1 1 0 0 0 1 1 0 0 1 1 0 0 
0 0 1 1 1 1 0 0 1 1 0 1 0 1 0 0 0 0 0 1 
1 1 0 1 0 0 0 1 1 0 0 0 0 1 1 1 1 0 0 0 
Best sequence:
0 1 3 5 8 13 16 0 0 0 0 0 0 0 0 0 0 0 0 0 
0 0 1 1 1 1 1 0 0 0 0 0 0 0 0 0 0 0 0 0 
0 0 0 0 0 0 0 0 0 0 0 0 0 0 0 0 0 0 0 0 
1 0 1 0 1 1 1 1 1 1 1 1 1 1 1 1 1 1 1 1 
1 0 0 1 0 0 1 1 1 1 1 1 1 1 1 1 1 1 1 1 
0 0 1 0 0 1 0 0 0 0 0 0 0 0 0 0 0 0 0 0 
0 0 0 0 0 0 0 0 0 0 0 0 0 0 0 0 0 0 0 0 
1 0 1 0 0 0 0 1 1 1 1 1 1 1 1 1 1 1 1 1 
0 0 0 1 1 1 1 0 0 0 0 0 0 0 0 0 0 0 0 0 
0 0 1 1 1 1 0 0 0 0 0 0 0 0 0 0 0 0 0 0 
1 1 1 0 1 1 1 1 1 1 1 1 1 1 1 1 1 1 1 1 
OpenStacks: 8
Took 2.99 seconds

buffer: Warwick 216: balanced products, 9 products per order
numCustomers: 10
numProducts: 20
0 0 0 0 0 0 1 1 0 0 0 0 1 0 1 1 1 1 1 1 
0 1 0 1 1 0 0 0 0 1 1 0 1 1 1 1 0 0 0 0 
1 1 1 1 1 0 1 0 0 0 1 1 0 0 0 0 0 0 1 0 
1 0 0 1 0 0 0 1 1 0 0 0 0 1 0 1 0 1 1 1 
0 1 1 1 0 0 1 0 0 1 0 0 0 0 1 1 0 1 1 0 
1 1 1 0 1 0 1 0 1 1 0 0 0 0 0 0 1 0 1 0 
0 0 0 0 0 0 0 1 1 1 0 0 1 1 1 1 0 0 1 1 
0 1 0 0 0 1 0 0 0 1 0 0 0 1 1 1 1 1 1 0 
1 1 1 1 0 0 0 1 1 0 0 1 1 0 0 0 0 0 1 0 
0 1 0 1 0 0 0 1 1 0 0 1 1 0 0 0 1 1 0 1 
Best sequence:
0 1 2 3 4 5 10 0 0 0 0 0 0 0 0 0 0 0 0 0 
0 0 0 0 0 0 0 0 0 0 0 0 0 0 0 0 0 0 0 0 
0 1 0 1 1 0 1 0 0 0 0 0 0 0 0 0 0 0 0 0 
1 1 1 1 1 0 1 1 1 1 1 1 1 1 1 1 1 1 1 1 
1 0 0 1 0 0 0 1 1 1 1 1 1 1 1 1 1 1 1 1 
0 1 1 1 0 0 0 0 0 0 0 0 0 0 0 0 0 0 0 0 
1 1 1 0 1 0 0 1 1 1 1 1 1 1 1 1 1 1 1 1 
0 0 0 0 0 0 0 0 0 0 0 0 0 0 0 0 0 0 0 0 
0 1 0 0 0 1 0 0 0 0 0 0 0 0 0 0 0 0 0 0 
1 1 1 1 0 0 0 1 1 1 1 1 1 1 1 1 1 1 1 1 
0 1 0 1 0 0 0 0 0 0 0 0 0 0 0 0 0 0 0 0 
OpenStacks: 8
Took 2.99 seconds

buffer: Warwick 217: balanced products, 9 products per order
numCustomers: 10
numProducts: 20
1 1 1 1 0 0 0 1 1 0 1 0 1 0 1 0 0 0 0 0 
1 1 0 1 1 1 0 1 1 0 1 0 0 0 0 0 0 1 0 0 
1 1 0 1 0 0 1 1 0 0 0 0 1 1 1 0 0 0 0 1 
0 1 0 0 1 1 1 0 0 1 0 0 1 0 1 0 1 1 0 0 
1 1 0 1 1 0 0 0 1 0 0 1 0 1 0 1 0 0 0 1 
0 1 0 0 0 0 0 1 1 0 1 0 0 0 1 1 0 1 1 1 
0 1 0 0 0 1 0 0 1 1 1 1 0 0 1 0 1 0 1 0 
1 1 0 0 1 0 0 0 0 1 0 1 1 1 1 0 0 0 1 0 
1 1 0 1 1 0 1 0 0 1 0 0 0 0 0 0 1 1 0 1 
0 1 0 0 1 0 1 0 1 0 1 0 1 1 1 1 0 0 0 0 
Best sequence:
0 2 3 4 6 12 13 0 0 0 0 0 0 0 0 0 0 0 0 0 
1 1 1 0 0 1 0 1 1 1 1 1 1 1 1 1 1 1 1 1 
1 0 1 1 0 0 0 1 1 1 1 1 1 1 1 1 1 1 1 1 
1 0 1 0 1 1 1 1 1 1 1 1 1 1 1 1 1 1 1 1 
0 0 0 1 1 1 0 0 0 0 0 0 0 0 0 0 0 0 0 0 
1 0 1 1 0 0 1 1 1 1 1 1 1 1 1 1 1 1 1 1 
0 0 0 0 0 0 0 0 0 0 0 0 0 0 0 0 0 0 0 0 
0 0 0 0 0 0 0 0 0 0 0 0 0 0 0 0 0 0 0 0 
1 0 0 1 0 1 1 1 1 1 1 1 1 1 1 1 1 1 1 1 
1 0 1 1 1 0 0 1 1 1 1 1 1 1 1 1 1 1 1 1 
0 0 0 1 1 1 1 0 0 0 0 0 0 0 0 0 0 0 0 0 
OpenStacks: 8
Took 2.99 seconds

buffer: Warwick 218: balanced products, 9 products per order
numCustomers: 10
numProducts: 20
0 0 1 1 1 0 1 0 1 0 1 0 0 1 0 1 0 0 0 1 
1 1 0 1 1 1 0 1 0 0 0 1 1 0 0 0 0 0 0 1 
0 0 1 0 1 0 0 0 1 1 0 1 0 0 1 0 1 1 1 0 
0 0 1 1 0 0 0 0 1 1 0 1 1 1 0 1 0 0 0 1 
1 0 0 1 0 1 1 0 1 1 0 1 0 0 0 0 0 1 1 0 
0 1 1 0 1 0 0 1 0 0 0 0 0 1 0 1 1 1 1 0 
1 0 0 1 1 1 0 0 1 1 0 0 1 0 0 0 0 1 0 1 
0 0 1 1 1 1 0 1 1 0 0 0 1 1 0 0 0 0 1 0 
1 0 0 0 1 1 1 1 1 0 0 0 0 0 1 0 1 0 0 1 
0 0 1 1 1 0 0 0 1 0 0 0 0 1 0 1 1 1 0 1 
Best sequence:
0 1 5 6 7 10 12 0 0 0 0 0 0 0 0 0 0 0 0 0 
0 0 0 1 0 1 0 0 0 0 0 0 0 0 0 0 0 0 0 0 
1 1 1 0 1 0 1 1 1 1 1 1 1 1 1 1 1 1 1 1 
0 0 0 0 0 0 0 0 0 0 0 0 0 0 0 0 0 0 0 0 
0 0 0 0 0 0 1 0 0 0 0 0 0 0 0 0 0 0 0 0 
1 0 1 1 0 0 0 1 1 1 1 1 1 1 1 1 1 1 1 1 
0 1 0 0 1 0 0 0 0 0 0 0 0 0 0 0 0 0 0 0 
1 0 1 0 0 0 1 1 1 1 1 1 1 1 1 1 1 1 1 1 
0 0 1 0 1 0 1 0 0 0 0 0 0 0 0 0 0 0 0 0 
1 0 1 1 1 0 0 1 1 1 1 1 1 1 1 1 1 1 1 1 
0 0 0 0 0 0 0 0 0 0 0 0 0 0 0 0 0 0 0 0 
OpenStacks: 8
Took 3.01 seconds

buffer: Warwick 219: balanced products, 9 products per order
numCustomers: 10
numProducts: 20
0 0 0 0 1 1 0 0 0 1 0 0 1 0 1 1 0 1 1 1 
1 1 1 0 0 1 0 1 1 0 0 0 0 1 0 1 0 0 0 1 
1 1 0 1 1 0 0 0 0 1 1 1 1 0 0 0 0 1 0 0 
1 1 0 1 0 0 1 0 1 0 1 1 0 0 0 1 0 1 0 0 
1 1 1 0 0 1 0 1 1 0 1 0 1 0 0 0 1 0 0 0 
0 0 0 1 0 1 1 0 1 1 1 0 0 1 1 1 0 0 0 0 
1 0 1 0 1 0 1 0 0 0 1 1 1 0 0 0 1 0 0 1 
1 0 1 0 1 1 1 0 0 0 0 1 1 0 0 0 0 0 1 1 
0 0 1 0 1 0 0 1 0 0 0 1 1 0 1 0 1 1 1 0 
1 0 0 0 0 1 0 1 1 0 0 0 0 1 1 0 1 1 1 0 
Best sequence:
0 1 3 6 8 10 13 0 0 0 0 0 0 0 0 0 0 0 0 0 
0 0 0 0 0 0 0 0 0 0 0 0 0 0 0 0 0 0 0 0 
1 1 0 0 1 0 1 1 1 1 1 1 1 1 1 1 1 1 1 1 
1 1 1 0 0 1 0 1 1 1 1 1 1 1 1 1 1 1 1 1 
1 1 1 1 1 1 0 1 1 1 1 1 1 1 1 1 1 1 1 1 
1 1 0 0 1 1 0 1 1 1 1 1 1 1 1 1 1 1 1 1 
0 0 1 1 1 1 1 0 0 0 0 0 0 0 0 0 0 0 0 0 
1 0 0 1 0 1 0 1 1 1 1 1 1 1 1 1 1 1 1 1 
1 0 0 1 0 0 0 1 1 1 1 1 1 1 1 1 1 1 1 1 
0 0 0 0 0 0 0 0 0 0 0 0 0 0 0 0 0 0 0 0 
1 0 0 0 1 0 1 1 1 1 1 1 1 1 1 1 1 1 1 1 
OpenStacks: 8
Took 2.99 seconds

buffer: Warwick 220: balanced products, 9 products per order
numCustomers: 10
numProducts: 20
0 1 1 1 1 1 0 1 0 1 0 0 1 0 0 0 1 0 0 0 
0 1 0 0 1 0 0 1 0 0 1 1 0 1 0 0 0 1 1 1 
1 1 0 1 0 1 1 0 1 0 1 0 0 0 1 0 1 0 0 0 
0 1 0 0 1 1 0 0 1 0 0 1 0 1 0 1 0 1 1 0 
0 0 0 1 0 0 0 0 1 0 0 1 1 1 0 1 1 1 1 0 
1 0 1 1 0 0 0 1 0 1 0 1 0 0 0 0 1 0 1 1 
0 0 1 0 1 1 1 0 0 1 1 0 1 0 0 0 1 0 0 1 
0 0 0 0 1 1 0 0 0 1 0 0 1 0 1 1 0 1 1 1 
0 0 1 0 0 1 0 1 0 1 1 0 1 1 0 0 1 0 0 1 
1 0 0 0 0 1 0 1 0 0 0 1 1 0 1 1 1 0 1 0 
Best sequence:
0 8 11 14 15 17 18 0 0 0 0 0 0 0 0 0 0 0 0 0 
0 0 0 0 0 0 0 0 0 0 0 0 0 0 0 0 0 0 0 0 
0 0 1 0 0 1 1 0 0 0 0 0 0 0 0 0 0 0 0 0 
1 1 0 1 0 0 0 1 1 1 1 1 1 1 1 1 1 1 1 1 
0 1 1 0 1 1 1 0 0 0 0 0 0 0 0 0 0 0 0 0 
0 1 1 0 1 1 1 0 0 0 0 0 0 0 0 0 0 0 0 0 
1 0 1 0 0 0 1 1 1 1 1 1 1 1 1 1 1 1 1 1 
0 0 0 0 0 0 0 0 0 0 0 0 0 0 0 0 0 0 0 0 
0 0 0 1 1 1 1 0 0 0 0 0 0 0 0 0 0 0 0 0 
0 0 0 0 0 0 0 0 0 0 0 0 0 0 0 0 0 0 0 0 
1 0 1 1 1 0 1 1 1 1 1 1 1 1 1 1 1 1 1 1 
OpenStacks: 7
Took 2.99 seconds

buffer: Warwick 221: balanced products, 10 products per order
numCustomers: 10
numProducts: 20
0 0 1 0 0 1 1 1 1 1 1 0 1 1 0 0 1 0 0 0 
0 1 1 0 1 1 0 1 0 1 1 0 0 0 1 1 1 0 0 0 
1 0 0 1 0 0 1 1 0 1 1 1 1 1 0 0 1 0 0 0 
0 1 1 1 0 1 0 0 1 0 1 1 0 1 0 0 1 1 0 0 
1 1 0 0 1 0 1 0 0 0 1 0 1 0 1 1 1 0 0 1 
0 1 0 1 1 0 1 0 0 1 0 0 1 0 1 1 1 1 0 0 
1 1 0 1 1 0 1 0 1 1 0 1 1 0 0 0 1 0 0 0 
0 1 1 1 1 0 0 0 0 1 1 0 0 1 1 1 0 1 0 0 
0 0 0 1 1 0 1 0 0 0 1 1 1 0 0 1 1 1 0 1 
0 1 0 1 1 1 0 1 0 1 0 1 0 0 1 0 1 0 1 0 
Best sequence:
0 2 5 7 8 13 18 0 0 0 0 0 0 0 0 0 0 0 0 0 
0 1 1 1 1 1 0 0 0 0 0 0 0 0 0 0 0 0 0 0 
0 1 1 1 0 0 0 0 0 0 0 0 0 0 0 0 0 0 0 0 
1 0 0 1 0 1 0 1 1 1 1 1 1 1 1 1 1 1 1 1 
0 1 1 0 1 1 0 0 0 0 0 0 0 0 0 0 0 0 0 0 
1 0 0 0 0 0 0 1 1 1 1 1 1 1 1 1 1 1 1 1 
0 0 0 0 0 0 0 0 0 0 0 0 0 0 0 0 0 0 0 0 
1 0 0 0 1 0 0 1 1 1 1 1 1 1 1 1 1 1 1 1 
0 1 0 0 0 1 0 0 0 0 0 0 0 0 0 0 0 0 0 0 
0 0 0 0 0 0 0 0 0 0 0 0 0 0 0 0 0 0 0 0 
0 0 1 1 0 0 1 0 0 0 0 0 0 0 0 0 0 0 0 0 
OpenStacks: 8
Took 2.99 seconds

buffer: Warwick 222: balanced products, 10 products per order
numCustomers: 10
numProducts: 20
0 0 1 1 0 0 0 0 0 1 1 0 1 1 0 1 1 0 1 1 
1 1 0 0 0 0 1 0 0 1 1 0 1 1 0 0 1 1 0 1 
0 0 0 1 0 1 0 0 1 1 1 1 1 0 1 0 1 0 1 0 
0 1 0 0 0 0 1 1 1 1 1 0 0 1 0 1 1 1 0 0 
1 1 0 1 1 0 1 0 1 1 0 1 0 1 1 0 0 0 0 0 
0 1 0 0 1 0 0 1 1 0 1 0 0 0 1 1 0 1 1 1 
0 0 0 0 1 1 0 1 1 1 0 0 0 0 1 0 1 1 1 1 
1 0 0 0 1 1 1 1 0 1 0 0 0 1 0 1 0 1 1 0 
0 1 0 1 0 0 0 1 1 0 0 1 1 1 1 0 0 1 0 1 
1 1 0 1 0 1 1 1 0 1 0 1 0 0 1 0 0 0 0 1 
Best sequence:
0 2 3 6 11 12 13 0 0 0 0 0 0 0 0 0 0 0 0 0 
0 1 1 0 0 1 1 0 0 0 0 0 0 0 0 0 0 0 0 0 
1 0 0 1 0 1 1 1 1 1 1 1 1 1 1 1 1 1 1 1 
0 0 1 0 1 1 0 0 0 0 0 0 0 0 0 0 0 0 0 0 
0 0 0 1 0 0 1 0 0 0 0 0 0 0 0 0 0 0 0 0 
1 0 1 1 1 0 1 1 1 1 1 1 1 1 1 1 1 1 1 1 
0 0 0 0 0 0 0 0 0 0 0 0 0 0 0 0 0 0 0 0 
0 0 0 0 0 0 0 0 0 0 0 0 0 0 0 0 0 0 0 0 
1 0 0 1 0 0 1 1 1 1 1 1 1 1 1 1 1 1 1 1 
0 0 1 0 1 1 1 0 0 0 0 0 0 0 0 0 0 0 0 0 
1 0 1 1 1 0 0 1 1 1 1 1 1 1 1 1 1 1 1 1 
OpenStacks: 8
Took 2.99 seconds

buffer: Warwick 223: balanced products, 10 products per order
numCustomers: 10
numProducts: 20
0 1 1 1 1 0 0 0 0 0 1 0 0 0 1 1 1 1 1 0 
0 1 1 0 0 1 1 0 1 0 1 1 0 0 1 0 1 1 0 0 
0 1 0 0 1 0 1 0 1 1 0 1 0 0 0 0 1 1 1 1 
0 0 1 0 1 0 1 1 0 0 1 0 1 0 1 0 1 1 1 0 
0 1 0 1 1 0 1 1 0 0 1 0 1 0 0 1 1 0 0 1 
1 0 0 0 1 1 1 1 1 1 0 1 0 0 0 0 1 0 0 1 
1 1 1 0 1 0 0 0 0 0 1 1 0 1 0 1 1 0 1 0 
1 0 0 0 0 0 0 1 1 1 1 0 0 1 1 1 1 1 0 0 
0 0 0 1 0 0 1 0 1 1 0 0 1 1 1 0 1 1 1 0 
0 0 0 0 1 0 0 1 1 1 1 0 1 1 1 0 0 1 0 1 
Best sequence:
0 5 8 9 11 13 19 0 0 0 0 0 0 0 0 0 0 0 0 0 
0 0 0 0 0 0 0 0 0 0 0 0 0 0 0 0 0 0 0 0 
0 1 1 0 1 0 0 0 0 0 0 0 0 0 0 0 0 0 0 0 
0 0 1 1 1 0 1 0 0 0 0 0 0 0 0 0 0 0 0 0 
0 0 0 0 0 0 0 0 0 0 0 0 0 0 0 0 0 0 0 0 
0 0 0 0 0 0 1 0 0 0 0 0 0 0 0 0 0 0 0 0 
1 1 1 1 1 0 1 1 1 1 1 1 1 1 1 1 1 1 1 1 
1 0 0 0 1 1 0 1 1 1 1 1 1 1 1 1 1 1 1 1 
1 0 1 1 0 1 0 1 1 1 1 1 1 1 1 1 1 1 1 1 
0 0 1 1 0 1 0 0 0 0 0 0 0 0 0 0 0 0 0 0 
0 0 1 1 0 1 1 0 0 0 0 0 0 0 0 0 0 0 0 0 
OpenStacks: 8
Took 3 seconds

buffer: Warwick 224: balanced products, 10 products per order
numCustomers: 10
numProducts: 20
0 1 0 1 1 1 0 1 0 0 1 1 0 0 0 0 1 1 1 0 
0 1 1 1 0 1 1 0 0 0 0 1 1 0 0 1 1 1 0 0 
0 1 1 1 0 1 1 1 0 1 0 1 0 1 0 0 0 0 1 0 
0 1 1 1 1 0 0 0 0 0 0 1 0 0 1 1 0 1 1 1 
0 1 0 0 1 1 1 0 1 1 1 0 1 0 0 0 0 0 1 1 
1 1 0 0 0 0 1 0 1 1 1 1 1 0 1 0 0 0 1 0 
0 0 0 1 1 0 1 0 1 0 1 1 0 0 1 0 0 1 1 1 
0 1 0 0 1 0 0 0 1 1 0 0 1 1 1 0 0 1 1 1 
1 1 0 0 1 1 0 0 1 0 0 1 1 1 0 1 0 0 1 0 
0 1 1 1 0 0 1 1 0 0 0 0 1 1 0 1 1 0 1 0 
Best sequence:
0 2 3 7 11 15 16 0 0 0 0 0 0 0 0 0 0 0 0 0 
0 0 1 1 1 0 1 0 0 0 0 0 0 0 0 0 0 0 0 0 
0 1 1 0 1 1 1 0 0 0 0 0 0 0 0 0 0 0 0 0 
0 1 1 1 1 0 0 0 0 0 0 0 0 0 0 0 0 0 0 0 
0 1 1 0 1 1 0 0 0 0 0 0 0 0 0 0 0 0 0 0 
0 0 0 0 0 0 0 0 0 0 0 0 0 0 0 0 0 0 0 0 
1 0 0 0 1 0 0 1 1 1 1 1 1 1 1 1 1 1 1 1 
0 0 1 0 1 0 0 0 0 0 0 0 0 0 0 0 0 0 0 0 
0 0 0 0 0 0 0 0 0 0 0 0 0 0 0 0 0 0 0 0 
1 0 0 0 1 1 0 1 1 1 1 1 1 1 1 1 1 1 1 1 
0 1 1 1 0 1 1 0 0 0 0 0 0 0 0 0 0 0 0 0 
OpenStacks: 8
Took 2.99 seconds

buffer: Warwick 225: balanced products, 10 products per order
numCustomers: 10
numProducts: 20
1 0 1 0 1 0 1 0 0 0 1 0 1 1 0 0 1 0 1 1 
0 0 1 0 1 1 0 1 0 0 1 1 0 0 0 1 1 1 0 1 
1 1 0 0 1 1 1 0 1 0 1 0 1 1 0 0 1 0 0 0 
0 1 1 1 0 0 1 1 1 1 0 0 0 1 1 0 1 0 0 0 
1 0 1 1 1 0 0 0 1 0 1 1 0 1 0 0 1 0 1 0 
0 1 0 0 1 0 1 0 1 1 1 0 0 1 0 1 0 1 0 1 
0 1 1 0 0 1 0 1 1 0 1 1 0 0 1 1 1 0 0 0 
0 1 1 0 1 0 0 1 1 0 1 1 0 0 0 0 1 1 0 1 
1 1 1 1 0 0 0 1 0 1 0 1 0 1 0 0 0 0 1 1 
1 1 1 0 1 1 0 1 0 0 0 0 0 0 0 1 1 1 1 0 
Best sequence:
0 3 6 9 12 13 18 0 0 0 0 0 0 0 0 0 0 0 0 0 
1 0 1 0 1 1 1 1 1 1 1 1 1 1 1 1 1 1 1 1 
0 0 0 0 0 0 0 0 0 0 0 0 0 0 0 0 0 0 0 0 
1 0 1 0 1 1 0 1 1 1 1 1 1 1 1 1 1 1 1 1 
0 1 1 1 0 1 0 0 0 0 0 0 0 0 0 0 0 0 0 0 
1 1 0 0 0 1 1 1 1 1 1 1 1 1 1 1 1 1 1 1 
0 0 1 1 0 1 0 0 0 0 0 0 0 0 0 0 0 0 0 0 
0 0 0 0 0 0 0 0 0 0 0 0 0 0 0 0 0 0 0 0 
0 0 0 0 0 0 0 0 0 0 0 0 0 0 0 0 0 0 0 0 
1 1 0 1 0 1 1 1 1 1 1 1 1 1 1 1 1 1 1 1 
1 0 0 0 0 0 1 1 1 1 1 1 1 1 1 1 1 1 1 1 
OpenStacks: 7
Took 3 seconds

buffer: Warwick 226: balanced products, 10 products per order
numCustomers: 10
numProducts: 20
0 1 0 0 1 0 0 1 1 0 1 1 1 1 1 1 0 0 0 0 
1 1 1 1 0 1 1 0 0 0 1 1 0 1 1 0 0 0 0 0 
1 0 0 0 1 1 0 1 0 1 0 1 1 1 1 1 0 0 0 0 
1 0 1 0 0 1 0 0 0 1 1 1 1 1 0 0 1 0 0 1 
0 0 0 1 0 0 1 1 0 1 1 0 0 1 0 0 1 1 1 1 
1 0 0 0 0 1 1 1 0 1 1 0 0 0 1 1 0 0 1 1 
1 1 0 0 1 1 1 0 1 0 0 0 1 0 1 1 0 0 1 0 
0 0 0 1 0 1 0 1 0 0 1 0 1 1 1 1 0 1 1 0 
0 1 0 1 0 0 1 0 0 0 0 1 1 1 0 0 1 1 1 1 
1 0 0 1 1 0 0 0 0 1 0 1 1 1 1 1 1 0 0 0 
Best sequence:
0 2 4 5 8 14 15 0 0 0 0 0 0 0 0 0 0 0 0 0 
0 0 1 0 1 1 1 0 0 0 0 0 0 0 0 0 0 0 0 0 
1 1 0 1 0 1 0 1 1 1 1 1 1 1 1 1 1 1 1 1 
1 0 1 1 0 1 1 1 1 1 1 1 1 1 1 1 1 1 1 1 
1 1 0 1 0 0 0 1 1 1 1 1 1 1 1 1 1 1 1 1 
0 0 0 0 0 0 0 0 0 0 0 0 0 0 0 0 0 0 0 0 
1 0 0 1 0 1 1 1 1 1 1 1 1 1 1 1 1 1 1 1 
1 0 1 1 1 1 1 1 1 1 1 1 1 1 1 1 1 1 1 1 
0 0 0 1 0 1 1 0 0 0 0 0 0 0 0 0 0 0 0 0 
0 0 0 0 0 0 0 0 0 0 0 0 0 0 0 0 0 0 0 0 
1 0 1 0 0 1 1 1 1 1 1 1 1 1 1 1 1 1 1 1 
OpenStacks: 8
Took 3 seconds

buffer: Warwick 227: balanced products, 10 products per order
numCustomers: 10
numProducts: 20
0 0 1 1 0 0 1 1 1 1 1 0 1 1 0 0 0 0 1 0 
0 0 1 0 1 0 0 1 0 0 0 0 1 1 1 0 1 1 1 1 
0 0 0 0 0 0 1 1 1 1 1 0 1 1 1 1 0 1 0 0 
0 1 1 1 0 0 0 0 0 1 0 1 0 0 1 0 1 1 1 1 
0 0 0 1 0 1 0 0 0 1 1 1 0 0 1 1 1 1 0 1 
1 0 1 1 1 1 1 0 0 1 0 0 0 1 0 0 0 1 1 0 
0 1 1 1 0 0 1 0 0 1 0 1 1 1 0 0 0 1 1 0 
0 0 1 1 1 1 1 0 0 1 0 0 1 1 0 0 0 1 0 1 
0 0 0 0 1 0 1 0 0 1 0 1 1 1 1 0 1 1 0 1 
1 0 1 1 0 1 1 0 0 1 0 1 0 0 1 1 0 0 1 0 
Best sequence:
0 1 3 5 8 10 15 0 0 0 0 0 0 0 0 0 0 0 0 0 
0 0 1 0 1 1 0 0 0 0 0 0 0 0 0 0 0 0 0 0 
0 0 0 0 0 0 0 0 0 0 0 0 0 0 0 0 0 0 0 0 
0 0 0 0 1 1 1 0 0 0 0 0 0 0 0 0 0 0 0 0 
0 1 1 0 0 0 0 0 0 0 0 0 0 0 0 0 0 0 0 0 
0 0 1 1 0 1 1 0 0 0 0 0 0 0 0 0 0 0 0 0 
1 0 1 1 0 0 0 1 1 1 1 1 1 1 1 1 1 1 1 1 
0 1 1 0 0 0 0 0 0 0 0 0 0 0 0 0 0 0 0 0 
0 0 1 1 0 0 0 0 0 0 0 0 0 0 0 0 0 0 0 0 
0 0 0 0 0 0 0 0 0 0 0 0 0 0 0 0 0 0 0 0 
1 0 1 1 0 0 1 1 1 1 1 1 1 1 1 1 1 1 1 1 
OpenStacks: 8
Took 2.99 seconds

buffer: Warwick 228: balanced products, 10 products per order
numCustomers: 10
numProducts: 20
1 0 0 0 0 1 0 0 1 0 1 1 1 1 0 1 1 0 0 1 
1 0 0 1 0 0 1 1 0 1 0 1 1 1 1 0 0 0 1 0 
0 0 0 1 0 1 1 1 1 1 0 1 0 1 0 1 0 0 1 0 
1 0 0 1 1 0 0 0 0 0 1 1 1 1 1 0 0 0 1 1 
0 0 0 0 0 1 0 0 1 1 1 1 1 1 1 0 0 1 0 1 
0 0 0 0 1 1 1 0 0 0 1 1 0 0 1 0 1 1 1 1 
1 0 1 0 0 1 0 0 0 1 1 1 1 0 0 1 0 1 1 0 
1 1 0 0 1 0 1 1 0 0 1 1 0 0 1 0 1 0 1 0 
0 1 0 0 1 0 1 0 0 1 0 1 0 0 0 1 1 1 1 1 
1 0 0 1 0 1 0 0 0 0 0 0 1 0 1 1 1 1 1 1 
Best sequence:
0 2 3 7 8 12 13 0 0 0 0 0 0 0 0 0 0 0 0 0 
1 0 0 0 1 1 1 1 1 1 1 1 1 1 1 1 1 1 1 1 
1 0 1 1 0 1 1 1 1 1 1 1 1 1 1 1 1 1 1 1 
0 0 1 1 1 0 1 0 0 0 0 0 0 0 0 0 0 0 0 0 
1 0 1 0 0 1 1 1 1 1 1 1 1 1 1 1 1 1 1 1 
0 0 0 0 1 1 1 0 0 0 0 0 0 0 0 0 0 0 0 0 
0 0 0 0 0 0 0 0 0 0 0 0 0 0 0 0 0 0 0 0 
1 1 0 0 0 1 0 1 1 1 1 1 1 1 1 1 1 1 1 1 
1 0 0 1 0 0 0 1 1 1 1 1 1 1 1 1 1 1 1 1 
0 0 0 0 0 0 0 0 0 0 0 0 0 0 0 0 0 0 0 0 
1 0 1 0 0 1 0 1 1 1 1 1 1 1 1 1 1 1 1 1 
OpenStacks: 8
Took 2.99 seconds

buffer: Warwick 229: balanced products, 10 products per order
numCustomers: 10
numProducts: 20
0 0 1 0 1 1 0 1 0 1 1 1 1 0 1 0 1 0 0 0 
0 0 1 0 1 0 0 0 1 1 1 1 0 1 1 1 0 0 0 1 
1 0 0 0 0 0 1 0 0 1 0 1 1 1 1 1 1 0 1 0 
1 1 0 0 0 1 1 1 1 0 0 0 0 1 0 1 0 1 1 0 
0 0 0 0 1 0 1 1 0 1 0 1 1 1 1 0 0 1 1 0 
0 0 0 1 0 1 0 0 0 0 0 1 1 1 1 1 1 1 0 1 
1 1 1 0 0 1 0 0 1 0 0 0 0 1 0 1 1 1 1 0 
0 0 1 0 1 1 1 1 0 1 1 1 0 0 0 1 0 0 1 0 
1 0 0 0 0 1 1 1 1 0 1 0 1 1 0 0 0 0 1 1 
1 0 0 1 1 1 0 0 0 0 0 1 0 0 1 1 1 0 1 1 
Best sequence:
0 1 3 8 13 17 19 0 0 0 0 0 0 0 0 0 0 0 0 0 
0 0 0 0 0 0 0 0 0 0 0 0 0 0 0 0 0 0 0 0 
0 0 0 1 1 0 1 0 0 0 0 0 0 0 0 0 0 0 0 0 
1 0 0 0 1 0 0 1 1 1 1 1 1 1 1 1 1 1 1 1 
1 1 0 1 1 1 0 1 1 1 1 1 1 1 1 1 1 1 1 1 
0 0 0 0 1 1 0 0 0 0 0 0 0 0 0 0 0 0 0 0 
0 0 1 0 1 1 1 0 0 0 0 0 0 0 0 0 0 0 0 0 
1 1 0 1 1 1 0 1 1 1 1 1 1 1 1 1 1 1 1 1 
0 0 0 0 0 0 0 0 0 0 0 0 0 0 0 0 0 0 0 0 
1 0 0 1 1 0 1 1 1 1 1 1 1 1 1 1 1 1 1 1 
1 0 1 0 0 0 1 1 1 1 1 1 1 1 1 1 1 1 1 1 
OpenStacks: 8
Took 3 seconds

buffer: Warwick 230: balanced products, 10 products per order
numCustomers: 10
numProducts: 20
1 1 0 1 0 0 0 0 1 1 1 1 1 1 1 0 0 0 0 0 
1 1 1 0 0 1 1 1 0 1 1 1 0 1 0 0 0 0 0 0 
1 0 1 1 1 1 0 0 1 0 0 1 1 0 1 0 0 1 0 0 
0 1 1 0 0 0 0 1 0 1 0 1 0 1 1 0 1 1 0 1 
0 1 0 0 1 0 0 0 1 1 0 0 0 1 1 1 1 1 0 1 
1 0 0 0 1 0 1 1 0 1 0 0 0 1 1 0 1 1 0 1 
0 1 1 0 0 1 1 0 1 1 1 1 0 1 0 1 0 0 0 0 
0 1 0 0 0 1 0 1 1 1 0 1 0 1 0 0 1 0 1 1 
1 1 1 0 1 1 1 1 0 0 1 0 0 0 1 0 0 0 0 1 
1 1 1 0 1 0 1 1 0 1 1 0 0 0 0 1 1 0 0 0 
Best sequence:
0 3 4 6 10 12 15 0 0 0 0 0 0 0 0 0 0 0 0 0 
1 1 0 0 1 1 0 1 1 1 1 1 1 1 1 1 1 1 1 1 
1 0 0 1 1 0 0 1 1 1 1 1 1 1 1 1 1 1 1 1 
1 1 1 0 0 1 0 1 1 1 1 1 1 1 1 1 1 1 1 1 
0 0 0 0 0 0 0 0 0 0 0 0 0 0 0 0 0 0 0 0 
0 0 1 0 0 0 1 0 0 0 0 0 0 0 0 0 0 0 0 0 
1 0 1 1 0 0 0 1 1 1 1 1 1 1 1 1 1 1 1 1 
0 0 0 1 1 0 1 0 0 0 0 0 0 0 0 0 0 0 0 0 
0 0 0 0 0 0 0 0 0 0 0 0 0 0 0 0 0 0 0 0 
1 0 1 1 1 0 0 1 1 1 1 1 1 1 1 1 1 1 1 1 
1 0 1 1 1 0 1 1 1 1 1 1 1 1 1 1 1 1 1 1 
OpenStacks: 8
Took 2.99 seconds

Solved: 70 instances
totalTime: 210.49 seconds
minTime: 2.98 seconds
maxTime: 3.91 seconds
Average: 3.007 seconds
