Solving by Dynamic Programming...
buffer: Warwick 941: balanced products, 2 products per order
numCustomers: 20
numProducts: 10
0 1 1 0 0 0 0 0 0 0 
0 1 0 0 0 1 0 0 0 0 
0 1 1 0 0 0 0 0 0 0 
1 0 0 0 0 0 0 0 0 1 
1 1 0 0 0 0 0 0 0 0 
1 0 0 0 0 1 0 0 0 0 
0 0 0 0 0 1 0 1 0 0 
1 0 0 0 0 0 0 0 1 0 
0 1 0 0 1 0 0 0 0 0 
0 1 1 0 0 0 0 0 0 0 
0 0 0 0 0 0 1 1 0 0 
0 1 1 0 0 0 0 0 0 0 
1 0 0 0 0 0 0 0 1 0 
1 0 0 0 0 0 0 0 0 1 
0 0 0 0 0 0 0 0 1 1 
0 1 0 1 0 0 0 0 0 0 
0 0 0 0 1 1 0 0 0 0 
0 0 0 0 1 0 1 0 0 0 
0 0 0 0 0 0 1 1 0 0 
1 0 0 0 0 1 0 0 0 0 
Best sequence:
0 8 3 9 5 4 6 7 1 2 
0 0 0 0 0 0 0 0 1 1 
0 0 0 0 1 0 0 0 1 0 
0 0 0 0 0 0 0 0 1 1 
1 0 0 1 0 0 0 0 0 0 
1 0 0 0 0 0 0 0 1 0 
1 0 0 0 1 0 0 0 0 0 
0 0 0 0 1 0 0 1 0 0 
1 1 0 0 0 0 0 0 0 0 
0 0 0 0 0 1 0 0 1 0 
0 0 0 0 0 0 0 0 1 1 
0 0 0 0 0 0 1 1 0 0 
0 0 0 0 0 0 0 0 1 1 
1 1 0 0 0 0 0 0 0 0 
1 0 0 1 0 0 0 0 0 0 
0 1 0 1 0 0 0 0 0 0 
0 0 1 0 0 0 0 0 1 0 
0 0 0 0 1 1 0 0 0 0 
0 0 0 0 0 1 1 0 0 0 
0 0 0 0 0 0 1 1 0 0 
1 0 0 0 1 0 0 0 0 0 
OpenStacks: 8
Took 0.8 seconds

buffer: Warwick 942: balanced products, 2 products per order
numCustomers: 20
numProducts: 10
0 0 0 0 1 1 0 0 0 0 
0 0 0 0 0 0 1 0 1 0 
0 0 0 1 0 1 0 0 0 0 
0 0 0 0 0 0 0 1 0 1 
0 0 1 1 0 0 0 0 0 0 
0 1 1 0 0 0 0 0 0 0 
1 0 0 0 0 0 0 1 0 0 
0 0 0 0 0 0 1 0 1 0 
0 0 0 0 0 0 0 0 1 1 
0 0 0 0 0 1 0 0 1 0 
0 0 1 0 0 0 0 0 0 1 
0 0 0 1 0 1 0 0 0 0 
0 1 0 0 0 0 0 0 1 0 
0 1 0 0 0 0 0 0 0 1 
0 0 0 0 1 1 0 0 0 0 
0 0 1 0 0 0 0 1 0 0 
0 0 0 0 1 0 0 0 1 0 
0 1 0 0 0 0 0 0 0 1 
0 0 0 0 0 1 0 0 0 1 
0 1 0 0 0 0 0 0 0 1 
Best sequence:
0 1 2 7 9 3 5 4 6 8 
0 0 0 0 0 0 1 1 0 0 
0 0 0 0 0 0 0 0 1 1 
0 0 0 0 0 1 1 0 0 0 
0 0 0 1 1 0 0 0 0 0 
0 0 1 0 0 1 0 0 0 0 
0 1 1 0 0 0 0 0 0 0 
1 0 0 1 0 0 0 0 0 0 
0 0 0 0 0 0 0 0 1 1 
0 0 0 0 1 0 0 0 0 1 
0 0 0 0 0 0 1 0 0 1 
0 0 1 0 1 0 0 0 0 0 
0 0 0 0 0 1 1 0 0 0 
0 1 0 0 0 0 0 0 0 1 
0 1 0 0 1 0 0 0 0 0 
0 0 0 0 0 0 1 1 0 0 
0 0 1 1 0 0 0 0 0 0 
0 0 0 0 0 0 0 1 0 1 
0 1 0 0 1 0 0 0 0 0 
0 0 0 0 1 0 1 0 0 0 
0 1 0 0 1 0 0 0 0 0 
OpenStacks: 9
Took 0.03 seconds

buffer: Warwick 943: balanced products, 2 products per order
numCustomers: 20
numProducts: 10
0 0 0 0 0 1 0 0 0 1 
0 0 0 0 0 1 0 0 0 1 
0 0 1 0 0 0 0 0 0 1 
0 0 1 0 0 0 0 1 0 0 
1 0 0 0 0 0 0 0 1 0 
0 0 0 0 0 0 0 1 0 1 
0 0 0 0 0 0 1 0 0 1 
0 0 0 1 0 0 1 0 0 0 
0 0 0 1 0 1 0 0 0 0 
1 0 0 0 0 0 1 0 0 0 
0 1 0 0 0 0 0 0 1 0 
0 1 1 0 0 0 0 0 0 0 
1 0 0 1 0 0 0 0 0 0 
0 0 0 1 0 1 0 0 0 0 
0 0 0 0 1 0 0 0 1 0 
0 1 0 0 0 1 0 0 0 0 
0 0 0 1 0 0 1 0 0 0 
0 0 0 1 0 0 0 0 0 1 
0 0 0 0 0 0 0 1 1 0 
0 1 0 0 0 0 1 0 0 0 
Best sequence:
0 3 6 4 8 1 2 7 5 9 
0 0 0 0 0 0 0 0 1 1 
0 0 0 0 0 0 0 0 1 1 
0 0 0 0 0 0 1 0 0 1 
0 0 0 0 0 0 1 1 0 0 
1 0 0 0 1 0 0 0 0 0 
0 0 0 0 0 0 0 1 0 1 
0 0 1 0 0 0 0 0 0 1 
0 1 1 0 0 0 0 0 0 0 
0 1 0 0 0 0 0 0 1 0 
1 0 1 0 0 0 0 0 0 0 
0 0 0 0 1 1 0 0 0 0 
0 0 0 0 0 1 1 0 0 0 
1 1 0 0 0 0 0 0 0 0 
0 1 0 0 0 0 0 0 1 0 
0 0 0 1 1 0 0 0 0 0 
0 0 0 0 0 1 0 0 1 0 
0 1 1 0 0 0 0 0 0 0 
0 1 0 0 0 0 0 0 0 1 
0 0 0 0 1 0 0 1 0 0 
0 0 1 0 0 1 0 0 0 0 
OpenStacks: 9
Took 0.03 seconds

buffer: Warwick 944: balanced products, 2 products per order
numCustomers: 20
numProducts: 10
1 0 1 0 0 0 0 0 0 0 
0 0 0 1 0 1 0 0 0 0 
1 0 0 0 1 0 0 0 0 0 
0 0 1 0 0 1 0 0 0 0 
0 0 1 0 0 0 0 0 1 0 
1 0 0 0 1 0 0 0 0 0 
1 0 0 0 0 0 0 0 0 1 
0 0 0 0 0 1 1 0 0 0 
0 0 0 1 0 0 0 1 0 0 
1 0 0 0 0 1 0 0 0 0 
1 0 0 0 0 0 1 0 0 0 
0 1 0 0 0 0 1 0 0 0 
0 1 0 0 0 0 0 0 1 0 
0 0 0 0 1 0 1 0 0 0 
1 0 0 0 0 0 0 0 1 0 
0 0 0 1 1 0 0 0 0 0 
0 0 1 0 0 0 1 0 0 0 
0 0 0 0 1 0 1 0 0 0 
0 1 0 0 0 1 0 0 0 0 
0 1 0 0 0 0 0 0 1 0 
Best sequence:
0 2 9 8 1 5 3 7 4 6 
1 1 0 0 0 0 0 0 0 0 
0 0 0 0 0 1 1 0 0 0 
1 0 0 0 0 0 0 0 1 0 
0 1 0 0 0 1 0 0 0 0 
0 1 0 1 0 0 0 0 0 0 
1 0 0 0 0 0 0 0 1 0 
1 0 1 0 0 0 0 0 0 0 
0 0 0 0 0 1 0 0 0 1 
0 0 0 0 0 0 1 1 0 0 
1 0 0 0 0 1 0 0 0 0 
1 0 0 0 0 0 0 0 0 1 
0 0 0 0 1 0 0 0 0 1 
0 0 0 1 1 0 0 0 0 0 
0 0 0 0 0 0 0 0 1 1 
1 0 0 1 0 0 0 0 0 0 
0 0 0 0 0 0 1 0 1 0 
0 1 0 0 0 0 0 0 0 1 
0 0 0 0 0 0 0 0 1 1 
0 0 0 0 1 1 0 0 0 0 
0 0 0 1 1 0 0 0 0 0 
OpenStacks: 10
Took 0.04 seconds

buffer: Warwick 945: balanced products, 2 products per order
numCustomers: 20
numProducts: 10
1 0 0 0 0 0 1 0 0 0 
1 0 0 0 0 0 0 1 0 0 
0 0 0 0 0 0 0 1 0 1 
0 0 0 0 0 1 0 0 0 1 
0 1 0 0 0 1 0 0 0 0 
0 1 0 0 0 0 1 0 0 0 
0 1 0 0 1 0 0 0 0 0 
0 1 0 0 1 0 0 0 0 0 
0 0 1 0 0 0 0 0 1 0 
0 0 0 0 1 0 0 1 0 0 
1 0 0 0 0 0 0 1 0 0 
1 0 1 0 0 0 0 0 0 0 
1 0 0 0 0 0 1 0 0 0 
0 0 0 0 0 1 0 0 1 0 
0 0 0 0 0 1 1 0 0 0 
0 0 0 1 1 0 0 0 0 0 
0 0 0 0 1 0 0 0 0 1 
0 0 0 0 1 0 0 1 0 0 
0 0 0 0 0 1 0 1 0 0 
0 1 0 0 0 0 0 0 0 1 
Best sequence:
0 2 6 5 8 1 9 7 3 4 
1 0 1 0 0 0 0 0 0 0 
1 0 0 0 0 0 0 1 0 0 
0 0 0 0 0 0 1 1 0 0 
0 0 0 1 0 0 1 0 0 0 
0 0 0 1 0 1 0 0 0 0 
0 0 1 0 0 1 0 0 0 0 
0 0 0 0 0 1 0 0 0 1 
0 0 0 0 0 1 0 0 0 1 
0 1 0 0 1 0 0 0 0 0 
0 0 0 0 0 0 0 1 0 1 
1 0 0 0 0 0 0 1 0 0 
1 1 0 0 0 0 0 0 0 0 
1 0 1 0 0 0 0 0 0 0 
0 0 0 1 1 0 0 0 0 0 
0 0 1 1 0 0 0 0 0 0 
0 0 0 0 0 0 0 0 1 1 
0 0 0 0 0 0 1 0 0 1 
0 0 0 0 0 0 0 1 0 1 
0 0 0 1 0 0 0 1 0 0 
0 0 0 0 0 1 1 0 0 0 
OpenStacks: 9
Took 0.02 seconds

buffer: Warwick 946: balanced products, 2 products per order
numCustomers: 20
numProducts: 10
0 0 0 0 0 1 0 1 0 0 
0 1 0 0 0 1 0 0 0 0 
0 1 0 0 0 0 0 1 0 0 
0 0 0 1 0 0 1 0 0 0 
0 1 0 0 0 1 0 0 0 0 
0 0 0 0 0 1 0 1 0 0 
0 0 0 0 0 0 1 0 0 1 
0 0 0 0 0 0 0 1 0 1 
0 0 1 0 0 0 0 1 0 0 
0 1 0 0 0 0 0 1 0 0 
0 0 0 0 0 1 1 0 0 0 
0 0 0 0 0 1 0 0 1 0 
1 0 0 0 0 0 0 0 1 0 
1 0 0 0 0 1 0 0 0 0 
0 0 0 1 0 0 0 0 1 0 
0 0 0 0 0 0 1 0 0 1 
0 0 0 1 0 0 1 0 0 0 
0 1 0 0 1 0 0 0 0 0 
0 1 0 0 0 0 0 0 1 0 
0 1 0 0 0 0 0 0 0 1 
Best sequence:
0 3 6 8 5 2 9 7 1 4 
0 0 0 0 1 0 0 1 0 0 
0 0 0 0 1 0 0 0 1 0 
0 0 0 0 0 0 0 1 1 0 
0 1 1 0 0 0 0 0 0 0 
0 0 0 0 1 0 0 0 1 0 
0 0 0 0 1 0 0 1 0 0 
0 0 1 0 0 0 1 0 0 0 
0 0 0 0 0 0 1 1 0 0 
0 0 0 0 0 1 0 1 0 0 
0 0 0 0 0 0 0 1 1 0 
0 0 1 0 1 0 0 0 0 0 
0 0 0 1 1 0 0 0 0 0 
1 0 0 1 0 0 0 0 0 0 
1 0 0 0 1 0 0 0 0 0 
0 1 0 1 0 0 0 0 0 0 
0 0 1 0 0 0 1 0 0 0 
0 1 1 0 0 0 0 0 0 0 
0 0 0 0 0 0 0 0 1 1 
0 0 0 1 0 0 0 0 1 0 
0 0 0 0 0 0 1 0 1 0 
OpenStacks: 10
Took 0.04 seconds

buffer: Warwick 947: balanced products, 2 products per order
numCustomers: 20
numProducts: 10
0 0 1 1 0 0 0 0 0 0 
0 0 0 1 1 0 0 0 0 0 
0 0 1 0 0 1 0 0 0 0 
0 0 1 0 0 0 1 0 0 0 
0 0 1 0 0 1 0 0 0 0 
0 0 0 0 0 1 0 0 0 1 
0 0 0 0 0 0 0 0 1 1 
0 1 0 0 0 0 0 1 0 0 
0 0 1 0 0 1 0 0 0 0 
0 1 0 0 1 0 0 0 0 0 
0 1 0 0 0 0 0 1 0 0 
1 0 0 0 0 0 0 1 0 0 
0 1 0 0 1 0 0 0 0 0 
0 0 0 0 0 1 1 0 0 0 
1 0 0 0 1 0 0 0 0 0 
0 0 0 0 0 0 1 0 0 1 
0 0 0 0 0 0 0 0 1 1 
0 0 0 0 1 1 0 0 0 0 
0 1 1 0 0 0 0 0 0 0 
0 1 0 0 0 0 1 0 0 0 
Best sequence:
0 1 7 3 4 2 5 6 8 9 
0 0 0 1 0 1 0 0 0 0 
0 0 0 1 1 0 0 0 0 0 
0 0 0 0 0 1 1 0 0 0 
0 0 0 0 0 1 0 1 0 0 
0 0 0 0 0 1 1 0 0 0 
0 0 0 0 0 0 1 0 0 1 
0 0 0 0 0 0 0 0 1 1 
0 1 1 0 0 0 0 0 0 0 
0 0 0 0 0 1 1 0 0 0 
0 1 0 0 1 0 0 0 0 0 
0 1 1 0 0 0 0 0 0 0 
1 0 1 0 0 0 0 0 0 0 
0 1 0 0 1 0 0 0 0 0 
0 0 0 0 0 0 1 1 0 0 
1 0 0 0 1 0 0 0 0 0 
0 0 0 0 0 0 0 1 0 1 
0 0 0 0 0 0 0 0 1 1 
0 0 0 0 1 0 1 0 0 0 
0 1 0 0 0 1 0 0 0 0 
0 1 0 0 0 0 0 1 0 0 
OpenStacks: 8
Took 0.03 seconds

buffer: Warwick 948: balanced products, 2 products per order
numCustomers: 20
numProducts: 10
1 0 0 0 0 0 1 0 0 0 
1 0 0 0 0 0 0 0 1 0 
0 1 0 0 0 0 0 0 0 1 
0 0 0 1 0 1 0 0 0 0 
1 1 0 0 0 0 0 0 0 0 
0 0 1 0 0 0 1 0 0 0 
0 0 0 0 0 0 1 0 1 0 
0 1 0 0 0 1 0 0 0 0 
0 0 1 0 1 0 0 0 0 0 
0 0 0 0 1 0 0 1 0 0 
0 1 0 1 0 0 0 0 0 0 
0 1 0 0 0 1 0 0 0 0 
0 0 1 0 0 0 0 1 0 0 
0 0 0 0 0 0 0 1 0 1 
0 0 0 0 1 0 0 1 0 0 
0 1 0 0 0 0 1 0 0 0 
0 0 0 1 0 0 0 1 0 0 
0 1 0 0 0 0 0 0 0 1 
1 0 0 0 0 0 0 1 0 0 
0 0 1 0 0 0 0 0 1 0 
Best sequence:
0 6 8 2 4 7 3 5 1 9 
1 1 0 0 0 0 0 0 0 0 
1 0 1 0 0 0 0 0 0 0 
0 0 0 0 0 0 0 0 1 1 
0 0 0 0 0 0 1 1 0 0 
1 0 0 0 0 0 0 0 1 0 
0 1 0 1 0 0 0 0 0 0 
0 1 1 0 0 0 0 0 0 0 
0 0 0 0 0 0 0 1 1 0 
0 0 0 1 1 0 0 0 0 0 
0 0 0 0 1 1 0 0 0 0 
0 0 0 0 0 0 1 0 1 0 
0 0 0 0 0 0 0 1 1 0 
0 0 0 1 0 1 0 0 0 0 
0 0 0 0 0 1 0 0 0 1 
0 0 0 0 1 1 0 0 0 0 
0 1 0 0 0 0 0 0 1 0 
0 0 0 0 0 1 1 0 0 0 
0 0 0 0 0 0 0 0 1 1 
1 0 0 0 0 1 0 0 0 0 
0 0 1 1 0 0 0 0 0 0 
OpenStacks: 8
Took 0.03 seconds

buffer: Warwick 949: balanced products, 2 products per order
numCustomers: 20
numProducts: 10
0 0 0 0 1 1 0 0 0 0 
0 1 0 0 1 0 0 0 0 0 
0 0 0 0 1 1 0 0 0 0 
1 0 0 0 1 0 0 0 0 0 
0 0 1 0 0 0 0 1 0 0 
1 0 0 0 1 0 0 0 0 0 
1 0 0 0 0 0 0 0 1 0 
0 1 0 0 1 0 0 0 0 0 
0 0 1 0 0 0 1 0 0 0 
0 0 1 0 0 0 1 0 0 0 
0 0 0 0 0 0 1 0 1 0 
1 0 0 1 0 0 0 0 0 0 
0 0 1 0 0 0 0 0 0 1 
0 0 0 0 1 0 0 0 1 0 
0 1 0 0 0 0 0 0 0 1 
1 0 0 0 0 0 1 0 0 0 
0 1 1 0 0 0 0 0 0 0 
0 0 0 0 0 1 0 1 0 0 
1 0 0 0 1 0 0 0 0 0 
0 1 0 0 0 0 0 0 1 0 
Best sequence:
0 3 4 5 7 8 1 6 2 9 
0 0 1 1 0 0 0 0 0 0 
0 0 1 0 0 0 1 0 0 0 
0 0 1 1 0 0 0 0 0 0 
1 0 1 0 0 0 0 0 0 0 
0 0 0 0 1 0 0 0 1 0 
1 0 1 0 0 0 0 0 0 0 
1 0 0 0 0 1 0 0 0 0 
0 0 1 0 0 0 1 0 0 0 
0 0 0 0 0 0 0 1 1 0 
0 0 0 0 0 0 0 1 1 0 
0 0 0 0 0 1 0 1 0 0 
1 1 0 0 0 0 0 0 0 0 
0 0 0 0 0 0 0 0 1 1 
0 0 1 0 0 1 0 0 0 0 
0 0 0 0 0 0 1 0 0 1 
1 0 0 0 0 0 0 1 0 0 
0 0 0 0 0 0 1 0 1 0 
0 0 0 1 1 0 0 0 0 0 
1 0 1 0 0 0 0 0 0 0 
0 0 0 0 0 1 1 0 0 0 
OpenStacks: 10
Took 0.04 seconds

buffer: Warwick 950: balanced products, 2 products per order
numCustomers: 20
numProducts: 10
1 0 0 0 0 0 0 1 0 0 
1 0 0 0 1 0 0 0 0 0 
0 0 0 1 0 0 0 0 1 0 
0 1 1 0 0 0 0 0 0 0 
0 1 0 1 0 0 0 0 0 0 
0 1 0 0 0 0 1 0 0 0 
0 0 0 0 1 0 0 0 0 1 
1 0 0 0 0 0 0 0 0 1 
0 0 1 0 0 0 1 0 0 0 
1 0 0 0 1 0 0 0 0 0 
1 0 0 0 0 1 0 0 0 0 
0 0 1 0 0 0 0 0 0 1 
0 0 0 0 0 1 1 0 0 0 
1 0 0 0 0 0 0 0 1 0 
1 0 1 0 0 0 0 0 0 0 
0 1 0 0 1 0 0 0 0 0 
0 0 0 0 0 1 0 1 0 0 
0 0 1 0 0 0 0 0 0 1 
0 0 0 1 0 0 0 1 0 0 
0 0 1 0 1 0 0 0 0 0 
Best sequence:
0 5 7 3 8 1 6 4 2 9 
1 0 1 0 0 0 0 0 0 0 
1 0 0 0 0 0 0 1 0 0 
0 0 0 1 1 0 0 0 0 0 
0 0 0 0 0 1 0 0 1 0 
0 0 0 1 0 1 0 0 0 0 
0 0 0 0 0 1 1 0 0 0 
0 0 0 0 0 0 0 1 0 1 
1 0 0 0 0 0 0 0 0 1 
0 0 0 0 0 0 1 0 1 0 
1 0 0 0 0 0 0 1 0 0 
1 1 0 0 0 0 0 0 0 0 
0 0 0 0 0 0 0 0 1 1 
0 1 0 0 0 0 1 0 0 0 
1 0 0 0 1 0 0 0 0 0 
1 0 0 0 0 0 0 0 1 0 
0 0 0 0 0 1 0 1 0 0 
0 1 1 0 0 0 0 0 0 0 
0 0 0 0 0 0 0 0 1 1 
0 0 1 1 0 0 0 0 0 0 
0 0 0 0 0 0 0 1 1 0 
OpenStacks: 9
Took 0.03 seconds

buffer: Warwick 951: balanced products, 3 products per order
numCustomers: 20
numProducts: 10
1 0 0 1 0 1 0 0 0 0 
0 0 0 0 0 1 0 1 0 1 
0 1 1 1 0 0 0 0 0 0 
1 0 0 1 0 0 0 0 0 1 
0 0 1 0 0 1 0 0 1 0 
0 1 0 0 1 0 0 1 0 0 
0 1 0 0 0 0 0 0 1 1 
0 0 1 0 0 1 0 0 0 1 
1 0 1 1 0 0 0 0 0 0 
1 1 1 0 0 0 0 0 0 0 
1 0 0 0 1 1 0 0 0 0 
0 0 0 0 0 0 1 1 1 0 
0 0 0 0 1 1 0 0 1 0 
0 1 0 1 0 0 1 0 0 0 
1 0 1 0 0 0 1 0 0 0 
0 0 0 0 1 0 0 1 0 1 
0 0 0 1 0 0 1 1 0 0 
0 0 0 1 0 1 0 0 1 0 
0 1 0 0 1 0 0 1 0 0 
0 1 0 0 0 0 0 0 1 1 
Best sequence:
0 2 3 5 6 8 9 1 4 7 
1 0 1 1 0 0 0 0 0 0 
0 0 0 1 0 0 1 0 0 1 
0 1 1 0 0 0 0 1 0 0 
1 0 1 0 0 0 1 0 0 0 
0 1 0 1 0 1 0 0 0 0 
0 0 0 0 0 0 0 1 1 1 
0 0 0 0 0 1 1 1 0 0 
0 1 0 1 0 0 1 0 0 0 
1 1 1 0 0 0 0 0 0 0 
1 1 0 0 0 0 0 1 0 0 
1 0 0 1 0 0 0 0 1 0 
0 0 0 0 1 1 0 0 0 1 
0 0 0 1 0 1 0 0 1 0 
0 0 1 0 1 0 0 1 0 0 
1 1 0 0 1 0 0 0 0 0 
0 0 0 0 0 0 1 0 1 1 
0 0 1 0 1 0 0 0 0 1 
0 0 1 1 0 1 0 0 0 0 
0 0 0 0 0 0 0 1 1 1 
0 0 0 0 0 1 1 1 0 0 
OpenStacks: 14
Took 0.03 seconds

buffer: Warwick 952: balanced products, 3 products per order
numCustomers: 20
numProducts: 10
0 1 1 0 0 0 0 1 0 0 
0 0 1 1 0 0 1 0 0 0 
0 0 0 0 0 1 0 1 1 0 
0 1 0 0 0 1 1 0 0 0 
0 1 0 1 0 0 0 0 0 1 
1 0 1 1 0 0 0 0 0 0 
0 1 0 0 0 1 0 0 1 0 
0 0 0 0 0 1 1 0 0 1 
0 0 0 0 1 1 0 0 0 1 
0 1 1 0 0 0 0 1 0 0 
0 0 0 1 0 1 1 0 0 0 
0 1 0 0 1 0 0 0 1 0 
0 0 0 1 0 1 1 0 0 0 
0 0 0 0 0 1 0 0 1 1 
0 0 1 1 0 1 0 0 0 0 
0 1 0 0 0 1 0 0 0 1 
0 0 0 0 1 0 1 0 1 0 
0 1 0 0 0 0 0 1 1 0 
0 0 0 0 0 0 0 1 1 1 
0 1 0 0 0 0 0 1 1 0 
Best sequence:
0 1 2 7 8 3 4 5 6 9 
0 1 1 1 0 0 0 0 0 0 
0 0 1 0 0 1 0 0 1 0 
0 0 0 1 1 0 0 1 0 0 
0 1 0 0 0 0 0 1 1 0 
0 1 0 0 0 1 0 0 0 1 
1 0 1 0 0 1 0 0 0 0 
0 1 0 0 1 0 0 1 0 0 
0 0 0 0 0 0 0 1 1 1 
0 0 0 0 0 0 1 1 0 1 
0 1 1 1 0 0 0 0 0 0 
0 0 0 0 0 1 0 1 1 0 
0 1 0 0 1 0 1 0 0 0 
0 0 0 0 0 1 0 1 1 0 
0 0 0 0 1 0 0 1 0 1 
0 0 1 0 0 1 0 1 0 0 
0 1 0 0 0 0 0 1 0 1 
0 0 0 0 1 0 1 0 1 0 
0 1 0 1 1 0 0 0 0 0 
0 0 0 1 1 0 0 0 0 1 
0 1 0 1 1 0 0 0 0 0 
OpenStacks: 14
Took 0.03 seconds

buffer: Warwick 953: balanced products, 3 products per order
numCustomers: 20
numProducts: 10
0 0 0 0 1 0 0 1 0 1 
1 0 0 0 1 1 0 0 0 0 
1 1 0 1 0 0 0 0 0 0 
0 0 1 1 0 1 0 0 0 0 
0 0 1 0 0 0 1 1 0 0 
0 0 0 0 1 1 0 1 0 0 
1 0 1 0 0 0 0 0 0 1 
1 0 0 0 1 0 0 1 0 0 
0 0 1 0 0 0 1 1 0 0 
0 0 1 1 0 0 1 0 0 0 
0 0 1 0 0 0 1 1 0 0 
0 1 1 0 0 0 1 0 0 0 
0 0 1 0 0 0 0 0 1 1 
0 0 0 0 1 0 0 0 1 1 
0 0 0 0 0 0 1 0 1 1 
1 1 0 0 1 0 0 0 0 0 
0 0 1 0 1 0 1 0 0 0 
1 0 0 0 0 1 1 0 0 0 
1 1 0 0 1 0 0 0 0 0 
1 0 0 1 0 0 0 0 0 1 
Best sequence:
0 1 3 4 5 7 2 6 8 9 
0 0 0 1 0 1 0 0 0 1 
1 0 0 1 1 0 0 0 0 0 
1 1 1 0 0 0 0 0 0 0 
0 0 1 0 1 0 1 0 0 0 
0 0 0 0 0 1 1 1 0 0 
0 0 0 1 1 1 0 0 0 0 
1 0 0 0 0 0 1 0 0 1 
1 0 0 1 0 1 0 0 0 0 
0 0 0 0 0 1 1 1 0 0 
0 0 1 0 0 0 1 1 0 0 
0 0 0 0 0 1 1 1 0 0 
0 1 0 0 0 0 1 1 0 0 
0 0 0 0 0 0 1 0 1 1 
0 0 0 1 0 0 0 0 1 1 
0 0 0 0 0 0 0 1 1 1 
1 1 0 1 0 0 0 0 0 0 
0 0 0 1 0 0 1 1 0 0 
1 0 0 0 1 0 0 1 0 0 
1 1 0 1 0 0 0 0 0 0 
1 0 1 0 0 0 0 0 0 1 
OpenStacks: 14
Took 0.03 seconds

buffer: Warwick 954: balanced products, 3 products per order
numCustomers: 20
numProducts: 10
1 0 0 1 0 0 0 0 1 0 
0 0 0 1 1 0 1 0 0 0 
0 0 1 0 0 0 0 1 0 1 
0 0 0 0 0 1 1 0 1 0 
1 1 0 0 0 0 0 0 0 1 
0 1 0 0 0 0 1 0 0 1 
0 0 1 0 0 0 1 0 0 1 
0 0 0 0 0 0 0 1 1 1 
0 0 0 0 0 1 1 0 0 1 
1 0 1 1 0 0 0 0 0 0 
0 0 0 1 0 1 0 0 1 0 
0 0 0 1 1 0 0 0 0 1 
0 1 0 0 1 1 0 0 0 0 
0 0 1 0 0 0 0 1 0 1 
0 0 0 0 0 1 1 0 0 1 
0 0 1 0 0 0 0 1 1 0 
1 0 0 1 0 0 0 0 0 1 
0 1 0 0 1 0 0 0 0 1 
0 1 0 1 0 1 0 0 0 0 
0 0 1 0 0 0 0 1 0 1 
Best sequence:
0 1 3 4 5 6 8 2 7 9 
1 0 1 0 0 0 1 0 0 0 
0 0 1 1 0 1 0 0 0 0 
0 0 0 0 0 0 0 1 1 1 
0 0 0 0 1 1 1 0 0 0 
1 1 0 0 0 0 0 0 0 1 
0 1 0 0 0 1 0 0 0 1 
0 0 0 0 0 1 0 1 0 1 
0 0 0 0 0 0 1 0 1 1 
0 0 0 0 1 1 0 0 0 1 
1 0 1 0 0 0 0 1 0 0 
0 0 1 0 1 0 1 0 0 0 
0 0 1 1 0 0 0 0 0 1 
0 1 0 1 1 0 0 0 0 0 
0 0 0 0 0 0 0 1 1 1 
0 0 0 0 1 1 0 0 0 1 
0 0 0 0 0 0 1 1 1 0 
1 0 1 0 0 0 0 0 0 1 
0 1 0 1 0 0 0 0 0 1 
0 1 1 0 1 0 0 0 0 0 
0 0 0 0 0 0 0 1 1 1 
OpenStacks: 14
Took 0.03 seconds

buffer: Warwick 955: balanced products, 3 products per order
numCustomers: 20
numProducts: 10
0 1 0 1 0 0 0 0 0 1 
0 0 1 0 0 1 0 0 0 1 
1 1 0 0 0 0 0 1 0 0 
0 0 1 0 0 1 1 0 0 0 
0 1 1 0 0 1 0 0 0 0 
0 0 0 0 1 1 0 1 0 0 
0 0 0 0 0 0 0 1 1 1 
0 1 0 1 0 0 0 0 1 0 
0 0 0 1 1 0 0 1 0 0 
0 0 0 0 1 1 0 0 0 1 
0 1 1 0 0 0 0 0 1 0 
0 0 1 1 0 1 0 0 0 0 
0 1 0 0 0 0 1 0 1 0 
0 0 0 0 0 0 1 1 1 0 
1 0 1 0 0 0 0 0 0 1 
0 1 0 1 1 0 0 0 0 0 
0 0 0 0 0 1 1 0 1 0 
0 1 1 0 0 0 0 0 0 1 
0 1 0 1 0 0 0 0 1 0 
0 1 0 1 0 0 1 0 0 0 
Best sequence:
0 2 4 5 7 9 3 1 6 8 
0 0 0 0 0 1 1 1 0 0 
0 1 0 1 0 1 0 0 0 0 
1 0 0 0 1 0 0 1 0 0 
0 1 0 1 0 0 0 0 1 0 
0 1 0 1 0 0 0 1 0 0 
0 0 1 1 1 0 0 0 0 0 
0 0 0 0 1 1 0 0 0 1 
0 0 0 0 0 0 1 1 0 1 
0 0 1 0 1 0 1 0 0 0 
0 0 1 1 0 1 0 0 0 0 
0 1 0 0 0 0 0 1 0 1 
0 1 0 1 0 0 1 0 0 0 
0 0 0 0 0 0 0 1 1 1 
0 0 0 0 1 0 0 0 1 1 
1 1 0 0 0 1 0 0 0 0 
0 0 1 0 0 0 1 1 0 0 
0 0 0 1 0 0 0 0 1 1 
0 1 0 0 0 1 0 1 0 0 
0 0 0 0 0 0 1 1 0 1 
0 0 0 0 0 0 1 1 1 0 
OpenStacks: 15
Took 0.03 seconds

buffer: Warwick 956: balanced products, 3 products per order
numCustomers: 20
numProducts: 10
0 1 0 0 0 1 0 0 0 1 
0 0 0 1 0 1 0 0 0 1 
0 0 1 0 0 1 0 0 0 1 
0 0 0 0 0 1 1 1 0 0 
1 0 0 0 0 0 0 0 1 1 
0 0 1 0 1 0 0 0 1 0 
1 0 0 0 0 1 0 0 1 0 
1 0 0 1 1 0 0 0 0 0 
0 0 0 0 1 0 1 0 0 1 
0 0 1 1 0 0 0 1 0 0 
0 0 1 1 0 1 0 0 0 0 
0 0 0 0 1 0 1 0 0 1 
0 1 1 0 0 0 0 1 0 0 
0 0 1 1 1 0 0 0 0 0 
0 0 1 0 0 0 0 1 0 1 
1 0 0 0 0 1 0 0 1 0 
0 0 0 1 1 0 0 0 0 1 
1 0 0 1 0 1 0 0 0 0 
0 0 0 1 0 0 1 0 0 1 
0 1 0 0 1 0 0 0 1 0 
Best sequence:
0 1 2 7 5 8 3 4 6 9 
0 1 0 0 1 0 0 0 0 1 
0 0 0 0 1 0 1 0 0 1 
0 0 1 0 1 0 0 0 0 1 
0 0 0 1 1 0 0 0 1 0 
1 0 0 0 0 1 0 0 0 1 
0 0 1 0 0 1 0 1 0 0 
1 0 0 0 1 1 0 0 0 0 
1 0 0 0 0 0 1 1 0 0 
0 0 0 0 0 0 0 1 1 1 
0 0 1 1 0 0 1 0 0 0 
0 0 1 0 1 0 1 0 0 0 
0 0 0 0 0 0 0 1 1 1 
0 1 1 1 0 0 0 0 0 0 
0 0 1 0 0 0 1 1 0 0 
0 0 1 1 0 0 0 0 0 1 
1 0 0 0 1 1 0 0 0 0 
0 0 0 0 0 0 1 1 0 1 
1 0 0 0 1 0 1 0 0 0 
0 0 0 0 0 0 1 0 1 1 
0 1 0 0 0 1 0 1 0 0 
OpenStacks: 15
Took 0.02 seconds

buffer: Warwick 957: balanced products, 3 products per order
numCustomers: 20
numProducts: 10
1 1 0 0 0 0 0 1 0 0 
0 0 0 1 0 0 1 1 0 0 
0 0 0 0 0 1 1 0 0 1 
0 1 0 1 0 0 0 0 0 1 
0 1 0 1 0 0 0 0 0 1 
0 0 0 1 1 0 0 0 0 1 
0 0 1 0 0 0 0 0 1 1 
1 0 1 1 0 0 0 0 0 0 
1 0 1 0 0 0 0 0 0 1 
1 0 0 0 0 0 0 0 1 1 
0 1 0 1 0 0 0 1 0 0 
0 0 1 0 0 1 1 0 0 0 
0 1 0 0 0 0 0 1 1 0 
0 0 0 1 1 0 1 0 0 0 
1 0 1 0 0 0 0 0 0 1 
0 1 0 0 0 0 1 0 1 0 
1 0 0 1 0 0 1 0 0 0 
0 0 0 0 0 1 0 1 1 0 
0 0 0 0 0 0 1 1 0 1 
0 0 0 0 0 0 1 1 1 0 
Best sequence:
0 2 4 9 3 1 6 5 7 8 
1 0 0 0 0 1 0 0 1 0 
0 0 0 0 1 0 1 0 1 0 
0 0 0 1 0 0 1 1 0 0 
0 0 0 1 1 1 0 0 0 0 
0 0 0 1 1 1 0 0 0 0 
0 0 1 1 1 0 0 0 0 0 
0 1 0 1 0 0 0 0 0 1 
1 1 0 0 1 0 0 0 0 0 
1 1 0 1 0 0 0 0 0 0 
1 0 0 1 0 0 0 0 0 1 
0 0 0 0 1 1 0 0 1 0 
0 1 0 0 0 0 1 1 0 0 
0 0 0 0 0 1 0 0 1 1 
0 0 1 0 1 0 1 0 0 0 
1 1 0 1 0 0 0 0 0 0 
0 0 0 0 0 1 1 0 0 1 
1 0 0 0 1 0 1 0 0 0 
0 0 0 0 0 0 0 1 1 1 
0 0 0 1 0 0 1 0 1 0 
0 0 0 0 0 0 1 0 1 1 
OpenStacks: 14
Took 0.03 seconds

buffer: Warwick 958: balanced products, 3 products per order
numCustomers: 20
numProducts: 10
1 0 0 1 1 0 0 0 0 0 
0 1 0 0 0 0 0 0 1 1 
0 0 1 1 0 1 0 0 0 0 
0 0 1 0 0 1 0 0 0 1 
0 1 1 0 1 0 0 0 0 0 
1 1 0 0 0 0 0 1 0 0 
0 1 0 1 0 0 0 1 0 0 
1 0 0 0 1 0 0 0 1 0 
0 0 1 0 0 0 0 1 1 0 
1 1 0 0 0 1 0 0 0 0 
0 0 0 0 0 1 1 0 0 1 
1 0 0 1 0 0 0 0 0 1 
0 0 1 1 0 0 0 0 1 0 
0 0 1 0 1 0 0 0 1 0 
0 0 1 0 0 0 0 0 1 1 
0 0 0 0 0 0 1 1 0 1 
1 0 1 1 0 0 0 0 0 0 
0 0 0 0 1 0 1 0 1 0 
1 1 0 0 0 0 0 0 1 0 
0 1 0 0 0 0 1 0 0 1 
Best sequence:
0 1 3 7 4 8 2 5 6 9 
1 0 1 0 1 0 0 0 0 0 
0 1 0 0 0 1 0 0 0 1 
0 0 1 0 0 0 1 1 0 0 
0 0 0 0 0 0 1 1 0 1 
0 1 0 0 1 0 1 0 0 0 
1 1 0 1 0 0 0 0 0 0 
0 1 1 1 0 0 0 0 0 0 
1 0 0 0 1 1 0 0 0 0 
0 0 0 1 0 1 1 0 0 0 
1 1 0 0 0 0 0 1 0 0 
0 0 0 0 0 0 0 1 1 1 
1 0 1 0 0 0 0 0 0 1 
0 0 1 0 0 1 1 0 0 0 
0 0 0 0 1 1 1 0 0 0 
0 0 0 0 0 1 1 0 0 1 
0 0 0 1 0 0 0 0 1 1 
1 0 1 0 0 0 1 0 0 0 
0 0 0 0 1 1 0 0 1 0 
1 1 0 0 0 1 0 0 0 0 
0 1 0 0 0 0 0 0 1 1 
OpenStacks: 15
Took 0.03 seconds

buffer: Warwick 959: balanced products, 3 products per order
numCustomers: 20
numProducts: 10
0 0 0 1 0 0 1 0 0 1 
0 0 0 0 1 1 0 1 0 0 
0 0 0 1 0 1 0 0 0 1 
0 1 1 0 0 0 1 0 0 0 
0 1 0 0 1 0 1 0 0 0 
0 1 0 0 0 1 0 1 0 0 
1 0 0 1 0 0 0 0 1 0 
0 0 0 0 1 0 1 0 1 0 
0 0 1 1 0 0 0 1 0 0 
0 0 1 0 1 1 0 0 0 0 
0 1 1 0 0 0 1 0 0 0 
0 0 1 0 0 0 1 1 0 0 
1 1 0 0 0 0 0 1 0 0 
1 0 0 0 0 1 0 0 1 0 
1 1 0 1 0 0 0 0 0 0 
0 1 0 0 0 0 0 0 1 1 
1 0 0 1 0 0 0 0 1 0 
1 1 0 0 0 0 1 0 0 0 
0 0 0 0 1 0 1 0 1 0 
1 0 0 1 0 0 0 0 0 1 
Best sequence:
0 3 5 9 8 1 2 4 6 7 
0 1 0 1 0 0 0 0 1 0 
0 0 1 0 0 0 0 1 0 1 
0 1 1 1 0 0 0 0 0 0 
0 0 0 0 0 1 1 0 1 0 
0 0 0 0 0 1 0 1 1 0 
0 0 1 0 0 1 0 0 0 1 
1 1 0 0 1 0 0 0 0 0 
0 0 0 0 1 0 0 1 1 0 
0 1 0 0 0 0 1 0 0 1 
0 0 1 0 0 0 1 1 0 0 
0 0 0 0 0 1 1 0 1 0 
0 0 0 0 0 0 1 0 1 1 
1 0 0 0 0 1 0 0 0 1 
1 0 1 0 1 0 0 0 0 0 
1 1 0 0 0 1 0 0 0 0 
0 0 0 1 1 1 0 0 0 0 
1 1 0 0 1 0 0 0 0 0 
1 0 0 0 0 1 0 0 1 0 
0 0 0 0 1 0 0 1 1 0 
1 1 0 1 0 0 0 0 0 0 
OpenStacks: 14
Took 0.03 seconds

buffer: Warwick 960: balanced products, 3 products per order
numCustomers: 20
numProducts: 10
0 0 0 0 1 0 1 0 1 0 
1 0 0 1 0 0 0 0 1 0 
1 0 1 0 0 0 0 1 0 0 
1 0 0 0 1 0 0 0 1 0 
1 0 1 0 0 0 1 0 0 0 
0 0 0 0 1 1 0 0 0 1 
0 0 0 0 0 0 1 0 1 1 
0 1 0 0 0 0 1 1 0 0 
0 1 0 0 0 0 0 1 1 0 
0 0 1 0 0 0 1 0 1 0 
1 0 0 0 0 0 0 1 0 1 
0 0 0 0 1 0 1 1 0 0 
0 1 1 0 0 0 1 0 0 0 
0 0 0 0 1 0 1 0 0 1 
1 0 0 0 0 1 0 0 1 0 
1 0 0 0 0 0 1 0 0 1 
1 1 0 0 0 1 0 0 0 0 
0 1 0 0 0 1 1 0 0 0 
1 0 0 0 1 0 0 0 1 0 
0 1 0 0 0 0 0 1 0 1 
Best sequence:
0 3 5 8 4 9 7 1 2 6 
0 0 0 1 1 0 0 0 0 1 
1 1 0 1 0 0 0 0 0 0 
1 0 0 0 0 0 1 0 1 0 
1 0 0 1 1 0 0 0 0 0 
1 0 0 0 0 0 0 0 1 1 
0 0 1 0 1 1 0 0 0 0 
0 0 0 1 0 1 0 0 0 1 
0 0 0 0 0 0 1 1 0 1 
0 0 0 1 0 0 1 1 0 0 
0 0 0 1 0 0 0 0 1 1 
1 0 0 0 0 1 1 0 0 0 
0 0 0 0 1 0 1 0 0 1 
0 0 0 0 0 0 0 1 1 1 
0 0 0 0 1 1 0 0 0 1 
1 0 1 1 0 0 0 0 0 0 
1 0 0 0 0 1 0 0 0 1 
1 0 1 0 0 0 0 1 0 0 
0 0 1 0 0 0 0 1 0 1 
1 0 0 1 1 0 0 0 0 0 
0 0 0 0 0 1 1 1 0 0 
OpenStacks: 15
Took 0.04 seconds

buffer: Warwick 961: balanced products, 4 products per order
numCustomers: 20
numProducts: 10
0 0 0 1 0 0 1 0 1 1 
0 0 1 0 1 0 1 0 0 1 
1 0 0 1 1 0 1 0 0 0 
0 0 1 1 1 1 0 0 0 0 
0 0 1 1 0 0 0 1 0 1 
0 1 1 0 0 1 0 0 1 0 
1 1 0 0 0 1 0 1 0 0 
1 0 0 0 0 1 0 1 0 1 
0 1 1 0 0 0 1 0 0 1 
0 0 1 1 0 0 1 0 0 1 
1 0 0 0 0 1 1 0 1 0 
1 1 1 0 0 0 0 1 0 0 
0 1 0 0 1 1 0 0 0 1 
0 0 0 0 1 1 0 0 1 1 
1 0 0 0 0 1 1 1 0 0 
0 0 0 1 0 1 0 1 0 1 
0 0 0 1 1 1 1 0 0 0 
0 0 0 1 1 0 1 1 0 0 
1 1 1 0 0 1 0 0 0 0 
0 1 0 0 1 0 0 0 1 1 
Best sequence:
0 1 2 5 4 7 3 6 8 9 
0 0 0 0 0 0 1 1 1 1 
0 0 1 0 1 0 0 1 0 1 
1 0 0 0 1 0 1 1 0 0 
0 0 1 1 1 0 1 0 0 0 
0 0 1 0 0 1 1 0 0 1 
0 1 1 1 0 0 0 0 1 0 
1 1 0 1 0 1 0 0 0 0 
1 0 0 1 0 1 0 0 0 1 
0 1 1 0 0 0 0 1 0 1 
0 0 1 0 0 0 1 1 0 1 
1 0 0 1 0 0 0 1 1 0 
1 1 1 0 0 1 0 0 0 0 
0 1 0 1 1 0 0 0 0 1 
0 0 0 1 1 0 0 0 1 1 
1 0 0 1 0 1 0 1 0 0 
0 0 0 1 0 1 1 0 0 1 
0 0 0 1 1 0 1 1 0 0 
0 0 0 0 1 1 1 1 0 0 
1 1 1 1 0 0 0 0 0 0 
0 1 0 0 1 0 0 0 1 1 
OpenStacks: 18
Took 0.03 seconds

buffer: Warwick 962: balanced products, 4 products per order
numCustomers: 20
numProducts: 10
0 1 1 1 1 0 0 0 0 0 
1 0 0 0 0 0 1 1 1 0 
0 1 1 0 0 0 1 0 1 0 
1 0 0 1 0 0 0 0 1 1 
0 0 1 1 0 0 1 0 1 0 
0 0 1 0 0 1 1 0 1 0 
0 1 0 1 0 1 0 0 0 1 
1 1 0 1 0 1 0 0 0 0 
0 0 1 1 1 0 0 0 0 1 
0 1 1 0 1 0 0 1 0 0 
1 0 0 0 0 1 1 0 0 1 
0 1 1 0 0 0 0 0 1 1 
0 0 1 0 0 1 1 0 1 0 
1 0 1 0 0 1 0 0 0 1 
0 0 0 1 0 0 0 1 1 1 
0 0 1 0 0 1 0 1 0 1 
1 1 0 0 1 0 0 1 0 0 
0 1 0 1 0 1 0 1 0 0 
0 0 0 0 0 1 1 1 0 1 
0 0 1 0 1 0 1 1 0 0 
Best sequence:
0 3 5 8 9 1 2 4 6 7 
0 1 0 0 0 1 1 1 0 0 
1 0 0 1 0 0 0 0 1 1 
0 0 0 1 0 1 1 0 1 0 
1 1 0 1 1 0 0 0 0 0 
0 1 0 1 0 0 1 0 1 0 
0 0 1 1 0 0 1 0 1 0 
0 1 1 0 1 1 0 0 0 0 
1 1 1 0 0 1 0 0 0 0 
0 1 0 0 1 0 1 1 0 0 
0 0 0 0 0 1 1 1 0 1 
1 0 1 0 1 0 0 0 1 0 
0 0 0 1 1 1 1 0 0 0 
0 0 1 1 0 0 1 0 1 0 
1 0 1 0 1 0 1 0 0 0 
0 1 0 1 1 0 0 0 0 1 
0 0 1 0 1 0 1 0 0 1 
1 0 0 0 0 1 0 1 0 1 
0 1 1 0 0 1 0 0 0 1 
0 0 1 0 1 0 0 0 1 1 
0 0 0 0 0 0 1 1 1 1 
OpenStacks: 18
Took 0.03 seconds

buffer: Warwick 963: balanced products, 4 products per order
numCustomers: 20
numProducts: 10
0 0 1 1 0 0 1 0 1 0 
1 0 1 0 0 0 1 0 1 0 
0 0 0 1 1 0 1 0 1 0 
1 0 0 0 1 0 0 1 1 0 
0 0 1 1 1 1 0 0 0 0 
0 0 0 1 0 1 1 0 0 1 
1 1 0 0 0 0 0 1 1 0 
1 1 1 0 0 0 0 1 0 0 
0 0 1 0 0 0 1 0 1 1 
0 0 1 0 1 0 0 0 1 1 
1 1 1 0 0 0 0 0 0 1 
0 1 0 0 1 0 1 0 1 0 
1 0 0 1 0 0 1 0 0 1 
1 0 0 0 1 1 1 0 0 0 
0 0 1 0 1 1 0 1 0 0 
1 1 0 0 0 1 0 0 0 1 
0 1 0 1 0 1 0 0 1 0 
0 1 0 0 1 0 0 1 0 1 
0 1 0 0 1 1 0 1 0 0 
1 0 0 0 1 1 0 1 0 0 
Best sequence:
1 4 5 7 0 9 2 3 6 8 
0 0 0 0 0 0 1 1 1 1 
0 0 0 0 1 0 1 0 1 1 
0 1 0 0 0 0 0 1 1 1 
0 1 0 1 1 0 0 0 0 1 
0 1 1 0 0 0 1 1 0 0 
0 0 1 0 0 1 0 1 1 0 
1 0 0 1 1 0 0 0 0 1 
1 0 0 1 1 0 1 0 0 0 
0 0 0 0 0 1 1 0 1 1 
0 1 0 0 0 1 1 0 0 1 
1 0 0 0 1 1 1 0 0 0 
1 1 0 0 0 0 0 0 1 1 
0 0 0 0 1 1 0 1 1 0 
0 1 1 0 1 0 0 0 1 0 
0 1 1 1 0 0 1 0 0 0 
1 0 1 0 1 1 0 0 0 0 
1 0 1 0 0 0 0 1 0 1 
1 1 0 1 0 1 0 0 0 0 
1 1 1 1 0 0 0 0 0 0 
0 1 1 1 1 0 0 0 0 0 
OpenStacks: 17
Took 0.03 seconds

buffer: Warwick 964: balanced products, 4 products per order
numCustomers: 20
numProducts: 10
1 0 1 1 0 0 0 0 1 0 
0 0 1 0 0 0 1 1 0 1 
1 0 0 0 0 1 1 1 0 0 
0 0 0 1 0 1 1 0 0 1 
0 1 0 0 0 1 1 1 0 0 
1 0 0 1 0 0 1 0 1 0 
0 1 0 1 0 1 1 0 0 0 
0 1 0 0 1 0 0 1 1 0 
1 1 0 0 1 1 0 0 0 0 
0 1 0 0 0 1 1 0 0 1 
0 1 0 1 0 0 1 0 0 1 
1 0 0 1 0 0 1 1 0 0 
0 0 0 0 0 1 1 1 0 1 
1 1 0 0 0 1 1 0 0 0 
1 1 0 0 1 0 1 0 0 0 
1 0 0 1 0 1 0 0 0 1 
1 0 0 1 1 0 0 0 1 0 
0 0 1 1 0 0 0 1 0 1 
0 1 0 0 0 1 0 1 0 1 
0 1 0 1 0 1 0 1 0 0 
Best sequence:
0 2 3 4 8 6 1 5 7 9 
1 1 1 0 1 0 0 0 0 0 
0 1 0 0 0 1 0 0 1 1 
1 0 0 0 0 1 0 1 1 0 
0 0 1 0 0 1 0 1 0 1 
0 0 0 0 0 1 1 1 1 0 
1 0 1 0 1 1 0 0 0 0 
0 0 1 0 0 1 1 1 0 0 
0 0 0 1 1 0 1 0 1 0 
1 0 0 1 0 0 1 1 0 0 
0 0 0 0 0 1 1 1 0 1 
0 0 1 0 0 1 1 0 0 1 
1 0 1 0 0 1 0 0 1 0 
0 0 0 0 0 1 0 1 1 1 
1 0 0 0 0 1 1 1 0 0 
1 0 0 1 0 1 1 0 0 0 
1 0 1 0 0 0 0 1 0 1 
1 0 1 1 1 0 0 0 0 0 
0 1 1 0 0 0 0 0 1 1 
0 0 0 0 0 0 1 1 1 1 
0 0 1 0 0 0 1 1 1 0 
OpenStacks: 17
Took 0.03 seconds

buffer: Warwick 965: balanced products, 4 products per order
numCustomers: 20
numProducts: 10
1 0 1 0 1 1 0 0 0 0 
0 1 0 0 1 0 0 1 0 1 
1 1 0 0 0 0 0 1 1 0 
0 0 1 1 0 0 1 1 0 0 
0 0 1 0 1 0 1 0 0 1 
1 0 1 0 1 0 0 1 0 0 
0 0 1 0 0 0 1 1 0 1 
1 0 0 0 0 1 1 0 1 0 
0 0 0 0 0 1 1 1 0 1 
0 1 1 0 0 0 0 0 1 1 
0 1 1 0 0 0 0 1 0 1 
1 1 1 0 0 0 0 0 0 1 
1 0 0 1 0 0 1 0 0 1 
1 0 1 0 0 1 0 0 0 1 
0 0 0 1 1 1 0 0 1 0 
1 0 0 1 0 0 1 0 0 1 
0 1 0 0 1 1 1 0 0 0 
0 0 1 1 0 1 0 0 0 1 
1 0 0 0 1 0 1 1 0 0 
1 0 0 1 0 1 0 0 0 1 
Best sequence:
0 1 7 8 4 6 2 3 5 9 
1 0 0 0 1 0 1 0 1 0 
0 1 1 0 1 0 0 0 0 1 
1 1 1 1 0 0 0 0 0 0 
0 0 1 0 0 1 1 1 0 0 
0 0 0 0 1 1 1 0 0 1 
1 0 1 0 1 0 1 0 0 0 
0 0 1 0 0 1 1 0 0 1 
1 0 0 1 0 1 0 0 1 0 
0 0 1 0 0 1 0 0 1 1 
0 1 0 1 0 0 1 0 0 1 
0 1 1 0 0 0 1 0 0 1 
1 1 0 0 0 0 1 0 0 1 
1 0 0 0 0 1 0 1 0 1 
1 0 0 0 0 0 1 0 1 1 
0 0 0 1 1 0 0 1 1 0 
1 0 0 0 0 1 0 1 0 1 
0 1 0 0 1 1 0 0 1 0 
0 0 0 0 0 0 1 1 1 1 
1 0 1 0 1 1 0 0 0 0 
1 0 0 0 0 0 0 1 1 1 
OpenStacks: 18
Took 0.03 seconds

buffer: Warwick 966: balanced products, 4 products per order
numCustomers: 20
numProducts: 10
1 1 0 0 0 1 0 1 0 0 
0 0 0 0 1 0 0 1 1 1 
0 1 1 0 0 0 0 1 0 1 
0 1 0 1 0 0 1 0 1 0 
1 0 1 0 0 1 0 0 1 0 
0 0 1 0 1 0 0 1 0 1 
0 0 0 1 1 0 0 1 0 1 
1 0 1 1 0 0 1 0 0 0 
0 1 0 0 1 0 0 1 0 1 
0 0 0 1 0 1 1 0 1 0 
0 1 0 0 1 1 0 0 1 0 
1 0 0 0 0 1 0 1 1 0 
0 0 0 0 1 0 0 1 1 1 
0 1 1 0 0 0 0 0 1 1 
0 0 1 1 1 0 0 0 1 0 
0 0 0 0 1 0 0 1 1 1 
0 0 0 0 1 1 0 0 1 1 
0 1 1 0 0 0 0 1 1 0 
0 0 1 0 1 1 0 1 0 0 
1 0 1 0 1 1 0 0 0 0 
Best sequence:
0 1 3 6 8 5 2 4 7 9 
1 1 0 0 0 1 0 0 1 0 
0 0 0 0 1 0 0 1 1 1 
0 1 0 0 0 0 1 0 1 1 
0 1 1 1 1 0 0 0 0 0 
1 0 0 0 1 1 1 0 0 0 
0 0 0 0 0 0 1 1 1 1 
0 0 1 0 0 0 0 1 1 1 
1 0 1 1 0 0 1 0 0 0 
0 1 0 0 0 0 0 1 1 1 
0 0 1 1 1 1 0 0 0 0 
0 1 0 0 1 1 0 1 0 0 
1 0 0 0 1 1 0 0 1 0 
0 0 0 0 1 0 0 1 1 1 
0 1 0 0 1 0 1 0 0 1 
0 0 1 0 1 0 1 1 0 0 
0 0 0 0 1 0 0 1 1 1 
0 0 0 0 1 1 0 1 0 1 
0 1 0 0 1 0 1 0 1 0 
0 0 0 0 0 1 1 1 1 0 
1 0 0 0 0 1 1 1 0 0 
OpenStacks: 18
Took 0.03 seconds

buffer: Warwick 967: balanced products, 4 products per order
numCustomers: 20
numProducts: 10
0 0 1 1 0 0 0 1 0 1 
1 0 0 1 1 0 0 0 0 1 
0 1 0 0 1 0 1 1 0 0 
1 0 0 1 0 0 0 1 0 1 
0 0 0 1 0 0 1 1 0 1 
0 0 0 1 1 1 1 0 0 0 
1 0 0 0 0 1 0 1 1 0 
1 0 0 1 0 0 0 0 1 1 
0 1 0 1 1 0 1 0 0 0 
0 1 1 1 0 0 0 1 0 0 
0 0 0 1 0 1 1 0 1 0 
1 0 1 0 0 0 0 0 1 1 
0 0 1 0 0 1 1 0 1 0 
1 1 0 0 0 0 1 1 0 0 
1 0 0 1 1 1 0 0 0 0 
0 1 1 0 0 1 0 1 0 0 
0 1 0 0 1 0 1 0 1 0 
1 1 1 0 0 0 1 0 0 0 
0 1 1 0 0 1 0 0 1 0 
1 1 0 0 0 0 1 0 1 0 
Best sequence:
0 3 4 9 7 6 1 2 5 8 
0 1 0 1 1 0 0 1 0 0 
1 1 1 1 0 0 0 0 0 0 
0 0 1 0 1 1 1 0 0 0 
1 1 0 1 1 0 0 0 0 0 
0 1 0 1 1 1 0 0 0 0 
0 1 1 0 0 1 0 0 1 0 
1 0 0 0 1 0 0 0 1 1 
1 1 0 1 0 0 0 0 0 1 
0 1 1 0 0 1 1 0 0 0 
0 1 0 0 1 0 1 1 0 0 
0 1 0 0 0 1 0 0 1 1 
1 0 0 1 0 0 0 1 0 1 
0 0 0 0 0 1 0 1 1 1 
1 0 0 0 1 1 1 0 0 0 
1 1 1 0 0 0 0 0 1 0 
0 0 0 0 1 0 1 1 1 0 
0 0 1 0 0 1 1 0 0 1 
1 0 0 0 0 1 1 1 0 0 
0 0 0 0 0 0 1 1 1 1 
1 0 0 0 0 1 1 0 0 1 
OpenStacks: 17
Took 0.04 seconds

buffer: Warwick 968: balanced products, 4 products per order
numCustomers: 20
numProducts: 10
0 0 1 0 1 0 1 0 1 0 
1 0 1 0 0 1 0 1 0 0 
1 0 0 0 1 0 0 0 1 1 
0 0 1 0 0 0 1 0 1 1 
0 1 1 0 0 0 0 1 0 1 
1 0 0 0 0 0 1 1 0 1 
0 1 1 1 0 0 0 1 0 0 
0 0 0 0 1 1 1 1 0 0 
0 0 0 1 0 0 1 1 1 0 
0 0 1 1 0 1 1 0 0 0 
1 0 1 0 0 1 0 0 0 1 
0 0 1 0 0 0 1 0 1 1 
0 0 0 1 0 1 1 0 0 1 
1 1 0 0 1 1 0 0 0 0 
0 0 0 0 1 1 0 1 1 0 
0 0 1 1 0 1 0 1 0 0 
0 0 1 0 0 1 0 0 1 1 
1 0 0 1 0 1 0 1 0 0 
0 1 0 1 0 0 0 1 0 1 
1 0 0 1 0 0 0 1 0 1 
Best sequence:
0 1 3 4 5 7 2 6 8 9 
0 0 0 1 0 0 1 1 1 0 
1 0 0 0 1 1 1 0 0 0 
1 0 0 1 0 0 0 0 1 1 
0 0 0 0 0 0 1 1 1 1 
0 1 0 0 0 1 1 0 0 1 
1 0 0 0 0 1 0 1 0 1 
0 1 1 0 0 1 1 0 0 0 
0 0 0 1 1 1 0 1 0 0 
0 0 1 0 0 1 0 1 1 0 
0 0 1 0 1 0 1 1 0 0 
1 0 0 0 1 0 1 0 0 1 
0 0 0 0 0 0 1 1 1 1 
0 0 1 0 1 0 0 1 0 1 
1 1 0 1 1 0 0 0 0 0 
0 0 0 1 1 1 0 0 1 0 
0 0 1 0 1 1 1 0 0 0 
0 0 0 0 1 0 1 0 1 1 
1 0 1 0 1 1 0 0 0 0 
0 1 1 0 0 1 0 0 0 1 
1 0 1 0 0 1 0 0 0 1 
OpenStacks: 18
Took 0.03 seconds

buffer: Warwick 969: balanced products, 4 products per order
numCustomers: 20
numProducts: 10
0 1 0 0 1 1 0 0 0 1 
0 0 1 0 0 0 0 1 1 1 
0 0 0 1 1 0 1 0 1 0 
0 1 0 0 0 1 0 1 1 0 
1 0 0 0 0 1 1 0 1 0 
1 0 0 1 0 1 1 0 0 0 
0 0 0 1 0 1 0 1 1 0 
0 0 0 0 1 1 1 0 1 0 
0 1 0 0 1 1 0 1 0 0 
0 1 1 1 0 0 1 0 0 0 
0 1 0 1 1 0 1 0 0 0 
0 0 1 1 0 0 0 1 0 1 
0 0 1 0 0 0 1 0 1 1 
0 0 1 0 0 1 1 1 0 0 
1 0 1 0 0 0 1 1 0 0 
0 0 0 0 1 1 1 0 1 0 
0 1 0 0 1 0 1 0 0 1 
1 1 0 0 0 0 1 0 0 1 
0 1 0 1 0 1 0 1 0 0 
1 0 1 0 0 0 1 0 0 1 
Best sequence:
0 2 3 6 9 8 1 4 5 7 
0 0 0 0 1 0 1 1 1 0 
0 1 0 0 1 1 0 0 0 1 
0 0 1 1 0 1 0 1 0 0 
0 0 0 0 0 1 1 0 1 1 
1 0 0 1 0 1 0 0 1 0 
1 0 1 1 0 0 0 0 1 0 
0 0 1 0 0 1 0 0 1 1 
0 0 0 1 0 1 0 1 1 0 
0 0 0 0 0 0 1 1 1 1 
0 1 1 1 0 0 1 0 0 0 
0 0 1 1 0 0 1 1 0 0 
0 1 1 0 1 0 0 0 0 1 
0 1 0 1 1 1 0 0 0 0 
0 1 0 1 0 0 0 0 1 1 
1 1 0 1 0 0 0 0 0 1 
0 0 0 1 0 1 0 1 1 0 
0 0 0 1 1 0 1 1 0 0 
1 0 0 1 1 0 1 0 0 0 
0 0 1 0 0 0 1 0 1 1 
1 1 0 1 1 0 0 0 0 0 
OpenStacks: 18
Took 0.02 seconds

buffer: Warwick 970: balanced products, 4 products per order
numCustomers: 20
numProducts: 10
1 1 0 1 0 0 0 0 1 0 
1 0 0 1 0 1 0 1 0 0 
1 0 0 0 0 0 0 1 1 1 
0 1 1 0 1 1 0 0 0 0 
1 1 0 1 0 1 0 0 0 0 
0 1 0 1 0 1 0 0 1 0 
1 0 1 0 1 0 0 0 0 1 
0 1 0 0 1 1 0 0 0 1 
0 1 1 0 0 0 1 0 1 0 
1 0 1 0 0 0 1 0 0 1 
1 0 1 0 0 0 0 1 1 0 
1 0 1 0 0 0 1 0 1 0 
1 1 0 0 0 0 1 1 0 0 
0 0 0 0 1 1 0 1 0 1 
0 0 0 0 1 0 1 0 1 1 
1 1 0 1 0 1 0 0 0 0 
1 0 1 0 0 0 0 1 0 1 
0 0 1 1 1 0 0 0 0 1 
1 0 0 0 1 0 1 0 1 0 
0 0 0 1 0 1 0 1 0 1 
Best sequence:
0 2 6 8 1 3 4 5 7 9 
1 0 0 1 1 1 0 0 0 0 
1 0 0 0 0 1 0 1 1 0 
1 0 0 1 0 0 0 0 1 1 
0 1 0 0 1 0 1 1 0 0 
1 0 0 0 1 1 0 1 0 0 
0 0 0 1 1 1 0 1 0 0 
1 1 0 0 0 0 1 0 0 1 
0 0 0 0 1 0 1 1 0 1 
0 1 1 1 1 0 0 0 0 0 
1 1 1 0 0 0 0 0 0 1 
1 1 0 1 0 0 0 0 1 0 
1 1 1 1 0 0 0 0 0 0 
1 0 1 0 1 0 0 0 1 0 
0 0 0 0 0 0 1 1 1 1 
0 0 1 1 0 0 1 0 0 1 
1 0 0 0 1 1 0 1 0 0 
1 1 0 0 0 0 0 0 1 1 
0 1 0 0 0 1 1 0 0 1 
1 0 1 1 0 0 1 0 0 0 
0 0 0 0 0 1 0 1 1 1 
OpenStacks: 17
Took 0.04 seconds

buffer: Warwick 971: balanced products, 5 products per order
numCustomers: 20
numProducts: 10
0 0 1 0 1 0 1 1 1 0 
1 1 0 0 1 0 1 1 0 0 
1 0 0 1 0 1 0 1 0 1 
0 1 1 1 0 1 1 0 0 0 
1 0 1 0 0 0 0 1 1 1 
1 0 1 0 0 0 0 1 1 1 
1 0 0 1 1 0 0 1 0 1 
1 1 1 0 1 0 1 0 0 0 
1 0 1 0 0 0 1 1 1 0 
0 0 0 0 0 1 1 1 1 1 
0 0 1 0 0 1 1 0 1 1 
1 0 1 1 0 0 1 1 0 0 
1 1 0 0 0 1 1 0 1 0 
1 1 1 0 0 0 0 1 0 1 
0 1 0 0 1 1 1 1 0 0 
0 0 0 1 1 1 1 0 1 0 
1 0 1 0 0 1 1 0 0 1 
0 0 1 1 1 1 1 0 0 0 
1 0 1 0 0 1 1 1 0 0 
1 1 1 1 0 1 0 0 0 0 
Best sequence:
0 1 2 7 9 3 4 5 6 8 
0 0 1 1 0 0 1 0 1 1 
1 1 0 1 0 0 1 0 1 0 
1 0 0 1 1 1 0 1 0 0 
0 1 1 0 0 1 0 1 1 0 
1 0 1 1 1 0 0 0 0 1 
1 0 1 1 1 0 0 0 0 1 
1 0 0 1 1 1 1 0 0 0 
1 1 1 0 0 0 1 0 1 0 
1 0 1 1 0 0 0 0 1 1 
0 0 0 1 1 0 0 1 1 1 
0 0 1 0 1 0 0 1 1 1 
1 0 1 1 0 1 0 0 1 0 
1 1 0 0 0 0 0 1 1 1 
1 1 1 1 1 0 0 0 0 0 
0 1 0 1 0 0 1 1 1 0 
0 0 0 0 0 1 1 1 1 1 
1 0 1 0 1 0 0 1 1 0 
0 0 1 0 0 1 1 1 1 0 
1 0 1 1 0 0 0 1 1 0 
1 1 1 0 0 1 0 1 0 0 
OpenStacks: 19
Took 0.03 seconds

buffer: Warwick 972: balanced products, 5 products per order
numCustomers: 20
numProducts: 10
0 1 0 0 1 1 1 1 0 0 
1 1 1 0 1 1 0 0 0 0 
1 1 0 0 1 1 0 0 1 0 
0 1 1 1 1 0 0 1 0 0 
1 1 0 0 0 1 1 0 0 1 
0 1 0 0 0 1 1 0 1 1 
0 1 0 0 0 0 1 1 1 1 
0 0 1 0 0 1 0 1 1 1 
0 0 1 1 1 1 0 1 0 0 
0 1 0 1 1 1 0 0 0 1 
0 1 0 1 0 1 0 1 1 0 
0 1 1 0 0 0 1 1 1 0 
1 0 1 1 0 1 0 0 0 1 
0 0 1 0 0 1 0 1 1 1 
1 1 0 0 1 1 0 1 0 0 
1 0 1 1 0 0 0 1 0 1 
1 0 0 1 1 1 1 0 0 0 
1 0 0 0 0 0 1 1 1 1 
0 1 0 0 1 1 0 0 1 1 
0 1 0 1 1 0 1 0 0 1 
Best sequence:
0 1 2 3 4 5 6 7 8 9 
0 1 0 0 1 1 1 1 0 0 
1 1 1 0 1 1 0 0 0 0 
1 1 0 0 1 1 0 0 1 0 
0 1 1 1 1 0 0 1 0 0 
1 1 0 0 0 1 1 0 0 1 
0 1 0 0 0 1 1 0 1 1 
0 1 0 0 0 0 1 1 1 1 
0 0 1 0 0 1 0 1 1 1 
0 0 1 1 1 1 0 1 0 0 
0 1 0 1 1 1 0 0 0 1 
0 1 0 1 0 1 0 1 1 0 
0 1 1 0 0 0 1 1 1 0 
1 0 1 1 0 1 0 0 0 1 
0 0 1 0 0 1 0 1 1 1 
1 1 0 0 1 1 0 1 0 0 
1 0 1 1 0 0 0 1 0 1 
1 0 0 1 1 1 1 0 0 0 
1 0 0 0 0 0 1 1 1 1 
0 1 0 0 1 1 0 0 1 1 
0 1 0 1 1 0 1 0 0 1 
OpenStacks: 20
Took 0.03 seconds

buffer: Warwick 973: balanced products, 5 products per order
numCustomers: 20
numProducts: 10
0 1 0 0 1 1 0 1 1 0 
1 0 1 1 0 0 0 1 0 1 
0 0 0 0 0 1 1 1 1 1 
0 0 1 1 1 0 1 0 0 1 
1 1 0 0 0 0 0 1 1 1 
1 0 0 0 1 1 1 0 0 1 
0 1 1 1 0 0 0 0 1 1 
1 0 1 0 1 0 1 0 0 1 
1 0 0 0 1 0 1 1 1 0 
0 1 0 0 1 1 1 0 1 0 
1 0 0 1 1 0 1 0 0 1 
1 0 1 0 0 1 1 0 0 1 
0 1 0 1 1 0 0 1 0 1 
1 0 0 1 1 0 1 1 0 0 
1 1 0 0 0 0 1 1 1 0 
0 0 1 0 1 1 1 0 0 1 
0 0 1 0 1 1 0 1 0 1 
1 0 1 0 1 1 0 0 0 1 
1 1 0 1 0 0 0 1 0 1 
1 0 0 1 0 1 0 1 1 0 
Best sequence:
0 2 3 7 9 1 4 5 6 8 
0 0 0 1 0 1 1 1 0 1 
1 1 1 1 1 0 0 0 0 0 
0 0 0 1 1 0 0 1 1 1 
0 1 1 0 1 0 1 0 1 0 
1 0 0 1 1 1 0 0 0 1 
1 0 0 0 1 0 1 1 1 0 
0 1 1 0 1 1 0 0 0 1 
1 1 0 0 1 0 1 0 1 0 
1 0 0 1 0 0 1 0 1 1 
0 0 0 0 0 1 1 1 1 1 
1 0 1 0 1 0 1 0 1 0 
1 1 0 0 1 0 0 1 1 0 
0 0 1 1 1 1 1 0 0 0 
1 0 1 1 0 0 1 0 1 0 
1 0 0 1 0 1 0 0 1 1 
0 1 0 0 1 0 1 1 1 0 
0 1 0 1 1 0 1 1 0 0 
1 1 0 0 1 0 1 1 0 0 
1 0 1 1 1 1 0 0 0 0 
1 0 1 1 0 0 0 1 0 1 
OpenStacks: 19
Took 0.03 seconds

buffer: Warwick 974: balanced products, 5 products per order
numCustomers: 20
numProducts: 10
1 1 0 0 1 0 0 0 1 1 
1 1 1 0 0 0 0 0 1 1 
0 1 1 0 0 1 0 1 0 1 
1 1 0 0 0 0 1 1 0 1 
1 1 1 0 0 1 0 0 1 0 
1 1 1 0 0 1 0 0 0 1 
1 0 1 0 1 0 0 1 0 1 
0 1 1 1 0 1 0 0 1 0 
1 1 0 1 0 0 1 1 0 0 
1 0 1 0 1 1 0 0 0 1 
1 1 1 1 0 1 0 0 0 0 
0 1 0 0 0 0 1 1 1 1 
1 0 1 0 0 0 1 1 0 1 
1 1 0 0 0 0 0 1 1 1 
1 1 0 1 1 0 0 0 0 1 
0 1 0 1 0 1 1 0 1 0 
1 1 1 1 0 0 0 0 1 0 
1 1 0 1 0 0 0 1 0 1 
0 1 1 1 0 1 0 0 0 1 
0 1 0 0 1 0 0 1 1 1 
Best sequence:
0 2 4 7 9 1 3 5 6 8 
1 0 1 0 1 1 0 0 0 1 
1 1 0 0 1 1 0 0 0 1 
0 1 0 1 1 1 0 1 0 0 
1 0 0 1 1 1 0 0 1 0 
1 1 0 0 0 1 0 1 0 1 
1 1 0 0 1 1 0 1 0 0 
1 1 1 1 1 0 0 0 0 0 
0 1 0 0 0 1 1 1 0 1 
1 0 0 1 0 1 1 0 1 0 
1 1 1 0 1 0 0 1 0 0 
1 1 0 0 0 1 1 1 0 0 
0 0 0 1 1 1 0 0 1 1 
1 1 0 1 1 0 0 0 1 0 
1 0 0 1 1 1 0 0 0 1 
1 0 1 0 1 1 1 0 0 0 
0 0 0 0 0 1 1 1 1 1 
1 1 0 0 0 1 1 0 0 1 
1 0 0 1 1 1 1 0 0 0 
0 1 0 0 1 1 1 1 0 0 
0 0 1 1 1 1 0 0 0 1 
OpenStacks: 19
Took 0.03 seconds

buffer: Warwick 975: balanced products, 5 products per order
numCustomers: 20
numProducts: 10
0 1 0 0 1 1 1 0 1 0 
1 1 1 0 1 0 0 1 0 0 
0 1 0 0 1 0 1 0 1 1 
1 0 1 0 1 0 0 1 0 1 
0 1 1 0 0 0 1 1 0 1 
0 1 1 0 1 0 1 1 0 0 
1 0 1 0 1 0 0 1 1 0 
1 0 0 1 1 0 1 0 1 0 
0 0 1 1 0 1 0 0 1 1 
0 0 0 0 0 1 1 1 1 1 
1 0 0 1 1 0 0 1 1 0 
0 1 0 0 1 1 1 0 1 0 
0 0 1 0 1 1 1 0 1 0 
1 1 1 0 0 0 0 1 0 1 
1 0 1 1 0 0 1 0 1 0 
0 1 0 1 1 1 0 0 1 0 
1 1 0 0 1 0 0 1 0 1 
1 0 1 0 0 1 1 1 0 0 
1 0 1 1 0 1 1 0 0 0 
0 1 0 0 0 1 0 1 1 1 
Best sequence:
0 1 2 3 4 5 6 7 8 9 
0 1 0 0 1 1 1 0 1 0 
1 1 1 0 1 0 0 1 0 0 
0 1 0 0 1 0 1 0 1 1 
1 0 1 0 1 0 0 1 0 1 
0 1 1 0 0 0 1 1 0 1 
0 1 1 0 1 0 1 1 0 0 
1 0 1 0 1 0 0 1 1 0 
1 0 0 1 1 0 1 0 1 0 
0 0 1 1 0 1 0 0 1 1 
0 0 0 0 0 1 1 1 1 1 
1 0 0 1 1 0 0 1 1 0 
0 1 0 0 1 1 1 0 1 0 
0 0 1 0 1 1 1 0 1 0 
1 1 1 0 0 0 0 1 0 1 
1 0 1 1 0 0 1 0 1 0 
0 1 0 1 1 1 0 0 1 0 
1 1 0 0 1 0 0 1 0 1 
1 0 1 0 0 1 1 1 0 0 
1 0 1 1 0 1 1 0 0 0 
0 1 0 0 0 1 0 1 1 1 
OpenStacks: 20
Took 0.03 seconds

buffer: Warwick 976: balanced products, 5 products per order
numCustomers: 20
numProducts: 10
1 1 0 0 1 0 1 0 1 0 
0 1 0 0 0 0 1 1 1 1 
1 0 1 1 0 0 0 1 1 0 
1 1 1 0 0 1 0 0 1 0 
0 1 0 0 1 0 0 1 1 1 
1 1 1 0 1 1 0 0 0 0 
1 0 0 1 1 0 0 1 0 1 
0 1 0 0 1 0 1 0 1 1 
1 1 0 0 1 1 1 0 0 0 
0 1 0 0 0 1 0 1 1 1 
0 0 0 1 1 0 1 0 1 1 
0 1 0 1 1 1 0 0 0 1 
0 1 1 1 1 0 1 0 0 0 
0 1 1 1 0 0 0 0 1 1 
0 1 0 0 0 1 0 1 1 1 
1 1 0 1 0 0 0 1 1 0 
0 1 1 0 1 0 0 1 1 0 
0 1 1 0 1 0 1 0 1 0 
0 1 1 1 0 0 1 0 1 0 
1 0 0 1 0 0 1 1 1 0 
Best sequence:
0 1 2 3 4 5 6 7 8 9 
1 1 0 0 1 0 1 0 1 0 
0 1 0 0 0 0 1 1 1 1 
1 0 1 1 0 0 0 1 1 0 
1 1 1 0 0 1 0 0 1 0 
0 1 0 0 1 0 0 1 1 1 
1 1 1 0 1 1 0 0 0 0 
1 0 0 1 1 0 0 1 0 1 
0 1 0 0 1 0 1 0 1 1 
1 1 0 0 1 1 1 0 0 0 
0 1 0 0 0 1 0 1 1 1 
0 0 0 1 1 0 1 0 1 1 
0 1 0 1 1 1 0 0 0 1 
0 1 1 1 1 0 1 0 0 0 
0 1 1 1 0 0 0 0 1 1 
0 1 0 0 0 1 0 1 1 1 
1 1 0 1 0 0 0 1 1 0 
0 1 1 0 1 0 0 1 1 0 
0 1 1 0 1 0 1 0 1 0 
0 1 1 1 0 0 1 0 1 0 
1 0 0 1 0 0 1 1 1 0 
OpenStacks: 20
Took 0.03 seconds

buffer: Warwick 977: balanced products, 5 products per order
numCustomers: 20
numProducts: 10
1 0 0 1 1 0 1 0 0 1 
0 1 1 0 0 1 0 0 1 1 
0 1 0 1 0 1 1 0 0 1 
1 0 1 0 1 0 0 0 1 1 
0 1 0 0 1 0 1 1 1 0 
0 0 0 1 1 1 0 0 1 1 
0 1 1 0 1 0 0 1 0 1 
0 1 1 1 1 0 0 0 0 1 
0 1 0 0 0 1 1 1 0 1 
1 1 1 0 1 0 1 0 0 0 
0 1 0 1 0 1 0 1 1 0 
0 0 1 1 1 0 0 1 0 1 
1 1 0 0 0 1 0 1 0 1 
0 1 0 0 0 1 0 1 1 1 
1 1 0 0 0 1 1 0 1 0 
0 1 0 1 0 1 1 0 0 1 
1 0 0 1 1 0 1 1 0 0 
1 1 0 1 0 0 1 0 0 1 
0 0 0 0 1 0 1 1 1 1 
0 1 0 0 1 1 1 0 1 0 
Best sequence:
0 1 5 6 8 2 3 4 7 9 
1 0 0 1 0 0 1 1 0 1 
0 1 1 0 1 1 0 0 0 1 
0 1 1 1 0 0 1 0 0 1 
1 0 0 0 1 1 0 1 0 1 
0 1 0 1 1 0 0 1 1 0 
0 0 1 0 1 0 1 1 0 1 
0 1 0 0 0 1 0 1 1 1 
0 1 0 0 0 1 1 1 0 1 
0 1 1 1 0 0 0 0 1 1 
1 1 0 1 0 1 0 1 0 0 
0 1 1 0 1 0 1 0 1 0 
0 0 0 0 0 1 1 1 1 1 
1 1 1 0 0 0 0 0 1 1 
0 1 1 0 1 0 0 0 1 1 
1 1 1 1 1 0 0 0 0 0 
0 1 1 1 0 0 1 0 0 1 
1 0 0 1 0 0 1 1 1 0 
1 1 0 1 0 0 1 0 0 1 
0 0 0 1 1 0 0 1 1 1 
0 1 1 1 1 0 0 1 0 0 
OpenStacks: 19
Took 0.03 seconds

buffer: Warwick 978: balanced products, 5 products per order
numCustomers: 20
numProducts: 10
1 0 1 1 0 1 0 0 1 0 
1 0 1 0 0 0 0 1 1 1 
0 0 0 1 1 1 0 1 1 0 
1 0 1 1 0 0 1 0 1 0 
1 0 1 0 0 1 0 1 1 0 
0 1 1 1 0 0 0 1 0 1 
1 1 0 1 0 0 1 1 0 0 
0 0 1 0 1 0 0 1 1 1 
0 1 0 0 0 1 1 0 1 1 
0 1 1 0 0 1 1 0 1 0 
1 1 1 0 0 0 1 1 0 0 
0 0 0 1 1 0 1 1 1 0 
1 0 1 0 1 0 0 1 0 1 
1 1 0 0 1 0 0 0 1 1 
0 0 1 0 1 1 0 1 1 0 
0 0 1 1 1 0 0 1 1 0 
0 0 1 1 0 1 0 1 1 0 
1 1 0 0 1 0 0 0 1 1 
1 1 0 0 1 0 0 1 1 0 
0 0 1 0 0 1 1 0 1 1 
Best sequence:
0 1 2 3 4 5 6 7 8 9 
1 0 1 1 0 1 0 0 1 0 
1 0 1 0 0 0 0 1 1 1 
0 0 0 1 1 1 0 1 1 0 
1 0 1 1 0 0 1 0 1 0 
1 0 1 0 0 1 0 1 1 0 
0 1 1 1 0 0 0 1 0 1 
1 1 0 1 0 0 1 1 0 0 
0 0 1 0 1 0 0 1 1 1 
0 1 0 0 0 1 1 0 1 1 
0 1 1 0 0 1 1 0 1 0 
1 1 1 0 0 0 1 1 0 0 
0 0 0 1 1 0 1 1 1 0 
1 0 1 0 1 0 0 1 0 1 
1 1 0 0 1 0 0 0 1 1 
0 0 1 0 1 1 0 1 1 0 
0 0 1 1 1 0 0 1 1 0 
0 0 1 1 0 1 0 1 1 0 
1 1 0 0 1 0 0 0 1 1 
1 1 0 0 1 0 0 1 1 0 
0 0 1 0 0 1 1 0 1 1 
OpenStacks: 20
Took 0.04 seconds

buffer: Warwick 979: balanced products, 5 products per order
numCustomers: 20
numProducts: 10
0 0 0 1 1 0 1 1 1 0 
0 0 0 1 0 1 1 1 1 0 
1 1 1 0 1 1 0 0 0 0 
0 1 1 0 0 1 1 0 1 0 
1 1 0 0 0 1 1 0 0 1 
0 0 0 1 1 0 1 0 1 1 
1 0 1 0 0 1 1 1 0 0 
0 1 1 0 1 0 0 1 0 1 
1 0 0 1 1 0 0 1 1 0 
0 1 0 1 0 1 1 0 0 1 
0 1 1 0 1 0 1 1 0 0 
1 1 0 1 0 0 0 1 1 0 
1 0 0 1 1 1 0 0 1 0 
0 0 1 0 0 1 1 0 1 1 
1 0 0 1 0 1 1 0 0 1 
1 1 0 1 0 0 1 0 1 0 
1 1 0 1 0 0 1 1 0 0 
1 1 0 1 1 0 0 0 1 0 
1 0 1 0 0 0 1 1 0 1 
0 0 0 1 0 1 1 1 1 0 
Best sequence:
0 1 2 3 4 5 6 7 8 9 
0 0 0 1 1 0 1 1 1 0 
0 0 0 1 0 1 1 1 1 0 
1 1 1 0 1 1 0 0 0 0 
0 1 1 0 0 1 1 0 1 0 
1 1 0 0 0 1 1 0 0 1 
0 0 0 1 1 0 1 0 1 1 
1 0 1 0 0 1 1 1 0 0 
0 1 1 0 1 0 0 1 0 1 
1 0 0 1 1 0 0 1 1 0 
0 1 0 1 0 1 1 0 0 1 
0 1 1 0 1 0 1 1 0 0 
1 1 0 1 0 0 0 1 1 0 
1 0 0 1 1 1 0 0 1 0 
0 0 1 0 0 1 1 0 1 1 
1 0 0 1 0 1 1 0 0 1 
1 1 0 1 0 0 1 0 1 0 
1 1 0 1 0 0 1 1 0 0 
1 1 0 1 1 0 0 0 1 0 
1 0 1 0 0 0 1 1 0 1 
0 0 0 1 0 1 1 1 1 0 
OpenStacks: 20
Took 0.03 seconds

buffer: Warwick 980: balanced products, 5 products per order
numCustomers: 20
numProducts: 10
0 0 1 1 1 1 0 0 0 1 
1 0 0 1 1 1 1 0 0 0 
1 1 0 0 0 1 0 0 1 1 
1 1 1 0 0 1 0 0 1 0 
0 0 1 1 1 1 1 0 0 0 
0 0 1 1 0 0 1 1 1 0 
0 0 0 0 1 1 1 1 0 1 
0 0 1 0 1 0 0 1 1 1 
1 0 1 0 1 0 1 0 1 0 
0 0 1 1 0 1 0 1 0 1 
0 0 1 0 1 1 1 0 0 1 
0 0 1 1 1 1 0 0 1 0 
1 1 0 1 0 1 0 0 0 1 
1 1 1 1 0 0 0 0 1 0 
1 1 1 0 0 0 0 1 0 1 
0 1 0 1 0 1 0 1 0 1 
0 0 1 1 1 1 0 0 1 0 
1 1 0 0 0 1 1 0 1 0 
0 1 0 1 1 1 0 1 0 0 
1 0 0 1 0 0 1 1 0 1 
Best sequence:
0 1 2 3 8 4 5 6 7 9 
0 0 1 1 0 1 1 0 0 1 
1 0 0 1 0 1 1 1 0 0 
1 1 0 0 1 0 1 0 0 1 
1 1 1 0 1 0 1 0 0 0 
0 0 1 1 0 1 1 1 0 0 
0 0 1 1 1 0 0 1 1 0 
0 0 0 0 0 1 1 1 1 1 
0 0 1 0 1 1 0 0 1 1 
1 0 1 0 1 1 0 1 0 0 
0 0 1 1 0 0 1 0 1 1 
0 0 1 0 0 1 1 1 0 1 
0 0 1 1 1 1 1 0 0 0 
1 1 0 1 0 0 1 0 0 1 
1 1 1 1 1 0 0 0 0 0 
1 1 1 0 0 0 0 0 1 1 
0 1 0 1 0 0 1 0 1 1 
0 0 1 1 1 1 1 0 0 0 
1 1 0 0 1 0 1 1 0 0 
0 1 0 1 0 1 1 0 1 0 
1 0 0 1 0 0 0 1 1 1 
OpenStacks: 19
Took 0.03 seconds

Solved: 40 instances
totalTime: 2.01 seconds
minTime: 0.02 seconds
maxTime: 0.8 seconds
Average: 0.05025 seconds
