NWRS5  20 customers  30 products 
20 30
0  0  0  0  1  1  1  1  0  0  0  0  0  0  1  0  0  0  0  0  0  0  0  1  1  0  0  0  1  0
0  1  0  0  0  0  0  0  0  0  0  1  0  1  0  0  0  0  0  0  0  1  1  0  0  1  1  1  0  0
0  0  0  0  0  1  0  0  0  0  1  0  0  0  1  0  0  0  0  0  0  0  0  1  1  0  0  0  1  0
0  0  1  0  0  1  0  1  0  1  0  0  0  1  0  0  1  0  0  0  0  0  0  0  0  1  1  0  0  0
0  0  1  0  0  0  1  1  0  0  0  0  0  0  0  0  1  0  0  1  0  0  1  0  0  0  1  0  0  1
0  0  0  1  0  0  1  0  0  0  0  0  0  1  0  0  0  1  0  1  0  1  0  0  0  1  1  0  0  0
0  0  1  0  1  0  1  0  0  0  1  0  0  1  1  0  0  0  0  0  0  0  0  0  0  0  0  0  1  1
0  0  0  0  1  0  0  1  0  0  0  0  0  0  1  0  1  0  0  0  0  0  0  0  1  0  0  0  0  1
0  0  1  0  0  0  0  0  0  0  0  0  1  0  1  0  0  0  0  0  0  0  0  1  1  0  0  0  1  1
0  0  0  1  0  0  0  0  1  1  0  0  0  0  0  1  0  1  0  0  1  0  1  0  0  0  0  1  0  0
0  1  0  0  1  0  0  1  0  0  0  0  0  1  1  0  1  0  0  0  0  0  0  0  1  0  0  0  0  1
0  0  1  0  0  0  1  1  0  0  1  0  0  1  1  0  0  0  0  0  0  0  0  0  0  1  0  0  0  1
0  1  0  0  0  0  0  0  0  1  0  0  0  0  0  0  0  1  1  1  0  0  0  0  0  1  1  1  0  0
0  1  1  0  0  1  1  0  0  1  0  0  0  1  0  0  0  0  0  1  0  1  0  0  0  0  0  0  0  0
0  0  0  0  1  0  0  1  0  0  1  0  1  0  0  0  0  0  0  0  0  0  0  1  1  0  0  0  0  0
0  1  0  0  0  1  0  1  0  0  0  0  0  1  1  0  1  0  0  1  0  0  0  0  0  0  0  0  0  1
0  1  0  0  0  1  1  1  0  0  1  0  0  0  0  0  0  0  0  0  0  0  0  0  1  0  1  0  0  1
0  1  0  0  0  0  1  0  0  1  0  0  0  1  0  0  1  1  0  0  0  0  1  0  0  1  0  0  0  0
1  0  0  0  0  0  0  0  1  1  0  1  0  0  0  0  0  0  0  1  0  1  0  0  0  1  0  1  0  0
1  0  0  0  0  0  0  0  0  0  0  0  0  0  0  0  0  1  1  1  1  1  1  0  0  0  0  1  0  0

NWRS6  20 customers  30 products 
20 30
1  1  0  0  1  0  0  0  0  0  1  0  0  1  1  0  0  0  0  0  0  0  0  1  1  0  0  0  1  1
0  0  0  0  1  1  0  0  0  0  1  0  0  0  1  0  1  0  1  0  0  1  0  1  0  0  0  0  0  0
0  0  0  0  0  0  1  1  0  1  1  0  1  0  1  0  0  0  0  0  1  0  1  0  1  1  0  0  0  0
0  0  0  0  0  0  0  1  1  1  0  0  0  0  0  1  0  0  0  0  1  0  1  0  1  1  0  0  0  0
0  0  1  0  0  0  1  0  0  1  0  0  0  0  0  1  0  0  0  0  1  0  1  0  0  0  0  0  0  0
0  0  0  0  0  0  0  1  1  0  1  1  1  0  0  0  0  0  0  0  1  0  0  1  0  0  0  0  0  1
0  1  0  0  0  0  1  0  1  0  0  0  1  0  0  0  0  0  1  0  1  1  0  0  1  0  0  1  0  1
0  0  0  0  1  0  0  1  0  0  0  1  0  0  1  0  0  0  1  0  1  0  0  0  0  0  0  1  0  1
0  0  0  0  0  1  0  0  0  0  0  0  0  1  0  0  1  1  0  0  0  1  0  1  0  0  1  0  1  0
1  1  0  0  1  0  0  0  0  0  0  0  0  0  0  0  1  0  0  1  0  1  0  0  0  0  1  0  1  0
0  0  0  0  0  0  1  1  1  1  0  0  0  0  0  0  0  0  0  0  0  0  1  0  0  1  0  0  0  0
0  0  1  0  0  0  0  0  1  1  0  0  1  0  0  0  0  0  0  0  0  0  1  0  0  1  0  1  0  0
0  0  0  0  0  0  0  0  1  1  0  1  1  0  0  1  0  0  0  0  1  0  0  0  0  0  0  0  0  0
0  0  0  0  0  0  0  0  0  0  0  1  1  0  1  0  0  0  0  0  1  0  1  1  1  1  1  1  0  0
0  0  0  1  1  0  0  0  0  0  0  0  0  1  0  0  0  1  1  1  0  1  0  1  0  0  0  0  0  0
0  0  0  0  1  0  0  1  0  0  1  0  0  1  0  0  0  1  0  0  0  0  0  1  1  0  0  1  1  1
0  1  0  0  0  0  0  0  0  0  0  0  0  1  1  0  1  0  1  0  0  0  0  1  1  0  0  0  0  1
0  0  0  0  0  0  1  0  1  0  0  0  1  0  0  1  0  0  0  0  0  0  0  0  1  1  0  1  0  1
0  0  0  1  0  0  0  0  0  0  1  0  0  1  1  0  0  0  1  0  0  1  0  0  0  0  1  0  0  1
0  0  1  0  0  0  0  0  1  1  1  1  1  0  0  1  0  0  0  0  1  0  0  0  0  0  0  0  0  1

NWRS7 25 customers  60 products
25 60
0  0  0  1  0  0  0  0  0  0  0  0  0  0  0  1  0  0  1  0  1  0  0  0  0  0  0  0  0  0  0  0  0  0  0  0  0  0  0  0  0  0  0  0  0  1  0  0  0  0  1  0  1  0  0  1  0  0  0  0
0  0  0  0  0  0  0  0  0  0  1  0  0  0  0  0  0  0  0  1  1  0  0  0  0  1  0  1  0  0  0  0  0  0  0  0  0  0  0  0  0  0  0  0  0  1  0  0  1  0  0  0  0  0  0  0  0  0  1  0
0  0  0  1  0  0  0  1  0  0  0  0  0  0  0  0  0  0  1  0  1  0  0  0  1  0  0  0  0  0  0  0  0  0  0  0  0  0  0  0  0  0  0  0  0  1  0  0  0  0  0  0  1  0  0  1  0  0  0  0
0  0  0  1  0  0  0  1  0  0  0  0  0  0  0  0  0  0  0  0  1  0  1  0  1  0  0  0  1  0  0  0  0  0  0  0  0  0  0  0  0  0  0  0  0  0  0  0  0  0  0  0  1  0  0  1  0  0  0  0
0  0  0  1  0  0  0  0  0  0  0  0  0  0  0  0  0  0  0  0  1  0  0  1  1  0  1  0  0  0  0  0  0  0  1  0  0  0  0  0  0  0  1  0  0  1  0  0  0  0  0  0  0  0  0  0  0  0  0  0
0  0  0  0  1  0  0  0  0  0  0  0  0  0  1  0  1  1  0  0  0  0  0  0  0  0  0  0  0  1  0  0  0  0  0  0  0  0  1  0  0  1  0  0  0  0  0  0  0  0  0  0  0  0  0  0  0  0  0  0
1  1  0  0  0  1  1  0  0  0  0  0  0  0  0  0  1  0  0  0  0  0  0  0  0  0  0  0  0  0  0  0  0  0  0  0  0  0  0  1  1  0  0  0  0  0  1  1  0  0  0  0  0  1  0  0  0  0  0  0
0  0  0  0  0  0  0  0  0  0  0  0  0  0  0  1  0  0  1  0  0  0  0  0  1  1  1  1  0  0  0  0  0  0  0  0  0  0  0  0  0  0  0  0  0  0  0  0  1  0  0  0  1  0  0  0  0  0  0  0
0  0  1  0  0  1  0  0  0  0  0  0  0  1  0  0  0  1  0  0  0  0  0  0  0  0  0  0  0  0  0  0  0  0  0  1  1  0  0  0  0  1  0  0  0  0  1  0  0  1  0  0  0  1  0  0  1  0  0  0
0  0  0  0  0  0  0  0  1  0  0  1  0  0  0  0  0  0  0  0  1  0  0  1  1  0  0  0  1  0  0  0  1  0  1  0  0  0  0  0  0  0  0  0  0  0  0  0  0  0  0  0  1  0  0  1  0  0  0  0
0  0  0  0  1  0  0  0  0  0  1  0  0  0  0  0  0  1  0  0  0  0  0  0  0  0  0  0  0  1  0  0  0  0  0  0  0  0  0  0  0  1  0  0  1  0  0  0  0  0  0  0  0  0  0  0  0  1  1  0
0  0  0  0  0  0  0  1  1  0  0  0  0  0  0  0  0  0  0  0  0  0  0  1  0  0  1  0  0  0  0  0  0  1  0  0  0  0  0  0  0  0  0  0  0  0  0  0  0  0  0  0  0  0  0  1  0  0  0  0
0  0  1  0  0  1  0  0  0  0  1  0  1  1  0  0  0  1  0  0  0  1  0  0  0  0  0  0  0  1  0  0  0  0  0  0  0  0  1  0  1  0  0  0  1  0  1  0  0  1  0  1  0  1  0  0  0  1  0  0
0  1  0  0  0  1  1  0  0  0  0  0  1  1  0  0  0  0  0  0  0  1  0  0  0  0  0  0  0  0  0  0  0  0  0  0  0  0  0  0  1  0  0  1  0  0  0  0  0  0  0  0  0  0  0  0  1  0  0  1
0  0  0  1  0  0  0  0  1  0  0  0  0  0  0  0  0  0  0  0  1  0  1  1  0  0  1  0  0  0  0  0  1  0  0  0  0  1  0  0  0  0  0  0  0  0  0  0  0  0  0  0  1  0  0  0  0  0  0  0
0  0  0  0  0  0  0  0  0  0  0  0  0  0  0  1  0  0  0  0  0  0  0  0  1  0  0  0  0  0  1  0  0  0  1  0  0  0  0  0  0  0  0  0  0  1  0  0  1  0  1  0  0  0  0  0  0  0  1  0
0  0  0  1  0  0  0  1  0  0  0  1  0  0  0  0  0  0  0  0  0  0  1  1  0  0  0  0  1  0  0  0  1  0  0  0  0  0  0  0  0  0  1  0  0  0  0  0  0  0  0  0  0  0  0  0  0  0  0  0
0  0  0  0  0  0  0  0  0  0  1  0  0  0  0  1  0  0  1  0  0  0  0  0  0  1  0  0  0  0  1  0  0  0  0  0  0  0  0  0  0  0  0  0  1  1  0  0  0  0  0  0  0  0  0  0  0  0  1  0
1  1  1  0  1  0  0  0  0  0  0  0  0  1  0  0  1  0  0  0  0  0  0  0  0  0  0  0  0  0  0  1  0  0  0  1  1  0  0  1  1  0  0  0  0  0  0  0  0  0  0  0  0  0  0  0  0  0  0  0
1  1  0  0  0  1  0  0  0  0  0  0  0  0  0  0  0  0  0  0  0  1  0  0  0  0  0  0  0  0  0  1  0  0  0  1  1  0  0  0  0  0  0  0  0  0  1  0  0  0  0  1  0  0  0  0  1  0  0  0
0  0  0  0  0  0  0  0  0  0  0  0  0  0  1  0  0  0  0  0  0  0  0  0  0  1  0  0  0  1  1  0  0  0  0  0  0  0  0  0  0  1  0  0  1  0  0  0  1  0  0  0  0  0  0  0  0  1  0  0
0  0  0  1  0  0  0  1  1  0  0  1  0  0  0  0  0  0  0  0  0  0  1  1  0  0  0  0  0  0  0  0  1  0  0  0  0  1  0  0  0  0  0  0  0  0  0  0  0  0  0  0  0  0  0  0  0  0  0  0
0  0  0  1  0  0  0  0  0  0  0  0  0  0  0  0  0  0  0  0  1  0  0  1  1  0  1  0  1  0  0  0  0  0  1  0  0  0  0  0  0  0  1  0  0  1  0  0  0  0  0  0  0  0  1  0  0  0  0  0
0  0  0  0  0  0  0  0  0  0  1  0  0  0  1  0  0  0  0  0  0  0  0  0  0  1  0  1  0  1  1  1  0  0  0  0  0  0  0  0  0  0  0  0  1  0  0  0  1  0  0  0  0  0  0  0  0  0  0  0
0  0  0  0  0  0  0  0  1  0  0  0  0  0  0  0  0  0  1  0  1  0  0  0  0  0  1  1  0  0  0  0  0  0  1  0  0  0  0  0  0  0  0  0  0  1  0  0  0  0  0  0  0  0  0  1  0  0  0  0

NWRS8 randomised 25 customers  60 products 
25 60
0  1  1  0  0  0  0  1  1  0  0  0  0  1  0  0  0  0  0  0  0  1  0  0  0  0  0  1  0  0  0  0  0  0  0  0  0  1  0  0  0  0  1  0  0  0  0  0  1  0  0  0  0  0  0  0  0  0  0  1
0  0  0  0  0  0  0  0  0  0  0  1  0  0  0  0  0  0  0  1  0  0  1  0  1  1  1  0  0  1  0  0  0  0  0  0  0  0  0  1  0  1  0  0  0  0  0  0  0  0  1  0  0  0  1  0  0  0  0  1
0  1  0  0  1  1  0  0  1  0  1  0  0  0  0  0  0  0  0  0  0  0  0  0  1  1  0  0  0  1  1  0  1  0  1  0  0  0  0  0  0  0  0  0  0  0  0  1  1  0  0  0  0  0  0  0  0  0  0  0
1  0  0  0  1  0  0  0  0  0  1  0  0  0  0  0  0  1  0  0  0  0  0  0  0  0  0  0  0  0  0  1  1  0  0  0  0  0  0  0  0  0  0  0  0  1  0  0  0  0  1  0  0  0  0  0  0  0  0  0
1  1  1  0  1  0  0  0  0  1  1  0  0  0  0  1  0  1  0  0  0  0  0  0  0  0  0  0  0  0  0  1  1  0  0  1  0  0  0  0  0  0  0  0  0  1  0  0  0  0  1  0  0  0  0  0  0  0  0  0
0  0  1  0  0  0  1  0  1  1  0  0  0  0  1  0  0  0  0  0  0  0  0  0  0  0  0  0  0  0  1  0  0  0  0  0  0  1  0  0  0  0  1  0  0  0  0  1  0  0  0  0  0  0  0  0  0  0  0  1
1  0  0  0  1  0  1  0  0  0  0  0  1  0  0  0  1  0  0  0  0  1  1  0  1  0  0  0  1  1  0  0  0  0  0  0  0  0  0  0  0  0  0  0  0  0  0  0  0  0  0  0  0  0  1  0  0  0  0  0
0  0  0  1  0  0  0  0  0  0  0  0  0  1  0  0  0  0  0  0  0  0  0  0  1  0  0  1  0  0  0  0  0  0  0  0  0  0  1  1  0  0  0  0  0  0  0  0  0  0  0  0  0  0  1  1  0  0  0  0
0  0  0  1  0  0  0  0  0  0  0  0  0  1  0  0  0  0  0  1  0  0  0  0  0  0  0  0  0  0  0  0  0  0  0  0  1  0  1  1  0  0  0  0  1  0  0  0  0  0  1  0  1  0  0  0  0  0  1  0
1  0  0  0  0  0  0  0  0  0  1  0  0  0  0  0  0  0  1  0  0  0  0  0  0  0  0  0  0  0  0  0  0  0  0  1  1  0  0  0  0  1  0  0  0  0  0  0  0  0  1  0  0  0  0  0  0  0  1  0
0  1  0  0  0  0  0  0  0  1  0  0  0  0  1  0  0  0  0  0  0  0  0  0  0  0  0  0  0  0  0  0  0  1  0  0  0  1  1  0  0  0  1  1  0  0  0  1  1  0  0  0  0  0  0  0  0  1  0  0
0  0  0  0  0  0  0  0  0  0  0  0  0  0  0  0  1  0  1  0  0  0  0  0  0  0  1  0  0  0  0  0  0  0  0  0  0  0  0  0  0  1  0  1  0  1  1  0  0  1  1  0  0  1  0  0  1  0  0  0
1  0  0  0  0  0  0  0  0  0  1  0  0  0  0  0  0  0  0  0  1  0  0  1  0  0  1  0  0  0  0  0  1  0  0  1  1  0  0  0  0  0  0  0  0  1  1  0  0  1  0  0  0  0  0  0  0  0  1  1
0  0  0  0  0  1  0  0  0  0  1  1  1  0  0  0  0  1  0  0  0  0  0  0  0  0  0  0  1  1  0  0  0  0  0  0  0  0  0  0  0  0  0  0  0  0  0  0  0  0  0  0  0  0  0  0  0  0  1  0
0  0  0  1  0  0  0  0  0  0  0  0  0  0  0  0  0  0  0  1  0  0  0  0  0  0  0  1  1  1  0  0  0  0  1  0  0  0  0  1  0  0  1  0  0  0  0  0  1  0  0  0  0  0  0  1  0  1  0  0
1  0  0  0  1  0  0  0  0  0  1  1  0  0  0  0  0  0  0  0  0  0  0  0  0  0  0  0  0  0  0  0  0  0  0  0  1  0  0  0  0  1  0  0  0  0  0  0  0  0  1  0  0  0  0  0  0  0  1  0
1  0  0  0  1  1  0  0  0  0  0  1  0  0  0  0  0  0  0  0  0  0  0  0  0  1  0  0  0  0  0  0  0  0  0  0  1  0  0  0  0  0  0  0  0  0  0  0  0  0  1  0  0  0  0  0  0  0  1  0
0  0  0  0  1  1  0  0  0  0  0  1  0  0  0  0  0  0  0  0  0  0  0  0  1  0  0  0  1  0  0  0  0  0  1  0  0  0  0  1  0  0  0  0  0  0  0  0  0  0  0  0  0  0  1  0  0  0  0  0
0  0  0  0  0  0  0  0  0  0  0  0  0  0  0  0  0  1  0  0  0  0  0  0  0  0  1  0  0  0  0  0  0  0  0  0  1  0  0  0  1  1  0  0  0  1  0  0  0  0  0  0  0  0  0  0  0  0  0  0
1  0  0  0  0  0  1  0  0  0  0  0  0  1  0  0  0  1  1  0  0  0  0  0  0  0  1  0  0  0  0  0  0  0  0  0  0  0  1  0  0  0  0  1  0  1  1  0  0  0  1  0  0  1  0  0  1  0  1  0
1  0  0  0  1  0  0  0  0  0  0  1  1  0  0  0  0  1  0  0  0  0  0  0  0  0  1  0  0  0  0  0  1  0  0  0  1  0  0  0  0  0  0  0  0  0  0  0  0  0  0  0  0  0  0  0  0  0  0  0
0  1  1  1  0  0  1  1  1  0  0  0  0  1  0  0  0  0  0  0  0  1  0  0  0  0  0  0  0  0  1  0  0  0  0  0  0  0  0  1  0  0  0  0  1  0  0  0  1  0  0  0  0  0  1  1  1  1  0  0
0  0  1  0  0  0  0  1  1  1  0  0  0  0  0  0  1  0  0  0  1  0  0  0  0  0  0  0  0  0  0  0  0  1  0  0  0  0  0  0  0  0  0  1  0  0  0  1  0  0  0  0  0  0  0  0  0  1  0  0
0  0  0  0  0  0  0  0  0  0  0  0  0  0  0  0  0  0  1  0  0  0  0  0  0  0  0  0  0  0  0  1  0  0  0  1  0  0  0  1  0  1  0  0  0  1  1  0  0  1  1  0  0  0  1  1  0  0  0  0
0  1  0  0  0  0  0  0  1  1  0  0  0  0  0  0  1  0  0  0  1  1  0  1  0  0  0  0  0  0  1  0  0  1  0  0  1  0  0  0  0  0  1  0  0  0  0  0  0  0  1  0  0  0  0  0  0  0  1  0
