
NWRS1 10 customers  20 products 
10 20
0  0  1  0  1  0  0  0  0  1  1  0  0  0  0  0  1  0  0  0
0  0  0  1  0  1  1  0  0  0  0  0  0  0  0  0  0  0  1  1
0  0  0  0  1  0  0  0  0  0  1  0  0  0  0  0  1  1  1  0
0  1  1  0  0  0  0  0  0  1  1  0  1  0  0  0  0  0  0  0
1  0  0  0  0  0  0  1  0  0  0  0  0  0  1  1  0  0  0  0
1  0  0  0  0  0  0  0  1  0  0  1  0  0  0  0  0  0  0  0
0  0  0  1  0  0  1  0  0  0  0  0  0  0  0  0  1  1  1  0
1  0  0  0  0  0  0  0  1  0  0  0  0  0  1  0  0  0  0  0
0  0  0  0  0  1  1  1  0  0  0  0  0  1  0  0  0  0  0  1
0  0  0  0  0  0  0  1  0  0  0  0  0  1  1  1  0  0  0  1

NWRS2 10 customers  20 products 
10 20
0  1  0  0  0  0  0  1  0  0  0  0  0  0  0  0  1  0  0  0
1  0  0  0  1  1  1  0  0  0  0  0  1  0  0  0  0  0  0  0
0  1  0  0  0  0  0  1  0  0  1  0  0  0  0  0  0  0  1  1
0  0  1  1  0  0  0  0  0  0  1  1  0  1  0  1  1  1  0  1
0  1  0  0  0  0  0  0  0  0  0  0  0  0  0  0  1  0  0  1
0  0  0  1  0  0  0  0  1  1  0  1  0  0  0  0  0  1  0  0
0  0  0  0  0  0  0  0  1  1  0  1  0  1  1  1  0  0  0  0
1  0  1  0  0  1  0  0  0  0  0  0  1  1  0  0  0  0  0  0
0  0  1  0  1  0  1  0  0  1  0  0  1  1  1  0  0  0  0  0
0  0  0  1  0  0  0  1  0  0  1  0  0  0  0  1  0  0  1  0

NWRS3 15 customers  25 products 
15 25
0  1  0  0  0  0  0  0  1  1  0  1  0  0  0  0  0  0  0  0  0  0  1  1  0
0  0  1  0  0  0  0  1  0  0  0  0  0  1  0  0  1  1  0  0  0  0  0  0  1
0  0  0  0  1  0  1  0  0  0  0  0  1  0  0  1  0  0  0  0  1  1  0  0  0
0  1  0  1  0  0  0  0  0  0  0  1  0  0  0  0  1  0  1  0  0  0  0  0  1
1  0  0  0  0  0  0  0  1  1  0  1  0  0  0  0  0  0  1  0  0  0  1  0  0
0  0  0  0  0  1  1  0  0  0  0  0  1  0  1  1  0  0  0  0  1  0  0  0  0
1  0  0  0  0  0  0  0  0  1  0  0  0  0  1  1  0  0  0  0  0  1  1  0  0
0  0  0  0  0  1  1  0  0  0  0  0  1  0  1  1  0  0  0  0  1  0  0  0  0
0  0  0  0  1  1  1  0  0  0  1  0  1  0  1  0  0  0  0  0  0  0  0  0  0
0  0  0  0  1  0  0  0  1  0  0  0  0  0  1  1  0  0  0  0  0  1  1  0  0
0  0  0  1  0  0  0  1  0  0  0  0  0  1  0  0  1  0  0  1  0  0  0  0  1
1  0  0  0  1  0  1  0  0  0  0  0  0  0  1  0  0  0  0  0  1  1  0  0  0
1  0  0  0  0  0  0  0  1  1  0  0  0  0  0  1  0  0  0  0  0  1  0  1  0
0  0  0  1  0  0  0  1  0  1  0  1  0  0  0  0  0  0  1  0  0  0  0  1  0
0  1  0  1  0  0  0  1  0  0  0  1  0  0  0  0  1  1  0  0  0  0  0  0  0

NWRS4 15 customers  25 products
15 25
1  0  0  0  1  0  1  0  0  0  1  1  1  0  0  0  0  0  0  0  0  0  0  1  1
0  1  1  0  1  1  0  1  0  0  0  0  0  0  0  0  0  0  0  0  0  0  1  0  0
1  1  0  0  0  1  0  1  0  1  0  0  0  0  0  0  0  0  0  0  0  0  1  0  0
0  0  0  0  0  0  0  0  1  0  1  0  0  1  0  0  1  1  0  0  1  0  0  0  0
0  0  0  0  0  0  1  0  1  0  0  0  0  0  1  0  1  1  0  0  1  0  0  0  1
0  0  0  1  0  0  0  0  0  0  0  0  0  0  0  1  1  1  1  0  1  0  0  0  0
0  1  1  0  0  1  0  0  0  0  0  0  1  0  0  0  0  0  0  0  0  1  0  1  0
0  1  1  0  0  0  0  0  0  1  0  0  0  0  0  0  0  0  0  0  0  1  1  1  0
0  0  1  0  0  0  0  1  0  1  0  1  1  0  0  0  0  0  0  1  0  0  1  1  0
0  0  0  1  0  0  0  0  0  0  0  0  0  1  1  0  1  0  1  0  1  0  0  0  0
0  1  0  0  0  0  1  0  1  0  1  1  0  0  1  0  1  0  0  0  0  0  1  0  0
0  0  1  1  0  0  0  0  1  0  0  0  0  1  1  1  0  1  0  0  1  1  0  0  0
0  0  0  1  0  0  0  0  0  0  0  0  0  1  1  0  1  0  1  0  1  0  0  0  0
0  0  0  0  0  0  0  0  1  0  1  1  0  0  1  0  0  0  0  1  0  0  0  0  1
0  0  0  0  0  0  1  0  0  0  0  1  0  0  0  0  0  0  0  1  0  1  0  1  1
